0,1,2,3,4,5,6,7,8,9,10,11,12,13,14,15,16,17,18,19,20,21,22,23,24,25,26,27,28,29,30,31,32,33,34,35,36,37,38,39,40,41,42,43,44,45,46,47,48,49,50,51,52,53,54,55,56,57,58,59,60,61,62,63,64,65,66,67,68,69,70,71,72,73,74,75,76,77,78,79,80,81,82,83,84,85,86,87,88,89,90,91,92,93,94,95,96,97,98,99,100,101,102,103,104,105,106,107,108,109,110,111,112,113,114,115,116,117,118,119,120,121,122,123,124,125,126,127,128,129,130,131,132,133,134,135,136,137,138,139,140,141,142,143,144,145,146,147,148,149,150,151,152,153,154,155,156,157,158,159,160,161,162,163
0.0,0.6514638496193631,0.5635588041558988,0.5627599630575386,0.5265284660116595,0.6342087538034256,0.5767423522921047,0.6059883251138484,0.6778604544332418,0.560889634657718,0.6131244500598592,0.5458899908675746,0.679805604307587,0.6673596217319306,0.6056097718503345,0.6306603810389199,0.6417177845510013,0.7002516438039147,0.613136424796851,0.7960274110418939,0.6464885207179524,0.637743459289258,0.532621070673408,0.6320404607701278,0.6725003936808968,0.5845714465490137,0.49960653613962347,0.6417004951163844,0.5370746088245696,0.56334584062679,0.6719496277580861,0.6567019040345607,0.5739597962794447,0.6038343313923473,0.7298177923526562,0.5548249045135393,0.7006559100642936,0.6488969368477389,0.5557030959182447,0.5845979111021232,0.560441745353014,0.614106451209198,0.6477496607889713,0.687749470896483,0.6557208432601169,0.6193311325805216,0.5806977361261969,0.6121495700160893,0.6527122565755276,0.6070112216523887,0.6443086963720729,0.6866436691112496,0.5619498995584677,0.6271157570699933,0.5875658691617955,0.6647944245730424,0.7105339040288832,0.5557147292629082,0.6468224912630346,0.5949842360775,0.6492573366257988,0.5623356862795875,0.662785432141059,0.5610033939616723,0.6549411266986135,0.6946716478680065,0.6276468342004919,0.750308557477137,0.6123808067672744,0.6734692744757319,0.7796145488484835,0.689219676373031,0.6420918959762127,0.6459418914204248,0.6445262190347614,0.7057791394866321,0.5790277848392652,0.5596181750476393,0.6388566843051443,0.6159365016516455,0.6448190271269093,0.6507824457013037,0.6833638069866035,0.6586108537694988,0.6152630219396245,0.6751518719007762,0.6301089753379495,0.6140261389231685,0.6332582423368416,0.6248588996153099,0.5813375315533736,0.5969383909127363,0.5881508265602252,0.7414098661575993,0.652690218493194,0.6307265117168392,0.6358414810666498,0.6138284361121829,0.5718042370059874,0.6437178731141397,0.6846359326539204,0.5714457323204849,0.5455974744786102,0.5485257749235857,0.6530441478724593,0.629262414903122,0.5790356198262074,0.6193192081842757,0.5817534678542465,0.6326368006235163,0.6189951715528996,0.5727811530455298,0.6645761314133442,0.551237950527657,0.6584727520025107,0.6376425654970934,0.6684612469614117,0.5805655907856778,0.5969766381868995,0.5884259362248623,0.6178655796299864,0.5457825891438172,0.6682878789602774,0.7205885326934387,0.6759482633331044,0.6069285500756347,0.545512111669879,0.5731693768057425,0.5952899308335148,0.63084756829948,0.6182607640289977,0.6182182753730918,0.6381225486063211,0.6287094629752424,0.6392545838041765,0.6679919404419209,0.7150616879240228,0.6033391296552898,0.5678517988684623,0.5787661293263524,0.6360483356699353,0.6402593842353499,0.6340856388701422,0.5529596761667628,0.6432969239799222,0.5941263227283461,0.6201301962063641,0.5655103594210735,0.6256648141438744,0.5036742587313744,0.7229667222470936,0.6224543800332467,0.5818502020302578,0.5156657981865957,0.6027639961855563,0.7354368706308367,0.5979329933580448,0.6308040940446048,0.621892385451754,0.6488632552993973,0.5854022965826681,0.7562681363523654,0.5465433037053327,0.6767408009884434
0.6514638496193631,0.0,0.701498254929589,0.6279195473676504,0.5496826359045938,0.6385662389293665,0.6187866661847014,0.6810809390678092,0.6182710797069895,0.7170673299906396,0.6615102160427455,0.6278092756927354,0.6767439219740485,0.6880663627180568,0.6503394051856223,0.7015292674434433,0.7041639497922421,0.6699724110602695,0.6418855715508803,0.6831804718163892,0.6885967319301217,0.7608622127094669,0.5825152835389968,0.6909785069737168,0.7197095298982236,0.5934065936048698,0.5684691458108081,0.6795690782503642,0.7041941636272849,0.5782151096228995,0.6724505002227854,0.6529405041765349,0.6699006075032611,0.6157884302681776,0.6619916338408076,0.6211697558404374,0.6506302722290926,0.6848558218666688,0.6159041516308967,0.6520439195024985,0.6515003686204315,0.6127810790834439,0.6234317470791465,0.6673152255053864,0.7306787158956858,0.6274912576489842,0.5849441994221872,0.6010325947487845,0.6754002894774394,0.6054521635824367,0.6374748456098719,0.6553492291349782,0.5577464430730565,0.7554977480989372,0.6811553109473514,0.6393808617064409,0.6562597684724746,0.6068828029415979,0.6663973652555847,0.6319571742099561,0.673556629110441,0.5483824374630448,0.6177272986523263,0.5976347360883214,0.5763464208662809,0.6010198090306473,0.6188566029646722,0.6546330141832991,0.6522353948365981,0.6913759752237987,0.6543457280968877,0.6623396846592154,0.5732904385563228,0.6878703806905375,0.6952811311460211,0.5967888293548212,0.6044783066820645,0.6315608088867651,0.6360168445199371,0.5508197731016933,0.6231377825846701,0.6087577008203876,0.7497723372649885,0.6795386104908103,0.5911068052715525,0.7376192488924548,0.5736910559849868,0.5808428863967383,0.6378666255003479,0.6336682981593117,0.5874623746007219,0.6023346760938283,0.6483786456973938,0.61609154630744,0.6373015779989593,0.7292723288048762,0.618336808441906,0.6457227443218857,0.5485214203708115,0.6538381866256878,0.6831940808243125,0.5911069858621865,0.5412513523201482,0.6511513594422915,0.6174657542373394,0.6480018588807371,0.6136701747966983,0.700056361821315,0.6396689606160468,0.648645161081893,0.6312764475644718,0.5628563929816243,0.5845065450138284,0.5856462988276412,0.6360325184893255,0.6763513924212332,0.6312274891824099,0.6257786666218438,0.649875057477703,0.6001269601108492,0.6078394926020264,0.5658162936783118,0.5826735513693726,0.7221383543063747,0.567436274253223,0.7824932188070494,0.5438233936159207,0.6496235233918064,0.7457118299888914,0.6677228123563475,0.6549923752988581,0.629416820165246,0.5892551991782687,0.5978285925578763,0.6460058462310353,0.5865444098459885,0.690857267263312,0.6393458860025978,0.6805175361982022,0.6094456570804085,0.6702358073015976,0.657179414490294,0.6466589215024565,0.5832051528671345,0.6717937204682075,0.5628841791843505,0.6415063252367047,0.6391083250363084,0.7411185648773775,0.5587726342804517,0.6218625395715175,0.6524384385429369,0.6356158577856792,0.6071559288960969,0.6853601527287566,0.6817062452085623,0.5829003508059926,0.6943481212399751,0.6274658051074707,0.5989119383291038,0.6303499559455611,0.6322088223590046,0.5657074165993867,0.6191231690308285
0.5635588041558988,0.701498254929589,0.0,0.5970618715556196,0.5511417600519005,0.6166056218540551,0.5828551469160033,0.6697866745739356,0.552807153900544,0.7452111466624494,0.6234058451215113,0.6223962199826909,0.62944435634256,0.6091094957701995,0.5778692292485237,0.7259834170358633,0.6890936672444622,0.5930432893737295,0.5883639221097876,0.5854157512800922,0.6840575727295264,0.7067773221196187,0.5561677128413525,0.6064772003713395,0.6576176175858284,0.5939281383805128,0.5511345991100469,0.6068046292946928,0.6657272947763379,0.5608827880553038,0.5894048102797417,0.6426187863225001,0.6061241397976127,0.5820753654154679,0.5611773024913178,0.6170431974899264,0.5977429384429457,0.6293592684059286,0.5850062830511531,0.6045155125520177,0.6050994629370642,0.6021668527462989,0.6078409366184229,0.6029120300332568,0.6759583710262802,0.5886297143202126,0.5844797427246722,0.5732833668679282,0.6110399207780969,0.5816792857478851,0.6144819842208205,0.615015395895602,0.5131525273202205,0.7082195839854896,0.6633799583751725,0.5936724856938644,0.590411971418154,0.6280860928053316,0.6188874109126066,0.5901909225034748,0.6283114151989361,0.5461621711927411,0.5977212186290911,0.5829684843103432,0.5277938394751557,0.5587277517701108,0.5788369539184067,0.6228167869074931,0.6614424646832447,0.6478012667322712,0.6015266745949996,0.5752219812101077,0.548000346433315,0.6806826501358385,0.6560819948060076,0.5225156260097561,0.6232869406766998,0.6411388867738195,0.5841700679922509,0.5111542573484719,0.5895905099579023,0.5671087549116269,0.6656010528303771,0.6162005479523578,0.570219904203078,0.6467449623899887,0.5498207816746326,0.5559219881607463,0.587563594431289,0.5736217036095879,0.5799571957434231,0.565151252599276,0.615306957349156,0.5359939386124545,0.593103296466338,0.6638086395906698,0.5829671619629063,0.619991942324273,0.5194353153911453,0.6074737122028925,0.5781230594663922,0.6244618590370129,0.5365691951222692,0.6338315450161319,0.5770458683590041,0.6439471928162043,0.6325432542414291,0.6601362480399042,0.6068718665565822,0.6019557323366673,0.6058251346581286,0.5451692845763825,0.5515519827338392,0.5754048601315358,0.5693272466849693,0.6154534662531902,0.5645578912412879,0.6086922939453344,0.6714131442354414,0.5692650808308879,0.5639338812593044,0.5646552808581552,0.5339349204092775,0.6367228490913487,0.4989926279486157,0.7062519611130641,0.5511157027419142,0.6576876273590926,0.744166168837105,0.607670367924855,0.6168970240840591,0.6527471432015287,0.5312949996753428,0.537612455191105,0.5883295442462141,0.5195603929019538,0.5880163644004978,0.5692847333554816,0.6348279952053372,0.576699001059901,0.5752396600053148,0.6418283138868017,0.5975995738827677,0.5851512025018533,0.6284518048906607,0.5527794971527583,0.6050610852701437,0.6214776422472605,0.7106654092209286,0.5698418806081501,0.5484013928088894,0.5742546901741343,0.6029097169525631,0.6494682725387241,0.6660399156648349,0.6045633933372282,0.5190514802677596,0.676888843608023,0.5302117725958405,0.5693045724540334,0.5959425757411763,0.5437019220701982,0.5536785552507559,0.5529801513297925
0.5627599630575386,0.6279195473676504,0.5970618715556196,0.0,0.5773532428047501,0.5385206922508818,0.6977628245747654,0.6494086183946698,0.5738697964816772,0.5935567373919629,0.6140617024072564,0.6161049974021701,0.5783316241005516,0.6383702838122792,0.604479064284127,0.6221347677657654,0.6542268554940466,0.6057156990555453,0.5825263534026035,0.5502375937795346,0.6493758734750308,0.622894568184995,0.6796853843664419,0.6160706560751474,0.6180658509988388,0.6843903513256951,0.6695928166623906,0.6546202372164818,0.5660247838775033,0.5638992595016548,0.5960239086368461,0.5726991299531644,0.7009235609049286,0.6592152237647485,0.5918624056208718,0.643180621514066,0.5844849069203987,0.6442249135968444,0.5919070541517799,0.6910748007069972,0.6454862919750384,0.6023613653086332,0.5763680362977306,0.6058580181354628,0.6848981998929381,0.5904041797827739,0.5397434282133694,0.5208165919587655,0.6657623240418237,0.5780897610374457,0.6515895559280054,0.627397418598829,0.5023920404975166,0.7058620593881009,0.652927733027516,0.5787834261826307,0.6022385317980335,0.6353102271908263,0.6140864534223082,0.6225027687776208,0.5806096638873928,0.5385289134416296,0.5642556307065164,0.5838875604574727,0.5214109846442976,0.5319183134092696,0.6276955521310155,0.570967127681245,0.6204837511149608,0.651802693340309,0.5884705720477811,0.6026587366914532,0.5763846681884816,0.695787492510395,0.5983036962416626,0.5088442708077554,0.6558333992559485,0.683934807420064,0.6048241813196313,0.4949579903609123,0.5236668674829836,0.6216686258458177,0.6157610352622213,0.5728957393993392,0.620152428824861,0.6526025254330706,0.5444924673452763,0.5850659912506536,0.5906402780794845,0.6070334764356251,0.6684683670782825,0.6282230350625502,0.6071059124400885,0.5302930570030125,0.6662375902858877,0.6123111231539075,0.5364358210028367,0.6343875050072659,0.5633551058234222,0.6645305718563299,0.5985332723628225,0.5995611618024236,0.6314391559318256,0.6098062777502172,0.5981488648412726,0.6183161720477871,0.5911448258222161,0.65079170762249,0.6122041486391189,0.54394910571619,0.6523100469244348,0.6142890889877729,0.5458328673106496,0.6273820707214268,0.5928791768593111,0.674383352139434,0.5486670974894574,0.5510526993034025,0.6149223697501617,0.6651335646307418,0.5962406232171069,0.6482275324628323,0.5288983926264498,0.6468464639909823,0.505491314088336,0.6162712979605722,0.5856304399848085,0.654761461783136,0.6517069320951798,0.6036929946330652,0.5832022534884121,0.5771881562415584,0.5574099294618041,0.6027353907490703,0.5449462671586414,0.4828108309922472,0.5283468920304758,0.6422032486048623,0.6589379052937088,0.6015301053614733,0.5755528827501065,0.587925674405424,0.6704657338776182,0.6053584788875135,0.6218780815816608,0.6065625145954829,0.6010850578694645,0.5695260496718664,0.5833100683154124,0.5406539672183799,0.5995279715410622,0.5565050909644798,0.6383096882079717,0.603700506507581,0.6830851188292183,0.599075570670347,0.5171453230250906,0.6676483938216049,0.6176546589734654,0.6213482930453278,0.5474390455007904,0.5583183168781222,0.5898793396987365,0.607624592900831
0.5265284660116595,0.5496826359045938,0.5511417600519005,0.5773532428047501,0.0,0.4770910881208428,0.6575744083877628,0.5449538090353713,0.5774353692683889,0.514099187203386,0.553583296934206,0.6198563858169438,0.4883764067315841,0.5451439966990327,0.6085998276539377,0.5730145963753102,0.574077078923351,0.5552885023640899,0.5602142043967621,0.5264133177388364,0.6307576663543337,0.5997738220971829,0.6185318616881776,0.5734865484606234,0.5487916812068772,0.5957482736454499,0.5546439476726545,0.5138575706354628,0.5125112607265668,0.6140765603177721,0.6014746731185355,0.5338657626083255,0.564487031110155,0.5672033549732053,0.5698176335287917,0.6587494249228703,0.5236988152534485,0.611805029623766,0.6548662687128572,0.56645073562725,0.6117582935786281,0.5734018348798013,0.6100238736625286,0.6017875102011645,0.5771303695822504,0.5398059495295445,0.5734894397964235,0.5047816914252533,0.6224025802046688,0.6216055837680741,0.6292402081943076,0.5637151431666722,0.4834818928743408,0.6087382950418437,0.6135196859581886,0.521681831170889,0.5812483661240384,0.6285472582800583,0.5618442360321425,0.583752594721382,0.4763212818708206,0.5341592733771132,0.5280042630736341,0.6210985355501825,0.5379119383402363,0.4871798079117827,0.5179916963824069,0.5376920682908297,0.5762146795563896,0.5512379023691921,0.5731193384667462,0.582648493514747,0.5114176170175884,0.5844427610435278,0.5209803367999651,0.4669848968500758,0.5801437113048794,0.6809649935080082,0.5466817609768077,0.45460482207695974,0.4759266718913627,0.6273410180320007,0.5861448681760414,0.48155937022957274,0.5855984185493298,0.576752583291277,0.4867686385365016,0.5803157308025509,0.5082870893573244,0.5413290383258317,0.7049343621270566,0.6288509472588009,0.6429985984633232,0.48896588252536577,0.6048988535848808,0.5603432232632478,0.5133751173764362,0.5612944342661372,0.6078123753125162,0.5276305406811148,0.5508717292708915,0.5647060209218906,0.6059527891453363,0.5703117843470117,0.5716135548196858,0.5681141722346504,0.5425455250439024,0.5421017186324841,0.5644672672185091,0.49854923253198824,0.6069588333160045,0.6565976853275298,0.46830052258554516,0.5624206215276869,0.5242222636692556,0.5518761386239971,0.49380583820125157,0.5969321899059674,0.5201813191882083,0.5620945811573098,0.7002380752287999,0.5688942385242736,0.48634692323719236,0.5873118991767337,0.4972025177432383,0.5439736030570385,0.5527282718721447,0.6430932202449019,0.5561292155671188,0.5741156426601399,0.534486349033214,0.5507179403844648,0.47688229116850084,0.5774825691967617,0.5279736070625627,0.4980152054844253,0.516592856219419,0.6237692865595446,0.5710500794292737,0.635576612546634,0.48194715069704225,0.5770412690674429,0.6163471293067233,0.6275197738429207,0.5961271741177997,0.6097663398668617,0.679423658121733,0.5127133971037234,0.5517137657645516,0.5308955397446871,0.560663427926537,0.5176641312147804,0.6678868756117047,0.5958791628151683,0.6032202437451367,0.5375897728901557,0.4501421120513953,0.55862682449283,0.5079733430388155,0.546293425502274,0.47389305932340364,0.517245748804226,0.5698370941182322,0.5886189574485005
0.6342087538034256,0.6385662389293665,0.6166056218540551,0.5385206922508818,0.4770910881208428,0.0,0.5132021751967385,0.6186335748749989,0.5750659939190444,0.6172589983689327,0.600747420410173,0.5615452130329777,0.6641013533905913,0.5702109587229046,0.5095286440680385,0.6606806625683457,0.6359854984707579,0.5657413025161848,0.6038047443993528,0.6292925897102422,0.6309179900204256,0.5911302381869682,0.48754494117423985,0.5558979801459876,0.6914145995180528,0.5395214288541363,0.46617053577345136,0.6210361466228671,0.563459243722138,0.5401296183387875,0.58254363053739,0.6681536591461896,0.5325256198910485,0.5788038875947437,0.5713376758263717,0.5197595936905923,0.644281482426111,0.5850442508705552,0.5178072470853499,0.520737374624126,0.5184032258241779,0.6187118322752376,0.565770451826257,0.6151328232003854,0.5942011766084656,0.5496897581450584,0.5370298772557482,0.6034580440666414,0.5611884383353195,0.5233868468465883,0.5695115036248158,0.640404415539352,0.5055241519419902,0.6045917324783722,0.5645205615156141,0.6807321289336655,0.5933349737541341,0.575238331884335,0.5539755054933526,0.5268686055499268,0.6962644710751236,0.52794356040844,0.628201139249694,0.5075894986169399,0.530374893878255,0.6095105448792456,0.5694747984116114,0.6442672062312189,0.5568931175218782,0.6565676827801213,0.6156980173987741,0.5475215653001255,0.5957688926488481,0.6029168096883872,0.6728900501922737,0.6023279264053139,0.5568559061879893,0.5406185000510578,0.5713909837893011,0.649964673553558,0.7198601191802247,0.5531877591281273,0.646663698650453,0.6837228585159599,0.5714886195676179,0.6164850882989282,0.6492404082706155,0.5226407858069175,0.6003054182647547,0.5839614082844518,0.5238631009927702,0.5419983952647738,0.5333325492265244,0.6064916997285388,0.5672016812926605,0.6477447566166991,0.59994123800342,0.6325964118241879,0.5054606698482625,0.5881168181317612,0.5783477497908189,0.5676555829806795,0.5058592079186025,0.5610752132796915,0.5703001439733683,0.5913188130376609,0.5777810831089536,0.6547190349983301,0.5226725812347671,0.6511621917162186,0.5967257716321649,0.509757368577379,0.6696735881874777,0.5467016538407219,0.5671107516274846,0.5957654812755714,0.646383396721348,0.5387763032873283,0.6772565986052421,0.5640083661964583,0.5148156417929417,0.5312419550405627,0.6346406082679749,0.6408110201695025,0.564394994255742,0.629005560994609,0.5192234119162974,0.5440044086497545,0.6397141804298518,0.5299986170786736,0.6438395453275878,0.6623060047044166,0.5933374151011848,0.5606632626953568,0.5898606009162933,0.5388528306157739,0.6352774128368393,0.5002582278887245,0.5160333189395554,0.5278815480788337,0.5926061370396609,0.6342355547302239,0.5596137714683835,0.5257226461975566,0.6061735834484782,0.5268915156609005,0.5606143685916587,0.5696078427206218,0.6563953258089705,0.5374957827150975,0.5919097737619913,0.591090711163662,0.5220855297408173,0.4925311343624877,0.6225436037517066,0.633627633449827,0.5561747302801491,0.673608255187088,0.5287915828734733,0.5983017993839006,0.577607865260555,0.6453989075355726,0.5306923469740658,0.5716450152318445
0.5767423522921047,0.6187866661847014,0.5828551469160033,0.6977628245747654,0.6575744083877628,0.5132021751967385,0.0,0.5872988859918907,0.5792487180335258,0.5842495599496932,0.6141578044276033,0.6292492727056523,0.5611771786031777,0.6362194055717096,0.6427469501823896,0.6156744840041407,0.6369955278999948,0.6155811451343064,0.5844196154119062,0.5631548042596517,0.6474232086750318,0.641735429647858,0.7469354454952889,0.6463913732133861,0.6172599528011191,0.6537714354085483,0.6466027667286562,0.6142333255455129,0.566691874211259,0.591723157287847,0.6181878446977743,0.5881985112974009,0.6372340476623,0.6675771117069973,0.6216243488811287,0.656809486606687,0.5874619706319559,0.6218813778665598,0.6187431570116368,0.6899530705165562,0.6182657032907272,0.6050315089493362,0.6053802343927229,0.6284957279213496,0.6709511995883028,0.5853298468514813,0.5708996474803233,0.5330282272646997,0.7717899078351045,0.6103165927390473,0.6769039053830535,0.5973312486810434,0.5014819488478619,0.6845965413654429,0.684559390686448,0.5641032252895991,0.6113879927382759,0.6127681172016046,0.6570355672942785,0.6333876769383143,0.5367044356175593,0.5357107861650112,0.5432160754578741,0.6221344007626989,0.5431225839275464,0.5228803749024783,0.606565824012176,0.5831479131728032,0.6282264834751317,0.6008618602436213,0.5951700280514993,0.6294082340152929,0.564594448727358,0.6810393799017018,0.5580550125558692,0.5145502815120172,0.6658117137832048,0.726219897181358,0.5676354926823489,0.48331937850984236,0.4998038409376779,0.6285491072308771,0.6187450305950339,0.5237881859142469,0.6051604864978561,0.6113835809546173,0.5205092688291595,0.6241285560697771,0.5692876638570402,0.5831892279601336,0.695168841501826,0.6528190920005174,0.6551841110211996,0.5326835082283592,0.6557153899191771,0.6048614620265423,0.5190379342708904,0.6049357888815999,0.588760948365095,0.6303927874844873,0.6096976430585604,0.5905370177815513,0.6297450162296644,0.5917264128922253,0.5903101175525474,0.6024168076912783,0.5718611394476445,0.609336708080027,0.6198322178664455,0.5510012353272337,0.6855405025649539,0.6302933143147638,0.5245495533726138,0.5865524811583578,0.567853610527689,0.6237969050288531,0.5372531155887823,0.6215338622828627,0.5837706856480323,0.6077595751363025,0.6477434401416552,0.577043334744148,0.5239223829868277,0.6492520746813467,0.513747841717816,0.6012078939500407,0.5773361950746724,0.6712669123092783,0.6167506871961767,0.6140635844471135,0.5610150830613759,0.5528037443567162,0.5271684111997662,0.5833380352457997,0.5523708350246003,0.5019726561394946,0.5417168511315464,0.6878471470478685,0.6568429199321438,0.6130573879588299,0.5404536839276265,0.6027741568628531,0.6834839888283059,0.6067557461135086,0.6271258047066731,0.6609807514475116,0.6172051329889695,0.5463510797727241,0.5871552534295397,0.5199658478041829,0.5987965247987573,0.5468555802890083,0.6769311717019283,0.6410753672116978,0.6375130458550206,0.5883599928811349,0.5136126132708209,0.6218818916821877,0.6022546494425505,0.6276292033913204,0.5210853760882053,0.5536768079054144,0.5641918776453867,0.6170669539407395
0.6059883251138484,0.6810809390678092,0.6697866745739356,0.6494086183946698,0.5449538090353713,0.6186335748749989,0.5872988859918907,0.0,0.6458099903441201,0.6607306996972774,0.603438922960067,0.6405986928810276,0.6274155633106682,0.6297826983672475,0.6005747808683217,0.7184004436958485,0.7156361438099594,0.6502801523289887,0.6591512304537279,0.6242554026693841,0.7084326858963185,0.6492712472758881,0.5957423426594382,0.5833127942682114,0.6799407652370502,0.6071028382618199,0.5943243087898571,0.6770266673958629,0.5753760727125402,0.6311094611165797,0.6665483234185537,0.6688107874280839,0.6379645784288045,0.6395343008929609,0.5912677631992475,0.6471511385065142,0.6066816093088371,0.725868054790798,0.6155420971644119,0.6036392989315819,0.6376219807577262,0.6258695881182793,0.6576629615085515,0.6001912749740057,0.7371982283346807,0.6600841345529513,0.5875162929104707,0.5362987223190423,0.633702896894529,0.6279893871123323,0.6752510511602104,0.6573148074928131,0.55385696304344,0.6965389954797194,0.6558491474036398,0.6302725404541197,0.6717027406474414,0.6948302366238118,0.6251615705327557,0.6622111853784278,0.6621583327327311,0.6096768908012968,0.6542648640891093,0.5925721834212958,0.5724698395816282,0.6139096236060179,0.6003750519160083,0.6182309915049675,0.6842205344729917,0.8023508364291733,0.6464062920085051,0.6269182861298234,0.5794061026849836,0.7156510169238636,0.757785392592132,0.5676974194291668,0.6475052570713481,0.625503220489392,0.7023674898024544,0.5258390350009511,0.6052917070260764,0.6504604679438297,0.6980019409990528,0.6673060258170932,0.6521464615188753,0.7450348104313824,0.6013549647906102,0.6198287986309026,0.694097351345923,0.6270619709717268,0.6325863809813638,0.6323961733967878,0.6390562736289597,0.5862646191565706,0.6552714017380136,0.6457004389233392,0.6630928056738417,0.6700587545923132,0.563333960808746,0.6728036773075426,0.610338338753724,0.715826898044322,0.5961051555195321,0.6517055490621215,0.6748111424033593,0.709372982901945,0.7025426522581433,0.6894514248766153,0.6290251587518605,0.5623064225515397,0.6165600623752244,0.6031574484524721,0.5676809671765884,0.6723570656216443,0.6398154941870214,0.6717885022328017,0.6252664789681178,0.5955561457130811,0.6084407525425282,0.6483648987006471,0.5891580747705422,0.6984311591816553,0.5472440183042396,0.6904101208478273,0.5253902276082295,0.6744248678977327,0.6047587369562127,0.6887057900573657,0.6976257192692417,0.6319299887338696,0.7108040489336247,0.700722792939765,0.5893827065198606,0.5990168740887598,0.5825992344991933,0.5266371600186174,0.6041451418435021,0.5852883787820605,0.6263566073939252,0.6725069799138532,0.5994718905232225,0.6522730414191978,0.6773066596738774,0.6339506975384236,0.63723214674513,0.5822460715893182,0.6497146017851124,0.659047235802971,0.6867489165110704,0.5949746452780514,0.6247159939338253,0.628899598248379,0.6506552873754793,0.6015922126176698,0.7342966188015783,0.6565674439776491,0.5207012396247399,0.7001704740309512,0.545894431757113,0.6264775641214095,0.6013930466804926,0.5972256125313024,0.6332445598106797,0.5874195317501326
0.6778604544332418,0.6182710797069895,0.552807153900544,0.5738697964816772,0.5774353692683889,0.5750659939190444,0.5792487180335258,0.6458099903441201,0.0,0.5464478471917473,0.5811932878681165,0.6022757688800464,0.5663433467431552,0.6172431627038166,0.5976438724922715,0.6170088231310534,0.6227526810303797,0.6414719588456491,0.6437336424994275,0.6887300629729308,0.6801768999271991,0.6197625938770338,0.5653763000368084,0.5790000644954476,0.6531395540900207,0.5825975613928764,0.5271366633640415,0.5931562352384877,0.5113386842815281,0.6397246761845867,0.7499746677685651,0.6159932156911672,0.5627507623142559,0.6194307978331953,0.6873271173371693,0.6167919524359328,0.6121132584045917,0.7283628718807286,0.6211573969666508,0.5526040602060129,0.5886742114100957,0.6668902164939197,0.656707868668693,0.6508648844155123,0.6433313523902185,0.5972205032502759,0.5809302765123688,0.5472143781590255,0.6358710360851313,0.6432333947767361,0.6505701130145535,0.6435699538007813,0.5429365774855188,0.6170171612075472,0.5917164673335509,0.6689391637352716,0.7022563418802312,0.6294681288312056,0.6053079098865346,0.6105737226229042,0.5736349755199213,0.592644712941846,0.6175055970692503,0.6222525054391036,0.6389780764680273,0.6043395448871505,0.5890846498433782,0.6256572335833273,0.6106048138082426,0.6897562128999015,0.7101648228975069,0.6811356810577947,0.6214142476482146,0.6193739392109349,0.6348388633526323,0.5830041489093268,0.5773825866113647,0.5861614994558716,0.6512516281768813,0.5438632704547767,0.5817266691868449,0.7709929245575906,0.6717539854663502,0.5933093835182934,0.6905968818878955,0.7110973401450539,0.6190941081829905,0.6336465129491732,0.6090157757858857,0.6665677154481875,0.6452702512539672,0.6961902489226909,0.6071598780026389,0.6094672163612815,0.6987736072670774,0.6241888077390644,0.6553745773679108,0.6668420125643274,0.6704583499315911,0.5984678033275311,0.6501311813566932,0.610376861432005,0.6120269575188235,0.5899661142585142,0.7003245063859386,0.6249433562279524,0.5915957390127862,0.6277774495884745,0.5649850813595877,0.5631518707373012,0.6234565359528729,0.6756459529832594,0.5739182325591337,0.6389253934368129,0.6045558767665145,0.6119457757574001,0.6160926621954531,0.5892192020812475,0.5554261176351916,0.6569143761215017,0.6676352326506753,0.6242948645752651,0.6047322256121938,0.6672633120992032,0.6476809398630577,0.573836910339046,0.5890939064084871,0.6104477193574596,0.5916474512774508,0.6087495706267283,0.689440254575305,0.6486754219837049,0.5945417094079108,0.7290180612333926,0.6155420832771512,0.58524502049717,0.6234210143615503,0.5949871900856262,0.5650112102897903,0.6772674833829668,0.5556800285059788,0.6662184842518609,0.6912924698562024,0.6526346814392215,0.6656054806423177,0.6309564162970931,0.7386026597255122,0.5540188816856496,0.6334341907668852,0.5699800137074251,0.7385692978802247,0.608986028333885,0.6462364729899666,0.5318974092222559,0.6606487083887727,0.6849498790830655,0.5096419646591895,0.6141406215309874,0.5530664781201361,0.612388971542463,0.5336017363471138,0.7028213726705924,0.6538361370888646,0.6793178263846649
0.560889634657718,0.7170673299906396,0.7452111466624494,0.5935567373919629,0.514099187203386,0.6172589983689327,0.5842495599496932,0.6607306996972774,0.5464478471917473,0.0,0.6038353748491712,0.6212259932372095,0.624359951923214,0.6082224214706747,0.5601195496386183,0.6896565009884167,0.6784633415277037,0.5922449442233881,0.6102972210284976,0.5844845336623996,0.6441376522182353,0.6486712306722406,0.5720712215353659,0.5801323138396369,0.6905825946108983,0.552372123259742,0.5580788570798159,0.6464181214721666,0.6937227424092588,0.561192028156295,0.5901443101422597,0.664888968851536,0.5934490342333733,0.6014887890470344,0.5598473149609703,0.59751549118271,0.5856107167604186,0.6095179925226101,0.5635641300695151,0.5909399009456573,0.5829306486469923,0.5926307311620341,0.58512593371535,0.5797534667282022,0.6621517394432728,0.5844687738518046,0.5640240814400443,0.5486984287997261,0.6237447404340599,0.5606944829114091,0.597976534948605,0.5871171477279584,0.5179595904942492,0.6756459894836299,0.661734179714187,0.594298981971915,0.5832867426629464,0.6056315055231286,0.632132657952761,0.5882615725073661,0.6284639053312876,0.5353972770355822,0.5731645373525192,0.5714167729317922,0.5202759800694856,0.5561248740695296,0.5691802482172029,0.5889536274012186,0.6461414402695193,0.6415324082266566,0.5682327434249109,0.5753592988684012,0.5432019275120665,0.6570198599500147,0.660217161129791,0.5458254234824151,0.6033942544776506,0.6094295101762662,0.5725048819052396,0.5106563558771293,0.586146025483413,0.5490830680241743,0.6432693751646782,0.6121064497595479,0.5644659869577996,0.6240903197953721,0.5443877415723916,0.5594346648958238,0.6182901840919733,0.5589547642539691,0.556243829029186,0.5694732396567526,0.6094600262418116,0.5446223116558722,0.5810636945685436,0.6560775980732443,0.5680425264350659,0.6292589203446819,0.5118551657070266,0.6192771883677829,0.5804401291420479,0.6093638258654238,0.5341947308680811,0.6576263533804154,0.5711695071418965,0.6132182520283973,0.6248897012249978,0.6815628763036925,0.5974361294618247,0.5927818193780395,0.6015923399438887,0.5288684180377007,0.5500897307500422,0.5808132103704757,0.5638206552983949,0.6001912625302745,0.5950164734832815,0.6200998586903639,0.6585507576361613,0.5682949364778683,0.5316655675012522,0.5522825582137267,0.5300158539394534,0.6270083886893986,0.49639993380719427,0.7179086887021839,0.5419084803213245,0.6116979590153371,0.7594427578113162,0.5847096559622257,0.6338252800979441,0.6124662334972809,0.5327195985786806,0.5242327160160538,0.5681262808147464,0.5067347763440435,0.5860462485649542,0.5504376559779129,0.6221803915623878,0.5724895528511413,0.5887944430571865,0.6329296415859473,0.5986981373317936,0.5701333461976684,0.6064969979625958,0.5441671982309695,0.5634938409780372,0.6286861940150245,0.7421177457020591,0.5666391108909776,0.5450248213403956,0.6027397238704366,0.5870267579876263,0.6162960578191456,0.663264996491225,0.5905672358610722,0.5219706455326351,0.6562191695359498,0.5358059561107775,0.5794032841204972,0.6101069919897575,0.5551074452161532,0.5528299788822412,0.533973151812121
0.6131244500598592,0.6615102160427455,0.6234058451215113,0.6140617024072564,0.553583296934206,0.600747420410173,0.6141578044276033,0.603438922960067,0.5811932878681165,0.6038353748491712,0.0,0.6359419276599825,0.6423640481610831,0.6210608516788519,0.5714168416220141,0.6856873286866308,0.6241690557087113,0.565381979954288,0.5808472889378408,0.628796789746402,0.6484732100195794,0.7149536098763586,0.5660968078887029,0.7161709378880556,0.7087297093132899,0.6413268078006501,0.5494262062651255,0.6323435816509448,0.6390608469125711,0.5418957319454617,0.6226284048633092,0.5994200346690692,0.5708111808116169,0.6458671417767314,0.645500047582604,0.5728751029022785,0.753845243032536,0.621342651041527,0.6318276803787364,0.6054463184573314,0.5464956680612383,0.62775053196046,0.5651954305475554,0.7097820453118777,0.669007535662841,0.5266402473408226,0.4971376813578019,0.7256482802011961,0.6753483312673348,0.5340117245942805,0.5816250477648529,0.578161704163686,0.4602835513512708,0.6872853748611623,0.6811601925935495,0.6079021446907582,0.5853736824678508,0.5949498303507139,0.5799654314478744,0.541230365299601,0.6530619829740448,0.48425860694494205,0.539978982265499,0.5692416962793194,0.504762351885543,0.5272570202212546,0.676794388092004,0.6244581824572063,0.5709597557599222,0.6612338836781863,0.6083663955838561,0.5852954730704111,0.6042074708974267,0.6382449804665998,0.5819642069403546,0.5211187056707286,0.6527912422749542,0.6430222478597913,0.5452890107594425,0.5637449577156715,0.5419626149844479,0.5714589986105196,0.6416652381055324,0.5965570513485988,0.5684665624650106,0.6279011533817046,0.6458162191882622,0.5292630046360961,0.5377385814820915,0.6632351615874029,0.5673149368737631,0.5562523844906658,0.5685425492967787,0.5476128310668058,0.6011198542793345,0.7185068567302502,0.5350203093175836,0.601539856250969,0.5364200510742279,0.5735874194943931,0.7059024130692938,0.5905955580564562,0.5294235229360337,0.5601551633272126,0.5463847417831336,0.5638720523121306,0.5362048105605035,0.6655451513813951,0.5290233198401417,0.7261101824409862,0.7107575349468153,0.5611502596161464,0.6076148820564593,0.5809140243628311,0.5358511248302327,0.6033981325028551,0.5333235487044885,0.6174668134656099,0.656568676371387,0.5812341801720201,0.5990149784434289,0.5316929411004252,0.6186173551927797,0.6450299352033018,0.5839728918331669,0.6670972856008415,0.5042904187597722,0.6429039289709603,0.6526721044464634,0.5672455641904727,0.5696305248409439,0.588025583264005,0.6453712636329066,0.6248800566190426,0.7205584379442148,0.5207856531091287,0.6023625347327347,0.5920032406317159,0.6420948270731526,0.5566482693412441,0.5652391558600625,0.6516670622082301,0.5789429945863157,0.5592019669892032,0.7556249436390856,0.5688360122205172,0.6063799361656258,0.5209984719366664,0.6375348722798555,0.5372875447576978,0.6564733788046475,0.5297164712851438,0.6063828386570154,0.5370477047850016,0.640707225840439,0.7082595155967563,0.6342809531568185,0.6673735902244624,0.6291271316796615,0.6000281798098986,0.5079079187783397,0.6029616436712356,0.5321561249676128,0.6937038775808445
0.5458899908675746,0.6278092756927354,0.6223962199826909,0.6161049974021701,0.6198563858169438,0.5615452130329777,0.6292492727056523,0.6405986928810276,0.6022757688800464,0.6212259932372095,0.6359419276599825,0.0,0.5327275143381512,0.5514484147036476,0.5719185261216684,0.6625514155381838,0.6272960368948957,0.5479755754498387,0.6775072083539538,0.5665183440143267,0.6902981144864433,0.6366225272442073,0.6255444949095653,0.5856880446743471,0.6751745572377762,0.573808740463756,0.5663619742715124,0.5906371438740905,0.595236439943011,0.6567177835484325,0.664527551425008,0.6080889220733763,0.5726179721961271,0.6639557602938799,0.5823437280910742,0.6614483269093543,0.5750341305618931,0.6382458175801593,0.7186113092623133,0.5523283226079868,0.5924463672710033,0.640066297472639,0.6005923027205265,0.63272284673709,0.6294701175538109,0.5384988075313908,0.5363432135506898,0.5532407526635315,0.6498465875472602,0.5758311175824222,0.6167088455446399,0.5717444900192215,0.4776697201549401,0.6811962318130892,0.7103677345793112,0.5779774621368606,0.5922763297405707,0.757589891010675,0.5636023215086482,0.5750980832624466,0.5497382210823458,0.5225025426001139,0.5430966996909106,0.6046156965512071,0.5130824454500894,0.5039177071725719,0.5472633638422787,0.5432474416358775,0.5792928675919427,0.6380997684083143,0.5634141598222294,0.56553601741381,0.5416104007152827,0.614643189810797,0.5911381813105155,0.49334179598895855,0.6217161781149301,0.6759362471246734,0.5588930170167634,0.49216508910182877,0.5176003691052312,0.6074049124013281,0.6310759790060314,0.533606791351964,0.6061263499340139,0.6166396742852086,0.5615612838617773,0.5595308887359104,0.5527252203537132,0.589549202818027,0.6292845232647506,0.6427650835155363,0.6361956325508717,0.5113893119485897,0.595328184682174,0.6650527836772029,0.5490991748008879,0.6506399209515404,0.5725743176977649,0.552771311340296,0.5884632514359595,0.6434945126122292,0.5961177263998911,0.6736585829367414,0.5774975564679791,0.5745104821381188,0.580510666482896,0.6460313916344282,0.5423272561634961,0.5640732200350674,0.7014375719254726,0.6105739472999564,0.5110990555071216,0.6369464164259384,0.5235728823789078,0.5722049658670805,0.5414932303706073,0.6657551375265407,0.5954951202843423,0.593613872180525,0.5928791678939888,0.5946260319894631,0.5261613918695515,0.6204541273174418,0.5140422685885955,0.643089289553874,0.5442765283337897,0.675289498011822,0.6683471754530235,0.5432249362181626,0.6154139208156224,0.6063367014553358,0.5254016837030532,0.6024813799106293,0.588340036730244,0.48415699599173984,0.5570004199007228,0.5618929274386628,0.5921594211976604,0.6559035806631123,0.5172818837658977,0.6470488338436463,0.6214428122242308,0.645692113720976,0.658408308411229,0.5896611265419412,0.6629737765953303,0.5437494348026229,0.668721909964506,0.6110415175347916,0.6050111982734051,0.5588400656399324,0.6770723106897455,0.5722600467506562,0.7398770602540299,0.5864566144317562,0.48908366971728356,0.6351171424460176,0.5199143240850291,0.5780902255591942,0.4931967175899761,0.559988705079432,0.5968600700761464,0.5955402451133756
