0,1,2,3,4,5,6,7,8,9,10,11,12,13,14,15,16,17,18,19,20,21,22,23,24,25,26,27,28,29,30,31,32,33,34,35,36,37,38,39,40,41,42,43,44,45,46,47,48,49,50,51,52,53,54,55,56,57,58,59,60,61,62,63,64,65,66,67,68,69,70,71,72,73,74,75,76,77,78,79,80,81,82,83,84,85,86,87,88,89,90,91,92,93,94,95,96,97,98,99,100,101,102,103,104,105,106,107,108,109,110,111,112,113,114,115,116,117,118,119,120,121,122,123,124,125,126,127,128,129,130,131,132,133,134,135,136,137,138,139,140,141,142,143,144,145,146,147,148,149,150,151,152,153,154,155,156,157,158,159,160,161,162,163
0.0,0.8275499102348474,0.7489748946375027,0.793983338587544,0.7804706875969986,0.7922112422923887,0.8418729317184674,0.8082639331263894,0.849931454291387,0.7215518170699987,0.8859292289770959,0.8182420613526923,0.8904899797798553,0.8220260698874022,0.8655666174978597,0.8223275294326111,0.8592550238157464,0.9551549144870566,0.8440745737765711,0.9035346818691372,0.8581039014622854,0.8225855169833559,0.833557235846827,0.893708040897515,0.8753614304650073,0.8306409753079423,0.763068916221677,0.839189608522258,0.736936173228385,0.7931634855452043,0.8728073785414457,0.8596258876127953,0.796508538768124,0.8449931902340234,0.9272059295627215,0.8263932049395583,0.912421373129461,0.8886139969359662,0.7927110561984239,0.8947123735799062,0.8189211837939404,0.8582710415541112,0.8927571832610666,0.8886392367833235,0.8889036900386146,0.8885509058025272,0.8000755201995862,0.8715021262942947,0.9144721848324576,0.8871196610056606,0.8982380227590765,0.8591995192806187,0.8005995141634636,0.829769239943135,0.8409855606360099,0.83787069428091,0.9290058055654941,0.8094326642498245,0.8499955276384102,0.8685886618980806,0.8003004326650007,0.7367617572884015,0.883158007022245,0.7749961220603707,0.8694299087437407,0.8896108258045796,0.8475655629045689,0.8173694651988723,0.8157472221078704,0.8692121682211098,0.8967707153706665,0.8761817785042274,0.8563062803843586,0.8793087304724025,0.8285899122359703,0.884727581893812,0.8014540448711437,0.76593143710815,0.8339433075286772,0.7385624139762477,0.7851255519190714,0.8491641965331403,0.7990254820869479,0.812511897892523,0.9073992154688945,0.8832891644704215,0.8667619710636087,0.8427847721769038,0.841918003879255,0.8313356944577749,0.8754718362750422,0.8133068239891982,0.8599614384423544,0.9115614360768275,0.8816991900316402,0.7748064365070146,0.7270706525766942,0.8041428957650997,0.7808305365931489,0.8575001090155027,0.829128511203708,0.7926174361889022,0.8000035554434833,0.7319021155069304,0.9083867035640553,0.8260546915500895,0.7979726415507146,0.8120279098536187,0.8732522339940328,0.8718112751799465,0.8872109185829703,0.9008697476306524,0.857731110303834,0.7626152323362075,0.9138632304419866,0.8643446414173339,0.8820934051800252,0.8212735801827882,0.8132718744306048,0.7417753383873211,0.8491613734906601,0.7247524108958988,0.8917781013098148,0.876984479874937,0.8372533234387303,0.7993472232605136,0.7332569818525285,0.8118095770346829,0.8032900267518079,0.8545453400288866,0.7976199370760664,0.7604789475283992,0.7928791869335005,0.8223164346785907,0.8508072024266742,0.8352710222625691,0.861380075749707,0.9075401759195455,0.8306957431732259,0.8512285665035177,0.7713953425730072,0.822022216538239,0.8544357830767783,0.7630693661165808,0.8834605670869906,0.8559597585673685,0.8105662269769004,0.7173923015022217,0.8061223990412159,0.6583998741956594,0.9377790401434695,0.7990191834474336,0.8416305931711261,0.7504493650966356,0.8235403505518187,0.9159811871366903,0.865258268498426,0.8048793263638586,0.8349193277469468,0.8409713820714617,0.7576929353837598,0.9173951586677151,0.8740906915669581,0.926303615636792
0.8275499102348474,0.0,0.8663627172564804,0.8412837937494773,0.7483778681400957,0.8958064650852796,0.8231616537017946,0.8737439943383851,0.7935740322917478,0.864997542415014,0.90359364597588,0.9072120480018071,0.8448805450062243,0.7974189673086943,0.8716236757604886,0.8135493492692356,0.8332732598945934,0.8001246202215879,0.8790312729511566,0.8042371615754036,0.8702506842638574,0.924002213441062,0.7404142478346163,0.8700620245054522,0.8711786651020189,0.717063284160963,0.7387675813295753,0.7836951917147333,0.9004728272625503,0.7442105412161668,0.8728263845796418,0.8509193040783816,0.8842023137433538,0.7585948397606715,0.8332296270999077,0.8864008964656287,0.8215356329836964,0.8326354631891677,0.8828371550300804,0.8418972174814638,0.8869726987501341,0.8567269866975874,0.7763801760914933,0.8692848970286895,0.8461103436016421,0.7843657856530412,0.7356395435894513,0.8586512670916089,0.8152388067163953,0.8215364705747669,0.848987904120719,0.8035331014731375,0.8386706516233781,0.9523712255631216,0.9162084652080158,0.841487265788496,0.8241440484617732,0.8489547517921359,0.8130854991542167,0.8365392904355202,0.8946827532639282,0.7071471072954555,0.8263228995325234,0.7464316818887546,0.7791570126675843,0.7751694117413611,0.8018751905597987,0.7487670553844489,0.7418610057323684,0.8420615358493244,0.806484948330912,0.7548787133397263,0.7535632781279645,0.8611598170034213,0.8984924100725684,0.7535187120322835,0.7855860592735633,0.7739484701488164,0.719324550520054,0.6868842659110924,0.8287909720526049,0.8131486719060632,0.8348114417663007,0.8012925533807497,0.7784616666241465,0.8583466717078779,0.799302107117579,0.7229713306765816,0.772942201873438,0.8508801083684716,0.7807910434792182,0.8271034852756209,0.8850223730001255,0.815497651535151,0.8331086979971165,0.867464298159231,0.8141938206233219,0.7974681611872874,0.7037136097798559,0.8023957937138386,0.8145362875605373,0.7888910515004376,0.7061411023857112,0.7994679348394051,0.8168581904897446,0.7364717458874055,0.8108996054850658,0.7854940112134375,0.8368015481153466,0.8962847384970161,0.8836034775977103,0.7553503608932775,0.8068797969170118,0.7844622023318529,0.7889762143423337,0.807104411344629,0.8137315723647771,0.8115689358201332,0.8564107519856489,0.7124923443530498,0.7546758432432435,0.7146996924277917,0.765806624386018,0.8523074080588291,0.7502785755742103,0.9087940001576937,0.7147677002700905,0.8416891077583929,0.8806910436948733,0.7880642566715288,0.8493097304277349,0.8023166710055071,0.7040141602497066,0.8210591624027167,0.8884733555116036,0.7816550751371127,0.7809310397796652,0.8130730640754649,0.7958910136873898,0.8300990504679334,0.8212051299209656,0.8530608896544737,0.8642841337384919,0.8552540727740978,0.8677186571945142,0.7064523789702537,0.8465242430973967,0.8140780241373529,0.8473468775399298,0.7248365688625313,0.8117978219291072,0.8791143941537417,0.8536758594776677,0.802979913855274,0.8626605062846693,0.8563316375344197,0.8231337932571732,0.8226397844189209,0.810983078826007,0.7376538561814051,0.793738432503261,0.8056337976079131,0.9259103590161774,0.815365010539924
0.7489748946375027,0.8663627172564804,0.0,0.7417874306784461,0.8131065532102625,0.8850326318622272,0.7584877983968489,0.8254447932888351,0.6596754122236387,0.8522400205899173,0.8798390286965344,0.8613354146980763,0.8532813101319952,0.6996524595563041,0.7765147709899581,0.9010597765025808,0.8740509126652808,0.7486321030330315,0.7745770624140884,0.7352912006438703,0.911535024732014,0.9108616833319824,0.6959840104472808,0.8440735824114599,0.8141171067253675,0.7910659467164705,0.6735765233178838,0.713135812829578,0.8530469652456099,0.7611026810072575,0.7282847387724893,0.8444437849601457,0.7737354934230692,0.7078614882310328,0.6991160291820439,0.8228171252657911,0.8079692661831746,0.7949569704208101,0.8023089086957462,0.8177700362839272,0.8267665755238406,0.8765444092314857,0.8153179447828721,0.8255925981473158,0.7987637251462776,0.7785758357037248,0.8273900420318272,0.8801957147083419,0.7559144748899517,0.8020070754245795,0.827510389462871,0.8201998141310531,0.7178807050732569,0.8739422096364307,0.8456242063124587,0.8046101473173257,0.7722122115153339,0.8876620434960828,0.7454720580813452,0.7608433156578999,0.8108028406506715,0.7229926529624194,0.8620916048273718,0.7154109032514838,0.7052870621940937,0.751420553465869,0.729526512926347,0.813068810906548,0.7836855906978185,0.7962829541487154,0.8082662990479774,0.6577364894259264,0.7045537222417345,0.8748950376113225,0.8584222364024244,0.6478216277542908,0.8185778402859113,0.8402690017507655,0.7064750882840398,0.706883275049025,0.8776227680420401,0.720934455012856,0.8484223413700839,0.7788712748004994,0.7526886865738793,0.8120412875839447,0.7492315786823744,0.6662374361177668,0.6984220784761204,0.7445248334221481,0.8004525800535366,0.6929366561385865,0.8378056727968278,0.7084391234168996,0.7460144907879867,0.8114650582873745,0.729404179033958,0.7548187180896802,0.6268618371886976,0.7310163126610815,0.6719555209605008,0.8234242323514505,0.6683180100894721,0.7511894759085777,0.7301071790101594,0.8215808800417721,0.854982194334921,0.7860253326856844,0.8399681034338081,0.8950429067730118,0.829585824900363,0.7282998654893444,0.7579616378665688,0.7157646714776654,0.7359742729152914,0.8035922441689103,0.7247920195080997,0.7932581182770523,0.889112595409609,0.6379376585734043,0.7616368704578576,0.6863408879282978,0.7362332299948728,0.8226693522872671,0.6189765675836547,0.8625700500584225,0.7151524961460556,0.8682766280754493,0.8626077153869975,0.7666319093484817,0.800989369525473,0.920836646099982,0.6179902692789302,0.6773682157751297,0.811985200295352,0.729731823207447,0.7729585879318547,0.7448237229796052,0.7683706560505223,0.7608230068260216,0.6936415397187728,0.8510826355438265,0.7400577331718483,0.7876273194497038,0.8549096304177966,0.7042459833951867,0.8333895827390726,0.8505096338012842,0.842546099152954,0.746892455205815,0.6858887845480973,0.7259434735142697,0.7911020180103285,0.9081987714697073,0.847003169107264,0.7776540516259988,0.7476707015598505,0.8731584753437799,0.6513224128429453,0.7095121730969963,0.8083842942674866,0.6643004439399262,0.848612030587566,0.7602570814880716
0.793983338587544,0.8412837937494773,0.7417874306784461,0.0,0.7086711202797024,0.834496062602201,0.8622156295097493,0.8278618144125138,0.7292111296291814,0.7532173188026968,0.8205292191531965,0.8428980514548334,0.769444042571927,0.7289631448085556,0.8204581525896306,0.7143668646759073,0.7751971027977301,0.7675320582761299,0.8417831225872662,0.6923629637027253,0.8053113727835108,0.7811678338068809,0.7722596506167887,0.7940617879587314,0.819192680328057,0.7460218848726371,0.7439001103658048,0.7914286235042671,0.7469404601023985,0.6909906777480698,0.7949640036940093,0.7611204506418277,0.9450422673888949,0.7794688731666756,0.7922682581625067,0.8147794895641957,0.7678593821410047,0.7307746879414698,0.7494943640910773,0.8290870394991048,0.850977709200544,0.8235518266337409,0.7223072379558457,0.8356081511825236,0.7903111091388166,0.7474815049849481,0.6865505377269983,0.7535943487618499,0.7844632828100784,0.7367876647429774,0.852584301089073,0.8339746724464127,0.752387675851768,0.9015848108923135,0.8292845695341677,0.7906805500172365,0.7654678497908685,0.8302042589261421,0.7546468862981782,0.7667259026389861,0.8142064028140878,0.6591373342320447,0.8170072051658183,0.6448119643687276,0.714258737712723,0.7238407761849711,0.7852891833754987,0.6991568836775094,0.6910975489601379,0.8332199548245226,0.748499275133329,0.6771306488320618,0.7803416952080078,0.836636411452079,0.7976941457293324,0.709581073955891,0.7504530954194158,0.733241191133,0.7124902874276268,0.6444187382543989,0.7438148033698707,0.8322972233555604,0.7364937969337519,0.7292660769086214,0.7991714794775334,0.7820511819736106,0.7812778354968349,0.7224550667847168,0.7655867254023612,0.759964873924382,0.8267233257289278,0.8718575714464643,0.7826707014073948,0.752639613659971,0.8359913073139548,0.8033695477324259,0.6962430750420435,0.8241958834636667,0.6699197325104915,0.8490863116856292,0.6996343784934106,0.7308711850188193,0.8382061761159301,0.8000399155306119,0.8006091508121099,0.6947506700901582,0.7432626731863881,0.7598150812621509,0.7808207127545014,0.7738747280934408,0.8927449851539504,0.7562239283783972,0.826034215774726,0.7301994772324819,0.7922321078594105,0.8132851293266561,0.7981727428568759,0.6866435788114236,0.8582389182972326,0.7823930180028517,0.6685166303871138,0.8364802323126805,0.7274590199019202,0.8151409060824253,0.6701212783398278,0.8060972276456682,0.7290363472390277,0.7378902308268748,0.8058349252382616,0.6882601306571952,0.7329404439239335,0.6991501454242091,0.6557545058256353,0.809314126444411,0.734688781952691,0.6420450865668151,0.6678557705416824,0.7830028489147791,0.7242987958265724,0.7442926727940079,0.8530182876217479,0.6999631887980778,0.8637796826359426,0.7767713054961916,0.7493048989683125,0.7543252114652551,0.7547140047269764,0.7108895717958313,0.7210584232301412,0.6046932865414217,0.8210643125453708,0.8081062074935302,0.7601167228424164,0.6988793690311479,0.8639311829308373,0.7614355615342577,0.7443347115526021,0.8174441212891705,0.8717765183957313,0.7682774387795572,0.7390889964950792,0.7813834191957385,0.822890767597437,0.79517917170476
0.7804706875969986,0.7483778681400957,0.8131065532102625,0.7086711202797024,0.0,0.7584725791004767,0.8383142527625674,0.671246460022369,0.7041942471564837,0.6757498660926372,0.8415700929241269,0.8069710156438802,0.7505858114662817,0.6665538769806434,0.8474891280568699,0.8238385598476116,0.7872052986296519,0.7614157873885886,0.7208136571112098,0.683903915984432,0.8483917614087302,0.8453304583006538,0.7141248359653896,0.8524718108028673,0.7275169002439628,0.8315844888463942,0.6475276010547684,0.6372182819849997,0.7516994927082309,0.8606611273391455,0.7466328151351338,0.7582986070525903,0.7648125722328116,0.666997546997943,0.7228175011549993,0.7680648509418709,0.8120001863918421,0.7763379930342118,0.8159373993735445,0.8092253917563659,0.8187726171816828,0.8231292532219722,0.8472731498837541,0.8851053863965546,0.7066998970356673,0.7530799942253008,0.8830439216585322,0.8676860534692794,0.7821955656963614,0.8120638709888524,0.8622454081382509,0.8113115741804666,0.6990633221464557,0.7923243680322573,0.798031049879983,0.7473830415237137,0.7815424647659908,0.8557334627961545,0.6852581589981518,0.7372413699516596,0.6496838183844434,0.7294310177115757,0.8279829882629312,0.6694238227473442,0.7437581830239687,0.6861705216951791,0.6693123304231775,0.8610920447345127,0.7090663830469225,0.7197377373763739,0.8640590435414988,0.6938354368297128,0.6461862110955066,0.7990070935902552,0.6967668133433761,0.6606735820653881,0.7887447856786597,0.9273644503673968,0.6870912677409015,0.7609276063255729,0.7733804733567035,0.7557653199430384,0.9007362833692405,0.6548707288652708,0.7354512382004371,0.7441063431442939,0.6750372900934046,0.697821757262397,0.6371433975097642,0.7250513081842361,0.9143874093067065,0.7152182457830324,0.874557578966081,0.7035051573866842,0.7566942833101427,0.778721683786596,0.627106662974934,0.6662847026274055,0.6976359564171533,0.6612479919805688,0.6925820041903235,0.7227075696669275,0.686694814703991,0.6813400221482273,0.7107363715124945,0.7821165871714492,0.716702473062163,0.6751931564454686,0.8321746756754284,0.8028851134888715,0.8153932821865593,0.7922662399205259,0.677945885373622,0.6294330906016984,0.7394538766475132,0.78637469232313,0.6666830735002236,0.776710084244123,0.7554474585831172,0.6291366879958696,0.914017090931806,0.6813219988561785,0.6925350349524949,0.8812056221174608,0.6712855560072581,0.7896338995177408,0.667239071837756,0.858439764030162,0.7104289633319875,0.7875165032490377,0.6758602227509647,0.8030973353014366,0.6025127744514072,0.7175417896633604,0.726582519855397,0.8024388051104359,0.7837234450946814,0.8301184589221247,0.6882480524166642,0.8107410362150542,0.6595154438726109,0.7881606385775649,0.7293902133274034,0.7191219937249086,0.8479945647892205,0.7292386393699266,0.8986060728067873,0.7783544420587104,0.7052658230801899,0.6294623847184614,0.7110310733465757,0.709455915603345,0.756430046473857,0.8261827255788299,0.7731527523738955,0.7443249808708792,0.7198836864171054,0.8390942553441092,0.6858277497221212,0.7507662125749135,0.680447667956076,0.6963000000251139,0.789336398341305,0.8636759441327382
0.7922112422923887,0.8958064650852796,0.8850326318622272,0.834496062602201,0.7584725791004767,0.0,0.787582274241445,0.8459582799245081,0.7121676937089388,0.8208019637148772,0.8858365789027518,0.8809359206722825,0.8570734590450748,0.7088378275008291,0.7747098027200968,0.8449070567797405,0.845124604538243,0.7307248823547928,0.8276334766039003,0.717494635161245,0.8797364259024707,0.8549819445833604,0.6883720642423238,0.822758059462229,0.8405221178285602,0.7628500337762552,0.6568316404672109,0.7520887418984705,0.8362260878168521,0.7641552803843142,0.771768618852844,0.8485344115124892,0.8502805511219517,0.7361706564068766,0.7329365001839847,0.7923153958039173,0.8329961441655771,0.7672085852087749,0.789787949781661,0.7931255735032225,0.8266570876722211,0.899694255930918,0.7559943750313128,0.8668985242110836,0.7746640846447608,0.7535444066222554,0.7633166401969094,0.8644634037063614,0.7500614751950094,0.7443918743049922,0.8430602781892588,0.8593793117387822,0.74985865941174,0.9032229253597991,0.8447614551461263,0.9071068399847481,0.7790506267427492,0.9025099552704291,0.7073036266748065,0.7501396929492342,0.8750372776610458,0.7231973472766016,0.8808352296133438,0.6427601480125954,0.6982961568088035,0.7570284919882195,0.7566046932775594,0.7916760081911376,0.6930379554832646,0.839152752307935,0.8065183567802389,0.648458280211609,0.7448749956727194,0.8569381195463445,0.8840073481549696,0.716882827005106,0.7985896212660478,0.8124074413965101,0.7039499110462649,0.7911790107361192,0.936857167937734,0.7611710884106602,0.8643562873611068,0.8120196726195489,0.7764099939963585,0.8106188486378355,0.8322142891192501,0.6608034205663469,0.749729286212685,0.8136471069899024,0.7987742008630149,0.7648007065057445,0.8129408372931487,0.7677513457156501,0.7765347661715509,0.8579377506115182,0.7434399882334433,0.7958481037053549,0.6423168060295472,0.7794412229143517,0.7079606040619626,0.7784416008664702,0.6988797500018639,0.7620866952619102,0.7567098386240555,0.7643068822087782,0.8069563159526756,0.7838289297467474,0.788367308434006,0.8899440781145903,0.8793548464042804,0.7071493413318736,0.8566334626491968,0.7427393361059661,0.7689969828990616,0.8392453991598068,0.7978749877767702,0.7277860521486532,0.9064889845878793,0.7224370663631918,0.712053746524693,0.7604005860707986,0.7669337045196384,0.8768035663887233,0.6761076544491377,0.8835081960653984,0.720722335147987,0.8215587686522142,0.8491323671027895,0.6961744569534828,0.8439811149046588,0.8754378112506314,0.6863966232603638,0.7716988936165284,0.7832352970547916,0.7060426329432355,0.7555705692599614,0.7258992169311206,0.6941808573791359,0.7480061411546248,0.7807547949920426,0.8276567554822492,0.7873374937448174,0.7629075381702712,0.8337671885420914,0.6934793811409888,0.822503372075182,0.8412764504909502,0.7876552319261558,0.7099380306191417,0.7527063337389638,0.8124889427366624,0.7504907408584353,0.7581316402818818,0.8775897207197149,0.7975933021781894,0.7873809715205353,0.9208749738047476,0.7396400866309686,0.7750602570339783,0.7950145712645705,0.7705943510380616,0.8633258380383501,0.8023645845837827
0.8418729317184674,0.8231616537017946,0.7584877983968489,0.8622156295097493,0.8383142527625674,0.787582274241445,0.0,0.7335729045224947,0.7371618972515187,0.7781914857056161,0.8671015334233443,0.8426760662539539,0.8103724950396273,0.7776758608159313,0.8926514031689904,0.7770364421482315,0.7877398887086361,0.8263383625389288,0.7966200282101495,0.7056933782983186,0.8110032692840271,0.823658862863626,0.830705800515669,0.8429115774806996,0.8326726964903512,0.7879470093270662,0.776023949194567,0.745578982559441,0.7983759005746703,0.8035724213330652,0.8301847309759538,0.8450636423983012,0.863814737206236,0.768060877778535,0.8100511857769321,0.8133627793041235,0.8631932134189698,0.7459081083634461,0.804313383689753,0.8835277609883071,0.803284497876124,0.8409269220482177,0.8118854627325048,0.889316561073989,0.7850550826424129,0.7839770131674706,0.7897015555275602,0.8345236103874991,0.9052194660051989,0.7943471400931176,0.9221471399967891,0.7861865450890732,0.7509477916654531,0.8630486823160868,0.8985673697939197,0.7964673327017304,0.7961945472665821,0.822256744138665,0.8239020199948751,0.8030531246049388,0.7435348572940992,0.7203817543067124,0.7901228237994227,0.6869978254272887,0.7667177307753007,0.7272573367854328,0.8059944111502751,0.8246079521706406,0.7416495131242082,0.7941017608083067,0.8177812451866205,0.7588693592948687,0.7437195674513911,0.8669726705930186,0.7262460482154912,0.7923242936686516,0.8509101791228834,0.8694305602881647,0.676665356999097,0.7182252000681382,0.7321439771984853,0.807207179361757,0.835728472748294,0.6684461128607273,0.7793982798357637,0.7289243700293903,0.7537333403440835,0.8336073325883374,0.7682387611310174,0.7537894077529085,0.8974372087243585,0.8644752318308497,0.8985882859807544,0.7766733011262642,0.8497636015671187,0.8287733981713401,0.6426906165640317,0.7366604471727957,0.7285330458251049,0.8120396111854172,0.7848544956354085,0.7788898826729083,0.8105438493595558,0.746290503653787,0.7772896081921498,0.72680124452119,0.7377474617501274,0.716289400103585,0.860278494781575,0.8170269360329934,0.9158153425095621,0.7921430502927422,0.7926867627996034,0.7153455278335352,0.7733487543674634,0.7859055361663759,0.7652330776008759,0.8203737404650092,0.8045008302514547,0.7193844420770039,0.7825818751211228,0.7415660575737103,0.71104617125469,0.9038246698906487,0.707721089357737,0.8404682271418565,0.724095092920571,0.8244418620105438,0.7592276859071747,0.7829111203749309,0.7048658162238103,0.7040048254984399,0.6749467408266594,0.7446585210286205,0.7395168197589483,0.738937765767455,0.7342346677088265,0.8622873398073096,0.7320323903636595,0.8204468386187621,0.7882722593365079,0.7941392789372513,0.8645168239518924,0.7647619148559537,0.8334211428106705,0.8034734194461095,0.7868914798270573,0.7750881586528048,0.733040538006359,0.5853800582866886,0.8038808486447916,0.8161273349879126,0.7730061594539808,0.8015817681563352,0.8102470684438797,0.8022789242592592,0.794769658495533,0.8355997723418194,0.8562513217907607,0.8773174851129456,0.7440127974852062,0.7892529932574214,0.8317903966490442,0.8393893255085341
0.8082639331263894,0.8737439943383851,0.8254447932888351,0.8278618144125138,0.671246460022369,0.8459582799245081,0.7335729045224947,0.0,0.746163286601478,0.8236078265940175,0.8546032943815111,0.875117383171432,0.8548902820180058,0.7379989708468592,0.7832728318910538,0.8242630380215228,0.8443929917344266,0.804453502111402,0.8730926310038335,0.8213454864672171,0.8403234503910326,0.8115075666812988,0.7663453802473554,0.8043857303157249,0.877184931682045,0.7443579996149172,0.7824604885836717,0.8473583079955709,0.7900148879214941,0.7255006551789822,0.8320988428234355,0.8402144795901038,0.8227392980403508,0.8212587197564504,0.7898017136924236,0.8583139249847088,0.8047544189214014,0.8543317996576436,0.8004630425520743,0.8044334522910197,0.8327069656938569,0.7927248753577802,0.8029730589291818,0.7881215158706325,0.9097174738391555,0.8275114334020608,0.7018292183805287,0.7997955919261296,0.7881388785805244,0.7998836753028976,0.8105557548811132,0.7999188366025598,0.7476052010822648,0.8689952592508382,0.8603528524439303,0.7693266372010917,0.8192788347949344,0.859738366688229,0.7686743109038305,0.8300653897617718,0.9080910963208395,0.6958412766498625,0.8499869633347545,0.7339942457526866,0.7191905521499664,0.8101841687743144,0.7804297098383355,0.6958539405319857,0.7906873911888597,0.9271284458026714,0.755863238502514,0.7254167793764311,0.7654662205356221,0.8545679577166873,0.9337181385270353,0.7351543370400666,0.7742096389730705,0.7049568562739335,0.818661720119521,0.6347431221224494,0.7742296070371624,0.7642451957883141,0.7411927587803501,0.8782224234710891,0.8197034822434257,0.8905836483123215,0.8728026905151619,0.7246936702226646,0.8463642370493648,0.7891591687237117,0.7602673845829653,0.7621946219942558,0.8054916854004901,0.7857674985408337,0.756338170456619,0.7897947705026133,0.793070567635505,0.8354627068201192,0.6494595930997359,0.8342128318911556,0.7374449685197637,0.8679638516061196,0.7472600145784201,0.8066657941224552,0.8497928332258273,0.7885876346192678,0.8621736635281426,0.8427815462441751,0.8063739641921088,0.8215457234350761,0.8337812828327688,0.7652939836124635,0.7913112874589261,0.8535078734641409,0.8313456016013174,0.8128853288388653,0.835733624685042,0.7739115538023125,0.8405876863013088,0.7196063167028607,0.6874869496488789,0.8076709894057473,0.7753988330903012,0.781857162166262,0.6588942478892389,0.8542801590742519,0.7091944636139825,0.8210467549424944,0.8944096311403267,0.7531626829337793,0.8589093939151853,0.7889423487367991,0.7349767234415251,0.7457255188387244,0.840399109332633,0.6754133265236797,0.7735679239371263,0.7655555951505898,0.8410603155465282,0.8197643033967507,0.7834319552506803,0.781906433808802,0.789335928942649,0.7923646938761378,0.8097020539395423,0.7368452257511808,0.7607280066842457,0.7575151765393637,0.8598531847515163,0.7420408077284786,0.8282365490497781,0.7845675059463475,0.8227623791889566,0.7510670494992239,0.8789167281128655,0.8388070263696826,0.7807533111709992,0.7998662848755003,0.7362855607520735,0.7237420911287735,0.7662908783875643,0.7563006854839958,0.8798803446383449,0.7545118664169209
0.849931454291387,0.7935740322917478,0.6596754122236387,0.7292111296291814,0.7041942471564837,0.7121676937089388,0.7371618972515187,0.746163286601478,0.0,0.6405137880931877,0.7677047178235473,0.7291298503167262,0.7138174413703344,0.7847784526113907,0.8451039609202019,0.6623171473056106,0.6767349620893909,0.7960505951575085,0.7542739864211705,0.7837478681789836,0.7208013288049228,0.8028776436379443,0.6593981493568606,0.7460469074890402,0.7282342900553421,0.6479270035129308,0.6760489656274554,0.6767354540120454,0.6818217492031999,0.6921967749501357,0.8801671667728083,0.7106307505457137,0.7695587936847853,0.6618680857930332,0.8733959469359762,0.7814293583851027,0.7548066584403621,0.8025838767829809,0.7977900626303387,0.7125845901942491,0.7537781200526114,0.7507524760004373,0.730398495650877,0.7883090297549856,0.743584993375828,0.6989016405477038,0.6532620340368253,0.7456743454414614,0.7394555804211607,0.7998525866261631,0.7679814911752475,0.7051986649481813,0.8020128172521201,0.7780072310602919,0.7602295311664838,0.744385053125021,0.7812972854341109,0.7100217840928197,0.7453159990571961,0.760057322459681,0.7465380545951132,0.6885703691220236,0.7430982746979382,0.7200442084001066,0.8435845930123924,0.729460181810671,0.75512570670632,0.7125550871142795,0.6928875707656073,0.7862271090075589,0.8195685252055317,0.8013114515315841,0.7508675530964051,0.7226196737753844,0.7438318096506339,0.73782230939901,0.6737395835688187,0.64738978583639,0.6766864307881646,0.6102018578653715,0.6689952899756166,0.8796691078372044,0.7282846768820872,0.6913586359399307,0.7319041273232713,0.7778048526684589,0.784019845393138,0.7636733022354382,0.685332726974556,0.832283095876497,0.7509254155431558,0.8200197112100978,0.7748878263827449,0.7814830394482354,0.8408367773803079,0.7446450093515954,0.788286166575755,0.6811143025337029,0.7976056412292825,0.7040508346001397,0.8203279719149479,0.6910369389934786,0.6907278768084166,0.6710037635053413,0.840966102575205,0.6375063258054002,0.6542314546782857,0.6423319798044556,0.7035406192697667,0.7204665663999417,0.7474673026982651,0.7838187453280416,0.7413048766753858,0.7185575314612772,0.7426736183426218,0.6978511734008469,0.707667386870355,0.7198105718183105,0.6661434843651098,0.7155574941708629,0.7678571188682441,0.7026170567680711,0.7115745091284638,0.7419821698910352,0.8999639568399916,0.7108713849108165,0.6684537083349972,0.7246103562207808,0.6742352383837161,0.7722538925524883,0.7431281322632015,0.6737929531786151,0.7289746853852727,0.902692542360972,0.8157218937134189,0.8265278226239104,0.7050108536676011,0.7964879557790487,0.6957055610420517,0.7935211754207007,0.7589388768884429,0.7432874102426563,0.8202893749027063,0.8165638583744336,0.7625124822705039,0.6960895459416746,0.8236481725762175,0.6255518058947134,0.6877932202882486,0.600702227056886,0.8611100293259387,0.7741069013184351,0.7864513318782765,0.6437089065361858,0.6940780977095294,0.8458803150632462,0.7375282651414098,0.6570678001330756,0.8075244731786035,0.6780693532622756,0.6232923795964541,0.83513406593049,0.8239130853048517,0.8271956600571525
0.7215518170699987,0.864997542415014,0.8522400205899173,0.7532173188026968,0.6757498660926372,0.8208019637148772,0.7781914857056161,0.8236078265940175,0.6405137880931877,0.0,0.8322015579948842,0.8407503967454721,0.8208344335244901,0.7387777394084893,0.7414687467775403,0.8087245431823302,0.7833109790982881,0.7389615431930433,0.7765281731334893,0.7084237376204507,0.7626849734317143,0.7963893806090497,0.7525963062375939,0.7421343657725337,0.8946713795897953,0.683697590214333,0.768715582922101,0.7570497594311758,0.9314139308819294,0.7193490158775175,0.7685893869372458,0.8610844409979613,0.7660407315614128,0.7378245940966862,0.7238176586300552,0.7992147470030624,0.79659420851229,0.7490706126418687,0.7427263069570864,0.7633785855552705,0.7446415076428253,0.7743857142639748,0.7501942503600001,0.7673130292018642,0.8000500970473837,0.7198634196522342,0.7137153819389226,0.8065845047813625,0.7991144295178015,0.7055815297323663,0.749868634343398,0.69356554174909,0.6707349674546121,0.8104500812158312,0.8857264374094138,0.7647039531513363,0.694911786115012,0.7990858980743771,0.7873454183368669,0.7257856334723781,0.8010172557411707,0.6514280509007994,0.7283648359299776,0.7167431746571605,0.6365735220731331,0.6833334271178189,0.7264297269834943,0.7219435164426682,0.7971944744894016,0.8261068407906059,0.6787677516275973,0.6902364246880603,0.6844161911901777,0.7925711418246899,0.8037591570416663,0.7270921001792198,0.7579790082937343,0.7614354228051549,0.6620207380161072,0.6452678222803905,0.766802144651166,0.6456244132169433,0.7597012598504151,0.7696179325412938,0.691567825872355,0.7331501881651409,0.7670788818955502,0.7143092998458387,0.7838830801910088,0.6796667836909215,0.7118429210794381,0.730027914259989,0.8126808608027006,0.6790457688279021,0.6897525021174022,0.8525412908153598,0.6541007072932971,0.7725848837077355,0.6177613280474337,0.7493861228756454,0.7346676189985613,0.8024336149294451,0.7014773362908041,0.8366362364658998,0.7100106643005655,0.7018281930479983,0.7640815186646229,0.8028918367170026,0.7777802002383626,0.8143345801208823,0.7948527062331672,0.6606115974681661,0.7430348011089195,0.796068021498753,0.6988033588169629,0.7039239339200494,0.7722824432927806,0.8384593379350798,0.8373664617671326,0.6766990982602072,0.6346187414366143,0.6923845256324018,0.6847950121270817,0.7563239280939191,0.6185504362660991,0.9000358680897187,0.6444789677743114,0.7718101109188532,0.8736410959704509,0.730464736445093,0.8304727155211094,0.7157940924377272,0.6518117114360429,0.6210774347090097,0.753670544102156,0.6537928052652473,0.7355779682968985,0.7178238054871705,0.7869651788736016,0.7480073311470923,0.7858342348269534,0.8194466184824039,0.7156013280932169,0.7448487213498859,0.8074012264087589,0.7051411168393005,0.6819878404936598,0.8104059803081944,0.8902366371374663,0.7043430686705118,0.6892500648657202,0.8184211734949928,0.7153518775996336,0.8088729137181243,0.8309400383712954,0.7520263400458095,0.7329400118271596,0.7883271137104769,0.719888517509836,0.7220720713565895,0.8487801873896402,0.708774188801393,0.8423798560469493,0.6679135262631921
0.8859292289770959,0.90359364597588,0.8798390286965344,0.8205292191531965,0.8415700929241269,0.8858365789027518,0.8671015334233443,0.8546032943815111,0.7677047178235473,0.8322015579948842,0.0,0.9345516788472062,0.9106796635690456,0.7583606375099787,0.871685650204793,0.9213148820402517,0.8989975640381965,0.8508178500204088,0.8780251897937646,0.8228896862247691,0.9149457141286986,0.9162431828097973,0.8162770062483026,0.9329322119475301,0.9141130971952717,0.823309603658818,0.7789316760104951,0.8231966974173578,0.8779174922242627,0.8628539913451517,0.8560218699594887,0.8969456138663874,0.8316115811003248,0.8088115652265739,0.8247077972196253,0.8394265407235507,0.9335961499334674,0.8716951920181316,0.890726106494815,0.8936864027526863,0.8507626657753408,0.9007370612994635,0.8705279446688463,0.9186986133143025,0.8595750622608467,0.8284247723205433,0.7849481041488826,0.9516246867731569,0.8982476224833063,0.8302162566713,0.8966732334079341,0.8352376975238835,0.7470598301012615,0.9059553133518844,0.93396684951446,0.8290629716339201,0.8739590428217489,0.9226363009481027,0.7886959881771622,0.8273434976658051,0.8552833328503675,0.6957293020502499,0.8710223181977644,0.7254164755444419,0.7572016869178547,0.7901509216940235,0.8082970524844311,0.8251794238792053,0.7839542458069152,0.9036350670230356,0.8481123428759713,0.7586330532852279,0.7576717036266009,0.908387178717967,0.872261765360127,0.779110833670515,0.8766638529341706,0.8738429578141533,0.7637643874295573,0.782313079442691,0.8363320711740105,0.7813957520325523,0.8977343123839417,0.8117734939150024,0.8227806891378321,0.8587273653474624,0.8642001797541389,0.7437538842216288,0.7882632633423746,0.8355163006586994,0.8666646364912634,0.7630879215035268,0.919531177605075,0.8281843022018452,0.8097550848380856,0.8618556271785521,0.7140717143160521,0.7752686782852524,0.6829572641008727,0.786840487821853,0.8111708405520679,0.856925368718664,0.7266346449699729,0.772490812574742,0.7964064569017446,0.8116558475310456,0.8223694912017555,0.8308962692640908,0.8613719175139055,0.9448615334185305,0.9326607077498068,0.8053517612589722,0.8124490712194102,0.8212137409981104,0.8174489525822151,0.8646080215961193,0.8145929081831067,0.8813631436281493,0.8690177872536974,0.6939133205477597,0.8316128492599008,0.7297235621122213,0.8074075946989147,0.9276377729131989,0.7333206145915401,0.9239890295539885,0.6854713747266585,0.8995202807531291,0.8590747851998352,0.8040245701695952,0.8214232176243483,0.8432273458168663,0.7670507278419758,0.7832914836830015,0.874940464507267,0.7806079569183416,0.860915394465846,0.8477709116906142,0.8247431490897978,0.8820128064415451,0.7701056512475193,0.8742925826088161,0.8100476275830648,0.7777377561376564,0.9438486193162623,0.758877434100923,0.8530748407620238,0.8279527399231443,0.8518889896603504,0.7107436871872459,0.849037019128961,0.8214045442156654,0.8625785813486656,0.8171166398007629,0.8949217802413639,0.899915938168801,0.8995302134374322,0.904396413037538,0.7919856246905823,0.830481436452515,0.7611169868653412,0.8171165225318611,0.883299445990606,0.9092721926510963
0.8182420613526923,0.9072120480018071,0.8613354146980763,0.8428980514548334,0.8069710156438802,0.8809359206722825,0.8426760662539539,0.875117383171432,0.7291298503167262,0.8407503967454721,0.9345516788472062,0.0,0.8206372083809448,0.6884689499752487,0.8522648509409205,0.8746436399075276,0.8749027982280884,0.7875327627752023,0.9383886275483034,0.789844597450441,0.9132414369250232,0.8633014557872476,0.8216693383918504,0.895442306443021,0.914001635266938,0.7743238871247707,0.7467578389549502,0.8151443983414891,0.8747114303538018,0.8437897300100659,0.868095857554917,0.862114625191924,0.8559862783631143,0.8317802496595867,0.8005038325389525,0.8709063903046843,0.8396960611466837,0.8373803012579853,0.8992627246939376,0.837502812274223,0.896551943513542,0.8568340460869529,0.8453957667592421,0.900658407079624,0.8466580996825344,0.8076719165550021,0.7685366176998296,0.8865889344090342,0.8567127053199477,0.8097728385944826,0.8716122113047112,0.8379424432286249,0.7391739282045343,0.9202603005180853,0.9315099781984777,0.7860110380559657,0.8445589517334274,0.9533867586962267,0.7476624633287258,0.8153417986747038,0.8161322888221146,0.6710455552882661,0.8548137412301954,0.7133366110786592,0.7250266894697894,0.7475429692988117,0.7234796157243096,0.7307093085869715,0.7355108801143824,0.8641552136000028,0.773704177995403,0.7130272328891645,0.7068390884422188,0.8605418296008552,0.8648079346803914,0.7351252466417945,0.8077628542602198,0.8335034156198696,0.7759507981800658,0.7144014248616505,0.8064657580116688,0.7703102605515398,0.8450420585751937,0.7812168378933558,0.8157641288699073,0.8528209530443543,0.8030128226443779,0.7058411825403119,0.7827344493549191,0.7768077086467805,0.8374400566834896,0.7966862589578896,0.9078184216904887,0.7890735010276227,0.7527946245201991,0.8618389288611871,0.717481150130291,0.8267451693320437,0.6635399933137462,0.7706553293913252,0.7527083091275831,0.8314972814870834,0.7533209001032396,0.8474020050806175,0.7893020882540664,0.7860338879199377,0.8290311242649208,0.8397330164764041,0.8378257372947022,0.8943335314515848,0.9364489560108635,0.789220788699086,0.7454239863575887,0.7874733829697443,0.8010691844503788,0.8322070148529818,0.8340232530923616,0.8527599694938681,0.8757062896297634,0.6776038647166079,0.7681060608730569,0.7489661037519105,0.7726131122404635,0.8849362713742097,0.6739907805621208,0.9348931081585325,0.6707305582341481,0.8679308149946738,0.9003253233049116,0.7393879840457818,0.8143646675416911,0.8056176514430865,0.6754643133169569,0.7672046915773896,0.8439760670970079,0.7173207411387926,0.8329510211597121,0.8123074244817414,0.8084849549043982,0.8956087090576621,0.7695703107360666,0.817846140730576,0.7999833548000552,0.7843618384252476,0.885969138637451,0.74646151378459,0.8414585377641812,0.808912866782513,0.8716419066239516,0.7360060742655113,0.8308344415731658,0.8435808869874111,0.852978650414299,0.7888263571692604,0.9518659198264185,0.8127743941774394,0.8031577984348909,0.8832723667059998,0.7577177637350055,0.7684262128546814,0.734017758690382,0.785995095690964,0.8994818002748574,0.8383699831238415
