0,1,2,3,4,5,6,7,8,9,10,11,12,13,14,15,16,17,18,19,20,21,22,23,24,25,26,27,28,29,30,31,32,33,34,35,36,37,38,39,40,41,42,43,44,45,46,47,48,49,50,51,52,53,54,55,56,57,58,59,60,61,62,63,64,65,66,67,68,69,70,71,72,73,74,75,76,77,78,79,80,81,82,83,84,85,86,87,88,89,90,91,92,93,94,95,96,97,98,99,100,101,102,103,104,105,106,107,108,109,110,111,112,113,114,115,116,117,118,119,120,121,122,123,124,125,126,127,128,129,130,131,132,133,134,135,136,137,138,139,140,141,142,143,144,145,146,147,148,149,150,151,152,153,154,155,156,157,158,159,160,161,162,163
0.0,0.5697782923865602,0.4584582654445751,0.5620220101266687,0.4633004374598804,0.520413183009776,0.585119588525353,0.5362065707044155,0.6812495818052073,0.4687225227831185,0.5706538007271049,0.5458166223911816,0.5752075753931477,0.5841927272771946,0.5542338432273689,0.5319008520144146,0.5739983384986409,0.7283608298700907,0.6053879493503406,0.7370627270186663,0.6011462275453554,0.5618214087672608,0.5873523793229094,0.5151651333475602,0.6096062770061739,0.5194228176040637,0.48591617470783877,0.5413888652240535,0.4433381436736883,0.5666936665546682,0.6183298712497307,0.5841354172994198,0.5419918444862177,0.5739898906887414,0.654666597168348,0.6083839508480979,0.6444889592455227,0.7035695998217686,0.5485965595925021,0.5183609388431013,0.5796689540366274,0.5942484062424308,0.6319020825979275,0.5964562600323045,0.5856670678057259,0.6250774256319834,0.5372875479052952,0.5229089877354653,0.6626608437322905,0.7439031881411763,0.6796858222558387,0.593096182912569,0.6699708174006189,0.5736840581084894,0.5522799753012798,0.5760143452796395,0.7806151024384809,0.5606045645604392,0.6154006098623799,0.6648911793850396,0.5256358105794218,0.5846511494238686,0.6102360967200022,0.5754557701981126,0.6726658351909893,0.628257643488224,0.5708146583721428,0.5941059744917392,0.5955927587007505,0.6009498524842717,0.6722718149876463,0.643700249102302,0.6096971144271041,0.6042941668706032,0.5810690603728642,0.622969189986054,0.5356883015321753,0.5015609160920534,0.6255418053122402,0.4822980942416429,0.536544235938486,0.7052866634274054,0.5895252263519589,0.5657461815362754,0.6347984352285049,0.6679403018888722,0.5630972010796685,0.7044359423926216,0.5751361523656392,0.6093303907399135,0.6878814443937815,0.627935955574209,0.6275894286866973,0.6855664217737241,0.6786215336160968,0.5629510133993214,0.5525118494072212,0.5559081370004535,0.5894919909340153,0.5575981198442453,0.603617909780762,0.5085762498974877,0.6078315824705115,0.5240182512264765,0.6831146263210939,0.570209164323874,0.5500339095246761,0.5590755422923807,0.5695742949256576,0.5523084208291229,0.6086887834412724,0.7099494511231896,0.6054136137885179,0.566732150352566,0.6587185068502541,0.558924263240174,0.59563052956602,0.539094074612326,0.5166037868437895,0.5616957297014872,0.6056441094458204,0.5491808055187173,0.6427548580525058,0.607815076070447,0.6129954196518356,0.5073338964637504,0.565981179569476,0.5233691488397988,0.5219934943462355,0.5935394390758396,0.5580234274680242,0.5349048118677469,0.5939209766216448,0.7019072353054696,0.5795966991960815,0.5842888291033568,0.6194789543308297,0.5573966713930262,0.5153091458051211,0.6991755558330938,0.5567203288203469,0.6097798246123304,0.688474648208921,0.6152484083871262,0.6348118819222853,0.7140918192564564,0.6146643373837691,0.5188651790149506,0.5489959821932209,0.47321983219934216,0.6740523213941133,0.6317706426119326,0.6626430655225082,0.4948297862672044,0.5905862745373605,0.6538643635896739,0.5560434190733299,0.5164729276230802,0.5394971741404173,0.5900771053119725,0.5062042692271109,0.670831655016068,0.5478253899243837,0.7207754287977223
0.5697782923865602,0.0,0.5484307385174362,0.6066257124706953,0.4327938360682392,0.5418208752111784,0.6116087189404027,0.5509351942266165,0.5100399303757303,0.6319765619727007,0.5940641534935523,0.6049037565426628,0.6155744779095796,0.6112771058873189,0.5522594548078325,0.5536283319565863,0.595927769375938,0.6035138599010179,0.5716149754693753,0.6118123552569211,0.5932325542983193,0.6317872697113441,0.6088632167366174,0.5593258111118008,0.6552514608828692,0.5037027163222579,0.5266693604542303,0.5513905987111171,0.6056520215385304,0.4862231553419402,0.555689211071774,0.5782073336931406,0.6283052693506838,0.5685898401840105,0.5646092595425911,0.6693906029335098,0.5975230003763428,0.6194559779381865,0.5554314992129751,0.5828603817865364,0.6717384665677506,0.5454784646402772,0.5341401578495746,0.5604481970616363,0.6435469079550652,0.5980994525411392,0.5208956687296166,0.5327638193988516,0.6443855330745588,0.5960811254886964,0.5811739397309597,0.5422801842010182,0.6073467614999326,0.6917577767645583,0.6360603462495931,0.5586082710387305,0.5819281433839218,0.5340693323364772,0.6677789124232913,0.6532172737018802,0.5681719281357253,0.5131260763608186,0.5224149600360839,0.5942584768954117,0.5178954700052985,0.5398844766636631,0.5833460458046057,0.5424613153746546,0.5886253328067629,0.5484383645654624,0.5421957491961507,0.5786357646700442,0.5190652034329832,0.6216383763149833,0.5860659974076003,0.5425041343279065,0.5340527987783539,0.5338737006064038,0.5571150631269299,0.4510007402923736,0.5398156528707094,0.532888321096783,0.5921411222368761,0.5938904023866722,0.5301324794002054,0.6607312501643391,0.4909786315915784,0.5504532794102137,0.5609653058567549,0.5932657219163257,0.5456463628269447,0.563786542836806,0.6343255864866127,0.5577099113926569,0.582397643185816,0.6615306627930955,0.5185089988742762,0.5779647602276186,0.4954249465755824,0.5773787824818626,0.6019676188491758,0.4884872098118554,0.5216393598784143,0.6329586911228915,0.5455508318577835,0.5564503344266384,0.5682274829710191,0.6280833719671142,0.6432373434441742,0.648197079501214,0.5949420172376357,0.5439648141879204,0.5551635523234293,0.5370604210197599,0.5843139118356455,0.5545970985136168,0.5607909827201277,0.5563439316976484,0.6083793840814465,0.5227100944655734,0.516841489727646,0.49545147940390943,0.5598450759333125,0.5780806973821555,0.49515972902575683,0.6371266606014664,0.5199969331720387,0.5543514369860287,0.7057048633149579,0.6104354684479723,0.5461501784615503,0.5098754431354318,0.5235472552441743,0.5415255530465818,0.5984152929033034,0.5146383532614565,0.6023880225727501,0.5597973068609641,0.6292833680608628,0.5931955134780522,0.6154407102183534,0.6055983759670649,0.6190046011912894,0.5786991327504557,0.6441066049194416,0.5618821018980995,0.5442124182885277,0.5957462588043941,0.664945296071756,0.5076830339669399,0.5170493227924893,0.6394089773243301,0.6170305913773412,0.6388854573590282,0.6394832357625603,0.5911573652592594,0.5746231075893319,0.5450639228502646,0.5540583237924431,0.5122966391930138,0.5953724651357807,0.5420097954048064,0.5171765122121522,0.5414080155950102
0.4584582654445751,0.5484307385174362,0.0,0.48791602893836566,0.46314955273833186,0.5828470339068542,0.4825690636510986,0.49666689326149605,0.41511836985295764,0.5512141276257588,0.5950646880979985,0.5665491964500261,0.5676146399954792,0.44664032515603813,0.452967386590986,0.6494757386263238,0.5825366633269298,0.46951116243381996,0.4754386063739978,0.45728468467742656,0.5796711411364406,0.6012558764739993,0.45957771549854604,0.4994474461461208,0.5172071878644157,0.5020049945722705,0.4333890303053573,0.45576626678695914,0.5562035990481621,0.49148560150375903,0.43364039097822743,0.5266712530316259,0.501055667331019,0.44803544900718495,0.4158285259823967,0.5029294030346437,0.5310201240949364,0.4989126919073412,0.485972038529646,0.48461995179980105,0.524788180590282,0.5064214152108699,0.49996981486375014,0.5002457911058272,0.49297367017505855,0.4907870916501873,0.5161697864082171,0.5556199644718284,0.48027709190554096,0.4864046939533716,0.512217976617745,0.5197343762810074,0.453079137456358,0.5731054429397279,0.5351122852510118,0.47262546273756695,0.47762002451628244,0.5918193217476865,0.45806432839322037,0.4816648305060094,0.5040534241531032,0.4588492149725033,0.5312428450856808,0.4409972429560767,0.4151648081032274,0.45372157187919776,0.45442098294907735,0.5376481424236113,0.512318666627105,0.4957037958561184,0.48471191877780584,0.4192222921350191,0.42931698459973194,0.5625666448164733,0.5311285608032799,0.4163646358479683,0.5360546591436101,0.5648847516642556,0.46500829345234046,0.4503139975475646,0.5274378533757305,0.43448372601433155,0.5806485838521858,0.5149844964586666,0.44594715098662485,0.5136350535053319,0.4472729147220486,0.42914982482677116,0.44905982031666747,0.46620676648580217,0.5090996324748416,0.42390028183472367,0.534367655498195,0.43672544547081743,0.45339816990076137,0.5582558438077803,0.43769016957560747,0.46149893621969806,0.3940625426186928,0.45049811296064457,0.43323128017317547,0.47834351816134524,0.4232557929303908,0.49914018685559997,0.43866234489392,0.5450155308810715,0.5275235928135951,0.5245508337313846,0.515659749457783,0.5815876547494734,0.5143504311041619,0.4419382422490572,0.47254411418716,0.45411955675749294,0.4690103220095148,0.5135298475243203,0.4430032195040817,0.4880400947306012,0.6274223004269731,0.4290388769052714,0.46205756858368324,0.4486917792043852,0.45485697483376564,0.5209863241050148,0.3874783113812447,0.5872922860705043,0.44777869753717464,0.5495263767481696,0.5704659145301281,0.4737799074654479,0.47140526592251275,0.567093143569971,0.4335636600463452,0.4291603380890412,0.47998898650280725,0.42782283224411854,0.5188850819769454,0.43849378682378154,0.477862212006379,0.47839051737821414,0.459870699091632,0.5246829750925806,0.45614653450801695,0.46676443308964316,0.5288859623109334,0.45029461628614736,0.5076582613081766,0.5675979617735918,0.537145542534735,0.4729912307808555,0.4137747018098244,0.4694164076591009,0.4986823748635495,0.6038288814452055,0.5527553274377106,0.475267124700648,0.48864730066893414,0.5790204744081066,0.40716416091144025,0.45815566038043504,0.49212325212820257,0.41849800478643373,0.4285216877410388,0.4711119187447443
0.5620220101266687,0.6066257124706953,0.48791602893836566,0.0,0.40282126393406875,0.5069896483393689,0.5858005777447721,0.6011287066166718,0.4971415869671347,0.5261488001473936,0.5611861461938236,0.5148007887813907,0.6723804301724864,0.6175515394176131,0.525331019515799,0.5269305680705736,0.5795074551176455,0.625834999257471,0.5175376525514045,0.5521113662144669,0.5514057905416898,0.5419504060195686,0.6286113828397322,0.5265652372906197,0.5772265120418799,0.5668180379205167,0.5989934333381176,0.6080867822121071,0.4781538358722444,0.4582765389453951,0.5107202236999401,0.5356911784383379,0.6777861901419493,0.5899399744325643,0.5173565031701272,0.5790145711753022,0.6105374182003067,0.6034081856362904,0.5005352284800998,0.6416468346478413,0.6091938564773579,0.513893942919873,0.512911614067305,0.5047719804800502,0.6829296569138127,0.6639065110061911,0.468041231681433,0.47835942395716774,0.6044911220798366,0.5531058244876116,0.5978608547064266,0.5503947227213382,0.5722387363050467,0.6252885435102308,0.5623228935899908,0.5335619720232712,0.5848095625734683,0.5142258704693389,0.6184965904030356,0.6736988136017931,0.6447129289996391,0.5204586165237282,0.5359490395668643,0.5086743534587879,0.49758414470728446,0.5813772364498391,0.7375851054921134,0.5407356937433068,0.5786052209923402,0.6028614102889439,0.5482437421805457,0.5539232281079013,0.5522845493819057,0.6973616763114276,0.5844104437375272,0.5370702143128141,0.5976649481051047,0.5071390214258786,0.6250421883846758,0.4514927698601723,0.513926024914572,0.5455228182752392,0.5425210448978347,0.6411578407985353,0.5536408798002425,0.6590409458066174,0.5267605921325569,0.5668510887140212,0.6110873636702205,0.6268609637401866,0.5566872312468198,0.5298241273993402,0.5422321307471943,0.5670802503116433,0.6151078194456305,0.5473977260820451,0.5093701043544951,0.5392697501550154,0.46821877159485903,0.6969982868829683,0.5693912880284958,0.5202372161011187,0.5569106406233417,0.5224908806931885,0.5567557572720339,0.5846541023561496,0.5880276414243328,0.5948040257228141,0.6407916815430384,0.5481720816902699,0.5623192782899724,0.5493481047724788,0.6113528001593,0.5723206547968593,0.6586545274836999,0.6098345005449375,0.5365948017564341,0.4682625573338673,0.5562291756464942,0.5581222644275229,0.48931069225252527,0.578451058059364,0.5364151185593801,0.5754799988977795,0.46417244659702134,0.5508368956672213,0.5518453002394426,0.5467227164809684,0.578400449797842,0.6027950712410494,0.5111744646517946,0.5006444918615899,0.6313275562664973,0.5432162348324879,0.5274516971259074,0.45816500720521514,0.5131377906646376,0.5481167768115078,0.6145135744199167,0.5691197951381004,0.6312132632329865,0.5258313981621098,0.6279724844984317,0.5384077742573151,0.5796149100808826,0.5573877883368419,0.4961768444868607,0.5867751943377565,0.5212958269756834,0.45388528864413336,0.540166324258693,0.5567403488734439,0.5705938532961262,0.5599074298739819,0.5995278610431082,0.6273577343778105,0.6296597497117039,0.5565739240557678,0.5923549316247683,0.5609170206947012,0.5908563607990139,0.5180935398378621,0.5250830887856914,0.544661129602499
0.4633004374598804,0.4327938360682392,0.46314955273833186,0.40282126393406875,0.0,0.4335417125258913,0.48850099008103703,0.3766503451060164,0.40566437561624585,0.3789582676892002,0.5097670227610245,0.4706786045616959,0.4346247714868724,0.3938703270135543,0.47190399771886316,0.4890262847154294,0.4638911928512102,0.4393778341607352,0.4220134893050808,0.42699996021317266,0.5049475352335411,0.5160465875885422,0.4196503669871791,0.5222713443236605,0.4188104902088721,0.4787214775051643,0.36456177571041565,0.3744499268333183,0.42072801961775413,0.5092277383990839,0.41519876550003537,0.42807038957799465,0.4317090343486556,0.3916259622600844,0.4194332649174424,0.43393231856337117,0.47794122300837216,0.4428913599720741,0.4769274309229772,0.437789825122521,0.47620958635092603,0.44862824743064234,0.4972448094320591,0.5494092217810597,0.40319399136096495,0.4323955824547786,0.5440096720945304,0.5557027517983093,0.45863841435118446,0.48229334810595775,0.49033999082605517,0.494629103241607,0.42069853161343307,0.46229113629042995,0.44686433419755284,0.41182024016656116,0.46601499899584703,0.48365571223111226,0.400832323594253,0.4292238597402255,0.3762516547194867,0.41460116088318144,0.47680529251929865,0.4023873415539591,0.431394760198661,0.40362525016467143,0.3885548538464163,0.5215573166210201,0.41570449764051626,0.40129171169619243,0.49356198842914906,0.4084951508931735,0.38277407197461866,0.4514172704291574,0.4036181969569399,0.39151799316326485,0.4455729380404173,0.5543245583778775,0.41459229184694224,0.45167644502593507,0.434897136462034,0.42838621626607143,0.5429915378392636,0.39537015573258244,0.4085439281086493,0.4370583651381437,0.3808486080894858,0.40357899711611595,0.3732460731972826,0.4159711995567209,0.5308347221400911,0.3993068242503907,0.5192812056918773,0.42282075605997105,0.4202838994871644,0.4592070319055079,0.37702477919748517,0.3855778843457066,0.39993519744152856,0.3770111648696838,0.40967768303586677,0.38637042126405563,0.3894082794946828,0.3970846058776644,0.4017027691474594,0.4633625758834422,0.40762241399113885,0.40458884367198467,0.4567936925422105,0.4905807542869225,0.4783782947213727,0.4402132534714556,0.3977034351682175,0.3746736513420776,0.4311227948435158,0.45339518061837053,0.38851228217301353,0.457167493737388,0.4411915277610027,0.37536380439135936,0.5962280225166727,0.37900433162514624,0.4280347137889667,0.5046607221982702,0.40308587743197344,0.4470715887869691,0.3895135002740006,0.4763979176102188,0.40930771727858717,0.4420710242797885,0.3870205189793394,0.4557197776492814,0.3807548996213383,0.4273783455049215,0.43359688834235965,0.48841939773496834,0.5248558406664185,0.46014066587048896,0.3980321927713283,0.44905926888930775,0.38791472745873906,0.4503307864856976,0.41563241744375,0.40678760020341426,0.48029378005706963,0.43776790068553495,0.5504247053986434,0.4321633443312264,0.41320211685100583,0.3809189301815655,0.4064067832390794,0.4138095995462307,0.4642385784011683,0.46396883112479026,0.4393279456004294,0.4233969383557,0.4400176811213734,0.46672427515824216,0.39177597659601754,0.42629028667641344,0.38693030179519855,0.40664085409592343,0.37715147404177946,0.5372040668587724
0.520413183009776,0.5418208752111784,0.5828470339068542,0.5069896483393689,0.4335417125258913,0.0,0.48740253953156076,0.5571325890460969,0.4757099603107383,0.540825237175973,0.5483634378774497,0.6140596909187096,0.5937350981014173,0.4655303392639196,0.4337106075000568,0.6714337308660248,0.6415754669552232,0.494340869577044,0.5719216477020848,0.5108858169753971,0.6661832847779121,0.5148532095889319,0.48185100722983154,0.4597812672744471,0.6023268253608508,0.5065372511870079,0.42343818562468505,0.503003231180978,0.4694923044936958,0.5642192001896885,0.481971867893089,0.6994030819601179,0.4788070194104091,0.5455778942385152,0.44391212804962915,0.5320977517960452,0.5783127989945185,0.5472337382815919,0.4906824152200144,0.4584360382166288,0.5062449994255372,0.6162002008402718,0.549589542493851,0.5242934521793581,0.520885715260029,0.54987285043866,0.5595039315778858,0.528421104278302,0.5091103257148947,0.5314363933472925,0.5906666600702609,0.6025356230260775,0.5116075277565796,0.5647143940176604,0.5342936961692969,0.5941608627535538,0.5593926308331435,0.7071778842458795,0.48552381206069933,0.5311701249723938,0.5589078828387282,0.5878063599802325,0.6342010519204013,0.46656626141671625,0.469445489608705,0.5564972216751709,0.49226709240862127,0.5662424509153285,0.5153623450307167,0.5553212671817293,0.5391049425343692,0.4521410169833503,0.5166000390897686,0.6069870723604324,0.6275406268427199,0.501010689864336,0.5817958857380765,0.5371022530308357,0.5311514580331359,0.5465998755650346,0.6728473299593701,0.501084987801595,0.5989901807076037,0.5742497068326421,0.5617446593589905,0.5574475226659312,0.5523429965247534,0.49673913095704014,0.5443078246180033,0.5250555057067686,0.5560905423084577,0.5027810679245107,0.5407458117193675,0.5212352043829147,0.5149149776733727,0.5648241093463449,0.5165599440270644,0.567752609412019,0.4545908667891024,0.5141133578396718,0.4628980084375939,0.5579024701571089,0.5069960022195863,0.52216780576012,0.5202888256362012,0.6193682557115602,0.6721055564476148,0.5894855150953985,0.5147613108083003,0.5979563355718464,0.5995426691130089,0.5112375397258915,0.5973482975396095,0.5395183403415116,0.5198182369818759,0.5362987151050194,0.5562928973944172,0.491216427598408,0.6811409861831556,0.49896304324277524,0.46684858317357086,0.5302289926266816,0.5578691890185133,0.5788767792577886,0.43662644270005974,0.5495814319700081,0.5637286036618655,0.5406341155650075,0.5994485027100286,0.46482862894830734,0.5708888055213843,0.7362696070332909,0.4978494574302046,0.49237750424123705,0.4923316735427954,0.4437648290095288,0.5482552171138371,0.42403224713574805,0.44009804647264095,0.5468324965353382,0.46895586408606027,0.6395674994195826,0.5304997363762173,0.5371156686676628,0.5749565331937483,0.5295434080557325,0.5309623063659981,0.6065825856575473,0.578673510310431,0.552540524719058,0.47605953023678127,0.5410351194406763,0.5097023521044103,0.5154272845092147,0.655381761651148,0.5245487455759927,0.4834817091465968,0.6355464721990233,0.4082539024151025,0.5689567767095487,0.5172810750227277,0.5002722481820308,0.5182864835291369,0.5022752104251803
0.585119588525353,0.6116087189404027,0.4825690636510986,0.5858005777447721,0.48850099008103703,0.48740253953156076,0.0,0.4775459507932885,0.4805809321712994,0.4970287196911905,0.5915384098586205,0.5693581877852595,0.5757451071473867,0.5365150056083984,0.6138767247197685,0.5340952210551541,0.5601625788976772,0.5963263979262565,0.5349727672674347,0.5532819681172948,0.5828226798011991,0.578462139199708,0.667233754625227,0.6871443942042756,0.5678385944374739,0.5593681708691318,0.49671955077991115,0.5091607769109091,0.5150409092952025,0.5092549996572797,0.5331378263145641,0.5302376828702859,0.614200034206892,0.5632588129041721,0.5395944794161548,0.5567128108354888,0.6340633982370106,0.5544397189853055,0.5695467584966263,0.6455027672708987,0.6440538257851128,0.5112040959231829,0.5556824754869379,0.612349839735868,0.569902274242585,0.6188370878246365,0.542797316054668,0.5551422292147836,0.7354412869886909,0.5760925904136707,0.6318875491324557,0.5570364594060313,0.5590715278642275,0.621272228396875,0.5901026059119435,0.5159284654820415,0.6056686436042092,0.50931471524553,0.5855873187077011,0.6213414912661536,0.49502947526570446,0.4857377524450788,0.5110796587583378,0.49960567893486335,0.5254179540207534,0.5250723335505487,0.5644512722402365,0.5842350399272925,0.5043722855745164,0.5001658185334796,0.5686405517430267,0.5597653628720394,0.47581959926871326,0.610144908726584,0.49274493302853606,0.5501135301208383,0.5672091158170799,0.6081226274221929,0.549423729096208,0.49351830488790877,0.5049385355289688,0.5281122751162758,0.636174497255447,0.5056237749848647,0.5124397107952888,0.5786844140007283,0.45938432909659155,0.5373069353095067,0.5179302672916782,0.5754896822451537,0.5819856089529545,0.5282356767048457,0.6457544887889559,0.5839031776538972,0.5581389650922122,0.583196408608571,0.4560939841074854,0.49790247753263184,0.4729182511809358,0.5422213811594966,0.5868653106097446,0.46631306458253763,0.508655790900955,0.5144211989932245,0.5005188088299783,0.5624244255558878,0.5187523613903217,0.5327577226347212,0.6819958409898715,0.6442627524814466,0.6391460669852144,0.5431707381167739,0.5137833619866197,0.47888726412629473,0.5867131735159543,0.5686550649766648,0.5162104207324161,0.542252165097722,0.5273087219639564,0.4728784412889774,0.5927512941804348,0.4681016372764192,0.5342589890534263,0.6803962347506494,0.4835188328882421,0.5874531024120936,0.48033641573172736,0.567157148760254,0.5352526170215552,0.6021605002246804,0.4669785654498786,0.4775041617500151,0.5126683497558835,0.5240230413980249,0.5422511266655459,0.537134730231901,0.643067922097601,0.6271616951822059,0.5582925739498719,0.5975138356822839,0.5456334180630967,0.5317596114302149,0.5866408145445601,0.49583274793857457,0.6305479861392786,0.5638678114177251,0.5525583460873057,0.5760530173709523,0.5195321113879501,0.42739148904883806,0.5271394945587082,0.5655855727221191,0.5796164199295214,0.5979849977125955,0.5813954993203603,0.5800147535599225,0.6523270329893116,0.5653234310391795,0.577837960404282,0.5521867123097317,0.526932517630932,0.5248149849479808,0.48374643086512514,0.6194064403193348
0.5362065707044155,0.5509351942266165,0.49666689326149605,0.6011287066166718,0.3766503451060164,0.5571325890460969,0.4775459507932885,0.0,0.5231182367205478,0.537671157174749,0.5295183802157121,0.5346812183534926,0.6263365990414443,0.5312771774148354,0.47020278053966497,0.5366886892051003,0.5365937298026677,0.5477300634751286,0.5399312105100155,0.5548656825522188,0.5353947617625316,0.5109280062555126,0.5083439841276759,0.4444553947511768,0.6064231845337693,0.49698298217764203,0.5118886201930613,0.5525879581694739,0.4481839774708908,0.4661707224614236,0.5404284855288539,0.5863360425235038,0.5424377685837328,0.5646651469049362,0.48552922681926564,0.5796327470000631,0.5960231339059203,0.6014298044208415,0.500111110913046,0.4783617329872629,0.5140868108972811,0.5112142313025257,0.5361582556179866,0.47712574130924357,0.6782419458482652,0.5855276835770189,0.448025796728582,0.47532323445951513,0.5215136162914462,0.5392753089875617,0.5565889536289665,0.5055631481255302,0.5158294932213029,0.5724120396560615,0.5579350326831326,0.5303909358602846,0.5470953896083177,0.5579299939813576,0.5404934019056353,0.5825460601159405,0.7718753680120888,0.5523999832010462,0.5614274498304677,0.49876045514341955,0.48029320492361266,0.5876961920831896,0.6047445376539188,0.5233712928482731,0.5970937685356625,0.7489179598764799,0.5342345866100165,0.502078449192869,0.5521845118791059,0.6136542558544861,0.6436514374403152,0.5156182799800322,0.5705708146675202,0.45397227807634455,0.6133959639649901,0.42594220092689256,0.5153736894971661,0.5412289401450403,0.5110869457744587,0.6827833666006806,0.5462749935347596,0.6217345732329944,0.6718645751537096,0.5740526711870575,0.6262919048342518,0.586334524582969,0.5154310995539707,0.5275521107796803,0.5089214642919528,0.5209456705370136,0.5425558332262945,0.5615797735371018,0.5928026977959789,0.5579964209319098,0.4581302681346884,0.5937018914864142,0.5238224381479661,0.6587129141913263,0.560102559084471,0.5499791556133351,0.5879321846204069,0.55776703893392,0.6279876191420264,0.5694826864773151,0.5190318905732532,0.5069235435056376,0.5271494185762851,0.5263523466724327,0.6183087981266499,0.6094165040793075,0.5688566559645175,0.5094959857695391,0.5279165599001407,0.47891948765731435,0.5342381887644978,0.5420744358566841,0.44005926743492096,0.6755530389292378,0.5111560135316027,0.5158508093078101,0.4494253566451004,0.5401389367509264,0.5470509020981043,0.5466968218531995,0.5763516495802782,0.52568140951032,0.5511763470459186,0.537592320332826,0.6254296760255373,0.5185596352484357,0.5407939763005184,0.4334323452793764,0.49609494234897794,0.4577967094280252,0.5273641239618522,0.5808916698611376,0.5796713245055469,0.5488443720406275,0.5597917190457269,0.5731287304179703,0.5543948528754538,0.5479870086969649,0.49471645631049777,0.5434014967477232,0.5623945869377985,0.4782881299579906,0.5469710154378435,0.5340990525331853,0.5308786424177626,0.496031180715681,0.6041633953021568,0.6340474356312708,0.5124794160454426,0.5222547950265003,0.46824833560116536,0.5217219275684781,0.5242404710672415,0.5004519348171459,0.5246631544702698,0.4836921257324718
0.6812495818052073,0.5100399303757303,0.41511836985295764,0.4971415869671347,0.40566437561624585,0.4757099603107383,0.4805809321712994,0.5231182367205478,0.0,0.4402338865673452,0.4850052733369368,0.4855365428114451,0.4937721642859061,0.5508712172503407,0.4810477161744732,0.4607649526190613,0.49098100030909386,0.608231789263194,0.5491112230110765,0.6813603957055899,0.5123486011978949,0.49398713490574603,0.5024261597474028,0.43117885507848414,0.5594714433455693,0.4456880194791453,0.45452500003549934,0.49341843420317455,0.4014570247219826,0.4986565575629692,0.6018243819438858,0.5222649216102249,0.4724438766979172,0.5139238454565936,0.6384993867597646,0.5694025614921584,0.5352758707310278,0.643271714335779,0.48668947999265466,0.44055346507400944,0.49651417043361307,0.5589582049981782,0.5405242480431361,0.504825052103657,0.5327286007112629,0.5208503884982278,0.4661019153449919,0.45263475694260413,0.5395229214938175,0.6255801333907148,0.5434110501970462,0.5018211632959776,0.5873417918418168,0.49477574677247654,0.48505182545630265,0.5505231162394507,0.603977721659387,0.5033292059777178,0.5621965181492241,0.5590083416134224,0.48988067004729896,0.5503814209500074,0.5301633688310108,0.5904835769146771,0.6236393861959305,0.561675121501693,0.5209132453386314,0.5029809020330356,0.5703886649962502,0.5777781952222386,0.5711109591116775,0.5998402491528284,0.6316688783576361,0.5079504020391603,0.5482560713442007,0.55635277360805,0.45735897785041185,0.42502746734016833,0.5531975946015267,0.41985887574792774,0.48384914410424357,0.6898354047990025,0.49219397262306624,0.5270431177611125,0.5983682836711476,0.5992779624909085,0.5712032819912708,0.6708725825073438,0.5341342790457551,0.5641444781557174,0.5657670746238608,0.6376427306420919,0.5177409078185506,0.5655816836101998,0.6227986399698605,0.5116633996042131,0.5674963296504736,0.553568317173222,0.6291623992156066,0.5064042281982228,0.5501845070583214,0.4796163820929516,0.6036800126335925,0.5090630766559783,0.6983541440685825,0.4869777437145884,0.49389382281248384,0.5187208060285505,0.47602861000145097,0.4716393137043757,0.5104829448444367,0.664670970344246,0.5663128206053265,0.5724363208989114,0.5505798898136908,0.4765493084858679,0.5551348886180162,0.4857051002832,0.46265604427128054,0.5751204572627344,0.5061336453305548,0.5413183086320562,0.5902410053534589,0.4917195981112153,0.6519652770005467,0.44405203500930884,0.5478141760318682,0.45629928747893844,0.4796613810602986,0.5214010999670714,0.5744547850201985,0.48926541543185603,0.5525477189552186,0.7080288718836768,0.5425772769226831,0.5216286511607069,0.5117832801704161,0.48243500154999475,0.4712006562859301,0.6065216415226852,0.5164256035185592,0.563619428315011,0.6192590301216732,0.6503558386395341,0.5471539506540736,0.6624632812394057,0.5479639870269507,0.44906081320533436,0.5257543048780159,0.47149149783259603,0.6428635777869177,0.5738023818724138,0.5757411138241257,0.4354914929667455,0.5273886241757056,0.5882810077605145,0.46169820682524726,0.4453064420771838,0.4863884910901266,0.5012820844602708,0.4606728907490841,0.6539437683396049,0.5496600731088068,0.571959027862041
0.4687225227831185,0.6319765619727007,0.5512141276257588,0.5261488001473936,0.3789582676892002,0.540825237175973,0.4970287196911905,0.537671157174749,0.4402338865673452,0.0,0.5226749082343637,0.5572464812222582,0.5612839470004146,0.5051659418657345,0.4426297333600269,0.5338953888125539,0.5493551892929219,0.4971100416936762,0.5237376287178028,0.4991110590139623,0.5194843359767843,0.5165002374595468,0.5309197643161663,0.45584602154500725,0.6282224219452426,0.4420767669944038,0.490711975404311,0.5338381946105156,0.5989609157699064,0.4534610612280468,0.47150881617922596,0.56634542222035,0.5032391868686171,0.5227104127559159,0.4525793870493828,0.5354185190766033,0.5168730459351146,0.5178254987371248,0.46828893853637443,0.48600509572772815,0.5100159359776378,0.5065424393672494,0.4677784338281162,0.4632456987213902,0.5455925557786605,0.5087968784045709,0.4564961888463996,0.46981205350397925,0.5302111243133252,0.47635647616941,0.49060806082412517,0.46538620494916855,0.49248809531214366,0.5557698029265687,0.5589336634121239,0.5124255659557663,0.4832076035913508,0.5085158216022092,0.5510493309077548,0.5190399038702046,0.5526987385060353,0.4626828272122724,0.46754147347423997,0.49738027954441105,0.43060605565503524,0.4806019429893129,0.5053773832536842,0.4729391047333779,0.5412350410675808,0.521880164721899,0.4510652040892128,0.4686349728842211,0.4706264905550105,0.5463938398588658,0.5640622298307679,0.48413227414618026,0.5014291277547417,0.4795352298619406,0.4823130451776391,0.42661073254040976,0.5176013821691945,0.4453368646965046,0.5110507046282531,0.5550290197730724,0.4776129902408799,0.5323233794926614,0.47316063342224396,0.47834080807993157,0.5374596066642386,0.4955055947845646,0.4633260744912444,0.4806809289513656,0.5177748962935446,0.46991959053162413,0.4879595334373262,0.5760229365992394,0.4644312724758751,0.5419085135111212,0.4241679291590879,0.5170347640571382,0.4892163953625574,0.48700079895208376,0.4709791425545089,0.6177896348165458,0.4721494519714233,0.4980310415278583,0.5490347675185507,0.6248431622150351,0.5211532995338981,0.5592011936907944,0.5168439939435009,0.4574520835334098,0.5114739618496542,0.5285111390644144,0.4820212899352784,0.4827972611357298,0.5248554255093764,0.5139008026946839,0.6002503354285373,0.4785898195811946,0.41812155913662646,0.46841639656548767,0.48357515597224604,0.49435026208572785,0.4188520395109751,0.5919313799767448,0.4750453500423529,0.48409167939246706,0.6842218913717664,0.48555129882766473,0.535703877787884,0.4890962099686863,0.47746372735688786,0.4453913106492198,0.4965818883734803,0.4193273756312588,0.5004940507847617,0.43943395348182884,0.5317907497312442,0.5071643219613654,0.5308786496358263,0.5470062032930499,0.5094857250247479,0.5103944013864848,0.5354608898939509,0.4783619234098074,0.44779176306697555,0.5782203002297857,0.661406042476749,0.509010519892412,0.44250118042932185,0.5631514754047102,0.5007139355185763,0.5572474463634683,0.5939843443001599,0.5036450310084724,0.4960933179797779,0.5166466361219032,0.4515533858934486,0.47648904953544147,0.5750788765645184,0.4704272415592457,0.49061681046020056,0.4424181563694663
0.5706538007271049,0.5940641534935523,0.5950646880979985,0.5611861461938236,0.5097670227610245,0.5483634378774497,0.5915384098586205,0.5295183802157121,0.4850052733369368,0.5226749082343637,0.0,0.6279242969018498,0.6333006100244595,0.5146016909692711,0.5456078887898147,0.6715979733229904,0.6282316644935986,0.5766638221733403,0.5566080074405515,0.5515540907119988,0.6145668425065524,0.7073897695454381,0.5625826922653944,0.5726661491290774,0.5796934112964778,0.5384906931981378,0.5036598080885055,0.5295937051208012,0.5509115976217825,0.5740075552652424,0.5124307967657119,0.581331433546723,0.5660403015524011,0.5132474009426864,0.504874524126773,0.5740683911491317,0.6499915523993298,0.5889105398553591,0.5857592505846155,0.5480633919611346,0.579553533101826,0.5367483834737352,0.5893770845114876,0.5820842714668292,0.5629302957513852,0.5527112404581545,0.5141112745963861,0.6249772922509047,0.6171426510742485,0.5887898630866013,0.6165456120193104,0.5453999328590009,0.5155677923189854,0.652890499652101,0.6562341665798713,0.4850878426203786,0.5832495013077778,0.635784941726217,0.5295092446497838,0.5785250789437058,0.541399456016389,0.48863614427543306,0.5748357253968507,0.49651340729095494,0.48080923218621263,0.5010065215296216,0.5132486816834115,0.5810822027844519,0.5874823536595757,0.5709389717543855,0.5534939890888463,0.49720628753179796,0.4809085196008031,0.6427448736492088,0.5677210489572447,0.47837131636589975,0.6194790976086131,0.5891212308385075,0.5194046409459717,0.46314781390857507,0.5036653316579877,0.5040581969104131,0.6286653523818984,0.5414558290138387,0.4955462287640455,0.5739382642093328,0.498072692260458,0.5152612169198947,0.4968590180295439,0.5139747379417365,0.6213721623695749,0.4773847434769214,0.6946587689245827,0.5182927364763849,0.5192954566313508,0.5955410795940557,0.4696281224628742,0.4752386856967071,0.44569048698490044,0.4937878552611538,0.5206196780932391,0.5202336448461834,0.4745566477916551,0.5126864306476144,0.5063077521257613,0.560987296953803,0.5381028674338331,0.5445058187372603,0.565487770221762,0.6028950005344645,0.6075437135033057,0.5164233044764416,0.5121326641475861,0.5024392090504862,0.5444680248498964,0.5616826999597748,0.4830311054914249,0.5972866032245552,0.5742192142230611,0.46804525357042837,0.5566623120917018,0.48618016844183237,0.5018902553615857,0.5967245391160849,0.4480118405516369,0.6176273715221793,0.47394931354343106,0.6081179663189119,0.5613717658872857,0.5460802349352389,0.4904160082609507,0.5459558170578825,0.513827835564958,0.5047717166879752,0.55628191829053,0.4890273564897579,0.5976810120130042,0.5242079573609056,0.547620319269321,0.5763636447059577,0.5188514738378952,0.5757665021976234,0.5272022198146138,0.5173611822199113,0.6059307242939651,0.5213648664732397,0.569829034073885,0.5505578195216178,0.5514798138750849,0.46588916412578396,0.5028431645532921,0.528766241579963,0.6571638737535602,0.5703390492024905,0.5767645384121008,0.5555547663143507,0.6195291125554259,0.5638940178968971,0.4886495490206462,0.5359365998970007,0.4825199057438839,0.48157391126485183,0.4496780470926459,0.5971294484363839
0.5458166223911816,0.6049037565426628,0.5665491964500261,0.5148007887813907,0.4706786045616959,0.6140596909187096,0.5693581877852595,0.5346812183534926,0.4855365428114451,0.5572464812222582,0.6279242969018498,0.0,0.5633829261994155,0.47173919428825667,0.5156264305375944,0.622827660332776,0.5745043266127015,0.512375178294901,0.652178596926274,0.5602743761597225,0.6587830883972245,0.5917138928524797,0.5272728275651183,0.5355998660947785,0.65561235024709,0.49633580953174045,0.4371846027238607,0.4893045741250199,0.5371032129605217,0.5603819069235988,0.5664455683745538,0.6569601226237705,0.5197417025989457,0.5681939320583493,0.49597863777808443,0.5951020730513807,0.6293062227957535,0.5534394014332603,0.6392835134775127,0.48116819674525424,0.5547681961862885,0.5472161722552696,0.6144757749411415,0.617758374713334,0.5622150373148599,0.5475490275207687,0.539546957852563,0.6409099703960883,0.5950168107558548,0.5755387183554438,0.6154514421052475,0.5410343322959567,0.5092222613228496,0.6593770537026215,0.6794851524723007,0.5236437351879223,0.5769247888940656,0.6413621457210155,0.5223080965564313,0.5541483462647765,0.5377594817559399,0.5105028855019467,0.5598274092928114,0.5003137616025142,0.4977588604370073,0.522745906836925,0.49745684611723384,0.5645679308202073,0.5127609113180905,0.5408716740455354,0.5486751679145648,0.48697938914409444,0.476438864649005,0.5904134053256767,0.5456628281343966,0.5097915002103625,0.5813928978482068,0.5596949574158362,0.5233556672925439,0.48273987698511056,0.5423285508560957,0.5172954247313254,0.6214043954140792,0.5181216033491013,0.5154812782342051,0.5551138467340397,0.5226950132105167,0.5199522630221153,0.5122201605218624,0.5301019906222139,0.5508571498908866,0.5288766919020329,0.6546365431172418,0.5340023901238097,0.5036673638243139,0.6733606327859246,0.5119916184115725,0.5348903344934343,0.4596879849237195,0.49149968352036344,0.5241982308205606,0.5588211103624097,0.5054846804646339,0.5864108062215587,0.5113351044213224,0.5529247788011153,0.5815217645824506,0.5454342515068016,0.538182244751719,0.6792536360301127,0.7047657812627052,0.5210076387794758,0.5228288994855577,0.4958086971937796,0.5120785514322835,0.4965353227108114,0.5217097039778887,0.6454294589233863,0.5965520878331793,0.4561146583073832,0.5103463847101278,0.485451463268648,0.5287421409664677,0.6060559645205694,0.45910909412824796,0.6608341350373438,0.4840503355516173,0.6006364240638392,0.6097673757225541,0.5048078907026406,0.5027375266253152,0.5580984427578284,0.48588326225829,0.502344514978512,0.5975652317026258,0.49510382060589675,0.6400878086561788,0.4793616801000685,0.4928769710538458,0.6217718222956875,0.5034636775623227,0.6179948392347293,0.536649953169561,0.5423779313169919,0.6444094185886567,0.5489335851648914,0.5838621945234357,0.5625880587634956,0.6317396582097169,0.48520477687538227,0.5193679622237852,0.5610969061077171,0.5764522045754396,0.5481212431135103,0.6581649073681386,0.563926839620641,0.5271250443269565,0.5725184871436113,0.4477100554312661,0.5272758540201292,0.4836234726933972,0.5034549278700096,0.4814273085360125,0.5355154763221698
