0,1,2,3,4,5,6,7,8,9,10,11,12,13,14,15,16,17,18,19,20,21,22,23,24,25,26,27,28,29,30,31,32,33,34,35,36,37,38,39,40,41,42,43,44,45,46,47,48,49,50,51,52,53,54,55,56,57,58,59,60,61,62,63,64,65,66,67,68,69,70,71,72,73,74,75,76,77,78,79,80,81,82,83,84,85,86,87,88,89,90,91,92,93,94,95,96,97,98,99,100,101,102,103,104,105,106,107,108,109,110,111,112,113,114,115,116,117,118,119,120,121,122,123,124,125,126,127,128,129,130,131,132,133,134,135,136,137,138,139,140,141,142,143,144,145,146,147,148,149,150,151,152,153,154,155,156,157,158,159,160,161,162,163
0.0,0.5969156392730606,0.5566300204450995,0.518515753098943,0.6260959427293484,0.5217102281184764,0.6511591068772925,0.5465155284277572,0.6210549520061013,0.5200030998038311,0.6250842962663223,0.5863769977977984,0.5915281871727521,0.4582296191938296,0.6010205424634455,0.5686468489881735,0.5512499546385716,0.656137855817865,0.6285889574765104,0.7146428948378605,0.6149214589546379,0.6517870732445864,0.6179580780882574,0.6565834581003254,0.6391224109072455,0.5769761970739166,0.5665850636020937,0.5596830682021213,0.48957656137437117,0.5501434141396284,0.6500306550528551,0.5597937144736452,0.5722499535660716,0.5370430158324893,0.564951271093427,0.4512888862879868,0.7391567094546583,0.5525143206831069,0.5851262534657409,0.652552982999855,0.5613577931286343,0.5651003273422991,0.5842425676013759,0.5824558577113796,0.6111845508205567,0.6453851901229227,0.571812679618436,0.5891158032690111,0.7092067982572977,0.5481542447633725,0.5971940709825663,0.5905911405073689,0.519864318390783,0.5767823281005167,0.49496934541754567,0.49482249092066716,0.6263484118379805,0.5941528639841116,0.5600642628302605,0.493084511053305,0.5245260886468179,0.3793672061675607,0.5291470711848363,0.42805141026960125,0.5360254228720359,0.5369907256603926,0.6327339892422648,0.6636900232454586,0.5793893749761487,0.5903650757330167,0.7578849818599995,0.4879476321504671,0.5138343760773919,0.5936141410025724,0.5434539897008083,0.6347123590355535,0.5319531954688799,0.6209468043218866,0.5949585879119101,0.47389019950787814,0.5243046884623007,0.7141338935013535,0.587736262954905,0.4759582896739175,0.5106664352074736,0.660399478682869,0.5889815643068546,0.591073539896356,0.5423263350837696,0.4991855232531329,0.6363905314257658,0.5853857928145212,0.537681607415956,0.5694648243760684,0.5441292462764765,0.6131093902846635,0.4957727789695195,0.5529711312869712,0.39040235116659155,0.5302952507288393,0.46084311709510284,0.49400093298304487,0.521690441025515,0.5416357509646597,0.5062349546921227,0.5748959560468417,0.48417619142430274,0.556164716256472,0.6330784080230584,0.6269194724177904,0.6252329696973892,0.5300300179398796,0.5396944460374541,0.5180959355053895,0.5023202898544205,0.5543079343147804,0.5789173816660234,0.5749295523898839,0.47100508916566247,0.4403660337804449,0.5447660958231679,0.49603087827349623,0.557156230296852,0.7358711659030277,0.5285142230018023,0.6005833767080292,0.4268077550502397,0.4717890944009216,0.46719840154702125,0.6174221521542961,0.475132220581539,0.5378086525314513,0.4918823988040259,0.5599885293770842,0.6068686665510504,0.5021849355343315,0.6069576429535651,0.6088537719774126,0.6762139516774897,0.6627848075394804,0.5395029178271478,0.4552457509425196,0.6682366000744581,0.5150656198550485,0.6157969818074842,0.71658158455636,0.6433446650572888,0.5471686957601108,0.6450691951143194,0.3077380395914277,0.6678122910166421,0.5480596989310361,0.6269173444653132,0.5078000707895236,0.5996599763594475,0.6885465963886565,0.6334280394965207,0.5505179601635758,0.5448136182083773,0.4799767613220584,0.5013212698988284,0.6022523047157765,0.5277361030470581,0.7233711801245742
0.5969156392730606,0.0,0.5521423474682913,0.47086959320585337,0.5002943262994872,0.6197979260330627,0.5661153579323166,0.5747059706425066,0.5936380355042765,0.5702289056825892,0.5127235992683777,0.6801137242891635,0.6102090811837704,0.48451645044126823,0.4756699048638521,0.5896193054677933,0.5448861817895252,0.49484887096043123,0.523999800326046,0.5906849616590581,0.5126429932010222,0.5294309517506801,0.5823988239528137,0.5319605407812698,0.5818897290154804,0.5195839442402636,0.6446712983638637,0.5471401953467588,0.5489971302573263,0.5961471431632841,0.6162220590297601,0.595190939809573,0.5668320026965348,0.6319461301234294,0.5280326372038955,0.4684071222104901,0.6099092357406104,0.515574135489457,0.5057438996002971,0.5775996673851657,0.526716852720688,0.5545540301791794,0.45270363998594393,0.49483237746016584,0.6780526572714614,0.581117175903179,0.7183716121750724,0.4833179126019992,0.5552833935727047,0.48577301722608063,0.49363982035997633,0.5561531031765198,0.47740139021587547,0.5145427837070867,0.47119031802951084,0.6192555753194903,0.5065108318057857,0.5980047175455615,0.4638522881787162,0.527251494165986,0.49173724274420366,0.402624822810115,0.45177946574916406,0.43769515019257016,0.4191925512228899,0.4492984239226525,0.5597544147881203,0.5230428320249646,0.4847997394304638,0.4942219155242832,0.542102575532206,0.46216490462515053,0.46724944928343987,0.5169487384741683,0.544167559374916,0.5885098794178432,0.47721808829594503,0.6759699768290897,0.5166920530455427,0.46448216412401755,0.4798563526800725,0.5177690708818904,0.6116958666411934,0.4876842761162766,0.46387306711134635,0.7298904184334455,0.5090163706800482,0.4927837003020899,0.6101177643396833,0.5873303869264809,0.532911974469553,0.6604866346884276,0.498003512873971,0.4978572641358946,0.46631947079975644,0.6801475706419282,0.4582352209229836,0.692077994186594,0.40381824511749326,0.5938608544147724,0.4572780223640121,0.4287478250250035,0.44882315664450734,0.5125570361371197,0.4769722039087394,0.6105796107638529,0.4614470961841286,0.5993458916740048,0.6068085103010136,0.6033873529026311,0.528636699053332,0.4627176169377953,0.5077434214873734,0.5037511898851967,0.4856698762601898,0.6596953772970056,0.5737158915497406,0.47021715075341075,0.45501763132283735,0.49535452416448694,0.4759208104629831,0.46730193946952425,0.551273457142074,0.6113029807031015,0.45813461767443936,0.6342976599656664,0.4539609512158574,0.5636088987299361,0.5190046883164171,0.5112188960092058,0.6021169361189569,0.4987840237819744,0.4674803985951438,0.5257551117938445,0.4730356449333435,0.4125868126924668,0.6743161613237235,0.5364897518752483,0.5545235934951924,0.5234840001706116,0.4604938031131275,0.4925097086811096,0.6277180281259543,0.4689586789255428,0.5438310409375773,0.6607121957167951,0.610191006588525,0.5361332278656852,0.6764189919654124,0.34148649962994315,0.49602074419844866,0.49327166104278536,0.5071832830568034,0.5757371564435383,0.5499831120487928,0.5216128367257072,0.522678854647579,0.5836363622057051,0.47504072813141307,0.45597968497854596,0.46168515914467684,0.5493517735547346,0.46828976740707867,0.5091650505141652
0.5566300204450995,0.5521423474682913,0.0,0.5252043179103295,0.5005792424665557,0.5546438709327067,0.5661340118415609,0.6123904143177747,0.5014626521442123,0.7337807383748836,0.5813282471364442,0.581983211261996,0.6152705216460996,0.406061925471259,0.49033376031425696,0.6062447005782422,0.5795791864280008,0.5806737177574027,0.6028301664701587,0.5280645835300194,0.633578424673979,0.6148914024757479,0.6129868087121407,0.5655563479913378,0.7117986150193829,0.5293870041623838,0.5757203387668776,0.6038388630772827,0.4744298570096237,0.5367979921708133,0.4922184214259015,0.5565424867319224,0.5050781153771667,0.5008134923703065,0.4268685433626393,0.40335719111821516,0.6190627433914674,0.481752354406381,0.4820343450431982,0.6085491050624325,0.48756288444569634,0.6252318202187472,0.5240525573048083,0.467488635106106,0.5540903389173004,0.6156790307279123,0.5148268322939764,0.5015361469304782,0.588301145786418,0.4576291616816498,0.5388344637768377,0.5334730347756054,0.4589457437093946,0.5382841831178483,0.453461478173475,0.4888658027178756,0.5297570658881995,0.62842942705705,0.5295431974698248,0.43966849824898646,0.5627885503862313,0.3545699144802878,0.5056942961355138,0.378491543763656,0.4529947648010616,0.5162285891317734,0.590128124004582,0.6321412827624046,0.5902658901505032,0.6627649655352,0.5590541715382766,0.4062701202604498,0.4742804024780802,0.6464837771466941,0.5730745866821745,0.5174936986230643,0.5713200281313633,0.5886238779714396,0.5332839197838815,0.45266642740884916,0.5619955110265108,0.5531734017692881,0.580318852427169,0.46281623508549735,0.48085493129932383,0.5754544552092037,0.5754869470222557,0.4994790213740745,0.5442240002081303,0.4657415471006012,0.542051578700035,0.48108194849302777,0.46482100009407584,0.47717995126268753,0.4925471670059227,0.5591009000540713,0.4504031960469796,0.5394349316009733,0.34007327101359447,0.5142906853797139,0.3903020066145437,0.549950691638508,0.4882433908416862,0.5770287071397099,0.44068206914275054,0.5829719405232926,0.5209865972763359,0.6668433209702164,0.5795959491017951,0.6409098968447781,0.5749245402658337,0.45304684620081537,0.5221130899404239,0.5398645411401225,0.4406052255385671,0.5447447849807142,0.5519135856731667,0.5332992584207431,0.5031029085295909,0.4097488264498325,0.4299001408533756,0.49393350745692866,0.4765390254512455,0.6382927687517204,0.41190624994303726,0.5826997437974712,0.41093801296244997,0.4377844093478808,0.46215789228029625,0.5051368331429619,0.49000748998587496,0.5965785516969535,0.45062638269653216,0.4440579852469223,0.512668129924889,0.4069380514094202,0.5055132284160823,0.4555471560972926,0.6303521993327658,0.5758961772459822,0.4958281446460293,0.4188286836083358,0.5708558589147529,0.4739871573295718,0.5267133335384482,0.5547366787618313,0.5143801309954752,0.6726719632713936,0.6970051113734648,0.29912049832175364,0.5025587383312599,0.5045205726505275,0.5464309263608105,0.5588699576936711,0.6952071941244997,0.6174876406290916,0.6103927081761527,0.6520516745354576,0.4410755328923964,0.45882171470477656,0.5642628011565463,0.47915864058287083,0.5553547569262766,0.5324661933484279
0.518515753098943,0.47086959320585337,0.5252043179103295,0.0,0.49143224891401993,0.5116732831791156,0.5428389718212006,0.4912248137424608,0.4217668233359002,0.4948317621280542,0.6106554344222845,0.48887727004447956,0.5141096976615415,0.435327382572616,0.46103572307816193,0.5303340365058808,0.5796704547011694,0.5404094686647827,0.6295360846611372,0.4769181712554257,0.6184601332178623,0.4881164089021084,0.5338673862562857,0.4727118841515535,0.5460102899669517,0.61974538316518,0.4935621162246444,0.6050770017544481,0.49430563088212115,0.4233859075130578,0.461223900140823,0.5260991604657442,0.6193333827149419,0.5046891664661762,0.4626254421025565,0.4509069842110618,0.5307254509916967,0.5223449871011084,0.4896345778442474,0.5930886630685934,0.586558280798729,0.4727207159730337,0.5349030050157404,0.5617791365743737,0.4907593023621475,0.5413959270767071,0.4432670427263411,0.5346655017715708,0.5630812117044717,0.49047773760217306,0.6422121545407683,0.654141418890596,0.5134266460631123,0.6625889200899864,0.5307355009767053,0.409194092739674,0.5600568298091432,0.6077325933653429,0.5467007214963768,0.45263967208430106,0.5665607453028794,0.3803663390261744,0.6386588067698971,0.4021304231739842,0.4795669802064799,0.5463366990397515,0.5604936200072064,0.496615272888905,0.5765259500504071,0.5631892098940254,0.5388192146034767,0.44480234904270116,0.5646588643912774,0.621992569243312,0.5672642233841911,0.5266734476427997,0.5652096428654647,0.5580193019782376,0.5930169439843057,0.5000087842740117,0.6014546234819522,0.5531856698473809,0.440172972644023,0.5035538143049594,0.5727964727310041,0.5006487488898586,0.566338617478886,0.5533062028910517,0.5052401136657124,0.3861413586495509,0.6419673583334256,0.49759761072335434,0.5189821897193206,0.5230103076573612,0.5809887445890262,0.49352946551708304,0.48359729497028703,0.5207413672384064,0.373830793945786,0.5205318878078484,0.4238531242113005,0.5216510997502755,0.7097445015941027,0.5524012308025136,0.5095556532185525,0.49933365534885094,0.5425727215718427,0.513245566271481,0.5571560894670311,0.474649372677692,0.6854186739002164,0.5302892206257882,0.5910654389071884,0.5515495070092724,0.5176921119006083,0.48221231502640244,0.5880743821660953,0.4716510363334404,0.6520327090476371,0.4468354329423617,0.4537123620664464,0.612069442793736,0.5041662096128932,0.5909510620546363,0.45397529998807556,0.5762707909008994,0.44476258139747304,0.39537187112307265,0.5093349340314506,0.51504804723221,0.3980049495373713,0.5550934918430713,0.4778810623405899,0.5052430171191111,0.4881969616139272,0.42821037246079097,0.41457227985999573,0.49167978432835374,0.5413125767898243,0.5442714031845218,0.6725681010393787,0.4322912364326415,0.5630037893055748,0.5445966813473033,0.5537390154773801,0.5273836306837684,0.44154828482694874,0.5551837183267289,0.5180887603450754,0.31019450947290095,0.5641333772847781,0.6107507654227449,0.5260502618583767,0.4078922277157888,0.6255560623759734,0.5017760181134522,0.48494680778176413,0.5128335841821198,0.570009734974268,0.5501609165128751,0.5801253166770282,0.542689524522468,0.5614461084094723,0.5451555336419757
0.6260959427293484,0.5002943262994872,0.5005792424665557,0.49143224891401993,0.0,0.4283135603013911,0.6578017181386416,0.45639507874741037,0.5315685106955884,0.46747277788372804,0.5692521788740501,0.5268884297130196,0.4637127414086476,0.40915702107128277,0.7034779430390582,0.47485475870488764,0.4795468175884319,0.6313740641640986,0.6146354247035014,0.5756847097529445,0.5801633322097484,0.6430500897499889,0.5795684750082072,0.6337278425283887,0.554072731905162,0.4987551978125381,0.48305947256819465,0.4715834552582962,0.4549027430147525,0.48758725894038957,0.5748962416234847,0.4677961481594457,0.5239298208067188,0.44990848663603616,0.5263675915340975,0.42883886067160043,0.5488369559265582,0.4988268652316646,0.5938579272626789,0.5678617625921527,0.5537489810984225,0.4981677036458048,0.6097477009919636,0.5766491449570844,0.4936930258095288,0.5351926310814455,0.49719958874251785,0.5528206245431287,0.6683906695948575,0.5327364868204709,0.5683681379324493,0.5096334203099632,0.4930204126467326,0.5493198310028996,0.47529171469323395,0.41495625832216093,0.570139730689331,0.5194503297488969,0.5661553834458192,0.4388389980352999,0.44278030727518364,0.3468435563131147,0.491406260806343,0.41060525895784755,0.5817304894274438,0.4839440123074881,0.5061397273914974,0.5648532715020961,0.5522568369135396,0.5192630518927928,0.620272361797719,0.4607018656952686,0.4553882374329399,0.5219469704658235,0.4621191850250365,0.5103187034524178,0.47252083508569576,0.5381970247475415,0.5187358422527643,0.4096561119887475,0.467046584998346,0.6975561356413225,0.5052905595862013,0.4088420393887611,0.4716092236378532,0.5220352323727602,0.4806971366008021,0.5596581468421575,0.4457835110900172,0.41967136881476647,0.6065940937426143,0.521318611866138,0.532419356595088,0.49609964699219905,0.5187841264068783,0.5300879824138879,0.4515554905761981,0.4693446270956824,0.37051941931492477,0.4399709315724062,0.42345582468545123,0.46118791737190556,0.5244457614759858,0.5585040773341581,0.46327007571061296,0.47181321142888455,0.43960770900208856,0.47437793727065564,0.5550615006570433,0.5224604925037966,0.5862599698196386,0.5190608097312158,0.44847888361240307,0.45810515984985206,0.44760862221351244,0.4527772699513063,0.4933019952362577,0.6377702700205278,0.4382630335090013,0.38773604737291995,0.5391830733683504,0.44844717897583314,0.46532284735415314,0.5908437846510084,0.5018083753358089,0.520793937130566,0.38371719343386806,0.40973564078053964,0.42098500800091854,0.5852289648881611,0.4056716257854585,0.4703276277733256,0.4165844850617622,0.5011116792573923,0.6003352464940935,0.5293187522576359,0.5031902077700081,0.5967710791285346,0.636513056553322,0.6619997856200683,0.5218956155664237,0.40681489955096967,0.568894826340653,0.5045369718180341,0.5491871475534633,0.5945724702053836,0.5832270799884743,0.48283698019341525,0.5568598560073568,0.28643341532396943,0.6091889408180565,0.5306332780630502,0.6442430779880828,0.464952765912194,0.5500211189227335,0.575466915987077,0.514198942407327,0.46454739496305325,0.5235207102010162,0.42883576055603834,0.4658267991780289,0.5207465333975403,0.5027164273397419,0.6810483318782631
0.5217102281184764,0.6197979260330627,0.5546438709327067,0.5116732831791156,0.4283135603013911,0.0,0.4913953743959575,0.6188782509575761,0.48380551300862956,0.5655838073029104,0.5081477197999703,0.5775437185271487,0.6708394249491084,0.4760489833983707,0.4126745921307074,0.6298288122401644,0.579372801843119,0.45931186259301293,0.5045548340978383,0.5040728442747991,0.5051779578774326,0.464825764619249,0.516179860568427,0.4558438461391211,0.5539413336196792,0.5527291108695215,0.596888476870246,0.6105258454614623,0.5269399530989738,0.5067078909614319,0.5029375972982605,0.6344054996051484,0.5605319615176323,0.6617046997363545,0.4611132680779937,0.4547958077221034,0.5817018416749021,0.5026500174668272,0.4526685448104991,0.541982192360023,0.4954217851385918,0.5192470605004246,0.4322849169287258,0.46699023548736635,0.6221016293946943,0.5568585442012763,0.5523063664794359,0.4667513281022706,0.4958884780903741,0.44956492568498163,0.49123242502843606,0.5893731204455143,0.45845814956746256,0.5155970174610572,0.47080974938978376,0.5729480111838915,0.4845413574245198,0.6372184883733484,0.44069253200281006,0.5039200752921822,0.5688442507698508,0.41723454950306244,0.4807064909799429,0.41023024435950345,0.39039056164499875,0.4632044608281862,0.5746883829599783,0.49055556382241045,0.4784956377932657,0.5125456277229535,0.5017604598894411,0.4306289114911828,0.4989605155097194,0.5385074821186123,0.6092278744147357,0.5610238668645726,0.5112376421655003,0.6154498864432032,0.5280474849858559,0.5121197437438572,0.5219073821325646,0.47362532812715663,0.5205234410747503,0.5542915146596247,0.48295301616805225,0.6224765650903389,0.5672122361309259,0.47248191941245504,0.6714304574311061,0.5122802396011022,0.5135733649671194,0.5595686577490128,0.46398794152846223,0.4885282499446721,0.4634815026032098,0.5816449019173838,0.4640190368886325,0.7030758893847803,0.3878383409449767,0.6660095371115708,0.4358086464562133,0.45353299606394903,0.4617261522508897,0.48449848087158837,0.4794653143875751,0.6190081160794789,0.5004768435377105,0.6076517040760814,0.5531968326681109,0.5364219521441791,0.5242708065386161,0.4472055584718672,0.5890128244040267,0.5423362131727721,0.4996318972354139,0.6576969867390356,0.5947581297270731,0.42007315947849494,0.5102478797854959,0.5307663961554369,0.4243630128332415,0.5273146856650093,0.5509075403548565,0.5743596421120385,0.42179754513074996,0.624925138326169,0.48443128253786044,0.5182298274062488,0.5591320764907738,0.4653135894095069,0.5576245702949237,0.5400344991564477,0.5042620611424589,0.4972776781033113,0.43490733000635584,0.37529643315277467,0.5121913336104559,0.4605814098066114,0.494791735726463,0.47738364642308756,0.4714066409585829,0.4916989426101312,0.5669055642376698,0.4621889340681003,0.5180578331629548,0.5620013380198334,0.4872626194783084,0.5588754095647818,0.5839557645237964,0.35181613894742186,0.4728975436568682,0.48549971295009375,0.45809230935072603,0.4849884262835466,0.5551414221039424,0.4884529562531739,0.4977119797231223,0.6225927900972041,0.4577938197171071,0.498808927819287,0.48414844312067196,0.5236672852490633,0.4722404269004437,0.46503089411255116
0.6511591068772925,0.5661153579323166,0.5661340118415609,0.5428389718212006,0.6578017181386416,0.4913953743959575,0.0,0.5091338329292902,0.5607357842768642,0.561201075442508,0.573407087977557,0.6172915589579272,0.516272969265327,0.40755797738812677,0.6207419116422523,0.5074745640379229,0.5159610054992625,0.6279847067197276,0.6592560240511769,0.5499340352576012,0.603753278367857,0.6505624623174772,0.7316447275097467,0.6928633615403896,0.6830097047836643,0.5147858097530066,0.5427329494219524,0.5355070025451933,0.4689907955321605,0.5540030108096412,0.565751029329056,0.49725941095586035,0.5652700718931558,0.4963334750917803,0.49232376108574977,0.4133363786783389,0.6029665697908143,0.47931123310546736,0.5170035316151137,0.6287459343391295,0.5376240621870509,0.6059094202437583,0.5401787534221161,0.539227608496186,0.5265305349074054,0.5729611308630382,0.5467130160172416,0.5173938182087707,0.6929849531743302,0.4783355214515587,0.5564211365593416,0.5515334510206742,0.4734221364401021,0.5506262433059148,0.4563165059554634,0.47876648677071765,0.5441627780633055,0.5795107682373195,0.5415971036590325,0.43809838032557785,0.4676054032900087,0.34461550521115175,0.4858344300581538,0.38711015614477134,0.49680122683005595,0.4776669565583379,0.5402590740073755,0.6178532618801044,0.5379124719212894,0.5697035137615124,0.5901608624371191,0.4291207924619605,0.46058532517795536,0.5609196077331604,0.4914875849963392,0.5340148944844703,0.4877332454786139,0.5989480498766228,0.518277702519325,0.4305634507145574,0.5004771664210607,0.6566012569845572,0.5934865099793373,0.42261152883891245,0.4710310637941342,0.5711710705986995,0.5057818640679055,0.5201623591985699,0.49508273861728996,0.46461515829972455,0.6055292822834748,0.5532329230872649,0.4926019657652252,0.4862838587660801,0.5044373120523161,0.6131885381544545,0.4279420883397064,0.5451371470476529,0.35624129735678534,0.48612828621463394,0.4040608927970237,0.46005263922018,0.5251736961118073,0.6640095755252482,0.4461462415142382,0.513908464174376,0.4496099257380306,0.5789902105078149,0.5846065467579109,0.6167298024986189,0.6326320064201743,0.4787446331428284,0.4818295698879768,0.4780902008155327,0.4455724310600691,0.5261922270391897,0.5467817421971669,0.5597325878181109,0.4715975624032346,0.4069263587438528,0.4719910675530476,0.4631926038115637,0.482415608355276,0.6794594339850609,0.4567149979536033,0.5640189299294243,0.3925191978412963,0.4243804133175192,0.43980142819766754,0.526823501514002,0.46077312980038926,0.48925482134055054,0.42045459533646307,0.485290368547445,0.5282969902466969,0.4473358639189824,0.5389856665132081,0.5386140759774997,0.6323691947063926,0.6115854324359145,0.5347514783601025,0.4058986448734463,0.6136791530982708,0.473724137839807,0.5325534256473655,0.6678746932147678,0.5921925126521329,0.539600273043301,0.6294364126835742,0.28860680966448554,0.5646081158550464,0.5331311879613367,0.5746006640329313,0.5239744067571558,0.6692499027703538,0.5985160184930245,0.5734168999251699,0.5701130475439323,0.5164066360893728,0.44157336063375513,0.503964953004239,0.5269345483414574,0.5187131705007948,0.6474538895173234
0.5465155284277572,0.5747059706425066,0.6123904143177747,0.4912248137424608,0.45639507874741037,0.6188782509575761,0.5091338329292902,0.0,0.5482158968847674,0.5725046452274555,0.5148289758119747,0.6128759288680833,0.6671658670762818,0.4271673080152573,0.45698177371840976,0.6220160628025297,0.5387347738970765,0.49815309501549615,0.5180251083963955,0.5202497827679133,0.521588479242054,0.519563161371398,0.5491586198026716,0.49349772148517745,0.5834118077227942,0.539639711469417,0.6648885004260684,0.56856827378567,0.45418851574749863,0.5861681774489085,0.5364262226591924,0.5824871835931995,0.5262803123218213,0.5647683163551782,0.4369847545963519,0.42360252413434085,0.6317737678579531,0.4880813361372834,0.4767734891936423,0.5426803133863506,0.4714400137292947,0.5516787900094464,0.4727651664222514,0.44543607082991704,0.6682600009280448,0.6131813299794533,0.5507720145457401,0.46226076358673596,0.51373709682487,0.4543307299496839,0.5010705361767714,0.5271358888303255,0.43774546159797173,0.4983992797174621,0.44836119027985655,0.5417469214661363,0.4947880898204149,0.6706605529707245,0.4467865326154331,0.4782887274721827,0.5632790355320235,0.3858414299605301,0.4784792109445725,0.384973077025055,0.40662594798639534,0.4721859487992771,0.5816891659663516,0.56019285058073,0.5117704681526098,0.6068734503897595,0.5420252271327198,0.4097505759435228,0.45847999505281484,0.5670495185601054,0.5733460598127097,0.5180450707042361,0.5437304944353988,0.583207345884807,0.5410313715667903,0.4402497869005486,0.48322419526314175,0.5193465012366035,0.5857308774717155,0.4889455781959822,0.45933119732275135,0.6455988530926651,0.6065126095760572,0.4873080364895325,0.6273899357061409,0.5459750006368019,0.5229465163964692,0.5225579594343208,0.45227836833754687,0.4647072904788575,0.451297557889337,0.58028381889126,0.4602875806610843,0.574895176760301,0.3567781224728873,0.5760383899370182,0.4054457828053557,0.519050956504673,0.4557645478813628,0.4963967081731829,0.45757415667271145,0.6550870803502735,0.4965766807990682,0.5908396731493838,0.5548813186908343,0.5480141700351066,0.5095364274218693,0.4401838824056114,0.5155466720757012,0.53053281839819,0.461105586481882,0.6182138771577539,0.5202242457262372,0.45564868474866266,0.4476279311102732,0.4528336535759654,0.42429642306479737,0.5315907800090011,0.47492928754326946,0.5916278667527631,0.39966486718907135,0.5820520091638255,0.43787673799953825,0.5403953882440469,0.46868022562337136,0.4818127440919676,0.556866154016385,0.5485399343528016,0.48011821005835004,0.46247554868089263,0.459352964272577,0.3771830270459606,0.5377835126756138,0.4574079370912556,0.5410843592598784,0.5315838982333277,0.4548018749131174,0.43999111899079596,0.5610567565652859,0.45195634736463997,0.4999348646722603,0.5840351525980316,0.5469247376148662,0.5734459546429252,0.5946460023851027,0.317118142212018,0.49158156083020066,0.45356499381114296,0.49124513220397914,0.5515834797977618,0.574709371718326,0.5644153785492666,0.5389190484091642,0.6463365332551478,0.42459958132171116,0.45653002425203626,0.4652705549428026,0.46991947769464854,0.4781436041486938,0.4833840653217648
0.6210549520061013,0.5936380355042765,0.5014626521442123,0.4217668233359002,0.5315685106955884,0.48380551300862956,0.5607357842768642,0.5482158968847674,0.0,0.49103657866103956,0.4716536438420826,0.6090216247488754,0.5211520583341743,0.40540256916573975,0.5404357336580279,0.4910622485997087,0.4544061849555804,0.5084658892433392,0.4893659392449111,0.5678085004812434,0.4780717825209232,0.5666399856283242,0.557910095266022,0.5812809621525031,0.5513397932520168,0.46266193850260084,0.5612174819479473,0.4626315857345798,0.42003164795153913,0.6829776596035492,0.6419100311089053,0.48071772719379646,0.4829895936334341,0.4921093734023506,0.4785870999869086,0.39989438279958356,0.5949899033500357,0.45297175262057227,0.4869783108069814,0.5109956200114644,0.4536755704508978,0.5629774522924267,0.46086932959305776,0.4508964320403245,0.581392037709174,0.5423500042342957,0.6217659250037416,0.45039584456790555,0.5301948893495461,0.45086819802791617,0.45880546408104156,0.47098542896407686,0.42136276024144925,0.44936563604855945,0.4074041775207494,0.555770472840544,0.4758190977095433,0.5212589721248939,0.4359479614438788,0.4461970265646774,0.4340109524979967,0.35130247075896937,0.41616659042136217,0.3817351331266851,0.4254147482593828,0.42294924457563376,0.5057773847122051,0.576981216384895,0.45887105851645305,0.5048778211485396,0.5542746255302577,0.4127370075348245,0.4108933780289258,0.47452024984747193,0.45613702640324855,0.5006157541184612,0.4395582032693422,0.5357036475682602,0.47239013043480504,0.39307307422299187,0.41959736096180866,0.5540513561492193,0.6851097624242828,0.40691190263803495,0.41235880136486186,0.6260159660207638,0.4836516648503085,0.46485186654211197,0.5005541459435738,0.624094649916842,0.4968501913693107,0.55099914574305,0.4385501799217584,0.44395159446300836,0.42572355023593267,0.6053041133090845,0.41474456097862406,0.5209931576248148,0.3571949830078748,0.47692507172804705,0.40012784742883273,0.4209506426000187,0.4168345862975406,0.48491554751279736,0.4222924761657336,0.5341062806273896,0.4067240541933882,0.5195386715633373,0.5192758268158326,0.5762279878615628,0.47548671862422953,0.4268623008868061,0.4350918429677555,0.4391652478187834,0.4187281616256908,0.5506394166170231,0.4687703303933934,0.4777473807550959,0.3840787774149022,0.4073882221060951,0.45318408387040243,0.4232062364998964,0.4569235387490426,0.5619677331120683,0.4261797702531856,0.501789411357965,0.3852467522634289,0.5112928313540366,0.4055560012226412,0.4836835967020731,0.5453623219129173,0.4476067207047238,0.4161984099583148,0.4655313880326187,0.4746235781878935,0.40699430498551875,0.7153061238292836,0.5012021574633364,0.5338310313010383,0.5293754795470795,0.4208969848894951,0.4072543551256813,0.5474059303155118,0.41935390683418466,0.47658701560149985,0.64909658308241,0.7890746737387357,0.4705691644611551,0.5682928907652177,0.29422725496975466,0.49518585623094935,0.42775684308916473,0.495939438057612,0.5928095644714305,0.50694071237036,0.5716641059033643,0.5322358052937521,0.5325550122021204,0.4255538461065886,0.3951097909727529,0.40975640081655346,0.4704624431026848,0.43520123829630075,0.5248840156384037
0.5200030998038311,0.5702289056825892,0.7337807383748836,0.4948317621280542,0.46747277788372804,0.5655838073029104,0.561201075442508,0.5725046452274555,0.49103657866103956,0.0,0.5158941656607685,0.5914241112569187,0.5811971966983273,0.3944380597732052,0.4569087364697656,0.5604506615269157,0.5471981253964213,0.5226294894436433,0.5527210707719206,0.4892700315142024,0.5588448391590367,0.5525841256026693,0.6212520032125847,0.5386022465806899,0.688972576022555,0.48423746311117377,0.569782007204849,0.5819215969325563,0.4687554341227638,0.5526727427352378,0.4705428258374848,0.5300541265029114,0.48551703286906617,0.5027373983988134,0.41023010975125973,0.3862794140383354,0.5651416689790079,0.44607399725110514,0.43902579887211923,0.5705434787076518,0.45994980652957845,0.6570673250032653,0.46064686527603943,0.43798306432080386,0.5259350755074558,0.5627485805488022,0.5293002384712238,0.4537856316346173,0.5468106651236664,0.42150402445318097,0.48559222813927183,0.5078773401859047,0.43293613415549415,0.4913660353152591,0.42248725519351543,0.526768828064602,0.47997799890538817,0.5824253224625849,0.4840326606066487,0.42381100856944476,0.503966453822316,0.3443322213798068,0.453876068487066,0.3641526185960003,0.4130171213008655,0.4623870160053339,0.5367054657898788,0.5682756646683117,0.513082837722614,0.5684137927475188,0.49780014945657897,0.3862427190285895,0.4432509575499712,0.5664262725146902,0.5309969747033667,0.4988055824699862,0.5047260584347526,0.5756858691262102,0.48204775046743026,0.44065818863014256,0.5256908370518697,0.49911023040717356,0.5967753867774517,0.439193771651018,0.448263770056106,0.5548291540039573,0.5089693704050186,0.4546851800027548,0.5397711439362168,0.4783701589166549,0.49835039123225094,0.4790124463326227,0.4345680092737,0.4460941282667274,0.45469208712345527,0.5612683136976347,0.4109542330723261,0.5627426255198348,0.3318559157024517,0.5094542704496257,0.3735725987876147,0.4725137145781547,0.45295384743142836,0.5733388728517906,0.41226654067490925,0.5557970502855416,0.4764212367114098,0.7385332111130688,0.5465699591195985,0.6463923560197533,0.5333687598297776,0.4194447327896515,0.49205592213817895,0.5026246153496172,0.417485290272015,0.5628473926583561,0.5449376087906034,0.4825632114696085,0.4832851657680465,0.4078757021087802,0.40159892204229936,0.45406612088370063,0.4626891633324332,0.5938850866702786,0.39035499377626115,0.5530452082960857,0.40005451723737806,0.4298300270580281,0.4531527596239569,0.4581789879499988,0.5263423089987609,0.5299669146966083,0.420802259229926,0.42219251003420744,0.4560596517777949,0.3775757723891532,0.5082020351430946,0.43118637977151764,0.5564801348906471,0.5123645091083702,0.46108717755609474,0.40621518051947075,0.545706857319015,0.43581283322704367,0.4842947357067238,0.5393251647902707,0.49412459955006927,0.6307539543819335,0.6751135712641574,0.2982065770000323,0.45536096198479525,0.47868286086123596,0.4889737660793231,0.5856764435794315,0.6552587223286321,0.5427852986151572,0.5660508186055443,0.6902912562265877,0.42159200907978234,0.43580343874368666,0.535312812843449,0.46197954181335815,0.5135809165911185,0.48842349651751993
0.6250842962663223,0.5127235992683777,0.5813282471364442,0.6106554344222845,0.5692521788740501,0.5081477197999703,0.573407087977557,0.5148289758119747,0.4716536438420826,0.5158941656607685,0.0,0.5216100956501782,0.568711027285876,0.45944497780455706,0.5327660923213916,0.5944474553220158,0.6003522358604508,0.6365963473531802,0.7081420178259697,0.6048225879356974,0.7154689147817758,0.6005273372718563,0.5544333957106451,0.556254375538655,0.6060406406534306,0.6378077910279699,0.5158131588578977,0.6010885386757059,0.5338360493088881,0.45351346120247826,0.5312089311348915,0.5761972867277899,0.5780889075427826,0.5105810169318398,0.5232033669703985,0.47018248834394166,0.6465200867540524,0.5884301441307571,0.6143717323780801,0.6486857705035683,0.5993751044708427,0.4962358194768741,0.6640290232752082,0.6411201521370781,0.5471015981352729,0.5954831039487706,0.4675226842578163,0.7387161730351595,0.6924388996415354,0.5670291502645399,0.706056910891976,0.608477052070924,0.5461974099543411,0.7326152530970165,0.5864329165374074,0.4206508353032655,0.6721006636517483,0.6099261102021316,0.6445147885528295,0.47952199926106737,0.6190310928653832,0.3837032707933458,0.6482001320536741,0.4369414947165881,0.5644626647768093,0.6172427940090435,0.6483055586028398,0.5794796155899968,0.693071492130748,0.6191296524070854,0.6739185255411028,0.4941918501338192,0.5850259103387522,0.6795885384446696,0.5915637720346959,0.5898968303019462,0.6303202282996088,0.5921007489387984,0.6383411419287236,0.5083295546319762,0.6022495242144599,0.6372579599499321,0.4789741872319431,0.5149459286599417,0.5772635677319029,0.5493676962793489,0.6535243643247662,0.6385646236931506,0.510984484995211,0.4131170240419082,0.6636380484010193,0.5093489324943176,0.5876886114718585,0.5975742565197808,0.6202902362614579,0.5346505567335933,0.5459024574398696,0.5066269947738601,0.3872269527680657,0.5103318405136659,0.47043613553860647,0.5882746052632035,0.6129601865803364,0.5438835946705296,0.5369486208642889,0.528509047267657,0.5563970374549019,0.5210729374228584,0.6038040186909441,0.5487752068862297,0.7547017504844004,0.5787330800285875,0.5983884709545216,0.5696034944690052,0.524942115335173,0.48378496746735655,0.5844929346913065,0.6132882162938295,0.573207118533796,0.43290380757378577,0.5325243826250241,0.554182659139846,0.5494100102748913,0.6633857071068364,0.5280775785797517,0.6408162566929135,0.43625234429258297,0.425683069057862,0.5065107152284197,0.633864401970242,0.4106864787254298,0.60445413229902,0.5257516143206268,0.5465641519793617,0.6766691631907996,0.5167715284252528,0.47402793900156165,0.5616346979169445,0.6965019242606028,0.6623274389734671,0.6513784284629658,0.4643177899299621,0.602453187305995,0.5959627888010298,0.6898716503078607,0.5654896171854737,0.49976771928521,0.5696609946847632,0.6026424603541597,0.3119588723504832,0.7030798076251304,0.6286636669942267,0.6659191446962951,0.4385835101199021,0.6184912006515763,0.6207107074196689,0.5869936156074346,0.5091202084688325,0.5891725243234468,0.5399382204719964,0.5646630725883584,0.5917626597097728,0.5773226807479293,0.669033904546792
0.5863769977977984,0.6801137242891635,0.581983211261996,0.48887727004447956,0.5268884297130196,0.5775437185271487,0.6172915589579272,0.6128759288680833,0.6090216247488754,0.5914241112569187,0.5216100956501782,0.0,0.5600323765731001,0.42027805927575146,0.5204738855480031,0.5464166952590602,0.5037417104002975,0.5041641677285222,0.5597923087295333,0.5377084848200534,0.520338594196143,0.5709479121753703,0.6137474729657593,0.5641853569112975,0.6362222940026732,0.49792590786868296,0.6111250813427329,0.5226560718361852,0.48916126554650685,0.6433112010598324,0.6284026137725272,0.5361019620535956,0.5701447248637058,0.5588325990552833,0.48301443654739873,0.43062317436761405,0.6165324226204012,0.4736044362129226,0.5055520204889877,0.546675068964412,0.501572691913891,0.5809827536519846,0.47122694972254553,0.48737523521813886,0.6214288382401414,0.555635219191134,0.6152823738609914,0.4809588905654466,0.5584795043399833,0.45651586320937404,0.4929928311858709,0.524366943108505,0.4365500062778489,0.5131355759172598,0.4537088895554211,0.5570911777425925,0.48572983265102665,0.6399939138694094,0.45324600232766893,0.4627435571193977,0.4781545320680858,0.3638069802324446,0.44921374574524753,0.3918608511846825,0.4160119635982886,0.43373784335051674,0.5241865148332455,0.5530845314956543,0.48479088806726706,0.5427868549320497,0.5349951641511931,0.4160955630720194,0.4349349146364501,0.5170480227480511,0.5059093790833796,0.5154226347236915,0.4730380771671111,0.6150851042781963,0.49764250868503546,0.41717461602343714,0.45781902411113523,0.5435362363097695,0.6499110657059902,0.4412919857060091,0.4378850799271561,0.6423231882877722,0.5175644981826681,0.4775587664588337,0.5469886578014114,0.5526758432341685,0.5352046070321599,0.6013334641230581,0.47095546670277244,0.45387095976210773,0.44374683400037035,0.7679987917926678,0.4294196324283784,0.6213373436814799,0.3631456662480381,0.523482674417993,0.41001629628560765,0.44783619517582995,0.45867531959287444,0.5911901233159462,0.4426014051006847,0.5560667552979653,0.4410769613117716,0.5927939350958499,0.5536792846760842,0.6022038141661868,0.5438652696606794,0.4397836675666938,0.4725922406196505,0.47402240337487667,0.4426872203264133,0.5862747774792874,0.5200168039226631,0.490655511475411,0.4435169005658195,0.43707590728441564,0.440279511604452,0.4677709919963553,0.476202761539245,0.6082142891991671,0.4200138469911307,0.6182520286211896,0.4069933438119958,0.5186237779161795,0.4662899127441426,0.4822747262992793,0.5525642496266105,0.47944198778912317,0.4279890074039407,0.4783845519499177,0.47643805378752513,0.39465119748520594,0.6158937702157489,0.5026932054491917,0.5612780512907738,0.5412743718290366,0.47136732453112734,0.43008286893923753,0.5779541966140327,0.4475582043721132,0.5061625945057143,0.6738772517359821,0.6480600881651989,0.519357336938359,0.6659189767430351,0.30867305406737805,0.5038572994561329,0.4709611938076974,0.5056747112791883,0.5823582395989487,0.6013714194494052,0.5471569341884799,0.5251698559973554,0.6134575436339561,0.45708985148571396,0.42604041910276413,0.4457836840271499,0.49252396904829665,0.45639777275785515,0.5160000525254934
