0,1,2,3,4,5,6,7,8,9,10,11,12,13,14,15,16,17,18,19,20,21,22,23,24,25,26,27,28,29,30,31,32,33,34,35,36,37,38,39,40,41,42,43,44,45,46,47,48,49,50,51,52,53,54,55,56,57,58,59,60,61,62,63,64,65,66,67,68,69,70,71,72,73,74,75,76,77,78,79,80,81,82,83,84,85,86,87,88,89,90,91,92,93,94,95,96,97,98,99,100,101,102,103,104,105,106,107,108,109,110,111,112,113,114,115,116,117,118,119,120,121,122,123,124,125,126,127,128,129,130,131,132,133,134,135,136,137,138,139,140,141,142,143,144,145,146,147,148,149,150,151,152,153,154,155,156,157,158,159,160,161,162,163
0.0,0.8109602879061831,0.7921097420267623,0.8342152463572786,0.7852904387218149,0.8477260250202344,0.8264994231793744,0.8222813203360089,0.8690567456625505,0.716618579191352,0.8556758272007092,0.7693576472670017,0.909601026102856,0.8097124855364677,0.8333712968517097,0.8258826996552932,0.8835936318631445,0.8967666454682018,0.7681146637683178,0.885074487843629,0.8479025688769758,0.8368316680362158,0.789631695843995,0.836329864910646,0.8219165843340996,0.8333869854913643,0.7238296839087166,0.8996621824317583,0.6859314315974674,0.732172644326606,0.8297980639778071,0.8340809630819949,0.8084046951852587,0.8890587281560057,0.9164491426711731,0.7984958411258587,0.8808265199454495,0.8363532358578135,0.7548941538680521,0.8060232990344826,0.7802112116638725,0.8729259059226925,0.8258185363899136,0.8614751462104665,0.8676632077562554,0.8743965007887717,0.7885792924944819,0.8258174983545717,0.8623223878228856,0.8557862422316581,0.8995224967111096,0.8979651298748375,0.7973112635850507,0.8329009955522738,0.7846169055541546,0.8811489984086532,0.8944851857279096,0.7993227880029691,0.8169494878955704,0.8388574328334486,0.8567625198418378,0.7594550109539233,0.8913761634310379,0.7327527683802421,0.83667099194693,0.8794023604422914,0.8736498546170823,0.8642364104500829,0.7862987034110981,0.8353190061815271,0.9411953391759103,0.7955676492281415,0.8842433692850414,0.9000854432475036,0.8524031379587872,0.8601039235903104,0.8529358836344185,0.7618295473344319,0.8345001548024795,0.72442238638324,0.8377497305656919,0.8712518087944521,0.8217224592595643,0.8299007070697465,0.8804757006823452,0.8809036279149154,0.8182581137653487,0.809777642761852,0.8841922440254022,0.8507486057787893,0.8786543297715022,0.8232094893267276,0.7998218145924488,0.8793609876760091,0.8953053994209761,0.7608190105200956,0.7514007500315123,0.825745747669178,0.7225774759472783,0.9004630301577238,0.7734678142327565,0.7570211393405142,0.7715107104328109,0.6884588244976143,0.8848018335458455,0.8823154968191199,0.8161743810300007,0.8456039988617221,0.8076351133904532,0.8527423466449228,0.8672315017755983,0.8803118757948181,0.9460695144116923,0.7829052741785987,0.8748995156726582,0.8803838423076559,0.8616666014164316,0.7139410988648263,0.8440609596326969,0.800278019774951,0.828147119666673,0.7422889573682655,0.8873567290260838,0.8974381826375805,0.8319683803300887,0.7520525309985838,0.8019278919076697,0.8055562655873423,0.7841277322349289,0.7698647700513082,0.7877894044048227,0.8134635720564725,0.7811780209585842,0.8424322390908152,0.8106457787961044,0.845019059875426,0.7895724060630684,0.7971591723859596,0.7628028486296959,0.78101440162222,0.7773942347297522,0.7785372598004734,0.8756320355895066,0.7833837496014989,0.8252727554381092,0.8282879571771513,0.853572562452885,0.7524208428702887,0.7335409833046114,0.6320054107579486,0.9062772558921582,0.7403159309725618,0.7991402724711011,0.754268406971207,0.8078428665022146,0.8868535268034543,0.8583611387909266,0.8704584193000935,0.7879902007144312,0.895054169667543,0.75754113058145,0.8441697476034978,0.8459249985236796,0.9156360704901854
0.8109602879061831,0.0,0.9308666540370935,0.8542421144242093,0.790002958958441,0.8652425931868498,0.8483822737806149,0.8531236100266837,0.7474080168465338,0.8917703123160823,0.9194170810308819,0.9026261260954813,0.8761478271580264,0.8116131118444592,0.9046605881138915,0.8695219921829629,0.9165165242513243,0.826758720559229,0.8384301712488671,0.8730942524946259,0.8824804734915,0.9546497939144233,0.8322190871467726,0.9170008668064488,0.8839522681769842,0.7410099102572144,0.7800851602397958,0.9083740844023219,0.8917451600635639,0.7098933735806144,0.8675402380907957,0.8223008685412805,0.8857386413091379,0.8527468755481922,0.8848925976528148,0.9027342891592239,0.8073925375062061,0.8641775744286296,0.8985051792009021,0.8451412592103021,0.9214934301927382,0.817634557798126,0.7618264992580698,0.8683702966567999,0.8937712402193605,0.8344305269177741,0.7506201522992743,0.8569464589207062,0.8772247000592113,0.8314627694406953,0.8278865587872274,0.8125277045459071,0.8329519129369414,0.9391234899800133,0.902201717576632,0.8101617152699656,0.8250202807041435,0.8258117059784896,0.8479144853442697,0.8661345782126879,0.8850744983158609,0.6590640382222843,0.7855486853489075,0.8125753580212796,0.7396362734607735,0.7506053928866435,0.8144770592934596,0.7500175899364757,0.7744881661539389,0.7931754365381015,0.7892505196323142,0.78521341237411,0.7151266548678656,0.8805172558280573,0.902494851843068,0.737723182665672,0.8168977294858837,0.8220097259231,0.7772490873161771,0.6373893395865262,0.8463405884293776,0.763170082765968,0.8757930522237027,0.8473966482721534,0.7353871460017551,0.9219519441214166,0.697839833429443,0.687756470176813,0.8316061186862037,0.8389061043817362,0.7645002864195883,0.7973078311791187,0.9125116330693158,0.7943526532850509,0.8120133740194186,0.8592403675543088,0.7668333449769391,0.8427963521855388,0.6381574347297826,0.8367839364465803,0.8347128210242538,0.7335095373251778,0.6626167320433276,0.8202936891584898,0.770963788479195,0.8183923595876328,0.8390688648841406,0.9322055228904583,0.8665045911931485,0.9355051052886327,0.8711959985611036,0.7464392775619871,0.7791324865251121,0.8070719215005099,0.7999159466577628,0.8476142042870446,0.8360281657052376,0.8158305656705098,0.8949794547557499,0.7159988477062273,0.7974122983472589,0.6694144304334289,0.7682497413697394,0.8843658417631002,0.7152651765496255,0.9062456667624393,0.7027820858258234,0.8563053436807091,0.9443317723917456,0.8039454915146538,0.8199060384231198,0.7984148643099016,0.6920935039950595,0.7824017222212516,0.9023209439108564,0.8494369237041671,0.8418752422467288,0.826516893114243,0.8812343935245862,0.850519161324186,0.8304969824474584,0.813432723068157,0.8545834949329897,0.8346472213309366,0.8902105901874293,0.6821417952455124,0.8768264048736425,0.8904325652864187,0.8752871233855727,0.752345430753988,0.7742299038855327,0.8735065488950592,0.8752981473635342,0.8697344108395605,0.9017608861633529,0.8402953966292275,0.869134264221052,0.88492759374789,0.8027189510462823,0.7159399253760068,0.8451540466984209,0.7402663754077895,0.9142760246651418,0.8098010758068608
0.7921097420267623,0.9308666540370935,0.0,0.7980453499343995,0.8527325405008472,0.8737259149532638,0.8239430451542291,0.8709768564608893,0.7218371261256842,0.9143333060142872,0.9474920604754246,0.9181072047186958,0.8861477527832463,0.7658960702553032,0.8814044252655245,0.9512664591343198,0.9265770644931063,0.814403740108333,0.8273606897752086,0.8553451791921084,0.9111529571978852,0.9708957703584427,0.7982669368190749,0.8757246301979523,0.9021229065119605,0.758122843326923,0.7524563393008885,0.8501946119194963,0.8869045891440619,0.7660894982681137,0.8636082113375393,0.8887904353586185,0.8241223378507432,0.8192978736381644,0.8169227324717206,0.9080666251124814,0.8400577729975343,0.8759193762084068,0.9246778494454276,0.7994595845833307,0.8616452800431186,0.8253148886034382,0.8672334801628471,0.8741965601373063,0.8880278549446944,0.8262875405165815,0.790956727324641,0.9216099449399848,0.8783022198760289,0.8625318688219636,0.8536511303638904,0.7856067786992815,0.7702175113503796,0.9210468411239547,0.9410012310171266,0.7651293837264749,0.8155381447789166,0.8851388093153577,0.841523104379433,0.8316826272664903,0.8809111238453164,0.6922614751949372,0.8252473824354667,0.82322761367591,0.7378431107273317,0.7593636390112928,0.7854361927670647,0.8075963558726521,0.8417974815426869,0.8316393162133786,0.8153119909934671,0.7478674123099217,0.7048438063870079,0.8982862081173637,0.9011728338613154,0.7023939758072734,0.8795711030451905,0.8538828684046947,0.7654555562161294,0.6343942809104631,0.8578514361144864,0.7467356473531916,0.8854660075973166,0.8304557732323042,0.73408734170685,0.8688986390306163,0.739516212407424,0.7263906634336973,0.8077093811136025,0.7725636035992138,0.7930128412067406,0.7548579700172673,0.9499576009768048,0.7453186444093163,0.7739839578926803,0.866785043422754,0.7707708213788276,0.8028412696526739,0.6179106413770583,0.784420023196699,0.7940018579816998,0.8316671493388532,0.6739955922766084,0.8218025015622545,0.771420169755061,0.8496964384890953,0.8854335751776785,0.897087084341508,0.8448955358473537,0.924913939994474,0.8720348464960894,0.7588596619191632,0.7665594267148872,0.8268066699008118,0.7571961308510298,0.7870699987424713,0.7773961749484665,0.9125077466047573,0.9012175396809957,0.6662442165427914,0.8062831546598509,0.6901750572880413,0.7278093192104914,0.8737943930288155,0.6561841849149374,0.9181181031051607,0.7003655715743016,0.8943904117456898,0.9332859903274339,0.8059441672938727,0.7996395572987504,0.8684473387337142,0.676075180120781,0.7106873942275926,0.9134982790757745,0.8539739114136765,0.844314946286509,0.7839246820893553,0.8651849839496252,0.8988054967200425,0.7870794438761134,0.8645518342439598,0.7983107014187745,0.8655323591068989,0.9230549986175501,0.7021284357477247,0.8870612823885207,0.9040174585413376,0.9131913740752239,0.7546017900805978,0.7528071857516808,0.823488581517771,0.8690768948311361,0.894218844754043,0.9031609211031906,0.8480009313398729,0.8269958196001324,0.8879617796663681,0.7202065995636014,0.7344190894207051,0.8199732634548704,0.6747352520772207,0.915279813144975,0.7775993800435649
0.8342152463572786,0.8542421144242093,0.7980453499343995,0.0,0.7842774608673584,0.7823202112009848,0.8954148730065209,0.8301438996151042,0.7325132551886645,0.7385269003655267,0.8624106829567734,0.7990945698464907,0.836406688756383,0.8033804335772076,0.9301225575434754,0.7614770934352111,0.8460437122344598,0.8606910563889733,0.7755250081844691,0.7621806086147241,0.8272024700261449,0.8553065819150347,0.8563872379739483,0.8787295174404279,0.7845938567660454,0.8413051267949214,0.8003818216827658,0.901478240010178,0.7440887641865648,0.6413937322553421,0.8122025611510372,0.7236328195695789,0.97125889682238,0.8533132878592958,0.887151389660804,0.8572464334471195,0.7943536817081779,0.8206289070726994,0.8042421398631716,0.8802075690188081,0.9295421466990962,0.7566693813881616,0.7516976273768547,0.8668656575133605,0.8703437309045584,0.8518551870418384,0.7001709101065898,0.778415016857391,0.8507062514351357,0.8097772768554172,0.8861290880894148,0.8810189314937139,0.8034124297871019,0.9142076380023921,0.8344284060427277,0.7374394406621151,0.8218127742284747,0.7952647071428612,0.8105346309998435,0.8502055449676866,0.8506794497661687,0.6634287805007197,0.8322998670551295,0.7075105656636411,0.7502767678008865,0.7610311328618287,0.8578829332332264,0.7522193381257873,0.7505223719477923,0.8119193039255862,0.8262244895929515,0.7690914251462079,0.7644817111411475,0.8940990159638322,0.8189154692084041,0.7061699251541264,0.8222481856892139,0.787425471872191,0.8456787203566121,0.6068238386189875,0.7532250931513266,0.8432515295389252,0.7858330955676072,0.8110979343753973,0.7883734038000833,0.8849166143031849,0.7086137638730565,0.7346499799682107,0.8203577355118472,0.8084115765357398,0.8692739138656369,0.8276248451567816,0.8299260581237695,0.7834240443406258,0.8870498082939685,0.7846441413445007,0.7193494622968291,0.8081182177888866,0.6444037493906405,0.9024756383014337,0.7752509204776107,0.7149128845445472,0.7957310468108498,0.7620413216078953,0.8186052398854365,0.8053898234099094,0.7860256067475461,0.8265857691768236,0.8593863107161624,0.7983165536066873,0.8696022395797711,0.8300366175210129,0.8183734310551439,0.7572035615379041,0.8897431276202137,0.8860900900024468,0.7753994886657398,0.6772892134369327,0.8579907249493648,0.7910373818155605,0.7876239941635106,0.7909359572164067,0.7337914739709575,0.8829129831380983,0.6823110867919812,0.8078051658054609,0.7370922799800987,0.8037203460284204,0.8271490220475671,0.7973049524579249,0.6811198205043983,0.7208353876318734,0.7129653069681424,0.838357805153596,0.7907532488715475,0.744209200920841,0.701729329845124,0.8793512290124776,0.8346193720197539,0.7945597192188253,0.8817183484475867,0.6805929769905483,0.8792768617476078,0.786530436482437,0.7970119935037647,0.7412625378322157,0.8278635236119402,0.7879749087250896,0.7070993428104139,0.6012460104853461,0.854293604282145,0.7829780117037323,0.8169861793286112,0.7772091226712903,0.8597421576043135,0.8228033490541741,0.832241552302978,0.867540258955146,0.9055246911757152,0.7834472927645789,0.7959621631067777,0.7303391763173992,0.8153491492163993,0.8691133431866797
0.7852904387218149,0.790002958958441,0.8527325405008472,0.7842774608673584,0.0,0.7804012885804089,0.8716078041053431,0.7306375340894549,0.6775203364547726,0.7541225664590925,0.85027749325454,0.8025708895778607,0.8113776960620431,0.7279497109799582,0.8353961990331017,0.861720179792388,0.8703399302053457,0.7989793651567832,0.7156325530172791,0.7152133699653851,0.8395943055738248,0.8432550787961324,0.8185153173797054,0.8376864706282895,0.7741894435220328,0.8338763529646664,0.7249394217042171,0.7665564571313397,0.7614877911867256,0.8114347011062715,0.7421863243581707,0.7797065489359039,0.7995781693666378,0.7679085473123133,0.7643528501149385,0.796862672959489,0.8032730498766694,0.7883926944357276,0.7770153930300838,0.8063108280609173,0.8202749408333029,0.8108921177374412,0.8201546013527932,0.8631890435071742,0.7748735869448458,0.7990359041974328,0.8803783650354783,0.8303652935555701,0.8489572420645968,0.8024502266005688,0.8556638878061571,0.8294621672887145,0.715359425204662,0.8114104990374718,0.8081312660720276,0.7591263001942081,0.7753956891074361,0.83760145682126,0.7520411697464455,0.7760290699836357,0.7247551012429371,0.7006275850673379,0.8049098663992007,0.7145722431314481,0.698663731126525,0.6937092045975919,0.733038146612037,0.8331652532710295,0.76729146695364,0.7379167921070375,0.8162912131558769,0.7123764830814078,0.6809709666287592,0.8431422918227048,0.7568965690735932,0.6768267232557007,0.8299883496609267,0.9236827187142305,0.7322424941662615,0.70630697292535,0.7933014075294711,0.7274742288122205,0.8772838940561062,0.7261734664232308,0.7353106344985504,0.7887873843912896,0.6565613590164256,0.7115789404516032,0.7395077792724625,0.7261492737161651,0.905326172474613,0.7370331788305567,0.8740429732301417,0.6988735893297191,0.7722481901139601,0.7808247871328322,0.635749440124254,0.74069820741383,0.6473085332538083,0.7587742066104297,0.7049543879871871,0.7074861231038286,0.7054300488832062,0.7235475688688325,0.7190629055194181,0.8544086353240425,0.7655590852914906,0.8041214747667828,0.8370450261350074,0.8166062835154565,0.82779076999879,0.7892821616081624,0.7298944464257402,0.7111658187095922,0.7672795997451634,0.825794339511568,0.7186087331725076,0.7617701052539804,0.8297824690877666,0.6985853676770312,0.8754017056439575,0.6865326227067559,0.7042130885223331,0.8923439548803533,0.6231612893040911,0.7960046473517784,0.7060059638247601,0.8277994277082212,0.787223973317868,0.7644871918547057,0.7144443943675873,0.7831617249678484,0.62751595237868,0.6936557468092034,0.7264558054409522,0.781796805631933,0.7827561460186392,0.8024503270545157,0.7568640661508855,0.7908832708519307,0.7214446669137953,0.7635217309980793,0.7664780888094138,0.7372555882913713,0.8291999081969527,0.7478729396484989,0.8485679761666742,0.8271432827224634,0.7391658869751221,0.6519334888683348,0.6994486787705779,0.7314412837246037,0.7642852118159156,0.8395027732128088,0.8186660025697067,0.7421949398596775,0.7601096094313762,0.8962297568942682,0.7211045720470398,0.8017079678821617,0.7619464490502159,0.66766164753276,0.7978105693971624,0.8241579034296271
0.8477260250202344,0.8652425931868498,0.8737259149532638,0.7823202112009848,0.7804012885804089,0.0,0.7515780210919554,0.854444603118139,0.8224762775726314,0.7982749693604911,0.8815106633520734,0.934781553932566,0.8116609696298478,0.6836355177014397,0.7861210622961987,0.8689319977924992,0.8668504380540292,0.7279697009967323,0.915452783517289,0.8543127197018296,0.9132844489791108,0.8598660226040306,0.6927225771285324,0.7893345866183745,0.902663204668602,0.7002901706620918,0.6276906205545769,0.821127063711238,0.7687861187570433,0.7896576126041327,0.9128089324933614,0.894622711478666,0.7808374204670336,0.8568282895731947,0.8372270662634719,0.8490116017610309,0.8127305231131139,0.813958830597779,0.8727924685861206,0.6853305033975969,0.7946155223886506,0.8898770088337054,0.827439783944557,0.9198918059814886,0.8071071885923337,0.7515883730063515,0.7537457717364912,0.8938139684385785,0.7789036319446583,0.813885280175724,0.848396637048603,0.853774554522015,0.7624365440095722,0.8880765387285421,0.8578206453176102,0.8571217800577403,0.8333941143441506,0.9309214015079819,0.7305034119013388,0.7592845614763931,0.8683372304159487,0.7186211372113839,0.8938460465110881,0.7225487771989857,0.7649971424483034,0.7848189611841748,0.7244577089421742,0.7617326653127894,0.7136163593018569,0.8273281961877469,0.8277005462349235,0.6706676744153514,0.7660621346523987,0.8241348912388248,0.908858795229875,0.7516765209927324,0.7916599754286225,0.7491141918393398,0.7568935358569268,0.7182863162967886,0.9442995325522835,0.8158231706593252,0.8377461347658501,0.8093049527779652,0.8170273258955019,0.8376828263723252,0.834914780785184,0.6943410253926205,0.7980103326068229,0.7741265955496699,0.7836838735955429,0.842883679795067,0.8484948002427088,0.8015693628156928,0.7588051176452328,0.8531307452031669,0.8228777560520787,0.896096109674819,0.67029457251887,0.7575866888563074,0.7346930323560795,0.7965384323317931,0.7207463511407745,0.8071703957459077,0.8285984614374559,0.7833039798215029,0.8450724736852171,0.8579794628904541,0.7177174706506235,0.8922065302829942,0.9190858212608558,0.7752616668637555,0.8465209293907072,0.7869050595861666,0.7430487150071907,0.7588117963231483,0.8909502616182629,0.7948593940176225,0.909083107876204,0.7021507659175504,0.7272588320470141,0.7197541211990697,0.8277135189935424,0.8626999444131314,0.7760108653394472,0.8417310386547846,0.7209614841936429,0.8018387377896685,0.8805963589097257,0.6684081374752953,0.8453122246272403,0.900156619479052,0.673398339689385,0.8248681624510639,0.8805048139277245,0.8115691576606884,0.8138641357408222,0.6842457325022032,0.7055611919014643,0.8509282085992811,0.7673532678593759,0.8520412778985057,0.8017049773760003,0.8629681627201472,0.8601470275865325,0.7178576760978194,0.9158554237455399,0.777497695710588,0.8527405753371466,0.7577032655465681,0.8561912846910446,0.8454114357865291,0.8037309948784455,0.7162783863534853,0.921368839716113,0.8168988201215395,0.7598331534740241,0.874586986134864,0.6864202190267253,0.7618488890514823,0.7083637251538438,0.8209425946734434,0.9277416309300583,0.8094785470912617
0.8264994231793744,0.8483822737806149,0.8239430451542291,0.8954148730065209,0.8716078041053431,0.7515780210919554,0.0,0.7514325778583038,0.6809890586775068,0.8083693474016936,0.8475276463316826,0.7800402342088291,0.8612415746007606,0.8487135757350989,0.9144433663301101,0.7951950849202227,0.8491881424850618,0.8827219595204477,0.7015583566778484,0.7329001872061032,0.7969970294006227,0.8497135565516373,0.9436459908835513,0.8765933548528255,0.8188035695758182,0.8712035025133197,0.8257523484194095,0.8405485136377114,0.7965340555328804,0.6863499928681894,0.7808866034855493,0.7686316172782766,0.9008075849056154,0.8440399399049067,0.8771026797179987,0.8405771659829866,0.83950076258798,0.7887416347020624,0.7493424098955831,0.9103302773989695,0.8659162663341171,0.7845738564412217,0.7785339454723789,0.8730415985603397,0.8574818154114009,0.8469187190685757,0.8390928755716093,0.8086887819031301,0.9508923811251193,0.7942482663804247,0.8667890539308406,0.8241045297324908,0.7445375039840979,0.8491974152075265,0.8428975225408242,0.7949490060712487,0.7605734600200977,0.7599704457838554,0.8745343823439954,0.8254881452931931,0.7629016200342973,0.678479995138787,0.760076671667977,0.766433952239497,0.7134226222618193,0.7118335985715007,0.8515838916918349,0.8433507260769042,0.812987378200022,0.7561141965920053,0.8133887770031826,0.8226957963599155,0.7370107684006935,0.8830837124249687,0.7428466466189162,0.7631820044071418,0.8339245357992208,0.9043993938087669,0.7564414010468884,0.6421954721627424,0.7510394260055635,0.7528778033959457,0.8400481663767542,0.7587643793419662,0.7376102306534617,0.8221472442054086,0.6598757863050511,0.7891763085473587,0.826440932128152,0.7784446879516226,0.8898019494869563,0.8263461941746849,0.8641418668656743,0.7221689662214954,0.853433676276172,0.8209479870346438,0.62876244296385,0.8063963611497081,0.6808999778405538,0.8897567427697846,0.7933769682542791,0.6894662045746353,0.7944272868951402,0.7749761056572562,0.7501191211866491,0.833445472249396,0.7509439340747919,0.8539889895930701,0.9180883897452454,0.832381350352273,0.8507190276429359,0.8052156729160317,0.7970374511391184,0.7203853132324327,0.8312810949428762,0.8548138912982644,0.7647646958107964,0.7487967889945967,0.8637139903892597,0.7854140682163321,0.8200552116191304,0.7091043565119403,0.726631572358334,0.8974214644387151,0.6657967660470543,0.8231219313379068,0.7301973356255452,0.8189414607298501,0.8301111116974762,0.8469585777388061,0.704411399152567,0.6869326790663676,0.6639485043203741,0.7106679924857575,0.7398726675765711,0.7757727168430333,0.7538426342097118,0.9173981858534583,0.8517777657800985,0.7618078978486899,0.839762583806277,0.7356927710579406,0.8424592977503049,0.74669255830898,0.8397870298507195,0.826966634750298,0.7876287933278815,0.8282511383468403,0.7523321368551147,0.600942937165019,0.7424553231206504,0.7747822454811497,0.7557422966049326,0.8880744730805797,0.8336156780525451,0.7912038729824624,0.8113139485047428,0.8921635702188773,0.8801989147421557,0.8296414644513459,0.8731788563000201,0.7190706707043085,0.8285799376042338,0.815093026403425
0.8222813203360089,0.8531236100266837,0.8709768564608893,0.8301438996151042,0.7306375340894549,0.854444603118139,0.7514325778583038,0.0,0.8388461259164813,0.7974500139210914,0.8918545297869408,0.8735090084324674,0.8757960706498331,0.7411471834920234,0.8731106292776413,0.8764022656785183,0.8384460469417395,0.8097426315683852,0.8217190135691572,0.8539669023863191,0.8374000250221865,0.8822070848685355,0.7519388918773982,0.8042237170731398,0.854141291100001,0.7629268582603193,0.7690570751459876,0.863765158502986,0.7599603796477821,0.749576207118569,0.943447092361605,0.8344047656662519,0.843167021211742,0.837197567858183,0.8186125609236213,0.875165048145489,0.8512084839967734,0.9079416028895021,0.9107975729114194,0.7502566966629612,0.8251761769431973,0.7567529160307176,0.8639096230151827,0.8174414168912196,0.9264999089578547,0.8478010056186577,0.6892964952163524,0.8418039031169687,0.8002918898322032,0.8369095754090833,0.8428805423542723,0.7758266512231101,0.7432096080633439,0.8792425427784081,0.8843044877182742,0.7437942463609346,0.824973673338991,0.8904577757584093,0.7548405807521151,0.8358196155764954,0.941874506564787,0.7216690380577427,0.8607085547020015,0.7337673679972182,0.7298608874999712,0.7963398116938463,0.8102252084456291,0.777341000995673,0.8038551492408968,0.9500734864396224,0.8430152043039908,0.7336071851564803,0.719192371022929,0.8713277472180383,0.9190929622815821,0.7180688268407063,0.866483067091245,0.7469660544608584,0.8837705173667806,0.5938738716147088,0.7796786432251673,0.8087329346511053,0.8301415503903514,0.8899535224636174,0.7559628695442557,0.9128772032180732,0.8642885811319305,0.7535528580371832,0.8877836743440577,0.840816044308626,0.7838648509610844,0.7724198799759268,0.851083489572897,0.7622148558745951,0.7591857221251266,0.8314831725428016,0.8306990882803738,0.7891148725856749,0.6087528989026627,0.8129317031126618,0.7968302030353568,0.9019870826183306,0.712262793701135,0.7813292328712168,0.8544584960243145,0.843731623655936,0.8680515037410063,0.8311448375173645,0.7835997055727251,0.8116144228584905,0.8197661513624085,0.7772111816606248,0.7890474090799182,0.9060390604010872,0.8130500502668584,0.7894020734387378,0.7575294966150565,0.7931069344382395,0.7996776976595474,0.719178430747872,0.7416474421707107,0.8450517514210554,0.7002332951079843,0.8432180352043527,0.656233998180055,0.8635453424738474,0.7011312050332917,0.9083801773715875,0.8460182374076,0.7818433766880634,0.8017041524921538,0.8354749466319868,0.7864053906623122,0.7761480016805798,0.8860721436598596,0.7558697047775244,0.7964701977600597,0.7605317704603256,0.8259638197242544,0.9510558744432974,0.8164985200049321,0.7750835972292676,0.7924933359016944,0.8384853052750995,0.8493983002451999,0.7009815756098442,0.8884311890725076,0.8281796780621402,0.8133863816351006,0.6892224604069638,0.879607702814733,0.7696477006783742,0.8332769280602798,0.7763402005806702,0.8777858855070145,0.920155940284819,0.8168197568056469,0.8540618132295164,0.7282619787210599,0.7352113985211449,0.7343492674526948,0.6898795993463578,0.9072442627191334,0.7803911877241676
0.8690567456625505,0.7474080168465338,0.7218371261256842,0.7325132551886645,0.6775203364547726,0.8224762775726314,0.6809890586775068,0.8388461259164813,0.0,0.6586522161247677,0.7564762884823528,0.7595517741881471,0.7753750422101796,0.6801140150061853,0.7299840070913286,0.7460211472602488,0.7639032530209776,0.7487544271549074,0.7708371818423514,0.8241475916388045,0.7676853364821917,0.7606827205743115,0.6683032393492406,0.7127350146104101,0.7572127766899053,0.675877088367607,0.6557885045479738,0.7973540995153678,0.6154037725443334,0.7671118514541467,0.8297872940036923,0.7646508756469849,0.7137384845402772,0.7851814320818186,0.7887759745468227,0.7267408410445566,0.7602624584446751,0.7685860162798751,0.7352819947945909,0.6603900871166192,0.6896277222166313,0.8358339527120205,0.7313190098342652,0.7326437855929974,0.7761002175535265,0.7499276156866902,0.6743556469603054,0.712778952525508,0.7047798063977009,0.7644656593133984,0.7717742826050394,0.7752548730183734,0.7254208985643393,0.7483159824688307,0.6991141133916973,0.8364673420863117,0.8053021562683884,0.7967074181640974,0.6736816715353839,0.7472486356598053,0.8042929560967448,0.7098604733657928,0.8061860632164422,0.6500076852352549,0.7494541212016468,0.7746065985723395,0.7382892024482235,0.7255316744173655,0.6853653760052868,0.8205967378223056,0.8181264469109076,0.6571949186558618,0.7770436457382128,0.768705459056846,0.8345223092258508,0.7239531192650152,0.7398483185853961,0.6437359383204764,0.7525575806068691,0.622490350531013,0.7382069041309511,0.8443746971201955,0.7591482511004386,0.7513721841037788,0.7879047779393338,0.824963118200406,0.8260038371524692,0.7054569538346723,0.8042242487322592,0.8354339959890178,0.7566322859031683,0.783511505423251,0.703001218457388,0.7781857510713125,0.75252315994759,0.7090559036265136,0.7737378982547719,0.7725896295233916,0.6627604925732267,0.7621039950514773,0.6729009641295853,0.7410340659754154,0.6803131871639146,0.6553285343227405,0.8275191105357117,0.7607578521153311,0.7481007261979927,0.7612361271272109,0.6665611791718491,0.745411996622574,0.7624113392917816,0.7629597600411597,0.809210778179009,0.797511925711959,0.7353286363121502,0.7736916946560606,0.7753440435768889,0.656936631979314,0.7169116758419434,0.7395606908586159,0.6937576750579203,0.7361056229913677,0.7657737120365607,0.765462923702376,0.7522081888469955,0.6825036654673179,0.7323987736328728,0.7507667357639818,0.7001794111251177,0.6450882471762003,0.856146338530449,0.7948821337804138,0.7298812451556179,0.8357577506308832,0.760698809235482,0.6958525454707187,0.7234705275651849,0.6557667731378457,0.6616774966575352,0.7721683472719338,0.6831588342025575,0.7173715111367661,0.7944657691817998,0.7595773644578495,0.7118956053401294,0.7131370119457776,0.8499599099914346,0.6685089474094276,0.6930525895288132,0.6433360285349267,0.8601565918275587,0.6797629444042702,0.760472342021893,0.6583893273733987,0.7532701303795359,0.8140451408825583,0.7443483335734582,0.7666925427194488,0.6571938328404485,0.7277292371480326,0.6180123962404798,0.7644089818653503,0.8144891353420728,0.8019886543642395
0.716618579191352,0.8917703123160823,0.9143333060142872,0.7385269003655267,0.7541225664590925,0.7982749693604911,0.8083693474016936,0.7974500139210914,0.6586522161247677,0.0,0.8651546914974607,0.8631308186785752,0.8195823310529717,0.7615257763684496,0.8175087809285647,0.8625783373115866,0.806121676305935,0.7615600478134836,0.74536544440692,0.761791125802029,0.7674509522016979,0.864628347359597,0.8076644280563625,0.774711435041772,0.9325183783242725,0.6902131287360624,0.7636187110529432,0.7820607486039719,0.9563015678539776,0.7248766670809167,0.8478000270173753,0.8424106959842013,0.7825832934682966,0.7667602519153088,0.8007027088475678,0.8551295947737174,0.8116353530962033,0.8185471426149032,0.8149645259958423,0.7424396706698918,0.7907830248132739,0.7410888562151248,0.7917944430874363,0.8202497414194245,0.829361005347431,0.7284880761998107,0.7572649246859091,0.8701724031237421,0.8694509074880348,0.7341554433231526,0.7335561221591529,0.6732105450445757,0.6719273595749098,0.8162998321932574,0.917458964595842,0.7457792728622042,0.6774455492262976,0.7964858023105246,0.8155181023181161,0.7341549238638908,0.7796383523278418,0.627623629859966,0.6980733583406072,0.8276616453812682,0.626268960154652,0.6446223561046313,0.7224606569859134,0.7609371279134084,0.8440646771726452,0.7910293281551997,0.694813272305778,0.7582935029282821,0.636371430101273,0.77880415297043,0.7895733069786637,0.7275742815305757,0.7608397446774213,0.8303110180682094,0.6880431892013492,0.5972091150622014,0.7869212607776666,0.6343478967801573,0.8339905259420339,0.7993287184663007,0.6324850485348756,0.7818768191912188,0.6945027532778485,0.7115634119066582,0.7991299967843022,0.7038647505944403,0.709360539919188,0.7404158270776247,0.8919015684841081,0.6395627427142176,0.6818983803766314,0.9211117665526316,0.6566772990518588,0.8018823652120396,0.6085910167510716,0.7258155527507755,0.8162354733822993,0.7479986618898521,0.6676802036536473,0.9077092966956672,0.6909580676261726,0.7379464230143594,0.7513482175007073,0.8984474163887863,0.7920324339120672,0.847381482282608,0.7790754390249998,0.6616652309694441,0.701359041953264,0.8022299490930958,0.6905638876645596,0.6931523653137076,0.7610495562793337,0.9349798060804334,0.8464919952371002,0.6762946618816638,0.6858381539693622,0.659039362815818,0.6613671965185817,0.7831054411310537,0.6358628172142963,0.9349400290432076,0.6129251100309345,0.8094122514662384,0.923331293189089,0.7873615183988311,0.809755971057629,0.7125449539857052,0.6395237654556832,0.6183564363610542,0.8097939418706235,0.7690636998499571,0.8336469108770538,0.7603810164779682,0.8559376938914716,0.8246766448442883,0.8249708318135264,0.8381807101197952,0.7044475956143263,0.7794301671701235,0.8924338926856078,0.6955512402132753,0.751351604757145,0.8699612383142133,0.9660286834440258,0.7356648435754475,0.6724265806962147,0.8718614489844516,0.7329227802486681,0.8616477220730369,0.8700634394982408,0.7737403185462622,0.7452017992269189,0.8190169867312486,0.7301076869489137,0.677695770742596,0.863539836057929,0.6849091946226807,0.8990102407475978,0.666356087414853
0.8556758272007092,0.9194170810308819,0.9474920604754246,0.8624106829567734,0.85027749325454,0.8815106633520734,0.8475276463316826,0.8918545297869408,0.7564762884823528,0.8651546914974607,0.0,0.8950788574440284,0.9316121868517988,0.8043743401922273,0.9103810378598591,0.9480458151581229,0.9300685715076478,0.8581530000415325,0.8175024646156763,0.8652528563291224,0.8942937334479509,0.9607202414705862,0.8259305912707826,0.9020660356002325,0.9057081557232491,0.8224576648628464,0.7931402997612375,0.9093748070275472,0.8696405733107081,0.7610474981320923,0.8827768550553216,0.8591507131148259,0.8756243817812616,0.8498166554509956,0.877633790316139,0.8915799076042383,0.9053750145252356,0.9266830547008299,0.9152740276590721,0.8365820270279917,0.8812935031994473,0.8183402891588248,0.8614491938147603,0.9186188636098617,0.909902113408422,0.841747688295819,0.7490284868143294,0.9502700955782338,0.9043789150409588,0.8423307416854235,0.8713223475873688,0.8221543358519182,0.7611429994560571,0.927033321723059,0.9408622471279386,0.7797453214442459,0.8400971793723233,0.8915330549363422,0.8234314580098636,0.8381710940741476,0.9190156381328841,0.6843290465984273,0.8560787261627095,0.7862516240351455,0.7292584052041748,0.7741810805941254,0.8410055757865307,0.8344734886321956,0.8384639717847222,0.892307899649128,0.8539971307590174,0.7854161023394409,0.743542971630001,0.9162107934834628,0.9098805934972676,0.7433375583305756,0.9003952439295048,0.8675147453084031,0.8250047221587403,0.6889731324797009,0.8639846598601475,0.7690936119558586,0.8994300768428982,0.900430860087315,0.7620785698234536,0.9115921159149155,0.7975809005745695,0.7344810868806811,0.8409149757902821,0.8225097599628518,0.835756491931844,0.7576992268650417,0.9311387754942975,0.780599392564484,0.8143304260659083,0.8818792702876629,0.7552453601729402,0.8032377764859105,0.6304952243558121,0.8207602070566844,0.8546210346184935,0.821878290551151,0.701383636783371,0.8047263424174855,0.7999439248489775,0.8591318808985933,0.8501644099376983,0.9166071832434213,0.8473816300193893,0.9214232199178904,0.8879416935698643,0.7937788214042931,0.8244459564313948,0.8746858557700321,0.8246708981402961,0.8434566962420315,0.7914679710308833,0.8551823100027752,0.9057244691573553,0.7315512281472221,0.8391444400572943,0.7483921294886318,0.7685544355503692,0.9202317583813234,0.7190424084225189,0.92468061128395,0.6935104733697477,0.8996585260186476,0.915550146260267,0.8289023401251228,0.7869719953514064,0.847368011619232,0.7721865899883493,0.7785254613939931,0.9119669987802941,0.8565748533767199,0.8551147065892918,0.8326793922822343,0.8830521512488223,0.8974376606558331,0.8499364179427572,0.8387980895357623,0.8065003302858932,0.8326791975047984,0.9544450230430457,0.715945416060249,0.8871128095649138,0.8868540445656052,0.8608934170316737,0.7203972016158677,0.832806803721405,0.8316996483873422,0.8583683980689327,0.8414790200151169,0.9138750530918376,0.9056106756562239,0.8974573616313585,0.928053328583592,0.8035179936672845,0.7956938246077089,0.8226690569125955,0.742957247370642,0.897736157246516,0.8651392941590264
0.7693576472670017,0.9026261260954813,0.9181072047186958,0.7990945698464907,0.8025708895778607,0.934781553932566,0.7800402342088291,0.8735090084324674,0.7595517741881471,0.8631308186785752,0.8950788574440284,0.0,0.7901590525474301,0.6727946899638472,0.825773523457329,0.8798423020183797,0.8653946697013755,0.7213672443971199,0.9247613593615436,0.8174112264350867,0.9065538800704722,0.8890242513789031,0.7506439030867003,0.8151921018606246,0.9185632518633212,0.6916562553661643,0.6750037251588282,0.8238658340466665,0.8328925334669314,0.8003488086820026,0.9203617557519188,0.863201526785998,0.8110422054145588,0.8543030472940837,0.8047737165005899,0.8862557759744085,0.7840626884895883,0.8174535145364892,0.9303118006507805,0.7085387853035625,0.8437193096531918,0.8410758682985865,0.8209333469265181,0.8932821901493073,0.8269190665855268,0.7534133211550718,0.7421970434920294,0.8768543542442166,0.8036753418199686,0.8013155338820425,0.8250116190289705,0.8008243203889803,0.73784659970809,0.9098641870106893,0.9039475843207285,0.7852272312418728,0.7939670039221407,0.9482983053844012,0.7382836015301454,0.7694675788826687,0.8465501185905029,0.6632011594613035,0.8271035735996634,0.7417618596016904,0.7076599310098677,0.7166492708522942,0.7050406436364791,0.7212176422648934,0.7279474217329959,0.8210679363065763,0.7612595698333693,0.6629579562336835,0.6852649606155908,0.8210385931067604,0.8897064217246662,0.6822161378728943,0.7916320535105497,0.7854580627023918,0.7509614652297536,0.633500516718402,0.8585263121441735,0.7678473784310188,0.8489217846536042,0.7857398620947202,0.7491905741965366,0.8425548557922318,0.7629306013890907,0.6711615858280051,0.7841427141465905,0.7574017773152522,0.7680305941835384,0.8215789578845522,0.8926456060888678,0.7329347370743623,0.7195322641708158,0.8814621473492341,0.7822558595170032,0.8805426171708908,0.6183267044241487,0.7396336109139358,0.7325226019493901,0.8015044313907467,0.7035503211886134,0.8776037167998129,0.7713322771983201,0.7740380511225595,0.8430433554521868,0.8860960292857203,0.7474984462029864,0.8848774138429839,0.9060384030983971,0.7412490640244216,0.747303512672877,0.8003789435769896,0.7181276606634343,0.7496977643072912,0.8306621704060566,0.848829724810939,0.8958174405731296,0.6671311413064267,0.7172189440740709,0.7114775414325936,0.7342304162775559,0.8482336228078621,0.6626978998037631,0.897243237629529,0.6753063412182572,0.8345271871985158,0.922642254626353,0.6876256241784295,0.828747626579207,0.8497055236289041,0.6334547236651918,0.7603356141610943,0.8815764157055214,0.7542330916076033,0.8180919989073393,0.7082409217602408,0.763293679435919,0.9087099535232237,0.7749772788758277,0.8204563699196998,0.7844902399836181,0.8611555093655507,0.8648196667305668,0.6908865499679399,0.9091513563446502,0.821249504758402,0.9000790760076931,0.769595140452124,0.7964703741735224,0.8563902248958771,0.8312874584588568,0.7735199712585226,0.9657814678803432,0.7931237562355173,0.7513976767135273,0.8771353861336784,0.6876600648912103,0.7004227739638296,0.7224831719620028,0.7238474166346912,0.9360750316584546,0.7640187095909448
