0,1,2,3,4,5,6,7,8,9,10,11,12,13,14,15,16,17,18,19,20,21,22,23,24,25,26,27,28,29,30,31,32,33,34,35,36,37,38,39,40,41,42,43,44,45,46,47,48,49,50,51,52,53,54,55,56,57,58,59,60,61,62,63,64,65,66,67,68,69,70,71,72,73,74,75,76,77,78,79,80,81,82,83,84,85,86,87,88,89,90,91,92,93,94,95,96,97,98,99,100,101,102,103,104,105,106,107,108,109,110,111,112,113,114,115,116,117,118,119,120,121,122,123,124,125,126,127,128,129,130,131,132,133,134,135,136,137,138,139,140,141,142,143,144,145,146,147,148,149,150,151,152,153,154,155,156,157,158,159,160,161,162,163
0.0,0.5240253172796354,0.38388160242005687,0.4561819342998883,0.5635650486455595,0.38423434962188063,0.5947656968933546,0.43508076842897486,0.6577702291704101,0.3614872397105501,0.5760293472283365,0.49814638809827233,0.4393326205441494,0.583628173874754,0.5082872855572834,0.4372946608182628,0.4281334236975178,0.7286911784905432,0.5296689808741144,0.6919941928487844,0.5404304303205797,0.5594248779437722,0.5044968607168444,0.6570653528456359,0.5092501060945167,0.5029129817917556,0.456014454959158,0.38995793438366766,0.4168134296748057,0.5392557854581453,0.5905535814779487,0.45022229299466626,0.5373696812932859,0.45511417824874245,0.5821157349029573,0.5713765669099372,0.6376929478217481,0.6013699504590867,0.5101129757481708,0.5335752937294399,0.5604849490396427,0.46912415145459857,0.6809244742919512,0.6095080214921499,0.5685263063428524,0.5252890738728431,0.5499390611725239,0.5709849419225912,0.6245257090478376,0.6524052159605436,0.6403255989912314,0.49902755013028677,0.6288725167803073,0.5519526815073663,0.5302883955106427,0.4312655140474448,0.6925087387852583,0.47384613438421275,0.6053209401774233,0.5921170176875422,0.41455989502477436,0.4649211282097202,0.5377471246586557,0.5475685521231732,0.6223127037399256,0.5232817509738172,0.502637908519088,0.5934064504584178,0.5181422052417038,0.5107967795471601,0.6641627933230188,0.7037859679763406,0.48800241932922944,0.47179468587283163,0.41747877637203434,0.5931796149457275,0.429441913767439,0.5250037263111337,0.545657814159813,0.4007067524260594,0.39757902920642024,0.6664201633661903,0.5684320137872286,0.41655354434631914,0.5007133911536875,0.5438492892722928,0.5102765272186748,0.6782286249621267,0.42032305066782844,0.5384782277564245,0.652355867992421,0.6463548512775994,0.6040084279542144,0.6298411966817288,0.5757620732779809,0.5149543083814554,0.53721602106288,0.44155142627142197,0.6099358919982244,0.42324961579492015,0.6693270846664051,0.4576418144452342,0.5475377625389979,0.45071469972904865,0.6517388776499748,0.44144428784498524,0.39692393286432937,0.39666763271754457,0.5535390433195123,0.5294304873564062,0.5745876816761236,0.6693734540700506,0.4291817376493299,0.4117905424111307,0.5965262088963807,0.4339741352679827,0.4725047358127683,0.4709140409672071,0.38026609790142013,0.4315549932966963,0.5869870013262751,0.4329247833979436,0.5555633968329813,0.5900249017655494,0.5704328461557217,0.47447306952595025,0.39515237982357587,0.572144378021989,0.417990232930631,0.6087444826907668,0.4101804789419883,0.4023224281783041,0.48359095549099573,0.6424097752149242,0.5426569871430443,0.4614927299338295,0.6339393569513946,0.5765275145722273,0.5602710129190877,0.6453175872461951,0.544051105831903,0.5243630446475959,0.5971654863009302,0.5447100718885831,0.6277913562776228,0.6157628636309853,0.5646805450172291,0.3877170494475125,0.4724403305003387,0.3650036108926116,0.7607195600889879,0.5624476689000617,0.638273538838433,0.4495770142507644,0.4658102346900506,0.6706214794054429,0.4929903929623488,0.4002008841233128,0.6170394956339565,0.4240804052140465,0.38531347373517094,0.708468738602977,0.4275434255366263,0.7860708098105528
0.5240253172796354,0.0,0.5451434850853308,0.5381120781341105,0.44687893122262096,0.49927109349617305,0.529072287250247,0.5809597443229702,0.4986522717268875,0.5000929752712685,0.6924439027146142,0.6559352220298099,0.5323262225726427,0.5989597742551632,0.4212651753079261,0.5674727680703024,0.521175584973937,0.575040002031206,0.5787986731711373,0.5355569250791993,0.6837867017680189,0.6229142768458384,0.5087097942413893,0.5588600637442457,0.6859210344542724,0.5205420986693398,0.5292207490400131,0.44024783387734184,0.610613282049148,0.5497545441691083,0.48651374260324926,0.5463777012687194,0.6178587162193656,0.48612873469715095,0.4358119106015086,0.6150533535689604,0.6493478111055563,0.6193583526966768,0.4704208332297376,0.5763113171020031,0.6052450441905874,0.5551512015586566,0.5456848671514465,0.5097442228803106,0.6769105736153066,0.5538082760924029,0.5693847633771894,0.5601099809040363,0.542909634300794,0.5108542578092954,0.5960214607507073,0.5338849062076022,0.5952543121582038,0.7665908522384891,0.6198361285476287,0.5028986247193956,0.560359687232417,0.6347725598777253,0.6046490109157906,0.5887381966794735,0.539290511588413,0.49856052094152303,0.5931703016567786,0.512001797232502,0.44531690789109785,0.5322614395729474,0.5449902566097956,0.5891337071470623,0.6027883675263774,0.6474272950380785,0.526725004860363,0.5000438271235638,0.4981464434368372,0.5610068585757666,0.5345547921875984,0.5337470109341846,0.4898281257845892,0.6747406062962557,0.552067499483001,0.4388432416177267,0.4909744714467269,0.5038565199728682,0.7152704023974475,0.5196451183540494,0.5175290254047772,0.6158815397828253,0.5888265521386312,0.5219405683272953,0.48183474523967346,0.57715233252332,0.5609588353563248,0.5684046881851107,0.569019757321325,0.5208518739258148,0.5537638180232548,0.6745182871592387,0.5916241552902014,0.5399666300994085,0.4684562539323,0.4737479852487656,0.5355689924775365,0.5664975297416363,0.5235931009291,0.5980243120287422,0.5717978705388244,0.5023945701045212,0.48287221057218815,0.49562879010263544,0.6259323453910165,0.7223353549802811,0.6070985152412552,0.5155802740138462,0.48174932283239214,0.4911235699116833,0.5625464277502951,0.4857620611554711,0.5393301496395732,0.45525105712489766,0.48773893601904134,0.48051658388644664,0.43326256088492304,0.49802402133196205,0.5418448704917749,0.6224006102857427,0.42486005162231094,0.7168682077423751,0.4317807462264855,0.7114817542579014,0.5936608466838572,0.5318073381732066,0.5071226117566864,0.4937505757697654,0.5009094131683003,0.5051870466021275,0.5031933642459175,0.37712892565512485,0.5668660637039796,0.44302293850328295,0.6329052465286952,0.5838541029173422,0.6331173941808055,0.6593459190805404,0.5901266145424332,0.6051449108372783,0.6864249122835689,0.5007034257808423,0.4933655982483896,0.49647210955954246,0.6876936909842699,0.4616541881632006,0.4918070683193994,0.6970494311781464,0.563379023026302,0.5936108438827581,0.6296850718839212,0.6291310472157148,0.5009635426596994,0.49639072969576853,0.4916212749426986,0.4390195208894722,0.4829096197483816,0.563722816241731,0.4897860840878688,0.5024722095619988
0.38388160242005687,0.5451434850853308,0.0,0.4761831247094783,0.33997694702685993,0.5764528494103804,0.3880410567456851,0.6116487857436552,0.3760002109987149,0.6398872581391088,0.4636372527532308,0.4700409733677066,0.5367830297051157,0.4784453553689334,0.3197938003260417,0.5791321956963142,0.5407972618607917,0.4243123067573429,0.4228241846010682,0.39494647151165263,0.5458088589114494,0.4424982549799458,0.41239315123468595,0.3905333720976965,0.5367643451805466,0.47439709969996097,0.47089946824678214,0.4298274770175146,0.5128942337013906,0.4228876021878176,0.3549669330577116,0.517048362618242,0.44738428955759074,0.4336611298673088,0.33135088268740126,0.4563134139038604,0.4647411137094004,0.46821170514484733,0.3478190375898761,0.4687923285384625,0.44042403740737013,0.5423158056478461,0.40260320099247404,0.3720271065848094,0.517034853409198,0.47178056872513746,0.486474525842408,0.40562968732884885,0.3978556978239798,0.3887988451021751,0.4438583722413091,0.48098850007988303,0.44112285112071564,0.4994341708010911,0.43886966191959276,0.5197777571032359,0.41546072895047825,0.5609133616228389,0.46337503061911245,0.4518106672749634,0.5713434136190706,0.48482271716802766,0.506445983335047,0.414180135728552,0.3443288353286851,0.4701913483694909,0.4863691172718199,0.4705791142188046,0.543077065341017,0.5401931346588854,0.405974480282149,0.3737862705522087,0.4735985493893468,0.527953307825921,0.5845872857467437,0.4117659467387072,0.4655926702888594,0.5246186446370451,0.4576940479567082,0.42607793225601615,0.5556522354399581,0.3841753887119109,0.49634349441506925,0.5695854259460396,0.47101202335848696,0.49868099865946586,0.5154158346629326,0.4012317717579337,0.4741601316091847,0.46968144708721327,0.43135882697869066,0.42008495282640435,0.40057098897061133,0.3953819752834127,0.4548029732350618,0.47825610518810313,0.4758220207566554,0.560606175500074,0.37264665163951144,0.4761193447249789,0.3799096588314267,0.5360402457672329,0.441481690741204,0.49776250738680944,0.44281941375176254,0.5162280117254333,0.5453566559989285,0.5615523330294563,0.49696216388372044,0.538412148064532,0.44563143762577573,0.4032757414351273,0.49537786774085407,0.5110650772915404,0.4459285043546939,0.47031832268795287,0.48833229692541186,0.3537248889006937,0.6061386582580878,0.4837823151526547,0.3343302411690371,0.49305267734115354,0.46493604798215576,0.4544780443169255,0.329881736988884,0.515018204778221,0.46645696251864294,0.49814405209170887,0.6979547754257994,0.4051002342392504,0.5588058335160453,0.5705152788317784,0.43239128767116836,0.3806289384793039,0.37747323209015066,0.3015580764542368,0.4029539971486402,0.3368252399594935,0.4665047440444313,0.41081516702680265,0.45015332325243523,0.5520218913206749,0.4575297112120896,0.48803475510398403,0.47493208270076204,0.40942489200477467,0.3750567479800063,0.5423623666267865,0.5985114976319306,0.5869922982598023,0.3586697688761597,0.47496084827460894,0.4032806512941793,0.6099710697863235,0.5709632276631774,0.4476057617326689,0.39765750819753815,0.5285048277367053,0.3577391825079786,0.40636082359771547,0.5796432571421345,0.41240585698121707,0.49429547086195774,0.3670835542455912
0.4561819342998883,0.5381120781341105,0.4761831247094783,0.0,0.3699539281442572,0.5524990614023674,0.4960052001654258,0.5906647800808256,0.4172265652376031,0.47930559041961024,0.511637356212414,0.49969475491593945,0.5750170784853031,0.5311740684190037,0.35031639388933034,0.5429688231075672,0.5782116766246781,0.5032865487240858,0.4936374075139521,0.41619097794915433,0.5769524323594353,0.43125891640357467,0.5382481884948749,0.4422022078660113,0.5779229117237722,0.5822098363634036,0.5798928601159866,0.52147416943606,0.444458663620254,0.5036257177634555,0.38617518869452017,0.5359170374159443,0.5751750337932092,0.5521791742647972,0.36544757015523643,0.4600949712569371,0.5449218002977302,0.4920710052769432,0.36322308333881803,0.6080226809955018,0.4852884784096844,0.5892506432573984,0.43192393592199907,0.41388545355817424,0.5555744768104065,0.5718047556751388,0.5059843637458339,0.41111571593098367,0.47405301970837643,0.4130387235284578,0.5639747834988924,0.6162468361900446,0.5162175137599402,0.5476151341135699,0.4631483803777685,0.5548548236102928,0.4967012613093756,0.619826277602375,0.5003511454443589,0.5358798970912371,0.5690845976415164,0.5147712279136718,0.5886674828523432,0.3962618764578568,0.3775609452980455,0.5374358383581925,0.577511976225683,0.5101415939640483,0.5063001471111808,0.624079487693196,0.4486375415412415,0.4123400724352828,0.5493102383604047,0.6223130391435004,0.5599193714690672,0.5214747301094208,0.5331419878018953,0.6306558068149016,0.537937954635312,0.5113888838517363,0.527771011499871,0.4433944976025948,0.559783509133219,0.5447246298119713,0.5695390119573278,0.5315785687708985,0.5798699124014527,0.4675975774956095,0.5749270206680877,0.5314462022869773,0.5438963715643752,0.502593872062851,0.4371170844399419,0.4914379199387692,0.5420847220904312,0.48135978898322285,0.4573983728507108,0.5859818215652403,0.4071921679721496,0.6104374088791209,0.4186822644755028,0.5308956139645413,0.5731858703730419,0.47992675959408315,0.5082314703932621,0.5458765866071552,0.5228497756667265,0.5557169685939765,0.5814710608403234,0.5378959095552814,0.5658974976784062,0.45776647116131175,0.5766301482042269,0.5375395257969081,0.5775321704374188,0.6128398230020746,0.6184234928579591,0.35634170109338836,0.5496865726363569,0.5768798008244954,0.3628685333102665,0.599971509994233,0.5269379477633912,0.5989866258025911,0.3585993984500641,0.5161248622845062,0.50171749783447,0.5193518588229727,0.547146561409359,0.42300549539205123,0.5288682261299524,0.5013282835243932,0.5233987432133649,0.4427152083865117,0.37290336842344785,0.3122332844056576,0.42825759939294816,0.3761162733697892,0.4659487863515372,0.45890390477616955,0.537694260066702,0.5150326641059969,0.5807155030209479,0.47776267894746444,0.49296826329873933,0.4786476707568604,0.39263144449063236,0.5387661230523877,0.4833436435588992,0.4467477078534929,0.4271425008952564,0.5605564956536949,0.4372730826199435,0.5020979843632678,0.6322691820205691,0.4956921678822838,0.4784498805370971,0.6145801972298195,0.4503713857207421,0.5322665848922254,0.5383707160095319,0.5057507010567643,0.5113278060752904,0.4396058414047809
0.5635650486455595,0.44687893122262096,0.33997694702685993,0.3699539281442572,0.0,0.319706275430236,0.4953218389921161,0.35706025104238476,0.5906271208992578,0.3149801785161311,0.4662941174929838,0.437281355388604,0.346421533586157,0.4553765954817594,0.7185159015757068,0.35369854451000865,0.3423166730937628,0.514084971664555,0.43869000644861333,0.5650037537196183,0.4278091909286087,0.5641708752598908,0.3954167122898719,0.5653079960755557,0.40668452410181655,0.39358983381427753,0.36594046356647475,0.3122822310215417,0.39096077280405483,0.42150565254180594,0.7045762646775863,0.36044235107496336,0.4768363506951654,0.35383325537602023,0.7596993054365809,0.5607911567571295,0.45985180374644585,0.49069274724562173,0.6014702959805643,0.40994355132160826,0.5331570463449463,0.37158056822928753,0.6123032813545339,0.6654834504074135,0.44385807128386234,0.39878457500084713,0.4580690826639616,0.5640090819377928,0.48586385621619466,0.6441110646623633,0.47343772646577575,0.39403134278355323,0.4870414515752715,0.47712044771326223,0.48556370943549115,0.34744599691908856,0.4837440253975428,0.3887048866010187,0.4824079030648423,0.4480177959565455,0.3358285267002142,0.3779729889380357,0.42236041070611474,0.5686055757048997,0.6641137483920098,0.3927998324871489,0.3844807444388352,0.4655108416607102,0.43459193275897967,0.400136517707356,0.5461826731924312,0.6418748435492022,0.3769050914023862,0.37028725149794595,0.3407621673189764,0.42324609632492,0.3420137008494351,0.4168390285991365,0.4234545838123473,0.3150493383734718,0.32911240633349303,0.5836423221306649,0.44763550567266597,0.3410609383452491,0.3843152078083003,0.4381929048564244,0.38943887537932276,0.5239840711506158,0.3325785404373214,0.4179438672334573,0.49897554047805476,0.5458445752131349,0.5783731917073636,0.44166050144032354,0.4434632643594722,0.48394916819930756,0.4673397910379258,0.3651205298223173,0.5842945194920535,0.33503903586915706,0.6036339659024809,0.369767656565304,0.44009256059111607,0.43061108789795666,0.5002326713236913,0.35197346225875686,0.32549763396857195,0.3243979841220454,0.4352772850358999,0.41704805437457737,0.4443612545192244,0.5395544873878096,0.338865698535016,0.3337653598323089,0.4410976079438272,0.34140001160285766,0.36454518220060894,0.4888742848927586,0.3223512434020795,0.35058142774290973,0.6851092899436043,0.35663333097259603,0.41047929986575793,0.4358336380477642,0.6215693526825936,0.4168549613605611,0.3249238305451982,0.46642538684025187,0.3576433316250317,0.5899953045560969,0.3372883238133487,0.33332016975411904,0.36450358651606923,0.55165631076897,0.6017434320943903,0.6038803120745948,0.5320918058848452,0.7336399274127123,0.4952006349516665,0.5431583303467605,0.4834956197533591,0.423739427852726,0.44726962648653124,0.48741400428359183,0.507300190685657,0.49352784982717385,0.6485885408765587,0.3223061515055564,0.4139466095826913,0.31364416428758163,0.5962716994298721,0.4569804481424944,0.5553716657056768,0.39109947972958187,0.3828924273687234,0.4961755279919276,0.3791448918510004,0.32510548028157205,0.5577777459281081,0.33088365440553835,0.3230733778323417,0.4961626738407822,0.35256456171138384,0.5819000224469963
0.38423434962188063,0.49927109349617305,0.5764528494103804,0.5524990614023674,0.319706275430236,0.0,0.3910216923326099,0.6634278180635915,0.3678841866336939,0.6046309517477355,0.4509309589363867,0.459560201218965,0.5972688648039305,0.4572449799334582,0.30216186211041896,0.6039825837782424,0.6131608359948559,0.416709506296933,0.4382121992435401,0.37445784867931764,0.5355622864228158,0.391655411805735,0.4358119068437502,0.37363869935899263,0.5537563477468124,0.4874688953977782,0.49282193678235336,0.512835289403841,0.4449557387802637,0.44932412678116407,0.33923157810083115,0.5586440442274867,0.4407108650606456,0.4921308592160182,0.3166577335674611,0.406744336285318,0.47067852693724643,0.44225948539152954,0.32620945079102226,0.4754672346286078,0.40979627945579156,0.6133561448123814,0.3781612872615191,0.356612468515529,0.48704779883014965,0.4919000578350034,0.4537034868652984,0.3744495138900464,0.39650864926803,0.36125518247017147,0.4528838412116402,0.5215011139238559,0.4382854618879973,0.4691296288908598,0.4106971741083955,0.6099104428047163,0.42206052091340523,0.607619149987376,0.43309760476083664,0.4497591809249437,0.6815259333276404,0.49784165834725835,0.5219239259788895,0.3641330899654459,0.3302723102207359,0.49805085079771655,0.5129561874303921,0.45392641990846355,0.47305010877867437,0.5821608693007173,0.39106987839848334,0.3553732119995868,0.5130495862908977,0.5682409795342509,0.6772343213208899,0.446194221639622,0.5131877701882831,0.5320709784027796,0.46733812157490234,0.5466539326233106,0.6677037214070997,0.37675168154710154,0.49993646376582496,0.625043951955689,0.5189302619694056,0.48259089396459515,0.5833387349485809,0.39353125700759783,0.5739899231820422,0.48482055271839547,0.4334293960067824,0.4166926311284485,0.37809408646677806,0.41873526296669034,0.4615695130601059,0.44191560895169474,0.44012216403508286,0.6079877329210489,0.357602403352532,0.5586435756788407,0.36473423616636436,0.5489051166437529,0.45800381472386814,0.4522258834869022,0.43576930906141637,0.5463529218914104,0.6020134708286187,0.6769055700831876,0.48066059256924365,0.5239947064116299,0.46687105044522714,0.39206747526475016,0.6027466696634834,0.600065753479835,0.4621794029165627,0.554347196917402,0.5898185273188377,0.3288537213526999,0.6762082603227406,0.5528220874563533,0.3171343775897641,0.5630824157742345,0.48934716579273885,0.48737852275846316,0.3200232460339876,0.4858578708469713,0.5130415216640719,0.46193412752047175,0.6200996656152815,0.36934375083327203,0.6468898351875568,0.6160119546023769,0.48919131590302406,0.3802672849801623,0.3439859790236218,0.28284162043835304,0.38613187426903756,0.31804524931851874,0.4108606897908271,0.39998017994229845,0.44234915642609013,0.5175309992579419,0.4744923900155737,0.4434650191657308,0.44577287252249864,0.40139951280277597,0.35058952297651425,0.6281983601525849,0.5044326118247687,0.5742702195513717,0.36036682219545463,0.48827959152437717,0.38155610862321293,0.49195820871652096,0.6205609003290297,0.4381903930045832,0.42456297154713646,0.7061392798958873,0.3582408021478535,0.483228323738458,0.6272155464452845,0.43078842574882825,0.5364587980085642,0.36826492756482027
0.5947656968933546,0.529072287250247,0.3880410567456851,0.4960052001654258,0.4953218389921161,0.3910216923326099,0.0,0.43212223102322483,0.4901692055460925,0.3876082797695227,0.6013803520919755,0.544382260005862,0.4463560685538063,0.5313046956681924,0.47636710700759083,0.4442225143676086,0.43378908805825317,0.5930140086559728,0.5683211918724551,0.5226557619180444,0.5082943990553604,0.514693483456202,0.5813472632565841,0.6043362444061069,0.5294606457968968,0.46693752956492496,0.49329704827921983,0.4145751978686427,0.45388349015029167,0.545811279917665,0.5234217623979891,0.4800218331139744,0.5616643958918878,0.4902040218760418,0.48820083774098255,0.5280296717560222,0.5997926963880361,0.4962879255271814,0.48581273429658745,0.5534426506860426,0.5081085263520397,0.44899570180958465,0.5632187422181418,0.538971732353402,0.5499497675536407,0.5060563841244008,0.4935027948214948,0.5235463683743606,0.7151852917076877,0.5236255363774054,0.6434834610218839,0.4600069915480601,0.5501056667244543,0.5835757321608549,0.6108067607210025,0.40892270099623906,0.5762463696825598,0.4794679090044456,0.6009641210582167,0.5778610824483615,0.42363452069575186,0.4330344727885312,0.4843118641272966,0.4645198395801778,0.4849247673259984,0.4741432376652434,0.486968058768096,0.5176155341246232,0.48649078368235316,0.49322992503916724,0.505340071119207,0.5362687540728587,0.4490224925397269,0.48746157000484086,0.41106223001125375,0.5820677011237372,0.46465658459836007,0.5551313871497534,0.4724091198395581,0.392940850180797,0.38134395162844764,0.5172406862284937,0.5371848993163298,0.395811915004348,0.4605087628013454,0.4695267652624477,0.47471754159913687,0.6237315765797841,0.4340977496122808,0.4705446823434245,0.5769274949614979,0.5874853469869362,0.6262040700978272,0.5717557654687704,0.5041424747350088,0.5086775460129046,0.4578397692031541,0.42686292546395793,0.47471622946996433,0.43657967510667556,0.569812723615457,0.4740491435021446,0.5241397526076245,0.45733257150633033,0.5306549409282018,0.4211579612766072,0.4002414463501795,0.3961636522564398,0.547851911277545,0.5201315899812444,0.6611045560308811,0.5120524044969321,0.41896828089060245,0.4043191733637351,0.5255010672974245,0.42672337379552816,0.47045816518468125,0.4935803005872644,0.3909549024971711,0.40990973488305854,0.4649110436583841,0.4177528699820957,0.4694390693188827,0.5948511560387784,0.4403501865320007,0.5188583585523495,0.3855552534935819,0.5668155492077759,0.4277920986323496,0.5024995738970427,0.3944816970228445,0.38317862721932944,0.45715478368783063,0.48920237458719895,0.4668162492640658,0.3913021980149797,0.5283419977783108,0.5015320719212099,0.5298108020355374,0.5692233098008532,0.5451916873757822,0.49408756557747685,0.5702946430971224,0.4839231004861544,0.5394494135865805,0.54490119593303,0.46143678981656067,0.39856096194536766,0.4618563249469134,0.35114270829361927,0.5729802712070715,0.5596631566633431,0.5789207900365723,0.45542218440508475,0.4661457553330471,0.5471215327654869,0.5190979553608427,0.4102127869549466,0.6104979250159107,0.4527363058437275,0.38290814483647967,0.5509206069276994,0.3981430307115071,0.5527393390982066
0.43508076842897486,0.5809597443229702,0.6116487857436552,0.5906647800808256,0.35706025104238476,0.6634278180635915,0.43212223102322483,0.0,0.41822320459181866,0.5761469594808462,0.5100441271613578,0.5083335446387441,0.6694387375766709,0.5397340066304541,0.33445045619449265,0.7145033176675866,0.7046234245425174,0.49191268269212196,0.4835469139685323,0.43047446941385054,0.658009532516582,0.4452525617189701,0.49323379970518216,0.42600635218120597,0.624551974643879,0.5744007971080175,0.5834187417108131,0.5264469105087018,0.4753698580459963,0.5165934895788546,0.377712718010943,0.603370317721226,0.4962521173149558,0.531905034933775,0.34995972561913,0.4686331878120236,0.5434733397701593,0.5341691553808073,0.3633320254347551,0.5674024059746333,0.4764397029465309,0.693968245423189,0.4350749305425008,0.3930286315213544,0.5953541527750476,0.607781801542497,0.5345810537853748,0.4133961040413842,0.44756704352712817,0.4159533640095304,0.5257051556750577,0.5946089405257954,0.5202752689413679,0.532700989737949,0.4566551043746456,0.6536526251253679,0.4958837793582222,0.7222168847816147,0.5021907814216097,0.5438124777194082,0.7153474670502561,0.5810411203094255,0.6201672165624251,0.41715169191880325,0.371583862353113,0.5924741752774406,0.5960133253849209,0.5246800130083071,0.5675767970816201,0.7273639874317092,0.4491988456949298,0.4077253501401453,0.5649490097351645,0.6707867935715802,0.8013259264274731,0.5035347488873742,0.5605606913386562,0.6447987006542849,0.5743445523884316,0.5484950525254001,0.6749527406998916,0.42762155361743975,0.6020187711024413,0.725308063474889,0.6109446919948375,0.5939585138333952,0.6674041775191913,0.45014133355596314,0.6281435170578858,0.5807925072328971,0.5036800874344687,0.46934071696486324,0.4292297336042613,0.47709157818380205,0.5413996837428314,0.48570054494425013,0.5152382108367448,0.6578498916520261,0.4037457310779357,0.6024607445948913,0.41343088469659306,0.6442969940079784,0.5136599963129121,0.4901583460174871,0.5122715508387916,0.6695645783891403,0.6730561709158931,0.7060750743070463,0.5954517542235976,0.5995354449705622,0.5134429141785398,0.45540342414276397,0.603634887923433,0.6882761198382328,0.5546606212706459,0.630953375895212,0.6600622184988316,0.36100292088228647,0.602281293458745,0.6060680816273107,0.35885630856578016,0.6415236515488836,0.558727509971614,0.569255697897922,0.35329572506858287,0.5388383935008039,0.5477766423622619,0.5623863970708742,0.6738430445824765,0.42997698677260554,0.7260320659935003,0.6882178673005186,0.5585333810356442,0.4293403984843133,0.38444411324255373,0.31145926917327704,0.4443880935546648,0.35741278577054564,0.487454786011761,0.46831937541959906,0.48779051905577286,0.6121699542955388,0.5585427844730009,0.515542146823757,0.5240061109781532,0.4509647458230701,0.3957803153022071,0.6904505770914261,0.5780285910507298,0.6133012293574429,0.40412985397714823,0.5624345074893738,0.4422397911978808,0.593286497000399,0.732660824147589,0.5162523255634707,0.4683169597827645,0.7020150231427142,0.3941910354398962,0.5034454135515254,0.6645661040671659,0.48817871752036635,0.6247954309711437,0.41679353950616904
0.6577702291704101,0.4986522717268875,0.3760002109987149,0.4172265652376031,0.5906271208992578,0.3678841866336939,0.4901692055460925,0.41822320459181866,0.0,0.34302099114585743,0.4983684331142204,0.45600258685837136,0.3999407527710708,0.5431126485458314,0.513785597371718,0.40401660870461725,0.39415288502242785,0.612063535389021,0.46651710646770217,0.6201992818725294,0.5071237338720499,0.5693685656584015,0.42493032178277584,0.5564773200722866,0.45590401534826086,0.4662127260332408,0.41069536959061176,0.34933987336118827,0.39620525556187663,0.48570273271940095,0.5941202346651865,0.40448706007065716,0.5122377776273516,0.3916438736195762,0.5745003630213258,0.5727853238558506,0.5358193329013303,0.6200485570953392,0.5124125941730644,0.46488920291577496,0.581301324443177,0.4492317518638683,0.6178456293665173,0.5889948853412518,0.5037451097669654,0.4727561149973906,0.5384720345619274,0.5315474038540526,0.49695573505769075,0.6581186201434404,0.5439388399429625,0.4742212901741333,0.6124025972109657,0.5092017085854176,0.4718020601843778,0.4227983994349359,0.583878269897124,0.4493031006614726,0.5242919048699003,0.5188441110256726,0.38805652549345293,0.4611486744441244,0.5158797097158213,0.5702997364876152,0.6714053924853197,0.48087600834342553,0.4585327080447149,0.5715935043432856,0.4910348021636593,0.4803433837556247,0.7164484604781224,0.6787432215221686,0.4549734226579405,0.4269448360548257,0.4007930347897125,0.4948142754208039,0.38502288970939924,0.477875365413547,0.5216475286974919,0.37559600417336986,0.3926274138570184,0.7530895027873503,0.5476596041575922,0.40512734266512007,0.47089393569717086,0.5478772870062478,0.4762730803708727,0.57485378918659,0.3850005007298645,0.5413855544985885,0.5955521107417617,0.6262668207878099,0.5443099013566446,0.5205200223228187,0.5610156010930476,0.5113699344707694,0.5861785249502519,0.4247463483762669,0.7034852939841606,0.3862843396191746,0.6186864620166547,0.4207651002426292,0.5049694128930247,0.44487834595262177,0.6319544823414239,0.41736749549772656,0.37489678358015044,0.37326362494196597,0.5021277906812596,0.4745941459868169,0.47925317337869777,0.6787373845982106,0.40150760482424885,0.3977324806169046,0.5378142959482637,0.40443641293391464,0.42873446435305995,0.43137435111942407,0.3587759539375338,0.4245156559642153,0.6360616798766382,0.42958837762270763,0.5065329500740426,0.5160875933589462,0.6545894827030876,0.43971680733083035,0.3824183244934615,0.5273746412543288,0.39528187789602454,0.6393172936502167,0.4045573459779339,0.3984918048101747,0.4427631364062984,0.77091309904886,0.5537066925472474,0.5074147531017507,0.5757890326799702,0.5660876855199904,0.5097084154943957,0.6209734746363602,0.5206944686923116,0.5003187213826565,0.543267545002592,0.5809805460188779,0.6011371454604166,0.5376669189695837,0.6965386687850431,0.3727116846502068,0.4528993190898949,0.36336018723012076,0.6400584590413718,0.531942883062049,0.5735955357747871,0.4334002007156201,0.4425275548595656,0.6269093705353973,0.42135670220712534,0.376995092051092,0.5403235677233487,0.3767968388173012,0.37463840137751936,0.6412634362697707,0.4343334092021369,0.7017641641998493
0.3614872397105501,0.5000929752712685,0.6398872581391088,0.47930559041961024,0.3149801785161311,0.6046309517477355,0.3876082797695227,0.5761469594808462,0.34302099114585743,0.0,0.45440512619861984,0.4738819175306072,0.5493152484633158,0.4311574662943386,0.3007805112867187,0.6030582520701169,0.5564529347250007,0.39551606414696,0.4319976581895037,0.3653494534781115,0.4914671505963712,0.3949373329178966,0.4336589718920174,0.3705452110558447,0.5407213658780596,0.43102203248042026,0.4921382302329855,0.48513492054931634,0.5143134023457592,0.4323561792815875,0.3341176140782624,0.5630186302416927,0.4161638419549453,0.46828385996350935,0.30858408933397147,0.4036482560888158,0.4460304210006294,0.4140052370534857,0.3308238149320616,0.45476784517237073,0.3922178965065947,0.5028197975559228,0.3722418926140482,0.345749849983801,0.4762489578478798,0.454634831703179,0.42564658456105775,0.3765626873282893,0.39792235774015955,0.35283599799687787,0.4260552605142391,0.43564446838464915,0.40762668819394315,0.4641412283272585,0.4336242732928665,0.4794652862813914,0.3962933023157993,0.5447664163782695,0.4320280125380071,0.4341897342775209,0.5973566593289804,0.4385753208711403,0.45090394321329325,0.36332704650701303,0.3168248893438597,0.44098057857214035,0.4604086266057938,0.4197235316213183,0.4683528283720754,0.5107517540641394,0.3633875131641104,0.3448456943632879,0.4351803310725265,0.5245358319492811,0.5671988362126872,0.4161485644391499,0.5066883179886335,0.5128844165919364,0.4177683564067118,0.44708054177646284,0.5103391108294975,0.348875899271237,0.46536616155086824,0.5152338918471706,0.44210045796915776,0.43484923403981995,0.48812663890098956,0.38059547802936244,0.5098582973173033,0.4257579046024572,0.3986583384331437,0.38823878945076307,0.3851335225714295,0.3907473374790925,0.4116387033136217,0.435467097023315,0.41035202301277496,0.5022759059495857,0.3357142542707169,0.4855718699140882,0.3588824143999963,0.5516358762192948,0.4099812773837419,0.4528208839107209,0.3995945934918111,0.48177612827389327,0.552857491864854,0.5721130689101044,0.46246690591919937,0.512074768651012,0.4498945920484562,0.36452061127005714,0.47776918349119024,0.5113589968169707,0.4149358994520373,0.46493076548492623,0.5001037646020979,0.34939506612327453,0.5885420294568156,0.44624818193035626,0.30795424244423636,0.4576035700561817,0.4242471608685079,0.4491198729477506,0.3032141581575917,0.5186879205300113,0.4398101241683879,0.46463299078451725,0.6366569126737035,0.3614399202786871,0.5250747174961659,0.5132976635222213,0.4342498603374796,0.34647429075743336,0.34438373854610715,0.27762919244392154,0.3805773131768805,0.31256981011077356,0.42338545157398383,0.3894689536571367,0.4178371411163824,0.49875286685583997,0.43231375351165224,0.41997917413158736,0.4285359544079115,0.37728313317128664,0.33580464311557723,0.5780018774279065,0.5293239618158029,0.5310827033706633,0.3410756754786814,0.45931636982261914,0.3813796052942657,0.5210007732772192,0.5419380961086749,0.4110405448060061,0.41671152458998156,0.5560732865176303,0.3429759999590113,0.44003009393401066,0.5377015118790962,0.38825864410408933,0.45087857367006134,0.3442912622739107
0.5760293472283365,0.6924439027146142,0.4636372527532308,0.511637356212414,0.4662941174929838,0.4509309589363867,0.6013803520919755,0.5100441271613578,0.4983684331142204,0.45440512619861984,0.0,0.6862699464005759,0.5094616513699958,0.5667376600416577,0.44531687397997394,0.5371933228499879,0.4956680602915926,0.6046347926751166,0.6686842050491317,0.5808220670303743,0.605225781385939,0.5956159089282438,0.5680529482339851,0.6289861060852758,0.6712771451750493,0.4878635543000623,0.5328360742351261,0.45211733590521913,0.5755821106435044,0.6014026518742914,0.5197198749567312,0.5478913559579867,0.5747113599846088,0.5160252363319983,0.4648641697323081,0.5745427746778234,0.6977395147315114,0.5733345544055649,0.5053698155787459,0.5759260257269233,0.552311456614042,0.5020526531114218,0.5802801734325523,0.5343002553131784,0.6459757965198054,0.541970491984501,0.5163513328161221,0.5996338003222768,0.6586282583787573,0.5223322186028692,0.6222653916840327,0.49046573958092204,0.5779632358735017,0.6989805205560262,0.714086202528165,0.4496391442818044,0.6053232932433774,0.5715738466379946,0.6188801531547192,0.6077889081805746,0.4981444470621032,0.45609282923168915,0.5399660752386991,0.4963076475985418,0.4605013741654462,0.514528890474495,0.5184976355464237,0.5474288572139464,0.5527634586386379,0.5904279533531145,0.512143349036433,0.5251597120858296,0.4733056349191464,0.5354394007469249,0.4833948722642417,0.5906131580862395,0.4962454092401184,0.6270104515118524,0.5223272951943297,0.4286406542494035,0.4341210910881321,0.4976899964304614,0.640574989911248,0.4627870547902954,0.49182048309895227,0.5429563038004569,0.5541731798309167,0.5567423937880576,0.47062618267467926,0.5216573127973826,0.5575891704573703,0.554889536540769,0.6455038622932613,0.5815850562441492,0.51996143672588,0.598590060855412,0.5242723914195176,0.4765564270749284,0.46220300757740224,0.45454258688124055,0.5875345658109357,0.5484879095121938,0.5040120997089927,0.528589729074923,0.5534863837612282,0.464522913947128,0.4481684165124707,0.45696758877782956,0.5876689912368676,0.6796401624494293,0.6880666876492215,0.5104154008978682,0.45116166007061137,0.45576311673813663,0.5524398082527122,0.4615048231725237,0.5265249279236347,0.517122889208933,0.44071648399960356,0.43697026989730403,0.45104300171408457,0.44814329286515725,0.5236944465254391,0.6429606078130012,0.4368355035150005,0.6822545696706147,0.40052842684707046,0.6748367234059873,0.5165630743522617,0.519091288782916,0.4522170136595151,0.4394315683967165,0.5082412161643677,0.4982350231700281,0.5185961555882797,0.38708789480817485,0.6217388128664855,0.4656262131581648,0.634157931492375,0.6166208153340537,0.5950966039232359,0.5955740277865124,0.5744367265954411,0.5340664685460623,0.647893415827269,0.5062564594474036,0.47766540523750955,0.45147534790316046,0.5939298276931135,0.41171936499292555,0.5453926168845955,0.6703956217952606,0.6306586392422611,0.5109688202484645,0.5499091641137539,0.6217723750861708,0.572631022653411,0.4570782949108265,0.5360478614688929,0.45509115072919043,0.4269853317370554,0.5817361899206447,0.4374409248085471,0.540407614445511
0.49814638809827233,0.6559352220298099,0.4700409733677066,0.49969475491593945,0.437281355388604,0.459560201218965,0.544382260005862,0.5083335446387441,0.45600258685837136,0.4738819175306072,0.6862699464005759,0.0,0.47295346533454946,0.48849917971681267,0.41964363052606446,0.5217748714334763,0.47962466334641274,0.5165254776788721,0.7285119936110133,0.5094408127630764,0.5762810217767333,0.5393458700341484,0.5345393581221533,0.5438809149393715,0.6684395500109496,0.4490628196621505,0.4929525308852095,0.4406608680892911,0.6084716392580128,0.5783347639368621,0.49449326852787345,0.5329385450279881,0.551912275868652,0.5053456656351628,0.42888192504147393,0.5491270727049794,0.5772212667553934,0.5204950306959345,0.4875681442019541,0.5060979557607563,0.5321174128484442,0.4813807777727659,0.5313450553369687,0.5022786565820287,0.5768816171683588,0.49808617633189356,0.4886312709153068,0.5460992228909253,0.5685705837108724,0.47485384404406433,0.556727656305062,0.4692850910848846,0.5179926904217313,0.6650367517225526,0.685613819226458,0.43405424709120405,0.5306764231917506,0.5946821454408352,0.5344557973880804,0.5375967780772741,0.4802441108318897,0.4320747928190564,0.5104880662103142,0.45930617555971454,0.4211521609327158,0.469553108096304,0.4624615142329164,0.48509697899967585,0.5050270860890752,0.557063240193651,0.45861208079911003,0.4639235546313778,0.4357330631698355,0.49939022741992467,0.47514963862346976,0.5234525665159043,0.4664623286320652,0.5818133587160285,0.4910117313274428,0.4100406106502106,0.4282749068864321,0.4579176588031657,0.5847991564555004,0.4470327873893614,0.46428138933783214,0.5058976790900845,0.5167664069958223,0.4941748017735215,0.45754650271019653,0.476296619482442,0.5080907911813249,0.5277478166157692,0.592043988229793,0.5077729824816936,0.4689986521202991,0.6028176270217122,0.4934007086882007,0.48156970190080445,0.42584228078374325,0.4330742500244147,0.5086189011265003,0.5333821067901245,0.4858196934591631,0.5894255843951324,0.5043344804421274,0.4433165373694984,0.44271702436008503,0.4561962326208032,0.5316950731785458,0.6105101086041221,0.6471277867725683,0.46599660648774704,0.4255719134966993,0.4427653360245521,0.49883632078829326,0.4376903662419293,0.5148082291749031,0.500086015502365,0.4464532623426709,0.4188760321967098,0.4098864717035788,0.4402825547447067,0.47697236502202633,0.5761841821949286,0.3998185750108212,0.7421708503626926,0.38530514304470076,0.6016061874093123,0.5356621341402746,0.46255079384124254,0.4468400994561517,0.42988893426057684,0.4557490100578331,0.4565534260844596,0.48050593400850633,0.36193747818201927,0.561780355790133,0.4254270500097703,0.5602403155139456,0.5733106686417326,0.5655471371745586,0.5488203529451697,0.5202265849145469,0.5066134372434236,0.5731588071047112,0.4686957716476372,0.45235028116795434,0.4489241445546049,0.6142776271945481,0.4155379455533657,0.4917921040285219,0.6510370640158906,0.5558926708094515,0.48827815281247045,0.570010062184276,0.5335021020712493,0.49528338031411184,0.4540716416754352,0.47619541707196766,0.4303505621809241,0.41803191993097044,0.5215840068840215,0.42566773790027623,0.4754053936079617
