0,1,2,3,4,5,6,7,8,9,10,11,12,13,14,15,16,17,18,19,20,21,22,23,24,25,26,27,28,29,30,31,32,33,34,35,36,37,38,39,40,41,42,43,44,45,46,47,48,49,50,51,52,53,54,55,56,57,58,59,60,61,62,63,64,65,66,67,68,69,70,71,72,73,74,75,76,77,78,79,80,81,82,83,84,85,86,87,88,89,90,91,92,93,94,95,96,97,98,99,100,101,102,103,104,105,106,107,108,109,110,111,112,113,114,115,116,117,118,119,120,121,122,123,124,125,126,127,128,129,130,131,132,133,134,135,136,137,138,139,140,141,142,143,144,145,146,147,148,149,150,151,152,153,154,155,156,157,158,159,160,161,162,163
0.0,0.29743517047292783,0.2692731250384292,0.24104391484318696,0.2778753592365889,0.2893569981317469,0.26572970291430903,0.30653916685695415,0.3534604439576247,0.2713411121747627,0.3136199130882553,0.2526173891426824,0.4067844561140459,0.2672996485641877,0.3071843190569532,0.3143911915049963,0.31939350793055366,0.40268658661081685,0.2758962125448997,0.4181592058615259,0.30290445037663327,0.2919319495573469,0.257130911814644,0.29712020611206325,0.34352916725834165,0.2593977179507962,0.23330098010546135,0.30695584433907136,0.23393553011491078,0.27114556864679507,0.32743619924820394,0.330329752737161,0.2586209880058146,0.2562896380797619,0.3572519131710209,0.2473386309622605,0.36275530714583815,0.30845411530826505,0.24210961503914055,0.3485700555746512,0.26900610929858865,0.28729411112400666,0.32381887338689747,0.3159500459179331,0.3103197930693353,0.35319400856058086,0.27687710795134785,0.30268513488217025,0.33474853239902524,0.3248922439614115,0.3534841694514748,0.31471965596066515,0.2468682497209819,0.25179790398885155,0.2573418973878819,0.28961791922124275,0.40739599094342416,0.2884746411973685,0.3250028052587199,0.2948018744130444,0.2855355477627271,0.2242191514447633,0.31284645805556566,0.22355900301154408,0.27929959856906095,0.31116521043097006,0.31664787432783204,0.3327828969352144,0.27284392988606354,0.3341186810456827,0.4277442416753733,0.2875678541989762,0.319898914563209,0.3278084019440708,0.3185439709788786,0.3094262827029392,0.2514601126434725,0.25762574619786427,0.31878319157159607,0.2623091282698347,0.30909882591489946,0.31958659017908747,0.333538898227589,0.29979587696177523,0.3056103107466653,0.3658790769159997,0.31023426350405636,0.34277755967273804,0.32924162951120706,0.27663339287469857,0.33843955464765807,0.2836680256840242,0.32038741842619234,0.3225112218636215,0.316365521074795,0.2581001000035644,0.21734923469515102,0.2609581446285134,0.2188031016800844,0.3537840173638043,0.2611440594354738,0.2499640202021737,0.25305152359846633,0.23242521568599317,0.34484357589722947,0.32644948667073637,0.27183307330757905,0.3103250384281939,0.32025147039678786,0.29487342271713113,0.2723159986116948,0.30164172389628063,0.33098662542826596,0.25438486514893327,0.31237118383126167,0.33878424000692287,0.3412671926353848,0.26906557673923165,0.24945432577080312,0.23255081704023742,0.2945602639240725,0.23502478559777057,0.2974132620216359,0.41318204227319455,0.2918368133343483,0.28250614154532677,0.23006030993306278,0.23631287769040824,0.2417619007505867,0.3021312800316855,0.2617344806037657,0.2778831241346521,0.26029374850182424,0.2892736666825505,0.27074014965641013,0.285777067978565,0.3353849469562561,0.3049241716159725,0.28747691428305655,0.33372350933473005,0.25189792302548647,0.2512858801932624,0.3313528283935533,0.24813087026181804,0.2988380299274487,0.310276326593813,0.29894501438916976,0.2672394363819165,0.3295190608440413,0.1715463657005654,0.4030991855496153,0.29086751913759246,0.2710754561390765,0.2350508676087961,0.30073144141568364,0.3608366193138227,0.2866928046006393,0.315206940296632,0.2880599061124739,0.29424379260618994,0.2378879925902889,0.37264944912045056,0.23103614484848564,0.412033064436982
0.29743517047292783,0.0,0.32848837075076526,0.2632028092501549,0.24587146803727172,0.38322727953971875,0.2692944587764752,0.3615382122858931,0.2743388461521692,0.3540310323274769,0.28794455865224816,0.3116778230073329,0.3156088331298048,0.29543093376847757,0.2959269707614888,0.29573594982731344,0.31556832760039555,0.26063770896323896,0.2875380776169331,0.3090790575392215,0.3061346280832563,0.3656470791311255,0.24498795605287396,0.29683293942449607,0.31887881047635,0.23912377665326798,0.22865265623178638,0.2916997590669679,0.3175241362242699,0.23297652938851968,0.3329573126478709,0.3274778746047317,0.3215745980085897,0.25924803975259814,0.3092150841209019,0.2878401983680867,0.27798374345793875,0.27568047346477675,0.28553084771133697,0.3112072852487329,0.3267545597843575,0.29829292547044045,0.23203289556871282,0.2768763085400418,0.37012770526314526,0.2633298347907836,0.27821438977617025,0.26310514895356063,0.27831884143726854,0.2898246224174813,0.3153658034986093,0.29869372075767964,0.2627185194936477,0.3476780578711919,0.3072855582483488,0.31104779226586293,0.2914522466625462,0.27849228577313223,0.3167521111246444,0.30347409405663117,0.3270500795847156,0.2030236851370409,0.2625195395579613,0.22065267214025808,0.2354581050045481,0.2486431089533426,0.2822727463876137,0.2700618921023801,0.24075579807103487,0.28968524717191513,0.29772475547381066,0.2684993881593899,0.2618651823137158,0.3292327141908875,0.3289123602969234,0.24339028067597732,0.24858380956110174,0.301838857338957,0.24805192021843805,0.23154810390963615,0.2598450568428733,0.28166749624543647,0.35651712847030265,0.26226279620550885,0.2621484666572595,0.3817236781172675,0.2480901736554166,0.25207703686048083,0.26689259579896707,0.2884156206577099,0.2546341149504407,0.2974149266978845,0.3167746332792453,0.26810438497821004,0.2904333905831642,0.3130585279333301,0.24420526468723355,0.2967312667897555,0.2033065217222341,0.3452853856822414,0.24796293480164422,0.22850609589894258,0.20483277437747674,0.24316232303922752,0.2804731629527187,0.27926149939632916,0.2640340978448597,0.31741651260586873,0.2968875624488084,0.34813334629912424,0.2765080506045637,0.23549328001545153,0.29549089587414806,0.23112902503988103,0.2771147075219572,0.3860254827840464,0.28661411978553153,0.22414373455556283,0.28987341395665067,0.22728292855056134,0.25912037529845205,0.22593389668517413,0.2735849065769625,0.3459103358346144,0.2454517027626801,0.3580621099466338,0.2524429647584468,0.29137431851112566,0.32709659661935275,0.2558257044861098,0.29043697227997106,0.2798813619792982,0.2244884330097649,0.3001703605892279,0.2658322820337382,0.22698780757679018,0.27791744697774196,0.29237468735583944,0.2775874254659482,0.2549737160260154,0.24345548713451112,0.28058821544348705,0.36338800184628783,0.2674100731991838,0.28190088966910726,0.25685073685718884,0.32207009671543496,0.26198321130619406,0.34473464303565093,0.18423610062626222,0.2628539677991041,0.28466802043488737,0.23925170710998309,0.28982196277547834,0.28179676909810825,0.2844323117152622,0.26350776900587175,0.32122840721095913,0.2522863417296935,0.25320326135860116,0.23853872946532545,0.31145315720509403,0.21077485895857134,0.27142497148553385
0.2692731250384292,0.32848837075076526,0.0,0.25714961004794495,0.25551924850000113,0.29640253660266436,0.2374509515785168,0.35009092522304835,0.26430019624696727,0.3660090633682389,0.29689554041379235,0.2774812692132371,0.3028120962484386,0.23517292713274898,0.2688940981900796,0.3313333127251032,0.33471847029887786,0.27496764614804176,0.26332885633996506,0.2573317978660545,0.34514575012846194,0.4084151778748923,0.22744680584618152,0.2705851566665874,0.29712815621540734,0.24215126337769632,0.2255143429159969,0.2885900142378346,0.2463125524833705,0.2370835103608705,0.25625285055612523,0.2917513058820468,0.2445488453152806,0.22329654855685357,0.23004721227498548,0.24808344840262142,0.2648477796443021,0.2712321020709489,0.25571835321931297,0.298036233497073,0.2644615638479287,0.3105258875508063,0.24650320558412006,0.23849259400940476,0.3048887664053218,0.25888251575897314,0.23413035700777282,0.25372684965340325,0.2696422960901022,0.2564137387130521,0.2888536424621395,0.27285067201246493,0.2032403586713786,0.29261721487965736,0.257815274448583,0.24609828693348457,0.26689678397572464,0.29462391487307266,0.2913298972510879,0.2437612471591114,0.28692857778749103,0.19285918336073074,0.2789507213040552,0.20905625363215272,0.22350226928456393,0.24516771874819346,0.2583314653418536,0.27871758827555076,0.2852373773824567,0.32363200086196875,0.2924092985259008,0.21060061245782766,0.26290129636983345,0.40436166782141103,0.33662450842868435,0.1928609705796961,0.2740266702651435,0.2506324296209962,0.2377101481605539,0.19493924384331165,0.26777377056908847,0.2888033915479914,0.29605920068589053,0.2569143174113627,0.252925566423179,0.355191737257007,0.2390009933545855,0.22523941316758708,0.2438262849494566,0.23105720885333508,0.2576753776624988,0.22079370313249436,0.2558099755683729,0.21036481753532407,0.2752251858156596,0.2534125840487219,0.21630590813061001,0.26071110302023776,0.18164754139528144,0.2826927354652706,0.19687234352563973,0.2640422890959279,0.2060073339517284,0.2733366486112248,0.24818817906366236,0.28785168810970774,0.26318409970815104,0.2945481539097179,0.2534155191090308,0.31218549761687825,0.25172675289490204,0.22243452109027675,0.2617320121171518,0.23649202668767302,0.22364389712391433,0.3207039950115777,0.2316522480087424,0.27025501841743627,0.28854407600963866,0.21920052126509135,0.2352257996147152,0.22120634250791613,0.22615066942679637,0.29388331193345535,0.19974370794444807,0.2942885461907726,0.237095178879747,0.24339275209158512,0.29429955338569963,0.24371817726335787,0.27122879945227746,0.37362411392912687,0.19978923962300577,0.2300421709029262,0.2770577423517031,0.20518368262076173,0.21562191076253978,0.2308126264699311,0.2890065709825065,0.2650473312121129,0.2141926970759882,0.23605421775972452,0.28098927755832676,0.26214459112044647,0.2508691264264827,0.2240325210431931,0.313771650074086,0.2640719068292703,0.35289228973710307,0.19063324792710645,0.23765740142646388,0.2176276563075055,0.254040824409478,0.2917518300576478,0.3078684795747979,0.28344118085652065,0.28135353573471306,0.3135548255019287,0.1920713975442655,0.23386566034335945,0.259721882241913,0.21650725780832278,0.23587850236915384,0.2793681251634663
0.24104391484318696,0.2632028092501549,0.25714961004794495,0.0,0.2549599762988964,0.25062174641846346,0.31765415787484286,0.2709181811408584,0.22633786962815297,0.24114998509256053,0.29117437855509765,0.28453194574132273,0.24669317353928985,0.2352137403644187,0.2833952692747344,0.24648188674081475,0.28499296480605174,0.24762409889572196,0.27552024637132094,0.22906785339231497,0.3190373790724851,0.2589898276082695,0.2595141249830631,0.2553152208305563,0.2625074601004578,0.27547273591668325,0.24119064995188585,0.2671951036244333,0.23030543475928222,0.20637747035170625,0.24924770718837927,0.24113737467959534,0.3659537272581774,0.25707667871692796,0.24916257118376495,0.2629354400832759,0.2545849618578914,0.25686850861352906,0.2842649528905051,0.32888887251727034,0.29834638930404805,0.26998833294567576,0.23722883983596976,0.2906466802955769,0.2635533218292689,0.25999619256954715,0.19173042923236178,0.24779202606628503,0.2741019673144275,0.25569347227882044,0.36105157701646473,0.2953936052007459,0.22933566961004964,0.35109706173100885,0.279799396006085,0.22174891826971524,0.297753278622648,0.30496900888741874,0.28930283337860313,0.2655133077424143,0.2850725337340414,0.1975654670466336,0.27797967133794793,0.20119069368306733,0.2431645782111456,0.2570685220130204,0.31576559078123617,0.219137548121359,0.23758642801118515,0.2656033132950611,0.2560720053583223,0.2205651059915535,0.27688075942545926,0.3909831733976164,0.2724810765628836,0.1952936487491152,0.3278936417443542,0.28341591617070705,0.24608367832787423,0.19860120078571128,0.23819743122317846,0.311142463276007,0.2449578780182466,0.2219432478806366,0.3007012858398808,0.2634846097955753,0.2700808447330128,0.26485400504830936,0.23623609337445392,0.22967478853079784,0.30476108889077463,0.275788501252006,0.24586952477580604,0.22944596251077842,0.3073642463951454,0.24016538414458036,0.2074658133682093,0.2641706048329074,0.20191738591783195,0.28685756795448175,0.22172898366030647,0.27417563888801727,0.3107364887380861,0.24145434510396993,0.2549576258021491,0.24282324971406988,0.2708024006293721,0.25277477431158657,0.26159075302260976,0.2533856460725823,0.3410963147100909,0.2590603838891832,0.2931980578736723,0.27852858397721425,0.24511875225352303,0.2672892889209863,0.2515332052920465,0.20857622484303387,0.30744517436723123,0.23976311548479887,0.254193211501888,0.2767905620633625,0.23685002775040076,0.2940679115681585,0.2088096146808834,0.25497450465957966,0.2544025564339517,0.23995398543413635,0.26488010865995065,0.25109887758091215,0.20559756544053043,0.2831404741857622,0.23598785495276975,0.2791989634705684,0.2553582119930235,0.19709074843223515,0.181569882761377,0.26807767154757106,0.26598112227640186,0.27366852788565843,0.28352142386903245,0.22918130086261682,0.3318952745856491,0.2730917287282958,0.2569253638360386,0.2573216016414962,0.27640009620669576,0.24074324887776002,0.22234675863178716,0.1712225493659777,0.2997078444760791,0.25863787914264963,0.27531146424148417,0.23119913146657586,0.3193327283257472,0.26059423915260177,0.24547922612216186,0.29312212681344646,0.3016001974581521,0.2522460631974402,0.22616282414354077,0.24062498755410194,0.2615378101758668,0.2890729355261338
0.2778753592365889,0.24587146803727172,0.25551924850000113,0.2549599762988964,0.0,0.20825639160114234,0.3472872920983386,0.2516399200269597,0.2790681230021792,0.2585791825112322,0.3022903347213289,0.25318133687114647,0.23688316094640377,0.24093842446170566,0.3064192963747985,0.26758446216302484,0.263491610177608,0.29577079356554015,0.23256701938630325,0.2410608168998988,0.29470825372528114,0.2844838068380503,0.32787985180052337,0.259430389544483,0.28015328762861813,0.2628642967610869,0.2675017147579701,0.23145277094792505,0.21831795477119842,0.27226349441131653,0.3009374722387691,0.23236354006310542,0.23813808999508485,0.23641120075884528,0.3187155811043269,0.28114438082447624,0.2751282955511154,0.28127707774000327,0.28548047298119167,0.2773328468757758,0.26762117506209,0.32465227292557086,0.28002436445584883,0.3017450662783285,0.2446237897494683,0.24087852218340858,0.24956875260394643,0.2856899335309452,0.3322588790046091,0.27028703961734485,0.2928899711253665,0.22603760938147463,0.21333230435008058,0.24072784733619074,0.25902212412544484,0.23552545039383066,0.24199913333715442,0.3275587474974546,0.28339972961297216,0.23279384259609018,0.20346560917601403,0.19695448121145195,0.23179239181307457,0.2571624816114043,0.24131448869831748,0.1989409808804203,0.2585925235446209,0.25520735221820434,0.2598014836543114,0.31221764068936403,0.2716898361807165,0.2446602768784701,0.24342745099755397,0.2803241695923342,0.2340181048375457,0.20005325293783005,0.2603623818907325,0.3532514648683856,0.23712036241990533,0.19491490062214534,0.24017422514067063,0.3013476625354898,0.2893044153842581,0.2081841864339968,0.2587551563891361,0.2647599655898711,0.2672939987569801,0.26948149313493913,0.22477722192619135,0.2369164813367943,0.4053793569014462,0.30143256092702747,0.3046233770940638,0.19162881381460237,0.2861293397661219,0.24158237756093975,0.17805777610392165,0.2430660907992879,0.24253064746864927,0.2333798532201462,0.23041492510453346,0.2453611393400137,0.28439233620984705,0.2416397928183801,0.24612456511976125,0.24501396249704882,0.2157857680462005,0.3037345298604616,0.28170666287413115,0.2507573428977294,0.27137059106438083,0.30770551954858144,0.2367555464879214,0.296106257705235,0.22478269340539375,0.2467015609635442,0.2321093454457538,0.26593013909867336,0.2226268665787761,0.2533748581614597,0.32902810711268554,0.24905029211802546,0.21983184397306402,0.3104068563752791,0.25043662137230754,0.23521309664732382,0.22110854488291884,0.2490532219266169,0.22557474422488874,0.25325495401172227,0.2408946784731252,0.24238849751678743,0.2045614621701947,0.2720160285520564,0.2526218838218414,0.2380299943539933,0.21756177494191775,0.3172504431240383,0.29241935534211955,0.3440029322097298,0.21195464808068115,0.24969268915601064,0.29330458793954856,0.28521121966484625,0.30228642414346313,0.2990957570529428,0.30950148672966643,0.2530271498832358,0.2600252934348091,0.18995208945828532,0.2730440009718027,0.2492936298403964,0.28493062485652265,0.26939166183973823,0.3153908086327079,0.296058769062768,0.21710749200342574,0.29649175842986547,0.2371943312954526,0.22958032428539452,0.22264117774989803,0.2520688263053345,0.27684363819375835,0.3691153738719055
0.2893569981317469,0.38322727953971875,0.29640253660266436,0.25062174641846346,0.20825639160114234,0.0,0.22576238413263458,0.3190431993161331,0.24791079533928134,0.27259793500375057,0.2632955966640292,0.28602184894850224,0.34394538041447914,0.22691697507557715,0.25881329680859116,0.2907992922734609,0.28866587736103594,0.2163166580429895,0.2781424704344771,0.2889184385527921,0.27832680252646164,0.2798430949003454,0.19121590345750467,0.22979598684227873,0.2939350240995118,0.2157115260038328,0.19833091793394686,0.26330933094674563,0.2448658506098875,0.21424006931614292,0.2889193671654188,0.352505817750134,0.299811504063604,0.2434061638170465,0.26403334908503395,0.24536335878194787,0.26700216199972776,0.24256980291803346,0.23835987375587847,0.23764179056354445,0.2773880977652642,0.2714527184724864,0.22517934570874884,0.2817359963292215,0.28519740656053244,0.2360743228187222,0.23626453933426747,0.2524253535592101,0.21537526400257126,0.26838549125053157,0.27615010454905925,0.31920217863385025,0.21743739587921762,0.29783207894117136,0.25242545782829967,0.2984404103110589,0.2602127110580142,0.310241920276974,0.2373384577262389,0.2489770678371707,0.34671908098268367,0.21635578366017535,0.28027339762759296,0.18804559717908137,0.21649802362977769,0.24235253254792488,0.2610442131868063,0.26456123066947634,0.2142861765764264,0.26331658373915506,0.2775037617966434,0.21174326599691876,0.2730280689718093,0.2905762298782437,0.3491812666367053,0.22410767333512208,0.23552556263348337,0.23884438429640692,0.22806031949461342,0.26137041336559824,0.29386940747081136,0.2573176431109391,0.2725108578836731,0.2842787678992185,0.25014646786142397,0.29811394882166536,0.27542851487124276,0.2306613073086915,0.2727144628364213,0.24879783828309127,0.2388838932237825,0.2910544075778752,0.2628621313979538,0.2404068225182435,0.23809620376833926,0.28681201766807646,0.24253402223182507,0.30969047626992496,0.18452727047434136,0.30946505770766136,0.21294221159666438,0.22416162851793195,0.21035734958977592,0.22103832770414988,0.276007711604715,0.2859806102554297,0.28191178807775935,0.2737630828756118,0.23804569513918236,0.28947942982091635,0.26600954406145627,0.21068973330569246,0.3470862624672126,0.23262278573548772,0.23814172330716807,0.30467489844612883,0.2770240398052719,0.19650691217874688,0.3275185717197317,0.22217896758020966,0.21703238326606164,0.23751615604300377,0.27313332354170955,0.28678193248880857,0.23985899018687934,0.3009694668051011,0.2565585469185132,0.23191033514249104,0.2879337566489742,0.21621449852466065,0.2763047759253919,0.3179556123648516,0.2284385609314717,0.2667348827834794,0.25170359889817645,0.20926345906056204,0.24668940777370266,0.22365457827092425,0.22083837746290944,0.2284847860176063,0.24203667396360315,0.2605658619849026,0.27557415560487036,0.2458555856173939,0.24809288279998803,0.23724502568109532,0.2807916946624641,0.2515148010082231,0.27685782066635,0.18353904770976384,0.24761001966480387,0.251943899448675,0.2009805712686748,0.2238569210356233,0.29499001272293346,0.2600094945400561,0.24571209063364569,0.31341920603729073,0.2297939925343526,0.25045630638621263,0.21561368688879892,0.2857544934011949,0.20192078989983012,0.2415567493152589
0.26572970291430903,0.2692944587764752,0.2374509515785168,0.31765415787484286,0.3472872920983386,0.22576238413263458,0.0,0.24883674746822568,0.255379866172338,0.273802726783644,0.28815604249314625,0.3148109012452439,0.24914405943702297,0.23557647781922222,0.34891666107928393,0.2439742613221568,0.2413696622524491,0.27481671188236306,0.27861116618073295,0.2214843217179398,0.27306707475281583,0.2775551423978256,0.3875430721911389,0.30289535811292323,0.3182223356543619,0.25795818130491777,0.26921965669947523,0.2464821877006367,0.24601609158162271,0.26895791584437956,0.3047545487443315,0.24502336364753743,0.2968204190877419,0.2756166346687165,0.26436976190169664,0.24367417286718082,0.30316542870464275,0.24783653897913682,0.2769683998494292,0.3142207793956834,0.28798533355105743,0.2871267310034816,0.2641000398220311,0.30690469960668215,0.2764566895633316,0.254971437097249,0.24028553620467788,0.26069032246250007,0.402899276907454,0.2229715143261984,0.3025947633889199,0.23500647950665118,0.20423387399115567,0.2816676783921782,0.3034182167473069,0.25213672230941064,0.24684541667084992,0.2938471890674589,0.2954220902409416,0.23250711553404055,0.21183155133915038,0.1858816350048334,0.21691272877480497,0.22054815102431932,0.22049016611374747,0.19929509349795296,0.28134227696031966,0.2691145114706166,0.23025249114538573,0.27736088867346886,0.2675042760574917,0.22923873853658638,0.2163939581977614,0.2889231696229291,0.20677360995411376,0.22757257619040247,0.3058886621747467,0.3473637778273536,0.23371395672341763,0.207616274678376,0.23619554215881403,0.2910450021307909,0.3027250928736374,0.19638826303758222,0.24512610095001652,0.26615313127336865,0.2539555943681608,0.2619532436130025,0.24848042351395505,0.24823147205113472,0.3169063021446501,0.35724066207591404,0.27816517845901384,0.21496687685875768,0.27408910697407296,0.29683636943458147,0.1806347714709712,0.29174924836130695,0.21701920086821305,0.25480240194431225,0.2460659347681729,0.2624939032559682,0.2879000947851501,0.27077601111355826,0.22563727740821493,0.2473107781981645,0.20927040265330948,0.2869905652891293,0.2907228904582059,0.2761615276915435,0.3367773235016493,0.25951003450348026,0.2294847638548009,0.2477504294795029,0.22536704494470652,0.25110870520212625,0.24756835874537983,0.26622046677859007,0.23121396706338518,0.2288638313683136,0.2622645541359721,0.24271725731158503,0.21453430665151701,0.35178683864658755,0.22474781957273884,0.2885768373800691,0.19994501618536117,0.282811454989355,0.2297811010978407,0.25629522706699687,0.22288373446960813,0.21541007037438256,0.2134557594850469,0.24135269281618316,0.2291768539471547,0.22092901196259793,0.23001330522490337,0.2971225946005727,0.2921830664446905,0.32669608352330165,0.25636878937678836,0.2279275759246612,0.2972341790523195,0.24690795796630632,0.28159071115986656,0.31600024967264473,0.29026434898811854,0.2704110188896497,0.2544881310007193,0.16754860121441523,0.28245162197507195,0.27893617192699055,0.2562159619508514,0.27362492968633767,0.3643476214250985,0.3112067753130813,0.2646038185949292,0.338965467006525,0.29712954435521666,0.2547796340841721,0.23478104146344259,0.2531639489123773,0.27342222989176124,0.3045349451288881
0.30653916685695415,0.3615382122858931,0.35009092522304835,0.2709181811408584,0.2516399200269597,0.3190431993161331,0.24883674746822568,0.0,0.3101143049383502,0.3296145247411355,0.27757926823080226,0.3017239230152131,0.35646461997386997,0.25290402769116793,0.28961119854208256,0.3551418093217115,0.36674610756430875,0.27431993443461733,0.2718092492990021,0.29464388623724175,0.34165556617920373,0.28966567898500484,0.25010485074756816,0.2578519080965186,0.31837159929637704,0.26797802947256016,0.2675523068954724,0.3079833301668723,0.22705369429910807,0.268291058518528,0.36009821091146765,0.34340776635356834,0.29538028064498356,0.27243711919705116,0.28132765614857697,0.30209605661746486,0.31278018339129954,0.3195172864430434,0.28068603025065614,0.32937952337503923,0.2926280603971384,0.30962686575255055,0.28305041813519316,0.27660305735637286,0.40903376341008846,0.3093999572262987,0.277674915143154,0.262027561099423,0.29027355259737087,0.2981022782499986,0.32700789764991467,0.2891403680312239,0.23040355292867412,0.28920867117436927,0.2838874792971922,0.299370084726127,0.29607465526521104,0.37310284947178346,0.31396412928836465,0.2818450429607655,0.36067514409958623,0.21983008317762742,0.3013517924627054,0.23142809407693773,0.2293132567548753,0.2556641334765522,0.29747316997299034,0.2770930426712931,0.29062417859521783,0.3856726138571492,0.3102054417114755,0.2561082042867454,0.28269988066729124,0.38424711923011345,0.37640867563972197,0.22764078197229426,0.3137359561237005,0.2905062948189618,0.3147902574970367,0.21587420536509036,0.26982752110097574,0.2939439481896612,0.33885499092373605,0.29657319424325124,0.3314930902604052,0.4314496549300634,0.33360841017206166,0.2846733715955282,0.32546536299123546,0.2759628225328682,0.2883831105942569,0.2852719320707063,0.29979430009170654,0.2357666244352508,0.3154072870765483,0.2829573971140035,0.2442758120985984,0.3182681018536218,0.2022242758914508,0.35759091967129747,0.22358683942414764,0.32617568553651005,0.2390670214227327,0.2554430961266071,0.3229294243139729,0.3603111677665711,0.31973695588652584,0.34727977962566287,0.3066664115560402,0.29923336284796226,0.25736806317232147,0.27023338750328874,0.3283187611960523,0.2823877959465508,0.2752962679241573,0.36375396818239586,0.29817550382993263,0.23939816214628007,0.2724029949234004,0.2419782244262566,0.2672094671637158,0.3037090402555112,0.25896568966727385,0.32851389219855937,0.22605111985878007,0.28910988887872197,0.25922154162669975,0.3243563216724546,0.3146313476137329,0.2732964724522652,0.3294814427988394,0.33460885528871187,0.2445208921729077,0.24658700750168705,0.2614613968389962,0.21213981470892804,0.26407324377796715,0.2827467711587569,0.2943293178297415,0.30357772588386167,0.23039961656151267,0.2621536212432637,0.3470343402565389,0.2862358431846577,0.29665291938415633,0.29595497621956374,0.35175391549961943,0.28615693706103384,0.3515947147939838,0.19467556542354864,0.29498369479889774,0.2719080389774931,0.25128956884611087,0.3016894895215157,0.3544563318760649,0.3141466080364493,0.25146908624117587,0.3610907313507774,0.22084529631689506,0.2724576937687506,0.2483811048528632,0.26928139184331357,0.24296884476118313,0.2677834886620256
0.3534604439576247,0.2743388461521692,0.26430019624696727,0.22633786962815297,0.2790681230021792,0.24791079533928134,0.255379866172338,0.3101143049383502,0.0,0.24833551513348687,0.24373178632971518,0.2482121520102683,0.27488691668339416,0.2875180320932233,0.2605313027906723,0.2903885652833539,0.2759020586477646,0.3029348515125977,0.22310528329867554,0.2903442934938103,0.2717855095214771,0.32253541932097723,0.22809855744299992,0.23785083037908336,0.2720435649083991,0.2538359447059772,0.25141264043781575,0.24715178336311716,0.20815452490116515,0.32974022518007956,0.3448207642445101,0.28967277302150146,0.24229884037400454,0.2255331757696019,0.3037663124997946,0.2480034450086939,0.2784127276305804,0.3334757487376971,0.2524539359371302,0.2806298063125755,0.23470508400242396,0.3393032433915806,0.2637172127726857,0.27831336241422205,0.30477309921587586,0.26559265259737214,0.26345305959907545,0.24191390719688805,0.2769577437659505,0.2841823458587959,0.2786713187374517,0.25427828529956625,0.23294323019759894,0.24589400165928207,0.24422712427031718,0.3492372610162616,0.2880814264840419,0.285533341387633,0.2703008578821298,0.23699239294019558,0.2348362462812079,0.23831925658125547,0.2541123574570518,0.24007672923870507,0.2627332803076942,0.24200513050507064,0.3032772754264274,0.29956050735864415,0.25927893053172374,0.2988604666353954,0.37221153136956886,0.27153299437718037,0.3078433215020085,0.28212369427171113,0.28602723819563314,0.23878668656434823,0.2450213252403875,0.24646368053340587,0.2743777341662817,0.2263185068597825,0.2471460807608949,0.3651029959129699,0.35225454449437915,0.23377333848511533,0.31931462629989255,0.3569834217005255,0.28337585022188444,0.31697970494628,0.262028074825375,0.34708255357985857,0.3319218164442822,0.32561681970215706,0.2688223780807759,0.23437367699684322,0.36170943968096186,0.28333144250468506,0.23473901568189692,0.2774219625629619,0.2692693830762113,0.2681324332713748,0.2518807359073796,0.24076901158916586,0.2550996112928704,0.21878808747688155,0.3174557071730702,0.2910526095534782,0.22791572463419213,0.2829668863983833,0.26191237211834706,0.2415477275123837,0.2245756213155928,0.32687682418265535,0.2982152425932729,0.2956404338110413,0.2503959607116338,0.3032983235765496,0.2605397058574634,0.24638838797517318,0.21209207678710967,0.2600370332796821,0.3141796339558896,0.2602483160824103,0.26609086116240366,0.30756104981474885,0.3383995703826318,0.23293101826075557,0.2665642649224024,0.2633643854013805,0.22959586087229233,0.2841355295173978,0.373009974487717,0.30260115364556855,0.2421041068959165,0.3123131355663589,0.24105115282273193,0.2470726686837856,0.26564483837610037,0.2806929016643047,0.2775339860197859,0.31286388157402995,0.21558336446038634,0.27472639244542507,0.3319916498365208,0.30596053364113146,0.2846444465215219,0.3194438257231341,0.3983605878568548,0.23782301574572165,0.29608626894294204,0.18756124338001084,0.3138479201989374,0.24698458670743673,0.24721309478194883,0.28362966255325694,0.2706409073152954,0.3280910884197385,0.23204056110347765,0.2984484056702625,0.25558793593325513,0.2765776779432188,0.20924135028986507,0.29963729197198924,0.27555173303472325,0.3089706449470266
0.2713411121747627,0.3540310323274769,0.3660090633682389,0.24114998509256053,0.2585791825112322,0.27259793500375057,0.273802726783644,0.3296145247411355,0.24833551513348687,0.0,0.2611729666892343,0.2596480581169037,0.295472392936862,0.24903330227254264,0.27074658965138,0.29724063573631376,0.28799934931453874,0.28462365554070995,0.2509375345005001,0.23559772288120845,0.2703720018156431,0.2765038962110815,0.2847186134416291,0.24588238869559934,0.37603881145536244,0.23731605933751532,0.2435388679748966,0.2705014676182393,0.32870840937120416,0.2536913934344918,0.30535968696655763,0.2958151594527482,0.23032893612746635,0.22553444902703498,0.25101122328503567,0.2269649173673641,0.2970532142004155,0.2572651021196663,0.22207020532537772,0.28702867755660083,0.2336310841473712,0.28189374584990073,0.2571446325001156,0.2418834361654389,0.2816889110254839,0.24965010168198942,0.2525888901463461,0.2597592514823856,0.32238782086418605,0.2147358270492069,0.2722356846304311,0.2320651889918685,0.19623191957573097,0.260921140322107,0.27486889957167665,0.2789215147444587,0.24038058950155802,0.26286872403893424,0.30562579674797186,0.22410048841072108,0.2679166898382459,0.19054010792181106,0.2275276660780988,0.20071755970972247,0.20481754528006527,0.2158182645398348,0.24364149405424515,0.2860132089503528,0.2792350305929893,0.3496893072136986,0.25302597903032426,0.2512217161842818,0.2155717593233946,0.3132268308107496,0.2659475021971608,0.23266030952299036,0.2476207303176969,0.30754774787814604,0.23388134619471548,0.23573946666646892,0.2773940382156589,0.24122479051890353,0.36964452455368285,0.25803209821950607,0.23762714646907027,0.29974634715855286,0.2576128241253806,0.2653776243063716,0.2900859191886086,0.22439146670982774,0.2520929076294553,0.23920349500283608,0.27083667613997264,0.20026863011329754,0.2562059966431193,0.30182090100390385,0.18101654089357086,0.262036158542969,0.1917633308602864,0.28976550353415886,0.22819020194235545,0.25109516438168866,0.2247970298764227,0.3087345391648073,0.22637292422903824,0.2624399086175648,0.2352656621565371,0.36672050142994195,0.2655367114262439,0.2894448788886974,0.23557216924737567,0.21299304606238909,0.2589457145669344,0.262117897320057,0.23141005940841944,0.3025036585640485,0.273513754250572,0.2926447934017213,0.2574521418860638,0.23537778937963863,0.22308528894331506,0.23912379440976458,0.20781518335686106,0.33121892432289035,0.2113656650299479,0.3537675793500641,0.2097919798140815,0.24213709582681256,0.28887119664634353,0.25412831508994654,0.308437285265511,0.2578564430442722,0.22500876251585417,0.20664126154297927,0.22445256795416893,0.2072939036927499,0.26097158440958296,0.263322953358577,0.28834039135040623,0.2827200406206128,0.24814893020280343,0.24987739406091414,0.27347838337293917,0.21368263178173474,0.26720639914767025,0.26497347328715887,0.24484252883561033,0.32495732718338766,0.413958623128584,0.17948891848920595,0.2355050720190148,0.29120127519554284,0.2148338546974743,0.2874496416788748,0.3087897100776836,0.28095986344986884,0.23182161842462715,0.37013672801015435,0.23200659612078608,0.2681870078170795,0.29999554325939376,0.2843282492461407,0.2535286477623002,0.2505450842489229
0.3136199130882553,0.28794455865224816,0.29689554041379235,0.29117437855509765,0.3022903347213289,0.2632955966640292,0.28815604249314625,0.27757926823080226,0.24373178632971518,0.2611729666892343,0.0,0.3157024104604261,0.30843897333538817,0.24177405848867872,0.2623856032034064,0.32734259198409194,0.3061306163099781,0.2744674323392972,0.28194002197112444,0.26997024563855965,0.31054659350374336,0.32360684991322364,0.2771511291420295,0.29374102335413926,0.33560984605349786,0.28967257039941047,0.25862279232488783,0.3010866797420321,0.26633280851171054,0.24313417397411166,0.2699480117410815,0.2944985022472094,0.2457538357032644,0.26557232932482017,0.2874091219432675,0.28968690991230944,0.3425310666552898,0.275541433562879,0.3272033426140571,0.30838568225492624,0.2570522488988629,0.3035300933999331,0.25804380159725565,0.31854551697577066,0.29009993471416223,0.24272124211382917,0.1942969696286138,0.3857711404568648,0.33564157516960785,0.24237331354314348,0.32211195238656753,0.2378804100727797,0.1977687630021129,0.3209154736162201,0.34675717242666176,0.2225324698105241,0.28274699171970763,0.34123000635417117,0.3026311934760115,0.24714574631187317,0.2981375941667419,0.1750160603293127,0.26334883059771713,0.22750971685122282,0.20522169730714318,0.23434469572113445,0.3308569401572127,0.2529774174587831,0.2729875651900565,0.3050380282098344,0.28150244895930054,0.21930610268892803,0.3039073775566507,0.34479470355407027,0.2849315595592311,0.22110968526776442,0.3456794347144468,0.2939326921837594,0.23345765140326166,0.21413490340505822,0.25372854203640727,0.25565474399835814,0.2661187128355843,0.25170220840929036,0.26060348675462597,0.2741286969531286,0.3086387128482057,0.24834517745916815,0.2259733075111257,0.25204658771897887,0.32888959017727143,0.2302869398462251,0.304361527527771,0.24103773779473323,0.2789565770029365,0.26495587465870946,0.19496536791716212,0.23216439239950395,0.1970834954011564,0.25719119657726525,0.2541638036067933,0.2893256114770035,0.2473386996787438,0.21548561314448947,0.2529936392110571,0.22617115350914002,0.2341099130722426,0.2981957418042341,0.24288738486700034,0.33159086170425295,0.3769762563562328,0.26307000605414055,0.29437813509543465,0.2692348855553084,0.235828751576937,0.2621098109299678,0.24685674299874374,0.27170773071237503,0.2965364921273653,0.22524295882139886,0.2613942763845059,0.2181915837470628,0.26104303317767935,0.3167652659960796,0.23109908010414063,0.29919058082749533,0.20078609374588435,0.262902841577627,0.2729968844817655,0.23431104169462627,0.21421797060814846,0.2735445392954209,0.2604833752235639,0.2809023812826678,0.3380713886192548,0.21509120926338549,0.23288701076686408,0.25523941304204584,0.31115284283741623,0.28796263429621194,0.24904560919970822,0.26251012159172066,0.2582784467092,0.27625850829369925,0.3456680084781577,0.25275504206226634,0.2609737413761713,0.23320299366570887,0.2678627040333214,0.19496691599384697,0.36296685249503347,0.24533846461350345,0.3179671519418445,0.23839883681421317,0.295343189772975,0.3095964250889565,0.2822441694181376,0.2948295191573963,0.26123583458337324,0.24967752684418873,0.21507616811886374,0.27384473998648085,0.21988246685973786,0.40222938912270095
0.2526173891426824,0.3116778230073329,0.2774812692132371,0.28453194574132273,0.25318133687114647,0.28602184894850224,0.3148109012452439,0.3017239230152131,0.2482121520102683,0.2596480581169037,0.3157024104604261,0.0,0.23624283395305742,0.1880030073568752,0.2570474259764807,0.27376792623460633,0.27255767522483315,0.21733271337246193,0.32043868082849086,0.2505447431403663,0.3069942409462572,0.2676562428573161,0.26488186253976614,0.27219360550169097,0.3237591465578641,0.2444811768065398,0.24924628516285655,0.24706736170229074,0.23161403700281197,0.2607581649177249,0.299150198040443,0.2722931260201927,0.2682293167467457,0.29925003613224976,0.2396447471132482,0.2715374903946417,0.27104958930497636,0.24091016145500285,0.34475420830186454,0.26931200109945946,0.27711520563241426,0.28198545236813605,0.23745743944419215,0.2891841305155844,0.28584937712058983,0.24683842843048978,0.239663652214157,0.27177729293174735,0.276970869771238,0.2480020026224147,0.30776402042790446,0.27070354322271833,0.19735020564428385,0.3206188190584237,0.3314476681461442,0.23229257192060232,0.2788559090180943,0.36695027670862573,0.2360488751932412,0.24406287195682047,0.23488071220794082,0.17460234413696987,0.24600882621290732,0.21304165088067198,0.20195721272875142,0.21553103477948585,0.24653183985485058,0.2123196570099096,0.2115138763858923,0.2398218387030791,0.235472486161293,0.1970673939757422,0.23890365672622785,0.283307968109635,0.25260988307664833,0.2012653304193561,0.27324964367076043,0.2964387752303287,0.22543204963016125,0.1834138454491956,0.20407980479546564,0.26937144182403716,0.26038980056539657,0.19384823157328787,0.26534744655778936,0.2788375628641077,0.24069693248358043,0.23722730409621173,0.24727193100753056,0.2501624536546817,0.28265078165084717,0.29152030102890075,0.2675141099583508,0.22822436767779486,0.24034072884762192,0.3151230409453607,0.1953454013598792,0.2963948068304787,0.1902769761919872,0.25301703816656823,0.20146359643979808,0.25791023081000464,0.2655050152960352,0.2755417105266557,0.23639016294752105,0.24558711393718402,0.2559662169899637,0.2660618306977761,0.24095095808800618,0.3139823951749257,0.404587155302263,0.2671584677623243,0.23691130515640194,0.24677235329820707,0.21657416665623558,0.2662518745873115,0.24188523929000333,0.26443731008815824,0.28235352103674877,0.20753214177502335,0.22824894683448294,0.22482787127634457,0.2266706473391327,0.2810302390272548,0.18945966227828032,0.3102033818413315,0.20924356857376256,0.28965009394813734,0.2846453402102309,0.21001833638578724,0.22327458109068746,0.24294583427621533,0.1951149436664647,0.2601984588438545,0.25549290300497113,0.17712151743401905,0.23823054523113213,0.2407354996341276,0.2560808064329766,0.27077015698631246,0.20012487790988787,0.22453061340409558,0.2927187545332362,0.27166867411851486,0.27738930303964654,0.3208836590837091,0.335019027887875,0.2167434678804021,0.29562216073431213,0.18638232769713944,0.28655502986687137,0.24201286999490915,0.26441415248353983,0.25635420444451723,0.3490503057648481,0.23840375709366646,0.2274261122630268,0.3010650237617933,0.21598711822580435,0.22604993786765873,0.17868393769700805,0.22424568278296414,0.2062696646404726,0.2673455043068096
