0,1,2,3,4,5,6,7,8,9,10,11,12,13,14,15,16,17,18,19,20,21,22,23,24,25,26,27,28,29,30,31,32,33,34,35,36,37,38,39,40,41,42,43,44,45,46,47,48,49,50,51,52,53,54,55,56,57,58,59,60,61,62,63,64,65,66,67,68,69,70,71,72,73,74,75,76,77,78,79,80,81,82,83,84,85,86,87,88,89,90,91,92,93,94,95,96,97,98,99,100,101,102,103,104,105,106,107,108,109,110,111,112,113,114,115,116,117,118,119,120,121,122,123,124,125,126,127,128,129,130,131,132,133,134,135,136,137,138,139,140,141,142,143,144,145,146,147,148,149,150,151,152,153,154,155,156,157,158,159,160,161,162,163
0.0,0.3031766529889957,0.260551417454205,0.27173852029091367,0.28599868720073823,0.2905823237598713,0.29617024115771123,0.3218097119184423,0.34283631469624354,0.272994305545047,0.3211265557000268,0.2758594539279538,0.4096106717611342,0.27761194561784747,0.3154561193106196,0.3214596433355726,0.32355082440827176,0.43946635226090686,0.2851412815268903,0.4414456682539016,0.31798464594683795,0.2960387094570818,0.28457854588239756,0.3068026087537538,0.37414821444571283,0.2733622941706613,0.248179302358052,0.2967036231312832,0.23528884821479046,0.2634448397860386,0.3547668404758063,0.3306417940323391,0.2815671682633535,0.2919618613663678,0.39378982422618125,0.27472978487024646,0.4056340792627224,0.3263536267456233,0.25841826661242157,0.3490375886195348,0.27931325977209315,0.31434966265166026,0.34913475605768723,0.3456290376096087,0.34121951215713786,0.3955557844873132,0.2926160555670512,0.31392757268699084,0.3663308610615127,0.3516781486826514,0.35816618256265104,0.33559046019387173,0.27727383335051914,0.26944117216746677,0.2753771731434387,0.3112478972132339,0.4258392458764625,0.3091677337096775,0.31916902802141295,0.3309116082453553,0.29451997840132105,0.2501872456746253,0.3269813792900364,0.25293523067749335,0.3133707164370018,0.36133679523554296,0.3359444715507277,0.33788814124151156,0.28238833207681363,0.3686559685134828,0.4596740573486305,0.3214000770354414,0.31486344336217276,0.3324805184065084,0.32378834863089784,0.35934211860935167,0.2687127730527083,0.272362392050725,0.32817372283753476,0.25996609693204953,0.29830928520099037,0.3574592409752534,0.3010541759189269,0.29581717196624613,0.3257388723075954,0.36740838814574617,0.3451966493207833,0.3427686025961437,0.35762891774772915,0.29452346077505537,0.3639207011139702,0.3332026841380964,0.3140938742334092,0.36683662556575725,0.32857840129406923,0.28247335025603376,0.2375432011446056,0.30176750983717693,0.2524461319818418,0.35808962780369735,0.2822559596848755,0.30259533856830334,0.2840419535696231,0.26690615877237167,0.35767110236778243,0.34532159598104595,0.2962629164575923,0.31676265816576543,0.33881689088303757,0.3218505068424675,0.31384509692830526,0.3430832082827496,0.33698217888612625,0.2676285338516564,0.33005928554294867,0.33025165447858307,0.3590576595589576,0.2927159446800877,0.2606449767590397,0.26348817768602467,0.319130823962709,0.26793801054728955,0.33983743482751266,0.39849600559740134,0.30304162396300055,0.28643208546851434,0.246021718081156,0.2728789602386465,0.26068184879385686,0.3191790495838109,0.26517625333270173,0.2757675088316687,0.285286912174425,0.3114755199284488,0.3043183960393124,0.3056523460787194,0.33053233839367235,0.327579000385534,0.28474198343850216,0.3639866130653051,0.2664868566884943,0.28049884096769384,0.3624178263051695,0.2565426662241861,0.3283887702681773,0.3376203213709443,0.3000860771569034,0.26592626810998043,0.3325842202207346,0.19727292837297908,0.4484829418246657,0.2977432143464733,0.3101621006790299,0.2335737019157226,0.33569404824308885,0.41708900857061165,0.29367360339000326,0.31068365731812486,0.30360146535711174,0.29579548409293305,0.256271970105739,0.3921156709834369,0.24986102305195923,0.4281598982755463
0.3031766529889957,0.0,0.340787876541062,0.30270624123794315,0.24382090868492345,0.3874281602940193,0.28896475634527435,0.41720397925301267,0.287685445472916,0.36233793446289453,0.3263590785281877,0.34643072401800273,0.338672023690209,0.300299468432335,0.328401239903213,0.31061102353302383,0.30271547190548975,0.2894697162396797,0.294912413546697,0.31427479245919326,0.30589298715322477,0.42420065556795816,0.26068334714406666,0.30724497093370656,0.3460626648463267,0.24090978890535888,0.25605908466545063,0.28880280424077076,0.3237308017966285,0.24457109381389466,0.3595881284250033,0.3156358848497053,0.36883513958890174,0.25861505911553095,0.29150054567408656,0.29691294638695304,0.31189903835629196,0.2955471878741762,0.31942852206179934,0.2937688199337317,0.32333155444487216,0.312484764898537,0.2434119633902898,0.28400922626648095,0.4042688464965686,0.2932604983321201,0.2646924986414646,0.271127633011961,0.28626779544046593,0.28385908860697096,0.30286958217560006,0.27960161418386525,0.28212988431014624,0.38591646405142316,0.3200963471337547,0.30633030913247167,0.29455145154185686,0.3064206309551206,0.3038366721668009,0.3247259107973043,0.3684742989959545,0.21676981461466227,0.26541634746852155,0.22736237140358,0.24521812426992334,0.2684167303931271,0.31044317957764606,0.29037592933201645,0.26386550868445113,0.3441077041716394,0.3084307365556712,0.26475284447087827,0.24419505409284004,0.3334055496916352,0.35153743952402633,0.25715320111369155,0.2736131550955948,0.3099690427507405,0.2640434166786201,0.21762906723758865,0.2604896872755218,0.28951376431007664,0.3598331837000554,0.2768808431061092,0.2523383055718811,0.3971017903026106,0.2796687037962868,0.24736880247661008,0.27899156553964943,0.3270993712975415,0.26142289782431394,0.30032235152535797,0.3093223454465293,0.2797661307198779,0.2854364909254896,0.38587248029570326,0.2710263951548674,0.29466949741176945,0.20807503258577192,0.3244308114704897,0.27563037598493173,0.27405320764994456,0.21370067671853277,0.2852365078683008,0.27193072110196914,0.2842457254098865,0.2736918762486938,0.33075293966434355,0.3061447371692973,0.3719897948915761,0.28998070600836356,0.23707371625089993,0.2803611982265991,0.25460131455285556,0.28906631725914034,0.3702955936246399,0.2779937332192549,0.24114730095086934,0.2776554491232425,0.24203528756544343,0.25980502127296723,0.2525576334517478,0.2612929760496512,0.354819967026829,0.2386688289451091,0.3963771226878855,0.24324229017749918,0.36571345984384757,0.32422264076040597,0.2788151016583393,0.295581277514875,0.28908694595308704,0.2507904803347937,0.29478218267099543,0.31089651226674964,0.24049715937570637,0.2822477804855175,0.27865234408450373,0.29295333549037395,0.28406515887906203,0.2934017404044038,0.30046157111950833,0.3485658258482975,0.26962926433349443,0.3084663679660195,0.2513874605929947,0.3304183422995603,0.2942986082617844,0.3489700365927752,0.20859212816259265,0.27327879469985633,0.2933354945072438,0.27693882132971115,0.2977130291758626,0.31577322227374094,0.35173745022794256,0.298719810637584,0.3427402552503138,0.2567977382759837,0.2391182235620425,0.26625566718076893,0.2893551886616945,0.22407054698418477,0.28413033421248785
0.260551417454205,0.340787876541062,0.0,0.26911618239528556,0.2629624580882398,0.3135001869069986,0.2597080537305666,0.3465934388567924,0.2283114654006118,0.38768102963122264,0.3095162248633239,0.2948696274152002,0.3222883344759303,0.23500473591068033,0.2687159748146752,0.3473575275895433,0.33147535676724715,0.27417410796064945,0.2476603446192328,0.24725760000447056,0.33536401280763967,0.3887960680588482,0.2395222425516294,0.27984103204467403,0.2986156285512805,0.26071703332674356,0.22884005558145004,0.2687423313672876,0.2662904701852124,0.23290120330901118,0.25052642914277756,0.29203596682743566,0.25913127825980486,0.23441938599413972,0.2312025289719022,0.25932973813817506,0.28605707640520844,0.2554345399364971,0.25713792600386265,0.2903748616253608,0.2735776270274684,0.3141833628586268,0.24834862676870229,0.26027416540728343,0.3111669441446517,0.2756906020207404,0.25897052508275537,0.27369713281812674,0.27112148217583143,0.25179097077598883,0.27821697977170173,0.2927314271693161,0.21255266999180117,0.3069234193981252,0.27514801258560456,0.2522625177323866,0.2541005793660449,0.3122463999771953,0.27562969476322163,0.2598690377179336,0.28986521242478497,0.2045817170514005,0.28237273676334135,0.2184651700615508,0.2213458240168984,0.2479610510233577,0.25908618428529434,0.288241160171472,0.274065007242828,0.3146577731719902,0.2900375643090293,0.21797290209503897,0.2385181513529647,0.37731295025680933,0.31493634729238085,0.20712084414985538,0.29539771441263285,0.2903873307704137,0.22996412980091163,0.2022766399565298,0.2745406414355537,0.2621620312073202,0.2895526188332658,0.25466070996071244,0.24001597495970112,0.32459342494913535,0.24498661692608611,0.21026876658273028,0.24985189784745745,0.2318177070108497,0.2656843339203912,0.2338929216980255,0.2605608441594566,0.21578740070113134,0.25918368696150385,0.278405783999937,0.21912776653370417,0.2831778195848868,0.18846630749782775,0.2858676608014068,0.20337029681670463,0.28931334072766723,0.2064173803672145,0.2990431989063313,0.2353279980139586,0.310458407748429,0.2709599253233731,0.28963869165706346,0.27721277129033256,0.33836538411077494,0.27302856824871774,0.2201868384317492,0.2506392469735829,0.22939106302396126,0.22940016828327928,0.3156455977802217,0.23773842800017342,0.27411720514797766,0.3096307444573971,0.2319086259373656,0.2500055187529898,0.2307124856063616,0.22777028760033632,0.30438134195304745,0.19114114399755097,0.3251528495847633,0.23099293780447497,0.29081432783875544,0.31826702436470544,0.2517806107821279,0.25824151818361163,0.3488158059809515,0.2043322332360209,0.22009619289497728,0.27132950777799547,0.21454894805338892,0.22325049639685468,0.23474623409042408,0.2670423688095685,0.24886805053461067,0.22529905562658797,0.2536051468330071,0.2737971205954717,0.2471302697977153,0.26380765440683807,0.22046567830889466,0.29273760921304787,0.285125903303343,0.34150957359406003,0.21151901189733294,0.22461165811632783,0.22133009808744145,0.25498646655939466,0.30973554785601504,0.3172336414016676,0.28284970247010055,0.2720481487602886,0.33777861953186045,0.1953764976478411,0.22848725410018422,0.2857931722026955,0.21373986786651833,0.23105237231656178,0.26904113346278286
0.27173852029091367,0.30270624123794315,0.26911618239528556,0.0,0.26250595361723367,0.25537522416887815,0.328444460592041,0.3074915698920455,0.23615355797818458,0.2717407267488987,0.31394935267232366,0.2618696555580581,0.29437222326048645,0.30960368108906894,0.31325019737164816,0.27332485162257275,0.3375403500905828,0.31469157383417046,0.2763717202203084,0.26503145686287133,0.33814265606197985,0.284350829950452,0.29558808096742006,0.27374826027424576,0.2790406895224831,0.3010505206128783,0.28725949794198186,0.3079783563688548,0.2677558898959467,0.21501070480075976,0.2666366562425226,0.2706584967430632,0.38365777742715296,0.2808461215996489,0.28478152639231713,0.29580838540395393,0.28258730225464884,0.3042803292238805,0.2983665717687907,0.3768123608224315,0.3357381691206874,0.3006644305478341,0.2661811731792983,0.29930699761028673,0.30507281298688455,0.3215786950917243,0.21206863799168924,0.25421779974544434,0.305028987652098,0.298162218052119,0.38949316556467756,0.31529660108074015,0.30405126377659036,0.38019492007902433,0.30142474123631174,0.25044387966808507,0.34535495924994103,0.3006189261924473,0.3455148685533143,0.3493321632907423,0.359839754379562,0.24126833464464828,0.3108813761529863,0.23581744410852168,0.29628760063423143,0.31647278708950366,0.37703297352745935,0.24149319263584584,0.2839514533772464,0.31399518281221045,0.2874298624194887,0.27610248779122587,0.2975960618257223,0.43622204905620954,0.32474115847806573,0.24820458045302787,0.3783635837663791,0.3186125114953843,0.2856980416056526,0.22497177627935003,0.27515997645156554,0.3284193359792732,0.25376308327831276,0.268457529951349,0.3384118040461148,0.2930799144294257,0.31267211973121123,0.2964069694251131,0.28325970332602657,0.2556219691560883,0.3213938970249925,0.29658134565592054,0.2858015980570027,0.28429699495044847,0.36010434496720134,0.24243031217025846,0.2506448235752402,0.2794867681356371,0.23916562541787056,0.33763280635505666,0.2719845998240245,0.3463434336119018,0.30193812656849867,0.24255000862429932,0.29523566967311743,0.2765368618251754,0.3193507954915038,0.2723461295630712,0.3354071983012769,0.27478715816432897,0.3410613073575117,0.28919883768733123,0.3300106333553668,0.33119463911029834,0.2963106817070374,0.3001832646698912,0.300682836602937,0.22625102636570202,0.29646609586744904,0.28859697357919734,0.2935851452737603,0.32494300150095473,0.2720104893427377,0.3289492884752557,0.23665725467627804,0.27365031781418775,0.2974614890471165,0.2826552863119683,0.3016460357660582,0.32626337591379895,0.23391148642441556,0.31187716012583355,0.2917978061467459,0.3032782746390322,0.28152469203357633,0.2384681776806568,0.19643981299982757,0.3120671759940767,0.29043818871689775,0.29934515961819763,0.31225259663065136,0.2794520390620369,0.3863411811393284,0.2993082689490218,0.29653607711057567,0.2507816746496788,0.2661947564350805,0.28587008421107213,0.24181204052529212,0.2083444771197018,0.3145313298192604,0.30155164570745197,0.3232183923474525,0.2528583130873314,0.31734057024104756,0.31129803780621573,0.28396958372265524,0.29453874539101765,0.3328205914958618,0.28255813957960724,0.30766371905904416,0.27738931898581826,0.30503278823985225,0.30567260979111444
0.28599868720073823,0.24382090868492345,0.2629624580882398,0.26250595361723367,0.0,0.22425779357201062,0.33297063286884876,0.2601126212241465,0.2566684279374008,0.24258413728848172,0.2913040464860208,0.24809979104274166,0.2572501046354774,0.24040626360846712,0.32602559352196675,0.2866478662661323,0.2690718660858778,0.3021501901952761,0.22561870186578617,0.2554661675010032,0.2972971281701722,0.2897230198148531,0.284133772350953,0.26228212197726986,0.2618518505605887,0.26450582167318115,0.24905887462837026,0.22190895470626187,0.21593080080243365,0.266408321806944,0.30878256667789683,0.24306043727694163,0.26493750659887244,0.23159240105172813,0.3174476913055786,0.28581813425373165,0.3034620235359519,0.2820863839030635,0.3014429401885433,0.2669350823731746,0.2708428784163823,0.2953815080587878,0.3086078129980587,0.3321829692924552,0.25789262489252746,0.2694316020245595,0.27533413983151106,0.30526092850655423,0.313857652768666,0.2960423233772485,0.30747466812150803,0.24555338187065875,0.2332838286477995,0.25815455749494987,0.2664992778372494,0.23012460016108213,0.25273469700770124,0.32228897210486074,0.27142778869743056,0.260212520633356,0.22097727459568314,0.2193987484677468,0.2508168216562522,0.2529071159602068,0.26065728867648014,0.21972102315984662,0.25955710628745676,0.28691932511350515,0.2603741864336707,0.3114968038050223,0.30932767463080885,0.26046825846461447,0.22041218834497467,0.29114890003616567,0.24201194265842735,0.2179146507377113,0.28068444793831643,0.3658329513409191,0.2450328831916908,0.20675870723896694,0.24365597084903148,0.30010115727926134,0.29084469709659494,0.21629110247067096,0.24377173918464318,0.2636057073559831,0.27279322488314667,0.26920037206713626,0.23917715571663137,0.23334764523898044,0.3876269564578523,0.2999919146609147,0.32016616297009226,0.20746966827481358,0.27053777101957627,0.2558758184061888,0.19855242689179467,0.2394195801581612,0.24238656946322495,0.23812415397622191,0.244390350433605,0.2715346417673444,0.2632251450353775,0.24296499816209802,0.25391513380512487,0.2748672071233954,0.23679655607777875,0.26259989581464827,0.3014170699648647,0.2585530921588595,0.27650270578763125,0.2871001715680845,0.23431210389140103,0.2716801512672381,0.23540858415048121,0.23862236904097112,0.23076943742429978,0.27086348437417895,0.22093423753686534,0.24372100175773556,0.35436127289183383,0.2566437962531219,0.22039214273815574,0.33192209460727556,0.24305999918344542,0.25090932388656706,0.2197028771754642,0.2910188792530973,0.22490667673490744,0.2788831479472636,0.22644472014710157,0.2581721568768347,0.2151370052794335,0.2523793160135275,0.2655000344270876,0.26694085489263414,0.2292936527316458,0.3160546677424075,0.26548697957123096,0.3429483045011263,0.2283267971941219,0.2607270771160437,0.2924742438571042,0.26708266631760674,0.30581714579158925,0.2645786317661859,0.31689135741118113,0.2688611015274619,0.24351342914777538,0.19091528408364572,0.26768380907639366,0.24557965982241897,0.29227607041509,0.2590781793732433,0.2996834167872426,0.31970677495939703,0.22433905952157768,0.30251438958025906,0.23442629225205058,0.230027830270857,0.2345973676478763,0.24366434800665016,0.2515663364734655,0.340715042525883
0.2905823237598713,0.3874281602940193,0.3135001869069986,0.25537522416887815,0.22425779357201062,0.0,0.24163073944209815,0.34712348768785206,0.25933778653136763,0.28921385945315503,0.29193079036227565,0.3033570833809129,0.3475409539246235,0.23155295757531952,0.26344894961897003,0.32524999380236036,0.31306896046447835,0.2291608288044808,0.28270376790848767,0.2936854636527323,0.3130757122401763,0.31413992609285774,0.20496520492312942,0.25002703371790047,0.319782253998874,0.21979924089696007,0.20991832223005205,0.26436404235648786,0.2520739999421771,0.2420178489741999,0.3011568041698246,0.3600669210055093,0.2932450725243218,0.24912858117716682,0.2524059505317344,0.24764345531115367,0.2949798940621342,0.2503255785278521,0.26395444954615,0.24168035032963373,0.265594208038359,0.33233970768561266,0.24430385384448874,0.29321815955482816,0.2851636624110817,0.25252929358067144,0.2509259442446043,0.26271042358570823,0.2279111761706775,0.2626464225281074,0.276074835338058,0.3046665505567992,0.24022274639678695,0.29740779425169683,0.24948438810137363,0.33107987339441675,0.2695359953663706,0.3571320286834991,0.23651143364299784,0.25279708423893216,0.37044419153731173,0.23763154627426536,0.293438750184279,0.20196772123960519,0.2348990477648621,0.2590844008327371,0.2674279713709626,0.28455846525670286,0.22196166968868847,0.30034321875703557,0.2940974446708457,0.21518804152690163,0.26591317482243676,0.2949629716949664,0.3655148783469581,0.2474251398367042,0.2680972554224026,0.26506142749214306,0.23025428801750528,0.2883437105148833,0.3462515342296514,0.2657544738096459,0.29121552748178936,0.2797322797317245,0.2611215603220034,0.2949910020760924,0.31906767634542554,0.2240705426218928,0.2823458737864797,0.2629628281188216,0.25231433106909373,0.29798633622294934,0.27122353116949777,0.2562983008379575,0.24583995023789304,0.3108162138936325,0.2670451473580897,0.32279633312350176,0.20278895394876453,0.2864066149489863,0.228260301413806,0.2757031965575821,0.21233934265567658,0.24533206182380807,0.26200947194092544,0.3012986454015576,0.3005628420589374,0.3065048315034026,0.2526544964863385,0.34285636503149153,0.28498357269599967,0.22035241259759586,0.32972546343326764,0.2626080636174231,0.23442695602158933,0.31383220473693724,0.29826079185560717,0.21558155465761417,0.32937598677544294,0.24244660520070455,0.23459938036190203,0.2555989833773877,0.28604650239043755,0.31650986090442473,0.2513397659228369,0.29937827415219437,0.26653021814997707,0.2734033168529862,0.28501403197223457,0.2216148332283453,0.30823163187850067,0.37784141562938434,0.24225754820320403,0.2683203805688665,0.2778491612610783,0.23701467352822658,0.26254092018702185,0.2192070099983243,0.22241170897559862,0.25043662992960813,0.24762943509443683,0.3070776832250337,0.2850482471477944,0.25681237743120383,0.2810619614842764,0.23348049668408974,0.2993342093648151,0.2988478552103155,0.2975738517303219,0.22868907531918806,0.253233474381655,0.265745085373458,0.22696212946825778,0.24465046365676849,0.32490313406203275,0.2989652533563174,0.2658920092751075,0.3430280338078361,0.22046316604453509,0.2546436501186432,0.24621342301380053,0.2903948690109646,0.23695792817484004,0.26592420043747866
0.29617024115771123,0.28896475634527435,0.2597080537305666,0.328444460592041,0.33297063286884876,0.24163073944209815,0.0,0.27287221136539164,0.26231565148684866,0.27397705014660295,0.3121499138652801,0.29923455481002426,0.3083054992286077,0.27778608117036246,0.390574106382486,0.267986319806862,0.2640678317970821,0.3159274468681728,0.26460955802818487,0.24477070108138363,0.27786464491648666,0.3307171882862159,0.3817826373749321,0.31141162188631566,0.30408173886890866,0.27634054878267306,0.2987716939509265,0.25749633347189255,0.25271892472070356,0.28034611298145345,0.312990478538767,0.2801118995654588,0.3333508162221256,0.27917486774631867,0.2684327768101268,0.26117112461268127,0.35451041772127995,0.26774887275463355,0.2968438261386692,0.33029209238979224,0.29247580582946686,0.29455628487220864,0.29446473456636424,0.2974913770715934,0.3189672229322398,0.29728219755968227,0.26770011212517325,0.2618784642419821,0.4203739366616919,0.2598170726215071,0.3377167414860291,0.23986028285180583,0.23245977289852304,0.3000641589333642,0.3212003550987184,0.25255350631792073,0.26911870372162827,0.2949260789470849,0.3135427558679633,0.2776966797844764,0.24047518676045163,0.22050959041239238,0.2382496745811914,0.2368798445763821,0.2398644969513688,0.22331131749930935,0.31956444874473705,0.325823068094267,0.2685567576764479,0.30410610406552196,0.31149011265883797,0.24868868090956306,0.22243335457808658,0.33723764741241913,0.2289634362046094,0.25125174127867556,0.3704755495334099,0.35800840923613275,0.24429449983410345,0.20666670009415616,0.23988740319004165,0.3015706972689651,0.3128541126593455,0.21446862396884134,0.2394038616039933,0.2865691472087452,0.26865807035750533,0.29271900211700747,0.2741356595400197,0.26241698082849946,0.3348205014064757,0.35163586544790965,0.3093882237236407,0.23654382909176416,0.27926012901023595,0.30595787746878333,0.2057395268627595,0.2681829416016167,0.22895807946045119,0.2843549085696696,0.2695950154458757,0.3005478482889074,0.2716784476662177,0.26062501811749555,0.2444100662794208,0.2811942608880533,0.23309638458613263,0.268690981193821,0.3387437000069774,0.28264209656936923,0.3348661978951163,0.261819508270119,0.24520168737362835,0.25627735996866224,0.24691625659898506,0.2748026421142884,0.24563554589161454,0.28747818600711755,0.23143491015978968,0.23676542927904418,0.2790205187653775,0.2505155169245829,0.21719977084624248,0.37298973613650854,0.22170883940433864,0.3055572132443852,0.2205340135065498,0.34855468706048137,0.22790344133440643,0.2982621940865912,0.22912068837503757,0.23552045492854895,0.23526897032917057,0.2432028540826913,0.23893653741115892,0.24269804800685107,0.24426636746471175,0.3077523682651342,0.2905772661161033,0.3347521730341097,0.2769762585715119,0.2552058617422855,0.31648292482727236,0.25487632694298246,0.29476212777502553,0.3052364427046789,0.30537780009451904,0.30095922579979756,0.25256789084550324,0.17818653706280185,0.2746901526676973,0.27204211657906324,0.287239039987236,0.3002710353600923,0.32200420836488003,0.35036467520903714,0.30896080105812257,0.3261443627254678,0.29039760667901254,0.27555718450210537,0.25255671224278814,0.24624864986584144,0.2527391640378104,0.3088238971221288
0.3218097119184423,0.41720397925301267,0.3465934388567924,0.3074915698920455,0.2601126212241465,0.34712348768785206,0.27287221136539164,0.0,0.3258638399881321,0.36959766751879886,0.2964956335372886,0.3410871773983496,0.37114326814829446,0.27351251090860657,0.30298757734221565,0.3714531104363976,0.38456681020196903,0.3126030540913865,0.29801891493686494,0.32984859439003184,0.3558570210755102,0.30506157297405934,0.28459530366481656,0.2774765767119501,0.37206938909959436,0.25789426196734694,0.30785597554797217,0.3340908131868855,0.24424156481907855,0.2833321825722639,0.39689602753105296,0.3467267673965468,0.324883598047081,0.3046995266358869,0.3100738098637245,0.3279311613611636,0.3265297572499747,0.3570964701022954,0.28747890173279594,0.32055700043901486,0.3187428946517383,0.35736601983825367,0.27818751668221053,0.29625120835503593,0.4207591858253971,0.34288055846185916,0.29439121079249503,0.26167387469590575,0.3092704470060364,0.30466426479272823,0.3116042368891606,0.3037776562244575,0.2714108986046216,0.3015200301018769,0.281648106198323,0.33148576307949124,0.3119184741252666,0.4041001759357543,0.3304555259642448,0.3162834668848478,0.36804341852508776,0.23581479792460322,0.29809437497745433,0.26672922050162645,0.25005893759362424,0.28506184431374226,0.31538576754180936,0.28458519429565504,0.3170043338893796,0.4309869944484313,0.3048527694723991,0.28468582441543,0.2867118859824228,0.3732249156073924,0.44191135619249006,0.2697432477854639,0.3068111184940022,0.3066419263392765,0.32506981618173764,0.22522934745618653,0.29861495339032135,0.29959022361859944,0.3505929621188211,0.3279085309439456,0.332938804585102,0.463092219112967,0.3360658553928619,0.2761677648332264,0.3792771948030159,0.31692802395797637,0.2988823449101691,0.3234217844971428,0.3017779644018413,0.2675226231725388,0.32561518318446575,0.331270596454961,0.26590792960670273,0.39130859013792735,0.22342091835187375,0.37819241734195685,0.2547007203909287,0.3419612001392325,0.260090210063601,0.3266649247601443,0.324596382452643,0.3764032754552302,0.336755460537149,0.4352798283054372,0.3279042000226061,0.3503644924635979,0.28867139773552386,0.27951566787377774,0.32318187416852406,0.328895440779368,0.2931264675997732,0.38905921102129437,0.3494449282202071,0.2530298758177395,0.2924675500644758,0.28946981440421005,0.280592056724897,0.31891993342576636,0.27684832297873074,0.34880031492681013,0.24111663759595547,0.3100298362463117,0.268163179605288,0.34849404218284774,0.3481667491887346,0.28775766985725204,0.39519222609105487,0.33960188500737526,0.26997073801964383,0.2700417400808698,0.2972925933385712,0.2360333827717128,0.2924278785109647,0.2820107045605909,0.30601763810172167,0.3281212030016792,0.2727953406199824,0.29468135267056833,0.3651669855152719,0.2953351937969738,0.33435238106774356,0.30004250398248067,0.34757454287104267,0.3312586593350429,0.37717342129690656,0.24324998345951915,0.30717065494618095,0.3169569704595984,0.2959420924676088,0.3107136033605151,0.4405630416861167,0.35866513305617925,0.2779742951831559,0.4058844292296116,0.23661812224132617,0.2641582622783302,0.2978827823513523,0.29961915703612335,0.28590570405130433,0.29512247030226624
0.34283631469624354,0.287685445472916,0.2283114654006118,0.23615355797818458,0.2566684279374008,0.25933778653136763,0.26231565148684866,0.3258638399881321,0.0,0.24394498217447158,0.22921836465706555,0.259099230846405,0.24953759600652783,0.2772348218924534,0.2664462467589547,0.24932705770188346,0.24186884907111655,0.2939239561711595,0.2360762527702037,0.29481612865212486,0.25707203617932933,0.2916609834600025,0.22907202800507906,0.23465382524905967,0.2753773503616763,0.2308554772495575,0.23915587771536087,0.23286620884728584,0.20496275466189193,0.310641227557587,0.3747325917548564,0.263119884873418,0.2581493166795105,0.22921308937955023,0.304413988419809,0.2446270902189371,0.26858626980562705,0.3093075485648974,0.25058660419750645,0.24813404802125333,0.24024084927730008,0.35293350181709254,0.2560523048245429,0.27330885139153754,0.2842573525742775,0.2606731288329945,0.26348047023061233,0.2259360438823385,0.26096256837758525,0.2696869368359775,0.26163434553696596,0.2539514911558984,0.26193583858025343,0.23769647857489262,0.2304186629065298,0.3782539313354853,0.2816934396738263,0.28044461462744946,0.25862815290209823,0.24024680338138646,0.23889935752000793,0.2534310194933624,0.2538015002620305,0.24332856089457297,0.2881672560537775,0.25319827148347335,0.28796507529275644,0.28887106117804984,0.238772883246875,0.3155863606100046,0.35275629502567984,0.28107652505821124,0.28431521974392154,0.24994139597301337,0.2762784372466182,0.26662910476003276,0.2296632345379133,0.2366111280478307,0.2736275657794272,0.22811462987428807,0.25920029593040345,0.38160818471181157,0.3464902235078323,0.23302110991224934,0.29926363548395907,0.3376850365075843,0.3062327145754162,0.29721376863324767,0.2693449341889259,0.3760090300718664,0.298825063065685,0.3801961256163339,0.2505017132832816,0.2510168028500262,0.3374244730966408,0.30209205454723703,0.2720351425584404,0.302042428324841,0.2969314971890855,0.26254283155886654,0.26472966514673824,0.25101674503915344,0.26737373051566415,0.24790903682455698,0.31533275474673894,0.26749697448633514,0.22148901228013276,0.2768867960619717,0.24850723346510045,0.24095124713983332,0.23026506265653862,0.3108903047005023,0.2816021224811552,0.29677542234699644,0.25013342747151684,0.28453016550281657,0.28498803812527695,0.2309197376517999,0.20211984544174244,0.2827402735691724,0.2936522385594106,0.28873944822134323,0.269019015437098,0.3016001987167185,0.3635194445614612,0.23244076071770464,0.2588158721971486,0.26820029348476443,0.222116955034758,0.27240240235997115,0.39010656274307187,0.281338480682586,0.25659482102774595,0.3475959029156163,0.2461555067816024,0.2623085225466231,0.2701826519570107,0.26218763309585136,0.24588465567024356,0.31149438919534733,0.2442431243914803,0.27249686071939233,0.33424251573610836,0.2984055344610578,0.2757918087628376,0.307003340144255,0.39238900374510427,0.242323900634309,0.28303637958110345,0.20313138660338068,0.3354058569783215,0.274937416724647,0.24444114104039014,0.25408312254001747,0.2818257483386996,0.34244890970327213,0.22674348442739162,0.28519213828679096,0.26886589761013585,0.24995574311451507,0.22223018651069787,0.34031844711248216,0.3095401490207054,0.30980425059952643
0.272994305545047,0.36233793446289453,0.38768102963122264,0.2717407267488987,0.24258413728848172,0.28921385945315503,0.27397705014660295,0.36959766751879886,0.24394498217447158,0.0,0.2720163512913864,0.2780976957516489,0.324833517587851,0.2539367548325507,0.2733058215768571,0.31151637150653333,0.28813126395411326,0.30115833420892496,0.2429490591299551,0.24404911193290094,0.2621266559214082,0.2921670585136484,0.2849940302595673,0.23921624184192675,0.3762913591881657,0.23534962318518846,0.2695251080024875,0.27371822458140904,0.3225763749665865,0.2423538293325488,0.31521775864354634,0.30329429091821847,0.249837335434235,0.24143383475310218,0.24952772300788184,0.24565184117048444,0.3188898758465447,0.26301115207359244,0.23678958354662388,0.2679724924296852,0.229385044297505,0.2938675531691966,0.2552931701837668,0.2439581728051229,0.31671636127071495,0.275784865725748,0.24619491124389192,0.25870193029249733,0.3073878023596356,0.22263295520934717,0.2637190574284532,0.23012731062046948,0.21244419518945343,0.2808708902702446,0.29818028190402784,0.28081136535891893,0.23799487201202324,0.27567500108454684,0.29145147582489,0.2509988829904527,0.30727493591262345,0.20730287786842422,0.2290812504836462,0.2128759435790124,0.2129177054430226,0.23629554609299405,0.26750069539617866,0.2863146951991697,0.29226191565087606,0.37097633714948114,0.25801019770216593,0.253548443312121,0.21494988443858826,0.3169751034494323,0.29020095986436556,0.24602203885678625,0.2730089877843643,0.30261210534304783,0.23758861717315868,0.21960128650797664,0.2623158237430975,0.2437093031808953,0.3236802322165668,0.27247344603859747,0.23555442530554316,0.30221259985043564,0.28008070671886376,0.25627022996096593,0.314213429220935,0.24520844388989366,0.25168082136173814,0.2508642109318762,0.26904625755575556,0.21105038423859174,0.25203043155646765,0.33315280758130245,0.19960775674082099,0.2789667602340351,0.19891794405093893,0.302025061194413,0.24267168600580932,0.2965462964700665,0.22615670851091274,0.33115951925076026,0.23238448157986943,0.2783620776193587,0.25894345737053903,0.3609775315956071,0.27207836025903753,0.30166195798187473,0.24577246802161334,0.21716449923149944,0.2623929422437154,0.2785633787773662,0.23839268083096013,0.293039854059554,0.26844528274850515,0.299508623839729,0.2589428565676064,0.251875123496085,0.22195188076987474,0.25761551069931504,0.21183872061760234,0.311273425613712,0.20286641360003302,0.36702456414706264,0.21892058210556853,0.2905576568037898,0.30534809239537836,0.26553656946984877,0.30783719898113804,0.26206309684311224,0.24526539800375852,0.20786979205830755,0.245278251655736,0.20897286108700155,0.2511291303780156,0.24999279804702257,0.2820559923868137,0.28034229081639456,0.26480789822921863,0.26945767767148526,0.27720586513810447,0.2219438533776877,0.2755392366121342,0.25355398982306937,0.24031888220688416,0.33238813676369894,0.3932347675060084,0.20362572051875474,0.23442685053743542,0.2785726759510885,0.23492046256241597,0.28330352603009773,0.312926575487423,0.31288060478070784,0.2402614654697591,0.3647764472632926,0.2274260828207054,0.25779298490070146,0.3218550439063879,0.2596983650870818,0.2480213582737643,0.24222765135697338
0.3211265557000268,0.3263590785281877,0.3095162248633239,0.31394935267232366,0.2913040464860208,0.29193079036227565,0.3121499138652801,0.2964956335372886,0.22921836465706555,0.2720163512913864,0.0,0.33324780290431216,0.3371364179616235,0.26652160295230004,0.2849787831631112,0.36284510725423297,0.34663320191835595,0.3107475442202321,0.30528081807053725,0.2972320648068977,0.35200506034885554,0.34869645030747637,0.27844620408941617,0.32785192082240444,0.347646068242904,0.2949198979005998,0.256202877770084,0.30602063110452216,0.3121489297173605,0.24958633322342316,0.27701443050743246,0.32222302537003644,0.29015721623365215,0.26446673779720176,0.30383215072491626,0.31616184839791156,0.3698121118532334,0.3039856974872617,0.3573603502825007,0.32747864445910985,0.3084296297962479,0.29047397382220574,0.2934897190820403,0.37543398140243567,0.30859684467443027,0.28351346369615354,0.21907899791467986,0.40108463292757396,0.36056769411196765,0.2723479689005941,0.3436910468809953,0.27532196659972014,0.23952919831936395,0.37984394044680725,0.3720915968654032,0.23175058502445683,0.3272849771164137,0.3511210672004727,0.3323677309060678,0.30255720401936753,0.34529504845222914,0.19840672266739381,0.29296289717859064,0.24967062936785583,0.23009061738571826,0.26292374714872235,0.3245035020868856,0.27172158383207945,0.29002497393937887,0.3182511058042339,0.3036847192981848,0.2556481543862213,0.277768054920903,0.36828192264827636,0.3096793604556121,0.26516797435632233,0.3773739174482398,0.3226958243356109,0.2563348613136033,0.23860202066441552,0.28857423854142045,0.25398839217259195,0.28258391284932527,0.27663255168648254,0.26649927399937184,0.2898826630554803,0.31801349744314117,0.2540805271018513,0.2505632769023268,0.25505565594933793,0.34378609561628404,0.24354704249470643,0.36265842879536314,0.2920849448579035,0.28516468249799176,0.2973793609942489,0.22462448164913584,0.24624695275993047,0.21128419114998798,0.27281663136754075,0.2947218137456326,0.34200184886382856,0.24671843154086256,0.2485100345621956,0.26663934300578734,0.2562843238520685,0.2646179789602059,0.29323777933018674,0.2925146166651537,0.38455684170437027,0.4176549254279459,0.269364242430979,0.2857615486524403,0.2700700507018665,0.27380509584175977,0.2801700077583954,0.27631267058241116,0.296792643343257,0.32480484341623983,0.23691947411371225,0.3082807400678355,0.23708615942840328,0.2801960070047219,0.36113001774125764,0.2416883449028957,0.356419702415138,0.21119805035349867,0.317683218349772,0.30846313613902,0.2734067245920106,0.22005271456101574,0.29988712712050286,0.28285927390846494,0.27708391792708453,0.37318301918537833,0.25774426447009935,0.26650959802556146,0.2776732506662352,0.3113343022740292,0.30835983077735857,0.29289608056463085,0.30165714179247455,0.273438536930073,0.27383539836864784,0.4049912366723682,0.23818028669735483,0.2647360314741197,0.28020933202237086,0.28309727682414343,0.22327417184899648,0.3524789722366545,0.27895621702542805,0.36130956263949643,0.26179101627801454,0.31913014653745636,0.3374023062780019,0.30869201422279796,0.31422250191688494,0.2850067110379084,0.25978931701155555,0.26130868744489183,0.29814761586253685,0.2328991618748256,0.40360376144465065
0.2758594539279538,0.34643072401800273,0.2948696274152002,0.2618696555580581,0.24809979104274166,0.3033570833809129,0.29923455481002426,0.3410871773983496,0.259099230846405,0.2780976957516489,0.33324780290431216,0.0,0.25783531476797283,0.19671676127551657,0.26337135571512915,0.3072067990109953,0.29763569060768885,0.24318345757862558,0.3398158803890817,0.27715215830341716,0.33345253961735566,0.293211124808188,0.2684269685705702,0.2936786658795366,0.3512224113833659,0.2305033010602826,0.2492572602951138,0.24989206422058446,0.25073046103307894,0.29984578999469896,0.3169917422649872,0.29146174669589037,0.2690000784559353,0.2846244369380676,0.24275354148251035,0.2681255341406466,0.2926768858911557,0.2640929371226392,0.3552608895963653,0.26888304053283757,0.2820808143351505,0.3075222231663825,0.2683694532989141,0.2849561350158447,0.29510253164877265,0.27023573116464333,0.27587668967497897,0.2768924002859473,0.28791315474072593,0.2625133891550456,0.30487796532948863,0.27185225652460304,0.22405029065589097,0.3047021180345481,0.3199427357276319,0.24802440890333793,0.30916409876906226,0.39035710966257836,0.24123317936965735,0.2656744523205573,0.2482364642985322,0.18989828823403457,0.26999995099758517,0.22679238205861907,0.21652192327566772,0.23818404433043527,0.2317597351457901,0.23141838997486314,0.22881122396206804,0.2754195368330903,0.25247001794491,0.21006986413754342,0.2243425615513859,0.2847733589164477,0.2846160960006289,0.23051686814985356,0.2734203878620425,0.2887319388716454,0.24137134456359743,0.19920956226772,0.2315686658323074,0.26287725899108993,0.28953406260455045,0.21335612429818437,0.25968053092340926,0.3017249288477061,0.253936223870805,0.23408499056356472,0.2667719335824795,0.2572824382847055,0.28194890298636605,0.2782945195501821,0.28932790763169697,0.25736506842070705,0.236949082540012,0.33274611803569043,0.21791904826876451,0.2928330021992594,0.19687129154453764,0.24653066012668495,0.2123398889965004,0.2974887041632266,0.2418026543590488,0.31941433088085613,0.24404580535215206,0.26584598247694063,0.2757558221314975,0.28720580387290284,0.26222067113268926,0.36497873881905407,0.3824834534529638,0.2606330894526705,0.22606921676443345,0.2534575943469234,0.22815823610514385,0.2924009537350894,0.2638091985757518,0.3003190638838474,0.27773682433158436,0.21250884811663767,0.24254386087866497,0.23021968317258992,0.23745584722431368,0.303897732427276,0.19692322112410313,0.3379673121108398,0.20934425990875097,0.33881115652508287,0.2890296217188984,0.21836528984232925,0.25458202897087007,0.2652012566170846,0.21038321595814602,0.2535341250245967,0.27650808002794436,0.2006766899180633,0.2844699941741574,0.23755603541789536,0.2522099393394551,0.29891342114383584,0.21043013714249237,0.2502902276801056,0.2886877520663958,0.2573324994960481,0.2918876909158888,0.28363495360741886,0.35092108581172377,0.24946777744150514,0.3352520305899416,0.22069649521330892,0.2863530728396259,0.26432375893718146,0.29467226230641486,0.27097706395407756,0.3667817378688427,0.26555833575899457,0.25214349905478195,0.3098925859645045,0.20518064852004847,0.22730410466207082,0.19841941955105197,0.24045037997453556,0.21802882283953384,0.285827210909045
