0,1,2,3,4,5,6,7,8,9,10,11,12,13,14,15,16,17,18,19,20,21,22,23,24,25,26,27,28,29,30,31,32,33,34,35,36,37,38,39,40,41,42,43,44,45,46,47,48,49,50,51,52,53,54,55,56,57,58,59,60,61,62,63,64,65,66,67,68,69,70,71,72,73,74,75,76,77,78,79,80,81,82,83,84,85,86,87,88,89,90,91,92,93,94,95,96,97,98,99,100,101,102,103,104,105,106,107,108,109,110,111,112,113,114,115,116,117,118,119,120,121,122,123,124,125,126,127,128,129,130,131,132,133,134,135,136,137,138,139,140,141,142,143,144,145,146,147,148,149,150,151,152,153,154,155,156,157,158,159,160,161,162,163
0.0,0.8871059304369849,0.9072333185935904,0.8348646257485745,0.8335554917763263,0.891464714109029,0.8256616120341567,0.8282103385481916,0.8438320714086258,0.9327586704925331,0.8379443942145457,0.7901373155220687,0.9587881957370605,0.837202652208942,0.9053040518274291,0.9184209086736487,0.9400749755736815,0.9618408820160603,0.8509245746645283,0.9562102623243397,0.9505905511864565,0.90057679982066,0.8250771463453206,0.8618850942539488,0.9412143430047867,0.8010858067137906,0.8209447293692783,0.8962796088638209,0.8163957539768838,0.8237350328508012,0.8827349125692959,0.9387359362112425,0.862297997691065,0.8168662382219509,0.9100547929902817,0.8157468691882288,0.9165603542433326,0.8471619157382834,0.7220805784103655,0.8988980792918057,0.8172481105138195,0.817245484374674,0.9268930293382478,0.8952308886116753,0.9076666506581407,0.9469973324137878,0.8947508033099849,0.8848266946224418,0.8944955082995452,0.9337007329265451,0.9355984255082288,0.9244380069097735,0.827271691809301,0.9067163151389349,0.8591126323151217,0.8239711700289392,0.9581976325541486,0.825821062947767,0.8667285658178123,0.9069907611505968,0.8630653287787191,0.8120706114669727,0.8981785694852236,0.7598780319014183,0.8963530348963877,0.9099520334558121,0.8321329279543074,0.9007157263256107,0.9013895673980784,0.8378784232825285,0.9327254574096413,0.8823215824378754,0.816252389179623,0.9257864004108436,0.8847783626394372,0.9040301405624064,0.8190414760567791,0.8269812208450631,0.8215887137423886,0.7434783079442538,0.8123350362887232,0.9166923546614807,0.8528446270317915,0.8010488103523592,0.8911354937466723,0.8512660385688952,0.7971472297478345,0.9047551395961708,0.933546905022369,0.7159538941496463,0.9026351232721612,0.8525042219633053,0.9307794412134892,0.8978036779608184,0.8784611977763096,0.8521750783000762,0.8014651225645976,0.83175483384852,0.7125685808983552,0.9168686472463985,0.7841541287080157,0.8015875605972805,0.8024519403351683,0.8506392740581686,0.9072775214331941,0.9298432871022384,0.9115882780441924,0.8425916651892686,0.932420955331157,0.8907548161656043,0.8347907425058968,0.8160911699584468,0.8861346499707804,0.7535983051935168,0.887192117894603,0.896419786070523,0.8886310608140502,0.9033917648524543,0.834117764721045,0.7461953674345532,0.865192727156658,0.7574891833879716,0.8379696502358378,0.9363929297989002,0.8133101149504047,0.8720820395039568,0.8009787845612022,0.8062168702709971,0.8463225354649654,0.9179601732848688,0.8084744302456986,0.8853508142540795,0.7531018150198063,0.7024530104014801,0.8621842041627589,0.8362685987407984,0.8396230253743341,0.9020268842948125,0.8724763590802208,0.8529623987761734,0.8480193051221012,0.8129619569575874,0.9250581033673607,0.7949836657504981,0.8442853097277879,0.8202909263144301,0.8150701640953975,0.8218705010525388,0.9494384580838391,0.5951144705189905,0.8747730875207086,0.7884146527124237,0.8916546632515079,0.8460087287001629,0.8564781538403636,0.8805170493075417,0.8500169826341323,0.8870189819247728,0.8545574991490965,0.8702688793938158,0.8236800160759189,0.8727241557656086,0.9280273474641042,0.8565568105328427
0.8871059304369849,0.0,0.8151411664379818,0.7754395573279358,0.7566539141974539,0.9101515510328472,0.7609756600854766,0.7943508512146475,0.8642551496270817,0.8844992774543593,0.7533306518732426,0.8036208640703363,0.8746310305034487,0.8370460589222928,0.8395757875346223,0.8469328857242878,0.8612630297565329,0.8275942874156855,0.788573924294915,0.8766626341506215,0.8144959594621318,0.8238553679854056,0.7608984963632062,0.8234005883633129,0.8364390911539988,0.7192256452348881,0.8147479967296737,0.8273366200361466,0.918766815724085,0.8308140333712601,0.8790149253152867,0.8383721776430151,0.8990285538110636,0.7717876008203401,0.8815917601665637,0.7986078894549747,0.8186739877961692,0.8402650847307033,0.728491211392732,0.842926305943472,0.8812656741366084,0.7609457003395761,0.7504277180044135,0.8292364776087967,0.8430533739621884,0.8658752068656049,0.8569438214993036,0.7666167566482256,0.7837690758372268,0.8263031911611614,0.7996455513238809,0.8693855525691621,0.8276357479816477,0.8395123399516597,0.7881640546237122,0.9014707480415057,0.8549090708620957,0.7856251174343981,0.7400280310375394,0.8988493361810936,0.7959006586898594,0.8008319767203889,0.7790022235179197,0.7323337647896334,0.764485959833723,0.7785060046579857,0.7568139066782656,0.7786840753494567,0.7462059786164875,0.7405499493090167,0.8234776969945499,0.8590614503616547,0.7101298666011638,0.7920988561783601,0.8611095730259768,0.8680241851684063,0.707386896417355,0.8345150930554904,0.7806610398728462,0.8083960640978967,0.7975648405165685,0.8021950005876759,0.9125838779629167,0.8176606420149146,0.782635156397428,0.9008840488478344,0.702284511141771,0.7659262948966348,0.9032797922086896,0.819991097664294,0.790384813639762,0.8527666008511403,0.8751867280615928,0.8527758413552681,0.7888927633220592,0.8898515953565785,0.7697023356754399,0.8295462791340749,0.7314982610622981,0.8645437408749352,0.8312858610235663,0.6658197054566991,0.6766654206963785,0.809462296738345,0.8310319011010395,0.8647577192193379,0.7966892374732529,0.8251389248558504,0.8883064611544973,0.8488911688865347,0.7348909538506795,0.7253274176925693,0.7865743832758336,0.7501276844229514,0.8643910623178745,0.9486727963635594,0.8663568269207421,0.7494896856523847,0.7370443827060167,0.8041522065838329,0.8440807952159634,0.7182434501881086,0.8030274678828869,0.9094680786722901,0.8339863399638796,0.8970800673223885,0.758587890846862,0.8228801346978951,0.8476615921573006,0.8472589340275554,0.901318378221468,0.8025862303106285,0.7547367276920628,0.7804500181776126,0.7554982937248163,0.7889501907271106,0.8788495688254874,0.8763920785600617,0.7846658072310562,0.8037297426872483,0.8121749854514598,0.8101511140874216,0.8837779457814711,0.7250421555841405,0.8094886674254961,0.7162263032960118,0.8518229610250657,0.8456363306836491,0.8842187976279564,0.6733609115263286,0.7738444585316507,0.815913492359893,0.7967494917363318,0.8074917039239822,0.8146912189750688,0.7885732894340886,0.8077458746625605,0.8877904227916942,0.859266833729864,0.7775714954146877,0.7847309006273842,0.9077903774873972,0.9364656652579841,0.7983777243582943
0.9072333185935904,0.8151411664379818,0.0,0.8470317879346326,0.8454646810467233,0.8461808860787545,0.8002838504032804,0.836444700675941,0.8078801634524962,0.9116169436160406,0.8168926238461595,0.7405904556996523,0.9342315124980752,0.8085461868249778,0.8586872898583763,0.8805038378073012,0.8778446671666904,0.8990884697300463,0.7214343738152348,0.8452436527817402,0.9330559115817756,0.9431811118498056,0.7668832165215076,0.8143177332659582,0.8809111630566029,0.8534203442272892,0.8119624200445155,0.7982697929153992,0.7349390443993604,0.7384998669470134,0.7963557142267366,0.8679334287664573,0.8323176541311296,0.7516571166833398,0.8219993147205149,0.7991164547322729,0.8989792792792999,0.7961027864649453,0.6674245738391462,0.8762737905997579,0.7570681363302304,0.8520777827924598,0.8877840465181395,0.8329541480517536,0.8964573854602768,0.8711292418129555,0.8671029416433699,0.8653657534741644,0.8220528431439077,0.8826365605532019,0.8912701129300411,0.8842056823163278,0.7273679021808359,0.8845034474149199,0.8058519335128671,0.8117096645213688,0.8337856250407724,0.817472726165598,0.8434907175982981,0.8195209075364911,0.8456820841761553,0.7765724887341512,0.8661496905044284,0.7466272502386886,0.8204680666493035,0.8432273585846429,0.864750132398018,0.9397336301100929,0.9337937814879386,0.8461892772932189,0.9319344436757768,0.7855689976199635,0.8332493410568601,0.9315828456603297,0.8249625660125594,0.7591190882014975,0.8273083250956496,0.8151997762473375,0.7576372378702924,0.6261465367699369,0.7530518244880674,0.9218368040013476,0.8029948969726465,0.756874539113777,0.837044755262325,0.8185453306518642,0.8094460600452995,0.8678538912410189,0.8306922915435067,0.7186469820876752,0.9098917490517853,0.8105857286407558,0.8202916143603404,0.7512404252226484,0.8688745653804565,0.841956334872576,0.7629978538678958,0.8167704099668088,0.6805428609093407,0.879867768163691,0.6959903252568668,0.8192157934140003,0.8198438480609294,0.8228340979899081,0.8487134106078285,0.9063630362512696,0.870704502120595,0.814315733682567,0.8722868633636369,0.8572461386568762,0.7971869352026888,0.8041529548610462,0.8913355890056297,0.7307239619797713,0.7983821702890778,0.8478318730028923,0.7525434977076612,0.8239257995309686,0.8579836195330702,0.7394846604157412,0.8002210109651939,0.7785245269547229,0.7774904094051315,0.8339478101411978,0.7050407892460903,0.7904931778356923,0.8066004785555145,0.8033110732596873,0.8045493345540649,0.8910367209299961,0.7712820411307465,0.9021656605563433,0.6937734807108485,0.6616019472535107,0.839545491712951,0.7425251777696096,0.7301400774447,0.8498950065229282,0.8753389285417766,0.7562904334234902,0.7922033477850225,0.7723106198945009,0.8715227971744854,0.8204816160468283,0.8119999738479465,0.841272843365711,0.8214210722510034,0.7505568709181598,0.8925389689289528,0.5663728769413265,0.792036252968703,0.6665636510595916,0.8322729893176676,0.9011166958608738,0.8290039421147457,0.8730935944888788,0.7682581800885547,0.8769224457360663,0.7763018695630202,0.7927886782790362,0.7872644168716948,0.724862385757438,0.8840370311243727,0.8002482855254894
0.8348646257485745,0.7754395573279358,0.8470317879346326,0.0,0.8327703815530407,0.7996078646440504,0.8562245953078793,0.8018501477300367,0.7297725618924339,0.8373533828122,0.9069053910188178,0.8123253445040576,0.8681581358604683,0.7898279687936318,0.8382887188116264,0.8504066942642065,0.829751629161927,0.7994029649888924,0.7596047531773196,0.7687194916589192,0.876857027399464,0.8534786917548438,0.8195929061627683,0.8155914745088807,0.866565984433415,0.8734782112727346,0.8638789082434359,0.8270561155034951,0.7830844151532812,0.7152458310086734,0.8124230746804184,0.839697495417605,0.8793526441072566,0.8193743150466569,0.830611642294531,0.8247394289434635,0.904063745660257,0.7723129884106724,0.764396887882154,0.8748603249365698,0.7549464103505567,0.7696141369734646,0.8228246671423861,0.897220456362014,0.8746446793749654,0.7915632211745662,0.7341744287400168,0.9019431000119307,0.8588388663629792,0.8143343129029287,0.8911267150987123,0.8148530205182872,0.664219406434764,0.9485664772962866,0.9137460211977758,0.722198488638818,0.8018698272192996,0.8472210199918528,0.7906629534701836,0.8077668601683345,0.8529499785617632,0.7322805784242807,0.7878026701939052,0.724548387295926,0.7281343074148129,0.7561958929637114,0.8850900201422752,0.8156893701412893,0.8232722131896265,0.8224466399996851,0.8291021222855226,0.7701463042274289,0.8174434107098765,0.9032206480787236,0.7600930297579114,0.7255130396250042,0.8864924051989591,0.8682980162787685,0.7184271085131336,0.6468194668811609,0.6546665564202078,0.8675960679991939,0.7311328196255594,0.7175662801066726,0.8368472754761872,0.7451230605111354,0.8345025385059042,0.8390545870068177,0.7932166571151501,0.7027530492179362,0.9062022773492261,0.8234077041708441,0.843006967312537,0.7350105738269187,0.8486235490498719,0.8473562943141182,0.7097202173048994,0.7805717629588395,0.6902208406353086,0.8567673525764352,0.7677180686667782,0.8343835613852398,0.8582785373902921,0.7940526775681691,0.8121873765100645,0.7990356994205738,0.8150957247066324,0.7620298234674204,0.8018732201671317,0.8149758208218615,0.8993783163419022,0.8254176288738484,0.8657664714961559,0.783006420344666,0.7669563356222794,0.7982141305059417,0.7070670300370785,0.8304648337049442,0.8505881943468573,0.7558844761082005,0.790031455860717,0.8127880505870938,0.7474809431746818,0.8353365028716822,0.6999307765033892,0.8331025281557113,0.7718882916631301,0.8204574289714547,0.8126726562678627,0.804706181081246,0.6738599493689069,0.7800884021705985,0.7588588946217898,0.723626760983912,0.838865496928564,0.6583428665099615,0.668486777081657,0.8609328409289305,0.8531147112497385,0.7729811406384444,0.7932892473880359,0.7648000400526834,0.8545970780218393,0.8187234714724108,0.8631078018417587,0.8104458988022447,0.7523514272777958,0.6899416486446901,0.791127679541893,0.5718891618307456,0.8665211274054725,0.6533067691745517,0.8468356428474785,0.785857526568017,0.843237309870864,0.8375172471616427,0.8016975061648546,0.8546867750871394,0.8966086522956392,0.8558988713154512,0.6823788564861489,0.7285384379107624,0.7962858490388863,0.8462472910302757
0.8335554917763263,0.7566539141974539,0.8454646810467233,0.8327703815530407,0.0,0.7175449230202194,0.8975767938687024,0.6919594208685952,0.7574227595967192,0.8272929533810351,0.8539303362217964,0.7766773185308742,0.8069020559961441,0.7846319630163082,0.8006139662729516,0.8050645521819575,0.8106846803024653,0.7960468967934271,0.692188262420005,0.7704011979993655,0.8673045959747687,0.8906754249702146,0.8523481157784323,0.8333150648306846,0.8508245686000793,0.8288680552128788,0.8300794497528895,0.7590228381528078,0.7415374016691814,0.7363917664976438,0.7562369054239765,0.8061312636878916,0.7434534270420892,0.7825099602258642,0.846230877588888,0.7902089192303962,0.8541779537104812,0.7215095273126284,0.6910808869429472,0.8636995043021582,0.6826067856411451,0.8938337546675557,0.7860285779353152,0.8605930282369433,0.8122616001623221,0.7337068889578552,0.7860768993091913,0.8596398173643313,0.8867041102677286,0.8116663340279309,0.8372473492613969,0.7678708374944752,0.6327377014283514,0.8363264680854482,0.8182026898931108,0.7620849709074734,0.7592127972734402,0.7773732461229842,0.8212702819236812,0.7587227015306337,0.7010490953812886,0.6902687432610387,0.7054484126682731,0.7802339740242158,0.7329676448665131,0.6944765519681788,0.8418912971077276,0.823732245345884,0.8348145804585995,0.7225578254372707,0.8054984566293486,0.7611602593600018,0.8309022525367233,0.8532582056643008,0.6820974093881813,0.6806556577861509,0.8207099677833146,0.8920855130593487,0.6270404601404276,0.5932532913216919,0.6056230970292293,0.8581253218676134,0.7258872605170376,0.6199831607443106,0.8075106443671154,0.7047619570997372,0.7291512233191848,0.8255356764173943,0.7132676754076127,0.6921844684920564,0.9265129958089786,0.8308960356346277,0.8074409066745747,0.6770080452380982,0.858771306718924,0.7995760254803418,0.6250345531979734,0.7817622517105294,0.7279046180219433,0.7950696848407139,0.7073480483040605,0.7336130139542426,0.8317774199062804,0.748832886777294,0.752916824044578,0.7627758421696211,0.7306308733618913,0.7783434705013967,0.7721584669951022,0.8599374421287483,0.879569533575814,0.851634838017845,0.8119900386245477,0.7181288660086148,0.682612603852577,0.7661582858839143,0.6696477983848477,0.8703271637757715,0.8277880733954841,0.7304588747280882,0.8513480294112616,0.6663614778311056,0.775843861331405,0.7697287736242757,0.7411189481938497,0.71349106510137,0.7690699357990958,0.7647888961590585,0.7540284853172301,0.7758791142671482,0.6935244193232212,0.7326661259278836,0.6452228945816152,0.6928925689054642,0.8034826020571602,0.6655084445828352,0.661135295430538,0.8543188684211562,0.8390684102982778,0.7073551596881293,0.6693937989522594,0.7750503046663929,0.859576709304711,0.8260690199265092,0.8440441241937641,0.8698561400223891,0.7744822763490777,0.6191933048919509,0.8095076588059821,0.5680087703075849,0.7709952221178169,0.6019379846026887,0.8671749511926764,0.8581236401748332,0.7674809260728295,0.772587780159345,0.7448388999107497,0.7858896231001357,0.8049530046211373,0.7955987535747524,0.6438098404102676,0.7075283494988063,0.7791785331206534,0.8784378448231288
0.891464714109029,0.9101515510328472,0.8461808860787545,0.7996078646440504,0.7175449230202194,0.0,0.710628104149842,0.8882881632270424,0.8718269520414819,0.8507038447724812,0.7725618139084132,0.8031141871355189,0.9037111100944003,0.8046172027370883,0.8168661446264747,0.8896391578133946,0.857610157583011,0.8167143232614283,0.8108388080641793,0.8639955544270124,0.8409852950905286,0.8094744920477116,0.6991461023404985,0.7449440463248898,0.8396357013883967,0.745265329059421,0.7728728047220618,0.819147581589062,0.8283854490246204,0.8235342061718869,0.9030981021531621,0.8756796407040957,0.903557899393223,0.7629631154005443,0.838881795684892,0.809664305571118,0.8537499497910971,0.8712859897226155,0.7465910995577637,0.7750640706266928,0.8440613436619313,0.7401948189711733,0.8087139856296448,0.8386646285147334,0.8631986359098893,0.8763853064217941,0.8281001716278029,0.8081228562860696,0.7433837991685933,0.8428435965950726,0.8357514968494304,0.8977085570819545,0.8102304360245877,0.8659663680771361,0.8150712288614221,0.8605620668596322,0.8685167891497775,0.8675118625107039,0.7161777509570566,0.8828739898455559,0.8938606067840204,0.8501993426328791,0.8752649501952222,0.7031165555176367,0.7727469983965387,0.8316560820678113,0.7634028194390083,0.8102296574222292,0.7734537541631646,0.8320257270437366,0.8728991218701493,0.8183429932377971,0.7354478472813761,0.8196443348944996,0.928201813545911,0.858193304565609,0.7469926841083856,0.7869190621539998,0.8342985459379747,0.8096747088889654,0.8416972758938008,0.842985099134164,0.8808001087263343,0.8830322689562883,0.8179094657649963,0.8977816685588125,0.8155202506302007,0.7919096744803261,0.9292653535085956,0.7901699016064215,0.80998928720918,0.8361197696541484,0.8632949503846006,0.8523146545225059,0.7811901994557366,0.8985546374154014,0.8639356888418719,0.8218004199542864,0.7111008549374878,0.8663111077735782,0.8051503072858388,0.7576763361304532,0.7113528748973806,0.8124242820782264,0.8896166259576737,0.8913262556316072,0.8624848464761132,0.7845557377618854,0.847670979290304,0.7929761605954678,0.7385827154656263,0.7360163265849614,0.8391027303124194,0.7933275212333115,0.8890074351736356,0.9042421674344507,0.8537538650863205,0.740519056802678,0.7558010875409293,0.8073479643241808,0.7906105278369504,0.8403735505289772,0.7806221005255154,0.9035836174296431,0.7876817173330565,0.9147219397227894,0.7777550323882738,0.8476024420362536,0.8452437040965054,0.8340139971404019,0.87895997800217,0.9149493586933793,0.8095096976496624,0.7816289411000965,0.7806797602974364,0.7681172616940304,0.8371629153722363,0.8100614051515411,0.7454375262116292,0.8341260766397516,0.8498422356520343,0.8158857397907296,0.8500431579389741,0.7596654679836532,0.8078658820030189,0.7169232355778447,0.8595056562898573,0.8492535822077154,0.8674313263534529,0.664382451348892,0.8284426449770728,0.799828894171575,0.7746023548824033,0.7534970719989359,0.84167772097922,0.8327086095852738,0.7767017791575581,0.90482342966731,0.7973296790517315,0.8027378622171375,0.7717491474815461,0.8748540279450028,0.9450047736435305,0.7716695748319469
0.8256616120341567,0.7609756600854766,0.8002838504032804,0.8562245953078793,0.8975767938687024,0.710628104149842,0.0,0.6590261199833424,0.6883717428285175,0.886549503539283,0.7999132311545815,0.7508362688230391,0.8216832081853995,0.796216443987033,0.8015549551008222,0.771215382159091,0.8022902050579971,0.7961889889678975,0.6936573477111803,0.741984083697334,0.8417183871773857,0.826458433454022,0.902145263012311,0.8427997238571306,0.8671330199248665,0.8102451564637091,0.8170991810732233,0.7745554199678382,0.7480334288470424,0.6968248859232709,0.7380651953959367,0.8482316140534267,0.7455751268293634,0.825062405461384,0.820951986797387,0.7661658447759394,0.8559845287349148,0.6535063081179706,0.6557143755728279,0.9155322066283474,0.6532583667671615,0.8612442584740251,0.7726234947577534,0.8437249524985663,0.813036857981819,0.7615428931065371,0.8012533351276253,0.8238944195617841,0.9502345068956465,0.7936919154389556,0.8736542827344015,0.7533186798104499,0.6516106764059874,0.848152101750312,0.8370364157294155,0.7691341813231466,0.7573443364360325,0.7045843875421005,0.8913019144318075,0.7766950851198482,0.706133313893878,0.697428210655253,0.6808240548984189,0.7542192440648691,0.7532425969356987,0.7224795832056685,0.8911063541813523,0.838018286978649,0.8070499987398189,0.6786969829160987,0.7883610580648588,0.768589215075403,0.8348937564288433,0.8854601074831199,0.6499862686082407,0.7376180231935445,0.8644177644094329,0.9069051219697668,0.6059258834825809,0.6212651442718764,0.6099451802735899,0.8334377359234505,0.7111526975648504,0.5910133721358106,0.804244256400751,0.6515639350828504,0.6960040905065245,0.8691413468603052,0.7492207978770138,0.6690074966698815,0.8797215644263241,0.8646012876365803,0.8126763163288895,0.7133731694402945,0.8717450937219515,0.7758207971722219,0.6101666222562027,0.7802380290486516,0.711724156777655,0.8568093202455341,0.7160500548331963,0.7377484334210119,0.8612750211800522,0.7294735011988519,0.7352556722993172,0.7557674781350202,0.7556945774048082,0.7501091386578754,0.8146814967909735,0.8939233748113472,0.9364187398265282,0.806313461493854,0.8476880250850906,0.6689474764024279,0.6803687244278869,0.7438576747509409,0.7010968133352865,0.8923280924041479,0.8441360437918672,0.7008571937249083,0.78098816768571,0.6320043560994856,0.7640727159530507,0.8055480061169548,0.7040254805058107,0.7213453825448447,0.7937573446221708,0.7457848843131272,0.7501745758364965,0.7707196537416011,0.6546926250849942,0.67734486643701,0.6308487918402992,0.6250601550628482,0.7507159297234804,0.6604333426921837,0.6434725645651802,0.8480825675642907,0.8082564540289177,0.6837052205150608,0.6810758112235477,0.7639380114112378,0.9101039925156296,0.7825546717803337,0.8085333064000527,0.8886050501555613,0.688202727710593,0.6480822412373178,0.7855991312820296,0.5318114775006018,0.7494620263026709,0.6185429370564263,0.8079174344334238,0.8883761379635945,0.7440138303695479,0.7595051337675004,0.7716581467683665,0.7948602165011636,0.8443478238275504,0.8657554939316127,0.6830748491309068,0.706279443290623,0.7593609037783243,0.7917236503628399
0.8282103385481916,0.7943508512146475,0.836444700675941,0.8018501477300367,0.6919594208685952,0.8882881632270424,0.6590261199833424,0.0,0.8704715343228109,0.7703357104578636,0.8162540874197786,0.8301402502275407,0.8673969216807729,0.7055596119038854,0.8245797178838052,0.8867145361532215,0.7836759571096706,0.7765221656318559,0.792936219371446,0.8276357904463947,0.8167164592348228,0.8164518591740733,0.6828213523910068,0.748003284961789,0.8196578241511155,0.7698674984669684,0.802340187583935,0.7899318240857784,0.7130548620581364,0.8127612394477798,0.9084688922424867,0.793882996892272,0.8567786318099291,0.7379456850548987,0.754257413986068,0.7572035385720346,0.8754164609577026,0.8665073022516028,0.8257456665099845,0.728103695064043,0.7812755846748656,0.6902848575369618,0.8291547587052086,0.7756807000158588,0.8786607556343294,0.8359602427551902,0.7129249670110451,0.8217243383273204,0.7064866580002424,0.7828425860416677,0.7887413401634711,0.7974969845607763,0.6860954870876488,0.828527899372232,0.7942926233108795,0.7439703826350619,0.8209873825313371,0.9214662584158434,0.6518215134547386,0.8011716880996992,0.9337891577466677,0.7488440818963803,0.8449625108680612,0.641233307777664,0.7024750588504379,0.7835830306024361,0.7608062658916545,0.7845901435846404,0.7584781996654906,0.9518551758693969,0.8463761801776691,0.7253594395225712,0.6821371726879917,0.8010600351205144,0.8827987210228895,0.7405053951791947,0.771861500905812,0.7340175169921341,0.8684474074557383,0.6778505574977267,0.7245650950435873,0.8331550234807289,0.8400295675365504,0.8613677833197756,0.7568938476133439,0.8983925981747913,0.9196126348719017,0.7422477010719438,0.8534213006336424,0.8145576018421227,0.7770990508422764,0.7333944271115788,0.7801995254435884,0.7551282113076201,0.7012556150791263,0.8705241343344596,0.8418093997741461,0.7405513414133925,0.6218347538357358,0.7840855647894288,0.7475809788835636,0.8570419796640927,0.6929355137855703,0.79255678626665,0.8233072259850414,0.86194958322097,0.8274922304456467,0.7563299646255509,0.7625781827537923,0.7451260990528465,0.7094893023210397,0.7164240238110863,0.764702155966859,0.833330313172606,0.816786130093605,0.8400875646902526,0.7250506665668791,0.736761784579816,0.6818224364150398,0.7251764109666448,0.7422877395939883,0.9292563374476466,0.6919987365355892,0.8388299608872741,0.6682893931322972,0.8885030422815371,0.6886573614787131,0.8812238465920603,0.7618138354540451,0.7966765153094854,0.7978218819143581,0.9027353461441611,0.8622673413449408,0.748733192486467,0.858063768436092,0.6787150251086215,0.7988892995584067,0.7633406147149784,0.7929748452534973,0.8983609355741927,0.8020031645615413,0.7203406457333418,0.7503638603625135,0.7208702335081316,0.7990135455707128,0.685754233242619,0.8804476925825067,0.7793464441209205,0.814314747800671,0.607700369156895,0.8868013373686644,0.6834513774296319,0.7907657689016026,0.7136266419682011,0.869551143712395,0.9217386255576759,0.7963467317832352,0.8877067345500694,0.7228312605355207,0.7290397150468164,0.674371636567387,0.7322195691209791,0.8728352382143677,0.7880167312373756
0.8438320714086258,0.8642551496270817,0.8078801634524962,0.7297725618924339,0.7574227595967192,0.8718269520414819,0.6883717428285175,0.8704715343228109,0.0,0.7912705743876909,0.7739321990787037,0.8260946553758308,0.8165890191384997,0.7268552976872344,0.81640387911644,0.8239311762409769,0.7620173610394977,0.7727418445511548,0.762878597958338,0.8241972085047206,0.7753139652390156,0.8550526863267192,0.6916648418047115,0.7503977394478736,0.8127527294896804,0.6875036308669794,0.7944717276667331,0.7513381921572332,0.7443201380061819,0.887579182800804,0.9024829475736579,0.7715657394307598,0.8063783775573823,0.6985979593308633,0.7927811736154262,0.7331921029769608,0.8243145287987982,0.8241750931354023,0.7714984660928516,0.7155602056845007,0.7513526319810405,0.7815970724244917,0.7472855345707826,0.7597836017182764,0.8059044463008149,0.7745298075208836,0.749326483844552,0.7570598959257646,0.7115264396932666,0.7636261065558526,0.7436245183123993,0.7616026952332816,0.7037346870156251,0.7713285091995904,0.7342512083131044,0.8419772335771624,0.7849990231954531,0.8603990171985455,0.6561622942661991,0.780146410190613,0.7973524742454997,0.7257066519826678,0.7544457585154897,0.6606607189025323,0.704443332724435,0.7130037044687323,0.7219486325139186,0.7734311837967328,0.7293275186701912,0.8412798643885133,0.8153775246410244,0.7325228576969199,0.6737891721334179,0.746345519763726,0.8338558037885687,0.7386785690708493,0.700206392938542,0.7522316139238105,0.7421373261380386,0.673965926792329,0.7044192434919813,0.8361158201595691,0.9099178418974736,0.766708665929211,0.716178126781507,0.8803168292443775,0.7968058224287801,0.7211560503293947,0.8078269741010757,0.8643381067202398,0.7743729825831254,0.7813191376279308,0.7755747522675158,0.7329875759701742,0.7148021498876934,0.8941847392888763,0.7632794960871749,0.749356174313468,0.6626577319592359,0.7500934530788749,0.7396661473937122,0.7195728967865526,0.6491973835441458,0.7753756216055018,0.7800332087639912,0.7951506618965174,0.7277677350388275,0.7691890105360906,0.7426815235453883,0.7729191174430015,0.688874842394445,0.6973412919340953,0.732676880802266,0.8010417858718591,0.7513276720059643,0.8510104207723335,0.7277065511976734,0.7342930731868769,0.6519467819245814,0.7508752700737089,0.7745866021295578,0.7771008684931647,0.702104177430422,0.8213217021928892,0.7594508022508529,0.8178504442485497,0.6861155608410437,0.8281406812412052,0.7208893889582378,0.7635729004073025,0.9086422897458233,0.8335436419260804,0.7681623756563953,0.7958661971220671,0.7923637593068066,0.7015950322447803,0.8149718029154935,0.7601889961623672,0.7380507744267393,0.8400828563995842,0.7440803491235425,0.7423891996302746,0.7896056394507898,0.7229285710687335,0.7702147040668136,0.6865549499121928,0.9510565592953368,0.7464026784369886,0.8234039524987637,0.6225465419386678,0.8045790800193171,0.7023208602717713,0.7968450180183598,0.7421632855242345,0.8059918396254285,0.8499527888344823,0.7742782610039847,0.850540512239409,0.7271590272188507,0.6977077707185882,0.6571484872413474,0.785663290839767,0.9028260009229682,0.827449818377902
0.9327586704925331,0.8844992774543593,0.9116169436160406,0.8373533828122,0.8272929533810351,0.8507038447724812,0.886549503539283,0.7703357104578636,0.7912705743876909,0.0,0.7894272947336948,0.7670372435735308,0.9315794987671936,0.8236633992216721,0.8683098636090283,0.8580623073190119,0.8999853066530837,0.9174404930320439,0.7728768246246999,0.8550178295252947,0.9008903542288301,0.8884314991941077,0.8553727530007923,0.8634156237317762,0.9318520867549417,0.7845877275363555,0.8314073784924508,0.8573017242690688,0.8059485393849531,0.7877193011565444,0.8061002900770109,0.9053559754426805,0.8325795376703643,0.8013239013419772,0.846053151990984,0.7687276834653975,0.8843710231921121,0.7453052884034943,0.6511358578261845,0.9282989447507909,0.7544509479976462,0.8690355807647923,0.8408658174302066,0.8322832382628523,0.870441905466147,0.8963746790522702,0.9030488374021476,0.8147205493453855,0.8994407690854458,0.8546388851608796,0.894812111276499,0.8697756421685526,0.7745983046172145,0.8671868430698824,0.8088204886304016,0.8639540935520523,0.8571939409811401,0.7654479475548321,0.8828067822811078,0.8525008665997585,0.7986611299066151,0.7629703406554721,0.8026800597574668,0.7330452822994237,0.8308699015359863,0.8367975266721169,0.8472672830765117,0.9046761759321951,0.8705957742807868,0.7742018212800805,0.8717148206865861,0.8163549826571812,0.8023957450173758,0.9163432324306692,0.8005656767226952,0.8539203049306596,0.8109585368401423,0.857823102099685,0.7255650027550846,0.6982368051969308,0.76459878099184,0.8690727736892612,0.8474052853893501,0.718433037776605,0.8262030705850555,0.7875785346809737,0.7309754794141534,0.8743645642058477,0.8879076076676113,0.7192410252174736,0.8735542296314946,0.855362525428646,0.8599329232924335,0.8165022949503973,0.8626772419313713,0.8436580671702228,0.7071305380160479,0.8347073817540785,0.6849722707310908,0.918772219151178,0.7239637974352597,0.7505449768055347,0.7949843188790435,0.8360151816101746,0.8163103017918395,0.8842977644216801,0.8503793497283579,0.8507073255854947,0.9214443754951567,0.9215455473455103,0.8348497387365006,0.7608792326275251,0.8739954610952572,0.7057660417086022,0.8013242513997767,0.8800998250380309,0.8393105163240139,0.8663112284249223,0.8433095902209119,0.7310475548088249,0.7856622603833289,0.6940933686383146,0.7968452938880403,0.9023730773028342,0.7292098012485926,0.8197602468130779,0.7979181216255323,0.774816289052992,0.8106710711280253,0.8635722983364941,0.8001267452472282,0.8040321697815515,0.6793631049625996,0.6395392256806441,0.7698991898127371,0.7549732703086487,0.7769323784714022,0.8653698063298811,0.8470798394792228,0.7606658340343454,0.7961498185520006,0.7772371048372533,0.9323623979590886,0.755618895723809,0.7906648267546362,0.8356886168729784,0.7658561209972917,0.801767610565268,0.9136718780500271,0.5626803129002175,0.7733267580338138,0.735151736582346,0.8233142897924791,0.9175836578161937,0.8292768903770782,0.8288334983760349,0.8277978129300055,0.9039089758140139,0.8375978885193152,0.8473317456283949,0.8270408118256314,0.7968759681067906,0.8884692813135915,0.7945725739877897
0.8379443942145457,0.7533306518732426,0.8168926238461595,0.9069053910188178,0.8539303362217964,0.7725618139084132,0.7999132311545815,0.8162540874197786,0.7739321990787037,0.7894272947336948,0.0,0.8650757366150275,0.8528974811111515,0.748499800926398,0.8044899037607633,0.9044416931493408,0.842011918904971,0.7892610100344121,0.8035957494975396,0.8111432170710723,0.866572026356371,0.8593541499202159,0.843459697214412,0.8314234996505868,0.8756694952175444,0.833338244805114,0.9116245282486052,0.8755041430667342,0.7709603086685255,0.8055149714313563,0.8232424616181158,0.8215963884953055,0.7923672032331667,0.8273735567791984,0.8204640035274426,0.7840100095681872,0.9127206240533944,0.8109727568498067,0.83306910729638,0.8299227904960017,0.7129011190569491,0.7776859660549362,0.8141915146312539,0.8524349204566223,0.8551892420619308,0.7632276070193915,0.6818490605462104,0.9142756086025985,0.8619430935094899,0.790442248862533,0.8390907933309277,0.7576586555062605,0.6314881860928093,0.8774479249948348,0.8961389501502406,0.6915095692269411,0.8240913996862264,0.9056071535571749,0.7332933391861323,0.7913315345810001,0.8405969081525249,0.6873090789695451,0.7563131078696055,0.7094008795744889,0.6891435368376905,0.7208664575521696,0.834692648937709,0.7625370193173938,0.80152603882114,0.8603839936569818,0.7875551163990246,0.7499275093506227,0.7796652018104673,0.86250102685771,0.7789798446610786,0.7020595568647493,0.8841140648518444,0.8520484521226525,0.7194094671717399,0.6592029334068142,0.6163483089415808,0.8216093853413289,0.7426403644873737,0.7180676198895704,0.8205903669603847,0.7608822969392702,0.8680159909955014,0.7906713323882668,0.7735964620212811,0.71979789683922,0.8856544017588471,0.753038238681322,0.8385547117345513,0.7311573224756642,0.7892763012373342,0.8086620958770111,0.6848326235755617,0.7294330669649988,0.6675390028241808,0.7869158597004481,0.7734956256469061,0.8428802355040113,0.7761339724094537,0.7389748635809825,0.7824243754140402,0.7814268526477948,0.7801000342854428,0.7934128444517267,0.7434745844863664,0.814870014067696,0.8748614599737453,0.8197343523708488,0.7975619225162311,0.8749624809030802,0.7387888098005638,0.8088892825515226,0.6882371346100153,0.8793765667164345,0.7723583333622943,0.7313739732616408,0.8276311880156896,0.785660557757015,0.7478705842140005,0.8179618131481899,0.7095666397695826,0.8184908931008564,0.7131240539927709,0.8302068608154645,0.7744025809275897,0.7595334739952284,0.698326193992864,0.7966468490450228,0.8292933930139492,0.7552734936306907,0.8865562006692806,0.6362249263843975,0.7045688300057967,0.8208531745422691,0.8709783261958061,0.8288033735402655,0.7211158484362606,0.7625621483691494,0.8016810753051283,0.7819401587957531,0.8828404039480079,0.7645698348164159,0.7694467986434391,0.662280260676854,0.7954760471725525,0.5981403872456096,0.9093205180820312,0.6339875650778425,0.9415205095546589,0.7347912691406934,0.8359819530029179,0.8548105389481216,0.8732717269630268,0.8344284395189857,0.8298920342361419,0.8371326706021365,0.6156743552759851,0.7320703885897397,0.7645482512675561,0.947481105020928
0.7901373155220687,0.8036208640703363,0.7405904556996523,0.8123253445040576,0.7766773185308742,0.8031141871355189,0.7508362688230391,0.8301402502275407,0.8260946553758308,0.7670372435735308,0.8650757366150275,0.0,0.785032085541644,0.6815988088520902,0.7712347831181117,0.8518325186797276,0.7751812896724716,0.7047670900378352,0.830314237803504,0.7937672007624765,0.802139606949085,0.7682393408823269,0.8252555428385552,0.8386238088315594,0.8727054117432774,0.7574597396561562,0.8584558089665596,0.824762554542214,0.7615648889231462,0.8818562395254678,0.8886020591250158,0.7658760101286582,0.7829870688255816,0.857225727323433,0.7889331259283581,0.743946655495118,0.858291029139733,0.7750634468163071,0.8602310787891342,0.753807717233455,0.72848916222367,0.7625824638739122,0.7308315024969226,0.8111971687888239,0.8342529646822029,0.7417476722630089,0.6839308696879667,0.8141584526447893,0.7888856105288212,0.7122062720340873,0.744177816739395,0.7385445909321904,0.603864953344698,0.7950792870241227,0.8035548253514267,0.7716861679496712,0.7723812676920964,0.9129986252570692,0.6359111658042214,0.765569743714304,0.7677791846431733,0.6576733446122189,0.6847203845087196,0.6585280129171077,0.6215624253735648,0.6583023689059843,0.746854872415265,0.6940634089663252,0.6732552893846151,0.8002938434853563,0.7243304475726496,0.7020411428378525,0.673323547287986,0.752864985648065,0.7439822155310744,0.6984370907866618,0.7622199207650543,0.839131648085862,0.7309419650642883,0.6926224166895819,0.6074356025934978,0.7638279880001926,0.8132494842934573,0.7076245752655291,0.7503040257213278,0.8178415808748294,0.8124926720604934,0.69356130078299,0.7800275715848398,0.8525562129395639,0.7799913312973841,0.7764297163265961,0.7694305096732555,0.7081969725494144,0.6762669092689522,0.8742784426913864,0.6570781027911524,0.7891728830555841,0.6503445681986132,0.7513234207014142,0.7617075921274971,0.7452410288103873,0.6989687583735071,0.7904300303011607,0.722572646082133,0.7735059562896064,0.7165969555745262,0.8360950118410319,0.7105147982291125,0.83727456287929,0.8170192465196098,0.7392423872686054,0.7119917305186111,0.8301643990995354,0.7140303927990418,0.8412849683458686,0.7033117763996976,0.782234615953043,0.6883153335753655,0.7309227613900446,0.7673447239998639,0.7523530822198704,0.7451980745453539,0.8256283052638497,0.685712226578993,0.8462872444308004,0.6590345953453484,0.8615406384459027,0.7686388904984617,0.6868830696144946,0.7832687032820551,0.7334920966647294,0.7946656595110156,0.7893853802919366,0.816481283258413,0.5947962901276262,0.7931955567320225,0.7761791260156038,0.7956243814352646,0.8510469836510238,0.6764748508341928,0.7262012932817371,0.7644387189336487,0.6855950476751714,0.8477321470620826,0.7206777792609952,0.8413262359307446,0.6693568147552278,0.8122666901517239,0.6340804179272804,0.8765853442268433,0.6347949330720274,0.8318856641749561,0.7134947907133923,0.9082502834182384,0.8201950933937971,0.8292498938553575,0.8945223656922691,0.7583263006054773,0.744603176205472,0.5806116212076322,0.7577780835419657,0.8102851447299457,0.8886873922624755
