0,1,2,3,4,5,6,7,8,9,10,11,12,13,14,15,16,17,18,19,20,21,22,23,24,25,26,27,28,29,30,31,32,33,34,35,36,37,38,39,40,41,42,43,44,45,46,47,48,49,50,51,52,53,54,55,56,57,58,59,60,61,62,63,64,65,66,67,68,69,70,71,72,73,74,75,76,77,78,79,80,81,82,83,84,85,86,87,88,89,90,91,92,93,94,95,96,97,98,99,100,101,102,103,104,105,106,107,108,109,110,111,112,113,114,115,116,117,118,119,120,121,122,123,124,125,126,127,128,129,130,131,132,133,134,135,136,137,138,139,140,141,142,143,144,145,146,147,148,149,150,151,152,153,154,155,156,157,158,159,160,161,162,163
0.0,0.321941901135779,0.2842740248224652,0.2989203829919527,0.26669183816474684,0.29772663756801837,0.2786737004750821,0.28315791734182255,0.3134190128181929,0.3074597851883512,0.3146484747364939,0.27611665853931344,0.4235529742747272,0.28894517586208424,0.33694186440205826,0.3121649164474746,0.33661850865804266,0.5016432325431365,0.32159533915634925,0.43506313031368016,0.34087147966433273,0.33882071504308964,0.30700609823642794,0.3267953728287777,0.3972635726320134,0.2682039364474423,0.29334916716285525,0.30802839091048934,0.25480468869449435,0.26250745262633435,0.32889168687585246,0.34173476188097013,0.30244016177526356,0.2961038210734665,0.3928724659039883,0.30635893504282985,0.41850495546116545,0.3376667361304322,0.24582998960035368,0.3794052369534285,0.28552249113253114,0.32033462861908385,0.3379566789522897,0.3195011229592768,0.3418375611190797,0.40933055209681746,0.2657762143949567,0.3000055336730112,0.3840508689905725,0.3799595539606442,0.3491513560344107,0.3375074647977681,0.28053498179254627,0.3115472107462141,0.28857952007555493,0.3064853987479688,0.4401368689181547,0.28469151529557146,0.28538074721042567,0.4002259061311918,0.2891393539112779,0.2680988877611054,0.31140893541880077,0.2477419983018916,0.3319983355393643,0.36483837252692797,0.3196901843627353,0.32223398419680743,0.2915848311081292,0.33270192661590325,0.40480462525284444,0.3424153836873732,0.3017922835657948,0.34951279733479323,0.32610880697901373,0.35802954797230263,0.24638894098660888,0.28270724429950217,0.2951743457040059,0.23234042456170795,0.2699856639097926,0.3893190749489812,0.2819581132906791,0.29417494789561094,0.3419719983580543,0.3655364011259666,0.3088632743326033,0.3195419232495289,0.3763462418329275,0.27663278355284115,0.35982163463592737,0.3170560463972322,0.3338279945565954,0.37012928664854994,0.31927418483989994,0.294752627836757,0.24238304588721807,0.29288043140272557,0.26228346801165997,0.37169961158273246,0.30030954655607,0.2662373384457704,0.2747190597323237,0.2731280263029785,0.36531155723597203,0.34058649031886284,0.31685126165033056,0.30403519880229274,0.35780915553539916,0.3234162803610852,0.32282425691776584,0.35637664958956844,0.32539224535786476,0.26470775292624343,0.3509853207903336,0.34311659623610913,0.3242030674520189,0.32956933671713934,0.25456427338865795,0.2831317674283643,0.29982861341644684,0.2462011761715482,0.3409035146864695,0.35905988481362383,0.27767606993529725,0.2908286668965183,0.25488398317256294,0.2653857795760267,0.2828964358488256,0.383221049484421,0.26338215919445385,0.274714793037934,0.2653203560082297,0.3046302547227223,0.31892769233384327,0.27453446299349404,0.3024999022315032,0.38580703930026183,0.3278531455271333,0.3431830210836095,0.26594890338072674,0.3104155279609763,0.372106429716387,0.27700105621095694,0.3354162910401424,0.3125966557633916,0.2824017484001806,0.26257819967757556,0.3458699953480664,0.20248289116267457,0.37809630616517403,0.26805422768314,0.37680002988714756,0.23271884683801772,0.32114913739816064,0.3706461478989354,0.3222650100132236,0.2936302226543868,0.30909456631169935,0.30426820810583755,0.27311145814740345,0.3543016572727583,0.23813142968485426,0.39753726835024183
0.321941901135779,0.0,0.28822759311350404,0.2897558646991469,0.2400776861511933,0.3743352215906835,0.2865178403250571,0.3550789977399318,0.30832714205062134,0.42885374335661963,0.2947457604205108,0.32723163402257577,0.30497129575872556,0.3030237119952434,0.3337518792358275,0.2837464764811855,0.28621752404940926,0.30592553977218145,0.3300681492520015,0.31097171212058056,0.30937364641649717,0.37099217668615453,0.28908409503829213,0.314995272086892,0.39704754167300327,0.22172899901853535,0.2749305032029383,0.2731976835004966,0.3811053224644328,0.2640411166041895,0.375233852334391,0.30340988363462645,0.3597745270914749,0.25061262313837857,0.30358418646370455,0.29156484607213673,0.3125297718127795,0.31580055342507257,0.2765475010373791,0.31013002407134693,0.31733160251672543,0.34046542831402765,0.24079252250103658,0.28170124886249776,0.3277342853348848,0.2845509043604328,0.2618211056998286,0.2547180068425972,0.3054554949840995,0.26670772680410365,0.28013784022321003,0.2714846977643029,0.30766023921379904,0.3569239492199302,0.2926361476957188,0.36917170084136397,0.3045036126672322,0.2928055633601056,0.2815500725514455,0.3151922064739079,0.3203126220631235,0.23270349297312173,0.24697444856254694,0.22939854047901323,0.2620005902726334,0.2568166375973814,0.2798704727340527,0.2833939952404284,0.2502178164045368,0.34470995919027564,0.2942646509988271,0.2924624341068724,0.23087658238918782,0.28882078104161407,0.33081694333269507,0.29871643757790706,0.2300828494374009,0.3165710291680797,0.26195033911810006,0.2393308977682945,0.29584035711242757,0.30413216415012884,0.375528664165644,0.27946420167976893,0.2765356415656842,0.39295265220204784,0.28336592887754475,0.24541735306758625,0.294598888020563,0.32703708212804755,0.26183640546466175,0.31767686806019246,0.31055012685570677,0.29920068062967736,0.3008987589242558,0.42663818605504844,0.2701262514403182,0.31375844043880635,0.23998812449931342,0.28869998096971733,0.30628526761506036,0.24100950307322486,0.2178320411383858,0.3333159419669845,0.2718223644910172,0.2677803042585057,0.25717998435494654,0.38639885565822674,0.312717450374676,0.36065877692152637,0.2759925835916851,0.2574238492325536,0.2783094066320683,0.27502074844899244,0.3006838078266192,0.36453500627125496,0.31867436041249964,0.2566288278723598,0.25429960153398284,0.2821726101075998,0.26598171222889017,0.2628983549265669,0.28306884797822635,0.36722015635463073,0.2821855588083026,0.3741887756398717,0.24223789233331247,0.3048915019363262,0.32945789111942675,0.30109838879901785,0.34425587026873866,0.2795429797760165,0.25260775200111396,0.3035971875136875,0.30998592055754254,0.26805019566398014,0.29368882487318704,0.3057186697484181,0.3027896041968533,0.30969530281767527,0.30408198989716884,0.33174595098014115,0.3579030312490001,0.2687401294526791,0.33490844914817514,0.25115207419016916,0.31862939930939627,0.3101161511720448,0.4118204627863366,0.23613541174058097,0.2766687821171556,0.3378434089796657,0.29301925167027293,0.28589726627194934,0.34017784071510365,0.3598082375918718,0.3059378953896113,0.34450999553841005,0.2878991377099274,0.24793265661077762,0.3036604308365828,0.35705193405180424,0.27120587864503837,0.2990933701603696
0.2842740248224652,0.28822759311350404,0.0,0.2603024004383954,0.27178519425991343,0.3346101315554432,0.24387457216170758,0.2851812200796785,0.23307419245266284,0.3626762518196407,0.3075147847729184,0.2808327674062604,0.3483604986401737,0.23862722793812916,0.27282961880213635,0.39449996525000536,0.32400155332936853,0.28149747418376564,0.24137652225475223,0.23778537864483532,0.3461677059528596,0.39169511245177924,0.2390347211737935,0.28171580957128556,0.30119881300671564,0.2923543884865531,0.2585758609447659,0.24181427017145327,0.26744226430096224,0.26623358666327235,0.2492974714979798,0.3220934795924136,0.2566225940111625,0.2301765673888251,0.23458829214348859,0.2703983713542855,0.3269994347423379,0.2691173615307981,0.23487789051962168,0.2971275757755029,0.24892410635644233,0.31523582534029343,0.2722369710163401,0.275478304043718,0.29509829348464744,0.2787612823169808,0.27821649637485757,0.3055205010561127,0.26619461885281337,0.26130753573287896,0.28915733053955794,0.30481260473147226,0.20296549187682145,0.31261917088126345,0.2809916873817933,0.2610309247809827,0.2532362403134528,0.32581763400882074,0.2301617123198208,0.2617677056604233,0.2571830991252327,0.23898296614017633,0.2880587437944369,0.21368334651180346,0.2227118703201108,0.25056300140243615,0.2538749115724056,0.3333036700504236,0.27398783561782564,0.2933568703386846,0.3165866733418791,0.22559420289870305,0.23329640908865976,0.3598523191377983,0.29810226436105963,0.21899507876456217,0.2764216682277308,0.3193864865777976,0.22093364241690405,0.21527082775377074,0.27182824968006614,0.27427017813209775,0.2956667096399397,0.25495858891792245,0.2494282678333227,0.3031623965799717,0.2442750277434137,0.21927644792489945,0.2668969730251228,0.22369322887909132,0.30585156763477306,0.23524266689691972,0.2786489458093172,0.21382014860954557,0.25222924028840765,0.29107989915057475,0.21669290907441552,0.27219702663139606,0.20462613716561115,0.2667126699675221,0.20892528661219778,0.2599768544251351,0.21155510770466635,0.2768729339395365,0.2560711787446196,0.34752249702068755,0.28030431532612105,0.26794151558079676,0.2888342192074773,0.3150458495900052,0.2740115648157982,0.23791508997961466,0.25952172350519853,0.23624077325994408,0.236975028021853,0.3085133626929647,0.22538279412894274,0.297131940266462,0.2827746907990217,0.2532481807400567,0.2645984377436199,0.2275421540427878,0.23039303383119186,0.3068820229328217,0.1924684518907328,0.3207108232813779,0.23025762673208433,0.3011401746053742,0.2951441292827005,0.278844283815968,0.2584889890124915,0.370781500729435,0.20338858855818936,0.21240686921209617,0.25918277204608847,0.2126435901716296,0.22758760799099007,0.2574981375095611,0.2717595151730498,0.2513739740522447,0.21930551253918917,0.2888036985511794,0.26408214099256594,0.2537117820437237,0.2790493959395704,0.2193976722558246,0.2972237530501552,0.2735588237468105,0.3313347595355725,0.21141528533459,0.21687428339233342,0.20507305890627522,0.25937208325644007,0.3031194291181693,0.2957654139839779,0.27076586353067944,0.2724904481295508,0.3508259951240496,0.1972921883930997,0.2553637246994281,0.2722440694501879,0.21535223053914127,0.22288841533443354,0.26771400317937716
0.2989203829919527,0.2897558646991469,0.2603024004383954,0.0,0.24252529962409164,0.27992840187386675,0.2905249457948241,0.2894019558755388,0.2535145192360173,0.3068218556444234,0.31154966611096535,0.26567631636033456,0.30464289729711846,0.30808379382939377,0.3198305315186057,0.28639175204696704,0.3134625802664323,0.33497422361208007,0.29631588133038395,0.2732640164516811,0.3348178612276451,0.2786470629339543,0.2927075347799985,0.24599028408376541,0.3339002289985864,0.29384220034866215,0.32728189107513816,0.29183539717298274,0.2797262797867871,0.22166990155075733,0.30324907972552895,0.30269499289318963,0.402685149760588,0.29201229396699724,0.30706966681655645,0.3399555807476455,0.3195693238915938,0.33948167895072046,0.27567465503708255,0.341410298828196,0.29859867178486366,0.2952488023734574,0.28481829451098,0.3216248811277583,0.3092550116908806,0.3295214943461457,0.20392433755161765,0.2763885982460305,0.3075554677774377,0.30203546136013754,0.3814589183674769,0.30917208420001957,0.29399437078770774,0.4201587232613892,0.33809107788795467,0.27603834497041874,0.33870630175482375,0.30266148375764895,0.29698069460253146,0.3642982035768319,0.3532428659328672,0.2893450356382058,0.3068057448069712,0.23777303687930657,0.3050413012673322,0.33260553463384734,0.37598276698556204,0.25548457040469463,0.29859705726419594,0.3271406683206985,0.3029588815796091,0.30552307263785533,0.2926343330000265,0.39628498435502385,0.3302914862566734,0.2870491302961547,0.32771745479492753,0.319590183794821,0.2883732327205548,0.22611711871208678,0.2756955504380482,0.37363434010166885,0.24852461924629354,0.2964892333373936,0.38165423076460314,0.29381054708589077,0.3506735408563366,0.3292042548666181,0.33083204995357424,0.2636946438976146,0.3349117831442921,0.3191414085252751,0.30879406297186696,0.29083625503166904,0.3592728320574455,0.2852052909159714,0.2684978543804217,0.3026186754785458,0.2717741943106264,0.32661298733848915,0.31354424657436286,0.32618433296485416,0.33546174758000935,0.27688197347899757,0.3423945420478585,0.2842599725836969,0.3280741398340228,0.27380109486763304,0.3113447238290529,0.260139176652533,0.3315480785018802,0.32728330962042385,0.3739459537204126,0.365237992641839,0.3273083314836621,0.2704760322378706,0.3106294031083947,0.2551875902639225,0.27694790401903363,0.34841176789785666,0.2840097988451355,0.3611359879219474,0.28716866999298546,0.318471442898502,0.2560687651268122,0.29637924749279104,0.3002598735342384,0.2804718781146341,0.3318211011343047,0.3584786474466937,0.2486356166968306,0.30845220578311483,0.3172813686668537,0.30914749315111006,0.30418252181552363,0.2399885336411817,0.19866080528588187,0.3279459783127096,0.3138895796277522,0.32761926447408046,0.3528396746845106,0.3267265643432235,0.37142466893102966,0.32493581375667474,0.3306851228994246,0.25801916303562067,0.2613089854057889,0.2759038294124932,0.27418120299638643,0.21964786771241757,0.33444065912064597,0.30759255947138414,0.33029477323999884,0.22934319907499529,0.3289642150100615,0.33623070359475804,0.27184423520213713,0.29195865470313953,0.36635858216802,0.3141198778930426,0.3261027914577997,0.3072374194652493,0.31949600488846863,0.29347692540731274
0.26669183816474684,0.2400776861511933,0.27178519425991343,0.24252529962409164,0.0,0.2279295858594925,0.2799453693827397,0.2030059601517356,0.22049110900122093,0.2382517288292335,0.2699199652518289,0.2318501049953305,0.2351993487249101,0.2303005014272874,0.28446723569359156,0.26166652297221465,0.2685355985406736,0.27048395980788265,0.21640500092612253,0.23411788788417626,0.29871496160037814,0.2948079708823305,0.25588518355080003,0.2815619497805823,0.23797179908810928,0.24680556857647817,0.23415387165423868,0.20579084385155508,0.22216297180993658,0.24922193073051208,0.24570186862008803,0.2270288264757514,0.24157653260452314,0.21544771171815238,0.28686874036658266,0.2596722496238151,0.2724123276036648,0.23808034013995,0.24919667524952518,0.27321388194228596,0.250954279086592,0.2999073156299741,0.2596796025198557,0.3040099493901374,0.2222038249544304,0.23790955404073463,0.2609825001183788,0.28184607800352385,0.27798373488756134,0.2697194284373421,0.2766760464838372,0.2547865177547612,0.22082320216374418,0.2607238525196858,0.2409780066210509,0.22080777324477946,0.23870345525374578,0.28188968162293737,0.2231391190013814,0.24972726932608613,0.1967932626110821,0.20737649016083,0.23418645941104319,0.22092375319010976,0.25346140263685296,0.20483221445110483,0.22712021219219578,0.2577199204946716,0.21716205925514506,0.2374423943357973,0.2756299873152139,0.24435183711574013,0.20851428934021263,0.2627456958481976,0.21969356427246037,0.21158949135679148,0.23744104398378296,0.40208914808216717,0.19367818311513676,0.20952597631525044,0.22839826740934835,0.27897273869783257,0.257913128168851,0.18797788494030612,0.2360820492787975,0.22577570955135662,0.22253333669597858,0.22134161677870143,0.21153085126716914,0.20253047806551477,0.34039884114315855,0.2717536241099107,0.2935207898358626,0.20473913811211905,0.2533494447780756,0.23287494635812908,0.1847047279212114,0.22389918219608382,0.2356330581759055,0.21765880702137017,0.22320232661261674,0.2113838625437585,0.21801574919993896,0.2132679957158811,0.23109604876290452,0.24702074323652787,0.2223884466020043,0.23006184565029011,0.28464482902699717,0.2596737160771761,0.27342043515339126,0.2628825496163738,0.21823404670012578,0.23069470071141562,0.21226217410544837,0.2438649238534,0.2088916891161029,0.2528784741653571,0.22054141748021283,0.24127650943936393,0.3328687584559566,0.20617550369932708,0.22109104238745964,0.28982164985683984,0.22043206834680962,0.2268817774870208,0.2124689875444705,0.2561036458531907,0.2200810856251056,0.2602079229623512,0.21157785604941198,0.2515163720898346,0.18377224145425824,0.2369562065956351,0.23755356234416974,0.23833815036356285,0.2110923940507971,0.3114521625773978,0.2391165225358346,0.25808039712025976,0.1967217746715994,0.266544369366432,0.28138525685119226,0.24975578574949267,0.27445163591613386,0.2232949015705896,0.28228494774738605,0.23617254987570035,0.22989318743435108,0.18388493672022344,0.22380615611054105,0.21024745996939026,0.2784833527364445,0.24263150286394106,0.2493229560844953,0.24428494400278614,0.2176494852470467,0.2656908994057797,0.22415744959289668,0.22067771345472345,0.21848306601427164,0.22477552376775184,0.21798684055853754,0.31135264860405465
0.29772663756801837,0.3743352215906835,0.3346101315554432,0.27992840187386675,0.2279295858594925,0.0,0.2510941486463187,0.31640670272993393,0.2611872886955807,0.3134266556112775,0.32555203689522433,0.3179757719970211,0.36682562909996996,0.23142254482304866,0.32075442253600456,0.3465883469155444,0.3044095596621444,0.24735717314863806,0.2884501499177235,0.2736302023895967,0.33112140237325505,0.3580246031127543,0.2166144708434816,0.27661411221264703,0.33452769307865465,0.2409727369050687,0.24347518253646677,0.25544107247979075,0.2956048660444219,0.2614364137507101,0.3105038400457631,0.33696028907713327,0.3448729785811206,0.23078555173881612,0.24535984834860067,0.2512646035747931,0.33504420852484823,0.2716476287214947,0.263317332272653,0.2595365810752307,0.278126169919833,0.30411525866077965,0.25990444046035777,0.3109766785855875,0.2738218317847332,0.27183439495702766,0.2378173881568398,0.2808235649301568,0.2355455536740767,0.2556606943840373,0.2875174480255629,0.31333865114967163,0.2367162484191814,0.3421077955438717,0.2632659929026043,0.3158251622905367,0.2788336404367943,0.3710381053102835,0.21306174312689838,0.2579505028440606,0.34373788290874036,0.25211100020207167,0.2976810826517652,0.18773204626476805,0.226542174424367,0.24873001234487965,0.26676577728767037,0.3232321806892348,0.22833319207885983,0.31098396916818016,0.3145878363922747,0.22232548174124583,0.2261487348409862,0.3029911856916164,0.3463743325047991,0.24785878584349913,0.26395840421774014,0.2940809613241039,0.23918236812231594,0.2774993342680706,0.34827565572998004,0.2776462428611257,0.33001453394655755,0.29586067237360036,0.2512868646832,0.3079736387681422,0.29873222213129585,0.22432159248391179,0.30047661812199333,0.2689732942752059,0.2808140301589377,0.27225069514930905,0.2945186069183402,0.2509700135179225,0.23911014492576105,0.382719015205859,0.2555128519217761,0.28328707925678864,0.20049752831526135,0.269612750959787,0.25291923062294,0.24132447476465554,0.21108758581726805,0.2678135503917026,0.25876670678074876,0.33398187700558135,0.29105124690701556,0.3064927772635317,0.2707144910906031,0.32713252735509846,0.28042769795187383,0.2222158436697706,0.3070967151304657,0.27321799238162037,0.26399250114037354,0.3426505335185693,0.27643622608316054,0.23402063421818337,0.29395340284836563,0.2627337474805878,0.2528251998973232,0.2695419527096847,0.25142813149881443,0.36723597058262253,0.24018873543152652,0.3654943694157248,0.2387385665381797,0.29157893458092854,0.28160870753958067,0.2542954112650263,0.2907833841442641,0.3866851984316568,0.2508611564913594,0.2561665760963982,0.2877610725607963,0.24539005144515144,0.2760286887496826,0.2459260477690388,0.24638957083005217,0.27195225385322613,0.28576732745261146,0.3035572257761115,0.2670158232874911,0.24008425545508075,0.30978530865879583,0.22100834678009512,0.32375501389807637,0.34311374958360374,0.306030222416791,0.21808721545203924,0.2524007092529951,0.2598250217403282,0.24710763678554282,0.2536430336403202,0.3480518739771299,0.321679524759572,0.3059844219929766,0.404787596727058,0.2401361264242075,0.2656027302508499,0.2641810656789238,0.2791131064447222,0.23723124607748042,0.2894463681613357
0.2786737004750821,0.2865178403250571,0.24387457216170758,0.2905249457948241,0.2799453693827397,0.2510941486463187,0.0,0.21612782785771498,0.22666528491332455,0.2722728151506097,0.2676549944443519,0.29027417351617524,0.2739120554779036,0.2695398856951881,0.3337967175935823,0.23339828802867973,0.2597838528795659,0.27115502487470383,0.26191151902091336,0.22960425134071227,0.28165258286889694,0.3107348040748598,0.3418852753307853,0.30847976721639875,0.28443520984850945,0.2517833878379937,0.2616563237438693,0.22870062558408094,0.2606636580311663,0.2493845372061312,0.26492839247073174,0.2877539657390058,0.29794233850915436,0.2781395705967377,0.2547469557599973,0.2590459719178647,0.32739896323773277,0.22958231584934174,0.2630878705374345,0.3458487441357485,0.2721612453258931,0.31333742044492074,0.2663423492097397,0.28656944236436316,0.27284577165925983,0.265579902848839,0.2867238964746732,0.23965127070427134,0.3913698839107235,0.2610287931875856,0.3379870362598241,0.2507910272938521,0.23616849562541478,0.31172992409602257,0.2956493967093779,0.26269167945412214,0.25978056058064275,0.2554799625331495,0.29490818059943946,0.26870121482687087,0.21581927843638304,0.2329658978948554,0.22285724083469519,0.23815749430081035,0.2525253739893937,0.21847022693258128,0.288860182726843,0.31965914062836626,0.24216584069008673,0.23497132703454537,0.29535902333594183,0.24275838335906655,0.2315964618571817,0.32168587458393033,0.20908628046924674,0.25611187490164183,0.32756750807674667,0.33405694254748003,0.20110939580886605,0.2086263765988351,0.23519855851128293,0.2964831689391249,0.26899203928202076,0.1872077716793638,0.23936141475109377,0.24387708955629367,0.22681164031744952,0.27628245576963034,0.24769183070696785,0.23242480465218393,0.31155854676947375,0.3629026760599512,0.2930585597736519,0.2430536416265256,0.2746623819492243,0.297316468449244,0.19950888081825408,0.2729421872129779,0.24832855042050442,0.2822220612259542,0.2515535401200029,0.24524320526371365,0.26985605351750697,0.24337687015346773,0.227791479068979,0.25461417381838036,0.23223158946052364,0.2442724837715783,0.32094269694998184,0.29839182053721885,0.37737782106313095,0.2526707670373637,0.2552661683922977,0.2204531489395117,0.22170681204958775,0.2573518050066329,0.23649662930366905,0.2855442407112685,0.260202729602179,0.23649057336558083,0.256785379309744,0.2149719817851788,0.23256654730969292,0.3241539016236964,0.21786274870429057,0.2716412111256069,0.24531373621616626,0.28397101825950827,0.23138056870330737,0.2714758078326286,0.2147228852829814,0.22440423053071967,0.20077878015156625,0.23531821443568912,0.22798536342415665,0.2378836502543591,0.22831936967082272,0.30023425517455415,0.24825776120466356,0.2725322243658396,0.23238811089888922,0.26991544763128844,0.3300587343740788,0.24991399270049103,0.28128615920246397,0.2985596343985121,0.2772431668755606,0.2652518075320229,0.24484675441885997,0.1773978324065209,0.24058089557738807,0.24860387069143589,0.2753264961866342,0.30726311168027004,0.2844519701626015,0.27619651833775355,0.27877130505159187,0.2789822708000685,0.2732625144655885,0.2883942412572205,0.2423896451557623,0.24265501428662337,0.2387371809219247,0.28464244402587674
0.28315791734182255,0.3550789977399318,0.2851812200796785,0.2894019558755388,0.2030059601517356,0.31640670272993393,0.21612782785771498,0.0,0.31406386015531196,0.3256497804731807,0.2614904528301234,0.3002389018677218,0.32012519828630304,0.24251119546365185,0.2778335401010736,0.3003639150591461,0.2810178457187654,0.2806063343490099,0.29754364047718546,0.29370148991462447,0.30199367672102695,0.274763055055271,0.25004215005903524,0.25255676151407613,0.33993460047213786,0.2306498792022938,0.3180209787672857,0.28891849287931154,0.23457729635910818,0.2586089538547715,0.390330940907058,0.2894316894074019,0.2989270361855708,0.2525187820166208,0.26648480370777167,0.2802669102122904,0.30907102437611617,0.3370482649942361,0.25901341172235787,0.2659788191693639,0.2743480656214225,0.28138723650239633,0.26043900157143274,0.2415746921386503,0.36576270627063556,0.28694760697917165,0.22503748914409993,0.2329598064362733,0.2586162455524561,0.25842121467853524,0.25660235392292857,0.2512307236948748,0.24176000298609332,0.27668231606260313,0.25152696331862695,0.28769924479131187,0.28039747569435186,0.35130137081356594,0.24473288901313614,0.28397362880451366,0.39001784879119283,0.22645006607730025,0.2722142503637716,0.21954361576725268,0.22914956804111405,0.26102555496997004,0.27474877279373827,0.25092264229945166,0.27638655992495853,0.490409725686604,0.26270630019795993,0.2608943191566754,0.24172030172744624,0.3064140654885531,0.39285736470655164,0.2573094113474657,0.2518351647294402,0.2510329249781321,0.3027275400796731,0.20197142740645957,0.26075231769854956,0.2911135569798632,0.2937473315161619,0.3332682230610008,0.2863673989228042,0.39212257082043533,0.39574021500349926,0.24849720870521516,0.35383855641059403,0.28738828323907983,0.2481100570466975,0.2700027056292028,0.2516389229588325,0.2490589724802274,0.2619267336733334,0.3073230338215461,0.29247514869998853,0.3122121499106216,0.21181094487687482,0.3072112437173727,0.2569060706437974,0.3106974653032797,0.23561268532348809,0.3152295839399143,0.3026884735615665,0.2977470376143956,0.2903679076436325,0.34467440819626477,0.2675630397762566,0.2756018332314164,0.24110716883816133,0.25065716178835656,0.27421383485095235,0.3145029893668445,0.27680586695738185,0.3248106274068309,0.3000681682641808,0.23305048372761764,0.22599935857918002,0.2768717742303376,0.23311596274874494,0.3707961072765939,0.23910138682527907,0.28495403597478997,0.23183260056400234,0.2939995109725407,0.23258820032880817,0.31907604015951246,0.2823041795089164,0.2726246860151988,0.3587403676970296,0.3018461515351041,0.2925781438264415,0.2588089789711046,0.2981964874682564,0.2059916043578694,0.25183967485980213,0.25945491180055336,0.2969848164223387,0.3141017117649852,0.27628186945988875,0.25943319521173147,0.29935788185897066,0.2597588561446815,0.29247171919889586,0.24355054293746567,0.30291779050192413,0.28338057869957883,0.33788150519811905,0.22440297383488006,0.307677656698938,0.27367654871816527,0.27734356091100165,0.242000025637207,0.36346162713957286,0.3513337813332143,0.27787956582582246,0.3277566293271991,0.22776825378612453,0.23308633505049628,0.26666531169966184,0.29254034592886285,0.2726409401927586,0.259588835437101
0.3134190128181929,0.30832714205062134,0.23307419245266284,0.2535145192360173,0.22049110900122093,0.2611872886955807,0.22666528491332455,0.31406386015531196,0.0,0.2505057084955639,0.2338522818402651,0.26514964923344564,0.24128986450970946,0.2822859630790979,0.2796127334750995,0.23610658539177037,0.23219480795270137,0.29469186397090935,0.25420430738419386,0.29839708544462656,0.2515846662775506,0.3282583519515647,0.22312606421790337,0.24262492747478331,0.27275377377379495,0.20942216539691613,0.28869241272499147,0.24647741930257275,0.21977846624738231,0.2979671565011067,0.3655017804690497,0.23778857611568008,0.2787646457047975,0.21585273578885394,0.28919346993205614,0.2506352821093414,0.2595329758895815,0.3402683786041145,0.2523782068056263,0.23890083474994234,0.24699902872122198,0.30578309382906,0.2281023138626435,0.23929161215180494,0.2737353464598979,0.2520169238446176,0.21481196058475413,0.2098980512711365,0.24099079530491635,0.2598876395603271,0.24212909210561323,0.2334090691280462,0.26903710650110363,0.25575889776836436,0.2220518532543722,0.3274083346721698,0.2777595453684625,0.26029574687082024,0.23210839581343,0.2517651729556682,0.25152885708864386,0.2397521061920973,0.22972399787714837,0.22656324318861126,0.2714101512091028,0.2423737803420999,0.28203033424245416,0.2677463292604078,0.23908407107843652,0.3149540947595233,0.3046037208475196,0.28157246392520213,0.26031034647233986,0.2445903335002923,0.30388471370738673,0.25800099255071707,0.20450454213796318,0.22296194461235486,0.26091516400435427,0.20579769170233136,0.23745844969822055,0.3871865565803152,0.33444164648191377,0.2512934744192152,0.2700932518503658,0.3527000350985457,0.27410836529374766,0.27315272510216604,0.28309680168301926,0.39321071008027525,0.26720766923081296,0.32399306751119233,0.240063466568784,0.25050188540734086,0.309091071738799,0.3219992247926351,0.2917499915696805,0.26257509457126094,0.2746638814847038,0.25485832909985895,0.29933570023516115,0.209651690671377,0.241062368762287,0.2615014083775883,0.3027076802249033,0.2435945541337159,0.21698638493976388,0.26845292136989174,0.2313231126273125,0.2318670828928384,0.21533536688115576,0.2759046235918656,0.2630915827961859,0.33050361086836333,0.2530211398020384,0.28923296429792744,0.2517248840844109,0.22807329337660143,0.18648040923723813,0.3039983304899782,0.25955452071902485,0.28077130136818274,0.24012043060934854,0.27416333766189716,0.33861100775392466,0.24493009327811247,0.24166284301401575,0.24632826679620137,0.22012414477297382,0.28328130387157613,0.3956754871363297,0.27048468900193673,0.2745409458310096,0.3640056785736049,0.272056430208224,0.23734695485959037,0.25867466662944677,0.25892494215497946,0.2684392602768435,0.3123246430817388,0.2737609365694743,0.2565187284874537,0.3200382825452254,0.29702280393369307,0.27073885509007384,0.2478421378842517,0.3878194395901596,0.24735798608995258,0.27615804600157123,0.2029868765402884,0.31873635864640765,0.2626416345153006,0.27791565992243233,0.22934732621294257,0.27317771991255196,0.33589403001133417,0.2606197021212107,0.26877168259785833,0.2803764276458319,0.22819772071423045,0.2229956734338623,0.3219921206799666,0.30400704441565285,0.30739953641064505
0.3074597851883512,0.42885374335661963,0.3626762518196407,0.3068218556444234,0.2382517288292335,0.3134266556112775,0.2722728151506097,0.3256497804731807,0.2505057084955639,0.0,0.2572655930567786,0.27848154334183195,0.3226595139710713,0.27325874049700644,0.28537567820635845,0.2812417989082066,0.31108193355242286,0.32201739950355257,0.27664600257535177,0.27310228031580036,0.2910566977755007,0.30878576046368783,0.30546478654382236,0.2687384295803872,0.39804804926089166,0.21894460278583233,0.2852451252395797,0.28805947308358865,0.31691241970728673,0.22908282955428963,0.3106376824536961,0.31643678747653053,0.26605115554560665,0.2713624934079939,0.28582258639525254,0.27956776866059163,0.3047460876433287,0.2568966469749542,0.22533132963200392,0.3163987630250988,0.2453094461788392,0.34898122453860353,0.24111453705387942,0.24868125946917732,0.31894483763416065,0.28468529605679643,0.23754680919493806,0.2429236164830065,0.3138743728788543,0.2479016483661,0.27802307565818474,0.2566246338262663,0.24969325278930107,0.31383189341616363,0.2941457937764157,0.31892940364424743,0.26533669402370685,0.25892130142922015,0.28901165727993333,0.29831258656312265,0.3077504463443068,0.22527728273858053,0.2335960262116293,0.221840638105676,0.25838555928116225,0.26223270890203265,0.27772671481334477,0.26198842282393103,0.2616022592006819,0.3143380779092505,0.2656012827536668,0.27829461299542785,0.23676908813957903,0.3224065455472652,0.3019090519871624,0.27580365369129944,0.24670700053166233,0.30044956827401775,0.22205336390237598,0.21485274269633922,0.2718527147078812,0.29227754289399327,0.28588991317999396,0.2551528942719669,0.281867970255716,0.30521340686088644,0.26875539944897764,0.2488201063104587,0.31776105161575985,0.24900475463889687,0.2553991004936552,0.29454547303083883,0.28255484111071855,0.2467185896312201,0.2963407596150591,0.30933293185171323,0.2177976309370523,0.3235116967975459,0.22662156640126632,0.3282009991157831,0.24888978100426218,0.265011669617162,0.22439560111590262,0.3145613467896438,0.2617514717211742,0.27501569260972497,0.284565440772088,0.3663834776744473,0.2998432439849645,0.3297644570137971,0.2716568463179441,0.24942752971920218,0.29622598005798195,0.2656036587258416,0.2487545783173172,0.31772149527922405,0.2960375326668618,0.28997706734201995,0.2767043170263206,0.28043515856438433,0.23014575978204563,0.2395346515337584,0.2532314672864607,0.3003528624187614,0.2219957213152691,0.31082594497558425,0.25948032180251146,0.2704245916913263,0.33902533085840025,0.2814621501485226,0.32161457667152404,0.2685012999518726,0.22802254044126474,0.2356095999073986,0.26203965859786543,0.21856180659231386,0.23456796637341468,0.28232036367020913,0.29830733208587085,0.2672732171099148,0.2447285548606586,0.30295385879689657,0.35328315595323245,0.2559668035254007,0.2715556002480947,0.24676643758272598,0.24493154181222107,0.29308071234152233,0.41401344596993717,0.2186552418330633,0.2416222060219428,0.2744208787637868,0.26541734247802207,0.28623362494610355,0.30329345386106804,0.3008479001570636,0.25917581649871435,0.32550874119591816,0.2532385932028024,0.26730885236867097,0.33125952178766244,0.28005171071016216,0.25302457978729254,0.2524803189291536
0.3146484747364939,0.2947457604205108,0.3075147847729184,0.31154966611096535,0.2699199652518289,0.32555203689522433,0.2676549944443519,0.2614904528301234,0.2338522818402651,0.2572655930567786,0.0,0.34753986702974066,0.33129171992226847,0.2469236102033812,0.2903036427183022,0.39412097428562853,0.3443848610810507,0.29848585337858097,0.31926930956427113,0.28540691097556825,0.3811271818890789,0.3628911446804461,0.2578976733367555,0.33102811307660013,0.3375987733781773,0.30411544911940097,0.28636625460822407,0.28897591548710605,0.3235880035595243,0.2782657103337236,0.28413790140326445,0.32280784808536367,0.2971338463816909,0.24619213865806347,0.2809477375061252,0.30405357378508086,0.39026899445863855,0.31989866742661865,0.3485304477016184,0.30530847352047824,0.29121269427890745,0.2835852647084677,0.3101164269578263,0.3664996276358445,0.2761284510390648,0.27154900206331195,0.20921031637428683,0.4054054017908681,0.31599444788310044,0.2743803116736967,0.3427011328700279,0.28736440063451685,0.2365531459998709,0.39091807595234074,0.36720734215023854,0.23068551189476733,0.3446341107220339,0.3843887624104612,0.2485163464340874,0.2969589082057249,0.3210174011974907,0.21735395968835083,0.31864774295102655,0.22507822129569904,0.227380375290869,0.26011035979985137,0.27972905743849175,0.27798406408832743,0.2779021004315466,0.31130195100183783,0.3069184996647256,0.24814509989043107,0.25387512212806096,0.349073735653763,0.32481174489219755,0.26605405932497894,0.3308516781543233,0.3165760100410982,0.25165122587361,0.23883029761566058,0.281178900152799,0.2682819022003028,0.2750780915064299,0.2801071676744826,0.263914357179265,0.2718349361485127,0.3134837081574081,0.24681324058116338,0.26153929646665947,0.23826052515021118,0.37139607402275115,0.22798820368395886,0.36884160657774856,0.2964020130418786,0.2554977723861884,0.3092294398148636,0.23788791960722486,0.22890898233945423,0.21472491101921098,0.24383425042344478,0.2926872699088754,0.28921058369557734,0.2365447607889921,0.2434085606330364,0.27551800800143206,0.26488762895451795,0.27667805752979796,0.27135062107608077,0.27851641118602666,0.3459280611769811,0.39848083441399507,0.27018938275600046,0.26791173196241036,0.281437084782814,0.28483016752560114,0.2901833294827873,0.2614130396759821,0.3084508225995082,0.2862783494572146,0.2566334972999148,0.31124729935652407,0.24333600559129628,0.26405533688217314,0.3559247622384495,0.23432275082301632,0.36835353331851184,0.20768557912909083,0.3144079883731621,0.28475716836439724,0.28022441015613375,0.2239411765969526,0.3434562509179013,0.27943897090352066,0.2761901395459116,0.3802973741710096,0.24706367459972267,0.2618951355273907,0.28547182577880176,0.2979975965140685,0.31324642167528804,0.28028421685463717,0.3136251204496167,0.2566265399111254,0.26592262467165123,0.41913909010836053,0.22104481638183457,0.2795665490878223,0.26978668227262437,0.2791222810684032,0.22721672390393552,0.3404281381152634,0.2532825242460144,0.39976739320451143,0.23863150985085294,0.304715343424771,0.3205255747916095,0.3183018324693568,0.31180505804268843,0.2708289946177605,0.27095590888164883,0.2459750089140425,0.29061544459931665,0.22693461081217087,0.3977489068413791
0.27611665853931344,0.32723163402257577,0.2808327674062604,0.26567631636033456,0.2318501049953305,0.3179757719970211,0.29027417351617524,0.3002389018677218,0.26514964923344564,0.27848154334183195,0.34753986702974066,0.0,0.2662021899962229,0.19345172980632533,0.2921944329786432,0.3080193478286442,0.2776345703471315,0.24973510724759038,0.36103545354363537,0.2548974801590323,0.3311283798303479,0.3061804665256569,0.2689283776612742,0.32132703487665026,0.3574114137144594,0.24355630569120928,0.28048982815063955,0.23674179564359268,0.284799552725914,0.3305462297548919,0.31839751774043457,0.2831227851678793,0.2909075016192388,0.26135209337170073,0.23591024107028982,0.2634825326058041,0.32397450790050336,0.2894613270033713,0.3332309220203748,0.27814800823996744,0.29884948437986747,0.28293213093690517,0.27067827740094696,0.2915602632194965,0.2778581124051128,0.2792189597202923,0.25214199980714086,0.28342098008966243,0.2835425767161734,0.2446444648622827,0.29172141923299066,0.2704008787142639,0.20995729418078685,0.3234697632917811,0.3139789290116433,0.2493446386207661,0.30113578757495624,0.3861138903665839,0.2067484162007711,0.26246651814791916,0.23348883826003006,0.19959696906362198,0.25700405100110224,0.20265455717128145,0.20498838866035587,0.2251397371459419,0.225975527223892,0.24538417365723308,0.22021619910358275,0.2742463071785135,0.25457624023465175,0.21356835239608246,0.19873575598802665,0.2729435061931688,0.27245086209902614,0.2336814649175368,0.2501090829500967,0.30095999889947667,0.24811776738265895,0.21033736057496996,0.24870785590939626,0.2569232158408791,0.32072578410366637,0.2326879142920438,0.2499349403201779,0.3214894001240391,0.24573565138293105,0.2172631926158783,0.2819510865639489,0.27692232615982076,0.2879125225118701,0.2553234676478144,0.2958671146012756,0.25157904166382805,0.21721269027045176,0.39161826336682004,0.21300068819554452,0.2709504423760297,0.1933445964979698,0.2356490927078246,0.23458471718539167,0.24589064389634982,0.2362840794287975,0.33311453539156355,0.2337145987222861,0.2784719335794548,0.2563350018407975,0.2822719357477982,0.26955048776307333,0.34490717232973644,0.35836833314945826,0.25356779742610286,0.21743090392490347,0.26052573115060157,0.25322206400884273,0.3156173373355867,0.25260951892089456,0.3019353767191762,0.24920071367662558,0.22203630539550098,0.24735942842170466,0.23464171662673056,0.22486545934386684,0.32814150842994494,0.1975891269094856,0.4120901901638228,0.19045450336862066,0.3378941385473318,0.27922860035528857,0.238773793178878,0.25780651303076113,0.2621496827033318,0.22364846258309565,0.24828432583262378,0.2793427397380971,0.20311878446555282,0.3143530672367071,0.2630518157340828,0.2674674658545735,0.31683048239281875,0.23176863385832266,0.2506129709922657,0.2531563526580686,0.23194423412894702,0.31675504519988856,0.257349889899089,0.3559134880342387,0.27933847031779924,0.31884558305133814,0.22142620647476505,0.2802755563511192,0.2521395362301932,0.30266687310440915,0.2632680130977761,0.4021548246260805,0.27406921308432897,0.29006430094268887,0.3504554549620304,0.2188366813419487,0.23144314970977883,0.20641740970937159,0.2503202560261664,0.22423546435917757,0.31134595754073424
