0,1,2,3,4,5,6,7,8,9,10,11,12,13,14,15,16,17,18,19,20,21,22,23,24,25,26,27,28,29,30,31,32,33,34,35,36,37,38,39,40,41,42,43,44,45,46,47,48,49,50,51,52,53,54,55,56,57,58,59,60,61,62,63,64,65,66,67,68,69,70,71,72,73,74,75,76,77,78,79,80,81,82,83,84,85,86,87,88,89,90,91,92,93,94,95,96,97,98,99,100,101,102,103,104,105,106,107,108,109,110,111,112,113,114,115,116,117,118,119,120,121,122,123,124,125,126,127,128,129,130,131,132,133,134,135,136,137,138,139,140,141,142,143,144,145,146,147,148,149,150,151,152,153,154,155,156,157,158,159,160,161,162,163
0.0,0.6170589999353986,0.5751051584819733,0.5412395280308908,0.4624195473584766,0.5672018153157993,0.5223160005392228,0.5419022495631904,0.598598642133476,0.5958893001441795,0.5430938058805159,0.49599030090676466,0.666716651351399,0.6054732834534443,0.616993024171683,0.5803352764288695,0.608701186132151,0.764765318538021,0.5177896122277523,0.6995203016404711,0.5506924070083962,0.6006944097399006,0.5417053225216266,0.5062371803886931,0.6227700805789335,0.47771573562994624,0.493089214124573,0.572433461355573,0.5744884968550227,0.5076512816072395,0.5692217990439901,0.6531208929163065,0.6212251127361329,0.49867248271755427,0.6549933437795911,0.6055396401222702,0.5644659769070719,0.6013199280802939,0.4581379275011497,0.6343469475751241,0.5674886848025894,0.5318972359618244,0.6279959213152654,0.5700095145785832,0.6011176097457092,0.6122567346586457,0.5179502749026921,0.5437645616925096,0.6099039849292732,0.7047016790362083,0.6344547127595352,0.5805487406552208,0.5015017221523268,0.5222269905407032,0.6103244684151483,0.5681518079734844,0.6640454789039542,0.5276503691047455,0.5639265478917632,0.6846604046663715,0.5251636694351787,0.5926517270159344,0.6093501338844162,0.5316487924980738,0.5891443856183661,0.5599798101877899,0.5156047918794909,0.5494735243871358,0.5453088825840399,0.5613400399060267,0.6700321731700097,0.6112141455553948,0.519034695163215,0.5969595922710732,0.5660221615587162,0.5235796521729246,0.4979195948239049,0.4680093713779655,0.5369292699639915,0.4473093007164079,0.5327763886143007,0.5868427112946232,0.553892308041019,0.5506799109993682,0.6092232834708631,0.6061488988921382,0.5152935040006473,0.5580189747394879,0.5776846792842385,0.4843053267787004,0.6036734249523865,0.5665710664863856,0.7529380375919212,0.5679265499481231,0.6327856597442124,0.5333491203652282,0.4688464447837016,0.5477745799374721,0.5212422113780105,0.5625525029228399,0.5267919411852807,0.5037755510787385,0.49343762445496503,0.5526269230749861,0.7388118949716559,0.6070451939379953,0.5533937964449581,0.544803845945659,0.6245802316057384,0.5321340576269241,0.493665519864348,0.5644322544710961,0.58455670084866,0.4729887880687222,0.6421464516190022,0.5884028178598065,0.5875249046809101,0.631895986852767,0.5307213560205263,0.5011666265537931,0.5792180936223851,0.49424948278181574,0.5862490475014523,0.5873188360241752,0.5702121925876587,0.554562334431691,0.5135786033391688,0.5138660083456331,0.6054405019718536,0.6335974525874049,0.5407716593534843,0.5552969729333815,0.4980809991901201,0.4920558237022087,0.510814266778939,0.5586839209735267,0.5220357889312531,0.623129367252556,0.6282015033516007,0.5546609821896197,0.5533901356313295,0.6006471931881339,0.5995031507291411,0.5658504017117004,0.5214250043816687,0.455541236226223,0.5415941850682843,0.49749927080891104,0.6581356295631395,0.4465141782712116,0.5671242941123874,0.5328195084384818,0.49536168581588463,0.5469616506853001,0.5345602439898819,0.578932092498181,0.6038550276065129,0.5209270095921122,0.61693410103907,0.5846662936407258,0.4956646401263642,0.5851893552380502,0.4694893336169707,0.5462177262477177
0.6170589999353986,0.0,0.5595060501316881,0.6041496423246336,0.43259432166795475,0.6441211536202954,0.4829310183045955,0.5574497492964217,0.5876070978501866,0.5447576637936672,0.5319518967766738,0.5748361084182214,0.5540723747051248,0.5082564627546481,0.5817698347589961,0.5367931177357287,0.6139467188811527,0.5560617305392638,0.6583778013789386,0.6955895386950894,0.6364617793893388,0.6067010976568055,0.5050995232038291,0.5841801928188802,0.5822346674914501,0.44552449549293077,0.45089027716813157,0.5923051185977588,0.5622854040850626,0.4759781183402029,0.5592426988616718,0.5427027179688894,0.6899668183865795,0.5209601357917442,0.5708008977133092,0.5842191821611968,0.49316913381293315,0.5669597693241559,0.5197185831760559,0.6175268493412156,0.7140992204201823,0.546177855652582,0.49980099534887207,0.5582919590397112,0.5604607978110714,0.5806546997183141,0.4480353971316247,0.5002277354914129,0.5250611840230988,0.5985842151533216,0.5849203367236019,0.6383467979395124,0.5303638509921739,0.60552988875017,0.5587183017853473,0.5950991403645103,0.7485527091916437,0.5381646632701719,0.49008726813472087,0.6872895664893572,0.5789269271905021,0.5116317141260392,0.5612031945331709,0.4776223727114716,0.5676669238544245,0.5503680400347243,0.5078730115677157,0.4558541075635829,0.4258220294856442,0.5110143180564009,0.5877053961040067,0.5212376937151184,0.4875796449035965,0.5694753728653907,0.6098948778803803,0.47506723995764993,0.475323298683542,0.4501097923281596,0.5446665301786189,0.46995636322897305,0.568366863126505,0.6361957593068874,0.5565243166172879,0.5382521681632179,0.6444156588173379,0.695555492047257,0.4886233794479565,0.44669785038926957,0.5291958090019625,0.5580448067466592,0.5153568383756714,0.5658491228379916,0.6177891940286272,0.6384356705510043,0.6355303501841084,0.5097310161281451,0.5351947202326716,0.5857527059004886,0.4851253576594851,0.5410323461434945,0.5105793100303768,0.4701187843693565,0.4503848822615737,0.5386266019305267,0.6155710769223494,0.564837157355721,0.5878698350139762,0.5654593608582232,0.5695090198281576,0.609146870781277,0.5295473476751319,0.5445908158266793,0.5475845000878261,0.4793772429168264,0.5856507742586728,0.6603214250191828,0.6066889410909021,0.5042080940757553,0.535387997219456,0.47924881433340444,0.5581476091521649,0.4737242895957212,0.6410914481525831,0.6128657517307731,0.5731372159092897,0.5566736905490484,0.5015717637846844,0.5035500481282845,0.6587668836271315,0.5174053306803721,0.5398205202397328,0.6129884332158986,0.4945657246157897,0.5879012224038999,0.5792111732253232,0.5181732237703457,0.506522489852302,0.5417579928721649,0.5666538340674421,0.5719725832966595,0.505738638250537,0.5444537415037793,0.6699161629582154,0.5786107162787563,0.5197418427857943,0.3983877673633957,0.6046432869125296,0.5115405031037953,0.6013470466346059,0.490060772046743,0.5901923128556767,0.5419201651944068,0.5475816587500278,0.49711796098646593,0.5995368392159278,0.5756580903890505,0.6886924917550149,0.5496786636575068,0.5789422515341133,0.5107678593484141,0.4662807350133687,0.587222288887542,0.5051774750644771,0.5836005362733795
0.5751051584819733,0.5595060501316881,0.0,0.5728037802701438,0.5003546165386287,0.6505855686927368,0.5033547077208046,0.5169681429418791,0.4900335684211923,0.5214177198278092,0.5937774578955066,0.5320921398677596,0.6312246951498013,0.489332545071922,0.5023270791089829,0.6566831775596367,0.7217747287367995,0.5260417752688635,0.5066466085852075,0.5369154621596982,0.6600088308592922,0.6517899061870573,0.49426766226471847,0.5414906847536711,0.533895433371175,0.5086375078666082,0.45028899529144506,0.5508836481669951,0.5036037848797394,0.4903814232483761,0.4592643865063077,0.6008511351307007,0.5513483817198171,0.497136246666508,0.4849797984657974,0.5464773247046688,0.5176295263269328,0.5044596856454909,0.4560866869711696,0.6319599602668278,0.5209967612999615,0.6016706409872432,0.5226824114025787,0.5341773085280143,0.5379094181979043,0.5293263816742741,0.4820280530947113,0.5440445867885567,0.5218688075199683,0.5896452064943084,0.6386343303844595,0.6551193938820583,0.43933981314135406,0.5704572110744136,0.559595002578262,0.5335874328745194,0.5983219329706237,0.5984396347902493,0.4793157561036914,0.5822159449080261,0.5368287260717067,0.5187160151664729,0.6022294980889048,0.458549159931487,0.48473995946031695,0.5016996181899761,0.503958583536623,0.5072999228527768,0.46665246316492776,0.5009205636785135,0.592160034285103,0.4505318338325725,0.5165182391375571,0.6866028518326542,0.5531798590078493,0.41356979752696393,0.5827113315405186,0.4903301409287182,0.4619113854985343,0.44511947427136433,0.5017823510069168,0.5528349482939291,0.5240591694529473,0.47793995104197595,0.5844007026671011,0.5394448907636872,0.4874607501034246,0.4522265971115947,0.47236704301381405,0.4722966470334868,0.6094255924826745,0.4874381556779207,0.5893372454746233,0.4961559237443872,0.5739085749179517,0.47186903116449264,0.44789398799152,0.5101443485000818,0.4485105688352053,0.5229075098096797,0.4327903003277865,0.5108412403005264,0.4504939816930123,0.4557244568805177,0.5441679367235962,0.6124826083823782,0.5862772015049206,0.5256579518043195,0.5344532461460453,0.586105048925588,0.5489819533201745,0.5213015569779562,0.5780434144921588,0.4480253317777944,0.5068422544829982,0.6589018280483333,0.48008721266930726,0.5147556241161,0.6398968509477139,0.455760659030505,0.5455619148808264,0.4554655040761147,0.5644195080288635,0.5602096460196342,0.4509465707879257,0.4973069867555276,0.5425725464903054,0.5387852691409518,0.5830182735570278,0.4781130770882977,0.4839979981722466,0.7163593554431018,0.44734539179082566,0.4755313560028748,0.4929675903240996,0.44009563593663,0.44468133767091544,0.49350610276575113,0.5207655076932066,0.47801065954116145,0.42926115427604095,0.5572581658673238,0.5647427916303149,0.5392489299335221,0.4892446110600683,0.42719948801477314,0.5509944665631742,0.4616733624200198,0.5284585031515456,0.4521246040089396,0.49003610067516395,0.4298250545825236,0.5230917123487481,0.5642632052995392,0.5238970673917538,0.5078617026863664,0.6059871779218188,0.573106888687252,0.47229887711717866,0.5636369604737277,0.4249131468360557,0.4619529571059844,0.43175815478091123,0.5509117031854872
0.5412395280308908,0.6041496423246336,0.5728037802701438,0.0,0.4340955963093769,0.5767761594478876,0.5225436533836298,0.5854959364267197,0.5384117218421025,0.5277489439615115,0.5831301205841073,0.6255188741085806,0.5488512579305085,0.5007847252961856,0.51558097139469,0.5389982336413768,0.5763587479326999,0.48800386168497767,0.5620315019109485,0.5683806429666526,0.6484318355569805,0.5956283981770538,0.5404873473868927,0.555382251912227,0.5922648279114943,0.5049770708990623,0.4832410053366603,0.5750527845253623,0.49375389240064516,0.4403060152284049,0.5266944254404906,0.5462749593704447,0.6001445739887993,0.6306480532549511,0.5358973315878931,0.6488653551217586,0.5222821921931853,0.5238954885936012,0.5270023240791867,0.6228388329006327,0.5446302103858175,0.6024611982561975,0.4833934649705829,0.5477676232113845,0.6306880487226669,0.5068089488812321,0.4110436220609627,0.5211553014339815,0.5453530917813117,0.554026125301194,0.5992760102895098,0.5614550719395791,0.41871356496770945,0.6477327688539837,0.6237779501602206,0.5692184474016475,0.5899107387732073,0.572870305114604,0.49233100483520564,0.5962219320764174,0.6124533534096621,0.48462801070295025,0.5003568026396074,0.4993937509382211,0.48202448650906754,0.49176167091000766,0.6295841228443428,0.45226407523548445,0.43152037340611,0.5239857445718417,0.5577717803429372,0.47347628108754536,0.5759914863735837,0.6430410062366116,0.5279468970472698,0.4101543523698872,0.5887668092246422,0.4635281976441611,0.4789415673365419,0.42027764878255236,0.4629902170326491,0.6780614194765294,0.48199871191267213,0.476821305379291,0.7051444746085177,0.5824473935858165,0.5674540945081876,0.45784748266792147,0.4800202083105421,0.5840459322245127,0.5482651888980623,0.5955625425393849,0.5377567223086885,0.49671222624608047,0.6652035883805992,0.5016919431749641,0.4909340789639605,0.6269856210065834,0.4954386970311367,0.5631231130118469,0.4888995730796774,0.5624578954083527,0.5186822038177055,0.503893973342573,0.5746531364709487,0.5329781550688779,0.5829391212926941,0.5594206930193167,0.49780092898189204,0.6182262776287758,0.6475616357923665,0.6129953752621745,0.625206930639195,0.5042440151381055,0.4857148216621683,0.5733709554911692,0.48095360731315834,0.5071453504211708,0.6078281626558427,0.49862280555538735,0.5184721605455751,0.5023637726135624,0.6379370285528954,0.5367976111086439,0.5056303501653467,0.5035987876279769,0.5617541450868253,0.5557730831790527,0.6599983014001468,0.4717833144660195,0.48615163077104173,0.5910795833114595,0.4998354392317806,0.5863780209235824,0.6093548278334177,0.41860644020519416,0.4219297554970782,0.5120582934300363,0.5964951473252352,0.5244418052609021,0.4453289301099735,0.5560595328085599,0.6794810802827721,0.6908378938254293,0.539788321823745,0.4429633571936101,0.564578737858854,0.4354372211577249,0.5516521005855761,0.4749412577327777,0.6173000791169337,0.4316336721955483,0.5578010934834601,0.518429497603101,0.602248151842921,0.591158717843596,0.6218176473103623,0.5466014292851126,0.5434157697782354,0.5386973305707211,0.40748403158807245,0.49718098522106313,0.49616841865277267,0.5739897748005589
0.4624195473584766,0.43259432166795475,0.5003546165386287,0.4340955963093769,0.0,0.4309938748118409,0.5056583531798192,0.3903684522563889,0.4367976405179658,0.42781781762058047,0.5491789312446133,0.47980583230038765,0.44520772970725986,0.4262625426242281,0.4527834753462344,0.5206742278297585,0.4708890098580243,0.42908210512094763,0.3948942107996836,0.42564177735002523,0.4789053263343583,0.5121377686621239,0.4763763824669192,0.48125071338298275,0.4603919947750531,0.5010845981010529,0.4219701834535809,0.4016504044765574,0.48743243405917497,0.49446130246552805,0.42427549714822227,0.4462040956016679,0.4321540425181179,0.4208915899602288,0.45562943780453297,0.4684951397661634,0.49062400748935125,0.4549432045711708,0.43748377162660895,0.49066112294644193,0.43577940037255214,0.5035154029065049,0.46212604911942834,0.5405760039999464,0.4258067278695007,0.39972019993522484,0.4426877559828241,0.5737336192317284,0.4977129472456878,0.45557635849511785,0.46930387990058,0.4479464744253282,0.3440428116408403,0.4288468425213418,0.4950018511648655,0.4529397568677695,0.44077164881132547,0.5083807846335143,0.3978479733551482,0.42618413457959675,0.3764062766956954,0.4114000004733359,0.41783060085165913,0.44420041936390425,0.38989359197962636,0.36816691569630133,0.421271870684871,0.46643663098524907,0.41188104515013924,0.41828276723479957,0.4747717776952749,0.4218970541549331,0.4170048615408833,0.4544254790563428,0.3921734341189573,0.35847743831456497,0.4681133501432865,0.5623768757842457,0.38324259191821947,0.42233751899538696,0.3967146565443773,0.4364611065757486,0.48290692581853356,0.38622512451187613,0.45637270904891175,0.43467602693404406,0.4187439087663701,0.40106500724830324,0.3750780798605068,0.4269697882315273,0.5765372566826186,0.4326136754800695,0.5145620823852382,0.3785158889372997,0.46110266033912206,0.46784379848110064,0.3421288312495385,0.42521272196004034,0.4545686790374793,0.38779457886367114,0.42464329816696034,0.40922809702577145,0.41607805276597737,0.4175126492939169,0.42016238886072643,0.45191283636870594,0.39658700376312317,0.4434295082081137,0.4292272428928442,0.4869396672758682,0.47279789487226076,0.4941690436053193,0.4249855008471842,0.40802110519562707,0.3995062036034413,0.4623979894817918,0.3792497355766052,0.5224705229411644,0.46122725440124246,0.4210868791433987,0.6106212470595712,0.39755224749487417,0.46454817958999395,0.47129567874012307,0.44131144009683354,0.4407977629630957,0.40636495339219114,0.4906227415413535,0.4476150249709618,0.433312363795602,0.41182927300586614,0.460703299023701,0.39954392684847423,0.4337556952987352,0.42519892643464435,0.40676060918046625,0.4216863463618812,0.49352278134531574,0.4598732979543458,0.43800045252193065,0.3690277909344952,0.5051746110176067,0.4305263513872773,0.4537841718564834,0.49650729120830855,0.42035096712728054,0.5077976241968085,0.382978019081041,0.45346164754810514,0.41482577792219055,0.4280945313103877,0.3741733134859994,0.4287014150831471,0.4876872420622328,0.4507600796030368,0.4360874969084233,0.45988623505470494,0.4765786600199813,0.43988009651973015,0.46812721730531387,0.35614955882756777,0.42294026942958673,0.4000755689527298,0.5414985260829355
0.5672018153157993,0.6441211536202954,0.6505855686927368,0.5767761594478876,0.4309938748118409,0.0,0.4550126153222241,0.5887605468760784,0.5093078145528451,0.5301862360481915,0.5326508689004024,0.5476958462444304,0.6107694640348775,0.467868967792235,0.5250563543025302,0.6036827804715745,0.6543292540200294,0.5239879322970372,0.5818811316741738,0.5662555571557618,0.6349704846043531,0.5762468508261606,0.46444670522257897,0.5405511191876718,0.5406640021331132,0.46303223215233247,0.4334635726820869,0.5713439213827552,0.5243144643892064,0.4872372103604759,0.4957212236213842,0.5664823490289189,0.6482695955054927,0.4902178605655993,0.4763522444006739,0.5235535343765019,0.49892969856086533,0.5280364995266561,0.48193812761351296,0.581848418303509,0.6095811681958198,0.521520032722148,0.5091816954900716,0.5232412253167051,0.5394561480521992,0.5943720509519799,0.4585063543254321,0.5052450691696724,0.4830577067977955,0.5543742905216482,0.5949550585076118,0.6937421615362378,0.4948292870266847,0.5796151523782344,0.5368255885391718,0.5553186550057694,0.6619568247961389,0.5799859602915246,0.44937531126096714,0.6216643358708255,0.6233807418595813,0.5310166795465177,0.65280616231957,0.42434403725181224,0.5037682662870213,0.5568833569169804,0.4837888473451562,0.4763589800926969,0.42461342094741683,0.524501031947967,0.5864095760758009,0.4596565015635163,0.46125009092555963,0.6012922966909118,0.6386221319029997,0.4542828534878226,0.5090503218767655,0.45842924526317297,0.542155959411467,0.4918183941848573,0.6041947097511622,0.5527934145235495,0.5711322168626994,0.5567102595251462,0.5822604683933535,0.6208590406885077,0.49603277451023,0.4295311633380788,0.5296783218586744,0.5108688813150505,0.513963354862171,0.48875199929617796,0.5793721257405204,0.5820673778024348,0.5490308236946662,0.4894065985607369,0.513224183852389,0.5242738191662678,0.4287968575660174,0.5319833956849659,0.45542881125418905,0.5024783131719056,0.42777211243730345,0.48975642222515714,0.5645229724675872,0.6339082001318102,0.6448614000853375,0.5332992581922906,0.5606238789003211,0.5745173460851899,0.5058813576759774,0.48855080878346246,0.5493369426434129,0.458977840996783,0.5828789411031536,0.7145742672028,0.555759656974253,0.4726272123297267,0.5494760130368863,0.4535159860066096,0.5108657064679532,0.4873856168139753,0.5533647214466036,0.6261155272038689,0.4664608589655061,0.5647068758621607,0.4952981689048212,0.5282936603026066,0.6106562358786387,0.488078506652948,0.5146321188734267,0.7542846858404303,0.48475861608388626,0.4989996614897859,0.5065433874391968,0.4688001019868578,0.49218946523248824,0.4837094962054942,0.5058406630165199,0.5262503356993291,0.4821432726436803,0.5201794997155198,0.5637501067623277,0.5097100120757492,0.48743753460717976,0.38460998759826376,0.563816801086445,0.544485522692779,0.5444223856641578,0.46513309196018304,0.5193464049864739,0.4946572204432169,0.49657376109335993,0.4960643108510527,0.5728735537655786,0.5413005966166862,0.6656490927755216,0.6120743082376336,0.4893345467997173,0.5275091699634221,0.464624370497445,0.502672074227064,0.46294398866390973,0.5300460140540011
0.5223160005392228,0.4829310183045955,0.5033547077208046,0.5225436533836298,0.5056583531798192,0.4550126153222241,0.0,0.429191064295007,0.4537379711317849,0.5404667643273294,0.4987198680660905,0.48705752849034784,0.5205568534816295,0.5409121461450161,0.5041981172793444,0.5028090933175786,0.49151379758273755,0.4827338559591574,0.4150156672641631,0.47506152614645125,0.5132394737755678,0.4980305319779372,0.604316056685633,0.49967944221768307,0.5674697702554576,0.5969378321320797,0.4611802540810506,0.44033885826106206,0.5060116515713955,0.4260543625997492,0.48707036450665825,0.5664679926683129,0.4927002236971981,0.5703695716446979,0.5443248695219376,0.5991862499352542,0.579354633158102,0.46945638362523495,0.4367490544191137,0.6425246929085172,0.4590920290916729,0.5377697682214824,0.5258808126179068,0.6011507679417117,0.5565578937234551,0.47588242628668537,0.5082228822055668,0.5809760433041533,0.7013999276418587,0.5280448589901063,0.5823718262284612,0.48525709631575237,0.374724847039803,0.4849851584086821,0.6239105436754534,0.5604633498775059,0.4801990775630595,0.4666958658856204,0.5570264160844217,0.5109731573347681,0.42771707983815366,0.507120063738275,0.4366802401200433,0.5714494983153379,0.4596793029925717,0.4404073315997225,0.6021230925364799,0.5548113935617537,0.4652726492675091,0.4413223107702211,0.5562315205072055,0.52101165282891,0.5384626289195386,0.5593344405545657,0.40498275893130947,0.4275672518130693,0.5735565459303732,0.5603854360079399,0.4216015746103635,0.4252856592094049,0.4277197918757689,0.5181064467112848,0.4701457826456108,0.412024807362152,0.571966313878856,0.46099003912466824,0.4769347122377241,0.54132125030348,0.45095315999180674,0.479571261902688,0.5951156394684841,0.622930437426514,0.5498119625163377,0.42851531975108226,0.5931487151208704,0.5239956429372816,0.38134492701702977,0.5670652126730881,0.5796506046985733,0.5291329353064045,0.5036119297311548,0.4913311532841963,0.6201701200173801,0.4910211017107883,0.5040152628713164,0.5171866236623645,0.47520095200362916,0.48705245555498256,0.5309682856780792,0.5685006865775141,0.5863862634026281,0.6187509579075965,0.5790042334278822,0.4346723638885503,0.4489729533283292,0.46499569956701703,0.44031404699521365,0.6149053237032756,0.5716319903948354,0.48178234939837083,0.5515735664182048,0.44309886408284616,0.572496492336254,0.5174427122447847,0.4967083195576303,0.4775877341149167,0.5385695510284877,0.5348430498466406,0.5526485176323239,0.5202604916791866,0.4296763436085351,0.45794958312531414,0.4312452332034597,0.44446612450231815,0.46977059103694563,0.43623094448634614,0.4212556834314358,0.6074757658144371,0.5574421024996388,0.46866529517768923,0.4240105659847482,0.6000626703659209,0.5512508036637921,0.5538586700203346,0.5647341595465719,0.6015610239297399,0.4786757092274113,0.41406691214687036,0.5364622869530419,0.40798181126152017,0.4920675549644466,0.40552094083046136,0.4267613037817043,0.6946971214522488,0.5031311902928336,0.5135735748339904,0.48001248218235393,0.5079348459626426,0.5473097957792745,0.6099556204974379,0.4200226486478083,0.4770675767040155,0.46383034018328584,0.49514557489749783
0.5419022495631904,0.5574497492964217,0.5169681429418791,0.5854959364267197,0.3903684522563889,0.5887605468760784,0.429191064295007,0.0,0.5734089890863656,0.5182274998198123,0.5240021940665394,0.536120222782451,0.5649048322248897,0.4709116383401686,0.5161075021575211,0.545441900823351,0.5231444678814948,0.5116442925117237,0.541301272645063,0.565954107573314,0.5244024577311456,0.5157062197819078,0.4716068786831053,0.46896752514898105,0.5690623153442805,0.4583868100402382,0.48335696523313015,0.5594482464963756,0.49150929984381747,0.470398384483309,0.5665100639894246,0.5215684115619076,0.6118123723427662,0.5001020954826819,0.493936071899193,0.5362449033518353,0.523720182009129,0.5824480652582827,0.502508687602826,0.5101766745011955,0.5434686807890253,0.47862404484308785,0.5099186625828396,0.49163886087440184,0.5930396332773965,0.5421423794221306,0.39945731532730355,0.4871052958113703,0.4786155139074804,0.5100274430858357,0.5243945506656051,0.5115127615725635,0.43283302743953345,0.5158141900774696,0.5531576607159225,0.524953892264354,0.5746931893698144,0.5702776290797146,0.43291732768678476,0.5658290344974789,0.6746415923516448,0.5018440106642519,0.5450056317393446,0.43553777799669197,0.46378594009043456,0.5118946132360386,0.5110854364356509,0.45291842976583135,0.43662567302315325,0.6645128511920741,0.547328208767934,0.4789875480808143,0.46138740405686346,0.5346788393933627,0.5931327715487948,0.44693002451561803,0.4956373566022062,0.4285763488488382,0.5902778238811851,0.43836566953788475,0.5039628371421496,0.5528527291717719,0.5157754516613475,0.6082685645644033,0.5747057336742584,0.6474859719204477,0.6369765181489885,0.44603818543488005,0.551436250400659,0.556947985485376,0.4897784235588461,0.499378139941417,0.5247435846111341,0.5072839369397306,0.5322338301664691,0.5155698127389244,0.5141231160072691,0.5278743420504458,0.43968153403681653,0.5088024008663713,0.500539439381725,0.5876833894449381,0.4557234511368758,0.5291205988604395,0.5954868039389858,0.549702026122938,0.5604088894186748,0.5318275969484545,0.4922763208956657,0.49268798953994686,0.4687292712654599,0.5100466819038293,0.5305997183379053,0.5245441008379235,0.5540893203933953,0.5551297192567154,0.5095420540092893,0.4800007480508885,0.4696793819270067,0.48802857963319757,0.47484208324972804,0.6121881753604895,0.5119243020065881,0.5407112865204323,0.48604499399302764,0.5613052465166253,0.4588414124509864,0.5401664316494359,0.5687355555195089,0.4988744457088213,0.5264982380692571,0.5815042728127927,0.5989811291191065,0.523089971494264,0.5297173876422181,0.4347642991720367,0.470993264526425,0.48319756660377455,0.5594133137451712,0.587433498393274,0.5177484951521363,0.5055737990765252,0.5246577264323792,0.5335111241416027,0.5057294832468883,0.38981581228677387,0.5317490693194765,0.4921420033088352,0.5553976459199886,0.4617326026757771,0.6124528582921684,0.48037032586409,0.4734982394368517,0.4479420680116132,0.5848499234807598,0.6324465620199632,0.6032209390809127,0.5387631457373451,0.515111007172101,0.49974516401943303,0.43671007302462206,0.5157233508167127,0.4990763904265284,0.5102505744281137
0.598598642133476,0.5876070978501866,0.4900335684211923,0.5384117218421025,0.4367976405179658,0.5093078145528451,0.4537379711317849,0.5734089890863656,0.0,0.5281536793689005,0.5739529958585592,0.5292602989648262,0.5177554262918851,0.5315765276571479,0.5359132465666825,0.5316354648315731,0.521588906382446,0.5657535962944374,0.5199533782705319,0.618083777570421,0.49877784296600364,0.5629342299777684,0.5264696034314097,0.4691896363945603,0.5991035068174085,0.43803561473048075,0.5530824441109862,0.5591559221318367,0.5753527643433745,0.5388726563812527,0.5985378151009221,0.49488450633883185,0.5626498422944788,0.4685007680725099,0.6212118130413311,0.5593808357831466,0.5209796008692986,0.7112029588276917,0.5015853726226792,0.5165243767124571,0.5496062450323038,0.5278740414791646,0.49332282110631576,0.517663285050073,0.5282335151874719,0.48089086343885,0.40420489951104993,0.49447710134038125,0.5270631017833389,0.5233182928310435,0.4923428857508112,0.4752060478358794,0.4331843625674964,0.47828534054279737,0.5520152734712153,0.5461846535150868,0.5643143793308513,0.565106165116316,0.44905966297691446,0.5443888966708945,0.5024521961562525,0.4707400909701702,0.4835097142087392,0.506086518532523,0.46795033660999996,0.4477142336553539,0.4836540033036976,0.4457100083138945,0.4691480623672212,0.6263673076320408,0.5262056654495857,0.5524881253116745,0.47463625290097766,0.487743477145759,0.5585876343230312,0.4453837983883927,0.4478154993587497,0.4478000001345497,0.5127613666766381,0.433392307497594,0.47331499732749494,0.550220651038771,0.5371065907464245,0.5574309603024644,0.5726966370027134,0.661065372313883,0.5567011824464105,0.4568986571065748,0.5035988805169659,0.5501906576422773,0.5403882417355439,0.5266035285559589,0.5831047044493327,0.47902929932633587,0.5820537663538652,0.5467772297595705,0.4458025249689676,0.5227495355515368,0.5206204941140792,0.4594104630196717,0.5617371277639513,0.47014093107746285,0.45376251037344295,0.5617099290667426,0.59755622132819,0.4882105526589912,0.4628717209751217,0.5755036569695284,0.4756209589756331,0.4841861932493678,0.4562283936062535,0.5662544971965212,0.49228321449456053,0.5808692901278699,0.5206782904627902,0.5510208256601363,0.5063391062392341,0.5456207104329126,0.45209689507321277,0.5531265357740259,0.5565878667029298,0.535498140315753,0.5389731310883782,0.5176830544527898,0.64937308693749,0.5298060228314481,0.44027132396467106,0.49169339150269536,0.5464618910940282,0.5254920290010441,0.6121772534568362,0.5231852196844694,0.591570738134505,0.6088977650023927,0.525506717249208,0.4705111312565308,0.49278790666873923,0.5435736577547098,0.6213370459472343,0.6124117199651972,0.5137024243665612,0.5595892309630427,0.5348656569704776,0.584720259331872,0.5414822820465398,0.40143908320920985,0.5654211446103703,0.4555431072367447,0.6093090915015923,0.5169963360389128,0.6119575909721836,0.5186700917590035,0.5098437710777165,0.44788012506957603,0.5583536493168649,0.5913278265056326,0.5920315048440996,0.49268369135751355,0.6202038084565985,0.4905408764992908,0.4253756345560293,0.6210473886017214,0.5235796788343376,0.6066732296397281
0.5958893001441795,0.5447576637936672,0.5214177198278092,0.5277489439615115,0.42781781762058047,0.5301862360481915,0.5404667643273294,0.5182274998198123,0.5281536793689005,0.0,0.494679312739523,0.4714684096039995,0.6459615331117126,0.6291085497069328,0.49667278333555914,0.5728505223279465,0.5575398189337458,0.6117730681741892,0.44584832088351556,0.5292820781475478,0.49444901968016786,0.483426801939675,0.6192417088808629,0.4490827930483255,0.7113072062759696,0.5142017876429308,0.5491804839151564,0.5409673139623424,0.6186789134753516,0.4989215920900262,0.5217731801593943,0.6443039013196211,0.5433487289571682,0.526234854169479,0.5496163404988081,0.5513610579685931,0.6013308147194766,0.5850647051937016,0.4158699378725956,0.6180986614627473,0.5010763080593588,0.5369964200621372,0.5495636942157552,0.5232439173832261,0.57455170466896,0.5645715636011848,0.5174802215639772,0.505957760041294,0.6315162814544003,0.519043521608795,0.5460913466843345,0.5054247398569635,0.42961428248245037,0.4549909636907456,0.5716337160612195,0.7154602361708817,0.5267664849268098,0.5053637659534616,0.5408857791190941,0.5656963948773185,0.48216514067037963,0.5999918654375059,0.4953420430764407,0.530397169071352,0.47032671922065644,0.4976517840170407,0.5511330296375747,0.5632032664813835,0.5397496525473227,0.5581286007441463,0.5587152100205321,0.611402952548594,0.5143030888768544,0.5500089935667619,0.5017973948783863,0.5435901302233974,0.5024331406844091,0.519614756758546,0.518988109251496,0.4993861315585405,0.547360411057309,0.49551241088980075,0.5532988911906261,0.5660300416044003,0.628875971817966,0.5588747681669637,0.5375591034748872,0.5582353015690029,0.6471271534012351,0.5065571104547881,0.5692719982474621,0.5772221852897585,0.5858772644335896,0.4803833512463799,0.6163370709589506,0.5776926998372094,0.4069035142740396,0.6227252467909662,0.54565066814921,0.5802538192262033,0.5511821260020919,0.5012328388605671,0.5502314436527957,0.6131171306354141,0.5974897800989594,0.6061627110538857,0.5224522253244955,0.6285703545111442,0.6052618795638529,0.515057712600989,0.47148484922787487,0.561731712849133,0.6131914113026654,0.536467842432054,0.5672607164320952,0.5483972312652109,0.5903217871685689,0.5783613623641306,0.5327601567604368,0.599974288838249,0.5067018918933814,0.5467803811919661,0.5790425852304985,0.5713604597882105,0.5389308808977249,0.56190796887181,0.5181812035787497,0.5013435285576818,0.628702866691534,0.6087974391256044,0.593515521117867,0.5120791845395402,0.5378651308460118,0.45542698855833874,0.443418827184619,0.4661505172944205,0.4970339107597222,0.5683361463320351,0.6089814922492526,0.5390112211556961,0.543256800878873,0.6452738779367914,0.5502835310736924,0.5365789131556483,0.5599026484403621,0.4802552995182074,0.46657860004726676,0.5341713927078684,0.7175672046504717,0.47304933592268983,0.5067977402199919,0.5291431594646581,0.4186271383402132,0.5794829669900635,0.5717757098648849,0.5661121412546497,0.5306937806101032,0.5733535267405162,0.6068226047448368,0.6861759114102637,0.5650471678652801,0.6124260462772891,0.5656634155259864,0.4884595929877191
0.5430938058805159,0.5319518967766738,0.5937774578955066,0.5831301205841073,0.5491789312446133,0.5326508689004024,0.4987198680660905,0.5240021940665394,0.5739529958585592,0.494679312739523,0.0,0.621425691955561,0.5305238187337333,0.48446104239214377,0.49448421081557903,0.6430989690927932,0.5855592938526798,0.4913821824385508,0.4983954933731866,0.529687627275148,0.5789507269355852,0.6486025222780806,0.5498694563405963,0.5264058050737085,0.5670827521759073,0.5155109458784914,0.5295360275873074,0.5398437376793186,0.5397707732436906,0.5579347799658236,0.5002530897711319,0.5091397567598189,0.5200189898229711,0.5047610643535299,0.5284629121938141,0.5664730106448153,0.5487830260678381,0.577680591207673,0.5219058678876857,0.5597591143271429,0.5078431407054713,0.6393911358558337,0.4893974367483123,0.5586103814255431,0.5211518385586235,0.4512476159732949,0.4116857374539483,0.5815359818726031,0.543764436193828,0.5171300075917625,0.5293344060742874,0.5080139235901983,0.3835692885287486,0.5176432210558138,0.5936985715455,0.5268280078134063,0.5412270223519648,0.7430592005922558,0.4319111898472764,0.5130169403082502,0.4892684285501506,0.4496852730292965,0.4829773537347221,0.4900836285768602,0.42695234725828823,0.4195854136322614,0.502903124523508,0.4593516429945688,0.45318461729721154,0.5537614156737924,0.5273686089614804,0.46238337396008466,0.5026560465155442,0.5466312247161853,0.510799863353231,0.38551063738777797,0.5467830366014234,0.5212711798299596,0.44933327045640875,0.4372039324579935,0.44049384549990156,0.5403146955825099,0.5261100217751286,0.4726426186181171,0.5826005128405941,0.5638450570478101,0.5508688832138482,0.43081690714022675,0.43814275252124385,0.5323740223095641,0.6525209781586272,0.4936429500729379,0.5722631013577693,0.43639469417232696,0.5681654680781673,0.5174960987922916,0.40960358513757394,0.5086256406885518,0.492232881044947,0.44964468527314233,0.48076113157287376,0.500941814799299,0.4582969035930263,0.47931407268782844,0.5156265023249939,0.5079149505790826,0.4720458359368694,0.5685857520095683,0.456590111656725,0.5501661683515334,0.5425229994663378,0.5952665283897413,0.5088960409374166,0.5333556582446559,0.45789738608370417,0.5910200953602003,0.4368434922643398,0.5566517396867529,0.5268038883687775,0.5102394561811252,0.6178235657027443,0.4912246850160157,0.5610022527144727,0.5222163144614448,0.5082682968979683,0.5003191193532582,0.46554489917757536,0.5639629287609887,0.5527394781360874,0.4637545971346286,0.513629535768578,0.5953246011236876,0.5135851527953248,0.5752950780860295,0.5276201211177721,0.41389956922657856,0.4457006348055863,0.5147028412598271,0.5793326266884301,0.528187365968038,0.4188224875734868,0.5863074737057777,0.5237455127921539,0.5878231215957037,0.5610883523074779,0.42426970521423624,0.6076251290160412,0.4202855946427574,0.5404350024829111,0.5183029108260252,0.5504641921952371,0.42048020659363816,0.5552343182545114,0.48995088064729897,0.5598915482882587,0.5407237871644088,0.6201273960871535,0.5468751789217067,0.5131131828895409,0.525886021695295,0.3806368561151806,0.4926706351267266,0.46817352099891596,0.7270599666589552
0.49599030090676466,0.5748361084182214,0.5320921398677596,0.6255188741085806,0.47980583230038765,0.5476958462444304,0.48705752849034784,0.536120222782451,0.5292602989648262,0.4714684096039995,0.621425691955561,0.0,0.4829644514517452,0.43567031708997833,0.5227472552322053,0.5476081569665942,0.5280288539966594,0.444398157616212,0.5641182236076783,0.5277549673234215,0.640715568022386,0.5763031199254862,0.511203367128455,0.6351211459090571,0.5529646610429262,0.5046639640873887,0.45249390711900345,0.497311990003469,0.5156057275829344,0.47793532815580453,0.54046746058166,0.4722310115024112,0.573112176331559,0.5563781898479425,0.5002523364232087,0.566136330413543,0.5160457776799389,0.533413957761934,0.6688018489684626,0.5528474402645159,0.5875169068660726,0.5492962584687245,0.4688705209927112,0.5978697046316443,0.5348143636436375,0.4686193569700494,0.39651697080316795,0.5683309606459179,0.5060414683513854,0.49387808649131665,0.5268229150380823,0.5329002820100407,0.3898676371348841,0.582448510018612,0.5820160239663945,0.5378951142834169,0.5606532431802516,0.6307596202619207,0.4129265505007591,0.5190110594187498,0.518281176914223,0.43485582147330115,0.467865018416747,0.45036767944137435,0.4381903276821377,0.43594081662831696,0.5145562890519577,0.4314240520005396,0.38483534935115954,0.5009344456134569,0.526520541392197,0.448059878410019,0.45688180237808423,0.5247150098006448,0.4852087117280243,0.38899013714200115,0.52185813606182,0.500960076889787,0.4856219306599697,0.46082277742987143,0.45949274475654206,0.5769484101257576,0.5296080357978162,0.46526122631989403,0.5950747152576296,0.5975101633217643,0.5313172557479422,0.40042094877678974,0.4358840081342705,0.654142996665217,0.5215921870643503,0.5197886471429416,0.530864025836256,0.4662005238729171,0.5470146971804213,0.5284257893764196,0.4508432701530111,0.5494415850310087,0.46579105060980597,0.4560999898117238,0.4982631668149415,0.5010078457382438,0.4537784028275183,0.5006987884709293,0.4928558324924688,0.5090678936230782,0.5004886077260127,0.5392578802436242,0.4651073046007384,0.6409515068278198,0.6018411526722821,0.5777467223021663,0.49084481423535264,0.4949893591598074,0.46094685818272085,0.5658396715188538,0.4474527754116286,0.4932910708773959,0.5103859040365096,0.46461486418159187,0.5847642335760245,0.4877258009217063,0.5842263115081493,0.5661062725653864,0.5092936861459534,0.5371800228511814,0.44904465302369007,0.5939176836572799,0.5831995999408436,0.4508272763730948,0.47027859260339244,0.5796191640861673,0.5049111979439733,0.6457282711839268,0.6251006810506006,0.42194931526168766,0.45955142784563097,0.5112785640814802,0.5508135983129836,0.572566122714443,0.422342201757307,0.5208447510480316,0.5425261795881946,0.5641396264767468,0.5866143319918298,0.39823224544066776,0.6880270069179675,0.4386739156116175,0.5250360154851115,0.4959925676121622,0.6124898223092712,0.4276454543477538,0.5340695273943225,0.47227385000079597,0.6556564105364295,0.5812208681808378,0.6356446268622242,0.5853776608924203,0.511349321426993,0.48170851325583836,0.38209926129944016,0.49616560576207475,0.5046824109773059,0.6777811565930341
