0,1,2,3,4,5,6,7,8,9,10,11,12,13,14,15,16,17,18,19,20,21,22,23,24,25,26,27,28,29,30,31,32,33,34,35,36,37,38,39,40,41,42,43,44,45,46,47,48,49,50,51,52,53,54,55,56,57,58,59,60,61,62,63,64,65,66,67,68,69,70,71,72,73,74,75,76,77,78,79,80,81,82,83,84,85,86,87,88,89,90,91,92,93,94,95,96,97,98,99,100,101,102,103,104,105,106,107,108,109,110,111,112,113,114,115,116,117,118,119,120,121,122,123,124,125,126,127,128,129,130,131,132,133,134,135,136,137,138,139,140,141,142,143,144,145,146,147,148,149,150,151,152,153,154,155,156,157,158,159,160,161,162,163
0.0,0.9554531845273662,0.8522621778145971,0.7565725566574582,0.7080861599009306,0.9306052104844018,0.8246985585982847,0.8876089193610412,0.8459419755999288,0.9478163840832766,0.7659561727503253,0.7895096598327291,0.968043457126502,0.8819006703208631,0.9764095719375181,0.8370480665789857,0.9012935120971555,0.9674165462085105,0.9140550058411598,0.9403001230641336,0.8442192245773922,0.88865941508295,0.789889136421354,0.8493782464154874,0.9200600039278186,0.7127142656789497,0.7349085290102543,0.8944310141471846,0.87530008766708,0.8534264704900277,0.9263452773062154,0.958909377578539,0.8981474138166747,0.7890074232644358,0.8964202218995931,0.8360508648309719,0.881744591324864,0.9352054463435193,0.768704737996207,0.9194207084975083,0.8841309682641182,0.7881179091519261,0.9131402210684127,0.8035528048705061,0.9261431994309542,0.962837132750185,0.8930813911139829,0.7699336404668772,0.8846544908659912,0.9089327392529138,0.9072820281635129,0.8841348946490837,0.8406770041743888,0.8561962033445941,0.8129463801119258,0.8504063694814559,0.9339897537775586,0.8029126878303859,0.8578273582377582,0.9510689611835592,0.8930137966257893,0.8666352663801156,0.8782678760440844,0.6619941067701661,0.8776192367514803,0.8729808484757967,0.8084503895941685,0.901487959607679,0.9005855669303718,0.9096778873708138,0.9288314802158673,0.851669860464927,0.7245272758988369,0.9192353566320984,0.9404834840034673,0.896050951953664,0.7519637531209863,0.7259031082028732,0.92329783426694,0.7795248811559816,0.8767771095859669,0.917746802424065,0.8919289374471007,0.8866125810418377,0.8703295328093191,0.9419254663191419,0.7937183458825019,0.8780871455846981,0.9290543218965418,0.7446364060279453,0.8218388470148519,0.8429255102483332,0.897630919215208,0.8966054739083128,0.8784351668009417,0.8504127564289841,0.7935479283378122,0.8121042729914529,0.7020414741497519,0.9474787280847601,0.8584445958813365,0.8057767505132282,0.6960079775892314,0.8279668010735087,0.8796036040449041,0.9152960288946117,0.8880552299764427,0.8695594649391774,0.9551504744692125,0.8457212619649744,0.762415523799386,0.7357888863248209,0.9130503956082376,0.7142614727000475,0.9075049625608832,0.9247607849482566,0.9157670856688792,0.8761225797007521,0.7713717821018857,0.7470716289181373,0.7564241497981952,0.7889043580840002,0.8934302105818648,0.9242102397448054,0.8491976186753176,0.9298927080181708,0.851923229608444,0.8067792604071755,0.8933083528797284,0.9153835311177745,0.8540458519536411,0.8236652809729881,0.7762516876105207,0.739802477970945,0.8360675649421486,0.846148190480559,0.9321066717507235,0.9357157625784102,0.9097478834858594,0.9493537265835433,0.8253729460785034,0.8569704533228876,0.9382730865964921,0.7186523003319601,0.7722288000538072,0.7913686335527989,0.8333213413643963,0.9225530923618228,0.9679408468413503,0.6365382229525122,0.8593091053163417,0.8635685516212209,0.8228660798406329,0.8382436643302438,0.8633020353809225,0.927213136508171,0.8994223656814168,0.8536348488739445,0.7837004663520037,0.8307449430851183,0.8562114604265778,0.9187865533366488,0.9536856507619704,0.8007171881901007
0.9554531845273662,0.0,0.848343177736573,0.7711805601095312,0.7053206325420407,0.9296808026167526,0.8376127615850163,0.890553630602938,0.8942092138967498,0.957820543237114,0.7497683622220015,0.8349019524983051,0.9122518495953229,0.8087686990252574,0.953240098676788,0.7987323347731273,0.8626018032986759,0.8954043324975176,0.9048825473623302,0.900130044575093,0.8353026881738308,0.9009454628268602,0.8112180083719829,0.8705088737316485,0.9352634602317895,0.6932006961138193,0.7519006832475912,0.8696406301214769,0.8463327932120813,0.8558859941942583,0.9264873987233215,0.8813953048611554,0.8941117042053688,0.8066156270171471,0.8801211078047968,0.8036942207059469,0.8518599341357246,0.8553841113253605,0.7580440464273669,0.9008876747057406,0.8690387372660122,0.852486340661003,0.8207331006256753,0.782261926923414,0.9149263813994252,0.8975078012398343,0.8703592836877266,0.7340256288382616,0.8508100450116577,0.8293066304521928,0.8438368576126158,0.8653791638359957,0.7824390419957892,0.8436864184832783,0.752678784614339,0.9192854388749737,0.866676974073064,0.8072035386127296,0.7906480538266215,0.8843707671824076,0.8398435091904238,0.7709359380583934,0.8074585757333212,0.6237931236151173,0.8039429861830085,0.7890240278474735,0.8036402868757647,0.858579172537035,0.8003348656951025,0.8770031012674461,0.8765712361283873,0.7554574861825688,0.6989705008998773,0.8734331244734053,0.8915032971397941,0.8191072523329133,0.7093863005854398,0.7229590137770846,0.8489939697912451,0.733822992704873,0.8258761650012524,0.9301070973275471,0.9012103469693838,0.8126726258386758,0.8135754317321852,0.9686808864946441,0.7636289035600429,0.7754662943187958,0.8741108863394225,0.8179781220153407,0.7986969861181439,0.8853697212669519,0.8221623801678589,0.822719667495325,0.8318259458126576,0.879687055344307,0.7423990998431872,0.8807250483901436,0.6703658285418523,0.9181135336777736,0.7654713005985004,0.7317347851486812,0.6789688967174883,0.8580533770528662,0.7996002715236404,0.8757225985968152,0.811915250995117,0.9351950568617999,0.8966722098003344,0.878452481630614,0.7687034661073853,0.70344958295926,0.8678992559526737,0.7030742715336096,0.8252992518593663,0.9460527172453393,0.8716954401381474,0.8075525218082313,0.7634818546228518,0.7741460430902743,0.7225736767795047,0.7459178751296777,0.9001467652228916,0.8934177806400736,0.8055683167139317,0.8921887939736644,0.8098180777670314,0.8046487004370797,0.8784510739016581,0.8236564400135746,0.910551577397343,0.7907157738269011,0.6990752383810218,0.7854437306501166,0.8264807693426751,0.7675874360741182,0.9121394348874087,0.8948384848510462,0.9005571390070836,0.8980048746370564,0.7800670995156811,0.7981128280060721,0.9534505610735843,0.702056381696109,0.7511778408447413,0.8046434966273655,0.8697156546045168,0.8658959763161901,0.9733579828709907,0.6421952125317113,0.8298312239025425,0.8059901752373932,0.8190259006483995,0.8622355828851516,0.8964990516168236,0.9096333447372551,0.8792824228558825,0.8695429560748514,0.7658300096132166,0.749952087632283,0.7960883065396315,0.8828125978415323,0.9692267820853343,0.8098171194425069
0.8522621778145971,0.848343177736573,0.0,0.7185979250090113,0.8980855519318416,0.9408634108969199,0.8353665705055878,0.7739698424452222,0.727786281300895,0.8087448030502427,0.8712332272449029,0.8502529926740877,0.905993226675205,0.6909026357080065,0.8908826391456715,0.9560738695371832,0.9403096196276404,0.7837645640252379,0.7853466510597387,0.7630560095634017,0.9664532706066022,0.9719297776830894,0.7245819771597821,0.9418032148567979,0.8084801429208959,0.8949777003433873,0.6405371771400928,0.710075642651574,0.8713332808848021,0.895570782133449,0.7680278157834247,0.8699701116637036,0.8213318923884133,0.7242342424921439,0.7115404508341153,0.8174667083444329,0.91043102075826,0.8722555740086794,0.8521464182998246,0.925982407132403,0.8739308965043928,0.8735102370315294,0.8963792804478699,0.8888562544009161,0.8069896508636067,0.8383333666322362,0.9392886173638793,0.9120676767391301,0.808012254234362,0.854656324541048,0.9036556208453524,0.9340011579294076,0.6917154205737845,0.8709129623282125,0.8031231278136197,0.8355824696292095,0.8505096116086001,0.9245707403343412,0.6714901353729461,0.8069639059614455,0.7660079910278934,0.8117207274421255,0.8638914958691498,0.6041150967310198,0.7378597804661026,0.7397186611201488,0.7517330767792152,0.9583986970563962,0.7700255530597129,0.7941159590185094,0.9518804708357711,0.6548844225521923,0.6584914936035174,0.9291878351309564,0.81362438629963,0.6857392362928295,0.8480063444395799,0.8929644277769889,0.7968178280004868,0.871841191234448,0.855981082892963,0.8421816400700737,0.9412617053582941,0.7632410039574546,0.8364093904803882,0.874931393689789,0.7444180197157243,0.6851839631525376,0.7123558614821897,0.7584090977918496,0.9305903230548267,0.7190338600638634,0.8726287900797978,0.7398063098936102,0.8045552127185761,0.8526408312763329,0.679847378564309,0.7433994077966504,0.663089487543744,0.7620519776943769,0.6861559489590032,0.7939530470717437,0.6380716242912804,0.7187017815456322,0.7118745261025542,0.9587277460277329,0.8404750333490624,0.8244704706914714,0.882169334078928,0.9382241311065421,0.8258659069194273,0.8066145818309796,0.8268454515288619,0.6380819063616173,0.7737695847653022,0.9500103105146162,0.7156771803614421,0.827572553533535,0.8502821362031756,0.6720006374282296,0.9109450622216755,0.7340556221368882,0.8998507201946061,0.9403536210422665,0.6721156935007501,0.8967548158436998,0.8284920739003444,0.9228429243460317,0.8581023438819474,0.8095495019656,0.7569521300172077,0.9635715116265605,0.6563343219414002,0.7501853318323949,0.8292821708665508,0.7767323202282094,0.8882580897056819,0.8918616166148897,0.7837798413573254,0.8582619344983039,0.6570820869091952,0.9341645634690631,0.7987447344530353,0.708192207203211,0.9060702221400448,0.7765404745682123,0.9518960033999094,0.8650305790479157,0.845669231792603,0.8287443654106469,0.7211888101531165,0.6862566406437092,0.8199755667244415,0.9178617868289306,0.8814093705390676,0.8399883433230064,0.8453861672715838,0.9540696661626645,0.6381617189821528,0.8021861354549689,0.7232746570705245,0.7178539328968345,0.845166350116243,0.9098390234368714
0.7565725566574582,0.7711805601095312,0.7185979250090113,0.0,0.6805756682726258,0.8072829805609407,0.8347830189371711,0.7536877087762978,0.6797004905526832,0.7565483441844335,0.8029322405695803,0.8233018552500976,0.722650388498719,0.6950236003366134,0.796843916170141,0.6962326817528512,0.7426850668101114,0.6922533960812327,0.8549508212534843,0.6666081220829152,0.7703547718437552,0.7544205354462155,0.77672059110588,0.7495756148553405,0.8318730425486178,0.7316370324294088,0.6977510440367621,0.7967709269942203,0.7991523035363123,0.6869923664603689,0.7949070981043763,0.7365706667586399,0.901260769688716,0.8455429100056321,0.8450434670721021,0.9007609297704435,0.7641104913168423,0.742888863230546,0.765941247180989,0.7815869989222807,0.812324188121376,0.7385588348158526,0.7148770341964832,0.8356837300946962,0.7700564529831034,0.6794375381268605,0.6650245193511425,0.74779615661038,0.7885769664926888,0.6966939072646434,0.7975927289143304,0.7924732392530857,0.6289841144378588,0.8947311475230428,0.8614950005208739,0.698639373268205,0.7188163025094898,0.8141755407658192,0.6788515437307987,0.7065910614558212,0.7724792221031342,0.6434734576165295,0.7341258930453108,0.6092317988459267,0.6498142784538989,0.6417602989515634,0.7737618010743668,0.6896654628000705,0.6769977575090187,0.797705325912239,0.7170449172700128,0.6363724167054245,0.8175463730481249,0.786268765508735,0.7267249962602959,0.6450752740599853,0.7125723760981778,0.6952909833455204,0.7088129656078869,0.656568206762985,0.6804010611734171,0.8389990154443031,0.695142571843086,0.6952068783987029,0.8375857484018913,0.7376813719567334,0.8097214936131655,0.6964753787354809,0.6858796259443856,0.6575962251135555,0.8134070747679722,0.8634309185641575,0.7501063699235022,0.6733054089706441,0.820936800114414,0.821921134608862,0.6385033779930348,0.8464203350876448,0.7519399029890029,0.7803542451653368,0.7411994902807846,0.7185887735906382,0.9140860093880877,0.8520194139194921,0.7339440373249138,0.6773393365286624,0.6923686511863762,0.7847797507725003,0.6987336728114154,0.7347420219683418,0.8754545325718411,0.8193456825176328,0.8589195133726638,0.7304284675593891,0.7113789112790494,0.7568207219373715,0.7095809162368178,0.7040054649851144,0.8699298464056417,0.8559962894700414,0.6474056227954116,0.841017689687861,0.8094457689897637,0.7579214322985955,0.730311472372489,0.8126176593077923,0.7403091370886837,0.7000969501002569,0.89865068259152,0.6470473218321259,0.6522906297668086,0.6743618226471303,0.6654874112628759,0.9040088929958666,0.7682262504473509,0.6095787908192181,0.6611280089802705,0.8083385497007263,0.7726081804850718,0.748427958592469,0.7704770243521506,0.7087651223727108,0.8081095244887394,0.8287425014649067,0.7545871995470084,0.7991453717605984,0.7267926410806558,0.6629522899275782,0.7472536707120928,0.6166214330603784,0.8833162036109893,0.6992022049233008,0.7474067557213554,0.6505223168063171,0.8788954084913811,0.7323475743722544,0.7207327236253906,0.7640456713479857,0.8936550225697777,0.7590349377639123,0.6365427979628979,0.7822326824853332,0.7537127542377976,0.7898774720570606
0.7080861599009306,0.7053206325420407,0.8980855519318416,0.6805756682726258,0.0,0.8064392195102782,0.8435417361735982,0.6255313047600001,0.6094986783430659,0.6805683258965681,0.9141830392557581,0.8465430624480866,0.753962411357697,0.573370987001248,0.7638350767483125,0.913848976421683,0.8428250131579482,0.6388994039630385,0.6870774573336697,0.6167786274542327,0.9049391997177565,0.8673219585704689,0.7184941361840151,0.9056924145362355,0.7163965957835602,0.9553195035830844,0.5980218445700878,0.6113282755744232,0.8409580750473853,0.8551658185934083,0.6564379971242544,0.7474221489460335,0.71420009751379,0.6966183241286454,0.6216382744812501,0.7413091401995141,0.8528946691543807,0.7386936289807233,0.865282566130058,0.8421956221211115,0.7687381099639734,0.8331033122458882,0.7878386869677648,0.9019642529141201,0.6670728269204285,0.6802259391962115,0.8258028385352341,0.9512501849594047,0.7773168694017402,0.7193163620962423,0.8128056970785574,0.8252437189567323,0.5683425756248585,0.7923389559708064,0.7925380713414828,0.7262373580551863,0.7244120860702298,0.9143124818581336,0.5629009831572059,0.6657934993442726,0.619826837675571,0.6744211797375665,0.7353910702846963,0.5595600281995555,0.6055849718634493,0.5988941078879686,0.6639583331225726,0.8443584538427137,0.6320981037563044,0.664912995131136,0.8059722019394433,0.5585509689773913,0.5892957729490155,0.8124655066730544,0.6484408339910238,0.5728305563890675,0.8582379627071176,0.9845397802492838,0.6477522611219594,0.8762627459614355,0.7242589645717399,0.7014707197045825,0.8488192744396592,0.6166067186154517,0.7474210926362932,0.7099475391507849,0.6630475135215855,0.580151890600185,0.5788259529295465,0.6886246474550138,0.9294004765364583,0.6350242798620205,0.8080184200226436,0.6197022743050818,0.6972209513266765,0.7911456822989837,0.5435384555034951,0.6532929459413035,0.6572000281359731,0.6182593994362634,0.6306434750282375,0.7088145432943174,0.6149057478655303,0.6357684435442991,0.5816484594137443,0.8159283449745541,0.6966899708331713,0.7328216455034005,0.7403986547549736,0.8884743993741397,0.8578572808549567,0.8256454750195221,0.6949168750994557,0.5949355618081973,0.6420128993563075,0.8288265107132368,0.5918225386807512,0.7951909025187701,0.8256209584046904,0.6112708266910896,0.9455578118436582,0.6438193347046072,0.8091944705323386,0.8554840505135604,0.5907828104033425,0.8076642308047631,0.6920203836461832,0.8825557856106521,0.7577470124287582,0.6687114404756004,0.6302883467205935,0.8587582959235245,0.5875858677614234,0.7183103765831284,0.7309438280220513,0.6651509691798553,0.7702081494176952,0.8135646397881992,0.6706837359889256,0.7518809956481376,0.5583115555665685,0.8885504888868615,0.6693800236700256,0.64271569432277,0.9570440574486179,0.7361269876442124,0.876019019161997,0.7280710461038268,0.7033950016061823,0.8786931123483985,0.6422477503538809,0.5845553324678199,0.7524113396773014,0.8237383463299377,0.8154317272338789,0.7028515201333186,0.7628136259574471,0.9002383764847435,0.5923131068236406,0.7798055183698522,0.5941511037823923,0.6206463748262402,0.694870104749934,0.9324756829594593
0.9306052104844018,0.9296808026167526,0.9408634108969199,0.8072829805609407,0.8064392195102782,0.0,0.858312913781066,0.8499550090409885,0.7833340089464867,0.8952841101042183,0.8457559441177458,0.8639618023381324,0.9359537177794034,0.7570763519842961,0.9579807703456954,0.8987880214924358,0.9389552794087122,0.8609633514153819,0.8959763862215001,0.821275233811404,0.9335144070183027,0.9419619229584476,0.7655932127609196,0.911436782918582,0.8967697204596483,0.8144690736288909,0.6779880659577757,0.8137060930206736,0.9217984030999847,0.882952140238988,0.8629576670044342,0.9113916730355566,0.9333955520559967,0.7769494005490415,0.8156501068804827,0.8597475496366107,0.9083486291135859,0.9153779798988004,0.8260050360303011,0.9338532882755339,0.941621713956878,0.848648280902418,0.9072642656658974,0.8985484816191162,0.8617570793081162,0.8913096935239364,0.9187705365448533,0.8603444476442018,0.8455110180649773,0.8678669875860383,0.9305111742304926,0.9650787997463433,0.7625592267967181,0.9199735953560729,0.8385265941943147,0.8616216824603607,0.8938417199662061,0.9125993721733943,0.7341752459506797,0.8618051865476786,0.8469479385550603,0.8296164646067324,0.906214662234885,0.5915053397763446,0.7923262164935411,0.7942822077239599,0.7676203412417656,0.9293697192931318,0.8094082521020863,0.8806215102812688,0.9451525896136062,0.7197229488042438,0.6989581313895353,0.9365126512383236,0.8967238419637916,0.7761035291556905,0.7909127222219717,0.8191603308856711,0.8785164520615675,0.8476570346495734,0.9018018026867508,0.9069442888447411,0.9344717727696359,0.8487692134347479,0.8805761278803335,0.9318519654859325,0.7934420382478514,0.7522961411373286,0.8117712340531662,0.7543589866217423,0.9085448931019394,0.8138947886213466,0.8999206560188285,0.8122952552555346,0.8553112706825762,0.9072062026247999,0.733628590356274,0.8294876917346651,0.6756980936102491,0.8590380649552475,0.7559862970599063,0.7916381723406339,0.7066319755555956,0.8354486756340883,0.7987478159720794,0.934439526619083,0.8643312640897235,0.8842388105672847,0.9198659455668586,0.9054188236396694,0.8354516058865084,0.7781230514142066,0.9051049725863134,0.6778572787857844,0.8574934178946029,0.970401812050028,0.8290706423751178,0.8272177831420261,0.8735088046686327,0.7527294444034696,0.8154783626640962,0.8156525107934129,0.9241208954585663,0.9640020503553287,0.7574826114029551,0.9664757595692051,0.8345374225091833,0.8591001432268084,0.9405805690909786,0.8394187686302514,0.8100847837329849,0.9001349590166937,0.7031374130249114,0.7986453234393709,0.8328399752321273,0.7997142814084617,0.9115216819759805,0.9303340148955058,0.8294967698304319,0.9119492685732907,0.7779583077411231,0.8809386240480972,0.8773957986630684,0.7275536084110862,0.8505420074424404,0.7927904670811307,0.9123026475128722,0.9071294144186481,0.9195983895013915,0.7289406582182533,0.8165081817265613,0.7968427551556525,0.8154021787257406,0.8563111778531213,0.9459467730009007,0.8786048576641929,0.8698036675168775,0.9462692856153649,0.7510697633319499,0.8292028063075113,0.7980150398041302,0.8453204187642593,0.9223281675778624,0.8832226272338772
0.8246985585982847,0.8376127615850163,0.8353665705055878,0.8347830189371711,0.8435417361735982,0.858312913781066,0.0,0.7402036460349195,0.7356236188726436,0.8477402613173165,0.9004106197976564,0.9390806621585738,0.8219895312796284,0.6934475514010399,0.8628695194281073,0.8463783118629337,0.8457656366839283,0.7327700288407007,0.826741098001889,0.7106223428734955,0.8610352586974969,0.8736239718006534,0.9344513956736318,0.9138497790110833,0.9118118107149532,0.8401818831537378,0.7796728540253625,0.7870140840390452,0.894521259030001,0.8827460033545782,0.820219565282615,0.8338848144104348,0.8303855658642653,0.9111593750163891,0.8032280166148935,0.8266247787253186,0.9163914681647781,0.762827821036874,0.8449636189916117,0.9193147736685909,0.7938011688371698,0.9031306746358457,0.7845072081784507,0.8882111448588615,0.813315086754279,0.7414445981947627,0.8089593680496966,0.8532730267533566,0.9489657892588792,0.7333424267117148,0.848301281149579,0.8221492974175527,0.6144315022698923,0.8541611109735007,0.8655254836714193,0.832553578173108,0.7672077688860737,0.903240460907153,0.679982546029397,0.7516814649853222,0.7086190975063268,0.6706864758910208,0.7245342543615001,0.6201838436298815,0.6489656869356516,0.6375445785659309,0.8173428695991347,0.8283215955118878,0.6995575284048655,0.7852849975909365,0.7967246069138557,0.6425757228230095,0.7084761117428778,0.8638825111725853,0.7118409477609429,0.6706545463827894,0.83394992480645,0.8821864534039194,0.6937031117977448,0.7774743645661484,0.7093855158684367,0.8192125364273037,0.8593686898506788,0.6573295579588929,0.8153715855606777,0.7904318780615948,0.7709265889914451,0.6978384514959423,0.7045480245249585,0.7739631961051887,0.9183566935849413,0.8410104778153179,0.8275552814379544,0.6848460722866364,0.7861224666792269,0.9009636386324116,0.5751679409853261,0.8261683747440525,0.7459016923477305,0.7774039346216663,0.7565337772965722,0.7439488865444313,0.7630261349377516,0.7911190270061704,0.6637193534376582,0.7989640350497011,0.7120387669014102,0.8945228236619024,0.7845454618387445,0.915220569407492,0.9387917031588087,0.8350430960051988,0.8169767745436879,0.7345949455055901,0.6933696712674857,0.8835032164956509,0.7032347071151926,0.8732610541609085,0.8441667863583268,0.7819344951753797,0.7925375033154533,0.7198627128044529,0.8900848803185439,0.8839587634604245,0.6952073211095086,0.8769655342233244,0.7509765484898351,0.8626252905524823,0.8591620054408695,0.694955012071993,0.7434278413841283,0.7549107250874529,0.6685692067464732,0.8093105896979194,0.7774518313796834,0.6474604013917049,0.8036812762811786,0.9002445573323871,0.8319487057477003,0.8324956318004755,0.6629154581542787,0.8594748687992625,0.8380311456096184,0.7063976672206953,0.8971587345742965,0.9034242369922826,0.8525830825845319,0.7424561462255109,0.8351922620331792,0.6977825605045708,0.8025902837928304,0.6680228991400881,0.8094837330397339,0.8392785931734228,0.9229472040064414,0.8063747170633798,0.8550424157669119,0.9120334446512894,0.7649718633046422,0.8400416846935126,0.6405595733534646,0.7650085871222915,0.8124593573990444,0.921060391951692
0.8876089193610412,0.890553630602938,0.7739698424452222,0.7536877087762978,0.6255313047600001,0.8499550090409885,0.7402036460349195,0.0,0.9245219199052217,0.8875751482679433,0.70608946526611,0.7819183789564357,0.8730748392130676,0.7766913892065064,0.8828465113570977,0.7420783329067013,0.7596529557921373,0.8419391833218969,0.83606161694034,0.8670562147208608,0.7432881513014962,0.8226075984628153,0.7501609330326336,0.7594589443318586,0.8920791865166552,0.6588943914618294,0.8052466974280066,0.8390545991652338,0.7240368096577021,0.7862590926902902,0.9471071717308627,0.8262240740151797,0.8395317612937964,0.7822315470238789,0.8287882039993167,0.779190611373776,0.8297128225594962,0.845862925050828,0.7340404133363815,0.7845576777686414,0.7675279568232904,0.769483054320795,0.7855669559922869,0.6985444989741739,0.9614255280455485,0.844490209921534,0.7563241491113463,0.6792529260916452,0.7708537631470621,0.7717797323529333,0.7738942605614336,0.7610956644877533,0.7156539797113391,0.7770121643949166,0.7248700811392557,0.8426375637446141,0.7925244232968843,0.769287665601298,0.7378147347157964,0.8305608253291671,0.894220189750159,0.741115836313952,0.7600144691615375,0.6019941923824186,0.744268668502189,0.7626686306352041,0.8484143990268105,0.7986948172718191,0.8131899385211634,0.9699436695348992,0.8231405833241867,0.720299982816302,0.7031973517719882,0.8179197938204337,0.8656039227643351,0.7700024630433566,0.695814421392684,0.6466237164048868,0.8449727172723227,0.6385544708425452,0.7339225788089667,0.9096213695050197,0.8115726870936445,0.8202583650015465,0.7565348602000699,0.9340550839845662,0.897446030166322,0.7890908791191621,0.8714743523860127,0.8247563110001949,0.7303446693181271,0.8461369342069404,0.7350162056790572,0.7558529651056344,0.7573345717276857,0.8360985733525527,0.768730705912687,0.8325394734825631,0.6139671852769577,0.8898765534712639,0.7602225835677706,0.8187423009076137,0.6906909847912319,0.823563655879414,0.8086268506358655,0.8113483972731895,0.7772913914378262,0.8576371685196839,0.7964528144480466,0.7692088593626479,0.6992826022730779,0.6739832493664604,0.8424453032863114,0.8165068378541924,0.779564251534,0.8409707605107898,0.7908653267456172,0.7556979487264134,0.6778547149075358,0.7920582225110055,0.640624212797198,0.8469546025187372,0.7701529061634509,0.7941718923601864,0.7262648210834881,0.826306700013084,0.7626342532170685,0.7934736258189518,0.7933371030856812,0.7872350440743823,0.8839132157856239,0.7365492227672713,0.796202368689082,0.7579325772354665,0.8265250321355654,0.6876912677822399,0.8214786581273644,0.8001850565047535,0.9148001200272112,0.880332823797275,0.7716861699895098,0.7255808017616605,0.8727463648388344,0.7149000738953766,0.6980354389684538,0.781561170015486,0.8073146431579672,0.7847876437859056,0.9053971739597916,0.5730945239907068,0.8714031969228744,0.7344800545986244,0.766680005755511,0.7815455243131388,0.8336831035546273,0.954351570825091,0.8198944164404951,0.7898141229592538,0.7235192512619005,0.6946410468349307,0.7280754042481145,0.796404953304498,0.9255187099260992,0.72810061193353
0.8459419755999288,0.8942092138967498,0.727786281300895,0.6797004905526832,0.6094986783430659,0.7833340089464867,0.7356236188726436,0.9245219199052217,0.0,0.8885849159862907,0.6513677269940811,0.7727646196505645,0.8058124231566117,0.7361811179395612,0.835279453117634,0.6876163599903231,0.6977667094826479,0.792019565130039,0.7668794487672465,0.8427943378853618,0.687261694551038,0.7949729624901617,0.7748946983491061,0.7463581199420419,0.8825256993702328,0.6087402890341578,0.8379140665135956,0.7784740159934931,0.6813836540561184,0.7896169174088108,0.9298079287492682,0.7559011450615503,0.7595619547407305,0.7647556291101298,0.8117917193427049,0.6957248477902971,0.7867065426416395,0.7520203531548352,0.6800556765400126,0.7447982330965959,0.6983400355169221,0.8079196999118174,0.700428079244812,0.6446560467565224,0.9143607594490379,0.7806451397039867,0.7427858157730847,0.6236160927393031,0.7521622431104614,0.6978978651192604,0.6889640063407109,0.6931861067349008,0.6625697322916118,0.6918616165738422,0.6377929746223031,0.9092005253594256,0.7188196962904823,0.7130052780534772,0.7004460824683589,0.7633912375429563,0.7629144624741646,0.6580980374610111,0.6616277073605219,0.6051023837462368,0.6864129332674955,0.6807794150948312,0.811749896395544,0.7593729027436132,0.7379716041826362,0.8720814007553199,0.7570452920611779,0.6789549869198047,0.642587834480504,0.7359185843968383,0.770624860250461,0.7290593383790486,0.6306092753020814,0.6294258849899715,0.7433368531594466,0.5932102204391563,0.6685116758026581,0.8572810845520152,0.8077711234607869,0.7152131649815828,0.6664626192438662,0.9141719783729085,0.7940650696902837,0.720061391301383,0.8199070693992206,0.9056404418003735,0.6779749784311399,0.8599779634997399,0.6664844998297751,0.6894421368488377,0.6875626352144493,0.8271920910968024,0.6785026034958614,0.8498142955556558,0.6100903109595178,0.8290738562225864,0.6997386556025168,0.6992810850933533,0.6328034176599794,0.8054876846077538,0.7116191867033367,0.7592717449628271,0.6785522145448387,0.8888152417591422,0.7445145863544237,0.7723809697361896,0.6567389349574345,0.6193280095495132,0.7479288322454565,0.7702898041681113,0.6909562972664026,0.814960326310053,0.7453645849037737,0.7244001308949917,0.6145458474419861,0.781801133866512,0.6114923375595958,0.7157133966435221,0.745869663123739,0.7427924472068174,0.7173994781869079,0.7527791942779724,0.6921511118240087,0.7651970642635676,0.7153327586646784,0.726813073322398,0.9611678155106433,0.6678072847557865,0.6995337184108412,0.7271837800330183,0.7668506941104247,0.6413818463320154,0.817570265729859,0.7595838282542091,0.8957792287954451,0.8160067088280797,0.6954330920431159,0.6800766087907806,0.852244475552512,0.6460387297458965,0.6600959247767638,0.7967196114280046,0.8042284474322813,0.7262414144670349,0.9080764573885525,0.5488081987811883,0.7874115163382108,0.6794340273416094,0.7256660456375449,0.8109525652858367,0.7925167010161748,0.9134427858184231,0.7859913219884384,0.7595309376990328,0.6768063387380271,0.6203006191957087,0.6775102447188588,0.7647738836769973,0.9198953419338763,0.7017753124686331
0.9478163840832766,0.957820543237114,0.8087448030502427,0.7565483441844335,0.6805683258965681,0.8952841101042183,0.8477402613173165,0.8875751482679433,0.8885849159862907,0.0,0.7248617825648772,0.8080064259416736,0.9144487571746225,0.834369307105647,0.9250716260046321,0.7813967408703529,0.8260440001067921,0.90058906568825,0.8571467579857452,0.8656489019793877,0.7779288563854091,0.8439535699637614,0.8463869525042439,0.8185125665897871,0.9616655836241742,0.6842466571075957,0.8053664832382188,0.8718805919441395,0.8390267743707615,0.856288122332337,0.9313492398728369,0.8899142420865147,0.8712255138627715,0.8180990869799005,0.8777216510002016,0.7725230672382198,0.8671769071561376,0.8328601999579445,0.7069532727570543,0.8777115311694021,0.8126374683992131,0.8291159908885014,0.813311052203477,0.7551219164405762,0.9207783182072596,0.8857556921474731,0.8630419872860895,0.7122938291239823,0.8729513048475683,0.7892881441381502,0.8174967866122579,0.8180941990369217,0.7527485458802115,0.7870165916103549,0.7458369545032127,0.9231220612843366,0.8217565388263285,0.7827072297961534,0.7992724786345717,0.8589354889040507,0.8100662869769267,0.7656073068899302,0.7753208919214793,0.6201488566685297,0.7682498513783149,0.7674863065029625,0.809516159845694,0.8611069288376378,0.8350756756969481,0.895788720979514,0.8435336391970544,0.7713709284691243,0.6904926571096137,0.8464636666953052,0.852714353318832,0.8450477404538359,0.7000822166660524,0.7164212377741151,0.8326129357918857,0.7178567426810648,0.796856530930934,0.8739485635673805,0.8853921911692003,0.8067040998595918,0.7792752392387889,0.9282753617651766,0.7799223824456237,0.8163080984528774,0.9097462781678114,0.8041439269042622,0.7852951857717353,0.8958795602778035,0.8017841670611436,0.7929611529472825,0.7929065952871389,0.8909229598073515,0.6939356225379653,0.8839236865003717,0.6709080618264872,0.9320134201845084,0.7822280766369071,0.7333046346068814,0.705363077215091,0.8782088448973704,0.7892842990604438,0.8565764413481045,0.7780939656148353,0.9416705398889605,0.8838021095870867,0.8384663371335905,0.7417859292232256,0.6765912606076325,0.864663150290585,0.7309113534941395,0.8137111788188311,0.9103183121101319,0.8732128902544545,0.8193030973707627,0.7361957434302506,0.8179330332861736,0.6837423018934945,0.7644236344209707,0.84920944686931,0.8713214498012724,0.7731290889529431,0.8857151565087215,0.7839481271012667,0.7903098931793957,0.8508984961835194,0.823704872553588,0.92629013839505,0.7404532210233792,0.7175808620980588,0.7168959643445528,0.7511179678635318,0.7358860172750631,0.9021403061049815,0.8839069144303027,0.9054802738808952,0.881529635948298,0.7943795303669895,0.7865079664219115,0.9187278544959693,0.6606475811007758,0.7335707806025107,0.8455633778781081,0.816818604487136,0.8554017406983213,0.9825868868906327,0.5900189478197317,0.8133593427122235,0.8046039847034813,0.7486265998415303,0.855593545078047,0.8769840189302692,0.9009994694906064,0.8555331036673958,0.855117907619066,0.7793230746281715,0.7643945314339786,0.8047944509680572,0.8895708372107122,0.9650622887059609,0.7649132150748723
0.7659561727503253,0.7497683622220015,0.8712332272449029,0.8029322405695803,0.9141830392557581,0.8457559441177458,0.9004106197976564,0.70608946526611,0.6513677269940811,0.7248617825648772,0.0,0.9133604171224888,0.80357460535064,0.6265891966837657,0.8190346477967404,0.9173974107269774,0.8739658996934278,0.6825694180403391,0.7989714926228996,0.6739507256478389,0.9220903938145734,0.8855600008763311,0.8021920555820898,0.9206640162016728,0.7982772498876061,0.9329425979566526,0.6828129752773839,0.7265716118020026,0.870693185191644,0.8573550743605375,0.7393983635890591,0.8125015660637983,0.7875647692107736,0.8237140524579096,0.705164433011758,0.8329412006718957,0.9084595536730776,0.7944350849541184,0.9598892550362438,0.8872423215493513,0.7979121165432497,0.8324170881296094,0.8199485569271097,0.9293751756685737,0.7525855316780795,0.7162290298731394,0.7704464543519833,0.958136447844976,0.8679971201504258,0.7548394236362358,0.8783848291849742,0.8367452034911126,0.5958169503003165,0.888474330740825,0.92137233772288,0.7210336725282739,0.7859601505299941,0.9585543968130081,0.6166217133662354,0.7307886211640165,0.7272395602655725,0.6862884651005496,0.766299630707103,0.5844325775811319,0.6379916109430374,0.6400415492503212,0.7719302843575327,0.8209930020780418,0.6704710471493057,0.7609566068002069,0.8166759812069992,0.6018290777774422,0.6846097346650957,0.8852794287553984,0.7104331166456739,0.6149807660797091,0.9378047744537577,0.9246543445174918,0.6964147565908051,0.8419249990072194,0.7171374459278768,0.780162499505527,0.8292657424263636,0.6618324297281469,0.8433873139845812,0.7439571203363096,0.7894788134036481,0.6483258785064753,0.6371890747361307,0.7078871099344582,0.9500461818154202,0.703583125725052,0.8556774725442629,0.6770132909017085,0.7718613259212525,0.8219436097723491,0.5937638228497074,0.6993553164660384,0.686062443462552,0.6939642742845018,0.7390793952254232,0.8230194953073056,0.7019535962371338,0.6843370005597267,0.6484238164921792,0.8073786723683617,0.7485101087783297,0.7762145112079658,0.7532029961566086,0.892393663351233,0.9572455713268456,0.9016678412142765,0.7851049308302263,0.7246949192901063,0.6861774719422475,0.8496717597177665,0.6387653649816977,0.8658563415227011,0.8626862228238429,0.6732621819195355,0.8883417229768283,0.7337507862567947,0.8544907386233986,0.8833849505991621,0.6452366994240571,0.8675554258985222,0.7380604237344832,0.89935162641134,0.8307253977131845,0.6821513967828268,0.6443917443230294,0.8442400212927399,0.7089442003716887,0.8215128694240748,0.8336793733271612,0.6586251527133401,0.7657671096043571,0.8547571184990665,0.7601117270820088,0.8311885660056204,0.6163077323182533,0.9002660485763213,0.7484382405102687,0.7302844346507558,0.9729015258759792,0.7776179186192699,0.8584435272473544,0.7334877884686372,0.7386347404731319,0.8202015338579987,0.7847671934138464,0.6258323534261306,0.8536633074293247,0.7805151449834152,0.8756347977471531,0.7790574871581492,0.8519616429788738,0.9011047952360284,0.6864525896109532,0.8688170830578864,0.6010758424078034,0.6831217441923529,0.727136904583344,0.974295778008981
0.7895096598327291,0.8349019524983051,0.8502529926740877,0.8233018552500976,0.8465430624480866,0.8639618023381324,0.9390806621585738,0.7819183789564357,0.7727646196505645,0.8080064259416736,0.9133604171224888,0.0,0.7971742712584594,0.6205798586940849,0.8450363185022226,0.8473139049842882,0.8159254817046767,0.6862908442791014,0.8176888179710489,0.6966719863088084,0.8670475060816113,0.8988829841200109,0.8889341647406391,0.9302059737093344,0.8933751898910391,0.8403443123520905,0.780803024965882,0.7525968640953042,0.8318372913557195,0.9010010448868473,0.827530166025024,0.7812890146385969,0.8108748437310337,0.8939524356859209,0.7492515068404755,0.7937987779912209,0.9111479868382639,0.7508734986923613,0.8983796335326628,0.8674789682414896,0.7762346643834455,0.9411555072859151,0.7493627186035862,0.8598121824447443,0.816484774479364,0.7115767776836277,0.773746152913501,0.8442920153705682,0.8695076631196617,0.6967575735151519,0.8034696400093372,0.8022239986458495,0.5785333383255735,0.8440649281897113,0.8162176656466448,0.8506812648311602,0.739134208445989,0.9482812313096585,0.6067606263587855,0.7140054239791168,0.7123563123063884,0.6295145062765015,0.7010468764347804,0.559343831989997,0.610000000824668,0.6058458306249602,0.809151643175114,0.8057897014549467,0.645187580586814,0.8060685226878334,0.7844516386136526,0.5781418725728807,0.6619836440810851,0.836425633761449,0.7045602646581663,0.6173471733603744,0.825890176942796,0.8752699229637912,0.6800524191557722,0.7457372979320223,0.6809919140244602,0.8312298288387749,0.8735214108611482,0.6413374080596536,0.7695016319755538,0.8204910229376721,0.8114911419944444,0.6286430182440237,0.6691324157126974,0.8535226314522372,0.8915772862574539,0.8130180974002189,0.7714578687849828,0.6455326535174221,0.7260630598239102,0.9140269263376954,0.5745509675513999,0.8255905230729566,0.6572823310228142,0.7306974614376134,0.6942674489147451,0.7540308422014212,0.7087399286085508,0.7747122404855423,0.6278741439308644,0.7907336367867951,0.6876528734203782,0.9077509380539777,0.7353069025626798,0.932947371238649,0.9242370106030363,0.8054022671591156,0.770274959058875,0.7689913586117457,0.6528982547100228,0.8935257679008601,0.655464311814087,0.8179177016167851,0.8029287872803105,0.7616961603658843,0.7807803918773998,0.7307354303204767,0.8563511108740427,0.861590028666804,0.6435778620427322,0.8552597924597869,0.7033848230932701,0.9098676239330585,0.8185071233218697,0.6516228046476766,0.7652617413940124,0.772468258371343,0.6698469334867088,0.8695710580576017,0.8179236787419282,0.6086830328239838,0.7975014479643849,0.8395082615480302,0.81819359374375,0.8349365984487049,0.6243194386463625,0.8127652897126639,0.806678045741065,0.6968636748455397,0.8963137446808572,0.8583831555050718,0.9149378277316339,0.7150372089023065,0.8162624052264444,0.732080640516546,0.804172556906564,0.6200762927000699,0.8280208193625969,0.8386808813218121,0.9472249512739159,0.8326678095498495,0.8542825900351664,0.9319047105632456,0.7008029677986745,0.7609405245886438,0.5930937127881508,0.7091500731524037,0.8113132587345685,0.9475242534535391
