0,1,2,3,4,5,6,7,8,9,10,11,12,13,14,15,16,17,18,19,20,21,22,23,24,25,26,27,28,29,30,31,32,33,34,35,36,37,38,39,40,41,42,43,44,45,46,47,48,49,50,51,52,53,54,55,56,57,58,59,60,61,62,63,64,65,66,67,68,69,70,71,72,73,74,75,76,77,78,79,80,81,82,83,84,85,86,87,88,89,90,91,92,93,94,95,96,97,98,99,100,101,102,103,104,105,106,107,108,109,110,111,112,113,114,115,116,117,118,119,120,121,122,123,124,125,126,127,128,129,130,131,132,133,134,135,136,137,138,139,140,141,142,143,144,145,146,147,148,149,150,151,152,153,154,155,156,157,158,159,160,161,162,163
0.0,0.3459585467918004,0.29139572382424894,0.2742017421766612,0.2891002687026533,0.28522355787032233,0.31973544431013173,0.339293697454216,0.38388518428947416,0.32061775317523433,0.36451300668271586,0.3421806001455409,0.3871491462975471,0.2760859778662687,0.33649515960936377,0.3232538285936254,0.33826458742763993,0.4575246213175995,0.34618967285413005,0.42190899363806145,0.36143928664141317,0.34334579863755293,0.33921387772015243,0.3144781626128702,0.42580308998715766,0.28571989426779504,0.28167532512019566,0.3231602334738619,0.26818023354043896,0.3088986503472605,0.39154378679343343,0.3681436552106713,0.28363686321262127,0.3336064243372238,0.37464319986513017,0.35301518447525354,0.4256173511573054,0.38782989815194735,0.3199452074261785,0.3690283500636764,0.31855718088976576,0.34704204176102676,0.3590370201108709,0.3412537367250381,0.3591029606650058,0.42046060312279526,0.3004994791061475,0.3453535987632679,0.45153399830900626,0.40189667472221047,0.40244863703692957,0.3062603980262408,0.31911843340832885,0.3034059259810333,0.33832304831668597,0.3297322130691256,0.4591966582183539,0.3406872847843877,0.332990818690393,0.3504123221429303,0.29219799837603466,0.2640317037565017,0.33162752033261866,0.27679540189943214,0.33207592200803315,0.35685500232149925,0.34300412959752935,0.31831315378302927,0.3197282060058085,0.3712333059450668,0.4352335311788692,0.3059150435070098,0.3468390241213682,0.36539012957019473,0.3637720547105479,0.35751151776755846,0.2796151304134565,0.2867099301280086,0.36895102292732734,0.24614204095974185,0.32013982136943064,0.411840171293587,0.3310874043371714,0.31166295510618935,0.3725715208329339,0.4410264863415765,0.3499549276374941,0.3825508446628984,0.3683058158618847,0.3352087464785769,0.4159102876896653,0.3448315131289049,0.3880347211071815,0.3804171218635905,0.36809289557140085,0.31623553460722115,0.24211576614703006,0.3015590289682667,0.2705012548947216,0.36503565291764806,0.29949309753165604,0.3033194209285448,0.31426587955584573,0.2889441443925119,0.3752105802718814,0.3259440793892143,0.3132506487606204,0.36032252352796,0.36507903692175897,0.3488120828590639,0.34669265468932453,0.43424351300665753,0.371654969756349,0.3060810723313541,0.3824463105616604,0.3379818157339145,0.3604053367449306,0.3653359829649271,0.2690691421357,0.276395176185757,0.31228092473224034,0.2769020916748407,0.35829532434450023,0.4094716553776928,0.30667354066093966,0.3164315353247881,0.279390907136964,0.2747919886131048,0.30170469417477835,0.347938494179838,0.29176678635932407,0.2817461511901056,0.2763346363599677,0.3725163403848415,0.34957134552795516,0.30780404658709865,0.3466426225320032,0.3580618081986897,0.33626706021576597,0.47410496350654907,0.2593206425247817,0.30621789644911535,0.3980125951281754,0.3250772717288627,0.39574014813763025,0.42426782288888626,0.3597212511710521,0.3032687338212862,0.41921026298641173,0.22043476562163564,0.4467410034481239,0.33991823556005374,0.3907159548012432,0.2670947302340236,0.39653939409768707,0.4075808105754042,0.32234650168022305,0.3154532246088769,0.27486168493388563,0.333982019126719,0.28431528374667814,0.3665636926151909,0.2751525239426116,0.4809607506578733
0.3459585467918004,0.0,0.30812768943275715,0.30357181887127255,0.2505833455250367,0.33785493872738553,0.3323132750427979,0.3511088086041777,0.2918670916074003,0.40227779026862803,0.32760411719340204,0.34675540272618527,0.3341063341007139,0.3193894198607344,0.31796155784444247,0.26982562004396904,0.3100195748495469,0.32198679190049967,0.3077185455511367,0.3049306739406021,0.31092454566845756,0.3616781445390213,0.34762127316865127,0.3039237383588999,0.3553635150466834,0.26504951856141135,0.277348590218209,0.30438597940276496,0.3528973907330847,0.25125179485071414,0.3417841636314445,0.31456015460880477,0.33511529430405645,0.31105284442091924,0.3214625335165801,0.35144506664086117,0.3244718837670043,0.31633277370176727,0.30794556704834575,0.34010919590610633,0.3605550148796525,0.352414155025547,0.2383824965972444,0.27417547742629605,0.3930080155970505,0.32296380817249803,0.29853756407560506,0.26852295008681853,0.34166395565123603,0.3115163366240579,0.3346304139762347,0.29357111972732136,0.3608873258887395,0.36770549675936803,0.3454138509145865,0.36562428354262155,0.31404720593166896,0.2899181432445461,0.33089410509379386,0.36645969904411596,0.3257657833878683,0.23794274080782604,0.2754137556128052,0.24784022861237126,0.2773970238096589,0.2845756289140555,0.3406370604211782,0.2798165888479824,0.2715259148612797,0.30994188060668426,0.2999144779122828,0.2801433133520298,0.2959036853155404,0.34221488614706486,0.3468934395333851,0.30587838750119956,0.2646309356830586,0.33002278417412106,0.2970283653362006,0.23197340671418842,0.28543557624744526,0.33058337814377314,0.3335656549625046,0.29025063685327446,0.3048518807493821,0.4320906521141063,0.27925252251876714,0.27398984730227,0.2979258714435231,0.37377548368040625,0.3017095281598713,0.3430975727149756,0.32866996407063503,0.32938173314671715,0.3493670593219424,0.34329248942556584,0.25295226351624583,0.32142370891343286,0.24397743538799932,0.37268855033635995,0.2805468377713129,0.24508918317266504,0.2456880575459549,0.26893451195295237,0.29852250419304877,0.28025171374319857,0.27631319861901416,0.3666567060835024,0.3568643081594204,0.3947171624835965,0.3100286863109057,0.2989781101440669,0.3456084725572201,0.26547144887928265,0.35450464369396867,0.3940551829191447,0.32057064618809655,0.24545307342451325,0.2853293813435794,0.2770050381013484,0.2685484988707094,0.26201319295179637,0.33680100409377656,0.34984513969774134,0.26980072320382037,0.3554054325295581,0.2966800414771966,0.3121962173853131,0.3587827373863786,0.2953810406464922,0.30956410070318363,0.2562980572045902,0.2560591587610661,0.3610625952422901,0.2972977202538576,0.2540052509945011,0.28605336181945723,0.32842907209845973,0.29341924647004985,0.3018711738839738,0.26440590650391216,0.3043996709421754,0.4352002859865321,0.3113853139904625,0.32696892849512277,0.3245069154064674,0.32841865278079213,0.3002334539626021,0.3692415331599448,0.21892084854721985,0.2845924188412874,0.34201743477056035,0.2927963304647732,0.3105394412452245,0.31851249956113104,0.3302651918327367,0.3091891820661682,0.3077925874198966,0.26979553080018936,0.27498440422027265,0.3072895791385381,0.33436718366601725,0.25366764254478497,0.3195102528141558
0.29139572382424894,0.30812768943275715,0.0,0.26076814375793284,0.278615446640197,0.3342556885926165,0.26624877323102186,0.3113681594392625,0.24059292324763248,0.322781582514234,0.3664242257617561,0.30734236300203094,0.3615518617152127,0.22412918251926306,0.279732564650692,0.3840542395875262,0.355484082738848,0.29270404462928185,0.2505749089639536,0.24479535236088573,0.3763061295034656,0.411301426878983,0.25476421378773373,0.3170635806237847,0.287026183446372,0.3205154369534167,0.24708910713701943,0.27581441888175745,0.25076425840287686,0.2890330500175936,0.23696364623805025,0.30615913322428095,0.2453399182056413,0.2399666530871166,0.21685904342762258,0.2587402640170818,0.3243607014073662,0.2692237298429203,0.28249983047590826,0.3079437205780186,0.2804417285989883,0.3360653718688886,0.2722752988665513,0.2640191965294377,0.29240599598199224,0.31786422323500046,0.29904373206010626,0.31606504859639406,0.28055673171433687,0.2715327584120129,0.32522088587724146,0.3127089509541417,0.23637542301863662,0.29657583154540546,0.2672755206023249,0.26075339067113074,0.28089097883560893,0.3438571426076849,0.26430817130706963,0.2697543058642232,0.29105470912948955,0.2268572015158548,0.3224996584066429,0.2020350726456443,0.2334622603695521,0.27435020918031744,0.2876844241926372,0.3545319385065673,0.28381471864640856,0.2964604435425004,0.32421628416860615,0.20600742568696054,0.26787407650961653,0.4297486318548693,0.3367158895781841,0.22404346012117204,0.329791355635657,0.31898827850088635,0.26559041401119565,0.24456361307880245,0.32128447225599294,0.28102469910187017,0.34569590637250797,0.2837566228121689,0.26148215141270365,0.3414945431516288,0.25208209070468396,0.23008589019488207,0.26803555840818705,0.26543317524138155,0.31124249143974286,0.21720039637121982,0.2847728837077621,0.24082997251958319,0.26962598468582416,0.26382988216487674,0.21152978184380636,0.24388733854400946,0.18881753524308958,0.2915946685463481,0.20649305849853336,0.26164644504047596,0.21600680034661704,0.23880051690705298,0.24792461008121738,0.3575950326163774,0.28793398101466205,0.28713599529300865,0.30599180059392933,0.3886543798187871,0.28439384782614546,0.24461876515546357,0.2823774087052644,0.24674918061577772,0.26349627197748215,0.3575537797143461,0.23920549667023214,0.26255175611054526,0.29605190546919147,0.22962650917319752,0.2719750655606302,0.23188738572439735,0.248394765374852,0.3472725588244715,0.19781211207269106,0.3140219500290984,0.24993456919914447,0.2974681033517482,0.27697066482808974,0.25452695787402413,0.252979256402934,0.3792444521553149,0.21958312545996372,0.23862362257021166,0.27924860089988085,0.22858430379224892,0.2556640357749394,0.23529461347573302,0.2607459786697514,0.2775097624184077,0.2162408888309657,0.2454594247459018,0.27719164513941,0.2579696308476198,0.2895614558874075,0.23862572257601597,0.3450328802404486,0.3370591245781615,0.30183929077322397,0.20218432634218586,0.2343076089481023,0.22386066519410244,0.2698875828708232,0.32271475431454394,0.3152533397392604,0.2929912924619698,0.3291523425984367,0.3832617444815848,0.18553734367601057,0.2631930490134024,0.2908130513732275,0.214022839622029,0.24317971700055813,0.3322188468898465
0.2742017421766612,0.30357181887127255,0.26076814375793284,0.0,0.20604475985259452,0.2791961370301102,0.2925257788568837,0.28181141467794163,0.2267211244375793,0.28905956240558134,0.300991055564073,0.2747823575557922,0.2862818795740473,0.25828020613261987,0.2978676085631067,0.23750700596639568,0.27538562909059505,0.2908365519614913,0.29604125678579607,0.24519094183295742,0.2822531738223415,0.26321623259008936,0.2756489594388787,0.2378619868391099,0.29345834183569924,0.26859843165699887,0.2580818893273008,0.2940184817932236,0.27001756792965875,0.19879072281313157,0.2607190134287288,0.2641752473866681,0.43086064542074853,0.2720679895512462,0.2562830456158881,0.28660050213549737,0.26577095889907987,0.27242009553518404,0.26282527849455484,0.30652362466937544,0.32849175627765936,0.2591999493214628,0.23508047057441706,0.27777607034774976,0.2835782162232832,0.29678988836503334,0.19242991412533628,0.24453123016859826,0.2723229541357186,0.2645114452312171,0.3428099142200889,0.29714652071606856,0.28576488364734415,0.37054867517959905,0.29185208350945724,0.23425702762421033,0.29719466024313046,0.2767252937411269,0.2936830521146583,0.29892159578266936,0.33982684477441666,0.22856478882040973,0.2897803256269865,0.19831722116634773,0.2672669368461385,0.313783930487078,0.34741922893897603,0.22945375820080122,0.27638658956163276,0.293268242324743,0.2639701064518992,0.22907136326640237,0.28419683505750937,0.3749281764515503,0.321897898697459,0.24409418841442482,0.2876369313317017,0.24634485545449009,0.28323011450374036,0.2029829401379511,0.2682363118640738,0.31369287528214784,0.23666157061132492,0.28287075613721835,0.29419064511275744,0.28473446545012754,0.2804363214633266,0.2812868186725929,0.2670753136384389,0.25299187288720165,0.28693738805638647,0.270627595487299,0.25780510502706583,0.27593161834019864,0.30737949888238036,0.27042110869058783,0.227984561160686,0.27079546489047207,0.20226076984365876,0.32336845525353597,0.2402810148897416,0.2644105093791927,0.3202490141947815,0.28357626683901493,0.2735911843776744,0.2405678410657706,0.28615691317247494,0.26398453739180994,0.2912879724131908,0.2532573962057558,0.32443315460349476,0.2613139034967929,0.3563200633987503,0.27388961638399917,0.3003177172566132,0.2733121377712428,0.2884551600068522,0.21347974149790552,0.3135663898621058,0.2549379986627571,0.2184711082269406,0.3031966143514959,0.2509776453641941,0.28815606626820656,0.21617857014890818,0.29982106015205884,0.2721285589420599,0.2209357472550466,0.3009209999285651,0.2823491301180925,0.22034838041003754,0.260330457271719,0.26325609183043036,0.293808568578459,0.27497284717042664,0.21521448392341655,0.19436953063783002,0.26689637817631945,0.26760427637225487,0.28378064252190127,0.3986086946772423,0.23426038691627438,0.3265575465499403,0.2691924425041088,0.2626148351698971,0.25829176087760586,0.2397730299888961,0.26688294676036056,0.25071579660160714,0.18262164085725716,0.29839235399281316,0.3047880035208495,0.2714417823566789,0.23072900388682976,0.3183731753584681,0.2858901391259718,0.28037209985363815,0.27312549943300457,0.3349592062517766,0.2619191259725817,0.2941326310400377,0.2636072921804415,0.25475422142358156,0.27464250051037536
0.2891002687026533,0.2505833455250367,0.278615446640197,0.20604475985259452,0.0,0.22820336427812205,0.29576755605153837,0.21564180698864446,0.23330010531231662,0.25082172465044783,0.29657698211734473,0.2382926797825847,0.24059864129181247,0.21560266086027208,0.2991790443357576,0.269334216376586,0.2592364719929222,0.2794478939667277,0.22316917580592757,0.23053569830734755,0.28743914797627523,0.28907630295567815,0.2476905153152226,0.2836843284490902,0.2543074110397019,0.2559313072117172,0.19627559123916521,0.21017668533739667,0.23586018222039482,0.2599376542417257,0.26878571405348944,0.23067853286944437,0.2200344501444712,0.20694837141938177,0.28606947924758164,0.24501130420423958,0.27758098946590165,0.24356446333906676,0.2700139936958731,0.25495604891978685,0.25899804782206426,0.2702751197395362,0.2752221194166372,0.31614621691201106,0.21641931805177775,0.24218209313054737,0.2865999330340381,0.34265091236859857,0.29315083372681694,0.2533436041456744,0.2885207032330804,0.2517480720723987,0.2259232204552432,0.24004915334331775,0.24906942981700506,0.22379442536105607,0.24127886459667203,0.2780235296182023,0.24488625741733366,0.21893976538658544,0.1995324489293533,0.19386443010903692,0.2510373635246685,0.2082105805262869,0.24866646805153284,0.20701631842248266,0.22158053910151174,0.2923644402170851,0.22982103929076617,0.25856629352738114,0.28928311891801584,0.227779166535922,0.21033365587423558,0.25889329259932853,0.22323954731058335,0.22130843254637253,0.2333334861455655,0.3522043649685294,0.23015300050459614,0.2372091740673735,0.2709274091713799,0.2652872393657283,0.31319957110861285,0.20787608490795909,0.2213436144768044,0.24488024543493417,0.22311062267002302,0.23258853451161376,0.21281558216422392,0.21488733541833685,0.339703899950517,0.24188817988439237,0.3082651297380202,0.2136861629690407,0.24773838937731515,0.24492960639515138,0.1743763114907826,0.20679342844965642,0.20604574470320736,0.21996141016355855,0.21794849024105195,0.2062373849704874,0.2148919872235456,0.21679889141374525,0.2202944390351784,0.2476909689717656,0.20423202951314007,0.2531862550741951,0.2780273130702215,0.27917650397370375,0.2563174101360095,0.24520319731333592,0.23239606786556102,0.2141121095968888,0.2356275746622243,0.2501074451781929,0.22668505945478423,0.2606973035414334,0.22413776617315395,0.21326174495585126,0.3275998546145958,0.20467954928107854,0.2163508975723927,0.34221421690935716,0.2352067177716469,0.2564965564115719,0.19663807532956049,0.23619946714845697,0.22041408453610015,0.2421341878055705,0.2111291779432893,0.23588504409943567,0.19047532613420856,0.24203221562278965,0.24594014095109357,0.2756700236285262,0.2564422149677995,0.29477137951767973,0.2315966076704733,0.2793362356425556,0.20749838208697957,0.2314529590654331,0.255288325625359,0.22028445853945647,0.27822792649246825,0.247380140092031,0.301553971009793,0.26684585915603387,0.2475805259877093,0.16869491245738988,0.24329906427197787,0.24508170460978587,0.24617606501294692,0.24641578303137562,0.26900719501354237,0.26627856218905316,0.2276448308903488,0.29765854348280874,0.21555629547931446,0.22734847897010826,0.2319159934015874,0.24098681591929055,0.215223964044611,0.3601717052370395
0.28522355787032233,0.33785493872738553,0.3342556885926165,0.2791961370301102,0.22820336427812205,0.0,0.2801103120020549,0.3026842565957408,0.2572649400756645,0.2883029430391863,0.30854716495773155,0.39640733179013443,0.3245644473991236,0.21640965836783058,0.27031841049547395,0.31822684105941557,0.32506553967127316,0.22763679791373895,0.2970739534665318,0.24862871377281415,0.3324156685136566,0.30623291463457647,0.224848346508387,0.24090364469794764,0.3064748766469667,0.26406229980976104,0.22257211089846593,0.2620034894759964,0.26915384933206277,0.2674638649075073,0.289161248572023,0.36432408601493,0.29668711767468575,0.28136127636901753,0.24474209244770184,0.27063813763784234,0.29924769654201344,0.2571659295193869,0.2812746418051224,0.2550650184941872,0.29790985486512944,0.3425696148288811,0.25217957724649864,0.31519055888642833,0.27527688753319235,0.2708053891357949,0.26748819386461203,0.27307544332575107,0.23602315772876392,0.27555952207274464,0.3292534613003719,0.36324038901311995,0.2472945642489725,0.3336279667139891,0.2864173116448019,0.32375757253637505,0.2713481336701734,0.4305703852426165,0.2185499920781555,0.25503459461876754,0.2951673607587511,0.2614733599813587,0.3433803576283076,0.19324643387965998,0.23265002184469935,0.2636325168147473,0.268550691188502,0.28273144698863506,0.22149392833397238,0.2717875728513299,0.30212102077606395,0.20145442416708126,0.28135921559755384,0.3248177871199182,0.34877972303256444,0.2414492779251022,0.2917578074829628,0.2794712725557758,0.24568926018306003,0.2832116058941298,0.34940911880359987,0.2901780424332923,0.29025794345197276,0.2712485130405648,0.2838735424020507,0.29982304204537064,0.2845842554239529,0.23778581960908696,0.28927773219420133,0.2726793910027811,0.326283285874435,0.3231306609576491,0.28871763440391784,0.2532244341188058,0.2536732491737741,0.321151682372822,0.2389885492195802,0.3330270944242552,0.20722810300913244,0.3020351884189544,0.21045817969699032,0.24679534334807862,0.2538884997763835,0.23723536086588146,0.27219945442870525,0.3268222955964329,0.3085267987364547,0.29161719452905194,0.26676823114790094,0.3210434111116811,0.34349363366932434,0.24891729833016524,0.3624782811625447,0.2689606492784079,0.26410215827985994,0.3488555815440998,0.28868757416424695,0.22321984510767126,0.36183793990153756,0.25977923585550033,0.24029208367064145,0.27971559931265466,0.2850666416040294,0.3277035643752785,0.2279988736512433,0.3384083267202854,0.29992580649726847,0.27123309813737256,0.3039419482228169,0.21786061159745795,0.2885186446275711,0.37187591548377913,0.22954352925538454,0.2950836290962189,0.24556670467101996,0.21996912157672238,0.2565377569866195,0.23360880187070412,0.21394426396308763,0.26159730055515734,0.23095292040813498,0.2886797481587455,0.29070791403171975,0.272462230518876,0.2823705948063208,0.28394452473671744,0.3389385941367532,0.3104704634199543,0.2806561802700696,0.21789603679776012,0.25468422010179115,0.26680434030386346,0.22773079047569986,0.25607484030313704,0.35971814034352523,0.2606984203548584,0.2627982910079685,0.37450852809652285,0.21171883243424483,0.3019761870797107,0.241055637974102,0.27106061406539755,0.23583141572175584,0.2902807046206465
0.31973544431013173,0.3323132750427979,0.26624877323102186,0.2925257788568837,0.29576755605153837,0.2801103120020549,0.0,0.23987882501059238,0.2485661025770896,0.30888800586652404,0.33524425850232176,0.3441157452834259,0.2990626589609595,0.2525916806835549,0.3927890380204058,0.24926305231087492,0.26779143544407397,0.3150405725247563,0.2962874907390273,0.2367059566562396,0.28431751420725937,0.3428949984170753,0.3763461621770625,0.3292692112470911,0.32741840206603273,0.2683209397482678,0.24774174986659975,0.2504108000413665,0.33263759537431226,0.2705679280132611,0.29261028123771393,0.2684429629243649,0.32766898136444883,0.2607814719109667,0.2699003931624605,0.25566117355196816,0.3477521518689198,0.2513984588366977,0.28704535735162295,0.3383705014757088,0.36556779494895436,0.3069576301918856,0.2819901067931064,0.33533566993686514,0.27334958022513456,0.2924761884720453,0.2711079000214501,0.2832124863390491,0.3975197000179699,0.24792549628128757,0.33583260489604855,0.2788793988278342,0.25692949807647514,0.3334665939642109,0.32519086016658666,0.27153623579998465,0.2742031419782736,0.2894916721147366,0.29566064486434546,0.25712200711926214,0.22985815583774868,0.21144122174665997,0.2556006004324439,0.21107724792214944,0.24451576267674865,0.22602612268433117,0.2786269489233627,0.3144106884705849,0.2414450587923158,0.2735676981471169,0.3196863269564583,0.2367756417219502,0.215701956360466,0.3082758783695853,0.2275981440336341,0.2723216220527304,0.28496615294874666,0.32434070095742523,0.25063942782264637,0.2313145887796784,0.29356423775965035,0.28956322285564334,0.3309081566428231,0.22183679408382567,0.23559088218175198,0.28481198166194194,0.23863529307452105,0.26079776025161394,0.2532682956041511,0.2615429500081897,0.342843723658918,0.3366141996193369,0.33318362786912914,0.2584181343341769,0.2750827194854039,0.36003983060375594,0.19160689187820176,0.2775827005131333,0.21436482273971666,0.2664008177020116,0.2522408725548191,0.2356896464581901,0.26508874319091086,0.2826147459796461,0.23050740106575437,0.2634716041111546,0.222158875800692,0.2870136674795742,0.35753436831446384,0.3279468801278325,0.3738147063498313,0.2580156044115923,0.2530750499603116,0.22249074987411016,0.269826002783184,0.30102775642826546,0.27011785343286127,0.2816043258339533,0.26931189737076583,0.22902893788563125,0.2622813318894272,0.23767472979571405,0.23788795722305306,0.393730334232277,0.2343468683407024,0.37843783622380917,0.20871919243986142,0.2756484348530557,0.25484665601401274,0.280334119390003,0.22616472247368202,0.22276001392579078,0.21632599082885037,0.25828273957624875,0.24095709672869614,0.2744406756588253,0.28204246110194214,0.313303187276055,0.2727875170367553,0.3197148678413582,0.3000065439962163,0.24326980529580738,0.2985184071677627,0.23617128647508448,0.3072702293977848,0.3074933802832274,0.29446603414070055,0.32755953380867286,0.2777733054519646,0.17500107946096158,0.26853005846286354,0.3212195888159051,0.2635099784099028,0.2976732594806572,0.3607665178986077,0.3142978774105156,0.324498388911716,0.3365947396078128,0.3104675938944202,0.27467396710756187,0.2852422100147475,0.2777979890115697,0.24576909337153957,0.3515222769225365
0.339293697454216,0.3511088086041777,0.3113681594392625,0.28181141467794163,0.21564180698864446,0.3026842565957408,0.23987882501059238,0.0,0.3180775255002321,0.35386974767107543,0.2933416170319752,0.30007459119880714,0.3752601066935865,0.2612294028705377,0.26503743922684697,0.3122229415352382,0.31836547657125613,0.30476304172854163,0.2657024120432014,0.30985735445354445,0.29936650724821345,0.27350570601714336,0.2850482834681713,0.23888354641466386,0.3448766621991932,0.2709272963693197,0.31670672537216354,0.33587169690760377,0.2272612253111804,0.24995537468988252,0.3575133107181489,0.33092002229113243,0.266017657572025,0.31708610533730053,0.29138991139005943,0.3270134321406775,0.34530807464580354,0.322455443689564,0.2826367878753486,0.29147652845421596,0.26938506437128884,0.3254313029991772,0.26797628270428425,0.2489431639987497,0.4245044975220038,0.33804233733653744,0.25843188106329573,0.2623514687487043,0.29490513986316585,0.29031433427651204,0.3046210529344652,0.2668584868376818,0.28058501499035193,0.27223981089528876,0.28620931150201384,0.31975093178966496,0.28865435108317694,0.34027615232749064,0.302397461486375,0.3021903841523264,0.4317096659448498,0.24282953835124488,0.3005735256592967,0.2413730436809338,0.24654448497136874,0.304726772596029,0.36775752482233454,0.27608512077688135,0.3131106554502568,0.4432983279394568,0.3007203248295455,0.2596760065339758,0.33778776643525893,0.3525639164400927,0.4053742887933168,0.2933471838794973,0.30895293551013286,0.25739151761233414,0.35243037425060786,0.2114447682998163,0.28243782558858954,0.30839482842897037,0.29062964778326267,0.3582730928278219,0.33912904465569516,0.4133154459791387,0.44328861963082133,0.3052079840672764,0.3878581430874288,0.33126156057843525,0.28689013246240347,0.2942594287488747,0.27818174451477334,0.2767444141436756,0.3289561317063767,0.2905134038053019,0.2690347381906151,0.333001032189917,0.22385254763628834,0.40047083223642066,0.25006698237440167,0.33599975487136624,0.2728480587288638,0.2682163598486103,0.34553437534485426,0.3272165990709388,0.31944171728336673,0.37011045333589976,0.30354775588652405,0.3113141179337051,0.2629563931597339,0.2980792173826967,0.38101346115878937,0.3230403037194432,0.3082208606774728,0.3316720151085522,0.3393059957427121,0.2386450486167631,0.26173080254744896,0.2852088003602277,0.23411860180818064,0.3688704475809953,0.28776101205653964,0.30058906634745375,0.2428612285180938,0.28193977345139104,0.28180744532394464,0.30441630120623725,0.3179650064643938,0.26908344774441373,0.3370696363003951,0.28183038197052407,0.30844158733127697,0.28539505349480987,0.2981005357699924,0.21945381754579316,0.25939042118405814,0.2573186838633484,0.2956581167872298,0.31010904745470913,0.25202787423624634,0.26065062989709686,0.36482302458888904,0.31130604312752547,0.31102306974197214,0.31477299788253643,0.3021661365784977,0.28822927769992995,0.35638777079688083,0.21368356534014715,0.335905826620782,0.29135979700493386,0.26721353380704144,0.2682701174940117,0.3361956917010192,0.36074352040395746,0.27041197106215503,0.31705713928587353,0.223925218932792,0.2777808866901287,0.29052734730284585,0.28721317288158305,0.27643939606886997,0.2846418850946966
0.38388518428947416,0.2918670916074003,0.24059292324763248,0.2267211244375793,0.23330010531231662,0.2572649400756645,0.2485661025770896,0.3180775255002321,0.0,0.2672631091063568,0.24868123593268454,0.26743600202436885,0.2793195383283516,0.2986010859632387,0.2670750912483752,0.24839088295566591,0.24966365530798343,0.33009836612056315,0.25130992269965496,0.33818493691729,0.25262745292434574,0.30738268146170994,0.2464440079149394,0.2254361102484312,0.29339631855182086,0.22614048977299614,0.2867405522452603,0.25686938599317005,0.21114522454459667,0.3078033853061144,0.3794396380481593,0.3063327250123855,0.24105605623618537,0.2462437243052749,0.31680585112263243,0.2846176785508496,0.28503626853861735,0.33237112545634767,0.27633401000664753,0.24411230963991426,0.23972498654918106,0.330007648540652,0.2775090482764579,0.25671247622092264,0.30900541956257027,0.28995829297558784,0.25998022130802506,0.245495435664652,0.27768376709065495,0.3117021757407246,0.276083557802304,0.2290692891534408,0.3022959866236271,0.24195903054520432,0.25504171698508266,0.3405075490624394,0.2958859282606119,0.26701292273098115,0.2984442763414764,0.265782027809158,0.26513643032090045,0.2721433913357454,0.25129276128194616,0.2762343196566113,0.31624805199060413,0.2815648457511838,0.33907959273597243,0.2948348411660343,0.28717438436612797,0.29781151570703834,0.35595501428375576,0.29853177894796723,0.34367407796230987,0.2649633360392954,0.30893033645758156,0.314070112276372,0.23096214905813672,0.2242341904806833,0.29306645510715673,0.2178716046997512,0.26221173939993225,0.3907195730961921,0.31120405807435986,0.26080761957929444,0.32140747849918905,0.346441218107498,0.32176733869792035,0.3885291787494245,0.31612198354405097,0.3876921021134563,0.297723936604973,0.3734186204549901,0.28170202598477806,0.27809309831089757,0.35316581829758137,0.2952633461359213,0.29488316812566945,0.2865020603014363,0.32253976795175415,0.28213064357106055,0.29587135250447344,0.2463206451935273,0.29284473645297093,0.24640459074248042,0.369524593197598,0.2665448219442435,0.24520922980224094,0.2762272247324969,0.2721108049536773,0.25280832344002446,0.2333526630529977,0.3633046372844652,0.31827369201265554,0.33711844361901844,0.2716496837165425,0.25616988600943047,0.2958036434488957,0.26540026479649553,0.20209396157868773,0.28008603286192885,0.2629489072152028,0.2674443408448175,0.2831613650857745,0.279350975496944,0.38876973462907705,0.23851714700063864,0.27973748813238186,0.25350436541876303,0.22883814275859055,0.30298864949636706,0.3869365678021793,0.26638202736648703,0.2685743106823236,0.35647381927125266,0.28706122636621095,0.27033777952066046,0.2860955504736703,0.25914272487039547,0.28979371956717725,0.3490149676155092,0.2556626253233645,0.2816197285521103,0.34765972984844884,0.3840499841780581,0.30423167254698924,0.3349552364372677,0.3611195241845764,0.2554995039765291,0.3202157494156915,0.2073779326012623,0.34626281904369455,0.2946914583367196,0.27163228039025433,0.25961105356066194,0.2671402385285154,0.3508557969968478,0.24616577621070387,0.25003923572948955,0.26009374567160864,0.25792766565847564,0.2363291774038513,0.3330098646746365,0.3160981270125319,0.30161373451655543
0.32061775317523433,0.40227779026862803,0.322781582514234,0.28905956240558134,0.25082172465044783,0.2883029430391863,0.30888800586652404,0.35386974767107543,0.2672631091063568,0.0,0.2937411267475023,0.27995809550059525,0.3352845819620166,0.27770245699914814,0.28041013212959787,0.27914283575005727,0.3000952548205795,0.3514804117148385,0.2698154176429436,0.2585274165347918,0.2773963560127122,0.2809983787943396,0.3919068994959717,0.2552710618605881,0.43449937103043496,0.25867145203225406,0.30201004302012663,0.3220887134833601,0.3210678905741541,0.25919018236373614,0.31981476970170863,0.3031797830566927,0.24461839370083435,0.28891490816781845,0.28032527048778155,0.2816166035576823,0.3385424093354495,0.29218219106971827,0.24061358389175458,0.30452553231480906,0.26057113686487615,0.34433975567012687,0.2522369557492979,0.2452436470312288,0.3115397583287517,0.308331046279791,0.26688951651141435,0.26205263068695833,0.3704531639846453,0.2387974049146856,0.28942315361357523,0.24457270683047194,0.2685492042415457,0.2749636313756769,0.2958622670468396,0.3460911818789189,0.2625763072076322,0.2763607410787508,0.3246801873020206,0.27491391382997876,0.3155136011809242,0.22673936336956496,0.24491126791302487,0.22759755960054312,0.24758400465111113,0.2662401867994018,0.31140982988462995,0.2911096199586937,0.3161000789865482,0.38430113118964015,0.2642844335813446,0.2701181811780057,0.2678745184552345,0.33207100816745866,0.31621511597118124,0.308808414853963,0.26841130371031763,0.3190531433201119,0.2807416120753373,0.2488956645614881,0.32997612187666714,0.2877604838404878,0.3340947719146522,0.32342120095537036,0.28934603610660503,0.341076248294784,0.30888479164804195,0.28997339157178664,0.3576255685278011,0.29768037260853775,0.28680634638892516,0.2822195763808156,0.28325636822120936,0.2536016533257368,0.31250845049786624,0.32075709737102415,0.20094676228302522,0.30516125125768084,0.22885708967569382,0.3559929452584652,0.26509884463154326,0.266083060426168,0.26854748870149403,0.3167613217074431,0.25514086641049294,0.277992241773674,0.2673269938021936,0.4760855445354878,0.3116666964950762,0.3347151164900407,0.2661960873833494,0.267155715062787,0.3439860865495454,0.3200797295546522,0.2898753160283993,0.3292932788494016,0.3340994688644407,0.281337623704369,0.2800994260721527,0.30293109859724765,0.23098162896233232,0.28956950616057137,0.2606274885538176,0.333697793680807,0.24068682049157322,0.33113785675937446,0.2693275127612703,0.2534527646729079,0.32276870946378566,0.28060961264392364,0.35443814719499617,0.25059556824339496,0.2728176137328356,0.2620598243746231,0.26146665572520444,0.233207498450888,0.2722554056033246,0.282566783505622,0.2965861381116973,0.31579047321489484,0.27237747925738287,0.27373962003120267,0.3379610993659074,0.25464968984422837,0.30791644627972664,0.3260849528303993,0.25354010832520396,0.380702189284583,0.4220309397015627,0.21975369685396248,0.2676900208203139,0.34856878539436287,0.25615870883857955,0.2982291776651216,0.34440613527506136,0.3361628349011134,0.27141309127137236,0.36991668786011683,0.25203739247760015,0.2971807487574778,0.4146609374266992,0.31732405440713435,0.3135848996381557,0.29417375987212924
0.36451300668271586,0.32760411719340204,0.3664242257617561,0.300991055564073,0.29657698211734473,0.30854716495773155,0.33524425850232176,0.2933416170319752,0.24868123593268454,0.2937411267475023,0.0,0.3654297516643342,0.3687892716732363,0.25617988264930364,0.3333042201734168,0.36402322011397104,0.37373426458713876,0.35160221165739397,0.32403882842307924,0.2752470531331313,0.3918352022254124,0.38128231090837883,0.30180262077948455,0.3248039353217112,0.327927131779976,0.3542499824850838,0.2575686636940124,0.3095993379520043,0.32356703236470946,0.29635269499528477,0.29136605502911106,0.3406329838982222,0.3005250459777656,0.26905677507472237,0.28458098272979876,0.33809482657865875,0.4100028918860143,0.3212361977927445,0.371121664414855,0.35866466288484466,0.3497450115149489,0.3005966853684275,0.3520026022931755,0.3590360653204258,0.31617539852404636,0.3401594022549709,0.2573868362807727,0.4349778641115985,0.3741403753575281,0.31258671557195206,0.47451183015755943,0.3175719963872322,0.26995412017479037,0.40094405602540506,0.4190799932814922,0.23521300565426886,0.36235214484864214,0.39405810674382047,0.32629470869243765,0.32234775321185555,0.3099222360940883,0.2298532427313215,0.3931739441375037,0.2246501388189988,0.25359923263904943,0.2956471740654036,0.3124264285255571,0.32812653273390824,0.32603057036659444,0.32264972219567223,0.3755853379243647,0.2458553069234952,0.2800492631111257,0.4398685994940037,0.33225944808760366,0.2728530085086025,0.39587599700538384,0.3227276860375297,0.31137480926917394,0.24539200315278506,0.32676067977939643,0.2992110292985394,0.3287190889062124,0.29359747659276897,0.2835705150154665,0.3227511028389958,0.28874782662648624,0.2943874343314122,0.26936347410966033,0.25998056134901804,0.46152333253452127,0.24581793081241007,0.41789889908747413,0.30544003707005435,0.30194205086936327,0.29387848171597836,0.22710921504574874,0.23140279068952724,0.20739602122630973,0.3023962485673518,0.26114753742450997,0.2996828608020242,0.2651048141695538,0.24069918713374688,0.30469931220312335,0.3052384334274167,0.2937549158751768,0.28684768976879577,0.3446036844456018,0.37840754887003786,0.4126586625988688,0.2906052816178579,0.321618427845169,0.26033236951283883,0.33778597987662734,0.3340545859428549,0.28371820340068676,0.31096842080158815,0.3074987603308651,0.23510670971514075,0.3091719670841486,0.2508425794503605,0.27537073605646417,0.4377727853311344,0.22763479970760225,0.40866583226014846,0.2315074101693669,0.3183893275336014,0.3024821937873253,0.2933882658744564,0.2239191646261736,0.3241368688000495,0.26420909677304066,0.28833517297367306,0.33160739942036443,0.2642009577305602,0.292806763813165,0.305599148592606,0.2986270946387421,0.35183810124370757,0.28112773928506396,0.2781746007455754,0.2928123746925207,0.28165930682776325,0.3718511418631528,0.273673057064517,0.32027444714790904,0.3285790423430785,0.29018875802860894,0.19973613168436413,0.3582026773223451,0.29664038187027375,0.35316594203934454,0.2911068248657486,0.32497554087419606,0.3257943315015382,0.3367923152364221,0.33922155604152465,0.24946855778986426,0.2999858154751836,0.2764201073409955,0.28824598237643706,0.2302852866102734,0.4495473267489511
0.3421806001455409,0.34675540272618527,0.30734236300203094,0.2747823575557922,0.2382926797825847,0.39640733179013443,0.3441157452834259,0.30007459119880714,0.26743600202436885,0.27995809550059525,0.3654297516643342,0.0,0.29902252669272394,0.20404272133759194,0.29613112892495935,0.30284148500558444,0.3235645557236683,0.26610034220407736,0.37039408207676633,0.2848998966922992,0.36357368282235974,0.31726943366071375,0.2728411860873487,0.30226279721276367,0.36847916654059026,0.26635546841351015,0.2377287299105829,0.2651664794719221,0.27643688169042263,0.3144182529500183,0.3172024907202901,0.3256885634457223,0.29923790048302945,0.3021563404645702,0.2598419946300959,0.2878175874229061,0.34809309224712054,0.271771596896124,0.3301484312201548,0.29545615452092433,0.3394339085413042,0.31559023008683285,0.2980173307112031,0.34933893317639403,0.2947767656031146,0.31260853256405213,0.3079225926478385,0.31182997736641094,0.3010387572477464,0.29945297680047617,0.39648638648100276,0.36561026425741006,0.2510231292857744,0.3703243834264685,0.3371438135504623,0.26987601340164813,0.3460635815134489,0.4078178762662452,0.2439808502128193,0.2825600782577774,0.2549863700490177,0.21768227420176037,0.34591113842252263,0.20534745260073484,0.23822797472053953,0.27714062104387305,0.25266637282386895,0.28020984967134815,0.23915190571533892,0.26840869846810694,0.31107766558980476,0.21110118460935368,0.2549383629400084,0.32484602129146045,0.2972943240761032,0.26386945433907205,0.27765741254853227,0.27868053040806484,0.2699080516416085,0.22148034316679754,0.2795101866671491,0.29660589345817995,0.31619424843741584,0.2350972968078454,0.2773612009335278,0.3258991362668717,0.2564823711676948,0.2645861964220875,0.2838950375116165,0.271791285382632,0.36248760231914123,0.3038086933837421,0.3268516854046766,0.3022478346825352,0.25491677916721417,0.38173546437382955,0.21820473752122602,0.3045165708481479,0.19456266595803137,0.2786141849677454,0.21490640470238986,0.2546613422330084,0.2843631128131445,0.2950788282347557,0.26911599823119103,0.2979923187905739,0.2963518834338407,0.2816202859879096,0.3023931797991559,0.38907177607203425,0.4806497994223039,0.2794662585041778,0.2907436587450194,0.23609601795395688,0.2805788448358176,0.3369861762443364,0.28704256426462577,0.290779531403774,0.33214368881488227,0.22020034104411917,0.24331616004026962,0.24555213527336278,0.26774917616177024,0.359802230611231,0.20713160295329291,0.399342927139664,0.23053696492786496,0.299258608870267,0.2999299734089011,0.23770608305658789,0.24419037577306046,0.2773492924384745,0.21281941247238848,0.27796064698505163,0.2722004987663731,0.22535842666943343,0.31970684847212644,0.2622341714438804,0.24483171010872692,0.30956716726279315,0.2353940720293353,0.25107694033638156,0.30565345292008794,0.2652701147469711,0.31144294636839437,0.34394847313047255,0.3803587080476317,0.27296912222769865,0.326205793645911,0.18931882129831895,0.30823038676357156,0.28941509175824026,0.2810694192661709,0.277847276794154,0.39705886849696853,0.2730057142625046,0.2917589764121728,0.35137364517530667,0.22693583557684638,0.2750227403114906,0.21604610899178292,0.26309116556222834,0.2099754019002984,0.3327464517179324
