0,1,2,3,4,5,6,7,8,9,10,11,12,13,14,15,16,17,18,19,20,21,22,23,24,25,26,27,28,29,30,31,32,33,34,35,36,37,38,39,40,41,42,43,44,45,46,47,48,49,50,51,52,53,54,55,56,57,58,59,60,61,62,63,64,65,66,67,68,69,70,71,72,73,74,75,76,77,78,79,80,81,82,83,84,85,86,87,88,89,90,91,92,93,94,95,96,97,98,99,100,101,102,103,104,105,106,107,108,109,110,111,112,113,114,115,116,117,118,119,120,121,122,123,124,125,126,127,128,129,130,131,132,133,134,135,136,137,138,139,140,141,142,143,144,145,146,147,148,149,150,151,152,153,154,155,156,157,158,159,160,161,162,163
0.0,0.3007397388036958,0.2548631994272576,0.2575601346886608,0.26079449343235095,0.2751466232784219,0.25344964629068445,0.31007645867673544,0.32538501081296545,0.2814940946914828,0.3038628676717068,0.25566396170891825,0.39199732577487306,0.2812187678021298,0.29076453829500454,0.3111191217093301,0.32979281635742086,0.4427501670634287,0.27516038549233346,0.417004651122892,0.31094949684551254,0.2846237735476411,0.26944943233735624,0.27321089197703585,0.35572708765127037,0.24514702925790144,0.22915952410176935,0.2805033929492067,0.24194194785043038,0.251470714281227,0.3192102645263846,0.3292386913104859,0.2563685481858042,0.2589192100157762,0.39642449494266674,0.2891400469577612,0.3656213358392928,0.3346909350786749,0.23604439822291737,0.32355175185261564,0.26618967898980606,0.30591504054379176,0.354706319952348,0.31710245742775833,0.3117118621828348,0.3518115883063487,0.27343798048395335,0.30263725028113914,0.3451443974707639,0.379101577469726,0.3574307290628337,0.3207842265998052,0.2811420949866857,0.2675704469153104,0.2881452431298736,0.3130675590699518,0.435452203362508,0.28182547097483784,0.3124775751359668,0.3468671240666944,0.29341271297918076,0.259637431354814,0.33813028449566707,0.25968444732385,0.3127154310014262,0.346794524217741,0.2860259979341387,0.30191948401373997,0.2725909796289607,0.3493847785184466,0.40961938694684263,0.33761617360594215,0.31010688278438175,0.3253190853101688,0.3233559596060251,0.3211888588297117,0.24688827235726574,0.24699844877520974,0.30254070478220146,0.2430215052520047,0.27945031784795493,0.3352702383571755,0.2925000221995257,0.30176459729954214,0.3380268091909446,0.3384168700150213,0.31831268411235647,0.33648598863653023,0.3323714964979506,0.2711468519482222,0.3474921427158561,0.2891488300194358,0.34638051797381814,0.35402956356263976,0.33886351266370823,0.2580371086108923,0.23169748541313845,0.26936700014244797,0.260797892057754,0.3275821719058491,0.2759764947373079,0.29341008843151367,0.25852383696621684,0.24074703501865133,0.3974977896808252,0.31387169806471643,0.3076266787640989,0.3046132366285209,0.31489379870101564,0.29930707220830527,0.28420832646872046,0.35117099208274,0.3270429889970441,0.2544442822429269,0.33989467121262296,0.32056015343808897,0.3393484871587803,0.2947855479071424,0.2567087003162687,0.2589195204455331,0.3066540697809564,0.25717527741624646,0.3349139393283483,0.3415114752754707,0.2971475769021909,0.26262955207533684,0.2469742654090651,0.2565362604176088,0.26900122502441465,0.3144385672122255,0.26644190423278524,0.268103028746396,0.2720789694338284,0.29368010784514226,0.28577399325198033,0.29117053175500585,0.30865036827339126,0.3146608741550763,0.26948046780842067,0.33322177727217583,0.24566950270189933,0.2944421596032748,0.34593714215047094,0.26652372271263614,0.3062760508973331,0.2837551144281336,0.2805866752809961,0.23945880528695734,0.32418104174819534,0.19934038335332782,0.39554629427309196,0.2933147964408071,0.30252687356677327,0.22368050074432896,0.29183922158387676,0.3500277578273842,0.2688336988190427,0.2786396833044981,0.2849199041771378,0.30667338721644255,0.24848958984416702,0.37310955554419045,0.22687490086906112,0.3897985719324993
0.3007397388036958,0.0,0.31287519113604484,0.314992489895904,0.22865302777172386,0.368850675513439,0.2605490527586175,0.4065399189419512,0.275266895297834,0.365424731851297,0.3191067949210476,0.30849385732371243,0.32450528945836365,0.30533681484544795,0.32596050216923594,0.28993844203442376,0.29860986755933555,0.29161720013127723,0.30795220404703333,0.3098117921554187,0.3163261990164632,0.38360886504464864,0.25131953128624884,0.28366866898078624,0.3378897848035793,0.2331605082461964,0.22682573037809717,0.28072333565980934,0.3537786699848766,0.22645416625269185,0.3385538123191106,0.3026155005529686,0.36631190119658014,0.23687947996638245,0.2993016373946996,0.32139564398918063,0.30111342604061325,0.31283156817333163,0.30203105317404094,0.29443515170727264,0.3429269336723538,0.2810971455033699,0.2502237054002529,0.2835608429916645,0.3650217469940467,0.28245101562952835,0.23498335402072268,0.2752151050478874,0.28668331108717776,0.296756722222461,0.3212885847628361,0.2835541504625197,0.3013734004377853,0.4077623528176432,0.3397602675858849,0.30895804525868215,0.3203987675686106,0.2864458588650454,0.31368716204041514,0.3464417994381594,0.40570949778772003,0.22841235459269257,0.28133555040214575,0.22544602588685236,0.25673871471200244,0.27113654722416924,0.29391658072905846,0.2707222197862518,0.25212311165136997,0.3529290063601561,0.306786798988167,0.29154618395125176,0.241806068759462,0.3434856641961559,0.3475126231281237,0.24664831410057433,0.26236990145292816,0.2925649492876781,0.2724342397293034,0.22274442560250565,0.26944862378540974,0.29997307219448144,0.3653389144056896,0.29873012580925074,0.27622632267827596,0.3903820975526028,0.28842286017751695,0.2539516728481351,0.2706651967947727,0.3165139892979023,0.258668795163011,0.2763923649295152,0.3332138003957312,0.2905940351702108,0.3129775520803064,0.34855690753494234,0.2764582061403751,0.2647379923023503,0.2202277122217899,0.3140745558156441,0.2962936289852695,0.27063577607902045,0.21150335471512258,0.2742452029599339,0.2948832489376189,0.2695110460121095,0.28175003813519334,0.3163853664304938,0.29784139121516484,0.3303750923340509,0.27209685622752366,0.25330108955062386,0.2957612146014426,0.2517553249815586,0.32575155770990594,0.3517908254188876,0.28676839344112515,0.23748671960168793,0.2787181554204978,0.24474081457876082,0.2691078309378179,0.27292768041581494,0.2718694529044796,0.35406957307763054,0.2612149752203153,0.387562336302566,0.2514587336496015,0.3217766428178216,0.34663836520057417,0.2897480898350988,0.28273389950277533,0.2902520272278894,0.26514630179516085,0.3045894850205065,0.3180415492044772,0.2504595637090185,0.2628066033957257,0.28817435901888006,0.2894427285430825,0.29130679450521646,0.3035249571993451,0.3027797672015469,0.35526728629827836,0.27842382972528656,0.31218439809765336,0.2268035185993396,0.3153219135010793,0.2857170668528926,0.3485135894722045,0.20991400699360638,0.2866244698242653,0.31611066318701325,0.27312207136185396,0.2738633418481773,0.30632235789223156,0.3477141372849886,0.2935244815116835,0.3213960495738742,0.2721488119437823,0.2524551869762153,0.27539223890423314,0.3201849398840172,0.22765064181675015,0.2889688631249861
0.2548631994272576,0.31287519113604484,0.0,0.25140301134479426,0.25650009154814835,0.28592929379760534,0.2262296357684312,0.3158014384840761,0.22484764730684778,0.351990966505621,0.30241894472804004,0.25642745046393567,0.3129846147652704,0.24878261161499404,0.23901104677342835,0.3513653902559998,0.34372608296406365,0.2704693415849074,0.22216396926351248,0.23270025927062565,0.32794937931469087,0.3734581185659898,0.22355982602076116,0.25652268314173376,0.26524130925335837,0.2582495462748813,0.2116173129658121,0.25288067086338584,0.2660427324493648,0.2313496002400159,0.2228485494887208,0.2782228056070419,0.2332509351535276,0.20826200259514505,0.2335298515521672,0.2691668507277098,0.2708727127300662,0.26522199451110273,0.23101812665469754,0.2809707924540867,0.26165877300435103,0.30549312378522153,0.24597020888485488,0.25352533115234005,0.28208068455559115,0.2498020046946847,0.2525907810376661,0.27533668882073004,0.2555566069947699,0.2614556450061993,0.2790426229697922,0.2911110527589843,0.20952418445952553,0.2988120020778317,0.2776961235092189,0.2562651610216943,0.25032403783855883,0.2911008326829722,0.26035791437154476,0.26095312262266185,0.27962036063286827,0.2125815288492657,0.2921265711346953,0.22515991283596243,0.2158949896060515,0.23532263832664932,0.2376815585404702,0.27480591281767275,0.2623194509843685,0.2947724172622223,0.2848153287567832,0.22556458058180953,0.24653417863144556,0.37296469533771187,0.29784903249795913,0.19074444323553444,0.27931636999808335,0.27466848831306295,0.21590191030548606,0.2017645009896306,0.260876140536187,0.2496248883978797,0.28694988053146403,0.25806169560084624,0.24853115671249984,0.30385201525927336,0.23166725501016447,0.20521490609570248,0.228095548420757,0.2228812753355503,0.27597021274707056,0.21119348977923383,0.27628897572083055,0.20665618066855285,0.2742066948246652,0.24998018991954635,0.20873589100332476,0.24917874905381415,0.1992377957946142,0.2618111273361299,0.20163672185344383,0.26773540577991767,0.19403212089302468,0.24712853934383502,0.24901168130179374,0.292714290609678,0.2666884594915574,0.2717473861087388,0.2621880997532823,0.31140005567721313,0.24810973091475103,0.22897686535142361,0.2511680833302606,0.22050973655657932,0.23122647670996796,0.31901384435925173,0.21819897560485688,0.2590708708867037,0.3094531888005538,0.235766003640898,0.26326003409248727,0.22615520457665195,0.23106252537761252,0.2757488631849185,0.19492404653042655,0.2823985996608158,0.2368520928090114,0.2789846551373661,0.3122089596904184,0.24836876974754743,0.2580075645016762,0.3569754083886873,0.20162551031458972,0.21437924073044587,0.2493129387111379,0.20983329379403218,0.21058965080907893,0.23294330733796917,0.24725004176297094,0.22843163724848992,0.20461506628915577,0.2650446677399826,0.2647309670779967,0.2579544185773507,0.25420151886224945,0.19612339394161632,0.2842196429507026,0.2507841450913867,0.30623919455300896,0.21263351534374245,0.21029151953441158,0.20674186752189871,0.2453510971178201,0.3020178252167124,0.2673499380219835,0.2503050445243236,0.25091680634814423,0.3127955826791412,0.19073935818943508,0.24039258766128038,0.2665319186270037,0.2093430978348421,0.2133651226994736,0.2644120514977964
0.2575601346886608,0.314992489895904,0.25140301134479426,0.0,0.23566111071564538,0.25187545635181846,0.31639784715867614,0.30571196480198476,0.2299386368609246,0.2877686924362901,0.2763521056907188,0.2682746110618864,0.27801836175531974,0.2719387415345804,0.3038709032025126,0.2483200816883741,0.28620923400638953,0.2791415887210042,0.25280140845742544,0.2442320933076432,0.30452860211837546,0.27323670944125494,0.29361001017023164,0.2661247726551641,0.29384974806914466,0.26342932021588844,0.27196613000893993,0.26579996751837925,0.2596907734161077,0.2011855134660502,0.26317259223805084,0.24572516598755362,0.3641192605794467,0.26680142346048796,0.2711057159558391,0.29305351261703394,0.2825533501485885,0.26565576794619805,0.25937088704543815,0.3426509908613721,0.29259348136645014,0.28973522619345293,0.2330552127599413,0.27736829160993737,0.3008770485211855,0.2844497413043713,0.19796025558572977,0.23928117458765671,0.2863353750015558,0.2593410278533225,0.3269336698209836,0.2852428882916398,0.2614619551901451,0.3553765953868504,0.2984034818973001,0.26995714440887236,0.29173776371962046,0.2776354442262947,0.29133766440956277,0.3200041022084722,0.328167058515971,0.22079553512843275,0.2682488644014469,0.21728885415184782,0.25607782490547226,0.26430605435138943,0.33969816897288624,0.22568740083925604,0.23029028849127375,0.29450232956643335,0.2578396244049773,0.2605122955383058,0.2637257985071643,0.3731801462476462,0.2692227658685956,0.22088029824019398,0.3132356546586818,0.3058561666272207,0.24035607008867238,0.1984545344238501,0.23140101625603926,0.31464951147614073,0.25366766040779987,0.24127186412550708,0.322409538129782,0.28083688972657317,0.3025793040955687,0.2571661980774285,0.267166734727218,0.2669568932036075,0.28321148875471863,0.290200723026739,0.2633066306421937,0.2468218846369432,0.3290219619630368,0.255271229946833,0.2186985975011195,0.2825050985315987,0.23099164246936063,0.3099334544541485,0.2588086900642928,0.2965265955239124,0.27349369491802095,0.2457561326111785,0.2691041805675997,0.25470284654661735,0.2748837552020679,0.27019083096594193,0.29326685305444916,0.27765175863278846,0.3033672213616155,0.2759927000659217,0.3021223794006816,0.2759115595793418,0.27198186767443755,0.2887314049091268,0.26892317589761344,0.21188595538131322,0.27991234525418124,0.27377068078264627,0.26066210516308996,0.29972521388446044,0.26105332429768846,0.2925032993213951,0.22351225225008992,0.25868141691812346,0.26587007990827,0.29072390421175764,0.2950029788437191,0.2835871074746002,0.22951434266090887,0.2579250333886014,0.2676483098273193,0.2741746574699958,0.2607143847894361,0.20871123732531277,0.19067427364848302,0.2923858244657185,0.2817189488311994,0.2678560475026579,0.2859379208646766,0.2566591509010185,0.3678788171218205,0.2775658695791334,0.26819407226112973,0.24008253426289786,0.2633890527840231,0.24484664210236926,0.24329472682580183,0.1905228792518884,0.2865757239020719,0.2667974055727068,0.27752415300484534,0.2528878680636766,0.30335242782272864,0.2982664970759197,0.26777095524794,0.2912464222045073,0.33233275781869,0.2609567751955096,0.26406640216017524,0.2561269471222378,0.2591953831430888,0.2784150150803609
0.26079449343235095,0.22865302777172386,0.25650009154814835,0.23566111071564538,0.0,0.2092407382456026,0.2754150576667463,0.2341980458999497,0.242608492912949,0.2312436512251832,0.28759303371812445,0.23261751478999676,0.2337173241697566,0.22982683925453734,0.26862519143551655,0.270058228067782,0.2567291663233141,0.2662575058266911,0.19516314351534647,0.22060474182749468,0.27121298533798255,0.2790467737408809,0.25801542169862446,0.23693934129391758,0.23745275116102404,0.24887110976468826,0.22610802416058381,0.19942385578517985,0.21084337262590644,0.2501913022511541,0.2602238058462517,0.21700417887315482,0.21961893735133123,0.20510392083024162,0.2945729642357605,0.2779804592157314,0.27683550195635126,0.2608873000968873,0.25996906659743424,0.23564792813453128,0.23359642767929673,0.29706744635501725,0.2679850079584684,0.30219141548316164,0.2278835049299034,0.22084487064867817,0.24620333757923235,0.3019915084284659,0.2695276854906201,0.26946842938242593,0.27693515246515715,0.22619048979951803,0.20962113323658543,0.24183645454329228,0.2621076636221704,0.22532305249001924,0.2273190061742167,0.29667962315326163,0.2322177419739533,0.23299322532141703,0.20196288500073759,0.20339377461290228,0.23761343270871002,0.2431097484135695,0.2285230075788604,0.19435411064924668,0.2260473010491471,0.2535567650152865,0.22612381110754987,0.2742316938794134,0.2662328475029477,0.24292550200273008,0.21711932146201096,0.25857437277725503,0.21838078999148092,0.18526800714566916,0.2526227845823273,0.3389179457722569,0.20707223172206518,0.1934003072935275,0.2133075848725873,0.25919762688098125,0.27352814460992353,0.19916333149872922,0.2344611112112973,0.2329572094942297,0.24444028329780704,0.23170579834643518,0.20503915991943236,0.22297399933803072,0.3739908872101965,0.25379685287046955,0.3053919199659659,0.18569265471414292,0.2611093375315085,0.2347186141898145,0.17595835200615229,0.2125575742786509,0.24033461430238334,0.2047665246917748,0.224393818151598,0.2362564852110123,0.22941431587477176,0.2044840985001161,0.24051616270226595,0.24180749685981143,0.21390692128653072,0.2502233296736387,0.2484047272123796,0.2443625698883429,0.24897895742853346,0.27902068867666663,0.21975969522970937,0.2498820334610005,0.2171943861685799,0.23378478528808566,0.19966931452672443,0.24433111778338804,0.21511285511690223,0.23919787194274733,0.3382133778098509,0.22969029657057022,0.21062217258256677,0.2750764490235083,0.22803272194468996,0.2164622632079288,0.20507056551062075,0.2743047562562743,0.2167834860975949,0.2405440078272563,0.21688502076940747,0.2379792154259135,0.2000703376254955,0.23902365692963087,0.23626406584818468,0.23225862660894764,0.20756047685224907,0.280355890669643,0.23231970721126627,0.26843365947183256,0.19431452698026455,0.2575227230281129,0.25593582058556164,0.25877913052373513,0.28038181532899875,0.23017835440443726,0.2920875422496803,0.21718834644585258,0.22294826044571278,0.18785096569559878,0.23512989288484304,0.21369313467946816,0.2638520811521474,0.23974363834361082,0.24955509598811582,0.26510648585383967,0.20101842734339326,0.27634175380562764,0.21265743591757516,0.22294785797468808,0.20211614616940718,0.22113704770233242,0.2134912330086957,0.3188421538658183
0.2751466232784219,0.368850675513439,0.28592929379760534,0.25187545635181846,0.2092407382456026,0.0,0.21879946311696832,0.328097734934949,0.25040428643697993,0.281712535509885,0.2768226642526225,0.29248910415651125,0.3120798104892435,0.22086402627447746,0.253781257246558,0.29829644154022655,0.30061725309413445,0.22002556719716324,0.28526522621656974,0.27459099467819253,0.3202460845354638,0.28625138029821734,0.19024628835311783,0.23183290208296461,0.29854690879899304,0.2082184031375706,0.1835567782915087,0.24098612218671187,0.26212093731059716,0.2332650467530758,0.2751379494819623,0.33591736982990983,0.2843381558628706,0.2176197256693512,0.24495414291100315,0.24814295060381641,0.2695910614221274,0.24794100901459176,0.2443017550232471,0.2302475753455113,0.2714940360456557,0.3072309426721304,0.2505412821590658,0.29596390275502915,0.2454676936417154,0.2336746081925052,0.23329181057406428,0.2594885180519217,0.21537665767017314,0.2678465467185247,0.2831080628860238,0.32046528563478116,0.24355150786406482,0.3026355708321101,0.25082915879831014,0.328976353018524,0.28336475031449265,0.33832361820569173,0.2278627744755421,0.24929232518439348,0.3590213743258373,0.2466295327862502,0.3225483227059191,0.19249515488132543,0.23747661425521102,0.25070035144144687,0.234169427414531,0.2653095341857971,0.20472636461698254,0.2865819975246673,0.2874122836500604,0.21830168896710017,0.250252263115504,0.2869220090534161,0.3408502851276396,0.22707995880107243,0.2497973210309126,0.2436889944741001,0.22499704535301285,0.28615791342037167,0.3545952772255905,0.26126247543472464,0.29989070656578715,0.28058969957019064,0.27249956260857694,0.27572369212096054,0.30577963587564577,0.21994049216118336,0.25864751702119343,0.24688238686411113,0.25139534393101937,0.2692772855743409,0.28343338896789444,0.2520727268185945,0.25234160711901954,0.29705462720498244,0.26220871805426166,0.28305831609195015,0.20763416725859346,0.2578110157941068,0.2244493621399917,0.258988642842635,0.20763784352003137,0.2318383499276281,0.274986194023186,0.2817639671855408,0.2983011325877354,0.2842061236681266,0.23784331462430117,0.3084779714314819,0.2701607971241901,0.22406067577500857,0.32095884652579626,0.245749822271114,0.2435642219618733,0.3025916381053977,0.2952286454462174,0.20905572973490347,0.3347087893037887,0.23542473763364735,0.2390243724514612,0.2643909001357124,0.27826211334917644,0.3077110883317834,0.2594434197134854,0.28967606493945874,0.26337291582334593,0.2506030196512744,0.2874691473700743,0.21690309335460753,0.2928688409899448,0.383939783694126,0.2358631340803849,0.26331678997699254,0.26367838199614346,0.24030310576406766,0.250816242717505,0.21309129150080555,0.20828237505644462,0.2419369957003281,0.2449507818812026,0.3006567510080797,0.2699873439274191,0.2551708684555926,0.27172957282011484,0.20835027128855738,0.296725674049687,0.279130474033946,0.28348484375799565,0.2215099722682982,0.24970576255671129,0.2731449059423256,0.21441869639670766,0.23126841976720067,0.30861348781703335,0.2718319177771747,0.24544836886619345,0.33358573959071863,0.21975261439730343,0.2617434945319101,0.2380600938374692,0.29875072630500216,0.22909908860016717,0.2614733364137826
0.25344964629068445,0.2605490527586175,0.2262296357684312,0.31639784715867614,0.2754150576667463,0.21879946311696832,0.0,0.23512458334455363,0.22247357337308024,0.2510344012604088,0.2863885306448871,0.2856450155842787,0.27152184965713305,0.26340086149520586,0.3344462011346998,0.2361783248585067,0.23763143220968003,0.2623449628152697,0.23788959264338547,0.2106887727679153,0.25908075798592656,0.27897494448553384,0.3299490981822615,0.28160773100110154,0.27014415637270905,0.2780482901998737,0.24490482308423125,0.2222097277197612,0.25185610377266693,0.2362266699636842,0.27158527349287165,0.26370100808905256,0.30117198985343613,0.2647721769786304,0.25020862263922966,0.2691186215826809,0.3272760537624252,0.2375754456832941,0.2789833853936762,0.3090966307660156,0.28119001856267084,0.25697104153333933,0.27655488086471475,0.3001663948482143,0.28813619729559115,0.2590034349474988,0.2451413536120519,0.26667912034679087,0.38788567786119227,0.24524812935581072,0.33789103506210877,0.22923319514703824,0.20955802904009757,0.31214017925254145,0.3536784360341917,0.24437913316608156,0.24562310586514327,0.2554618971746124,0.2907942021208258,0.25952236076094587,0.22839544710288484,0.22078935651417902,0.2223130685083763,0.23104159843218652,0.22660029177288912,0.20893738662709202,0.30860159800982817,0.29294216773741316,0.23246495932576244,0.25086576011573253,0.2868067432206255,0.2403233034110108,0.21941814505496812,0.3179707291688221,0.19703871133686504,0.22677432948124604,0.37521732247786926,0.3259279381825516,0.2179917082706931,0.19862318609183294,0.2208200071270355,0.27198061001493823,0.2767185394713228,0.19650271209626943,0.23498911296189692,0.23967735176768584,0.24683229237457108,0.2765879698406303,0.23837607898666638,0.24999078917232884,0.3096977789058707,0.32147474341794674,0.2997222988135768,0.22566462971857826,0.270191809237157,0.29196219512854,0.19082443639171504,0.2457711918217034,0.2302469630097236,0.27276271386868345,0.26878944591442394,0.2865454306132367,0.278780802684893,0.2286746963666451,0.22978575508614754,0.2473331420963405,0.2255755405083285,0.23181804403191428,0.3060034213022191,0.2679420802075072,0.34697465538711025,0.257653060014412,0.24601417949441234,0.22100862420055734,0.23609299531734393,0.24184622081967383,0.21922986352041698,0.2690969480255913,0.24210598727630023,0.2203910385028241,0.26091856589060236,0.24081893381485597,0.21160240011501033,0.3242056109732505,0.21115807104896223,0.2892470889581657,0.2193283992756325,0.32920974612705906,0.23077012840663144,0.2742239904212789,0.19894138826145658,0.2085791444553636,0.22219697154733953,0.22568145965722297,0.22812041371861297,0.2271715281131926,0.22061727445303936,0.29852888294230734,0.25522105878929885,0.29009169333207196,0.25465442338989125,0.24712984915313496,0.28809558956246123,0.24492109404054377,0.2873472602126245,0.2770689620284673,0.2693700545830232,0.25660296259425813,0.22207564504727997,0.1664824256345449,0.26133540961628826,0.2440693661199792,0.24986821785403096,0.2987249906822694,0.28865223481506147,0.29527492086566076,0.2619062371755395,0.29757118609140404,0.2857546294660596,0.2880280957793448,0.23062805004021633,0.2276892728091923,0.22863968269611903,0.2746891297136647
0.31007645867673544,0.4065399189419512,0.3158014384840761,0.30571196480198476,0.2341980458999497,0.328097734934949,0.23512458334455363,0.0,0.3167092530554374,0.3607210147770176,0.2835978635676247,0.3035071936124375,0.33930307331037113,0.28112714419544466,0.2805552435177576,0.34179602885950633,0.36421491435645414,0.302616622597465,0.3029501644316939,0.32562199481987547,0.3625929172002668,0.28284165960317975,0.2610148323565511,0.2528434676980648,0.35873273539234923,0.24296312280402335,0.26466226779459195,0.32126188622871477,0.25928297451530113,0.25609057683935194,0.3718295088975826,0.3271239464927362,0.3051229845785361,0.273378450553711,0.3230913926711309,0.3568123744357619,0.3095755742819196,0.3899480428950327,0.27542467294643236,0.3075526618808833,0.32383706920513095,0.31128546848171545,0.2770051064016141,0.2877200314508702,0.3805939349604351,0.31078061205757634,0.2539139070357765,0.2637626848704673,0.29978319534842185,0.31391322058995036,0.3146911376578288,0.29806983897677575,0.2838404092477915,0.3041105059412594,0.29302119108924246,0.3334204408321895,0.32839211342458563,0.35922147440954766,0.33165914187162193,0.32730986125290196,0.3996152179838788,0.2446799061284479,0.30603075580950806,0.26826497539282734,0.256080165676318,0.2835933800612786,0.29566782688416615,0.2597878062008436,0.2933168135424204,0.444376183089699,0.2959552990690412,0.3146686662997912,0.289922532368173,0.3710502296930887,0.4347615253248207,0.2594324621483756,0.28293157675139524,0.2763492052902519,0.3310753221046397,0.22947828285291944,0.3037761942495487,0.3053859952882831,0.3456326657130922,0.3650828846715696,0.3677501120792797,0.45834534393726906,0.35262661591171074,0.27933118095162207,0.3629578205682582,0.31310410156980006,0.28413778600159173,0.29527521665741974,0.315764037173818,0.27395955641870395,0.3574652612883355,0.3013698756131495,0.27489253528156654,0.3428080220390762,0.23987082865621523,0.3573943794534426,0.2755373082031732,0.3287216253215881,0.254470972845721,0.3160844120193138,0.36137915589563063,0.33907071370148545,0.33444778489826266,0.39700422404362423,0.30029769555487795,0.31249188964205094,0.2649616993746349,0.29871334724365844,0.33863560693796185,0.32689033873511936,0.31720291667449224,0.35556622816975636,0.3528013270369262,0.2472262681822712,0.2919324448685301,0.2929435344801669,0.2870372417368885,0.35110837321765526,0.29061982018270704,0.329031814141095,0.2700533584802489,0.29942615350017293,0.27825869263921515,0.30219824308596244,0.3738659018658838,0.28501414170979616,0.38589026002995436,0.33545910299191695,0.2964302847445328,0.2851656384870213,0.31061448279698867,0.2399031152938725,0.2703520658943939,0.28058825374192375,0.3014273602377148,0.33183574015006123,0.27488142219184,0.29720974966167196,0.36870186782700365,0.3078811638756723,0.3364095699062824,0.2584338068744372,0.32814840257829225,0.30500007748381563,0.3834652579144375,0.2483792459931724,0.3241055848200855,0.3324590612811372,0.2845933515435312,0.27772166824455663,0.4080967417642312,0.35157180562007256,0.2695901963810984,0.3602760898338914,0.2451492757597897,0.2775353826689895,0.2958132586310806,0.33789523322243614,0.29303679371290847,0.29792648899355284
0.32538501081296545,0.275266895297834,0.22484764730684778,0.2299386368609246,0.242608492912949,0.25040428643697993,0.22247357337308024,0.3167092530554374,0.0,0.2349625940928207,0.23651923274182945,0.233208974972573,0.23709919420594056,0.30276923258464516,0.241249035595498,0.25245180304840553,0.25082870870499874,0.29630932924077863,0.23911238863485668,0.296064955759626,0.25948166940858325,0.2986863898947441,0.21288153759126147,0.2123695584545661,0.2660751893950184,0.21090437636614384,0.2297734869443447,0.23698324403253238,0.21774534648344418,0.2864135730761465,0.34512596673543766,0.2559685843550597,0.23940995770843437,0.20794964027405585,0.31869333132999805,0.2600168338057699,0.24956482655659853,0.3609380381768229,0.24541042203791752,0.23318647088910954,0.23884395971347805,0.32651459357095686,0.2511116512703647,0.2610419589748119,0.26345311836388174,0.23328162396723218,0.2203820588881029,0.22335019793955507,0.24776318500338612,0.27698475295831515,0.25277729035270213,0.23822663513054043,0.27239231880131914,0.23697902533130102,0.23593058333187264,0.33794001026655657,0.2859753669239602,0.2825183399307174,0.2568548464978208,0.2402266740954899,0.24862289517432162,0.26048671387291894,0.2569090370034732,0.2625760305881567,0.2869747959318547,0.24328614481822855,0.2653364514270926,0.25482580448758696,0.2420087669003094,0.3354380376161938,0.3240893404137411,0.29816308591167423,0.309492918267755,0.24427353508649616,0.30187505066051595,0.24826219047705744,0.21546298045784582,0.2162546840201649,0.2657870135700779,0.2282394089600416,0.25954369552141415,0.3779687496112685,0.3019518064785727,0.2513118946800319,0.3242107899116267,0.3268551093406636,0.31301140037785097,0.29355628909840703,0.25493245388513,0.3310748198471322,0.2986405052710948,0.3412945924139409,0.2618039790043896,0.24735338999793993,0.3717187395357467,0.27182499050893083,0.28714456273221595,0.2734255466936722,0.3336409512903832,0.23994964806760694,0.2859989350667947,0.24795098824483117,0.25629508937631845,0.23829778978691413,0.34852450620589503,0.240996984694881,0.2202242511005869,0.2737666725014138,0.22694924095430535,0.22035935726692282,0.21313343193262432,0.32936411898706724,0.2839872792133572,0.3350823720535101,0.2514041741245343,0.26907976609185863,0.2777922637374762,0.2330918455541546,0.20305923543923246,0.3055177810024989,0.29730498768657654,0.3049978575413333,0.2777186640216691,0.27090927954282135,0.4386267392634265,0.22195231868729204,0.2713309013711523,0.23694939673943285,0.23125905161077498,0.2628533063632148,0.398131656915739,0.29563088108943303,0.27748129501967717,0.3770173320080362,0.25537973939672204,0.26036881721865174,0.2344288033189125,0.2501429542203113,0.24589892011566747,0.31530753992427096,0.24091727960339201,0.29497679688973516,0.32588134410532077,0.3370837888188145,0.2768368702871669,0.25569063997736646,0.3483104630380524,0.22818360875628418,0.2828923367799667,0.23074841932589932,0.3384538460865934,0.28315632167126603,0.25791931099800336,0.21981108144776204,0.2690590113983192,0.32719115016079703,0.2215167851844123,0.25104511359647524,0.269579795980722,0.25458077158976666,0.2152737102380243,0.3688448087843178,0.3245577930429714,0.3173723256846271
0.2814940946914828,0.365424731851297,0.351990966505621,0.2877686924362901,0.2312436512251832,0.281712535509885,0.2510344012604088,0.3607210147770176,0.2349625940928207,0.0,0.2661361753563336,0.2511015427031385,0.32879128133744384,0.27385423864264063,0.26574453974349366,0.2994575362149073,0.2977955263731042,0.3116944062961298,0.2443593414960408,0.24866453584320675,0.2696750829483707,0.27509339803353206,0.2795995206761032,0.222667155845794,0.36916196516527106,0.2341769378911239,0.24453919679043531,0.27318145418381634,0.33778675646782436,0.22228858552074926,0.2998995645573535,0.3108246689464112,0.2465347177315827,0.23632198337949764,0.273960699681676,0.2799644207759827,0.3198760584142271,0.27688144316454755,0.22643476205901977,0.2766021273001642,0.23571606898014363,0.2762524997700352,0.26469032067527176,0.24850128581125694,0.31353913228915575,0.271454103755801,0.22947812549960223,0.26794597464643066,0.3142143973236048,0.242513803923174,0.28742243527837985,0.23874207999198357,0.227044091342581,0.30136069286970246,0.33429885645146434,0.29351701324055485,0.254856945066621,0.2563809572018601,0.30972790342398626,0.2805287328348279,0.33917149084841147,0.2251564872400083,0.24328271448000313,0.22257434471534046,0.22641179091002134,0.24548498362724308,0.2664918976240585,0.26896994305115485,0.28292407033727596,0.36592985187282756,0.2632746692279555,0.2916566370515887,0.2257750657082498,0.3388806004226419,0.28695320815159914,0.2440083203667759,0.2702636114219731,0.2939290945003995,0.23881792215866404,0.22289597148432444,0.26027667181627906,0.25707061501840534,0.3146877810697329,0.2941252568514696,0.26586139439129725,0.2989255274147986,0.289947111009026,0.2732610978340424,0.313301575067241,0.24263497849658133,0.2569922497513725,0.24731144831341006,0.29959726950238963,0.22035205840278158,0.28665460257730335,0.3001497714149692,0.2038180477412931,0.2653399486678062,0.220383960850577,0.3135822553719396,0.26185354320074056,0.29926312166771846,0.22801582342989365,0.29647769987607,0.26476460829297793,0.27288999676485565,0.27686726837016046,0.33470069331954355,0.2730674682331909,0.2817039867851549,0.2409393974078055,0.24058933349717443,0.2929643222425356,0.27231101194256313,0.2634930356362208,0.28467497006527887,0.27634811631849143,0.2938660134234344,0.27179123200897076,0.26265560438971325,0.23311097619621585,0.27464461416096536,0.22925257152117737,0.3013225210389324,0.220613590583455,0.34276817559306816,0.23981780514636047,0.2745230499182482,0.3363241083238497,0.27969488044842206,0.29733912584451105,0.2600913753142307,0.2623144410019386,0.2169217879700573,0.24670792896988206,0.21298271051310608,0.23486527631200163,0.2677596737066856,0.28208146318248567,0.2763347283630538,0.2609419546685131,0.28789665688264915,0.30104758244659446,0.24088986035838567,0.278294520844352,0.23538379793222833,0.23090264630237747,0.30319355302377904,0.38725428082498853,0.20433622872436877,0.24304470133937026,0.29068143788965917,0.23257997391126783,0.2687432857250173,0.289111836886392,0.3028561412026493,0.23236791492502742,0.33214343015269565,0.24426641220225656,0.28965519871273127,0.32647277020098603,0.28565703530473496,0.2422698338147395,0.24159444955622378
0.3038628676717068,0.3191067949210476,0.30241894472804004,0.2763521056907188,0.28759303371812445,0.2768226642526225,0.2863885306448871,0.2835978635676247,0.23651923274182945,0.2661361753563336,0.0,0.3390948704211752,0.3130596987461713,0.2447711428572085,0.2653543741882426,0.34753855630974,0.3280170489900749,0.2876886273646798,0.2652586023263423,0.2671203647004442,0.3159738838959177,0.3547935741512228,0.2798579390555304,0.3161627348787459,0.3267252332718937,0.2625683293639686,0.26453504063722844,0.289416043458471,0.29721804005234553,0.26652509104499117,0.257785930287946,0.28035973619248533,0.250138452190264,0.24362088576790558,0.27736762184628583,0.2928027247992866,0.349738950985725,0.2830951709775497,0.30566531203138325,0.2931333754839627,0.2661534433917902,0.31334947627689363,0.2532728303728125,0.32024695389377,0.2791597317981326,0.2485365888773534,0.2045178939760438,0.3484831985854084,0.32174701323761173,0.24539377522296082,0.3012978201138806,0.2459051431629597,0.21744580948269807,0.3277895598192845,0.34909299345234746,0.2375143618663221,0.29293692174964214,0.3539854835208041,0.269226500136401,0.2725325813301964,0.293336262593499,0.18327545860105648,0.27049652960583703,0.23210340354858652,0.2007273660682742,0.21945632696827164,0.2735726612957879,0.2466468275756263,0.24735040808498357,0.3079608780612922,0.2643597206208459,0.23435971573050254,0.25716971090507873,0.3206857597492576,0.279798457443529,0.2236564176915236,0.3229611685095434,0.3109200280162234,0.2180248398469968,0.2144061240447158,0.2429686567331314,0.23501295518977425,0.28381458997190895,0.24706724719051454,0.2502728321245035,0.2756104012456068,0.28826526785281154,0.2196513810107112,0.2322541633934611,0.2585397181179682,0.3354512266208608,0.22180646778036334,0.3437211864655115,0.2530615359984892,0.26363034887821035,0.2821479932878392,0.19524948787946003,0.22565479867969662,0.20553065925666275,0.24222922135726094,0.268360426194638,0.2815171751230762,0.21430132433390234,0.22246187904988368,0.24591146505492142,0.23934076162005224,0.23081889954118992,0.2981579909986778,0.2531896511848436,0.36598152289357216,0.3469027865608389,0.25646830045614305,0.2491178922884775,0.2534386703708089,0.2539569802281523,0.30233027210412106,0.24177744780861948,0.2704967491736275,0.2843630832347165,0.23550609980237522,0.29481607343480576,0.2183890787333076,0.2526358136512323,0.32873259722420933,0.2242967065332209,0.3120807458076563,0.19415336739396113,0.32010502477733904,0.2776518765899797,0.23280971363326258,0.23007780845961306,0.26923135940000675,0.2598297162240582,0.2583178458764283,0.30759383894799913,0.22361116998023456,0.25375210092288947,0.25182249895993375,0.2772685932792638,0.26884201065802754,0.23655858088144502,0.2781626534273557,0.25232447726105534,0.25603349254625624,0.3532617692446252,0.2188292324417791,0.2679639089283008,0.24109235294967432,0.2675152694074822,0.2208129956112619,0.3030749472261547,0.23996867302350894,0.3456916042108499,0.2523827079272606,0.28552003862745495,0.30103512035923236,0.29597763458398707,0.30752169666376616,0.25267545289695087,0.24698587474956804,0.21993506917913697,0.262948682264481,0.2035693063444378,0.4031919852492025
0.25566396170891825,0.30849385732371243,0.25642745046393567,0.2682746110618864,0.23261751478999676,0.29248910415651125,0.2856450155842787,0.3035071936124375,0.233208974972573,0.2511015427031385,0.3390948704211752,0.0,0.2353589690003896,0.18762156525502996,0.2501735704317631,0.28606802458659636,0.28036003557455996,0.22320778718058387,0.3433776661098784,0.2543264676723302,0.3465006766821655,0.2628644449208886,0.2515958578590256,0.27974587033925713,0.3378246490527941,0.2337899104750482,0.21922791659256374,0.22941655744915354,0.26219295453175767,0.26737479314532503,0.29760151285996406,0.27174162898866505,0.25906165379433665,0.27528188764461065,0.23975762894766786,0.28008855258173126,0.2912745555671456,0.26599152080796,0.3644836709824108,0.2603381105952833,0.2952600756054402,0.27224171890098553,0.27165728674538525,0.3042916224736288,0.2664844596011512,0.2477783777611776,0.2363663014296072,0.2928804792670891,0.2787796841701299,0.2539545719678586,0.31640494772383326,0.2774390840199557,0.2165060420180067,0.3198863592706466,0.34899057219851803,0.24311517382876618,0.3131700370366371,0.3783370529945298,0.22565441570730907,0.2586518492371834,0.24792014780095623,0.1934992529764816,0.2742611372219571,0.22042460655023063,0.21358636066620756,0.23129550366685686,0.221672563893869,0.21486145886634447,0.20134449263558638,0.26355889083839795,0.2466755996291734,0.2129573825543098,0.21949187189966252,0.2751947753888168,0.26327629290309107,0.2190581620290695,0.27504032134572537,0.28519072046948873,0.23726770933809807,0.20984922248228305,0.2399830363100784,0.2596666543695152,0.2762885942985319,0.21510144780842613,0.27317087656326555,0.27911605018429053,0.25878151561379453,0.22372887474140374,0.25174983834593306,0.25558475189915403,0.2778602648145505,0.2635361294099469,0.2957635670580651,0.26160376234112265,0.23953413896761877,0.3112515632027716,0.21378246142447732,0.27533349396264034,0.2046725105128969,0.230275290970181,0.2243485755664774,0.29315766762405343,0.24787562476844563,0.2975318860213628,0.24271674186855907,0.24778566516519346,0.27167044142450164,0.2643558990109539,0.24374918951485217,0.3374243470866481,0.4178878410822411,0.2780327923002667,0.22794192930644755,0.2511483592125488,0.23599080766274427,0.2670888900786656,0.25902437287252844,0.2850364946870446,0.2857619823385108,0.2128965156887834,0.24761483826429492,0.24751000301075107,0.24443878963239418,0.3002332933769577,0.20552079559741052,0.3404426954881892,0.205725091293474,0.30635594768669827,0.30014933389461856,0.2103476707782181,0.22963110297190292,0.2563335689524336,0.22058707360499563,0.2683047930849068,0.2818671561761463,0.20250003532809227,0.2645759815676924,0.23762568581174642,0.23517635160091085,0.30430571551293606,0.20926069493199145,0.24979698678803133,0.27328942541451484,0.2576575254946919,0.31089644861605,0.25935884426994127,0.3273684710757297,0.23830777553440163,0.30332728580402335,0.22495485059486306,0.3067065547211946,0.26777833773299803,0.2796246217892548,0.24077230701494615,0.3818816940442749,0.2556614167835739,0.24117646924525532,0.29704522737611305,0.2121533998820629,0.23832286829774446,0.191750405327504,0.2511047370797763,0.22280827650430723,0.3013468538834164
