0,1,2,3,4,5,6,7,8,9,10,11,12,13,14,15,16,17,18,19,20,21,22,23,24,25,26,27,28,29,30,31,32,33,34,35,36,37,38,39,40,41,42,43,44,45,46,47,48,49,50,51,52,53,54,55,56,57,58,59,60,61,62,63,64,65,66,67,68,69,70,71,72,73,74,75,76,77,78,79,80,81,82,83,84,85,86,87,88,89,90,91,92,93,94,95,96,97,98,99,100,101,102,103,104,105,106,107,108,109,110,111,112,113,114,115,116,117,118,119,120,121,122,123,124,125,126,127,128,129,130,131,132,133,134,135,136,137,138,139,140,141,142,143,144,145,146,147,148,149,150,151,152,153,154,155,156,157,158,159,160,161,162,163
0.0,0.3460619370138195,0.30957250148165477,0.3347931744127816,0.29318979773041304,0.3189226908199635,0.32051779312331363,0.32014549415073695,0.3600098794289737,0.3344860035872238,0.3440570056662334,0.3337301583756901,0.4557530292394444,0.3017302044205321,0.3724637231363812,0.3479602073336847,0.3626334432805358,0.5390604956432316,0.3694312128627927,0.4554095110584351,0.35773266549563026,0.34688939660455287,0.34338582003222096,0.31507379457634976,0.4323676044929722,0.2798472535551094,0.3200800764973601,0.32815454157599916,0.27887249962050603,0.3065402410350126,0.36561603682981547,0.39670317255707377,0.34856565145389956,0.31387273299556084,0.4089889507268281,0.35731752422560914,0.4053308276604646,0.40058263701567864,0.28156347736209775,0.4139895329368519,0.34304991905302357,0.3351534908036231,0.3579473079669573,0.3489558319095547,0.36413516202999663,0.4682649357513671,0.2916461508083085,0.3255273340450217,0.42635979588245,0.45102069766851455,0.38881704022222635,0.34487859298983087,0.30636127573671323,0.31968841186524943,0.32814447716619677,0.3145608674884533,0.4938647042151836,0.34868524125484257,0.33549737877834707,0.4427544429704573,0.2901297745124697,0.29867354133043056,0.3371314012401517,0.28705242297582445,0.3497603915590211,0.3802650279352577,0.340107658674023,0.3136227655295916,0.33016097979423714,0.3586131657295423,0.415434452879938,0.34440740916971974,0.3323217940610832,0.3848109641282091,0.37054654097739703,0.34594568878867415,0.2772528894161084,0.289884645168636,0.3352936268267104,0.24477637779790762,0.29774559144026397,0.39408277926138713,0.310704291426532,0.31945913115691366,0.38741997066553013,0.4383610989872946,0.32005253676736134,0.3717959820361348,0.4030375860179582,0.3090349060723279,0.4270429562462758,0.355209073485331,0.391732658832894,0.38027711103951656,0.3509167296704008,0.3173092993261783,0.24555932156562796,0.3214499391165137,0.27609397556143295,0.4050727663375343,0.3013209504576957,0.29764972196317757,0.32900312500400997,0.3248166078728182,0.4012225302182682,0.37065249531116246,0.3507182608336356,0.34231974457430675,0.4046996335022576,0.33716138720538485,0.3450625331597616,0.42027439371907216,0.36578754415851994,0.31000298828610384,0.3933326954346021,0.3742333447762688,0.35976650792358,0.3862615356868785,0.2851021929126457,0.29388427465587447,0.34185307906295703,0.2722203438109125,0.34810631978941375,0.3932210689936297,0.2955622128802091,0.3267318622924965,0.2975747458872996,0.2847161142344979,0.315908796314966,0.4044093917357087,0.29653934826333855,0.3073410392888468,0.28750263226496764,0.3362347128323024,0.3365191108980225,0.2999728823239346,0.3224272420629494,0.4060888184408031,0.3633174619413066,0.43141132250011455,0.2870082397583341,0.33405797102238216,0.3860813694265628,0.3163776486224507,0.36007559491214786,0.37630621472363884,0.31787665887581096,0.30346485810852425,0.3852717026055705,0.23707453302022183,0.4049776404922823,0.31192111045347726,0.416086856860049,0.2837451676736543,0.3994005191684388,0.38623807772877083,0.3689656986254367,0.32807451446149427,0.3200437943773067,0.3329516625042156,0.28211702580335657,0.36170852331163145,0.2692878813552099,0.43556545064164764
0.3460619370138195,0.0,0.30709872575570185,0.34062944808861356,0.2562161748283908,0.40485065159728134,0.33260515362525334,0.3518416211562199,0.31524268986904536,0.4290790512564603,0.29705154079426105,0.3543679622928792,0.332987983568274,0.32413657484364994,0.34622517046698764,0.2795714228534633,0.31139842524184064,0.32035287816185076,0.34282360511417515,0.3385084012398915,0.32313656080870584,0.3710340995079638,0.31357104174239964,0.315192572112426,0.37726269208275465,0.23012552385300988,0.2810510426540528,0.2821919427879305,0.36864982622266007,0.26635122603963224,0.3584594725342854,0.3324093786144624,0.3986711021938727,0.2717754474202232,0.32457717012695636,0.3340518466640302,0.3148532775614677,0.3222386664698318,0.3057966466511917,0.350922220988654,0.36877074484895966,0.3650516925810463,0.24649208270617234,0.2949385311368963,0.344259700950962,0.31540095721275696,0.28941146179412386,0.26400635754903473,0.32969805147234593,0.327058138829303,0.3224441355940153,0.2977050309327553,0.36344137780589064,0.3696390880003108,0.3163787395192271,0.392256435776708,0.33871604809384304,0.2992245493439961,0.3384603321942548,0.38279621305578004,0.33625242553257656,0.2640325386156484,0.2634147220258166,0.25964533357582853,0.3100030470613443,0.2880606028039175,0.3237557770246459,0.28729919200587045,0.26135646243676747,0.30921620151799556,0.31300972390840237,0.3083897515141467,0.27613138187696545,0.3344160716216154,0.35223461007215623,0.3054057958400308,0.26159865234342833,0.3187940477913377,0.27070311345663634,0.25604978759608676,0.3071652664811436,0.33949874817482795,0.3568092994694961,0.2839439437778252,0.3156724362427822,0.413999731234594,0.28478771332816527,0.2819837495119494,0.3032928358528027,0.35664692098535067,0.2893818380015409,0.3678655561909074,0.34179709246263584,0.3351572369428005,0.35177418707344693,0.386889907818606,0.2719810099822797,0.33651737405807913,0.26631018466274897,0.3340572857853942,0.3006583117106956,0.25464763393112644,0.2468387675477648,0.327829293853079,0.3009001401956124,0.2864935584396203,0.29455139551042747,0.36058240051859813,0.3523156162465968,0.4055619482918068,0.30326549296524785,0.29748431154076077,0.3376152197457807,0.2870998109246358,0.31488767605250606,0.37864059458151983,0.3248108738367893,0.27056269394261356,0.29959166722062963,0.28542302148659393,0.29527264798135056,0.2687222603584036,0.3308477234382309,0.35550433301973494,0.3075026331412263,0.3512578158526065,0.3182298672333337,0.30901256742822086,0.35015380296817405,0.3177393310185681,0.3447112505759841,0.29705060921770127,0.2706397665699562,0.3431042238296214,0.32374157918256047,0.2906720183089227,0.2927073297034405,0.32520282931431116,0.30436522879053785,0.3313986236020296,0.2968451121268843,0.34551161059714736,0.4391300810787405,0.3154404968577727,0.32936485824022776,0.2890930686553887,0.3456449724598911,0.32047012698882155,0.3897860970160133,0.24879514216845475,0.2815697421471083,0.3558906847283655,0.3093917509571163,0.3394834375155346,0.3428582272904459,0.35650237223667613,0.3484534904268382,0.32607674037320505,0.31458889024378067,0.27485616847773836,0.304604128502307,0.36255339867155956,0.2899155798951217,0.3165886877578406
0.30957250148165477,0.30709872575570185,0.0,0.29588853260979,0.2944318194728329,0.3958379080760934,0.2659387946815127,0.2981452058508626,0.2514822400893356,0.33018082359566137,0.3590505673225706,0.3265829193464039,0.3735520802932917,0.23906540192542758,0.29878829543988655,0.4060661911797256,0.34342055469358296,0.2900208343560391,0.2672355762516275,0.2648846198124474,0.36730846620014146,0.41855543627787756,0.24594927422773905,0.3064808875057176,0.3052524454219282,0.29796355762260207,0.2613647233458693,0.26051013759743913,0.26999542455417896,0.29677235832400894,0.25621243635866114,0.330636916299237,0.2898238950855537,0.23224118276419806,0.2426700421736437,0.28671412058033974,0.3323255731053929,0.28589105209136434,0.26640125895460653,0.30793335041066106,0.29260538028764327,0.3321819156636738,0.2756403089228567,0.3013987825848728,0.2876571429901448,0.3008449237271595,0.287346979355549,0.33729622483688654,0.26871930728164317,0.29946551192190624,0.3293570933807146,0.32824168429209055,0.22340759697724594,0.318435272219275,0.28407048189902456,0.2642416724636566,0.28400728995741265,0.37836680968100783,0.2522362822459243,0.2875356694411421,0.274206410006132,0.25065798394236055,0.3225380279295982,0.22057482898447583,0.24183461359203418,0.2739061063591404,0.27758355049314887,0.3435798979340528,0.2808683496630446,0.30186124944221204,0.33286967413225993,0.22125563828153796,0.2677684820033516,0.40112389623172623,0.3308682612849659,0.22064677135171765,0.3038696263478689,0.3100143090234241,0.23612722416847962,0.23703656475921744,0.29979150460331766,0.2957543827049963,0.31554998658313294,0.2719180048482769,0.26403795210730574,0.32686963970603916,0.25571587301611076,0.23718354162989627,0.2659372221611182,0.24874465244112987,0.34297069035146144,0.2427387217397478,0.2989152635105691,0.23741715846727052,0.2637983580181211,0.29692828415066563,0.21987216256775932,0.2658863877641015,0.2043792550809209,0.2816465000759981,0.21240331792118403,0.2635794064097195,0.2322660925327994,0.2833832701500542,0.26826266345117683,0.3574940828594761,0.301575889964986,0.2768200067239523,0.29840801808273854,0.35562568695459074,0.2975274523807248,0.25205604046063057,0.2965480214078441,0.2535268602886106,0.2517435645521427,0.3447513072858555,0.23365758300284778,0.29635005589232416,0.32196447348515106,0.2473417219028008,0.29392248404592897,0.23733466582518534,0.24747667459461245,0.32811870738064564,0.20763629645902917,0.33168685039902934,0.2617627056200934,0.3040006150783225,0.2893473906754461,0.2768506327213042,0.2621443766513728,0.425300729737527,0.2241004322638239,0.2422868748294187,0.28973291090357817,0.23267442954738,0.24479787216999233,0.2571311515278321,0.26986480499304966,0.2834030158215328,0.23611032785352631,0.28056808094525776,0.2762097294566068,0.27104024737975235,0.2871475585245827,0.237582866582522,0.3484008799783922,0.29408213650048576,0.31065742897052295,0.22019704716670713,0.24048142109862114,0.21913781028413828,0.2819217095305863,0.33518969215056754,0.3222134711945144,0.2917025109059406,0.3478149284200542,0.3846055353944689,0.2117231594536728,0.26283175417714466,0.2610910599067442,0.22847064400701905,0.23534135489420935,0.3244572915156706
0.3347931744127816,0.34062944808861356,0.29588853260979,0.0,0.24555036798348875,0.3308317092464518,0.3034300676310277,0.3170237132884604,0.28143107887383073,0.32732897903351504,0.35192583664263133,0.29977789647254066,0.3498715577375532,0.31975596823264113,0.34416200930369806,0.297051307330304,0.32431739216373845,0.34488994220037755,0.32956301322819803,0.31833095554012,0.3555174520727489,0.3164775227939522,0.295803242844379,0.2709199518868193,0.35245812441130125,0.29798276627638093,0.31764079084722896,0.3164666607342391,0.29381412251441386,0.23272284097420645,0.3249490503723308,0.3395590155879686,0.422492736664266,0.3025975180208157,0.3172777223311015,0.3755087506778818,0.3407140971695197,0.35206532553556685,0.3261206982448611,0.36642742559606567,0.33866891172598057,0.31365948013809164,0.2884160699596287,0.3295327250613868,0.3350878165895901,0.3534423334080779,0.2127605776855816,0.3070362844272856,0.3230859834031735,0.3518261921139053,0.43259886821860116,0.3218137811737569,0.3318806827215132,0.43963376757080774,0.3593410625199054,0.2902988640527688,0.3868122047493416,0.3164644740904106,0.3469044242759049,0.40971211892578296,0.4289042491730799,0.3112550719042265,0.32565642647489834,0.24957670188549633,0.35347102833367694,0.4019414128746641,0.46139676274855007,0.2769673070104584,0.31301062704048227,0.3384827520493265,0.34151563412168384,0.3014381296744536,0.3511978626411906,0.47106946863818133,0.3878331047698466,0.2938222907698851,0.3724985789277244,0.2966465491061717,0.30623998886643716,0.24646507171256507,0.3105605796559206,0.41860695952915117,0.2704785655918608,0.3311679761574266,0.39580048443811233,0.3335369534991813,0.3764590483034214,0.3725940343642705,0.3296483724096408,0.3094098851424252,0.3425673513611029,0.32321713905571386,0.3244897491756586,0.3437905539116651,0.3901679047963427,0.2982837823257525,0.2899633229774158,0.29834956091005405,0.27007201897894145,0.36735334650391027,0.3251341703190891,0.33883072678262205,0.35066476952590214,0.27953544282393555,0.3595799748097684,0.29222381809071446,0.3762763135247946,0.28699243349024695,0.32730128889158505,0.30265185439045406,0.3662179927188626,0.34773510901100246,0.4809473733408744,0.3748821748613425,0.34132231998551155,0.29388747220458056,0.3232021316399413,0.2733224558401129,0.3178675348375737,0.3166604217295254,0.29342844760969106,0.3565806284484074,0.31915870763488585,0.33783466878888735,0.28559222575008447,0.32152068853742416,0.3657546732048751,0.28072835295538323,0.3400139686245659,0.36412163869895,0.26072915218176146,0.35521290692799534,0.364898716654849,0.3675789471540756,0.37878877811637884,0.26973047054371757,0.21862772562346697,0.3219444210773882,0.3269460540845997,0.37673076599693656,0.37215492699409175,0.33397317473762933,0.41718765697015836,0.3614547863032737,0.34545395505174115,0.28074382450041296,0.2980443576160671,0.29866131950066394,0.2913554582162481,0.22795633841662935,0.3785519131002794,0.32612466811066104,0.35326079841636715,0.26412632121767166,0.34359170783490106,0.3860088424914487,0.3514083417048062,0.3092730189493135,0.37386957592776787,0.33366224074703266,0.32212126521184214,0.32632375980496087,0.3318046469422652,0.33598967379657235
0.29318979773041304,0.2562161748283908,0.2944318194728329,0.24555036798348875,0.0,0.2541331690178303,0.30742556318332664,0.2106524785808746,0.24374529941552203,0.25883522395978176,0.30263337897057047,0.24571543169666435,0.2641105474717355,0.24960925996837544,0.2876204295185041,0.293995766825932,0.27998713455985813,0.2906420061322052,0.22401703524080668,0.24941781095372345,0.29764664017897097,0.30915464579319324,0.251771162984194,0.2923300053197741,0.26060021497868036,0.257474621657256,0.22747402916094273,0.21476309191769827,0.2515554917808923,0.26916688616015205,0.2577093446781584,0.2503677575576806,0.24970194193113412,0.2121873626228073,0.30013251018905596,0.24949627334488597,0.2879231049977672,0.25634538600198803,0.25719743986511623,0.2849076890078709,0.2603896042636896,0.31542266940913993,0.26211335017410065,0.3366841712854252,0.22341891839831893,0.24344600931227328,0.27417881390947824,0.32470397632361303,0.2971805699686737,0.2667791806943231,0.27923087360587656,0.26197775715692495,0.2240726842526413,0.25352407621246453,0.250454722767488,0.24251891225789216,0.24972160427249543,0.29924400859617145,0.2483222328051154,0.2421618550898063,0.20594316109423258,0.2131659882893634,0.24230502916002092,0.23212283488967964,0.25783524868779556,0.21432429788761456,0.24603182919056107,0.28496667111836627,0.22879489080520543,0.25422239573621375,0.29301022750419,0.24797891647608034,0.23192099413696562,0.2715758583636558,0.23405992005174522,0.22644220969067366,0.2526978999293545,0.3961193934172616,0.20718107281177545,0.2514035849158132,0.27021366838622424,0.2657877614439713,0.2975548991048996,0.20935992332689327,0.242444328687525,0.24515770972763318,0.23841174856074046,0.2340002121316685,0.2183203867131625,0.2257309212020734,0.3545980751711506,0.26770052398221494,0.30678205880725345,0.2201358220373789,0.26507936711534646,0.25567165022007293,0.1822031593499154,0.22946664988406587,0.23572421400213514,0.22554911619458815,0.23469832952591407,0.215062412777907,0.2254276087847049,0.22935167828090033,0.231487172649008,0.2570902787451264,0.21845418828138743,0.2551619082523333,0.2911163761727874,0.28923591094019563,0.277961215451418,0.2657617487645497,0.24511274686612994,0.24700373554853725,0.22527831395766662,0.2654661165794743,0.22442159901964043,0.27341735347086893,0.2476673940718532,0.24508406296621668,0.3684495876364181,0.20634449084899498,0.23601612176557635,0.321372924313891,0.25089109795848497,0.25415341279472037,0.22051764346399236,0.2578959913019399,0.22975560300887354,0.2632403350640404,0.23424301359569205,0.27199586569729894,0.20838799005764408,0.25272484033430404,0.25147710444395255,0.2761362615654625,0.24228511661460606,0.30593734639855297,0.24984726170713434,0.27445581256718604,0.2181552747218258,0.2859411308901897,0.2718737113123578,0.24358723175618724,0.2969832770824183,0.24220752867406267,0.29342922024419993,0.26215056980125206,0.25068562678401524,0.19806468373222474,0.23515920781784086,0.23325456033312242,0.2664580277216997,0.2706595836217188,0.27365035523414427,0.27166704199124164,0.2550824574464354,0.3029562049703123,0.25016863727366795,0.24252322771328044,0.2305203576179059,0.24950345254029396,0.23163189231391929,0.36110776005973116
0.3189226908199635,0.40485065159728134,0.3958379080760934,0.3308317092464518,0.2541331690178303,0.0,0.28820436462624577,0.337434893278394,0.2893804415219511,0.32439329994331756,0.3376771387397301,0.3778889897054208,0.3914402258702326,0.25110074215349387,0.3535819103454826,0.36917956511942024,0.3479127724690847,0.26735242727676783,0.31057545828922145,0.29669160073541334,0.3717325459828804,0.3960466995131781,0.23566465409926138,0.2822447344827923,0.32553566048043076,0.26631258176771255,0.2603770129397101,0.26943265953745626,0.29948183546938373,0.28945262227495006,0.32507503771317625,0.4028014356746248,0.3938917316784633,0.2558596208062008,0.2602609645503037,0.299098064315163,0.33694493802569137,0.29765409272954724,0.31975298243431716,0.29788569796010067,0.32530181507288836,0.33827448667330234,0.2864717441414274,0.3277967597351648,0.30415370410676335,0.31617895105325894,0.2729867403051907,0.2964979437606672,0.25840287989017824,0.3316246441879854,0.3654133550011097,0.35136919637784014,0.27475396501525184,0.3722813944852265,0.30462548743996415,0.32718399150623295,0.32516515947055735,0.41534521946128533,0.24979537308143476,0.3170212009631462,0.343854788238445,0.30568999387075946,0.34635764594574364,0.21275577684166655,0.26960473486800485,0.29107332299866406,0.3037349735080378,0.33885014811549763,0.24960149295795342,0.3023255042451527,0.3651930729587975,0.23815368593216743,0.26642443410942246,0.3793561688240281,0.392299542808587,0.2522079437162736,0.3272466161523992,0.310353396498037,0.2604636416011889,0.28806387854250404,0.35979640265733887,0.3278239928420796,0.3476624503054974,0.3006178731775804,0.2930209710411867,0.3473616959218697,0.2941186555260136,0.2695933664346598,0.3211469875391036,0.2990990606478635,0.3350801444023297,0.31061690909567075,0.3470624657470818,0.2780661097956997,0.2794886507500039,0.36130759846125854,0.2731254949338797,0.29764404004817574,0.22487070553811467,0.31746070522040365,0.2514654642895959,0.26821514084181464,0.24318590783378805,0.2721958664513092,0.30393778602499577,0.3887816432102066,0.35436847718453035,0.29517971214759703,0.3117028802191215,0.3514599919933892,0.3171608495874073,0.2625244084931644,0.3614640438121557,0.30044178615544564,0.2898172096079044,0.38227039578705924,0.2836116334504674,0.26341625663182133,0.3364176221468449,0.26927181423813196,0.29478237124634876,0.28497911201991766,0.2752553504711479,0.3859035986762256,0.2511032910077347,0.3745131792793881,0.3190083469488408,0.3256611794394764,0.30196803876269157,0.2778343593472811,0.3035483553912892,0.45932531431810364,0.265925071668975,0.29942574343724554,0.29615831361060085,0.26413014321449185,0.28324483253125243,0.26925925166822756,0.2602764122618499,0.3132594407648999,0.27932215272870603,0.33317399461002145,0.32037627934002305,0.2928557341594534,0.31718500992391235,0.25793100604453484,0.40091890126866164,0.37294359742585464,0.3093963482465455,0.23388702720836962,0.2680349083486663,0.2760613800050894,0.27176998065065633,0.3115744101735371,0.36016054875475684,0.3213527515601297,0.3480651435702091,0.4025692278299594,0.24496091329480713,0.3114789050336438,0.2632875946364036,0.27963483054420374,0.25713183731676215,0.3187304387105429
0.32051779312331363,0.33260515362525334,0.2659387946815127,0.3034300676310277,0.30742556318332664,0.28820436462624577,0.0,0.234733791748379,0.2609708439191082,0.3154559472206892,0.3091747115821468,0.3185696094699695,0.3176582364109561,0.2877597228928476,0.3740951343541194,0.26434756522744934,0.2786658051501618,0.30201115623239977,0.2772187962957013,0.25689950945286244,0.3000417878225449,0.34253380269956685,0.3669623505052517,0.3426752030349369,0.32875500301022964,0.26761345108496437,0.26937628672343705,0.24330311826434972,0.31703531848786914,0.28011273388343677,0.3010483088783958,0.31371147899908336,0.32950099868578975,0.2785222010481325,0.28182689980016945,0.2719697376772973,0.37584765680287,0.2566567850749144,0.30012759158868396,0.3788692922835044,0.3166835928546141,0.34762808394898725,0.28562045953198,0.3345620786977523,0.28564578393858786,0.29762018615090685,0.29911940048668734,0.2893321106045892,0.4224859455416141,0.27427413690640384,0.3508898174960131,0.26464302861005023,0.26296258357707053,0.3190055887369765,0.323430794115086,0.3178507086113789,0.2865000834452462,0.2778565919129819,0.32335293587098496,0.2862430996474779,0.2404915220335644,0.2556113592015832,0.238799608782149,0.24834401228723307,0.27582827073529986,0.24282923837109008,0.3253692381759248,0.35267675945042,0.24154831300026278,0.2602378946810973,0.34463065606388077,0.2647898057942543,0.24480403090422231,0.3311420129463195,0.22960820038905302,0.29477646409271246,0.3417085357300275,0.3523282896030703,0.22958013110632805,0.2638769991824633,0.3041680425029967,0.30719526530683067,0.3296878796547913,0.21773763129015694,0.26119209237210356,0.27984964644217464,0.2580393674124665,0.2883217092717937,0.26922754438750657,0.2851245787976052,0.3352172957199353,0.373497758187384,0.33883608600305265,0.27985920259659497,0.304271059489267,0.35079492741634416,0.20926232548469023,0.2922445539094262,0.25880660807581585,0.28959714878817405,0.28965132178065567,0.2606963726057617,0.2764570070072682,0.2784062070543553,0.24030545333954073,0.2820625602577269,0.24846532067113503,0.283928442557903,0.3711573013418094,0.3657335518806923,0.3840280597956083,0.2797909267317483,0.28773751510801965,0.24559002697904447,0.25098675982184515,0.28877294912361795,0.27226824206642253,0.31611407573839384,0.28055250600042786,0.24740491513828414,0.29769188426926896,0.23462446938335674,0.26710538250449195,0.39355186654185653,0.27027563546571154,0.3277768993634244,0.25633264194647576,0.3038239288299792,0.25429311756316963,0.2998209677812166,0.24408231722486695,0.24987819266470634,0.2395470029670875,0.2675867520677904,0.2626520637284208,0.3093205366991384,0.27983179628082233,0.32947123630248665,0.2755344224264004,0.3341110508681674,0.2760147211687032,0.30167294213484713,0.34130773439085144,0.2658470702541207,0.33646692833879877,0.30983269262178387,0.30966390844739433,0.3312729934205115,0.28240473881526124,0.19941836134371135,0.27173570355877463,0.29820638559673074,0.27939080553498563,0.35668679346438814,0.332462152702656,0.3378195701337241,0.35275455687518925,0.3346281750380797,0.32629719424301395,0.3165460398441075,0.28057059728880057,0.2892065558409963,0.2874036256751476,0.34434033333636843
0.32014549415073695,0.3518416211562199,0.2981452058508626,0.3170237132884604,0.2106524785808746,0.337434893278394,0.234733791748379,0.0,0.3207227061489966,0.3327026244954111,0.2875011053059613,0.3107580179741443,0.37315004573705557,0.25825469883653507,0.28811548201265,0.3070312603159386,0.285794596936679,0.2931084211939018,0.29062435638392203,0.32488255324691134,0.2935362800609514,0.27726864293431697,0.2615155244133099,0.24777600600865518,0.3530181232795258,0.2479448884161171,0.3186466120771163,0.2975253567666511,0.23564058389313425,0.2526900765727672,0.38435442059286756,0.3233539712981121,0.3172983689027348,0.27149231653856504,0.2943578185734569,0.3191005456866519,0.33694648301064756,0.3286512922609513,0.27175220694967267,0.2878404556745232,0.28849447926569405,0.29169931984821,0.27301679298470155,0.2635829646995099,0.4064041219419695,0.314892574875045,0.23603311602796034,0.2640173735567911,0.27407751539293046,0.2955608180773105,0.2843399644420606,0.2632012529068114,0.25228559055220917,0.28003978638560506,0.27652719753264743,0.29662360220498124,0.2924261652336636,0.36020926387974206,0.28171961661043593,0.31542869482479796,0.4303647261464854,0.2485686737632759,0.2943992214096778,0.2383596864173078,0.24708242662912774,0.29478659252565453,0.33331421799268085,0.26730063674619375,0.291706656641231,0.4727527940531611,0.29417993302151746,0.26936295201361804,0.29154490256134596,0.3356835120161292,0.3851746181266582,0.27005478675294686,0.29096857723210434,0.24303250629251077,0.31062588899625365,0.20912156378020175,0.2667751616099555,0.30421132312274723,0.2821929632690317,0.34847381511281106,0.31585057933541333,0.4053429528123792,0.4588084548556169,0.287864292684383,0.3560460757024352,0.31100485494548785,0.2726730553738822,0.29505896508758644,0.26726825051540315,0.2696296098943463,0.2888854008864843,0.3106755772976158,0.28674539222386775,0.327907771533261,0.2226856247280568,0.3506859120477863,0.2596775994232949,0.34669225108387186,0.2720340006819847,0.3139917407639323,0.33850861881966016,0.31144239903307913,0.31572282790803924,0.33180719445386747,0.28746443251574083,0.2958934872608627,0.26037827169576083,0.28158949557608093,0.3459294954103814,0.3124157332178317,0.2880481644497975,0.32003685166743834,0.3100951420256731,0.24825444023695215,0.2585823419948022,0.269891687777756,0.2457167440631728,0.3860951148576335,0.26939145532560793,0.28579310526597895,0.25034350539503597,0.29745711614626674,0.2691494684405453,0.3273102796921216,0.3009273477792966,0.28232069270644516,0.332528527557869,0.3045387174688108,0.329572190411729,0.2764078748510778,0.3222537846300718,0.2223302500234772,0.2548415002195693,0.26701041985376717,0.30711301367616906,0.32740695991986096,0.2892123890380246,0.26888598440275674,0.3192393255621091,0.28888989637548185,0.29906801738173366,0.2775386333614005,0.30109845137720254,0.2741648987625879,0.33856824595803303,0.2228585021122443,0.34836018269280994,0.274453825883173,0.2737030036095385,0.27103460555172737,0.3510166207292663,0.3804986532297089,0.30908605444247594,0.3252742765039174,0.25247366652807085,0.253965585557008,0.260723128784406,0.3007503996222979,0.2699678082564677,0.27605862528023295
0.3600098794289737,0.31524268986904536,0.2514822400893356,0.28143107887383073,0.24374529941552203,0.2893804415219511,0.2609708439191082,0.3207227061489966,0.0,0.2768761977987784,0.26138076819746975,0.27920484803538526,0.2822055425566628,0.3174755701530102,0.2997713270686577,0.25439756438734085,0.2451319368749823,0.32005889982946845,0.2579207849782728,0.321455531366463,0.25164025387978417,0.3407687327293547,0.2456175269503482,0.23471791261173364,0.3000891875996548,0.22196198026581407,0.31568622615008524,0.26279570164369453,0.23422228902265074,0.307206158539773,0.37832158603197424,0.277242505409886,0.30548893880800254,0.2295250826316611,0.32851341139750606,0.2878686876379059,0.2834541447218556,0.34718329970818584,0.26116067710057,0.2534957992312698,0.2606868267728614,0.3277008755140867,0.24276404690587924,0.267888780686493,0.2915214137048125,0.2759035302058041,0.23291875018497266,0.2399149771853548,0.26144060546115216,0.2942827450324116,0.2703491186987206,0.23774739336626455,0.283053387990825,0.2647257776668108,0.2539283506737251,0.34789348990464475,0.2825227029530749,0.28587139896960295,0.27125521165394684,0.27484199847772534,0.26731091260413564,0.2749725266039027,0.2424397860706545,0.2602893773880912,0.28805681776378544,0.2605596166892066,0.3355878170938574,0.2897669985638814,0.2721885898978194,0.32019817966162895,0.3284644349398426,0.2908227659312814,0.3143583695004232,0.26500242440376276,0.3105334500557723,0.27109179509935516,0.22764405887987915,0.23173058348364228,0.26725880466084956,0.21463366227962663,0.25504582021691424,0.3991053046602213,0.33136561458635083,0.26808611927620357,0.2928150237155093,0.35393370985506806,0.3030607339765734,0.3313959940297079,0.3038457461376765,0.40815973807448447,0.3137218835262665,0.38099735619461544,0.27473464845552276,0.2578703972078423,0.3405263370331391,0.345171411106402,0.28223641566970425,0.28527359830792937,0.29477152414165253,0.28254792601254136,0.3066409457771921,0.2301829543264102,0.28957691487177994,0.2824855960225578,0.342752326292403,0.26300870804493764,0.23704576022044319,0.283498584828591,0.2565623588023975,0.2475407045720016,0.23180621158952153,0.3128325766257472,0.326770313330714,0.3610839756016804,0.2695834787031934,0.2864499482206181,0.2696740392318494,0.25442122724533667,0.21309677055482426,0.3182163211073031,0.27468947000583427,0.29302391139405093,0.25998853952701173,0.28564125424007525,0.36948258304725684,0.2584793051213533,0.28040921545798847,0.25797974425944487,0.23662866417554795,0.3028391477704799,0.3927833960265167,0.2784882203827016,0.29698156201615433,0.37281446061203855,0.28300110365083436,0.260858830316343,0.2614311380039771,0.27292434278975636,0.28915052593817775,0.3363308614689637,0.3060522600030897,0.2825700215699472,0.3446619674198972,0.3502800760286112,0.28363475426148405,0.29013698404144295,0.37842727865066184,0.2605876675258095,0.29477428562708613,0.21668936204145045,0.33271142212551863,0.2871324689167431,0.28192218007784614,0.2694905312105178,0.28904605368110936,0.35800690940887825,0.2843512109941353,0.281121319771404,0.32037780726729126,0.25332447347243814,0.23084520757350818,0.3322989365735634,0.3136323087741798,0.31610194266815883
0.3344860035872238,0.4290790512564603,0.33018082359566137,0.32732897903351504,0.25883522395978176,0.32439329994331756,0.3154559472206892,0.3327026244954111,0.2768761977987784,0.0,0.27238160711879916,0.290352781704557,0.35037135479565246,0.30660733258008616,0.3000004384910546,0.2872394263049557,0.304659904018607,0.3530819338607475,0.28702720364088985,0.29277008888346,0.2858546378488906,0.29789825480121296,0.35366089681341295,0.2695280488023505,0.44233434946005495,0.2343678882160915,0.3129424318967982,0.28882970483827647,0.3507354739054005,0.26428352386090775,0.33328603132390794,0.33428634337689356,0.28646059283853703,0.26821717967133074,0.30817486547651374,0.2949337132455135,0.3381355124741702,0.2967821702219384,0.23981577330144616,0.33190429867635773,0.2752600638069592,0.3506721173238419,0.25919591460410174,0.27032804612194783,0.3125009282899687,0.305141255885116,0.2702447551981347,0.2640669272292868,0.3578472622550977,0.268487747802251,0.2925602296843791,0.2556086194382041,0.27327573982372994,0.29263033608699446,0.3004373513044451,0.35842920637002523,0.2819669595431684,0.2760292266923836,0.3356395806967737,0.3147853656167825,0.3096247865378835,0.2534435599500293,0.23734683281374386,0.2505610994260557,0.2780289697235084,0.27356572740716134,0.3106615438292058,0.2926333266655065,0.295658152290863,0.3428641383824662,0.2798647326478848,0.3097549347961851,0.2649352007571767,0.33016480975442863,0.3074503555871187,0.31600058830563194,0.26131841951640156,0.3202815321601435,0.24906850450894824,0.25590105340327146,0.31529848245473546,0.2975366125087345,0.32527225368478613,0.29732269986095966,0.305410738829805,0.3334780753044115,0.30307917618312386,0.30371457599523843,0.3495732049074043,0.2858627451392791,0.28558284854702315,0.32080560868719954,0.3092632443756664,0.2668294386752341,0.32394989535866486,0.3457501164569307,0.21490461833333424,0.3290969106186025,0.2578576067112281,0.33777099740050237,0.2828481625395442,0.27292889108434004,0.2697183010077964,0.37009173888449365,0.27559631495972237,0.285578588773464,0.2855397093479916,0.39912444477542813,0.32990102925830217,0.3466496086694337,0.27469306137202154,0.28122178461344,0.3410438342448997,0.3158363924752871,0.2702462736762129,0.32046819411668576,0.31978298341244243,0.3201284299612067,0.2967431917300064,0.30400174440790617,0.259070460859276,0.27492411564985664,0.275007260318831,0.32026873166521547,0.2667691613685571,0.33712131728173733,0.29464179161766796,0.27225418892566183,0.3303401221335282,0.3155218701825702,0.3694229483174257,0.27443857169587227,0.2796339878643696,0.2599966713607114,0.277764466772902,0.2537976963479093,0.273473728429653,0.30581005806495926,0.3146447766711421,0.32569223040687545,0.2890834001427239,0.32503948538710625,0.36552378626013926,0.27295157370634227,0.3100889305864382,0.29992405844615977,0.2604830945084364,0.34786901195476994,0.44413027392595916,0.23827547859013737,0.2615923118422154,0.333647706942176,0.2700557698949266,0.3366970504450237,0.3369798383706451,0.34310659022892404,0.30063487803666644,0.3500642502796484,0.3011862522307111,0.3004564033417327,0.3666067014529423,0.3391616995874015,0.3136746124717105,0.28411147736158643
0.3440570056662334,0.29705154079426105,0.3590505673225706,0.35192583664263133,0.30263337897057047,0.3376771387397301,0.3091747115821468,0.2875011053059613,0.26138076819746975,0.27238160711879916,0.0,0.3915692842239481,0.37265831473525,0.2614840082698906,0.32434769755779164,0.42340678611495447,0.38665980948183515,0.33638793256854954,0.33397552203593744,0.294208067773543,0.39605815513615045,0.38341907830002675,0.2805053381029666,0.31617342375133145,0.3312551331800004,0.32817016170095603,0.30660503847601794,0.30119959519369244,0.3189983378139727,0.3192850603788815,0.29556907812811495,0.367977785828957,0.33375835345145294,0.25873720764205166,0.2897660059330724,0.34549258680575107,0.39363414404015906,0.3474582983442328,0.3851373401970405,0.35084335710113,0.33555814193169287,0.3137182602557196,0.34555081913012897,0.3811984831003586,0.3020703044941852,0.3185983942730554,0.23555440623750576,0.42245050393996564,0.3425316456375917,0.3320396237956364,0.41483653593230047,0.30994465128677334,0.2544834118060572,0.38910476618943474,0.4051707692610012,0.2337539717340237,0.3757834095069428,0.46314311143379605,0.2944401946728934,0.3413210601737552,0.3071300318693953,0.24927998438907267,0.3636005392779627,0.24790356228602622,0.25466481097289645,0.2922059400232327,0.30684473084888764,0.2960295357120914,0.32065471656788586,0.31977603538153504,0.353038186864936,0.25748355369488124,0.28690892684104774,0.41943207745693906,0.3640756200104315,0.2614208130420922,0.4035739016413845,0.3162189955756005,0.2782934158273175,0.24628564397172906,0.29808909138690926,0.2917711856588467,0.2955549959517573,0.2902246077243647,0.29831329704810355,0.30669149859362704,0.30475213694460995,0.2901872220253058,0.27645956317233994,0.25518069667237747,0.4660764110510666,0.2508410368568133,0.41947200850654753,0.3028276457684304,0.2890042367609644,0.30226759301039385,0.2375966150016141,0.2411928937941328,0.2264235941278429,0.2778247089306998,0.27347682090506414,0.31904939370679686,0.2752980089779176,0.2601823244374082,0.31587416350170244,0.3050974415978431,0.31755067890195293,0.2766251114459122,0.32043317884355854,0.3559540683007814,0.4215815742965579,0.3071434444615016,0.30567975494240535,0.3069419335134322,0.30504462850081165,0.32424948195945935,0.26932244694267043,0.3456304436552766,0.3155586839143804,0.25750577966687044,0.35037364058870984,0.2577292346241558,0.2743481250789848,0.37770231303621143,0.23820904791661504,0.385438124961081,0.24574210894672957,0.33739139012223957,0.29941278126437765,0.30236675659304546,0.24088700424415527,0.38731424519371355,0.2901131397512436,0.29023155657812333,0.369221031521216,0.26157459231509855,0.270663043352074,0.30265628979571835,0.3117777386212479,0.3655370695998456,0.28539091990965776,0.3230290325071034,0.28022925482870975,0.2984710101290451,0.39398831118013306,0.25406838446315594,0.3166169017298576,0.30089685356831564,0.2836011783091477,0.24330340999704153,0.3557635025988202,0.2694509188016201,0.41913130064089743,0.29182841259713904,0.3343553378229121,0.3241488080978172,0.3624274136501941,0.3327662605649573,0.2700171702057317,0.30153363588219184,0.2501363536936171,0.2828259150238617,0.24284827283183213,0.43938999545951907
0.3337301583756901,0.3543679622928792,0.3265829193464039,0.29977789647254066,0.24571543169666435,0.3778889897054208,0.3185696094699695,0.3107580179741443,0.27920484803538526,0.290352781704557,0.3915692842239481,0.0,0.3273756900829667,0.21246277481892747,0.31372273682203344,0.3389646960905551,0.3238260935399053,0.27434576345737577,0.36395148347207185,0.30618066296464924,0.3792691534730559,0.3449404420400378,0.28219743161979466,0.35819136119197675,0.37994134599634494,0.27647645308962976,0.28322689562778824,0.2649577801245503,0.2842450953483241,0.3306613122129763,0.3244762990332697,0.33942235400461324,0.3176961469234263,0.29345155904846026,0.26389243654434585,0.301741028973134,0.37620085592221686,0.2979659976842247,0.3630423949731913,0.32812832370544026,0.3340802623306452,0.31783984426887846,0.29966409150026097,0.33503097458380465,0.31633200375829323,0.33047316017743394,0.2860994955792172,0.33657874243381336,0.3155272190566182,0.3079393001554381,0.36161374887539866,0.3168049908763669,0.2334433118614653,0.35143969432640193,0.34260208939845804,0.27618056001545166,0.35840905328113803,0.39270614298045864,0.24286018869160048,0.31365413088648736,0.26751796495439134,0.23006099346666234,0.30295729819254974,0.22199736400950817,0.24052811623248035,0.28201107827938343,0.2766458125832224,0.2826499344735654,0.23884402710683406,0.27280111941511503,0.3088598141846783,0.22979062058951663,0.24773221455429556,0.3386838231692328,0.30262223221277146,0.25642825193455476,0.3024548051066903,0.2998777188028146,0.26270239753563035,0.23326840487624034,0.27875433837737085,0.289964707606263,0.33004484035897674,0.25307002238893384,0.2877569109793052,0.35554562413372015,0.2701058462128424,0.2531704832379191,0.3045294805465326,0.3094578615427439,0.32827944902776546,0.27556303281483224,0.3299722863596684,0.3032701512510383,0.24713147335342975,0.3897669477949963,0.22497833176816748,0.29082170540093066,0.2046872595527322,0.28337281849155604,0.24560042867581658,0.26744824425628094,0.27023073665054226,0.31951217421585537,0.2631058366115658,0.3228012570516729,0.3136567049162077,0.28965400060267293,0.3128808680103464,0.43957787498537537,0.4294019927005198,0.2925224448976203,0.2785600260859469,0.262863595264027,0.2815665554006479,0.3579738691901696,0.2743199521990753,0.3308296541479472,0.3116472816875501,0.22280153371289757,0.27571888691801794,0.23774157703105922,0.2714486478369891,0.35851443396191957,0.218888498605692,0.4067443352798189,0.23326841016498617,0.3489781657918661,0.3030571933334149,0.2635928831398909,0.25792569603351945,0.30424540988468,0.24506387637894153,0.2771225883114195,0.32525789291752627,0.2349126634049533,0.34348494323491136,0.2883017574386092,0.283970874234779,0.3410138559929577,0.24419490757921652,0.27421734078729637,0.2903451718797213,0.2648021572521947,0.346679377378581,0.3029946044531318,0.3951508513130614,0.29132645352908204,0.3315317441909926,0.2221503679556628,0.3184656046073509,0.2551383795307918,0.3202475520915997,0.3162367984446328,0.399938842279477,0.3047734564017516,0.36643941875086566,0.3766277084672648,0.24056418182929748,0.26946932310979776,0.21789265239403974,0.2629944914105549,0.2298296500553124,0.35610932060294953
