0,1,2,3,4,5,6,7,8,9,10,11,12,13,14,15,16,17,18,19,20,21,22,23,24,25,26,27,28,29,30,31,32,33,34,35,36,37,38,39,40,41,42,43,44,45,46,47,48,49,50,51,52,53,54,55,56,57,58,59,60,61,62,63,64,65,66,67,68,69,70,71,72,73,74,75,76,77,78,79,80,81,82,83,84,85,86,87,88,89,90,91,92,93,94,95,96,97,98,99,100,101,102,103,104,105,106,107,108,109,110,111,112,113,114,115,116,117,118,119,120,121,122,123,124,125,126,127,128,129,130,131,132,133,134,135,136,137,138,139,140,141,142,143,144,145,146,147,148,149,150,151,152,153,154,155,156,157,158,159,160,161,162,163
0.0,0.8745601695420909,0.8065650592064061,0.7769768478079693,0.7352327091063731,0.8753073876956159,0.8090320708469703,0.8379734476090752,0.8653697282263023,0.8139949334235127,0.8034226441091549,0.7549018343128265,0.9358943997523891,0.857275902332843,0.9010822487203226,0.8384458655758857,0.9028210135489655,0.9604011850534898,0.8578305613219607,0.9217700270716315,0.8491556329547547,0.8527421376249272,0.790574033862932,0.8202808849928924,0.8748798125598228,0.7401436533280463,0.7344169867763355,0.8806012103043902,0.7655425973166377,0.8241477302458975,0.8707861221230874,0.9139824764723646,0.8355395890409908,0.7827818853299193,0.9056939154047308,0.8178628566423379,0.8749138490823001,0.8998570082601631,0.7337376996599108,0.8604833290190609,0.8313087629769182,0.8036752096444804,0.9040714322893156,0.8206770961131831,0.8711426450422517,0.9127183293300845,0.8470488506945459,0.7945051945642282,0.8722449225318969,0.9188242795108279,0.9185305855978393,0.8813417008335632,0.8500624748470271,0.837234311302321,0.8131379302402704,0.8568714508227485,0.943297132064884,0.7968923265276497,0.8550669194396929,0.9248607341036538,0.8554657321895149,0.8598181057248641,0.9036045545257019,0.7112929465235285,0.8867972907448388,0.8771440265993169,0.7828088509726664,0.8750966871250015,0.858946911369103,0.8746198036385118,0.9126272312499655,0.8862062978273091,0.7922297738364823,0.9065797015642519,0.9004365239165482,0.8739061476909592,0.7781470059103123,0.7328609457104306,0.8672798382990319,0.7619035489111555,0.8413776461152122,0.8937508669938533,0.8550804189817135,0.866200703935062,0.9086878099693481,0.9031059822598148,0.7901435881755815,0.8794710139224026,0.9066697253816458,0.738662870523331,0.8562395740182097,0.8180321246276798,0.9002085887838519,0.9013815306748145,0.8980804784727208,0.7857646365068081,0.7793995239372984,0.7820932512462211,0.7540357689103412,0.9028290710108993,0.8251861933945692,0.7735641489409634,0.7332678575549221,0.7489860972608646,0.9236750536815899,0.8835539688771046,0.8640058605331545,0.8398105793335201,0.8945227646741097,0.8160251928333271,0.7860875334759716,0.8079970913090971,0.8985260021694893,0.7271156536028374,0.9194693907180856,0.9009514818316932,0.8979688503843671,0.8180660461198479,0.7965757501371441,0.7693779903670245,0.799672810249695,0.7687148219975038,0.8757777711199838,0.8932564430685614,0.8542400621056593,0.8277984350390641,0.821185172969915,0.7787329699297946,0.8168802933456207,0.8675909446265667,0.8416156085607734,0.8172138568073163,0.781836771827734,0.7665877813509426,0.7854730310885825,0.8468528171973984,0.8705074248335412,0.8715640963259831,0.794520472043737,0.8765994464715502,0.8187775321807642,0.8407328576736933,0.9150125732211918,0.7565822915880973,0.7849394994295025,0.7830143837551102,0.8109673724730104,0.836063944895343,0.8428941245976197,0.6355007285766645,0.8657279396993821,0.8461116708624831,0.8208672199582946,0.7809231380297346,0.8092611593979154,0.8840182567297012,0.8615839292142479,0.8247846161173709,0.8016029106337899,0.8730795189839444,0.8184052822468848,0.9142178926970208,0.9073074491302855,0.8356543498354502
0.8745601695420909,0.0,0.8753348070167909,0.813447059421343,0.7253076307362523,0.8987829884649429,0.8171644075697666,0.8524225879690527,0.801704102242271,0.9240632091156674,0.8247999951421915,0.839300942104419,0.8830012533229344,0.808577443018344,0.9202823398207393,0.8227888862983754,0.8766728466108463,0.8588867093632836,0.8844171578414834,0.8626868608024353,0.8641427319739878,0.915305400793164,0.7851924285613393,0.8719349591261064,0.906769606243758,0.7034330047946399,0.7414802270615549,0.8485056220334894,0.8967378235008788,0.777107172367659,0.876644482858618,0.8521302077531113,0.8921342815185854,0.7676869961965118,0.8644756430903222,0.8586149119859026,0.8268811433710194,0.8559296175528995,0.7988428663775647,0.8672500248016104,0.9049555506796282,0.8012914492833831,0.8137003120980488,0.8289097202796616,0.8699606253333844,0.8413026814037813,0.7976788967382283,0.8047542490904487,0.8373453368645368,0.8379170581815845,0.8485282410801027,0.8427526380538851,0.8063680763449691,0.9094668112534368,0.8499678505183609,0.8589274411534746,0.853099559263755,0.8076953064375962,0.8185115718011705,0.8710552514227847,0.8660957020438165,0.7426156902471939,0.8241518874880521,0.7086346432864952,0.7899476410720699,0.7769848448076332,0.7606306510618143,0.8031772088925538,0.7862205669156677,0.8340959421423296,0.8230896558108785,0.7977163759127125,0.7049726205758327,0.8703918251270861,0.8847721629713688,0.7783525952405153,0.7413658270777452,0.7509090255400025,0.8024147174436955,0.711328558097432,0.8273218482161403,0.834578588120902,0.8695218827911423,0.8418690245898772,0.7947803903336348,0.9222609864272643,0.728060528861944,0.7506851829235809,0.8315511155977964,0.7831847980711766,0.7845488836052922,0.8170410033840874,0.8874635268876068,0.8139956117726901,0.8274203295367394,0.8665292480434693,0.7664876408220009,0.8261401839265958,0.6691525446344537,0.8492360277604054,0.8201208686174408,0.7310054482921314,0.683928823982103,0.8418601635218932,0.8113110893129497,0.8198668442660322,0.8295911042183213,0.8926338346741935,0.8755111224320673,0.8810092837356226,0.8018701674569154,0.7235325984976,0.8166354270745385,0.7103069975352164,0.8318040317821979,0.877467597279068,0.8461032872871923,0.8167675905858175,0.8376493750299429,0.7280277245957646,0.7493859226908641,0.7212460841090932,0.8126258066958681,0.8698439471814612,0.7709688719520337,0.9081735799288122,0.7353056383492764,0.7943280284452812,0.9141426232582172,0.8272520290219477,0.8447428084691223,0.7921845054234212,0.700349147261782,0.7656797468541072,0.8472750044872055,0.7922444054490988,0.8555545319159267,0.8599476179682537,0.8520253592091921,0.8586126177079352,0.8356627968563121,0.8157078469227149,0.887729207603739,0.7716379881622234,0.8117711767824022,0.7110194377884355,0.8364180479570307,0.8526752349570821,0.9187076616723385,0.6896814781828335,0.7954297274014336,0.8504509925902227,0.8313953030404483,0.8325586478700177,0.8821243802502315,0.8553480491174575,0.8508670440995074,0.8485623594234002,0.8130493504076204,0.7546822035817372,0.8179981451554269,0.8361449003004101,0.9337756820246793,0.7950837780864974
0.8065650592064061,0.8753348070167909,0.0,0.7453373977963645,0.8503846804181612,0.9014598783101047,0.7852038622043335,0.8090888535303983,0.7218135919228547,0.8564741020887684,0.8787566134296136,0.8380142620642427,0.8863101740293061,0.7493966562858013,0.8423038854155451,0.9364807482100844,0.9145156714382887,0.7842632961942683,0.7772503738014567,0.7813599475888001,0.9355839152570967,0.9588718334697985,0.7218612837022147,0.8680026885645785,0.8328050048807986,0.8171519639858126,0.6934729331415458,0.7428424584579396,0.8687935206759864,0.8112800391293444,0.7682719780709398,0.8573454409484457,0.8018829790939006,0.7127745119233809,0.7482148382366626,0.8644853004814089,0.8612953430166748,0.8652777552304975,0.818006630755085,0.8416949178813182,0.8489959971443132,0.8488853926503754,0.8612807268301421,0.8532045092676847,0.8258006956855283,0.7928796494382686,0.8537685485582708,0.9030616814724228,0.7911804120860318,0.8522775050913939,0.8604435575053462,0.8574786683758128,0.7090414114250053,0.8843087016746987,0.8516794373191063,0.8257337830150143,0.812811691344362,0.8893586789521096,0.7433387704971808,0.8063448482343203,0.8122546652338268,0.7829503513073797,0.850674314994139,0.7261269171115741,0.72753491638822,0.7339361857202541,0.7391291099036855,0.8776399892872158,0.8107720902594743,0.806702868377693,0.8655618078401502,0.7099129579496778,0.7025048809752449,0.8978698998974766,0.8411972124060095,0.6677182000883638,0.8244967919425634,0.8557203823563193,0.7521148156830788,0.7526011476656655,0.8245229453815588,0.7858787776686079,0.8886482182413583,0.8017479914885977,0.7983343159803223,0.8654524044555529,0.743197185625004,0.7105826920040622,0.7223574940008715,0.7492633951883713,0.8566226679257523,0.7169787020449191,0.8844738486440944,0.7185175857677263,0.7947719432975838,0.8433862278734081,0.7214423176655389,0.7568205046989638,0.672364619513562,0.7567906615109042,0.728820681587767,0.7900279968955733,0.6624464534222645,0.7515116282219697,0.7563123566802873,0.8844881065548627,0.8492362111860906,0.8420797859216594,0.8406052343664452,0.9024741603760525,0.8060985734530789,0.7749367950841983,0.7982357329860668,0.7051841611763149,0.7650806652261999,0.8629043909920282,0.7170839176240094,0.8280352414647417,0.8786889303139385,0.6942354177955243,0.8441899135086829,0.7237909751275103,0.7996022163539277,0.856802828581678,0.6715001048261562,0.8727397791381409,0.7692665834344232,0.8863960381209911,0.8886714792570877,0.8075087800229698,0.783507242344709,0.9253881248868483,0.6641618072156987,0.7159541213137776,0.8340161599677247,0.7630482649735443,0.8237428667377089,0.8154568754639259,0.803804278951631,0.8145875587097053,0.710498375914365,0.9101175619301466,0.786231398159243,0.7975435215713916,0.8897812075230058,0.7260093827611349,0.8984795198005312,0.8259161847062169,0.8753636696057779,0.7837131033891203,0.709601008322372,0.7170810595658842,0.8202392454351992,0.903433272363801,0.8557437675901054,0.8161351903643512,0.7924609842122365,0.8931682152838036,0.679934420971985,0.7607359107365836,0.7470405982159467,0.7012392155013204,0.8635927836851091,0.8152997672981768
0.7769768478079693,0.813447059421343,0.7453373977963645,0.0,0.7078298118066745,0.8016439111129943,0.8638532399780122,0.7939123792764646,0.7101971928367168,0.7676649881025985,0.8262201293476903,0.8272652617733688,0.7673899538101091,0.7471033756958624,0.8343998153254654,0.7226670180698322,0.7694616760913336,0.7360491029207531,0.8144278078497034,0.6919856371530164,0.7912629997016897,0.7904045040782623,0.8151743614205451,0.7919120201985985,0.8408238093664809,0.7755467097264344,0.7625370167182399,0.8104617036192189,0.7729901531579338,0.6815080838165322,0.8100890877265106,0.7390850352685909,0.9242119852382927,0.8323381307881932,0.8480936651691996,0.8673954358735486,0.7985309515478018,0.7600383143015794,0.758328576795293,0.8254646678865555,0.8384003422514327,0.7616738045817999,0.7273760581657109,0.8471275133636647,0.8185399865977538,0.7085568816291112,0.6680972130518402,0.7701288546861508,0.8093579848152701,0.7255796089548481,0.8223373295951625,0.8078570255869874,0.655155323133537,0.9022034202557561,0.8533245488372689,0.7456361242984342,0.7378146208264019,0.8141774483060704,0.7289143508951954,0.7517000852132361,0.7995318103037385,0.6538618828601839,0.7536173635624506,0.6556360462540322,0.6646630660187753,0.6612814006843521,0.801082724472577,0.712378668091388,0.7089817233970307,0.8140964203222899,0.7361368819678639,0.6958796809735095,0.7713324894414875,0.8240599315406217,0.742880367162811,0.6554726536447498,0.7502942393355893,0.7378816245341978,0.7225891631811889,0.6379822472864438,0.6793498455806175,0.8390915065271183,0.7220626529180253,0.7317883829004521,0.8153384853795241,0.7876409464132221,0.7790078480740483,0.7209686495000047,0.7223267536432423,0.730599235328643,0.8306848945870422,0.868085615662389,0.7802083246559922,0.6889960772605688,0.8304703286742094,0.8346212362641608,0.6533217248214265,0.8496049201894088,0.70504715483611,0.8232073569897517,0.7640283627954321,0.7170888094929538,0.8567024668899879,0.8246099505793316,0.7645841298474862,0.7020612037475907,0.7150564989734682,0.8159709044796514,0.7405819975495679,0.7633261256927721,0.8726568311556853,0.8031270612445469,0.8377321997390306,0.7212900041923171,0.7527054613894594,0.8008426383904472,0.7186352195378618,0.7027636505118702,0.8659180495087901,0.8397428541229519,0.6801986869625241,0.8318264683856592,0.7679770940840529,0.7829475768929756,0.7015097086563647,0.8125932910122065,0.7285259360297855,0.7436111060664583,0.8528057484757957,0.6993366973228571,0.6786580490702185,0.678786319575793,0.6923370575571762,0.8531329046316372,0.7540221524198314,0.6232170319860919,0.6653645862417357,0.8362326338203018,0.7885061508482664,0.7524970826529305,0.8161567508327994,0.7095699419978034,0.8405153057920699,0.7850936353787085,0.7806051385742351,0.7817997642341218,0.7518952684939214,0.678425438598235,0.7411146445266287,0.5990273250183457,0.8559003353227167,0.7169765174605204,0.7583516116067898,0.7003519861848931,0.8803061464699649,0.7723242080903115,0.7551221398050291,0.8045292243633765,0.9091075989733418,0.7716731774962489,0.6722498567722625,0.7699280064727354,0.7906186972941674,0.8076169661185677
0.7352327091063731,0.7253076307362523,0.8503846804181612,0.7078298118066745,0.0,0.7826270830824477,0.8250864210354034,0.6489892664754494,0.6525295625835481,0.6901349424700078,0.8661122054167142,0.8157776281424766,0.7559401851143697,0.6478325386290933,0.7684489374182552,0.8749095515297256,0.8301456198808499,0.6846996563470461,0.6950609604826096,0.6546171924656022,0.8776979160164152,0.8472111596998861,0.7367480823868577,0.8602398341266506,0.7329166501212312,0.8775200552132145,0.6500593656568479,0.6567048511368502,0.7653725095924658,0.8447540375247388,0.6810735538176138,0.7462237632588238,0.7220652015107573,0.6933922383104082,0.687497893864268,0.7550309729102431,0.8264522186213183,0.752152026316598,0.7921318581951189,0.7995262398667146,0.7643624839576351,0.846489713788838,0.784627460627704,0.8731834110777226,0.6899954295832714,0.6853630157437299,0.8140883435801226,0.8909317199912071,0.7783708168832142,0.7494201532636046,0.8137878039917839,0.8121503961873416,0.6035160537689881,0.783263334122893,0.7792889862213843,0.7580289548570184,0.7389220607551088,0.8768343469732699,0.6325600736576366,0.6979340588674587,0.6452647346507373,0.6861370846117268,0.7503105602926883,0.6437594562541016,0.6376900175787651,0.6174687454981286,0.6683251748581354,0.8244476932816905,0.6821887728168425,0.6894925766904987,0.7945953237938653,0.6294932422925894,0.6477592705791688,0.8017186654661465,0.677335409676,0.5916452385809283,0.811488629484554,0.9562292447618714,0.6486221339682043,0.8039136820937104,0.7119240579605651,0.7207321201354056,0.8520957686963839,0.6440223878413693,0.7548229480888887,0.7292193804988896,0.6640286136493349,0.6369703975411916,0.60824821928956,0.7089776120502541,0.9093799130506975,0.6721017014327344,0.8224765914130441,0.6385727448577115,0.7336730709272085,0.7743067392285806,0.5719809287970724,0.6733216483927265,0.6938922158157133,0.649710554300228,0.6649453437530428,0.6878957423336551,0.6530376695509981,0.6546576263332059,0.643219096353705,0.7961859000829733,0.7000848049930899,0.745734529153882,0.7426925378226887,0.8461507578312154,0.8252785974268643,0.8086882964995227,0.7019765856266574,0.6403601119830863,0.67146695673243,0.8202084329584667,0.6190776325382368,0.764797195512779,0.8041979984029416,0.662692036030463,0.9271876652677686,0.656412411104269,0.7603338015781148,0.8342204377354651,0.6403859998091664,0.7669430059800331,0.6933802199497656,0.8482028338566001,0.7390300013932497,0.6926429196915598,0.664085856200703,0.8235919645355445,0.6096528731374584,0.7231618135235943,0.7076373853781758,0.6820103276337077,0.7547926885257804,0.7915352797494489,0.6844588883915921,0.746163337625173,0.606154443925429,0.8297626025076095,0.7071709214571154,0.6947021160494541,0.8820979627283415,0.7303782007857329,0.8798007485059405,0.7102512593870148,0.7075299039259492,0.7063678523862859,0.6688304210667775,0.6211509669061708,0.7555684365560251,0.8117965640236934,0.7897186417177942,0.706077873308496,0.739963702282878,0.8755025474500092,0.6497266448185895,0.772780382696203,0.6162645893745539,0.6549677437899002,0.723599947531688,0.894995541624645
0.8753073876956159,0.8987829884649429,0.9014598783101047,0.8016439111129943,0.7826270830824477,0.0,0.79160943974736,0.8493837902427049,0.7764941074109526,0.8481969440992163,0.8413592172082918,0.8603980086395031,0.878359660611657,0.71895258282387,0.8714433576919802,0.8758354160538658,0.8932827359151531,0.810154829306883,0.886894734873659,0.7986913755992543,0.9224043245466911,0.884570974213997,0.7175334000243171,0.8390435186622279,0.8884088065225918,0.7588395672185742,0.6509781716815424,0.791257276343173,0.8335193635237769,0.8292303170661433,0.8499441597765292,0.8795912447609434,0.8701738924371715,0.7502032362034329,0.7934874011260707,0.827424524487088,0.8616438879394618,0.8457822637902679,0.7954238787261015,0.798223315738674,0.8812971642544691,0.8340690292300845,0.8709188634071586,0.8929943462320108,0.8117504111304731,0.8247744033143622,0.8439635555644788,0.8683298956185574,0.787257593746387,0.8311134733979975,0.8939085778380861,0.9234809724266967,0.7691212260515463,0.9040539549826548,0.8399538107672905,0.8796757906097943,0.8577833957784766,0.9028019895658982,0.7300207494938061,0.8106613654056974,0.8546414788967779,0.7980624797738325,0.9172446091315309,0.6334919796134587,0.7755951393553753,0.7870817510041589,0.7082571295232465,0.862280531977726,0.7578522249778442,0.8587882404505638,0.8777339668620252,0.714135465521174,0.7085606262204325,0.8764338093126394,0.8857490642833282,0.7576701034516474,0.7692793330630799,0.7923397521582113,0.8201798890818318,0.8093111203171325,0.9046476337581247,0.8475713929658857,0.9049626305581563,0.8499760361642441,0.842610793563661,0.8870133603416606,0.795783635492596,0.7317587869890514,0.8026635497721164,0.746111072874119,0.8456577671833513,0.7972586497123192,0.881535091315484,0.7989538044280118,0.7977141708183173,0.8830401429325766,0.765967026512095,0.8279998924338506,0.6574219469030966,0.80351108185072,0.7365468231035291,0.7737225310522454,0.7115140783650042,0.823126392456193,0.816451262365375,0.8615007013566811,0.853472427090341,0.8527006806791805,0.8354470569118995,0.8760741073467565,0.8350820010128598,0.7425523332097181,0.8591394162880824,0.6876801735800855,0.8336020482559781,0.8806959826276429,0.8340410529265694,0.7839105944866528,0.886288991245747,0.7244109701279912,0.7651996070056957,0.7922843479308741,0.8328789119207989,0.9133903117840824,0.7349579383602847,0.908299812172089,0.7525671977952323,0.8135124863581431,0.8873430367207046,0.7691569586360704,0.8207163274566759,0.8906821877220323,0.6886534011474204,0.7725877409920521,0.8009742022751616,0.7826538009860085,0.856466176073788,0.7931979369682562,0.7287990086313592,0.8556575102331564,0.8080376279111721,0.8386866455617343,0.8280136054647649,0.757325868463959,0.8305135905796939,0.7232899753162737,0.8858149260652108,0.8583710535524751,0.869894445446828,0.6923570624704652,0.8009905473669816,0.82459987558244,0.774571246709498,0.7795532153338876,0.922373093276126,0.8343993725298239,0.799584958557968,0.9215547946007835,0.7400361030023856,0.8017534395372249,0.7862471081305132,0.8307932236934136,0.9218369048998187,0.8252064795589619
0.8090320708469703,0.8171644075697666,0.7852038622043335,0.8638532399780122,0.8250864210354034,0.79160943974736,0.0,0.7143657214357978,0.6890205457061385,0.807758151286787,0.8555876355470733,0.8537317521884712,0.8140350088786529,0.7635060561407051,0.8580786001304237,0.8011375633546377,0.820374726368287,0.7576335158874383,0.7805675266478223,0.7090941819655168,0.8347077344371242,0.8227654913316407,0.914390433981687,0.8793690707097046,0.868449458023603,0.8387884917255346,0.7683710604179108,0.7825656176827175,0.8148549641829548,0.7749429726841847,0.7998971512143002,0.8196758225257552,0.8353906808853482,0.8784228378344439,0.8297008602056735,0.8404522652397733,0.8826703394863786,0.7369856635757299,0.7839572649212018,0.9021869038004773,0.7927290644064636,0.8278154527989512,0.7857735776275155,0.8887857362765943,0.8197247787300711,0.7480746561834261,0.7777697380473697,0.8432363241184887,0.9387760584848788,0.7635606688918453,0.8749468335019173,0.8033488026044526,0.6488217809260324,0.8643132979272402,0.8837142221701588,0.8125876148822405,0.7686453326208991,0.8137062428283219,0.7771222269203995,0.7866414232371223,0.7291834684892811,0.6910147099535385,0.7315156385478675,0.6952707980328745,0.6849881808087777,0.6677759403155306,0.8227380896188097,0.8080774857027596,0.7240670524668488,0.7459701109907437,0.7798505795461563,0.735566204217321,0.7420931096817096,0.8693811029254888,0.6955354297886022,0.6960124088022582,0.8433742537883482,0.8796952174748555,0.6840955556378507,0.7279227006152567,0.6888171087298324,0.7965838135460356,0.8068397976054651,0.6691741155673487,0.816982900643764,0.7498993297082606,0.7218677456194871,0.7665710794628859,0.7283386034458095,0.7550141945233164,0.8831126463870176,0.8569229237319017,0.8532238799443463,0.7098906661074931,0.8266785022575147,0.8420774359311538,0.5990334887965312,0.8022956492691787,0.7540783373624437,0.8220252430458774,0.8034660076731193,0.7312630885172964,0.81059364297116,0.7609782944690668,0.7177346283135683,0.7689092597455333,0.7339993803844135,0.8202017161382907,0.8091509379397888,0.8684341094968284,0.9279995558230383,0.8320661831484996,0.818709696432738,0.682120609664468,0.7306696650134843,0.8246911114020863,0.7164286760351544,0.8209650998288467,0.8544654693128372,0.7572342055002483,0.7884112433131673,0.7090292628884335,0.8059620828493461,0.8628919198974943,0.7007775034614687,0.8310674782961794,0.7553058820067364,0.826666551444461,0.8267082908135022,0.7381118428293331,0.6847337359243294,0.7028528666158638,0.6705503233830826,0.7453380153788636,0.743306624762178,0.6692742417185169,0.7422718551090064,0.8927993239428599,0.7898667278506891,0.784568440298554,0.7239070401778186,0.8085621738503056,0.8577575271572146,0.7383727626919755,0.867779446163594,0.8599823407693146,0.7833738043225393,0.7231741437757984,0.7708514508792864,0.6029482847904222,0.7925457412450715,0.697955081898192,0.7702438511528537,0.8272443002317349,0.852628711175348,0.7837524094615483,0.8121977353674567,0.8665256446895597,0.8360353923555234,0.8694822968763015,0.679681682909455,0.7592929145487766,0.7965646383446096,0.8477980664631359
0.8379734476090752,0.8524225879690527,0.8090888535303983,0.7939123792764646,0.6489892664754494,0.8493837902427049,0.7143657214357978,0.0,0.845633953031838,0.8255255376923933,0.7879624900173552,0.7913668093082878,0.8680005351604827,0.7534463669427627,0.8540754486570451,0.7960483256486477,0.7944996483416047,0.819342061329116,0.8342765638935461,0.8365940006041711,0.7884583054516731,0.8330763025389291,0.7189053013637176,0.7540584233329565,0.8593159321702637,0.7001266698639682,0.7590325658412865,0.8237428393016165,0.7515959465472097,0.7458923260964035,0.9014816418874874,0.8240254686604919,0.8384519423367484,0.7533256665566712,0.7980304899935762,0.8292464167360545,0.8317612641758232,0.8749258335903454,0.7847551819583599,0.7603737849148323,0.798878013710604,0.7275069602369543,0.8266216544596325,0.7473195299384806,0.914131245718109,0.8201756980146536,0.7065027375948623,0.7580701620786424,0.7579708474669848,0.8051001572370201,0.8095991921446365,0.7706453496476801,0.7308463098781491,0.8379647569142985,0.8180648590839896,0.7718581018101307,0.8109615793440924,0.8133535085706792,0.7417143999414596,0.8302665924896744,0.9370664919097801,0.7549819656739082,0.8252353682772429,0.6618629325941485,0.74240740863947,0.7809728260857722,0.7780580915403396,0.7749897172281114,0.8031440137649726,0.96052295365685,0.8126461147859991,0.7451950529923627,0.7108062103075207,0.8409491176933789,0.8873681206136337,0.7354994096206118,0.7554694274287911,0.6708929975415884,0.8511577046120965,0.6346800492508506,0.7480362790446577,0.8438101414175585,0.788312142919576,0.8794391490045419,0.782240602131858,0.9081578752859657,0.8868393841850518,0.773273717690952,0.8472547104707114,0.7921151315828759,0.7520859084214393,0.7696106117749413,0.7987026175166316,0.7607060729196339,0.7624523409235459,0.8155481530168146,0.8184364911472791,0.7752278708717574,0.6214339525941267,0.8278894616468795,0.7837755499343694,0.8600446362707382,0.705758523553507,0.7923539007882966,0.8506313153482605,0.802266903671999,0.8309988579122929,0.8138406500582082,0.7819302767341855,0.7575721934623015,0.7364732146042473,0.7208660668068761,0.8128792379852022,0.7931314835985629,0.8135327386233878,0.8031449863804784,0.7699348166871259,0.7666942031919327,0.7470060458048142,0.7387751770903038,0.6752386605369738,0.8747400193275957,0.7246567937821548,0.7902450566720415,0.6901492247349528,0.8446242122768968,0.7209664761948996,0.8138849160254292,0.8239339366988885,0.792390263609631,0.819525876362632,0.7829703419011314,0.8041235127565033,0.7483543220133334,0.8357137790276804,0.7052740900454897,0.7813177673765037,0.7726583356228757,0.8256111596009703,0.8768738527675697,0.8148028821897055,0.7558445220475334,0.8090637405189713,0.7736328414515647,0.758343090008545,0.7041333549388517,0.7972011820978333,0.7813907122571612,0.8443214558239857,0.642120716660405,0.8579686001657201,0.7589111253036849,0.7873456658223484,0.7410493556458608,0.8350457596116453,0.9170882443304418,0.7976801904425656,0.7892657137426387,0.7400888074545717,0.7283779004589959,0.73435670898184,0.7561678642153299,0.8934816692355111,0.7356801406816145
0.8653697282263023,0.801704102242271,0.7218135919228547,0.7101971928367168,0.6525295625835481,0.7764941074109526,0.6890205457061385,0.845633953031838,0.0,0.7362604688995921,0.7300484160355886,0.7179010029363491,0.7893573816964085,0.7586630551535922,0.7862770505165145,0.7237327671852707,0.7517882847069314,0.824185172462136,0.7761107517411949,0.8379065681327902,0.7231405605428067,0.7949815673242128,0.7047233542552245,0.7012761603995643,0.7952841925982426,0.6271154521538639,0.7380490366436401,0.7896628705880111,0.6718376850816985,0.7782459545993543,0.839378089529785,0.7597470204837041,0.7399234119323177,0.6857990159196641,0.8300188991716252,0.735511556675727,0.7599511257590739,0.8313711273445666,0.6880132391438757,0.705418293863314,0.7152584714023952,0.7865426692542464,0.7431912542804956,0.6919744702450213,0.7869954582313982,0.74491942164667,0.6963747936654967,0.6769431427904088,0.7309276506114548,0.7742180773403332,0.7421645497086435,0.7269074752106345,0.7271054925623374,0.727806823267729,0.6990175476672178,0.8132471978078414,0.7832284238101995,0.7508950016205409,0.7174428283044865,0.7746495039686618,0.7785002077097469,0.7105024173239568,0.7543538274238287,0.6691629147021373,0.7454140401791649,0.7196972142767315,0.707450659999121,0.734706380009799,0.7762803723217195,0.8654973711294897,0.7744641967055117,0.7431731591150986,0.7314779442700842,0.7543030711200894,0.8312735994494789,0.7187866833519355,0.6660643021464082,0.6286606126681822,0.7390229260815941,0.6104072458935578,0.6946193478374573,0.8473817304686808,0.7636551085551417,0.7693998940587343,0.7564596401542585,0.8591568257641806,0.7889276351545539,0.7514481896086926,0.7824947502538713,0.7829031133867338,0.7495430525227172,0.7697360117763785,0.7422418974398324,0.7353365501577499,0.7743225569817727,0.73906129706874,0.7325677180563578,0.7346573820110717,0.7014360441521122,0.7557987491345932,0.7187745747471765,0.7039970886893226,0.6580579671337,0.7113055575103864,0.8180877259422644,0.7283817138299684,0.7078323065747352,0.788589734738568,0.7119105538061492,0.705688681501633,0.6785598241983557,0.7202495336399585,0.7652041355742688,0.7791828152642865,0.7485959184696241,0.7903596920302857,0.7529663234783156,0.7177762892829457,0.6724281912713904,0.778772965896888,0.6833315135822644,0.744864508074326,0.7398654822805262,0.7308150898545521,0.8046157016115771,0.7125813923889468,0.7094208152270215,0.709917784004849,0.7036522917092679,0.7285837731066307,0.9009222499175953,0.7284038750376086,0.7429247949300525,0.7981916424676933,0.7427022282268769,0.7003576022785779,0.7520933791762505,0.7293905622673015,0.7325737041780038,0.7945202427811657,0.7303623161022552,0.7334264900077199,0.8134827372496717,0.7464165866778444,0.6843450177653273,0.7047126713257881,0.7882514657501959,0.6928733020480043,0.7743854211078496,0.6339033594865369,0.808662151286972,0.7307941631498844,0.7805500444882405,0.6894813092543624,0.7343248673022339,0.8248020744093725,0.7547272034836381,0.7132646082808084,0.7118926561137207,0.6926439338409306,0.6714592373593653,0.8044145183828829,0.8434965670319391,0.7644580772312629
0.8139949334235127,0.9240632091156674,0.8564741020887684,0.7676649881025985,0.6901349424700078,0.8481969440992163,0.807758151286787,0.8255255376923933,0.7362604688995921,0.0,0.7995142652966489,0.8122529900650727,0.8636100625780919,0.811425111990366,0.8394590312746009,0.8142203421517323,0.8311740480760232,0.8172607753491385,0.8161106443076628,0.8012081043489868,0.7930336362137128,0.8482367884188858,0.7975803823649131,0.780811792800515,0.9321162605483937,0.6857870250729077,0.7644650011808457,0.8193936959742079,0.9229098682882048,0.7552200499504298,0.8431356026576217,0.8747475431645537,0.8208420149668068,0.7697225611788036,0.8232359702983423,0.85025160260385,0.825681426971578,0.8159348782970949,0.7423045830230292,0.8124211203117133,0.804347782253959,0.7693803489514224,0.8010090437524434,0.7847518909000025,0.8587315483559389,0.7878819507261273,0.776687928730962,0.7913474252642974,0.8468095099316522,0.7841959284873308,0.8003120993175306,0.7567893568605654,0.7313089199728418,0.8391171366891583,0.8680652274926787,0.821171135782484,0.768035746229814,0.7815852558723164,0.82813151776393,0.812747550566792,0.820146950642156,0.7298571112821846,0.7633872389709584,0.7452014910716002,0.7188378790667248,0.7263956237177006,0.7467246965456739,0.7870797004056106,0.8279255051115402,0.8242801788979899,0.7561951477398464,0.7856711739973886,0.697993554759993,0.8323205994396218,0.8262904317484814,0.764199549837506,0.7402952510034702,0.7451106633017123,0.740603780686597,0.6713300475650482,0.7727889292557759,0.7410040605801677,0.8112722821508073,0.808122954678986,0.7487819161968052,0.8245437815892138,0.7364876168040982,0.7776960279154997,0.8279924799272073,0.709689661420224,0.754595867748076,0.7988557434182625,0.8602226146379025,0.7368920569215911,0.7657519589582914,0.8720533271074237,0.6979008330691946,0.8211747257708598,0.6700101321929516,0.8223079042135969,0.8144805156249378,0.7527298893779034,0.7061105366884528,0.8633139848054483,0.7749079823203822,0.7773174867334282,0.7960773675204543,0.8872034648743776,0.8298122739105891,0.8304569066454471,0.7722220662482592,0.6935418022132046,0.7970959016958585,0.7355176340959346,0.7690984053089197,0.7848570896455253,0.8091488140180692,0.8632513800251581,0.8287472129505604,0.7344026383024328,0.6839256358415604,0.7148980097214842,0.7542711837171955,0.8041439306126513,0.7033938306604655,0.8981972747731903,0.7160276276336993,0.7739884715220962,0.9201748920540727,0.8013917559407965,0.8307539286558305,0.7375158635115294,0.6826083876783214,0.6604065801511881,0.7843310762617405,0.7260939120361103,0.8067016750902317,0.807524496082946,0.8521096763797484,0.8128377741024543,0.8131604892972633,0.8431808882461858,0.8139601145022246,0.761985250801043,0.8038692231069806,0.7400483880106796,0.7440470497657807,0.8155374406533966,0.9593896296126521,0.698737972893929,0.7367400699247605,0.8152495102835698,0.7576920682016601,0.8343013586439876,0.8491974483150976,0.8065965298459336,0.7843854098837653,0.8060449299217445,0.7729885234605064,0.7569804561427961,0.8073307722786156,0.7866246636789179,0.9005822856146749,0.7077778224592755
0.8034226441091549,0.8247999951421915,0.8787566134296136,0.8262201293476903,0.8661122054167142,0.8413592172082918,0.8555876355470733,0.7879624900173552,0.7300484160355886,0.7995142652966489,0.0,0.9084468060805635,0.8474825878843424,0.7355002660573874,0.8255830259417599,0.9224195576447562,0.8884302348226115,0.7506394744458734,0.8188348536720064,0.7571470852814249,0.8946537189497644,0.9185463309781288,0.8351502616521737,0.88551458240458,0.8677199857902316,0.8377975496132383,0.7902208323653822,0.8170679653798782,0.8630331443825359,0.848596730011638,0.7925391536674782,0.828663798151065,0.7972316291609991,0.8125722823584087,0.7953989040378313,0.8544162164615131,0.9075885612553776,0.8562987644128776,0.8920444026802405,0.8509580981242792,0.79705025796613,0.8602238600859193,0.8095821268933009,0.8811417180176213,0.8160739333791135,0.7222522157096551,0.7239170813939377,0.9255706103258777,0.8760969379449423,0.7829514545022392,0.8501433224961776,0.7943313191614367,0.6358014320783574,0.8866365955435039,0.920000173637733,0.756909567934897,0.800991368885215,0.934507307493176,0.7078615160881864,0.7773152052093444,0.8014967639095782,0.6783225048735854,0.7736242897820548,0.7056647077679612,0.6581271310164024,0.6609743668626555,0.7799996063464935,0.7897210702875296,0.7593761906608584,0.8382119557547059,0.7868877691322448,0.6964449697257304,0.734596315846306,0.8816121390819124,0.7881524531552435,0.6402741152423918,0.8876031003312148,0.8825541530990716,0.7020820876155158,0.7474390721332976,0.7062566308552688,0.7761595170886421,0.8341865304143723,0.7407894608968317,0.8202472891903329,0.807708554474957,0.8128980331177891,0.702252131640258,0.6944411249679902,0.7648416185347989,0.8959404686261624,0.7281890970255507,0.8822769100328698,0.6988785226931652,0.7969977362004605,0.8391637786107455,0.6410238179312987,0.7344768289377922,0.6955462851462716,0.7329719002667047,0.8036975486892222,0.8040472927040747,0.7027340122997385,0.7301871055775035,0.7235778299081874,0.7837994328416757,0.7617836982897699,0.8601857518834233,0.7546964993998733,0.8856054846683925,0.8985140247044493,0.8399450867234832,0.790352218478639,0.8199287960484456,0.7194350943617893,0.8514879383202022,0.6801412580122975,0.8679222835260728,0.8561832735576818,0.7426902894730352,0.8488377975429465,0.7420063934604909,0.8083755811425426,0.8464954912836307,0.704279309856835,0.86048661709579,0.7103019020404776,0.8849795506598859,0.8511280821250935,0.7258599786431029,0.7298240240562304,0.8243338885957949,0.7666692235567097,0.8157884834868833,0.8448672456412631,0.6713967834615154,0.7693163430873264,0.827755874999631,0.824115761579475,0.8389364795852768,0.6926246812602058,0.8863421815870903,0.7860110690426162,0.7922373393421847,0.9394494459880428,0.744599547694598,0.8499438722905517,0.7278991240381251,0.807464011252397,0.7659832386208797,0.8089310444206429,0.6832917976791459,0.8808392859863116,0.7893411379617753,0.868665651424812,0.8238875419814323,0.8702008665798886,0.8764917411552912,0.7569699757508425,0.8325555283342769,0.6382791933136834,0.729821865660136,0.7842285760322376,0.9271755485984489
0.7549018343128265,0.839300942104419,0.8380142620642427,0.8272652617733688,0.8157776281424766,0.8603980086395031,0.8537317521884712,0.7913668093082878,0.7179010029363491,0.8122529900650727,0.9084468060805635,0.0,0.7701091422855613,0.6424147493707514,0.821096107783844,0.843585771152641,0.8117057546037704,0.6851018461423769,0.8671837259035657,0.7152106150929001,0.8791007100032745,0.8569886067528455,0.8159171525106865,0.8732936027410977,0.8967181965681796,0.7731974975689243,0.7127880085733954,0.7647084649525085,0.8421822888683367,0.8253143295919457,0.8425135695418552,0.7915690748345605,0.8091591845011483,0.8474072646649736,0.7623204678487016,0.8328124926958365,0.8534428886654764,0.7622952744726444,0.908070340949318,0.7789010400869116,0.8031278001203763,0.8410513840480965,0.7710822607057802,0.8862503428006452,0.7962653916222747,0.6968996026965153,0.7138485610446549,0.8806846374694948,0.8286697613322828,0.7217259231496883,0.8109241737045627,0.7832763575061138,0.6114507955335029,0.8871966105017016,0.8885973883454782,0.7886132792195887,0.7519558492396256,0.9301131421003096,0.6589259738439,0.7262335813230275,0.7641938615030212,0.6321032943261436,0.7350760810790588,0.6388680188498911,0.6316132110789114,0.6302029040566549,0.7174737505653711,0.7409303262307889,0.6671341318967378,0.797069054614948,0.7395862258985878,0.6324065066815756,0.662823210117532,0.8134299389904213,0.7390849357863795,0.6297048261946112,0.8043976049184118,0.8462476679941736,0.6908777433008966,0.7154362736731262,0.6971439510205949,0.774215010188101,0.8299133810187156,0.6901629245982938,0.7692849518964814,0.7907722404524191,0.7847633857837929,0.6535058249163596,0.6838190062063797,0.7954265637608956,0.8222283659379673,0.7882059460271241,0.8281191172567046,0.6716846538532485,0.7140968546811539,0.8930140278433649,0.6342476013862706,0.810884524454244,0.64080247413708,0.7122980018205072,0.7437190036029321,0.7700405912169616,0.7198144421313603,0.8109153428595517,0.6815436780985744,0.7435885990265872,0.7327104425794159,0.8579253679890241,0.7221901397086748,0.8946194567187089,0.9221550226549802,0.7673334410194211,0.7408757234121701,0.73104193392466,0.6799173716598561,0.800916283428363,0.6883190072476415,0.8259302649104251,0.8434355120756811,0.6926930819879811,0.7504929741423533,0.7304630204989302,0.7726111603085466,0.8370316396950706,0.6557032229100778,0.880135133207051,0.6579143649210831,0.8603679801006053,0.8613263600384379,0.6615044663560491,0.7276088661506427,0.7665556221561607,0.6690876791590242,0.7964006728683256,0.8286718020417466,0.6332113073700683,0.7700696459522577,0.7749667862533751,0.7637786628664023,0.8428740892941724,0.6947689573458047,0.7990486561854481,0.7712354466727556,0.7508525846381373,0.8923367427404628,0.7386219151799975,0.8640082677527632,0.7155490065507142,0.8267482855017717,0.7099681687940791,0.8076449149886343,0.6870567446256008,0.8070691892091574,0.7639362484643475,0.9449087443009937,0.7941058407896123,0.7955534678512968,0.8903380781037638,0.728244919819365,0.7560253772591666,0.6201180521763004,0.7218742153153175,0.8173130187356218,0.8529049764766128
