0,1,2,3,4,5,6,7,8,9,10,11,12,13,14,15,16,17,18,19,20,21,22,23,24,25,26,27,28,29,30,31,32,33,34,35,36,37,38,39,40,41,42,43,44,45,46,47,48,49,50,51,52,53,54,55,56,57,58,59,60,61,62,63,64,65,66,67,68,69,70,71,72,73,74,75,76,77,78,79,80,81,82,83,84,85,86,87,88,89,90,91,92,93,94,95,96,97,98,99,100,101,102,103,104,105,106,107,108,109,110,111,112,113,114,115,116,117,118,119,120,121,122,123,124,125,126,127,128,129,130,131,132,133,134,135,136,137,138,139,140,141,142,143,144,145,146,147,148,149,150,151,152,153,154,155,156,157,158,159,160,161,162,163
0.0,0.5500288551534995,0.5274135120194154,0.5665268166406968,0.5056565482429212,0.559805573777414,0.5201986855859349,0.4855084000539062,0.6532729929072824,0.5144509991979627,0.5799161161082802,0.511110095855805,0.6638505295564779,0.5120270069383889,0.533431690623797,0.5769548399437836,0.6342675056570931,0.7026906632000179,0.573576068174032,0.6746198823983113,0.5884387332678697,0.5832893267735029,0.601427971647684,0.5011131521634237,0.604342312286835,0.5067823832113227,0.562703117688941,0.6271327644076431,0.44994590142764196,0.547303375683026,0.5146666690722844,0.6045744695580135,0.5205957628112247,0.4877206984412359,0.6097516119831358,0.501491055704835,0.5807819064359435,0.6311757078697757,0.4633390704013817,0.633665232315833,0.5353123593105898,0.5926325847447372,0.5337411630102039,0.5238322267340674,0.5226078169371643,0.5591868048412951,0.49579340733776006,0.5079796051104836,0.6397813960653352,0.6484904157279369,0.6051976632721,0.5920757379318137,0.5573005583148521,0.5319282577408901,0.5114723964719544,0.5497159459598527,0.6952712399806823,0.5581709215623967,0.5529587240486665,0.5469738473525267,0.4965714306573345,0.4400390300021578,0.5990430086808083,0.4735857800196997,0.5593995277264098,0.534662529883192,0.5414491122681823,0.541067663724285,0.5433181525395442,0.5229772374341423,0.5951842424344187,0.5372143386992909,0.6278119203066488,0.6478444659192008,0.5986344562946586,0.518237996038511,0.5184340323930502,0.5136701138436733,0.5037484290464247,0.4522935382499557,0.5485036358265484,0.6134790031075137,0.5789950738167623,0.5539015762977532,0.637180534634328,0.6575504267965693,0.489237938382703,0.6002811268435239,0.5802352845907727,0.4992181330555907,0.6709310887253862,0.501207275079396,0.6098756173333294,0.5704850264956616,0.6500508434223579,0.502726796131711,0.4554352640289089,0.5110698688981711,0.43952649976788727,0.5399182456802089,0.4688352994071313,0.4064090929725542,0.5042571294631741,0.4653846712075936,0.6078299248547223,0.5717230742476386,0.5295442256425369,0.6048443732554013,0.5472586184102728,0.5034079154563253,0.5316726472819169,0.6293584706532346,0.6312959962248584,0.5888965716670427,0.5731772493854314,0.6431074075853982,0.5688709242086499,0.5444176934688449,0.5435404392742106,0.4971385705506854,0.5872709266670492,0.47265276141872725,0.5541622673599778,0.5508055035795348,0.5565553666283938,0.47484507026311656,0.5088585440112878,0.42812933667869363,0.4952515950866827,0.5970625981669166,0.5542767770540608,0.6112815854978167,0.5151441194327376,0.5751797946582085,0.5106728425785501,0.5300423896555974,0.5309561290482806,0.5845002341967888,0.6196535333856982,0.5569787565496414,0.5106999708241268,0.5125479846174589,0.6162840938024909,0.6123367439726263,0.5494476240906256,0.5581035970950506,0.5949424724179178,0.5088484787589465,0.5644862291353233,0.352340558667045,0.5592237608006926,0.5409905566926002,0.5832760610376808,0.5164067833228997,0.5336077467926723,0.5249642138336585,0.6553239264497516,0.5440412621306495,0.5676153346623444,0.6264665074490852,0.4993129595729771,0.5727502455434871,0.49592410248311186,0.6712000390916648
0.5500288551534995,0.0,0.5009644397332211,0.5125292907545098,0.4544826919315066,0.6022377194036137,0.5289073863078952,0.43600444477924033,0.5137207068905173,0.5933612181429048,0.48716753875837926,0.5870982668571393,0.5349610356514393,0.5178644659559327,0.4965250924201011,0.5154101264667206,0.5638344967175883,0.49146713600362796,0.5784417247788912,0.594559129390638,0.5588330353627393,0.509137868591551,0.5529807821438566,0.5141794382103911,0.5835235761117502,0.4531208012289678,0.4740265334040847,0.5159645242734978,0.5962868100992453,0.4684558880863078,0.5312047806929681,0.5876214275656944,0.5460985403606516,0.5331946497226361,0.6135068583409083,0.5657476214556003,0.49826634022719,0.5518679192355058,0.4922372945490869,0.5971205000239853,0.6352484275782977,0.5181113970027883,0.4473817817609672,0.5526625891923268,0.5075241398310927,0.516824793888528,0.5290099012218685,0.4906849438635256,0.5785200561942903,0.56337086630851,0.5234776325610947,0.5640164370903707,0.5884599848383042,0.5678741438560883,0.5418498796073014,0.6387478815422191,0.5688393471550907,0.49009472514714625,0.5213944317042226,0.5730885771391999,0.45831300356298055,0.4501126087146884,0.4729912323071124,0.5193648051348793,0.4979302307960531,0.4750431341186212,0.5006715665571405,0.45517657473598755,0.42378761921618163,0.4169800690683057,0.4985413396498777,0.5578042817746284,0.506847822849603,0.5253734709014901,0.5205371061515985,0.5406327227455048,0.4506682355304565,0.5482914976820384,0.466249003013729,0.4871358241143519,0.5769905811581021,0.5103681157536413,0.569917411668754,0.5215099086438361,0.5704809940714237,0.6204944309378182,0.4167888762585784,0.4910057101308706,0.5600003796017063,0.5312938682668534,0.4982335271757947,0.5775838949264266,0.6299583181569864,0.5713966628021043,0.5648636884308001,0.5598260192584477,0.46007944864390954,0.6143399413962152,0.477697812837173,0.5457121207055662,0.52731871894471,0.36485245074154415,0.4620445181070928,0.5065018457380382,0.5306120372900831,0.5237032390770368,0.5167402635821002,0.5884805826773545,0.578976569269921,0.5678038233964108,0.5471203479776127,0.5516326189994992,0.546699215305989,0.5121051074919589,0.5340940845055934,0.5640454512054469,0.6327537519287596,0.5070203107212162,0.5740261979894065,0.4939211349047203,0.5485491296599325,0.4171505441995694,0.5930557274131737,0.5485517085169008,0.5742895574325976,0.5402738640808423,0.5106503124264826,0.4380944768511263,0.6439435275056904,0.5453830114711686,0.5464677957453508,0.5206235335415761,0.45302157079664124,0.5729434734048166,0.5058450692223944,0.5389475714806711,0.5766236688748431,0.5904791606490517,0.551142433684062,0.5199010236562023,0.49168035462746107,0.5676210336516085,0.6276180707921521,0.5913199747100405,0.5839925035219872,0.49367937984924776,0.5690421894924715,0.544173130809974,0.6447117443450068,0.3951814152174472,0.4830201377916005,0.6189243482055449,0.5000087603632737,0.5565626696517108,0.5490386349584028,0.46397774697834526,0.5273044460273529,0.5393235730593066,0.568340616377307,0.534950938269651,0.5232443748508877,0.6054274125959914,0.5065668967594831,0.5142920224992138
0.5274135120194154,0.5009644397332211,0.0,0.4864644327120753,0.5323196497836454,0.556274130289812,0.46597799476567753,0.46621679606918254,0.47741164074268033,0.5463390456214904,0.6528391214008586,0.5491119913843459,0.5701276986356585,0.41000048517740995,0.49374261253288754,0.6227536927963503,0.5713678342095102,0.5160488244748503,0.5478166342309387,0.5086308333508621,0.5805875213473846,0.7010342445300008,0.48516991537569637,0.48753003019399005,0.5512904390993448,0.4498443528197155,0.46973132136133555,0.5053746377665634,0.4729058310865266,0.5264913580464804,0.448776382679063,0.5538816298614333,0.4618531882420462,0.4164366480276068,0.4495831870288401,0.4487218422269378,0.5185161305683192,0.49684458825047384,0.47020489975601615,0.5078011081513731,0.4706314487082203,0.5274044869375186,0.5152398822281328,0.48146767841510524,0.46124861773799875,0.46434744926158034,0.4456920953780003,0.5502686519021164,0.5217827992000978,0.5203001693731447,0.5254944049086223,0.4889532480528239,0.44184872010994886,0.5335768867361507,0.5152500039668899,0.4413328192777688,0.5207027125239801,0.596681438488758,0.4662548802606462,0.44586645406080544,0.47836590324960704,0.3797293585288871,0.5453250959113047,0.4062226321661933,0.4514441003777447,0.4466857900092846,0.4447990858848844,0.5049523388416526,0.5062076629824709,0.49636566126001896,0.4955848914575281,0.4128464409094815,0.46055186892121697,0.585141665808014,0.5365611632102918,0.4074216270110748,0.5211468880116762,0.4969678069309544,0.4238280417435577,0.39847618778869076,0.4876583019657408,0.4820919181237803,0.5440281099746587,0.46362725118967435,0.46959686538046175,0.5040064234721493,0.4477940900936823,0.46283784826964613,0.45161856070391,0.4186518323072625,0.539355868752871,0.4102689432746071,0.56270349408728,0.44306436729928594,0.47240311408742075,0.4889794225270037,0.41612462679484297,0.42938575458364564,0.35987331564354125,0.42834256646249047,0.39548137423240587,0.41869049940845304,0.41858247173486823,0.4551352649270169,0.4585240934558064,0.49273549981056985,0.49430919135753465,0.515115880890172,0.46633707589018136,0.49856480376492457,0.5042496752253416,0.46627678955368823,0.48140677021925177,0.4774636176007278,0.4388710396536051,0.4990988248880756,0.443668737739836,0.6211965403653517,0.5434878235973832,0.3933176319038202,0.48107473708361725,0.4159575348248391,0.4322333939150213,0.4884741364430627,0.4145752653738182,0.48824459853177493,0.41428794863879703,0.4209976337870219,0.46757187979217435,0.480237998621291,0.46233377619950916,0.6180628614848391,0.4196854484083971,0.4376989401623274,0.5025642507582566,0.4482108099785495,0.4740094440153086,0.4580036731333697,0.5468290478920771,0.4916764585137027,0.4451627450312293,0.45726748001621964,0.46837809861303387,0.5116815332049285,0.48750968794260024,0.4455823509292645,0.5460103336173794,0.4808994129912296,0.5496841440100398,0.33083080544179777,0.45107439085004203,0.45350966335861703,0.5536209023495063,0.5202576478472806,0.5025573420473306,0.4657842529909618,0.569318445145679,0.5200370653403915,0.42991198966412814,0.48082218769334645,0.4349975639999425,0.4253046886825843,0.41466621251021757,0.5214374333687248
0.5665268166406968,0.5125292907545098,0.4864644327120753,0.0,0.4444788420289691,0.5641844096077056,0.537493123793363,0.507075816402762,0.5089057707187531,0.49361216853727274,0.5209448214745053,0.5671135283137799,0.5377492517368577,0.43193984045601935,0.579612123411807,0.4852203043450013,0.4953086895306018,0.5115101149475239,0.6175945640394035,0.5126916636371472,0.5803877379357361,0.510338840198914,0.5219286644195719,0.5009815099978813,0.5931952022577961,0.5218353657062867,0.4623497837328902,0.5032225209273494,0.42765136627029626,0.4365248849189763,0.5530323031673998,0.5291466020526929,0.6503489334613565,0.5084454358352912,0.5225636048611818,0.503817441121823,0.5621316610443432,0.5149272620501372,0.5069153072526543,0.5535954621354927,0.5659037114431761,0.48512441778836074,0.5270709781628756,0.5760235476884299,0.5312965857239832,0.5290167488816274,0.43792522848913096,0.5235508687532888,0.5540126949708105,0.5331946539526895,0.6245282954224074,0.5797007216425507,0.4756148137758202,0.6380633513629732,0.551606940713599,0.49366234619315386,0.5658448282386943,0.5393167207496784,0.4946805934751591,0.4854886999677334,0.5333388192538631,0.41274657652726293,0.5766115932714143,0.4124140516325323,0.5167632801802107,0.5196285528497472,0.5533355451192051,0.5097571485330686,0.44102640003188187,0.5121187527246354,0.5651314657233503,0.4647757827098104,0.5255240967446091,0.607528114451166,0.49725440096048007,0.477282097979586,0.523048515619356,0.4860062395428754,0.5177363760643484,0.4258671580791945,0.5243444924214329,0.6499669759677326,0.5162215420191654,0.5031475734788999,0.5751728591270598,0.5630629606751815,0.5150160186601994,0.5403553866921849,0.5326076376103454,0.4939343157915258,0.5489713164364954,0.5328422819791676,0.53165873338955,0.5158239203673185,0.5583160860835189,0.554178290816317,0.47841876676398404,0.5354375182299602,0.3996922513258117,0.5369850498039214,0.4549675515003284,0.43578483713620253,0.6015306592767541,0.5328333511607116,0.5446555500637513,0.5100418812351621,0.5351510303080289,0.5073631087096425,0.5122586864195626,0.49356851597653173,0.6193610488678974,0.5641881525456034,0.6142578174171902,0.49971401998059417,0.5269625040052229,0.5036396461030374,0.5113677855991136,0.4856230259181844,0.5670289315477743,0.44562633865685763,0.4759011522587979,0.5251753884379091,0.48401966086145576,0.5550638724367992,0.4786194625210825,0.5176478688473537,0.4637872733313514,0.4314280852113678,0.49962646581837594,0.5280319923871248,0.44190134920301544,0.5241187653194438,0.47336483964707726,0.5401717519701957,0.5363804210242676,0.46976402635460346,0.4628551394640737,0.5454552793614686,0.5490200439540438,0.5599135267399467,0.6070310715626329,0.4438832848631036,0.5673256094599111,0.5756052014599655,0.5388285988877839,0.5357419820901972,0.5665169608775322,0.49673478148329886,0.5126957348953386,0.3210565344406102,0.6204616428415216,0.510440706978767,0.4842564627652496,0.46888392902211734,0.6109380850269239,0.539935955111725,0.5393439359761658,0.5653864295565577,0.5947294276212033,0.5483622394626166,0.47856122158669756,0.505685581332506,0.4896133289469764,0.5459070955981228
0.5056565482429212,0.4544826919315066,0.5323196497836454,0.4444788420289691,0.0,0.46697717562123475,0.4947689356624603,0.3755516049382346,0.44954770677342487,0.45220993558797024,0.5319335284527038,0.4650081237301156,0.4724388595533762,0.40242420256804734,0.45125489144035136,0.5172953626528294,0.5455088590738675,0.4957733180908433,0.4629512326402027,0.4508156806402028,0.5304815778036321,0.5454733403814611,0.5026087455926417,0.48448494388010604,0.4746551208052334,0.4445340814540523,0.4336980723598051,0.45447805456162316,0.4377439789446636,0.5476282204918488,0.39811511408377664,0.46530392071517535,0.4233464730910311,0.39124284126356407,0.4414134343255872,0.4079813464793713,0.45914523894227066,0.4594923224565965,0.4084733509204346,0.5190446048547488,0.4575945345154361,0.5567520963990695,0.4489570669060587,0.4774794190971925,0.39381187664233047,0.4278477240776119,0.48438030460234127,0.47672059839745545,0.5141659886077035,0.47691654342302003,0.48706164153067105,0.49981696135308784,0.43485877099975323,0.4508220583445413,0.43113148828463227,0.44789896759559206,0.49128898846290425,0.5040227677853439,0.4406407639791247,0.4172310319743433,0.38041856309009614,0.3652269354482009,0.4719872566585155,0.3961001530178711,0.43767469152191746,0.40265483813394937,0.4060467793934837,0.4778746922286028,0.44476510832922156,0.41008944328380076,0.46319075033654394,0.4095592255432298,0.44177773182372826,0.4962744893980895,0.44857268833068925,0.3968907219383978,0.44389335073034775,0.547715277646535,0.38855525042389183,0.4334747155879459,0.47408507514254206,0.44991226684696195,0.5379504739843368,0.4064151527621836,0.46289767356158956,0.4589511469873566,0.37829834067212686,0.4261098688962871,0.40714325218317376,0.3976356381785807,0.5804675295246102,0.4015525151772491,0.5227633466133556,0.42460906801590775,0.47881192939219375,0.43693539935877596,0.35526891746912265,0.41154497151852154,0.3739521036001965,0.3991043496668146,0.37714285908632317,0.34738966108314356,0.4036952330063168,0.40916246118802563,0.418728124862313,0.45996575047757265,0.42044385959618785,0.4925226562046236,0.45670099396943764,0.47187314755491144,0.47601078921503126,0.4696699600178296,0.4404480631252164,0.4388652360594237,0.41933374576173,0.5172507401461105,0.43495047935681863,0.49624445905066367,0.5022790200442234,0.39592901847732986,0.5393545450837357,0.37291140710478876,0.44214120884283004,0.48218451362249787,0.429763705156792,0.41869681396997893,0.4058797495884999,0.37664743089195996,0.41825984237810543,0.44816877879921213,0.44327738947654977,0.5179046342663782,0.38163850368382535,0.4367756747926809,0.4151237180561376,0.4525804299132167,0.4574363508700922,0.46517745455170745,0.45921523543729675,0.4434264676821272,0.3965702455701268,0.43701946040467937,0.45769964538801977,0.4578836464404269,0.46259643224419983,0.44211265374733794,0.5114863906321482,0.44724204459621014,0.4633130827566513,0.32694148167980186,0.40791455797618514,0.4430332760020523,0.49162574585212654,0.4897131462700614,0.45806204631177944,0.40825900553988614,0.49794464594967097,0.4965453059184428,0.43171819649274923,0.4811001077624719,0.4227770706170319,0.4374200616939785,0.4139754112892494,0.5730933006834614
0.559805573777414,0.6022377194036137,0.556274130289812,0.5641844096077056,0.46697717562123475,0.0,0.4854679826885219,0.5185145376862456,0.5099490150638404,0.5149309346204511,0.556662445360509,0.6397435189941225,0.6285529843585586,0.47198000442554994,0.5162021379960136,0.6066666733405646,0.5558705342241936,0.4773883086747802,0.5703226378894204,0.5444100407234151,0.567513179700607,0.5301587964780089,0.4811811300099254,0.49100520394614183,0.5547118065427328,0.5170114925731193,0.474749264613485,0.5065115537480095,0.5122564376171103,0.49124644419344654,0.5574864549691234,0.6363874784810843,0.6248281024314594,0.5142060101239657,0.5356098581990711,0.5675065513322232,0.5777337143311048,0.5667201293012485,0.5382259441040742,0.5391488673082936,0.5882297230120268,0.4790982944076258,0.5006854495791406,0.5789135551849327,0.5547525291474309,0.5272269699415739,0.49084825355936995,0.5742424011827892,0.5190464995020199,0.5708504002431265,0.5770097998101678,0.6028001353369554,0.49567465339288286,0.6273848030262441,0.616013009494752,0.532973629645937,0.5637673089036578,0.6116282634624274,0.4505211402864224,0.5534146613215964,0.544602405606111,0.4714591203380203,0.5861036806130872,0.44536620710616,0.4621128352076485,0.4874020433631011,0.5066338456614184,0.4980972550365584,0.4374418787480976,0.479359883911143,0.5522541893941945,0.48342014994747107,0.4932460848006733,0.5801166175353432,0.5606892454974663,0.48451058535646735,0.5262922979090853,0.5496697227001708,0.5034852709438582,0.4703857912291014,0.545397214768859,0.5236028744889863,0.5838106141242847,0.591028709380579,0.5365203230078253,0.6236020324594055,0.4919881011443722,0.496809911569684,0.562569776213763,0.5206827797386646,0.5392103149225039,0.5106242248097088,0.6263107172328294,0.5297537339106142,0.5065841318641877,0.5943788050025648,0.49529778874788943,0.5262042897173587,0.4255193283480661,0.5352935572486961,0.49463985444892566,0.4173715928392614,0.46523347613485244,0.47749631977449725,0.5584597298785684,0.5727192961339288,0.552607778694717,0.5134928908671582,0.5308598369257603,0.5141336089497067,0.5525193124158108,0.5249027158790912,0.5829200476460391,0.5051072571565887,0.5682775988899472,0.5728225261651213,0.5141681829136361,0.4935038167356198,0.5665560045764212,0.4750846901296464,0.5242360606488765,0.4904646209748735,0.5060547031988937,0.5659712654496473,0.4755421331609786,0.6005531802642421,0.49188517829173317,0.5121982591930776,0.5833137560377756,0.5318093679106497,0.49593723945125845,0.5993106887458103,0.49853863756859446,0.5501321033742547,0.5150489709840335,0.4804092764923125,0.5469633101575367,0.5479268289068727,0.5230414004569734,0.531187122516149,0.5176465441534794,0.5357149073696247,0.535343089508831,0.5563071768254271,0.5657880219302632,0.48554815658486233,0.6363018370680709,0.5297866469669736,0.5495410677820513,0.3713694570730144,0.5225955209319717,0.5098682488489323,0.4889707191526701,0.5032283905547684,0.5490797757155139,0.4939415389067539,0.5491622412412782,0.598837098005481,0.5182284809666262,0.565679082965162,0.4591296212545815,0.5056697857207773,0.44521097733292,0.5186463233689155
0.5201986855859349,0.5289073863078952,0.46597799476567753,0.537493123793363,0.4947689356624603,0.4854679826885219,0.0,0.39404119859825726,0.44439535952353415,0.540798718059221,0.4474636177001711,0.5185926792757478,0.4786562055060557,0.42502712935342396,0.5632875776341522,0.44704495046375997,0.4797722527026074,0.49133288224667215,0.5153885482008579,0.4796998202908532,0.5866993811447427,0.4784162473859725,0.5949354959844579,0.5932005732445527,0.5872763201863498,0.5044040475404826,0.4117247599627251,0.4359128313765019,0.45342408703703246,0.419538731933263,0.48653491122962306,0.5035117508599591,0.5188591793081941,0.500200093822361,0.5009371208438379,0.46076300240719487,0.514787803875573,0.4514348365902445,0.45400854559411125,0.6558105371046604,0.5557576011399588,0.5104132470048545,0.48643176710696556,0.6087999217561425,0.46466143421616285,0.5239902283842955,0.5604773788497165,0.5062509487176886,0.655935329374266,0.4980686895538683,0.5758850809611319,0.5614547818842387,0.4813615718706147,0.5390010874973309,0.4855037321897125,0.5673022068738885,0.5246129530475078,0.43983322204279973,0.5729287190894207,0.45908139849669405,0.4140008001643723,0.3951202649593474,0.4587774708217628,0.4249591273747962,0.5499090863115702,0.4894762914224075,0.5245518705658903,0.5441978842589663,0.40417624616497455,0.40254184772758894,0.5317555806848431,0.48190144576542254,0.47586855908521,0.5423971323239741,0.41508357527697676,0.5201920566673751,0.467673727106597,0.5838007851238223,0.4514284424815614,0.4840807685499067,0.5759077470324313,0.5466180892967606,0.5570157420599988,0.4209124762087932,0.5495312106834996,0.49571624887785287,0.40322646830845066,0.5083897527868377,0.48516260461444394,0.4835518630231394,0.5037249332616233,0.5586484007765281,0.5218437145069135,0.509377655986076,0.5658098527525627,0.5415655660440151,0.40336019399515255,0.5654331625380282,0.41223494107541686,0.5144546866132468,0.4483274813374475,0.3719350493609227,0.5666822929195902,0.5348777320000299,0.4556772744697712,0.5041233872478745,0.4900802334309635,0.5150107168086636,0.6036824855223962,0.6126596960156845,0.6526255078352321,0.5451745133888061,0.5390517451028495,0.43553663590164277,0.4689625215251024,0.4771542240238015,0.5434201308088,0.5065932877582342,0.583681149552578,0.4133185783034963,0.5083911570688554,0.4056035550158669,0.5205673771762102,0.6020152587825104,0.5017738858582831,0.48958296741999247,0.4541281619717298,0.39839101406313016,0.48874425886614614,0.5407002223691443,0.4250890552675255,0.465889587895705,0.39818367009711597,0.46701166318239656,0.48458878306246095,0.5452849033794949,0.49978838511326396,0.594524559196373,0.5162407675835489,0.5117814244271432,0.49659638669507394,0.4445046666426495,0.5856893820334329,0.5091683208541015,0.5652442716542836,0.5882725732260966,0.524041182583057,0.5386290981083277,0.53555701727997,0.31378760571853803,0.4826529689305857,0.5306671545284805,0.4350720977355536,0.6060003301871107,0.5889297904456574,0.48397898394213756,0.49997927426823596,0.583300357694623,0.5648397253415892,0.5308413188010005,0.5774236767344249,0.5225880271237117,0.5411901287411481,0.5169588812123037
0.4855084000539062,0.43600444477924033,0.46621679606918254,0.507075816402762,0.3755516049382346,0.5185145376862456,0.39404119859825726,0.0,0.4964209075791838,0.4277344751341779,0.4926482992124052,0.503121161450012,0.5589090205924505,0.3984526518551133,0.4898343871154002,0.5063788863912819,0.43369182725475597,0.4444615878227684,0.4897748069360109,0.48807182059330084,0.4626109233878605,0.46355038811828025,0.41054730039530674,0.40841967253001044,0.48336042182913547,0.4767603324115891,0.46493416843222685,0.4516696930040405,0.38119125572931806,0.4261236665983814,0.5596925619505083,0.5130637416954912,0.5090337752958454,0.4472380290562795,0.4371226241281215,0.4733587827445461,0.5618657350006654,0.5111773562434174,0.5286698465415445,0.429541628733592,0.4464498724666948,0.39651648248375015,0.531119491524712,0.44484810601814245,0.5877744597326389,0.49468549038414594,0.37711959150684454,0.49161879727893626,0.43709455919124307,0.49338321398598056,0.5033056219526055,0.4428836439615893,0.4015915938351211,0.5052608443616243,0.5333857292352522,0.4134771766567858,0.4877549974547081,0.5437061002567166,0.39919135246154047,0.4671611375804627,0.6996558160514856,0.4225637709034841,0.5560965688792884,0.38009658624667336,0.4244066748478482,0.48521168258707187,0.4994880223616221,0.468512478740667,0.43791594751615615,0.6165033951720125,0.5207063020974304,0.4171180686681863,0.4393115678075186,0.5254586201500029,0.5073484244019529,0.4188358214026509,0.5509184239180791,0.41151106708215357,0.5327241983472034,0.36868485886138086,0.42646436233956697,0.5093898170196706,0.45998929582282067,0.55478656316711,0.46062053882731957,0.5313021127594193,0.7081249152844651,0.4965655391897141,0.522999076718531,0.47916655311271933,0.4557104480373975,0.4255720885825767,0.4683846995095667,0.4458986006579125,0.4314044358552518,0.4882755382881715,0.5443127105483452,0.42374688678419303,0.3585051433446265,0.4673832646588233,0.4372329524668644,0.5641286273778794,0.4494419297534218,0.4264345280859621,0.5267919547958063,0.5003765434079723,0.525381684075221,0.42225389916493467,0.4321446016768939,0.40858969806688195,0.44690870505931485,0.46290984149290426,0.5001372168427508,0.49083942679676434,0.4901561642742248,0.4395981510011139,0.4106826120211,0.4570378516242385,0.4168132192832335,0.40679607167179704,0.4195483109412595,0.6326923248097968,0.3984716999153973,0.45867265465754237,0.39678637080329815,0.49846624749156315,0.41618792845113095,0.5111118722436687,0.4384308900893604,0.48959994598219175,0.41992961387265876,0.51883029950078,0.5584410899489933,0.45770416022804217,0.5204452274452421,0.40351332673368595,0.44189509653211617,0.44683056844383184,0.5051367374179027,0.5369357832709398,0.4936181131118451,0.4231239879919008,0.4411827007793093,0.4912088838208851,0.4712998434868057,0.43599924965099285,0.5204414203478148,0.44746917899093835,0.45592430163368375,0.31799584203275383,0.5742589720461561,0.4098280147849096,0.4457015408096335,0.41529142733030683,0.47589269867883227,0.5528722412081335,0.49685493872344577,0.4746593759335234,0.4268879171447072,0.4648709314469514,0.3904831664295895,0.40888743158472984,0.4078753726095598,0.440136817850738
0.6532729929072824,0.5137207068905173,0.47741164074268033,0.5089057707187531,0.44954770677342487,0.5099490150638404,0.44439535952353415,0.4964209075791838,0.0,0.4719106005051711,0.5454629404971645,0.4742526110413741,0.5753587987088283,0.5040528320553207,0.4715802618612699,0.5301381958845004,0.5506883925644113,0.6002110615583924,0.5155779522843902,0.6024136780964287,0.49134581308703046,0.5426895766149739,0.5235537601849113,0.43125053941149866,0.5269723210029544,0.43893076836970346,0.6429046412706501,0.6079672162903441,0.42646885818312563,0.5645242776688132,0.49186634010859026,0.5275121930875677,0.4743327484125265,0.43858134238600577,0.5604037171369597,0.473084315046595,0.5114371122396869,0.6322404342870649,0.44233555304721656,0.5118778291592428,0.47474227515569245,0.5489313317260436,0.46122904422773775,0.44768753044846427,0.4840987346481391,0.4808992559101233,0.42413288527541754,0.4415376175926231,0.5235910223808945,0.5547254646122559,0.49927183177641643,0.4833204923913842,0.5068739189942253,0.469728919801523,0.4680256237641046,0.5054993686378545,0.5720354160164776,0.5432546308691859,0.47359430910879524,0.5118229159496744,0.48078931061477576,0.421932284432751,0.5126139450168374,0.45710430498126653,0.47623475807902,0.4611126476752064,0.48906184184335844,0.46223926000330706,0.5259621400010721,0.53470369159002,0.5078627580068964,0.4976874270048094,0.5636789723833366,0.5340859194890191,0.6191140191738509,0.4594012980549055,0.46781808134691394,0.45227092168126953,0.45952657821472537,0.4055752097717671,0.46762466140780434,0.5461569540714092,0.5218079720089299,0.5413764030397781,0.5433811164238852,0.6187311679428825,0.48471293451188413,0.5285052450501969,0.5364531598054456,0.49012586219600024,0.5785704740327595,0.46294443523964907,0.5353399056364905,0.49374371774422116,0.5634953709634031,0.46485595433671245,0.44165872289814934,0.4590042165191289,0.4294570549550022,0.4791228152599197,0.45156855182725897,0.3911106580189645,0.44251077542534967,0.426376879370906,0.5718739287312805,0.4904352672039012,0.46601860029120074,0.5503877599693491,0.4630926626085414,0.4353822578732259,0.4511661142460561,0.5483623813929872,0.5326057067895743,0.6645608420274887,0.5080256498329252,0.5858249182696995,0.4954796430968577,0.4872847306894597,0.45288528103407966,0.514593472691508,0.5185643753989074,0.4713613392754062,0.48120887198499035,0.4729694956968678,0.5243262515393897,0.4359958633875874,0.47405938117380286,0.4146282992452353,0.4499455436999223,0.5175894703677638,0.6124995584046453,0.5551234209861975,0.5374916778380499,0.5844859289057688,0.46809764247164337,0.4567113210800446,0.475136431015015,0.4993222672561679,0.5500071413105135,0.5199946504515328,0.4671287947230024,0.49188473492617973,0.5467044621774777,0.5827847723753006,0.4881223639493812,0.4719269912712778,0.5512057324623949,0.45615150539302773,0.5074971796692093,0.3616828965147535,0.5166734607572081,0.4958980156346711,0.5772431623561108,0.4526372969048611,0.4731727837110672,0.4883315414193078,0.577160910929642,0.47361114822828415,0.5092140563081837,0.52860246393061,0.4335551498623916,0.5260236643727165,0.4646729596712264,0.5889496411063005
0.5144509991979627,0.5933612181429048,0.5463390456214904,0.49361216853727274,0.45220993558797024,0.5149309346204511,0.540798718059221,0.4277344751341779,0.4719106005051711,0.0,0.49518450938651215,0.546032980891444,0.5113563404863782,0.4427113271935489,0.5066353343973109,0.4948314940720267,0.5154581875718737,0.5133792467928964,0.5535478381039527,0.5228919896848347,0.5434542875675952,0.5345434555942401,0.5716584285099523,0.49893535064556954,0.6735612486896203,0.4317612657511245,0.46397944298770205,0.4900130279659679,0.557397557918039,0.45524600462739173,0.4869335173546308,0.5451404558926505,0.4833120858927541,0.46173053284330906,0.5034561700685989,0.4715112966737636,0.5004012927310131,0.49112892127875535,0.45482172051763986,0.5515727434963273,0.5168872190439213,0.5205018188220708,0.47340624551458144,0.5079585613068546,0.4712023882115113,0.4833181248722191,0.48100423427355965,0.49827530932178077,0.6069381970864073,0.49468171514143533,0.5005036486113722,0.4782514080721953,0.48127983819014625,0.5208603033703062,0.514845956741015,0.5215463062579918,0.5057018335059776,0.473262094869174,0.5602295109557468,0.458702065991387,0.44128060778090666,0.3850455758789262,0.45505817931556214,0.4517122334766973,0.48274357937018353,0.4564024406326856,0.47624951111154706,0.48359870391645504,0.459821595918863,0.43968190884877767,0.47317944951071017,0.47550001462799535,0.46798108011998385,0.5235728870016937,0.47703363949691713,0.4865424190177628,0.4512300107258141,0.5114257266757427,0.4349051880222647,0.42724381231658193,0.5456901360426573,0.4827293324530033,0.5448879391261903,0.4617422572531573,0.5024063104497817,0.5172957671148326,0.4171534522959442,0.49051890850519725,0.5008077806549106,0.45279769970219547,0.4792731813424307,0.48645079898186094,0.5538811017404833,0.47289877561914473,0.5154990150911071,0.5583193953802582,0.4107394616710651,0.526498937492729,0.3967165679366565,0.47147355524065343,0.44621486651105735,0.3805339419209964,0.4695505149071618,0.5845817466871984,0.4622665876922789,0.47598151933599203,0.4858385759128691,0.5907754700489851,0.5256793641453371,0.5546105125818529,0.5259220090748314,0.49210288275287023,0.5004251049645202,0.48737545605917226,0.45129061531944803,0.47167206700710623,0.5416689619709103,0.6185283333760242,0.5699664663262036,0.4208578006613283,0.466840241346726,0.4041025871092903,0.48136342718644476,0.5096600027658688,0.4809621265847454,0.5226484601801225,0.42793842185823394,0.3959169251611658,0.533351719773909,0.5255758455162053,0.4890331043781619,0.490662672294059,0.41356276091414546,0.45100150653783355,0.5024346506135254,0.4978729621868349,0.5123666348358331,0.5111652616173218,0.5977800178232169,0.5134090812374946,0.5071961589773787,0.4747005306204137,0.5255883328548032,0.5368825951968027,0.5394261107197323,0.4890236666450424,0.4985633712781706,0.5361386047997501,0.7347685341484396,0.33935829403620044,0.45706378649342533,0.5700610768313654,0.4750959355818847,0.578424898168366,0.5653387676750133,0.4724642928483615,0.5175725546709501,0.5216048087408743,0.5085157862368901,0.4846833083918018,0.5558911863143556,0.5047945965923576,0.5006969406788375,0.4829321460306208
0.5799161161082802,0.48716753875837926,0.6528391214008586,0.5209448214745053,0.5319335284527038,0.556662445360509,0.4474636177001711,0.4926482992124052,0.5454629404971645,0.49518450938651215,0.0,0.5270878327502196,0.5937866996592263,0.43648142368238146,0.47863631450737854,0.6522262900313104,0.5973168352263057,0.5514392806460376,0.5478512080396909,0.5336373434729451,0.5487761467288452,0.6860422544398387,0.49431804871170826,0.4551016644864987,0.5437041430610563,0.45950135484305266,0.5394472302283898,0.5728665565739527,0.45768839847051224,0.5802763962601296,0.45759740014933253,0.5440519001402707,0.47180295994695703,0.4182577565711565,0.48678912135862507,0.46182483065295316,0.5337925495246587,0.5657959516275011,0.4654845564725125,0.499904329911888,0.4694987954153593,0.546733977669481,0.5059760993190138,0.47884292648642723,0.4650063920263825,0.4523962291663808,0.41849815740504925,0.5335887752705208,0.5191277243463633,0.5357778492993225,0.5211848361809032,0.49411262096125097,0.44398177221762103,0.5163627458605415,0.5162168592483848,0.4413292372030208,0.5407394864936101,0.7029269286375682,0.4518921800898745,0.45660737353386704,0.4943541049538055,0.3886720094118829,0.5821807691103715,0.42037435042437094,0.44395037748438115,0.44002372620447067,0.4519524712052957,0.4846326362976679,0.5575028425494395,0.5628829883448201,0.4999728892865217,0.4293879079698242,0.509306107879264,0.5783705520571091,0.6099747972528565,0.4061041140194943,0.5176490802706213,0.4814818407661766,0.4351625195766143,0.39786227091745235,0.47006500507715276,0.5008085234377658,0.5244969822574769,0.5077371666425022,0.49491128406797,0.5372979336580368,0.48977949362412065,0.4793169715693404,0.4623959313932028,0.42561388491098995,0.6194573078516443,0.4138793826314118,0.5695041183390641,0.4463477775734023,0.49837683524805626,0.4810965450315596,0.4193452563247273,0.42878696939692107,0.3782607067191004,0.4309056284735346,0.4090806020433601,0.41781705928061297,0.4287154624594481,0.44071597692062,0.4999299336386062,0.4837797879636279,0.4740924368439878,0.5341457404505632,0.4445262344856483,0.45715649697625593,0.4876958622767469,0.500074815841818,0.5052376991183322,0.5493967775943638,0.4622527745474095,0.5379388303894019,0.44569323321011295,0.5682695242209712,0.5248477071121737,0.43382047701492266,0.5035668748535548,0.45225881724582034,0.445886291408368,0.47457437569922406,0.44262536487910414,0.46801324225397284,0.42604426258709,0.419633634236372,0.4614234089552497,0.48187497185327327,0.49688186812115875,0.6415863162995528,0.4694587056342457,0.4905183385624016,0.49293138394953817,0.4372778774190373,0.46119895363461433,0.46765493938120867,0.5575014597642032,0.4990460087277289,0.4591350214846578,0.4736812335972299,0.47478212061072544,0.5472192986243981,0.4908347205401424,0.45141990903790497,0.5552933095171814,0.450852419341689,0.522862569350952,0.3453774526183229,0.4849661530568713,0.4581315656157052,0.6097660944363985,0.4594090498011124,0.492336370383297,0.471485243628508,0.593064961682087,0.5005374944662652,0.46015540789635134,0.5090036266800715,0.415210260918019,0.4506288105104209,0.41739409384482207,0.593377193013007
0.511110095855805,0.5870982668571393,0.5491119913843459,0.5671135283137799,0.4650081237301156,0.6397435189941225,0.5185926792757478,0.503121161450012,0.4742526110413741,0.546032980891444,0.5270878327502196,0.0,0.5393464805850849,0.419159355657291,0.5711253721720357,0.5416344265026802,0.5020691652261343,0.45733336194451224,0.6200009846951743,0.5201196430347879,0.6059685582364176,0.5240138152301902,0.5029562659275935,0.5548577319516687,0.606056866901588,0.5169633690889474,0.44184419297521504,0.46504850135492704,0.5044291967804602,0.45780554843353266,0.5902607392813878,0.5595497571806921,0.6130939385338611,0.5322688019219075,0.4991199002426146,0.5340742227872306,0.572689083649145,0.513271589089686,0.6080102422390651,0.5386034772780426,0.613882332444845,0.4666348167462257,0.5206316350829354,0.6183882730177573,0.55375421292566,0.5279038614645178,0.4770885542212622,0.6089344823289476,0.5389124762920094,0.5233881514150186,0.5655442526832121,0.5575829805589828,0.4539018703672478,0.6622447392329989,0.6153808737513132,0.5145055708610167,0.5385119434939123,0.5648051081566301,0.4544239217348316,0.4969922552199194,0.5136227276251916,0.4178127213077262,0.5226343847453241,0.4233671220382333,0.46666506655183276,0.4804529193533196,0.5067020836478214,0.49860572087028204,0.41029299038539796,0.46591579728316906,0.5361479024375826,0.45862985601262707,0.4489514132232673,0.5593192271438083,0.4855457543587841,0.4692835497241018,0.5159850458609292,0.5571980727874121,0.511312491194046,0.45332208393196904,0.5388676944559443,0.5302294145679989,0.5886545896054779,0.5088937658780697,0.5187272428146162,0.5869646963721996,0.47745696337986726,0.4737696197651419,0.5201343508385208,0.531260285585842,0.49525777135370985,0.5148290324356862,0.5751303588496103,0.49968765411411115,0.48538128163998107,0.6630308066538064,0.4769984418317957,0.5492676028649044,0.39652217423109504,0.5018376093294926,0.4780631505690405,0.4284436860369918,0.4896782150581962,0.556176570113408,0.49445536004546947,0.5469230405952256,0.5488134724918484,0.5158099306498113,0.5349405342874195,0.5721635799763374,0.6161845127560703,0.5167563072584447,0.522576344727939,0.47374686257740506,0.5046436583772662,0.5019374902109108,0.49847345008755495,0.5289960277392296,0.5604397392663406,0.4234778216150359,0.4975566255813209,0.471523235306625,0.4851422442953275,0.5858023557875307,0.4559243759618932,0.658984264209905,0.4402281686995345,0.4962593301070439,0.5739973589564928,0.5258058979277453,0.45194976799067815,0.5415308925319319,0.45432565302032984,0.5051598071347435,0.575521214353088,0.4807559078251802,0.5606130774267641,0.5504667759133243,0.5599623831034125,0.5772451009355655,0.5214138306199989,0.4768057163686893,0.519133976802414,0.5340253178485935,0.6003242928649986,0.4906392261979961,0.6480100068924268,0.5453496791487019,0.5900973565405849,0.3438721272253207,0.5367207335495946,0.5022585333782265,0.47243176898706746,0.5339792476721321,0.6499141178974579,0.5213382122599483,0.5358699154876737,0.6349587183970192,0.5036063454947464,0.5016915031710378,0.4679909367325087,0.48274589466455203,0.4722024069412513,0.505305842497056
