0,1,2,3,4,5,6,7,8,9,10,11,12,13,14,15,16,17,18,19,20,21,22,23,24,25,26,27,28,29,30,31,32,33,34,35,36,37,38,39,40,41,42,43,44,45,46,47,48,49,50,51,52,53,54,55,56,57,58,59,60,61,62,63,64,65,66,67,68,69,70,71,72,73,74,75,76,77,78,79,80,81,82,83,84,85,86,87,88,89,90,91,92,93,94,95,96,97,98,99,100,101,102,103,104,105,106,107,108,109,110,111,112,113,114,115,116,117,118,119,120,121,122,123,124,125,126,127,128,129,130,131,132,133,134,135,136,137,138,139,140,141,142,143,144,145,146,147,148,149,150,151,152,153,154,155,156,157,158,159,160,161,162,163
0.0,0.8950507454803373,0.8187539827550461,0.7866663765515407,0.7671308650648067,0.8604125085239226,0.8265677157441549,0.7930649465339695,0.9035100224930299,0.8272747937504307,0.918965481096764,0.8396758398239322,0.9021590274757847,0.833941807392682,0.8737348747404206,0.8493212887223094,0.8551869200811628,0.9355066690969179,0.8517893085132286,0.9370676733532008,0.868538337537138,0.9117558067864973,0.7768342983178177,0.8747326044260592,0.9292102141637539,0.8166618483324435,0.747494743317602,0.8494403328095295,0.8248318805536742,0.7939800109579858,0.8955460942745145,0.8890450505744877,0.8135735771274057,0.8356336330971039,0.9174623238358739,0.795796988282569,0.9267849219819093,0.8829086563862786,0.826157005355709,0.8482022269524016,0.7861254033823122,0.8562183615744828,0.8572442288749664,0.8909580723563947,0.8791086722291257,0.8503460228816657,0.7604426562511404,0.9054796998827156,0.9060726928396928,0.8421124111611501,0.8765767395829654,0.849207672176159,0.7903454430705826,0.8667386563789966,0.8692377965579885,0.835417281839764,0.9203281272424388,0.8090275839311405,0.845792599178754,0.810458740172023,0.8382917554713146,0.7135220949952752,0.8589078801605904,0.732184799762687,0.8535524082098228,0.8621265541264316,0.8695468089090771,0.8895093589256351,0.8254875193335666,0.8483307516652004,0.9236130445186825,0.8413440671090048,0.8652950018120292,0.8769203090296095,0.8555456300667137,0.8832845092371668,0.7982322635700717,0.7809846478447298,0.8372340977903857,0.7592029951314824,0.820986618256544,0.8860794349972567,0.8794042981733203,0.8341709426655914,0.8879568814022046,0.9065295355395913,0.8377332896380656,0.8395016500631949,0.8341145771640335,0.8501600272247827,0.8436581033479035,0.8102666079465137,0.8534986440657486,0.9003888117219163,0.913349633306549,0.8732868432133866,0.7727997398254297,0.7960820779775349,0.729279075023548,0.8402456503540291,0.8562765539465749,0.7351032322144291,0.7473615894010261,0.7470450985589233,0.8618223391344537,0.8192950005501326,0.7598484753481443,0.850789110357872,0.8196481348705833,0.8790304658427656,0.871725077890019,0.8516922037956033,0.8819044099610651,0.774797064740669,0.8790178139430931,0.8570526322478177,0.8595362536335935,0.8639654404152358,0.8042178121218506,0.760812507026742,0.8254593477622169,0.7119643612504647,0.8713284663602539,0.9030519298360423,0.8560833636355525,0.8713518346711744,0.7130403960395383,0.798813741636998,0.8271478944906158,0.8520802017129997,0.8017877778604402,0.795730457314685,0.8164666545585483,0.8789966402245006,0.8901731506809272,0.8455307602919483,0.8996222558945124,0.8660409259301066,0.8647830584275343,0.8300725689530914,0.8336398677113758,0.84452177606771,0.8781175722255804,0.8031924016615173,0.9122275816217792,0.8556497017643105,0.8617905302184581,0.7669982047484176,0.9291539263179666,0.6120946931257745,0.9181896226618411,0.8339647559478315,0.8263522150667585,0.7316919128609435,0.8354545670269224,0.9068541288425044,0.8865754812900738,0.8274935388773346,0.8561372420452256,0.8446721012095398,0.7547594581077613,0.8991799732164497,0.9105412331602052,0.9391962961773819
0.8950507454803373,0.0,0.8286697234753263,0.8181418904380356,0.7470724481428238,0.8701090949810203,0.8432143152342956,0.7598256479823774,0.8295916448042367,0.8825588041195338,0.8566335255991157,0.8725847948529554,0.84841455363344,0.8405202034624609,0.8414396665872352,0.8075048910710476,0.8695719770705217,0.8451363893778854,0.8465195309103053,0.8615411778842383,0.8596305147305698,0.8832443270228382,0.8002280750075295,0.8898169623310401,0.8882261146548753,0.780216022497125,0.7568058647093194,0.8478406532832243,0.9073375463466671,0.7566622987808729,0.8426743081745234,0.8310900452781422,0.8654390922116968,0.85514904278948,0.8868528195426577,0.8229067253478065,0.8285509948623837,0.8302928247481509,0.7965364463066611,0.8923690860387272,0.8662224985662996,0.8543717682442213,0.7411912907898027,0.8615806837605496,0.8538631600439311,0.825448747799409,0.7827918858440766,0.8230463285078636,0.85699376670366,0.7950160088205381,0.8260660722661993,0.8767230991214127,0.8230728181231396,0.8917828605029152,0.8403124183749715,0.8813843027019632,0.8567431241900495,0.7908517607716238,0.8109016026605005,0.8323036155945025,0.792140741721706,0.6986392632281864,0.7919445277710823,0.7397060585929365,0.7700754656338813,0.7724094749457181,0.8215936564227632,0.7877795008709226,0.7336039304803549,0.7539142237133423,0.8261583616329974,0.8039039717717704,0.8011299523047738,0.8398681457641999,0.8433292036626291,0.822928843506149,0.7343381699538495,0.8040125479240051,0.7911818069558911,0.7406599979732599,0.8178533707533162,0.8281809400863386,0.8729986435131036,0.8094765563203815,0.8452261656775559,0.9250960527005095,0.7283984495128181,0.7363510074812526,0.8177591718307832,0.8670831813375276,0.8029251970587162,0.8455889159438084,0.837105368913094,0.8554671276590609,0.8842578193441957,0.8730805064008583,0.7362777188799557,0.8685998738120325,0.7337521090695909,0.8707059451942003,0.820564797125808,0.6481318795550621,0.7128953756540855,0.7817122614056219,0.804231660968077,0.8044481134439674,0.7444542345874969,0.9032240422448917,0.8604032377680034,0.8859884208840985,0.8624792451270693,0.7938885050485375,0.8260029274089087,0.7345940351298967,0.8641924397072691,0.9150351483194344,0.8844314230554164,0.7667915722591634,0.8389345288423878,0.7936764150931921,0.7874565416724203,0.672454199843048,0.8606917866534425,0.8838874622200497,0.7939489096843825,0.8841107862904447,0.7369569605665052,0.7876568145531828,0.914717473276868,0.7996834684826212,0.8371347358983214,0.75517647765195,0.7315687012813004,0.8766691399501659,0.8192748153204127,0.7739617433100565,0.869599026331309,0.8667153157437639,0.8533336049677072,0.766653820476745,0.8148001849370786,0.8235937433364687,0.9145718807910499,0.7822380136861891,0.8621050977376051,0.8022011514598404,0.8473859162214308,0.7972923752931753,0.9312805749402616,0.6753799670942303,0.8165008299998251,0.8562115899251872,0.8072062719204793,0.7843355966545325,0.8597963109896614,0.8021187956526141,0.8331423997931292,0.8459796219167478,0.8631788900494236,0.7814901649070923,0.792064118609356,0.8679425836017132,0.91325944419224,0.8714675091665642
0.8187539827550461,0.8286697234753263,0.0,0.7786810662731618,0.8117663004848199,0.873015431280281,0.7659143019243044,0.8085069617206831,0.7511470455770044,0.8319418488559017,0.8820948454530976,0.8344672482519755,0.8787190326942644,0.7187495532379568,0.7973970355500201,0.9156770495229882,0.905286692809392,0.8152222429861279,0.7685217808297834,0.7635573054565482,0.9280354265384819,0.9217294373585255,0.7104143418748647,0.8437336115275003,0.8165175559396011,0.8749331395396889,0.7205429578652527,0.7698411903559318,0.7884428515305847,0.7882433436641124,0.7432291122952439,0.837147383881484,0.7957786141286219,0.7409780922031048,0.7149929728222422,0.7615398978938179,0.8404234002357074,0.8075355821270365,0.7812329286384708,0.8430356563389373,0.7907111657683692,0.8580411536758951,0.8251187056278648,0.8069017897747288,0.8240276879636786,0.8367385255618753,0.8014659005205892,0.8498536473370948,0.771363790418381,0.7958555512109889,0.8613983987414146,0.8767316379716471,0.713358160519739,0.8650414547650328,0.8112848341583416,0.7787364240092549,0.8264184300950971,0.8773204388480588,0.7297083796613817,0.7617617021334265,0.815245259894305,0.7146549204194026,0.8874417422391162,0.6471748095609665,0.7245823943422675,0.7921008467531774,0.7902196950211042,0.8815973604899703,0.8108450461428651,0.8143692982628055,0.8726041582353221,0.6651869325710715,0.7574797287490048,0.917581448459598,0.8615350051782346,0.6812260192201289,0.8433793510255624,0.8433940475678353,0.7953811785968893,0.7207415569084654,0.8367451811804709,0.8029797833608745,0.8859301449044152,0.7957720992720139,0.8134397493160823,0.863486820089175,0.7644613024937617,0.7156460018955626,0.747326202634795,0.7840526681639818,0.8536701742421705,0.6983543051366146,0.8023070196748431,0.7435731771762537,0.8107495426999117,0.8105730477563551,0.7338544576229665,0.7405846173033368,0.6147291170530277,0.7858102737170426,0.6815503707569172,0.7607911320502243,0.6890312973783701,0.7102190425148457,0.7578236742243621,0.9045395990458395,0.8353387141797929,0.8253884851926446,0.8302865961844075,0.8383186454592741,0.8196654732332115,0.7623320885835697,0.7990230138070844,0.7365859416396532,0.7994444006160324,0.8879332269174836,0.7198418401973521,0.7632601968652275,0.8402595795233261,0.6963908961400436,0.776056916372422,0.7269898434539235,0.7419951709920911,0.8660111982882557,0.6437469486929154,0.8442068114761981,0.7369856570431033,0.8355407538735935,0.8207564218605901,0.7815364932114732,0.7623438603765503,0.9211778645355791,0.7047444052277271,0.7453606239237874,0.7859649621042847,0.7095995190077768,0.7929665724269968,0.7626387874681925,0.806293928549849,0.7613584658630677,0.7292121751630548,0.7825562055152506,0.787914909632941,0.7660219625557244,0.8270946351560471,0.7636437940047146,0.8606894522442524,0.8484317787777614,0.848040732849554,0.6244702385669898,0.7455491301310753,0.6988053153584113,0.7936523214450779,0.8437275965312474,0.8438654286945436,0.8036034993390426,0.793093109971616,0.8978698723512749,0.6993435821957934,0.7732366074654251,0.755026440113333,0.6847069196001104,0.8296554012846498,0.8323605934800244
0.7866663765515407,0.8181418904380356,0.7786810662731618,0.0,0.7085858144475499,0.8263892665569051,0.8466736081576799,0.8045084154200928,0.7234183010043221,0.811867130459489,0.8320224924376654,0.871290643275003,0.7673311199561438,0.7133720489023574,0.8226599463904997,0.7392417537091293,0.7859221092637392,0.774317833694327,0.8571300250972432,0.6905663405617443,0.8196595611943404,0.7895715632421705,0.7977529486870093,0.7756762691752414,0.8499246564214572,0.812155473608768,0.760611662303784,0.8270474960210823,0.7859102924506032,0.6923190206250606,0.7984803268088658,0.7601547257405298,0.9525865757501264,0.8388943093911068,0.7812383848111238,0.8133517742718689,0.77871820932826,0.7574968724621952,0.7623262839734409,0.819613759512809,0.8598794601137879,0.7571348915733351,0.7492621265369208,0.8381144787130376,0.8155507095725141,0.7635156232400696,0.6691855799020682,0.7672512195301165,0.7929631739045458,0.7240513575412333,0.8568551353603463,0.8642409425641118,0.7017198664312608,0.9218080538182178,0.8633725138344034,0.7169461455366627,0.7663448749897538,0.8522094751606896,0.7309673526506537,0.7413203098124742,0.7959106801210786,0.6527490605660763,0.8296975817678854,0.6201495900737664,0.6843599658724859,0.7137799166137636,0.7746035673779361,0.728868954344588,0.728873014058354,0.8166536575447414,0.7586176995825741,0.6730566642629267,0.7700555615163708,0.8436058803219453,0.7928002388547887,0.6979043171526503,0.7541294502497301,0.7563523684217797,0.8029724120093097,0.6374156808486582,0.7300615547528994,0.8351110396641607,0.7505407955755374,0.7618004079215772,0.8323284325265056,0.8085525720869903,0.7576704550383454,0.7433453587399135,0.7803092907299048,0.7239777317927941,0.8480448859643482,0.8367545024437223,0.7833893396116455,0.7247228388419147,0.8265229625267061,0.8485232378666557,0.6942260384385751,0.8479854887413559,0.6374188121247067,0.8496042249843294,0.7035851133505999,0.7107699308403235,0.8843186228789394,0.8678578070716254,0.7940340940241281,0.7303311701765445,0.7405553615495403,0.8119961848446212,0.7738192450864819,0.7317274361017977,0.8873057867360622,0.7777340194087773,0.7978046940926723,0.7327151936070159,0.8296417352295076,0.8188826743988944,0.7814807443853204,0.6944251764686641,0.8696641348172978,0.7779337702242556,0.661953940816234,0.8171267346175639,0.70490791136614,0.8223122405150071,0.6484095924895368,0.8651521032094059,0.7062876041280642,0.7388593877265058,0.867262777672866,0.7107028008869245,0.6867904150838371,0.7015593874588412,0.6841358257767878,0.8054101531503124,0.7283296220832076,0.6239029384017633,0.6817028017237192,0.7946193147938262,0.7936404825700195,0.7550645380230195,0.8884652140808337,0.6804849350723841,0.8385740179643453,0.7818309363893949,0.7627840377509415,0.8091201395341172,0.7628431821269951,0.7321380060104147,0.7849228738876026,0.5682861423349816,0.8265601892343201,0.795980460991515,0.7407243198654218,0.6776851574184904,0.923839120665456,0.7471504801712804,0.7269670047045411,0.8329021581597174,0.8659763260001684,0.7822639258841652,0.7278767151419031,0.7459720308646602,0.8209399316006647,0.7934915341515005
0.7671308650648067,0.7470724481428238,0.8117663004848199,0.7085858144475499,0.0,0.712483430600222,0.8385147840069135,0.642479123835802,0.716020394242487,0.6957372452408896,0.8044785334695296,0.8178875884339878,0.699155755960024,0.6606843097763331,0.8312635130560648,0.7904571363940442,0.7921776441736658,0.7716081110460795,0.741137817512468,0.6946317119530715,0.8544044331614653,0.8420754801550167,0.7620156030300006,0.8342790544280799,0.7309033170999173,0.8029569969215935,0.6666519486018665,0.6540495178752741,0.768474520155167,0.8369718718899731,0.7363404533117643,0.727764598298838,0.7540674062065624,0.6854533208570885,0.7338574469352357,0.7564918993445384,0.7435859489652685,0.7563709338600368,0.7989032859588048,0.7965682681544783,0.816898996102345,0.7822593274611574,0.8162464797313425,0.8408188751119754,0.6964957523701948,0.7413709010865316,0.8560811523138089,0.8003075471996374,0.8026354488040146,0.8038938410454912,0.8348307599797554,0.8096429640022379,0.6964574588236483,0.7864444609960273,0.7827824851088363,0.683224908246046,0.7882020341258427,0.8170093984220265,0.6942920155833081,0.7217318302977794,0.6209586150016954,0.664502013029739,0.7729701467062513,0.6723295948028868,0.7415558397628882,0.6535788455378504,0.6480837013852544,0.7911795777436489,0.7191990044954436,0.6765423030401093,0.7990941652207935,0.69253767173678,0.6444240573048304,0.7707444545554405,0.6805434710497544,0.6456399129900716,0.7294408621696108,0.9015060799774689,0.7038557165566502,0.6827786028030985,0.7043688196708846,0.7715773647847783,0.848550367186565,0.6312221380520052,0.752060843091181,0.7458597841422975,0.6269194160978092,0.706741794414662,0.6341455468910367,0.6775015804212247,0.9031326824027165,0.7242824529656161,0.8694920028853574,0.6863738573801023,0.7679495397774967,0.7656720196866034,0.6160296817434394,0.6739988887038517,0.6780840276383296,0.6568593206911717,0.6709700786682873,0.6421572713450061,0.6971665367360753,0.7070768211657098,0.6999991431442038,0.7730381634651903,0.6796385097032096,0.7017223541974684,0.809535445535254,0.7471608302517534,0.8011628283366021,0.8174476672883864,0.6445386038054156,0.6277764361409774,0.7317705983293569,0.7781890857195757,0.6634266579963772,0.8042311760883871,0.7305999515793792,0.6402838480826974,0.8894278307709511,0.6423202581502102,0.6734458431532242,0.836506411685118,0.6612439845098277,0.7748191867746586,0.6545583805726399,0.764622177343152,0.7179657210611636,0.759616348111693,0.6562280996898944,0.7445831189934787,0.5943203668408988,0.7298364571976936,0.7057612031505952,0.7545058911532088,0.7803246389664519,0.8275917624721343,0.7318806454472522,0.7892049655807744,0.6658466671353966,0.732272264436716,0.7537469757528876,0.7337616193349416,0.7982314461972233,0.7711432567471475,0.8686240252028516,0.7389352658451924,0.7540460517277725,0.5903153795170648,0.7051788876972873,0.7111612891599043,0.7814676894462658,0.8006823934295981,0.7771029216426262,0.6876052412553241,0.687606589202736,0.7825337666324325,0.6955843107330495,0.7251890551482353,0.6432117052128667,0.6827665619616153,0.7710590481638122,0.846458741075757
0.8604125085239226,0.8701090949810203,0.873015431280281,0.8263892665569051,0.712483430600222,0.0,0.7585073413853783,0.8220200596761262,0.7741235115388345,0.8474299788842858,0.8753540854166124,0.86943562120489,0.888812405172897,0.7403081807014199,0.7523017366729746,0.8719916299623823,0.8750902330418938,0.7652085626565194,0.8312060838909016,0.7797883958594791,0.8817565682003137,0.8258085881259777,0.6955094267408345,0.8007280911540854,0.8941219159666267,0.8375613661537394,0.680619704324315,0.8283430986622357,0.8181354812634756,0.7601575454678563,0.7950637052668902,0.8749983637504416,0.8314890696110437,0.8393329530888506,0.7734943798378718,0.7622719551401127,0.8730521185750081,0.8013943861608737,0.7553488337651189,0.7829969025239404,0.7801865270101745,0.8614103283233444,0.7654869057898758,0.8576872846069321,0.82767892869171,0.7936840533404205,0.7496369803922989,0.8644219966255151,0.7653131582003945,0.7300966954028197,0.8350503339004508,0.9204672335804535,0.7125995068850312,0.8741766790819613,0.8248888311424747,0.8830520077745021,0.8150985699635218,0.876685025710309,0.6913281936363851,0.7439526701210717,0.864731980488174,0.7244283083637627,0.8882575543083995,0.6271389497629563,0.6928388354051693,0.8016546813984989,0.8085090167453286,0.8344250403225884,0.7199063137590683,0.8287238001738626,0.8421668474148726,0.6801604370475014,0.8239585845438632,0.8614937383000331,0.8884336827389812,0.7805320403014308,0.7869051998195142,0.7963467911430363,0.8165943066146746,0.8193617143390564,0.9197699987610416,0.7969024356297675,0.8646116543797563,0.8771411335506085,0.8678171069871038,0.8787990260389863,0.8400360534246553,0.7019783305298355,0.823987879121983,0.8307430857297419,0.8059212805315465,0.7735356784101787,0.7668173500806187,0.8070294287592816,0.8068164241714332,0.8815902332235,0.7500000587598148,0.8664257179202799,0.6551168934769436,0.846756795445529,0.7405075019789404,0.7239375081118974,0.7330280299156693,0.7623039153021418,0.7938329317217407,0.8409777215541061,0.7955828775171974,0.8898007740409596,0.7641802111035686,0.8644024441629491,0.8701945518578701,0.7446228745188784,0.9116512470067967,0.7614088466269474,0.8452958778044276,0.894653187644273,0.8538516066419238,0.7080342845319371,0.9050457436793179,0.7921943582979387,0.7051681498289097,0.7589413313093725,0.8486987791457246,0.8877574864155258,0.7167049724126165,0.8922634607019198,0.739521696062052,0.7942847027974332,0.8997701806612475,0.7109260364064043,0.820755144391617,0.8640596994776409,0.7702499943939602,0.8284971772418216,0.7809915513838551,0.6907468945207491,0.8170099880596013,0.7366798183834136,0.7334078897763752,0.7320011518744767,0.810739127071103,0.8149056417270615,0.8031429695784447,0.744203303130338,0.8481882145563494,0.7802253384997913,0.8171633604749828,0.8119236640534838,0.8778096115461629,0.6628772155539319,0.8147155163631309,0.7859028781381491,0.7171190391514053,0.6969217516130504,0.9030966829466042,0.8113411220753276,0.8061734980066506,0.9307424687183738,0.7730785347454121,0.8330573287877462,0.7671764083514668,0.8186553012713874,0.8718295839413035,0.8363639012591179
0.8265677157441549,0.8432143152342956,0.7659143019243044,0.8466736081576799,0.8385147840069135,0.7585073413853783,0.0,0.6798698276188029,0.7243630841336895,0.8407332833950871,0.8258323623122188,0.875467900917844,0.7547744444556119,0.7310696172583379,0.873223590697117,0.7542502867602879,0.8036644497877624,0.8235426053944771,0.8266725091369106,0.7237678432212207,0.83222810169321,0.8169699776195773,0.9301743636317475,0.875038319855212,0.8640518111220138,0.801520698997593,0.7527312270149933,0.7806117486212351,0.8442371622766556,0.7775553204715264,0.8003406707525706,0.7875896326922687,0.8556578981883789,0.8474591980824167,0.8178774930247198,0.7811606832160971,0.7963251817742351,0.7275617619784844,0.7746211447453185,0.8996225175487108,0.8349196358651337,0.8070819443169975,0.7774457671849923,0.874761749992674,0.7765011874208981,0.7875687922114515,0.8001881198962185,0.7964469996253709,0.9374478309012775,0.7588278598400156,0.8700561942147415,0.8288191759511513,0.723900619860773,0.8569660040813535,0.8534050174535482,0.7545360003660386,0.7979099799892416,0.7874845669893276,0.8172312725117487,0.7621056369223567,0.6817846455707015,0.639513916054009,0.747827427750685,0.671632774562653,0.7412505009869381,0.6899188537141571,0.7497224353923014,0.7820568154422302,0.7199078224089727,0.7126871748083505,0.7726904222300576,0.7414210592250322,0.7189627798174038,0.8244205163673806,0.6975220390286592,0.7665644033363671,0.7529088000052582,0.8758505277966135,0.7240684679565341,0.6901565657134741,0.7125488393848494,0.8004586174396092,0.8313220811421286,0.6621288889410634,0.7990587795909317,0.7654079266627161,0.6661802638675175,0.776597588683066,0.7495340771814313,0.7258830219466791,0.8718546576899363,0.8499020096603935,0.862458956436806,0.7565815654669175,0.8311503457412968,0.841928877959186,0.613014226066549,0.7998215244933502,0.6838774700761102,0.8047894000153202,0.7370379252680387,0.6487850115146823,0.81489165954731,0.8173817593377665,0.7300052586901772,0.7471038199389386,0.6919361763324045,0.8083710013301794,0.8626190924886326,0.806863421424923,0.9136467505953855,0.8003809384016627,0.7352224589919981,0.6574520914159631,0.7836166764812141,0.8180729885708038,0.7968172203175395,0.819906003277743,0.813665923019315,0.7073811575056135,0.769506819244656,0.6647864140116854,0.7316184874731698,0.8874214154250971,0.692544067712835,0.851616825880178,0.6797901703939867,0.7459902454972908,0.8110314838496728,0.758709983054904,0.6855474698798638,0.6633885755208269,0.63651952898523,0.7546597300112936,0.7219096998409016,0.7098422714225233,0.7799384695983107,0.8804368058189137,0.8088233030245299,0.7801684640126298,0.7868417673303274,0.7231352182027219,0.8690294786967495,0.7288616856133309,0.8101978803748298,0.8751881044700252,0.7881304335718511,0.7593688850429621,0.8258880986375119,0.5564871180264829,0.7802175480577804,0.8131073672917338,0.7635010304158432,0.7943034474479247,0.8644382413246365,0.731534258539742,0.7601018832741062,0.8311766028454552,0.854094938904585,0.8148258965629737,0.7371128370787595,0.7766621218350577,0.8240864526331267,0.8424126996021657
0.7930649465339695,0.7598256479823774,0.8085069617206831,0.8045084154200928,0.642479123835802,0.8220200596761262,0.6798698276188029,0.0,0.8234466736579173,0.7594142730417638,0.8128623548729547,0.8146836451986718,0.849713358982629,0.707002930305702,0.7811378756805953,0.8232485931067208,0.7597246798371964,0.7772823166033346,0.7814438776808909,0.7641908962376395,0.7763119125893067,0.7948155826953838,0.6771228261865737,0.7089141448271779,0.8041930591949891,0.8011023156676674,0.7912002692996642,0.7895523421884898,0.6824482550523544,0.7383335772488966,0.8440484753311853,0.8206801136856557,0.8105743238663987,0.7830409753882221,0.7166987960208208,0.7852857690736447,0.8340774327801832,0.8418708249020128,0.8081844985679215,0.7209143270899613,0.7311109803963406,0.7078359757768347,0.8213332064943283,0.7283975946098757,0.9190492967591604,0.8403331974804636,0.6437865859505066,0.7632392341779263,0.7152308318914693,0.765251943692525,0.8159549891601869,0.7569960258432752,0.6689248724384926,0.8211039947543698,0.8294226161403612,0.7085468007617456,0.7910780781446357,0.8637428091153833,0.6691195284461432,0.7834202571921827,0.9169745586603728,0.7473046974470772,0.8581166250666084,0.6224757595183389,0.6865992078174115,0.8089777657222443,0.8210092790798148,0.7814919812829458,0.8009371048443675,0.9489202505867613,0.8269740074623261,0.6750271604037846,0.7457965957614967,0.8552973213055004,0.8860664763812323,0.7014345592922159,0.834393448506952,0.688312990500019,0.9092650081599152,0.614639793981312,0.7023171556459362,0.8305604784240483,0.7709170061446877,0.8615992675757048,0.7974330434077234,0.8761208370601788,0.9028919858498209,0.7857331964670966,0.8619645511854279,0.8200793365923199,0.7732775140448728,0.7302920217708759,0.7429576045607662,0.7319607145005693,0.7432645881336908,0.7965983749507802,0.8401437575969661,0.7317726262240322,0.6077063092109789,0.8248428694825636,0.7242566808919589,0.8982055156762179,0.7431195239282666,0.719834580659659,0.8492587691695885,0.8318668016741901,0.8417578043119721,0.7436403512593078,0.7337925615960299,0.6979922373150438,0.750206295165868,0.75116305411052,0.7888343551362248,0.8636230104055156,0.8291688018610746,0.7854675562507533,0.6975229719082879,0.7210939511698952,0.7071775331922289,0.7401377921210772,0.663176296872006,0.9098072309436608,0.6635978241968924,0.7804207889865409,0.6224442798242338,0.832971525941993,0.720151655433109,0.8682964246776016,0.7722528181893524,0.7609623457631645,0.7610194285804475,0.8135359959157492,0.820505714874674,0.7638081359185445,0.784485842497414,0.6288071253452348,0.7283877151532645,0.7188475802477917,0.8036146622527237,0.834484881543578,0.7822635985355093,0.7244347660986734,0.7645691651907092,0.7852949501269815,0.7648191170863854,0.746285686190637,0.7994627866406633,0.7641984372339096,0.7899718698675783,0.5990334307677884,0.846941521637479,0.6803937645627888,0.7526691151737086,0.6906844001356013,0.8151727185673163,0.8654122838753493,0.7527072162942645,0.7960816856366838,0.7007381057254385,0.751531602567787,0.6551431672350136,0.6748224573035726,0.8448816854800313,0.7399528201380984
0.9035100224930299,0.8295916448042367,0.7511470455770044,0.7234183010043221,0.716020394242487,0.7741235115388345,0.7243630841336895,0.8234466736579173,0.0,0.7395118470628915,0.816616746258954,0.8066367931513893,0.7953645284216143,0.7757700245542979,0.8296748908178594,0.7685524101422666,0.7473392371279323,0.8552243775049803,0.7946607612798992,0.8913265305411963,0.7715820671607942,0.8557527463825999,0.7139888729579028,0.7632011641148564,0.8336991855630949,0.7248705073522974,0.756683419445605,0.7622207621625234,0.7211287857093653,0.7901790489042516,0.9075772870256997,0.7890361403024999,0.7619552973413241,0.7548531791502112,0.8690541606895122,0.7906663850098437,0.8256168433594777,0.8811790152000637,0.8131306116496827,0.7269646803055599,0.7415816061958878,0.7978892097098343,0.8001980067946179,0.7818728149963379,0.8502090815261976,0.7772300648701038,0.6991431389263587,0.7842000986528793,0.7855553026203371,0.8179736928411305,0.7797718895660034,0.7478600302835784,0.7326661748768736,0.7816027593296685,0.7884314677848185,0.7836350763223702,0.8326488903963227,0.790981486715086,0.7383357103471636,0.77820386553338,0.7771343571411103,0.7004509437813266,0.7830093373154282,0.7367555319078284,0.7922016567749701,0.7608266321652153,0.7815244551428865,0.7867441711172966,0.7994171010110643,0.8423132198681338,0.8519741909243235,0.7925214174968356,0.7816112429713442,0.7737375567649589,0.8219590224853408,0.7600794534960256,0.7157480560415312,0.6901210484678377,0.8057406767458999,0.6274206800616812,0.6925561430389817,0.8834310793185355,0.812037591865463,0.7802785049523576,0.8015762060426564,0.9038209728820114,0.8123238248416498,0.8011413547513262,0.7822794638050863,0.8578865818425528,0.7927460045849878,0.8020137641830952,0.7829093872591579,0.7773954580356947,0.8177112941128961,0.8193917736576867,0.7846602159943381,0.7565462348849771,0.7317094780752499,0.7559501517679994,0.7945874885354658,0.7220012107761626,0.7092540665568965,0.7265507829655811,0.8538692675026315,0.7556088314175795,0.69856068047155,0.774279134628885,0.7259367228802499,0.750359075719183,0.7533317385747773,0.8281191628559068,0.763358570300809,0.8007407495986177,0.797531078631827,0.7814578301706053,0.7470439545465056,0.7944656245535907,0.6814310961376641,0.7589712383245822,0.7727633340227544,0.7323070018490927,0.7569030646663353,0.778551833212374,0.8002652656362269,0.7799329031885959,0.6854903381277603,0.7904511708058197,0.742622191494154,0.800173779452758,0.8430461711755208,0.7460158828566232,0.7711914989958046,0.8730624823172889,0.8401623643649545,0.7624527796651541,0.8256688100366971,0.7996268888614634,0.8207178311297381,0.8379045612464106,0.7597039056351182,0.7828018799371689,0.8251732922822367,0.8234274239486022,0.8133083933861919,0.8046289853197736,0.8777854807562169,0.6772815986696068,0.8668217617944771,0.6235589850590335,0.8758107233192778,0.7461933244529425,0.8146627161406486,0.696201018998798,0.7717864382934877,0.8588214312129258,0.7680653676133234,0.731586560990773,0.7577517437427393,0.7113769746208017,0.6338392495430233,0.8076440218073897,0.90351892399946,0.847174805494149
0.8272747937504307,0.8825588041195338,0.8319418488559017,0.811867130459489,0.6957372452408896,0.8474299788842858,0.8407332833950871,0.7594142730417638,0.7395118470628915,0.0,0.8258724151106538,0.8254671299333816,0.8557092854608392,0.7679449942622629,0.7701489331470129,0.8042860543201618,0.8386389692827314,0.8233882291441008,0.7849787499730262,0.7481313277613335,0.7895492493486141,0.8099365813748636,0.8303896235764235,0.7973142012904069,0.9192420589790686,0.7651540221542451,0.7868578928187628,0.8574260851423327,0.8716681475222525,0.7555380117496759,0.762976437378617,0.8391634527405563,0.8120810030333037,0.8262558500328083,0.769125453428493,0.7271665133699515,0.8269192605371783,0.7432793594714612,0.6942561627296265,0.8494399220105743,0.7500622907246157,0.8387876040151699,0.7266521340548605,0.7828789647873391,0.8123063227373447,0.7888631732952635,0.751569431168429,0.7789083519317931,0.8481721935483781,0.6952412637170646,0.7862707643863979,0.7983260398387951,0.7028110605416015,0.810315587593106,0.8037507959674288,0.8402590366496444,0.7554555743874388,0.7813510215040222,0.7904136671375522,0.737154615026062,0.772000100640727,0.6474729260040191,0.7556987805295724,0.6450875771913505,0.6681491357027505,0.7246701903767998,0.792994032517646,0.7984191140890644,0.7728507468177301,0.7827658797195562,0.7516176146538529,0.7032830658708851,0.7595353538041711,0.8336374911537908,0.7998884085506636,0.7966994049716339,0.7488574697800752,0.7954530674086447,0.7339148797050992,0.7132105151731539,0.7914005923669424,0.7321967842681555,0.8390542051684658,0.776069967060286,0.7661089734134948,0.8133266096687088,0.7327907632114423,0.7336224078114044,0.839990277955391,0.7714509995424617,0.7759856083279655,0.7689075380629364,0.7684964189834109,0.7484970800138171,0.7834138159173841,0.8556671243911639,0.6377028958011092,0.8311515218843676,0.6261893826396474,0.8525694951622677,0.7227456824789089,0.6711693266590048,0.7280648526120475,0.803812062576489,0.7256438710713202,0.7782451421723349,0.7232113693645409,0.9317118197040014,0.8125353896661436,0.8295727424079427,0.8207716397372988,0.6933205801756606,0.813640687834177,0.7402645484366965,0.7840321887735511,0.8556790785117379,0.848329544084739,0.7637575872743692,0.8414202811287147,0.7570111364471642,0.6661893132424993,0.6843460381856918,0.7595321179477164,0.8397372547267125,0.6714342771496686,0.8662176768721634,0.6849257583220457,0.7379497148332232,0.8588524617314416,0.735769381915536,0.8210020585060969,0.7155153356763579,0.7038218578127148,0.7157112953566264,0.7167545905805314,0.6590897697425592,0.7936153520761349,0.766689953281894,0.818432395358659,0.7144672742737336,0.8114021760189534,0.7521195662485344,0.8109367085334366,0.6940296071328116,0.7859279574765771,0.8038695498394709,0.7316436565873647,0.8185229663086676,0.9174757983228723,0.6009641286625522,0.7434011641658558,0.8063510520858671,0.7089157210744289,0.7839546967407206,0.8578597811946844,0.7652997411287951,0.8016149698045288,0.8660218475357432,0.8057456881298014,0.80015813440196,0.8426718615201194,0.7780130827038431,0.8413360299530492,0.7729942037039337
0.918965481096764,0.8566335255991157,0.8820948454530976,0.8320224924376654,0.8044785334695296,0.8753540854166124,0.8258323623122188,0.8128623548729547,0.816616746258954,0.8258724151106538,0.0,0.8821843294414625,0.9086935861172298,0.776933951776695,0.850326640809426,0.9165956238201327,0.8926511876491073,0.8706436645076308,0.8517165590313013,0.8499735519915264,0.9072242279225122,0.930796884492799,0.7824082662866051,0.8888944376913565,0.9109035961441561,0.8793256593050113,0.7744129202148616,0.8627684779402344,0.8525687723975912,0.810927185145498,0.8395757332620316,0.8755201860775188,0.8265421447592042,0.8303139533177453,0.8322712865928352,0.7878830492218261,0.9361169109506469,0.8752608608170216,0.8633798906998448,0.8650478526274872,0.7918847238086495,0.8481387321399263,0.8537579630090265,0.8937474274489982,0.8623643254326405,0.8173605966297233,0.7145337994241503,0.9417239181844995,0.8870030444281853,0.8020834574610914,0.8887867442735623,0.8505653123472533,0.7129523285386636,0.9014977280708761,0.9108767362300058,0.7718179011247934,0.8916565652158002,0.8818765402100566,0.7714187236920411,0.7811295477804467,0.8651724387384143,0.6838004195646579,0.87373435601459,0.679006821336144,0.7564857127279605,0.806673241316863,0.8610005448804637,0.8730704029070251,0.8113745870370113,0.8766952891731756,0.8885707138479446,0.7534159978971209,0.8274331319291934,0.9151231964162488,0.8654609827674763,0.774656111489865,0.8736956022133663,0.8421661417661794,0.822881585028534,0.7749781003109721,0.8063054956848429,0.8388542420394594,0.8809504927198365,0.8352793600068694,0.8700896536560055,0.8765137270844053,0.8533813860773465,0.7757422370470342,0.786447871655914,0.8187931291034118,0.8724147048046241,0.7431636136110603,0.8587557699430649,0.8318477341297559,0.8705009666700673,0.8690705462913733,0.7386349588998522,0.7522939881169385,0.6657371862308137,0.8026113959012211,0.8135856603322276,0.7798254051310377,0.7348289007408272,0.7342530401338004,0.8070634269845924,0.8260589978625821,0.7810541047795279,0.8528767240542567,0.7949458926499322,0.8761447687151998,0.9042833986022427,0.8307860285651042,0.8592286052997108,0.8152500870103923,0.8432661292775346,0.8738419264195779,0.776511772178643,0.8595029782534757,0.8404873183599527,0.7397873731997813,0.8191925154767192,0.744480882078037,0.8156107276531644,0.9142430544504316,0.7608330040095127,0.9069455334018065,0.690352315312876,0.8329895643511035,0.8398601972179947,0.8056071570494789,0.7485086662378277,0.8446662885448456,0.8280750222313825,0.8520140361464454,0.8762918640890585,0.7602554809830013,0.8453506530867158,0.8324232583815007,0.868637053150499,0.8293258692738817,0.8086347680354596,0.8271138679441331,0.8208221802838759,0.7900545367378775,0.9282649045305086,0.7989806069415075,0.8524884548216639,0.7867028670241153,0.8800543540217197,0.619871299170106,0.8888419433253278,0.7752622584650553,0.8423127819195438,0.7298355881778478,0.8700345903922619,0.8872503896626991,0.9048252759905535,0.8793813769098329,0.8283841083185915,0.8672355455999534,0.7106214685858754,0.8095645032602965,0.844784503765322,0.9519003606592765
0.8396758398239322,0.8725847948529554,0.8344672482519755,0.871290643275003,0.8178875884339878,0.86943562120489,0.875467900917844,0.8146836451986718,0.8066367931513893,0.8254671299333816,0.8821843294414625,0.0,0.7929576492117432,0.6967039582852975,0.8692515518280465,0.8358576023627345,0.8361755274224195,0.7849138263285766,0.9210799239262253,0.7631714706382207,0.9006071296260993,0.8569178537174542,0.826969457396213,0.8580444283680584,0.8930163359293736,0.8219382958396205,0.7480183473385695,0.8061673333075302,0.8229506071342003,0.8485144947079342,0.8810559106638148,0.8360739691260676,0.8869339076077413,0.8805607824258215,0.8009764663119062,0.830619145197641,0.835451551397208,0.8030513218719171,0.8817905914512852,0.8158350530337612,0.8608407357885363,0.830952601260182,0.8208453574234674,0.8879172182434292,0.840532155747684,0.8132777780904444,0.762297477405616,0.8367177513205588,0.8496272782541032,0.7863105318185619,0.8949416779043108,0.8732955643499408,0.7163933690966928,0.9184300635386081,0.8983912552137346,0.7823725772750202,0.8450037437506975,0.930496331342913,0.7090262480977605,0.7906328735931945,0.7789449493012119,0.6897386001462603,0.837056858905566,0.6486854152254709,0.7252891066947669,0.7286466592517515,0.7566040577559486,0.7847726967785584,0.7120096597182942,0.8137760404580404,0.8201994763296823,0.6985926688976825,0.727361615777272,0.8559249112052497,0.8082383716044083,0.7365713612138128,0.8008688434464944,0.8536876568490632,0.817719002128265,0.7029499415671828,0.7535742462339499,0.863113516419377,0.8807258405738989,0.7444762765985652,0.8492710596266959,0.8612575035137607,0.7696701335058329,0.7501302175708812,0.793580797328567,0.8096081138794726,0.8830612780728486,0.8549246782776367,0.8673757491911713,0.7753400139833119,0.7992450121924685,0.8933833677064288,0.7182734950954813,0.8356546206442966,0.6703450267918143,0.8057448995086821,0.7439841195132616,0.7424716955208083,0.7981362705227426,0.8342481325451114,0.7933860651732588,0.8070133575417802,0.7717113466200742,0.8302385538105488,0.8078309954473892,0.8151392800818313,0.9309224990287793,0.8180455172681633,0.7636686328397075,0.7497574042169447,0.8179605056017991,0.8595870746048102,0.7939069099140199,0.8060167901994622,0.8172338427298889,0.7384245887132451,0.7640893137519378,0.7690447541527168,0.7394190259618759,0.9130792160542547,0.6825888138307201,0.9179644061804304,0.7028673440843385,0.8439976556528563,0.8586477812220036,0.7324990415207229,0.7605820099029029,0.7768620991495362,0.7006803287822955,0.837465364978909,0.7868899716419402,0.6863244713161442,0.8161292742842581,0.8184952808971102,0.7903156132685027,0.8668261543662678,0.7921757308010821,0.7632061127468726,0.8628548739832663,0.7909014568454181,0.8446716129304824,0.8259606786551322,0.8916232910350707,0.7909691562724833,0.8669558882943139,0.6175980250337899,0.8533891618832575,0.7993772162473141,0.8117758734787931,0.7503468678785626,0.9500824008812928,0.7937253777975376,0.774404359992914,0.8938031042366156,0.7901161752474843,0.8064163299765198,0.6694084052082893,0.7726271073482472,0.8979866149294738,0.866766710761972
