0,1,2,3,4,5,6,7,8,9,10,11,12,13,14,15,16,17,18,19,20,21,22,23,24,25,26,27,28,29,30,31,32,33,34,35,36,37,38,39,40,41,42,43,44,45,46,47,48,49,50,51,52,53,54,55,56,57,58,59,60,61,62,63,64,65,66,67,68,69,70,71,72,73,74,75,76,77,78,79,80,81,82,83,84,85,86,87,88,89,90,91,92,93,94,95,96,97,98,99,100,101,102,103,104,105,106,107,108,109,110,111,112,113,114,115,116,117,118,119,120,121,122,123,124,125,126,127,128,129,130,131,132,133,134,135,136,137,138,139,140,141,142,143,144,145,146,147,148,149,150,151,152,153,154,155,156,157,158,159,160,161,162,163
0.0,0.34832304470591,0.4237232785364362,0.33229802348728976,0.33830778307106363,0.3576338350075696,0.27888908687795694,0.3247937686691099,0.35470953939788,0.4373623428706219,0.4303468969017629,0.31394619898427756,0.47826002086989794,0.2933993326946337,0.33011035619983403,0.3973465793833406,0.4272429322808941,0.45840487881239894,0.3151443520987128,0.4657282655835895,0.4128127356647067,0.4007886407446593,0.3430973041847879,0.35105457951562663,0.4775248007487831,0.3306356664181374,0.3105463703204587,0.4215592564856493,0.2988933631519879,0.29386199750932623,0.3350852065726623,0.38306334782852575,0.2832441514129601,0.3347920938818899,0.4557269819380644,0.30794924602676355,0.4987240000510269,0.33876104087538267,0.26814341359174676,0.40637360685281154,0.2723512851623149,0.4240434929296702,0.3556927122900355,0.42132944207128686,0.35802856316042175,0.4054133887517404,0.2830433028198516,0.43175058290536406,0.4149805937634738,0.3645844430902195,0.389744232372297,0.39748332657766283,0.3008169063343592,0.38039496876974677,0.35701114252581245,0.3985801316031967,0.44622045250835685,0.3130285389281174,0.29282377975877466,0.3352878543803446,0.3692978490881323,0.24307396142817536,0.41873774284441206,0.2582203068526687,0.3512036139341519,0.4341734580543341,0.3834299339478563,0.3638723575471082,0.3086477905710864,0.34521654209355024,0.4874247383851788,0.3466899345391287,0.3881817576274503,0.392311675010643,0.3619447301308882,0.40536946249699995,0.3152287258472929,0.3379547521373535,0.29835502778018874,0.261475875411005,0.37486517134519987,0.4026861592398463,0.3483639415081574,0.3316032046891492,0.4157571752643597,0.3601490480009674,0.3835210964789402,0.30611898527030995,0.3866562033064212,0.3164019961052423,0.3930472253216257,0.29965731154796427,0.3812181634937707,0.4016299093683058,0.4277195561806301,0.3527801545393881,0.26753827500348715,0.3471278621340238,0.25434431226887794,0.3464535396336543,0.30670608725352616,0.30119464864963796,0.2860749417362993,0.2784660217857702,0.3928049765306599,0.37955997875893,0.3738034097554778,0.4037394424905005,0.3599880007246782,0.40026675018315233,0.3951548420598567,0.4030508501946973,0.3890030846387734,0.30325629776090707,0.3480184381949525,0.36452623454018507,0.3667849934875134,0.3930111146290094,0.37216484322118604,0.30122537020511575,0.3322366141955156,0.2637660036230415,0.38045823061539796,0.4074988990179754,0.3280615739324772,0.31619543164213804,0.24706110070382395,0.26915574962921696,0.34302201172157903,0.40688857986084287,0.3026145153821273,0.3647543283153933,0.2748265323509035,0.3080475352320876,0.37480668575904197,0.38359913584712046,0.32265567263512834,0.3847949244784242,0.39017381571571713,0.3025995514519118,0.3130427523626554,0.33855187435932216,0.3876039111226777,0.3640496387044142,0.4080046527591702,0.2821123829234254,0.336878047693464,0.29437407807706634,0.46735178246836856,0.1918307502038537,0.41661777050637017,0.29668306327521027,0.3582252539562136,0.2749904544936916,0.3327446396032731,0.38001761466790956,0.3281558310939165,0.38494765565958666,0.34956576711135945,0.3895249218826672,0.35305172590365114,0.3584631452430462,0.261565980207681,0.4227629658920153
0.34832304470591,0.0,0.3198619553999124,0.31763782730892254,0.2817675763183421,0.437912488497922,0.2733904812993633,0.3808693254329138,0.36918338164210657,0.4092448096511058,0.3471078707239245,0.3620198590164844,0.3250750619250689,0.31428197268171415,0.33586976070588076,0.358289285571874,0.36546211689592273,0.30603579600131436,0.32894159962298786,0.37460544667260226,0.34201690494529696,0.35884187114831795,0.3025994063327297,0.3539286919204577,0.3675900461525704,0.29204592359548787,0.30062982183967013,0.40128123776929814,0.5122899039279311,0.28494202198633745,0.441679795724411,0.3318160349806312,0.3854772186704698,0.315639358977803,0.4044325681760405,0.3047320626375693,0.30859104391766434,0.3933001433115746,0.3264037740766454,0.34027646862760913,0.38686516954717676,0.34479202352864496,0.24920068682496221,0.3548780628602588,0.3482612885134848,0.31326438295251713,0.2803660047811386,0.2881973836826277,0.32631882672015794,0.30510715065519023,0.3014121363522926,0.37669436472009027,0.401328315120759,0.37709109745869956,0.36588625881101056,0.473523712580734,0.38131354018785607,0.32389572497862285,0.26647853865389454,0.32509873405676176,0.36992222859131463,0.227721726155467,0.3194010901668555,0.24925425783738916,0.28656791051393193,0.2978756925597125,0.297407894481608,0.2586146180714558,0.23071140426838221,0.33955353295995977,0.33682944161336503,0.3641447160847556,0.28019209877632495,0.30808254575898936,0.4085800542985591,0.3835668587006359,0.26339931530299426,0.38692748413143485,0.31667449910834616,0.31951224486192414,0.38344918141448237,0.3261103168245595,0.4048723723960107,0.35541816514045155,0.35301530175173146,0.4617521355221106,0.30410294182470415,0.24799715850445897,0.37441624570081616,0.40894671068816324,0.2825317485167869,0.32246839829372675,0.3814699917704801,0.42847935038685814,0.3586360332724029,0.4155368089605177,0.3469115302448036,0.37618025953112266,0.262356059067643,0.33837838637631523,0.37806734581396145,0.23298987331163198,0.2221936561576,0.30030104973191996,0.32886664677671407,0.32349899312680874,0.2911103144172126,0.4568909851600449,0.32622051267910146,0.33398971516807974,0.30786097213673475,0.32254123353790587,0.30661625964068506,0.3318325862947064,0.4078416720365207,0.5434921695297187,0.4532902745565321,0.26610911071798826,0.2952347042632084,0.3367110890760419,0.3940472030839587,0.3222901548403882,0.3428777998712411,0.4451866453856855,0.41785510618563304,0.4399014128528602,0.2519686800496619,0.29439384964750853,0.4006422567167714,0.3319267208793953,0.41145664009529576,0.3574635222114611,0.309079997390862,0.4396082433707019,0.3274665517592096,0.3694617475668897,0.3473647513626851,0.3881509515063402,0.31105940543624866,0.29654202946721114,0.33957217913569215,0.3257752147747253,0.38154807415349506,0.3175019038127721,0.41629509697237294,0.23923989442860016,0.398929439329777,0.3350724668639995,0.42055086496737093,0.22596270444994562,0.3756694248038103,0.37319853770397404,0.3108096989265158,0.25753834678511117,0.33612556154868467,0.3339572529228394,0.31161699741622845,0.42455724431583614,0.37009368312978047,0.3431167378620857,0.3547246995369958,0.4746459432924137,0.3005762484286242,0.3799587859912667
0.4237232785364362,0.3198619553999124,0.0,0.36312457180316987,0.4135091453196358,0.3040373569252555,0.3177270718076974,0.3190328478124613,0.33310002428102753,0.4797083544535512,0.4064743523051238,0.31004442548374245,0.3918578042428537,0.2811517717075421,0.37911763668225906,0.41937575606839345,0.43150127403815314,0.4708724256480822,0.30790446652943765,0.31598446908245925,0.46944452826848504,0.5217858617576934,0.35406266794872665,0.35503858819891626,0.38336455829284694,0.36502224451574355,0.3147273098910879,0.3636080092349904,0.2760148820266383,0.29799026895427966,0.30747684627500005,0.36484283587095084,0.28702558857174154,0.30076776348732787,0.3231984604732481,0.30590714672671615,0.3918722412864805,0.3198786074998059,0.2845628491324552,0.41796299823899147,0.26925569466593396,0.44632297260148224,0.397756055107647,0.3399602245997502,0.37451607279008237,0.377189760165573,0.2845778778554159,0.3620765820360718,0.4254000196480652,0.3474906013788969,0.41851326126908156,0.37493260456497574,0.27719860943830843,0.41982500744250534,0.3800857811619029,0.2972778518815417,0.37436045889210434,0.3217882716709682,0.323657761409975,0.3159153194402316,0.312860028502461,0.24029224867050586,0.41180693553378095,0.24628572121970058,0.36897876696974674,0.40216953289441193,0.33164684667408034,0.3827199833198658,0.35392075670673706,0.35672460330642664,0.4646414528159992,0.31247396389891313,0.30428576421182435,0.5249940241562024,0.3540045964958403,0.2904395998410019,0.37307664926636147,0.36283553864222917,0.27694480308166763,0.22293113829288333,0.3078491023169671,0.4387900069010568,0.3597332125714574,0.2684840296315413,0.35591705273594076,0.3441108648826677,0.2886734648628118,0.2894555408754212,0.33544221256776624,0.26723963257110966,0.39956820660136394,0.27490216770141757,0.361235876858997,0.2969679949384546,0.4141078287117896,0.30255497535000314,0.26277089958541744,0.30455959014364514,0.24182765031917156,0.3282943317342149,0.25176048531745393,0.34032243265613266,0.27346908326026964,0.28112882508021947,0.35475209497288884,0.3895278694694222,0.36598469846613646,0.3378782910983285,0.356784388567841,0.36755611567540775,0.385250208905074,0.34992726524763873,0.30225066284507135,0.28767026644478444,0.3134488114510899,0.3662826145145708,0.2886663209365954,0.4277060511314673,0.32138694290663455,0.2783658163696369,0.34382822514292777,0.2515456384833808,0.2762837827413386,0.38610675126911603,0.24801295245716162,0.31712774170096497,0.24489230379380536,0.30073408866963824,0.31966247880595045,0.38760992196175814,0.286025895472854,0.41806216103004046,0.23111621821911707,0.26234694249453216,0.34205729711087457,0.3039324631548134,0.25532875905723673,0.3536339682524107,0.4105154075899819,0.30333987701800796,0.2857491758753086,0.3124160913236847,0.37082564432618753,0.3595050883849178,0.3368304620903348,0.252408292434553,0.36126825491246234,0.308202750497444,0.38235435852012195,0.18359756206525438,0.31613788476715493,0.25652031166466016,0.36244798976439646,0.31173412479188284,0.3308271475415223,0.34099917733575197,0.3244947656596889,0.3902192852350056,0.2662245511304817,0.36046486649226717,0.38379707706520527,0.2558286388287054,0.2670339060925804,0.38311098306215274
0.33229802348728976,0.31763782730892254,0.36312457180316987,0.0,0.31994113757114345,0.30150741419557614,0.3410757022779145,0.3185295638326059,0.29538906211188865,0.38587757191929645,0.34919709787326925,0.3561906702925702,0.29441013939092664,0.24521581969331582,0.4306067527881521,0.30869399433688155,0.33896656658845464,0.3476162281603186,0.33810675956224445,0.28557793146880833,0.38975292862778677,0.3606984752185147,0.34046159823377553,0.3003221837684961,0.36908271729938225,0.3114168820489854,0.3248983443017731,0.32881447541440356,0.2843683908391497,0.2521341131256549,0.3295483362927492,0.28396352998046664,0.46321445555528684,0.28934717201822135,0.3070378098462669,0.3116111029569412,0.32393297055617926,0.30262638509198353,0.30267400456691046,0.3609712805624074,0.31664277152397663,0.31866385979038614,0.3182383012900043,0.3733093140764488,0.31635571112365996,0.3683014493557715,0.23165074281799786,0.31781313688743235,0.34429706157186984,0.3031752403127397,0.39872645928562606,0.37866281285881354,0.29787397606770133,0.4937466778746256,0.38320517936198834,0.2888719331293511,0.36457365867171837,0.3241856725285121,0.27858301204109887,0.308113222853998,0.31816699164382817,0.23017704102491565,0.38229216145716194,0.2265467686445748,0.338191064802431,0.34099443300788845,0.31756544072552745,0.2698221272320411,0.2882286122889179,0.3057884837359821,0.354642021277401,0.29670383166298825,0.2567826835125789,0.39466593563356983,0.30884323153802296,0.28144115231169825,0.32555694182962747,0.364570853000632,0.29004189367831257,0.20427531622660747,0.2859571389178859,0.46320343801780867,0.3037361720215037,0.25111774217387967,0.38219146475743887,0.30153687735199175,0.2998961826423924,0.2904981352794004,0.34202679629214827,0.2643180195766004,0.35335910283679706,0.31555134026280324,0.3478033297957008,0.29067423220759536,0.379198244614071,0.34435771915854685,0.2692843732350066,0.3312684611721283,0.23869186971084902,0.30004508187708046,0.25950549980466137,0.30464963431606157,0.33560690069922317,0.35231963379527076,0.3373000870021387,0.3300016824941773,0.33925037826442717,0.3099569508046612,0.3263268984447167,0.29917732019270143,0.38026650975995385,0.34343173109175734,0.29224246480740723,0.30165614954238557,0.32932195744739023,0.3039647533351992,0.30066780604548615,0.3124755268154389,0.3165978528746001,0.2979906833264507,0.31640847848394027,0.3139650964489966,0.25846210068995595,0.3542382415771876,0.24732286512124416,0.32574508774638744,0.23885555338755005,0.29526455105526356,0.3362182883988051,0.3837869098943509,0.2533984786488318,0.3301252386086458,0.2370607797129687,0.27961455815718,0.31631834009558,0.28396246399552033,0.22280380947198136,0.36364950887195296,0.3905592783935133,0.3134819887680242,0.40871597520536246,0.26100470260215175,0.37235653453233614,0.3419562788349832,0.31559423924082664,0.2591638907609341,0.3473758463453344,0.3022466060658466,0.3337989071295283,0.17857681123622315,0.34744252085654803,0.30619781120669515,0.3517257151235689,0.2709512994751023,0.36036671264643694,0.31347878220728403,0.27422709169980347,0.3577213224751303,0.3806800463151032,0.3033730592370366,0.35071345714876967,0.2665860661107089,0.2823866426383438,0.3096628702674463
0.33830778307106363,0.2817675763183421,0.4135091453196358,0.31994113757114345,0.0,0.24491717003769042,0.34755839426718893,0.25987019774706194,0.2753233059493747,0.41785507368680525,0.32605233859734567,0.2848675759665202,0.27482157310148625,0.2514192047086597,0.3370562591739498,0.31114136031973794,0.3634293926879931,0.3915754002408284,0.2805373001886544,0.25890940747512237,0.38312696430033494,0.3550406524373505,0.4454092514091216,0.30330426413488415,0.33656954360244673,0.2916189997602445,0.31739026925188446,0.29385335257853745,0.25949147503925163,0.31075009505674767,0.27153529850496494,0.2725660306139834,0.258900455911781,0.26910783165629065,0.3180121139814685,0.3177762309743459,0.3060949112740875,0.2738389519364363,0.26017271215653665,0.34678405373913157,0.28874576928791934,0.4251219276306924,0.33892957810931196,0.31335283366882166,0.2652708925567717,0.3227054563905102,0.30503969601122627,0.30893975415318065,0.3793897454439686,0.3233138153031195,0.3714476696286667,0.31649145926683403,0.2959303452333158,0.3231676135552762,0.3225276101850305,0.2802913383754712,0.3064486018087827,0.32482502994735873,0.2875143320412708,0.3010896390376409,0.2376424641316268,0.2363760638912435,0.31853081695251856,0.2552806765647523,0.33817585818817203,0.28183047655968174,0.25968157141758685,0.2886999128899322,0.2949959640651009,0.29297046599893994,0.33108897959610095,0.29134460696425335,0.25587854608990523,0.3373123283528014,0.2646823071004907,0.26497901233541726,0.2915050753238859,0.43065988096861335,0.24471693734893107,0.21394782195970535,0.28610593324635764,0.3842738812144931,0.30844675360348195,0.2145394079158051,0.33633687253129196,0.2611656241937924,0.2490651355131301,0.2774801597148232,0.2824198783471334,0.2301631569035288,0.4632641820300595,0.31635336398761704,0.3974886914922646,0.2523018511149236,0.38162813415311087,0.26511629827810546,0.21474865351511105,0.28734320894537163,0.2572667587192027,0.2633761912487075,0.22613008196928513,0.2917732593491679,0.299664285462814,0.2909452827701522,0.3063927250790583,0.3152989570796251,0.311646020487821,0.32492285297703744,0.3667113196160646,0.3098202405078759,0.33551684615462,0.3711207410915689,0.2543282380461964,0.2864499650595298,0.26697463223879453,0.30149640085109153,0.2743837087144509,0.3503222985528098,0.28363298037400425,0.2904153347530986,0.34246469030347293,0.2698232064619018,0.24938778209491322,0.34128934810240136,0.23909754051762905,0.25570023362353755,0.2507077901883143,0.2636304149360298,0.2848041363318495,0.3215393542455882,0.265873575160714,0.2976852201006037,0.2003224122777856,0.24896195009874558,0.2636154982982901,0.28367347177103064,0.22813349279363565,0.35070948470181923,0.3261982577852253,0.30940006925458463,0.24189614064524215,0.2814053321297374,0.37745455777984804,0.36139216393225393,0.2976216280586048,0.24875170237636476,0.3063448777702051,0.3000903487090546,0.3224416273311159,0.18911404213319163,0.2683950760050277,0.2710288289111229,0.3570451505255324,0.32833342848232455,0.31375225865298206,0.2760674792866812,0.2434188191481695,0.32567055896251496,0.2615872407856759,0.29803834113590655,0.3307493537557829,0.2505879049825781,0.3012069206457369,0.3482619827666915
0.3576338350075696,0.437912488497922,0.3040373569252555,0.30150741419557614,0.24491717003769042,0.0,0.2360101710851906,0.32510045275284266,0.34029737534997206,0.2954072001907944,0.38088894491728825,0.3782901497637261,0.35962743690140997,0.244040619982763,0.31187303969232244,0.35910231669565124,0.31312224230002234,0.25373936018143906,0.3154611102467411,0.3646618981315297,0.3200887753385142,0.3192935743089747,0.22835265623967074,0.2991458310586216,0.3454833321881914,0.27370825580571134,0.2596084541803135,0.32011302953074605,0.3745581363296942,0.2763458614331452,0.3948502799151473,0.34273092878878075,0.3735962191033563,0.28294577494879114,0.3469664660557093,0.2716515119264339,0.34738145513721713,0.34093475482435553,0.29862325222181463,0.2604558668315578,0.3152005001063858,0.2944200009871144,0.2545886575734612,0.3955133659122515,0.29908681510892837,0.27938638450908726,0.24381823920781542,0.3360789681665791,0.2529494183097605,0.2872773153248774,0.2940698214227084,0.3831481018625698,0.30104736525789677,0.36432432532391057,0.3382770351448975,0.4066479416772477,0.3429201987722389,0.3619069847015464,0.20952463008061892,0.273011393153439,0.39749218687814225,0.23447632375370758,0.3500054745819782,0.2084658505038176,0.253098286611142,0.28594082477035593,0.29256170348708377,0.2804830756179141,0.2129885481035016,0.30312790766365366,0.33549058783272945,0.2753045523450825,0.2846637272984256,0.28334636710300737,0.3727739429969649,0.3326749837913165,0.2536949214282702,0.3028392472165354,0.27999333005276106,0.3336915950910063,0.3670422135017893,0.3108440985251751,0.3319961776350744,0.35717408947129736,0.30987595571357457,0.358732741665931,0.3606100061811268,0.23692271208280746,0.34546164541153035,0.3620669436793507,0.2833492679019972,0.3050570284064314,0.3320339123582138,0.3693561670672893,0.28173957868576,0.44681552526082896,0.33902763918137285,0.3419928192203533,0.22818796672524505,0.2831036249733225,0.3333198683269464,0.22779135259049577,0.22906709706860182,0.26783289259693344,0.32777120683907146,0.31847686817448884,0.28623906885856343,0.3240855032675653,0.26012523963478557,0.31664168059575154,0.3107552698842322,0.28243222422614034,0.3453042088586569,0.30063210967931464,0.3472970891716897,0.38816064017544155,0.36078124231898123,0.24945536970359844,0.30701346582878725,0.2952001225594105,0.3234814885435303,0.31354067927543894,0.3389256195416565,0.38366206521154017,0.39186135710082004,0.40977726801267483,0.23167428856129546,0.2736978400405604,0.33019336703169555,0.27637374008264143,0.33091707569346945,0.3939708058641036,0.3269161523557624,0.36988637016132375,0.35615247131110556,0.3230026237171253,0.323953283638653,0.29392535514998086,0.2601954153530329,0.2722147144254951,0.33894272541788817,0.2973280302650862,0.29195466901847633,0.29403970433509413,0.3739505882307143,0.22556699935095062,0.38137247721345524,0.28102419484717933,0.3336940727300642,0.19786852376009714,0.36946688050382,0.2961988121258626,0.26731831059380845,0.21399122982708943,0.32409287574464357,0.34068317603076886,0.3166056590521912,0.396945215110674,0.34407780976056823,0.32203190890759675,0.261461178096535,0.40885317579320885,0.2466045514338981,0.3501659657926124
0.27888908687795694,0.2733904812993633,0.3177270718076974,0.3410757022779145,0.34755839426718893,0.2360101710851906,0.0,0.23303001093972617,0.2344124977734644,0.3682108450035775,0.26445932759331015,0.287650663169543,0.26934636674130474,0.27566497615262414,0.3544811474155107,0.24347475427434156,0.2820723829159193,0.30961015318170215,0.26901563665240513,0.22404655784510422,0.3176425338044516,0.30113096035658016,0.38175697125297703,0.288184130439346,0.30984252365776144,0.31767015068450327,0.24990004830703527,0.25087010952279465,0.2608568962924432,0.22762164790580755,0.2578299976420562,0.29912901079097776,0.28967238671929674,0.2816462123842205,0.27083571719557836,0.2707364415488131,0.2838124387145223,0.22889290491069128,0.24675166577330357,0.37871609795934685,0.27572657631648595,0.3341559506690857,0.3162788495717949,0.307752468109939,0.2822760135612492,0.29692784355002677,0.3439569360397338,0.2640185810870724,0.41967360983422447,0.28216442286754506,0.38879086853831085,0.2964925642595106,0.2553626561559134,0.3413702359547424,0.3209065232158945,0.27346262653905107,0.26881718929407783,0.2550397491728014,0.38983921419139483,0.2517677504531271,0.22544923159948474,0.234283432626539,0.268143172043017,0.2755292443787579,0.3241561452592369,0.26779056476311336,0.31938327229866864,0.3382901328052325,0.3319464387515306,0.2411703293475446,0.3106434449926688,0.2645059687201946,0.2822941013335314,0.37601661468757364,0.21882898104418486,0.25443827325623974,0.3585910588566603,0.3503562482662049,0.2284050947942145,0.20054094054025035,0.2638709734183243,0.34672889427467013,0.272407306340054,0.19273831552445517,0.2918279506182796,0.2356750771555945,0.2242380591588954,0.3204500369477716,0.262126467480078,0.22400255649129433,0.34882852393656255,0.352901010830053,0.2945041719700955,0.24039940615149974,0.34531309525232196,0.28405389904821976,0.20699693625285723,0.30781733434541264,0.2569743569103844,0.3354738754473156,0.22299803052010891,0.28998496549918507,0.3954847358329347,0.2868470334600223,0.2576105763605062,0.28264606410290954,0.27350667560439074,0.27643283227332266,0.3477210780426453,0.2929727517121495,0.3970319577153352,0.2963339333987943,0.2891102861552394,0.23161767976168715,0.24805264849607983,0.25961289521798825,0.26135215326591765,0.32843032171847814,0.3538181184220119,0.24460009931331964,0.2746771357201742,0.23782469648006757,0.2325615406722305,0.3107841255614741,0.22421656785776412,0.2675082386828343,0.2711067647328801,0.2520209973278456,0.26989457707660364,0.30888010743293853,0.2226889045313679,0.24055033348572194,0.18531808612320683,0.22116135328365485,0.24295367323445988,0.2730329595115302,0.21267456015659938,0.33451005996377475,0.29490488242752577,0.25636087744044384,0.26796679962702624,0.2488888789168178,0.35171685453031626,0.28604072516673784,0.2707313665769545,0.32518483859945935,0.27079016427695757,0.2844122537148734,0.28041264109863456,0.1660201612425567,0.25312457166949537,0.2714188897461742,0.26804616400732656,0.40903863056844053,0.31889633178041304,0.2587163297337464,0.23059298248024465,0.3059522444420767,0.28553668474799493,0.32344794232904234,0.33271944918643914,0.23508434668897854,0.27474645077465065,0.2736420038199878
0.3247937686691099,0.3808693254329138,0.3190328478124613,0.3185295638326059,0.25987019774706194,0.32510045275284266,0.23303001093972617,0.0,0.42030173973517915,0.3282977893174102,0.32664862507401626,0.4149682183463391,0.31114577924694203,0.2329162896243748,0.32872018740280157,0.3611964023812128,0.34926194134123967,0.30500282664514444,0.35239830638812136,0.34071245368945613,0.34826796197916027,0.2985026612841125,0.27098888695727297,0.2813676619141273,0.325533715850447,0.2905434810106982,0.31512816921195386,0.3587523964965636,0.29781055189406686,0.32495741621863145,0.47346705457670235,0.29752805898867996,0.3446084523642105,0.27652471415487334,0.30169775862816245,0.29310369310056134,0.3246030942836,0.4383922744758191,0.3974366147785412,0.3022656837787073,0.34212629533893213,0.27888043698499937,0.30730690208916445,0.3076362339008043,0.35256974577187206,0.34156675012259896,0.24367114161299125,0.28781158590034406,0.2973123666709889,0.302393054118939,0.316742570115203,0.32354958542960344,0.3234926970221261,0.33923783352287085,0.3425988703915968,0.307179457747563,0.39239587152084604,0.4416937664320969,0.24711463458000704,0.29338437660463795,0.42416705141389127,0.22222559757890004,0.37465986435381377,0.2280190364494974,0.2741647850784334,0.2955676090879577,0.2799740718408438,0.24957068894958576,0.26202491250079324,0.4689543191018531,0.32671764912920676,0.303341373328394,0.2566469728697294,0.3255076879602004,0.45414573274274744,0.29986268731933463,0.30274931635072494,0.3132625176232477,0.43282373933429513,0.2446831669057462,0.32469359345091336,0.34440732381670786,0.3721745069109398,0.355373798916279,0.3699501099527497,0.46153477194061215,0.40715691491834893,0.27672249450123,0.3942574220244793,0.33879705453152964,0.29579746927629014,0.27116473895614435,0.3380144238022315,0.3321254713559034,0.3355289432867953,0.3518222934446124,0.37047904639787976,0.301393834283495,0.2285815601096162,0.29874889394630183,0.28892603040131704,0.32186222324622116,0.24272308119569125,0.31615784549693104,0.3560758469612328,0.3436907934945223,0.33585229804157324,0.3543288680252743,0.3032437785710326,0.27075162861026375,0.27198308085108835,0.33057987157430424,0.2734495763440089,0.3875523529736688,0.366655777354845,0.38332886740119543,0.3655952811072386,0.2841919411233149,0.2458998310946234,0.2865525562013248,0.33794936266863235,0.4640349570626063,0.2574836524046144,0.3749547408086305,0.29956194080450427,0.3808957117982967,0.22558821748793761,0.3248000590377753,0.30967000171872283,0.3367107607056253,0.3674160413250872,0.38075063389650526,0.32459359010780275,0.32844804476578504,0.3325349420062701,0.28551510299287525,0.3042280291248788,0.3235032426988577,0.3228556994487801,0.3626215068371072,0.3061352186860899,0.25401170641060183,0.34699414379479565,0.32095797665824727,0.3611840784650353,0.24605750347409872,0.4706571805333731,0.33658487243240776,0.37597970161685684,0.21222256918795546,0.41682774404814477,0.3480508004688723,0.32463386462468274,0.23931756731770149,0.38006995336472243,0.35198328484481733,0.290575382018071,0.37147769193670926,0.27702728982658154,0.29459802899650533,0.2945020008004093,0.34569163337761355,0.3044883151223629,0.34889355512761794
0.35470953939788,0.36918338164210657,0.33310002428102753,0.29538906211188865,0.2753233059493747,0.34029737534997206,0.2344124977734644,0.42030173973517915,0.0,0.32732232646849424,0.3325160992586689,0.3936135301938824,0.2994183285878697,0.2697351252788792,0.3102230667518803,0.3757404477211006,0.3604923248010622,0.33504540733425614,0.35012349438022217,0.36368498488421813,0.3341465171841571,0.36403295788588447,0.2599447092707527,0.2746363062261366,0.3315502542405626,0.2660190351706498,0.3340706817895023,0.38083776591569846,0.30861335896002035,0.42350479615120107,0.44636947628233165,0.32302905261674375,0.3126908261292897,0.2673817657662195,0.31083949464423327,0.26261723134992193,0.2987360375071233,0.4783875991950165,0.36663715281576326,0.2903089465405038,0.30673667787624687,0.34270414402882116,0.2774682346337806,0.31197944236406683,0.3086159183927237,0.3232368491366667,0.23500599871276417,0.27000755739901666,0.2940851326318023,0.2942597522152234,0.29579372239504514,0.30869135457191993,0.3413000945446165,0.3356405289904541,0.30086542788843895,0.34876343578909286,0.3974312077207165,0.4010010891790683,0.24754165363294484,0.2709632155814784,0.3360941904188385,0.23728333545308736,0.33310152491927575,0.23554750285631146,0.2959016439891083,0.30519659686110506,0.3022222932141501,0.26594426764185664,0.2663416966392625,0.38677021798051825,0.3518117712579186,0.30402460874806586,0.2907326979092122,0.3061381902438229,0.5163713528532653,0.32235655324779,0.27351968836963475,0.2945591562537386,0.3625219547380096,0.28174810203661665,0.3698256136847165,0.3668691847602881,0.4419721074753536,0.3347651429256951,0.371759812764769,0.465229400875923,0.3334495572347354,0.2891097367520511,0.363969136040842,0.40976188751439363,0.31593362215899695,0.28881256174922604,0.32344664619852204,0.3421744901516304,0.37274495608561453,0.36999584440518724,0.36875866977172367,0.3072273326308633,0.25577334880807445,0.27415872504951916,0.32016678510678265,0.26014659859821054,0.2464835297200485,0.2947234581026266,0.3423041071236973,0.3146637049789307,0.3005611714758869,0.37410948071719596,0.28354079853599157,0.26704647043653457,0.27204755564204236,0.3395868477396954,0.28230978679977203,0.506972745554736,0.3290762726503143,0.38867903246013974,0.3724957936550748,0.2979078270702496,0.24108077098514052,0.31819081474308397,0.33959021175776655,0.338307386222425,0.2689614245305948,0.3877605436837952,0.3845503248323806,0.3662332500061259,0.23808083376817582,0.26759211883356293,0.28739804031249977,0.33491473149362966,0.5110689852895266,0.4527680196654342,0.3195886691926841,0.3996722513757006,0.32526265933790766,0.3276105683430122,0.3236979715674807,0.29400191166678175,0.3325302906864267,0.38402229959064604,0.31738236873734144,0.2977971830969805,0.34271101171115786,0.3698569692314353,0.3735403470385304,0.24065380667211578,0.5148450247801682,0.3622484858604475,0.3875385567955559,0.23707000912564066,0.3900752355483378,0.3717107298568953,0.34626603069381495,0.24145630753274408,0.3668325481006964,0.34942964401904275,0.30726225560859377,0.3700860669571206,0.2960220943845681,0.3156124831340437,0.2941177474824805,0.38531060148379576,0.3719080997629576,0.3854230327783073
0.4373623428706219,0.4092448096511058,0.4797083544535512,0.38587757191929645,0.41785507368680525,0.2954072001907944,0.3682108450035775,0.3282977893174102,0.32732232646849424,0.0,0.3521950662106629,0.30469771091287245,0.3495677901974166,0.3110775408427649,0.37941637080902846,0.34016255918183097,0.4047595133948509,0.4806300753179392,0.32645709584505955,0.3265867806054653,0.4222176782409411,0.39913378348340117,0.46133247407597305,0.349536791565403,0.4794159713155026,0.33120712247674156,0.312034871751125,0.3791762393822103,0.33526452811990126,0.2756387390132482,0.3520858986030794,0.3496011285851807,0.2939863254393077,0.3341075376104108,0.4031770338700172,0.31798208894573926,0.3946958328037608,0.31106929088725555,0.2665068841385305,0.45060433977044934,0.289796356061539,0.47847002999097266,0.3557316477100716,0.3574896383580684,0.36052509545645856,0.3691013357846713,0.2958912914582134,0.3429142656032726,0.5358327305728942,0.3172409395762374,0.3957969320863362,0.37945980970512144,0.31791951208327135,0.41506491494572,0.3946272028990896,0.37695082443362266,0.37383452583882015,0.28650495723782615,0.3684986633358575,0.3245874435400838,0.3180134601274933,0.23679285291038224,0.365626594078272,0.2641243076973851,0.39428903519449154,0.3769809817768031,0.32783431584022715,0.3408593798286461,0.3293927661867407,0.3618184303995445,0.4132459450325722,0.3984437418601799,0.2931881895232577,0.4332590999967826,0.317050800975532,0.36621882521708415,0.33010597876173303,0.4211851559552742,0.27929766664414,0.24246883786750903,0.35754641778755386,0.4432430466436303,0.38679433137896796,0.27348847796575676,0.39633274142317654,0.34753831547148595,0.31059827070692514,0.3071927414265406,0.36621124574064096,0.2815889301801086,0.36614589493030003,0.3360994730777396,0.37918518272100604,0.32364625573000366,0.4889684721880064,0.3404881449130667,0.2583106029099505,0.3832621769880169,0.27893985308421876,0.3523442896671847,0.28743048784361086,0.3176102058562274,0.29899667198464996,0.33361357088082977,0.34923086857198304,0.3501171916749368,0.3354626472057638,0.426417369620334,0.38377967578833205,0.38669473220431216,0.3953214891789199,0.3766904272385469,0.3253913799243237,0.2969209509314541,0.3308944451219117,0.36374987015906995,0.37608101399389343,0.4092655794250321,0.3432722913536095,0.32605857907336216,0.3443225777307077,0.27823123939493866,0.3076887680964949,0.425275958948374,0.2962589978358901,0.33124498856907747,0.2556933444344663,0.2789773482278618,0.38173349759872527,0.4188380643681095,0.32898838854765766,0.33415727790362126,0.246003512205987,0.28857790412377243,0.32005894179708494,0.3492920505166439,0.27656079035691716,0.4309112406370175,0.4342954316239251,0.3112955937997352,0.32492597565610815,0.33375924663609186,0.44554976048667194,0.35324588810215224,0.36114067112492315,0.28803404995559007,0.3254698085032896,0.336712051780057,0.49317753110462376,0.19093739268093113,0.33773572893350595,0.34207568688796874,0.3371279537048792,0.32454004769785655,0.35386748820109426,0.34714250670015134,0.2891463164404923,0.4001606667413667,0.34662686987978886,0.3837347289574176,0.49930708872836455,0.33604526532689954,0.31953563859207645,0.36216185461193084
0.4303468969017629,0.3471078707239245,0.4064743523051238,0.34919709787326925,0.32605233859734567,0.38088894491728825,0.26445932759331015,0.32664862507401626,0.3325160992586689,0.3521950662106629,0.0,0.3396600789254707,0.3857155709214109,0.24475969692052568,0.3585031863278722,0.4104706924040752,0.36726417628854213,0.3441129592485019,0.31115647407923264,0.3657936455045156,0.3896676696358577,0.4310945542083789,0.30122842036273895,0.39217778646062695,0.4094578433459035,0.3256598409679095,0.308914047020573,0.4231681684851798,0.3246252396872931,0.2989838510547083,0.33622643865602475,0.2926099022139604,0.302586794696376,0.26711015430293045,0.32934549587692036,0.2677261609715607,0.42532374079601654,0.3241001969329999,0.309489765448724,0.32165570640481167,0.280830586676373,0.36745034185267583,0.30365209047964054,0.39141400695648015,0.3000180670370603,0.3152026248807124,0.21922234144649924,0.4383414143648281,0.3333533235995847,0.2702826816706622,0.33515426257465925,0.3277888209495666,0.2732888908645518,0.37429309205502065,0.34257591559275663,0.31893610362040775,0.37874743234117964,0.37263932824772455,0.24908684917214682,0.26224939643058176,0.4051920163523326,0.20067878317577098,0.39792600865200123,0.21250837905548026,0.26669348279194066,0.3273864910008875,0.33482510215833955,0.32150177386639883,0.2835090843414182,0.38402788446595887,0.38032901769119176,0.2655541215147087,0.29988637552131236,0.36602558991347245,0.36571466599986935,0.30728979288221775,0.3180277598027653,0.32193301834212484,0.28749676212583364,0.2556124527169909,0.36980190369949495,0.3379317907291389,0.35155050193661924,0.32913545416415424,0.31050912717775647,0.3286260594435655,0.39007890623372227,0.2417376242237049,0.3057426543452658,0.312362447496242,0.34779093706946956,0.23648991912975248,0.3290587339078913,0.34524066163961264,0.31625182834462834,0.3692243624914105,0.2625518859262228,0.26882994991956444,0.20858165925884953,0.26733399061840296,0.3037262983282202,0.2728685485177259,0.2467554332111511,0.2700361495052394,0.2950055026195341,0.30208357795900675,0.29067029538195754,0.3979061376709954,0.2785660829436635,0.3852116581303594,0.3592483156624771,0.2937314019685619,0.3104526873698233,0.308108375992916,0.3333070555306374,0.3740736416461845,0.31978542299849516,0.310561512940295,0.3146690219644123,0.2808429030474511,0.33650247420156587,0.2735943063920735,0.29053132416539934,0.417986612492054,0.301674019945449,0.3606168903992592,0.20113590104993168,0.27729699343348657,0.30069142650107555,0.30481195933802707,0.2815186479386533,0.39693746010371517,0.29599785980429705,0.30579956848328094,0.4484803661473341,0.3526804314471499,0.29530047546117044,0.30458104660934915,0.3445785739644188,0.3084441945209853,0.3552251476961325,0.2686624581059755,0.28350617712179654,0.2863216340132169,0.4171146036042759,0.22474169025803217,0.3490196055923033,0.3015842904305774,0.3629668046223254,0.1923739360419698,0.44466737824182984,0.2746276603266529,0.39687790890016933,0.242779255699549,0.3343345434176198,0.4197942932543291,0.3706508823463658,0.430216667907175,0.33443701571617845,0.29443640771308505,0.3150001767884996,0.3275845309345629,0.25919089642847293,0.496306171396578
0.31394619898427756,0.3620198590164844,0.31004442548374245,0.3561906702925702,0.2848675759665202,0.3782901497637261,0.287650663169543,0.4149682183463391,0.3936135301938824,0.30469771091287245,0.3396600789254707,0.0,0.2743217810236663,0.2082031725350826,0.3564146117201988,0.34513603692846884,0.34783431082431765,0.27960256528670435,0.45062805686403123,0.31878750218787755,0.38786774034342536,0.3018671914561099,0.28689185974012155,0.30908889344417023,0.3544290781180666,0.29745135474061485,0.30015199956261235,0.33069646487482274,0.31765448538071706,0.3754019149157847,0.43067115852547355,0.2902348976083669,0.3908803653392856,0.30250758299399666,0.2909830193721774,0.29452474287298536,0.3051396669758956,0.4007779869163366,0.43616172217405297,0.30255470211875396,0.4362755634603092,0.291723719777978,0.30481368494285377,0.3856764151505321,0.294768239750113,0.35151931866704006,0.2648004359297938,0.3022539355502412,0.2944660571529712,0.3040519680279509,0.35040053065007803,0.39910810420445164,0.30416337099139545,0.4020620138385962,0.3521468065190287,0.3049150313257629,0.4055033780884148,0.515700325227607,0.22381688769837352,0.2831745832914855,0.30114276173558263,0.2210029570385181,0.36659172257499895,0.22380652598413636,0.27525616109657564,0.29049480905606767,0.260668988847602,0.2401910017732774,0.23827546119864673,0.3210445115269137,0.3127251244542141,0.2683264556689848,0.24421346419528425,0.30533216593385254,0.40006681537990474,0.2864100055984716,0.27885707041008995,0.35665309882824847,0.39111364763810347,0.2621330458807166,0.3548175361299897,0.3569279141494522,0.38504657849626656,0.2996643569748347,0.3729856821816862,0.42217114350665474,0.29106809155186025,0.2611363767635008,0.36414287544735724,0.34499052711582173,0.3403447335163747,0.309352977591341,0.3444094559825552,0.3359387517650434,0.30202014321096027,0.42452771892605506,0.29864532712061764,0.3425192505112896,0.2253417859265337,0.2772184063068262,0.2707767155559139,0.267058905201284,0.28741938927585564,0.3731924089477043,0.3143848008058463,0.35124408114506184,0.34590298673015724,0.3446837672977318,0.31099803438687457,0.29543313082258305,0.36824882577918683,0.3494945296690827,0.2657163252946959,0.39822174803061877,0.35119942012281585,0.38680844057909053,0.3622305065422031,0.2980622228258314,0.28968072216563934,0.2806766237085768,0.3381522695351236,0.36957023115785215,0.25806122779057344,0.39976706018433145,0.27504546523453666,0.4656061802974991,0.22189234518181347,0.296311136529551,0.3288412909928291,0.3150713185782554,0.3379887079546204,0.3686724864666941,0.2649678891310587,0.35602724327367236,0.31640806089826595,0.285782154286878,0.3341390550473184,0.3315881435972026,0.29809428952966727,0.3857034484086948,0.3078243242308371,0.2514381780143947,0.33251270894506535,0.3177566183662478,0.3754403767317877,0.2755773648070664,0.5565809296935058,0.3673304764462828,0.35914279801015897,0.22579004942082154,0.39291343787134064,0.37415637040773947,0.3382406975605135,0.25197011323875473,0.5278933730301227,0.295546212261531,0.2866978328757628,0.43139224166286816,0.2883525912863262,0.293474840588522,0.270839989937481,0.3365378571952334,0.3190950825450775,0.37288547080907825
