0,1,2,3,4,5,6,7,8,9,10,11,12,13,14,15,16,17,18,19,20,21,22,23,24,25,26,27,28,29,30,31,32,33,34,35,36,37,38,39,40,41,42,43,44,45,46,47,48,49,50,51,52,53,54,55,56,57,58,59,60,61,62,63,64,65,66,67,68,69,70,71,72,73,74,75,76,77,78,79,80,81,82,83,84,85,86,87,88,89,90,91,92,93,94,95,96,97,98,99,100,101,102,103,104,105,106,107,108,109,110,111,112,113,114,115,116,117,118,119,120,121,122,123,124,125,126,127,128,129,130,131,132,133,134,135,136,137,138,139,140,141,142,143,144,145,146,147,148,149,150,151,152,153,154,155,156,157,158,159,160,161,162,163
0.0,0.8769214728360372,0.7955602081928467,0.7728614820593482,0.762762334716656,0.8446656702153438,0.834331711557843,0.8034998547105329,0.8925678596957201,0.795917789693894,0.9102443656129172,0.8673554093828102,0.8883598006049471,0.7728392247516779,0.8466036427602879,0.8463843969254138,0.8297928041030675,0.892732188949483,0.8466007945753787,0.9573149130500012,0.8692205999499498,0.8837226128028522,0.7692460062643132,0.872861657915785,0.9300151133124864,0.8229758858333028,0.7328815609323768,0.828766725035343,0.7933480235207343,0.7901887907340064,0.915888431136342,0.855159642196975,0.803558578354942,0.8407080951438581,0.8991495864391535,0.7439829068601677,0.9537829860821457,0.8443943767365276,0.858030869028432,0.7881704677373608,0.7666116595191447,0.8477412559327485,0.8353151325661274,0.911423835698112,0.8759186675315694,0.852043932894645,0.7711473170352254,0.9116523584069595,0.9043026801140627,0.8112893673183396,0.8567799546760623,0.8509428200190942,0.7694285909084398,0.8586987537498166,0.8299312596959261,0.8270082041810031,0.9204665306503609,0.8043491608270928,0.8217261897922425,0.7661199249939054,0.8320303230471312,0.6580564224857124,0.8212603660696033,0.7112278293321277,0.8335384478556614,0.8876089237666637,0.8802480971890193,0.8962356731944343,0.8189604712515208,0.8445984647194643,0.9400280566024937,0.7995481765236117,0.8391064368943902,0.8532039118421412,0.8386809795925169,0.9084214496850626,0.8029839295252221,0.7975435106041199,0.8426734780717505,0.7671944347068483,0.8136555251766,0.8930972377062321,0.8800850241933724,0.801014546963196,0.8227889743508618,0.8924997480589082,0.8489209815082827,0.827920572878741,0.8127219540965339,0.8827592606887787,0.832292296250373,0.8093753471555881,0.8047629758126084,0.9033585876669271,0.8764404070681029,0.9209283876896758,0.7681086062112927,0.8133110535974446,0.6825884265466583,0.8105731692281025,0.832192883138641,0.7317482155955057,0.7562610835237462,0.7781002957842434,0.7914678648117023,0.8199040198509092,0.7411271418650943,0.8448401158363688,0.7884848880221799,0.9087494057339217,0.9084203426902694,0.8145905427512122,0.8629234787586813,0.7762929161972204,0.8162171147329051,0.8317114804174539,0.8534900740590282,0.8521685536236044,0.7882991121986339,0.7217978897521122,0.8292496721769242,0.7028879218175459,0.8586978471506361,0.9161185091259288,0.8419875204366033,0.8774969862668838,0.6616246399233738,0.8187482800779604,0.7807483856068436,0.8256392903904112,0.7778703233041471,0.7864420532952369,0.8311116862098478,0.8702502787405139,0.9195821295859963,0.851466974492791,0.93596104741507,0.8350368345980198,0.8064893668328974,0.8390071794638948,0.8324915666991958,0.7818153559701834,0.8711991374918316,0.7564890605079808,0.9256976882006299,0.9034421484913399,0.88110553604628,0.7641833502853241,0.9079980669724449,0.6061754393398849,0.936040151485467,0.8400642905291187,0.840238086271292,0.738820721540236,0.8696308766734936,0.932371085982284,0.882384106948114,0.8393058765028372,0.8323967294970055,0.798252709422594,0.7331259525249474,0.8837846797703248,0.8994981168733165,0.9514704172083271
0.8769214728360372,0.0,0.8317421848392862,0.8155137003794084,0.7377705794141177,0.8394278300835758,0.8599185353673903,0.8061947709388055,0.8281558136789839,0.8928465941673123,0.8462670605176374,0.8792759317538934,0.8920157276897775,0.8675230527670602,0.8159366977317206,0.8507830765088101,0.8846555602582489,0.834942104413814,0.7665938566330349,0.8784889352511384,0.8163321836115258,0.8599011747557926,0.8295428039466911,0.8629111558425532,0.8621614940385356,0.8269008336117651,0.8426056038228162,0.8591013098056298,0.9174873049900105,0.7707977944750058,0.8614312534631267,0.8355335517354201,0.8873106377786439,0.8745042641782554,0.8807442457701279,0.8150471652431062,0.8643472788424857,0.8596982667385192,0.8224791228191517,0.87270849418301,0.8626157374568134,0.8149790788098346,0.7092126658780434,0.8386988916049105,0.913460417807196,0.8806057168632905,0.8300497253704985,0.8039754499186517,0.8715873766504852,0.8003692162777241,0.8041001240031732,0.8595087096883423,0.8398686993541743,0.8769254867841586,0.8380307527031674,0.8762753655226241,0.8423657802327724,0.7897155795602745,0.8184971953600629,0.8573896299979601,0.8023553654227596,0.7034364458006539,0.7358348822923424,0.7788976144385394,0.7027079942337003,0.7673958493348563,0.879040735274616,0.7986407628998885,0.7932189689347843,0.7526245860066677,0.8339369155209054,0.8309140461420241,0.7778651553217268,0.8467795746670569,0.8688093194561903,0.8600812486338759,0.7716759296160979,0.8678093824127417,0.8224218629554069,0.7365755417610513,0.7770539037435921,0.7895982129244528,0.8871393196602434,0.8334321380695796,0.7850710684651117,0.950113866222807,0.7236856826292891,0.7648621615905632,0.8669815714446897,0.9278038766075147,0.8124333734979673,0.8522463630881302,0.8294145967616824,0.8421405244689623,0.8732489929679178,0.9227148597582391,0.7324064919024836,0.8787435430332483,0.7207413858231632,0.9048297085014314,0.8524970869210482,0.6477881999165027,0.6968158564513574,0.7939578215869503,0.7772736844149042,0.863574989074363,0.7588090720243209,0.9073582074281514,0.893055047274873,0.8777321689749094,0.8379669718841053,0.7785633512425147,0.8049405215809563,0.8153774178051955,0.8564879031495345,0.9308337026295475,0.86263923623565,0.7562471328384266,0.8048889873550004,0.8143096452942046,0.8208158504918207,0.6968684575615086,0.8243876546271672,0.8911399558006631,0.7614397644437723,0.919701596238622,0.736934860719567,0.8757102607024634,0.8909818068596986,0.8517425952277893,0.8538923055266828,0.7462049435636202,0.7926328132145802,0.8555731482806491,0.8055985222578675,0.7595802962366173,0.9132995255428636,0.8827252074264603,0.8521948464499883,0.7797853852828514,0.8132056922804789,0.817848673786049,0.9363094562283613,0.7608251175782282,0.8916223607559468,0.8539692337337202,0.8549067351990454,0.8521215837947768,0.9209730351037424,0.6928165769392243,0.7866528382013163,0.862201493839402,0.8269819018889808,0.8547067484942513,0.858579842291708,0.8194021582506947,0.8343393465563024,0.8620111344786134,0.8542097417385727,0.7717864832238013,0.8199408059706824,0.8312517042547248,0.922854089264446,0.8389553109216304
0.7955602081928467,0.8317421848392862,0.0,0.80479632732908,0.8041980235216564,0.8214289663055626,0.8133860731913057,0.8180808616509162,0.7181826033396154,0.8685746544080283,0.8811427415145564,0.8500548360874746,0.876517575992709,0.6844226457115024,0.8167019813458224,0.8942825721004969,0.8748254489449218,0.8210756064741136,0.7407791179908086,0.7511745065601573,0.9162163154468592,0.917160802961575,0.7520564629669056,0.877022588272716,0.8307184096320213,0.8759156818483768,0.7514676143943567,0.769674157308895,0.796627709395615,0.769531365307268,0.7444102358976062,0.7780023292890405,0.8219982379673023,0.7293363594165396,0.69265662627179,0.6941787410346525,0.8621648240750097,0.7578825700409725,0.7933394204862385,0.834298231012261,0.7904872681878111,0.8194507956282059,0.7994350986736467,0.7996598996178486,0.8258064961617613,0.8625121134201401,0.794312289750282,0.8397595369026515,0.7980055781074932,0.7367429106302783,0.8358601315326463,0.8515931018263937,0.6850976575784431,0.866371592798779,0.7805855589670724,0.7506046087966066,0.7955108063785118,0.8505117136881137,0.7391449849093665,0.7175242421857924,0.8077879022732702,0.6203800546760112,0.8266885898838152,0.6173719160355561,0.6761747105152205,0.7819820847334504,0.8105134096485328,0.9002045691608396,0.8364688732191149,0.8238007868561454,0.855668707961557,0.6524059838395024,0.6804033072491948,0.9168557328124937,0.8248458580746438,0.6909167908898001,0.8562013725588443,0.8713641863819963,0.7990956351514965,0.7040205805788005,0.8220866882000837,0.7680074959788571,0.9015326791593502,0.7590020040607631,0.7024201708469346,0.8435286230685941,0.7356488761439719,0.6878413468571032,0.7405977535841107,0.8035326793475939,0.8291985768335819,0.6729608287766734,0.7616550022379077,0.7177722980151707,0.761252572373953,0.8610294239218774,0.6801914881799522,0.7274906178360532,0.5652669226447403,0.7675755600707455,0.6803840897479494,0.7548489557984392,0.6691839780445296,0.775795801678515,0.6685962622936983,0.8833428382356027,0.8052493685354992,0.8394888208660009,0.8387872178089002,0.8674732481132736,0.8293934258555838,0.6889298910710633,0.7503082810495969,0.7194108496561223,0.7484327667943951,0.8625855627622233,0.6956206536164647,0.7678852218156397,0.8290164946438492,0.647351889600961,0.7553701531891318,0.7104127959734828,0.6937755832053943,0.8924400797906998,0.6128623362635244,0.8830628735538048,0.6363648393384083,0.8300357352634321,0.7673490524159031,0.7944718221480925,0.7231998536615373,0.8615377379315288,0.7076207483543738,0.693792182989616,0.7902342889857433,0.7003900655683887,0.8259655701820714,0.7693303808723724,0.8148728515590666,0.7708760276223453,0.763314572381562,0.692057581259311,0.768087478837518,0.678755095516614,0.8231587159746592,0.7658372310024024,0.8415558395590036,0.9139256513115607,0.8405729787548591,0.5764899780023168,0.7236792049626045,0.7040094455963938,0.7949053435261441,0.8706204955213401,0.9031022951469354,0.831460783894897,0.8239253570852818,0.9298229171956478,0.7159475327177133,0.7172900390206097,0.8208663428697187,0.6533064155089136,0.8091714122235334,0.82248769989046
0.7728614820593482,0.8155137003794084,0.80479632732908,0.0,0.7049380250773455,0.7342879077268026,0.8478014470594039,0.8099434453835118,0.6804537435670691,0.801934159554523,0.8569755896876607,0.7899999940125788,0.8301570878329025,0.7557517764065779,0.8369720227025444,0.7804003822572639,0.8199725117156881,0.8442805499208357,0.7568275353391344,0.7265126720811644,0.7942706449934928,0.8205804908412226,0.8169925955178297,0.8171353843418723,0.7820696073814914,0.8598824957181459,0.8471544211377122,0.8592359963200437,0.8108686437056777,0.6636904866406867,0.757129657637576,0.7317767210638019,0.9500137905291401,0.7769480651477942,0.7542881555030594,0.7555558716014172,0.8052029965818158,0.7841014739639814,0.791774124383957,0.8819185754523314,0.8621965094872889,0.6758323595274499,0.7439440649267173,0.7906563400870527,0.8497503651774838,0.8546202162803103,0.6708168496682946,0.7662235838213675,0.8284780956129536,0.7462967830575135,0.8538744853049828,0.8167802173105444,0.7563668185994498,0.9203748662027738,0.8503261892958027,0.6643180963529944,0.7951882263750134,0.7792539893714977,0.8121215811418987,0.7750958441174353,0.8330434122358598,0.6289255177563984,0.7933307764989707,0.6508673523958189,0.6779642874891246,0.7699944371737534,0.8517071745885907,0.7566878696809017,0.8436110608053204,0.8141836631105118,0.7799837710207238,0.723630803395769,0.7227501595106129,0.9004845455428613,0.8133451952789922,0.7208611579643449,0.833249491776331,0.7946953737529379,0.8456844832804835,0.6395559618337979,0.7015199104680212,0.7743418939100634,0.7589180813172123,0.7845091364393972,0.7399353771850863,0.8167714329919651,0.7167653595238362,0.7660762190799675,0.7844923492097213,0.7458458577889443,0.8296811133089504,0.7200855287532523,0.7912235482018674,0.7523441798351025,0.8466990845895502,0.8122454855258634,0.6928009497132993,0.7213657101850421,0.5997173465780326,0.847810415036833,0.7444184104758852,0.7296472655759532,0.8038950049961023,0.7958345655971347,0.7349566076622237,0.7829346612227431,0.7807644754522566,0.7773208762457297,0.853924004654195,0.7426876325952289,0.8303910404472061,0.7356310715332021,0.7531076706924753,0.7673354916733743,0.8353141132643798,0.8312715368704562,0.7198673869846363,0.7154930431088323,0.8103664872377825,0.7069393375520746,0.7259720795724568,0.7893678567419332,0.6675748981168657,0.8355184560376753,0.6290484926762762,0.8805392353712544,0.6606393807179624,0.7852600311157312,0.7974966935278709,0.8265007124344281,0.6490468677524448,0.6976816895867624,0.7546467155995329,0.7408804936097343,0.7563159787003183,0.6685412589100076,0.7225498242865986,0.8397303582973803,0.8672934336511554,0.7672728436145824,0.9072232193553694,0.6638558694030129,0.8225450071611232,0.720495992840133,0.786157615408521,0.7563334955431356,0.736165272036131,0.8283726695321731,0.7477610121219748,0.5730156828819881,0.7815717977333168,0.7898032266608167,0.809924294073684,0.7583129847721681,0.8509149098237347,0.7878003289103346,0.80375033621047,0.8105168776218125,0.8736523719764873,0.7635311914279711,0.826285595711364,0.683700043823967,0.7610733309344981,0.7899896881916882
0.762762334716656,0.7377705794141177,0.8041980235216564,0.7049380250773455,0.0,0.6791187620577246,0.8531973950386526,0.6533764183500594,0.7022647482854882,0.6868195444484271,0.7901191358820056,0.8143834985218245,0.6978900679561815,0.634163443381402,0.8524646961216499,0.7736889925203212,0.7698384365804543,0.7901243883532298,0.7437683190127241,0.7070401548987005,0.8710170559108064,0.8411375731322588,0.7546143185463076,0.8428890699986377,0.7189791074921934,0.7886912746203844,0.6644180447392773,0.6389721709568316,0.7340899394880528,0.8101246257672029,0.7450849781864449,0.6976434045556343,0.7618240696516645,0.6655828543975226,0.7111546821206792,0.7000198301332099,0.7483065935346099,0.7268650765819112,0.8296768025286705,0.7642816668709802,0.8137905603330872,0.7387330365318927,0.8411042614364439,0.8392812106725684,0.7041139914560861,0.782141340573389,0.8470145375474857,0.7905178315695554,0.8075203192747192,0.8001408776516513,0.8532614200929096,0.8060204418486826,0.7264278801575749,0.7949966184345135,0.7554048813294262,0.6564156525266774,0.8082306056228586,0.7971812685976684,0.7119966782863715,0.7004473716917703,0.6222651598853917,0.614528896607873,0.7689378295238078,0.6395968373241121,0.7804735504916559,0.6811177996038603,0.6604854714692507,0.8079145557306833,0.7386983851550453,0.6771842050351881,0.8205634804250339,0.6783848820944826,0.5974075560765929,0.7748351033309291,0.6678068823713359,0.6621531456394035,0.7406718252252208,0.8730706870663912,0.729115493036811,0.6628466767026171,0.6993487269455344,0.7873135299766081,0.8407001514438106,0.6204855833835878,0.6902762731065584,0.738486833951112,0.611887408951332,0.7139394928837918,0.6354636618268533,0.6907136955250623,0.9019686165586379,0.6994715373519262,0.8399236481366662,0.6971329462005297,0.7468821583978099,0.7751191692587677,0.6215538962749956,0.6491814529883104,0.6126884308189922,0.6488418727203007,0.6635905905660762,0.6523931179465691,0.6957694142705645,0.7388736436608481,0.6598183084758482,0.7732876102523102,0.6876458964213664,0.678983147081102,0.8104501768220091,0.7522568147492771,0.8106865343927506,0.7640896361791992,0.6143449378850872,0.6102152425435077,0.7089229547972602,0.7488192521991311,0.6483624051952317,0.8177242065503721,0.697822674509636,0.5946781374783575,0.8701030417558872,0.6332983728238912,0.6395602071040924,0.8552546965674158,0.6396072077545972,0.7834039972148624,0.6024578508299656,0.76054745780318,0.6725001754226568,0.7756179555059454,0.6292215766441436,0.733713956843734,0.6021411610399148,0.6946276787366226,0.727272240815663,0.7889358333136928,0.7977338159292514,0.8050190315457086,0.7232859357976007,0.8244173807467742,0.6783153582369749,0.6642597913051996,0.750676041143869,0.6899334120133118,0.7819049477380495,0.7677226714206677,0.8660020801269449,0.7791986163559697,0.7357800565528132,0.5548484569217923,0.7051058542162572,0.7319561687763856,0.8185702573082031,0.7943956464216462,0.7952613003096108,0.7138185179304791,0.7011477939422059,0.7768152514121074,0.6872862953293118,0.6820567454060984,0.6691409363937141,0.6536685858660948,0.7573503901024139,0.840483123487123
0.8446656702153438,0.8394278300835758,0.8214289663055626,0.7342879077268026,0.6791187620577246,0.0,0.7118181190470583,0.8211558444293061,0.7832171346933935,0.7982774051267105,0.8291522104677372,0.8605756309671346,0.8838946074265663,0.7424880083513891,0.6752797237535221,0.9000757101820763,0.8683321892511761,0.7003428903626245,0.7795187933040485,0.8125764318354034,0.837489806612622,0.7593968248808994,0.6640256670132308,0.7363264599363897,0.8560339064943906,0.8066245042884378,0.6747681959137346,0.802264358498381,0.7826690995026697,0.7801282093743888,0.8008701311578037,0.914958240577307,0.7542012580510598,0.8547863722912499,0.7646960616867177,0.7356865381806096,0.8776741792286561,0.7969613316453521,0.7566618742084715,0.7013980818242177,0.7108543136210267,0.8493283207752699,0.7193643621384198,0.8252948677971041,0.8234939066193506,0.7824773884324338,0.7814489630360777,0.8382065060514725,0.7397093280201293,0.7239852877305855,0.7879223904537015,0.889769014703687,0.7029327673702475,0.8091954417936271,0.7856376884668599,0.8904495564358501,0.8035180319987278,0.870810374078892,0.6526650902843029,0.7439595718696177,0.8484510597516399,0.7329494169251666,0.8350223745903661,0.6720566856517426,0.642534456003762,0.8172675962168774,0.8052476013218678,0.8109029942650905,0.7102220856553907,0.7877674512009475,0.832741327150804,0.6970509307371943,0.8366052829723595,0.8121786653964416,0.9127632921635379,0.8304228367710652,0.7931559261564535,0.7984098950529845,0.7898752406016915,0.8541011186934613,0.9146163992445653,0.749385344691148,0.8378410025694263,0.8560284595462264,0.8382655031404613,0.8507084244295487,0.8562899069015973,0.7057377760359873,0.8385728318118083,0.8561594426386433,0.773598396600175,0.7780340542150521,0.7353297891100151,0.8197235687275435,0.7646597172843794,0.880804292548688,0.7708424087396222,0.8789887626122511,0.6805931265383647,0.8236810183284131,0.7607796272342082,0.7203018468696243,0.695008687915662,0.7155894444667401,0.7690006999243455,0.8519743525070053,0.8074360737263688,0.8558447281044821,0.7234206248720588,0.8545445169244945,0.8503678837191267,0.7274335842126057,0.9080829487655285,0.8207095024395266,0.7892401173516187,0.8463485959486083,0.8693191102252247,0.6945715190995685,0.8664728981284096,0.7880116702602553,0.7200123354371439,0.7427763542129656,0.8632805701001148,0.8561309416783953,0.7287892525027426,0.8588327726002207,0.7482800632516634,0.8295369987257942,0.846925061617831,0.6924811880722301,0.8469470354992886,0.9012401356990379,0.8139305395407275,0.8206263998656361,0.7658703818686562,0.6846422565305458,0.8519425570794746,0.6983097773733765,0.6723639092185086,0.7162978349910745,0.7338300010195562,0.8417540026935789,0.7942097445670866,0.7279537070997116,0.8565642291588488,0.8106999452313787,0.8079452076070953,0.7887146508663212,0.8630821157218914,0.7065634986094018,0.785210767340168,0.7674130984400088,0.7028811988524312,0.6979664503684546,0.8568863457360255,0.7942520292094541,0.7723536831496651,0.889343830278376,0.7048005293549447,0.830534042211627,0.709016352672816,0.8215561689115382,0.8612251233941459,0.79055781469551
0.834331711557843,0.8599185353673903,0.8133860731913057,0.8478014470594039,0.8531973950386526,0.7118181190470583,0.0,0.7204240313990158,0.7427444371033238,0.8461207279996951,0.85003473869481,0.856281234773486,0.7973108254714053,0.7202758530986968,0.9127863696106533,0.7840423760861879,0.8245977050579396,0.9086826071113455,0.7941172856813288,0.7665760871379264,0.8381462012185816,0.8842983236836254,0.9379669240115596,0.9253222318306752,0.8376871999232549,0.8065034587811298,0.8191679747637968,0.8060511226480703,0.8265411080583495,0.7924807088386691,0.792702542009929,0.7413794961628479,0.8674915531190941,0.7729253312620508,0.7813743339197803,0.7124377609795854,0.8193604899004492,0.7433102669543493,0.8132083419742684,0.9045650343113535,0.841757389391961,0.7847406054371853,0.7749387222530485,0.8277499159009671,0.8037399278609602,0.8648684209651303,0.7950781720433866,0.7821313778744363,0.9509603456757324,0.7628645569650825,0.8581122814964894,0.8013972904512574,0.7707341880255977,0.8582052992317394,0.8045740840732762,0.7222252598863202,0.8299618693111838,0.7680287347239375,0.8622337285233143,0.7593926860933039,0.7049919751452605,0.5939033170017725,0.7190489127260158,0.6546153004502904,0.7481018228900568,0.7165683017865453,0.7893953237087612,0.8188269314391148,0.8006217399865582,0.7435471292958227,0.8023167156777128,0.732896194326634,0.6577359327207712,0.8604379514412599,0.7256355829896012,0.7670180513236732,0.7890948073276532,0.8828942123463742,0.7593065724661804,0.6645823146806209,0.6951026734689293,0.7982500050476395,0.8772404040434102,0.6757285739551583,0.7006600668549829,0.8081314328930223,0.647224237939677,0.766224223147429,0.7501879753794016,0.7770934479322895,0.8681564706649857,0.7573641195909001,0.8376046049878694,0.7646246117501403,0.8222953209223057,0.8466180659232287,0.6135687082632032,0.7229704251849841,0.6071611441576147,0.7816931643041486,0.7282871749367301,0.6562817804979187,0.7360469365194602,0.8242541627081375,0.674079869818799,0.7883891425953292,0.6992818976728448,0.8135939250501658,0.8962383934179873,0.828958819074986,0.872943024837471,0.7352664851509719,0.686333541674743,0.6868079190838733,0.7619459012237405,0.8464427148115847,0.7489974377922622,0.840437332885734,0.7494469500092417,0.6530183276098168,0.805568558801257,0.6495771015618738,0.6810850738849653,0.9118546845798027,0.6616890316209556,0.864795339324876,0.6165748380030044,0.7820228457758142,0.737595564463457,0.827853683728504,0.693462697632642,0.6727062564712308,0.6756331657799886,0.7207304960245438,0.7589000791278815,0.7443760317768752,0.8341581149402315,0.8777436905318953,0.8550404719719658,0.8226715877118391,0.8006186594878998,0.6686015185655667,0.8680540384726098,0.6755711115489147,0.8057591728272198,0.8260829136532744,0.8162076169860604,0.8502572284286397,0.8123191257950302,0.5507980328998018,0.7592876682564889,0.824262210143027,0.8587942992473974,0.8623530877691881,0.8661902754234515,0.7895040006629669,0.8318041396393778,0.8417071822364517,0.8358576967961319,0.7418748310896035,0.7971922577876441,0.7149151217936499,0.8061116430788322,0.8688125354441849
0.8034998547105329,0.8061947709388055,0.8180808616509162,0.8099434453835118,0.6533764183500594,0.8211558444293061,0.7204240313990158,0.0,0.8268919605725685,0.7994078321653981,0.8041025336104642,0.8500898637660531,0.8700196719809891,0.728344176414465,0.7666607615313532,0.8475461233694328,0.7897002462046518,0.7799846138295912,0.7616799224205619,0.7916370491347272,0.7740865279459911,0.7908514693066768,0.7269486593040279,0.7300576725798086,0.820190756025362,0.8134936352688419,0.8207727926014816,0.8147895131125235,0.7184127266785849,0.7688079761059311,0.8541515578876366,0.8290787649715052,0.8240244763771933,0.8176607353166085,0.7343715419562904,0.7608563347878442,0.8537567146100403,0.8268454048601844,0.811670372508563,0.7345133403277093,0.7408999180418685,0.7340241914028722,0.782252383041789,0.730556643938477,0.928264939188106,0.8789105767376111,0.7085512503218789,0.7506829638330739,0.7484801791666,0.7622901454118459,0.8071374788766877,0.7730143579453423,0.6879113480657255,0.818948361180051,0.8061456461101281,0.7589509659186915,0.7936065851383803,0.8723420294740138,0.6875980617381305,0.7882527696263475,0.8915613591420831,0.7060493823677376,0.8130682022937606,0.6591504547999065,0.6526904343991179,0.8140234019761897,0.8431191124305577,0.7921298428326672,0.8480601213599986,0.9255688481226492,0.8287072859955333,0.6982613459582824,0.7355981134688804,0.8603009641944003,0.9083779515026225,0.7451148437579097,0.8451826544698932,0.7448824159963965,0.8977088259907993,0.6328737833669084,0.6985059646888585,0.816928991916157,0.8064830767268583,0.8339887854063137,0.7602338560420208,0.8895531220987786,0.864774845061145,0.801135258995838,0.8873852503656452,0.8632778177666535,0.7896339050155151,0.7631468304602506,0.7398524138947707,0.7398237760889536,0.7440838154780642,0.8474004709877946,0.8083247702122958,0.7826637518877808,0.6220588286034411,0.8494398747835457,0.7375554681057988,0.8669006523838461,0.7562914818405583,0.7623249840329491,0.796740107281909,0.866273537418465,0.847310459763188,0.7943393415242798,0.769014530191012,0.7377656934729916,0.7642381249584799,0.7333869700169189,0.778550832615318,0.8950459991297377,0.8033417218158357,0.8209337102630913,0.7257693573293683,0.7219247076366493,0.7080351756422754,0.7469286782663994,0.6922907585131511,0.8925272947929997,0.6830567729185366,0.8065307863324825,0.6279113591330706,0.8555269326291366,0.7112356257424123,0.8911139898836199,0.7750581612140325,0.7738637825697722,0.8002079159530213,0.8067026202808166,0.8186602494830455,0.7586602254113817,0.7729889729921067,0.6320251822157164,0.7882366669441125,0.7406047896227226,0.7868400413536436,0.830802321975231,0.7795149722373759,0.725651994687271,0.8084582481723959,0.7550791387302305,0.7859765496081056,0.8115982965728982,0.8170826081707032,0.8064353708423312,0.821131650228124,0.6240876203649098,0.8175175854973119,0.6980017663535509,0.7768395234207449,0.7599259584712703,0.850944247334692,0.8579683833229917,0.7627238408101242,0.8289695558580678,0.7077082436438153,0.7414774709232013,0.6878843447125423,0.6859553053980983,0.8683056092731508,0.739966784614394
0.8925678596957201,0.8281558136789839,0.7181826033396154,0.6804537435670691,0.7022647482854882,0.7832171346933935,0.7427444371033238,0.8268919605725685,0.0,0.7390787107838678,0.7501386280622596,0.8531771198192043,0.7730666261816925,0.7154898207370659,0.7880753915233273,0.7511112170081844,0.7101279844308218,0.783902782702632,0.7851027419209313,0.8815519737055065,0.7521549096965068,0.7941902087486411,0.7124092121270691,0.746546446967561,0.8429557373120933,0.7079795933236529,0.7126226839696591,0.7154169387890821,0.6898184372095878,0.8198931335260342,0.9433595829308963,0.7888115188483729,0.7395998105875351,0.7857008573455297,0.8362409237540738,0.7339255417953491,0.8309163587566405,0.796482475985094,0.8091529786195995,0.6756933457355625,0.7069894024623309,0.8220824571039299,0.7619759762084903,0.7770038058311395,0.8401760047642745,0.7883722225432993,0.7696620180638548,0.7524056142493459,0.7737514141512414,0.7769781321383448,0.7524591744459699,0.745405622814967,0.7142450314270382,0.745751493424412,0.7340324224039897,0.8427726614101527,0.8040450488948626,0.785366811433483,0.6995698685239727,0.742147513931152,0.7366900540275515,0.6708163285060416,0.7219751021350437,0.7020108848499598,0.762283556663618,0.7533987803468856,0.7697666080706348,0.7952805967783698,0.743872442378134,0.8017637258693068,0.8528072424933703,0.7431016089197426,0.734616644350905,0.733149805795247,0.78038667144441,0.8088854002884427,0.6954081224222916,0.7125338136664787,0.7843866758440747,0.6400476848635065,0.6821096560869593,0.8965100798181888,0.8384358407632947,0.7236406812873928,0.7434273269792248,0.8735143075275051,0.798250460597906,0.798764963049491,0.7973604631190152,0.9034889353008358,0.7680400527595064,0.8655869198389678,0.7315291139976157,0.7680873287246476,0.7540596935862539,0.8739936558973322,0.7692573197925947,0.8245607883227801,0.6943758392843173,0.7557441128039306,0.7575876826303146,0.700975895906771,0.7244242512836117,0.7742135146742081,0.7802303098241073,0.7717014678723608,0.6799680725987409,0.7741991518633821,0.7144768048182285,0.7778189021682435,0.7650119314879741,0.7704937681218349,0.7414414409655798,0.7665243911100122,0.7345529807016026,0.7642123478084091,0.7720700647483032,0.7662228881744274,0.644496988902511,0.7260634008329166,0.7475620078592656,0.7144039819648818,0.750927293916167,0.7945411600437122,0.7690349538235851,0.7773032589773858,0.6659787507001401,0.8131168543777947,0.7090503347624091,0.7479090444631323,0.8579743785222157,0.7226978889311104,0.7407810170029706,0.8356713617119019,0.8089742807116959,0.7411318637058445,0.8747392201327194,0.7546291162723702,0.7234587970413735,0.8366183875111701,0.7230643028728704,0.7425498617728109,0.8470069062501806,0.7607439064809721,0.7999441440702628,0.8938605923633576,0.9056819435555928,0.6891035150041334,0.8659638865652882,0.613573672943976,0.8546188123058954,0.7433650052084776,0.774909066725825,0.728670779132494,0.80318550288731,0.8503584155767145,0.7325623794985591,0.7577457310581418,0.7073961485759024,0.6770816498279629,0.6162533812600928,0.8012066430699574,0.9357063872563046,0.8060110176977531
0.795917789693894,0.8928465941673123,0.8685746544080283,0.801934159554523,0.6868195444484271,0.7982774051267105,0.8461207279996951,0.7994078321653981,0.7390787107838678,0.0,0.8200620214524251,0.8434362251056637,0.8678086432203342,0.7215829377681915,0.777176831355682,0.8140162845894986,0.827336480476438,0.8168799503130056,0.7434670349487306,0.7625824725795342,0.7830311013032197,0.839525341571486,0.8428959582758134,0.8382074797141164,0.899139254561083,0.7663892245897201,0.8223775253739903,0.8544380605007127,0.8365313590254977,0.7547356923454528,0.758559870015346,0.779102786252482,0.8074317025942944,0.7920619139579878,0.7243154668419778,0.6739601238067784,0.8378725958607631,0.7200470418967937,0.7232068582173571,0.8345958801033492,0.7407867914457577,0.8277695655167908,0.6878312186914688,0.7382408999105704,0.8352717076562911,0.8261600190583317,0.7479215552040265,0.7547355158164084,0.841894438334042,0.6667575051308524,0.742496566731965,0.758132053923321,0.6781615795758665,0.8009892666862475,0.7533824056625305,0.8096680658808487,0.7376691645616432,0.7599698116807355,0.7839676645103417,0.7189999967841021,0.7820842017149855,0.5901927032801093,0.6848034859960488,0.6285288029811819,0.6194176906339302,0.7126094755716468,0.826431868996171,0.8074151270526232,0.789638292486788,0.7888925882936103,0.7486951605076083,0.673818167641598,0.6832202723586943,0.8410562554423964,0.7967940443810244,0.76527647561224,0.7713015151780803,0.8125309947863479,0.7360461591647649,0.676946159130962,0.7490142720772529,0.7093691987065767,0.8695205837312638,0.7453423439407262,0.6652540166333942,0.834237564815147,0.7077831689128723,0.6864054087538288,0.8126723900259709,0.8369020076877229,0.7349680421121143,0.7181787867785231,0.7205484394499789,0.719792477998921,0.7341723425617237,0.8757878275127969,0.622532820202534,0.7920379402128128,0.5735054038188029,0.8200018497410834,0.7047327790079964,0.671810978574521,0.6559745406882548,0.8285978030701882,0.6460874123689417,0.8027194989729538,0.7177318569470176,0.9366945541076701,0.8168435506792949,0.8678403363995283,0.7988053744254764,0.6370311428390588,0.7507535699245322,0.7501773408763608,0.7228109518707606,0.8589649074898442,0.7802054292242915,0.7570044484238803,0.7873690961901695,0.6854047772394893,0.6754350743200599,0.6575173436909051,0.7078205868155183,0.8444679321853047,0.6278446810118893,0.8722258896398273,0.6217378906983778,0.7808112210960001,0.7838921467319078,0.7537985069302031,0.800231194042925,0.7080859466962993,0.7159989681940352,0.6811369390598776,0.7417407036855295,0.6452004905332636,0.8314003916530421,0.7574591291481099,0.8323696416233022,0.7271039928323543,0.7866600129027037,0.6854079273942929,0.8034054585863376,0.636301697804597,0.7814060151422826,0.7816692481073002,0.7563553120157809,0.8731262255164428,0.8971946546565754,0.5831801920442095,0.7098242495276031,0.7609275309676916,0.7451743674732184,0.85756446890776,0.8830259809398066,0.8062727939692359,0.8417664461904257,0.887969407400726,0.7658073385220964,0.7112702030370648,0.8543001187849669,0.7018436138062744,0.8240008574524716,0.7641199037396276
0.9102443656129172,0.8462670605176374,0.8811427415145564,0.8569755896876607,0.7901191358820056,0.8291522104677372,0.85003473869481,0.8041025336104642,0.7501386280622596,0.8200620214524251,0.0,0.8495831327473017,0.9196539372952575,0.755376365843111,0.8621733130727687,0.9028832858162062,0.8876788156112794,0.8961731239404086,0.8286182976512416,0.8628676453171624,0.920120565619518,0.9211400461811672,0.7750280602865129,0.9093230491367041,0.8889129250860546,0.9007671340507545,0.7589026957473035,0.8575871046981137,0.8509581533685343,0.7438328478455057,0.8248861728797718,0.8366348110752226,0.853418338337589,0.7985088659546435,0.8140136516123015,0.7379704694525816,0.9532453558700538,0.8379495166997591,0.8831895536444128,0.8558593077005079,0.8099496252193661,0.7734784005036273,0.8631592108341993,0.9175534772703068,0.8627773681297477,0.8695228260824873,0.7240172626895173,0.960380864813785,0.9080231117873719,0.7960872154994163,0.9087418820418257,0.8642924014090042,0.752755615556938,0.9367158652869181,0.8932150412451977,0.7264772853404371,0.9134235186684478,0.8297936566651568,0.8341281123196677,0.7590456565209354,0.8889919331059642,0.637892497160457,0.8788850044622046,0.6699816443599956,0.7799119552455258,0.8973567045554137,0.8953944795593609,0.9032154915149216,0.8673363692217108,0.867913332553953,0.9172538952325832,0.7584446908228387,0.7931483986311555,0.9402953368617389,0.8578548500690767,0.8222564296014226,0.90731388687519,0.8516760241047827,0.8604143080489896,0.7810092719928851,0.8425408698974651,0.8215224691701869,0.8608711841256654,0.823848150997844,0.795919149047873,0.8500971133685727,0.8267608843512051,0.7897019016000648,0.7777470774087858,0.8014120550085394,0.8543089024646079,0.7095056383640651,0.8388374206408776,0.8694071627347173,0.8764268190339295,0.8895041439052818,0.7448985186026497,0.7263951052827106,0.6200525562263155,0.7999047907719717,0.8082154888205261,0.789407154379666,0.7399603059872988,0.7625936387137869,0.7502056928154028,0.833529602381313,0.805931576873195,0.8188078009903912,0.8297277123906822,0.8966647883915766,0.9342425188706865,0.7799345579800459,0.8456954726824035,0.7763401839108562,0.8306814917698417,0.8376774610064408,0.7761779970822859,0.8626002167934562,0.8616649366683242,0.6792051435732074,0.8281475788239049,0.7300435849989522,0.78378655927485,0.9435653171268537,0.7425876912353035,0.9396345688856766,0.6391802455314257,0.8230453035691202,0.80172538027305,0.854221271904399,0.6827890622523073,0.8280241440113099,0.8380447883452681,0.7977549822931427,0.9136163315706184,0.8185829208193489,0.864905358654636,0.842537988611289,0.8544775019616079,0.8297173624203138,0.8776729404231398,0.7485180450154065,0.8115077623744502,0.7353065440063672,0.9333348323394552,0.7975964960034972,0.8231934492312242,0.8496458603237644,0.8518287268945319,0.5870315742144894,0.8817403220526663,0.8263725620310151,0.862474507556347,0.7527164627972667,0.8883430089318936,0.9137118343867523,0.9252906422212874,0.8747374578843699,0.8521049319394315,0.8332004902431696,0.8050177649496688,0.7805539456173625,0.8125725654833635,0.9407200559115516
0.8673554093828102,0.8792759317538934,0.8500548360874746,0.7899999940125788,0.8143834985218245,0.8605756309671346,0.856281234773486,0.8500898637660531,0.8531771198192043,0.8434362251056637,0.8495831327473017,0.0,0.8278713334839731,0.7126574126065169,0.8264310624582035,0.8840768406651405,0.8647449816561159,0.8067514011032136,0.9019153460234297,0.8295990733930003,0.8949169769447359,0.8480789960376762,0.8230907701627557,0.8260492161869422,0.8940785938968144,0.8012542902735336,0.7662551302473101,0.80918160709288,0.7981088347530233,0.9179905691509123,0.9010658926504329,0.8780252151016795,0.8304148003462861,0.8685842486485528,0.7957888364347734,0.781278829371746,0.8585644928957875,0.8146643958528893,0.8817647465409844,0.7662318913667719,0.8081709102431212,0.8557230985619798,0.8266513795072793,0.8493121287333367,0.8649461878039079,0.8767768102565937,0.8513831655613072,0.81210641893515,0.859246843924669,0.815660309689773,0.88209071770217,0.8623405029423216,0.7608280848707017,0.8668764797110827,0.8430943020862717,0.8160776483870065,0.8751853355327157,0.940010790020005,0.7270172031841197,0.800728912395915,0.7714589243557453,0.6923417264213405,0.8144181167894256,0.6879579415274205,0.7283663590016419,0.7707868174869821,0.7684863824858559,0.8176885862313908,0.7815701386765371,0.8168586076808964,0.8503483644301116,0.7232159884735564,0.7110034554562674,0.8531164264319349,0.8557892559415937,0.80264442615318,0.8159904048818108,0.8648548866648131,0.8325954050045892,0.7065367316742811,0.7581389770527281,0.8562053282126516,0.9115428164266749,0.7479485652440899,0.8032423497282747,0.8809682019233201,0.7663530994056698,0.7959159670894993,0.8421560131083248,0.851408807249051,0.8901091874711831,0.8514836252744541,0.8505510049421622,0.7984367570912851,0.7771535049633929,0.9136800619057928,0.7369252472778286,0.8447774263240521,0.6646843889078401,0.8075188218173864,0.7467121298286108,0.7557721969678654,0.7751961713483533,0.851409162784794,0.7730818921726932,0.8697222579993215,0.8068601407993977,0.8478603746249135,0.8200290629024174,0.8322503956652431,0.9046847710170056,0.7875579530340894,0.7438901561053735,0.7995331450885487,0.7899593917381497,0.8587384260703101,0.8278129012134098,0.8394512621037545,0.7696667765370978,0.7234423093619043,0.7909864288600815,0.7531069106793821,0.7401959339257955,0.9170422295675005,0.6827796380614376,0.9050062181216918,0.7008179383848574,0.8825810636561969,0.8081154468301164,0.7618168122409049,0.8279519186034716,0.8155553562606209,0.7271873485348852,0.7987203754864197,0.7880411984357114,0.713086099904179,0.8995510998431981,0.7916479323286766,0.7632028673660821,0.89505596269976,0.7507243132059999,0.7713097229975351,0.8869154618964977,0.7683620138518369,0.8459432122824385,0.8896324303194659,0.9157408919440645,0.8409646091184289,0.9104996005956182,0.6409382184307999,0.822753009738486,0.8230626618394785,0.8549208010432281,0.8106136275166864,0.9441216830797635,0.8138495279677681,0.7743057170300929,0.888266759375135,0.7282059885611922,0.7812542046199917,0.6881148610769837,0.7649079438472335,0.9289666036320426,0.8396343189014517
