0,1,2,3,4,5,6,7,8,9,10,11,12,13,14,15,16,17,18,19,20,21,22,23,24,25,26,27,28,29,30,31,32,33,34,35,36,37,38,39,40,41,42,43,44,45,46,47,48,49,50,51,52,53,54,55,56,57,58,59,60,61,62,63,64,65,66,67,68,69,70,71,72,73,74,75,76,77,78,79,80,81,82,83,84,85,86,87,88,89,90,91,92,93,94,95,96,97,98,99,100,101,102,103,104,105,106,107,108,109,110,111,112,113,114,115,116,117,118,119,120,121,122,123,124,125,126,127,128,129,130,131,132,133,134,135,136,137,138,139,140,141,142,143,144,145,146,147,148,149,150,151,152,153,154,155,156,157,158,159,160,161,162,163
0.0,0.8984603716047921,0.9021372229007509,0.8132516797929774,0.8837639706552419,0.8979908106112984,0.7970668964231342,0.8799493043600012,0.8963140043531769,0.9366462632488667,0.9403381763598907,0.8529667024753878,0.9625981901895782,0.8337490308278225,0.8142762093823348,0.9423418009868226,0.9471346411428783,0.9490609853393929,0.8753172415351813,0.9210786112470133,0.8839052191795973,0.8990932007945031,0.8658983617217052,0.805928725993015,0.9327416982970137,0.7690705438846535,0.875711494095301,0.9482313896921398,0.8670111300144369,0.8900876708793392,0.8232473128984851,0.9296743448843208,0.7726150219199824,0.7872185061359156,0.9287542937676605,0.7990922161290789,0.8920585638395341,0.884002735393005,0.7505889882037987,0.9047178302158287,0.7810579681235867,0.8973321004783489,0.8532490204109539,0.7974954267816537,0.846220289618921,0.8262411526650563,0.7945997414811419,0.8640308527631393,0.9002547805465583,0.8834186626748796,0.8832618966622477,0.8518802366259562,0.8276851287938881,0.8150582204094097,0.8473350838241249,0.8205266979372545,0.9221744665444879,0.9167575770627513,0.8873847461122507,0.8473360498297521,0.8551585849876565,0.6998928987377677,0.8920982012732364,0.7582160829234245,0.8019097604942945,0.782185687561133,0.8059555947730948,0.8144820316288892,0.8547975076037057,0.9099709284006695,0.8630910248608126,0.8221281611929153,0.8960441543130966,0.9304973280157114,0.9264856568128945,0.78970232658815,0.817844806262583,0.8371614026685148,0.7621716997974415,0.7403266543395377,0.8234326027805993,0.8450285104746315,0.8875212702024182,0.8579889301738475,0.9022667824070798,0.9006853190751916,0.859315170414466,0.8785509301203909,0.8867651440910029,0.7300357540853499,0.9181387294475676,0.7633740697856232,0.9154478937704295,0.8338462615049951,0.8995053397649188,0.7702188914168524,0.6821641012297779,0.7755652600060956,0.7167348443468692,0.8530244545958383,0.7315096403041242,0.7381111842170539,0.7230317169639036,0.7283066538901246,0.8891261419459618,0.8467129126458718,0.7949382394549204,0.9263342307869994,0.8268012413282163,0.8300154162026306,0.813508357980396,0.8681717085964219,0.8954854044370962,0.8611992275454626,0.8633827432898409,0.9515737922334399,0.9060461183433172,0.8767645407669461,0.843584988003645,0.800514804397103,0.8715159634515681,0.7512635427510851,0.8568798253952132,0.8504427201785054,0.8541788694736183,0.8091650897163055,0.7828084315147062,0.7544625692442862,0.8354029191638819,0.8196907368436337,0.8706836896011679,0.8662160381094663,0.8202883022546005,0.837901420170367,0.7972442796902666,0.7674483104629859,0.8418437700983469,0.8509309630650604,0.8913542848587587,0.8614699201317639,0.7579837546472257,0.8276809271749329,0.8898166024469985,0.8191025232959904,0.8517878384917023,0.8311503158279379,0.8386620885415611,0.7902594695909276,0.9435494913006586,0.7099426327502183,0.8701333608265178,0.8540814081536252,0.87464153268995,0.7785578157785787,0.815297039173563,0.82360659515676,0.8814532170493992,0.8588841020056288,0.8178677624642744,0.8681917760993519,0.7458591208773284,0.9008432238635324,0.8720162172695364,0.947061791193412
0.8984603716047921,0.0,0.8538972279910301,0.8449182227509194,0.8200453607822317,0.9433087887976014,0.8142527972809813,0.8545295594378683,0.8560730083501953,0.8908899279925646,0.8392193763885464,0.8890399881388901,0.8800343788584025,0.8281353082264616,0.8380111518870242,0.8359063182750307,0.8659266340386079,0.8060886802624261,0.8531372762145769,0.8442972735878921,0.8723872976100304,0.857343045651282,0.7896798783093932,0.8338831917947561,0.8548223197260504,0.7559446702292412,0.7917184458605678,0.8471863865797956,0.8866235111700977,0.7899621206386749,0.8619637329570211,0.8621152575909421,0.8595364757769189,0.797434964050474,0.9170816747967367,0.8563666916498598,0.8195342148776599,0.8145317231262061,0.8024624027839594,0.8993256643000622,0.8765323296980332,0.8445898869529286,0.7300567002628875,0.8338373632802615,0.8511246682378831,0.810440804924303,0.8176870875128313,0.8116623163680624,0.8110396961504892,0.8470276215637204,0.8641050494135868,0.8918962829377189,0.8608164694126297,0.8833949188791648,0.8396985716957546,0.9047827877023579,0.8617896213071456,0.8611138242034841,0.8122158744292339,0.8717466070627424,0.851351542259845,0.736470085630313,0.8305819314414912,0.7434437239724416,0.7799031528811365,0.7481420199792789,0.828741254453387,0.7528976971683701,0.7103660479312284,0.7860496049258613,0.8559555777546447,0.7997014745074559,0.8344950433139635,0.8759561474279839,0.8635618470446097,0.7684274693344285,0.7613765453338593,0.8507308285287588,0.7434347036618894,0.7536910868822991,0.840375461409223,0.8773875926189396,0.8947988947613915,0.8217571706102432,0.8622723086696874,0.9149219687500408,0.7773348641828282,0.7808711098618821,0.8548968779261343,0.8373733059808381,0.8391564719431623,0.8697253495214009,0.873782676709263,0.8346301602417071,0.8866064799336417,0.8167186038279339,0.7408118495214292,0.839378325175983,0.7569963377995235,0.9039220034695227,0.7677109743326694,0.6663516037560487,0.7127729398170205,0.7361539966189873,0.8606105413081285,0.8208096236835002,0.7868427065246472,0.8501082837157925,0.8593985555564497,0.8622402378333534,0.8319043076164782,0.8278583747167221,0.8889559295882307,0.7712806976423686,0.8584838379180401,0.9425960109687185,0.883939045449985,0.7333179806677813,0.8429502261050368,0.8139651317589134,0.8418645447864745,0.740330731176302,0.8540371176565541,0.8743784380108771,0.8568033865995149,0.8427484467091582,0.8305495725890593,0.8035698085917226,0.8792189825359922,0.7833176324836589,0.8366676446197177,0.8157069552187582,0.7560517247411039,0.9081181970113859,0.7958067540200415,0.763675300917799,0.8095290800166617,0.8777151580992658,0.8000612220294602,0.8093094093150022,0.7663001035029304,0.8151234754482946,0.9530015556950326,0.8252681044400945,0.8485233806978735,0.7892886688941867,0.9085410451680842,0.814074022226413,0.869129705928499,0.7240379447615111,0.8362819749187115,0.8497500113168527,0.8123661169270536,0.8091340622748724,0.8265319809530945,0.7859094416630656,0.8128359220882277,0.8857013354449917,0.8454205602367835,0.8011970423163317,0.7410899567324627,0.88788919789699,0.9241377327021504,0.8747139149739219
0.9021372229007509,0.8538972279910301,0.0,0.7886565896527694,0.8989977087306583,0.8594487288991017,0.7061310397547194,0.8711745747335935,0.8969218161371281,0.843856584619015,0.8847304194444356,0.7812777179216248,0.8815711742085852,0.7857591355160386,0.775158269482275,0.8731860217563293,0.8994805045878448,0.8934409392037926,0.7876597644810758,0.8481852336598598,0.8930676218415498,0.9676937975265936,0.7424300266136251,0.7621798010295593,0.815226311713715,0.7466802173215175,0.8092062675697198,0.8413880834353993,0.7667802626450838,0.8059145638740689,0.7266923403953024,0.8002315624775619,0.7492069369795034,0.6732384988301103,0.8352065229319932,0.7775965396322924,0.7820429488566053,0.8545805040617261,0.6994701698110454,0.837775332410289,0.7772907404226476,0.9213054865027205,0.7836210032243862,0.7328167154725292,0.784827322157985,0.7473582319190778,0.7626395502189172,0.7883777216952835,0.7548461648195074,0.8705798836792389,0.8169135436830098,0.8481177604221306,0.7932753952918303,0.8044279344075524,0.743378499101725,0.7854894700460391,0.8405722553591125,0.8962406528092518,0.8201259372976016,0.7708009321226224,0.8226217327336318,0.6692922667820128,0.8983760286099777,0.7421143583650435,0.7855645592472571,0.7330713260992503,0.7599715928187611,0.8008321196263928,0.8627493461702318,0.882541174669322,0.8731763029281601,0.7124070384597674,0.8861192589041202,0.8965740709619577,0.9183792804595965,0.6306544800362391,0.7487144783365943,0.7510529917087257,0.706701936972737,0.6106296248144415,0.7988495347239604,0.8828148581099788,0.8295836025933551,0.8131046133598427,0.8398562815588145,0.9003542863994481,0.8018002285940135,0.7681473486548883,0.7439316981637515,0.7126850081606039,0.9020283388596254,0.7071591688181594,0.8087222303694541,0.7178643753156936,0.902024005386394,0.7214572393895551,0.7069574727638409,0.7393624471875321,0.679293253885123,0.7684992433391356,0.6221109505040393,0.6985283077580347,0.6791626675148675,0.6957056709882599,0.8448246383890105,0.8085904006842596,0.7609439698580233,0.8696321860242524,0.7545382716866885,0.7719968812006723,0.7373647515832399,0.8393843602446625,0.8439682490717785,0.8137580925914253,0.7785654556055265,0.9154804538419626,0.7651468967416487,0.7477549922588316,0.8357214636749862,0.7712610728880942,0.8394097379496719,0.7385384694433352,0.789213893965887,0.7428297911687693,0.7752312454131486,0.7086895943480522,0.7859225807880179,0.7115066655963718,0.7796298739295623,0.7843780018348476,0.850531010765041,0.9332128891439334,0.7128644758459511,0.8338250723322803,0.7947264697376015,0.724099283662933,0.7217637008220239,0.7723567513804694,0.8513376820766845,0.755449208560676,0.7046548923087445,0.7657831926162946,0.8445613091185086,0.8707489742227916,0.7618304221467291,0.7702877176364823,0.9001171167174473,0.7077865253279468,0.865429936820844,0.6938532352991766,0.7696498725435122,0.7348455535947782,0.8739587629143422,0.8058930501165474,0.7702192630482309,0.7753638293710782,0.777062809708005,0.798358298553215,0.7257607043456205,0.7216686018998653,0.7037176384430185,0.7618195346758366,0.8310033845208732,0.9076003852479996
0.8132516797929774,0.8449182227509194,0.7886565896527694,0.0,0.8087101019519626,0.8832931841441706,0.8755208696435636,0.8142268000511432,0.7287807687014636,0.8359302665862799,0.8374693438196976,0.9016754131264528,0.7685567361929585,0.6969047871477458,0.8871757703632679,0.738439820772643,0.7725573251759261,0.7485923190828957,0.8795343887494715,0.7023767175978182,0.8598558062368321,0.7922418350429484,0.7815685525888291,0.8037907198100277,0.8639091660679178,0.7936184648122441,0.7236099839503103,0.7945471056632585,0.8220945095741329,0.7027124913764542,0.8348749124435952,0.7663389349776283,0.947467080840478,0.7768176604064855,0.8434417724457611,0.8118283293297721,0.795702560476828,0.7235598476580248,0.7938026023074767,0.8395208170308182,0.8931139945709416,0.7658072616524929,0.7596256807046613,0.9242296082272327,0.7797861991443112,0.7265030068397385,0.6904863560071299,0.8490543542904497,0.7956938551660259,0.7438879048719317,0.8952377752682446,0.8871081711100621,0.7315913533150197,0.9412950664813594,0.8777415606343325,0.737834903574567,0.7765013055501556,0.8681667305472046,0.7632610941399056,0.7319858559248622,0.8195062964328867,0.6288917902849083,0.8472828918259888,0.6292227054616154,0.7250928166829362,0.6921924436154552,0.7748640939452269,0.7239435628711862,0.673462752405739,0.80756052495292,0.7895663411103933,0.6790719970209101,0.7853387618285043,0.848868562833759,0.7636846491212664,0.6892745763794349,0.7491387916133582,0.8136398914797575,0.7318719321076831,0.6761983261298498,0.7881641827883481,0.8849653167580533,0.7761838083668454,0.7387907308488514,0.8203602984125211,0.7827491431925965,0.7959477147410078,0.7563857395529984,0.7593860168623388,0.6901575776810173,0.8481979746520247,0.8613718330029375,0.8189310278588638,0.7357570413365819,0.831909047681202,0.8531535615324618,0.6705390738211366,0.828641536070272,0.654295220252509,0.8293410093186611,0.6839413504628435,0.6991535263070325,0.8786775985882794,0.8571356790971066,0.7937666299020882,0.7038974181459694,0.7289132503743928,0.7836779541910808,0.7690665495835357,0.7787121857963633,0.914602822058944,0.7990970189966318,0.8608733397661814,0.6985192069238438,0.7979971993044491,0.812013053782127,0.8104072283698106,0.7041720161366651,0.9133342999639065,0.7406518687134549,0.7016226511352074,0.8242946262659554,0.744621292512319,0.8535946265865514,0.7318322387328041,0.8669799065308238,0.7139062670197133,0.7051320275569309,0.8406607952802547,0.6923811680431438,0.6827023160113528,0.7154272883891641,0.6755614480304242,0.8378157809772222,0.7606698383246104,0.6445467080136077,0.6748667045757516,0.8422871699877852,0.7586728209856671,0.7906716922273693,0.889998282763169,0.6759774372234706,0.8546086899086811,0.7864511082632984,0.8005874170041131,0.8007911073269979,0.809417356384299,0.7298409296722121,0.7809045840440181,0.5995628448169287,0.8846670533433081,0.8368742428855497,0.7391784514560648,0.6716279051361776,0.9180409509764806,0.7522964823045274,0.7382799548861166,0.8823725463464152,0.9248051229524213,0.7795656713609029,0.7176115994382511,0.8143819807787736,0.8291037022035469,0.8446527862317709
0.8837639706552419,0.8200453607822317,0.8989977087306583,0.8087101019519626,0.0,0.8169365366188848,0.7872357435652273,0.7810181306894912,0.8638014866027762,0.875320351648026,0.9154172989539683,0.804899834143032,0.8291671365728862,0.7830454714805061,0.7552488771979013,0.8642779556556712,0.8902678506900487,0.8838452250917208,0.7939355093900381,0.7728330259319056,0.8253438598958447,0.9024799673789187,0.8334911469724035,0.7299600734976591,0.8426031544385324,0.7191560246581508,0.8696227384729569,0.865338694816121,0.8357267181938826,0.8842044754056664,0.7152909529863382,0.8023101694944588,0.7446065070584458,0.685574857113654,0.84842794437823,0.7560164012599182,0.7775998152251797,0.8293435169308802,0.6778653989416191,0.8360217983550656,0.7473936081156786,0.9291503805733837,0.7477511764586372,0.7496931627596793,0.7197791833611284,0.6855064424394839,0.7435805173059452,0.770246873435428,0.8238549523344786,0.8010900915922551,0.8056783243330962,0.7943237957525985,0.7425931742724312,0.7651713475922721,0.7740661778345916,0.7573070140546053,0.7980840793224214,0.9211163964694801,0.8003490253613403,0.7414583356330332,0.7258681974533898,0.6338017599137662,0.8163687292920152,0.7264362579458337,0.6941001482957493,0.632221106779464,0.6957084490514491,0.7451220501872361,0.8523186203297777,0.8570899965590638,0.7560938479531971,0.7140858148531165,0.8458118886295015,0.8459561092288221,0.857808049843887,0.6407602298811265,0.7405421061761278,0.8402362149145775,0.6415825594211495,0.6364981599239714,0.721139984151016,0.799243549781705,0.8315171578465825,0.7461418230400525,0.813573087537988,0.8101282331868623,0.7507496610807606,0.7827492823552326,0.7374522090831093,0.6515905320031788,0.9603662493741304,0.7222465439480901,0.8584464467067702,0.6822342011651447,0.8736220105784247,0.7379132487313153,0.5904306787933776,0.72139639645136,0.6963838937025059,0.7317273983526378,0.6314666437939632,0.647738745053608,0.7052693535902985,0.7198931909595206,0.7961052791921348,0.7282055742192057,0.6756235934241419,0.8806191645897328,0.7231524331775782,0.7264184161728195,0.7602128386400601,0.8288437084652508,0.7865154750530543,0.843373177573773,0.7411947547841525,0.895544793844501,0.7708834348410404,0.8025598007281212,0.8247951457365162,0.7997741664100548,0.8297954555266623,0.7222513119845414,0.7458982922791327,0.7513740748478384,0.7661983793960878,0.7206046591960188,0.7379208914714332,0.6766910075475042,0.7598141942319123,0.7155112927716938,0.8453904005628845,0.8158429271642039,0.6987310724391713,0.8095170179547356,0.6835404820906349,0.6430078856291529,0.7036363815266209,0.7816383566936292,0.8118472631528115,0.7586653750774888,0.7078701723369776,0.7688621918172508,0.8247238421764569,0.8248020940225562,0.754842522438731,0.786485710819164,0.8175846998958116,0.6847705836832025,0.8412680749682933,0.6900151545447948,0.7481962220918652,0.7824075011261727,0.850303482425381,0.7525882580513941,0.7716334354239682,0.6932785435965038,0.7674149134244136,0.7963168496187987,0.7780529106310298,0.7829983683935273,0.6626421953505204,0.798756841920516,0.7859998187413358,0.927018917944298
0.8979908106112984,0.9433087887976014,0.8594487288991017,0.8832931841441706,0.8169365366188848,0.0,0.7940643596172917,0.8927086427429638,0.8508346922566846,0.870117086428601,0.8518257947872506,0.8971809843669615,0.8705629342462192,0.7949157622938857,0.8398731311132279,0.8308070391319186,0.8379753664120287,0.7872278414089681,0.8580646106092811,0.8071660046137267,0.8783721954672064,0.8426759451067988,0.74574068747215,0.7875970190315538,0.8725101127135991,0.7926439019137216,0.7523844999663424,0.8196809088508225,0.8644523034337808,0.7722651409232572,0.890495954955464,0.8580147954161721,0.8953151246546728,0.78100136944917,0.9125640097475194,0.8663401573907646,0.8507946727510843,0.8222667831341943,0.803182048288438,0.8322533430933423,0.8813073417414464,0.8308759374183907,0.7715254657073857,0.8939523118303837,0.8424138669823317,0.7803774698788124,0.7955828579281519,0.874133589601937,0.778866006669647,0.8281092984045186,0.8831239524028476,0.9245019807173751,0.814705520942413,0.9044933846835774,0.8624755872140242,0.8870407317746193,0.8361895599688418,0.9066559154076681,0.7665603062410965,0.8171835940143228,0.8820546372043636,0.7440798260146518,0.8987222054942763,0.7114186800889217,0.7669951360747403,0.7520340606688249,0.814719085139717,0.7913033328493725,0.7159863984457296,0.8389891979318665,0.8950753048094581,0.7652472252227808,0.8506124089216688,0.8685064351045264,0.8640447200158891,0.7533321550521371,0.7578460446082351,0.835714309793478,0.7701895388755989,0.7635033973505126,0.8968615336867053,0.9062692204355672,0.8783583237876778,0.8566095180217086,0.8729654608582885,0.9026811000885215,0.8627704007755989,0.7897041362403032,0.8412754738931175,0.8058093995086836,0.8623335586416816,0.8844379221155365,0.856796452616544,0.8017100824281548,0.8754127749244798,0.8731617715522919,0.7596887215515921,0.8632060471866018,0.747875177013056,0.8805945258410741,0.7546710447194087,0.7044667051002201,0.7751992602319747,0.7852567883480523,0.8878374930098247,0.8042044970749525,0.7818386511510819,0.8319087086013524,0.8075987746838276,0.8284073888417365,0.847163944297568,0.8388753078002105,0.9420439934643281,0.7685460842413868,0.8686936837373045,0.9014048614876882,0.8723866980291497,0.7141914943904754,0.886870650967958,0.8279482442953617,0.7969005915436103,0.8312616522590692,0.8431475124205495,0.8739877530898442,0.8603661398686816,0.8727558759751652,0.812414129647228,0.7930989456342632,0.8871820138696102,0.7654984526849908,0.8128303103911224,0.8343130013763523,0.7629439294505904,0.9248658702580256,0.8009795253578542,0.7508209032565011,0.7799800372676315,0.8506381197693775,0.7639520303124111,0.8129542712116096,0.8328162019706068,0.8025298636769075,0.904256366105818,0.844662902793859,0.8687178700994533,0.8091560155186172,0.9208263331220244,0.7920085353769885,0.864177558967204,0.7023971352682367,0.8804221221560996,0.8605707393085095,0.7714863536520753,0.7335357893099984,0.8705887436836035,0.8059677546588819,0.77188330379209,0.9097143320846469,0.8594286656283536,0.8036047553026892,0.7429722342046005,0.9015969910189482,0.9430317020146235,0.8733550994176944
0.7970668964231342,0.8142527972809813,0.7061310397547194,0.8755208696435636,0.7872357435652273,0.7940643596172917,0.0,0.7285981649028345,0.6882929118100188,0.8833998673585369,0.7845723738282875,0.8837803392204474,0.7636878656509538,0.6725611138906817,0.887491113856626,0.7208238886469556,0.7327845101390119,0.7367991157075466,0.8361628058560164,0.6831517591570898,0.7800798782250289,0.7275512677960898,0.8692786519823432,0.8368474411631995,0.8832843412295328,0.7469379281891692,0.7344186573267389,0.7772287748704442,0.8134408197415327,0.7331128202790669,0.8340514856932351,0.7962164722246204,0.8387054212932471,0.8178009336264125,0.7922251362800683,0.7202148146791802,0.82975490911767,0.6496825526443404,0.7691865575796124,0.8669125314477077,0.7661327111689261,0.7363432723153908,0.746251658220583,0.8590258660730429,0.7639177608523764,0.7530558000616808,0.7235968340986026,0.809634043655606,0.8945720427948644,0.6889520456659365,0.8672443323295901,0.7694307126651375,0.6880984807772912,0.8300864716554566,0.8562097989112107,0.7488578576701572,0.752183817357107,0.772936067809878,0.796821493731063,0.7272244150003409,0.7372362073637364,0.6006435511394138,0.7141229156031467,0.5960881601189579,0.6979788704816147,0.6706523096597974,0.7863545972648776,0.75359042757431,0.6331848251060265,0.7341385134786054,0.7339016308059383,0.6878746073787836,0.7031275451300206,0.8177502554710169,0.6777901885816724,0.7822758604067129,0.784217023244955,0.8859962420254168,0.6726944935982222,0.7335320133317357,0.7061643920002333,0.780751180095161,0.8183701024755156,0.6480169071270695,0.747191088701482,0.7032716556511505,0.7252104179848301,0.7884368261105562,0.7958713810478246,0.7015416662416389,0.779737486328496,0.8439091626040404,0.8131678937203662,0.7513317280027443,0.7518229207838116,0.8260555920990319,0.584042832405579,0.7671483018492887,0.6212808588874781,0.8308440401030694,0.7088790745151032,0.6885048220836393,0.8152799237167124,0.7924245126213915,0.7022998115356629,0.6949881419244641,0.6923877470553172,0.7551449560022511,0.8081011772638795,0.8217686807642524,0.9118418202985278,0.7202558307898603,0.788510715857951,0.659464266683169,0.7347656746378162,0.7699728597647924,0.8107138131167138,0.7862143795584873,0.7922185615775447,0.6745902031567054,0.6824613814140688,0.7014720836098077,0.7041434872544606,0.9089244253651345,0.6851801254855807,0.8644592476646255,0.6636842693314012,0.7153554776995841,0.7583928882788467,0.6822548736181633,0.6608877722100908,0.6294576728406813,0.6676429994461136,0.7145629215144287,0.6964595935438788,0.6334019293850743,0.7261095549549413,0.8378760167039759,0.7370584627807631,0.8083838550489147,0.7988059803412189,0.6601666830395521,0.8382023262510689,0.6695050338306295,0.7873764235679565,0.8160124138076803,0.7276043214346637,0.7826792153953196,0.763285523529832,0.5537049067676771,0.8310322644085807,0.812672449668851,0.6945131897309745,0.7339040088756427,0.8509581309002369,0.7552463790078742,0.7873962001142658,0.8868846211580539,0.8869824302210297,0.8318005080775598,0.7119484228338299,0.7931725653215064,0.7885537254698953,0.79149692629345
0.8799493043600012,0.8545295594378683,0.8711745747335935,0.8142268000511432,0.7810181306894912,0.8927086427429638,0.7285981649028345,0.0,0.8627284697120257,0.8301267048229751,0.8459186469759261,0.8655999552062821,0.9010134500856763,0.7557297240913001,0.839070203215278,0.872366610406673,0.8260904081851214,0.8121781712155433,0.8215898564072993,0.8403269960894072,0.8528494074823293,0.8405175728455703,0.7521654013154441,0.7745763656066248,0.8491749002246514,0.8198807213643886,0.8013867047455121,0.8203520909256986,0.7654607702178766,0.7923750834872081,0.8891747198456242,0.8520502115636018,0.8156246899317444,0.7735563256150026,0.837914522951326,0.8297943648955054,0.8773906170870981,0.8478698369125641,0.8294931446314298,0.8161972654872816,0.8060936592736456,0.7856675032450685,0.8556684354903049,0.7856858460281483,0.9103672778385793,0.8387626600965042,0.7545340227861512,0.8451730049817194,0.771936517612167,0.8493362431931272,0.860103173311362,0.8364404919903463,0.7510444504363888,0.8349724088595822,0.8377753320732965,0.7975238539942076,0.8473601733584424,0.9046096102307264,0.7470862423556529,0.827593062922038,0.9124341940011846,0.7330094025143362,0.8892064465964535,0.7023820075626485,0.7513428098027376,0.7845078482222011,0.8339934261022743,0.8103737685173027,0.7618136696118851,0.9115924292734527,0.9106136933019245,0.7495654641128469,0.8036888488616247,0.888928348298396,0.8669231451438559,0.7181790439438442,0.8161592987463203,0.7863503208532957,0.8370152216445585,0.6690623405486641,0.7786517951871582,0.8817971891180252,0.8570742751135512,0.8655644139923727,0.8436042461630843,0.9223670554109513,0.9265077001939938,0.818529184677801,0.8606568550381611,0.8173008627502714,0.8382490301614353,0.7807152167938645,0.826053223310427,0.7711532296210554,0.806681390566964,0.8008980427438674,0.7750103745239493,0.7823136095763513,0.6822817685669593,0.8518618042552305,0.7260680716835243,0.83188446548517,0.7373556681497038,0.7324665299029687,0.879658017092857,0.8727625742095331,0.828917821328561,0.8154286102979567,0.8029778318575458,0.7802105244728155,0.7795514375042608,0.8354492821624298,0.8567139241445176,0.8019884063926463,0.8537252749294444,0.8771553863467809,0.7925791442356755,0.7566213768154195,0.7788631571726252,0.7678735265644339,0.7957463582450826,0.8711465944046708,0.7727525634683767,0.8276386107936207,0.741520119958041,0.8336817391466025,0.7735867760114692,0.8586314256261264,0.8184265789456644,0.8209272833463666,0.8008428585925118,0.8564629032764927,0.8126765779642763,0.8325570259741422,0.8334929048425788,0.7002686100488702,0.7989698315837876,0.8242221239397086,0.8421134386157589,0.8919024692212341,0.7590190785241828,0.7659576284161962,0.8384231564002023,0.8110711983830541,0.844333888425279,0.7982838650153078,0.9086580680072838,0.7885078633002867,0.8602542649285645,0.6786619694708718,0.8891973503433578,0.7499388063148062,0.79487608565648,0.7736528831510139,0.8309488897141052,0.8873498860183655,0.7903287771185755,0.8688541569955079,0.7537482322557807,0.7706639559047408,0.6851106307584991,0.7837231726663847,0.9054153068493189,0.8378063754459446
0.8963140043531769,0.8560730083501953,0.8969218161371281,0.7287807687014636,0.8638014866027762,0.8508346922566846,0.6882929118100188,0.8627284697120257,0.0,0.8501451761282326,0.866535516299968,0.7706162760286518,0.8709837107485877,0.8266048702024955,0.7195452123731287,0.876666684539652,0.8616446762071313,0.8649109471925122,0.7521595070696275,0.8282690810005722,0.7749947748661687,0.9115858956985565,0.7424201405211597,0.6817820908753391,0.8029253960696824,0.6659584779889137,0.8726355656785407,0.8375524438372747,0.7932362013077995,0.9009264253414941,0.7521133425055967,0.8185915743573201,0.7071452631936859,0.6564595870969089,0.8412569181818499,0.7533052981515677,0.7836667856989215,0.8766983983102833,0.6854459241802943,0.764774810395813,0.7033463859389943,0.9246011612039351,0.7106497433016044,0.6817159024720858,0.7498292527423818,0.6966707440975072,0.7360776669721165,0.7256145132958551,0.7466928484646775,0.8157261530597727,0.7502275365313587,0.7504781543275336,0.7719841734852442,0.7237577508781956,0.7292033947825287,0.834358694187111,0.7961843821733194,0.8954228949977099,0.7470941894226825,0.7732977158939002,0.7800346271824273,0.6937671515518746,0.8008542236715704,0.7478042823353552,0.6970154815221129,0.6553121547039974,0.7207766845925564,0.7582772577881901,0.8442227867059411,0.8860404321859813,0.798709917408313,0.7361986718077626,0.8432512241792921,0.8136907975083841,0.9166456359962418,0.6557836050369316,0.7227769776469528,0.7606523718437488,0.6504220038846139,0.6319496381676843,0.7285046559578467,0.8101173881177458,0.8741554838637664,0.8083959816747195,0.7851161178667633,0.8784418178226707,0.8081955388426334,0.7725733569384361,0.7746433681916896,0.7515226344550263,0.8789943228266489,0.7152775987857131,0.8142082181291348,0.6972649757324094,0.8498587056728371,0.7315954275602192,0.6646567332590556,0.7040537543866165,0.7242433874655317,0.7362403940925384,0.6641414027219806,0.6645669141127846,0.6230223519842315,0.6573806448566639,0.8315888844671616,0.754194390417675,0.6857229412558797,0.8520158575435202,0.6971868587455243,0.7132758579281269,0.6821140168866947,0.789224666357439,0.7994750329724223,0.8991346741491317,0.7435906004267967,0.9045892056025499,0.754810561833845,0.7566527679401365,0.7325500806481893,0.8343758217332837,0.826353302146143,0.7377471582161532,0.7467088163881195,0.7231098361778819,0.8194171092303554,0.699522647333818,0.7717940933110446,0.7296363169965183,0.7324171631040273,0.7397371338491103,0.9583509464958472,0.8793118897997694,0.7744371598970902,0.8502327402399741,0.7089759116672815,0.6733383096470532,0.7397213130667356,0.7313190935927242,0.7776994285281793,0.7657159201935873,0.6738254481686295,0.8220227696444236,0.8272870120215717,0.843086445517425,0.7433154686834871,0.7302248963592654,0.8810846732542903,0.7011820336107264,0.8440620695254848,0.7430915532466393,0.7408780430559512,0.7545338161442441,0.8435713627110367,0.7597284812600031,0.7134895746237078,0.7478267747138013,0.7746447853991153,0.7673168764074263,0.7137379940630435,0.741530403498457,0.637210962917014,0.8018456792109355,0.8381841738669907,0.8817546880378714
0.9366462632488667,0.8908899279925646,0.843856584619015,0.8359302665862799,0.875320351648026,0.870117086428601,0.8833998673585369,0.8301267048229751,0.8501451761282326,0.0,0.8742730527941364,0.8614933742087568,0.8969242348991174,0.785976170797431,0.8554319994350165,0.8514945237084756,0.8537159203103335,0.8941078778053791,0.8308848766801331,0.8025709007157135,0.8139002915364422,0.8449561702576839,0.8917798947400359,0.8019166987987049,0.950728778665435,0.7595785882437984,0.8603932633816267,0.8767674994328045,0.8836363513994746,0.8666855435256687,0.8354158264115443,0.8674768146704119,0.8130044246342305,0.7736545841430991,0.8881682661278673,0.7560650327083206,0.8894107815332298,0.7939648059889276,0.710741987306355,0.8985943093338176,0.7769065666805229,0.867972305295186,0.8011753290790492,0.8123754164684216,0.8101193958962637,0.7895802489192814,0.8185845463137608,0.8265228702875757,0.9042034445319371,0.7773028338821745,0.8479978355226232,0.8163346191955927,0.7584540701969454,0.7906408966482299,0.8243379472246225,0.8520693179920927,0.8167863785215349,0.872761115061054,0.847485092576556,0.7790667795227737,0.7775713602538539,0.65321324437304,0.8076822706651033,0.6882859088730315,0.726041670980054,0.6997817137038922,0.7820605312188683,0.8417623945703155,0.7915626461386291,0.8687553554008762,0.8087476940971786,0.7706454156686513,0.8024760299174339,0.8678760179287455,0.8200685939378108,0.7936923163740685,0.7667821607185443,0.8909652369148127,0.7179026519336754,0.7278911202140864,0.7921529238796329,0.8071296349901473,0.9291489593074258,0.7818260342884078,0.8063924682384459,0.8420116968687164,0.7997387600336031,0.846281973946374,0.8706088921512747,0.7386669977239442,0.8874713303136386,0.8053924835424626,0.8675472944035633,0.7595325065581038,0.8315427626574975,0.843736765351765,0.6061587117369225,0.7945234849826852,0.679671502001178,0.8421153338064136,0.7113795665107395,0.6850497915768423,0.7564712895887349,0.797766251687672,0.8007327198045476,0.7891064581856272,0.7110437375682493,0.9015938532553441,0.8324440108254662,0.8201537272494867,0.8123733686870682,0.784474226118582,0.8476342074841317,0.788588878958238,0.8097921455125684,0.9053180947956578,0.879152787791769,0.8366566717158724,0.8229186814460083,0.7850501593860707,0.7763242399188164,0.7476269423687979,0.7795404550372078,0.8729565128400368,0.7843288060843214,0.8425467274457138,0.7187421111844262,0.7349722086530074,0.8025417859247683,0.7885896690024028,0.8403646101202713,0.7473636591484702,0.7448735795562669,0.7768509125864014,0.7122734377225709,0.6996459429935402,0.8251107568494618,0.8661530502480804,0.8452999403102391,0.8310991643910651,0.8068520584060976,0.7566316478321188,0.8615694281899202,0.7419106637384869,0.8187717611264715,0.8555856044489925,0.8114243807476837,0.8157774824600532,0.9134006176404834,0.6414748805467984,0.823306306603967,0.8666596374044043,0.7742398818702546,0.8098191302099041,0.8466037895749655,0.7964997463788156,0.8329650935238321,0.9059497377023341,0.8649533972283813,0.8362162765090669,0.7882412510132695,0.8804911535848489,0.8840969053790215,0.8850978562318278
0.9403381763598907,0.8392193763885464,0.8847304194444356,0.8374693438196976,0.9154172989539683,0.8518257947872506,0.7845723738282875,0.8459186469759261,0.866535516299968,0.8742730527941364,0.0,0.8389032137524746,0.9087280134940442,0.8057724383155175,0.7780907909850718,0.9288116693157014,0.9312131512676048,0.9114721633546123,0.8645314056746339,0.8545532671228202,0.8621204708340203,0.9106590213370604,0.8563192258954099,0.7748148090195881,0.8886836188864056,0.7481028825123465,0.8980637860795553,0.9499316974355825,0.8575377412496981,0.884231160231942,0.7662806508444586,0.8730991975126005,0.7541478958167595,0.7468908548774374,0.8861424334071804,0.7743548317009402,0.8558585652055354,0.8717144372798954,0.7605203705156981,0.8740273716685878,0.7481894042312142,0.8920150193172549,0.8011946633604048,0.7767665620013089,0.7826640111830696,0.7375287812384914,0.6823274379487952,0.8538390289376089,0.8806599259064056,0.8362668326643729,0.8584699769228992,0.8000775528527898,0.7692567680068103,0.8127545415989307,0.854366355833278,0.7345376085454307,0.8841463213360116,0.9379074622444115,0.8357624070581788,0.7965451570771578,0.8425377682132265,0.6492118855285489,0.8584187204389561,0.7296420262292016,0.7346159627498395,0.7087269724017636,0.7782391453095119,0.7470170380486567,0.849502997285499,0.9215614978395772,0.7944257642831889,0.7612137085477958,0.8935549939868023,0.9129655502341294,0.912764083354132,0.7014300501259426,0.8373960317477291,0.8258681794639422,0.6976776124909977,0.7006168750505217,0.7408094410207664,0.8195247771740161,0.826011663700274,0.8120370128633875,0.8731351186191585,0.8365694330385088,0.8575092916812918,0.8289089175444477,0.8002775212010382,0.6788251834663723,0.9353253594436962,0.7124722436357275,0.9030001055477686,0.7745947064951277,0.8985447539263867,0.7343539321039615,0.6465169681557827,0.7121538337474178,0.6904512295502813,0.7793556652306574,0.7049266529257062,0.7381765655673834,0.7056256555012689,0.6942849366147552,0.8443486022346142,0.7581369490698113,0.7439746985724807,0.8891408163246192,0.7381878088460287,0.7743448481464648,0.8129049540308814,0.8597059045890882,0.8549815829151055,0.8998458140943163,0.7955126748900875,0.9129457095329372,0.8152373749276389,0.8719231682754671,0.8319751853610203,0.7893094205236638,0.8587034620239239,0.7515735844697556,0.7963598876002428,0.801283665542114,0.8194271299808961,0.7724067581413222,0.7449392030471873,0.7186151939668207,0.7905808634363275,0.7442774245325082,0.8221354119948467,0.8552678176472903,0.8273684190845138,0.8498681255660526,0.781039585935101,0.6809342304459015,0.7434733663119679,0.8007375787640925,0.8665295351591564,0.8330089176919221,0.7334007654660264,0.8014518728246982,0.8491642863089105,0.8339518593051257,0.82512168592828,0.7692754153622671,0.8015454517182727,0.7152539816051827,0.8570312270064537,0.7003819857130223,0.8556336609205056,0.8088551861136747,0.9052662418365327,0.7040002076148631,0.7862041379138204,0.7822289762188444,0.8829369168158746,0.8134338169830977,0.8196787302107692,0.8648322215636207,0.6546305970062994,0.8462095816076665,0.7832471586349182,0.9814172164317946
0.8529667024753878,0.8890399881388901,0.7812777179216248,0.9016754131264528,0.804899834143032,0.8971809843669615,0.8837803392204474,0.8655999552062821,0.7706162760286518,0.8614933742087568,0.8389032137524746,0.0,0.8187133051472371,0.6949122738322283,0.8835745251122827,0.8049906324190157,0.8066851419662848,0.7529747218122764,0.9257962133872844,0.7833704698551734,0.8848210076131198,0.7793477672397058,0.8554799952884077,0.8803092947267528,0.9196183438192793,0.8091162029074183,0.7589985142118932,0.8366196870540188,0.8152570213810445,0.7795182174755964,0.9206643339963971,0.8377957669581599,0.8735673407367265,0.8928795498996768,0.8557321153456873,0.8122651067260671,0.8596863630124695,0.740692018592115,0.8717520126744248,0.8673418002644839,0.8551698333425524,0.7854882976584348,0.7960450801681949,0.8927717065393963,0.8666832100345297,0.8130423786181744,0.7503663695111913,0.8625642206494288,0.8582573380854022,0.7698230455527094,0.8959436749880184,0.8712897190499393,0.7240451291513765,0.8967578876846825,0.8855055558445883,0.8105907646812868,0.8375066590882897,0.8853701023571068,0.7507984919985126,0.8010490234949399,0.8300283925546181,0.6521555882815292,0.8075799808826803,0.6500769309466099,0.7222481503266643,0.727201899364198,0.8087568398838789,0.730665744557516,0.6560213039999117,0.8040255236847443,0.8038272516454418,0.7135896025859846,0.7601303573994979,0.8657571334896484,0.774050312434043,0.7589878555668581,0.8009010793955634,0.8691683715810375,0.7867981696853248,0.7387632354617593,0.7596183740310873,0.8645393252195076,0.854644921950467,0.7480918686650212,0.8482926416403088,0.8413343754442463,0.8230801717924269,0.7684896589233541,0.8462890538363819,0.7993561012276424,0.8218404605769186,0.8767263926907969,0.8408464588033706,0.8016439859633765,0.7810752715680902,0.8498328755259377,0.6803003594259079,0.8610972523763035,0.6657149267817358,0.8781123743240071,0.7307919293823506,0.7443269113012146,0.8151493532742135,0.8152265927818197,0.7943130444276055,0.7974296076922158,0.7824468217080268,0.8357993643304705,0.8190032532243847,0.8734835510847969,0.9374035069719154,0.8142957365804269,0.8351743510778306,0.7236127498807101,0.8168593856541854,0.8654415770816942,0.8625887044102658,0.7714436797847117,0.8408594380030388,0.7301722692456059,0.7510229318140587,0.7803441199492794,0.8029535627927493,0.9205150229515734,0.7302408366012627,0.9006660423709597,0.725216908179679,0.8080229160619246,0.8582390643715464,0.7002762237806975,0.7346476760054816,0.7342376472097484,0.7285280772658582,0.8294258415086292,0.8037485789010121,0.6451474188365172,0.8056182019657354,0.8601157101004777,0.800107875821201,0.8902052681723487,0.7818208069125651,0.7161081141112052,0.8826736836621932,0.7436920522744198,0.8609437344464946,0.8398205296307016,0.8574401859353891,0.7784226736249502,0.8501226272641329,0.6358211846832722,0.9303188192281194,0.804333419229797,0.7692557760397831,0.7421865057127157,0.9369879264848721,0.8162714410487402,0.8073403090527094,0.9460390575175854,0.8434477329902363,0.8133363245066672,0.6695127353002819,0.8368623515966596,0.8830199931806128,0.8588702992338786
