0,1,2,3,4,5,6,7,8,9,10,11,12,13,14,15,16,17,18,19,20,21,22,23,24,25,26,27,28,29,30,31,32,33,34,35,36,37,38,39,40,41,42,43,44,45,46,47,48,49,50,51,52,53,54,55,56,57,58,59,60,61,62,63,64,65,66,67,68,69,70,71,72,73,74,75,76,77,78,79,80,81,82,83,84,85,86,87,88,89,90,91,92,93,94,95,96,97,98,99,100,101,102,103,104,105,106,107,108,109,110,111,112,113,114,115,116,117,118,119,120,121,122,123,124,125,126,127,128,129,130,131,132,133,134,135,136,137,138,139,140,141,142,143,144,145,146,147,148,149,150,151,152,153,154,155,156,157,158,159,160,161,162,163
0.0,0.621496020640739,0.6536234328527757,0.5521811726008125,0.5352767069311727,0.6378592247041344,0.5335466043350748,0.6759068987102692,0.616493879740903,0.6878066274782882,0.5672914757838496,0.5553414559634006,0.7045193281831568,0.5086630861984184,0.5748064949643666,0.6644340332980201,0.717960761912009,0.6918720014120534,0.6532626325306395,0.7263273306420436,0.6558284704986288,0.5837032089837234,0.5444172627747481,0.5336079095386005,0.6725091466044195,0.5125087669765729,0.4857243088983817,0.6492115199796982,0.5429125750809053,0.6185023183810102,0.6257424630548162,0.6827294469821319,0.5444082013910448,0.4896518289904163,0.6330474092315415,0.5248043635263627,0.640508618518829,0.6417031002409892,0.5252211094198284,0.5505903721870985,0.6025164953740593,0.5614193786826254,0.6822376437384373,0.6235527656668644,0.5924711564261734,0.658351836018996,0.6175237074281318,0.6104592983033512,0.6376951268754248,0.7334501143576213,0.7142266051421201,0.7013746238455921,0.5385853549437364,0.6122800434588334,0.5867230115684197,0.5994770954506877,0.8022029483599117,0.5991837425760843,0.6473511403207796,0.5767581707463685,0.6493811644005377,0.4635983106599832,0.7137223442177817,0.4956574231166903,0.6282995524235553,0.6467937642705067,0.5361181244974367,0.6110348929908027,0.6583498277234263,0.656507956098894,0.6996855912770433,0.6081298865735207,0.5886924276794635,0.68253846224915,0.7081781644757035,0.5928681537292867,0.5559506446582886,0.5240778231763864,0.6025417984563453,0.5667458247337918,0.6367837514773602,0.6261088590821428,0.632548156201396,0.6003858189168194,0.6444167735581848,0.6594325992424581,0.5834627206632624,0.6791060876315768,0.6588520885215535,0.507329237809368,0.6436810098366812,0.5502789469372609,0.694222048758064,0.6534799513421198,0.6359239244766882,0.5862740699028778,0.5586174019403309,0.5729736510408286,0.44225302777571646,0.6060209570225333,0.5011868748709021,0.5910137600720015,0.5587718844787445,0.6215696094100868,0.661057887471194,0.6594805977625531,0.7049681545502118,0.608895072200476,0.6141579540650234,0.6054993188242753,0.557325545853601,0.5734564754257173,0.6589085481848064,0.5441254611192164,0.5891378679837763,0.6323198403444721,0.6680787004720561,0.6501539102189574,0.6386313168584765,0.48117609042665904,0.6037251411213871,0.5899180167083339,0.5741132241825269,0.6624372392547089,0.5915017166447062,0.6086732875441838,0.5212368245293882,0.48543473823030914,0.5667371832552041,0.6244713523915861,0.618498920683603,0.6743224734564855,0.555595670799333,0.5114864403800368,0.5957062289786802,0.614743282200893,0.6155574631471719,0.5638973793206847,0.5206371823348331,0.6447295160783129,0.5736403215856406,0.5163704716511878,0.6452059863738637,0.5570096958448665,0.5638793599174673,0.5367064254658561,0.6019193076993391,0.5814010725802142,0.7150407921586369,0.366979726784682,0.6389979684244886,0.6191272011472219,0.6119708585876791,0.5620564473456775,0.6055200131335515,0.6120767636190956,0.5825249988025,0.6309575633948805,0.5395922346500729,0.6430976574504587,0.5687753976751936,0.6562510905898151,0.5415468037184009,0.5879884942545991
0.621496020640739,0.0,0.6005347242412283,0.604604486593996,0.5156656797293703,0.6420945011100045,0.5509362757921147,0.6662494290321128,0.5940757673499132,0.6446417026617273,0.5585271968118277,0.5607794769588912,0.6857576506467759,0.6096374210823223,0.5818813396061701,0.6179756320265368,0.6210840065232982,0.5511873839521737,0.538669512373993,0.593282857155666,0.568357781692826,0.578362970893427,0.5125721431506619,0.5347736801041262,0.5602956721483,0.5265662742405252,0.5353986913481033,0.5701450233468401,0.7156012261433012,0.5436673094435268,0.6550367216318371,0.6056350376453485,0.7017552564747125,0.48391646511494646,0.6653959755793875,0.6028575561736473,0.6166859581591589,0.6664387145291393,0.5937834896580936,0.5950349504662845,0.7318096307986499,0.5077005562414392,0.5179270562340422,0.6296081294285474,0.6223061952455311,0.5936222472072754,0.5594054011086964,0.580500082341149,0.5756660869446473,0.6554245506590072,0.632916486744941,0.6239656811011017,0.5388216515175069,0.6967472594504786,0.668303377779574,0.6411404086353906,0.6298552714888226,0.5643305319716295,0.5660715955388891,0.6728796124895559,0.7090330221139103,0.5002842225999894,0.5571625599590999,0.524832391462837,0.5238606226192529,0.5337459610593598,0.5932319408153549,0.5462635259058489,0.5275406117660454,0.5591944988582531,0.6383370061694409,0.6783598196314498,0.5468871042603491,0.6256466601771896,0.6460993466898501,0.54891563012668,0.5643379385844096,0.5862538727558066,0.5502256907132701,0.591178250432266,0.564384388088292,0.5810205597156253,0.6548583555424783,0.6362804403017182,0.579377670767227,0.6988183132105663,0.5382404787273352,0.586412433192089,0.6297105559860736,0.6092280635724857,0.5904275261372742,0.5973063292013487,0.7423286300573146,0.6064441313314765,0.6462426550802292,0.6536372346845499,0.5810449832375976,0.5532260797333481,0.4829117400597561,0.6656598522280214,0.6221078225060781,0.5219531448070217,0.5039588759769864,0.5424040011494351,0.6312992400159306,0.6027500009471132,0.6154424421652638,0.5405539662922232,0.6415753920532127,0.5825777517240761,0.5332173587829822,0.5550323653779401,0.6356758830076339,0.5595226801409332,0.600076195123239,0.6895314472358139,0.558658793043634,0.5295413438243568,0.5752289613704006,0.5460039376319401,0.6640596176590052,0.620213323663575,0.5395032085231419,0.6671723262387361,0.6133481487385243,0.7185904339168541,0.5607249676647666,0.5793428887985497,0.6095558426857078,0.6647325843652943,0.6084928106208362,0.5961585822151189,0.6397195245833175,0.5825143616270153,0.5721408164008325,0.5731042337955563,0.5639693255960663,0.6506634521781743,0.5118613554813802,0.5991558033700608,0.583717218019881,0.5606073515040492,0.6973172978778812,0.5729175586527666,0.5952453187916326,0.48209369657411744,0.6397960585273516,0.5979593007512908,0.5848903635102587,0.3953587737163833,0.5816603972487316,0.5949603498942423,0.5760590045733124,0.597206892492113,0.5550240368250687,0.5843153034410034,0.5881785271331147,0.634702542065957,0.6609456657019369,0.6290095394437906,0.533742110539993,0.6323477760182228,0.5301715771141995,0.5610739343712842
0.6536234328527757,0.6005347242412283,0.0,0.6297891450566727,0.6368801406509764,0.5588476804765015,0.6012269547028183,0.6263630959881457,0.5668786473873256,0.6981883643796523,0.6568937541862976,0.5635375159628758,0.6603440585112427,0.4856011141945107,0.6272284510132153,0.6413467299166656,0.6595080304203322,0.6414147787505786,0.5695063975375848,0.5785274578841456,0.6848255465855654,0.7417815762244766,0.5693448339476638,0.6153693660478026,0.6350802201928564,0.5534947137527382,0.5206081628088454,0.5901589002833858,0.5524530742639429,0.5716355679984179,0.5552407085314196,0.5607304814035289,0.5631609303396279,0.4582612415623769,0.5587737697581991,0.5000812477558219,0.6566074057934195,0.5848509999782767,0.5485905424072754,0.6210092675580042,0.5962538519124785,0.5917166949974256,0.6066382479782543,0.6194116132960636,0.5649161627411374,0.5728453112519951,0.5343246537616448,0.6527050131809985,0.6533024481663576,0.611304889801675,0.6802215937901168,0.6114612738442057,0.47071111893462675,0.6659444789170542,0.5857552127958451,0.5520392852333764,0.638523433702976,0.5998013931286896,0.6336254112163537,0.516801061580882,0.6266735853625152,0.4143925903470824,0.589617345565765,0.4671980173215107,0.5500807068469822,0.5384243184088375,0.5770433930057055,0.6431035488866448,0.6372144404096396,0.6609066921057118,0.6625499011152618,0.5300027809771543,0.5573179286873822,0.7615906304062522,0.5923652944269575,0.47846829254484596,0.6223609344259735,0.5768427516437759,0.5226787727065919,0.5127948276201502,0.5532463711479587,0.6238520481108738,0.6497354068317475,0.5220259487328772,0.5751268527374067,0.6076968658074552,0.5550650374524527,0.5788158231293112,0.5272366716886762,0.5183214827592986,0.6785490119301903,0.5071548687935178,0.6273951080339202,0.5261036590926232,0.6466295042974264,0.5951852120052544,0.49030403975719133,0.5170924029839743,0.4126507570361113,0.547379636830477,0.4755092811634802,0.5935803360423078,0.5409870665331026,0.5919233395872425,0.5386615711030034,0.5875156020507529,0.5993652655013124,0.5934319697232637,0.585268345894116,0.6552085697313113,0.5828342237192004,0.557108493767067,0.6024620568655764,0.5377368470496163,0.5045688694569507,0.6232980076415097,0.513830367858865,0.6457626876915669,0.6550537862047504,0.45784841362932305,0.6177635338226595,0.5636651595144833,0.5131416719456265,0.6460260648612013,0.5297477674176535,0.5910861733705162,0.48258183893805257,0.4896731711710927,0.5241376335271694,0.6112351783570147,0.5387754226887751,0.6417870438725364,0.5269556294172449,0.5013920183031002,0.6263549468583732,0.5404019171062444,0.5246588985950736,0.5782063859466583,0.5622446804350358,0.6083334139253014,0.5435648197643075,0.4795278110035103,0.6166572729615017,0.552165796369289,0.5744944991890788,0.5152660392440404,0.6258564914286564,0.5543485929998218,0.614062174785883,0.3468980653774338,0.5873545730615577,0.5245702553707695,0.6621166669103007,0.6523067475138131,0.6122512699283127,0.6375918636686555,0.6543006305533774,0.6797765845086478,0.5618297493653857,0.5785107134490524,0.5296546027479743,0.5394428570550643,0.5351946102249973,0.6524037485615469
0.5521811726008125,0.604604486593996,0.6297891450566727,0.0,0.5865703296145994,0.5111520560210976,0.6902673234430255,0.608631058699646,0.5437291952521,0.6404891953005786,0.6672345282985316,0.5942413739194135,0.5859706052086615,0.500458385116438,0.6143122175073402,0.56618560243358,0.5611144542350767,0.5325302062479272,0.5196619572116529,0.5172028275012411,0.6014139033653284,0.6593251770467597,0.6004897016692282,0.6250790991956173,0.5984870029856424,0.5916029356378305,0.5849534649938718,0.5498335272759575,0.5773198009118611,0.5040651602746119,0.5696554831175804,0.5089262785426366,0.6133041687993579,0.47947564046409336,0.5660781968993903,0.5269153168697416,0.657930064900426,0.565258893738436,0.6155706105121815,0.65607012969784,0.5971644039181453,0.555515396771029,0.511847027944672,0.626009707668365,0.5850547876798549,0.5124854764883102,0.463635607213711,0.6273641517720986,0.6521796769742417,0.5402465553126198,0.6102678196584358,0.5354029746596998,0.42661407181609723,0.7200970130101458,0.6407237524188558,0.5486837848401047,0.5530053788888804,0.5681194374351566,0.5800796517743847,0.5083812798132423,0.6213894062747864,0.4018341526130961,0.48702615024553353,0.47772292624494567,0.4801076669216023,0.4715904907023935,0.6998444613671947,0.5545164357210377,0.5303556379915841,0.6008417585033707,0.5834679941600545,0.5280183957902181,0.5527127568248864,0.675417252430368,0.5182315903365959,0.44280505291878897,0.6681275227489429,0.6225037391171679,0.4871575797706679,0.4880982086787859,0.4798668297538254,0.6077825144957134,0.586735941104947,0.4935474684401986,0.5564978571173423,0.583872154695513,0.5610263718566405,0.5409826221258696,0.49467967091095816,0.5930143156480441,0.6262822940834516,0.5380480415052342,0.57868629975051,0.47967331736287644,0.6570206828724913,0.6387894811835377,0.46756583031714155,0.5227973470509797,0.42734428837753985,0.5522824719406699,0.5202145971054215,0.574613322356681,0.5644820267357492,0.5703548511870203,0.5069307102822058,0.5222796779874767,0.5354311973580703,0.5624128171215973,0.5437469610610502,0.6396987448648939,0.6205457910915257,0.5746165341425986,0.5891587405823538,0.5661456953501167,0.4718269949614668,0.581863572948146,0.4624678004466445,0.5730167656660787,0.6081914841908788,0.4841752141701899,0.6051685790239303,0.5925141606344102,0.4984931857801722,0.6047197282093217,0.5329863509575508,0.5970483273541749,0.48165866714810984,0.5246909586776451,0.5280671018354326,0.5792013776616713,0.5021754376294321,0.5433867159457764,0.5660935630870613,0.5441812298174958,0.643447643213208,0.4751032275931505,0.47151473693021717,0.6203700028472947,0.582496838783398,0.5898328713684656,0.5282341674305917,0.47798517095691984,0.6314708218729056,0.5727546320549478,0.6183910586762321,0.513177580399255,0.608881263091184,0.5055431885323307,0.5511379883690756,0.3504077202631407,0.6044029874529334,0.4824702621693376,0.624886592359401,0.6388995860810782,0.6085204422719123,0.6467336265734833,0.6490377955815806,0.6564725223097199,0.6784599721293855,0.5652148618884213,0.4754733222745553,0.5219046300171118,0.5512821381789342,0.6476456119933236
0.5352767069311727,0.5156656797293703,0.6368801406509764,0.5865703296145994,0.0,0.5003217350723572,0.616004617523782,0.5266818554000965,0.5440927183549297,0.5724613506138584,0.688866772371248,0.5921274287277217,0.5260280284049182,0.45071817803017694,0.5198540696032693,0.5871008026022089,0.5586274485185952,0.5030145766521149,0.507911545982551,0.4920283427668198,0.619528899440102,0.6340955384967452,0.5660016814906976,0.5555306986581838,0.5863724832047349,0.5561659356854048,0.5090277817346403,0.506111205804318,0.5123354081947894,0.5764662435392646,0.5154709188591077,0.503009475900761,0.48275908789778643,0.4529021168680239,0.5161563566852114,0.48282320713977644,0.6174961809336585,0.5369836857356686,0.5621776320648995,0.536304831678341,0.5055387204635458,0.6533656723428061,0.5151395449770204,0.605635136754626,0.4981127284865097,0.4622110058636056,0.46708500930334845,0.644526558133215,0.6144029771760848,0.515587835468812,0.5746222199625958,0.5126826809257758,0.39726076608600885,0.5760031265658991,0.5607490886831746,0.5371049796009535,0.5292186494047336,0.6219830975704141,0.5214443997591917,0.4550882830066694,0.5120475282248801,0.387767936800782,0.47757004529653246,0.46259319968041174,0.46144707201553953,0.44113491529924487,0.5551910567338766,0.5528851917609863,0.5264786230330214,0.5727462503890026,0.5552107411746423,0.4759776820985116,0.5489686053332772,0.6017159252885355,0.4929846853334732,0.4135077150024924,0.6305539507284399,0.6388488529737084,0.444466786628383,0.49608299930884614,0.4700168902270506,0.5747921425133915,0.5761924787616737,0.44825642404172106,0.553831701041213,0.5231274184255664,0.5529298062903625,0.5100938488197121,0.4485323384740157,0.524294390255513,0.6904532020481142,0.5001026331844797,0.5483367146122203,0.44303455446887735,0.6043618894311439,0.5776805712756364,0.42814532247246856,0.4978742712434422,0.42281356350069915,0.4704222162980427,0.46128478129645295,0.554187486612388,0.5444133447417461,0.5279825663042771,0.47575968197822915,0.49645126131481854,0.4975143513556555,0.5564605053852899,0.47703236187329084,0.6159216177777129,0.6172198872072902,0.5794082779602527,0.5459132952687543,0.5630282673133429,0.4267147012446989,0.5330822423357355,0.44113695239658857,0.6122824030104943,0.5968854741937554,0.4625396201189309,0.6144284032410012,0.5335055826844853,0.4952957713679889,0.5596815189112511,0.5210809240859459,0.5146581816536584,0.463496479081847,0.4823505632843334,0.48197574969798307,0.4989695954433457,0.5051421499524236,0.5787665862427515,0.5051484103415242,0.5197297307873208,0.5788575102613925,0.45415511691925486,0.4570230154385874,0.5169615666530293,0.5018647142521007,0.5628205641219025,0.44764801688760525,0.48160496609704406,0.5602295738394594,0.565420418198791,0.5983537648506116,0.5197609324462357,0.6147769977394227,0.464132909668729,0.5397319833904256,0.3513899352686916,0.5529747380097625,0.4520023459591842,0.6146754089447056,0.5711801622930781,0.584376004044284,0.5707999313326558,0.5550066704123665,0.6222543611467615,0.5094512753264434,0.5542640673246333,0.43237197394671795,0.5033819736203236,0.5459213060132757,0.6989944399244681
0.6378592247041344,0.6420945011100045,0.5588476804765015,0.5111520560210976,0.5003217350723572,0.0,0.4879582429234693,0.6377322426292685,0.6347702257026785,0.5747932187433191,0.5135433354213141,0.5595751548522245,0.6020292341828128,0.526427002293618,0.5059722606230632,0.6142160737353465,0.5976487667089448,0.5157533611194162,0.5809309980078207,0.594532878065326,0.5756819709185682,0.5184746441350113,0.4588453931312658,0.4654725220762549,0.5582048898948024,0.47850107415971094,0.44592314835683666,0.5247125039813374,0.5556572252051726,0.5998505869990108,0.6720197822984108,0.7005514794849123,0.5433004286294589,0.4743448023259676,0.6104403096672456,0.5670024387806268,0.5803683328442374,0.6295338218222019,0.5576022604647473,0.47831314044671325,0.5830035219273467,0.5239431420989676,0.5425156559485644,0.623520984519833,0.5468414647137095,0.5581590307540509,0.5944816476952467,0.5684018689772732,0.5232859743038316,0.6662262301662651,0.6351756002464878,0.645865783291795,0.544100374735342,0.6005452209630717,0.5980548482568818,0.6801258345539428,0.6451604057174377,0.6041553838670758,0.5165389964040782,0.5983272817282704,0.6408922108156588,0.5465628391466716,0.6230600129992924,0.5012383178681075,0.5508862724203096,0.5615007050194154,0.5111628649256484,0.5410693728718594,0.5038079737366159,0.5527924231329865,0.6521775342711513,0.5991572676634326,0.5596113118660847,0.5689730925857419,0.6771004961650565,0.5784139808035983,0.5274336879541055,0.5273070279824783,0.5377528621441791,0.6696496204987415,0.6278006608192712,0.595295481050531,0.6224982003946912,0.6036724088230093,0.6151519206134987,0.6174237083747908,0.5816232278687496,0.5987347750357765,0.6302619623592396,0.5467031912425179,0.5803273901277644,0.618761343205001,0.6840209879318467,0.6341410818064186,0.5996576075867025,0.6098146885390207,0.6603270565647023,0.5685167192748511,0.49678469955604754,0.5828508678691798,0.5506786818171052,0.5419563874240123,0.5104202740498757,0.5290490853370393,0.6950344752051866,0.5860622285383378,0.643264676657028,0.5132159350072403,0.5444136075130478,0.544848787982836,0.5283493583278025,0.5530713960863133,0.6622702257443158,0.5482498597100388,0.5663052497360038,0.5807576318164965,0.6080756926630523,0.5258906909421738,0.5633686108093644,0.529853040606148,0.5975323607457986,0.6273252929544215,0.5570270856902334,0.6320120646403379,0.6460012037323445,0.6122091572707444,0.5857456707670259,0.5294472014817964,0.5685528193103491,0.5478373661712302,0.659296428524437,0.6930699541757266,0.5842516784699353,0.5765023882523147,0.5414874655638839,0.5824217263019442,0.5632262434068401,0.5154633367031445,0.4370765829026127,0.5992308232885591,0.5244239739518273,0.5928477294672821,0.6442488303551799,0.5856628970694944,0.5623001840814187,0.48425868248184417,0.6475799640579442,0.5625241358914373,0.5868437175087267,0.4041180979783595,0.5881521759399957,0.614491195134298,0.5331676894123011,0.5007505142583558,0.5458663939144538,0.5486978024456417,0.499305554681221,0.5955479120367374,0.5074724076074054,0.6541258946367985,0.4981122122254452,0.6944234449697673,0.5348139746249769,0.5324109451964908
0.5335466043350748,0.5509362757921147,0.6012269547028183,0.6902673234430255,0.616004617523782,0.4879582429234693,0.0,0.5349898487437156,0.5133525273655277,0.6374445586652127,0.6051356193571815,0.5554637664552063,0.5546800239763657,0.4787833006046103,0.6001499393068833,0.5346952155385148,0.5257481704293648,0.5173559288920166,0.4906093392695149,0.48491793822756274,0.5839922217177166,0.623032325081559,0.5856688845561819,0.5995121558193197,0.5860941315066822,0.5762769242349008,0.5278454195355823,0.4982900126009441,0.5372486155289602,0.49047763388778826,0.540554711538977,0.5086857827692639,0.5488391939486716,0.46252721863464946,0.5282806270281216,0.49589400758442903,0.6525367259171948,0.5136078551778903,0.5693384239617018,0.6210205080768696,0.5330544178785308,0.5594867673634875,0.514495983293721,0.6172326639815905,0.5406113508909204,0.4960251036438922,0.47380711034489814,0.62463055650014,0.6739664982765603,0.5204131407447189,0.6166824654352961,0.507257576184968,0.4136849056192436,0.6448612193817695,0.6080129181064838,0.5412243203596371,0.5250299407402962,0.5281803911158901,0.6075842808606459,0.4788519506802152,0.5552460552902201,0.39575729497462236,0.4673433307871871,0.4611126459796496,0.48487816302032405,0.46468354122682876,0.6879903775851308,0.5989361818746415,0.5179955237741761,0.5528937356273603,0.5821409717772048,0.5062672029513242,0.5405364807370646,0.6578389375193657,0.4739670771769793,0.44071590274665645,0.6999001994656435,0.6408096046120441,0.454061172085372,0.4863364957274065,0.4720206369128438,0.5955118635078464,0.5758224700017804,0.45030731669790625,0.5366257885398207,0.5190665795355959,0.5349261643932521,0.5586775970949684,0.4739091127201398,0.5511755631473547,0.6119718290473702,0.5351154680721157,0.5573147825113967,0.4630658150688565,0.6410983763866563,0.6151457832264978,0.44336289984284294,0.5008455098524897,0.4198783730976624,0.5295290423249244,0.495679842749277,0.5748323143665532,0.5805402933199416,0.5453364507023333,0.48041269738962317,0.5012876416095513,0.5167798884610525,0.5218578384951283,0.532072911365969,0.641643182677922,0.6344103208151356,0.556026958463939,0.5822835525094276,0.5252615342203126,0.4431467368992919,0.5223903474144933,0.44762306612849523,0.5996516187962865,0.589984535952128,0.4571931608335656,0.5783148585348313,0.5428699474056301,0.4784644651348782,0.5986963282768056,0.516221734655014,0.5562595284548607,0.47548239874516174,0.49949744629888976,0.49016522779970323,0.5587639334991483,0.4727894577595473,0.5202687081870777,0.5139585089565867,0.4988288897754047,0.5947769321955134,0.47473379432598695,0.4519789421897738,0.5809704821994625,0.5324441613526664,0.5634812986953356,0.5004210881812898,0.46835481575764465,0.6135093711833738,0.5539974280037949,0.5989698055397426,0.5324904921856181,0.5722716229417494,0.4966775592245892,0.5281901637357137,0.33386506910990255,0.5623166209569487,0.4669261670559008,0.5620053889170127,0.6769035987648393,0.575075005285731,0.622942244634176,0.5962026783924811,0.632268727218358,0.6099112140010827,0.5747191104213643,0.47299675516939,0.5005066818778847,0.5482875706660382,0.6038807723226628
0.6759068987102692,0.6662494290321128,0.6263630959881457,0.608631058699646,0.5266818554000965,0.6377322426292685,0.5349898487437156,0.0,0.6372582248154524,0.6518905012272306,0.5966882596367356,0.6183907653437173,0.6777514212657598,0.5271301664306238,0.5766352599527064,0.6748551485779201,0.6508944589538563,0.5796409587154615,0.6146164743837939,0.6629292551852841,0.6355812015118363,0.580921980270909,0.5459927975528647,0.5445095455523458,0.6479004396150208,0.5530498277357601,0.5261937570094894,0.6168718208633839,0.5816039621566058,0.5899963367170097,0.7138954440187175,0.6246135601263056,0.5977772565223468,0.5157383980214537,0.651671432834137,0.5781077916577636,0.6818012016501538,0.7142963630125462,0.616503124917193,0.5603095180656433,0.6580666637022773,0.5429613182065747,0.5977031295241095,0.6532944102232524,0.6589762154495875,0.611933599304747,0.5422940362359686,0.6357256786921445,0.611769210426417,0.6684387681415266,0.6634193847463452,0.6449629921855925,0.4941388467694969,0.668026783656437,0.6565818394672003,0.6248603673628179,0.695674733712122,0.642912815161216,0.5680320503286994,0.5998555837284267,0.7472381439759408,0.47009045028545393,0.6072646677947015,0.5155666229686825,0.5417569838672412,0.5679279193902094,0.5898004437667002,0.564005183177348,0.5710271417551288,0.675157558768147,0.6705848856789155,0.6227473590945998,0.5797944361697718,0.6598783302488198,0.6763773802847666,0.5375445108183555,0.5914362144760812,0.5617222935774623,0.6160872421688269,0.5712932261826381,0.574711473595211,0.6313097532997034,0.6382479956104058,0.6406341966759852,0.6506306576444435,0.751732276655216,0.6470766560383096,0.6127281617064969,0.636721401628227,0.5959672003999296,0.6300788093294737,0.582984993677948,0.6769421117818012,0.5941011629990957,0.642176967294906,0.657216585008803,0.5832983798780139,0.5979027464245674,0.46323192972055327,0.6185992128138725,0.5621982628711439,0.6260223586858955,0.5643302938805593,0.616611544531539,0.6548159587803829,0.6431750655250129,0.6752689444636623,0.6050236653757707,0.5905277073768977,0.6115751146095662,0.5726160671560788,0.6077869184007233,0.6534416912145712,0.6040763494975999,0.5798642029347966,0.6502884989628513,0.5795356511381151,0.5922493185675746,0.6089204687757238,0.5218762429720115,0.6395928313221573,0.7157634604590765,0.5732350915927685,0.6627306649722795,0.6078465657346843,0.6797648953954067,0.5319142892468589,0.5550259673480548,0.6067403716424131,0.6266284079132967,0.6227890150527797,0.6606054491798848,0.6587576993220844,0.5760568826036992,0.6500255786770865,0.5504162964564193,0.5903410368341583,0.5994046131068135,0.541311256192229,0.6947868216888228,0.5662176777098012,0.5388765842168659,0.6582162999735159,0.5937128072916664,0.6283586786458751,0.5231671936053411,0.6666103219602962,0.5678424779570689,0.6704201630623814,0.3867427074126169,0.7021169224225503,0.5729891264329813,0.6189768517262707,0.5655754037859518,0.6395118324554095,0.6595411869469073,0.5925766747723861,0.6726242386684681,0.5772712941529249,0.6279598510463893,0.5180138509446791,0.646826876174077,0.5730123936449333,0.6048605103044545
0.616493879740903,0.5940757673499132,0.5668786473873256,0.5437291952521,0.5440927183549297,0.6347702257026785,0.5133525273655277,0.6372582248154524,0.0,0.5998836437621987,0.5714821681094457,0.5795480932080427,0.5556240243574228,0.5060953073830889,0.5084137398148088,0.5899089435458075,0.5709683737278257,0.5269549904486778,0.5792204670530586,0.5662830749664151,0.5864209382645914,0.5728846293427134,0.4902492641832456,0.4686752440631832,0.6025589497139029,0.4738194188366936,0.4855423977019252,0.5315798119743141,0.5321059983073928,0.6606339627807346,0.6489857391383332,0.5964051961751705,0.5052188226718795,0.45505821193403434,0.59620488828297,0.5312279295661606,0.5970787557463908,0.6434698602656626,0.5820374573279334,0.4768825678558678,0.5324133423190617,0.6275610687816267,0.5234765769476599,0.5957842709755031,0.5166313093527765,0.4966869918740999,0.4947732299193551,0.5649940675635854,0.5530636517608722,0.5895780538264507,0.5980974744160544,0.54290042450277,0.4772144302215234,0.5805153724308904,0.5789518111707624,0.6684947121148277,0.6028217699587652,0.6524259782383779,0.5289896472687889,0.5184148713693663,0.6072437102490327,0.46251463892304695,0.5399001246244912,0.4991054456053368,0.5281727174352446,0.5012017586003836,0.5397257460825167,0.5402604166783992,0.5327465313391035,0.6376651211499113,0.6154026733830653,0.5554791231729063,0.6060817790647529,0.5710628918395518,0.6302854945410648,0.4955745434362494,0.5514600638003174,0.535886334921453,0.48731714490742734,0.5689324973399575,0.5538474531304127,0.6634607606107948,0.6211163904851301,0.5314475419136157,0.6304185967017165,0.5941819036032375,0.6589426501427409,0.5904332614920524,0.5418230279920446,0.574511201791364,0.6320893567859266,0.6032685849138023,0.6143971282037911,0.5286400464509904,0.6796259571914912,0.6240272656414299,0.5569921985730574,0.5471577724730252,0.4867715261221493,0.5162474191680323,0.528567225369446,0.5725246740634762,0.5395814894300848,0.5478886201336393,0.606849158779929,0.514872185449781,0.5574664711129611,0.5453045820554391,0.48917079848837225,0.5498057313815711,0.5482916648899889,0.5974566393567666,0.6387981019410298,0.684581654835792,0.48126407589005415,0.5473812314092135,0.5302066109312974,0.5735321125334942,0.5482005824904386,0.5412508963659023,0.5999496352928235,0.6612817528645215,0.5316521912192487,0.5877096819972651,0.7223687557292742,0.5496707729682219,0.53776094456922,0.4926653179143274,0.5137590665271642,0.5239948415544442,0.70866700146429,0.6933629387504776,0.6116721899633205,0.6345562763417156,0.5817617215728628,0.524094645945766,0.4976000901061752,0.4980418040584304,0.45424397677879685,0.6478503375812495,0.5022342485023139,0.5645987678271382,0.6635224269558351,0.6857925833682108,0.592525345164764,0.49198795811678686,0.6853531537808817,0.5152653151429777,0.5891495467341651,0.3895385141165268,0.6276753332336719,0.568652856656798,0.600015170421287,0.4991239657112122,0.5751144170220718,0.5986216406797796,0.5210846120163862,0.5853658490025715,0.5185027679061914,0.6169682862960542,0.46682245115822735,0.6736589310914812,0.6270378603408184,0.6143635071287988
0.6878066274782882,0.6446417026617273,0.6981883643796523,0.6404891953005786,0.5724613506138584,0.5747932187433191,0.6374445586652127,0.6518905012272306,0.5998836437621987,0.0,0.6041714069757804,0.5626384507655191,0.6748715235801926,0.5114604291955491,0.6644002152320088,0.6112025175684268,0.6252644287918694,0.6666647649843218,0.5822852039105679,0.5931420170625131,0.647434403611388,0.6628091857556432,0.5801154237506378,0.5856341814703444,0.6884023289187665,0.5386966386690332,0.5265038505808013,0.588146879623387,0.5840125662757065,0.5686157667534485,0.6184833788490623,0.5946948979468589,0.5937484959735025,0.4692427967567594,0.5950083570972904,0.514944928860559,0.6951614814484678,0.6053787526123222,0.5594133325958976,0.6182531671690908,0.6159217592072007,0.5771875298942375,0.6170016595935504,0.6432272339378265,0.5857045174344173,0.6073631523935926,0.5524491183691371,0.6353777067690713,0.6994331014916965,0.6217930635032264,0.7108646409376778,0.5998270499991483,0.4977154357155547,0.6686263335632969,0.6163744247938954,0.6008366422742809,0.6553249478145072,0.5748114933246458,0.7098085751819571,0.5393646965182192,0.6606368970201796,0.43320663858878256,0.5816665175538271,0.47975716283591935,0.5872776134759001,0.5699824433020917,0.6132325214532409,0.6773652386739379,0.6286685353369501,0.6791805958279471,0.6977559166304765,0.5847734857619347,0.5667824157334014,0.7367943603629236,0.5972005823490405,0.5366181526013685,0.6135302530111708,0.5806160561047562,0.5445561126158079,0.5471787007775747,0.5919311847580707,0.6537464273101269,0.6915427588950704,0.5447967566293825,0.5988341660918068,0.6233901032876046,0.5784606978441708,0.6553752275951638,0.5855778789340966,0.5458260653264667,0.6488025773582627,0.5560130042522312,0.6622842884602345,0.5639249842666197,0.7010345004464266,0.6591207168050391,0.5158167860246952,0.5448121580528139,0.430180007663226,0.591174924632734,0.5159672901634114,0.6096443923593896,0.5781009786591876,0.6556356670672508,0.5714054205713299,0.5893293515263325,0.621670721508763,0.5934182099940134,0.6256149029347418,0.6534025968881035,0.584036655295308,0.5694672037183318,0.6487983879430008,0.5625060909439072,0.5275546190108931,0.6025378205945312,0.5586828134340108,0.6719144596763122,0.6290054476307193,0.47816291944970685,0.6075776360830465,0.608367889776142,0.5214742107784316,0.7064135918774446,0.580579269660171,0.6439983036717712,0.49869272520956287,0.4942443031534685,0.5383963626744903,0.6737279240658534,0.5676512359766515,0.6153025062708617,0.5629071090864214,0.5144128014484513,0.6283458506549242,0.5847446001969567,0.5455806079829925,0.6043832906427892,0.555632760024606,0.667525703577594,0.6153192059355813,0.49616841203546364,0.6778792578118319,0.5729369067495669,0.6009700120761223,0.5275774100672541,0.617834544382907,0.6092129270836033,0.6535647272316057,0.3493296265846128,0.6252667003482444,0.5924736708598849,0.6077778145805569,0.6535405111179932,0.6358867975854882,0.6965147413491128,0.6472130563090981,0.6945785951539962,0.6219124908016237,0.6241615501198489,0.5875606556670826,0.6014905278877415,0.5902127741677,0.6211317689177681
0.5672914757838496,0.5585271968118277,0.6568937541862976,0.6672345282985316,0.688866772371248,0.5135433354213141,0.6051356193571815,0.5966882596367356,0.5714821681094457,0.6041714069757804,0.0,0.6392956051137236,0.5750007655276563,0.48133690285302866,0.5364326267470203,0.6427406467936729,0.61162127289545,0.5304790108126031,0.5387987404836277,0.5395851671949446,0.629654262046005,0.6623885912699161,0.6369053251546752,0.5912997199110378,0.6275661819399958,0.588391053166566,0.5966427504339507,0.5913365141879844,0.5554734915991181,0.5868006855592106,0.5468007547921381,0.5176512581757811,0.5183400642275959,0.48944428516706134,0.5680121819800965,0.5152598487766218,0.6641718738121198,0.5974092554194768,0.5990593451978039,0.585986937228256,0.5446075835967714,0.6318198868628399,0.5209848566234714,0.6131951058843835,0.555239405545863,0.48531598708524937,0.45883237750984357,0.6653733712318137,0.6651533457496663,0.5390127793077444,0.5802810415563565,0.5317143314255376,0.40681226569912265,0.617574012137188,0.6104617346528298,0.5443864577999384,0.5626618787282563,0.6647033543659493,0.5366420825503134,0.4887554483492444,0.5673442450182378,0.39337118666602494,0.48988651700715513,0.49151550624691914,0.45994836947670714,0.4532428429891478,0.599870424910843,0.5292681184547438,0.5608095850135665,0.6347277332942849,0.5562347404032102,0.5092696719153796,0.5806912307514328,0.6415848522178582,0.5369461017739778,0.42538583308874633,0.656307601737103,0.6300825517893364,0.4773864342886975,0.49398462954219,0.469416881131722,0.5788711182428563,0.5764696187607626,0.49092741080110025,0.5815060091564135,0.5854553533647682,0.5933379888229456,0.5206859187031626,0.47780894725561385,0.5605843667060609,0.7070610333662759,0.5084850656476271,0.5755341841734686,0.4636672112603338,0.6256075471222825,0.5978459122338023,0.44392203540331215,0.525059722559656,0.43220453268842446,0.5040967555745789,0.49372220537051004,0.574037592057355,0.5506241897655553,0.5529508475692723,0.503904980649654,0.5229612872957747,0.519964714767074,0.6292369833266527,0.49686696172307665,0.6384308725883501,0.6273745085113323,0.6095721366596816,0.5677062887301211,0.6231050387458708,0.45539785352224355,0.5968150988751891,0.4600814582087708,0.6275850414289944,0.6248249458214646,0.49135696396205053,0.6436319668980947,0.57071862971629,0.5270859993292972,0.5688591353494289,0.5394987153814521,0.5516950487245831,0.4728377797681484,0.5109811230441544,0.5255163021312615,0.5267200912517211,0.5362568811134829,0.5840960101000681,0.5720347688013999,0.5557694154488124,0.6356319930605382,0.454249530082288,0.48181088443926046,0.5623844304361948,0.575213974789945,0.5905013768556108,0.4709323512289232,0.4956849020933675,0.5838098649309214,0.579753906831746,0.6321021373512717,0.5272235464812957,0.6198201939171822,0.47113382912167273,0.57923681327218,0.367385513903243,0.6082680003238784,0.4644109839101358,0.7258254086865609,0.5777974071719277,0.6168142910137702,0.6064725611566687,0.634746482963458,0.6418612920992794,0.563634290561681,0.5712781703776588,0.4400144037892281,0.5286117871536824,0.5450284522432086,0.775420848626911
0.5553414559634006,0.5607794769588912,0.5635375159628758,0.5942413739194135,0.5921274287277217,0.5595751548522245,0.5554637664552063,0.6183907653437173,0.5795480932080427,0.5626384507655191,0.6392956051137236,0.0,0.5380846071506914,0.4694434585012901,0.49830508652688776,0.6396459737565744,0.5883125592813642,0.4783753310930813,0.5888343200955455,0.5662291910888398,0.6592093862811232,0.5379902989340676,0.5868155549298391,0.5512056619687787,0.6494645019952997,0.5957955294147473,0.5048658547530935,0.5506637640844719,0.5336353666587709,0.5859756928396589,0.6348967476698036,0.5526866176524011,0.5027731148787512,0.5790362250692223,0.5982627552131271,0.5686736113082812,0.6564733399064603,0.6172054277962056,0.694105500822402,0.5178108915877722,0.558596206735295,0.6016022745580947,0.5297557344772352,0.7013151619897898,0.585639245125445,0.493898160112429,0.48139663916868486,0.6912404492785326,0.6183600840141723,0.5546706523032087,0.5849134658603243,0.5676623610296949,0.4069114604948612,0.6150157623402192,0.6409601976264055,0.6156719114423874,0.5825583297973375,0.7226049837440467,0.4979162800379936,0.5096204439726113,0.5621536455120353,0.4235200157086368,0.4944535913985155,0.5236404504465738,0.46334778940047766,0.4676745721936593,0.5798758667173624,0.4991692115242475,0.4876215493380874,0.5746714814768837,0.5620337704573061,0.5308809304395065,0.5914579486675552,0.5844629437312353,0.5309304298374026,0.44762350299315146,0.6130911826494128,0.6250881424161647,0.5138182885372888,0.5573355303942308,0.4881523144169354,0.5944682149908467,0.5623462835745936,0.507353344497535,0.6799664529567885,0.6138022280050006,0.6633240690340835,0.5220816760272398,0.5035840066391799,0.6285213140549513,0.639614801088534,0.5873318484265405,0.5747444786255178,0.4892311486740184,0.6014390198821223,0.6378841818804717,0.4832939165821573,0.6434111052736565,0.4781690749273887,0.5228084301670376,0.5330311989623936,0.5989993179409256,0.6111935871730827,0.5833806150880443,0.5403917126831912,0.5515437263385128,0.5612277926841706,0.6274014518924963,0.48966243121577185,0.6688420045425774,0.7120799780467671,0.7037679341902376,0.5916564756597263,0.6342074031942444,0.4701958257591417,0.5672597238441378,0.49350162432926786,0.5913192186381081,0.6339242572582026,0.5189329509523575,0.6515506731954521,0.6189759773482005,0.6164234175524601,0.5847129922261735,0.5918077405494462,0.5748044410023896,0.5089070471254532,0.5543195128935535,0.5873004777443123,0.501585713868126,0.5589002646741097,0.6059948838899623,0.5935015125482148,0.6227397628073713,0.6714856284135483,0.45789897853511424,0.5166181078841563,0.5434681563696826,0.5147883637857578,0.6406064415060795,0.4528692733930438,0.5415648305777964,0.6004907026351353,0.6152177165745881,0.7288025452420719,0.5658904540858617,0.6726353048877411,0.4681213641078878,0.6201844691789489,0.4001341643727269,0.7045012331078393,0.4736874769526736,0.6198918554895171,0.5290294863439688,0.6928812082646112,0.5990688156282603,0.5366473058412679,0.6632600592645456,0.5166053833430433,0.5956839840445949,0.42791576714240476,0.5897723332186037,0.5992984575846688,0.6689501777424751
