0,1,2,3,4,5,6,7,8,9,10,11,12,13,14,15,16,17,18,19,20,21,22,23,24,25,26,27,28,29,30,31,32,33,34,35,36,37,38,39,40,41,42,43,44,45,46,47,48,49,50,51,52,53,54,55,56,57,58,59,60,61,62,63,64,65,66,67,68,69,70,71,72,73,74,75,76,77,78,79,80,81,82,83,84,85,86,87,88,89,90,91,92,93,94,95,96,97,98,99,100,101,102,103,104,105,106,107,108,109,110,111,112,113,114,115,116,117,118,119,120,121,122,123,124,125,126,127,128,129,130,131,132,133,134,135,136,137,138,139,140,141,142,143,144,145,146,147,148,149,150,151,152,153,154,155,156,157,158,159,160,161,162,163
0.0,0.4297453802036789,0.3519264177387724,0.3230760435922678,0.32262086008463337,0.32964476493604705,0.3667482810403612,0.38695815249101595,0.45558291964005004,0.39990417454757343,0.44110066463820713,0.4101192370192867,0.42048093112240864,0.3378736750492904,0.3933742338491905,0.3617457572041201,0.3999986872727245,0.5277932699709359,0.4307343275805582,0.478746619258019,0.4512449566346222,0.43418458433841445,0.4111356544309308,0.387824059804133,0.50277619305771,0.3494601131478326,0.33938758256745283,0.39395925186018715,0.3370952196613697,0.37790650116272456,0.4562944727065532,0.43093222043859325,0.33203849571101873,0.4135013728872477,0.43430722963691437,0.47255946020917805,0.5056975685346897,0.4738843509391489,0.39532904623981724,0.4224542065687329,0.38826668207908394,0.42831568909881673,0.44259790517694314,0.40868811689361595,0.42246162736030635,0.47216648122234306,0.35549306533161873,0.4260960097865503,0.5559062822698604,0.4960026711208118,0.4899879604042148,0.36430864797075235,0.4039130905620573,0.40014472666637546,0.4515414124605316,0.4258900202333833,0.5461251710484061,0.36742239739077714,0.3830555492439363,0.42470201986159056,0.35893813618902165,0.3333438148514884,0.4047984504260444,0.34182550833798653,0.4250183591799242,0.4423896332906121,0.39799696618743957,0.38325302320951665,0.39743379090464,0.41379422891539486,0.5138739296989707,0.3842576686661481,0.4229030234481943,0.42886807546103,0.4346590152583183,0.4450636302512799,0.328171920697251,0.33827316115362294,0.4476673446569736,0.29159095691677545,0.38982515297972625,0.5243657573647647,0.4012635790695027,0.38284159377727184,0.4666185168821685,0.5065847806675757,0.4091618798735176,0.44949262654044403,0.41899049817331546,0.4256284889157942,0.4758903865505633,0.39476700016326055,0.4943427684781266,0.4847486985606286,0.4642751950088603,0.39999769449755923,0.31782994826311617,0.3528351523848922,0.3502826759795479,0.41208275999771643,0.39167027315057673,0.3588495253526737,0.3750928611546572,0.33926026683141364,0.46656605932719,0.36667192414916566,0.38999969594445855,0.4174219409433086,0.4261250477767457,0.4248766894587527,0.42902929595406125,0.5616945393193038,0.44444103066359275,0.3566056292216761,0.4841287979615702,0.3845530682843257,0.4072583285468296,0.4606024020400073,0.326991470051634,0.3401282267009499,0.35742410009206477,0.3333908446199875,0.44742242150047307,0.4583173796027956,0.3750502311954775,0.3779847774335922,0.3409432527201593,0.3277617306715692,0.3885954677243842,0.45103821742584227,0.36076676975202276,0.3301753266227132,0.32345195320041153,0.4635400910211196,0.4498968378485771,0.380173812642143,0.42095634168414786,0.44178116133542933,0.4095908426145684,0.5445796691715551,0.31493613733537895,0.38545071477225723,0.4745262948168728,0.43372002410982835,0.5117010009567028,0.48041334664960267,0.44404094977883,0.35281902055356457,0.5178648126515587,0.27510743172948526,0.5117995065687982,0.4072929364788589,0.503233814837835,0.32159619243496135,0.44248109429647736,0.46564256743349025,0.37610078313991796,0.3586878336079562,0.3272154586772224,0.42817920163291884,0.36968965466224835,0.4293087231207237,0.33325349949063754,0.5380683773695271
0.4297453802036789,0.0,0.3481878301116688,0.3581443473339473,0.2932612967139931,0.3646388700764057,0.39118091085961,0.387110437737648,0.3573538873343678,0.483884801565657,0.416569065397454,0.39420719622651096,0.3824430821782422,0.4082256678617278,0.372058139442487,0.3188421671404457,0.37919676700655813,0.4152315235356685,0.39311585746681554,0.3585946434196543,0.38117558184805395,0.4076269840876998,0.46466301051574876,0.3627346517570468,0.43762881455205466,0.34092050735792323,0.3443071231989645,0.3975260050380528,0.47956336379786063,0.31963075621330034,0.40554142784221525,0.369885569242242,0.38814019778395376,0.3999461875671714,0.3979434775165242,0.44811262593195894,0.39562415429019576,0.4222512445137045,0.3586095565887627,0.417874532160644,0.4504727648775073,0.4228209831425204,0.2961097376897928,0.3343865758333834,0.44722482659781115,0.39456838666096344,0.3496880166983491,0.3270229757531634,0.44400723860598584,0.3697407780052235,0.4124379068819872,0.3607499717661721,0.47408844149714136,0.4507659026612211,0.44600107266065053,0.46925204247842683,0.39667752638786835,0.3400725077502193,0.39221320248601677,0.4435727800530003,0.38430722296078607,0.3033496468393496,0.3498295429193324,0.31177169786572845,0.34616524574937546,0.35645655986660435,0.398837092799165,0.3303225110605524,0.34863825417482797,0.3866579148668279,0.36024039181927087,0.3623585690364292,0.3715323245443706,0.3949244335883803,0.42246942670817295,0.41729307965125717,0.308581287612134,0.39932372034635216,0.40046798589318305,0.29698596582839604,0.3730705570044689,0.4078086483808555,0.40079949140703747,0.38059359889240824,0.4023513636395945,0.519641648541025,0.3430656756279275,0.3361240952729841,0.36764524719649616,0.4742088495138683,0.3795894527283012,0.40082726304454147,0.4133766873306972,0.4441667103853474,0.4605168685166349,0.4069318842941762,0.32396339418704106,0.38640136998209523,0.3230300151307201,0.43822717104523323,0.3750938192712977,0.29294100866144307,0.3148615448187154,0.3301294438431159,0.3816084122420333,0.32771391963726987,0.3325267897605409,0.4655853190604616,0.43861412281294876,0.4397688474325525,0.38231241095569096,0.39877431203871133,0.42240240647480104,0.3327376957086316,0.49759303021614226,0.4645710253528444,0.4223747031384464,0.30584136877758655,0.3371355743610383,0.371623266278768,0.327189272669792,0.3399944927904114,0.4374769887151441,0.43919023785133515,0.35197964866955844,0.4413626416654001,0.35419694018504827,0.34861462305993896,0.4638718378199726,0.37953528596861985,0.39384731124752637,0.303161109038634,0.32294203326981724,0.46432130188049153,0.3614882571609474,0.32549457581509794,0.3486701108533796,0.4219727073311742,0.3582465400325257,0.37678231301432313,0.3324493947025259,0.38021127840435903,0.5150616398049218,0.3940213392435086,0.4284244296600601,0.38918549469678015,0.37342723838884734,0.36512248939911,0.46390590970735535,0.2881473638230991,0.3666358085777923,0.45695781987868034,0.37685576121629266,0.350928358485397,0.38883997430284467,0.39646248209994595,0.36970821035766505,0.35812816565790156,0.3418367979279409,0.36366405272231456,0.42245990990957777,0.447385996509812,0.33477928555106956,0.40525863510783255
0.3519264177387724,0.3481878301116688,0.0,0.3100560649852471,0.32749445657205917,0.3789166458637395,0.31857616733885863,0.35232783950312957,0.2901048589738911,0.382531502853139,0.45196722656942184,0.35762969937078387,0.44256312604123477,0.27830744591230583,0.32816580839998877,0.4900002132032749,0.4514625496238544,0.36201687212973405,0.2983986562640827,0.28233350876801155,0.4758365411422181,0.4669225349154115,0.3205057607640434,0.3955615156093721,0.3400136743146355,0.44973767701074413,0.3121938968207064,0.3403607706314075,0.3091125753928181,0.3915362012025591,0.2796928430333785,0.3862607569776385,0.28372880186131993,0.30694901381619977,0.2590944625298629,0.31878618948093784,0.4133201444340289,0.3320770299181111,0.3407217209824043,0.38781270151706004,0.3260006713294563,0.4094742378346882,0.35787975132389566,0.3268949807269127,0.35272295407297627,0.40228057940648404,0.3836166706522762,0.40796546846039294,0.35544915945655037,0.3309250225150642,0.42136151171823477,0.39210092638428573,0.29603873742622494,0.3733389735494941,0.346513378546849,0.33369527029013174,0.3511225640389525,0.3974141819727731,0.31024692557472283,0.3333529737941425,0.35473343122039847,0.30100874868856,0.4100099810184461,0.24275383588264957,0.29034587341340107,0.3533068808647775,0.35540967233932114,0.46110963558607676,0.35225562133028454,0.34049335707343326,0.4073114656282905,0.2622859915656596,0.3276996193186315,0.5353009898532634,0.39896887565443606,0.2925169233544675,0.42879999231602856,0.417602509651099,0.34236815701315254,0.3337807932090803,0.4034206322723396,0.33800469628051777,0.4567437030826444,0.356919993116689,0.3413189988059265,0.39275712299099347,0.3060956513911983,0.29009544826037137,0.3396808142628198,0.33839716730083147,0.39389724080851596,0.2554830291847873,0.36900546663869277,0.30922789384208865,0.34292809310396716,0.31438379764017027,0.2626593793070511,0.2843804240905738,0.24082970700338613,0.3548401056522728,0.26699495949006485,0.32170548685871314,0.2682837082814335,0.26295896668270347,0.3150058740363075,0.45887499652528224,0.37083673061350186,0.33764979722970967,0.39168471480061706,0.471995737736867,0.35541326685867786,0.31762110967064167,0.3500262677135285,0.3034675227152008,0.34942227222084515,0.4368921544334888,0.2942276680119363,0.32325393688281556,0.34973192900523364,0.28654377215700433,0.3405357251135145,0.2877601371275437,0.31218039787864565,0.44226686987330077,0.24279820731829,0.3788485140279647,0.30615963039938254,0.37857514420278143,0.3387736626752587,0.3214320694680632,0.3126055377901744,0.45190953907058995,0.27647933527595725,0.2831776814755753,0.32704731768462597,0.28365819576677237,0.32757365182445825,0.29654872524632253,0.31398025033259347,0.33577575435456974,0.25847999719213216,0.3118789222266897,0.3366810008248462,0.31895777125229147,0.37222637535577047,0.2844617359976521,0.40740026075964353,0.42501525868591694,0.3507026175741145,0.2476153291388611,0.28407991775182906,0.2737794642622104,0.33091676089761574,0.393185906565546,0.36253640984217345,0.3437277989740241,0.38557300436938624,0.4812413117003854,0.22636351934225543,0.3749411724531064,0.37270523170749614,0.2612644903112327,0.3001177807526574,0.3945783999633901
0.3230760435922678,0.3581443473339473,0.3100560649852471,0.0,0.23067443621214653,0.33105253611913976,0.3433420440202572,0.3337509122671969,0.2784203182482287,0.36897412847516586,0.33854982381540677,0.3378401592114402,0.33045373665183403,0.2915895131184767,0.3471251237704361,0.2757150810642595,0.3069103933763734,0.3405638705476015,0.3494857825919969,0.27549333805337706,0.31147866052809015,0.30803979223928607,0.346522206454861,0.27343373769281826,0.3703371332556979,0.310355127793417,0.3280794020400476,0.3484382677789943,0.3203093649744913,0.24769932680608456,0.3137430481903552,0.3053349581948151,0.5178040752839602,0.33946567043059,0.2935764028870578,0.33439288277196433,0.3148861249681787,0.3144833254794675,0.28151125139466804,0.33423579619251703,0.360287448474775,0.312271253458864,0.266216989769016,0.3168521193848309,0.3383394272974139,0.3434963587102318,0.23066865121222213,0.27583643054796536,0.31612362018978096,0.2861131725502394,0.3594691095014668,0.3414789792903728,0.31542053057811814,0.4213351145211791,0.34641750768195073,0.29761478914253847,0.31523879341295175,0.32497781636949835,0.30452299936950167,0.3270106535703725,0.3614906149393254,0.2694430089026503,0.3294506529215743,0.23006063976848182,0.2911597191778213,0.3462098452364301,0.37877860516768375,0.2720162937846311,0.32745256921050225,0.350809096892655,0.2977618324299956,0.2636089979141562,0.317663018498819,0.38866750129755545,0.3608953325233429,0.2944359629553124,0.3004089614688166,0.2854928816652439,0.3296731620220886,0.22819505801466256,0.29874800635565246,0.3623851122527852,0.28296675529942666,0.3331746521536037,0.3396164207891613,0.3377415544585898,0.3195186470062607,0.30702198184242624,0.3248848099717214,0.3171564730450995,0.3283162949337993,0.32462288692201496,0.29443050528968084,0.3064352856323137,0.3448918437866847,0.35839116204206384,0.2641525928169795,0.34829258180279277,0.23910410267785134,0.36663001380488114,0.2783115113961959,0.28993151679300916,0.385081199334797,0.38477958251529804,0.31739693751342973,0.28407566537643714,0.3140675633800694,0.32874400437569035,0.3286837787157289,0.29347463978413085,0.362450560873816,0.3032426154062654,0.38686206805896933,0.30519149821534425,0.3550674058919185,0.3240802543876419,0.3315652131131019,0.2538078940180562,0.3598248201416185,0.3175077106531177,0.2376374151810466,0.3578496792859301,0.2859573667209478,0.32616609474469915,0.24481696549762685,0.36495188398614903,0.2963810387836596,0.2624142241642127,0.3642334822630014,0.320796706692211,0.2819888675986605,0.28067556684876804,0.2927069833089411,0.32309628012493846,0.3037967789722168,0.24004864649064497,0.23537903891681072,0.30717276820162154,0.3180266683427099,0.3163794645802702,0.4918192598565085,0.2680554658222838,0.35673339895461614,0.30929156930045437,0.2983472704372412,0.3130515002233568,0.27827492513002366,0.30269327247307093,0.3161407074615613,0.21930226301266814,0.3299922466709545,0.34638717059924096,0.3057568792532066,0.2751045579817522,0.38776758426065794,0.3290925281574306,0.31722852524303663,0.3256703671412987,0.3896127367134029,0.30690950804827827,0.34967886077788896,0.29872678488894966,0.28790194877534137,0.3011128488658801
0.32262086008463337,0.2932612967139931,0.32749445657205917,0.23067443621214653,0.0,0.2592426085869551,0.3279898873706762,0.23777761310883289,0.26161709847074105,0.29187504727420055,0.3398695439297758,0.28544623808253455,0.2622439789984667,0.24137397986091286,0.3414232417231893,0.2951439646649384,0.2987292686531716,0.30294704903104075,0.26225224571928546,0.25404656899548056,0.3374294100193521,0.3344974279826694,0.2899248273822342,0.3528870785842499,0.28725024664680404,0.3057080200235188,0.2231243152361675,0.2420681456270569,0.28028830894429485,0.3115654692153899,0.29982686620625937,0.2584125618141735,0.2430894168130342,0.24596130940195354,0.3188779218002697,0.29423707582228104,0.3132412833706203,0.2693318269628254,0.3148352731824357,0.2910818504903754,0.3033878521370108,0.30878325079873153,0.31806084200037615,0.36318132035958345,0.2454680280641854,0.27275887262711906,0.34722747976103535,0.40942932932686926,0.32941439533764433,0.2931415244944776,0.3399982294345767,0.3039289061322426,0.2672391246511283,0.2911033821490933,0.3028368798783914,0.26464498291944416,0.281538580582862,0.29844564378433314,0.26709551873988874,0.2538778376395344,0.22705436935277823,0.2282319191360897,0.30068413315319814,0.23839057216050896,0.2957551473660649,0.24281596584817122,0.2419819083990824,0.33407705112130276,0.2570240297680484,0.2694605126017459,0.32586016005337953,0.26652821117303466,0.23964463959024965,0.28931045758494744,0.2472447075660618,0.25918474078929554,0.26284839932701937,0.41157171708996787,0.2614265027763116,0.28325944874564224,0.30734442139615104,0.30601661141691405,0.36384701373493517,0.23400480541431207,0.26046347435467965,0.2725731463640729,0.2389727208820838,0.2591402910074444,0.23912687679229386,0.2512878103953139,0.3721325936538336,0.27067760916698497,0.3660903432972956,0.2578538043659519,0.2884333203388019,0.28407379295334256,0.20865642509001117,0.23688724431403804,0.24511177223273886,0.24745502925657234,0.2550484303532208,0.23032844021473212,0.24379477991752566,0.24379130614478903,0.25617423601278055,0.2806986086958303,0.24063178519451242,0.27917579218406835,0.313032997409681,0.3348643872107436,0.30477476305057105,0.28870683191840035,0.2615129428394212,0.22886064013614008,0.277504833702395,0.29175205190776815,0.25585337709935096,0.3036677718695312,0.2642691685281076,0.2431270265935475,0.37293371169332007,0.23152880128906542,0.2536096971698853,0.3801624926470823,0.26775358793582615,0.29144915318408626,0.22744819771027303,0.2748006589437454,0.26372879863045867,0.27833918027188254,0.24112205214242916,0.2646046397276543,0.211451361308577,0.27889538166848116,0.282637847783557,0.31816371555653944,0.30749968201998584,0.3456518414749585,0.2556387644299521,0.29735329682813255,0.23069215941305204,0.2627993151947521,0.289927755517849,0.25955046239845514,0.3151024785298685,0.276198149876536,0.3577133422390994,0.291971659399703,0.2837608843720532,0.19624587613062738,0.2773307260219608,0.2765303381358094,0.28614961463139704,0.28815557256402313,0.28985154223776305,0.2808771967043779,0.2572899763482957,0.3328332470706881,0.24530590255800566,0.2716627025284724,0.2690157955010099,0.27088378007362623,0.24076035792659184,0.39247520926770285
0.32964476493604705,0.3646388700764057,0.3789166458637395,0.33105253611913976,0.2592426085869551,0.0,0.3286405773084473,0.3316718567517216,0.3011862607642725,0.34000437271026335,0.38827088640730595,0.4830521099125101,0.36716353061997475,0.25289482243733263,0.31197217784660847,0.3752813842618123,0.38929319180482763,0.27059582109517594,0.3609244364097628,0.2758829958104479,0.3951641672143031,0.3428106109760446,0.27252253037977975,0.2874381162861848,0.3602174813613052,0.33735815946607356,0.26870463855637505,0.32345193100534286,0.34396838858344064,0.3421009956745431,0.3289542826832365,0.4072827871670873,0.34104961611738244,0.34067554339015177,0.2834044306425056,0.3177939026160198,0.3564535806160435,0.3123236809560005,0.32258084318853236,0.2988361755071716,0.35914158316389483,0.3972921772148325,0.30703571142143643,0.3912820397052915,0.3035532272104876,0.3183062932328575,0.30918008100440475,0.33394125271729624,0.2814224242746585,0.30860515744696876,0.39493847541010657,0.4569801217718667,0.2913094458358824,0.41349339816634656,0.35756415030634936,0.39453136392097554,0.32224481573881886,0.5103893511095665,0.24446469671591897,0.29039075114229995,0.3393730500392085,0.3198411803424661,0.4344469458680236,0.2248534780042595,0.26863428287149627,0.31359776462333055,0.3049780294095529,0.3318770963015209,0.2665471835330462,0.3192408900498541,0.35080268675204096,0.24021172530937457,0.3281093743353263,0.37039802059973675,0.3991527436982173,0.2967345885906612,0.3421247325847734,0.3298998647926781,0.30470805809888457,0.35955888863348967,0.4435901190235872,0.33343085547487367,0.3511168559315062,0.3356322311013122,0.34371723090497575,0.3376761257580332,0.33262035235235304,0.2762706015737747,0.341644806302686,0.3298384647320447,0.4067278104418635,0.3567673211130292,0.34728658956589387,0.3092014015800332,0.2993357191506582,0.3979112061157999,0.285570150573152,0.38351118711215654,0.24960127883427954,0.34107451631073016,0.25984457615701745,0.28450759661281866,0.3161892136053987,0.2814733479189239,0.3210122912475854,0.379192670318938,0.36360169165714923,0.3496803093838098,0.31219899496935555,0.3656115273078726,0.42740950511145004,0.3020545394235801,0.4190753668673969,0.32121859422117033,0.33561473643890594,0.4209583560492637,0.34831330539114613,0.26820357165667036,0.4369680598990939,0.32681677590323394,0.28185283562946534,0.3541262382667766,0.3341689790702828,0.39964370893407697,0.26983781751296676,0.4303016552907363,0.33548246941215476,0.3129929398288471,0.3734768030597668,0.260449071361995,0.3483010675651717,0.434305494103128,0.2766339218798432,0.3427525514493791,0.285369768437054,0.2645648488558375,0.31233320164690487,0.27970207656651563,0.24788068397198193,0.3065952164019826,0.2825716951427531,0.33447964070960357,0.32024319457132855,0.3158909333111586,0.34564459231370487,0.32403587925471367,0.38812263814368836,0.3725836210202628,0.3230228575237882,0.26923083836624584,0.30832610911290315,0.32287078328069835,0.27430825029000977,0.29430524415176346,0.4320779299620083,0.29819433202814977,0.3053615804057777,0.4699445216313941,0.25852999650682645,0.39146928065918507,0.302747426199387,0.32567161570932496,0.2864842479201353,0.3514428316034235
0.3667482810403612,0.39118091085961,0.31857616733885863,0.3433420440202572,0.3279898873706762,0.3286405773084473,0.0,0.2664134374434028,0.28474858874533515,0.3605440705811325,0.40004327134327766,0.41403887436273734,0.33137228352125825,0.30776550544749315,0.42262350388543796,0.28283341167078047,0.3278816792620275,0.36539134502805454,0.3578373563011085,0.27169204965213684,0.34720336877337304,0.4053651523177946,0.4226074783727585,0.37728973992563064,0.36608553041351105,0.330829372635457,0.27724173510586286,0.29369544636795913,0.4288645103239826,0.3113814424853886,0.31519968458970193,0.31248340670583796,0.37525202321505313,0.3062292527166224,0.3198655086807999,0.32542844257254006,0.3831098551002063,0.2982880435006658,0.3277308058501736,0.3997729047555047,0.4629820522115651,0.37138845234802387,0.33633146862060936,0.4082937823327158,0.30556616672015585,0.3294836338111389,0.3310001160631397,0.33434481391394794,0.45099590440025994,0.30772647379178436,0.41377406048857307,0.36297259922668573,0.3196977409609056,0.4380387166013139,0.404859801627744,0.32251515073781506,0.32885422028237177,0.33526391729862015,0.34932250276944493,0.30237868940506546,0.26502574992834266,0.2600429108277488,0.32617807362522977,0.26500204224452956,0.2993035791673513,0.27285262016792616,0.3122367948705421,0.3576360241065454,0.30354972282659953,0.3007419601655857,0.3717538371114716,0.28688673798215225,0.2731304399708586,0.3654454852602734,0.27067190266194563,0.31273180111852095,0.319533437261493,0.36486781888743053,0.2934125170733198,0.26740847744639,0.34434047828988307,0.3439896152374821,0.36924935986667273,0.2624896949552612,0.2905589934198671,0.3197016108387704,0.2646254187793105,0.3090851324014185,0.2785573169325382,0.30067243108837777,0.4278217007499673,0.3894018344493286,0.40527789469884373,0.30813704090582505,0.33980087234164685,0.428037019126517,0.23383299618317116,0.3278430720247531,0.2719141770407086,0.31155079284556575,0.292398387985653,0.2647684967400393,0.336200162666694,0.32716430719067163,0.28345126584441577,0.2973260801188936,0.2681662063695576,0.32916798008817827,0.41148808508013346,0.38100592586920795,0.4728621280146836,0.32100504624763926,0.3063180674683859,0.2519538175410675,0.3316108602312218,0.35887173092673735,0.3121470116165614,0.33195555921190784,0.36685223416941426,0.2821568808243255,0.3076407791213787,0.28061555117279124,0.2939571167057482,0.41823226536037567,0.27569999130152656,0.4403693087045374,0.2601329870078196,0.30673392390015053,0.3263797037667295,0.3305198609215467,0.26825621640991987,0.26253905653565884,0.2419991299297607,0.31388289311188977,0.2832228682038127,0.3210807912717526,0.32505939939488293,0.3736789616871936,0.3134103375261332,0.33891773356008725,0.34631170550107465,0.295391347469071,0.34955804557431164,0.2933895660822633,0.3623735461863763,0.36588361357483934,0.340283684684457,0.35446078807129355,0.32457772343618624,0.21690601822698483,0.30575352998547844,0.3779993726735405,0.32063251910522994,0.3584269599252917,0.406410593215804,0.3257221007916229,0.3454781944882772,0.3641666631720178,0.36243410243368096,0.3380083928651409,0.3438181384321273,0.32916679180815933,0.2796412812395354,0.41097043056055904
0.38695815249101595,0.387110437737648,0.35232783950312957,0.3337509122671969,0.23777761310883289,0.3316718567517216,0.2664134374434028,0.0,0.3806385520162851,0.406959880026034,0.3495541426743768,0.3373975681127406,0.4106697506049184,0.31724929361368936,0.2983261356746723,0.3577111306323067,0.37246319998229954,0.3655625963198605,0.32644993835974634,0.35320405204334016,0.3499934547141243,0.3129041533466682,0.3399699195239303,0.27387630932102136,0.39286743601661545,0.3288986595774446,0.38720562089981037,0.4334507443662264,0.28316405439559056,0.3029302360535012,0.4108324528533924,0.3767925303299227,0.29977574499098925,0.3867284586855385,0.33462961684544534,0.3857846834641136,0.3976132528866016,0.4056771514676059,0.3420482591253292,0.3302320761883472,0.3133695854612855,0.3644437514099432,0.32076858758744786,0.2807538620460251,0.46945927309274615,0.3892979495641033,0.2821520689171164,0.30478868556063654,0.3466590662314113,0.33162472472598375,0.35991610099113197,0.31030684182950075,0.3552408179671787,0.32993263167384557,0.35615232058566515,0.38173335269708764,0.34940478565493666,0.38004770040126,0.3390697973633062,0.35470136431979116,0.5558605398061678,0.30315187478840505,0.36724872662451585,0.28622542238189913,0.2990250526057136,0.3768684172039165,0.4264035493574953,0.3120962646964121,0.38498967482916624,0.5538923528175529,0.34452883418367564,0.31784983015755985,0.4114747134306585,0.40341138825619466,0.4992424218937792,0.37520967448307113,0.3600147279561683,0.2950083905749736,0.45851730922224315,0.2619505931680671,0.3469338013711957,0.37324702218034816,0.3348820473646726,0.4695375331677636,0.41667180484515504,0.4586301328961536,0.5599604084047934,0.3671801568000269,0.4738290907039445,0.4038232780767294,0.3312940182963949,0.32720865687770884,0.33316238463943887,0.35013013830121936,0.402992647214532,0.32884497042122074,0.3591293065325807,0.37044867305460577,0.2823365943139317,0.45986408084397856,0.3235864075341536,0.4026740238239899,0.32933819992396596,0.31230312774492525,0.4273197496139411,0.36274621351175146,0.38267608288436905,0.4190882165211028,0.3442908249639176,0.3374934420714458,0.30554104048672415,0.3648662372150171,0.43989472597743495,0.41097979707291576,0.3948076752171174,0.3755279581628558,0.4128881496717117,0.28525736082394254,0.2975253999286662,0.36922279559887733,0.2676436279419162,0.5057479433715568,0.3405898064839416,0.3504507192656333,0.30016398256715004,0.3387672228762099,0.3372945163538981,0.3377627507970269,0.38019285785398615,0.32306686620079383,0.41645911256453916,0.33130905688667717,0.40468359145244986,0.3559368468923464,0.3580133581902424,0.2618279498618378,0.2975603635323226,0.301590701123367,0.34896105066663347,0.37028273528575156,0.30557682832371563,0.30824809505352324,0.4272042000702787,0.3857814105421985,0.3705939676897863,0.34201004587190814,0.33998290659584807,0.34203430603017954,0.4135187256509551,0.27041444282064286,0.41517371754836013,0.3607909614708512,0.32961144427735695,0.2905090780544672,0.3781036720735574,0.41900520124682566,0.31680666290630655,0.3457825973257042,0.26885963075519326,0.3563924618445725,0.3704629592921543,0.35407471655867623,0.356695132182111,0.33586222526870063
0.45558291964005004,0.3573538873343678,0.2901048589738911,0.2784203182482287,0.26161709847074105,0.3011862607642725,0.28474858874533515,0.3806385520162851,0.0,0.3257443109030187,0.3146750877947262,0.32944844396754047,0.32895749836724036,0.37419423114985473,0.3239818645174268,0.3009632314810669,0.31186108421984227,0.4144003411837045,0.3429244580835655,0.442649744969983,0.32287645067193266,0.375289906166026,0.3042219948873486,0.28368893894052893,0.3627131182569028,0.2757709192154635,0.3652891438553429,0.33870568861809436,0.273523569857811,0.3650899857009101,0.4777377533288951,0.38101724715276,0.29004011768171345,0.3190446456931812,0.3915713017489907,0.37776964366080057,0.3474358450478837,0.45048267216809246,0.37540096112641413,0.29756374897195925,0.3070842035007601,0.36002008601150837,0.36204294479274785,0.31183737351095553,0.3868639449051976,0.3613685079277114,0.2921253876639623,0.3090315955788803,0.3537287192952943,0.40276851860880547,0.3470682120652373,0.27758627016543075,0.4106715074855395,0.3173190337690845,0.3383907177087252,0.37707095310693745,0.39516337685189384,0.31211232180927023,0.37858367612909166,0.3448241645978952,0.35092244505711107,0.3412831765707415,0.31520678448455053,0.3617954085856202,0.421246979516508,0.3733706159087162,0.41493478900514547,0.3413451427907607,0.37096186720805796,0.36409653887625915,0.4279306147828533,0.4085328291891302,0.4309828534781558,0.3303623209502474,0.40983864421291605,0.43136275342061725,0.28234777269650646,0.2682876393957176,0.38957033809399977,0.2745616217054216,0.32935128927272944,0.49366773863119634,0.3542130224939292,0.3466353561787172,0.42279782476909944,0.42874642518795075,0.3974069503177306,0.5100172137798747,0.41121771921511796,0.4600348662825394,0.34234817146235114,0.4297534148688017,0.36656899709280927,0.38647858695009096,0.44940683039384466,0.3495711231267459,0.4310399637591242,0.3386978241908527,0.43602324326854214,0.34592953142756805,0.4296194175870492,0.30708523972750246,0.3649157957864536,0.3069648345864152,0.4917832164155527,0.31243162975666566,0.3204539320403248,0.32797813852252905,0.3342396046919086,0.30697239681796595,0.2955099883628785,0.47929855963891355,0.3800468226208905,0.4401425721517092,0.3583729073737692,0.2973812610065881,0.37519149719292,0.3518335624966063,0.24537024154550838,0.3491162458177636,0.31625080283957585,0.33561098956358504,0.3561117664356692,0.33742952292096345,0.5173636488087192,0.3064984122908615,0.343201581742402,0.2974026175128536,0.29468004344646426,0.39728297463833684,0.4546768981513833,0.3277332187250935,0.35317637742986585,0.4668070819259011,0.4009895448022012,0.34214697717317877,0.35143104144338777,0.3227612540073306,0.3833982213153032,0.46510738683050556,0.32926001024646895,0.353227702454437,0.4285579261155041,0.5311840008202858,0.4052564653097755,0.3775576285579116,0.42110536278803634,0.32000648569729545,0.40703903216371834,0.27030269371820703,0.4663242261996915,0.38709459710229044,0.3712281266900645,0.28630962351194283,0.3251824909488732,0.43360169609466637,0.31180220258778873,0.2846636332757158,0.32554815168726947,0.3307723948858971,0.30780606004650995,0.4336631519658047,0.4179785177152863,0.3743104819399967
0.39990417454757343,0.483884801565657,0.382531502853139,0.36897412847516586,0.29187504727420055,0.34000437271026335,0.3605440705811325,0.406959880026034,0.3257443109030187,0.0,0.3670420347558875,0.3258050200853761,0.39633587684837535,0.3562233282472267,0.3299997819073317,0.3286461123449592,0.39651718900331046,0.44695088047354276,0.34635080036626126,0.3166037061711627,0.3580975610172669,0.33915490010499794,0.5039298481579353,0.3116541791369733,0.5069456564267846,0.33080797652290744,0.3676091054683275,0.45718862204790855,0.37906170260409267,0.30783995977472284,0.3661790669430687,0.36898119308602395,0.29521092916307967,0.40347854614614526,0.35627167836810547,0.3805244128543718,0.3930216812644027,0.3672246285264939,0.2905601291988523,0.38892686753319855,0.33225305548453754,0.4456089784441968,0.30491706049836687,0.29940821821134495,0.38133887961872565,0.38708698783231305,0.3107380527361651,0.3136755439567035,0.46302453774501756,0.3047922724067273,0.37445944123017555,0.3224875760910404,0.36762525091594067,0.3600574253982001,0.38128313733650965,0.4526773488982582,0.33893347936464285,0.32328804976992315,0.3952933972949337,0.35857353428191613,0.406177107463028,0.29485693637103666,0.3241861209333996,0.28857083488434193,0.3313391625838673,0.3608586255831894,0.3918438269104808,0.33284024026618036,0.39737338032586644,0.4471999366735843,0.327895234830013,0.3456816182679137,0.3663779864693883,0.41681074000763313,0.41602216220707217,0.40495369803503667,0.33100484778159095,0.37531076225257864,0.3639381729191997,0.3081495214041919,0.430130823170846,0.38437133721706557,0.37696112347629845,0.41679114647095983,0.40580253477669914,0.41283809490718365,0.3719116291909358,0.3475782895023019,0.4408104927330005,0.3821325404997418,0.35927739118358526,0.3499179474607559,0.3550777557421529,0.3467552074566146,0.43868275674240353,0.3571087636072165,0.2668801684272223,0.38959272963667546,0.3005436022998385,0.4709164824366603,0.3354595008468337,0.3235268377850366,0.3398965990461716,0.3520211228968484,0.34046193433181315,0.3384689459790505,0.3554913456258425,0.5907569345322424,0.3907182728346647,0.3986169860476589,0.345790351898136,0.36268567748387837,0.4673272515507928,0.3900534921374544,0.3941263336038042,0.413917652124289,0.4409717932512626,0.32691612542887877,0.3644323675736207,0.4100146561919903,0.2812387379100202,0.3669405180668233,0.3535027488575273,0.40369822992338716,0.30365919986659207,0.37330674012676934,0.3657100414496464,0.2909018281323913,0.4374011235727788,0.3504977404408049,0.44610750320749,0.3116287743327715,0.3295341666861552,0.3505433156117221,0.32730538494492534,0.292012933105316,0.31147543793649235,0.35897190123506467,0.3601072881903403,0.3657297866219312,0.3223941326583975,0.34332822115979983,0.4486584923739938,0.3451883463366373,0.37879344583306007,0.3820106688038715,0.3028320664400325,0.43807334614093385,0.4920488340475537,0.29012809543371054,0.34189272248041075,0.4309129549444725,0.33539835221395187,0.3466413725766458,0.4084813905992585,0.39145603941161505,0.32691049080672446,0.4190013494738789,0.31228601673177464,0.39884965609449563,0.5769734825168866,0.3930041819358181,0.3983959140246268,0.364511493115811
0.44110066463820713,0.416569065397454,0.45196722656942184,0.33854982381540677,0.3398695439297758,0.38827088640730595,0.40004327134327766,0.3495541426743768,0.3146750877947262,0.3670420347558875,0.0,0.46437974806059185,0.43401188003929403,0.2978959297776245,0.4180329879633511,0.4206787175994455,0.4204628687352264,0.4089617409376286,0.3836971482991249,0.3220204420458518,0.48310436012065344,0.4834809907489649,0.3751543000000958,0.42571170203445885,0.4003232598485927,0.4536135306657224,0.31099389076080397,0.361620777455697,0.3983508072324715,0.38846467241786364,0.36574183276536465,0.38092530004273645,0.3575755876874094,0.3320462468270062,0.32630908410603604,0.3991264989046588,0.5329740711278044,0.38400774139226074,0.4242711000451989,0.4121735286456424,0.4153031268447291,0.37277237495246257,0.42601838424440863,0.4246253713044432,0.38244267141478194,0.4108997236944971,0.33284381520225653,0.520785231146753,0.43517181818582523,0.36163740475726547,0.5646379518181442,0.3974753261549516,0.33177960445575544,0.49475616916796067,0.5066252677003771,0.3156721608934962,0.42762923523867025,0.4577869227783844,0.34496976642468197,0.3668990463096373,0.35995343141437214,0.2871935724865648,0.5079839444419953,0.25806095359318393,0.3041732335536912,0.3546082628979648,0.3592849437602939,0.44387960475328064,0.371714618676001,0.388158800474904,0.4720528122605266,0.2943583485404436,0.32125031907708096,0.49131902046260223,0.3747491771999074,0.3356621143284471,0.43053100711601955,0.4005018017974357,0.3879274489506969,0.2996072588614667,0.40297693035322907,0.38122862546006325,0.4465016452311029,0.3576289095670122,0.3394073810022858,0.4028174568755811,0.34409624783598736,0.3371628964313712,0.3279477786175105,0.34913923721909057,0.5424467373785644,0.2970289999291413,0.4832221211415034,0.3732452371311506,0.35738744234492603,0.39234403425523673,0.28812526859567344,0.2825747536497019,0.2546631178844467,0.353302236887961,0.32105407229870336,0.32554007580671074,0.31295459105034357,0.2948011076718383,0.36622824093655193,0.38814799605432904,0.34763603137649124,0.3536786484550266,0.4133020858390671,0.4818322996512622,0.47199450422037226,0.35322051969508783,0.3722029092102488,0.29498609089054856,0.43755800773896525,0.43267014640170864,0.3330912214879423,0.3613498131210754,0.3528683922607968,0.28943843120503265,0.3616845259746339,0.3087028838720998,0.32900419603885084,0.563036828493715,0.27457612563525297,0.5138732632583668,0.27109450023538173,0.4087365533075444,0.3582301606327057,0.3530499694612005,0.2834531843577663,0.38047336288793626,0.3071665427184604,0.3485181410119743,0.3875081099221213,0.3234674827047781,0.3901592706301318,0.3730818819598918,0.35013178629624525,0.409211384148701,0.3335769883292035,0.3250319639292908,0.3510022077698477,0.33615334976994604,0.45610487719279275,0.3376760958148646,0.43412090683376287,0.3987341071852594,0.36618936412430925,0.23466179938847717,0.4130657258814294,0.34818371060004294,0.40041869878109165,0.36237177153562433,0.3902500310772293,0.4072472568785629,0.41273810828946184,0.4373812564323516,0.29113556403428814,0.3711957486294715,0.3392362559229507,0.34457700778202455,0.27497441288591734,0.5320618888337953
0.4101192370192867,0.39420719622651096,0.35762969937078387,0.3378401592114402,0.28544623808253455,0.4830521099125101,0.41403887436273734,0.3373975681127406,0.32944844396754047,0.3258050200853761,0.46437974806059185,0.0,0.346328897069206,0.25661284472899815,0.36163479007460386,0.36021189781457164,0.39438208325122226,0.3311975061851213,0.47710175031233504,0.32599871016223525,0.45177876539169465,0.3849029428801738,0.3294274231643482,0.3488433268270384,0.4300481226116556,0.3457206961726916,0.2844169150617211,0.32363435162337373,0.3747221373129663,0.40099569076205355,0.3756004256526609,0.3784273617351513,0.3769053188759901,0.360012761562464,0.31694607908869044,0.3624209899615064,0.4203742700131621,0.36351594971378476,0.3928261742465896,0.3499440146963462,0.4536801764895878,0.36884597462545915,0.3779259776050024,0.45919344240307114,0.33358001858226854,0.37250320150797406,0.3533266282269252,0.3825593659162057,0.36102056768690105,0.36214425998905514,0.5003348011011709,0.48768901407977244,0.3226263327577662,0.49673927991859157,0.4251850987534441,0.3296917750565079,0.4259461964551394,0.516461046256365,0.28382789309687423,0.33365844754867047,0.301985607566074,0.282784404980022,0.46793816491085777,0.2503368287022872,0.2937521741078547,0.33742387509770344,0.29638152961857106,0.34582276313454496,0.3030375109766123,0.33468864331076303,0.3903825970395992,0.2649175419649962,0.31206849355414756,0.3818569576508467,0.36877361705892087,0.3305850062291186,0.32347335810574596,0.33937099114135266,0.35795218355089936,0.28475419998424956,0.3754718371704266,0.3685416842840725,0.39475630695888564,0.30690564264578407,0.35030674511985305,0.39568889812224617,0.3106732872906098,0.32159270253055433,0.33400949037529254,0.33811090450403314,0.49480596424726253,0.36900833845736236,0.4192606816815743,0.37609741195248336,0.32524612096353955,0.48196687337310345,0.28145401227205225,0.3636832956724411,0.25130852689279454,0.32113378344287036,0.2758281476368185,0.2944586854966383,0.3707103553644678,0.3610802096786535,0.34584158330232323,0.3570322273179078,0.3529366908462267,0.3371033682344443,0.36785919977155634,0.41799840002495153,0.6003958514480254,0.3584989680088,0.35689688703328204,0.29925440924086555,0.380053781881308,0.4059270031466689,0.3501156242304187,0.3465521406250506,0.4117705181948178,0.29249854347848964,0.30428040796515626,0.3288969474582594,0.32897143684448066,0.4529275010635259,0.2641019530689288,0.5323043647574438,0.27902802663404275,0.3410356958749005,0.3743177372075585,0.30092199059546654,0.3039056524389214,0.34380257363435834,0.2657369161827728,0.36176680451564547,0.3235316494084372,0.2881768156362217,0.3813872053636326,0.32838024241075353,0.2944279749135021,0.38128342681394284,0.30889413806737004,0.3161999473500481,0.3581906593957611,0.3358577729080346,0.4032998942086102,0.401574292414745,0.4535238346612851,0.3464344961840883,0.38489017313814977,0.24202317030820045,0.3757072745860464,0.3843720730597256,0.3469492858326059,0.3137783573813704,0.5104700090433651,0.3268101846023903,0.34762349067840226,0.4191411916939613,0.28795404857238466,0.3634565679698427,0.27886138814319905,0.34314809891781534,0.26928171587895966,0.432378640181841
