0,1,2,3,4,5,6,7,8,9,10,11,12,13,14,15,16,17,18,19,20,21,22,23,24,25,26,27,28,29,30,31,32,33,34,35,36,37,38,39,40,41,42,43,44,45,46,47,48,49,50,51,52,53,54,55,56,57,58,59,60,61,62,63,64,65,66,67,68,69,70,71,72,73,74,75,76,77,78,79,80,81,82,83,84,85,86,87,88,89,90,91,92,93,94,95,96,97,98,99,100,101,102,103,104,105,106,107,108,109,110,111,112,113,114,115,116,117,118,119,120,121,122,123,124,125,126,127,128,129,130,131,132,133,134,135,136,137,138,139,140,141,142,143,144,145,146,147,148,149,150,151,152,153,154,155,156,157,158,159,160,161,162,163
0.0,0.2788357792333345,0.2686650414272362,0.2693069830408951,0.34697782056780857,0.2808751759451132,0.2629297018595407,0.3332262414736727,0.36387837621723507,0.2842873512765611,0.33673929334834174,0.2799450235536732,0.4200287395197345,0.2722837292391055,0.306130736992848,0.3645818146798768,0.37659594666972657,0.44752440273084537,0.25671630798603057,0.3860126745542397,0.33950938719267826,0.2684626679746042,0.2772975347188607,0.28027634693885883,0.37118935046626306,0.2834794053683116,0.2569193255762961,0.3096668165149095,0.2248061327267193,0.2940508657449775,0.3439100339127376,0.34530317541067757,0.240611863679202,0.27733566554517514,0.41856872776378057,0.2867833693616346,0.3808571511522571,0.33485282902566316,0.256759354145616,0.368988844115785,0.26425825682386506,0.33497369256577614,0.3437718463412719,0.34968370168414314,0.32268581493410287,0.4097510540544218,0.2983839225549082,0.3471521966695862,0.34104452597795093,0.36481162249308163,0.40959293545318,0.32451174267666705,0.28779879985892026,0.2532686650759115,0.2858091489810549,0.31547072431692785,0.44610251103767357,0.33827323618996175,0.33795226637512404,0.3335156760597176,0.28798167507303507,0.25096559745329605,0.3613711427119414,0.2518464063406425,0.3075988298019335,0.3671011595223816,0.33501029375032926,0.2952498435367555,0.2706486068926829,0.34586198936967705,0.40731141032906326,0.3155403297782556,0.3666893334820467,0.36696324081893084,0.34131505310013244,0.3236734245519238,0.279644479980541,0.29073104523379084,0.3239838166391338,0.2847139847769464,0.31993003733511693,0.3211117754562686,0.33714809537654433,0.2992760275320502,0.3929735323691949,0.35832746887160405,0.33893630098616767,0.36894892291668524,0.3824939424953714,0.30317419691872693,0.42635921833166956,0.30404210054684855,0.36347610064518515,0.3399519668324685,0.36779972149330237,0.24076251232342408,0.2079662935717308,0.28082749393034023,0.24654139826410826,0.39419153786782407,0.26960505823708125,0.29185271998218437,0.30005600861686804,0.22626496018527112,0.4106689963760687,0.35126406829161105,0.3219042918211035,0.34025081731273255,0.350098399794059,0.3286121535643278,0.30019175901083484,0.3931452156864899,0.3811872941445947,0.30933801957788976,0.3608512473927601,0.3732498859243532,0.3902246911361518,0.2784544562086238,0.26724382860833235,0.2650818239532032,0.35454779893183463,0.26322930918718357,0.3286831740232464,0.41623526224644253,0.3091611546447048,0.26526182983362817,0.2621094359841395,0.2681477260487899,0.2633397404131527,0.28501992532696985,0.28533336131702086,0.29045266292038485,0.2818826189186461,0.29778028313810345,0.273537588164609,0.3108541064474909,0.31053319014377606,0.3247548442318549,0.280090410673613,0.3610906293780401,0.2368033857207911,0.27870583332520044,0.36812564018483673,0.28395639311518633,0.32386928891271194,0.31286225569234793,0.3087135002784889,0.28273304194413473,0.32077142587698704,0.19569817612155413,0.45077347250994126,0.31322536277239804,0.2869371350406154,0.24950666454853168,0.33158819338992945,0.34792522552255134,0.2685052662178885,0.3603938167840199,0.2805355170500775,0.34119900676490994,0.25477046468716424,0.36603273156143096,0.25098451135941463,0.45462813994380025
0.2788357792333345,0.0,0.3299262360920082,0.29985941196573657,0.2960730268281453,0.4142315392108768,0.26118811177915224,0.3591868224361981,0.2624234144225017,0.33945525423420125,0.32737643330896393,0.3168253741923564,0.31101825651211495,0.28440389322009824,0.32679030351916394,0.2907443789266504,0.32342117052029457,0.26122288585499553,0.25927445717279346,0.2983279153894985,0.320313622912249,0.3895478271190401,0.23205034444682948,0.29565297707452953,0.29398783218174684,0.23569011298415748,0.22122787538373856,0.27586780507486214,0.31215323203864165,0.21552022870315155,0.32749250905314503,0.28895826594279767,0.3281536023920963,0.2366330866455039,0.32695844935608664,0.33279994057373846,0.26778050023867594,0.27275771793371284,0.34328824503473304,0.29347062847147354,0.35953818361640494,0.29873054302901286,0.23193156615941063,0.3048193509701205,0.3379166089978366,0.26858644266667814,0.24988993070850005,0.30837667657785534,0.26003309781325035,0.3119023414567352,0.320129774303115,0.28709827323756987,0.3258292301410651,0.38707894094896106,0.333863810252999,0.29906231860046684,0.29176098879693446,0.2985946918938478,0.31909048632427145,0.3166559935565879,0.374550975322164,0.20804500241690022,0.2793902505321302,0.23134428803042903,0.2642504638564611,0.26081141342712877,0.30293871666663535,0.2410324765558289,0.22344597185345783,0.2828055318630488,0.280694525260537,0.2768298139682948,0.2673900254604384,0.3460310545260028,0.35640795794876495,0.22971042663495023,0.26328567437134537,0.3292266733730635,0.23984997934627011,0.23599451174096794,0.28031457471646415,0.2853714907432922,0.3384166730394161,0.2682540584127259,0.27377671209014665,0.3338787224280622,0.25782192776568585,0.24063512308172186,0.25973860363983814,0.30153977863430387,0.2658188883049404,0.2933668848549489,0.3483972675574715,0.2696595535980858,0.3058893517627955,0.29948216402176475,0.24513857197779187,0.26749239995951213,0.2135643999073111,0.3356198516710381,0.2721642017913574,0.23349316493223196,0.20508235834996477,0.22895155957936536,0.28206564949054996,0.2648230494935417,0.2900085891229861,0.3102198971123168,0.3062730389301814,0.3766948611169958,0.2742822812337939,0.25133868099330736,0.3137023492300365,0.25653033567799943,0.2980340768889376,0.37516692563182436,0.2845168365861044,0.21430032012928332,0.31644280094213384,0.233770040384156,0.2959356263560561,0.23729409183198188,0.2710082299126277,0.32927075175657095,0.2684403775394353,0.33375257079799364,0.2672628380977129,0.3036318964043403,0.3418329225807976,0.25437560296580314,0.2759452909885488,0.29119417151340227,0.23329105107418247,0.3227661596300824,0.31008422156716664,0.2659299508216123,0.25692419827834506,0.2984292387400896,0.2705105169352523,0.25986521625919223,0.2652975322515783,0.28206746654172454,0.36915198518464304,0.2946554821193495,0.29966070426773755,0.22287319839560726,0.3393020959173947,0.29749292610300476,0.29997235721428145,0.1992999323809396,0.2707899436639668,0.30412907393179195,0.2547341349682818,0.2917976970809029,0.28805970004521003,0.2903624291179562,0.25967058532709625,0.3308472251038852,0.2621193179874151,0.24028282565066003,0.26387631379526977,0.29733257787707734,0.21884056200514,0.30039767220178665
0.2686650414272362,0.3299262360920082,0.0,0.25533332774176115,0.2887207317367587,0.2856516700514378,0.21661889562033732,0.32134968135774183,0.2540702864706818,0.33380597355046204,0.32289582418137985,0.2739916194619499,0.29412222373669,0.23713530674917516,0.27185331312670497,0.29104746644091195,0.31087656016231663,0.2812568835898888,0.22727719542225483,0.25822346416900466,0.3265696561169766,0.42289062284353435,0.21018895076685246,0.2555810084677891,0.26575582744492526,0.2376108393998972,0.21122490843272598,0.2544832057840024,0.23312325016432936,0.21114494481432197,0.24230675617680852,0.25989212070981593,0.23939781377845473,0.19915116398363028,0.24885273294190177,0.30238951143470005,0.2586315560766053,0.27382799444831973,0.26936341041334905,0.2653286553501708,0.2898708908138733,0.3052754075724051,0.24653846615962677,0.255140176417828,0.287999225963572,0.25758375915210874,0.23850394361019417,0.289663166645494,0.247571668621187,0.2944604778631583,0.2891568784351375,0.2646847501033846,0.23005632181232363,0.29616355204970757,0.27812606889764835,0.24108885594820673,0.2593842284128739,0.27695941138074776,0.2945980639539909,0.262871110067884,0.2916717207540911,0.20153679252511933,0.3012792677496983,0.23912879284995406,0.24935468639747804,0.25967285544398766,0.26196647196694556,0.26273311795495485,0.28097866034330804,0.2835121461516782,0.29927197156043134,0.22258938733477515,0.28103063243693427,0.3765484172225256,0.3315116017185339,0.189805731239435,0.25570700274354363,0.2424541818745063,0.22976152256849944,0.1809057879808919,0.2741353870461302,0.2860178877008139,0.26851002205842445,0.2672420541150834,0.252565825020504,0.32995148822783427,0.23526951582106906,0.21938956775767043,0.22729920464612,0.24518898848434417,0.2675498229782123,0.21787398899074145,0.2752525527416268,0.2145151930342156,0.2885709494238324,0.24950826710487992,0.22369827399965952,0.2423859474338214,0.1989780401440646,0.2673374084701627,0.20557584888814465,0.25079147972638666,0.2084028666897623,0.2530739637774253,0.27169795447666995,0.26431199418890516,0.2744248420138958,0.26742900758238186,0.2594399327011994,0.3296859139173443,0.24635263466693724,0.24821418774552456,0.26555776706178746,0.23064987304064574,0.23659514136374118,0.2852038513590049,0.2152892033918204,0.25674086359631476,0.30563502534695336,0.2183798285576932,0.2564006313757895,0.21489327347515372,0.23319120186465736,0.2578290390585087,0.214232785805008,0.27265404883206795,0.24187471179858083,0.2511332973941315,0.29597063251523786,0.2595390000005761,0.25161357462080847,0.34387227228016515,0.1940454380425116,0.24294179433327032,0.3165865197528791,0.24018409484251232,0.20769790192167517,0.23316286640784264,0.27098775173459394,0.24988324759330496,0.22455869564674372,0.23859614938291618,0.27183947451497087,0.31051446201565375,0.26537907032344005,0.20368267178622734,0.33373225357542147,0.2525838693045482,0.31086757356531614,0.20153150143256593,0.23596372029519463,0.21494087224972397,0.25813055479298247,0.29715128616440223,0.2738421437383117,0.27228560312391314,0.25611437485419697,0.2854514747072697,0.19140515849168735,0.20838828563659617,0.27825030570124565,0.20773983279026864,0.22279164410903965,0.28883205062597767
0.2693069830408951,0.29985941196573657,0.25533332774176115,0.0,0.2796742698140788,0.2806550141559576,0.3071886012196095,0.2683721975685356,0.2298367134262749,0.24617053077045703,0.29406914721952027,0.28012032554991256,0.2754505727062667,0.23533799876537445,0.3592917994914844,0.2371168100611474,0.2802370935641393,0.2633990443313124,0.24435262877395236,0.24667462043193233,0.2983753874225418,0.28751595437070454,0.24075305693477125,0.2891698377302369,0.2564705873572524,0.2481284328992664,0.23264625011991405,0.2556596808145809,0.22684106528645734,0.2002205624762048,0.26678215768102287,0.22656016293081496,0.40268786148554014,0.22801875324290397,0.2697566628087932,0.25797227993165006,0.2685722839985681,0.23200355634712502,0.2794589243080145,0.32155334898575405,0.3086979863562483,0.2696353972670023,0.23096214926056985,0.304085841641567,0.2691743325069466,0.27980977969193954,0.19684639111180793,0.2596821854166106,0.2513223524694562,0.2690069047164938,0.3656739336554793,0.29303834854805505,0.2627003044145459,0.3569251608113664,0.27166826651908127,0.2288274252133842,0.29663602276135553,0.27601248165941705,0.28602760763957014,0.28955312804406114,0.31121231434836927,0.1932862712551437,0.288808563625084,0.1855733874651543,0.26499711789589975,0.270338898839402,0.31838465156822304,0.22866210777330961,0.20886411846709124,0.25512526986530276,0.26715186911029637,0.2283145734478523,0.25014154428870655,0.38670954441212635,0.2699081847138955,0.20257509794929862,0.2905123672235775,0.28375308918448705,0.22482139950233695,0.19871917835423766,0.23676517067689296,0.30686476673001456,0.26372903768695266,0.21675648307900755,0.26493292508002514,0.26025717398612297,0.2549337886957291,0.2537102824583947,0.24376550002310632,0.24535690832491377,0.28548771231124287,0.2743452187187568,0.2604029275604225,0.24388331985917813,0.28407831040514764,0.24303763145062182,0.20218354271620853,0.23818155236766364,0.1899927149189621,0.3026825829313086,0.2300721601825149,0.23828254751890005,0.2644383313022621,0.22357814039656082,0.25417723981886453,0.24124874649968928,0.274795073049354,0.23828188418746388,0.28590151781887996,0.28600242626301203,0.31978873474829705,0.24247108509930915,0.2933700776316908,0.24650836040078158,0.2564865647442125,0.2919166483799356,0.24925507991155343,0.19146804442848253,0.288983011928513,0.2160630288627502,0.2538035239040897,0.24235728497290718,0.22730767388598608,0.3108631828183563,0.21200212431853366,0.25872408723952867,0.23594838406788232,0.2564871257537344,0.2431463796980131,0.2552794238558505,0.20281124009380322,0.26313965897285,0.22504132756143874,0.26758052174970554,0.2600886749651952,0.22509056630668844,0.19524050602687715,0.27849802261102247,0.24951200578255653,0.26524059328454375,0.31549569998892596,0.21204763790357622,0.3403199661636905,0.2527813858747154,0.2437034623403015,0.22373893460482594,0.2881527661134487,0.24977855328141296,0.20885651221482746,0.15441978254972033,0.2956760291241234,0.2562290482701872,0.2600432577590033,0.23719826476568467,0.2800025388758657,0.278608884284404,0.27141176929456984,0.3147201020468015,0.33723795730649536,0.23091563307232119,0.23180817313790822,0.23616546263611818,0.2134631511013402,0.3034228661664979
0.34697782056780857,0.2960730268281453,0.2887207317367587,0.2796742698140788,0.0,0.25832031569797625,0.3379768330535363,0.30779311599375897,0.31644650193510504,0.3342834442673819,0.3332780446777037,0.2469074336024344,0.31152134062964015,0.3029515511466188,0.3305053055381331,0.3156152157622138,0.3219686661717583,0.3768396202848678,0.22202337486568235,0.2689918278054409,0.3249689437405446,0.3071410507682605,0.3120230905759711,0.26059424618639365,0.32782199657298694,0.2783500999844767,0.2681979876816105,0.258079711171874,0.2396789734495275,0.2817021842831462,0.33677169033854454,0.2690873158685807,0.2563716285713231,0.2378104932000354,0.4035621097098084,0.3170929353679427,0.33871879386509035,0.32927184605420673,0.2631081406217061,0.2951604296164074,0.28046063445674424,0.405950740403633,0.3143640742893038,0.3619924250499447,0.2790770814638613,0.2815856776329227,0.2875516617124303,0.35274427513059964,0.34493989256640817,0.307474301049226,0.34218313065885425,0.2579266400738755,0.26855748899830817,0.2653472024102708,0.2945279706595273,0.3069811502552831,0.2680887482485916,0.3407173545514285,0.34196652155451646,0.26570655209951705,0.25169605807685713,0.23297488005972133,0.2890463565154302,0.27601796025614517,0.2830301035648921,0.2498521985707658,0.3015393213058778,0.3100005755010916,0.29093970268603786,0.3917969731450756,0.3192126486087195,0.3015873059231657,0.28923217043016725,0.32940606973778613,0.29139016094260906,0.24255318569068862,0.2807874649694599,0.37600997924048146,0.27253480760705767,0.2349423410152818,0.32449450335618374,0.30561775747353204,0.37356737582448435,0.2667148257270074,0.3032078193560048,0.302317159532736,0.3265323386890913,0.30033648791140505,0.27859916297862897,0.2834868585474366,0.4750576780323341,0.3303865176506693,0.3612802506619346,0.2231441141530714,0.35138382149641084,0.2728550809745643,0.19424806741806344,0.2713090306562363,0.2598324019391625,0.27746516667966364,0.2667328864485881,0.26972426325542675,0.294366863201163,0.2465705217012598,0.3043806067357233,0.296039888834922,0.25830394115254146,0.3888112409693606,0.3398585419398385,0.30356650167515026,0.2758543772783484,0.3345297058820445,0.31700928619613566,0.34553542529521514,0.28848018814303017,0.29510408916288494,0.2874720194466799,0.2559796346531372,0.262798374349454,0.2950859754790707,0.364876536207132,0.27418438477857593,0.2552516544356316,0.37546337438174493,0.291313637222718,0.2588303616527258,0.24486628152677992,0.27930289037290273,0.2672959134885026,0.29047386716158624,0.30887676025696464,0.2771148166290184,0.2424693527487509,0.2813911430579753,0.26877921030332996,0.31356706533522805,0.25065124943338507,0.3403401937459321,0.29616309584902517,0.35034300480005026,0.2605280935030502,0.307137911559751,0.3278773138653709,0.30510629968679137,0.3536764429592881,0.28952141107809926,0.3175944041759913,0.308920705641709,0.2955663442808316,0.20504798069902863,0.2904125824299874,0.3099200792309638,0.2750265554219683,0.29856617124319773,0.3462053324222229,0.37508168189044444,0.237354079248876,0.4003965784447984,0.2697864745489105,0.2714198986402841,0.2975655954801997,0.30351696978428394,0.2862587352032485,0.3983046318168701
0.2808751759451132,0.4142315392108768,0.2856516700514378,0.2806550141559576,0.25832031569797625,0.0,0.22552415128855968,0.3399189371786577,0.29210752874565055,0.25664620546063005,0.2861856492094418,0.34147622785934384,0.2829107376665713,0.22975860166287337,0.28513103950893376,0.28603893656047974,0.28607519787177854,0.22116186591758744,0.2944828544207938,0.2960577658351017,0.3211215132509402,0.3035809695630534,0.1861155506018049,0.22931821978599973,0.29684870688458304,0.2125411882507831,0.19310584874128708,0.2384302601043906,0.24077131501986468,0.22661736978912403,0.335255064023025,0.3334763395414711,0.32226417289481996,0.2331380540088322,0.2952300954248832,0.3086411473363974,0.2539943444087288,0.264697486453383,0.2950022736494747,0.22603719489351912,0.3110315046763168,0.31275422371696066,0.24281653832931,0.33641797027783565,0.274964302987497,0.23738577276925588,0.23770648279586726,0.28869526058145023,0.21289699280273594,0.3185631507901409,0.3077437095741382,0.31851191949177643,0.27507978502497354,0.3437656860578378,0.2842964559687473,0.30882830834244207,0.2823251186451244,0.37254952582592954,0.24606002438941002,0.26288404907565344,0.34190411705045426,0.2395602259616529,0.3303627441034314,0.21265089414117203,0.2714365926919979,0.269602162980683,0.26132234027060725,0.24121645236077444,0.21007143879470327,0.2722193684749962,0.2874524833375215,0.2272410223398508,0.2966854468764842,0.2961122386566518,0.3797545856228791,0.22300364772878,0.2401086355139354,0.25207723542807503,0.2307608588705292,0.24932007486298688,0.3071370481734847,0.30558632503084865,0.2836020302581908,0.2659193871990609,0.2947850403005356,0.29159643183574036,0.3005997715581672,0.2431341468663507,0.2583681861509087,0.2737539642984489,0.272128224651969,0.3505553962836006,0.3010126977719438,0.25506267400598004,0.2737457051910181,0.3053375099091284,0.2786690045043611,0.31346584071496275,0.21908297767738735,0.27858331153791005,0.23292757598559743,0.24539484322878888,0.24247261591081623,0.22940731503869943,0.32075122457952066,0.26172029419494464,0.3030133546701908,0.26960869305402757,0.23929987096979585,0.305553377015242,0.29556659298564153,0.25465347365965446,0.3592944643801228,0.26412653896887106,0.25752349264729696,0.28520889760099116,0.2918511830558317,0.20346781378007656,0.33665372046231357,0.236448691259745,0.2561390951477627,0.2639730668177984,0.28731651129648617,0.28634307143528476,0.2850745711930831,0.28670633928890543,0.285254153839626,0.2523644248120096,0.30415103889448136,0.22007104469156585,0.29160814852172895,0.35716881211740215,0.22507729154737835,0.33109295871799754,0.2987998724564147,0.25109342994248174,0.2355208544379766,0.23392271029673573,0.2240479003247104,0.25869529472479896,0.264520705006029,0.30075040181732554,0.30530363250710335,0.32244467495953527,0.2832443844015463,0.23819586798169062,0.3488241634046169,0.2540278170210549,0.27665035348591915,0.20505276250094845,0.28389636841406224,0.292440019572633,0.22443735375898852,0.22989549258278666,0.3285701760170658,0.2718549597007617,0.22782904851062863,0.3143616711752762,0.23416940273000897,0.24271623571206952,0.2187278167869325,0.30305112514692045,0.22409945342244647,0.2707776503279411
0.2629297018595407,0.26118811177915224,0.21661889562033732,0.3071886012196095,0.3379768330535363,0.22552415128855968,0.0,0.23059530788402496,0.22917135856263934,0.27502877116928176,0.28401722128749124,0.2629878453428443,0.2788284259947501,0.259817215317145,0.35015614256344285,0.23786251648078507,0.238093790845942,0.27705418447687313,0.24020850078680736,0.21012264001010922,0.23938332354432454,0.246559565854558,0.35808856391647353,0.2737031695523241,0.29118368833155434,0.2510691144623062,0.2565582881302678,0.252243156642016,0.24384889385284308,0.25188135240091675,0.2848160667172488,0.2606776809444902,0.2799894819904669,0.2610711950910752,0.276016577634965,0.23360515250157318,0.29563552528334724,0.2258236984013159,0.24907354566944206,0.3004897707288697,0.26981328985739755,0.2611285067760294,0.2510542065716121,0.3082308063493928,0.26133870988948155,0.2591380266373973,0.2401772638190196,0.268169119695841,0.388181359382169,0.22220694353802137,0.3059548776439377,0.22262943975124497,0.22040708181239752,0.2672374396864268,0.31061542394477887,0.2545021160697803,0.23387762006299972,0.24884336201642854,0.31536308299109156,0.24333770468774563,0.22804662386270658,0.19973674676455094,0.21683104814567186,0.21028656303614413,0.22533114431531007,0.20975634406290972,0.3023114860976396,0.26962926460262243,0.22067063777450133,0.25709890958090376,0.25441741781718097,0.23751376103670088,0.21590766987721915,0.2951739509707451,0.20325048707512802,0.2559908607074149,0.33565598249465717,0.32933521697385987,0.2187442938336924,0.22817026044161096,0.2514074550467043,0.24608548831620342,0.2994199149796724,0.20517388610997428,0.22840026033427568,0.23397248410278904,0.24388294466277677,0.26883966418502764,0.2641259674235022,0.24519238952026448,0.2915667015774977,0.3169943397872433,0.2967032007470582,0.23173743691656332,0.2661528116426455,0.26492446646372003,0.17186966766445205,0.25236227396120803,0.2065252001328161,0.2792187199444492,0.26419523173580467,0.2526808534590652,0.2731973050415164,0.2235159846098589,0.2212226027071424,0.23501550037333516,0.21423776823976856,0.26058744186471144,0.310132759028337,0.2655347436115576,0.32166761667892946,0.23738812991639455,0.2546798359825496,0.23486207179267235,0.2391833890341431,0.24408756578266885,0.26065389662438915,0.24889244181124393,0.23367320031720523,0.21579459616339125,0.25056253237910453,0.23136708736293762,0.20468407909894018,0.35641839596236213,0.23005231685480343,0.28568954331869995,0.20244002333318928,0.26424848222737607,0.22327718753629683,0.254700250767475,0.2142738012417627,0.20029378250143512,0.22447020125733114,0.2168569270424159,0.2119924235447517,0.25440989351528565,0.22397989942144075,0.2902829128449202,0.24832080330802733,0.2928613280319339,0.2837289627256089,0.22327902629232332,0.2794527721466156,0.22695882268147374,0.262324727354409,0.25336404308471083,0.24566322494569856,0.28800943071063234,0.2220357965463562,0.15765485047547162,0.26623987713467523,0.2942248962295125,0.22361379376267718,0.2771624169542378,0.30079899783542546,0.2925297777539049,0.26723506649698964,0.3449094407519253,0.3330649545206752,0.28601099685252723,0.26363494007846633,0.24641761908277113,0.2405574360262346,0.27188791342221946
0.3332262414736727,0.3591868224361981,0.32134968135774183,0.2683721975685356,0.30779311599375897,0.3399189371786577,0.23059530788402496,0.0,0.31425329212281855,0.29169377965922455,0.33537349998460064,0.30928332426808447,0.3586557141089028,0.2528322898237774,0.31172372304345625,0.3558317631959953,0.35865667653662475,0.2872074941189004,0.25462936832183203,0.3177360826206147,0.36714130906480924,0.3002917238131785,0.229411960133071,0.2625039489466133,0.31299418938583623,0.2714825752176046,0.24306443106078704,0.2792981211679724,0.22582867476321397,0.2549366502771851,0.3749380672997447,0.3179370621127415,0.2993902843950102,0.24927990233688024,0.3329303993682902,0.38154753356265464,0.33479340985135064,0.35282230855335117,0.32469092503919705,0.30294203449653656,0.33194420319520157,0.31276353244030114,0.3079390771317869,0.3412812804666397,0.3900197637213466,0.3180790881250388,0.2742773455238658,0.3413711304951156,0.2815217529023939,0.3523184772800713,0.3401301295691283,0.29209145626493166,0.27428289989063404,0.2949016902147349,0.30513897632112624,0.29266128798115365,0.3110441936879292,0.4156482672512205,0.3224182777428769,0.2999341084872734,0.3936593872093946,0.22778587443643644,0.35152543216399573,0.2573058813321223,0.2592763072704158,0.28493118895877634,0.3067727407366363,0.27396114925404147,0.2806832585756446,0.4034775610890151,0.3326703346897756,0.28135374894778786,0.3041251770788705,0.36573543092419386,0.4218723322024152,0.23615663421114652,0.3076084912858472,0.29244618211660967,0.33509347905468034,0.22521189836632424,0.30797824266292834,0.2927775804620952,0.3510879658461401,0.33480988444030635,0.3522571900568085,0.4230470514872413,0.37739465295890146,0.2785291534870515,0.31399850704174387,0.3125813360089463,0.3173273257536676,0.2856052970542007,0.3436462448754855,0.26002198923650166,0.33640916931843684,0.28947214087087303,0.2552500019095646,0.29148201602620394,0.2159659124193073,0.3325747574269824,0.25116595851951784,0.3284243919578957,0.2496829175973797,0.24733264898823468,0.36705656395974895,0.3426116278556498,0.3419979639886294,0.349021339182908,0.3178923594926643,0.33359363550015353,0.2705348214319935,0.3134167092216815,0.35522987800632333,0.2988730212330498,0.31335214988842397,0.3340004048786218,0.3050127491961733,0.23390457188624175,0.29303137843188287,0.23867575440915284,0.3222203376485145,0.31119006794409776,0.284283313134039,0.33345421464628866,0.26444747331453855,0.28863555553695647,0.253853809750135,0.34009233615041795,0.3312210681080455,0.27925002447076913,0.31003616444561544,0.33272534885536104,0.26229326232816697,0.27880538348121897,0.3334937108600931,0.2708619932159145,0.28322168809545795,0.2905145956559536,0.285809160151457,0.32617267031278546,0.26283010769462045,0.2800159891451063,0.32938219815131226,0.3177129594565134,0.36750841120650674,0.2659943660845262,0.37834351307224506,0.3021463450326978,0.33216436424373175,0.2102944218693871,0.3426047779442672,0.2959729467217032,0.2687154769092281,0.2868632224988221,0.37238608806877055,0.3512752931713994,0.251003401992727,0.3731416371963049,0.2283384652416032,0.2537238164210471,0.26621570675832035,0.2879497119493618,0.24062287687338,0.3307012529449135
0.36387837621723507,0.2624234144225017,0.2540702864706818,0.2298367134262749,0.31644650193510504,0.29210752874565055,0.22917135856263934,0.31425329212281855,0.0,0.2356504195515891,0.25388045822977556,0.23589389355862325,0.28864958760338033,0.2996962328371305,0.2597912061908653,0.2928628845476275,0.28313458776110073,0.31290087659721677,0.2127829023604152,0.28170295874008777,0.2765038154147823,0.2996236644173371,0.20803157411549003,0.20756888710196467,0.2606474446726359,0.2580784575523655,0.23631476272596744,0.23320079672634655,0.2028156221878215,0.31540566481257803,0.3282703893758684,0.29989807702389654,0.24305681994000494,0.20813720223566745,0.30807647661145066,0.26410087117808984,0.27183279070925104,0.3650349923875995,0.2577265182142379,0.2511644301127824,0.24441932751838824,0.37413447894492163,0.27164339723513947,0.2939420058645586,0.2671328980292141,0.28116891304546066,0.26701716155448496,0.2575642301596855,0.24164760780920616,0.3050112707603364,0.29029648195278496,0.2660294733226611,0.29248366445703067,0.23177869768347192,0.2397236908972553,0.37941263300069217,0.2986062329020454,0.3233432701216148,0.2637052708845192,0.2457733078858379,0.2559606505575317,0.31105842984782855,0.3025111285126717,0.24484384431478082,0.30642810510695,0.27997559595807686,0.3209559812010763,0.3106105503249564,0.25657804430796705,0.31066406910786837,0.4032932206471611,0.2746263507023677,0.36396857135641736,0.2753254011815208,0.3332035506984057,0.2599047160151872,0.24616930598665548,0.25075822346356236,0.30498576490382245,0.28189018671285826,0.3313140600544314,0.3685316028226083,0.35179321548821235,0.273488064164621,0.3768622257548662,0.3456015751415657,0.33271913478380116,0.3217629471393184,0.2789205757128999,0.3959390102933394,0.3677059455004788,0.33861100910124625,0.28330766662359,0.25508424783405426,0.4163395583118228,0.271480838318543,0.261480825389193,0.27241398623662877,0.3072877608337778,0.26406620375696205,0.26012809505042017,0.2516248860354081,0.28078188924213676,0.21110482671814917,0.3826996755966151,0.31052996601879906,0.25439222380853127,0.2842602761540277,0.27474971910876833,0.23847002662418507,0.21865757942610017,0.3952535714865793,0.36062976748432357,0.3733729447639336,0.2864463894097161,0.2963481704241026,0.2964219882496012,0.22027684552931318,0.2220753297757261,0.29406314505726944,0.3512980281641569,0.3042838428496922,0.3004138067110849,0.3175659024936862,0.4482561862854136,0.2275783897694216,0.3072903742229725,0.2559984821503366,0.2308804357407809,0.2793365759225516,0.4113578142955968,0.35326482613432086,0.2704638712110882,0.36211228215115243,0.2487705812181931,0.3231609815076937,0.24698577287818807,0.2612918532225102,0.24246615746643743,0.32761798423664473,0.23706256473793297,0.30879996049083214,0.3309461248665624,0.36630295193806683,0.3121913075936611,0.2831550391927319,0.3858194019303102,0.2811047793051278,0.2813094953327646,0.22439354396424993,0.31686472734947707,0.28701132525921014,0.23478621188909726,0.2580864800595754,0.2866159755052683,0.33920075726513965,0.22421935346100677,0.3048720878110452,0.24692681299711028,0.2873714481207455,0.235604384612457,0.34187782135909306,0.3405067166355989,0.3324721043657651
0.2842873512765611,0.33945525423420125,0.33380597355046204,0.24617053077045703,0.3342834442673819,0.25664620546063005,0.27502877116928176,0.29169377965922455,0.2356504195515891,0.0,0.29849021463490083,0.2594770661952262,0.3004463481165816,0.2642297458331408,0.29082200258310087,0.29534780464088417,0.27367874284561483,0.31220540013261566,0.22078286062649333,0.23626147245887877,0.26307976900684127,0.2763026395219462,0.28271493221921856,0.23782413009628045,0.3716970797948206,0.24522148078292033,0.24134520280617178,0.2342859178642951,0.3725928860544103,0.24666962543042464,0.31548726586648407,0.2796615339471544,0.22534265777313253,0.2074484305334455,0.29183903361977254,0.26467284517325057,0.3385645291639685,0.2673189157002999,0.24387131962761896,0.2704495821638216,0.23916117376362844,0.2723552672527346,0.28404169594174367,0.2810223789920531,0.27149874285636877,0.2586005106412065,0.25958839336906475,0.3415023812435534,0.3321555993981639,0.23260849972946138,0.2852300554046328,0.21812072666337198,0.22208321529272332,0.2732518233340397,0.3348255591089674,0.27129092422174783,0.23715478509077312,0.265798426335559,0.32496530874753854,0.2401181495991984,0.2712106433896034,0.20147805023713433,0.23339706638208865,0.22527951921472172,0.22281873925319723,0.22232193413282228,0.25492140855489015,0.2838454240461049,0.2783509844398845,0.3365536725215603,0.2545559919345647,0.2932618057540719,0.21834210273692006,0.30375763909115605,0.24863745543634652,0.25026806982405786,0.24881463102098522,0.36462004330761044,0.22922656976027206,0.24056434803536775,0.2779093201147278,0.23390718272457015,0.3699824459071134,0.26429773077296076,0.24102544762531578,0.26468455712960026,0.2744461469478811,0.28765219005594866,0.2872962208536844,0.23303127442171587,0.28200692368187624,0.24666899033742853,0.32652296921667806,0.20507550361235832,0.26740523561341434,0.3156680225600175,0.17558515879763537,0.2365899180135811,0.2170604030428965,0.2702775134714027,0.27172366075954973,0.255843911759957,0.23956646991525027,0.2988609593704155,0.24124949261258194,0.24899252517383774,0.23694762403446232,0.3249218581290537,0.2873438463345986,0.3100245575653882,0.23949406017279862,0.23864511834799018,0.26315554869687546,0.2775204449223711,0.2532028410403689,0.26135600077164944,0.2664709288619185,0.31823651310790524,0.25620985047576145,0.24164610006674905,0.25836073526408987,0.24242359752101325,0.21229984074694563,0.32258247093404446,0.23705180184811975,0.37179081731193653,0.20198421278739542,0.26654661286650405,0.293312204940794,0.2769156483256876,0.28026714603354713,0.2311828506825452,0.24371857185398568,0.21124226021749787,0.24489758652902882,0.2473189339325427,0.27299516541810187,0.29209200344327935,0.28496451217894625,0.29743599927159176,0.27907481218887575,0.27543469191829667,0.2753630191660438,0.23162145660476047,0.31262992026015185,0.250797001705543,0.24043904444989594,0.34495755685555285,0.3851646798256341,0.18204553268481646,0.24375470242861713,0.3288847729046631,0.22096174150822484,0.29035163279860854,0.29165891361102414,0.2915453233263682,0.21797093632036227,0.35301019376040504,0.25693157030157204,0.26428894122603125,0.3195153868366962,0.3003487157947267,0.2482622381440647,0.2746921475272636
0.33673929334834174,0.32737643330896393,0.32289582418137985,0.29406914721952027,0.3332780446777037,0.2861856492094418,0.28401722128749124,0.33537349998460064,0.25388045822977556,0.29849021463490083,0.0,0.3399209922218443,0.3559363357226418,0.23593219495149206,0.3234952140640915,0.36455007418305196,0.33872804999677064,0.3097773709299214,0.2783133313409302,0.2797559485813989,0.3016296681990029,0.3344933556648246,0.28279131782254346,0.30424759479664804,0.3548830004926545,0.25382971511538505,0.283836648457866,0.3342098908125535,0.2565145151311502,0.2694828277862039,0.3062345789971022,0.3207501143627699,0.25548307151121846,0.25743689367377726,0.30177775273714896,0.31749007252541883,0.33944760247365,0.2725200883323709,0.3348758156935487,0.3119651185950637,0.2738810755322027,0.30289746923746025,0.26517292320558533,0.31313425297588793,0.3132997479554987,0.2897675672945507,0.20709159823467385,0.38569823900146927,0.32888498305658137,0.26434943492887136,0.3410438890864345,0.23500494415549755,0.2281414398184805,0.31864887604156805,0.3842274578530397,0.228351650312336,0.3000333550489037,0.37173060277971604,0.31878610281149067,0.2905288759761552,0.3218313747829766,0.18335835870180994,0.2853947959426894,0.2234632860979563,0.2193727672007396,0.25008701999366867,0.3016571015545526,0.23862905723835665,0.2686441015716173,0.3249038468047449,0.2731943978686129,0.23581027318161782,0.2733869823216235,0.3740008674751667,0.3247875130560937,0.23471372221233372,0.3398582095223522,0.3023311738221948,0.2370360288453643,0.21712490902240636,0.25780418828770524,0.2482145827676295,0.2907343238543836,0.2625064251677933,0.26527750763405505,0.29061834509432594,0.28661665390350055,0.2518248627416744,0.276934095677293,0.2553303496256466,0.31965953779721884,0.2319519115185951,0.37944779366780407,0.25869869160922243,0.27292526319867794,0.25678427549792926,0.19214859555443214,0.22967407950249039,0.18794895635535652,0.2973338788342983,0.2600388605282595,0.3021218721924185,0.2287486983161325,0.2173646213163725,0.2718788400440023,0.24688091912522062,0.26396833615921883,0.31663789474368964,0.27257993770989747,0.3553815743233337,0.33640098780751865,0.2540554222214457,0.2886531556709043,0.2682763309389731,0.2709918132247697,0.3054720067511327,0.2771700559373388,0.27220154558602827,0.2803469614870091,0.21834451725326084,0.2771870100797835,0.21840213028428124,0.23737515293166966,0.3532394952081405,0.22235335771485773,0.3210751273947437,0.20116776383521334,0.29452795409182014,0.2855471393282045,0.23768569518575733,0.23806249462177614,0.27019514564912556,0.25982734610053254,0.24841559662608179,0.3223486714204098,0.2367748830987117,0.24921867539017226,0.2622832647749756,0.2952842962293808,0.30663318549323415,0.2556085217512544,0.24903452971521148,0.2658386023155639,0.26254757262015843,0.30979414675165956,0.2222984546101962,0.27099059711796997,0.2731585371457386,0.26982123721510953,0.19812836558109684,0.3619148743333581,0.26689239568631035,0.33698182285047046,0.26051297224078085,0.3041521806426301,0.305789352823928,0.29755797574535914,0.340701842991792,0.2548019960967194,0.2512104840284025,0.2386435196707942,0.2557758682086049,0.20465268018389707,0.3827374897109901
0.2799450235536732,0.3168253741923564,0.2739916194619499,0.28012032554991256,0.2469074336024344,0.34147622785934384,0.2629878453428443,0.30928332426808447,0.23589389355862325,0.2594770661952262,0.3399209922218443,0.0,0.2535173652717466,0.18202770227573345,0.26530480329419126,0.2930566696114698,0.2985747220126693,0.2248605058503849,0.35038768171567797,0.28483554427243624,0.3248399087941723,0.2567101115396867,0.23060190576002926,0.2754234358511047,0.3484685306867481,0.21704277935920915,0.22110752658615307,0.26848071742246704,0.23315486519555415,0.2511036653621279,0.3186182078373533,0.2979497681202014,0.25765933128209206,0.28463489092683314,0.26585015247013144,0.2842026622773976,0.26635146893488965,0.24320160857035267,0.36775758467718184,0.255184679215199,0.2982868764248633,0.25573870498227064,0.2516634596690834,0.32127799130191526,0.2705161513535946,0.262025308515763,0.22615433534966226,0.3165408431642885,0.26364269809870244,0.27632216080142913,0.3263513687404207,0.2882244017988909,0.22678522255279385,0.3209653866851321,0.3573806314029469,0.22752682573147393,0.3220142416272442,0.3721069436746508,0.2394272390453179,0.2682173561908037,0.2747489194271918,0.18198073944181972,0.28750004367869586,0.2071629373877047,0.22609954826755993,0.2588275832860554,0.23402705105889193,0.19861529265267652,0.20049032787927995,0.2472488869680257,0.23558992909140442,0.20694186034767814,0.2452351807106363,0.2944361985146066,0.30148538171970307,0.22672917504740525,0.26512713986914926,0.259454195856277,0.2300732997555127,0.2110362835254372,0.23668552799620396,0.2583419182688181,0.25498961653004376,0.21810851940709094,0.2736840116939028,0.2703487323390296,0.24762115007823338,0.2398089415809423,0.2812016525038163,0.23624634062362707,0.26480249846924886,0.2696451647737923,0.30466223201395526,0.27849413974157566,0.2339974185369489,0.2879073532198941,0.20432236371676823,0.2786728012432661,0.18100181362398274,0.26687967428888587,0.2161574245279301,0.2698590984903169,0.25333114421696407,0.26881622943044337,0.2510708827544976,0.24028017165537696,0.30476989647798836,0.2631169456693236,0.24242381797551346,0.33791500696621796,0.41799636500284854,0.2609662026669796,0.2629459240296916,0.24662031591984193,0.23815271782514835,0.2680570730467193,0.28835395952141474,0.27262036917845384,0.3153834035534024,0.19667013315283277,0.2303943860061943,0.22708314379008593,0.23755177192444749,0.2956262613620273,0.2050709841693161,0.3342310568981275,0.21258472389319416,0.2537472141162429,0.311654166866459,0.20377309850291353,0.22382357070335313,0.2574688733726882,0.21160687608726905,0.2625305343256051,0.29252748437478615,0.20779222831999777,0.25359437391766787,0.23461064186925273,0.23185272073036775,0.2915488229617477,0.21766286977858015,0.22371710874622014,0.28253033864286015,0.26049743621050186,0.2729799763684165,0.25392694567492863,0.31255622738949207,0.23365872919445527,0.2953739327354232,0.19239305331368212,0.33785362144843556,0.27588636996163807,0.27180125010816675,0.22665498771979234,0.36311143573669863,0.23996754095575096,0.23974862591600632,0.30773585218528343,0.2246770122214191,0.23582754370474138,0.19211797039096395,0.2431993523111617,0.19956007162910322,0.2805944680871276
