0,1,2,3,4,5,6,7,8,9,10,11,12,13,14,15,16,17,18,19,20,21,22,23,24,25,26,27,28,29,30,31,32,33,34,35,36,37,38,39,40,41,42,43,44,45,46,47,48,49,50,51,52,53,54,55,56,57,58,59,60,61,62,63,64,65,66,67,68,69,70,71,72,73,74,75,76,77,78,79,80,81,82,83,84,85,86,87,88,89,90,91,92,93,94,95,96,97,98,99,100,101,102,103,104,105,106,107,108,109,110,111,112,113,114,115,116,117,118,119,120,121,122,123,124,125,126,127,128,129,130,131,132,133,134,135,136,137,138,139,140,141,142,143,144,145,146,147,148,149,150,151,152,153,154,155,156,157,158,159,160,161,162,163
0.0,0.32009936135809897,0.2792437483232845,0.2796342435450867,0.26855329300396935,0.29513839653680124,0.2787853539154781,0.29598564604791705,0.3226986181303882,0.2985558712859932,0.2938219606634935,0.2685248124070601,0.407444438342115,0.2889253813656149,0.3321991910102934,0.3088140125830309,0.33199217021002964,0.4909087274433497,0.31923321031597407,0.4414581616193205,0.3282554182524501,0.32583464977288723,0.3064621204293234,0.29375700410928596,0.3747952829572698,0.2508722398773511,0.2662138179237707,0.30010027090768504,0.24806067198545043,0.2625765975742509,0.3308238126153011,0.3451773312381971,0.3002856511008302,0.290268300891061,0.3841825394230851,0.31181493862189,0.38556239266299425,0.34547583989876063,0.24300812330022836,0.34538243813033226,0.2919823867486836,0.30578232531622185,0.35710221862010727,0.3077131637225435,0.33287494421609615,0.3962825302251862,0.27959221530269235,0.2898273756405474,0.3749188176712205,0.40619619591171463,0.3573218258832719,0.34197626798016195,0.2838295551723779,0.2929524424047617,0.28671871619079486,0.30123935427299303,0.44819929816245657,0.2890363075806294,0.29698471367524687,0.4066172517082076,0.28386040685110364,0.28367127727173463,0.31569220566250955,0.25916532225778965,0.3293830533327217,0.34197158958144863,0.2931155584245745,0.32130160877887953,0.2937711425124372,0.3449427524903793,0.42245903171625665,0.3418812723775827,0.2878455440920411,0.3364707500170361,0.33096632987540764,0.3351099906017971,0.2435403933093877,0.2660370788461472,0.30909576606042577,0.2319101732265594,0.26722989710754874,0.3919820572071394,0.2850002104743348,0.29447246045171244,0.3322738527218866,0.3707264247909236,0.30079579757556546,0.3385320464860054,0.3687075016359528,0.2645312281539276,0.3648529980738454,0.326417123019105,0.354128961615061,0.3553669827010001,0.32639752679181716,0.2828325420977609,0.24434405261486086,0.2906393227308708,0.2678430340755158,0.35584737431059454,0.2827031182895735,0.275652088869694,0.26932370953084583,0.28000424466853774,0.389292612722675,0.349907553231213,0.3183428827943626,0.3023442048705898,0.3490112560013721,0.30394715639854153,0.2994790647514968,0.3526519027016716,0.32488655521134385,0.25998605629729843,0.34660306667662955,0.3315846542333896,0.3245203661780005,0.32986898354234967,0.24769031139531547,0.2811437571222294,0.30179406833334804,0.2594116298366042,0.34004344019347277,0.35766124142322175,0.2815802940838582,0.28242839526938474,0.26392659105703065,0.2629696974549213,0.2806320060404264,0.3690337708780533,0.2650195769254253,0.27570602103717096,0.26336684322766185,0.30317182679050214,0.2986386058431023,0.27288442936215646,0.3019349478338166,0.3537833081870368,0.30692772643671495,0.3594198938058177,0.2561367243871141,0.3066403262737889,0.37823589652090905,0.2799811349381496,0.31218494564775234,0.31067984651419456,0.2904426653997456,0.25878103137157654,0.34771606901838314,0.20601022186150275,0.3648385500978638,0.27847245496672957,0.3545681396126163,0.23214621272502034,0.31836042196873765,0.36193053237012746,0.31489015811546567,0.2791374512417592,0.2892839947015299,0.3034694904019902,0.259319406787408,0.3516550133755542,0.2388852882501223,0.37878317769318615
0.32009936135809897,0.0,0.3020112568154564,0.2946307310262484,0.23150250227590782,0.3673106715762996,0.2872227130822023,0.3819428686340018,0.290512926063409,0.4135809891407667,0.2957788681426624,0.3258999960456962,0.32154984951584836,0.29660230004147065,0.33507752565553744,0.28144300674200473,0.28997760034761466,0.30491415121920795,0.3386378038665629,0.31783504123313094,0.3084879149419017,0.37248377787231546,0.2982857982229805,0.309144446508784,0.38276344066485674,0.2199981388959677,0.26006118298600006,0.281143404984757,0.3557617597015082,0.2554859990434428,0.35394785374753657,0.3018250969660225,0.3648766980936709,0.2510487103133938,0.29230990022324704,0.3017817291571032,0.3166075398160805,0.31128222898739105,0.27538150154187213,0.3063122755241515,0.3343784268422972,0.3055708719020691,0.24562596101365752,0.26903699016309535,0.34756188535862775,0.29196062631450725,0.26005525260326734,0.2571854626131555,0.30850671077968483,0.2787556961057288,0.2952394109616274,0.2759330561385987,0.2911888655412846,0.3593763396966782,0.29734528692829354,0.33714585272878217,0.31278947606883606,0.28685319202885845,0.29452265767198244,0.34439526758186384,0.34154561752496704,0.23369127520812447,0.24943554480371982,0.2276829929512399,0.2518935686283551,0.2505899463545672,0.2784998704326503,0.2881413594616857,0.2573749668969043,0.3420740184226673,0.2951124083677911,0.2860215692538891,0.22604945588284936,0.30807589347466774,0.3232391768162888,0.27146424217149484,0.2374111619778236,0.30014037233691293,0.2696036498004737,0.22938114639529675,0.27351815429064347,0.3044551945711302,0.37040440484344617,0.28399123259386977,0.26920144245508054,0.41279888266146636,0.27849163110450964,0.2506190853194258,0.28760230610749177,0.31298346921636355,0.2597686504495138,0.30267128772263185,0.31907037891489026,0.28913151752863236,0.29784638131739083,0.3959325662630395,0.26187911181857,0.2981279467730998,0.22729716851532664,0.29919225189103843,0.29127864966977013,0.2503477021517221,0.2154892602420199,0.33269040109075676,0.27589969849497514,0.27743328334942907,0.2639845209505686,0.35934874061697436,0.3120757278994531,0.3674542436196383,0.2685099529429455,0.2511940882940502,0.2820222733022255,0.25397795775126386,0.3017090832279963,0.36444015407933544,0.29729570516778775,0.2564920186213341,0.2584182394136361,0.261067288914477,0.25880721934422074,0.2645763034495821,0.28512562162541766,0.36137087016255753,0.26529590252438384,0.37605254284173306,0.2472156046112368,0.3158464382233915,0.33216759133593227,0.2970164142066733,0.31224819523094766,0.2764781133903877,0.25584277652055576,0.2857581933420613,0.30822306039030256,0.24723695580259658,0.2871835340326783,0.29304124677576815,0.3012898857527938,0.31217134255991785,0.29303325032444155,0.3052697585301555,0.36262080908929795,0.2663069056080394,0.30823023544013944,0.24716974647503645,0.3179064413557561,0.29797163481698663,0.398536341202228,0.22562163048958464,0.27197853206042605,0.31653942123886114,0.28977536760650713,0.2923400891030122,0.3303272998363202,0.35900131650063016,0.333506096629636,0.32894992435542936,0.27619503266586404,0.2437207916704158,0.2825392060246874,0.3329351512057165,0.25220858424357034,0.28671093318673113
0.2792437483232845,0.3020112568154564,0.0,0.25741672887878275,0.26514815774076117,0.3338928865797713,0.24549157172977654,0.2978736780192981,0.22457690847830228,0.3590977859109618,0.31018675904031207,0.2747387223972545,0.35808821994329615,0.24380938768320046,0.26130985651337213,0.39807311313038407,0.3394938887897016,0.274145802930223,0.23893594560701178,0.24235855046643462,0.33290734043714343,0.3902061390680801,0.24671260217467353,0.27856615141795477,0.2943288743216989,0.2733419477522737,0.2451704363213538,0.25794519622767775,0.27330338517176644,0.260300148637368,0.23845907893579713,0.30912062602439594,0.2514418880629543,0.2300008813954633,0.23451516847408171,0.2668520775623524,0.31889099769267,0.264275554828777,0.23191658552568653,0.2912584177307807,0.2533223673397478,0.30109616647538345,0.25844153951353055,0.26334019381877016,0.2956492804356055,0.2723161600560657,0.2671829472519346,0.2986176997574023,0.2654008428303103,0.25971109245364643,0.2866668690645329,0.2974233488796343,0.2001043992228304,0.3044077311953961,0.2764481880378844,0.2571745468630816,0.25089188741342666,0.3226902773102439,0.23496453538485312,0.27109364825984134,0.27103003244215,0.23016137726655408,0.2741400514480372,0.21282745368937855,0.20946503021823448,0.23431465439120944,0.25011190807579126,0.31694129689766604,0.2659017146972521,0.29693972691809917,0.29840483824391467,0.22017514893945744,0.23216435293705925,0.36746760911102105,0.2912118567363672,0.2059244440472744,0.2809984162536279,0.30750162004853066,0.21816118456417782,0.21781737493668052,0.25757015732941496,0.2616421427508073,0.2929766911287889,0.25616383423974376,0.24285094483927447,0.30539654461751414,0.24018950989056365,0.21409772988602618,0.25514911363924664,0.22016150951008187,0.29731020321359464,0.22967507751879482,0.28261861615426453,0.20924787457846894,0.25157287086387997,0.278387239785578,0.20425165881333276,0.26243530426629064,0.19646911854686128,0.2685792130636782,0.20736292936569842,0.26032030650886195,0.20151609773224435,0.272444240840758,0.24619777241145105,0.3410096957096371,0.2736912647464894,0.27547471295553294,0.27963364821491915,0.3270620039159885,0.26153655774282336,0.2262926896517513,0.263957545295884,0.22830873345432737,0.2310527807522261,0.3235857873378957,0.22055537510480128,0.28632806452752774,0.29176206615806927,0.24489339052442083,0.26007125855408425,0.22830685895661879,0.2370892803401747,0.30159344947948663,0.19167007734832303,0.3129054949067825,0.23571609786362913,0.2987172869386161,0.30160470223619745,0.25659952314254436,0.25253039168295704,0.3582730533233146,0.20996860041275955,0.2090888810532187,0.25153257374648824,0.20159631968657302,0.2255567040979753,0.24514627112924103,0.26033782328578836,0.24713765369127733,0.20954416055716626,0.2776552524587687,0.27015499918859576,0.2458892833913317,0.261299882225707,0.2115064157808392,0.286421610581218,0.26773003623159203,0.32548015537404773,0.21102679875587851,0.21273922233615256,0.2013596379482797,0.25679255284547503,0.30297837483009665,0.2869765137176449,0.26865008293616405,0.2931109103198968,0.3415801664021748,0.19700976392553698,0.2527073144783101,0.2508879701603692,0.213770152854324,0.21500492697548257,0.26640810578504215
0.2796342435450867,0.2946307310262484,0.25741672887878275,0.0,0.23384633983994543,0.2677857241672452,0.29642916342833875,0.2891570360478784,0.23654304871628304,0.2907406899668067,0.31092385987021226,0.25865274033570396,0.3019915432928423,0.3094025801615534,0.2949041754451973,0.27585551347852855,0.3046638567532175,0.3047887768440025,0.2782536258743168,0.26802376829789476,0.3264160939435542,0.2769457711906377,0.3073563104936035,0.2551549057721409,0.32227613305303676,0.29808519235329967,0.30824196432876394,0.29472329043300977,0.28063686822503975,0.20743870309700815,0.274772247863753,0.2829443221308931,0.37414700710707516,0.29950270124763456,0.2995312451766072,0.3412476392745716,0.31505649356544185,0.31901204330944744,0.26949157431702014,0.3434199061397587,0.30459712048925364,0.28536903599109903,0.2612640855548204,0.30720348542666787,0.3121548319852982,0.30418367827324877,0.19721271054404305,0.27643336477272906,0.3095187674945461,0.28841439729470175,0.35279691040234257,0.30320856351163344,0.27129513788320786,0.39312421786950275,0.32620163047974243,0.2732099999477032,0.3201389107273743,0.29072561642062605,0.29421505272006526,0.35972892544424057,0.36042813041276206,0.2688598688710235,0.283266136313839,0.24016061841608283,0.27305438641173796,0.301408768196913,0.3889704112154284,0.24509735109247235,0.27532033647004933,0.314198629074929,0.2847556497337308,0.28876893730309006,0.297714081702572,0.3897913929720476,0.3046540774767556,0.2581792407745106,0.3364493571396836,0.30682726071149513,0.27426057878814414,0.2217399211485557,0.2589644381312552,0.34464272710553345,0.24018759897311706,0.29217309371208294,0.3646312277285798,0.2944339972960023,0.3520867433757585,0.29806974188582364,0.29625822398089513,0.26634033479402514,0.3172378851823253,0.3030016946787894,0.2899095204946896,0.27723818998804883,0.35355217866787925,0.27281353540161174,0.24750130218922828,0.30100719486463606,0.2614314921055272,0.3193773264580865,0.3056959395916208,0.32067059527708563,0.3160487426285344,0.2627514108201495,0.3101840953061261,0.27220977602168484,0.3071222471696192,0.27787595581226054,0.30184658745621407,0.27349495510016403,0.3254600758022073,0.31505841659594785,0.37565693424473434,0.3301438279350268,0.3051024837816935,0.27294243070967583,0.2910424642848241,0.24202897678856305,0.29065910041449217,0.32914963149866555,0.2777426517747252,0.3523113505828568,0.3076576466898407,0.299610822380525,0.25436755017195006,0.28056870071945134,0.302866954124332,0.2797401897227935,0.3389201506903988,0.33032998471731095,0.23305961647018475,0.2911623231725322,0.3269419340192131,0.30877123474305523,0.30581413112153577,0.22371437765457555,0.1938044350970064,0.3136668769824702,0.312154479351059,0.3039257063187911,0.3215931932083739,0.311929539941935,0.366207730308068,0.3161444990734622,0.31928449756473526,0.2524136627090462,0.25451022491882264,0.25480478210973573,0.26527992490537927,0.21903619190707305,0.3234668275605865,0.27878368450597407,0.31567705537103735,0.23594952710915676,0.3186990676089555,0.3282938209614849,0.29345019197932304,0.2830009866600914,0.36262744253412565,0.300194247519916,0.2979855725506,0.29344731326818274,0.3092317439262647,0.29166722765268555
0.26855329300396935,0.23150250227590782,0.26514815774076117,0.23384633983994543,0.0,0.22132617921458894,0.28028432539146164,0.2065117048368662,0.22391836329038123,0.22684143535588583,0.2895604250423511,0.23371198751122804,0.2381870101173659,0.22958161060441393,0.26734084983762796,0.27289259327917614,0.2634652939636622,0.2622177852879934,0.207540679542925,0.23713471030890504,0.2825452753057607,0.2928406391701927,0.2579165364510366,0.27050812438593486,0.23949342001720786,0.25158902166888547,0.22598499305839814,0.20767826543286644,0.21953671884621795,0.24061537651060774,0.2463659891881524,0.22324601231655183,0.2268414510858717,0.22179049877862975,0.29727782005938863,0.2588056580737011,0.28512393847013007,0.24432711149615574,0.25670101941633716,0.2548884158229617,0.23493633475191453,0.2921717121496743,0.2531803836135347,0.30764064562591037,0.22387269723982167,0.2238569011764788,0.24424357258936952,0.30495969145803525,0.28312563648324046,0.2576630623967691,0.2633967021735244,0.24301227457892666,0.2015666581020473,0.24753204648465915,0.24510690665249762,0.21932913535696436,0.2307883494912278,0.28529470868845236,0.21831918178282114,0.23681823313086683,0.19780674951381635,0.19733615886431283,0.22423008030734584,0.23124626910220986,0.2287707492372915,0.19227926329761238,0.23046340234895069,0.258376141708256,0.2141956569021379,0.2464719364270893,0.272179685012477,0.23779547977585436,0.21263262675864386,0.255741701316178,0.21286267178051763,0.19882195509933565,0.24516423470963553,0.3800140287657176,0.19390733522289985,0.20693712846832402,0.21561025137074027,0.2655751546326168,0.25572048336091247,0.19217667196030577,0.22669314879496308,0.229276148664329,0.23327301931619024,0.21515644740918582,0.20393774227345485,0.21018413102928524,0.33918254226597944,0.2580363312490604,0.2858379149371021,0.19564123632925615,0.24884272180745579,0.23719418422089888,0.176031340047532,0.22122016983594772,0.23615293171480584,0.2095375879314697,0.22783606206407483,0.21317861145977945,0.21338634104809687,0.20783214183653953,0.2235990438946798,0.2421050377591768,0.20752297806689188,0.2385702937745028,0.25515959017966516,0.2637526517174329,0.2709912841001389,0.2620934556209524,0.22032655013700395,0.2321540154364175,0.20583864783448239,0.2373379034931417,0.2002397329038131,0.2575861566558356,0.22162225465903648,0.24317695041651846,0.33733980642936395,0.20558974299378957,0.22779773874145132,0.28282224448377413,0.22865162234659248,0.22358369587695345,0.20337916839930392,0.26011283670920626,0.21946574167289506,0.2434536832859334,0.20521822637509235,0.2426383378981017,0.19506015725291798,0.24390985758933845,0.24450985618976348,0.22975399429275492,0.21258958220041918,0.2932605726455279,0.2379505987650479,0.2528053323097145,0.1903047611304534,0.2645207134856521,0.26553180899240214,0.24527611142911449,0.28169565668903634,0.22825461211055273,0.2839541587926183,0.21819187000187718,0.22741244987675277,0.18823943789211392,0.2302848894758336,0.2011020019354578,0.27273591106198974,0.22800347655140757,0.24715961428374186,0.25342838753163177,0.22383627364782147,0.26425714455515825,0.22188805368009268,0.21991379100954767,0.1996900637177576,0.2228399512079581,0.2093647368268224,0.3301942911140261
0.29513839653680124,0.3673106715762996,0.3338928865797713,0.2677857241672452,0.22132617921458894,0.0,0.24659447421628197,0.3315782597956478,0.2559415863394141,0.3128448758065931,0.2944367124091859,0.3169844664575461,0.35373372930416863,0.2230945383322175,0.30194861418423363,0.3400554031069254,0.3179290992527894,0.2435645674434389,0.30883190426045093,0.2806307810419349,0.33699246285701306,0.33095459725037035,0.22065919896163316,0.25961671527555796,0.3304109589140733,0.2259971889421414,0.2231083502763135,0.26198120066945335,0.27437912240496937,0.2646538992203373,0.2976070913259635,0.35917973202267217,0.3216879251611433,0.23656582196892073,0.2379634112079937,0.25224746049598906,0.3080646956574117,0.2634125476869428,0.25450517275531487,0.253529587331048,0.2818448361471959,0.30397518198398144,0.270154629056855,0.29001068670224683,0.2690542835196771,0.27136489537080305,0.24835613997233896,0.2637623808926677,0.23609470771628205,0.2692976678607869,0.29692148915454,0.3279744079311955,0.23570063040138897,0.31789443838603854,0.25429900584152704,0.3121979355914594,0.2941305139056578,0.37466722081359155,0.22194102469447172,0.270749665192583,0.3373462606221096,0.26467946057688174,0.3089898374653603,0.1907779131322371,0.2298518410460399,0.2485760705049769,0.24443969969983576,0.30835825137315936,0.2266364191177942,0.3073385772772436,0.30985934563090345,0.21937221555116443,0.2260492060008792,0.30860725507588255,0.3500433506646937,0.2385581286868365,0.2644522562431397,0.274186097988835,0.24166983374389597,0.27943202871183254,0.34819925388130774,0.2788854658021079,0.3218953520552211,0.288846313021648,0.26049320887200444,0.308497605530424,0.29150346039722164,0.23023698142022456,0.30055142580568817,0.2468127295754574,0.27523958809888993,0.27477199350426484,0.3002878031099649,0.25002009448028356,0.2417330848084362,0.3344177226981433,0.25654018053854716,0.29267671683351976,0.20260034017032044,0.27494941405205664,0.23122448348426988,0.25619922607258905,0.21193252963017029,0.2702208905439191,0.2691969062348622,0.3439441172818524,0.3108727944163712,0.3057422085041627,0.26783417334669263,0.32191780451588103,0.2764796101885527,0.22289103817332198,0.3051739502849046,0.26171968596214795,0.25543284948253464,0.3385198627830699,0.28979250155779007,0.23636246623921056,0.3037529665492539,0.2520017914518186,0.2446720384018387,0.2718025011383192,0.26058556786866893,0.3565235221286225,0.23503447217579412,0.3366113741975433,0.25822284184268396,0.27989913936380495,0.2851903725040593,0.24160120053322162,0.293358769235377,0.40518454287151745,0.2395338521006093,0.2491453433380697,0.26595998152777506,0.23278521910796363,0.27018860542511053,0.23077010560564817,0.23472347248666595,0.2743344607300863,0.25620131309732974,0.2989157652104136,0.2764912480207623,0.24582137102128238,0.28176831505807987,0.22234466779058482,0.3188298742333142,0.33269888351301263,0.3119639550333101,0.2273471410393896,0.24759552425870862,0.26246022253997486,0.24063213915386872,0.25378864653396604,0.3439223671578118,0.2978581579004062,0.29936809097040884,0.37944588041391414,0.22016545209341423,0.2699205898063143,0.2527880070601402,0.27846254831682205,0.2406137027629583,0.2728242238891642
0.2787853539154781,0.2872227130822023,0.24549157172977654,0.29642916342833875,0.28028432539146164,0.24659447421628197,0.0,0.22565691106674973,0.2266779238544278,0.26541627206725293,0.2834393349316059,0.29180136905382337,0.28782089120340104,0.2733084473317413,0.3305575332034582,0.24076137555107993,0.25249915363429765,0.26675850322520994,0.246593061570672,0.2332105116032834,0.2780017112290345,0.317151804655948,0.3565345320014676,0.3197601549675638,0.29117605758989906,0.27395976136881534,0.25794170308170833,0.2278105257982163,0.2639430426163469,0.23918509714884803,0.27128569545296694,0.2759758358878862,0.29924321375856755,0.28578699470512586,0.26113030189935205,0.27283380767316834,0.36053316620885395,0.23716872972295602,0.2685803077056182,0.33697023017108774,0.2844522299178082,0.2959069708415866,0.26775794611214243,0.30017009462456307,0.29734482860407063,0.26409659438816585,0.2753926143026238,0.2652691010919441,0.39892046165511535,0.25630792891908355,0.3267853449579782,0.24687422221872374,0.2160532628366902,0.3124614559633756,0.31041239587634906,0.26508695612545663,0.252463563706177,0.26047632789498953,0.28681150394209315,0.2690656914300859,0.22348486944135867,0.2288618163057667,0.2174517069649921,0.24345784076203536,0.2330552446923964,0.2113871878325018,0.3137570750512096,0.32765685360182584,0.23650880828055565,0.24464648422901014,0.3039162221453571,0.2425973630425985,0.2323065949306188,0.31973637282238576,0.20317334574483167,0.2401815980928641,0.3369972316690541,0.33617362270500833,0.2091030479322935,0.20813159664998246,0.2302278077222862,0.2881155074181115,0.27247976603761587,0.19604182967889225,0.2366334766360856,0.2572968357113627,0.24496732619885733,0.26885075875527575,0.2408250717464585,0.24922526548530696,0.3167009993432068,0.35643573662003486,0.28985041598698597,0.23320293989881313,0.2708501022328044,0.31545161651368914,0.19449305521618876,0.2790253167346984,0.24442958936408732,0.28128916803337684,0.26569492878401607,0.2537753402895534,0.2735709979742662,0.2484181033241913,0.22513375841558284,0.2617475356345583,0.2268981720916699,0.2525240061794213,0.3193063913639578,0.3157822869027312,0.36700906930373756,0.25879376513055974,0.2612065795001156,0.2180066937900978,0.22576769710891878,0.2601950821345828,0.2263166907144341,0.2802333638627433,0.26168621036275563,0.23583125505785496,0.2635687918259457,0.2252439904027119,0.24437900512564498,0.32606274042005917,0.22244720389382225,0.28449633921438716,0.23766822024702508,0.3145645280718829,0.2392921449532984,0.275134055353294,0.20823438682142995,0.2199433436975658,0.21556891248776586,0.23898323304561944,0.24177040255503982,0.2314013633065081,0.23570669412877493,0.30621712191971906,0.2633575145139795,0.2838998443468654,0.2382768365908911,0.26972460762130823,0.3132484108092258,0.24967301061166483,0.30023751947473665,0.30857849485147726,0.2822363411574357,0.2563123261624175,0.24830355655429717,0.17841252605156863,0.25281289169434634,0.23393821651033173,0.2685413546492845,0.3148820005333976,0.295610627597988,0.30314908082539305,0.2981390318483179,0.29294910297162347,0.27963411027567314,0.27941819582038374,0.23293793704318475,0.24230809649881357,0.2376475270123579,0.29504243726978063
0.29598564604791705,0.3819428686340018,0.2978736780192981,0.2891570360478784,0.2065117048368662,0.3315782597956478,0.22565691106674973,0.0,0.30964191306215266,0.3495440429200697,0.26435854951335686,0.2970653381765865,0.3388036289427218,0.2545727037075845,0.2743884340884162,0.3138343991993104,0.3007389712047684,0.2800872604783191,0.3010792991296141,0.31206646736282645,0.3070966953152465,0.2784587811061535,0.26505701518276176,0.2552039865097909,0.36197509064828703,0.2264749421698629,0.29624428604131037,0.3113778955238505,0.24192970898249103,0.25720493294297486,0.3801892763307495,0.30375692387129877,0.29409687345809377,0.2689858968706525,0.2819081187581511,0.2959019110564697,0.3201646899127564,0.3361852912642445,0.25408652287039263,0.272906096540853,0.2806921064889221,0.28721515406888937,0.25792733334338264,0.24764774212139729,0.37631266121499823,0.290750858686182,0.2331423302226325,0.24163149394170683,0.27330062070002337,0.26636021585773506,0.2697618582917882,0.2620923701272445,0.2423198055022065,0.2770255368959581,0.25566859076133897,0.30905448952196174,0.2868138034882629,0.3402626131358144,0.26419455250672313,0.30050860403772267,0.4058907222914956,0.23321287984995964,0.26543887218440715,0.22908839356336094,0.22553051200381502,0.2578623433911011,0.2842564379188258,0.2638056955650016,0.2765414698996276,0.4797464858576354,0.2729908231331653,0.266579121250054,0.2503383414834701,0.32352792954848897,0.38234112696838485,0.2555902017432993,0.26023757123145547,0.25104235325849356,0.30140303604966706,0.21376148784215937,0.267132523206319,0.29328459538249724,0.3101938258125012,0.344519707226458,0.29309971849090655,0.42307465048762705,0.38170502353926705,0.25639164794703945,0.35452671891991877,0.2949662768512724,0.2524021355147495,0.2791320378131814,0.2660589607850724,0.2520343870611032,0.2795191405761635,0.3133402427852233,0.2738653512989838,0.3291880312862173,0.21490873366217805,0.3231194969729472,0.26256487912330856,0.31221153858097633,0.2358164408238719,0.3275382302590235,0.3047221222816703,0.31187128707274225,0.29420212994305756,0.3726058066251721,0.2687970425737445,0.30162772262743137,0.24472031666102695,0.25192536305560725,0.30407578433378746,0.30368858303274215,0.27398364934994274,0.33772539797354184,0.3093769788063078,0.23822551163120487,0.24550425131377016,0.2797865171207377,0.23590263701837724,0.36410731008909103,0.26218113456494374,0.29993476297146376,0.24295122844334058,0.29440332323641377,0.2498126777521427,0.31028577311815375,0.30756180881919243,0.263288660033132,0.36106501878964214,0.3057800033059017,0.30654250257759497,0.2611613401721792,0.2983465546363451,0.208066804139766,0.26189094226155535,0.2533446101835695,0.29385579359901143,0.32102942622911673,0.26903750099482293,0.2665596412565181,0.3231851698916916,0.26618635284811654,0.29128194354200776,0.24607327214850788,0.30444588266194833,0.2832587851646546,0.3591409597725062,0.2282562007812396,0.30848128609962155,0.27759145165467025,0.2739913586258148,0.25356304449487715,0.36849874206237593,0.3654730682984436,0.30228636386550894,0.3412917707016299,0.2345036416225935,0.24755937537939798,0.26278525245064854,0.30649394635941773,0.2765895087041958,0.2671708259452947
0.3226986181303882,0.290512926063409,0.22457690847830228,0.23654304871628304,0.22391836329038123,0.2559415863394141,0.2266779238544278,0.30964191306215266,0.0,0.24115171678398956,0.23279530020345002,0.25748752184808704,0.23902647936771163,0.27743015895962164,0.25780362177412497,0.23879398035524568,0.23213670918827495,0.2864351698913659,0.2538005373988056,0.30523649232525885,0.24727766159229114,0.3109237915690901,0.22937231498287733,0.23431607928364678,0.2791179930833523,0.19965041141705064,0.26647528790280894,0.2458504545183221,0.21404652820873774,0.3095063560580898,0.3566032069215376,0.24068328937036637,0.2526377702655155,0.21736955820300669,0.30111507435724166,0.25192875065381914,0.2602670783276591,0.3332088144732733,0.2398075794675709,0.22989847115010578,0.23735179938959963,0.30877630516704513,0.23218213205714602,0.24032145623076875,0.2693837481931094,0.23831670435085728,0.2167727932977847,0.2148321095887915,0.24485922859101783,0.2604248636697762,0.23934312073436717,0.22583175142846865,0.24838566030195813,0.23793861635266117,0.2209674887580667,0.33417072361018285,0.27163636426319626,0.26672615935840477,0.23270995300216132,0.24737627625917752,0.24217938066509517,0.23883871711323423,0.2232333197674826,0.23775189437873828,0.2595548227784664,0.22863557669469037,0.2654898228817859,0.2573765931568095,0.23495502945726834,0.3182924184748595,0.295866410044807,0.27478457726606476,0.2673562866233266,0.23676825694199044,0.2837098915582265,0.24703612473456663,0.20078771223713238,0.2126714119678124,0.2511703411320566,0.20852118262560845,0.2300697800881599,0.3762577085621629,0.31201305364780535,0.24262084623156496,0.27504066053793286,0.33641354525110767,0.284839282645721,0.27531421423381597,0.2670620493156918,0.35422970939377013,0.27473101268788586,0.3340323828689834,0.24393099212370553,0.2406143081216284,0.3039054860692844,0.30110379699909545,0.2684863907003718,0.26859119769904255,0.2852640525277552,0.24272085892921078,0.2870348629884287,0.21896523872828152,0.24354557112302155,0.2606473382662667,0.30437421539294324,0.23750018806994733,0.21060116735402706,0.27345159133276636,0.22136628153295856,0.23437935255926223,0.21166153844554858,0.280257132381443,0.2681078985406942,0.31393039414003543,0.23830377605048583,0.2769735095587262,0.2516759227953306,0.23584513267562934,0.18878858993833764,0.2948026218230619,0.25912110575734293,0.28043423039102705,0.2577304569433362,0.2628092415960337,0.3584978041568256,0.2298937936758802,0.24811797450260323,0.24223801790551006,0.21935873945224832,0.25923451539881953,0.3912181191911295,0.2638018936233544,0.275024301666788,0.34715137388571393,0.2636277955479296,0.22607100567209915,0.2561730680510394,0.2479621781352068,0.25723181719250127,0.3167456811283222,0.24600600525596028,0.26107197247158465,0.3163714750769527,0.2964114447183795,0.2589710722227775,0.25366746567777304,0.36823964494541545,0.22504813660111214,0.27853875832291836,0.21077311886078237,0.32566395553377614,0.2523703047654353,0.27243147690973496,0.22772274597819153,0.26861653257597284,0.3340198272528893,0.25979379432329447,0.2585435245618185,0.2722644007824543,0.23028938915717578,0.20322389989139164,0.3338527733322284,0.2975733875577682,0.306596042005755
0.2985558712859932,0.4135809891407667,0.3590977859109618,0.2907406899668067,0.22684143535588583,0.3128448758065931,0.26541627206725293,0.3495440429200697,0.24115171678398956,0.0,0.2523898260026912,0.2668533951842887,0.337964905190693,0.2728406234283278,0.27203135734415934,0.28580890751197796,0.30509299019572067,0.30933898597982,0.267068133879747,0.2693204430875674,0.2751749103344654,0.2934245502546661,0.31163987228016127,0.2506921250587935,0.3933590605900119,0.21832983270949147,0.2732022641651087,0.29360992439521283,0.3161507776356803,0.22799725950557947,0.2996434284253691,0.3134870442620681,0.25956727800721596,0.2642327217481453,0.27765388337716507,0.2795885782063159,0.3149306808923199,0.2626640154552707,0.21856767959537624,0.29374442087153657,0.24430876743626767,0.30750084089138335,0.24286006713418337,0.23969205048972483,0.32067441743467295,0.28112212430012146,0.23948305599693478,0.24610750023970718,0.31251818063051073,0.24550091405007907,0.2737066914420526,0.2490867758700454,0.23253001317446823,0.2946970400585144,0.29248777836587225,0.31545097898095176,0.2572084731917576,0.25520394274733654,0.2868028321942134,0.3009813109955954,0.3227279779980578,0.22926244886766473,0.22646527443408124,0.22173139194269426,0.23382135618183825,0.2445031674829535,0.27188932952491557,0.27143281442442774,0.26957132440078446,0.3271950527169523,0.26193914433506665,0.2756998440299863,0.22833087228428808,0.32168283901500017,0.2902176262830827,0.25883396907759404,0.24948629923672364,0.2878815303118981,0.22954149101559795,0.22020718866389924,0.2612034088164168,0.2761058899506947,0.2913650008279626,0.2756410626364376,0.2690874266242403,0.31655298334448895,0.27394246379934,0.2538520609669338,0.321146253625096,0.2471604963401082,0.25130952339422086,0.278424174131858,0.28430943839532735,0.2325680552488695,0.28421796199429417,0.31174295527045387,0.20753464147312584,0.3080094493705354,0.22037501706715354,0.3251355915159127,0.2498133457196849,0.2693281853874476,0.22212906482865136,0.3237787637022538,0.25838440559098247,0.28485067595841446,0.2796172576867167,0.3675897549010932,0.2873917816806709,0.31959057393087525,0.24997921052785446,0.2401026600733633,0.30306868587645563,0.26077184668917736,0.247898689681727,0.31085883021709737,0.28137052644106453,0.2893926646914934,0.2760141135210997,0.2733280897699455,0.2250441358134604,0.2545741047589663,0.2531249174039807,0.29493163987553317,0.2207705547841791,0.31669312541332273,0.2602204519029702,0.27078594565319963,0.33874701632534515,0.2743392083706454,0.3129263914636395,0.26133312426821886,0.24428362819368418,0.22384341655507967,0.25328754114480123,0.2073935360461665,0.23834409784194896,0.2689191126364415,0.28786489166817847,0.27069465522602326,0.24308066236503303,0.28937255083106994,0.3338736920174628,0.24569906398068364,0.2641047109356782,0.2453293606762442,0.23933982774286006,0.2931748486684701,0.4149952794388827,0.21690971937186626,0.23571998910436096,0.26688621353682823,0.24978817149776245,0.28428098479867475,0.2977964630107931,0.30526879491845127,0.26776836800058706,0.3266861976231333,0.24661646602739035,0.2702626801997138,0.31231433883108173,0.2799379579178752,0.2485394402629725,0.2404596806550227
0.2938219606634935,0.2957788681426624,0.31018675904031207,0.31092385987021226,0.2895604250423511,0.2944367124091859,0.2834393349316059,0.26435854951335686,0.23279530020345002,0.2523898260026912,0.0,0.34603336640346305,0.3107751366392303,0.25485351168670334,0.2762269149919838,0.3808270067121075,0.34903108201288235,0.295288952357547,0.29986920761255614,0.27321507784327864,0.36725149199867174,0.3674873906831853,0.27982930640142506,0.31058631107288565,0.31871414965701383,0.3047973026645978,0.28314500396727427,0.2907088234803802,0.31914436134591684,0.2717673040110044,0.2662462617697951,0.3002211185270438,0.2883835652663469,0.2535386964557897,0.27865662513027634,0.3228299962721421,0.36405231467532495,0.3228737953370789,0.34909575517861186,0.30030590946630875,0.2972864391833563,0.29197597248756296,0.29393817203078904,0.3474244983176011,0.27926132710609547,0.2622806042446184,0.20862198772346385,0.3864221864292163,0.32522070892059185,0.27380657720916285,0.33339114836474265,0.27839849696356406,0.2290717392103421,0.37926986522459794,0.3683745972293477,0.22549597624021925,0.32523307726945877,0.39237307035545727,0.2577934770854871,0.30050129969765266,0.30232749144464294,0.21341985517670842,0.2957462424503194,0.2437038749144305,0.21521949419461248,0.23508345829869348,0.2786318497494595,0.2624769842892954,0.27876802790013566,0.3055071670699482,0.29248628718098973,0.24448716047686903,0.25443880587427736,0.3427516232806613,0.3064120322961587,0.2357713437730615,0.3459954508033652,0.32677332299004447,0.24591576581266675,0.22497114710213573,0.2571615078846594,0.2623214229134917,0.26956385773791086,0.26569563360530096,0.2640768963457665,0.2772940918043325,0.3003297879641889,0.24110613571512174,0.24166566465152392,0.24162453972708203,0.3934680837833145,0.23302775806983209,0.3701910009824343,0.26643787196263646,0.26738333705988276,0.29703877946350554,0.22239046885334307,0.23137145206971474,0.223501629041244,0.24053058854075082,0.28297983294150236,0.2912190233805723,0.23876695447007615,0.2430803926003133,0.2689510470191731,0.26117708739949075,0.2609199792485561,0.27796016039236393,0.2720056783881407,0.34324743883012315,0.38432915729004985,0.2803288988446793,0.2628078970277623,0.2850473122501301,0.27407239495382707,0.2908491213699774,0.2446662385369569,0.30237815959222625,0.2885477707766228,0.26466562209540545,0.32159833981364877,0.2466325309399544,0.27017992552157877,0.33537219410985736,0.23111458115649047,0.3412005549018231,0.2142272868047012,0.3273512697977659,0.2936253918121168,0.26690106285549403,0.22111089417431026,0.32332629299689875,0.2738436720338481,0.2828548107040851,0.3499889054519022,0.22915150994022995,0.24632205988445902,0.27684334617526035,0.2991747453857185,0.3044380922336555,0.25692535459722254,0.31447116236648964,0.2620446940343915,0.2818291081015844,0.40599286894221953,0.22778368106533906,0.2806778901307498,0.2581398491878505,0.2732545797614346,0.24311706146219206,0.31758123569132174,0.24452821498675653,0.4020332769166437,0.24709786505479925,0.3030373056149191,0.3050332559417467,0.31182911473720104,0.29737978147417343,0.2579925621155694,0.2633069533584417,0.23122102085704446,0.27357893422240925,0.22891937313817112,0.4015230620931075
0.2685248124070601,0.3258999960456962,0.2747387223972545,0.25865274033570396,0.23371198751122804,0.3169844664575461,0.29180136905382337,0.2970653381765865,0.25748752184808704,0.2668533951842887,0.34603336640346305,0.0,0.2555883369794224,0.19179975912039443,0.2669807962888484,0.2948061969261453,0.267544459673972,0.23085617247309734,0.3350921458431248,0.25700434989283893,0.3336913656802681,0.3006780992947892,0.2700833414341435,0.3104752759226213,0.3574352531911211,0.24240264492415306,0.25201998515813423,0.2287173820947303,0.27144369962365367,0.30229726298873066,0.3076662303826717,0.2722046782992209,0.2702447534771175,0.2750284687843832,0.23415823191071544,0.2692955996458613,0.3297371824089699,0.2737228258628272,0.33404099355120204,0.262632674727696,0.28614824847278914,0.2950839829482049,0.26297037074712465,0.293636964702549,0.27600263315380935,0.2560159996927197,0.25015620921622517,0.2945538085494175,0.2799060061986024,0.2414364567322255,0.289902075966943,0.2673782469862776,0.20166417418826593,0.31251279417806355,0.3097116963323319,0.25973475156253306,0.2899785525345498,0.37550149734886923,0.20733589921609824,0.2545195386519643,0.23706157226741037,0.1986684718985842,0.2489687506920468,0.20881325926507216,0.20062066783998508,0.21869662752805724,0.23157656140122132,0.24729815274234432,0.20726478890516842,0.2703490791184295,0.2579415176694478,0.20655558238877694,0.20726311753584983,0.2674984942625838,0.2571008621373416,0.22173700523595405,0.25867177413964865,0.2939572444202094,0.2355301523966689,0.21043419472227515,0.2430182753310173,0.2604586872896888,0.3091661455118671,0.22314338905324452,0.2479223520309651,0.3095828678674388,0.2590737956282064,0.21389347275811385,0.2560050046254642,0.28639454545659676,0.28359667178651576,0.26218207415186623,0.2808517479587785,0.24579518288625773,0.22295317625486505,0.38493501360051596,0.20916049197090855,0.2792261827249346,0.19885853705836234,0.22715331201630531,0.23107233531964336,0.254659738525542,0.23827683220125415,0.3232081931819616,0.22832168188241225,0.26555192238696884,0.24916711438839753,0.28293570139947105,0.24986542264738315,0.3735381594749719,0.37904085885508937,0.25973013656763944,0.22792142027216306,0.25290795634522967,0.23411787708806994,0.2933600153178877,0.24100557002720213,0.2926538339264325,0.2613629621216015,0.2216675269709043,0.24261038124102358,0.23825672149725666,0.24417203878292834,0.31236710242694266,0.20416597314625826,0.3679282920191035,0.19792325350947532,0.3381593054515728,0.2822863767095679,0.2210458673345307,0.2457732682216919,0.2585307537167051,0.22559333779167726,0.26293823838638763,0.2887224433027633,0.19895135706693995,0.3007277064230882,0.24336070505913568,0.25462804378350373,0.3107884079843736,0.21749694973808767,0.25561196890986015,0.2588399030004728,0.2428889247277685,0.3230055004179099,0.2670428238658523,0.36211204174983647,0.2530556799580125,0.31908324326794857,0.22454928902036186,0.2839154686489724,0.2413055258776193,0.2847081344175427,0.26151631487382615,0.3912100290416834,0.2805700031591549,0.28978610418196804,0.33488126916709215,0.2123205974704451,0.2300770724713102,0.19333342143024182,0.24866684316673765,0.22639744027452993,0.315980156954577
