0,1,2,3,4,5,6,7,8,9,10,11,12,13,14,15,16,17,18,19,20,21,22,23,24,25,26,27,28,29,30,31,32,33,34,35,36,37,38,39,40,41,42,43,44,45,46,47,48,49,50,51,52,53,54,55,56,57,58,59,60,61,62,63,64,65,66,67,68,69,70,71,72,73,74,75,76,77,78,79,80,81,82,83,84,85,86,87,88,89,90,91,92,93,94,95,96,97,98,99,100,101,102,103,104,105,106,107,108,109,110,111,112,113,114,115,116,117,118,119,120,121,122,123,124,125,126,127,128,129,130,131,132,133,134,135,136,137,138,139,140,141,142,143,144,145,146,147,148,149,150,151,152,153,154,155,156,157,158,159,160,161,162,163
0.0,0.9350167966607955,0.933743821230405,0.8029515835030886,0.8699124334818378,0.9445362206174607,0.8693136453130668,0.9447749214973747,0.9072389605350989,0.9506413874892778,0.8689454556134035,0.9083645030297032,0.9784935036817506,0.7921118418760048,0.874620430522201,0.9496204892061165,0.9070178417746722,0.9553610181928612,0.9133548560524811,0.9623776115146246,0.9229683548035671,0.927167306607011,0.917670870168151,0.8839121747823403,0.9635076862543064,0.7632203751882806,0.9048410976111614,0.9080468334110204,0.8443286110108403,0.9390648224924134,0.8960569317992406,0.9551239739393774,0.8216576540801185,0.8378154587619911,0.9420480014364461,0.7622134828261276,0.9427448242409635,0.8524211127887728,0.8072141913872499,0.8782795800724873,0.7832593201631551,0.9267512708575276,0.8577507689051784,0.7992765579334647,0.9105104557625565,0.8968754502470913,0.8938850484089811,0.8078398106564183,0.9278174426495619,0.8400565339292331,0.8510211306565456,0.8792519082143633,0.723522656667588,0.8100252200648769,0.7068045046975351,0.8748502226465346,0.8992406809505061,0.9417556960478378,0.8417063337366281,0.8939733781250134,0.8872056402599809,0.672794330038054,0.756475875824194,0.6951225203371328,0.7710399480282858,0.7438164853955057,0.8515908076837039,0.8890239441365019,0.8311697199290417,0.9784683010524824,0.9207469295644257,0.7575404446603838,0.7419410884524514,0.9391764734395481,0.912837033062639,0.8558057926524314,0.8133958420969469,0.869941314158215,0.7808645153767891,0.7025187645462887,0.8081424555783997,0.9280186040137727,0.8980050638205203,0.824359367559862,0.7540327695399661,0.9455151044027575,0.9505069920765538,0.8655694513468097,0.9459899782884006,0.829737837542883,0.895122025580795,0.857768457327352,0.8045201745851044,0.7894534378884137,0.7685262085193746,0.8734733163091903,0.6370808586614126,0.8776487502603236,0.6563198268532293,0.9135459931134662,0.697136304263673,0.8545060565231649,0.6903685975577,0.88153372805016,0.7896636824801193,0.915579907567714,0.7734052484753241,0.9570081256910272,0.8663904980185801,0.9026898189199116,0.8439696247621179,0.7316124278420125,0.9004501718394193,0.8547694479938037,0.7730195637367362,0.9696552095366975,0.9223421074844862,0.9234877432682623,0.7483799722067539,0.8563182232046056,0.8295756048246019,0.8521083370265851,0.8626708583403417,0.8985911266156366,0.7777866247515887,0.8793674914674764,0.799054652889523,0.8651471869039238,0.8193383043271982,0.8225915572611148,0.9228676103113022,0.8880952812082056,0.811764847433652,0.8594513428829912,0.8872052977376417,0.6729842843378134,0.9268851298382532,0.8508874719510121,0.8722746490035652,0.9333454573307061,0.7372839878734286,0.8498228187895459,0.941345002410662,0.6775013659424726,0.8708075411917329,0.9058284045548333,0.8821708850182651,0.8536350334790269,0.9601355585943182,0.6735108619671115,0.9053277869123779,0.7852526058858702,0.8811831914500632,0.8648331437062006,0.9117390226287082,0.904346137658287,0.9285375598888572,0.9046942788169446,0.7292625910239691,0.7202978514163274,0.7718604496670454,0.9345399632212906,0.9129662930770139,0.945821410036972
0.9350167966607955,0.0,0.9300264253458732,0.7999174032464357,0.8457818002639637,0.9499692959640752,0.927466755751545,0.9783252220196994,0.9401989262404828,0.985975380588127,0.7830802522572478,0.9371860947355581,0.9512079690860178,0.7560876192535512,0.953141849280137,0.8646049877583805,0.7947488133463725,0.8716138400597246,0.8198412312624441,0.8717006301909268,0.8563442798697058,0.9444399342798805,0.8845192799871469,0.9208688097516246,0.9413304088784481,0.7474117538620237,0.9003386891903361,0.7966852342074016,0.8224732863961994,0.9195540136822135,0.9563342032486845,0.8743426030867265,0.8937718629707389,0.8032998674022043,0.8673063012894543,0.7225543410495554,0.9533012167166536,0.7568382189580715,0.8463531420823881,0.8816300456815035,0.7854231718176556,0.9259262653901085,0.7583350298258095,0.7654566145774984,0.934949118442437,0.8930172086455577,0.9240882308784227,0.7472852484861537,0.8718669117039801,0.7429050893751328,0.7914933559705126,0.8179273346453485,0.6734644614632899,0.8076048954720915,0.6573276385370678,0.9497112179688776,0.7874383078429698,0.8855472854901075,0.7668102985707079,0.8588619025474105,0.8641798536779578,0.6457839180975206,0.653822292701188,0.6204292888191016,0.6982341145792035,0.6689791983368562,0.9181312992575967,0.9458436227504947,0.7262714789355356,0.9340654078732545,0.9452541774969987,0.6878953580355784,0.6371959030139239,0.892758557215757,0.8129952949885535,0.8195748436415002,0.7839003193412496,0.9094019473454481,0.7303995780225284,0.6574760497141969,0.7575748747213763,0.9693017250110175,0.9693906733737253,0.7426261964099333,0.6373440483577365,0.9605768151915582,0.8951801057101061,0.7788677118737072,0.9300372197742924,0.9378513860696431,0.815989719618916,0.9385328443643974,0.7279385665665562,0.7118273206840695,0.705409630605652,0.9617699869928003,0.6257038939039753,0.8919546181680305,0.6069735780382041,0.9340291968539218,0.6941861635285407,0.7997046726959003,0.6337988754015705,0.9019301887772492,0.6876585967059657,0.9038233727059531,0.6991703338453681,0.9127969968189394,0.8887156937134698,0.9399832895009831,0.8059435971066633,0.6350014278729577,0.8401835480587361,0.7779435685792959,0.7016044108388011,0.9634848807289946,0.8253013770190186,0.8298406976242771,0.6598054731961693,0.8327884204350701,0.7668070927891768,0.8461093713161717,0.7654638762734651,0.9317173652724166,0.6987240242963796,0.9124888651548138,0.7548052000582859,0.9492386166424988,0.7538897646492674,0.8269084114975894,0.9404849450466801,0.8072265101683382,0.747826941099274,0.837745606661855,0.8597668183492754,0.6320847692287663,0.932005938827924,0.8624434666354541,0.8396550289367334,0.9258333992808699,0.7357110996431132,0.7736795290818911,0.9746551451206521,0.6229305132934706,0.8461204435210155,0.8929459753056268,0.9563663321327023,0.9072452868212211,0.9244781158057845,0.6005778376468126,0.8355004563601052,0.7188205266228165,0.7907564150806412,0.9541259509281804,0.9207094660202432,0.9625610621120937,0.9150601788801631,0.9602313732369319,0.7235833783177197,0.6378751610658077,0.7663032838288755,0.8374050407488203,0.9711893630203936,0.8821103366590757
0.933743821230405,0.9300264253458732,0.0,0.7946048784929364,0.9399910842173825,0.9240024718524975,0.8542222819317585,0.9249097246215526,0.8987570556491787,0.9285714438515648,0.8494261833333604,0.8819062610690924,0.94492215289819,0.7768589607397841,0.882781634698228,0.9261878130625181,0.8725337066905663,0.9115834378964229,0.8049272245654863,0.8786400382464301,0.9184814357533064,0.9762507999258142,0.8596273703311755,0.8854068062025703,0.8992660405577199,0.7931483147731088,0.8896472814153309,0.819019159008639,0.8363342226620987,0.9136678564286888,0.8468391976446842,0.8588531397832254,0.8418510763987144,0.7531820853247712,0.8694296699655284,0.7536164667222778,0.9094642576456472,0.8335201537657194,0.7871039500699221,0.880532511859901,0.8098249763593004,0.9351947643373247,0.8054180682689168,0.7824717224475349,0.87586198187823,0.8511303157280767,0.9117346427588772,0.793859190361557,0.8505385319923167,0.8111346444930772,0.807984672604206,0.8768069753091141,0.6857188456670102,0.807659860641249,0.6612294201096948,0.8773253134482731,0.8186223740468153,0.9381458501985325,0.778682443749187,0.8361578431846093,0.828103534287577,0.6556107432602304,0.7379015342758853,0.6784824587663448,0.712666035797744,0.6722321710189081,0.8362563506163063,0.9193421039927513,0.8211658946069806,0.9443114677146506,0.939946205848908,0.695046593398442,0.6994267929263605,0.9172793433887136,0.8731099643728335,0.7378529826386143,0.7823050869912098,0.9058710170494997,0.7348035035345135,0.6579236579014532,0.7963724032859876,0.9268698700975023,0.9144644127378473,0.7891698745162069,0.6908044547286895,0.9464734726859537,0.8703305164876035,0.7677703062911257,0.8528950234572049,0.841320353702175,0.9077808378693167,0.8266398170986293,0.764497856395484,0.688526076002267,0.7626390802137941,0.88365554245072,0.6081721313362569,0.8470871450689073,0.6343781273419014,0.8557307605551601,0.640204457656884,0.7769749346190532,0.6392822199887525,0.8608050906594569,0.727879026885599,0.9077339067987322,0.7196857363925945,0.9243387162296667,0.8595414135411519,0.8895927108298585,0.7845044071599374,0.7059056878973818,0.8398217161085171,0.8141528274606286,0.7248701456547072,0.9698574047909192,0.8035921256760074,0.8372557195270249,0.739976421662802,0.8508112430276807,0.8548983766709469,0.8499379165683948,0.7970549408675018,0.8718300390852972,0.7135709592256668,0.8495397597404852,0.7871730889030225,0.8787171126465031,0.7816410411083881,0.8379018757413653,0.9133438318325818,0.9145524643264356,0.7306651393265413,0.8507985589147391,0.8488035361062849,0.6586398740118284,0.8876559621384552,0.8526343576955773,0.8581260891379902,0.8722231657835263,0.7065285969656024,0.8151755868798941,0.9062808660326869,0.6862401523445982,0.8542750739775263,0.8726197348650319,0.9263346306910091,0.8492602807682729,0.9168534391250907,0.6603349663976377,0.7925291314210631,0.7086588416804168,0.8517752707300422,0.9088563930046092,0.8909730135886401,0.8815712391384317,0.8754787274358711,0.9133479358997372,0.6976047464376793,0.6477418409058285,0.7652641051716521,0.818727301401657,0.9039372400713614,0.9350669518480618
0.8029515835030886,0.7999174032464357,0.7946048784929364,0.0,0.792478445989365,0.7622388609059584,0.8390841578053448,0.7683720490619104,0.7025848331754225,0.7949234301346391,0.8715091448872516,0.7653250485003859,0.8345008551975114,0.8176004878345018,0.8188007807164756,0.8086941811446875,0.8217022006371143,0.831224082718986,0.8001123697627315,0.764754444982891,0.8129015506235455,0.8132398844590134,0.8293371524412863,0.8065289888527287,0.7818468244227297,0.7951847210605056,0.843299885161692,0.8401768461251481,0.917098237137091,0.733372708205058,0.738669927665879,0.786768945833743,0.906519890778182,0.7503468949948812,0.8581816593507837,0.8310174693059301,0.8003976261032315,0.7930849589310157,0.8223874629357333,0.9047220833500594,0.8673030925578953,0.7283601078298088,0.7513006350624745,0.8384684188415978,0.788488890029994,0.7734123685443223,0.7029983947365874,0.8036286382279451,0.8590205718925183,0.7843514548008435,0.8666138277498865,0.8021574191454008,0.7202775147996013,0.9427030977321897,0.8552805422175335,0.6849541717561773,0.8091095592775751,0.7976037857777368,0.8596213787988006,0.8435579438703333,0.8750787705202182,0.6322045302205435,0.7286110016086087,0.6870848460221382,0.7039895355420166,0.6835291519111355,0.8318187467762664,0.7311745059688858,0.7614704504978774,0.8131865141226515,0.7682543612148606,0.7829901472436595,0.7259200277721768,0.8931139917854566,0.7915677983344155,0.7312602218967311,0.8473371178086506,0.820334338212117,0.7199568601890489,0.6733466873945664,0.7018654149848833,0.7775980745811222,0.730571723246047,0.7796446348718401,0.7292534814968991,0.7725507893771388,0.7666127424957027,0.8110276418815947,0.780140454325035,0.6846515948972695,0.8390194424537216,0.732512423733948,0.8432322297510123,0.7503774318483045,0.8372484603237057,0.7484243963819832,0.6072526462504482,0.7157994286436942,0.6471032392865077,0.8343498640671554,0.7848433953995778,0.7773685675020535,0.7492423790928338,0.7615085176008912,0.7499910720243566,0.7494199355559603,0.7387008712621885,0.7763751433240429,0.8205849047171199,0.7515445297020833,0.8417413516418428,0.7445905896138849,0.826509643683104,0.7741864777755544,0.7881081614576364,0.8215689765883663,0.7642046294009592,0.8011067223375881,0.8021864982848372,0.7834087766676774,0.8125889432372813,0.8674557456003161,0.7298023543139833,0.8018339071423126,0.7134179174190746,0.8491699989574663,0.7483521096095017,0.7498964217079528,0.8182454645814347,0.8231418240683117,0.7042372963166794,0.7291244311040028,0.8088571946695481,0.817230453278452,0.807489276541976,0.6554169959729083,0.72526407368601,0.8896507176435466,0.8370849419156077,0.7920188890751454,0.8482913683447519,0.7489623821914239,0.8272488663241938,0.7052235426828298,0.8317881591551218,0.7399883357686372,0.7142299278885897,0.7676544699904673,0.7520478760665228,0.6282301736682924,0.8286955061991015,0.783915126218778,0.8264332427770901,0.7305351381168778,0.7824969846175521,0.755186431199029,0.8455373642910406,0.7659216327078234,0.9284498885868067,0.7671010289510515,0.7564471962485951,0.7949950057860299,0.7263704763741351,0.8513814217686088
0.8699124334818378,0.8457818002639637,0.9399910842173825,0.792478445989365,0.0,0.8670520062037316,0.844134598572239,0.831560622392704,0.8265920599135747,0.8524080571777903,0.8855368902542838,0.8506985563102717,0.8771969063968306,0.7483132721297315,0.8173286157066789,0.9248917951036342,0.8722923678934025,0.8548127545279476,0.7956766758949169,0.8028410193192189,0.8987158759022229,0.9234980650159581,0.8404038990559903,0.8322483738963473,0.8381291630052216,0.7804166931458305,0.8586259199979023,0.8047583423601268,0.840512120035713,0.9016540363975676,0.7772255699623213,0.8452112723676813,0.7886468344911812,0.7260522059863485,0.8161221453799418,0.7443949357604855,0.8580484532518518,0.8117215087922264,0.8020515940716468,0.842100310604765,0.7680697354756975,0.8903125229425923,0.7863083455265373,0.7934611845280711,0.7900659729694003,0.7776541060151352,0.8400245039904773,0.8056920568515386,0.8430617830860306,0.7957516813445331,0.8278350787799107,0.8325478487501657,0.6624597890651686,0.8007854853356833,0.7026892457012213,0.7963022289360632,0.8058749727299725,0.9474931476723054,0.7394314579550897,0.8020430446367427,0.7682084181805696,0.6490521894701583,0.7317193046814291,0.6663865029883579,0.6695477347621015,0.6251523397262655,0.7667251305875387,0.846569309002108,0.7972846947003058,0.8826942132127511,0.8575081962524498,0.6689485013144333,0.6961438187004015,0.89213183716354,0.8370437529901013,0.689655483161534,0.828768154673747,0.9255873119651676,0.6744038667744076,0.6892479343313294,0.7417409668892343,0.8494220134201919,0.8552720774682019,0.7295870929204695,0.7010031834178554,0.8451566784593545,0.8165923791026116,0.7545468192171231,0.7829098631620377,0.7630989435570217,0.9422813210861696,0.7660597293980388,0.8085524611711373,0.6698507367322384,0.7652755764248984,0.8144584704154478,0.5547678639537355,0.7630152419233027,0.6466538191568887,0.7779602681814427,0.631905458475635,0.7742696224848813,0.6352026325022614,0.7788362932042684,0.7042413808171235,0.8341833273046804,0.6985994876026198,0.8552944274725405,0.7961547232558979,0.8239165359611168,0.806797782293188,0.7262680478663998,0.7867106100034614,0.8227233339542218,0.690710905187736,0.9081435974462677,0.7498756119620101,0.8524579610330575,0.7450814935611422,0.8177838104723983,0.8886012778031026,0.8153909606434983,0.749187826096535,0.8413632847614808,0.6868493957755446,0.8107822268414561,0.7755359840082082,0.8309072927216679,0.7456606705059922,0.7616280530928922,0.8385638362777176,0.9038986082821697,0.7227574954097301,0.8328123470101315,0.7739894198706657,0.6260006237040007,0.8124695762856645,0.8039879534421134,0.7910061011777251,0.8410731821827915,0.6543708593328386,0.8308143910413752,0.8515218919864822,0.703541774968532,0.8377223270292561,0.8112650325201719,0.8592370529219174,0.7963354069366253,0.8319309326533145,0.6744874485225035,0.7574662438060059,0.6968107195627062,0.8628915422475293,0.8315712463374307,0.8316639624203475,0.7942721014162055,0.8414967771370649,0.8597125418434372,0.6848066117795669,0.7028861357559886,0.6824683497797001,0.7794166346072177,0.8128059328535854,0.9365121915968369
0.9445362206174607,0.9499692959640752,0.9240024718524975,0.7622388609059584,0.8670520062037316,0.0,0.8743480874842923,0.9359798108025393,0.9251779607973956,0.9375573548333463,0.7944168297899564,0.921820508407748,0.9280591417266119,0.7328311998376863,0.8859274766293146,0.8833824634379361,0.8121021993518043,0.8523293683250432,0.8480889285536564,0.8699382043187261,0.8874570563735115,0.9185135485698133,0.8324272226048971,0.8689711142477445,0.9288291640993513,0.7311154793467384,0.8265377171164274,0.7871550243630554,0.8026663137344487,0.926343297710443,0.9260893128210514,0.9093823341088062,0.8358644708502305,0.7844714259187966,0.863383623286081,0.7195513827695451,0.9352377213893657,0.7665818525454724,0.823399870655499,0.8130862706330126,0.7577907482182233,0.932825150741172,0.786963647176527,0.8093741836429285,0.8746720007728246,0.853692113373029,0.9240392726291295,0.7878558809641092,0.8420727175284871,0.7622654876576709,0.8135082024108796,0.8564096520869672,0.6875362772150406,0.7998908048160298,0.6602049764708566,0.9309737166325769,0.8081749945780564,0.9194595513491406,0.736561022941687,0.8256168861647436,0.8505557599391307,0.6869431844640069,0.7095494233028251,0.6207993591476655,0.7306159576219303,0.6902017977148805,0.8401181370753557,0.9363367558185851,0.7271374156187028,0.9242576625642444,0.9563990897605394,0.6741035823337319,0.670721961103332,0.8742125531004861,0.83681680446711,0.8235382843261768,0.771633312363432,0.8874596763897254,0.7203273320568936,0.7203047673324022,0.8306530353626957,0.9627182547294911,0.9435962870158173,0.7530242156477528,0.6755605237798524,0.9236045526373294,0.933400285581727,0.7803912679785154,0.9002886166128805,0.8819109894456781,0.839210490829254,0.9161155252923299,0.7428748985211726,0.7318011450392463,0.7137915662837088,0.9341215970249996,0.6570699342130362,0.8828311010306411,0.6390383616847725,0.8796142751298891,0.6711636022980169,0.8043072818174446,0.6464700417563112,0.8765063738793323,0.7192450036703801,0.8859501931992222,0.7139154139904348,0.8927790367652759,0.833570376661751,0.9180146397537751,0.8231096765078904,0.6562782595930126,0.8853655344290356,0.7767944913341392,0.7034802300914308,0.9335033682519177,0.8518224623528703,0.8311706440812371,0.6983063688841114,0.8319748613905282,0.7777741180292236,0.8491985784548999,0.8001640278063479,0.9195070469542235,0.7523488581958189,0.8838548194873149,0.7816695274526613,0.8985968174618163,0.7564081514226961,0.770504113846187,0.927813292960755,0.8754658377463593,0.7395775081425329,0.864368253011925,0.8460763704624799,0.6637111789364589,0.9153729805067748,0.799249766769234,0.77136410452397,0.9024006170909804,0.7179238275042055,0.8218776853535714,0.9375588926795457,0.6508779158273077,0.848272630366714,0.878756248702277,0.942877753695807,0.8737843830907701,0.9141110414360033,0.629183784101683,0.8429892206492999,0.7463851180985533,0.7836804572021209,0.8825161523430229,0.9074657872120998,0.9144728530395595,0.8730521087898465,0.938322157108718,0.6854547776820368,0.6665458589795292,0.7420571641041758,0.8849216086271889,0.9479030541895372,0.8944993363652222
0.8693136453130668,0.927466755751545,0.8542222819317585,0.8390841578053448,0.844134598572239,0.8743480874842923,0.0,0.8953296410820957,0.8413617063136632,0.9372497119482229,0.7862257048918504,0.9346375056614643,0.8969537832479632,0.6984932048471881,0.9583859091461657,0.8309839906025701,0.7591616527896369,0.8150070360407117,0.82577817634839,0.7970054639709858,0.8370804538038553,0.8791797309446564,0.9075955055506019,0.9370490042566956,0.9107648467675794,0.7651513519404037,0.869909578433688,0.777491529828418,0.8192516880899333,0.8774210912169778,0.9220070592506147,0.855854344749395,0.8900304080613377,0.8275175039460207,0.8053374074501144,0.6914733123687125,0.9431355507723894,0.6891038771038368,0.9207263894891808,0.8956426274542827,0.7630053875330564,0.8531289220383517,0.759075710361467,0.8002896258964644,0.8942346418227957,0.8704887490322879,0.8580139475477214,0.7724650490536095,0.9126977348977424,0.6985239735713904,0.8323428242581324,0.7704106624186304,0.6316557574054189,0.836370780720135,0.7150962286270298,0.8685001544139015,0.7713298555472481,0.8445637381601798,0.7613324204404889,0.8315359498393688,0.8326896303575049,0.5980741917956962,0.6183029631871478,0.572050737018996,0.6685966993136706,0.6498420791043732,0.9197426845160057,0.9026999642814607,0.6677863328162739,0.8662638214096331,0.8786154464345802,0.661158965305934,0.5961633518253758,0.8916765157226083,0.7302995928626289,0.815291385373289,0.8676768771877663,0.9463642559828845,0.7015623162713425,0.6880537075053244,0.6956580814586308,0.9004392119782585,0.9230173376376566,0.6675524808802975,0.6218039262336073,0.8600670284200104,0.8424192698009636,0.7777786257994624,0.8877159438348827,0.8820767894037622,0.7902919716841722,0.9000383505375903,0.7450198214534409,0.7163336952698578,0.6750553912706068,0.9210087958874131,0.5638692446019801,0.8239559758605899,0.5603317089663636,0.9063097635871674,0.7155254119569551,0.8579763840921693,0.6665584340229145,0.8588545625022624,0.6319468415284933,0.8504561979270482,0.6954579921473569,0.8454717228173741,0.8794153650091647,0.92209295860943,0.8851719081641337,0.6206348509747834,0.7887600180396671,0.7286093512131862,0.6737159091158841,0.8958844471622763,0.7812256371416783,0.8620284536655085,0.6490902153550049,0.7419396990792609,0.7502747612465497,0.7964035087898836,0.7122462428560721,0.9567550080608677,0.6330146440734131,0.9352434414401057,0.6906718508822984,0.9324856100422513,0.7220435320667438,0.7838991608841845,0.8338270509837087,0.7296409960249686,0.7375768782837601,0.7617425384847045,0.8318059470450592,0.6016041771411771,0.8808444815941785,0.8622485618563327,0.8113228391564438,0.9326485562602592,0.7233941714370673,0.7198627466292085,0.9337676829352283,0.5778334023351979,0.8517618583690236,0.8587885062964948,0.8814826025303284,0.8975418065482466,0.8479544471743811,0.546268493044031,0.8451460851163426,0.7002307339753053,0.7645607886485679,0.9099543168470873,0.9018141088176762,0.9275888010757846,0.9272813007670437,0.9429897377740369,0.7518999994248321,0.686003098050469,0.7215502685473714,0.7805769879023418,0.8872426517537795,0.8585493676967143
0.9447749214973747,0.9783252220196994,0.9249097246215526,0.7683720490619104,0.831560622392704,0.9359798108025393,0.8953296410820957,0.0,0.9509235030949069,0.9812990528857639,0.7687634989144169,0.9525928374232082,0.9407239926164045,0.7254646741001016,0.9236432676298366,0.8715530977484872,0.8027275289621376,0.8776674211750017,0.839428800482689,0.9044636743597634,0.8659917690799739,0.9205032809269791,0.9064477460480082,0.9128498233736705,0.9659160415638298,0.7489755953628432,0.8990058718807721,0.8112221791231765,0.7767104774053514,0.9336355123113041,0.9621924017277665,0.8736346889882184,0.8467290501548861,0.835772029237205,0.8719303799763103,0.7179394448244026,0.9455971123325103,0.764563707465839,0.8121879164138456,0.8582296276441518,0.7678160185901044,0.9382563914764455,0.7832824870545441,0.742847501688989,0.9550677497024318,0.903494745135606,0.9380022306859962,0.731078582975436,0.8729953035327584,0.7466220399942463,0.7688452461912478,0.8257391107701645,0.6467075274864137,0.7645939127665564,0.6324742130519088,0.9541179855115156,0.7931430446695112,0.9006760205049079,0.7522201730205083,0.8477007562311719,0.8279416155837152,0.6272751536508361,0.6562189567881475,0.6331724651198,0.6871762164235982,0.6721724816413636,0.8818229180865599,0.9239309547791937,0.7406874515253835,0.9482636222372142,0.9242223034397324,0.6782278709346296,0.6411097657676528,0.876903106494434,0.8165380455237411,0.8104869947723605,0.7528525983657629,0.8778312167542432,0.7605292076250303,0.6269907183770511,0.7391612173165688,0.9631914302238421,0.9544434949737582,0.7454783130823059,0.6547031867733009,0.9821489450827775,0.9127337256197599,0.7736653438112722,0.9421200455864884,0.9345833710735522,0.815565015230854,0.935066670946635,0.7053534632603817,0.6988219414077692,0.6761621782551419,0.9474035727883154,0.6090196436878249,0.9346582636253072,0.6015958042652219,0.9274597547563733,0.6547007570109644,0.8100082893488004,0.6593690989827923,0.9371947211664113,0.6949040973168138,0.9291130824907664,0.7064501246322775,0.95140980239708,0.8727525527955252,0.9383814985989117,0.7983974321059555,0.652245433101576,0.8150136914766296,0.7819024448200698,0.7009647845617006,0.9662323588410222,0.8464880479154533,0.8385705779599637,0.6599832601923129,0.8272205719605281,0.7486408980772323,0.8417960454424863,0.7935398325864718,0.9028631328758344,0.6774813983946291,0.8830783244991371,0.7415612730787782,0.9383045601742952,0.7661753088717346,0.803003920095987,0.9603233518819325,0.8059772015144335,0.724915711995422,0.8138921177578012,0.8605334991008543,0.6032412772104784,0.955176705984094,0.8446311298985826,0.8606295117962383,0.9354911366879257,0.6998999696882875,0.7586923923142441,0.951168244236007,0.6130655232194536,0.8326180583929343,0.9378762036489887,0.9546294099641406,0.8679890014484356,0.9649566170553895,0.6122888856988965,0.8504929215405328,0.6924714953352628,0.7945563200274987,0.9518282444345032,0.946752832279862,0.9564802950676816,0.8895285315162041,0.9542067812363335,0.6800554333375275,0.6183010734423272,0.7439820318706826,0.8359791466730009,0.9824089766346934,0.8730911296506411
0.9072389605350989,0.9401989262404828,0.8987570556491787,0.7025848331754225,0.8265920599135747,0.9251779607973956,0.8413617063136632,0.9509235030949069,0.0,0.9451002346712446,0.7446783121573733,0.8997432844049519,0.8804616177532196,0.7115101283800584,0.8479695046790584,0.8252000910903194,0.7565019424035814,0.8340271892997019,0.778916722328212,0.836584749105346,0.7906204877071598,0.9234964650019598,0.8307387845715322,0.8155358990231983,0.9096585346193654,0.6490043746418988,0.873247113600886,0.7613267479252308,0.7294383900700773,0.9526182729200258,0.9088978354293256,0.8335617905463192,0.7640543249522312,0.734427067651319,0.8160999577249219,0.6519553889562814,0.8827230770192719,0.7306142469444306,0.7387875704492682,0.7629191992412133,0.6678793716369325,0.9768105912441307,0.6924659437316449,0.664531474965669,0.8480911056756343,0.7898765253513497,0.8830562827350806,0.6612273787260355,0.7980862265607398,0.6926604359929368,0.6998933644080647,0.7394870053768989,0.6267449968385739,0.6892110429912647,0.5774101402949483,0.9571580560704254,0.7254642605348447,0.8894769470646955,0.6915048928986837,0.7666532460184008,0.7646800648276559,0.6086884895971594,0.61353865784668,0.6046523546695721,0.6406239746414825,0.5952679243306693,0.8083070798919209,0.8960187434729432,0.7281235856458063,0.9327795244227339,0.8702016399262953,0.616067297068966,0.6384400863798777,0.8039506971022715,0.8070318520692705,0.7381020193581616,0.7007930555142619,0.8257616679618024,0.6452267788436775,0.5895272346284139,0.6940104271491815,0.950359829591569,0.9428832150457016,0.681685333182873,0.6055580429995359,0.9178411969906862,0.8890698798826078,0.730654231129188,0.8628806093166201,0.9161502343563931,0.8016047311786627,0.9077207578455737,0.6650853211645622,0.6327249826669346,0.6677294901718059,0.9152225750118363,0.5778913214156749,0.8609263395382447,0.6075405920291044,0.8231317486561799,0.5993306481782483,0.7276588820386228,0.5811633447473216,0.8536361480927424,0.658757352963541,0.8294501212165162,0.6178036632077485,0.8978611906726374,0.7613921600704908,0.8704461841302006,0.7229293408437533,0.6048319368699038,0.7799740281756172,0.8070777265477647,0.6163755255782313,0.9153764079905901,0.7714603852388738,0.7932611133180569,0.6056967537350648,0.8442920537370509,0.7030035307628769,0.785675435560323,0.7237806942718059,0.8305707029339163,0.6906811249366376,0.7849541224761044,0.7308306285320664,0.8747302904080606,0.6712978922149757,0.7119398673657139,0.9931194863533941,0.8089496792999559,0.6907729062556595,0.8295507735963865,0.7657859791442225,0.5640268903520704,0.8765755217024387,0.7350928348518602,0.7599360477385186,0.8605531941425282,0.6394815470077838,0.7632019206410823,0.924227259288421,0.6370430287951817,0.7461311163463321,0.8670082098716181,0.9517212884273805,0.8010530915787111,0.9001459726071442,0.6102924813404803,0.7631154258862427,0.6646338626491199,0.7763699540120593,0.904510140694678,0.8578041645456838,0.8973796598054417,0.8354016314625701,0.8955864331510729,0.6274559576661933,0.5906496525360835,0.6639499222166357,0.8023851388031529,0.9470597381174142,0.8515584110026444
0.9506413874892778,0.985975380588127,0.9285714438515648,0.7949234301346391,0.8524080571777903,0.9375573548333463,0.9372497119482229,0.9812990528857639,0.9451002346712446,0.0,0.7921680205763114,0.9461851203757403,0.9545039003469077,0.7409792867107537,0.9506171081650688,0.8746561117329464,0.8044881594861522,0.8933043975965441,0.8398135909468916,0.8844964171210283,0.8604373012931013,0.9416600806635865,0.9157675695876069,0.9228629394053194,0.9669508455580904,0.7436746387206512,0.9150792372238556,0.8173270834899801,0.8108784740019442,0.9406942856089233,0.9566873327625002,0.8856422105031675,0.8686323084879151,0.8176427686741863,0.869213153193806,0.7037999472304026,0.9621344716752774,0.7562065640421146,0.8283203587058987,0.8814661396404279,0.7648956722822979,0.9385558785818323,0.7798203997743036,0.7564884027725917,0.9364231628211307,0.8984023427950553,0.9248630525272977,0.7458581212001337,0.898527339134542,0.7403500673562639,0.7928582820204482,0.8105338232147689,0.6609895784511455,0.7859422598618677,0.6541018938276054,0.9443690887408105,0.7959294828222039,0.896540272024023,0.7794497833748741,0.8488810458341625,0.8458455967580804,0.6210846803534325,0.6535167839706263,0.6170601255322914,0.697218442474933,0.6691033200137022,0.9029086484818346,0.9459648138290307,0.7441425174911475,0.9555525158045552,0.9301669712224618,0.6830525937665922,0.6392358401302461,0.8976449984397619,0.8142088634142743,0.8276119122989104,0.7872229957446866,0.9054437518324896,0.7341204114793491,0.647793003695817,0.7445972318684358,0.9621417063617246,0.9684495283977432,0.7337270337084578,0.6426712825793426,0.9569177842812906,0.905885452542184,0.7960920609065569,0.941130391247712,0.9256720514372153,0.8269591687627145,0.9283612158650641,0.7288926231083751,0.7097436900538825,0.6960508768453132,0.9554461688804036,0.5937708429855952,0.8958624335618595,0.5910943116502018,0.9273466087997163,0.6741263435986751,0.8182572007302423,0.6494312220693386,0.9207079338132255,0.6841052335611723,0.9068982731251839,0.6969532477645141,0.9341431752202171,0.8831111812744128,0.9412561249772736,0.8143544221565199,0.63835612742119,0.8281792301705923,0.7876341606766332,0.6963057955659365,0.964511954102561,0.8397441783026229,0.8641638372581573,0.6599718519241463,0.8206832376283839,0.7573857786339764,0.8339880285421167,0.7678437401194033,0.9294804364175832,0.6857015053755134,0.9045913770653603,0.7313746261019206,0.9339824776054373,0.7478543521551037,0.8159295126752165,0.9474135180658084,0.7998823287894398,0.7430609638096042,0.8100217102763924,0.8522240612365237,0.6179947354298375,0.942116226111405,0.8552615299793098,0.8542999542822978,0.9420770402219799,0.728027199366919,0.7617754270199415,0.9666132699971357,0.6118697624101774,0.8380398455237845,0.9149751015246179,0.9448460785667963,0.8974128189394723,0.9434528549838055,0.5915933196498242,0.8480665844685205,0.7191368246798975,0.8009990438339238,0.9529406669940665,0.9337333515665052,0.964677708573843,0.9241585036255707,0.9611104589481284,0.7152618443554899,0.644102061501714,0.7611999390799011,0.8414526503885237,0.9682578426372431,0.8908704657553533
0.8689454556134035,0.7830802522572478,0.8494261833333604,0.8715091448872516,0.8855368902542838,0.7944168297899564,0.7862257048918504,0.7687634989144169,0.7446783121573733,0.7921680205763114,0.0,0.7694347428704934,0.8774952380970158,0.8537396835384264,0.747653128212952,0.9308516385563529,0.9432506239355517,0.8954166010630116,0.8398847314959131,0.8411735893561373,0.8699724060255876,0.8598474611351481,0.8459234856734043,0.7807754037014808,0.806539271267663,0.7768514150884439,0.8751947229859784,0.9277042494123179,0.9193240313041705,0.8149019621763467,0.7119457316499364,0.8629695737919503,0.7647054031183249,0.7438624994966192,0.8975541807907621,0.8094597601395096,0.8199780842927675,0.9015367410808015,0.7847333593865028,0.8644236717761383,0.7722116578396618,0.7999403193828756,0.7961421262561739,0.8113632902943674,0.7618705772681973,0.7472613912371479,0.7126074345941036,0.8561554028192279,0.8880392671938362,0.8562764970482196,0.8631298731424225,0.8148649023534773,0.723688509011224,0.8499945205275763,0.832505677201746,0.6914939125547739,0.886875583656473,0.8901870954179398,0.8558729710328691,0.8443420809410982,0.8565870651855844,0.6509652413905981,0.7917619086080893,0.7653541007066803,0.7108693950209248,0.6846291392046936,0.7744474960201078,0.7355851647895353,0.8765536946643393,0.8732302120348524,0.7749838821165655,0.7954517022523772,0.8431221936399466,0.9179794028422317,0.9015301585543758,0.717422364522801,0.8825054498158229,0.8287081503055616,0.6958370860038755,0.7242370375742394,0.725128064447172,0.7672877546581559,0.7386367298366676,0.8240929401938379,0.8154686743565716,0.7867903019527634,0.8361088155418275,0.8353083870343274,0.77388102289482,0.6673848875376012,0.9431118981633334,0.6852094486679582,0.8986099395245107,0.7645708846399439,0.8888430364291608,0.7173291109055937,0.5828363275584332,0.7021665178726654,0.7110660341764924,0.7757990865746535,0.7397638133523629,0.7991982648446183,0.6799180677427861,0.7133145802640054,0.8049131722399654,0.7673425993138031,0.7469891162359802,0.8309705538562461,0.7620713115017793,0.7565455832650145,0.8325234806773979,0.8289223323963861,0.8613619644463357,0.9083878181483798,0.7738091156038261,0.8592182476630515,0.79098381669287,0.8987294227516641,0.8402973476217995,0.8369853286762973,0.923160953774317,0.8089428245747872,0.8075210848566543,0.7793831605374543,0.8095659479950438,0.7871682079737506,0.7953976123095631,0.7335451634042404,0.8135909697753836,0.7767265935740117,0.7552168575035688,0.8673754824911086,0.8861279075647795,0.876531708148734,0.8185148571597066,0.664813019847507,0.7459879276301876,0.819441298264693,0.8342167358199076,0.7979997697125221,0.7189815809362088,0.8844926536294424,0.8131442447817394,0.7787215205286568,0.8594872540416028,0.7510661257002949,0.725639617469079,0.7269343040717898,0.7909719106529746,0.7444005325549924,0.8323666319964304,0.7766775039730175,0.9492271794642075,0.7134321562403486,0.7646812755724521,0.7416039253295637,0.8784736816361627,0.7571792551002466,0.8110686261885681,0.8350944888164187,0.6893750420094459,0.8577611022802432,0.7179883762412771,0.9591178218914376
0.9083645030297032,0.9371860947355581,0.8819062610690924,0.7653250485003859,0.8506985563102717,0.921820508407748,0.9346375056614643,0.9525928374232082,0.8997432844049519,0.9461851203757403,0.7694347428704934,0.0,0.8999629189036598,0.6627902883117013,0.9089189204512916,0.8670202164620858,0.7836344555470753,0.8156547346433775,0.8688961600440682,0.8649318627618164,0.8840601660858945,0.873778143807123,0.9257919039250151,0.9369720196881896,0.9691253220655621,0.7694683565803749,0.8566687628210876,0.7924119176755252,0.7570787416130815,0.9338747689756757,0.9640409211458877,0.8769562238253348,0.8185871988187616,0.8886929476389209,0.8306831247661715,0.6968688194746488,0.9546637945115495,0.7136386140688793,0.8759594124509076,0.8422942570835894,0.7427985368609082,0.9183103412233491,0.7907685550006475,0.786140096707846,0.934805689395823,0.8847314191344199,0.9215206977625724,0.7651114519896485,0.8962265671587648,0.7110014658009758,0.7873437879472172,0.815577052503834,0.5979874947856014,0.7706974560364799,0.6544854926734001,0.932507127716021,0.7857939464782171,0.9063804897566282,0.708639393140154,0.8187410701847753,0.7885159985789,0.5966440250065292,0.6315733886322504,0.5972301245786004,0.6515812860187208,0.6509046509287851,0.8639400531369196,0.900909403302864,0.6793513270007591,0.8974457039121334,0.8892369964844093,0.6395535577760155,0.6121121143783194,0.86406827488289,0.756607109964647,0.8025174465910585,0.7932960640141433,0.9181879213733928,0.7439503893950213,0.6665283855576446,0.7075869024907521,0.9300701879566909,0.9434242391934817,0.6858652281832225,0.6564434066965239,0.927150335710235,0.9050265771793108,0.7434384426116637,0.9124726899177226,0.9235623986517342,0.8022782018597284,0.9371825169001813,0.7037889333585122,0.6974059841489937,0.6359862309810652,0.9424872204530789,0.5654299488575099,0.929553442284233,0.5798140309102275,0.9004859750303076,0.6510906322034927,0.8502665249143239,0.6876677482338686,0.924229358419817,0.6501606764497886,0.9132637018320893,0.7050335594626251,0.9260733408705931,0.848354820248869,0.9620528154397147,0.8798362318763945,0.6521013446087071,0.7846227846170645,0.7451299375972608,0.6696386740910049,0.9320395364980582,0.8276352654482199,0.8627684328314743,0.660630107990555,0.7685065543006974,0.7431338215585662,0.7954917859517269,0.7911976277220506,0.9306674460926863,0.6392415845492123,0.8978424676094086,0.7024746837822169,0.9522334347454329,0.7558360468371478,0.7377777333399433,0.90723442550071,0.7753388726692372,0.7046583388984227,0.7838930684260521,0.8571440848140564,0.5706589893850003,0.9515853504892811,0.8238419125299847,0.8232145552599808,0.9527978431053976,0.6537094539382542,0.7397790884067601,0.9239497529787949,0.5789240517519195,0.85946570520619,0.9467253961013689,0.9384063773007607,0.8466409849110846,0.9348579728695523,0.5915542542815184,0.8740503519504491,0.6612428301572868,0.7738236928070752,0.9279316804799037,0.9702711051970065,0.939126786586365,0.8880038311779045,0.9723767059893998,0.6602861569934395,0.6413299405840399,0.6812810467799536,0.8125846086809034,0.9480627912991324,0.8723691995819793
