0,1,2,3,4,5,6,7,8,9,10,11,12,13,14,15,16,17,18,19,20,21,22,23,24,25,26,27,28,29,30,31,32,33,34,35,36,37,38,39,40,41,42,43,44,45,46,47,48,49,50,51,52,53,54,55,56,57,58,59,60,61,62,63,64,65,66,67,68,69,70,71,72,73,74,75,76,77,78,79,80,81,82,83,84,85,86,87,88,89,90,91,92,93,94,95,96,97,98,99,100,101,102,103,104,105,106,107,108,109,110,111,112,113,114,115,116,117,118,119,120,121,122,123,124,125,126,127,128,129,130,131,132,133,134,135,136,137,138,139,140,141,142,143,144,145,146,147,148,149,150,151,152,153,154,155,156,157,158,159,160,161,162,163
0.0,0.5267917078175377,0.45170010078811773,0.49467412552211,0.4517145451470803,0.5227856242298095,0.5186693356350413,0.5292580396613501,0.5837514807942074,0.44680077274397817,0.5262937024009585,0.48440869658724306,0.5781577008772096,0.5209130658669291,0.510097349736592,0.5313060127138716,0.5593085298241798,0.6418936998964239,0.5506709416388798,0.68835643359742,0.5797458661335703,0.5160199734773495,0.49705788913290355,0.506459597748801,0.5874814378056693,0.504651196742698,0.4305507452509298,0.5530169566445883,0.40189970184100654,0.5037947536355099,0.5985173888715339,0.5635420469616759,0.4785960856945245,0.5344321528577013,0.6348786735353015,0.49083462530754207,0.6393901121524141,0.5972585638980542,0.49113855323761835,0.4755282294368321,0.5002346932718199,0.5579213820981086,0.5710292258085943,0.5858993386458932,0.5622012203582958,0.5831746383381803,0.5203533922561454,0.5023738905636675,0.6125385823368039,0.568497610776355,0.5858167976178025,0.609123683380517,0.5099263132243893,0.5213601666499226,0.47861006954339164,0.5607198960515151,0.6629677211505117,0.509314781217933,0.5517365293118314,0.5420730023077261,0.5253561773796488,0.4761558763618802,0.5695936868479599,0.4871222094125171,0.5789690039076488,0.6114076242206694,0.5493080215794751,0.6115637015158413,0.5483113620489828,0.5966584234697133,0.6940312235668108,0.5708331681800335,0.5625812261823793,0.5753392499102654,0.5719370101203717,0.651854431061405,0.5099783649652136,0.4819088385510141,0.5699016680784521,0.494977624918227,0.5517070888993229,0.6110901800206505,0.5478599386776244,0.5542621988007923,0.5487338503036043,0.6379937276111673,0.5563504430566744,0.5675592585569775,0.5793997974704556,0.539197687207841,0.5610631632114556,0.5489843352940172,0.5124429299379019,0.6567507514398278,0.5653142172475629,0.5278914873102762,0.5198340580427916,0.555091850035047,0.48370003455442984,0.5643701629303125,0.5386417316648696,0.49043568201704957,0.5135585179498666,0.4798152886276537,0.5726492238510549,0.5634135094025712,0.5150919910219761,0.5404836959710828,0.5163677204729119,0.5453567857761431,0.5777708586612482,0.5408264247360736,0.5893327990506423,0.5096777348961943,0.564592004704387,0.5466488017166643,0.5898443684041186,0.4926162474151228,0.49753773448924105,0.5228702322022197,0.5483926955305665,0.4977867597667207,0.5863313318873955,0.6256568029141826,0.5574255178268162,0.48629086347851946,0.48906440842063625,0.4830966627976793,0.48221891766277225,0.5402217398490113,0.5280346463529639,0.535475734350586,0.5499539546027092,0.5779854325904931,0.5555805299541605,0.5572917905826817,0.5831096584951322,0.5076215095822109,0.4532042820237199,0.5620911882666071,0.5119520601350009,0.5318835050882852,0.589153403621469,0.491062796279013,0.5873376811802886,0.5900981744280276,0.5638272644081461,0.49367286442127956,0.5163289138262815,0.4090259314057512,0.6624841521466597,0.5354458799979896,0.5535215987123421,0.43436186480418065,0.5614960419934136,0.658852069167859,0.5212021811796701,0.5397719424681472,0.4814429374408629,0.5552521700217136,0.5046402920219109,0.6416034017434266,0.5022611993196273,0.6483379318761506
0.5267917078175377,0.0,0.5709781195062681,0.5275833103603951,0.4427401617604408,0.5277925232872458,0.574663871371549,0.5624872023425489,0.48850884005523304,0.6265252918876073,0.5599514164015602,0.553852506486086,0.5934714906792063,0.5469869185074586,0.5526739929943717,0.551009994828184,0.545564867881139,0.5419122728302038,0.5081098730557315,0.5317531079549449,0.5335666149706101,0.641651748105111,0.5139673500413008,0.543798408857838,0.5917593932874445,0.4632555142309436,0.5027508731248632,0.5297691211910689,0.5566112935473201,0.47485105995854604,0.5652145739348204,0.5396259847495463,0.5737139300886682,0.48490068724601804,0.5351892485070573,0.5287775081894376,0.5712095281730833,0.5443326262313691,0.5353503954030372,0.521032044106155,0.5564555985941896,0.5082476215180768,0.4766014877908787,0.5279485033171085,0.599444890894628,0.5289257450947545,0.49420394250161476,0.49156196177901373,0.5895861968521934,0.4997746339724691,0.5124024706549081,0.49473758720809613,0.479285750673813,0.6109516634502271,0.5508882732086121,0.5252146345417071,0.5057827020593028,0.5055074205093472,0.551540271100911,0.5450004510578645,0.5492415120959697,0.4327922448017008,0.46348510632914686,0.4890261491463274,0.4508145823426674,0.4657175413853862,0.5349922620225636,0.5370137107067123,0.5395686962496908,0.5466868038641441,0.5201639942338009,0.5112954988267007,0.4479453928681486,0.56961149096641,0.5617853349901173,0.5038690299721531,0.5119119270411207,0.5419176380335691,0.475061601350428,0.423406134750045,0.4950700747345511,0.48760231462955,0.598380166975666,0.5333143262707766,0.4455445210263138,0.6128930810617027,0.45967264504465954,0.48042135620786997,0.5397460351294843,0.5445145072394821,0.4887101618942149,0.5131086203318574,0.5472909097416344,0.4895916859969462,0.4936191193819361,0.6755238227928947,0.47291185697706445,0.5208356170691295,0.42527832238999164,0.5465453640865118,0.5434699754500159,0.4665495768287949,0.43683301628943955,0.5561912883256231,0.47278194189895667,0.5125976223726938,0.49274701975050544,0.5520201683014732,0.5605780391763849,0.5816127220265491,0.5341364062574326,0.44818491968030133,0.4848412358222549,0.4919169540145709,0.48742936714943114,0.5360053612305588,0.4936598806403408,0.5256775775081322,0.5118771063173246,0.4895122738792441,0.48323982572177515,0.4585478045530177,0.4532621872862287,0.5814242145344493,0.44224383174451737,0.654245298210708,0.44526068144446523,0.5612284680474102,0.5620177936372035,0.5563511523386049,0.5332763807779937,0.48740719020036866,0.47723804389644675,0.48205392481165354,0.5426224141292859,0.47309494454658035,0.5456894372501214,0.5203260508017041,0.5176649392189063,0.5236980314215308,0.5513850964459318,0.5262255068084473,0.5499221022920743,0.47733532684220875,0.5684603328438014,0.47391079884371323,0.5420394517330883,0.5718216495695225,0.5791833304815822,0.42481090832784707,0.4796522979240685,0.5331075052477569,0.5522779812839356,0.5590182676143503,0.5711429112709531,0.5690191110336897,0.5299700932017297,0.5676217513485322,0.49534289329359127,0.46738217283057354,0.542910091443864,0.4865101170586981,0.4598470912581798,0.5004953924688168
0.45170010078811773,0.5709781195062681,0.0,0.47652650862646334,0.4663614995577469,0.5235526381724083,0.5042052304707854,0.5210218456023384,0.4090153732580002,0.6136920198774438,0.5774712684372745,0.5683849068368989,0.5450146081080354,0.43742268015260344,0.4822804921192228,0.6258920442049847,0.5518261709651805,0.47088619277519517,0.4869259016821624,0.4571701323333328,0.5558514726788262,0.6132285178669858,0.46576401097665393,0.5140978223029419,0.5415562298553357,0.4651048523377726,0.4401592266386929,0.47653910549523315,0.5464003951416855,0.46907299872831787,0.4671305181325201,0.5260628234403172,0.49086941829392067,0.4458346007891303,0.4306615235018323,0.48015929535759344,0.5238448418506746,0.48290552429543604,0.5129113547345847,0.47268744600733886,0.5022498564002338,0.47688034508267024,0.4894709616369,0.5001115703676579,0.5161682224685131,0.4827169043745214,0.48346712566591316,0.5194739063185349,0.5165902452978541,0.462949771737067,0.4939834135123809,0.47752566366497534,0.4162290587487062,0.5815607408938601,0.5428831193841295,0.4465572273201303,0.4633356700590345,0.5447119134517829,0.4748595240263467,0.46731983319931125,0.5078960761372422,0.40264638358500365,0.4710509433223817,0.43132124640765424,0.4057374319874245,0.4335163684187167,0.454481856709765,0.5165329044895516,0.5202524761061361,0.5123907785124808,0.4735684724139594,0.42285680722407265,0.40497635449199665,0.5574475602452225,0.5219402990787292,0.42286997761650924,0.5368237550100999,0.5614888398970088,0.442556475406571,0.41027895894147326,0.4830367762760553,0.42986246029290665,0.5482992789678712,0.4813861184448426,0.4168373460314925,0.5071272560228376,0.43451034460494986,0.42831105814845055,0.46303394610831716,0.4422187526713346,0.4718917458723622,0.4281352896507336,0.5224304446069008,0.4267938681781479,0.43299465922300134,0.5779249155760773,0.4295406689751901,0.46232261536394836,0.3715163914552666,0.45992903219912057,0.43853831530634,0.495917296030884,0.40933396754963725,0.5281036608027044,0.4218094175972882,0.5076083125380264,0.5024309685310382,0.5119636440427439,0.506262911772101,0.556513683261094,0.5230080178208057,0.4138884631962417,0.43717510156045786,0.44692371624554544,0.43472123354757564,0.4815067303998216,0.43720014293318354,0.541555287534315,0.5476389183865514,0.41464305205191293,0.4470830381171444,0.43216169148463307,0.41078131678433155,0.5329154492229476,0.3758331268706475,0.6512543485433321,0.40919185700824756,0.5434958868173826,0.5456918473391708,0.4790583581347876,0.45757273573780755,0.5148128199850361,0.41630410754041824,0.40885128676185306,0.4978939326129411,0.4212587326160671,0.49536367206448884,0.4455746303166261,0.47748840303664164,0.48245310735008545,0.4633973887895951,0.4850442805748343,0.4566563444205539,0.44057240099167805,0.5224311282796711,0.43362420306974664,0.4955995232561403,0.5564736280487829,0.5539590005988103,0.4074701921444816,0.4222818138523912,0.4598276813306623,0.5106392657818561,0.554484022085567,0.5592731850941605,0.48918213666916305,0.4723651681995171,0.5768429567342549,0.4051018936235991,0.4407648842190453,0.49134484016376645,0.41085763995422736,0.4195161801524422,0.45236155177063747
0.49467412552211,0.5275833103603951,0.47652650862646334,0.0,0.44060486655670517,0.44296169031482474,0.5930279328716123,0.5331942980624415,0.4459693998331546,0.4744585258619631,0.5445492975136359,0.4622663864961023,0.5448791801522386,0.5773242206949213,0.531518489344159,0.5044325994562601,0.5471027949974536,0.5716636913433244,0.46929699429535643,0.47175029195358187,0.5266441762137336,0.5264541893774238,0.5571183219259117,0.5025960270958026,0.499028986925988,0.563853464756246,0.5735906581599559,0.5616265013745275,0.45108736676036437,0.4246351310907456,0.4857726582366859,0.47886939275684814,0.6460595929721196,0.4882393671469766,0.5075969260779611,0.5386657763793298,0.5284010526455677,0.5736272940084801,0.5039730122859231,0.6040108663541527,0.5981766528681604,0.46441185170762084,0.4803859713045685,0.5075876624578628,0.5707223940386809,0.55159087167317,0.43600886542703243,0.44748767591693656,0.5911382419924172,0.5144833747519922,0.5717966519532687,0.5186157850440741,0.48138811055050507,0.6153974794135724,0.541763866589065,0.44976450741094226,0.5281819583401909,0.4915770561957677,0.5777927712009859,0.5737516542792316,0.5484979520418749,0.4481874194677455,0.48872298340843084,0.48266607898094,0.46097792391947084,0.48847798344587784,0.6175461650998563,0.49944814469621057,0.5724952174706913,0.5603794000421964,0.523040299219616,0.5353866617839731,0.4923221081181712,0.6482884750788896,0.5354931096656349,0.46901809846087006,0.597106806725277,0.5372939276861485,0.5226827979144562,0.41785981626290636,0.4659484758322592,0.517082389984798,0.4844709632709195,0.5356943339697137,0.49672172195754033,0.5660941561358335,0.4618202634663282,0.524314847561933,0.5263887898843839,0.48581430779718443,0.5609276031722569,0.4939259996847409,0.5299174504682608,0.48932614188863754,0.5838931309982209,0.4978192921356461,0.4635307623401828,0.47930990813480673,0.43954874221891577,0.6033142804415882,0.5348521127254225,0.49589021120770255,0.5167153790446208,0.47991906776661686,0.5058025897474593,0.5140273758121287,0.5199591012754059,0.501984060768199,0.5826411772070945,0.46459112726292723,0.5398602842740762,0.5107555330700566,0.5003120262475516,0.5447124746093674,0.5437767345000961,0.5454121179155682,0.4652706706826254,0.4524766622382599,0.5090665465802617,0.5393827929174849,0.5083250874780666,0.5604220815662375,0.439457767467194,0.560051702530252,0.43087671536680194,0.5213677945551397,0.491930858370088,0.5076030857619614,0.5098508522786618,0.5950955156655434,0.444264469649634,0.4780499133006902,0.5271083042761577,0.5093341456703574,0.48576625835363896,0.4407625756695662,0.4306249179049801,0.5649235520453709,0.5298738661573424,0.5279635325728048,0.5661357410459398,0.4774108409343255,0.5769224033400357,0.5035744768087447,0.5506047204851796,0.4822957482382762,0.4758733258635484,0.5366324074050881,0.4573225006022591,0.4022927207348018,0.5073977129513635,0.500960546792022,0.5708000506659461,0.48393911074006546,0.5451749097110957,0.5464155322367253,0.5019655675586066,0.5266389903422969,0.569085195985333,0.5326723004772753,0.5447255277213456,0.4706895239767527,0.4987392636648506,0.5282583402680204
0.4517145451470803,0.4427401617604408,0.4663614995577469,0.44060486655670517,0.0,0.417376072476521,0.5389402451717561,0.4135837302478295,0.423032201838455,0.39965106007409973,0.4869474979217778,0.48622843379644415,0.4264778000637645,0.40783028124597653,0.4972305472654698,0.4906317127512939,0.47778025363294085,0.4562558682786772,0.4458517117185279,0.42325617970507556,0.5304101287578921,0.5074343810971255,0.4567132179561265,0.49439303511537347,0.43725255597281004,0.48257339391116744,0.3968054355167012,0.4012898300142,0.402111370302734,0.5040705764707503,0.45391778028057916,0.4421819490375707,0.4486166877820641,0.41298577663174774,0.4368571907493865,0.4610502314196385,0.4646975341520104,0.4680074197432376,0.5195952512121914,0.4460585191509029,0.4958761312885871,0.4626070426998178,0.49999152535786595,0.53097506758066,0.4316215620692849,0.4538216847378803,0.5151801332962016,0.4644195575710724,0.5004219288108683,0.4955543000186059,0.5230800078834403,0.48830015536624766,0.41409051136977837,0.49008190538916097,0.4638116361099387,0.41612900983748435,0.47919042952722424,0.5106468447647056,0.4328251996898714,0.45446711110270244,0.39143033341140504,0.4121908106391926,0.4575933836786162,0.423534897243294,0.4403848961770999,0.40886565740244846,0.4131124377974194,0.4954236552460814,0.446379303557459,0.4343551221824437,0.5009551642459875,0.43043768014454087,0.3945532726639005,0.4863528827763571,0.4266024666413889,0.3994731006384701,0.48733642587159115,0.5926382274982895,0.4262697922868734,0.41142742350143124,0.42616295370656376,0.47088874280880905,0.512107405728688,0.3960802054541011,0.4311001498208828,0.4590349698780839,0.39139556645334234,0.43856962784153386,0.40457212472273946,0.4207750518126395,0.5649393466989132,0.44466178217767444,0.5270146003619228,0.4202402718218614,0.4506196840860383,0.4629880627680578,0.3977090216655877,0.41560967344944294,0.4116817984636395,0.4110506585545643,0.4214101088637583,0.4292578253510985,0.4297961567944896,0.4272422465763232,0.42347440817636917,0.47254804589978094,0.4370436477426273,0.4187837487024731,0.4757899125665876,0.4509538572922994,0.5123174304723451,0.4657643443308635,0.39543234494638246,0.41706295407007854,0.4249886686400037,0.45562403526026324,0.40050028348264655,0.4755425462675651,0.43460192574979456,0.4077478032731737,0.5799733786966781,0.4223472211099695,0.39875564496641697,0.5295670001859649,0.3956719574540307,0.45480159036682166,0.4153515515961228,0.49426763466573964,0.41886666520824617,0.46199986744770566,0.40428298743338914,0.47016032006582315,0.38606034778034337,0.442629156932499,0.4378905713927477,0.44986239425698293,0.45113188426769996,0.4742659013985973,0.40509228451743917,0.49812170636290465,0.39501738115126406,0.4500123123380836,0.463229065355687,0.4403268572224375,0.4954194156149443,0.4558170474460068,0.5613814071583111,0.45441451748396605,0.42282157756308164,0.3747350626862805,0.4325003335740111,0.4253122045002778,0.5138917337673771,0.4663748617674301,0.4795961475177477,0.44423444506362214,0.40769458679968734,0.4875968955860532,0.3941335910688428,0.44591980476235404,0.4046722523930658,0.4128576784409954,0.4229866944522832,0.5178009011023602
0.5227856242298095,0.5277925232872458,0.5235526381724083,0.44296169031482474,0.417376072476521,0.0,0.45067681371079565,0.5292862614081323,0.47919186788308976,0.5092738876490593,0.513799593857788,0.5305144012213839,0.5488733673703713,0.4446881484505682,0.4208870762943432,0.5857368942452205,0.5376781275443185,0.4613550169394266,0.5338651264248915,0.5023185030699712,0.5584466205518503,0.49394369750395767,0.4172030092543504,0.4343148784496533,0.5832016980056544,0.436973777792983,0.38376450261319345,0.4819902630990398,0.43703419367341917,0.5063153363602364,0.5110614754636934,0.6435285032133261,0.43291313721232955,0.47590252904423247,0.46079282503368574,0.4584175108871189,0.5644457838736056,0.49950721222812167,0.47129631360130814,0.4062401735748364,0.4403328855351821,0.5614323039830992,0.4854713432991874,0.5233781325698901,0.48392031726089046,0.47295539583607815,0.49060696516857355,0.509612132380952,0.48515128983004274,0.4643715692973045,0.5053875390628547,0.5229740609058666,0.4422240533074117,0.5112526560256092,0.4815292729682787,0.5702535299639709,0.5022469597122803,0.5613687723641915,0.45364679305650557,0.4596595056058222,0.547047149412922,0.46418957194635924,0.5233794534443105,0.42784927507544074,0.44306412205538315,0.49676284206998533,0.4659487586888545,0.5475334440769005,0.4710974090098498,0.5452661515236076,0.5267814139343946,0.4373402224363554,0.47951100649260886,0.5202709563531202,0.5867813522097589,0.5150853360182339,0.5043814407309655,0.484179710257415,0.45434905997896535,0.5236176033232905,0.6123846030239,0.47677798441838953,0.5511712342769716,0.5255510821372716,0.4740919982585287,0.5169958910242646,0.552043782384009,0.4569532764275608,0.5189105912164368,0.4858420554980729,0.47311277410265995,0.4854805546422188,0.47757560142617606,0.5004063573964476,0.46402080674269164,0.5717986627055268,0.5007758239403468,0.5333722294254073,0.42091704512935424,0.4808316073188051,0.46157192585390205,0.5044171268485689,0.43689008335900475,0.4809084102038507,0.47483584270192863,0.5035600981210563,0.5156934647539687,0.5169646222799801,0.44507488439438975,0.5608083006699922,0.5496144773588562,0.4393160188668329,0.5568470594357214,0.48952643326806144,0.44961663708097827,0.476071113029149,0.5266965379242802,0.4783864509830169,0.5450743499788079,0.4737886309556085,0.43799076387995095,0.46569005321329227,0.4960622095555813,0.5574657169949033,0.44768119575659027,0.5271029818549747,0.46156586492501017,0.48340586401347935,0.508181982679952,0.43403705339641696,0.5515822224125358,0.6128945516304414,0.47708340783887554,0.47516413140222336,0.4953797274115009,0.4471020650727463,0.5136335598569373,0.4001695921772092,0.3910569429140413,0.4877625657533696,0.45608659564852944,0.5726596309192763,0.4906064382790538,0.46707877964194794,0.5388284217522366,0.4637604749850597,0.5121414886102384,0.5165244056375635,0.5392716733727451,0.44643523033761245,0.48043260965682727,0.5045616991624525,0.46558971243338804,0.4236361152360877,0.5593098641579168,0.525937478828594,0.4571943503011513,0.5798332225603391,0.3946709263249113,0.5104459655803184,0.4746625254281696,0.5110317530236815,0.4658782374923498,0.48125183688177825
0.5186693356350413,0.574663871371549,0.5042052304707854,0.5930279328716123,0.5389402451717561,0.45067681371079565,0.0,0.49463088024039015,0.47932756771539,0.49022447378451645,0.5455677645492459,0.5122960200387554,0.5252603551583179,0.5229662645925485,0.6157349521519238,0.5126788739909822,0.5314582357452188,0.5662206003941789,0.47522021922349994,0.4776958278691405,0.5476892359274391,0.607388602012962,0.5850383179497197,0.5834221497878841,0.5173570885825288,0.5291492405752968,0.5262075154624068,0.4947729678431577,0.4600823447217082,0.48543050513265734,0.520420339661598,0.48537231678632975,0.5908390500201538,0.4743647401589396,0.5161888854394592,0.5153187525508676,0.5499815078076842,0.5292232231055604,0.5363507066361469,0.5891389101922397,0.5774779230911896,0.5136100226412857,0.4924404380868034,0.5430038775942351,0.544117438595639,0.5387361290278188,0.5068984780096502,0.46708798958665787,0.6498308848726392,0.5200506689571888,0.572817927179014,0.5134427890269517,0.46832207657792907,0.5908803882284263,0.5220920775971579,0.4865767083564123,0.5215662849120727,0.5042726184670175,0.558319626783006,0.5461855435136281,0.4737311323319406,0.4307553199780582,0.4625003153158042,0.47203773666418686,0.47071061276452303,0.45518322838784975,0.5496271005172222,0.5604856918234318,0.5288746295668677,0.516232961268372,0.5493580485773345,0.5105628374200115,0.45077020332590323,0.6050171849486131,0.488994440734489,0.46612748614238664,0.5629099018115244,0.633089657899587,0.4719900746175539,0.41897878605673955,0.4566042183208241,0.5332830947263297,0.5805276676775875,0.46074556162436725,0.46415965248459634,0.5601759950396502,0.43353646378353966,0.5078563035175592,0.49254808855674015,0.5231784717310625,0.5845893728386403,0.5221509966858902,0.5567245267658758,0.47346097655119734,0.5395471848215689,0.5517451592804502,0.43301237702006146,0.47908283688727465,0.4373115445169024,0.5360076780234526,0.5081718012787056,0.4619680545092567,0.47903725101842975,0.49205743554847975,0.4680838733485591,0.5167012614704395,0.4775302884000271,0.4985405777583171,0.5943568798139676,0.5172250402640756,0.5674060384528617,0.4923185461656363,0.46332244828569075,0.48652169492865704,0.4857884433992471,0.551921300408135,0.4531626279546435,0.4978080392215072,0.48091877613076717,0.4881741357655109,0.557725796726913,0.4763722382406287,0.433649384090744,0.6184103569186222,0.4334213946436247,0.5301399483562882,0.4625017212046662,0.5510071570683125,0.47812032004158084,0.5756140626803724,0.46614946559024123,0.47261955867261335,0.4574241496823146,0.49582283793056353,0.4905954391285555,0.46596247890788095,0.47908699332356774,0.587164833781623,0.5025295393108292,0.5435514910178268,0.49769007624753253,0.48232747263688047,0.5890456972087157,0.48239207709660276,0.557688658955862,0.5128107495722507,0.56372770694835,0.5362415238175313,0.4753206530095374,0.38557834092400645,0.48725778124122565,0.4881048434438783,0.5858191464025694,0.5750094493670955,0.5498199583206049,0.5481799612127464,0.5066742944123063,0.5649232564309895,0.514804990832323,0.49778661555945863,0.5004124578552916,0.4657044119938051,0.47698865902479937,0.5656601814611628
0.5292580396613501,0.5624872023425489,0.5210218456023384,0.5331942980624415,0.4135837302478295,0.5292862614081323,0.49463088024039015,0.0,0.5215896191742596,0.5377321584519479,0.5159571292333601,0.5532135751519062,0.5766435180277015,0.48996028431306693,0.49170566586453035,0.5662749411880499,0.5495078956404946,0.5424706191051928,0.5446053572533424,0.5360526369176573,0.5453998321163368,0.5249654103825345,0.512256784356613,0.4627112282444491,0.599254807177773,0.47741144517832607,0.5017185915548913,0.5658784003655355,0.4323542242861867,0.5051052283840457,0.5826702184545227,0.5720089936034042,0.5125296665055664,0.5330511920831111,0.49461784820378746,0.5251428241468485,0.5635312174340027,0.5735038300718608,0.5145329258926936,0.4656606244440729,0.5053851094861592,0.515969072425196,0.5239543742911048,0.4833062109278909,0.6520023126242278,0.5704508119924602,0.475097107117782,0.4519350173515003,0.5466786416679714,0.5153242316893272,0.536664325980349,0.5063887840254043,0.4602676494246768,0.5493946407774963,0.5177686280342448,0.5159304659372773,0.5331581939777087,0.5749574639404326,0.5112973447074127,0.550895672258481,0.592254637152976,0.4659966062135392,0.5111220941884924,0.47100330190346845,0.4563757760192494,0.5099912846258625,0.5290658590704628,0.5186245505461979,0.5814162085204299,0.7125140113179629,0.5316967040351652,0.4860996684879151,0.47569583941514315,0.5934015937869167,0.6304518915033618,0.5004359724725971,0.5492035938549064,0.48578529244194374,0.5459058257174355,0.4095992268852509,0.48866422348294336,0.5270376270059075,0.5350188920285374,0.5634814902012756,0.4904630680879519,0.6374169111794153,0.5449239145480974,0.5241079745222976,0.6261308383267526,0.5361865126318615,0.5136770399327604,0.5246680744953321,0.5063797467376074,0.4896551078829472,0.4944848511672153,0.563107108594601,0.5201098567941195,0.5567146931695235,0.4254002538212357,0.5741058245944696,0.4879256036675078,0.5963063556554441,0.4926377999716978,0.5508124739754686,0.5248552768858957,0.5631508808794368,0.5637544412045358,0.5635856181123474,0.5160053602347101,0.4950424938697837,0.5274970462603703,0.4792813694265368,0.5009770753441362,0.5619024505268336,0.5043850767859209,0.5253633146266042,0.510796385790138,0.4986212258347919,0.48875289108741693,0.5149111853673256,0.45352320430706006,0.5714141578958063,0.4521078010608224,0.5492694285033222,0.42106948177154574,0.5493438148628798,0.4819265277656333,0.565469120186758,0.5303526604771316,0.5122093762862999,0.567411594342807,0.5338476597975739,0.5098712302907249,0.4845988453836103,0.5132637473702641,0.4261308843009973,0.5037044519699982,0.46295593956876935,0.48654393175190597,0.5778159640229522,0.5054052839794374,0.5100718668833275,0.5515445888965526,0.5006802707352525,0.5359327037467422,0.5151394999877366,0.5304194822762508,0.5428370070098579,0.558560765258924,0.4304378087928952,0.5266066793360753,0.500469907694541,0.5525167795848492,0.49017265202605187,0.6148937922486813,0.595524865061471,0.47320750532429146,0.5620813409977004,0.43235766021304645,0.4914502811391487,0.5000139588015321,0.47942397609622567,0.4961836749465358,0.4841968896505182
0.5837514807942074,0.48850884005523304,0.4090153732580002,0.4459693998331546,0.423032201838455,0.47919186788308976,0.47932756771539,0.5215896191742596,0.0,0.42579378674553486,0.4417570113513053,0.479527409381052,0.4625017831791749,0.46148193233850965,0.4664034435763424,0.45199546891262493,0.4578212400490012,0.5114671774863258,0.5069962059582374,0.530207064940873,0.492921701140263,0.46972764161311054,0.4533825104333867,0.4220202599180807,0.5244005296275767,0.4178230529533016,0.415433638358998,0.4554563771786457,0.36536048363948875,0.5342369628966275,0.6281314371253357,0.5025949852531428,0.43209762526113776,0.46737333542990694,0.5304288093202069,0.4619022099432096,0.5126782969496755,0.5202118695992893,0.47485760357990253,0.40495560481096277,0.43921059258124334,0.5759912420405917,0.4788802378387127,0.47882092935755094,0.4882087736726092,0.484657614722146,0.47268830220081975,0.414268637882548,0.5042216750654801,0.4993681375305416,0.5031755581592054,0.47496413461743664,0.46437348672899886,0.4568549652651244,0.4299422109765078,0.5900500504755185,0.5258202398062951,0.49356768418148333,0.4737020548137816,0.4845375723285386,0.4574352699149546,0.46385001333385906,0.46226231241104193,0.4531632481679792,0.5156701956427783,0.4839422361989072,0.4838956896323374,0.5142246830323477,0.4700079728419426,0.5501705672960845,0.5628148524058949,0.48899787348716217,0.49367543616198,0.4807993786586253,0.5038378196665294,0.5247223096531949,0.4531326982061065,0.43883896254157984,0.4668287037095503,0.41969173747061395,0.46504863120617845,0.6451708805185887,0.5245408820306542,0.45091711925160843,0.4970758318604374,0.5496658156731616,0.5235994503136716,0.5347155318046071,0.5230239395502383,0.5767271990211148,0.5091916906283523,0.6256879408329341,0.45853525022698977,0.4999931520784037,0.5163584227468995,0.5067292515461616,0.5035040403878001,0.5266224275730063,0.48994690457369583,0.4869732508747464,0.4774043310666487,0.4685665010103579,0.49056495124788835,0.46186037442705663,0.5233791380799485,0.47035297297350853,0.45464270378038835,0.474791459475324,0.44159061450857623,0.4586102855539352,0.4961716190770578,0.5027545968153794,0.49286339525168793,0.5210422906013561,0.45024718330526436,0.4667046377642425,0.5002021897714095,0.4523662830438306,0.4127187549091231,0.5230942724688535,0.47231549270550954,0.4997958257733809,0.4683774784232565,0.5201918959012973,0.5148336732210318,0.42970354084752943,0.48178044592421426,0.4631353666999502,0.41961761616252263,0.4583832990144976,0.5930545607946608,0.48820134926447734,0.47903089057699894,0.5753319408335758,0.47836092817412285,0.46184546767902884,0.47912283857223703,0.4338357172542607,0.39543147503308035,0.5588731126272659,0.4402103244632437,0.49656166230705023,0.5881387992837311,0.50441696953195,0.5012431983736254,0.5401621082100803,0.5917301605960275,0.4498438811436003,0.4717275455761147,0.3970484634233835,0.5665329386747466,0.490068877365499,0.5042152043194394,0.4166257585384164,0.5119748580732391,0.5722052585097045,0.42748623394894664,0.47900443163469,0.416136641440359,0.47556155894607205,0.42814250395332126,0.5564235323945639,0.5263869955529217,0.5293343946743142
0.44680077274397817,0.6265252918876073,0.6136920198774438,0.4744585258619631,0.39965106007409973,0.5092738876490593,0.49022447378451645,0.5377321584519479,0.42579378674553486,0.0,0.5088227921156588,0.5474052211244657,0.5191921310971945,0.4551038655551721,0.45951218177297615,0.5284695100473535,0.5113822469258025,0.4700587888234238,0.4987139005488671,0.46622982131383256,0.5020813459937683,0.5498280298405596,0.4755991214436979,0.461546185038513,0.584347757718927,0.41343918951940817,0.4570122920521598,0.49850369066969097,0.552761952604945,0.4452228828188455,0.48465716968698125,0.5272030516039277,0.4771091804714215,0.4560614286682412,0.44300150569685487,0.4790082387630969,0.4918963069173688,0.47555247978632537,0.4778239187963423,0.45052567027356255,0.4761173177216257,0.4801470116418526,0.44867428106397955,0.45822371723149935,0.5215095462509677,0.46835781002814375,0.4470171137385762,0.45404363362881484,0.5147783923737775,0.4437401918776071,0.4610626904775146,0.4389763508796665,0.4257074580254747,0.5431140005927808,0.520136616596866,0.4678069578510389,0.44762114278134185,0.49313200593751577,0.5055664861016766,0.46590650623225943,0.515219315181488,0.3968263770936197,0.4315978563006072,0.4469786745583211,0.4046556142160533,0.42953540181885885,0.4622074807888993,0.4686779240214388,0.5183242824240382,0.514004096638081,0.44273148553044833,0.4334613359776022,0.41410735441293506,0.5176273069603012,0.530797450129719,0.44413698123030443,0.48138243169933875,0.48265442935476505,0.42970525474928645,0.3876613526701219,0.47027488071610635,0.42958932812074097,0.5072494586232272,0.4808139744530052,0.41646443467640376,0.5054735945006431,0.43659366181438336,0.438538366703025,0.4943285818047507,0.4523985603152749,0.43669621582493245,0.45489150027873215,0.49008096037043175,0.4269980212598925,0.4372691929210607,0.5850774064094416,0.43774530107899473,0.49626384393453193,0.3792682234335955,0.4779757851071583,0.4498424984775524,0.4748732271038934,0.416064841478745,0.5922429194559404,0.42709566316960135,0.4646785881030716,0.4867505451219172,0.5405094044890003,0.48386640072736875,0.5274922936310968,0.49588179389445086,0.40696408375526766,0.4426646437788202,0.4702346123688501,0.4226525657774182,0.4556922739495543,0.46375985834945804,0.5313606436503124,0.5174187959301729,0.43282152045911504,0.4080225216858585,0.42924621676926095,0.41090907521545256,0.49146338476700674,0.3861417700212162,0.6056601206348838,0.41302690547599386,0.483962747957596,0.559415569969717,0.465116726101288,0.5001651217913432,0.4707693721934075,0.4196212785792015,0.4110170838555178,0.4903008121021503,0.40709468053453984,0.4716102656640094,0.4274063161408622,0.47934287441717316,0.47825495922562794,0.4861761397036776,0.48397976410427584,0.4754344353875004,0.45305079584229,0.4991140922108134,0.43386889230612424,0.45902005627085024,0.5383090675910323,0.6095183699355053,0.41523745782630544,0.4235447031677467,0.49092553764794494,0.4938659490155033,0.5247785399299956,0.555925592602763,0.488739828784576,0.4555272520482784,0.5182706062154424,0.4143188502921624,0.4286131607314481,0.5139146531803115,0.42773397395619417,0.43913854136993485,0.42451654319657556
0.5262937024009585,0.5599514164015602,0.5774712684372745,0.5445492975136359,0.4869474979217778,0.513799593857788,0.5455677645492459,0.5159571292333601,0.4417570113513053,0.5088227921156588,0.0,0.5408575512379794,0.5939549676156121,0.5033762029704436,0.517306409686349,0.6261710621886848,0.5745301699199664,0.5191706917284254,0.5099910418809975,0.5267138819030928,0.5960020450811512,0.6391815381422892,0.49180021779025784,0.5751919435570274,0.5738463561126032,0.5477556980701086,0.4587462121341898,0.5275911518593516,0.523972485232211,0.4521196312819208,0.5144509874468048,0.5328802276255673,0.5206943388474303,0.4925328892488512,0.5253678592768724,0.5217019584290091,0.6547813334381948,0.5626175518351841,0.5856830492530163,0.5148984646734848,0.5315355454424938,0.4933041822140905,0.5259024067525568,0.6335474249051732,0.5602693073751123,0.49373761042138514,0.44874963536212736,0.6686514840203628,0.6106704913267236,0.5045009381254909,0.5451380467329838,0.5189343283361827,0.4310806038160622,0.6604679254217287,0.6179580972110915,0.4580923725019529,0.5262838383724326,0.5406512529522434,0.5224177396183441,0.49663952429896385,0.5735232968550013,0.4172306355130183,0.5057441339436807,0.48212660837937865,0.4470284388195991,0.47547273885888647,0.5477741791312932,0.5541007400670271,0.549134855463633,0.56697855513485,0.5437842912596343,0.49402463380680495,0.47942371920246096,0.6084324069882951,0.5380783354453028,0.462495278655044,0.6082401062168374,0.5738132509309801,0.4835382331603286,0.46031156211156155,0.49813085562106885,0.48035571670712734,0.5270728032229836,0.5408165618308016,0.46793268476805006,0.5506696202077886,0.5088706512996235,0.4711571434567447,0.4730974507336841,0.47921397008789013,0.5242364472196153,0.4571487435201158,0.5533714578036619,0.4878422786394105,0.5016183792855373,0.5946197760123488,0.46199114145946624,0.48094656034601063,0.4197879664283871,0.4918347452596024,0.5468094556849452,0.518263276351638,0.45537243353411055,0.4978048594138673,0.4694578789139458,0.5068816500595837,0.5013949714140908,0.5250938026070925,0.5058460763358916,0.606021020484596,0.630726012952423,0.4797631966283851,0.5131113643256646,0.49185002549114254,0.4835272015895119,0.5034280405467927,0.45879352607913887,0.5594511799644075,0.5937481187861622,0.4629793991492888,0.5309355819538506,0.46693577719977225,0.48340954300595806,0.5821060499851253,0.4525723887244053,0.6251221709013572,0.43101387168825017,0.5413873598202791,0.5569390299192325,0.5343208143762951,0.44488345478288094,0.525297811248187,0.5160229397921031,0.4946302802319523,0.6330133034598167,0.48067571717969765,0.5079940919192307,0.5156848142252345,0.5170217194586478,0.5163293634870176,0.5191124568342239,0.5348990143212582,0.4948807302241099,0.4822658504773386,0.6728442551110312,0.4767070586247658,0.5184460744481741,0.5030926187899448,0.5308867485571556,0.41949704579921304,0.5207420717993299,0.4826617613437788,0.5789252751611403,0.47190941884111104,0.5739285138283543,0.5846869550758728,0.5660779504606467,0.5630564993958544,0.49411151018080335,0.506220678162454,0.4845610841645237,0.47931612201499185,0.4482367038443804,0.575654080118932
0.48440869658724306,0.553852506486086,0.5683849068368989,0.4622663864961023,0.48622843379644415,0.5305144012213839,0.5122960200387554,0.5532135751519062,0.479527409381052,0.5474052211244657,0.5408575512379794,0.0,0.48623421585368415,0.4268977378607818,0.4740642991089151,0.5921203179353968,0.5326192324097544,0.4660609284645684,0.5849634706329413,0.5025864292210048,0.586120526662689,0.5460922705775617,0.5033424961747436,0.4829101347257849,0.6193766955311508,0.4499626848045296,0.43236492959436834,0.47942052150204606,0.4678226171437829,0.5701364062914129,0.5703635960320378,0.5609617525858475,0.45654319144762534,0.5209931770642975,0.4766059404942321,0.5231013180352525,0.5285052445503718,0.5151654239953137,0.5755082639120849,0.4287786576039556,0.4893940709551154,0.5456514483371693,0.5214693047521725,0.5313895717122912,0.5334184312699978,0.47749375400238264,0.5060838928767215,0.4993673424906668,0.5478926912941134,0.49276386851943277,0.506770252892131,0.4853682230711761,0.41236883270879626,0.5437995529789508,0.5372931910456691,0.49565701232329107,0.4930395445387037,0.653960129772553,0.4633960864670748,0.4796421757221893,0.4686855881651512,0.4217500238090774,0.46689379897187994,0.47294040509920593,0.4268177593848264,0.4340579085240214,0.4444330563856987,0.48780764386236125,0.499682654414646,0.5354736231098034,0.48576695205078285,0.4416786780533535,0.4291686254659266,0.5184643368215253,0.5211343265356365,0.44085985578602915,0.5051520554271411,0.5380527402545181,0.4601516565428085,0.4076558001469977,0.464294526237802,0.48188039583323977,0.5495483348657396,0.4596479096791767,0.4583088305044558,0.540530204711706,0.4762412118514953,0.45977500922404513,0.4846754620495422,0.48328044012632143,0.5083906638336282,0.5115130035784142,0.5303048671786349,0.43861114921144884,0.44663472226764095,0.6195489556650323,0.45125720806634884,0.5534329434733848,0.4193801314643543,0.4583734846751577,0.4533916013075599,0.5201188349241407,0.46130291132199536,0.6081689846452843,0.45856046371693193,0.5061609222551169,0.4993614341449735,0.5489977313866873,0.46850914565082485,0.5444534341225384,0.5907970428646862,0.46504815111490977,0.4398353593415057,0.4891912411730581,0.4307655098079783,0.47048315396923973,0.4701069026723478,0.5980410458820269,0.5093226462455865,0.44956901319572395,0.46678794820085706,0.46069776449161903,0.4454910841242582,0.5315282843043723,0.40939558776670437,0.5687779113028048,0.433140117125985,0.560480321692144,0.542675616933598,0.4517766031058412,0.5265913019398846,0.5211154061438006,0.42195874145378093,0.4594432455021963,0.5226912235236146,0.4201722270872268,0.5320539551046922,0.4411699934076706,0.4525153975867603,0.5583582660601294,0.43219797767030826,0.5278208612493993,0.49518408216540694,0.4879525380137479,0.556754859105876,0.5114447057389155,0.5802297298545566,0.48778983586530633,0.6228052068499824,0.4490929294088664,0.47899905474523397,0.47167222658995733,0.5549348721868531,0.4992151637726982,0.6474273532041512,0.5071334846143196,0.4325814936076719,0.5554934556212933,0.39250157143689324,0.4513949710351669,0.43334511356655525,0.4546870628138805,0.46099627530954784,0.48328967846023163
