0,1,2,3,4,5,6,7,8,9,10,11,12,13,14,15,16,17,18,19,20,21,22,23,24,25,26,27,28,29,30,31,32,33,34,35,36,37,38,39,40,41,42,43,44,45,46,47,48,49,50,51,52,53,54,55,56,57,58,59,60,61,62,63,64,65,66,67,68,69,70,71,72,73,74,75,76,77,78,79,80,81,82,83,84,85,86,87,88,89,90,91,92,93,94,95,96,97,98,99,100,101,102,103,104,105,106,107,108,109,110,111,112,113,114,115,116,117,118,119,120,121,122,123,124,125,126,127,128,129,130,131,132,133,134,135,136,137,138,139,140,141,142,143,144,145,146,147,148,149,150,151,152,153,154,155,156,157,158,159,160,161,162,163
0.0,0.3086210985154581,0.2545159643748491,0.2795237337026484,0.2615743514745142,0.3079510968771134,0.2825824673228896,0.29055380756290655,0.37560337543319,0.26852401038747986,0.31965501521096207,0.2642496721544889,0.41047023220601037,0.3023541649179882,0.3147494219262557,0.31162002576705655,0.3308180119716743,0.43282162817409975,0.29868757248747513,0.4514462806887531,0.3208264704437341,0.3062280457550884,0.2826299522958698,0.3068643268804523,0.37640645354383817,0.284489133871993,0.25470488953959664,0.334931654982794,0.23145632836972105,0.2724648573390513,0.33818405657331607,0.34191847860786545,0.2760109668825021,0.3212634290987834,0.389352087508204,0.27107083707740826,0.38495826307316644,0.3446087065102689,0.25637509974397954,0.3448997793731644,0.268156201236887,0.32908545923936755,0.3094348872958474,0.33153297605249854,0.32159006119673217,0.37957365931794257,0.2675505836787186,0.27911428934224525,0.35940754139769365,0.3413107458443792,0.35482047279384676,0.3385387454232549,0.2865750323440548,0.27274171187814544,0.2637039340195333,0.3468480294615597,0.436414942752286,0.28410492954086286,0.30871883747981227,0.32919961871479986,0.29515993698452614,0.27001895838783174,0.31412005943809523,0.24359293302033452,0.3236838394538688,0.3678600505279206,0.3705512716024263,0.35660833128113345,0.2815067351152082,0.34728664289909483,0.43069343155024187,0.3114741864593688,0.3748435812178398,0.3480550885926738,0.34289974734745937,0.36762031489363645,0.26629112457369425,0.26558175305440784,0.34219874536855993,0.2733191437076902,0.3249108013255868,0.3636819906115776,0.3267759509562951,0.33515455395897487,0.3409141871771928,0.39996217193413514,0.32265683594577066,0.34668823872435484,0.3626551224932868,0.34969188010105645,0.35809716954266696,0.30751558874313345,0.30259510433217895,0.3916572775735863,0.3445525532903865,0.28834209578310965,0.2379379897787224,0.2879787806432145,0.2584292102820305,0.39181748347343326,0.31410836724760915,0.25263696300069816,0.28329274374395746,0.24139190763330387,0.3495934481271869,0.33748188638111737,0.2877609616684094,0.3431893387621683,0.31231730651767453,0.2968929758136993,0.31163321543533457,0.34204107413264373,0.38727496418094626,0.29652799135890645,0.36264195216158585,0.36322539822293115,0.3518594990527439,0.2807245211445917,0.27072360780073085,0.29123639423024716,0.3134557266350725,0.2586556027596,0.35366675815827914,0.3990229691045248,0.31930023931754625,0.2761465021530779,0.27714427579318524,0.24550864442767797,0.26615950321881504,0.3207655329814627,0.28697966800742924,0.2883495364715324,0.30536282060159203,0.36364590755544196,0.30209374431503094,0.3183895563143507,0.34750050796124077,0.33014687618951455,0.2941361060338798,0.3464807102223165,0.2705624471655587,0.2978782179816002,0.36508893004729936,0.270911958049749,0.34353316655431076,0.3778551345372269,0.31323453127364614,0.28095731984031247,0.3218778677082136,0.2075065119151742,0.4229982420259167,0.2982083466296889,0.30982358432915574,0.22626338898292578,0.3326864707269961,0.4015680659625862,0.3116380332397835,0.3269164423634622,0.31347330569587034,0.3484445815463494,0.26616161003596855,0.40357218203219797,0.26091732014689056,0.4706648636903673
0.3086210985154581,0.0,0.3197240513022621,0.2828022257292067,0.24521125787531833,0.3512252593584822,0.3056457227691114,0.3391626204326969,0.27342104441916804,0.41236784573260704,0.3105298130572665,0.32693839289810217,0.3215973469168886,0.31958024273620067,0.3170539248069271,0.30444870283137376,0.32231453314940794,0.2982709641743328,0.320150538908367,0.32226414172157536,0.3167344087146091,0.410491874983324,0.29229160393597065,0.3226305851317449,0.38976215250935786,0.24408149988334712,0.24533957188968453,0.3108883379619738,0.3275243050836287,0.2329634683882636,0.3382465249186463,0.3373215417916665,0.31631098601334195,0.2938514665157445,0.32997864375734154,0.31511471758067655,0.28972199200492643,0.29312485529596066,0.30163166171973105,0.32145354208997734,0.32228798332236025,0.3367193821175573,0.24597447519852164,0.29312239497791825,0.37376843326006803,0.2808767951127179,0.2719742303769767,0.2692037624252043,0.33394574052638215,0.2833917151129171,0.28837784423003965,0.28473146562345386,0.2859461093796989,0.3721962126047915,0.3212544040120346,0.3286306545340252,0.2917985661786462,0.27675529829578865,0.34014512091494487,0.30878359318101306,0.3136411867902328,0.21741374041656622,0.2552201688901319,0.2589514745821673,0.25850262891251224,0.2688290678057041,0.2919028177627209,0.27545223454984086,0.2702734614106827,0.3067020136308924,0.2861513661518112,0.2890118713958836,0.25847482735874605,0.3298175057774931,0.33866992421499986,0.2714830929162341,0.2554765304042829,0.3120654824464287,0.2601561014624978,0.21812841802582725,0.2857666281151957,0.28036965495303173,0.35299601897953287,0.2868748151421184,0.26974792584860324,0.3866179581012776,0.24876250548071246,0.24922801016134066,0.28158355633758864,0.30590050386430134,0.2528630057474844,0.2995194161558039,0.3141218407179848,0.284701476463007,0.29804909723213374,0.36577471155226243,0.24649320848916154,0.33043311395291747,0.22650442104115623,0.3342026829815425,0.28412582219349297,0.24032200458902506,0.21843276281818835,0.2864365851182344,0.2644239172139357,0.27630763742611125,0.2716327264169809,0.40826544155147804,0.3109854777420087,0.37209865777274737,0.3069626761942273,0.25188438443924804,0.2837232715520532,0.25064715196431886,0.29447442459627987,0.3561496772445192,0.3131623620190541,0.2631629865521641,0.32914782350117416,0.25189976755887417,0.2631419122841052,0.22217413765772415,0.28343875041387534,0.32948849562516735,0.24813244194642736,0.36171071415931044,0.25448403667590813,0.29589787717128485,0.38635261874283583,0.28676292793489083,0.3118252288425081,0.26998839436294825,0.22771864110273185,0.3059522213930361,0.3106719582043732,0.2656560997463031,0.3112454421352794,0.3109351607818338,0.32755111541735893,0.2732282670388118,0.27965587098268857,0.328138253566059,0.3462700339747524,0.27325543556309556,0.32327376037679084,0.2899218945677238,0.30743835070511605,0.3004257649754869,0.4033475061619885,0.2413091985400237,0.2645114268937168,0.32285955192910976,0.27672195745301953,0.3133252181866457,0.32883171634118946,0.303802364463465,0.2671144485833028,0.3333515545935596,0.26549141405246646,0.25519488305790367,0.30505275442854884,0.30549437198903123,0.2355315027988293,0.28492011142503665
0.2545159643748491,0.3197240513022621,0.0,0.24814361723430525,0.25481443051676594,0.3139119797144299,0.2438522649872888,0.29447158441125765,0.24566442154708437,0.3546915389188681,0.3186731318734479,0.31451682783514917,0.2992051085690536,0.23155254249810525,0.280993618127131,0.374168462407879,0.32252234705398264,0.26738257804905136,0.25916857846161034,0.2473065385268912,0.33525443290128204,0.42635563512760394,0.2229499920536691,0.2798759300401342,0.2874224222968563,0.2693095428902547,0.22433044589126022,0.2615025303851993,0.26747798486431046,0.24774818737538548,0.25870157326226445,0.30283353286595677,0.2545378777623534,0.23445223400453238,0.22634718877224244,0.26243024406851667,0.2690700899963401,0.27416044708121046,0.28247837947060783,0.2700996489790934,0.2622811588462641,0.28301706088820994,0.25839833258187217,0.25997471656933047,0.29727842172661595,0.26214973935394303,0.2529682223030231,0.28404664952146197,0.26716886044839705,0.2547478678257107,0.27678797464165383,0.28128958017779865,0.207411064964709,0.3190458450387662,0.2902434520269275,0.23264528330584416,0.25531285578695734,0.3101671457847955,0.2564989301664299,0.24328009066802642,0.25899528724233617,0.21019877651977098,0.28178913789751825,0.22000743296240532,0.21684419489207804,0.23689033255695766,0.24338088480813064,0.29729830496596527,0.28190448132189694,0.2845768119843277,0.2849185774603632,0.2130906610593532,0.22921290513056955,0.35641341071809957,0.3211856710001776,0.1973482390000626,0.2813100366523557,0.282603330848787,0.23775996533462693,0.1960626250103697,0.26697812494570833,0.2584538736688877,0.31662984902036523,0.2635279836654369,0.22999768156875802,0.3313938213872064,0.21724161884702814,0.21769256385063715,0.24643149672327522,0.2339558019562175,0.26061587031502004,0.21543397172909054,0.2733294032616121,0.2091316888829614,0.24379106992746538,0.29174146816877655,0.22235931121612035,0.2541082185032663,0.18760337710337815,0.2636516213627112,0.21188002580516352,0.24020206160400195,0.20022135751462292,0.2806588054699743,0.23591956885187493,0.3066544203622323,0.26136442706655977,0.2828539727923695,0.25562205842933283,0.2967793151706692,0.264230336371749,0.21872395177050022,0.23533633609948487,0.2352672175742306,0.23935564992243244,0.30255878794045626,0.2234596716066326,0.3036096958785329,0.29264353338742705,0.22371245476395232,0.25313875345335035,0.2083398409684261,0.21112724872941435,0.2993209534483574,0.18729758610653,0.34621509632182085,0.22193744187687683,0.2798819749449893,0.3153369402295379,0.253853801354043,0.2546907717896114,0.3582236854806764,0.19521747376863527,0.22751045033506934,0.27478980220430965,0.2201833483524129,0.2464479662001912,0.23645197332105675,0.28665241212186127,0.25330979813247134,0.22663506882796536,0.26018214956759583,0.24701817086157798,0.25030247767400726,0.2699357440201937,0.23127819031082292,0.3272059458049259,0.2885794377097901,0.3472902405677613,0.21933084947677917,0.21967302999822674,0.2219481577500395,0.25799015785899493,0.29099437782948545,0.30492673151272937,0.26066318047681797,0.25316876391708787,0.3284112087455611,0.18688087957721236,0.23385139401246927,0.26315153843262645,0.20178199088127827,0.21440156896226195,0.2669826065799887
0.2795237337026484,0.2828022257292067,0.24814361723430525,0.0,0.2444843916234049,0.25728471595635044,0.33053626644819517,0.293753637100948,0.25868868761850594,0.2569907370381177,0.28681949604797496,0.2801052632518668,0.28588404388591176,0.2942808179696918,0.35176901743079464,0.26295708422285635,0.3101730709821984,0.32454622317550097,0.30893776868723394,0.272661858252703,0.32190373098702685,0.2704750513760494,0.29948830746394883,0.2616245812754578,0.2859223555724245,0.30090654745452555,0.2872180899739412,0.30978050948162944,0.23498898758922293,0.22248306136018112,0.29595000909089747,0.27614066589295594,0.43810442955149864,0.30950200190549854,0.2959807639169128,0.31209911659883954,0.27590253583850016,0.33208546277552514,0.2964647587986063,0.3516310955952115,0.3342135664557174,0.271979875773937,0.281876427970306,0.2953638107921326,0.3169600739314875,0.328596567481311,0.21565599270114705,0.2384082628695112,0.3109776825755659,0.3125377657023112,0.3969154374677779,0.31084374488245936,0.2924854699998143,0.37126112317042,0.3037330629174857,0.2433366880263628,0.3453916528779466,0.29391460220778803,0.328146070279067,0.34772109966401943,0.30372467740879583,0.25605884271428103,0.3109668417091244,0.2369683006738438,0.30000953907775396,0.31509410457860376,0.35114323012204446,0.2517741405563551,0.3017387963603672,0.3002356037640737,0.2853818371522243,0.28137981239535753,0.2826280355311893,0.4241467345322442,0.3288669707559169,0.24383951456869413,0.3312012953405595,0.28975186144672654,0.3193564544207438,0.20363340367711816,0.2588155663157307,0.3562621752337162,0.2620436297929306,0.28641483655267086,0.33516902948055616,0.32472491494094974,0.27705721351732543,0.3296483309184166,0.31413089237440317,0.26573583033533554,0.3178434723022247,0.3102677693882057,0.2761575823091247,0.27427587289738964,0.33471178560611164,0.2567366162678529,0.252486076544696,0.28689572883943804,0.2409539681716102,0.35289897452265867,0.27614640326174894,0.280329263085533,0.33545760169909905,0.26310780570823694,0.3200404485999621,0.2940779081203994,0.31732076961724115,0.27629621588169634,0.3166580680605395,0.23616462186392792,0.32978626320686594,0.30114933922319237,0.3225919042283893,0.3335165417956538,0.329607061705504,0.2920173285628548,0.3003946478917089,0.23314277019193125,0.2846272898033428,0.2835375169629055,0.28067332813841916,0.3092449395953363,0.2531562821764482,0.31689091372983014,0.22737306456776712,0.27718026308953997,0.2942987624565791,0.26267345657670244,0.2929144074795129,0.3406417162457782,0.24042029790959976,0.2932933422285666,0.2671138769440143,0.3122500821903966,0.2747481594647271,0.2362109542047738,0.2119629275670525,0.33590820695227286,0.3071990025038607,0.32124797045047293,0.34283169722670465,0.26163890710062093,0.36387705250896135,0.2980109219132251,0.2863222776973003,0.3061186032125032,0.29444995917012473,0.2831572075588904,0.24430659195176574,0.2082012548048885,0.3247191272036425,0.3096605741777571,0.31232163427614423,0.23752274631168854,0.33504474061692785,0.3021118875122398,0.2645636064610851,0.29666501208554263,0.33135543288739633,0.2843560629338287,0.2872625783904601,0.27025915767789677,0.28427041067686853,0.2911806361178398
0.2615743514745142,0.24521125787531833,0.25481443051676594,0.2444843916234049,0.0,0.2222495634285308,0.3226187678032944,0.23225034793584573,0.24329880586893893,0.2359943001797925,0.2651247080835694,0.2448382448810079,0.24043006065548522,0.24358623131615387,0.2948356883332965,0.2793809115423747,0.2999593011926775,0.2885679626393293,0.23498723820026168,0.244591204016718,0.3084526239550338,0.2719981897876769,0.3038780293196599,0.27269665486680067,0.250002720814076,0.2581166012582485,0.25011614099195095,0.23766433500684828,0.20929167056708634,0.2977089631210797,0.2624262184501739,0.23803249495009052,0.24923178513406824,0.24335535856059504,0.2909735302895423,0.27763647662347124,0.258982303835933,0.2796000333612861,0.2642193659806384,0.27665487965338126,0.2930870075024709,0.29728809756850844,0.2820615254848077,0.2946598564691833,0.23598253660573595,0.2617662138592585,0.309610643224465,0.25554464081354733,0.31033715341678103,0.2931768582528723,0.29872404099843614,0.26072927483364544,0.24724651760361446,0.24409919518200582,0.23782994016345263,0.23132049414645597,0.25437976297751,0.31575145696315676,0.26572452944848945,0.2618562762160604,0.19732783607283214,0.2252153277152579,0.2504392870961688,0.24939004030097942,0.24734605572431115,0.2084987537679287,0.22843417594111526,0.26610207294105065,0.25396870407089955,0.2674804890742829,0.263564988651656,0.24917183463695372,0.2209209352024077,0.28562912161504816,0.24570974964850054,0.2136127451990821,0.2570508674104972,0.3909986497767864,0.2420034122798677,0.21384650704132202,0.25854605928222835,0.2704557843103224,0.3087788260466134,0.21768915837441707,0.2504862760641117,0.2670492709559014,0.22175163903478406,0.2552284659537967,0.2381614518918744,0.222559993271621,0.3763470717869112,0.2888458918517404,0.3157587488461986,0.20800978841340426,0.2674625293343736,0.23125553210736252,0.18911133391627527,0.24226450874678432,0.23404381711506161,0.2397325451453991,0.22857935231861756,0.21852454318422085,0.25310120065360003,0.23190754953862028,0.2423024341763922,0.2775216007728316,0.23951298361220677,0.28372995276918217,0.3150277372481644,0.24596998872177445,0.26833899968371355,0.27744444990907824,0.2221371456415653,0.27125942861148344,0.2398494639121945,0.2673654334133,0.2406086775853248,0.24400904832547174,0.23324164958250154,0.24910309639475348,0.33780214884992144,0.2335701220383502,0.21668716620823567,0.3206686216340263,0.2182077172064357,0.23050853756838577,0.2387199159575551,0.25430104133414977,0.23323267211195717,0.25853750887388716,0.24629576531899963,0.26057768498538764,0.19156314700128887,0.24927563750318776,0.2237926673945017,0.2534470587504507,0.24389430195372183,0.30355025001326436,0.25252768048858004,0.3151582644320144,0.20686551154474886,0.2570466648392549,0.29224999069061747,0.26479014571503984,0.2822966549248925,0.27561137451482065,0.31140081464096997,0.28813950173119307,0.24267399553759203,0.2090055474432634,0.23228716241760256,0.25379222130002077,0.2892801312416735,0.27579237240366516,0.2942621945326671,0.25550364727270575,0.21252219964705713,0.3064053863359082,0.2177858996264884,0.233593830987903,0.23808709672152154,0.23420587842829213,0.2554917103063124,0.3166889167065577
0.3079510968771134,0.3512252593584822,0.3139119797144299,0.25728471595635044,0.2222495634285308,0.0,0.24991033854211048,0.2985712525856306,0.2576825602418728,0.27113031078855226,0.3371539492132018,0.32964733258146667,0.3680577242979196,0.23005907409521248,0.285678968562092,0.33997922709046413,0.3053546022449233,0.23368825451375777,0.3104420787844049,0.30357499033635343,0.32709719084217925,0.34223220749025374,0.20785828726560665,0.26852712218210345,0.34693134063060105,0.24188136179882108,0.20800522495293827,0.2602017618226684,0.24698022346766396,0.24201397836686758,0.3064784275827205,0.38165210621597195,0.29250126417937083,0.26368532606000405,0.26984604707338283,0.26778149590582595,0.3241895470444124,0.26034453722295114,0.2752524037115491,0.24469614271401813,0.2701379209844329,0.3043151216096649,0.2663640431541735,0.33446043362023303,0.29068429079171415,0.2511837034762335,0.24386660317167336,0.3046087113350117,0.24350861871607804,0.27100687589266603,0.2909608232980806,0.3136635787559603,0.22110772901071699,0.3343791634622145,0.2713180487922177,0.29854976364791513,0.26877305390645795,0.3530832021047747,0.23610865815648888,0.24446697309387835,0.33230672396998295,0.23728830152838493,0.3057768509864352,0.2074648297995096,0.23096701137356207,0.2615610900862813,0.2738234450583897,0.31505017114870426,0.23860142811005094,0.2809757987588473,0.3010140158048885,0.21575656766184143,0.2699259593613207,0.3104106795106366,0.34320812716379084,0.240026439307921,0.2649058156342316,0.2596122724381243,0.23704282299033655,0.25780017454163173,0.333434473471158,0.26820545238833854,0.3037885367406622,0.30002981332374484,0.2519376375511517,0.3026146850139448,0.29343980218982596,0.23387145040056148,0.2713347487483169,0.26505070602278874,0.26488621917075644,0.2771100449514627,0.28344118497410425,0.24956284675738055,0.2355068191718248,0.3437623692925393,0.2493345214674508,0.30741958886579585,0.19877144823765905,0.2758077846464685,0.23983939924624784,0.24199097603635544,0.2241572068411409,0.24180798483582602,0.2632982527628637,0.3057372034424414,0.2898171046681914,0.3013525570899777,0.2466603550131161,0.34598816841251634,0.3170441959590715,0.22512504829505733,0.33522618898698,0.24696504972198002,0.24825238749393314,0.2953289788701341,0.2744131848429368,0.23660740994841836,0.3678761246899867,0.22978648248882838,0.23594473970875976,0.22791156711842836,0.28069371603411714,0.30788041778396896,0.24327556985702944,0.3249806662171974,0.2446415472195366,0.2658579516494466,0.29628212590373265,0.23294825960904803,0.27491898502307,0.35071383875481005,0.23637722660797145,0.2710008925178693,0.3090921683636654,0.24523876092536098,0.3025823268792872,0.2357317007079468,0.2517400838095826,0.25465055336679376,0.2686909745631299,0.309533661006102,0.25841381732833923,0.2558586049704405,0.3006798482521672,0.2638649523507315,0.3193591378395438,0.2852172310679618,0.2996775581085005,0.2204416805586518,0.26117796908541885,0.2607844166947174,0.23123369150769604,0.24778594647313712,0.34095856582721396,0.2921809280205692,0.27198302954381665,0.34575294267491913,0.2299926579759775,0.2613942450049059,0.23489827932699978,0.27852834754611433,0.2127367950810971,0.280407606389167
0.2825824673228896,0.3056457227691114,0.2438522649872888,0.33053626644819517,0.3226187678032944,0.24991033854211048,0.0,0.25321257112212575,0.2503458092624378,0.27799096090765163,0.2834172797144642,0.3270673865314449,0.2848603959317487,0.2687662273172897,0.4020509251051551,0.26117285712220606,0.3007528811986419,0.30872950782041964,0.30265131978839893,0.2509540937586415,0.30732943923030637,0.29822821930304066,0.4258389322491304,0.3387062513848393,0.3076020169527621,0.2730313430466906,0.2862945425218402,0.2821844634776216,0.2617804310042657,0.2917932168492692,0.30468736429559357,0.27637548074147716,0.33918199401953913,0.3206055600998519,0.28569106843782915,0.2637539044982215,0.31599142493401683,0.27794087594642086,0.2975823902497451,0.36752654552505004,0.34789336896246126,0.31873755503039297,0.29663809048195483,0.3160167942521455,0.2976577333681427,0.31047480496791163,0.29293519234517623,0.23962632747040324,0.42828885861423327,0.26735155856632076,0.343243024558408,0.2779358818507474,0.2584462359168669,0.3101571565597185,0.301398268187352,0.2765385078957127,0.28838356531794135,0.29391256481949873,0.321358811962236,0.28687755606806026,0.22135763410198084,0.2234678722368295,0.2495823626753107,0.24764168635731781,0.25649783301204576,0.22746932775778672,0.27702524962355024,0.2880797864455015,0.25312460475180787,0.2708776092870164,0.2874070485705676,0.26672399971055205,0.21891121650584416,0.3363664141003787,0.2394401643208132,0.26692297155802275,0.3240367485775112,0.3788124163372195,0.26373270989386843,0.22477567280132132,0.2786980812317409,0.29205618097385677,0.32712017812580774,0.22550020215602673,0.26405812973292103,0.30343413548074233,0.23358841384332502,0.27165370406232675,0.2917262963818815,0.25929528755322645,0.32203597315301835,0.358127516189759,0.3178240385887087,0.254953656491775,0.2845232790078103,0.2949614784569479,0.2046303862725928,0.3156545196790573,0.24204417052119,0.2941976763322133,0.27046273267245435,0.2524685055471835,0.2722021919074797,0.27377612468183066,0.24588546586106758,0.3015383903831655,0.2510209969798337,0.31101519670690514,0.3745359032192175,0.29025773780073083,0.36729618337082276,0.2705458299633165,0.2360874018504986,0.2634596485385924,0.26901290344846807,0.3072498838187899,0.29003853791318396,0.27661697918660205,0.258825305306705,0.25032166811942913,0.29601246200302117,0.23948514498502488,0.23632183602246107,0.38407774042808995,0.22597769891168776,0.3051346263295334,0.23019327832038766,0.30567054426148466,0.2586330228415628,0.3030326075625882,0.25335920761768826,0.2428251860711608,0.2153565324967178,0.25262684851806655,0.2301107433072421,0.2707468922444094,0.2774882689262295,0.34839855224655425,0.28701638352588094,0.3295230330553926,0.26458530024540033,0.25954004033471073,0.32785017940770933,0.2525004320434555,0.30372890401339575,0.32974168084604266,0.3177209344492787,0.3382918072877385,0.26340599294297956,0.20624939229627587,0.2662811190984366,0.3143441844484251,0.29030992631669345,0.3016152950288252,0.3686716298820855,0.2968700577013539,0.2874390700426901,0.35134131902624527,0.29116575047248144,0.28483604466359846,0.29031503401482894,0.2644107368656687,0.2763402231471218,0.3096430407157873
0.29055380756290655,0.3391626204326969,0.29447158441125765,0.293753637100948,0.23225034793584573,0.2985712525856306,0.25321257112212575,0.0,0.3115081372029486,0.3110558278589658,0.2720814291833446,0.2968764732139716,0.32762540842649,0.26286985413627684,0.30966014994172714,0.32302535643526586,0.3227499688192101,0.2950370800444982,0.29376935845954927,0.3066582658812794,0.32597345453003157,0.2924348157636984,0.26181838516363837,0.24875780370003342,0.32976514754672615,0.2559739358690364,0.2827017157284164,0.30468052284351826,0.21055375447181437,0.24906526427389974,0.4032604002776074,0.3300626711508967,0.3045502982256759,0.29840249498293253,0.2897896287119193,0.3278579138079671,0.30905859199268965,0.33809826292355205,0.3022398412907997,0.28331082991019924,0.27759314148304165,0.29253183025253304,0.30651870758943406,0.26521240580712174,0.4369856224038806,0.30657357872543606,0.25426803535082054,0.2459071419404802,0.29824863224569775,0.2971246378981848,0.30348520175921734,0.2640271405400253,0.25362349611417184,0.2994398753809294,0.29272882528382993,0.2761675307026579,0.28994395511301047,0.34841925177484506,0.3162133496753838,0.2913724267924822,0.38693251758731306,0.23941717752414507,0.3007406788405807,0.26399002705576563,0.25221101745804747,0.2718345484731292,0.2973705482666716,0.2769907524857051,0.33262898076789316,0.4425753504711026,0.2926307828147914,0.2718922891857845,0.2655331062372514,0.35688660064645034,0.3871636546879189,0.24522296931167278,0.31620379745533095,0.2726682846550331,0.3300040264967224,0.18971291309244903,0.25764043673326575,0.3085977329000717,0.3122260832932641,0.3222439459911516,0.30142739302784144,0.3967200492856858,0.3577660284322116,0.29569440205997416,0.35479222546460987,0.2845151971855861,0.26950519197495526,0.29505885104786483,0.287856515812542,0.24033313996386269,0.3027345733598432,0.2929330316958043,0.2966388939625576,0.32823761036727367,0.22410110587073934,0.34472711222481783,0.2553855074633462,0.35478326016160144,0.25540990631671395,0.2783970929298588,0.327780190376882,0.3304311048627283,0.3220441445563314,0.35465176564507456,0.28354657748809525,0.2709689252061142,0.2671794201394516,0.27089232135132446,0.29392116154562337,0.3068253189403204,0.2899800194738379,0.3013368184774507,0.29533359615633237,0.25233539575281183,0.25773051589665263,0.2668295317737805,0.25193226221954035,0.3328445107491163,0.24078543441968464,0.29561712639608484,0.22189707100961625,0.275286717726811,0.2597247386884915,0.35413875579924875,0.3068749215510157,0.29004333130669807,0.3298828342544299,0.30530538327596524,0.263283652204277,0.26324088604039436,0.28853493651479106,0.22451089379380085,0.26968071988113085,0.2773881930603112,0.3248905093037601,0.3145827625455153,0.27084114136326803,0.2804589852429521,0.3305154070526792,0.30496047700126794,0.30381244795422624,0.3124722822178189,0.3361986763996193,0.2981767000058414,0.33108968475493716,0.22419191312518535,0.30425707147964803,0.30019416031316914,0.2799145080952103,0.2698851270103886,0.3680914688487635,0.3369477704146667,0.23887068684579507,0.320512081061041,0.22136346914073937,0.255748303135099,0.2734000534504389,0.25772592751125434,0.253094509962138,0.2549461395405304
0.37560337543319,0.27342104441916804,0.24566442154708437,0.25868868761850594,0.24329880586893893,0.2576825602418728,0.2503458092624378,0.3115081372029486,0.0,0.249182663055836,0.23595057518869664,0.25181300364142667,0.2742140922323041,0.31881791035219614,0.2723582262693302,0.2704735726687629,0.27802003171078893,0.3520422714121593,0.252672638575628,0.3225426325142316,0.2775849778499619,0.299060027329904,0.24692613915733333,0.2326115135786285,0.28697371247946607,0.26311582047911697,0.2818281682100974,0.2831967687054561,0.1927283838521036,0.3054404135306296,0.35970456818832036,0.3024811706251678,0.25507876801245116,0.27450373533350075,0.328858185379515,0.26446151864259443,0.2703487922307165,0.3563363198578862,0.2443066725598486,0.27274178329685156,0.23612980452062496,0.35844187349530976,0.26947526959795975,0.2598043697305994,0.3186843407951668,0.29882972738599217,0.25924556277314653,0.2153533563009821,0.28363508484858047,0.3009559814523683,0.2859678632076191,0.2806638833536029,0.272293645074353,0.25039728132943173,0.23586454708822904,0.3549687522735585,0.32003442767279133,0.27191564413454544,0.2879342962200963,0.2698396190575393,0.24201010112964003,0.2860146383647081,0.27716116345095715,0.2630118154577328,0.3180518815401951,0.3015707994428728,0.3277554933624901,0.2996624511629101,0.2868521897474002,0.31548284694843265,0.3652688422427679,0.31276929885964505,0.35426875329200525,0.29330694951295316,0.3251944385133178,0.2891310069942947,0.2441248401535906,0.2337910661717831,0.3110192586213292,0.22089157095257697,0.25816398127670953,0.40604114258065027,0.3237320244874164,0.2669858690784015,0.34733372328016004,0.3847680349728206,0.28885376401136464,0.35289045059546614,0.32924499480793074,0.3826498630039063,0.3238347728134152,0.3539465454534021,0.2509170271890775,0.2754146265746405,0.3696210577641743,0.27612429904828795,0.28088689449804666,0.31614285590201074,0.3170011241640462,0.32526597185278977,0.27673968629514134,0.23524673087263656,0.3068035257667286,0.23713367896901955,0.3741435661920089,0.30717438187425616,0.24955493715511357,0.30041564535643717,0.2608621465932134,0.22863155960387516,0.24291131923840234,0.34919934096528943,0.3180042310245186,0.34919329165093815,0.2992709206942272,0.31898709569355116,0.3026821242750881,0.24407088569741076,0.2147575470018169,0.3289248040775601,0.29754546865708326,0.27838692888416006,0.28375665994205024,0.2988744355667397,0.34245491466835976,0.22774192399482227,0.3028547523137895,0.2516256700075105,0.2405195953108655,0.3001624721513081,0.4126850731159102,0.3049949297944295,0.27027693335762654,0.3644507214540955,0.2523088802496375,0.25954424460627074,0.27003984583291846,0.2839703517093191,0.29031934921966934,0.3117863078774237,0.24789407933388927,0.2894885728315353,0.3489697850047637,0.3236703342770238,0.2854507809528212,0.37132731049935064,0.3644265957425424,0.24682278028903099,0.2930230948930051,0.21914314739382065,0.3459276499767567,0.26859142931636404,0.26681728209545363,0.24743228041388524,0.2851021591879021,0.3295095205522539,0.23573869091330255,0.2873364870701223,0.2632264947006033,0.2949491196347516,0.24182017177244597,0.3294143806383596,0.3133130465872578,0.31284751967931135
0.26852401038747986,0.41236784573260704,0.3546915389188681,0.2569907370381177,0.2359943001797925,0.27113031078855226,0.27799096090765163,0.3110558278589658,0.249182663055836,0.0,0.26367120242197867,0.29302732619580807,0.28135045705693407,0.2666278179229501,0.2764720066411087,0.287139920271437,0.29293404469451484,0.3002590880607399,0.2765925179470628,0.2613724337451668,0.2740903773774162,0.2978926592381444,0.29395522321080364,0.2568611631954208,0.38776191805559296,0.2251621715016377,0.24644156936024705,0.28250801089843364,0.3495874285966887,0.23100139128854932,0.3142402325522951,0.30285527213129837,0.2443219964350223,0.26692470622887227,0.27492757850625116,0.2645491870635585,0.273211931682712,0.27005054962733555,0.24773655894750657,0.28202754553028336,0.2481234317458017,0.2875399425896817,0.2449501010071577,0.2471729913878334,0.30511733259238033,0.2586347527983215,0.24194528408089763,0.2463799696336268,0.33723087622005427,0.22978585639393134,0.2540925026827351,0.23712306227184976,0.23136019307910205,0.2896073685281283,0.3033626507029,0.27668908068763204,0.2497158120638852,0.25442880255416916,0.31427780013787016,0.25081447872990564,0.26868781128272545,0.20207972520101045,0.22442586525496303,0.2354391724610905,0.22872116086499833,0.2308544063550405,0.24835741149532378,0.25595342067831944,0.2818357143687239,0.3138881502281294,0.23969466354353952,0.2706593671014783,0.2216081893522749,0.29973562922533126,0.28930032862838323,0.25202778065068815,0.24342221032289205,0.29298139139520574,0.2394156542611749,0.2058838771727955,0.2684940843286963,0.24713369470019186,0.323589695675362,0.2695092818391574,0.2469088070488546,0.3172446918277209,0.23809057121692226,0.2504665443332567,0.2923642592971539,0.24508675512704634,0.23729280132711977,0.2582907485205412,0.27638563837529934,0.2242779080993246,0.26788487185549,0.3239244145883114,0.20375052497040705,0.29531412394504447,0.21176668319567893,0.2980950946021034,0.2553393486392117,0.24012870578014375,0.22167943563136283,0.34297697444305586,0.23189987187825406,0.255163588419882,0.2444744261554432,0.38920868432873723,0.27071243049667826,0.29391702071138825,0.25684777597245495,0.22843794890266744,0.25054935465397343,0.2626126307889974,0.24978349242165082,0.2914977198062639,0.290748161652553,0.3212066276300038,0.27837386686109206,0.251922975613074,0.2307300684788534,0.22316880030091288,0.22182752470634995,0.2986285642739422,0.21441603023027858,0.3550140275747635,0.22584054029451206,0.25011232540231865,0.35715511238282305,0.2631858179751312,0.31304435941763425,0.24510026902227558,0.21934211668692472,0.23324742424106468,0.25498730615825493,0.22692481060896896,0.2738263884642008,0.2705723534023732,0.3109652508438255,0.2706093799751725,0.2565098691386129,0.2812186839230399,0.29031027272485743,0.23450556853104465,0.28154802885587266,0.2798012985919422,0.24825265477410588,0.31624023910295196,0.4651115486085995,0.22479327585253914,0.23501287842044907,0.31090896251479355,0.24492624979522068,0.2830771434309233,0.3180500092804783,0.2759770655282755,0.22552301508230782,0.3195103413867502,0.2361241308074555,0.25259792942366105,0.3204245259574313,0.26977711579359137,0.24756374228584,0.2484938271452682
0.31965501521096207,0.3105298130572665,0.3186731318734479,0.28681949604797496,0.2651247080835694,0.3371539492132018,0.2834172797144642,0.2720814291833446,0.23595057518869664,0.26367120242197867,0.0,0.322405634325323,0.36928592318242404,0.2563502779515545,0.2929031233363579,0.39133435210774553,0.3427785689074542,0.28657956026130843,0.30185901682217026,0.2911834313096733,0.3344755074710774,0.38098459697896353,0.2548049125311545,0.3165427260634034,0.3462309007497889,0.3019555313624131,0.24821045356144306,0.3088031040666718,0.2824612736996458,0.2523582987145186,0.28514004241841223,0.34157722409933805,0.27180492711625215,0.26892632983126646,0.28926857399608874,0.2989153531214893,0.3732092040000299,0.28969616648853014,0.3576269945169832,0.2938505633067465,0.2732021841071443,0.28485140696575817,0.2963158649132002,0.35200885886449584,0.3038634488914773,0.265120167470962,0.21029284636623416,0.40508181608841637,0.32476526129552236,0.2622171606169529,0.3307554632234408,0.2652601563117819,0.21710262089857907,0.3740894348836353,0.36876541253727463,0.23092937215909276,0.29253477496478925,0.34990974644522366,0.28554265935111345,0.26775277262166636,0.33166682887240206,0.20476063428938998,0.2981365459829957,0.23212811128759314,0.21871172679166354,0.2561696365256797,0.3151810969147307,0.30195234889116657,0.2984620842520252,0.3040443890624362,0.3053247041125526,0.23133708370738998,0.2747924827841844,0.3674996277766209,0.32133841405873054,0.24377645162674877,0.36130804209870404,0.29556832935527383,0.25345716157998827,0.22860600488970667,0.2909201471131364,0.24949610536431827,0.2931596605668424,0.3051289838266662,0.24341336600694527,0.2840132825168484,0.28502179442854814,0.25029270081121846,0.2486430196468495,0.25528534027817407,0.3171707708893084,0.22197568164424736,0.34415640775530737,0.2629247850721979,0.2544425340359645,0.3048489829845605,0.22023661260856933,0.23256143412749575,0.19723967659330377,0.265093274337427,0.2863388063321992,0.28042707290452445,0.22696959634121677,0.22360135553998914,0.2541875335423125,0.263469452435505,0.2674769452047385,0.2976268622255007,0.261899459988967,0.3501507614910861,0.37574561966816433,0.242812456980148,0.2921646121139146,0.26323968495474337,0.2658301713118054,0.2817959077639931,0.2538573178509356,0.29184039231142117,0.3363118907404831,0.22876248118172446,0.27076603672688504,0.2171873086845965,0.2560202463577932,0.33734971618464,0.2249655082307441,0.35339809418427703,0.2084758261791163,0.29561760587937996,0.295426873338783,0.258924637651281,0.22461182954770423,0.3109855258526757,0.2707568340063144,0.26935236190098616,0.3692983941902051,0.25134937249934003,0.2921678332218327,0.2658963637293341,0.30813814477767343,0.28781281800748093,0.28695731442001887,0.29876066315800565,0.24748169870431205,0.2589262513832166,0.3608734784339776,0.24450673601831446,0.28097913969755844,0.2811061196653061,0.27270039145823793,0.22254263901768556,0.3235684961223202,0.25950881065588643,0.32335501983287107,0.25449647566498906,0.30410277372081057,0.31712198757148163,0.2982257482007289,0.31622757348670727,0.26044182211101946,0.2680665486826866,0.24455318471943363,0.26614477786907353,0.20903454810229055,0.37245761962026597
0.2642496721544889,0.32693839289810217,0.31451682783514917,0.2801052632518668,0.2448382448810079,0.32964733258146667,0.3270673865314449,0.2968764732139716,0.25181300364142667,0.29302732619580807,0.322405634325323,0.0,0.25899687192323423,0.19995912956680642,0.3064156667442121,0.3096667796419039,0.30134331526400493,0.2416284812769,0.3602369942286336,0.2602307174864305,0.34024617191337825,0.3195199366957816,0.2613770322397357,0.2803375848101683,0.3492028780687003,0.24146344688292223,0.24720745715244852,0.2494087390174012,0.25217074452835436,0.28788735634367435,0.3213152579442748,0.3256094385903039,0.29107133350726505,0.30210412908272444,0.23983665214120778,0.29501723382214984,0.28486133934262536,0.2640244895275758,0.3794755204791096,0.2688753005573015,0.28867394706465155,0.2853502134579169,0.2915190274924857,0.30252479270745075,0.28935756831604736,0.27940474951372396,0.26588643504141024,0.2810184408142502,0.28882253030863053,0.27374081539278866,0.3367348369257426,0.2820184174990274,0.22007153710441468,0.3565636209146837,0.37339121946535586,0.2409214658752396,0.2968083290927915,0.3738848455421378,0.24408248387231207,0.26496173711438914,0.2387084559388946,0.21178635953668046,0.27237242001482936,0.22659686876066412,0.2279029899121838,0.2363668146773391,0.23327429232976907,0.245616421376009,0.24288269633811124,0.2530297055408139,0.26050257181122316,0.21254628666377698,0.2196909775052099,0.3078344382154426,0.2815554904086051,0.22215010424375659,0.286043440039586,0.3004418213282356,0.2460733441503407,0.19206879437143026,0.24025397609195437,0.2791281145067596,0.2972036061894186,0.2175302896525869,0.2582022709845294,0.2902532413885573,0.22645310917730319,0.25214714785165093,0.28181429760354737,0.24856168240108767,0.29220929624710307,0.283590968574917,0.3185340333868352,0.2415484342954485,0.23567403532018763,0.3656911944619394,0.218205239968475,0.2898843073997716,0.20022820170862154,0.2597691846558838,0.22098843131258694,0.27313953055604107,0.2550617847903104,0.3187915936826347,0.24896662512828566,0.28793432352069026,0.29007294800018807,0.27763667906950007,0.2660830852066689,0.31409642212790934,0.39765807781488205,0.25691511802065775,0.23690957699665496,0.25715813516789304,0.24483595577707112,0.278384675113685,0.25254777872829465,0.3319784077658937,0.2999996187968986,0.2181822394324595,0.24202918254062308,0.22573044747672416,0.2186866631017282,0.3085943140552746,0.1873441307176045,0.3732714529243683,0.22167922451631203,0.32179422885803793,0.3209973300247106,0.23807918797713315,0.24481137211828685,0.2713973136781658,0.1972201874274182,0.24785759025347487,0.2714039800212295,0.2092749563659917,0.28688941579564703,0.2548805910706251,0.2712237593461493,0.3003073752593238,0.22456248995104253,0.26066927835553827,0.2811718269650582,0.2671929822108098,0.2925109153034745,0.31207440961482175,0.36200467323620017,0.2787964700198369,0.33160724344733994,0.22169083291858294,0.2655164687157066,0.27107797385621885,0.28790142242705213,0.2857051708927702,0.3833774087984729,0.24710576761546735,0.23754690819140295,0.3245375153814005,0.2080269196028084,0.2503983251454339,0.2098715450214267,0.22148261319715487,0.21422819167324095,0.26892533047997486
