0,1,2,3,4,5,6,7,8,9,10,11,12,13,14,15,16,17,18,19,20,21,22,23,24,25,26,27,28,29,30,31,32,33,34,35,36,37,38,39,40,41,42,43,44,45,46,47,48,49,50,51,52,53,54,55,56,57,58,59,60,61,62,63,64,65,66,67,68,69,70,71,72,73,74,75,76,77,78,79,80,81,82,83,84,85,86,87,88,89,90,91,92,93,94,95,96,97,98,99,100,101,102,103,104,105,106,107,108,109,110,111,112,113,114,115,116,117,118,119,120,121,122,123,124,125,126,127,128,129,130,131,132,133,134,135,136,137,138,139,140,141,142,143,144,145,146,147,148,149,150,151,152,153,154,155,156,157,158,159,160,161,162,163
0.0,0.5480198688473727,0.6060547790140141,0.5029882916000706,0.45917042506196437,0.5747264274271866,0.45852021386256736,0.512924606268513,0.5077620902494289,0.5667696702923061,0.5844940688781131,0.5166300534397164,0.721020961438196,0.4963144425657656,0.49431566916976954,0.6270044892890445,0.6000784714980503,0.6408164522052503,0.5881700859647134,0.6144898874882463,0.6028142738970674,0.5152842369504734,0.4425731967197982,0.568848737165552,0.6633629657499716,0.5080072476285572,0.468456980146702,0.560236146779229,0.5016221908992309,0.5121178600976564,0.5451832894930249,0.647615813350583,0.4789339504008005,0.41680002210424877,0.6528989617655705,0.4706451472669093,0.6048202732082754,0.6017893617066353,0.4526737454904268,0.5818775776514047,0.511443754399693,0.5275353555958924,0.5259981990760095,0.6079516905531518,0.5454324377270682,0.5405111530183385,0.5011342032321041,0.5733549155955532,0.6017019755611341,0.5426122578126841,0.5417597157169083,0.6225485979289446,0.4273571730798339,0.5267795683673494,0.5186607477180178,0.5290906548501801,0.6558848911841726,0.511293650976329,0.5750962111954039,0.50354379044733,0.5145606833988103,0.4097098250433435,0.6040569483146401,0.46911854793656854,0.5246350362939842,0.6168912893829362,0.5136077639615979,0.5237741450113393,0.5604614170164588,0.5476365606694992,0.5780060505132798,0.5728250258564699,0.6322337819451196,0.6162653056963634,0.6444030180489944,0.5797962449463454,0.48604391996174484,0.4781837360540071,0.47005227984611886,0.5120538384938003,0.5933279143866148,0.48917833502829616,0.5192247386944399,0.6385181094379958,0.569921995097363,0.6557799606718122,0.49919578524056857,0.5195767850406189,0.5945808848306717,0.4799935794216264,0.5154230722011289,0.44827004181062,0.5123759194152002,0.6495083038499041,0.5005745570481089,0.5134382248393295,0.45745280571088204,0.5204540061735011,0.4235935816437831,0.6020557015419137,0.4857144942991196,0.4329972003577752,0.4797026996327185,0.5111386851942828,0.5664698502766813,0.5316206295307954,0.5351129883638571,0.5120253007279281,0.5213963749090732,0.5680145036084144,0.5562377386445687,0.5088741872047728,0.5801939442155715,0.4890544405157192,0.5563958253057436,0.6408635306324785,0.5835541080249239,0.5815274791832546,0.6125616524938426,0.46924585333897834,0.5533341733994438,0.4294293153929693,0.49275122618893363,0.5741927007450067,0.5052119400856271,0.5746350324023872,0.4508315225914451,0.44776040536422856,0.5217395636225732,0.5756462151562288,0.5700632050573309,0.5968386260587534,0.5238839667322035,0.48372733064473983,0.5871586386391041,0.5279559482007077,0.5510970958363312,0.5655040229531904,0.4809899732827878,0.49796198128590813,0.5167034853375366,0.5062838453765314,0.48150312676513696,0.4417569151819086,0.5690932415429422,0.5024270026924631,0.5050702447549049,0.4650037811202676,0.5896589566643402,0.3838424075256757,0.6182144461658093,0.4874383322301906,0.5217434623226446,0.4803309729248191,0.560998749153828,0.5542548472354178,0.5893664824726114,0.622126881454576,0.51952615810794,0.5817108367330419,0.5212785662537124,0.6217162022107617,0.44501934908781515,0.6129014023115832
0.5480198688473727,0.0,0.5723425706216148,0.5557797644848302,0.508726963464538,0.6122180544267554,0.5816870176941705,0.45782016262286396,0.5825252385139547,0.6733440390673706,0.5059548140590006,0.502353389793582,0.5390886652272142,0.6526268138864785,0.552223143590233,0.49493266505028394,0.48787894192904924,0.5133941081967057,0.4924979146487623,0.4451713711909424,0.5304212658128962,0.5818715363878386,0.40161290141850686,0.4891181206410681,0.5175935085181014,0.43013265001651396,0.47523107617818133,0.4255097202114827,0.7099492706644029,0.5059699618658342,0.5831184271424648,0.6128324136392286,0.591080205255703,0.3596407954305079,0.5836716787513095,0.517028155410254,0.5124204567605833,0.5470125765266434,0.5192292318908056,0.5700556275270492,0.5519546978933607,0.5635729243853013,0.42199718815974213,0.6089059908726078,0.4552836931260995,0.46675890898038885,0.49975873480172933,0.4758257302391915,0.5352757286070136,0.523942447123401,0.5720091236307601,0.49974594077608664,0.5135410275275526,0.6302719022893364,0.5761936709518184,0.6873216139407424,0.5337405506859971,0.47992218503960515,0.6205281620461542,0.5363314839236707,0.49808020820477655,0.480923336774692,0.4723722235061006,0.47453201553214774,0.554313487524777,0.4896166862315723,0.5625557986881263,0.540068386138976,0.4543966112666334,0.46468344847775217,0.5906808047289537,0.6109953630436695,0.5590403578288544,0.573340381505815,0.5610406673752852,0.5591775504634701,0.506831151461452,0.5912610158903997,0.3819710639997303,0.5572517109106875,0.613531922581919,0.5557196838033336,0.6564733542780439,0.4873912114818664,0.5176711627783739,0.5346896802842884,0.43507180239738635,0.5518072860680545,0.5337059478821062,0.5751927402401006,0.5176746891061504,0.5878555413637793,0.5995901904884603,0.5752000039083464,0.6411556089872253,0.6146334243965172,0.5075813240686479,0.46401650180737275,0.5195600992773735,0.5911749566842498,0.6059302272783006,0.40273942576767324,0.4551764045262656,0.46639927190707564,0.5412879379699772,0.43509255929619045,0.48618834562320323,0.41414426528160825,0.5384040093974164,0.507809749054961,0.5406909108735557,0.4909740542501145,0.5697997320185405,0.5372475959025368,0.46675459478919484,0.5402913392128174,0.49281605647001053,0.5118451783232284,0.5025973699229795,0.5623884728610964,0.6025141999410613,0.4444315738412715,0.40575461149268915,0.6612005218950778,0.5944797532932575,0.6123300355025653,0.5562144222069038,0.47709464440356336,0.46639146408803916,0.5994082267036729,0.6276801378607804,0.584512717460881,0.499977463448038,0.5992663169518897,0.5028625315124958,0.5975917873397409,0.42670076192762324,0.5603435238106581,0.39534077142122886,0.5129559738810608,0.5517277313827684,0.6221457901745076,0.6442176210007232,0.5417744280516172,0.5783224777271828,0.42509077388471167,0.6004186249967508,0.5644826962545997,0.47421630769324774,0.3923017261365402,0.4968324920663436,0.6112455672930329,0.4985857560386227,0.5585600637405614,0.4981207509239091,0.5206046205024863,0.5014404379858168,0.6065765019884379,0.6488146291735394,0.6486480788013043,0.5536676038278177,0.6389784927677199,0.5307179773929422,0.5569987732430451
0.6060547790140141,0.5723425706216148,0.0,0.6093479105127195,0.559503138635039,0.550200650121748,0.5277143630893882,0.571086211168981,0.5632123592495146,0.6523671146888469,0.6264828202877439,0.5905678746978223,0.5970010597785033,0.49499629778368515,0.5894259573955334,0.6184114309986607,0.5626142331623322,0.619717441725924,0.6038830949824704,0.49563852897005045,0.6534273954333114,0.6377050861151647,0.4508355191481612,0.5421440023532031,0.6114340556930016,0.4958813524504923,0.542167475238543,0.4947960426955545,0.529122364725509,0.5928493994963963,0.5928064520398613,0.6398296268651223,0.5466564258163419,0.3870243267254495,0.5546671023575279,0.5174389729510537,0.5652173880750325,0.6202917635146538,0.5459713017601026,0.5982587027075659,0.5557674815269359,0.5718119899281879,0.5334334302001617,0.5945594803401328,0.5255521237177467,0.5228721198018149,0.4862449614876025,0.5259686522911491,0.6063774419277307,0.5844883432859208,0.6378863775348079,0.5409331518405739,0.4403178120626378,0.6354168271246946,0.6127247020485979,0.5096061778621254,0.620466912911055,0.6126465684395921,0.6096100105608661,0.5241139480732299,0.5288160525885924,0.42768058207189086,0.5793534757824501,0.4661349792442009,0.5439419613858363,0.5374194382039481,0.5327774616837461,0.5462563854008752,0.5937372669123223,0.6152913768038379,0.6064842613685145,0.5372914639067791,0.5689071682733787,0.7486843572799409,0.6556580300442321,0.4862102804080796,0.5859871601519654,0.5489055218548526,0.4359676301743644,0.4506828805191545,0.5387126629930091,0.5722985017639881,0.5798472599062703,0.5226986010639854,0.5641771500092941,0.6051693735910478,0.49435046705495117,0.5845118083716329,0.5540130915615141,0.49869901382545473,0.6083793692123066,0.4889301814095739,0.5975258239016588,0.5319549537320484,0.5561443830113387,0.5555740982458686,0.4883275582890528,0.4772909519295231,0.4310716730329485,0.5665878530131084,0.48164342574686153,0.4953987942780973,0.5161373778662814,0.5396063067129561,0.5742792283298059,0.496961147281385,0.5643812922215808,0.4628691141421194,0.5375033680587136,0.5049579874406409,0.5913150243603342,0.5386216456031776,0.5213465373210676,0.5680033445019702,0.49179303429302906,0.5808739862370307,0.48685282012743103,0.6882740735591937,0.5475317955938385,0.4832117665793017,0.5922227644620576,0.49111026893556403,0.40831776669324543,0.6120279633982616,0.467242787014044,0.6192559521631475,0.4870225642784812,0.49797983392658707,0.48576303381931596,0.6132771700937172,0.5778791787127678,0.701553069152408,0.4985676949403389,0.5093043659166917,0.5770690206165252,0.4985678717981279,0.453829691466081,0.5679066619972098,0.4689125103166617,0.5933686538101608,0.5227526600576812,0.5168415405163675,0.5413568194319616,0.5221099218134031,0.5778589812638449,0.47856554735879286,0.6072229037038239,0.5133709187582994,0.5390844496817355,0.3747742876448773,0.5859293345856323,0.5030813492254221,0.6265564094991781,0.5714788831137942,0.5940579918265055,0.5739778836598299,0.527844441694895,0.6611172305183955,0.5130777764953084,0.5982509205102254,0.5026267373967331,0.524672767343913,0.49752764348000633,0.617298725032952
0.5029882916000706,0.5557797644848302,0.6093479105127195,0.0,0.5878312650057154,0.5128414442824311,0.6209738650727618,0.5430836851378391,0.5821931109866202,0.5795763826697555,0.5517838555635652,0.5841500308530374,0.5014127313796384,0.5019187107632526,0.6334347360858807,0.5091938244248295,0.4746365033706858,0.5095724717018916,0.5215147473641216,0.4207855820162247,0.5761410802927743,0.6036065153231746,0.42962394031688456,0.4900602727398713,0.5241142185464136,0.4853311901336183,0.551268502297225,0.42499851678804357,0.5094134736149629,0.537376127603011,0.6266629284602154,0.5544307117699571,0.6414375851821044,0.36876376462820465,0.5119852822368508,0.5483991453415288,0.5258226594403107,0.5647448037677683,0.6472979735540806,0.5642717006603998,0.5604405035901177,0.5510087011364482,0.4698012945520561,0.5924442761077491,0.4864583023868747,0.4726744069847635,0.4482253257032523,0.47617085426917855,0.5501240870424026,0.5390040083627337,0.6674624163218579,0.48392843497895927,0.43129982434382375,0.7220683323385079,0.6633691626103707,0.5164798914058605,0.5323271163581672,0.5913354804774577,0.5618416435215144,0.5132009690597763,0.5114230500319631,0.4482095647251432,0.4945291241545927,0.4499853787568055,0.5182919352583019,0.4713710896807481,0.5820510214276527,0.5307646015750964,0.48866194226124615,0.5590713437811322,0.5980229547442228,0.5168045091638916,0.5377592505492129,0.668309654935248,0.5362170478180377,0.44664146543193906,0.6541610873790571,0.6163728693308839,0.4004901755059525,0.4373756052730426,0.48872663500289404,0.6710871105143144,0.5809281902874225,0.45680511212725833,0.5443388734049548,0.5323898893158047,0.4829921906075387,0.6035204155187803,0.5044284909178133,0.5533850217175393,0.6262540959929048,0.5726160547784876,0.5887316909832659,0.4756740699601544,0.6194565420908487,0.5924657115945509,0.5003664425556363,0.45426578989092586,0.463850721214688,0.5517305666617348,0.5109130084616285,0.5018431624065454,0.5592738029977923,0.5056224965448601,0.5494996079466018,0.44414977048469434,0.517924723507207,0.4100666985996146,0.5105264840287796,0.4579351262436829,0.6058734435652644,0.5540684620008234,0.5079005169502042,0.6157345509204755,0.44731866994362673,0.510043886952072,0.43081603596533563,0.5543912938147456,0.48540554441907147,0.5243395240300123,0.5868406725358905,0.5636593050879667,0.3737966509318539,0.617665119944016,0.4677305063484642,0.5916460634230959,0.5328958381670826,0.5339796106306578,0.44599459104390776,0.5823714572079253,0.5262354347673298,0.6113028306981257,0.49487317288420035,0.5759091480092358,0.5246679411769964,0.46526965304240797,0.39261487152742686,0.5604142076866221,0.42092422351436504,0.6217063244509717,0.5202704297239265,0.5156728541637036,0.6095149019466056,0.6075752763657691,0.5801979228976442,0.4566569359661754,0.6845261293368897,0.5151313889165118,0.45716335548567805,0.3634290026583762,0.5631453306925018,0.49337444188943985,0.5654674807048949,0.5738623278899307,0.5633202761882738,0.5648031777382818,0.4686052136658972,0.6351093932505933,0.5521087036087985,0.6163136942804472,0.4657167447115493,0.4973606780863474,0.5624083767787316,0.5824307699274591
0.45917042506196437,0.508726963464538,0.559503138635039,0.5878312650057154,0.0,0.43843207226062425,0.6222934066234842,0.4490006301106993,0.538540124248204,0.5603645027672666,0.4900921224680817,0.5474959424361026,0.43424242292485915,0.47307769057489485,0.5221045758103436,0.4836515247570926,0.4851476655763067,0.5009675698087812,0.49827526728641336,0.401549798200596,0.5532661904990911,0.5405067686955276,0.4667852720309106,0.4575008183228387,0.48932739933539504,0.4414676617993981,0.5712717992899049,0.41761732481243796,0.4927121840474526,0.6286312836751851,0.5035851118775402,0.5010389727055462,0.5007000092315872,0.359240714746061,0.4781515450193306,0.5184975687884323,0.4416716701360122,0.5362189714465799,0.5248891234729719,0.5436298422193365,0.5372729579166617,0.6024153247028637,0.4396535547801989,0.5052842261081225,0.4292679497927274,0.44289238991902813,0.4709471616437468,0.41289914987248566,0.5523987133389351,0.5261490803792844,0.5708876119971095,0.4570733980929968,0.4267380570471256,0.5402018223989767,0.5335941406265399,0.4895229191372703,0.5054194241052495,0.566189487455335,0.5565595966162803,0.49106154880166636,0.4069371874162252,0.42350307736511805,0.4412025573144756,0.4760916101984096,0.48868503130042124,0.4194549908551802,0.4682198649776723,0.45537021541186057,0.49281932298387005,0.4687318076022332,0.49046998897850486,0.49777839840325955,0.49401050536986607,0.559828376360847,0.49384295064284445,0.4120015516551134,0.521985378561677,0.6442688704637571,0.3758572814187536,0.4084374081525144,0.45084271255208536,0.5625137469415907,0.5324812431784791,0.40546857761403043,0.5426263157774929,0.49019379389050904,0.40116446829427643,0.5497961535666493,0.4606781648186366,0.46911930175605004,0.6845498186391517,0.5421772800983453,0.5897198080009479,0.4310520008109731,0.5999583119741196,0.4892396375679951,0.41856823795177395,0.44518704052070646,0.4804592813474244,0.4806383696238734,0.44469875216243815,0.424634116318996,0.5343166017804233,0.49635957129138797,0.49809899528884066,0.42689156963825126,0.47682398901362316,0.41907864306551285,0.49706856050621995,0.4244508124469323,0.53886880397908,0.5709766686933023,0.42969707641915234,0.6223349461764911,0.4139648510715357,0.49800028030740967,0.4253398909597056,0.5607080644328448,0.4609530049762595,0.5129198105881926,0.6114271399787604,0.47311354544909623,0.36388529074622816,0.5305184265070984,0.44019020543966114,0.48379366333539886,0.5286133111611813,0.455931631735171,0.42957447127808934,0.5173281387212295,0.5498360691031574,0.5519491540715797,0.4155194845947845,0.5146984503359571,0.44285582971671433,0.43262403221193685,0.3785932783190601,0.5222738477756336,0.4110921353561746,0.5819548174435478,0.4273248830814755,0.49960727049145787,0.590372895482188,0.6007784117905689,0.5186401429531713,0.4536399099381517,0.5881681588428326,0.4836397640543877,0.45398240660255995,0.3817883285415931,0.46467039431019125,0.4840100503779522,0.6035622263123972,0.6200608142406275,0.5304993267258294,0.4559138201804553,0.41082565011126404,0.540341242178127,0.4684134387770168,0.5499072128242166,0.44740112796216913,0.4725856903893765,0.5981057276519475,0.5461022520086259
0.5747264274271866,0.6122180544267554,0.550200650121748,0.5128414442824311,0.43843207226062425,0.0,0.4720303025345477,0.494580517878771,0.5751079719518366,0.5475817806709996,0.536489199063748,0.47215023999166633,0.6090032338308893,0.5553615319441306,0.5101543515236886,0.4998231381287773,0.45131146134134076,0.4773991307974473,0.46947508626234946,0.4462009054802751,0.49181117310040323,0.5597817549136076,0.359305293050851,0.4546077563957398,0.5061472390357851,0.42719009642576933,0.42535958409838953,0.4132170102473911,0.548571320418038,0.4649288070482134,0.5942895121407785,0.6222864147871747,0.5392507072706137,0.34936105134963025,0.5421844207921652,0.4642974054941996,0.5900701014588782,0.5161965640015148,0.5046094597847112,0.47602855186724424,0.46329722367440584,0.5030322764949308,0.42578012784069297,0.5998792102954026,0.4580812356607476,0.44093256894279625,0.4331065395534726,0.5419810117811885,0.4734382737086836,0.4774793244554627,0.5327598619723327,0.4766824649944138,0.44707281417823075,0.5893134563165386,0.558373563309299,0.5951399507271076,0.5020247704466269,0.47487126611774494,0.5032331739080594,0.4723775423219281,0.6244541115502233,0.45993308573791225,0.5036793774006062,0.41563767685476743,0.5041580350752205,0.506180483455054,0.5780967553583417,0.5942831353063343,0.4390813658014374,0.515608362977781,0.6405140680339648,0.5159171543236714,0.5640204763510609,0.5488357387101482,0.5663322410678797,0.5431014392355624,0.5211085664608227,0.4902274017166311,0.38013403939160334,0.5693098295154193,0.5984822049256591,0.5277478701156124,0.5941151780027791,0.5288024597368889,0.4719450782023334,0.5083112864901435,0.5280917119117527,0.5134649495527828,0.5114930573283062,0.5681949779983485,0.4689221517598498,0.49493863105658026,0.507383292657985,0.5646043234298919,0.5297916546891123,0.63213753287872,0.5531125223115,0.42969435742622797,0.447782765463087,0.5391850007594086,0.5860285527033325,0.43383518568539503,0.42387937692889016,0.42603734954741973,0.5258861237125785,0.42082016333004507,0.46534141137759955,0.39075067467663055,0.4565821319143189,0.5005494538815177,0.509623005858451,0.4437302390544563,0.702296430090323,0.4937558902688188,0.4546988168361642,0.4913395417367075,0.4540614585071249,0.4790313772019778,0.48217330893718,0.5030644051569755,0.5066918251725528,0.456288535492246,0.4017018767807731,0.6005035595708178,0.5727455379842513,0.6107380829621437,0.4808727964741633,0.48261571826352656,0.4356964058681748,0.5316073790842868,0.5450794052563581,0.6007602719893397,0.59537818307767,0.5667168827072395,0.5421738218585412,0.5599720625941383,0.42252604522110754,0.481309754185078,0.3754987722428926,0.47298096814173873,0.5880792331700706,0.5697256756838737,0.5149918209970358,0.48242656920093624,0.5495437300135058,0.40446836950506365,0.5641799405962888,0.4957417727327262,0.4466856042386744,0.36277589636914775,0.5368375284126923,0.5113142062540551,0.4492432995767654,0.44919311949794427,0.4648505928808786,0.5811909862639795,0.5486411271773078,0.5819706818782645,0.581880331467783,0.6121401290680516,0.478874396696022,0.5833313274715293,0.45057995163042425,0.5387793247575535
0.45852021386256736,0.5816870176941705,0.5277143630893882,0.6209738650727618,0.6222934066234842,0.4720303025345477,0.0,0.4312486841331787,0.5509028822329538,0.6163128622560656,0.4710906135612269,0.5100501997558052,0.4407564393170845,0.5038191958173949,0.5900038268145193,0.4421924075980854,0.4385892473568358,0.47510501506015956,0.46749933397975774,0.387411188205308,0.5242743368342143,0.5661547892168252,0.41811892929121003,0.4714568211074312,0.4860255671392356,0.4240417877709286,0.4869064459002263,0.38522027281443233,0.5449228939968784,0.5057640648707543,0.5396961442275232,0.4980277990852871,0.5648940004693068,0.34335211635655505,0.4800215117162513,0.49072154544176033,0.4631981109559356,0.4921331500712873,0.5541340923760723,0.5487487205703898,0.534131643268908,0.5833471603036599,0.4121707043177815,0.5536911502932095,0.4169479387498461,0.43354777130000777,0.4590431812575956,0.42844627529229257,0.5320520049471493,0.4828340974582928,0.5768727380316667,0.443673212648011,0.4526985193791532,0.5996988604696603,0.5440932184965389,0.5677449548338012,0.4814086756179328,0.4817852941207412,0.5951440331108188,0.4728457695031597,0.4330589361549849,0.43175361283189984,0.42235684128308704,0.4390293245484205,0.5267604861891503,0.43015218640787856,0.5368239488772745,0.5133794780299216,0.43076863060922693,0.4504316801272359,0.5353112468073806,0.510505424771643,0.48927113926418186,0.5486487092182969,0.4640844633309508,0.4494484774808109,0.5272854209275091,0.6899295278402775,0.3600435659040961,0.46312067795055306,0.5032209966887976,0.6113163939314593,0.6196461634908982,0.40205328537731133,0.5041742085430857,0.47058493419787206,0.4075408013050861,0.5459072383626026,0.45890779595245657,0.5441301470160492,0.5507835576332422,0.6230066851719451,0.5615373049572432,0.4556727812870614,0.6863800489811291,0.5734634154259479,0.44741159071657316,0.4354229761991758,0.48693002478146685,0.498845616794965,0.505386139292831,0.4123083679860745,0.5038840327180464,0.4811103126063229,0.4755231428574507,0.4026166247996594,0.4566889523890628,0.3916481395120197,0.5054602110241482,0.4565672457305549,0.5554961854811142,0.5106108928372712,0.4727518582410497,0.5629256418681986,0.40459693111035067,0.46763607920706984,0.425240001421554,0.512673618228131,0.45393444676280176,0.5117836249863964,0.5763387996874267,0.46334301504989195,0.36141757730321894,0.613928372468208,0.49929647905701335,0.5264664358951696,0.5246798927344198,0.4542119107894826,0.41487131613900985,0.5449384374029808,0.522564155589577,0.5287724291070282,0.43498743733147993,0.5568888506577182,0.46307750881131465,0.49252691555024436,0.37418240158194715,0.5267004861151077,0.3838703218773154,0.5591899619543661,0.4871917019622632,0.5098068930657956,0.674040372950489,0.5977446691008175,0.5512506472805625,0.4222741197688532,0.6177267030480983,0.5479971893235932,0.43344358000088895,0.35398502308443774,0.4684780427115261,0.5420840026640373,0.4990806776250202,0.6187479855120186,0.5142456727343239,0.49916606413882714,0.43684336288014297,0.580244014399901,0.5637617228662157,0.5730550671522125,0.4986483734718653,0.5115760685675009,0.6950541184774738,0.5428044557829564
0.512924606268513,0.45782016262286396,0.571086211168981,0.5430836851378391,0.4490006301106993,0.494580517878771,0.4312486841331787,0.0,0.49703632570527095,0.4780791088793834,0.5198411091624451,0.5461507469718191,0.5495506120096652,0.4368248314218343,0.5206180533341829,0.5760848131492095,0.4788843415772983,0.5015853354114499,0.5250671929274481,0.4596378167307796,0.5266718592120859,0.48367753859108453,0.40667984208579583,0.4484859598967056,0.504752072346634,0.5147611428726725,0.5061199390491393,0.4509223356812048,0.4237261327371137,0.5099399792594025,0.6097845199817028,0.5785478512956427,0.5207180426766705,0.39185038055422,0.4804406215628575,0.5218723228396991,0.536898517104321,0.5783858069744521,0.548012071445624,0.4788829556646656,0.4953731322290708,0.43567428443263134,0.5677388454587959,0.5057571376693463,0.5848941098105905,0.5219264484494344,0.4347893708410869,0.48444294323611387,0.48705160499483163,0.5561876079221905,0.5779512577060008,0.49146708057826416,0.39081212858180303,0.5468390801891009,0.5980860267276923,0.43010080591535305,0.5423594460931208,0.6170044565882038,0.46427168291755894,0.5162167264273101,0.5533229464714616,0.44677129123947107,0.6030330318632172,0.4278778554908612,0.46447854708853226,0.5220051159123432,0.49005037083560854,0.4829744088825898,0.5357850115037875,0.6674856297081921,0.5586096719591559,0.4796945445277568,0.48679280799461866,0.6124013213868535,0.5775271890438718,0.4402496478294767,0.594455430135614,0.46329258739662554,0.47355283258015074,0.3920586741195312,0.44511021420114605,0.5172763777814247,0.474641528624242,0.536304370747185,0.5095597554071393,0.5607374574386575,0.5510907460567741,0.5669264211489078,0.5577771596865351,0.4663966331373209,0.5319708750764803,0.4501069882135467,0.5163208019044089,0.4744653391026244,0.45578033281524005,0.49171838048323957,0.52201722251952,0.44259285709021645,0.40048911643396656,0.5435675155796315,0.4527554038775097,0.6500932217458565,0.51211561063998,0.4791012079725674,0.5950805304111008,0.5081020321613623,0.5833786864285074,0.4088053856738171,0.4800699566609643,0.418565970771323,0.4993304623524054,0.5020540054952728,0.4693101627493166,0.5117366429339477,0.5030428066343098,0.4969080223255112,0.4282292595564675,0.5355906869207399,0.4540556209111075,0.44909744054859363,0.4945121252250927,0.5990135377392689,0.3742594938967551,0.5120846933111702,0.3969368673875751,0.5711145897764609,0.4629991278384521,0.5890206992144907,0.4560253736413323,0.547216111464622,0.4772857388195671,0.5873889492031232,0.5116973245360166,0.45637992961188045,0.519437830507458,0.4205413319246486,0.4262698394333703,0.5056235047749483,0.4445083138032174,0.5714012746359501,0.4777062824263456,0.46176292759302767,0.4596541738853082,0.4711498901102219,0.5024060147506852,0.4645286376582183,0.5395158356843452,0.45282448898221817,0.46807235852838663,0.36144599333230426,0.604500794220188,0.4212275552280222,0.5137416825490327,0.47328522310270116,0.5220475504848971,0.5420562616665651,0.4465224705939032,0.5455116086891273,0.4324638772882375,0.5272735825715058,0.41940663542534656,0.4392494257522002,0.43116052048577014,0.48139362335966834
0.5077620902494289,0.5825252385139547,0.5632123592495146,0.5821931109866202,0.538540124248204,0.5751079719518366,0.5509028822329538,0.49703632570527095,0.0,0.5683891139163613,0.5210404725250097,0.48277093226157775,0.5026742523333116,0.5701056931657621,0.5574731971759881,0.4777832873629922,0.44267454591251143,0.491444069247964,0.46170462704213117,0.40247591512031383,0.4950110549707512,0.6496545868485911,0.37606834357691465,0.4234820595215168,0.4772148597696728,0.4111490713675982,0.49918219962655425,0.3953902056327436,0.520886742567032,0.5620845314383417,0.5911878538353268,0.5722203238760012,0.5613352668216685,0.330932195946238,0.4956594463972366,0.48974140633602864,0.509268808155448,0.5369102423445891,0.5610936722651062,0.4810543061695894,0.4750632212276608,0.587386949508122,0.41910960210163284,0.5293495114748644,0.4272174758088205,0.42752279919436353,0.430393310216802,0.4488228332029274,0.4830789527622393,0.5027290889706021,0.5863885217632264,0.4373546334951194,0.4698065938319291,0.5990380412094333,0.5712423331896359,0.5784351477841222,0.4934508156180158,0.5265985879862733,0.534723161256951,0.48615623890531495,0.5250324211733902,0.48602902744151566,0.46910109408438716,0.42715724321508575,0.5282247218688575,0.45247557997072524,0.5645219367858314,0.5752172906451047,0.4659970890669706,0.5392805599417031,0.6203748606469479,0.5087608399951121,0.545967647906322,0.5731451274470168,0.5585660405171097,0.46531799950580705,0.5859319543246673,0.5584023618937406,0.35964550981957705,0.47159484430963733,0.5169254315987347,0.6615397295547711,0.6637491829059496,0.44691745825060836,0.48913376409449294,0.4853323562485309,0.4834986857012911,0.6015685618367373,0.48676632318072105,0.5740494705507455,0.561291153011075,0.5681631782372568,0.5693017405977667,0.4792445717551857,0.6665272462054734,0.5954416859993035,0.5346982004071321,0.4080087541770294,0.4895731617162507,0.5029738090696788,0.5390307237133194,0.45532868061674237,0.455300469598987,0.42849480828600817,0.5373524002250938,0.40222293634028117,0.4616206206501443,0.37765856194247827,0.46009797801919566,0.43383969275995454,0.5013632841133205,0.483163369348692,0.54626261650079,0.6481804520231503,0.41780166332860097,0.47752761705074037,0.4176647830584397,0.5033596402605418,0.4352841633355637,0.5686373971495567,0.5538105656643297,0.5237236288221805,0.3584734578587446,0.5926490275556143,0.5347061558907745,0.53353464202789,0.5571106057719422,0.4914023174692033,0.4015633530125921,0.543163809383836,0.613143573676626,0.6533942854304683,0.5307723604235636,0.6387299636000415,0.47913509049961234,0.5059016443723384,0.3739296850433737,0.47810614365094045,0.3676750614974248,0.5442169482303298,0.5240470361741675,0.5802395354168505,0.6312164011072309,0.6349519264165278,0.530576049749845,0.4025229328158451,0.6927992102658913,0.5299139409790142,0.42184753749754345,0.36239605651952456,0.49983621707658693,0.5346444396399815,0.50943138727269,0.5048257436301995,0.4667739736328988,0.5494904322317408,0.4706169785191126,0.5573355515653804,0.5478505997237845,0.6508435088119012,0.46134281487000145,0.5258625077644119,0.549115201669069,0.5586215622874707
0.5667696702923061,0.6733440390673706,0.6523671146888469,0.5795763826697555,0.5603645027672666,0.5475817806709996,0.6163128622560656,0.4780791088793834,0.5683891139163613,0.0,0.5318323400485795,0.5409494303187996,0.5357956344676285,0.5379761180918309,0.6010894886346092,0.5223516443973658,0.5157208158359398,0.5829573545586503,0.5466077192844025,0.4605422022561316,0.5929236966967009,0.6089971412939438,0.4408146260141032,0.5263397386268494,0.588062774351745,0.45054207546503167,0.5014875639587637,0.4485828589261805,0.6268650001308433,0.5533180807836162,0.586007873973417,0.609341598494223,0.5616619224931476,0.36959976185849597,0.5626017126749686,0.5047524366658509,0.5252183747162225,0.5661267799106605,0.5222295868590636,0.6084278079012284,0.5711123204506103,0.6000083038595673,0.4701623908830385,0.6146864678221403,0.469939770055969,0.4962997032228689,0.5174892774039952,0.4886497486986101,0.609431042243636,0.5420843616954197,0.6073019320086794,0.5123829445228396,0.4825398103949498,0.6167424296857803,0.5781674201954798,0.5945105424928533,0.5684006320350076,0.5150747629196887,0.7178019093468188,0.5144206535795292,0.48080360954271495,0.43879508513667637,0.49783045340064047,0.4714235646450591,0.5844767157685388,0.5097762451444661,0.5377617007015729,0.5597161073480201,0.5103259420425554,0.5074388672611156,0.5897571087500999,0.5836827557418788,0.5459778960436128,0.6242031376590291,0.5662669236417339,0.5391998815439077,0.5218145827377328,0.6018709503550704,0.40319192469814685,0.5028065463929069,0.6111515629802514,0.5714806929954969,0.6559270341825869,0.48117150664794206,0.5469138344177581,0.553090093389766,0.44237635519511076,0.5844968013105857,0.5437707032873741,0.522219806374091,0.5604893278580432,0.5498557373574086,0.6128720660675128,0.545942299448657,0.6238876206855825,0.6045381646524557,0.47436847910688756,0.48068468502983575,0.46751497172066975,0.5659701450176635,0.5220848886327183,0.43009433611309067,0.5026038836092316,0.5456263114509723,0.5372792180210875,0.45717740423116393,0.5142714476823967,0.44539990183874995,0.5655311307058306,0.5186086018736685,0.5754445335260194,0.5194517680804857,0.5260632099757838,0.5559196703504723,0.46819248032901034,0.5420877022155866,0.5094889079106929,0.6207164238600383,0.5288346110944233,0.5074059980850153,0.5998256609137033,0.4565074478028556,0.40453052195219846,0.6735110474374816,0.5275227640315865,0.6231583290778525,0.5053473428100806,0.46099962632277436,0.47295765063624523,0.6345517548739372,0.6123824598700254,0.6035832056166348,0.4724773388057655,0.5282210788815541,0.5248359568033308,0.5709489565032807,0.44301303017129406,0.5781383506953371,0.4302301169979286,0.5732422854775847,0.5554873278430381,0.5453138049227376,0.6069689062583502,0.5381632887851628,0.5917484482213374,0.4560694377975193,0.5959879067821994,0.5786557886806305,0.5238726680029173,0.37396842384843204,0.5213119163039261,0.6064855988945445,0.5387412068813133,0.6167341653739777,0.5682355721135407,0.5442527563111648,0.5024346653051988,0.6543238972670857,0.5812360862477882,0.6165170273449819,0.5930002943083338,0.5969660805791718,0.5706633014807367,0.5860631819863955
0.5844940688781131,0.5059548140590006,0.6264828202877439,0.5517838555635652,0.4900921224680817,0.536489199063748,0.4710906135612269,0.5198411091624451,0.5210404725250097,0.5318323400485795,0.0,0.5471592142142391,0.6067228731325046,0.47793983353285424,0.47625314646714023,0.5997186199790433,0.5137752662922579,0.5080472242167847,0.5082487839145563,0.4920754120689821,0.5606184548551918,0.5727237745075077,0.42489961774678936,0.529648459968657,0.6018505464349224,0.5191449314223194,0.5077630019233365,0.4909156729421248,0.49544022727307513,0.49851066696079893,0.5276081184450303,0.5525901099992105,0.4665203889045598,0.39342780950859785,0.562379205139172,0.46736721040612306,0.6486873019534192,0.5636859939743396,0.49859178976751434,0.5298569592938661,0.4571200197516062,0.5649698063986305,0.4655310784016622,0.5909016282451749,0.5095124903278694,0.43897983010711666,0.4104114152722364,0.6237328836160252,0.5578116353954442,0.47675352581396296,0.5086509916252242,0.4891170881772296,0.3696594347977027,0.544855909822747,0.5556293751106813,0.49828151335247,0.5209529636662493,0.5539522127856079,0.49974798804253334,0.4467652956730815,0.531602630845335,0.38155993519897485,0.49277567552106477,0.4495187749033553,0.4417322241019455,0.4664089390924122,0.568519428095794,0.5087060331652014,0.5172095448425512,0.5925448080509609,0.5378924641352235,0.48487872003538557,0.6526805350123585,0.5972905940114482,0.5500197672367222,0.4354626134728897,0.5599256310599101,0.5046154789808209,0.40410459597305276,0.4586166998610504,0.47354094661917345,0.49471838682686153,0.5001592541296906,0.5188773372765226,0.5177644209941327,0.5528906666580187,0.5713937274024532,0.48080826446257036,0.47123652938602634,0.514346179202679,0.5275550476248887,0.4385824468555814,0.4788308392178255,0.4730259233733773,0.5004751524525374,0.5423771608826354,0.43107400676460594,0.46520386994515717,0.4173144492655297,0.5018204758016366,0.48607884189846096,0.46304428826272254,0.47197967998939283,0.46496116544414806,0.49529182912795744,0.4498486154963141,0.46648611358782144,0.46860682519412333,0.43803321227343345,0.5412999686406289,0.5899033326435832,0.506725017875168,0.5700791093708848,0.5409880771294815,0.4405971146606698,0.537162697016133,0.4355232430897869,0.5719256529042742,0.5642014317587717,0.4804865473331303,0.5358023816024245,0.4480817788614455,0.4395438316077491,0.5191120496523032,0.48627537937939724,0.5391825214585129,0.435364632671679,0.47413660616956055,0.4696625902355342,0.5005688562759697,0.5194297463139578,0.5858186970174409,0.5667429958058013,0.5235467781885119,0.6343971456888624,0.4383622028589329,0.4367100854049747,0.5096148975198413,0.4612046674953943,0.4831066997015988,0.4673190622651628,0.5083541736887279,0.466163725611998,0.47043553690456635,0.6046027980139923,0.47488620054598635,0.5281301373657801,0.4179223930013755,0.5038600692594875,0.3749272999886323,0.6108261564964526,0.4219771653927976,0.5387283556886254,0.46376104201938934,0.5346509860478454,0.5803952670458221,0.5958318404078508,0.5987072194553011,0.5171852344908606,0.5539868398189183,0.4215871206499387,0.5154322982478525,0.44262300882447436,0.6901467470703823
0.5166300534397164,0.502353389793582,0.5905678746978223,0.5841500308530374,0.5474959424361026,0.47215023999166633,0.5100501997558052,0.5461507469718191,0.48277093226157775,0.5409494303187996,0.5471592142142391,0.0,0.5023269987967086,0.45344594417397815,0.4965150590108957,0.6136859437328225,0.5632190620724711,0.505487905537885,0.6165819391374923,0.49554860299058323,0.6739698217672437,0.4829342920759682,0.5242753919702016,0.5456511407152388,0.6088053450601137,0.5968479725014337,0.5533846953335664,0.4986827257431396,0.4797049491196458,0.5530960171450457,0.5851084803613036,0.5758578261997203,0.49620632788095287,0.4678395034202321,0.5631197903128762,0.6087344913487899,0.5189735105160417,0.6221683113952687,0.55713547245348,0.5827459328567829,0.5807700708295768,0.5222084022362792,0.5356185699477415,0.5961363897985448,0.5952941096060875,0.518189665793267,0.49602431573504135,0.5005938059618237,0.6342928470333041,0.5771062236530001,0.5761309310344099,0.5607369246407204,0.38481383783079176,0.5668908110626093,0.6170746557820213,0.48519338914346294,0.5847272899427984,0.6629213640623863,0.5233276508418031,0.537633369587606,0.44952913231915137,0.4197154176048213,0.5062776006979652,0.5414161481273052,0.46253278196679204,0.48097003600839344,0.4980974076074137,0.44602223521887047,0.5222802561454817,0.513620047870879,0.5074005783572626,0.5358111232081835,0.5500457700230715,0.617877313825692,0.5316656940451165,0.4396936088245821,0.5465273603153401,0.5712398973739038,0.4707153772155469,0.4194553677447725,0.4547004543459281,0.5150849547459466,0.47991858725732384,0.4928235641689795,0.6604176087375839,0.6270212045893453,0.46909668368049073,0.5340358096523317,0.5348220525852823,0.49232055113722695,0.611390575143331,0.5115919776275218,0.5502489707373907,0.47635144581905303,0.500336137822304,0.5102540315380173,0.4389653974616558,0.5890910706791516,0.4639228154828306,0.5760701788667107,0.46870711046109076,0.4858388324186491,0.6575327047053144,0.6010704932046732,0.5631264453882735,0.5394486941438138,0.5810408486263637,0.5028060907034573,0.5229321659227065,0.4909088810033969,0.6841576765169286,0.680293990348432,0.46457255267440806,0.5580605938975154,0.49136852502024186,0.5677319111959719,0.47873850879594326,0.6328982356214639,0.5722371423317166,0.4960603677089024,0.6038241355981352,0.49056709599646015,0.4376575046430201,0.5335347010590621,0.4304669114999717,0.5654863850469155,0.4990775864302944,0.5397654715118202,0.5666478260495872,0.5345864898511745,0.5257121231002014,0.5652094665159377,0.4588265769276259,0.49800693147381137,0.5462694494956364,0.4193891918916944,0.4610535847770358,0.6099381794150338,0.5117429686977376,0.5937914504630776,0.43104385852017313,0.5092555938197593,0.506731427119255,0.5100847020819181,0.6144093780493725,0.6035877395070189,0.5585346184399211,0.4413620812572377,0.5729513424506432,0.4220587692649201,0.60290495981623,0.43542933990062394,0.6047859486773557,0.5687456840262763,0.7091988131383713,0.5000171259426496,0.44232191628505635,0.6198540615757869,0.4571651639359777,0.5520973193425576,0.4339508973190595,0.49563265472668555,0.49927216332551194,0.5561148926436387
