0,1,2,3,4,5,6,7,8,9,10,11,12,13,14,15,16,17,18,19,20,21,22,23,24,25,26,27,28,29,30,31,32,33,34,35,36,37,38,39,40,41,42,43,44,45,46,47,48,49,50,51,52,53,54,55,56,57,58,59,60,61,62,63,64,65,66,67,68,69,70,71,72,73,74,75,76,77,78,79,80,81,82,83,84,85,86,87,88,89,90,91,92,93,94,95,96,97,98,99,100,101,102,103,104,105,106,107,108,109,110,111,112,113,114,115,116,117,118,119,120,121,122,123,124,125,126,127,128,129,130,131,132,133,134,135,136,137,138,139,140,141,142,143,144,145,146,147,148,149,150,151,152,153,154,155,156,157,158,159,160,161,162,163
0.0,0.4994349343773289,0.42036704070406655,0.4837968233819053,0.5310605647644723,0.479950916064907,0.5296537188800869,0.5279479420253758,0.6438665632993144,0.3994873933011078,0.5236426265921542,0.44788139734091215,0.5806771667586477,0.5751317126761815,0.5178590752877318,0.5098762807765249,0.5635359074398836,0.7279570588534967,0.5249497840613628,0.610019137800255,0.572012018220823,0.5029125302865916,0.5985659545419485,0.5145278577066471,0.5274456361347186,0.5267001742129699,0.5177639055831738,0.5472745738929038,0.368536482766619,0.5600889579967714,0.5321590887647145,0.535089939589345,0.4644354964892461,0.5004833380876519,0.6488638822624458,0.5246817008829867,0.6040430372533647,0.652217072457565,0.45763580191760217,0.5763331324927842,0.5335642731248973,0.5888814329659999,0.5715400870770566,0.5085701390697808,0.5410039931695767,0.5646725395661997,0.5622172497419069,0.47398164345042554,0.6388194602567664,0.6428869139085498,0.6229813263094786,0.5790611038974975,0.5882281908844982,0.480222720548263,0.45663266100086775,0.5606236291222311,0.6877266730068918,0.5295882175610767,0.5758963678418023,0.6047934612718022,0.4958454890123148,0.516829169641396,0.6199468212417398,0.5144423559833531,0.5765075500227491,0.538804373246414,0.5373660504398643,0.5716162945644423,0.5316638279581236,0.595426392363929,0.6273437703431278,0.5936348166388113,0.6198861608349715,0.5982669647426855,0.5478218766270442,0.5672953369224722,0.513984628858187,0.5154355713515216,0.5457888754962684,0.48338436593382783,0.5263078936694295,0.633476692499897,0.5597911753101749,0.5632796710825186,0.6134652910765633,0.6748985318230646,0.5702980096085514,0.6421281912224396,0.5742660755014763,0.524667891304023,0.6773014940084355,0.5357618032695587,0.5528508637373625,0.5993787628000213,0.6295211842955574,0.443226949933243,0.48009562498846464,0.5038053063631707,0.5611725743355135,0.5534246361819523,0.5155996319234535,0.4616665575039567,0.5135382381059963,0.3994514765293918,0.675084529275782,0.5524648943798692,0.49385189254906214,0.5319332007314794,0.5538284929958025,0.49353031856945473,0.5201493904576221,0.6500238902979082,0.5902401686056179,0.5464690165931121,0.6189817057376729,0.6023824851600444,0.5905784967420188,0.4429002021696312,0.4526760820496478,0.5581984975688696,0.5933058512924342,0.5318695861941228,0.6110464665409139,0.5720558055345968,0.600104950194427,0.421708212718279,0.5416184768284399,0.48103077233490993,0.44351599199100417,0.5645652138783581,0.5387872032190291,0.5339441833246971,0.5529663636845379,0.631887251256978,0.4818166132872983,0.5163112187978663,0.5360805376816358,0.576032422227261,0.49972300140863085,0.588282941505908,0.4568424143210143,0.5249509483443209,0.6350231129154675,0.5581903440295333,0.5474359429963443,0.613758492129575,0.5974288254892243,0.4751649929326607,0.45899655094321723,0.41808850811347603,0.6246009829554027,0.5435175168421869,0.5598846240712411,0.4630152639281984,0.5050938384478295,0.5701650205197675,0.5890555841208325,0.5110268486044077,0.5048645108514619,0.5867638474812092,0.49204687397848396,0.6588120590273296,0.5114678797273128,0.7225129127899566
0.4994349343773289,0.0,0.5635808930549385,0.4882499678357751,0.473669444571996,0.5921578623194823,0.555801782555035,0.5792932296152679,0.47051767879120465,0.5854922776148871,0.5740094601585709,0.6064099868104089,0.568174810079095,0.513208417011574,0.5391366493966854,0.5429476999225484,0.528250511535407,0.49347261495196393,0.5878403417462839,0.5098871530721285,0.5832329042243592,0.6124906966871247,0.5260232082448927,0.5429495327895756,0.6363404397807646,0.4451748648853606,0.4856905566746511,0.4864456695881474,0.5287699868819226,0.4787159135666039,0.5654233070854006,0.5994195173863707,0.5223674762680215,0.4823638553463308,0.5249206129858139,0.6239592297636734,0.5661778928988077,0.5328521987358239,0.5518117376502947,0.5332546962400307,0.5921553751013285,0.5187092394408515,0.5048539042182489,0.5294839673521115,0.5720921780213155,0.4864699647012851,0.5207497772718249,0.5564583684564013,0.586215041983196,0.5191759991019347,0.53520853451214,0.47922104735129917,0.5075473288396383,0.635270233678488,0.6120553202193751,0.52817153397598,0.49666182226449,0.5540612599243994,0.5708921103911044,0.5349490921200732,0.5745574738266176,0.4513691267774569,0.4991728585422449,0.5090682776311477,0.4521574497499688,0.4490942231097212,0.49470965914312826,0.5110042947343075,0.4822956077884654,0.5372160266123351,0.4894721974480869,0.4859476710515587,0.45787638592509994,0.5688509990177752,0.5406096249153639,0.4837734514911752,0.511895852386423,0.5673588537427485,0.45217202049550365,0.43112680715321317,0.5387148976057511,0.4829960985383547,0.5955547248370954,0.5400879161550638,0.4646038755969053,0.5740492548797321,0.5048909936596508,0.4937973087913682,0.5218974609972435,0.493988081754119,0.4808303597481658,0.5248884223436109,0.6250395958937494,0.4748938288176305,0.4854492162742916,0.5940629436659939,0.49298047631285435,0.5317245100030658,0.4473039637554445,0.5039463342012104,0.5245648163433798,0.4854629281480752,0.44579657518384463,0.5002518010832716,0.49871971353783756,0.4793681796988533,0.5091417993894796,0.5412150316774905,0.5504124604451299,0.622249586960841,0.5638247047598501,0.46552465683189775,0.5073409678594236,0.48746896341750545,0.47400716036274587,0.47918753050419954,0.5264595566665953,0.527450039488391,0.5379416997714165,0.45964870517694584,0.4562537318823009,0.46526900757051487,0.47645794825561716,0.545440224613616,0.45923368876430226,0.5978406235153388,0.45508270238756504,0.548765566789824,0.5934573702175143,0.5194626121186192,0.5145394673795132,0.5095788810360046,0.4481095932112691,0.47904734411180144,0.5549714551205324,0.46506467918078964,0.5322152277277402,0.5075180246390957,0.5454863427095206,0.551827760101026,0.509479333784267,0.5616403094995641,0.5404129270199436,0.5649035643001851,0.5802782129761154,0.4748932222495493,0.5650882032571568,0.5541942527466441,0.6029951095456071,0.44569819473944894,0.4790676351033356,0.6000347422966195,0.5151733446704136,0.5874249860243589,0.5801063553755597,0.524627266773239,0.54331578412694,0.5478417937725722,0.4754004513243972,0.4669011602193177,0.5376535895207077,0.4984055924756441,0.465043999128811,0.4731348670449922
0.42036704070406655,0.5635808930549385,0.0,0.4081736865814367,0.44797678109344485,0.5371501282801636,0.43318313707509293,0.513833484412563,0.3970927628175151,0.604644904338661,0.5867343433241318,0.5422919122855924,0.5201334232223692,0.4252025672515698,0.42755689970294,0.5987991451954273,0.5208443028527191,0.43230663004407244,0.5016963856919889,0.44538038007050235,0.5196018552013623,0.5955724986911681,0.44695481318432806,0.45707785427828335,0.5350342568277542,0.3960150427363847,0.4449751183979755,0.45614196145402297,0.5447574825327764,0.467361427082978,0.43286560331944457,0.5493475946261603,0.4155972030693849,0.40878181445643497,0.41283358655426844,0.4912807237455887,0.4770969170618124,0.464265474585945,0.4706676075556737,0.44553041284559847,0.45851674523924874,0.47261769438151185,0.45933454934077717,0.43397195345371636,0.4709461560517183,0.41598371586167765,0.4477871721829859,0.5232436665568897,0.4771827504856123,0.4477802438388231,0.4470449866613514,0.4124840387039037,0.41553272480151365,0.5129598581671173,0.535668716447717,0.42485762818583667,0.42816051464301325,0.5500117094728181,0.46587033324090854,0.440228313012353,0.5083686941333757,0.3906331356510984,0.4558975595502563,0.44489478768956536,0.3796575520802983,0.392635325693251,0.4075592216569724,0.4446975725244438,0.4891376364905328,0.4922518965957807,0.41207355080550306,0.3960212546541205,0.4001844693949466,0.5026700724873742,0.5229475679001618,0.39020865762526513,0.48178623113804925,0.4969542911387525,0.3902742770648969,0.382259346858605,0.46795967212496026,0.3929210389404913,0.4978748640033614,0.47797042406847756,0.40052036397870777,0.4669446491209923,0.44506848438060553,0.41110321179614495,0.43306745276153574,0.3967652900214941,0.42773734138725766,0.39623914785382236,0.5320202191106361,0.3944793127456115,0.40417750702845523,0.4837076645890353,0.41952254962205,0.42985243540543816,0.36835376002755554,0.40821066094373976,0.41206420983446884,0.47182069861642967,0.3724122254372113,0.4427454876537776,0.4161061561731402,0.4360292220958774,0.4703183882264943,0.5018105008736554,0.4490544286131148,0.5285576289783155,0.4649428174953992,0.3950597127004893,0.4241476749137979,0.4442937476235753,0.39739010563521787,0.42580819144246757,0.43165686619959137,0.5440301283690094,0.5143936042701658,0.3882423375649082,0.4004436841256535,0.39945938144707704,0.4057389321607798,0.44429029135581205,0.3730481535362225,0.5285857923063254,0.39332381832298685,0.4813463400923029,0.5357448468637436,0.43154972008418496,0.46574216668233154,0.5105982385803971,0.3925618166931955,0.3872534242118561,0.4811316811000594,0.39238889844867664,0.46252239856748323,0.4046702615345318,0.4956366658355546,0.4554240090429391,0.4117975830034587,0.5038625565925916,0.42278380047692243,0.4728101757921134,0.47862210295300256,0.3970696894849043,0.4612295496630714,0.4860409508932858,0.5780722669435827,0.44611591574658066,0.3914423633343379,0.4635244572589022,0.48690820890404013,0.5372277379907048,0.48682562757554815,0.4343093697183807,0.47780529951979556,0.47817455077339327,0.3747354576900567,0.4083809557384401,0.45197731286700465,0.39752566264623324,0.3935329795141809,0.40857432990841436
0.4837968233819053,0.4882499678357751,0.4081736865814367,0.0,0.43367547482290847,0.5138070410407256,0.5788520181131119,0.4961924426243883,0.43180882946846594,0.4134517700483742,0.4789727798988402,0.47172295939714526,0.47593433024645865,0.455490367070349,0.49191846479814,0.4258958974515324,0.45861654354362763,0.464032141909811,0.5094803836830081,0.41277726084752936,0.5001273652086328,0.44144628869555164,0.5070960897673679,0.467888062861864,0.50465234640742,0.49393172666003016,0.4440705408162845,0.47245713408061507,0.38770900573706857,0.4110825650163848,0.4772391788839761,0.45270041479360557,0.6646435196822059,0.4789918996383248,0.4940141022891413,0.49834066275222694,0.503998478038991,0.46386163998077734,0.42709888496487264,0.5157230534150327,0.5734001034651004,0.46808673943321455,0.4476745032584976,0.5311067846527386,0.4784312912594423,0.45273797239723057,0.4437721802455132,0.45080924147539725,0.5016070629006334,0.44217129683644085,0.5422307769893978,0.5598386762328729,0.45530263670981147,0.5547359342770929,0.47437158561320686,0.4807316483872397,0.4605181782706223,0.507343765316076,0.46759828323372654,0.4593090091530434,0.4937868113416949,0.42087638345227835,0.5252951390528865,0.3998949880287072,0.42344662537869254,0.42946620891543785,0.48202962045295716,0.46628116359003896,0.41539724325464794,0.5146186563722225,0.4686469944393356,0.4342663959348502,0.48067454624600997,0.5196684412154332,0.45739333145275723,0.4530893778530163,0.45767078728415445,0.4918309687607447,0.4626705550024168,0.430136949020706,0.49226974321062333,0.5071519713267071,0.4740776696670132,0.491762967586261,0.4787930884282854,0.5018771877812276,0.496449694610625,0.4679515311078077,0.4860646708440153,0.4483905408249643,0.5222367651180673,0.540656880041261,0.47101727887793093,0.449756209846065,0.49488043143811117,0.4935484689306537,0.41934058744267827,0.5324565919209249,0.42805931972811173,0.5309323265940351,0.4447261374088725,0.4210137423775909,0.5644770134859474,0.46499270549146626,0.49035402102052106,0.4377284979046066,0.43939463358146236,0.47618736331770467,0.4832012970208681,0.4559487259374999,0.5702616053885806,0.46874100237203203,0.551410562153169,0.44319644663568947,0.5062625442716114,0.4915488485126742,0.5049687215580099,0.37822311015445514,0.5372802644368001,0.500465542429795,0.41108012536219946,0.5609176684838685,0.4611408573722626,0.5228971541044396,0.43443737009448447,0.4627869930466365,0.4506198107967408,0.4315770653316887,0.470638852004839,0.4444752570344365,0.4250713732870059,0.43191170323360767,0.4341041835111689,0.5088800650790087,0.42097638574106405,0.39500297860440736,0.4124971052705546,0.4929771022861076,0.43760396402934065,0.4664776458165109,0.5966049860945433,0.42416382491168675,0.5193057945227146,0.47601849976386845,0.4740778419280302,0.5019894597124739,0.4737921925197613,0.4534053668597787,0.41974475643639014,0.3609869713490596,0.5113468627040054,0.5241043751008868,0.4219669766438508,0.4139377617936793,0.5568614639274311,0.4654446043790626,0.46309199509354376,0.5386977363578725,0.6078675064674979,0.49487195884305085,0.48717595173959444,0.5052956692496122,0.44285069462209137,0.4894502459456104
0.5310605647644723,0.473669444571996,0.44797678109344485,0.43367547482290847,0.0,0.4556004608020993,0.5175688635246141,0.4364186463315918,0.4813239604683743,0.39422574698840823,0.5518482463802161,0.45823941078086405,0.47943443309455364,0.4608474803526518,0.5025350877078022,0.49359115551487115,0.4943732400526518,0.5076626373455553,0.4708278842728799,0.46575513139349634,0.5245099061065254,0.5423229458937331,0.4870165118495032,0.505937493238985,0.4696638220200969,0.4620313810903153,0.4410477964998255,0.43426758572787666,0.3960247983397804,0.5420460224063227,0.46469955252981676,0.47047065931646925,0.44123128655945903,0.4090942321328355,0.5074737082422055,0.48038963345964036,0.515869888247628,0.508300659037516,0.4651154228647406,0.4921369795407367,0.498010791716974,0.5148752762184501,0.504130818070006,0.5157365854450822,0.44233905382482824,0.43908062149065996,0.5186236105549135,0.5108233620490261,0.532791632024606,0.5179015956253997,0.5219262196905334,0.4857465634706682,0.46174797144305885,0.47303410961736453,0.46039837362533326,0.4537869493079901,0.49823617947930515,0.525234950829796,0.4680461653878394,0.46704948127395823,0.4229869054848281,0.4237891200142088,0.5087720500602085,0.44979459286747187,0.45603784567090555,0.41320289942807803,0.42842204339956397,0.5166157765038925,0.4654581176694422,0.48071044014584613,0.5052655246308586,0.458431357045818,0.4485741568374159,0.4989494271627916,0.45857686636144224,0.4271422150967901,0.46623304935708443,0.5522303892466162,0.42061897110866037,0.43372434270252747,0.4597005092781711,0.48338217277078643,0.5446369880719548,0.4454433909734087,0.45261016879610694,0.49580591865967233,0.44806874485812614,0.47012361300276373,0.42577630262915683,0.4309404786678344,0.5827405635412978,0.4483873535499191,0.5585763068878363,0.44483372475493677,0.47871183370239223,0.4493372145950365,0.40443108265835676,0.4226291445320401,0.4522654971738721,0.4201911485094558,0.4455955612903181,0.41146511085981924,0.4219443669625165,0.3909666773305468,0.470725482714662,0.4513046726710993,0.419392851136454,0.450960358110213,0.47280257323950303,0.4754323868492997,0.49108288870661115,0.48662378379772053,0.4503378689348999,0.4402543103255037,0.4550419816962349,0.4831086013544533,0.4430731315691444,0.45682120978833723,0.4421457495517957,0.4369807870686964,0.551277784447147,0.4296656591761429,0.45623565010597394,0.5080120834863553,0.4699230128247079,0.4280172049194953,0.424787171232756,0.4611386467394613,0.41913560245635284,0.4769654274105285,0.4460635905228349,0.4810127457280272,0.4216421002122758,0.4898518660040355,0.44996780590767743,0.4746944317184497,0.4821190979933587,0.5063591278887702,0.44608489427509423,0.4933715179986445,0.41673136982087283,0.48109628532701937,0.4792617211487773,0.4833715416452042,0.5002308287163606,0.47206498163198285,0.5806828346070722,0.4362451293228211,0.4337049238370915,0.3889575343619218,0.46432407869448,0.4731939932053645,0.5080436919858745,0.45671858907247076,0.46014906511544323,0.4603925377902055,0.4952268527033761,0.47536036750741795,0.4451384486818347,0.4670064281050037,0.42194915709404107,0.4765575034462762,0.41718993386710973,0.5826167542226538
0.479950916064907,0.5921578623194823,0.5371501282801636,0.5138070410407256,0.4556004608020993,0.0,0.5118575674583471,0.5814627477869011,0.4461074488688909,0.5250636103122894,0.5425476460925877,0.5915251667363611,0.5465869660936008,0.45668855345259357,0.46153053918735043,0.5416025157791682,0.529591066946699,0.4555244298025401,0.5887462170264796,0.44958711789212263,0.5793738984524748,0.5104567260422425,0.48125149671900214,0.4685257531377117,0.603058271921667,0.45175249572999,0.4390340186106474,0.4842357004410678,0.4607016447560703,0.4877054726217956,0.5022315827605531,0.6013571554805867,0.5105145839515735,0.4813300269047096,0.4653188304369469,0.5408985905648289,0.5433706712289823,0.49349562397308944,0.47472982825469473,0.47488535907982626,0.5307283690175827,0.5360088955058346,0.4842389065128834,0.5194763205215577,0.5063264561487791,0.46154483295031423,0.5088217731593772,0.5216539492360337,0.5098366095109756,0.469660864703453,0.5376567393360742,0.5210856293807947,0.4678293246906958,0.5872446820185808,0.5421886657581894,0.5371116966859926,0.4739665314357043,0.6479472659042369,0.47937691570981183,0.4803903024091126,0.5674188327665769,0.4577051455086821,0.5517383353238678,0.43430699754551494,0.4192662616719467,0.4409875044703054,0.46011303655388386,0.4999435615442352,0.451220634769254,0.5522360114682573,0.4728935346324509,0.427943784632759,0.4656254596455792,0.5553890613219925,0.548339463152464,0.46290199688612627,0.5068313245170103,0.5498618340163897,0.44528040123428914,0.46047456874948395,0.5860276386781391,0.4700991566785457,0.56134191079599,0.5405136240709124,0.47318019604383543,0.5265731652412755,0.5400660527487686,0.46464926910122284,0.5187291334434103,0.45979215785205174,0.49545072899963855,0.5102354115631675,0.5380476833603856,0.45367187251183866,0.46565797858536445,0.5625950373128931,0.4653077995001107,0.5529882333776772,0.42425542041941394,0.4975349019788186,0.45139950445773724,0.4859518587224973,0.4648778808339052,0.4898489166205483,0.4892239194261109,0.47618533985134875,0.5077365242898086,0.5351239779538951,0.4900094030226231,0.5472091225154446,0.579249476829837,0.4484422038209794,0.5453992394277805,0.4809687191285017,0.46676337531258666,0.4854896858157559,0.5363472425962571,0.4497261338560657,0.6072346098679507,0.47330807609118064,0.4163421943271163,0.5072222333264907,0.47144907957155585,0.5398212150076883,0.424159628210093,0.5489207054077212,0.46532605259895277,0.5002841712575327,0.5625108403455275,0.4447906830926906,0.5108838448840007,0.539014324074092,0.4359842792141113,0.46747950409187633,0.4653674993659807,0.40995745305478437,0.4746627155927717,0.43991893965590767,0.44681340731158836,0.5009966415978202,0.49680523473718025,0.5245881744597743,0.506454453403088,0.5218555590810968,0.5208751829135108,0.47121341064208144,0.5214553936289938,0.5322803641210835,0.526432525854703,0.4362675538806344,0.46493365387017693,0.5630622871661238,0.4555388547035773,0.4824716560831435,0.6065315307279888,0.4795917582367302,0.4822611674380463,0.6081928877528711,0.44126167409463884,0.49423806527684977,0.5090903986034795,0.48861720221910276,0.45383047401213733,0.4589084239068582
0.5296537188800869,0.555801782555035,0.43318313707509293,0.5788520181131119,0.5175688635246141,0.5118575674583471,0.0,0.4953052236625035,0.47010924783473756,0.44221999593210753,0.499694959183207,0.5186053798753645,0.5053470744579237,0.4813322869176201,0.6295898610344236,0.45590885596361636,0.46841335792316896,0.49846526926602713,0.5240240183151728,0.45543171177844244,0.5580564906517871,0.49593449185632754,0.5544891680213743,0.5839751866606702,0.5544691936941656,0.526587744399376,0.44813092814077515,0.4442428843129673,0.4153262953565991,0.45129115077549825,0.5714858719778911,0.4943764827924004,0.6165315817281848,0.49554331603397017,0.5438082867554247,0.539524241294229,0.5985407587287674,0.49442538420069065,0.5047067374784872,0.5797782435484287,0.6377200534453186,0.4979680679197331,0.5139843317434664,0.6343139546954166,0.5239940050001393,0.5042402866036161,0.546180105085855,0.5256305053542394,0.6062341104456321,0.49453950807126,0.6094371287256701,0.549366922450664,0.48983250176039633,0.5839639155738595,0.5180733985137214,0.5464063780314359,0.5036528903683453,0.5052742397596591,0.5307361805813587,0.5026278432899257,0.48928087961741856,0.4497429906868023,0.5140854664504465,0.4390818990891818,0.4833794207603626,0.45927986605674176,0.5287411872610076,0.5754983649561649,0.42568709703951146,0.5079257575759869,0.5481080349775416,0.492732385042694,0.46668057330457635,0.5529909411112484,0.44821598549590325,0.5169321924353552,0.4999933200847916,0.6159324430542287,0.4830300784320022,0.4773386171049519,0.5333139071363749,0.5574959859909973,0.5957146455772223,0.48342720713137805,0.49233291153077696,0.5444782415678776,0.501745696205783,0.5199552147700821,0.5073478628485979,0.5227720380685046,0.5382691513209864,0.6159990998931997,0.543588267858795,0.4926444910465517,0.5250130995588957,0.5677434269285635,0.4460674433087682,0.5402434885872074,0.46757814616666676,0.5362008653054445,0.5200998930911845,0.44840336794524555,0.5478562090010423,0.47626615232701003,0.5006914459072694,0.4789673462103401,0.46328123211785777,0.48180322911532697,0.5741733162511602,0.5529172710506152,0.6359579404206313,0.5084055555637207,0.5413497355683561,0.4494458179605738,0.5136974946407561,0.4930771750255508,0.5221873743166697,0.43506366154885145,0.5012660020737751,0.4774133917514252,0.48132462246715907,0.5178026293049534,0.48884282593751466,0.6497676525317342,0.4901310370732146,0.5128545478053936,0.45834025685925145,0.5034988741009981,0.4779503930669659,0.5248880610010714,0.4440160422100476,0.4550596535190084,0.44901685464187,0.5263618323677751,0.4818761674950455,0.4769625943438428,0.49582136886178063,0.5979599875728673,0.47523606499772764,0.5535331955111075,0.5605862281083437,0.4696577764285901,0.5755781511404258,0.5077091817796395,0.5699089974140991,0.5552380290685097,0.5832718428051742,0.5176652585419006,0.461072496672914,0.36772046548962456,0.5468198703440058,0.5724113131278652,0.44838349948364475,0.49937412885009275,0.5927016248769345,0.5436463626644448,0.5187072641248607,0.5970497169883794,0.5961136022268154,0.5116770819117286,0.5308482800708348,0.5480664161834924,0.48974170864086697,0.5378522816004528
0.5279479420253758,0.5792932296152679,0.513833484412563,0.4961924426243883,0.4364186463315918,0.5814627477869011,0.4953052236625035,0.0,0.49629770425233316,0.5052209589551467,0.546994569096494,0.5381874412829694,0.6509163978934995,0.5058024987273169,0.49349023528668245,0.5762562905575934,0.5494703697080546,0.5219627673529328,0.5660692205178199,0.5321968329561259,0.5857306813273355,0.5258814295520071,0.5363614572648863,0.4963818921049363,0.622714995945114,0.4911174236212642,0.517489615642529,0.5338359885432469,0.4251009000907007,0.49459293432513046,0.5528016290329104,0.6318429364181388,0.48739601736176996,0.5267671011671472,0.49784139319803994,0.5721298402991118,0.6237755050669612,0.5727973301030638,0.5065235096817337,0.525672716482285,0.5293721910864341,0.5245389951937831,0.5499257266828331,0.48451951720261477,0.6548723833596887,0.543496607360084,0.5032152861673364,0.5124404058065541,0.5667979027303843,0.5309176175834865,0.5618211289497566,0.49923768407249236,0.49077457604004016,0.5514497848451064,0.5413805319192992,0.541073422206502,0.5335801839326395,0.5878273215015978,0.5440280628509389,0.5609249789654057,0.6909195950150677,0.49038317184054137,0.5612562256960901,0.4849744627181152,0.45854446664979864,0.5056236572715179,0.5436228701520588,0.5364881201615506,0.5146277840880076,0.6809905788826026,0.522585965123315,0.48637353772151565,0.5030008342741853,0.6330318143117416,0.594095863004111,0.5051803958121617,0.5811106630205702,0.5237015451791984,0.5217022322842081,0.44380622996717345,0.5465469353544679,0.50988877380421,0.5624068210882632,0.6361287976874479,0.5151529836536932,0.6323084051508808,0.6599917839097205,0.5386789297554465,0.6175358252425216,0.5251468147370538,0.5022147882134376,0.5070593311452685,0.5439007449364723,0.4983464654522421,0.5013185362098582,0.5145241375922996,0.5272596896339942,0.5413345549900824,0.4452533507583515,0.5601391544653095,0.5036808463317989,0.5999648003839246,0.48040433423155643,0.45730500407300645,0.5532709415402225,0.5472787822552978,0.5790314414389567,0.5659171819996952,0.5431742434180088,0.5501482213903494,0.5379581860491492,0.49791190196108276,0.5674445620833565,0.5517201166650398,0.5179074109175819,0.5109936835743177,0.5470837232486763,0.4807426920634582,0.5054503627794548,0.4902871738774315,0.44964386815857493,0.5625804950112828,0.5000138361986111,0.546382562426525,0.44875940396618946,0.5202910369772175,0.49532915058667726,0.5737208865423167,0.5392344956782165,0.5219461567746659,0.5396279622854102,0.5636733241812945,0.5220605660597205,0.4865684031182474,0.5281634750528649,0.435746612247347,0.5209392304991752,0.4826811025363032,0.542443490789825,0.5859856588135371,0.48487821460990804,0.5420861725847783,0.5450049240943079,0.5595977685594731,0.565858382386747,0.511086423037244,0.5410672840546633,0.5519771476592193,0.5492069559538068,0.44172325642246973,0.5266812434334298,0.5347120402907765,0.5077380660733416,0.5301176459815269,0.5856851441242917,0.5855459228666028,0.5625806309521887,0.5722397364532144,0.4464323630117431,0.5117116716824484,0.5299724676269368,0.502119175493706,0.49696308665279143,0.48197073717657596
0.6438665632993144,0.47051767879120465,0.3970927628175151,0.43180882946846594,0.4813239604683743,0.4461074488688909,0.47010924783473756,0.49629770425233316,0.0,0.3834475129194189,0.47494411632398786,0.4130403239640631,0.5114035776340217,0.5540337539250453,0.4676509970786399,0.46093457588783726,0.4859536390765077,0.5976664444750956,0.46185300963649123,0.534650856760503,0.4850531896948009,0.4879135737356534,0.4967109998671316,0.4390836870736637,0.4718327071505051,0.4379098168155733,0.5066872401379077,0.47947648760672357,0.35085645641902485,0.5588616001537482,0.4984005090753333,0.4895151453358287,0.4176901811910256,0.42580566303119843,0.5562734119918333,0.4725007422125862,0.5220291642763674,0.5756688896105641,0.43204965573610227,0.48045352243582284,0.4524177703341426,0.5807987509382867,0.4780368326439034,0.4392795166718125,0.47382287233886516,0.47771535448588115,0.48012284894822094,0.41932658695022346,0.5257323127278377,0.5517355572353262,0.5174510380708546,0.4648406833289165,0.5416722196490394,0.43194663418856805,0.418046489897039,0.5410820379994963,0.5549086688761773,0.48341095642094456,0.5130339768675155,0.5305746806453494,0.46277130064993666,0.49186931580228477,0.5005144062521132,0.48364126162822657,0.5218872699625453,0.4696312708215324,0.4977241700103827,0.5172340766054295,0.4982164529350208,0.5548118220638362,0.5509205948388278,0.5286520086923294,0.5614990559992513,0.5119173457367315,0.5152131026214458,0.49705504088359687,0.4709567072049278,0.45948156495151243,0.45135371855505496,0.4324663567346027,0.4636581265998119,0.5901630332429714,0.5260561889532116,0.48880317025845277,0.5217881239998272,0.5658771942686424,0.5328217964897988,0.5793218033353547,0.5081887224704786,0.5200517433876508,0.5680101958960031,0.5027882577747704,0.49336109338638684,0.5086109236654974,0.5774354106450035,0.41761151942988056,0.464119341767164,0.443475075581373,0.5457674889757063,0.48043503006777866,0.48272781753113214,0.43425730614376806,0.44629925851708857,0.36764669181498605,0.5805225465770082,0.4681482823597513,0.4396527754786582,0.46848769956262193,0.46861436910919435,0.4401055921078972,0.4482318446653584,0.5499460014213668,0.5224247364788741,0.5533470983966886,0.49134708473925715,0.5163120906913414,0.4935093295336244,0.4196833883633122,0.39627260426483585,0.5439097210287135,0.5272134811534622,0.49142454388246637,0.4982886343036065,0.49199487508896017,0.5827407440836007,0.38629236444109827,0.5146655290085892,0.4504209474681856,0.3956000778733695,0.5003985520996924,0.566508720438935,0.501032118745211,0.5309260480674182,0.6070833726012633,0.44582377737986656,0.4741000115986559,0.4633449090072715,0.48229460721266554,0.43995329120593346,0.5322504490981972,0.41473882804712886,0.5066819994456666,0.5875698520379582,0.5488404411321822,0.48539537717102926,0.5061959208248084,0.5668649433588198,0.4384082234434381,0.42358319684014717,0.4069639331115112,0.5309330296634975,0.49316008860742194,0.5297390941991866,0.4353228180794012,0.442169898482509,0.5276013353051402,0.5224378364388969,0.4509703123971789,0.4516861837051293,0.5116366742748988,0.43589210225814856,0.5688333591048211,0.4913414791100252,0.5985869342575859
0.3994873933011078,0.5854922776148871,0.604644904338661,0.4134517700483742,0.39422574698840823,0.5250636103122894,0.44221999593210753,0.5052209589551467,0.3834475129194189,0.0,0.49857257483291384,0.5503879227594944,0.48055413607218106,0.41712905663528194,0.42326986366737185,0.5015620198100789,0.46037154448449125,0.40902168447052845,0.49548572032136406,0.4211689595378565,0.4761005969138781,0.5043719918957335,0.44623650282002236,0.4322533627127234,0.5739811033535234,0.3791738618487787,0.4295515874174023,0.4333618906010164,0.5983006832274248,0.42091774644573154,0.44955814860181603,0.5291052027997838,0.42665734853779774,0.41895319027807876,0.4096836792067747,0.48976020586320185,0.4642625805103365,0.4384926360648333,0.45636265368267376,0.42763263908034616,0.45510993003267686,0.4419582596438362,0.43415866763738076,0.43125350014143493,0.4711373933714305,0.4062329899891804,0.430762482721694,0.48948167406610454,0.4713560512923605,0.4140034736429833,0.4266802356603706,0.3928528394915708,0.402446221186462,0.5038020396583506,0.5437491108017826,0.43461118686700323,0.4013989319696848,0.49071027767869435,0.46891334003465324,0.4219681674844971,0.49654089901842396,0.38110631836132436,0.4177674928562126,0.43495774413799326,0.3687045943850088,0.38283635316258674,0.4085833416991948,0.4265532419186967,0.447601098549514,0.4712667488670395,0.3924972495481198,0.3953608165070926,0.38623114126776886,0.46560410732033214,0.47419440879884556,0.40425781526808385,0.4444412081011333,0.4743685544538043,0.3858442344003356,0.3755119208518032,0.46700936698116274,0.3830142686088945,0.47611810434009394,0.4665102681224923,0.39074494225514417,0.44911108560982826,0.4393347750989547,0.40903507699625663,0.4454562797421209,0.39922594692071595,0.396438645560459,0.4175874340545451,0.49507528756329583,0.38408863493559536,0.39390526312644425,0.5344204239435285,0.4114761151168424,0.46057239773858155,0.366082767295591,0.41496472062006273,0.42374422753746477,0.45665760960522994,0.38595059881376126,0.5104341180142798,0.40473890202869856,0.41110809399461534,0.452960958970905,0.49852579043195405,0.44371714393478867,0.5191492846621376,0.46234577715931074,0.3822961751947697,0.421837129978467,0.4341901793850972,0.38748590745745204,0.39568946664316823,0.4448162957254473,0.5206329379234951,0.510581575846423,0.3889207245644353,0.3688029522820452,0.40230820922757726,0.39578588877584364,0.43605324201264456,0.37108292000621645,0.578401734990851,0.3816723215507478,0.4558494578297447,0.5716431286331003,0.4232321736115663,0.4565176252751172,0.4474732002357275,0.3830066347002703,0.37636405626986347,0.4658405332852912,0.38051363704895236,0.44907530758954317,0.39871218040515183,0.48395722260165247,0.4508874601890879,0.4455239713712639,0.4805395737279042,0.41919078606948984,0.4617697119464568,0.47586630121940027,0.39832098314625775,0.42937873782255837,0.4958194866010301,0.6262587698587142,0.4241140511500195,0.38829206848291525,0.49336618663319237,0.4266763092095888,0.5191859032356083,0.5104158321449501,0.43109639136379235,0.44049137341463934,0.4718543608054433,0.38657816344900353,0.39674612876135246,0.48389212594401604,0.40387846879660677,0.40615544184648844,0.3794296386396152
0.5236426265921542,0.5740094601585709,0.5867343433241318,0.4789727798988402,0.5518482463802161,0.5425476460925877,0.499694959183207,0.546994569096494,0.47494411632398786,0.49857257483291384,0.0,0.5406932985797015,0.5765928387601011,0.5065658887025862,0.4878806571275353,0.6232730052279424,0.5978236947682469,0.531230749123367,0.5658215277339327,0.5124298512393829,0.5782652544287684,0.6713730470020586,0.5321905590811583,0.49935994578775156,0.5780496818962961,0.4526710524487294,0.5264906159632176,0.5397324540692677,0.4878481922164414,0.544296721783725,0.48737273560365957,0.5722389094092113,0.47002837267471775,0.4470852810977646,0.5221214160701138,0.56732716022604,0.5538759102117687,0.5762183935527565,0.5000968334940279,0.5134800760952529,0.5271435751744592,0.5473767879993517,0.5226378663430187,0.5052386739150949,0.5107746488553713,0.4515228627437417,0.47699969431041456,0.5696843982958893,0.5785274152345494,0.5330774482245088,0.5269195575830871,0.4785960062126105,0.47297232048923576,0.558070718650521,0.5739737717881171,0.4595330069024867,0.5064445926233797,0.6635831313561733,0.5265364640156548,0.5017716067820589,0.5309017826469098,0.4289525595353582,0.5470189983810505,0.5074129688210921,0.4330813981383914,0.42756599555159314,0.45365248479362563,0.4911238640836526,0.5828743099887201,0.6007960873363882,0.47518162410463777,0.46483813983601147,0.4842930020924772,0.5737291222989468,0.5938438905979718,0.4326664788434933,0.5203376765003944,0.5451686162918191,0.4365813180420355,0.41448237474915184,0.491062486595352,0.46459562385883096,0.5362180539721078,0.5431973891645097,0.46675380759214696,0.545631989988507,0.515593052718125,0.4860581475979952,0.4737350424043956,0.4299117441909036,0.553079571422621,0.4501422914542016,0.645306503684474,0.4479195386592975,0.482615489421681,0.5001757427981165,0.44266597278578834,0.4650436560683394,0.4364733568477976,0.4519674793497916,0.46844486937957264,0.47884839460765405,0.4310491497784058,0.4480147397353313,0.503639328333282,0.4666338517059488,0.4763630408981359,0.549932697258441,0.48608923221218625,0.5215984519418266,0.5278872355836486,0.4774276507733228,0.48901617322941954,0.5128699710895981,0.4673845297303568,0.49737563360774045,0.4832646810554089,0.5435922756419737,0.5423962006228175,0.46300073466930985,0.47918477760905914,0.4624299372496715,0.4697396023424335,0.4962758906923394,0.4479248102854327,0.5061417168533477,0.4399845972700724,0.49421467531383145,0.5281681724914065,0.4886937248803462,0.5068254735790794,0.542465055958836,0.45519974653877454,0.4783193271742253,0.5118021595672622,0.43947456018812653,0.49063257293934015,0.4839478521338924,0.5470755530485393,0.5168907962302972,0.46423659800873623,0.5543845302007834,0.4905166781222515,0.5564490159127864,0.5381134269879944,0.4663435720560262,0.5345491436779408,0.4743389389516056,0.5443559603137443,0.458938642122062,0.47198031489988346,0.5271713938592122,0.5980229438810574,0.4955464716761683,0.5219701163021517,0.4835375554146765,0.5528929057443568,0.5026912145192031,0.45433466080764934,0.4791548840837172,0.46414761494304535,0.47777595546190627,0.4274541917690526,0.5224247591121337
0.44788139734091215,0.6064099868104089,0.5422919122855924,0.47172295939714526,0.45823941078086405,0.5915251667363611,0.5186053798753645,0.5381874412829694,0.4130403239640631,0.5503879227594944,0.5406932985797015,0.0,0.48398567275607407,0.4141411556698433,0.5005056552641306,0.5065163157425838,0.4726419591134955,0.42587822689997823,0.6278082722012712,0.45353357347220963,0.5597756256274246,0.5205955939087258,0.48645066319346336,0.5172590177838016,0.6438298138274842,0.43316145962762204,0.41389831147203154,0.43990596758304484,0.5072516509848954,0.44738240091043424,0.5478412432032216,0.538057698333228,0.5016361586783826,0.49384867789647996,0.47136470888404436,0.566494529012295,0.5271558957836141,0.46247008254373545,0.5422686234085097,0.45579871425073115,0.5472951623696003,0.46610174509947133,0.5024937137169374,0.5571116405785711,0.5256749488333674,0.4388025097844193,0.48593618712630887,0.6050084980277465,0.5225184145545607,0.456231055375026,0.49359211709820466,0.4668225595319267,0.4162067254503018,0.6142562489114077,0.6108715231172065,0.4660575681414101,0.44416883232749665,0.5765840171891609,0.46696479950983155,0.4495086302338226,0.5028751840313885,0.39952768808189315,0.4785627628911766,0.44130685414888027,0.40353947062858286,0.4079822056234097,0.4291323538846847,0.46318495015141103,0.42709751860216144,0.49679409874421626,0.44216230912289733,0.41720440256175495,0.4089992711715963,0.497721862552554,0.46658580934000454,0.4298554428145197,0.4642634739309421,0.5278617636116233,0.43428090480655546,0.40203241207713025,0.4890246953407946,0.4400474967372829,0.520549159530696,0.47540262290695895,0.4274626657580901,0.4988046592039819,0.48622467723086465,0.43501189754458636,0.46055203292089325,0.4369864188057679,0.4471113935074801,0.4917360684269085,0.5431633694806755,0.4199908255563844,0.41672706740580423,0.6438290139557727,0.4397511075735871,0.5463829142607366,0.3970265510892598,0.4459536259716236,0.45169194479809965,0.4769366634640325,0.4489572068694883,0.5876011770253822,0.44417083258864576,0.44505725902873094,0.46917796955088953,0.5093335599590573,0.4749873588685545,0.5958774485684789,0.6030653427582423,0.4283144189320615,0.4547196295148763,0.42309208196297116,0.42989669916754364,0.4268826809047641,0.4809890656859743,0.5144993421700724,0.5715174380504513,0.40634467457964213,0.4074765409752873,0.4426946538303553,0.4446063618091207,0.5020577809276179,0.40402705935888644,0.6429032944858614,0.39849145471600533,0.5143458536485876,0.6090791523773426,0.44152005894485735,0.444165999890276,0.459601427469347,0.39307054021808263,0.4279815223538885,0.5255247520513152,0.41138180334668184,0.5106821034529052,0.45702748953398425,0.4919789346048099,0.5051559695574859,0.4875008099167382,0.48085515288929637,0.4564136761203654,0.4853742533041416,0.5328811097437793,0.47017794739340857,0.5220156713893221,0.47849369848935663,0.6023947828243504,0.4063713707517499,0.46084252179887103,0.512337369535052,0.4502080331768527,0.5006182100007902,0.632340991129026,0.47047636805800497,0.4579026367963827,0.5387403256746515,0.42970715373243457,0.42249724768334473,0.4604337834844418,0.44735293362819223,0.416215884045487,0.43257613870860556
