0,1,2,3,4,5,6,7,8,9,10,11,12,13,14,15,16,17,18,19,20,21,22,23,24,25,26,27,28,29,30,31,32,33,34,35,36,37,38,39,40,41,42,43,44,45,46,47,48,49,50,51,52,53,54,55,56,57,58,59,60,61,62,63,64,65,66,67,68,69,70,71,72,73,74,75,76,77,78,79,80,81,82,83,84,85,86,87,88,89,90,91,92,93,94,95,96,97,98,99,100,101,102,103,104,105,106,107,108,109,110,111,112,113,114,115,116,117,118,119,120,121,122,123,124,125,126,127,128,129,130,131,132,133,134,135,136,137,138,139,140,141,142,143,144,145,146,147,148,149,150,151,152,153,154,155,156,157,158,159,160,161,162,163
0.0,0.30110291235019004,0.2623696674454755,0.2820488145833311,0.28436468356477895,0.291114792536747,0.27471134158843213,0.303601456802943,0.35713965582248697,0.2829775653061735,0.31254671195402434,0.2816978812348992,0.39791382053138175,0.2914844860819128,0.3163520217821933,0.33439217384286624,0.34191339815330285,0.4663572572227262,0.286642824478019,0.4632685600206272,0.31552027775456454,0.2883079511336803,0.26500976039879137,0.2716072334771679,0.36886791320943874,0.249618097694912,0.23207417835440636,0.28441002291879397,0.24704663329630125,0.2750610881538705,0.3432296741471007,0.35347781676796625,0.296243036408115,0.2694625653478214,0.4120539000093928,0.31539504988356404,0.3484186226725914,0.3525819788484058,0.24653097440958735,0.32426570585963216,0.29772996641280114,0.2955451192641522,0.3831121778670564,0.374303212496118,0.3224638224045184,0.39164198942871553,0.2887054272545313,0.3307363603617222,0.34085659764625775,0.43030746858715896,0.38936575116709704,0.34763128196546955,0.28233933774716363,0.2774465702011537,0.3137268860679311,0.3027946356398103,0.477318890647534,0.30387885602611464,0.34813564352655624,0.3839854963130526,0.2804312903222954,0.2857535642807325,0.3475267920155252,0.2824735636194582,0.33364832208473333,0.37072474504915875,0.29929069410694936,0.30942229432309715,0.28963278107769475,0.3300304648943682,0.4486749023669545,0.36016433522475394,0.3123602454301219,0.32986962695454414,0.33256833215421205,0.3173852214227966,0.2588260314674804,0.2515073920822293,0.32190556180003715,0.25410630780405635,0.2886393034687421,0.33679289088381503,0.31626105993711073,0.29855336333036236,0.3549028757619824,0.35425794679093003,0.29596977085010595,0.3724568084732296,0.34141849054499135,0.2921377049845424,0.38647503081487483,0.3286315396553668,0.39036324093303676,0.3630807184523548,0.3531804146114563,0.27910823642549143,0.238222315211546,0.29221165366652596,0.2638248141289593,0.34446978832427566,0.29096277345673327,0.3022319460219258,0.295475408706606,0.27944849383294806,0.43531374850541454,0.3519456424104395,0.33372297969000214,0.2993284452485133,0.3413274473978874,0.3054681700688569,0.300423933438848,0.3800485417491722,0.342414544449095,0.2680948609769413,0.3586302597144387,0.32195918745168667,0.34933064013284204,0.3187086863104827,0.27429218704612546,0.2583049589448898,0.3454134946565154,0.2592540538987545,0.32492919850389657,0.38046910531534295,0.3033174044267925,0.2885331748903604,0.2595643341634255,0.27445951819581715,0.28612135444298786,0.33963730699630235,0.2762645544617569,0.282501909111977,0.27894268180657616,0.2986101045723378,0.2897867414159309,0.3170680602258094,0.33462054295392624,0.3193935185360098,0.28599504637307877,0.3693157156162479,0.2778133334047851,0.306870280577547,0.344633144052902,0.28541714726472595,0.31708445075483205,0.29782601758570965,0.2944578245474163,0.25696073118336116,0.3286420240549013,0.21043976950759913,0.4106728961692369,0.3126337964981723,0.31006974388329167,0.2502610792553849,0.3278371909267524,0.3641818725170749,0.27998296941178663,0.3066147683473391,0.31599171954931016,0.31600215002885046,0.2394423311681362,0.37140801513450117,0.23767434110517124,0.3915404584775418
0.30110291235019004,0.0,0.33522590396865565,0.3520611688708066,0.24274548412715224,0.3838201679664029,0.27579162302399857,0.3640411509254197,0.2786556311456451,0.34094680119383497,0.31960291863341334,0.3227385537960876,0.3285959611902985,0.32979954121598265,0.3220781225002773,0.29817644703977636,0.33553937166388553,0.30076278531333855,0.3089359651347837,0.34655252759851873,0.3332172589301418,0.39614330863164937,0.24777419737977355,0.29872903810503754,0.31629537256287255,0.23070644952926986,0.22446050784167115,0.296066704669564,0.35071464139127856,0.23447684581988895,0.31183896807791156,0.3031089153273437,0.4167839123505521,0.24078600181796175,0.3046563310615635,0.324925082125551,0.283836393279561,0.3146718792212206,0.3095324083913537,0.3141709364415046,0.39451967488474604,0.2887384382877665,0.24846489249448128,0.30336702221907014,0.3644074601914406,0.3014090374993148,0.24537941504788674,0.2750869094930743,0.2839161569113274,0.3342560941817838,0.34385831412900664,0.3144600825117726,0.3277154475513344,0.4161971927048315,0.331315429625146,0.3012610063018588,0.3538148474392868,0.28876056028888863,0.35827523352505725,0.3962204481850122,0.3927538680019113,0.23909541963936073,0.2860045402737111,0.24552082178109755,0.2809050377859164,0.29526801106660067,0.31030461312657925,0.2680458767510323,0.26041997876006756,0.30796559110881794,0.3149827060378351,0.3093663994289055,0.2619517566021349,0.3648917494495126,0.3648869176341875,0.24623109174502425,0.2727558298624616,0.29175533811119997,0.27309616160148903,0.23795197168273782,0.2729339936778187,0.30013097640934205,0.3669648339055952,0.28551713733596845,0.2922834013826083,0.3891976992789608,0.26099215736915893,0.25954693202293894,0.2627906105884629,0.3270105532064876,0.27027986351913136,0.2969032337263596,0.35038060811489075,0.3145476875029998,0.3431433867077699,0.3315249087445783,0.2803719392293107,0.27857367396630656,0.22447458374075074,0.3291801402677819,0.2968361279348101,0.26332840475075875,0.2243644859640214,0.2934195732690345,0.30646776317871643,0.28675123758896137,0.3095188383867045,0.30207894253106793,0.32301535158554723,0.3739549246094447,0.2894767704767389,0.2619122289958083,0.3008060781833895,0.25465435246616597,0.3218974974806346,0.3737948562964946,0.2829205417098164,0.23902160182872462,0.318494976824365,0.23996801638660642,0.2991489353765385,0.253273258642585,0.2910555533262076,0.3611836045864248,0.26941081725695376,0.382378909432322,0.2802846020858558,0.3224109884260057,0.35912196292724113,0.29161911147382263,0.2881456111741846,0.31695831654746665,0.2657436698382446,0.3098985074084148,0.32392849758388376,0.2670741708431945,0.2670817127099963,0.2832350965346342,0.2903996873776226,0.29227352742192403,0.3129620713784459,0.3120536579121785,0.3919088660163462,0.29834163869960906,0.3069229618706203,0.22351256363641978,0.3185355702213014,0.29201570168986907,0.33551670018825397,0.2227177117720159,0.2791016282890839,0.31435042686564707,0.28853690671482657,0.3069528088037083,0.3110846701910773,0.3421729218050692,0.32194660665656144,0.31745574331045234,0.2948688515119206,0.25205038227578336,0.2636247316204457,0.31624435759253094,0.2377779867785641,0.2981592511419194
0.2623696674454755,0.33522590396865565,0.0,0.3113737805238573,0.255888239014169,0.32556605951118883,0.23557372095782514,0.33230168900888624,0.23869249125811715,0.34672676704373684,0.31842007694680197,0.28525323933376473,0.32916834984945276,0.2586718214049392,0.25615230272467754,0.3533720774893505,0.3615635939923731,0.27370819284156445,0.23858635102246667,0.25941521678307833,0.3378766676891549,0.3782210317564764,0.22415082433930028,0.258797990845616,0.27766960747316594,0.2620360769169657,0.21743438299465823,0.2818876864750273,0.26280575507513276,0.23068311675532424,0.23483304258583634,0.2879635670049134,0.27956047227741954,0.22542732123289097,0.2452439059228267,0.29817225205890246,0.26849056533795096,0.27774765079237845,0.24242211437795905,0.28541627103066214,0.2994147980539862,0.3089869328563183,0.2441829540431185,0.2758568680473837,0.29965267317105543,0.27433450223671707,0.2409600095796136,0.2846985440760147,0.25147937814203675,0.29220325999372815,0.31145043704704833,0.3201733044213325,0.21689259681666673,0.3309224340395838,0.294681400876399,0.26391000586222824,0.27173485673622316,0.30541881554333966,0.28119759413932954,0.2951940498058719,0.30068220417298236,0.23092515143749986,0.3109104424661133,0.235357945917754,0.2315991913286402,0.2686718747620764,0.26877201607312406,0.2725572676051098,0.2771425217273462,0.293303423164068,0.3001740225971063,0.2317343554032401,0.27257397767832436,0.4167335318213853,0.3275953550814228,0.19078347763588574,0.29771871107941306,0.26246677395894236,0.22912100243229028,0.2042320424486793,0.26774104594729803,0.273852316076991,0.2841145347877767,0.2705126667616543,0.26762051073197246,0.3253216929178924,0.23427604359182114,0.21732692455809552,0.23504680415563814,0.24821598771917028,0.28922546330014026,0.23142277573267675,0.2800618115736445,0.22172523412196912,0.29310074272582265,0.2687325131198197,0.22227771665872595,0.27380499355216426,0.19900768335573493,0.2926486874222262,0.2111940559144771,0.276870882439081,0.2201101145434235,0.28001357720595615,0.2683232374239549,0.315636627404314,0.3038395387418965,0.275401074499861,0.26825001231462714,0.3277392441313712,0.26873655809778546,0.23966301627942752,0.2898774410007343,0.2332576994577729,0.24681372155290132,0.3377511301891241,0.22530293411238866,0.256936633024995,0.3636601898993767,0.24232184762627604,0.26972830377786655,0.23963800779773822,0.243681050623881,0.28591094150127044,0.20134195304682317,0.3014382633300019,0.26755846145451306,0.28137924524118596,0.3461837552750956,0.25695449117866026,0.2651069166269124,0.3967043912089597,0.2181290020455411,0.2326407126061721,0.27300942457045674,0.21667665942138845,0.21066999105116993,0.2357049831994567,0.25624572914267374,0.24394135577411954,0.2327742622039164,0.2675366431780187,0.28336871387467655,0.28167703810971534,0.255853350080598,0.2042963168563178,0.3039892723633559,0.2557087334362784,0.3018432988770357,0.22246366998325096,0.22978533000862983,0.212589053181485,0.25743891343063247,0.3227995438299915,0.29647866028761105,0.2696060256770056,0.28341340154643835,0.33378711801811795,0.2118005603692904,0.24573274569850673,0.2581627693347117,0.2162494244032274,0.2259005348687572,0.27316989079148135
0.2820488145833311,0.3520611688708066,0.3113737805238573,0.0,0.2609799632013632,0.2829677047394796,0.32100293420684356,0.3293245361486171,0.2604411665170884,0.2952151862189337,0.3268886366042722,0.3020539482464562,0.32818838702462183,0.29524246959310696,0.32866205724920106,0.29612975424756377,0.33520785627699407,0.2972782438361982,0.25978436312752357,0.2873469590636014,0.3505541854836946,0.33570459722803825,0.3018846748931055,0.31484662065331936,0.3066377579262092,0.29257419267488577,0.30766266957353844,0.3038522698886298,0.2637671626358741,0.2259609658333277,0.27642010735657335,0.2745755291498548,0.3625908140460294,0.2944303189274057,0.27711455280979097,0.31894112575978656,0.3111149569535447,0.28696191525829284,0.3047945638780327,0.3826349763362605,0.30990239098440303,0.33130612814348714,0.24397413895987788,0.2873270330420973,0.3466939964042649,0.32983904186546076,0.20756806888978474,0.2704918562760944,0.298374789852822,0.2994332312966177,0.373124319974804,0.30450541510144785,0.274796788215004,0.38147945060607436,0.3219127371332141,0.2860105974247082,0.33768450192699256,0.3106082883173078,0.31997074571486017,0.37422575536361,0.37275842185011065,0.24314288628841071,0.2883226041077344,0.2365573437858341,0.27863800587501236,0.31482325804007566,0.43548166993263787,0.2490512116293447,0.25033584396737485,0.30324358213690195,0.29186168168595666,0.2672972315642904,0.31216616823867066,0.46974503503528914,0.3159516355326082,0.22290166798425506,0.38036136536711374,0.3246653478481328,0.255508352929231,0.21453301101634495,0.24252191140060816,0.34764467264321075,0.28192709498071605,0.2560051677805538,0.3542787075244898,0.3165749554679841,0.314521038649598,0.273098924460104,0.2795380417132379,0.32373639140939986,0.3087245197603749,0.29498127042480643,0.2833940472573583,0.27553631547998597,0.3626643425846266,0.2598520478786562,0.23697717481961775,0.2870791766152531,0.23328240579093595,0.3485468037945966,0.2785065087217932,0.3228510546832083,0.2763608712208542,0.2347165030030087,0.2909935940326304,0.29627211664231495,0.3313258532445799,0.2882423800335421,0.321538324098441,0.3459705985767446,0.3319701464612765,0.29623946892421354,0.3376855192735082,0.3066525825150845,0.2843024385845852,0.34038421534423674,0.26674455658553586,0.23013386269113745,0.3010394856611227,0.27466650947125226,0.2949816060774238,0.28573257898486093,0.28764036476648486,0.32417704629126154,0.23389483452815485,0.2768505881515441,0.3061084871865294,0.343843389795196,0.310637802542633,0.2975302725027002,0.2485772340049242,0.3172135301781415,0.30490255089741697,0.3008337972409767,0.3110218977999084,0.2219919068812397,0.20769132639851165,0.294419362933207,0.31671595988130324,0.2973851099271282,0.27102886893716055,0.2828789547362815,0.41486359426646235,0.3163943017639671,0.2909687195538898,0.24511936697923134,0.3063251330922695,0.2652827289868848,0.2558308593771438,0.20868048136815995,0.31123741321363085,0.25305998795201967,0.32393366673100743,0.30430626661833565,0.3208968296105523,0.343467434852867,0.34400371756297865,0.32679984990789845,0.31313143722078357,0.2796184340009496,0.2532533380583599,0.2528493158582235,0.27564247887009663,0.3208611406843813
0.28436468356477895,0.24274548412715224,0.255888239014169,0.2609799632013632,0.0,0.21645457464238252,0.31828304492419424,0.23841243974571255,0.2773933549605019,0.2501446667855389,0.3025024552687411,0.2518860933612136,0.2508399699399104,0.2636417199029716,0.284021753191979,0.2889745788501319,0.26779975159847214,0.29278064584917085,0.19982029360515996,0.24952626930183455,0.27562383984445116,0.28801652714300446,0.27400013235621407,0.2508756563694555,0.265706731914378,0.2613235815383669,0.23984252033173736,0.20875739470245103,0.2270673908245123,0.2598305975885109,0.29077224584464745,0.2326671470253401,0.24185272752578177,0.2220416088323179,0.3513941187673979,0.2987135871370804,0.2947338028586601,0.29002024388055236,0.2802526619643775,0.251161802293261,0.251231213715528,0.3176101492864772,0.2804082637501073,0.3647997920428819,0.24706246265747936,0.2366666344321666,0.2515944024139583,0.3379019442938105,0.3037778641475618,0.2891161298256174,0.2808428713690851,0.23393126024810273,0.21615290060675815,0.24779708860485306,0.2856510557964013,0.25146602054755807,0.24286184226946925,0.29773594685226124,0.2669201824470729,0.24855413465612763,0.20598849544781392,0.21904137117487255,0.23163499801828266,0.2954711126777628,0.251864306249661,0.21017182742753598,0.2603321425901429,0.26790848396643724,0.24376004561861225,0.2767166243143607,0.28791446608440213,0.2843033362129568,0.2416650021776013,0.26461872050220236,0.22482061460714958,0.2016115995975232,0.2676700410551127,0.34561279711676973,0.2248491145176762,0.20795955736703609,0.2295837705061403,0.2653372986297333,0.29875349663345924,0.212214694535632,0.2603560326332149,0.2537095067619869,0.25888853913963505,0.25324163486177537,0.21701256642672515,0.26567615686583473,0.39834805071852486,0.2958399481039251,0.33000751425861163,0.20091835205621467,0.2975821508235887,0.2686778689313841,0.18144546224976066,0.24279224143770325,0.2729028132358557,0.21658786715269845,0.26251289468329075,0.2476861586684027,0.26662315094007816,0.24053600710982845,0.25710619740225443,0.26079488362947717,0.22236287560472298,0.27711061041938334,0.27008329906501327,0.2731500078791608,0.26933024118456783,0.3258397095268453,0.23840955944241335,0.27928094033497547,0.2318331599436475,0.24040058008045298,0.2116778121183533,0.275466478980024,0.24030624632746217,0.2572946515953096,0.41627159690116866,0.23313689092289902,0.23373280363588095,0.293890901115863,0.2735146100709817,0.23424355254855744,0.2197690600610486,0.2942907778192987,0.2400511027314639,0.26540014825258934,0.24217179419485943,0.24361727660897972,0.2261844432990747,0.2616052634289641,0.26572855564877995,0.27359850774717265,0.23248692304426194,0.3094910344972905,0.26493297225143236,0.2978544204219056,0.22224989722392877,0.29674075945020195,0.27225822260497484,0.2839142376191297,0.32774200220696104,0.2588272350431314,0.3044418222212376,0.23116018735461755,0.24987182498959765,0.21215366685661183,0.25642589910796443,0.2314722713212432,0.2753700892606409,0.27523658680525176,0.28276731214276896,0.30919130747283746,0.21873295475356935,0.3016599292855191,0.25894572542226035,0.23942442035442474,0.2100807368248189,0.24467906787518148,0.24279323694835006,0.3525179082665261
0.291114792536747,0.3838201679664029,0.32556605951118883,0.2829677047394796,0.21645457464238252,0.0,0.21129450676838094,0.3500100107844001,0.2825942732561535,0.2841235546819359,0.279982612019969,0.3023211235183629,0.3364478979246187,0.23787767048992806,0.2626020101269235,0.3287359044003741,0.3426021687521679,0.2372299037638507,0.2934521600773435,0.32170958966469304,0.34418454235719875,0.30289054136751714,0.19044263277293577,0.23409076045920782,0.293557951826612,0.21408720106864557,0.19556114599189262,0.27279465985923324,0.24582669525362422,0.25086910354142306,0.28459882706633144,0.38071092898684056,0.3176058436496776,0.2341280887075047,0.24764736947212412,0.27188594460980847,0.2623491779252207,0.27195261223258055,0.26483851088001437,0.2408868432168082,0.28587632176232136,0.32456748620234005,0.2645272537492892,0.2912209196763645,0.2685880541903272,0.2675744396524083,0.24084957693911532,0.2628497684046669,0.21760722322918555,0.32458286914680284,0.3213132256292877,0.33313841279914624,0.2655123733190073,0.3058016452191859,0.2612635920992321,0.3333361212185336,0.3308293364820847,0.3442743361782489,0.2553557852635212,0.29674145816666797,0.38937624384314334,0.2899728619094355,0.3457589424543648,0.2098702361707422,0.2734493718302473,0.3071877095004085,0.2629293629911316,0.27113615925073553,0.22757751139179477,0.28548737081438536,0.3159940434910593,0.23355234365704425,0.28774170176757874,0.3292349226552185,0.4278997864135004,0.23275922459816828,0.2748631592627814,0.2391104303283588,0.24851830164826844,0.299853936023545,0.36298777433993196,0.29023186362429293,0.30789347518785265,0.29830524612096837,0.31244743169824507,0.30084773311114443,0.30107001455387905,0.2462773442035152,0.28358883693167297,0.2743636118046387,0.2607100257173859,0.2795355597922818,0.3006316701040913,0.2824630021342923,0.280177978199559,0.28223312815078655,0.29918869710716917,0.28975890935282234,0.21573244710837317,0.29542777942841264,0.23337398152220382,0.28166468343442286,0.22386393538953664,0.2423513360672855,0.322315299705123,0.3245642979504241,0.3820326658857761,0.28643448559754064,0.2553104850156237,0.32225234603193836,0.27113704987762094,0.244925067402378,0.36116998120283805,0.2772150448575087,0.26254118034743684,0.32672874175014527,0.3048679041600281,0.22034158281355376,0.34963977178350075,0.2387675710325096,0.2568921185688769,0.26319678097822413,0.2972503820670312,0.31846335334887,0.26607655834247274,0.28695503186119126,0.32185643148677145,0.2632633706303459,0.30185534019642224,0.23310017925686216,0.32464361162913413,0.4847764345496933,0.25258148378069023,0.2816501893928506,0.2867212688604053,0.2516984349282524,0.25331635960220084,0.214544854234459,0.2208169877087802,0.26731052663459415,0.25421892175230715,0.3232461049087004,0.3006313570450995,0.2949523175235956,0.2759971337138655,0.21154266826047952,0.32130999591770126,0.29708026712522745,0.29020638551187106,0.24736944658956006,0.2651361233717129,0.2706656704095924,0.234960426628292,0.25228684163825044,0.3109244642662941,0.28957538906589164,0.2704631903560203,0.33701476180996837,0.21984536816843836,0.2786920009007945,0.23836485488634773,0.2940649663291994,0.2498642117246335,0.26680143627305364
0.27471134158843213,0.27579162302399857,0.23557372095782514,0.32100293420684356,0.31828304492419424,0.21129450676838094,0.0,0.23331176991374095,0.24988527701237218,0.2682295469545778,0.3132913806624091,0.2758084888931122,0.2926224036647508,0.31131689706066323,0.3185617850964884,0.26363956178188386,0.2538382680215165,0.29500725842672615,0.2304157772271346,0.23538389128926385,0.2618090041288967,0.29149748044642304,0.370751865220649,0.296666763625173,0.28742502294238037,0.28871686442215844,0.26855715965866056,0.23893612894808391,0.27212540307535044,0.261118615385143,0.27972624351773173,0.28020828598361497,0.2981201705129894,0.2737521196296012,0.27659376332614394,0.28586039969559796,0.3346053147125752,0.2637326374605966,0.2817065324763641,0.3312021697985629,0.28271764763445956,0.277510506199401,0.2786695560594378,0.314071938839295,0.30060605968376786,0.2721460572135607,0.25696386390597004,0.2945072689256981,0.4465063764845654,0.2602113686182203,0.3300061593887816,0.22261730599362248,0.22060519872276244,0.287881452493266,0.3722258249597307,0.26847038063407036,0.2606307725569942,0.25642572419251874,0.34160317595076944,0.28073102081035156,0.22808418516768078,0.2341872802240539,0.2159299510944902,0.2794727975237333,0.2365778824612537,0.21939468075224997,0.3498349809466932,0.29817811205627803,0.251410076440742,0.2547894587071041,0.29747852601651403,0.2732364422308717,0.24333969272007178,0.3182604049084066,0.2052373806948524,0.24349991968564944,0.3915189747553409,0.3462783706751355,0.2292159299462702,0.2212163851680165,0.2325204386290735,0.26783417002582655,0.3016815363698553,0.20842569727152244,0.255619541942708,0.255721270245291,0.25560831969845416,0.2985684601970164,0.24615818479951734,0.2839233679309927,0.33265066677243854,0.3319039452443304,0.3301312808755509,0.24027335406774195,0.30499429137948153,0.2924814690610962,0.19094590438516737,0.25336825171322,0.25778167831502247,0.2780739013681541,0.3067341006234954,0.28962534090221437,0.28989260417978224,0.24311485286156237,0.24391088052173795,0.2605277035018923,0.22936244812634105,0.25896523890217904,0.3307482023638237,0.29617670755203784,0.3282391814987207,0.2914603717553911,0.25862619025922384,0.24609321519704996,0.2479684019512387,0.2538825307071868,0.23208690786418504,0.2997906240906536,0.24828672525037607,0.23315613015557612,0.308077647950549,0.23219039958064172,0.23498452615392718,0.34219229795268397,0.24587885394395176,0.2905013908320301,0.23331254186538558,0.3489293519877918,0.24164609214027916,0.29462832378238046,0.22120476176223425,0.2182485502343963,0.2520248893940573,0.23938745556369875,0.2427372156649919,0.2536562899901403,0.24084052096418695,0.3122196363632388,0.29383000461596603,0.31840090651004754,0.26790465354296666,0.282241041322681,0.30202441330380625,0.2686210326700291,0.31807002048388905,0.28335673634583985,0.27166815864545274,0.26829422185832674,0.24264715408490578,0.19012517303475385,0.2717379572756434,0.25786232052429137,0.26808017703139314,0.34852700328113084,0.2899370147691493,0.328892595999403,0.29025570286990166,0.30762796079600946,0.32515804037103085,0.3070705831038675,0.23810427958074476,0.2511512636825815,0.258497641504106,0.3020765307306089
0.303601456802943,0.3640411509254197,0.33230168900888624,0.3293245361486171,0.23841243974571255,0.3500100107844001,0.23331176991374095,0.0,0.30938063817823075,0.3247152537880637,0.30219550979466026,0.30701709331343074,0.3593807156293962,0.276452607600994,0.28055860271058625,0.37133503832139014,0.37321557313110776,0.2892528564724676,0.28384176666449806,0.3286888492062662,0.3428269526914788,0.27976272679420494,0.23967659777747952,0.24033384825851653,0.33712569953730986,0.25081395565916215,0.2512746371141717,0.3165233807412039,0.25038506825240575,0.2560623544464446,0.34951667983792484,0.3308056007632809,0.3382505092304963,0.2722931401793178,0.3099435817573179,0.3571291330640453,0.30541902139040883,0.3741725303452545,0.2788517876882186,0.29856622130735566,0.3291450341065541,0.29896216269632175,0.28165037616727284,0.30983371974016566,0.38605661637657096,0.3233274541801446,0.2417853131883966,0.28304353651539815,0.2739926707881994,0.3247906693669851,0.3270207473642502,0.30929254824688585,0.2615290784693722,0.30375686614169184,0.3016456127013394,0.309802388151508,0.3238253172016346,0.3932890571612963,0.3244886574317701,0.33013803801702046,0.41586287152206797,0.2568191023167224,0.32426393856457236,0.2618543335227214,0.24909240615780232,0.2988455190035401,0.311786672980551,0.2635502632765981,0.2944174502888502,0.4443252215695478,0.3139772122280492,0.2933197991771353,0.29621666645267536,0.3773387497841104,0.4312156706744011,0.23898325037139323,0.3175670867944083,0.2605772609759018,0.33455823960851044,0.23401253978769485,0.29522231996373216,0.29035262670718753,0.3315071761642744,0.3572624808093537,0.36402567432647365,0.43659865268194825,0.35756692888661823,0.27479705076200767,0.33144604103878755,0.3215285554763209,0.2965657133327142,0.2942934960604289,0.3113800330129792,0.26834519274645896,0.3497275963061567,0.3039065881381765,0.2731423529316802,0.33612889208656094,0.22172257440679974,0.35126941079364354,0.2637252467940336,0.36495167187414285,0.26631362110116835,0.32052556888663364,0.3585938498946404,0.36238653989671377,0.35594202678270326,0.3589700185749093,0.2945528249283799,0.3098261047766013,0.2681649181425078,0.2904759708815311,0.36466350068208425,0.31806508908328546,0.30779296549031543,0.3507021805633381,0.3198860859550791,0.2430877974591939,0.31747851062360316,0.2747051707697947,0.293964015951781,0.3681024206145239,0.2866800200324167,0.33151692597102406,0.25555810630523207,0.30976058174959636,0.2836527735821885,0.32240885892947246,0.38463388580225716,0.2739882759722861,0.3542898679586746,0.363409078655762,0.31447467822740566,0.27282485995664396,0.3109412632647411,0.24024942288919848,0.2614028715498344,0.2624685478671079,0.28514062979414384,0.32877972152637913,0.2869578383588689,0.29505232935721015,0.3366797496868212,0.3022509923430988,0.32160453032218217,0.24762388716537057,0.31441447020937363,0.29550007889612706,0.3439435883756893,0.24813992337029034,0.33207927181405356,0.2973306875148383,0.27435957092770535,0.2878353598870425,0.41071651835882783,0.36662279056006764,0.28203431454028877,0.37248378920591985,0.25069213186267103,0.27611140239648074,0.26021274047654974,0.3063753021338672,0.2776252732873603,0.2974036410640422
0.35713965582248697,0.2786556311456451,0.23869249125811715,0.2604411665170884,0.2773933549605019,0.2825942732561535,0.24988527701237218,0.30938063817823075,0.0,0.24031970107271214,0.2611323713788045,0.26231106670022264,0.2531484379078768,0.30573283054771394,0.2671721109541698,0.2783442055804764,0.2557831622737141,0.29924037490629113,0.2528560714682951,0.31797838128110006,0.27627723394129394,0.3117721640527784,0.21834519833341073,0.2228415861313339,0.29270205275194666,0.23132548193804045,0.22652077579110097,0.2395049117923033,0.23254187899203502,0.30373023355057444,0.3842537376474374,0.2802195898075224,0.28299723611723826,0.2217349181616473,0.3524416263780183,0.2976878643447133,0.2681454498104381,0.38666222289461183,0.2588510493593905,0.2424202222511751,0.26914999946358087,0.32576569220646234,0.2731491277931956,0.33180451156115903,0.27523501821148916,0.25250337920644256,0.2320929041093369,0.26785618147886453,0.26003495056154075,0.30776082959609546,0.2840530424420168,0.2612996708840653,0.2602122000761877,0.2596359071994536,0.27243693078463976,0.34904362606630657,0.29904602257117563,0.3218293832654429,0.26760807028853983,0.2541868637301066,0.24399368135663185,0.29197826589559567,0.27611229322579517,0.2834561557106917,0.29793738903288164,0.25918384240905096,0.28571505004245507,0.2720478813577991,0.25323578882633463,0.33303134405426765,0.3604613032579904,0.30571219532026267,0.3245487191814186,0.25562089603324606,0.29775057271159255,0.24517281637647914,0.22970220545298078,0.23045309107955647,0.28470598882726156,0.24395391303458472,0.28183133661653254,0.407631722998706,0.3197525263884822,0.2593785127856203,0.3480697540764302,0.3418975108334463,0.32122200557721886,0.3128234411749561,0.2571881497545734,0.3537886576214878,0.3509344561894361,0.4032811903365975,0.29745051908755105,0.2519665960309901,0.38459372567125966,0.31770290731588324,0.2812032475474496,0.3051042030110283,0.3352530571954666,0.25006572728812815,0.302807129116629,0.26292610025518115,0.30751234036111436,0.2790065657236774,0.3802099415650181,0.26905475220750796,0.2363980742454046,0.28025762057001513,0.241668514711239,0.2343591038836361,0.235569669599377,0.36674636493394963,0.32598591910168745,0.3388839750251644,0.2743195683365204,0.27195590270905434,0.286985327486139,0.25625980902243495,0.2311811584451321,0.3044877757958517,0.34168165326400707,0.3193416111670604,0.29458929861779726,0.305659247380449,0.4565686111118756,0.25186588571236834,0.2864748664783454,0.2558525328098985,0.25665024927070534,0.28155660612550976,0.37440311944318244,0.31846426307665743,0.28864945890826516,0.3954493717850693,0.2718454354430532,0.2857342090495255,0.2461261740990276,0.2710936010774289,0.2592558291465556,0.3536365252294476,0.27660349990175664,0.32087745845733584,0.3278262405748589,0.35932319386985107,0.29888755946675416,0.28218969451161297,0.3813521846300665,0.2374362395061669,0.2973119826606257,0.24426518106587508,0.37583445713507707,0.29564544056213404,0.2614187154290651,0.2437813583067351,0.3156485614688221,0.3593419728383951,0.2363288075626888,0.2868898115316896,0.31284168487763336,0.2742439058230393,0.2115205168390903,0.3873016141517301,0.3312183319295173,0.34435708393637016
0.2829775653061735,0.34094680119383497,0.34672676704373684,0.2952151862189337,0.2501446667855389,0.2841235546819359,0.2682295469545778,0.3247152537880637,0.24031970107271214,0.0,0.2652784148424855,0.2473331402135624,0.34674252501761255,0.30954494406027583,0.25948166904543096,0.32639490630142903,0.3192545403030992,0.32783279352580974,0.2328926397142527,0.257717204281677,0.2649542027632364,0.26574788222663803,0.2869211640898266,0.22238896411571535,0.37305371640751717,0.24542530797377424,0.2572569724025207,0.2785456083696142,0.3630879407164873,0.24770269444946622,0.2888136446040883,0.318458042667454,0.26024762967363396,0.23246682986559147,0.28112249330458483,0.2712249315982456,0.32887381059562387,0.29744903299380854,0.22064658501193027,0.2843598493355222,0.2481398001415652,0.2752776985533587,0.2754776690833092,0.26990837872736345,0.3020621074037589,0.285994931103578,0.25112989327637464,0.27918547139955,0.3280218099989818,0.24906732607886425,0.28661962118354634,0.24540704100952032,0.22472908397543326,0.28409572670029926,0.3247746775971273,0.3088475894575117,0.25822152684672556,0.26121121418586624,0.33363382417699855,0.28886846269631106,0.31499403935001796,0.2457273479186369,0.2351181685811078,0.24380359677053684,0.22754451248056823,0.2498853499480916,0.2776683522050961,0.28830369543116247,0.31038120961595256,0.34814946568171273,0.2684475624165453,0.3280015641955785,0.2337398752059769,0.3334739266872216,0.2837239459228319,0.2601519050141338,0.276805659284921,0.31843050710180165,0.24802648432845908,0.2632204569146417,0.2801644192517324,0.23912415661689929,0.3474578274966697,0.3087414317325502,0.27434860963491503,0.29597056403292404,0.2793907573950881,0.2953394412709613,0.32942153595514345,0.25395832733563933,0.27485398170238595,0.26012075844404514,0.31583221422467717,0.2238563833569883,0.29736205442291114,0.32024323551151557,0.195702307122152,0.27693966227324746,0.23218659309415848,0.3144051742189017,0.28558151109072055,0.2924230080829787,0.25372957151256303,0.3439772807124786,0.2652283788693335,0.29739771669065845,0.28622944579550785,0.34322054546815656,0.2966732029719526,0.2932947293106953,0.24027864169984975,0.24839014123114825,0.29674420100915677,0.30421213086375737,0.2662982968629818,0.29247611785333455,0.27656054623801435,0.31202652813885806,0.29611753559347764,0.27796117366675355,0.2580829873500953,0.27863551875800924,0.23550078013909603,0.3156032873355788,0.23497325767376714,0.36710130274287417,0.250793861137719,0.27752204429097604,0.3416030788117094,0.2997438498184352,0.33390837378725646,0.2703301664501898,0.2894089559343178,0.21046320456159234,0.2388584109862751,0.23042803139733564,0.25986851411737305,0.27526736482022557,0.285525230420064,0.2935798437225667,0.2918319511115234,0.31513561459868095,0.297958318845618,0.24145678485165561,0.2996402848603571,0.2444593854271507,0.22452256911697205,0.34773769218439804,0.39432572685660316,0.22304372480174073,0.23515086875419366,0.30626789298217333,0.23046370955791246,0.3071694357201645,0.30488833738087406,0.3096271726454455,0.24222837969868863,0.36084759804296285,0.2766942912786798,0.31240713767685174,0.3377271299838275,0.30564474323181795,0.27466017015429295,0.2456770468857295
0.31254671195402434,0.31960291863341334,0.31842007694680197,0.3268886366042722,0.3025024552687411,0.279982612019969,0.3132913806624091,0.30219550979466026,0.2611323713788045,0.2652784148424855,0.0,0.38973280738029026,0.3328181583785116,0.2555141785146349,0.28692730802289024,0.37110361220893984,0.32673883529302994,0.3010575837048979,0.27018211183550933,0.2910309669415371,0.314530585753983,0.358677313003919,0.28971223371078514,0.3161069522324157,0.3351895566814718,0.2765855276523897,0.2870097330057791,0.2955900155833658,0.28249330813928375,0.27943760722831096,0.27811754307108577,0.29517333671041096,0.2926301119208942,0.2680485621614868,0.28204095762047493,0.32418359322083096,0.35930185340002185,0.3026326655961659,0.33683631060781005,0.3077660897908265,0.2834349913790916,0.3170781288440621,0.26173729969029436,0.3406556831473416,0.3216059396391398,0.2810080301175282,0.20832150800205596,0.36510898922648877,0.3326893188462946,0.2687837270967196,0.3233446346701475,0.24979729284189572,0.22058134503440643,0.34008620918710775,0.38966693365182675,0.23957315122516157,0.31312391465427186,0.38231760647315177,0.3002375865233993,0.3063593607685566,0.29279678393738395,0.19873931062382458,0.27017091426001283,0.25428444377317366,0.2122419186866494,0.24099441008689293,0.32069228891897206,0.2556044496262834,0.2635645075948257,0.302975542020208,0.2894233738557656,0.24597857958861538,0.2743650564124411,0.34595856134326053,0.28799406351534557,0.2227313559796471,0.3682856705701199,0.3145134725533586,0.23558073943571695,0.21391121464919804,0.23431747688192245,0.2496569276243776,0.2942353691720044,0.25053304567530255,0.27488848890862205,0.3041896662096039,0.28947836133980753,0.24039799021254435,0.24434260394598561,0.3040318993237108,0.3504774256491514,0.24885397334173173,0.3540912186748013,0.26201464245358375,0.28933195385340005,0.30188327144420957,0.20543711500857206,0.24587335568470992,0.2139548781335805,0.26263596621867685,0.283815655457993,0.3050606291141328,0.24601933045278865,0.2502212678427358,0.27195011333307817,0.2622885155257633,0.25324369679307984,0.2942743110012352,0.2668121634425096,0.378817260522535,0.36770398989040604,0.2853213423715895,0.2648516926930156,0.27416248539920546,0.2650972639304502,0.3033926106308652,0.23871202278058837,0.2864198361011948,0.29386037222584954,0.23647245505780465,0.31987511918859146,0.22524250670601825,0.2609360253476694,0.33990763077775193,0.2291222506345534,0.33022027082700306,0.2099524170170467,0.3663615258430029,0.2938788164670745,0.24551514092713292,0.2366139186286075,0.28309251438323196,0.2848508180872967,0.26847750463945674,0.33229754591489247,0.22792724805059494,0.2562224454079405,0.25266156011415736,0.3056362821599363,0.30229054756898405,0.26012116225432835,0.2883424641590197,0.26809797229976995,0.2881124796268879,0.36550532144794806,0.23613328663361996,0.28640883793593075,0.24735111613095767,0.27316333768041606,0.2321941669365,0.3315295779248246,0.23945109298319361,0.36049825524702406,0.28100383202127255,0.31428032998068495,0.3406245493152336,0.3263073572772309,0.32468284312967444,0.2719398204366407,0.2531654190343791,0.21103016133766744,0.2553580210609993,0.21705722547342315,0.40981680672937165
0.2816978812348992,0.3227385537960876,0.28525323933376473,0.3020539482464562,0.2518860933612136,0.3023211235183629,0.2758084888931122,0.30701709331343074,0.26231106670022264,0.2473331402135624,0.38973280738029026,0.0,0.25514226776847493,0.20597067289207444,0.2509013651555569,0.3187780541822255,0.3123974075490669,0.24044473178728054,0.3457079540593431,0.30804750079530385,0.37770668585838485,0.29107608100217375,0.25646781787590195,0.29573088729417557,0.3459679883463612,0.24650224128411244,0.23843666056478727,0.2590063684028183,0.25354244251175617,0.2859674607294883,0.30471453188762815,0.2989238450063181,0.27588273470770786,0.30707028004476367,0.2538095535083491,0.3129191941448301,0.30075362723809773,0.2948242393771302,0.41011390182565105,0.27425591810059263,0.2990965585525592,0.29546588930412254,0.274984572732423,0.31626414988215945,0.29164428682070803,0.27277450978334483,0.23398319074953464,0.3179133636825288,0.29087684978203004,0.2993322241828569,0.35126205392415255,0.2825096798923742,0.23256293491766822,0.324744387616918,0.3656961681791951,0.24837388001546168,0.36897519549601876,0.38643338386071885,0.2523407815783091,0.30236192412432555,0.2675067852147911,0.21027561283998059,0.2875942493020453,0.24869032159664545,0.2367174999782054,0.27197950420208283,0.26056128530144934,0.2236337493770168,0.21865825816444262,0.2657057563080643,0.2688505164168873,0.22650153491202007,0.2637286615996646,0.3101929820448408,0.3008513629656773,0.22716861587385978,0.31053686103168116,0.2850119020358845,0.24927886327046964,0.22093597134410076,0.24157457115759545,0.2845358188678277,0.28242894320359635,0.2255829760871859,0.3083513976256092,0.30526842847947167,0.2711984755053722,0.24649795145566886,0.2615602906963442,0.29777786243483156,0.29843018227698676,0.27275083293594016,0.3138573215609839,0.29896945965601385,0.2717941968884992,0.30298025559013747,0.23234716354795687,0.27825396103968314,0.21799546222907504,0.25057159253357275,0.2450827367849295,0.3124003539545189,0.269577709980058,0.30017974643711526,0.2719812250251704,0.265297603675909,0.31136399133907616,0.270484152758694,0.25237165058799993,0.38066841559185755,0.44924024964022424,0.3184373664267292,0.25871826593339553,0.2866036690520849,0.2478466272592527,0.2807757946642188,0.2607968880311163,0.3085124450011494,0.306822673137686,0.22024171612279184,0.27525433256117166,0.2396306364049121,0.27540378523890763,0.31365789001923744,0.22351215609534222,0.3265188059950651,0.23700248971172536,0.3217447439073023,0.30874558727826945,0.22130338553882645,0.2414646689403059,0.29582859383020765,0.24852647292247937,0.309221339454387,0.3288985050637446,0.21473615019246162,0.267921247905974,0.23711324974426184,0.258488756413049,0.3339566729786951,0.2173877162821956,0.2774965818048807,0.3047117158925255,0.3094394626566572,0.338765238632732,0.2668443076653367,0.35464249500962836,0.23830735514427256,0.31293373770269883,0.24883163810935516,0.3417644231897506,0.26155510918204844,0.32260531821446004,0.2560890759191026,0.3732642475643756,0.2848685698267917,0.2836169144974262,0.2970649454116254,0.22322514651663283,0.2557226616193025,0.18731573886632977,0.25747547772196067,0.2382913062626756,0.33789831430607176
