0,1,2,3,4,5,6,7,8,9,10,11,12,13,14,15,16,17,18,19,20,21,22,23,24,25,26,27,28,29,30,31,32,33,34,35,36,37,38,39,40,41,42,43,44,45,46,47,48,49,50,51,52,53,54,55,56,57,58,59,60,61,62,63,64,65,66,67,68,69,70,71,72,73,74,75,76,77,78,79,80,81,82,83,84,85,86,87,88,89,90,91,92,93,94,95,96,97,98,99,100,101,102,103,104,105,106,107,108,109,110,111,112,113,114,115,116,117,118,119,120,121,122,123,124,125,126,127,128,129,130,131,132,133,134,135,136,137,138,139,140,141,142,143,144,145,146,147,148,149,150,151,152,153,154,155,156,157,158,159,160,161,162,163
0.0,0.2950255034002084,0.2511345805592053,0.24777863448749296,0.2538824791453296,0.25226354479318175,0.2703538627182639,0.27341850947706686,0.34514219819493125,0.2541742666926493,0.30369022787094685,0.25103740176930456,0.35266420857495606,0.2660607592574545,0.28255310669574957,0.27400936123214864,0.28834253436853047,0.4249987922106135,0.2927073927990571,0.4016893923084236,0.29591265109406023,0.31327603299828405,0.29366911356725217,0.2861131192060985,0.3306419878889632,0.24724791068505983,0.24523482065993038,0.2804772811068313,0.22940023305525373,0.2553662574791999,0.2961182191659147,0.3006135495516015,0.2593704574074163,0.25564915437878916,0.3398242692241026,0.2718169582367276,0.36036814658567196,0.33012259471076544,0.2337197732473603,0.3383575684417829,0.26904709693392337,0.29234683973920417,0.3062792640113724,0.28169800795966754,0.29480774584449254,0.3320492264860164,0.25368055833347397,0.2757603860324405,0.37132547088405615,0.3440596080139053,0.3283619506976229,0.28930258627271443,0.2734070696021206,0.26240689903931225,0.26344748257347883,0.28149840045099717,0.4031592242126735,0.26935089749516566,0.2852568451506259,0.3077278033972535,0.2555751843868816,0.2273845319465991,0.3004218776091437,0.23778147960861606,0.2893633998542106,0.29763033029491226,0.2902530551564873,0.29837537910326956,0.2650367346525651,0.31944165948412195,0.3967474549019508,0.28871360585147343,0.3028880008288735,0.3085829576192547,0.2884320814608445,0.30482131205422336,0.23416578268126137,0.2462818204252597,0.2925668475736361,0.21240022969175582,0.26184014252257504,0.36114205244560804,0.2859967493429859,0.27479301910607584,0.3066490356862669,0.36281558369584227,0.29781104269089537,0.3235261791718392,0.2984390654879632,0.26646176038053476,0.34844666098478055,0.2815903073552126,0.32174546840624746,0.32685705838769147,0.3226400425285934,0.2611643427228416,0.21845791898813388,0.24861486865122331,0.24352293410398182,0.29999222159641004,0.2579860168688043,0.23512246646507248,0.24998853468680085,0.22955561931111226,0.3393948533086882,0.2842907168638726,0.24996283663295019,0.29370757505080414,0.30215951670113267,0.2734467755553109,0.27601342165856496,0.34206338222368016,0.3023811722460104,0.24671680652828204,0.3169477900606376,0.3077558344505807,0.29925721803971844,0.2873396470589571,0.2296129327910698,0.24345496559794025,0.28211846462234047,0.232374037103852,0.31286133652591447,0.33451936938821075,0.2808835802175584,0.25121538339433663,0.2305522571905885,0.22626185674964125,0.23749901045298588,0.3277886778508685,0.2427195240900484,0.2572841237839901,0.24789754180453794,0.3203497380759029,0.27557453173015845,0.25767384913993646,0.29678567522573984,0.31761015227030587,0.304528544031645,0.3349915740200447,0.2403943640579639,0.2656200014871775,0.33846087201179986,0.27308923198407853,0.30522272716933735,0.3257692150778039,0.2949409706372113,0.23490362808343163,0.32158570017919036,0.1739539313055486,0.3688575413372536,0.2728364728424976,0.32138286083393347,0.22081568294099618,0.2804868795192633,0.33765997816960097,0.30124298973111885,0.25693401697180024,0.2806707928382018,0.28322298373401444,0.2355522039065543,0.3470115916595617,0.22432904507960041,0.41946393762858886
0.2950255034002084,0.0,0.273374918928418,0.263369457238744,0.2111175847722506,0.33698826851919916,0.27284750058816637,0.3434721873030433,0.26138193084440114,0.35587677630381,0.2830805518173175,0.3251920200684017,0.29361467822265175,0.2793848254710895,0.26872847814616535,0.26506764199910987,0.2696873682516783,0.26617718686188613,0.32243312624403014,0.28931390384917377,0.2952933482294098,0.32244377476041164,0.2892857834608373,0.2739825956716586,0.3613523239331231,0.22581603342476392,0.23960927470379012,0.2594616581614319,0.33352574215269076,0.23339722717028813,0.3154975396735992,0.31613660707612584,0.3144554794440261,0.26264287690661164,0.2779226124371509,0.2992422279813789,0.2968479769671466,0.292098395753635,0.26145796525132614,0.3066013606032515,0.30879615414714157,0.29056692695042363,0.22487917172325822,0.24903989090256018,0.3466919200965429,0.2640060849502916,0.27136169137078053,0.24522169193005633,0.30658372316598376,0.2681449884096851,0.28984366275261836,0.2708768231053861,0.2904335764946252,0.3383231778436492,0.3096955856086318,0.3270894935070936,0.2917988250053474,0.26888494920195155,0.29031630745649184,0.31290132283625177,0.30032354461646465,0.21101330137595484,0.25291771928952905,0.22082384000778704,0.2286933851532354,0.24027451324555932,0.26589622108501243,0.2603340073935448,0.2343185834629346,0.29368057087454175,0.27139676528032514,0.2570620451624857,0.2396211180164989,0.29519638597145303,0.2958609820928172,0.2715787092534321,0.23201494451673996,0.29644408741785716,0.2547283116242215,0.20967514797454578,0.25900291656531005,0.28003436615269633,0.3366202494349324,0.26729184241644843,0.2682183592042197,0.4011674845856695,0.2653632100563997,0.24694793423583064,0.27058648275051966,0.2992530452959489,0.247228799494223,0.28990476595506126,0.30350200795887045,0.28630397812992064,0.29372605749015984,0.34078580679876563,0.24852378819411203,0.29754691172327263,0.21491180776582164,0.29062323225243797,0.25151981863675776,0.22818099546796378,0.20989956805757962,0.26606196064853554,0.273220765201704,0.2543276375584249,0.2421570101980572,0.32547102505871583,0.29457203488714057,0.33388651607530095,0.277257192939216,0.25429689494253066,0.28122035991049965,0.23191743904308162,0.29621741155215753,0.3232229884405726,0.30078918281540745,0.23296904334153531,0.26089388793256757,0.23578250429424621,0.2359157533773384,0.23833755442582416,0.2925305329842355,0.32193383672415593,0.24570053071311293,0.34160756781826507,0.23891609203765463,0.2810213630848441,0.3267994100593053,0.26620258721697343,0.2805136371915406,0.249213942496545,0.23301168926751423,0.29679447936537773,0.26605737701280674,0.21906962580495842,0.27540974854248645,0.2787002541127837,0.29067968515507236,0.27129969438613494,0.25327558973923525,0.29412871248594147,0.3583180414448939,0.2773210559209858,0.3000996419463356,0.2684430535418518,0.2989795998062177,0.25627002474972765,0.3846999733959817,0.19458673005991525,0.25468157809138764,0.32141692984372106,0.2485288845247721,0.278754854104576,0.29232131531318434,0.292400452718634,0.2815144884203297,0.2838445673788968,0.25055666359099177,0.24990824584652072,0.25568364997047216,0.3254975454232918,0.2235369428555196,0.2610318374379815
0.2511345805592053,0.273374918928418,0.0,0.23386422686433653,0.2355572060732542,0.2952918378793064,0.223718774767381,0.2857453366905769,0.2159095428074206,0.3328750951646035,0.2982542196698599,0.2642024144795959,0.3142915077169014,0.21000226793559285,0.22432558939495006,0.37235541325518134,0.3223702993649678,0.25444117134575495,0.23914372270456458,0.21919529403150645,0.32100911659978904,0.35642237243348757,0.23289878053013893,0.2508662248314588,0.27688607098089996,0.24627973792885785,0.22902903407161695,0.24981797437639353,0.2424876425994784,0.2501268911250932,0.2072096315329371,0.29483558399214144,0.21401806812599763,0.21200429222757863,0.1949074926330925,0.21989312257119803,0.2685721306817189,0.24219982254959463,0.21838034214151533,0.27562662167251756,0.22178048448447304,0.3036273443754417,0.23445652319719387,0.21752567565179545,0.2549364099109605,0.24520907949671125,0.23848326198701586,0.2530211150293457,0.250480539009656,0.2260916091803907,0.2615343275540616,0.2607265242453596,0.1951088783282066,0.26226047753280296,0.2411090170719982,0.23141627312428453,0.23885905473502553,0.31060066049673524,0.23018035726945266,0.2245543975843307,0.25306656804334776,0.19380651741018293,0.2708269069602725,0.18570258077162338,0.19226547259017038,0.2230215015002881,0.22863363316722515,0.27711829065760657,0.25008202282866093,0.2884950037272966,0.25638834587839343,0.18419960299597504,0.23154535817126656,0.35442666692499947,0.2940925696238293,0.19023164085511474,0.27491590991972725,0.26920713581071604,0.2086411543728721,0.19815194914334075,0.2578870775170917,0.23547828556069525,0.2861477844744937,0.24185558149384814,0.2301070265119359,0.28336255744494465,0.2269156009584126,0.20051967377928132,0.23547342129758606,0.20331661011682922,0.259776327943445,0.19135745224749134,0.24844222678196287,0.19688676966464103,0.2354350821239159,0.2350976401691056,0.1877439216849278,0.22883619320136955,0.16810965078435847,0.2387730969679126,0.17567589490079305,0.24277970785144645,0.18437753580832333,0.23091059664119637,0.21953037398588549,0.2904897602852895,0.245564460070692,0.2749821850898634,0.24563862575555784,0.2955893482787834,0.24268236993019976,0.20510190435453837,0.2372844237786325,0.2261683502034087,0.21068956683780796,0.30288281191487243,0.2188124283611615,0.2612702369956514,0.26850788811835236,0.21338256222130556,0.21823502842727333,0.20491679619471517,0.2119725049156748,0.2749163562099737,0.1713165014507981,0.27389819573044444,0.21114691739073535,0.24091259897331063,0.2638104041898822,0.21879225228156773,0.24019819064616274,0.3490337272908175,0.19077700072085116,0.19702145417267666,0.22766343946260872,0.18109077903551726,0.2104420386075547,0.20315858690417984,0.25289690252536773,0.2301776387525055,0.1912381606333256,0.23907774790669375,0.2411348671460984,0.23101648692029994,0.23680500772795698,0.20163888381438835,0.26344941672619443,0.2605344151214752,0.30790464731082895,0.18569329860790712,0.1965602201613139,0.20117811833802401,0.23532513632118723,0.27549271107107776,0.2738685054356987,0.23816421727029036,0.27403919351467515,0.30490032474583506,0.16997134351402196,0.2388057325441753,0.24305201433634385,0.19306999397626431,0.2099308179506078,0.25763949047115126
0.24777863448749296,0.263369457238744,0.23386422686433653,0.0,0.20090143587283893,0.2529364906469227,0.28069858490689903,0.27728023371277777,0.21460701006573302,0.25862649823737144,0.2605273202936285,0.25512896007623076,0.2600005077734969,0.24098280912977868,0.2524207232589465,0.23439752670815894,0.26481330516361634,0.2622907873377614,0.2874190636310175,0.22960292515665492,0.30001092742309654,0.22866016349945342,0.2799784289263926,0.21883138638077027,0.2920603415251493,0.26328655072692536,0.25114206807138617,0.2644046941534195,0.22873900724979754,0.19425376875542608,0.23838984291589746,0.261517146769058,0.36344746799893785,0.2724933458273867,0.24052639534879497,0.2698803334368041,0.26367909671910333,0.2689191211244621,0.23107345582049926,0.3188464712330207,0.28195912611447893,0.26040389067608755,0.23548840090572418,0.2606884232194692,0.2654887316116999,0.27777684220818705,0.1921962014411783,0.22590016926731066,0.2777504323328114,0.2501782821490587,0.3377614714244245,0.29985714865954055,0.25603420308304986,0.33680682406168055,0.2705752622112862,0.24353456915832716,0.2945924581640319,0.27282485047461996,0.2761390484625141,0.2878816887267536,0.30408703057924996,0.22816369230376982,0.2890135136619884,0.19475112309671935,0.24563213193443695,0.2850071708986856,0.31634360766864017,0.22424338116167505,0.24526569739149903,0.28281224396516014,0.25389084668840917,0.23048604583383162,0.2691152305086583,0.37066926625631885,0.2764821037931889,0.23054018230499249,0.30067360795994036,0.2621411637508734,0.2630786352462183,0.19513264749493064,0.25717948673764923,0.3100862510660612,0.2353057826701703,0.2592228855080218,0.3272472827879799,0.27601339926233354,0.3038422393255061,0.27685243750236155,0.27072872957602206,0.23231634956576994,0.27676034783014625,0.2684121625261787,0.24102900607316308,0.25108474455568447,0.31136287995065376,0.2442888489621716,0.22153893319897922,0.2824588107454613,0.2077713958597361,0.2884965758679276,0.22504668528242247,0.27528272332084336,0.31296448379992914,0.25530115827862915,0.2722829680888134,0.24845654767090644,0.2734925874961569,0.25431755283240454,0.2679344010718779,0.2329242001994498,0.3117889426688767,0.26997210025035295,0.332528692711404,0.2791851469237316,0.2770615455307184,0.2461828170768105,0.2940813108130712,0.20464485204581798,0.2866329274327315,0.2587130077233881,0.2206604348952935,0.3172141107728337,0.2574215879557601,0.2803895326027673,0.20979656448392664,0.25133393027165707,0.2614863634848312,0.21750486267452637,0.28676869547858913,0.27109108412849353,0.21145865427669597,0.2664994129960063,0.25807079504155467,0.2686710132375778,0.24220795827278824,0.19642929648625285,0.18078365441617353,0.25623699810763273,0.26469905665261506,0.2727084404962342,0.31814904459772564,0.2392169558891547,0.329748303892938,0.2730236255933366,0.2593638263063851,0.25532386976083826,0.2402730198441785,0.242666029344389,0.24232384948037716,0.17393209665875317,0.2837975774940482,0.28694005377576287,0.25276246506476396,0.21841640528066528,0.31499706219226953,0.26900582574097476,0.2522888865850917,0.26710619816080294,0.30814432174382417,0.2702412378303263,0.27011886373325605,0.26030561114501205,0.27470596995036395,0.24943787089488828
0.2538824791453296,0.2111175847722506,0.2355572060732542,0.20090143587283893,0.0,0.1894630452547452,0.26812563264316275,0.19014625900231727,0.22309511427419654,0.2025828396344743,0.2629990564579626,0.2100910382907129,0.20739802472671862,0.20187133195531518,0.26507072277037813,0.2328127493311556,0.23274541600128998,0.2559082379108634,0.20839882473659455,0.2172574699016528,0.25542105517451325,0.2702403057027611,0.2505067320319436,0.24950935075214825,0.22010838601088717,0.2163809216124461,0.20399673712205496,0.1933875120831459,0.19519527928450192,0.24140606674483353,0.23350511312042693,0.20062181079323668,0.20347837020106896,0.18841003152914895,0.26568880290558633,0.22447464881403717,0.23802674105478827,0.22792565141796486,0.23430195158413444,0.23623140106445079,0.22876061783298932,0.25852318559701715,0.24633579801379313,0.2619881974716161,0.19481670924319106,0.20375464867835205,0.2355381066305705,0.2592955801630749,0.26909285486019124,0.24224787262585945,0.24878955493585178,0.2135258309177963,0.19884185958287603,0.21412766767932265,0.21497099067508238,0.19138028257101514,0.21803206750283097,0.2617837476091277,0.21662854252435465,0.20438598113147435,0.17214037446120423,0.1714697628067043,0.21979485005077729,0.20454066398647566,0.22166098209215992,0.17523575635784883,0.19296374904754515,0.23305245856394607,0.2077969109644465,0.23527950171906203,0.24206757116813057,0.2085980624702662,0.19352495312263407,0.23222581244569127,0.19625594999472012,0.18250642178689921,0.21073924913403158,0.3032921265371543,0.18690409234246497,0.17877786721646832,0.2076666030987346,0.2494638089199432,0.2477601971426093,0.17645674201578898,0.20267309620927434,0.21553049334355912,0.20352790188673006,0.21203981171390623,0.18379759679840973,0.18092118855051065,0.31476719523936647,0.22401562077196766,0.27119302731937744,0.18063836853995927,0.22453884068631838,0.20301840956093045,0.16121863370270215,0.1889800886247253,0.20148092184743546,0.1847135944947915,0.19392444797618835,0.18798662947451794,0.19792705367797325,0.1894447754621663,0.20615423692397675,0.207735276229317,0.18143817620788308,0.22188800192548,0.23627182151817228,0.22002939447541228,0.23191445133068636,0.23415783382472452,0.19182072915667225,0.20771268231251255,0.1938600170748317,0.21796644231548515,0.19418205389136914,0.2401849008914179,0.19082992929967776,0.20059795074172254,0.2941366298450258,0.18664636067499316,0.1920966321792949,0.2595101883774926,0.21238998659822383,0.1996886714087391,0.1779819966355894,0.2081050780006825,0.18514327819151077,0.22498844715603586,0.19053857327819765,0.21694014819673865,0.16672450894138496,0.22245008626043547,0.21532991625779258,0.22142254214806958,0.20491682628499064,0.2738978975365216,0.2260878943421545,0.2509222060109062,0.18033050977076515,0.21319040904261458,0.23416983210691408,0.22403706097211668,0.23661083159564972,0.22036038585759984,0.27654729896703534,0.20604175746661044,0.21023486104096054,0.1555463442244282,0.2179948844561962,0.2061416129167555,0.2505484201105184,0.21422890932735958,0.22566022844039713,0.22276096036445683,0.20562330680900828,0.2310666625582165,0.20181261201519624,0.19609245648528592,0.18951347413927222,0.20896163550367694,0.1945257367993669,0.3119574132584641
0.25226354479318175,0.33698826851919916,0.2952918378793064,0.2529364906469227,0.1894630452547452,0.0,0.23287361075550145,0.2996420124123844,0.21352590661889764,0.28144531355973296,0.2734528751091052,0.30171965649428895,0.33802753159385174,0.20327834105043438,0.23452082868074597,0.3076589140832637,0.28942738887323377,0.20431934221736842,0.27306533674155714,0.23849174057378972,0.2861131573028086,0.2695971062356775,0.2080622439357342,0.22440983118036748,0.2966600192008976,0.22486632993014247,0.20794665000926268,0.24863269792653153,0.25500782122636295,0.22057466635661144,0.24810204938371325,0.3452737530618179,0.27730458258277524,0.23871427213146967,0.21959621094089116,0.23215155712974436,0.2781140857020269,0.23375428982233631,0.22410864554204432,0.24177327511384084,0.25805667252253,0.2682190175206881,0.21894492053987716,0.25981412376679025,0.2561146628476102,0.23452923243975674,0.22947188807608696,0.239423711731297,0.21888901481376333,0.23337192732410184,0.2632371523555005,0.30840372524316556,0.2137191903085735,0.2949724841717651,0.24810440604843886,0.2946350526437177,0.24470594510793467,0.3352321146221902,0.20400549178803257,0.23328344188136402,0.31320941995491663,0.2175073786962041,0.2827700401510806,0.17432320116347405,0.1885421281530939,0.2199796664996954,0.2375811173863767,0.25724145065935866,0.1979549657493877,0.2566620557195342,0.2540854242358599,0.18994311546724996,0.23022158073396154,0.2906481839293322,0.30805677172624285,0.21682328997316336,0.2554206590166766,0.25766703056423435,0.21434964078161434,0.2541339982564497,0.3112607116403807,0.23174770030916592,0.2745421703396103,0.2801303286355353,0.23814055986885327,0.28389570607550907,0.2657970290427634,0.2068472034716732,0.2757496521910456,0.23386811495693488,0.24442360903063048,0.2481832783234315,0.2612874324326163,0.224307734818601,0.22093527802510737,0.29149300899679825,0.2172709470668967,0.2882071090969305,0.1766092788237327,0.27012498667646573,0.19878838461020554,0.22052191364575946,0.19771620822928912,0.2162752144469714,0.23772002080150334,0.29569792883712104,0.2719388022634187,0.28408652763664705,0.23745075151282657,0.28613766265815205,0.27023557056376646,0.2044052842610431,0.3087880613292941,0.2363429081083639,0.23518494849012583,0.31200536951533164,0.26711193037287495,0.19854601421702603,0.3326354117625465,0.2271705101466794,0.2088135290481792,0.2459387212474385,0.2502403066316796,0.2884843551057897,0.20589175106200547,0.3035911509535721,0.24311772049257335,0.2406004408579545,0.27988875958872533,0.20638765925882357,0.25882560678125544,0.3298051917150977,0.22572354958326676,0.23695526987288404,0.22328528948408832,0.1911807146548701,0.2420408493192571,0.209357830827612,0.21759333544984955,0.22259531819905698,0.2265913308550365,0.2592889310039523,0.24902817678089925,0.22885340106234586,0.2516628352433598,0.22202539151351255,0.27130526014783973,0.28337859893010137,0.2687544839677975,0.1918731650942809,0.21727237923659568,0.2428525126557045,0.19897696086508473,0.2344633018983193,0.3040540440225995,0.23962495596017722,0.25957419469375975,0.34299125118222723,0.20802398355110996,0.26806500217531953,0.23116280912711024,0.2510130695726259,0.2033079373060143,0.23633140890052642
0.2703538627182639,0.27284750058816637,0.223718774767381,0.28069858490689903,0.26812563264316275,0.23287361075550145,0.0,0.2213859507019093,0.22448345148785975,0.24727313870145512,0.26348655142188554,0.30908679608345446,0.24575470859550272,0.2240859421373487,0.3384923518168008,0.21569034490416286,0.2299696308665811,0.26415292202555624,0.27666192026852726,0.2217844465799014,0.28196059515780214,0.2822641167526825,0.3361909550152215,0.31080012526582035,0.2923130705314108,0.25182811984587444,0.22295218811440323,0.21038275119140537,0.24288651498570682,0.23427852421096645,0.2728794502713728,0.24352631096530938,0.31160247709923544,0.2574725366066688,0.23950217042163113,0.24650683903898876,0.3239818614409279,0.23238164664868216,0.25839885443377175,0.3202403422630499,0.3181135801040641,0.2742595572326714,0.2824884051343403,0.30370762977201377,0.2679914737163055,0.26158375047031285,0.26977598968629535,0.25243570999302334,0.38097438228627545,0.2381481934028761,0.3282952846876143,0.2535662258472634,0.222715105876246,0.3100825511930489,0.29161589885168787,0.24813865691730078,0.2554764555969564,0.2555079325941707,0.2814410440188416,0.23738244135409808,0.20535814061948207,0.1996982798248131,0.23114185908540746,0.20779049725490253,0.23750395787245637,0.2107745347623623,0.2610136175456868,0.3048861374291554,0.21716659841304406,0.24243441867403293,0.30289505275259826,0.22446773460754532,0.2026199350229598,0.28972904876281524,0.19340323702059678,0.23878267205723586,0.2801984986173149,0.3111478172694591,0.224890475076031,0.1968843148084171,0.24989322918681958,0.29706466288333816,0.2880991848202468,0.18903830084238052,0.23030958849503036,0.2574156110329343,0.23270239571501905,0.25957056193815065,0.2314773850587532,0.2339305507258258,0.2985857918649156,0.35094332336705225,0.2767685478112654,0.23281922833747248,0.2579201509331957,0.31551516359579856,0.19341940007768738,0.27752728869203824,0.21298498109936553,0.24656520157870238,0.2345928154452262,0.23842527547424755,0.2729589086179865,0.2632220227528179,0.22124339044975438,0.247705160190378,0.2141370592449149,0.243063530181137,0.314810688618864,0.28949570026242466,0.3677265625355228,0.2542183902639613,0.22991838226010386,0.2041013652597785,0.22986528059783415,0.236711883669898,0.2399446697003797,0.2523624406487538,0.2378008277031019,0.20544032486559474,0.23887732004376494,0.22416687634847415,0.2227938571980731,0.34097091456685574,0.2099109255824532,0.28686534629418003,0.1987862452265195,0.2659201163515995,0.22407666620739103,0.2723138124315575,0.19725544046400711,0.20888306698609674,0.1903619370247638,0.23340031647059428,0.2285314759190435,0.23453899224269967,0.2463523752324582,0.29505087724154344,0.26300272870504793,0.3097774819843561,0.25925802211754206,0.2261453223540483,0.29190568595436905,0.237420447874319,0.29249536957600747,0.31753082961001416,0.2877032533238225,0.26404481027127946,0.24593939532898992,0.15378079014258556,0.2601935824256063,0.269472569211898,0.24382499861915818,0.279548056043146,0.33024306393988556,0.29728456878846515,0.2688884802609858,0.29643420386173697,0.2728831651906835,0.24489454769365898,0.24246176386268584,0.24866609536617731,0.24136911822279086,0.28841967052311024
0.27341850947706686,0.3434721873030433,0.2857453366905769,0.27728023371277777,0.19014625900231727,0.2996420124123844,0.2213859507019093,0.0,0.27546106003461984,0.32458642314181513,0.24794601889999054,0.28034373167607807,0.33814859660797286,0.233155472484785,0.2391361752323307,0.30166876308041896,0.2979518919227995,0.2568161401103687,0.27858204965081323,0.27708858644035944,0.29630349795458144,0.24599253256795978,0.26520117242418434,0.2274229206266754,0.3289131747230211,0.23721146379928557,0.2883084997162692,0.2978328684385418,0.21576212169767317,0.2371479878645182,0.31942752171927696,0.3229865165324989,0.26381162676015707,0.27452269714491545,0.24426792368323472,0.2741929858224516,0.2992703968639246,0.29639765315125544,0.23904964716917818,0.28714142324511954,0.2553436756588906,0.282441699211349,0.24439392406237076,0.22271649269202493,0.36860670875258567,0.28624615074231563,0.23602491088635022,0.22085701896873455,0.2745722992167343,0.2516060125202813,0.2699456973419258,0.25394845223179446,0.24071243526562364,0.2619748743392715,0.2529585417034262,0.29901424530804294,0.27221116353874064,0.32471509287827,0.2708142103088617,0.27355566556374294,0.3918096083307512,0.21789444506134356,0.2727323877308927,0.2138191280671881,0.20998347067435058,0.2509443144925569,0.2894515108859214,0.24335116523935654,0.26297713979511494,0.39569021580256547,0.2556119371746551,0.23587289158390198,0.2637608277156741,0.33777471535527587,0.3570602408333803,0.2465987421471832,0.28348718582686,0.25728230046236067,0.2925637187417597,0.19658118436864855,0.2629218266546608,0.27037985630130423,0.2902781007735112,0.32316592165367175,0.30724596208359667,0.38892515705656816,0.3784374472340875,0.26401107127832574,0.34977471435387,0.2690902805273718,0.2398976179091109,0.25512132065789955,0.2544214224105094,0.23901537487249092,0.2822587421864882,0.2652736427684679,0.25370741907031136,0.31608260253959874,0.19894932496887757,0.32806706274021363,0.2220910351128572,0.3060696160939534,0.22790471227110579,0.25257714877414966,0.29554352931513117,0.30573002654176734,0.29249516856774016,0.34158526176247533,0.2719249114822062,0.2688091580308577,0.23941700895298387,0.25335831582955953,0.3089804988076801,0.2917634252602231,0.2676783519733251,0.310849556932458,0.3210734526189087,0.21752090375205055,0.24329651820457868,0.25300946341952457,0.21294976503980914,0.3360742439309695,0.25122954797402913,0.2766512447219174,0.2152116700368005,0.2616455004454456,0.24653348998424052,0.2808971971601888,0.28989840830455027,0.2521351787598849,0.31987143599575163,0.29056409707685316,0.27144202195779255,0.24182027895869312,0.24660073850684833,0.18760360131103143,0.24095620291100342,0.23772382407935166,0.2900194814031583,0.2815889166339554,0.23692362334761294,0.24785780009368402,0.3242341344183761,0.2776657502158308,0.2743397037416923,0.2639409236051272,0.2872450811413569,0.27307540184533613,0.3355902292177232,0.19516552893733646,0.27561711882486123,0.2809213059831154,0.23811548622167553,0.25641824799128304,0.3276770862522729,0.2979981129620843,0.25973674863476787,0.30508149989167976,0.21287952352208137,0.26069206261168,0.262628986690056,0.2705625105158593,0.2574705577340048,0.2345636445973708
0.34514219819493125,0.26138193084440114,0.2159095428074206,0.21460701006573302,0.22309511427419654,0.21352590661889764,0.22448345148785975,0.27546106003461984,0.0,0.21886537952948826,0.23161602085108438,0.23023667840815762,0.23999005815264515,0.27644496610115493,0.23523054395502566,0.2309880118937322,0.2360173546932597,0.31032020175674835,0.2278902234584619,0.30408678960294333,0.2285698512452451,0.2999265315640802,0.22970743926721526,0.21982239759173816,0.24717474160264918,0.2048246183992447,0.26813901342874374,0.24255216085763404,0.1933512997315966,0.2878572305029802,0.3096924294345074,0.24137347400252682,0.2264340995713744,0.20757233285479484,0.28479595925803525,0.23408287285747356,0.2485841329059074,0.31682389467282146,0.22891390361774597,0.2392439602655487,0.22037351678512837,0.28889345265007593,0.23438782633360744,0.22480760307115574,0.26411285401098256,0.2405663001005099,0.21834514246118236,0.20633055749454768,0.25585293708983264,0.26986117056429054,0.23958129263192204,0.2167789821823453,0.25576097652023866,0.22235184595590368,0.21693628619339436,0.28197576048613743,0.2754645850934987,0.243556598838704,0.2476622994487638,0.23474614992234663,0.22244626726431532,0.21354495496927048,0.22529012477448326,0.2381077361672389,0.25692776252705846,0.2262872864761274,0.26830161089595034,0.24888457832140562,0.24246262585423378,0.2804613120270229,0.30409786141881956,0.27278383705479603,0.2802840831353876,0.23778220749224027,0.27049128678185635,0.24693601309150956,0.20303407283061667,0.20615695747682283,0.24742549323498744,0.18552871757744663,0.21043344678414436,0.342008403150049,0.28682207752615946,0.22503680074559587,0.2691731053567813,0.3220588084007969,0.25934980639814137,0.3041995518696591,0.2545992985236239,0.31069960112268613,0.28393513364657313,0.28938676781524164,0.24820513759120216,0.24010342454110742,0.3107079129937064,0.25280144027925355,0.2412935832038239,0.23563004425915826,0.27199495341957786,0.23654744706327402,0.2561417190154319,0.20068333837729474,0.22987654652208164,0.20931769112127072,0.303052432069243,0.23037732393552637,0.19893278881597815,0.25122872928181494,0.22850864871704735,0.21114529726140657,0.20307960582111811,0.2957279339450179,0.2494842726341267,0.29213279337853637,0.23867070788503666,0.26428398766335415,0.24341314420257704,0.22978862669726696,0.17681674368051517,0.25827426092664896,0.25642002959825755,0.23744427544438526,0.2395956956156469,0.24905808578192087,0.32206699642816045,0.2067461730386964,0.22712447615648554,0.22018974910431086,0.1966344763247898,0.27355046372366787,0.3314336598796238,0.24284109344960367,0.24292938994255936,0.32346044980400024,0.2362052329818075,0.21890925043584428,0.2509595712063017,0.24712947831137674,0.26940419687053924,0.28895275720794517,0.22224733628623566,0.23913320726662707,0.3048268983373865,0.29744630626909385,0.25271157597570987,0.2742066267690387,0.33762845261496593,0.20801067403837353,0.2615146659161296,0.1760470672661084,0.30608749362846116,0.24491398690303062,0.2655824038191088,0.2210306727737113,0.22744673305666474,0.29218690121859675,0.23693543520318672,0.2244997600565373,0.2585271935488264,0.23044727367348136,0.19603777724168867,0.29697951991942134,0.2521013708616718,0.3010117932187513
0.2541742666926493,0.35587677630381,0.3328750951646035,0.25862649823737144,0.2025828396344743,0.28144531355973296,0.24727313870145512,0.32458642314181513,0.21886537952948826,0.0,0.23855553707288077,0.25411405747253984,0.28981270120499975,0.2272822673230364,0.22928381280607815,0.25911408044859807,0.2695197914329187,0.2649829140899909,0.26002954404150536,0.22660371814643068,0.2601013494893934,0.25195946284146514,0.30314980060238156,0.22286934216423387,0.3747325947723806,0.2118707766131516,0.24358767583837654,0.2715770933827156,0.28911874301467144,0.21319925205173823,0.2553045129449186,0.2915664739154266,0.21960789998747682,0.24347507408924562,0.22617103358532137,0.2345052266753995,0.2710127454969959,0.2359127792468523,0.19904248941326644,0.2766883707073244,0.21832376411001672,0.2886841824612329,0.21945966159162028,0.20686469032084456,0.2695895422743291,0.24454686744989398,0.2221960868592341,0.2211306993622484,0.29945296149376277,0.20719373961721482,0.24682845272585244,0.225312058813434,0.21455331276136327,0.2542121516168511,0.25836296477006804,0.2882050940204875,0.23346949640276077,0.24189613061105764,0.26947722223799747,0.23439430617890508,0.28234279678878654,0.19373204909353262,0.22220193780973066,0.1922345999745082,0.20403915170543946,0.22345861331140224,0.24289243130737592,0.2419668102832164,0.24526273187929262,0.3101345063968992,0.22643292980248145,0.2227464442761715,0.21748016252825383,0.3004436437677038,0.2688953001201429,0.23506369663946267,0.2391379031765555,0.26676003707541857,0.21722389250729024,0.20472231565097404,0.27414112883114133,0.24332893566847114,0.2836964760698295,0.26110675723882576,0.24957717377207475,0.2880206102751587,0.26033614424457735,0.23337237568047184,0.2933685879863197,0.22211591057044827,0.22440823588276174,0.23035109333392037,0.24210360112061943,0.20911806313653775,0.2590947424425654,0.2704120796680581,0.18519050440941762,0.2745107615792955,0.18905845312904054,0.28618408702292125,0.20606429685116429,0.24384461099736746,0.21070057255844152,0.28199280782764263,0.22266725932349957,0.24640672287036958,0.24489357072544904,0.3753735098375466,0.25167979335373547,0.27764192462492693,0.23460671896588095,0.2174592817509686,0.2772238792826212,0.2521478261711951,0.22718432860117643,0.2776623776863526,0.2834261396826127,0.26071222559267315,0.2681945151714705,0.23918436710821173,0.19232188357792393,0.2368150782424896,0.22235552719880644,0.2715913187543851,0.19597377044005496,0.28641863505123166,0.23080347298735004,0.21882167525190513,0.3012798591272608,0.23514974361690505,0.28804430645028556,0.2467288692444492,0.21786750509602676,0.20873022982888276,0.22061760756067633,0.18560915165779537,0.2211292198072325,0.22971805643796894,0.2773056071048874,0.24825788460619994,0.22631270103974788,0.24492928589925278,0.2819368013246578,0.22484970543160926,0.24348096215397863,0.2447712604536556,0.22073418759838284,0.2914154610111586,0.40145028971173125,0.18973941803942682,0.21684009816179908,0.27443321800698606,0.21350760927765033,0.26461805523626986,0.2902049370052773,0.25919110320660155,0.2376495302344787,0.31117839106977296,0.2125808277232787,0.25964763678560454,0.31885155314139885,0.2548918444925303,0.24678479579142384,0.22303116121720823
0.30369022787094685,0.2830805518173175,0.2982542196698599,0.2605273202936285,0.2629990564579626,0.2734528751091052,0.26348655142188554,0.24794601889999054,0.23161602085108438,0.23855553707288077,0.0,0.3049579748656638,0.2947170430401525,0.2342118349221583,0.2465292117751421,0.33121374278289784,0.31724849625309154,0.2878569191122322,0.29782789451781444,0.2567134126266747,0.331442850767122,0.3542121476376939,0.2609927970413977,0.2769219037677146,0.3061590156278784,0.27083852700153555,0.24343724541385858,0.27316139331204037,0.2799993677936128,0.2631286948062991,0.24037811647200613,0.28598181127131406,0.25271764117111495,0.22394105739681378,0.2496166263468895,0.276040124879458,0.33657731462461604,0.29151963653417073,0.286527745331614,0.28861027720684357,0.26684331716422777,0.2879982195708096,0.27522455300193605,0.2961582098582386,0.25577362402335574,0.23824884448861958,0.20551558968715117,0.35065547132031444,0.3113933476569018,0.24969888534564907,0.3256714084942348,0.2541151564540613,0.22061672006227886,0.3359299866974319,0.3216928696540551,0.20950420167940698,0.29759692309313407,0.35460732887113533,0.2617312587260714,0.24804962397976904,0.2698451943812577,0.1850011952523138,0.30466184471144336,0.21235981274468432,0.2025646194827589,0.22783961499249777,0.2544110008889107,0.26377039881030806,0.2797590167507436,0.2951714516491017,0.2838173320243796,0.20960330587125106,0.25544044889705375,0.32125060077326417,0.2906050024582436,0.2226982418451385,0.30017005767804705,0.2755310290664444,0.2312971328736305,0.19946940041587236,0.2599289240490726,0.24778432222483826,0.2710191528919368,0.2488636549970161,0.2391069616169494,0.265117077522044,0.2748163999291561,0.2360333577816133,0.21470314873244262,0.21720381461177843,0.36901713484064513,0.20892336499151837,0.3262963892637182,0.24701949551123398,0.2555261261698651,0.2661190291109947,0.20529262405123908,0.2080512743107971,0.18975170047021314,0.2191560952850473,0.2285648564142088,0.253478489850308,0.21994952311963215,0.21442465793687857,0.25429091378812185,0.2309930802557717,0.22916574023631653,0.2680869025404706,0.25020421698101075,0.3123037974575797,0.34545652010816896,0.2482372961090157,0.25432297418153726,0.24606471970317792,0.24853177360175904,0.2662609904581533,0.2366996927272937,0.26953662672959516,0.27420480364619915,0.2192182058091567,0.254666774072216,0.2124057672673041,0.24564104978186888,0.3114631955542002,0.20974484542642954,0.30086242491387377,0.18967967696822208,0.25801439587187086,0.25284540578566095,0.24159386095520913,0.20998171875285604,0.29214093024271437,0.23115161209956575,0.25821390162099395,0.2983378627048146,0.2128220068956959,0.24207705233523652,0.24353769659356844,0.29110979809416276,0.2769942801346974,0.2480746175747188,0.2692197311849105,0.24270906872687734,0.2657605933741149,0.33525614643231255,0.22852493848347483,0.26371288862597453,0.23703134488978556,0.26524637639770066,0.19360430734342227,0.29201475544673533,0.25007962646015863,0.33466467692749324,0.2365439417697848,0.27190923357452895,0.2781452692555434,0.2888686240312666,0.2656408670240145,0.2307948296897427,0.2415157499117479,0.21759134351187726,0.26272460318009966,0.20154818163982322,0.3720936513283462
0.25103740176930456,0.3251920200684017,0.2642024144795959,0.25512896007623076,0.2100910382907129,0.30171965649428895,0.30908679608345446,0.28034373167607807,0.23023667840815762,0.25411405747253984,0.3049579748656638,0.0,0.24125893734257267,0.18232758455088333,0.25755865256117716,0.26116842721645633,0.25252456829473624,0.21921665820055314,0.3378394394576096,0.2360628568003094,0.3149202281167363,0.2745262127009349,0.25461735069980523,0.2746050752476585,0.3249105084450924,0.2396399511804836,0.2219116720932382,0.21422865670515492,0.2574281253662615,0.2626466929080675,0.2802074262726853,0.26800865854476846,0.28694799583983555,0.25774654312742007,0.21578814625492032,0.26145113246072893,0.3063152588165942,0.24719769747737774,0.3037362477584815,0.26955752644895914,0.3024071873000137,0.25532607926526923,0.2559842923169636,0.2864618276125135,0.2740002978150813,0.2559858654435474,0.2610665011809142,0.27481856464996984,0.27243697119805477,0.23785124160155482,0.31360744347618624,0.28326357483242354,0.20841280356100675,0.346521657300957,0.3258885933102598,0.23746755585045515,0.2781719740072546,0.34226183584952874,0.21726457508825472,0.24166091546581378,0.22801925793879568,0.18673944335254922,0.26070023525764824,0.19100005721338822,0.19734232726028242,0.214529425097702,0.2230630397004916,0.24083688817366677,0.2030994621111418,0.23687878532048864,0.25332112724713163,0.19383206891827018,0.20161522322818953,0.2670915460753241,0.23499173350895486,0.21605339252773262,0.25018247077797523,0.28583693728110937,0.23583513736769848,0.18490629608730388,0.2318379327395057,0.25564195748210783,0.292061340863105,0.20436727136265856,0.2424934266507439,0.29179711694316507,0.23467032855677797,0.2229928469361214,0.24306528227013902,0.2470116499409791,0.2772585324789658,0.2645102955618962,0.27497515113307747,0.24082765530761913,0.22230500413640003,0.37186181443681404,0.20453565044145505,0.27394097876720064,0.1790471219184031,0.22783762801541294,0.20079733812599254,0.2349054755653701,0.2417299174310477,0.29896079806515014,0.2278192347962925,0.2572727929645455,0.2432531704417613,0.24749701176370195,0.2615917852298742,0.3238526613049016,0.3805682996446522,0.24675876749112188,0.22381399186332637,0.21523921900872217,0.23759578893369365,0.2627383399262506,0.24169426756981097,0.2602628336050413,0.26637384246210366,0.1934947700806833,0.21631257140063834,0.22629652576223921,0.22484533467510068,0.30017873674572904,0.182507336331887,0.36998538919927265,0.1881469714481005,0.29601497817422767,0.2810699348175787,0.22512329241778642,0.21254011361874856,0.2366658275674694,0.19103847625669573,0.2359177640671412,0.24761328953716974,0.1867568014670254,0.27807706465926085,0.2407912830207434,0.2505322142904938,0.2776507141185556,0.22101259606979673,0.22655949156539007,0.26502427121314265,0.24377364206977242,0.29352258759607797,0.29298000577799127,0.33395748204824705,0.24024324360960989,0.3074775669213987,0.1750774840609107,0.2583859333467446,0.2563193637726253,0.24365333512828463,0.2685904289276635,0.35640366811215607,0.24554033496678485,0.24881092576430894,0.3025317160442415,0.2102515707587238,0.2213215178285759,0.1922071294636428,0.23163134721131803,0.19991894593053777,0.26149783731385723
