0,1,2,3,4,5,6,7,8,9,10,11,12,13,14,15,16,17,18,19,20,21,22,23,24,25,26,27,28,29,30,31,32,33,34,35,36,37,38,39,40,41,42,43,44,45,46,47,48,49,50,51,52,53,54,55,56,57,58,59,60,61,62,63,64,65,66,67,68,69,70,71,72,73,74,75,76,77,78,79,80,81,82,83,84,85,86,87,88,89,90,91,92,93,94,95,96,97,98,99,100,101,102,103,104,105,106,107,108,109,110,111,112,113,114,115,116,117,118,119,120,121,122,123,124,125,126,127,128,129,130,131,132,133,134,135,136,137,138,139,140,141,142,143,144,145,146,147,148,149,150,151,152,153,154,155,156,157,158,159,160,161,162,163
0.0,0.2922698812347051,0.2856016714769953,0.2535334176274863,0.2772895305049178,0.2938520443089048,0.2660389957081171,0.3285421456180163,0.31394543022617327,0.28495785762324854,0.32217267827983515,0.26358140802401386,0.4441476738509054,0.25742606626830256,0.3004146827444444,0.324996310861895,0.3263471338356862,0.4205614086401711,0.28065772266035965,0.3874816871974087,0.32101599800320824,0.2839933699965589,0.2779898688871898,0.3012248226456532,0.3709742901105126,0.2720173507556791,0.25750970029259773,0.3155595860109226,0.22787954636910945,0.2616137894259583,0.32271911726814967,0.33761886310001277,0.25257958921730006,0.26628666212652674,0.38310634071075395,0.25161800434326204,0.3973858838488987,0.31523445157425345,0.23891911909780997,0.37521367742600503,0.2656722965327798,0.31345673061824286,0.30884149633598396,0.3143195898814643,0.3236045453620351,0.37499872138604035,0.2809172810373685,0.30387297872619645,0.3634879093165812,0.3218284188612216,0.33238390433660664,0.32293100194070395,0.2441969786188476,0.2520759142090044,0.25344895269675904,0.30466279482726627,0.3989147976225458,0.30642746169134993,0.29753713561256323,0.30355107088722594,0.2913519397177792,0.22165257304017663,0.32599764514886936,0.2271455315824095,0.27955068292576807,0.33922357143024356,0.32584914945666454,0.31685867920550065,0.2759555437604952,0.3593654193477469,0.40939524617903883,0.2880850598111147,0.3274153780992409,0.3396663373202143,0.3317151427876425,0.3389593978094665,0.2615592978320591,0.2655435128650214,0.2988015093134373,0.2520351072927108,0.31304284436815366,0.3195705326280501,0.2897631211452886,0.30943699123082846,0.3232822298368843,0.37716360757205364,0.3420606858480988,0.30647645130092394,0.3709028670710055,0.27024331032315024,0.34176424567063945,0.2817430167057202,0.2929651060858741,0.34005527714402306,0.3059373739484373,0.25732203262776837,0.21377830586899946,0.28578333126201955,0.22236726042756622,0.3726297037785042,0.24869598219557526,0.2714097143490882,0.2623734106981588,0.24267121340849507,0.3352856168593835,0.33393108530988913,0.2892493325839127,0.322437023945641,0.33609341273183246,0.31814649568488124,0.2970671095190185,0.31686720513262345,0.33448895401306666,0.2612805031745836,0.3103366286115745,0.35256506387634573,0.3524785134589209,0.2874160444763921,0.2628169371375639,0.25061443860464266,0.29669469140852217,0.24675678980006438,0.3104921209243145,0.385898232891489,0.28146002158951855,0.2768656594928919,0.23394847104234226,0.24337035281564948,0.2499775950128714,0.30391383436463204,0.26548528772957336,0.2859603936018753,0.2635748242348253,0.2790477232826947,0.29144762451321976,0.2860318377187727,0.29419140468683697,0.3302896757263882,0.27743053810880025,0.32179597815403266,0.24128952959797564,0.2576497368862789,0.33002104551565703,0.24102624441260267,0.3116615752876332,0.3071768124328555,0.28620025597150195,0.26315470686641274,0.3363189332721633,0.18302908231656367,0.4167139241760324,0.26839934147485844,0.2883904996615236,0.23296879572794216,0.32456689513948966,0.37070501315302234,0.3034854674244737,0.32387853277119044,0.27267781639034405,0.2975200801422592,0.2639628765844145,0.3626998034998847,0.23748697611914524,0.4082386801499689
0.2922698812347051,0.0,0.32307336874663933,0.2722026731510712,0.24668928028703546,0.4098825628095615,0.2787896041781206,0.3861027445850607,0.28715602006977375,0.37650763945118537,0.2905911863196641,0.3159659221338413,0.3143740227816962,0.2771982830290157,0.3265007296788371,0.2852856604647287,0.2808166980412769,0.2555326624121402,0.2749833135962156,0.2803452958864443,0.2807695054871979,0.3829001312119156,0.23975620797634545,0.28845945542409185,0.3197700729990736,0.22357414001878304,0.2470646921955058,0.2727681063450516,0.317958885178139,0.23482944325813288,0.3756362171744157,0.3197288641158372,0.32702027736357175,0.23970776099746885,0.29567690759941445,0.27675774043405865,0.2857431551125951,0.27025478948398635,0.3097212444665702,0.2849639105532648,0.30004864947132875,0.3152388661075486,0.21902320078957785,0.27224994208649655,0.3381333867837009,0.2563134519872981,0.2574594715162575,0.25303896913533863,0.2728324934909978,0.26670690838888206,0.2878596009159775,0.2642700394162805,0.2625791148011566,0.3449181480282029,0.3070714156975474,0.333069107537586,0.27021660601980935,0.2824627982329427,0.2774999814741742,0.2846136662500023,0.34494427974886394,0.20303333043089952,0.24630661695728526,0.20898496416287815,0.2386854799762782,0.2385405712131593,0.28765956380838353,0.2698051918716568,0.22540537062488986,0.3094441755701208,0.3028673391340535,0.25278824856674265,0.2405085682222117,0.3100351043597137,0.329915938019064,0.25295284970733317,0.260495010899861,0.30775516958813415,0.22719720573829516,0.22715563382075304,0.26952731766606,0.2878991323976234,0.3395068429691896,0.25859776031157117,0.2423855952319247,0.36386662531460745,0.26394328111327237,0.24124588286631038,0.2776766519190866,0.3039876082702268,0.24411677262046383,0.29726550305414245,0.3066125701158216,0.26543734565802973,0.2726537172535214,0.355326900830558,0.2515463398442604,0.2839142406760011,0.20772018902091868,0.32037089712772027,0.26041022488219334,0.24060563738316662,0.19355337267491643,0.24287320819982514,0.25920049380872157,0.2584203532606235,0.25010480973016924,0.3081299141317615,0.27845491695008323,0.3293039363917302,0.2686112556850119,0.2267013293495159,0.2888679986046836,0.24767198261352646,0.25661957509121774,0.3638633356421378,0.2757354167330195,0.230845800778223,0.25824103232181067,0.24364073106192738,0.2554168326805593,0.24542404116783814,0.24111515303401374,0.34675771185140464,0.2510986820878768,0.35814202328836475,0.24514444378463188,0.3094197265256837,0.29250141330233037,0.262876527221116,0.3025973446123091,0.2842364702938007,0.23571569243914445,0.3042139770488878,0.2780858729495196,0.24316317046531521,0.259243925878387,0.28367508206308156,0.25272077523230774,0.2637399513198877,0.2556150391492173,0.28234565125291594,0.3403766824559639,0.25978937306245914,0.2874377990517928,0.23666063851545066,0.34749529023499565,0.2787736742272995,0.3185244569924475,0.18588475144743213,0.2650904119551416,0.28171183540040645,0.24601403765670973,0.2761395617830992,0.28141869377024575,0.30773589564225673,0.27536860122598206,0.33881914392275503,0.2535959221745875,0.25342543114698496,0.2586404937888058,0.2963000864159442,0.22011130724539904,0.2754886064428904
0.2856016714769953,0.32307336874663933,0.0,0.25128291294690575,0.2860219870178342,0.2951965881421762,0.2592629693375445,0.33111812159359444,0.24498420460138018,0.3807545918577581,0.32003536539199606,0.29085806619186,0.3132536802257379,0.22419820543944818,0.29197806661337344,0.3306816912339089,0.314465853872154,0.28835894279976565,0.26105652562715936,0.2476070845763598,0.34235600922405046,0.41429659363363514,0.2357271371122318,0.29091849125051555,0.3019750371925365,0.24166600712031594,0.2356034237185824,0.2631340875772284,0.2530377770235439,0.2483695642288223,0.2694028223742151,0.30140573382895847,0.24195416036863243,0.21474314973719832,0.23999642666896345,0.25004166695402696,0.2956673047793306,0.2587329297791218,0.26745947130712777,0.3037095312287292,0.25998159345658023,0.3156385278212267,0.2551827979858823,0.26091272360823375,0.2974535925125113,0.2629579996682964,0.24668737590645676,0.27550052125600977,0.28983142239279996,0.2575058780196517,0.28806411910221463,0.2664663165749518,0.20483907326218428,0.29423636674565185,0.2720236378377742,0.23552976328840947,0.264282410936314,0.3065447974256257,0.2827160403464907,0.24939321859532645,0.27232456394375726,0.18642806130229217,0.2760650545214645,0.20618915781079988,0.23232867098693313,0.2427722820510047,0.24937548017446529,0.2849198675110979,0.268207477629276,0.3258658464935556,0.29951110724092117,0.21848317485571997,0.24156191797044016,0.38927090642537915,0.3171954004053135,0.21206217816448775,0.28083150831675285,0.27709390314940285,0.21647497560925133,0.19502447743498363,0.2640664658444154,0.2796877251231377,0.28703766487807625,0.23620696176414763,0.23799976972510448,0.3228857909278012,0.24500783376114574,0.22110643092221677,0.2515547829738643,0.21740658249493724,0.2731977097474033,0.2254771904422178,0.2704614142670521,0.21931923679047174,0.2561995436519774,0.2599571423644869,0.20799225343126124,0.2507094599138283,0.18478659906451547,0.2759663290160529,0.19841368899203712,0.27774014682268333,0.2001593181620793,0.27145442611006343,0.24222712432207302,0.2785078149454406,0.25643590472502276,0.27242313332748924,0.2701880060166902,0.32751394932888706,0.27451613070063385,0.2231834074587032,0.24145710702461506,0.22800077045287745,0.21789007113320982,0.30479941014403455,0.22928395822765774,0.3044512682757746,0.26975792617961675,0.21482708589480481,0.25752425688212044,0.2113040159318568,0.2126922003977276,0.30844360619332056,0.1963339480149967,0.31236130622504976,0.21713132884393954,0.26894625554615825,0.26994843240703603,0.25763420744205995,0.2541604733034443,0.3464815089591085,0.19484452087289572,0.22060776510930388,0.2860539509345354,0.21840292432526182,0.21668909677152792,0.24669796967620322,0.27144226607683003,0.26815028686013986,0.21259747232007686,0.2412897923021703,0.2729116338043894,0.24379973620002826,0.26670415454322854,0.2180100797298427,0.3079619484837136,0.2678556306852617,0.3361683419220541,0.1838294581681298,0.23981372287534544,0.21612523666631708,0.26725859792192064,0.29078269084825903,0.30087104055347924,0.28851446270326414,0.2926568809268654,0.3294688637096173,0.1931735619188373,0.23266058488151875,0.2724127383208053,0.21894208877887483,0.22014718559595034,0.29923805284743277
0.2535334176274863,0.2722026731510712,0.25128291294690575,0.0,0.26764195803106366,0.25149848098378974,0.3221203626394539,0.2710170374895005,0.22881528578929822,0.2552290058317448,0.29453791007403163,0.25911883609558556,0.24871412557869604,0.25872620026594667,0.3140765757984493,0.2362761438471975,0.2795066770130384,0.2726132264931707,0.2777692111225084,0.22998258854648193,0.3124059387904865,0.26539757741405506,0.25299290183494516,0.24427802042964095,0.2572235998278029,0.26234824469000745,0.24490923259779027,0.262583244163532,0.24741627315687692,0.20253195970614918,0.2684021105745564,0.24841089161351562,0.38898919792430275,0.23331297331547296,0.2726863899035039,0.2789076334233728,0.25859106181578384,0.2756860464682351,0.2988449489619974,0.3258003462142181,0.3176798508973893,0.2713708795317815,0.24936708909441643,0.3116534078805537,0.25385943877714806,0.26555919711692527,0.19415703696165024,0.25027892684818515,0.28546004464517744,0.2763721286033748,0.38158378196465853,0.2909410409290681,0.2651870010802396,0.378552445153965,0.29758676425845987,0.22815778214396307,0.31263615901372005,0.2826264764623263,0.3080676403549737,0.28744619323560566,0.3108655595428744,0.21222897856894496,0.2917316278742132,0.21024599092235866,0.2922358033102144,0.272950193495761,0.3165643944781533,0.2250244683154867,0.25022852447007143,0.2785765761827311,0.28289623747102777,0.2489640495141552,0.2683145758108675,0.3781124829560205,0.28711131768784376,0.2256233534124467,0.33915340667797605,0.29028079808884316,0.24496060782244888,0.20773310338516493,0.26822379468105917,0.33703204280923293,0.2357222505420612,0.23342141646341288,0.3010803411390149,0.2594436606416404,0.28463271292960557,0.2907321403581012,0.25200059909298017,0.22347131207124116,0.31145166265664187,0.28808985855950653,0.27649773204139494,0.2556225496975515,0.3297355048329259,0.24361876152040468,0.23129704722244968,0.2518941229318961,0.22751493243453594,0.28804960879102626,0.24410750668291595,0.2958166192456736,0.3024022642993704,0.24149842311000744,0.27700831855301733,0.2336683523701435,0.2781353907149412,0.2349360121069578,0.279267712685244,0.23863564965779807,0.3390719279964429,0.2731158721263045,0.31173838694788786,0.3009815986699276,0.25703641121455406,0.2515164773996818,0.26268950819124026,0.22341166059265447,0.28438201189546347,0.26364920345290754,0.27835300406452135,0.3073798902752136,0.23078402848105242,0.30909177192603443,0.2324835392335567,0.26142355923402694,0.2685105199956398,0.24120055031881746,0.2601555069352047,0.3010153924732126,0.21110535699903174,0.297033345363134,0.2495429251132246,0.29690459576865436,0.27033597002571563,0.2352461129932215,0.17540425844366836,0.29680276890974994,0.2535910046977045,0.289479501890533,0.31896905623136435,0.24928750939515967,0.3439581070337151,0.2871487916309108,0.2765244897763705,0.2372495978467471,0.2752275604920957,0.25673953878021205,0.2206497005220241,0.17591711660265932,0.31175424049077255,0.2890927873422776,0.29222664683858035,0.22277012531438978,0.2959214187509256,0.2805522178333226,0.24946424348554885,0.27868033410168286,0.33620393926190134,0.27027615562966795,0.27817082996362036,0.2643050757025602,0.28109297593797944,0.29305996678989893
0.2772895305049178,0.24668928028703546,0.2860219870178342,0.26764195803106366,0.0,0.22849377875251312,0.3391177902153112,0.2582686603413129,0.24964745083106263,0.27255080784172614,0.2980326154707176,0.2440835155830808,0.25585866626229675,0.23340299193918346,0.31101074449315486,0.27947819708053834,0.26994987961291284,0.2991738605330242,0.23319250064935937,0.22764559347052288,0.3010277029501275,0.28578953173211136,0.30062175876229336,0.2519537501445439,0.2688493716828465,0.25497718634993266,0.26864599457646854,0.23038131427779213,0.22064121354471125,0.2777117868272304,0.28914356776183286,0.25031357706736146,0.24916066561313582,0.2210286480886708,0.28403821265382034,0.2694262597436249,0.2896318191437085,0.2676592951876834,0.27364821729656535,0.2832777504414266,0.2640320872895577,0.3300550754738484,0.2760548205954376,0.2915630089514218,0.23773899163576706,0.25728181746930284,0.2625642486107129,0.27527797823120914,0.31951696459398327,0.26804957485927705,0.3143808156813814,0.23678947983928003,0.22364715143418742,0.2525979283326016,0.26106613200034406,0.23639274227465973,0.24425283902423633,0.3367838328810053,0.2720203193942764,0.24724293172935924,0.21985360663185752,0.207943913648442,0.24720168000698142,0.22732157722900964,0.24676256678524994,0.20951389495755973,0.25748355603418693,0.27052663919532177,0.2535678887080795,0.3225153212363724,0.29306876292949086,0.2345305939610324,0.22845414368562997,0.30285131458707315,0.2470527134833115,0.21685751544879875,0.2845610952262804,0.3896075383769433,0.22242648083445943,0.20869446241356399,0.26341622398851466,0.30365519061532786,0.28275285625640295,0.20955217098070975,0.24641116068721636,0.2550965623163848,0.2731639487431681,0.26780685261970727,0.242429075069908,0.21994808624142184,0.39696224664351343,0.2879131358068315,0.3141366907932036,0.20125923795465153,0.2736242949910955,0.2379726285457183,0.18614015592480987,0.23336814638183445,0.22981365155565875,0.24479793135644937,0.21945393296916832,0.26705663565378274,0.25808942942695395,0.23141969986220468,0.24575984090209843,0.253966144669318,0.23150389759142845,0.2673134504389207,0.3000575277951725,0.2500813958906821,0.2768055229884088,0.27643705529278717,0.24283533251236697,0.2897155302762534,0.2207911909107152,0.2477537917152907,0.23492078686259696,0.262743008367545,0.21909084044277863,0.25673640046887297,0.30872934866192925,0.26104258574139044,0.2060745248020234,0.3409592195816134,0.22593992320031384,0.24877345166225132,0.22697801770075915,0.26320398995036715,0.21584593790031456,0.2643697398264082,0.23817768520332214,0.27241728505797025,0.20723913981256256,0.24765026632303866,0.2399706193587264,0.24181468319106925,0.20301842286722271,0.29480597667005115,0.25469034581100375,0.340196056427492,0.2142232795229676,0.252260565233363,0.2998722872193244,0.26934427876005695,0.28833323178579423,0.25144254699087404,0.3002282194698503,0.27955035053032273,0.24174934986231492,0.18207726588002662,0.2555537928921022,0.2474200323415767,0.2828109130170717,0.26728484164827276,0.30142808430334844,0.2982829896021636,0.23100901319385841,0.31334784741034205,0.22419072522767883,0.24485056571318,0.25169760633535126,0.24359986392815636,0.26972791686203385,0.34374228296519865
0.2938520443089048,0.4098825628095615,0.2951965881421762,0.25149848098378974,0.22849377875251312,0.0,0.2540946945338117,0.3114951467845195,0.2570291976948202,0.27502263513157293,0.2889509030770023,0.3001208976553183,0.33188705403764784,0.22671404308232337,0.29254582441012905,0.28662886276475286,0.26784888421397124,0.21817558746642837,0.27356600872247644,0.2728897165116062,0.277454085919263,0.3152440611231611,0.1948407160841975,0.24646024846617584,0.29983925705232867,0.20976589389401926,0.20741633049562302,0.23902671906590744,0.26740227232008423,0.22621998672311472,0.3243313958053851,0.3385604030118731,0.3078385199255866,0.22518498322866626,0.26867767381971797,0.2430819005139978,0.29442372100413655,0.24195892769538582,0.27096479835067927,0.23764013271534898,0.27248511287167,0.2901442079702697,0.2226571579679611,0.3030819175351503,0.2716822890285561,0.23085804786997596,0.23576198561548098,0.26247161438335354,0.22520635886555898,0.2543186861684768,0.2728030839811482,0.2910597952974516,0.22804786468659016,0.31169983046797,0.2625262720214791,0.3127668845285393,0.25341968200058135,0.3244271832720197,0.22594299332875878,0.24124618193234892,0.3470514091480093,0.21241061156222324,0.26986377444949516,0.1872655159739275,0.22508502880320175,0.22896575142898026,0.2648418891607872,0.2793725329021151,0.2025266136176519,0.27645763935070816,0.29788871455494453,0.21219731229093353,0.24982205192146825,0.2780776777486165,0.31971515787774835,0.24157667035220443,0.2502255809807399,0.2650825260747762,0.20805890800786858,0.2644521009760468,0.3068900077657016,0.26849521675520543,0.2818289832462637,0.2607010857333714,0.23330616791532977,0.29008687209356626,0.2929401711257516,0.22482845494034845,0.26609074042855196,0.2576741979248131,0.2460196311597017,0.30431131757894,0.27838659596697884,0.24737844508605702,0.23654055782303646,0.3264778281667712,0.24977439490691325,0.2931658368053869,0.19649790573717846,0.27577400506781213,0.2317171275800673,0.23343453082604526,0.1994726258018147,0.22537838577464503,0.2552169394691234,0.2625195230263554,0.25205501676066555,0.2570091034065837,0.23952442880156496,0.3057544034021145,0.27936479787681984,0.21007049198756828,0.32026541909192774,0.23808802008613894,0.22522828719033047,0.29243811322935825,0.2667340250955773,0.21111597106006663,0.28895558364679874,0.23346942360985903,0.23412783753927108,0.24680427028967822,0.2524593633308682,0.31652437357196395,0.26002075475586417,0.31721546873115736,0.24101552829507583,0.25661485020427716,0.2586019760687858,0.22410282095454176,0.27271118535611494,0.3214052293131666,0.23638691917447194,0.27991461125237044,0.26891295634740225,0.2387685711629526,0.24573026594185549,0.23217259497646026,0.21097243250379508,0.2409028473978957,0.25108994018562436,0.27569852405607315,0.2794462529623461,0.2468309533421875,0.26915217042230327,0.22440288114406995,0.31611065095161023,0.2643056943099488,0.2701147944987644,0.18114428155188325,0.2549622386041215,0.2603313720920591,0.21397570193117973,0.22628728775659246,0.2925116887230198,0.28844126244522195,0.26796502800560484,0.3187685304095548,0.2427168347710037,0.2510789486932606,0.2243111051648482,0.2924207557142245,0.21066101877054472,0.26716354009462456
0.2660389957081171,0.2787896041781206,0.2592629693375445,0.3221203626394539,0.3391177902153112,0.2540946945338117,0.0,0.259797791387314,0.2537022610486669,0.28940896396738913,0.27202326961478435,0.2896207957356057,0.27038490569824414,0.2451386602755098,0.40510414886755186,0.23926158515517992,0.23994496469575177,0.27346156520064135,0.25578317641135345,0.210232185428564,0.26971592190783167,0.30715395771683707,0.33193690886953103,0.28044947391555675,0.2974801084758446,0.24947014216842855,0.26801624896522475,0.23090967178165908,0.24258283654281027,0.25373910084651835,0.30843747894001045,0.2593084185259432,0.31970788753165835,0.2440184731676552,0.2529916844601787,0.23611381304223902,0.3129028621979993,0.23706485385051398,0.28344414886387953,0.3107267450671137,0.27493975898152967,0.30413428219808775,0.2606030784644693,0.2925773585611563,0.271415714993582,0.2628356386236616,0.25171825528581293,0.24269492637648785,0.35720852912242934,0.2301923021525424,0.3168509030726612,0.23518802171887315,0.21770461795807067,0.29286056807527194,0.2851982265799326,0.262180260430856,0.2393087301911506,0.2888776102904342,0.2876097278641462,0.23630083535037855,0.2293476832295079,0.20547535806659153,0.22561490275211302,0.2079886736217448,0.23710022310000925,0.2069162931101525,0.2973977896961712,0.31061129996986003,0.23679862308236854,0.28670023607831985,0.29381662908143114,0.2229386365846222,0.21381747752254965,0.31264544784675813,0.21713103823964516,0.23157117986105213,0.33133143863747105,0.350780887755239,0.2165191708494657,0.20558161547993334,0.2532573652615942,0.31236409821588584,0.30323450340180885,0.19670134214674959,0.23183023872897135,0.26116466047021125,0.2561886311953736,0.2654545043903439,0.25844856496814067,0.24696622499715795,0.3111504448007527,0.3623804655052177,0.2753639364489642,0.21275722607614178,0.27588577795583863,0.3064445163876949,0.19353377223918583,0.2741943666317235,0.21735729605953377,0.2700818060621941,0.24013345633896985,0.2752682030272463,0.2684978201433626,0.25545500989136644,0.22411926780937175,0.2529985730466205,0.219258191144936,0.2582337343561428,0.30337568884840516,0.2661462019282884,0.3238385148262054,0.23997167008030673,0.24541082622026372,0.2503200534541959,0.21846386185446534,0.2537820068895841,0.2380016377452793,0.26034567019085825,0.22982405758161767,0.23725593062856332,0.2556474291167216,0.2552075099881662,0.1979688739869856,0.35943964018955604,0.2213252129614963,0.28789918629479344,0.21743712072397367,0.2900423182292144,0.21593428570093254,0.2692078829051026,0.22589192199871588,0.23303357115204182,0.20942140170944196,0.2379994977730978,0.22526605673873162,0.24206376047128428,0.21098470427267496,0.2923113545434531,0.25147595380316695,0.3074875106169245,0.26394589724252854,0.23429731012174815,0.31461928649677173,0.24709717478938759,0.2696330015361781,0.2846326259365655,0.3097966280844491,0.3050229688692044,0.2406303206999432,0.1623196352978099,0.2586472349653974,0.27619349325634507,0.24831752311375563,0.2848286730406162,0.3363146518764185,0.3165398933309816,0.2712643948793725,0.3404788240607572,0.28184359675470677,0.26338175233225597,0.2596274460911462,0.23709990362372202,0.2723216752223279,0.2895521468396959
0.3285421456180163,0.3861027445850607,0.33111812159359444,0.2710170374895005,0.2582686603413129,0.3114951467845195,0.259797791387314,0.0,0.32132900563628997,0.34360851391020936,0.28999562047497035,0.3378593266543285,0.35173866041528307,0.24304137583584257,0.3119081238648482,0.3324987246779505,0.33638608493951355,0.2968146549874791,0.29297472072359665,0.3047970261025882,0.3351061876960222,0.2915777055405732,0.2663406551833461,0.2787983708194738,0.34197084335822925,0.2483863924350171,0.3042235832826969,0.30385631065745783,0.2308182362518624,0.2836072863661888,0.4187481752496468,0.33596808883124296,0.29405711162795695,0.26295890071858097,0.30619742180672216,0.3099250673714903,0.3267556252924673,0.3373030754376318,0.2938303481828123,0.3252079899788043,0.3080855811141,0.3169096102314413,0.2742322191637189,0.28518954438396776,0.3954342246064698,0.31368302087614813,0.28510963985307364,0.2607952254389501,0.3124398617172851,0.29928719650471247,0.30537969594521425,0.2765977642572621,0.24272889636563943,0.28373101103194986,0.2808782853649874,0.2975856831855204,0.3057163761936081,0.38282302639798393,0.3066494043806142,0.29600661440505716,0.3377773348129781,0.20774464547607302,0.2890259954338305,0.24081003967505085,0.24061904962383945,0.25805768943365165,0.28581929957957364,0.26475391036483054,0.2846310818160226,0.3985404458423422,0.2998874935267153,0.27449200696470977,0.27053907241229935,0.3563649820390194,0.3927427447773734,0.2593369719652671,0.2871937545210933,0.29334111704065197,0.29333596111773125,0.20817643105995984,0.2731508974514759,0.2963672865377762,0.32353352748645137,0.29372373033456994,0.31340528446785787,0.44736070038468,0.33267534994355824,0.2767316706631357,0.3597093974153453,0.27897545519570177,0.2867038889617895,0.2923897383711342,0.3014064721809421,0.25980655923460966,0.29461931413760273,0.3006244299345843,0.24824041144164385,0.32800583479939366,0.21163495455209919,0.3564691154912701,0.23533208916968504,0.3141325816052393,0.23794318824878577,0.2804171868280305,0.32208123332073946,0.3256481254077208,0.305909424509462,0.35302608799709806,0.3168613309289834,0.3173155336268801,0.2748039353056101,0.2764840167142988,0.2923176996087148,0.29218553350858845,0.2734142818836579,0.36331998904863577,0.3147008469755386,0.26058216129676187,0.2526276569419046,0.2505525151008011,0.27974799676237494,0.2919912458948246,0.24560720210248455,0.3296830281697874,0.2354131777809336,0.29941781423322505,0.2407861510826487,0.3329397397932772,0.2897021624501349,0.2906251626183873,0.34777748802193315,0.31551065828551306,0.2446014322306163,0.2562808703574762,0.28834770156953016,0.22740468678227493,0.2728694568107509,0.30121136379224106,0.29010523694043044,0.32261180402116907,0.23950793469928833,0.25858531963870823,0.34038910693731195,0.277910903513276,0.3158828791884203,0.2890512312539366,0.37026262774232976,0.2900173386797146,0.3517134545919572,0.2016908017219437,0.31808827537483086,0.28532874323564195,0.2819015696118441,0.2902164557008728,0.36911632925945925,0.32779686907857786,0.2716675142843356,0.3714487180006741,0.22692496098071074,0.25656942174970937,0.26973548551947396,0.2893615738708945,0.24854972481909085,0.2901463796973257
0.31394543022617327,0.28715602006977375,0.24498420460138018,0.22881528578929822,0.24964745083106263,0.2570291976948202,0.2537022610486669,0.32132900563628997,0.0,0.2576631324933801,0.22654368304813546,0.24538716226794136,0.26032594701073525,0.2714231053275653,0.2645663303923653,0.2544446660425266,0.24639805616242733,0.28006067274786806,0.21724631785864307,0.2550931408012247,0.24308833448562153,0.2992872364347679,0.21843436441620862,0.21962390028228962,0.2576525148474516,0.21943850954823146,0.25880799702674967,0.23646079539652068,0.20465165571312302,0.32032194344184656,0.3440824231657814,0.2694096608230667,0.2435861916322666,0.20823473861728714,0.27237495326308514,0.2195254648824942,0.2620589100739305,0.29066936324208925,0.2501921900546072,0.25447023822029424,0.2181725110624565,0.3487511821972736,0.2248619030331245,0.24297361773724974,0.2697795559812341,0.25075117361229887,0.24368146009837796,0.2075328675717793,0.25168657603773403,0.24362113802974272,0.25367621333388574,0.23123387636961382,0.25103157671317194,0.23368354538071778,0.22278755084643254,0.3738646872491617,0.2639219118940208,0.26940546707576285,0.2469078220153138,0.22743298246384916,0.24676855641519005,0.23335059313486792,0.23345352370684455,0.20957318695151125,0.25616201392757154,0.23226296343045832,0.2976001222146199,0.28722980503085144,0.22766337193362884,0.30146487317570353,0.3339241899211449,0.24938180483477237,0.27179142887046925,0.25978039204615466,0.28462526546604305,0.2523675175015373,0.24124690700695833,0.24125675073507777,0.24064368690069496,0.22515643507483613,0.2525962633124416,0.34559894357670057,0.36757089252578806,0.22414554282830834,0.27820834649528603,0.32529956769898477,0.2841347784229485,0.2861535570432204,0.2717214955868096,0.37150962333105614,0.2828617029356972,0.3222746315617696,0.24182064486141241,0.23523312185793605,0.33382935437570715,0.2847179900211643,0.2494884270462746,0.2612507924043402,0.2541132949175072,0.2618769707427897,0.24600102469315677,0.23482633338758482,0.2276569392858967,0.211031137700349,0.28127799033437184,0.2543829927463266,0.21552851610122123,0.26364646691404425,0.24445928853057747,0.23050954137783383,0.21505027011339417,0.2740748526857226,0.27742594601492215,0.3080453200399157,0.22856595087134401,0.2928060891910827,0.2592789881927708,0.22264128813897283,0.19017831870755597,0.2724066054274464,0.27245748886751014,0.2700182631513717,0.2297616168827063,0.3013648505904189,0.3254739857752132,0.2284391149797261,0.2528666105657034,0.25713544584715353,0.20437680784702025,0.2598765636312067,0.40039834275388264,0.28854449416862554,0.24831157423132702,0.3111109762697413,0.22551486554004319,0.24768932746007613,0.24264867479430016,0.2489879119439341,0.23326605482003934,0.28964289647301994,0.2230830161041084,0.2568269847433173,0.3342830993020907,0.2914821430161161,0.2606682444783783,0.26394299303237445,0.39110427285449817,0.2576016065531118,0.2633870613024418,0.1809324237967088,0.28819332475792825,0.2596325457039736,0.23242339986149246,0.25947058422354297,0.2552127344605644,0.3178219901248282,0.2342042390994533,0.29289285401642307,0.24928714074341846,0.2620334279668911,0.22164762843288385,0.29314591712541477,0.2930397720990893,0.2849879174443543
0.28495785762324854,0.37650763945118537,0.3807545918577581,0.2552290058317448,0.27255080784172614,0.27502263513157293,0.28940896396738913,0.34360851391020936,0.2576631324933801,0.0,0.2718564293034131,0.27460741401956185,0.2941399310319384,0.24304055960534823,0.30108941314601906,0.27765124741449143,0.26092314770880576,0.2950189000370528,0.25234616088929834,0.23348245777195087,0.26613413366120076,0.30316147696508877,0.2836960955463482,0.25189967977634714,0.3754592489472526,0.22518187640798665,0.2591547489850299,0.25043234075908566,0.31787666095514217,0.24814131573103765,0.34661971113441487,0.29603596677091615,0.24062490087774582,0.21926012321316607,0.2609571231762095,0.24054224802345464,0.3146666820501996,0.25455669982772394,0.24058836533002664,0.2791776644282836,0.2320863627862602,0.30645399566982084,0.2504991496712132,0.24995823863468414,0.2877397333425689,0.2516975106777412,0.24762772838897634,0.2604732395548958,0.32682580649775944,0.22147972378401307,0.274538169064786,0.2241796351163211,0.206128783313378,0.27642957573913585,0.295580530934062,0.2793121910568288,0.23894721258260193,0.2633877116914847,0.2947207447488018,0.23358099998783705,0.2730475883656751,0.19023652092744772,0.22818502227815618,0.2023577245208643,0.22494098119618403,0.22241459649170378,0.2527182669810171,0.2884844941178106,0.26963427386041494,0.3611667786082363,0.2707260776039197,0.25142553853585564,0.2121790908655028,0.30871856461757036,0.26766608773065753,0.24779616853741276,0.25504965030417576,0.30690761548658035,0.21726244382841495,0.21081957919788447,0.2687722128748909,0.2637810337742934,0.3323760279491,0.24334587988052106,0.23022982872170247,0.2995805534086712,0.27294859235184943,0.2630687660460434,0.289322269947162,0.2318671439376371,0.25493393051279434,0.2532988130218748,0.27875337754410107,0.20992537638496964,0.25598310194415885,0.32499323231838856,0.19253199233249174,0.26208187024513,0.2015249771749523,0.28076823526943734,0.23260291803973218,0.2685432800215785,0.21909813093910185,0.3076313495248538,0.231479803787621,0.24731414853882905,0.22972913951650034,0.3263879717989093,0.2655925261015185,0.2945438610440626,0.2490651328816555,0.21876882292721056,0.2554882799165096,0.257212664702559,0.22442372430051047,0.2808669988750228,0.2612181091203232,0.3134113244778187,0.23667827067288863,0.2409939610008648,0.22896899783898728,0.2416268275118513,0.20008455786362167,0.328331738826045,0.21488343407496213,0.35364980428150483,0.20654460419855658,0.2663075848250048,0.2694807083221528,0.27379593049191797,0.2983288510926604,0.2578149021325575,0.22424315451937027,0.21620141694822362,0.24673190704252712,0.22213930563409523,0.241335713732448,0.2704589794531188,0.27607098659320395,0.28929758572282505,0.2538918247344173,0.25616281043308725,0.2799291911636122,0.22267051042134442,0.27455132521277703,0.2541926711767716,0.26440728429449484,0.30223553897381317,0.3885384875310561,0.1748153531507503,0.24480946571424217,0.28119321680116854,0.23107488983926636,0.2823634458847246,0.29915491869539446,0.3083504094966575,0.24536401607660013,0.35058680697273054,0.2327936048834493,0.2585689359731779,0.3142529530963225,0.2734966039094959,0.2453009014375091,0.2591445319924899
0.32217267827983515,0.2905911863196641,0.32003536539199606,0.29453791007403163,0.2980326154707176,0.2889509030770023,0.27202326961478435,0.28999562047497035,0.22654368304813546,0.2718564293034131,0.0,0.29729235337182686,0.33087813272257477,0.2409611967968097,0.2751200616890845,0.34303513438361205,0.32959002470361143,0.2885888602901494,0.2882426667905412,0.2700443302573497,0.3412603896826287,0.32595182527493627,0.25633078604028375,0.29922016712985877,0.33211602312385363,0.28691062435153497,0.2543165910850502,0.30205095572180496,0.2837927524642392,0.24068203428086857,0.27178293975081225,0.31433255939029586,0.2525070228877778,0.23736954353436887,0.3056291593997267,0.29569929361021474,0.3496484082517147,0.28722763333430473,0.32776997058214774,0.31716820603995044,0.28329646133293457,0.29753346534970504,0.2737641379712325,0.3587238563720972,0.27281458310853474,0.25406747131779783,0.20248737821388946,0.40464378666328804,0.33343967312811856,0.25887803480906874,0.3247814152341331,0.26120449610401175,0.2117704320834149,0.3330496516872283,0.33386439069302665,0.22647047433039244,0.29914957134108444,0.35192366416411314,0.297193779505775,0.2620177862680388,0.32924627875090073,0.18230934839595142,0.2940740209644426,0.22639890665776066,0.22202640578000607,0.2534403131267983,0.3091327200673601,0.2529048907187712,0.27818164547104063,0.32028654175692006,0.2943218569163811,0.23663590346640107,0.2965019369096274,0.36600467558632255,0.32304039122313527,0.2485647469555692,0.34754638679923994,0.29418553836834443,0.2332565175831446,0.22881046342781314,0.30033848566652577,0.2527102370445566,0.25670049490475927,0.2744852808198322,0.26269675767733575,0.2726486623924219,0.3248871810011981,0.24204456598898005,0.24132948608120516,0.23071924981221248,0.3380416225602451,0.22098727724848194,0.32394117956467694,0.268224326168801,0.2688061992268939,0.2651355949891834,0.20453303602387496,0.23109274841475558,0.19916571422692186,0.2650630283418449,0.25791651055558185,0.3093733194540768,0.23773355233335913,0.22058958921794442,0.2593279345790713,0.23462293552019262,0.25452028388809833,0.2867818100646415,0.2664206563928663,0.3419647937570707,0.38849772860000126,0.2597026198577335,0.29754635612966507,0.2718776780062448,0.2488186031525554,0.27315172599006793,0.2665956281671552,0.2884168002810441,0.3146279685658469,0.23460347143909877,0.29187871925774284,0.2306843255560446,0.25811915819760367,0.32874880695413516,0.23942095911381894,0.3185192298816069,0.20452145746162034,0.26275859434299736,0.2800088746577234,0.2612302653456961,0.21908951214985276,0.3119112236382428,0.26034763356428525,0.2725019232564635,0.3750216897111559,0.24984259879624554,0.2321089288489969,0.27760196640835677,0.28370574138767074,0.2910904212494273,0.2622474298925055,0.2734821073668755,0.2515695548467583,0.25765974409666176,0.37547825469692553,0.22488587255863857,0.2601291178315384,0.2573369535365032,0.26750359277621055,0.20346644335583047,0.3637251883640329,0.2539996348591914,0.33708864629333185,0.24015962378211866,0.3018333040749604,0.3069479755076049,0.2951832541691751,0.3142656455073688,0.26338997229224503,0.25862372106739323,0.25800685807862145,0.2922698246805711,0.22728266610298886,0.41504771983876176
0.26358140802401386,0.3159659221338413,0.29085806619186,0.25911883609558556,0.2440835155830808,0.3001208976553183,0.2896207957356057,0.3378593266543285,0.24538716226794136,0.27460741401956185,0.29729235337182686,0.0,0.2506253227671158,0.17846661995132718,0.2682748866962417,0.2854773813717881,0.27928957496874524,0.2276307152420103,0.32446387193364135,0.24792446751292183,0.3149952417569937,0.2665618305447034,0.2565480118099293,0.28330434820799405,0.33216946622054094,0.23314734253889585,0.24981508466712427,0.2428415074222565,0.23142137521056025,0.2734286479757396,0.31078109276241983,0.271811073205394,0.2599359047603657,0.2622699363666221,0.24566830429399236,0.2569504943966085,0.2721203447647342,0.24772041245414003,0.3250490710048814,0.27090904317714104,0.28904332971313107,0.28624188058540895,0.2469339665913364,0.28507154863697887,0.2797048876089083,0.2594759447731716,0.2649044272239793,0.2677303652155432,0.2761307870334283,0.2494280248395002,0.2813143294053817,0.27647715147372903,0.19721272027262204,0.29317969042715913,0.2965426986489917,0.2392416624332766,0.2802131100814,0.3844700561634754,0.219606094911743,0.24052654837249662,0.23277418558897495,0.17259865193688675,0.26027589122961614,0.20804103914155123,0.20287098416160473,0.2214256204193187,0.22278654959872865,0.21141480397131648,0.21370829153457327,0.25342496290389893,0.23658104623853302,0.19973377762524513,0.2174281780854979,0.27527274417988934,0.2694308172145952,0.21067977803336158,0.25346573850673354,0.28091964382952556,0.22573888970665582,0.18472660508034736,0.22279868029546632,0.2533175483859005,0.26279672014834266,0.20794801616613326,0.25726148039046753,0.298102081498711,0.2391256842934368,0.21868100591394077,0.2668181773359033,0.23755098627546772,0.270260464687199,0.26700643259276363,0.26314809396442607,0.23105976309507475,0.2181348086014358,0.31942131440665184,0.1940321038408828,0.2980771010010279,0.18273356396582313,0.2524931251221228,0.19306678214306144,0.2567423095535406,0.24255444638302284,0.2957048225403432,0.23005113873332056,0.2586799211372318,0.2662491275620337,0.27522364728971677,0.25578181054805643,0.32921522554078303,0.35953944209642447,0.25456556769285127,0.2213028711979301,0.2392548506250458,0.21991303886385266,0.29691022910550624,0.255075942327452,0.27863480623023723,0.27620262688133207,0.20496195445424517,0.23369373053402595,0.22614577834965033,0.2153184482981732,0.27957801624501916,0.18632497638226597,0.32159553995033024,0.1975865319293741,0.29602540660448307,0.27804923524690695,0.2168974802237489,0.24205256344885184,0.2518537592362939,0.1895547191851936,0.2373525348302192,0.2603927821708047,0.18904250491369254,0.2562954215228375,0.254317345485599,0.2395014076441181,0.2710399669002853,0.19833026297020695,0.2177536032484047,0.26565428575188943,0.2355112370650327,0.27174350002163405,0.2858111405420883,0.34888542352911595,0.23444502755721114,0.30641405331451765,0.1943826127319145,0.280570720323171,0.23797560811568988,0.2665927613868018,0.26206075034143617,0.3726944358430029,0.2377059607382986,0.23460740738057215,0.3256121899911345,0.20169367503625185,0.21751701051428737,0.19542050560757246,0.22571549173215671,0.20498464322251206,0.2677567761523786
