0,1,2,3,4,5,6,7,8,9,10,11,12,13,14,15,16,17,18,19,20,21,22,23,24,25,26,27,28,29,30,31,32,33,34,35,36,37,38,39,40,41,42,43,44,45,46,47,48,49,50,51,52,53,54,55,56,57,58,59,60,61,62,63,64,65,66,67,68,69,70,71,72,73,74,75,76,77,78,79,80,81,82,83,84,85,86,87,88,89,90,91,92,93,94,95,96,97,98,99,100,101,102,103,104,105,106,107,108,109,110,111,112,113,114,115,116,117,118,119,120,121,122,123,124,125,126,127,128,129,130,131,132,133,134,135,136,137,138,139,140,141,142,143,144,145,146,147,148,149,150,151,152,153,154,155,156,157,158,159,160,161,162,163
0.0,0.29324279055108254,0.2428194451831535,0.2709819942051055,0.26370935455714123,0.27833471825505374,0.272220588339552,0.26520876298352447,0.362751129913732,0.25844067880948945,0.31133764352422616,0.25919710799143764,0.3656340365935132,0.29747077324351956,0.2986963609068797,0.2999585906277624,0.31440564546122135,0.4381520309534955,0.272717962164956,0.44988482338941505,0.30614978729008613,0.30489073328952904,0.2738202484227715,0.28306900661247136,0.3633715092450381,0.26196225619362823,0.23522339791475058,0.29391657632630064,0.22839742326823564,0.25206002176130143,0.32446225860130634,0.32246575150602025,0.27023613167907123,0.31255029657522837,0.3953261740439321,0.2978815329905118,0.36075426106263914,0.33415918222172447,0.2416407598347978,0.30963990001010594,0.25771005795824353,0.3160027577395746,0.3226961270568242,0.3428487924962664,0.3136147158505708,0.36283912717964534,0.25531711770346044,0.2892239748948566,0.34516253073797637,0.3567403838186806,0.34856168480809163,0.3211344278140254,0.2885674773763049,0.27012678170220855,0.2866758305912272,0.32529131346513934,0.4192890376359024,0.26921498210556977,0.29353658829819423,0.3433325399279764,0.2666618166727836,0.2777701222312298,0.3067285618767096,0.2596760607999105,0.32751255565054743,0.354959304111175,0.3303787055470656,0.32365408348765795,0.26164712959673,0.3148678667706952,0.43420083516552954,0.3255875435687586,0.33141117200548026,0.3149695340664988,0.30570736884894156,0.34317904648601394,0.24830927257713153,0.2543208456791279,0.31201540111611886,0.23850128013275365,0.2847873076925576,0.3643955752567608,0.301539165127003,0.29368786937259,0.3373578722081792,0.35520113708387135,0.295387209368793,0.3285404389824251,0.3277484149185892,0.32881239910616444,0.3611830721692898,0.3210432730419835,0.32971337850504634,0.3711543875666364,0.34983518776196415,0.2825407685378352,0.23057866171336938,0.28472198590341624,0.2750296599377772,0.3353106236802052,0.31551819829394234,0.2555164103547267,0.27242543845693457,0.24087338472288117,0.374697268793508,0.322678500255659,0.27891948936062205,0.30797325388642444,0.300838466331596,0.28704199325878366,0.30322808780786503,0.37092668223441866,0.3497934206365095,0.2707062157436145,0.3604820790723753,0.31488007330248036,0.32411374437404084,0.2900288292499524,0.2532587097364743,0.2830067589386248,0.31585267552417445,0.24295217168081157,0.3522209324264088,0.3628178550362195,0.30637079430653014,0.2601380492806632,0.2585424537768836,0.2557998887200796,0.2727955822196421,0.31981036415758796,0.2626046073284735,0.26237488658663266,0.2783424851242202,0.34802434533847776,0.2886100100347656,0.3065851251266812,0.32517031621502795,0.3150668500598263,0.293254406409975,0.3333137719861226,0.26317823151204073,0.3138794990907491,0.35296046656591223,0.28715981566650384,0.33626746493305,0.3262600833453713,0.2974039449938751,0.24781719425720047,0.31148688024951576,0.20764195478729602,0.3955494161546822,0.2843173713594934,0.3040650600388667,0.21633887740937996,0.3097908661025609,0.3795116947952535,0.2802890531835601,0.29030913696357663,0.30955571000224774,0.3254577890790272,0.2437965889001542,0.3674897391559881,0.23711593618776008,0.43584078300028534
0.29324279055108254,0.0,0.3048210124005419,0.2969071074111923,0.22939581143160998,0.3258756804504466,0.27747164076293535,0.32391834967114896,0.2606454378384291,0.3562732202930018,0.32043212066296667,0.3286971653157431,0.2959201714837918,0.30538883813530987,0.297714954498052,0.28693140855227706,0.3144167718265832,0.301083408909911,0.315494131629087,0.32560087048122455,0.32426862913010884,0.3944007259696666,0.2839859840744234,0.3178186870518419,0.36502600198445506,0.23145487301901307,0.22638599920715857,0.3044067110859777,0.32987228144058406,0.22236046898143094,0.3011422333472248,0.2890362621667751,0.32883513608552123,0.2755583937284501,0.29938550387406343,0.3105286215844586,0.2754578769347691,0.2947411145920564,0.28360493282313565,0.3080292390501575,0.33333582266464773,0.3106153651346128,0.23661486632408424,0.2808955390777882,0.3537554596539301,0.2860828254769595,0.24224627073775187,0.25841358938636294,0.3106828889857812,0.2758919451318087,0.28561729559715504,0.28735065174531726,0.3096709647768106,0.37037677562664256,0.3067283318015934,0.2982744232721079,0.3131407663668601,0.27148637491450905,0.31971689055705876,0.3304908391769382,0.3112175486486146,0.21405143233401014,0.263344542877709,0.24571676620695063,0.255945221720257,0.27665451821991793,0.27838032484527225,0.2526109141971357,0.2506591113402101,0.30012559344326095,0.2734396051323271,0.27902525757114005,0.24137029077972758,0.3185683696515335,0.33148267437081114,0.2593947309502365,0.24120080205594374,0.2910186796563426,0.2673223164199837,0.2040162651992456,0.27406686156429405,0.27469488809815035,0.3438200573096814,0.2777771771289963,0.27260529544908124,0.3826978094078039,0.24234328897377685,0.22548638308630486,0.260480277295786,0.30932190043046537,0.2469666824944264,0.2765254831122928,0.3020104142559292,0.3006122053111878,0.3069627393935686,0.3405794676646598,0.24848407871402775,0.30145841525135614,0.21813708040070126,0.2992837652982256,0.28336710353867023,0.23291916781711616,0.21161074533956226,0.2936872430501841,0.26356550444461896,0.2651441435361482,0.2661672462433969,0.3798874589327222,0.3046344949987324,0.376834784366166,0.29928306849749725,0.2518142330841343,0.2600965825289084,0.2397066337387851,0.3166736838263206,0.349845824283944,0.3052802939375196,0.24317103635642034,0.30858820683633253,0.2413253100357347,0.26082264259858967,0.21850012088845364,0.28881256895826607,0.33073572315619004,0.2416897380031713,0.35163385713263223,0.23792903911565924,0.2937453313437755,0.3828649643008104,0.27243890461582215,0.28146472122723964,0.26861151845372955,0.2270363977551426,0.30141774254846154,0.3134203150294945,0.25695384382286396,0.28621261744123305,0.2790903300123693,0.32099604263137466,0.26821859746439286,0.2913429655734813,0.3108732408766793,0.34353901535186915,0.27263579016557077,0.31838466447757846,0.24359299972139958,0.29271411336862946,0.28589700424320813,0.3837412378101214,0.24326120479739574,0.26580985640066224,0.31798516812103217,0.2810425436995968,0.2837712892984481,0.3269897717003451,0.3119912524191556,0.2837975660853122,0.313118066084049,0.26110668774119095,0.23211782724111316,0.2888105993212524,0.2959693194035274,0.23059373641725583,0.2919320067525473
0.2428194451831535,0.3048210124005419,0.0,0.2606954203526264,0.23600108105337295,0.3082871291416344,0.22314569023187109,0.2814699011483008,0.22227727512757062,0.33049327110850174,0.304027889235726,0.2876922230866538,0.30612806218175714,0.23313733617532983,0.2466422357428715,0.37016691602881496,0.33746600487025225,0.259533060654224,0.22698778021685842,0.23746467602903595,0.3186756242288698,0.38105711474236803,0.21910626433620758,0.25225022999808705,0.2653025649083353,0.2709228528489157,0.21541925863620043,0.26201102214128397,0.25019394888720403,0.221534935233133,0.22380261666916249,0.28913080153346,0.24885148799517423,0.24100486063865376,0.21743818292787553,0.2696363619810943,0.25526378378289827,0.2566418402274417,0.24334506754176602,0.26159205706899274,0.25036863666442544,0.28505399835895684,0.2409722136957477,0.2464298292365507,0.29242487271753126,0.2667503203397202,0.23933943931676105,0.2690678497427408,0.2452947447626786,0.2541278393799788,0.2745598050592937,0.29454720025460435,0.2085985847003341,0.311169697342901,0.2872176696035148,0.23601670850694723,0.24726242769169354,0.2922128299430325,0.23694983079783383,0.25944556370188443,0.2600276296114175,0.22303616269199314,0.28920974422296014,0.21653447610448012,0.20976726184572259,0.24660828707838858,0.24548296838931158,0.27317998356705586,0.2590821898591246,0.25858148082681337,0.2763660549191707,0.20823852949445823,0.23109726683567688,0.3582692814025759,0.30901068237706064,0.18884616139333804,0.28404441161129235,0.27333777865582987,0.22604834128393078,0.18668711154719148,0.252810398860232,0.24508949711602365,0.2841385928353413,0.25913572237457666,0.236727127148617,0.3041445891180846,0.20890078340898538,0.1998362667021676,0.23914253790864742,0.23164187357220117,0.2582745410093616,0.21043801604514775,0.26348487769555284,0.20617192056724906,0.2517545447372008,0.2641021202345246,0.21231635003482974,0.2570082158626356,0.1869580837235083,0.26581857279487,0.20237928599834515,0.2369021633701457,0.19392531197281132,0.25001190833197706,0.23975371237966892,0.32067454365632886,0.27383366906588086,0.268804833398688,0.2544752916363027,0.29170336044806017,0.25662592566713893,0.21995413991424434,0.2417281068367295,0.22380739395825822,0.24496136040571434,0.3066506703845819,0.21789581186588813,0.2627590068170354,0.30478511751626,0.2312377784779727,0.24175072836417036,0.20636747862829785,0.21969779035434608,0.27700521383827614,0.1760085705717206,0.30425302080986427,0.22841966466844443,0.28032662307977263,0.33462000829423844,0.24027788061586763,0.2398043910707841,0.34963150403208976,0.19255052733272796,0.21650346156419625,0.24593249516746224,0.20323567194911096,0.21935769567773764,0.22037416463259243,0.26310415436759355,0.2215074274525581,0.21503681126287982,0.26473349023967524,0.2490577979563943,0.2570884068758061,0.2511298773721017,0.20406895985297083,0.2913108970787169,0.2643641954695784,0.3066498594053271,0.2221574621981421,0.20392669897574894,0.20402395715231147,0.23891433326692182,0.2780494181612562,0.27873237551767,0.24021661871272962,0.24085134663903,0.3096178267514217,0.1814702000763358,0.23432068505698284,0.25296033114392014,0.18849213157593606,0.20228725236853615,0.24506981336911185
0.2709819942051055,0.2969071074111923,0.2606954203526264,0.0,0.22198513194753453,0.2589582914966555,0.290533962267423,0.2953346873741691,0.23992515745337425,0.26027898522392234,0.2785472664516043,0.27322023831356196,0.2977269285287747,0.2846083588947414,0.3240899524841136,0.2696571419503906,0.31921384777984907,0.3151594460515545,0.2744762161844111,0.27326470104265493,0.31930239569905916,0.2778427986712974,0.29635456052221104,0.2629165776551716,0.28806424157128624,0.2887258615402863,0.29213692360325244,0.3106972675425842,0.23205746229644567,0.20701093211938795,0.26548270026297555,0.2687621600576935,0.4054443084657066,0.3198226901507215,0.2720422612991622,0.30666204363211597,0.2702435077624666,0.2995125472358455,0.2621298181533983,0.3439167569313577,0.3069341149113724,0.27529027830488745,0.2557638476194604,0.2678584881440796,0.3304852589734067,0.34673386552657226,0.2048678674287036,0.22847941885078743,0.28377105051551776,0.29364033825219027,0.3588596102959739,0.3166957028520124,0.29104736179456653,0.35781198213794474,0.2942072499451011,0.25032037588282385,0.3323600894410367,0.27959327640529114,0.2925838522036922,0.3726336474896423,0.31316170722048653,0.25794044111967046,0.30566673458625293,0.22347678962632372,0.2768111955827151,0.3223942748622313,0.35281740192576116,0.23713233219140925,0.26681151161509803,0.28557700453431467,0.27000751309219867,0.2671948601212264,0.2692177152553091,0.41769495813654955,0.3197320717123473,0.236748857292386,0.3123651190594293,0.2848107716005289,0.2943665820215336,0.18970759430042328,0.23757148023643457,0.33426636405163135,0.25172384745515497,0.2758449692682415,0.3386680497912566,0.3157562401368912,0.26832054464971866,0.2756312342519802,0.31274882979435253,0.27334689233252646,0.2877108550409997,0.2864022390485059,0.26683113399454056,0.2738122364896843,0.32382182656672504,0.24289480923015075,0.24049657390589999,0.2900067043345579,0.22484724893420124,0.34927476626659576,0.2615586916475699,0.2737214115535848,0.28340698270944353,0.24447175195299164,0.3090876869535363,0.30677704175801696,0.3221286001730967,0.27160506924181815,0.31857281179589425,0.25442619555062396,0.3057940259328102,0.28548723044848073,0.3058553424994375,0.2950769952229116,0.33304419778971517,0.30737437971309495,0.291452974770633,0.2162903242947317,0.27269413285478894,0.27700116384707957,0.25922288391266585,0.28111042644418494,0.26257064096112265,0.2995810343718458,0.20800874221412324,0.2654929332992949,0.28065815028265834,0.28065588652347806,0.31385998294944595,0.3123885812998348,0.23290787096594856,0.28179636077455295,0.2599967462994411,0.2827508556284947,0.26103805501170474,0.21421088337103802,0.2028819379174198,0.3009855077413168,0.3071182781972927,0.28004090319348185,0.30534079240943157,0.2579282281303473,0.3647408810864918,0.2879303958913774,0.268055425224345,0.2554371933990144,0.2702666410852583,0.2637195445822219,0.24532031608617688,0.20721135222741086,0.2901424419479608,0.27065029524736306,0.2905703328215156,0.23990070990213333,0.31448672841510716,0.2938902298801382,0.2758613801337391,0.28661186597779087,0.30234731441134005,0.26729252880435966,0.274850119431886,0.244502432717685,0.25341732682573254,0.269079119981213
0.26370935455714123,0.22939581143160998,0.23600108105337295,0.22198513194753453,0.0,0.202618625630297,0.28729466003454757,0.2097744629201557,0.2357310992619054,0.22115149762224373,0.2510556998356075,0.2256867405251605,0.22810135474635665,0.24002640522353633,0.2785503908047298,0.2656454145369357,0.27599033317903826,0.28452287206093524,0.20255371991322402,0.24059903298305263,0.27244564208882716,0.26192379386272285,0.2742357595232436,0.2513202767545561,0.23507580935381947,0.2409635269747387,0.22153758171672963,0.21170893161996168,0.202437816905503,0.2578411157112151,0.2543231636619912,0.22048630382124773,0.230414352858693,0.22637340699607197,0.31421785599146357,0.2803935163490311,0.2511551147988839,0.26413982097022903,0.24505898208864108,0.24740798699056776,0.2614077002069958,0.26951755625195584,0.2771847666877013,0.30533412569919555,0.22829310562618046,0.2451644322049865,0.28436520745085,0.2690772689211334,0.28799570443190436,0.28933175042647735,0.2723154884066603,0.2453529680659199,0.23451281064315824,0.22963140737647783,0.24216551031295758,0.22092889476460162,0.2390506582457068,0.2725272834896032,0.2395302020828369,0.2550332023811486,0.1816180082459088,0.22049320426274763,0.23565933241533818,0.2575177122073295,0.24520111070382924,0.20082140620952274,0.21166913147114647,0.24989706096266223,0.2297704311159642,0.2371298316905987,0.26006031831952636,0.2617824256466664,0.20412059616938505,0.24958048414443437,0.2172110434743631,0.20434500047986776,0.22894481316667262,0.3430664656856639,0.22510720195298456,0.19263030076440163,0.22607416058872992,0.2501214978959836,0.2825086739124099,0.20180749123024808,0.23788939448414942,0.24335373803948285,0.2050727778785868,0.23250187474777173,0.21893502077728194,0.21380660475500157,0.35698843796481955,0.27689184952520435,0.32074418223652107,0.19960377747329847,0.26050205053400355,0.2260042042601991,0.17661393812405274,0.22947900309950306,0.24040729254181178,0.21387012307065056,0.23047465924640315,0.20336565993600167,0.23007641689916966,0.21821651217755308,0.24243578508264405,0.2660365436135801,0.2202352798753719,0.25611181293950513,0.2908609860770279,0.2368504715923148,0.24524005318643627,0.28015365322094815,0.20532060874542818,0.2344516248105335,0.2370114420226068,0.2410349526558146,0.2186694443204537,0.244987294371491,0.216847103190863,0.23414798242652787,0.3590330747295984,0.20775642101410546,0.21485559546894645,0.2865779916365396,0.22314757856888964,0.21436662855268576,0.2115979313732219,0.25383060706553273,0.22997298994670207,0.25379279355586876,0.22197372724739767,0.2272903762745974,0.1815020658145174,0.2319169476567815,0.21781744313954218,0.2581348487783193,0.23672257131247135,0.30708550648149413,0.2429000496748594,0.27325749704937047,0.1986291217143589,0.258911911761268,0.2673438282696479,0.2546343275463072,0.27190363080236807,0.24170559780855502,0.2877317684265562,0.24143059463045854,0.2335023167746646,0.1990595693321428,0.22148675770671858,0.22925449576732715,0.26265967286147923,0.2500792720185592,0.2554600206138299,0.24328072150610616,0.1941719362387958,0.27019634294766537,0.21887726252931355,0.2183358703551588,0.21249366131856134,0.2204562515342632,0.21675441186098504,0.2941034066902375
0.27833471825505374,0.3258756804504466,0.3082871291416344,0.2589582914966555,0.202618625630297,0.0,0.21412103619197734,0.29888877942227704,0.24776934487051422,0.2613549473307808,0.3167712136914849,0.3212233473808583,0.329312504702191,0.21012149670019561,0.25006009604087626,0.3333298328857864,0.31464619344714684,0.22268880634752747,0.29449184694321723,0.29236287678682005,0.3351517447805771,0.308601515861485,0.19671992347201203,0.24834842914021843,0.3241036445467213,0.22443954729696924,0.1939277523826597,0.2674076341514169,0.22970787767467912,0.23380945151495647,0.2682768389996892,0.3440475869702012,0.27481871563826177,0.25422952079200656,0.23542771095799864,0.25273127474721346,0.2827723213640958,0.2491797440401482,0.24877297949789212,0.22818134408028193,0.2523919243251019,0.3092501010918571,0.25138387935801904,0.29707276418181655,0.2606431053807512,0.249206274077004,0.21902916188024202,0.27400273227663285,0.21972354207102016,0.25673141910276354,0.27858953291461325,0.31085623047483496,0.22621929461852958,0.30191737948930875,0.2472760147057948,0.29513534267524494,0.2780352709253092,0.35102381280952316,0.21456598948887798,0.24253988695772952,0.33124768897740753,0.24273977507470723,0.3199291811102058,0.19351673591100052,0.22613562592963926,0.2724864511517783,0.25076577129464306,0.2707268023103734,0.21533806837907973,0.27337748543051865,0.2780296634394215,0.20081547693243318,0.2572428458315184,0.3010264029379703,0.3573388751694258,0.22515998342490248,0.25530952210649466,0.2366958338619372,0.2337186549086883,0.2527728843794316,0.3452670759769913,0.25864535555160817,0.28675716269396195,0.2902501523982657,0.26576317663515264,0.28424797640698174,0.2886127297510339,0.20871549600367506,0.2651617014514931,0.25651208883710364,0.24907892795450337,0.2494167570428389,0.26162915978837903,0.2517741887366047,0.23447859590711978,0.30247815659098415,0.2471948900071178,0.29230931526553877,0.1916081370308006,0.25688975182378965,0.2233220180030691,0.24310158957503003,0.21259160738643135,0.23463737805998539,0.25855304770038956,0.3026496196602557,0.308469333885681,0.30892864912529355,0.231124110455623,0.3332164381940873,0.2931881849101144,0.22210348952836761,0.3172570461238924,0.2506613790961561,0.2488713725219393,0.300446791474943,0.28355428576892094,0.21755525348444654,0.35876768761441286,0.22752423759952511,0.2248719719868507,0.227588243427379,0.28134872446274745,0.29683601530461434,0.22910685033800482,0.2884984683504904,0.24721555117549351,0.25166564469314157,0.2966067972276285,0.2109389729950808,0.27492763241982043,0.39737712346390247,0.22800511958891562,0.2579020036434624,0.29106706732879917,0.22891965535273107,0.2664619477000074,0.20536029319212618,0.23278474821074532,0.24251286798593955,0.24981762398844035,0.2978133731690556,0.2489584933796584,0.25371428528543244,0.28321630061873493,0.2209018037220325,0.29903648514494674,0.2822300923203354,0.2881078501718079,0.24132434426965182,0.2534255138922231,0.24590467359148335,0.22410890999126407,0.22741775775233627,0.3350363603971662,0.2787578805043584,0.2646281037981007,0.34911333390899063,0.20650456744102993,0.2513418645871232,0.2320694758125985,0.2608566843378525,0.21829232991700226,0.26938584435567703
0.272220588339552,0.27747164076293535,0.22314569023187109,0.290533962267423,0.28729466003454757,0.21412103619197734,0.0,0.22033864609741097,0.22468606582364578,0.25279237514368436,0.2693329907712014,0.28191102929738204,0.27684241026362216,0.28659823656246786,0.3312717838208248,0.24483403836796397,0.27166021753724867,0.30303229034028845,0.24869272535952355,0.23799530062347557,0.26875364889740766,0.2724374917357739,0.3919309503982634,0.3009437113533483,0.2757790812348127,0.27551788524974796,0.2538310994335381,0.24807736811046957,0.2529501627196085,0.24980624321791065,0.26563519872686114,0.2727556311132997,0.3034492023108288,0.3034890813385238,0.27285764124197803,0.2727506226830487,0.29962730159013434,0.2570938677307998,0.25314007618491696,0.3436501064396234,0.31194899683899124,0.2743221848747885,0.2883121268440648,0.29636315750242176,0.294665575892241,0.29313211675654066,0.29516278707796356,0.24059753372184403,0.4304573477815407,0.2661589007642466,0.3308565427199933,0.2518682469722233,0.24221811098866014,0.28499496047896306,0.31686453948007803,0.25272526415383695,0.2676089276937073,0.2479564722474462,0.32511477980773257,0.28720525260570934,0.20201317078084458,0.2307069993452284,0.2301877595432639,0.267081878221382,0.24185126682176097,0.21930671809777605,0.2776186889321057,0.2811044033974005,0.2501050500106806,0.23417979127224164,0.2792595132513815,0.26858506215836486,0.21691455035741072,0.3126040554173171,0.20844808434807652,0.2552604795454172,0.31466986758345356,0.33775558631109187,0.2424180814756826,0.20063657639252697,0.23996848814064076,0.2580138634981086,0.2849722895208796,0.20729861500648233,0.24739606927094085,0.2657495286381788,0.2132430932417566,0.27567151932718814,0.26126349525649556,0.24156677928144885,0.3134307301194726,0.3359923302968071,0.31706086321867466,0.24480352321528265,0.2739399507606037,0.2691929733954206,0.1883535965374717,0.27868526370344876,0.2471649797556064,0.2872133503774942,0.26498417354696924,0.2390825376721685,0.2703216188881387,0.24549636288336557,0.24277222840247176,0.2815331028737155,0.23239967068795592,0.2661843035537233,0.3681941359361535,0.27144269528911896,0.336830602826324,0.2727279326452232,0.23056132282383382,0.22443105788672169,0.26757264970418054,0.26985190596341224,0.2577165594600798,0.27169391148915706,0.24911382215660643,0.22832721538419257,0.28151552276044983,0.21080132427867468,0.2318581177404913,0.3351477081304362,0.21200491334707186,0.2806176528962184,0.2235579188573953,0.30503987251476294,0.25056370007467194,0.295649252969301,0.21915586415771066,0.2100808548529528,0.20261299685564024,0.22572101003645517,0.21150613431729778,0.2501528426224261,0.2573972635404006,0.3277835053292041,0.27995481732365063,0.28819790468829215,0.24977804801606995,0.25979924298159235,0.29888384412424324,0.24246830527298463,0.29062473540952855,0.30531624159140425,0.2648285239383465,0.27851541855390466,0.2447924862069225,0.19397715357692563,0.2431315341171078,0.2707186824892739,0.2589955863464349,0.3131458230925964,0.2980217120889123,0.27457862179149684,0.25821523381629086,0.2933256799107541,0.2806412392972145,0.2808481003161525,0.2584343610403998,0.24393295073499338,0.2310983501121262,0.2744424559711753
0.26520876298352447,0.32391834967114896,0.2814699011483008,0.2953346873741691,0.2097744629201557,0.29888877942227704,0.22033864609741097,0.0,0.2904854690556081,0.2903956372957411,0.26735198881352057,0.2843401606769727,0.30527274502821994,0.2463001183201884,0.2717487047839783,0.31901670735849813,0.31297742645280596,0.27428876737100316,0.2735016788114315,0.2900742896847389,0.3082348673127597,0.2656614106103697,0.2409528597426956,0.22531625017721904,0.3127167763090873,0.23704335145069164,0.253936414084571,0.2973709390400141,0.21116942498245223,0.23007506462042093,0.3451141006346418,0.29735735917944767,0.29544861127095473,0.2881260610880315,0.26254012791240783,0.3132586667804226,0.2787925999419273,0.33201543905167885,0.27278114678769666,0.25711571923348037,0.2670369016099457,0.27860306592643647,0.2737171427317886,0.24765797662294753,0.3820682288823528,0.2978671422825101,0.22073397360318212,0.23303483798465896,0.2603023303397269,0.26924642796507237,0.2799633561077668,0.25958563112819416,0.25524972466927864,0.2758242769102004,0.2748340647196367,0.2722905124762434,0.28182108662526695,0.34618037857570727,0.2772420952407356,0.2848519023939131,0.38873945007028465,0.24090794935730644,0.2974405716160619,0.24157198557820608,0.23314542207072528,0.2705896480783284,0.2812542700971892,0.24763759418391112,0.28440487519170954,0.44448612130237264,0.2722273587970411,0.2520690647638397,0.24853786218909218,0.32756710039062037,0.3918343455272966,0.2318473029008104,0.2987604847914507,0.2482205411539604,0.330689715739294,0.18970467156877907,0.26425646811587117,0.2799316979190243,0.3006932722221151,0.33666522114457387,0.30117277323135017,0.3813987310463561,0.349050472205525,0.25076562392862023,0.3360736407009593,0.29489520610441344,0.25011843437256087,0.26818281993167614,0.26822448542393057,0.2378967835479603,0.29845340651029423,0.27566274481802916,0.28555754523334487,0.31384061077520115,0.21154876133602618,0.3132508103678051,0.24927959004215955,0.34044639803169624,0.23624507666042924,0.2775278703715519,0.3130258093431094,0.3229789954538805,0.30825435095173154,0.3498695497428979,0.25873049051231894,0.25974521369391573,0.24513532772060917,0.2568009618808782,0.28633337208481974,0.3077023205147716,0.2955504649555198,0.29754962105518473,0.2976593770805877,0.22472269773515866,0.2507190449034888,0.2705081088788266,0.23855204067037591,0.35013156706514525,0.24249803876540893,0.2887771556671023,0.2157496175371611,0.26823342726650945,0.24688810059927666,0.3261356179642643,0.32405522683217625,0.2544217925774516,0.3205293595576603,0.3042720563051629,0.277945622294237,0.25865658144923365,0.2747027373945744,0.21365294486018985,0.24799360317771818,0.23700956357565245,0.29302933715009805,0.29513367432132764,0.27099944767002127,0.2702172488058983,0.30291570193714834,0.2875008749923974,0.28864374809643883,0.24662956373589612,0.3013855896531023,0.292140158194179,0.31120932919417,0.239057109306841,0.2944456359677511,0.28979026867566543,0.25737984389567453,0.24000140017754765,0.3744477544909104,0.33252116458629444,0.23925828272086314,0.31384983055987714,0.21087745963725543,0.24360758571685606,0.2615246737447427,0.2529616791852124,0.2583876818692369,0.2548148730084902
0.362751129913732,0.2606454378384291,0.22227727512757062,0.23992515745337425,0.2357310992619054,0.24776934487051422,0.22468606582364578,0.2904854690556081,0.0,0.22379889613141732,0.238063829514149,0.25233060036248783,0.24313171742793752,0.2900774302767027,0.25669649627693625,0.2558309048031296,0.25214464545109366,0.33283885844575906,0.25463914506245106,0.3309869032590472,0.2633324857692201,0.28475508933782684,0.2267472030082954,0.22207488747118295,0.278036212237037,0.23316486761529015,0.24427789243835568,0.25601097668350054,0.1954361636705136,0.2861286626668673,0.3602065952885695,0.27233699352751256,0.2500069982861719,0.25087040059043414,0.3245078072200677,0.27132577248720413,0.2482494210655991,0.3736770299147984,0.23842070630694762,0.2360513938548132,0.24167580702745986,0.31564483141873606,0.2697417472175119,0.2663426532611463,0.28417827365288445,0.2721162354941378,0.2293746252769869,0.22153767325121446,0.2596894378964393,0.2941322882768411,0.2627501668078192,0.26020365705987186,0.267400479925739,0.2338808966386519,0.23639520397545932,0.31329256304372477,0.31126473530946003,0.2753153539799942,0.25619160541285396,0.2580328360770892,0.22309588165156735,0.2769828390339407,0.2711982956520037,0.26849217158853883,0.30684451952973546,0.2804678602749275,0.27596653441025626,0.25986154776677894,0.25556749503279785,0.3093628319515558,0.33906143664424226,0.3084242928858334,0.30893516462788045,0.25081869418962505,0.3097283343363626,0.27078570973670124,0.2126501461806232,0.21322973489071836,0.3095825342147964,0.21063287204858425,0.25804032239276214,0.38117409706949923,0.2986088225739829,0.26402742034057264,0.3299000277712478,0.3655754850373002,0.280636039354129,0.3049425826381851,0.29263094920925464,0.357077690265678,0.3059674594891914,0.34155613151625375,0.25803138163993405,0.2684404087024503,0.33681558971484826,0.27053540243448726,0.2791884186795887,0.29819996887926353,0.32544471723585655,0.26715376823382353,0.2861583844639226,0.22422648318034247,0.2873228475023042,0.24936906263389438,0.37763308988482774,0.2771907029141571,0.2286297166449572,0.2824491148678849,0.23773498188771394,0.21555128568825785,0.22732088719859037,0.353039982411816,0.27969691137288927,0.33403016441381134,0.30181026324399757,0.282163826976654,0.29804981754629334,0.2401830385417496,0.19940522588255663,0.30853415327108336,0.29750025035866673,0.2697192535193007,0.2803833190448928,0.28432833116858247,0.36251617673846726,0.2280513472565496,0.26041632116319907,0.23983274570074353,0.23790089510222925,0.28087387892881216,0.37640937845850436,0.28604333818586186,0.2645613640253118,0.3807343791158092,0.2562360510729061,0.2598502508731155,0.2639050844936712,0.26118907161787364,0.2777130286375965,0.32076833842119795,0.25534484709409466,0.28579631089549046,0.3029510774283153,0.3175934524888403,0.2834071485343631,0.3007729858593653,0.35077354058188526,0.22902306487048,0.2866525311382252,0.23661216103976343,0.361229645047841,0.2718600960300469,0.26086428505539827,0.2130960645941611,0.29068406571451555,0.3253333617864661,0.22616013011453928,0.2605314541410347,0.26091362730830997,0.25780962898643034,0.21969776922438794,0.3485130800690099,0.303378070630147,0.3277211637691795
0.25844067880948945,0.3562732202930018,0.33049327110850174,0.26027898522392234,0.22115149762224373,0.2613549473307808,0.25279237514368436,0.2903956372957411,0.22379889613141732,0.0,0.24800804177087657,0.25673764661943227,0.2933941281555806,0.2762921862658246,0.24040141623792002,0.2926851227016886,0.30189668483674786,0.30401888436117314,0.23531488540103043,0.24682133022747843,0.25682659784396655,0.2625099023972424,0.2963793229161029,0.2249627679384328,0.3692367770752946,0.23034116695477272,0.24551341496819282,0.28211694758812045,0.33322820879218434,0.2143846833292563,0.2686923464323738,0.29570601033038274,0.23210317222082805,0.2705215086147475,0.2661171599652834,0.2657886296816725,0.2758217602324367,0.26485729961303744,0.21297258225953328,0.2703371939889803,0.22850629037444098,0.27667375228274704,0.23979593620394346,0.236517022815663,0.2989534941807761,0.2662213193407351,0.23395837839037087,0.2396207255640772,0.32010156674912865,0.22282923292160092,0.24341237819590164,0.23623869950945225,0.2281306434347365,0.27049116870799655,0.30064218152839434,0.2858121961466648,0.23832931093119175,0.2398717208423178,0.28816969551784655,0.26361266886762674,0.2686385005642875,0.21821094330473562,0.2207082181808152,0.23616961031483025,0.21576300882263869,0.23441860463462771,0.2490108042621378,0.2451481401219893,0.27106559460912905,0.29630085754656704,0.23104295438069147,0.2820790766929998,0.21730066720984148,0.291160177524816,0.27568546868165944,0.25455209570567805,0.2430359117684243,0.29604676319762646,0.23474227238365947,0.2084767383105181,0.2605136049369197,0.2278303489685668,0.2980086992582597,0.2809096779766005,0.2564436736861136,0.2898636045819843,0.2370629110217419,0.23861897818681288,0.3111156040291799,0.24024942547502234,0.2365405803568635,0.24980315860429475,0.2708658181943897,0.21810825666481481,0.2732701738232256,0.2976120347162102,0.19041636012209126,0.2973372740550529,0.2181457187456656,0.3001534754350036,0.25638170550771483,0.24082411304742143,0.22055167788891417,0.31714854410886495,0.2370681931503082,0.2705437775139494,0.256245282893203,0.37991204071644014,0.27380869124019425,0.2779982818502075,0.24057232281583618,0.23382190602549996,0.25540021194675544,0.2678334824241886,0.2598013908168932,0.28198056043259406,0.2865411817346464,0.2945061490249364,0.282008839355504,0.2705755375240836,0.22455751133647936,0.22856033634191372,0.22990564378062367,0.2782697664275277,0.20541728200104858,0.3235021631597469,0.23026639985287767,0.24994190726981105,0.3767846134734386,0.2608708385765171,0.3058471557076065,0.23552826216855335,0.22800245878735192,0.2135490086399107,0.22677489715760746,0.2115643634912321,0.25142640238728775,0.25827827130324105,0.2938529452241346,0.2452276668387055,0.25045960817680857,0.29639705400075356,0.28402103492013037,0.23323019845168028,0.276989717938353,0.24903846534161259,0.2153826612589683,0.31313230948672244,0.42539143778780575,0.2360239202861733,0.21609549004439269,0.29069322899209543,0.22329493966830272,0.2675491375062286,0.29501094382505266,0.26150056046480163,0.21157808992950766,0.3117404391450545,0.23399477012373598,0.26643127922266385,0.33474569928768494,0.25941050928585696,0.2435362285286803,0.22675405755028677
0.31133764352422616,0.32043212066296667,0.304027889235726,0.2785472664516043,0.2510556998356075,0.3167712136914849,0.2693329907712014,0.26735198881352057,0.238063829514149,0.24800804177087657,0.0,0.33050451617954124,0.3440817403187646,0.25089847037758883,0.28791654388449467,0.3801023382529047,0.3280376277734721,0.291847831283188,0.27796947059218335,0.29452863331226803,0.3153470013779303,0.37826908409854204,0.25083719209621874,0.31069654032718713,0.3286037817721623,0.27608941783491225,0.24252336481336487,0.2990397502679952,0.2814191719834405,0.24956469709974569,0.2727724951199553,0.30403383196744904,0.28563296304211866,0.26137940039133795,0.27085136759329603,0.29851121313122314,0.3534763604359714,0.28999734890551027,0.3197551608209617,0.277503314400134,0.2692082029124252,0.27413105853828895,0.27689052455706004,0.32954616766152095,0.3065036193470035,0.2727990862842868,0.20367940603707346,0.364503205294292,0.30291969906482236,0.25440276117771576,0.3152457869275968,0.25889268382000574,0.22791293909730265,0.3579748925863906,0.36919364912478103,0.2278847887583372,0.30093807659041444,0.33974805685968723,0.2651258220495615,0.2819500436791598,0.30820896671068604,0.20428011219399245,0.29245968861036525,0.2245532569588323,0.20891734739960077,0.24517926875541465,0.2908739171135377,0.2817875454549937,0.2661919069822749,0.28955997245823906,0.2967865410846849,0.22856385896484938,0.2451296565509552,0.3290381926170814,0.29799232547588067,0.23610453532751033,0.32469254662763913,0.28579880604544666,0.24894801341237308,0.20943506304886547,0.2590609173437427,0.240677637284908,0.2930344380441101,0.282352320103595,0.2405678604273418,0.2893717172915639,0.2664360800941082,0.22853873605850683,0.2437278947537705,0.2663414626027153,0.3097639804080922,0.22164918126240662,0.3480108976942781,0.26750893595313263,0.25414368457490066,0.3048462569777377,0.21762001505839398,0.22699812880260423,0.1940933947478423,0.2485239909087438,0.2857986171532809,0.2605226464869806,0.21028027254490148,0.22641513686509707,0.2591823590361258,0.2649368847869112,0.2506295440145318,0.28295315178045594,0.2577704799060921,0.34388942331670647,0.33558900530850583,0.24180238899181866,0.26071809357269915,0.2446188357445638,0.2842601563312333,0.2883032058588926,0.24515423725073338,0.2693925082008337,0.28965269329550525,0.22440384815363068,0.2737916290312412,0.20866511049081204,0.25216317237447566,0.3403617327713448,0.21535263569109636,0.34605270967313817,0.19451428223094278,0.32258101536187056,0.2942428379376006,0.24581520271543703,0.2188865090898914,0.28823489325166013,0.26150949657461653,0.2572571005617745,0.33016616246726777,0.23949645302450318,0.2837758002096609,0.24626699042279465,0.2988478253097783,0.27413102668194805,0.2809166210492126,0.2884940110068228,0.24442323223876036,0.25810265574285557,0.3494983041058905,0.21858213011752564,0.2757423651230282,0.2617092920631767,0.26955851472265074,0.22008883670118912,0.3062753386760804,0.24695849510974419,0.315827184770477,0.2420937443796294,0.2894073934948639,0.32403937971755814,0.30031421678804227,0.30185733539469517,0.25433230470710466,0.24729976556787653,0.22495997814369217,0.2524662334573897,0.19456366226182722,0.3604010884927173
0.25919710799143764,0.3286971653157431,0.2876922230866538,0.27322023831356196,0.2256867405251605,0.3212233473808583,0.28191102929738204,0.2843401606769727,0.25233060036248783,0.25673764661943227,0.33050451617954124,0.0,0.23908291815793473,0.19512780907889965,0.2803935131999816,0.29492401739144153,0.2899977414202905,0.23722895210013648,0.3661559668890579,0.2698400146410705,0.34648292642753287,0.307445154499069,0.24096717176849988,0.2725694307866953,0.33235507581779905,0.222650833628626,0.22075775469368852,0.24163824462449693,0.25335121642793007,0.28062137262817166,0.30513285833606346,0.29642681293230355,0.2913814199105179,0.28936803264791494,0.22626331365856345,0.2911902058560543,0.27353162983274504,0.27565536067613106,0.3702024005756373,0.2496370064862413,0.29360166564011875,0.2686240258230086,0.2811868013869644,0.2904351920116652,0.2722065321126411,0.2731466017841898,0.2391850227935614,0.27136119618258286,0.26638477348213063,0.26980595428550214,0.3385000497573747,0.27898883857906137,0.2363114111674863,0.341713991907643,0.3558525578131286,0.23292516294004473,0.32244951086601875,0.36130910242127656,0.23009565345448932,0.27624012938558656,0.23797729680377186,0.21472546867009595,0.28117389678381605,0.21599986719157885,0.229724780866519,0.2457662206053609,0.2212137093471556,0.23272647939741087,0.21839180793586158,0.2528312854691869,0.26018151756422436,0.20837301184006568,0.21074694454443144,0.2887231818732313,0.2881380168306597,0.22366699448131733,0.2665202194549458,0.272995331620373,0.2533943111068846,0.19482382657568914,0.2469712375408109,0.27772437097973723,0.3006110809347424,0.21848198649708367,0.25771524017231334,0.29352340304663715,0.22453632667343848,0.23222293957483436,0.26530393759391135,0.2609589786542164,0.27893632022747167,0.2672063004358531,0.31376004316320905,0.2656931061848812,0.23958423009257077,0.3366577830127193,0.22994348966686975,0.2670883150177492,0.19782956357156956,0.23642502101534874,0.22691349597174754,0.26543961228778085,0.23706574410891518,0.3141153278089238,0.2546425043931039,0.2718768435978886,0.2809955199088601,0.2606346906578296,0.25028281871802555,0.3135113822365501,0.3849715764322612,0.2561497194782058,0.22742789917956943,0.25407774291361707,0.25528167368269167,0.2690696469018033,0.25174625153984703,0.3009420156476787,0.27391494740322125,0.21189395198439115,0.23935606297464962,0.22396095086747664,0.22761607735411418,0.316095741300386,0.19147217739733585,0.366554831796917,0.21273451930563297,0.31201576793358843,0.3096581820930832,0.22279050547054827,0.23653246190103164,0.27445122290034235,0.20597364104923924,0.26482571009936906,0.275132407889434,0.21028854114498688,0.28148100639950113,0.22853562301416785,0.2554823350632113,0.31153199898553274,0.22818619926548964,0.2609344975582163,0.2776237549730875,0.2712907526932269,0.2949756008034757,0.25602266075173685,0.35969036960048684,0.2692781178334735,0.3160307031564109,0.22922724453346738,0.27510806831694673,0.2785923843995995,0.2843510899116339,0.24772681970206778,0.3789883140845322,0.2566052910945172,0.25093368579114284,0.29903226405532957,0.20272707643064375,0.23892076447418573,0.19789237381307676,0.23094144791324753,0.21612362098547422,0.28489437226805053
