0,1,2,3,4,5,6,7,8,9,10,11,12,13,14,15,16,17,18,19,20,21,22,23,24,25,26,27,28,29,30,31,32,33,34,35,36,37,38,39,40,41,42,43,44,45,46,47,48,49,50,51,52,53,54,55,56,57,58,59,60,61,62,63,64,65,66,67,68,69,70,71,72,73,74,75,76,77,78,79,80,81,82,83,84,85,86,87,88,89,90,91,92,93,94,95,96,97,98,99,100,101,102,103,104,105,106,107,108,109,110,111,112,113,114,115,116,117,118,119,120,121,122,123,124,125,126,127,128,129,130,131,132,133,134,135,136,137,138,139,140,141,142,143,144,145,146,147,148,149,150,151,152,153,154,155,156,157,158,159,160,161,162,163
0.0,0.6540986271524502,0.45255393611762446,0.5723119057113595,0.33768992762870026,0.5106950760624017,0.5767100809308747,0.5743855904826335,0.5686803290539061,0.5565515744566447,0.5770067833811658,0.5885226469018823,0.6076687334566274,0.5500325604497731,0.5848263125652422,0.4828279042742978,0.5439458234565917,0.7229676064647814,0.6631173020666162,0.6635459832654289,0.5516976679054545,0.5649326704273494,0.5761745020796709,0.49983255146680317,0.6955374585858829,0.48102618189346297,0.4956756652600435,0.524980494526747,0.5605856105889473,0.4783871357264972,0.6479827113318378,0.6299963301492657,0.5850987985521328,0.5539989340919862,0.6108605174991502,0.6358533388254671,0.6634984989988124,0.6934991933986742,0.5832513662577227,0.5784016648381273,0.6006852144970858,0.6034773776367607,0.5979683842981643,0.555581136069849,0.6409486548117046,0.6462569085515815,0.44366497589128145,0.4747413240899521,0.7265543197950388,0.6681954892539179,0.6002285420661378,0.518338477122356,0.5860250309107566,0.6151474926981142,0.6439874522573855,0.5901047251439742,0.725645798709293,0.516682608948177,0.5759801712117556,0.6509374040496,0.5597456303656494,0.5580826397497669,0.5550273278335938,0.5497389959091985,0.6473823444671657,0.6720493802467821,0.579584169291287,0.5080914145182063,0.6201003649264503,0.6461570126431728,0.6244803562136967,0.5921615441634707,0.5621053360582196,0.6044676577867587,0.6080568115690151,0.6470495087312192,0.5139799214956554,0.4130442368500622,0.6155057944227639,0.41446491857928125,0.5321449475966336,0.632324546400425,0.4867829398402217,0.5934219525515131,0.6248059727070507,0.6929072689924541,0.616081737013856,0.5816278537018862,0.5515122843981597,0.6228708953133476,0.5656451912563357,0.5673059832876847,0.581630527597259,0.7333934457632728,0.6009793709807535,0.6341390303494574,0.5392374672066749,0.5694367030779011,0.5681724615247776,0.565100953726665,0.6013008408208594,0.6070382948769084,0.5655226223835568,0.5884592059415856,0.6029029361430776,0.5156344693435286,0.5644222241036887,0.5651099116023129,0.5957516771719075,0.5621639187881565,0.6267986789915785,0.6683717813890083,0.5915624649564915,0.5135703551125452,0.6741498366569928,0.5424815672914776,0.6009959110105176,0.6467328524829419,0.5320738104022116,0.5227361605807667,0.5092416045223032,0.5388902623536163,0.6438910234937875,0.5425037738962427,0.5558095922766472,0.5949885932418786,0.537690048171113,0.5197368439769822,0.6009404123674573,0.6465693652381638,0.5574648079392944,0.490234158803184,0.5697565996531511,0.6340508063676422,0.7064437801310138,0.5797667560203015,0.5633811728708685,0.6285630902061878,0.5490313492949511,0.6784411768641543,0.5422589225389438,0.6472690244739344,0.6005042991230439,0.5428319925624245,0.7004338660002852,0.6801423762945431,0.5273725017521119,0.5040588343330138,0.6508470344197144,0.5390151030994369,0.670492037698903,0.600707856748545,0.6748619306076932,0.5003020171811592,0.6460620858804812,0.7183225344658517,0.5877814990948201,0.4690436769734947,0.5354246551739442,0.5657421665183443,0.5524834999799841,0.6503836436706175,0.5197907224722843,0.6422630480057838
0.6540986271524502,0.0,0.46917764806164763,0.6735192693882937,0.3284914017335673,0.5287026583173143,0.6052514168668833,0.6280904775410702,0.5801455238926541,0.6769218479282649,0.5519264182415845,0.5656278622319766,0.623849916732322,0.6104238100716198,0.5865138144525063,0.4672415544988477,0.5281106743860333,0.6777908175359234,0.5954761185929774,0.558784666022829,0.5276945235662321,0.599082894680155,0.5522830805663036,0.4751028474056042,0.6584790531833371,0.45813881995182626,0.5473034356651233,0.5178866115099451,0.6278469675911207,0.4595135093055239,0.6134645256540253,0.6172454885906998,0.6958382604419311,0.5029314767942202,0.5517856985124249,0.6434408201210752,0.6118057467977633,0.6548867304120445,0.5683787683693274,0.606556235650707,0.6113128898563728,0.626944464436588,0.5150184493712865,0.5078363273705676,0.6278163071715431,0.6216646244999177,0.427533065714612,0.4401640917365152,0.6424065992471605,0.6008300128515613,0.5856986741524212,0.4890593688462713,0.6491600055076568,0.6743682163037951,0.649685521220633,0.6481410251842736,0.6199111336007894,0.5055816807323416,0.6083181085214263,0.6725535391759124,0.6363625158463616,0.5832876643844044,0.5178706082250377,0.5291211975830029,0.598389140461817,0.6230850446259151,0.6582506475795419,0.5064564839942322,0.6135546956297139,0.6756967130558638,0.5938858343760044,0.5667242783556389,0.5581298410162473,0.6339469316980346,0.6545314948556064,0.6093575243292372,0.5308751115875636,0.4151564199185014,0.5473629118020054,0.40469673290733305,0.5423046637359636,0.6465278121771428,0.49894438810204006,0.5980732115474936,0.5875291395319125,0.6793895484125203,0.5959983398339647,0.5779737578463789,0.5717183833014835,0.7304120576689211,0.5410764271507529,0.5988996258536111,0.5651665184343984,0.6401359958652827,0.6589858107646905,0.6852945387828211,0.569447201253941,0.5571064558987993,0.5523993438631976,0.6133500531945847,0.6076418459703833,0.6130425154543965,0.545966435907649,0.593015328081861,0.5829211571804978,0.4924060748682929,0.5727938934195332,0.5521633856833159,0.6157195035864546,0.5405473776140775,0.5828621635423356,0.5941861487508002,0.6202868982487348,0.5555752262169177,0.6122471123211366,0.5467135543784829,0.5713155528605774,0.5685992477833176,0.5267301241867072,0.5683580992776209,0.47280731687447886,0.582872218129033,0.5422047754503094,0.5388528908665158,0.5259845150378756,0.6186153895409433,0.5884561082902099,0.5253102442678584,0.5981177281099949,0.658432356591751,0.6090672476711052,0.4939241001741329,0.5831038831239989,0.6399079307344323,0.626466631066372,0.5293562904633848,0.49034607663439084,0.5846796101554407,0.5350186512134592,0.648486173874659,0.5946076152518299,0.6510956083584287,0.6833621858437019,0.5834974355862003,0.6462866763236558,0.5711478324025661,0.5177462131416756,0.559878020187092,0.6123588146209581,0.537746501444475,0.5786132465306442,0.6504454991234173,0.6436639285204382,0.5437176912917289,0.6361793244050067,0.7310215839129919,0.5866134359751602,0.47731577278061793,0.5657398694463011,0.5603545524072107,0.6327439636488598,0.6013635462871361,0.5626275225068942,0.5711010350585808
0.45255393611762446,0.46917764806164763,0.0,0.4353914947090779,0.4467284779278182,0.612605521219761,0.5198793464954756,0.41439152351854924,0.3688459734714001,0.4461908925058468,0.5994368469262364,0.5738157398049041,0.5460982116516774,0.37623399106261635,0.45915603614069883,0.6963810545874045,0.6001362054054353,0.43236931834257825,0.4365386361679146,0.38855090581486057,0.6530833042746627,0.5728934954637506,0.41603275809467294,0.5723568657417388,0.4394072677306662,0.6390436405953398,0.36788648327256,0.3812410103280297,0.5493910850618946,0.5720005014410432,0.38871377625943454,0.5155347173187074,0.4810260291214377,0.3964055799947478,0.36285983389573445,0.432873143583782,0.5476910005131839,0.4456264738336508,0.49417533854430234,0.5344830215050844,0.5251059669710504,0.5419596034332392,0.5275001487841375,0.5556561426426723,0.41768739950802714,0.500982721606053,0.6313212514720963,0.5679590040289906,0.457996792817689,0.47336462237493854,0.564625442859418,0.6419541893572615,0.4148777040827286,0.537550594832747,0.49283154505283144,0.47252259274117475,0.4894897091545771,0.6594594016464032,0.3760361347194984,0.4470721938723627,0.41890548902175817,0.483364493323051,0.6124437500364247,0.3632170972274297,0.4075566647063789,0.44346769449774004,0.402067451166943,0.6292609487087204,0.4235823879946798,0.43055320731370383,0.5510898231452436,0.368425801897372,0.3765368488387793,0.5700309611214185,0.4592509144032789,0.3923328654048223,0.6014322861188095,0.6402050916850405,0.4363175827663904,0.5578197370137323,0.5947636410372217,0.4151093523514568,0.6462750968775293,0.4368513293616205,0.4339396860167911,0.4623009959004487,0.40692287196237653,0.37499963203579373,0.3882090794909325,0.44395629172497364,0.5900021153749879,0.3765663048762272,0.5313766412104558,0.43862292677204007,0.41582994428979697,0.5135980151534262,0.37846166518382746,0.3989171806127719,0.373184019546547,0.404039154560119,0.37956841249242407,0.47528806006264207,0.37977660480617076,0.4031211036887013,0.38651932047366455,0.6171033275463649,0.5078387371953483,0.43585973844927706,0.5563811830092374,0.6188073644527137,0.5565362002685337,0.4299882225401193,0.43140229255975027,0.37630652853660157,0.46359029927696466,0.6102963397120009,0.40114708870148597,0.46586318176522584,0.5888933276238759,0.3776569246135276,0.5400505339175519,0.41283385337290984,0.43706479278674376,0.6341839868101814,0.35271191051462764,0.5919730734213132,0.4336476786686508,0.6606110387489866,0.47070471148641374,0.4481715853089762,0.41283563524760103,0.6665498993513178,0.38419607670369355,0.40397076479424027,0.4227342418701295,0.4471888720228577,0.5291148533221939,0.45137654317768977,0.3850638864203817,0.4515660155458457,0.37065803845238277,0.5103953890173611,0.410357083058772,0.3866869553582232,0.5302807839920733,0.42704245518625294,0.5577189404550716,0.5982041261790566,0.4372086632968422,0.45321596497141425,0.38016266291469436,0.40644075469777596,0.45699565216784754,0.6395399695962012,0.5223728852363537,0.4346695767500367,0.48875003328712757,0.7252142124392627,0.35916574215890307,0.5053199994393832,0.4519388127965819,0.38692629355919994,0.38724676622749815,0.5404128574649927
0.5723119057113595,0.6735192693882937,0.4353914947090779,0.0,0.3092165691897957,0.48758567782374873,0.5487839939162642,0.6548183425985821,0.5304590465157947,0.6524236527819753,0.5028689190798431,0.5081127105180455,0.583538119664109,0.6328075491537979,0.5160553319633542,0.4413386319764309,0.513606817028332,0.6499094352427455,0.5729673651071742,0.5229774399875952,0.49020314733875064,0.5097333890509702,0.5682226099233959,0.43191191770905557,0.6116012461236489,0.44318175165737367,0.606530287023546,0.5620530927658701,0.558175653834757,0.42319067142393374,0.5520412295932312,0.5780697791209412,0.68089966502328,0.5176937141354158,0.52251849443018,0.6310255273696781,0.5384115156710069,0.6324217685383361,0.5044542834214767,0.5911225782649223,0.5791035084039321,0.553770786805969,0.47834310368334276,0.45808969935235627,0.6241980311549232,0.6110445268617094,0.3955408362407212,0.40095086107303496,0.598246787281769,0.5568693849726781,0.5532125173058228,0.4665557217048644,0.6479318354215703,0.6172374453924266,0.6081582141455443,0.5725937829146696,0.5826425159610769,0.4776504997105062,0.6278363032857135,0.6862607574544884,0.6712232850015388,0.5784973216029158,0.49541625096640307,0.5253719844433493,0.5525741789351144,0.6263609997623393,0.6822794130455686,0.45310781905233094,0.625413640787081,0.6775768619850163,0.5215501388372109,0.5628149460546137,0.5859499535664743,0.615606895254929,0.6736757753034999,0.5965503211457676,0.5164758564395309,0.3916289434461678,0.559211844631222,0.38495389202675173,0.5095877503943333,0.598561505524682,0.4456923638912271,0.6224715513657396,0.6122657923337443,0.6284626312185224,0.585444994203327,0.5930671994125244,0.6184361367540604,0.6123769958125422,0.510579748445511,0.5843876668821676,0.5204234191296706,0.6118874529661495,0.6760294191370674,0.5628880723854982,0.5651065882520192,0.5609467725835225,0.5398938302877087,0.6954208971656011,0.5800909526610807,0.6192120316742649,0.5908380467395997,0.5814893477070153,0.6027702948251464,0.47284391243005475,0.5915590583728196,0.5522884637678269,0.5865125765836706,0.4750657051939223,0.5394803758823006,0.5862751216312097,0.6211076866830755,0.6068814978052683,0.6286702973967494,0.5239107106242217,0.5865858087997994,0.5053467383109932,0.5151470839294385,0.6162925834746387,0.43193718006306625,0.6553977514036232,0.5152491641723922,0.49328987475155567,0.4913657195893199,0.5557395285805029,0.6338907406892876,0.477675016644222,0.602675317746548,0.6080674031165662,0.5798053183164941,0.4664167603077158,0.6106037748263846,0.598682574488584,0.5461770311960142,0.4639656402133564,0.43744929286040324,0.5395707521423678,0.5392256948200842,0.6024240704490847,0.6180002320155279,0.58203336050487,0.6841549987669037,0.5878557362202096,0.5689558854075009,0.5458128467828407,0.45264893317207505,0.5385856812829334,0.564977536632845,0.5429312924634039,0.562494316118563,0.6476529596902794,0.5992611478696098,0.49379761081477325,0.6051680165968958,0.6322307338787483,0.5347512833055613,0.45010357009854174,0.5776985628586844,0.5667069947861639,0.6683826543336168,0.5773489660234518,0.5884055351325769,0.5071114079540526
0.33768992762870026,0.3284914017335673,0.4467284779278182,0.3092165691897957,0.0,0.37896973142743234,0.39440133542918693,0.29231697100345816,0.2887937337843452,0.3043953882304167,0.4139124313149096,0.3993277298813803,0.3493222548577381,0.28243996962381573,0.376537304624951,0.4336949767364672,0.37933845151580237,0.3187990625791634,0.3244449776153241,0.29703242340206915,0.42079970442954584,0.4106836473565248,0.3110652834558644,0.45463750117835217,0.31224847930694627,0.43585411576624955,0.27507134561216323,0.27797107392974296,0.37419037557841117,0.4574478245152866,0.3061127700498374,0.3492395896998833,0.34628067323266093,0.2935628910307388,0.2895403894279847,0.32230862947435385,0.37746018393241476,0.32362688844581544,0.39853352636967576,0.36497398942182296,0.37713477401774653,0.35891373371937485,0.4055237923162907,0.44839945810188286,0.30144950843635476,0.34509781660223643,0.5089170400019499,0.4807341559307032,0.3408677233386279,0.3597659577988434,0.40000795693585317,0.42146571481386946,0.31192075059367785,0.3712750098836433,0.3599471976350568,0.3239037623425012,0.35526589146731197,0.42620775679959,0.28409824587062377,0.32428819141580584,0.2930819577639939,0.3437082768053105,0.4077940912405488,0.28231222384703764,0.32237127109330765,0.3147666606253496,0.29080307980224734,0.4457729712915479,0.3060956339174623,0.3056785081397258,0.39970217234746835,0.2885398408031147,0.2781052082706032,0.36583831272320133,0.31231695951199434,0.29508020489822256,0.39614822970602714,0.539759111645596,0.316873096141718,0.43576624401994796,0.3739302379948832,0.31794462804003637,0.4597291892244653,0.3013606310712236,0.312515741346848,0.3237366128529715,0.29474765282227156,0.2906789312603986,0.281829128709166,0.3166700673618462,0.42616797584746474,0.29093058487179896,0.40990335038447445,0.32407476872418634,0.30707382487841467,0.3636140054033685,0.2862773267383996,0.28798794644467984,0.29454873681757027,0.2878650487417591,0.29573116430511937,0.33046437875988616,0.2880347164356731,0.2980937549625864,0.2924025016876202,0.3945692148143391,0.3365228987504627,0.3019121186057756,0.3769720748269957,0.4030041668976989,0.3904294833555083,0.3251422383798997,0.3020885796985609,0.2763923276918504,0.3313842191619742,0.38142166300929264,0.29194155050536086,0.3666232525422049,0.36477448480885527,0.27796610584423964,0.4827410577091654,0.29894105784256036,0.31590114427828353,0.43547595717805215,0.2841818821253829,0.39084398150861843,0.3070683340669634,0.44521460940721697,0.3198265397948087,0.3351854740459426,0.2932563491059761,0.4073934439355332,0.2835407790781392,0.3094094223506397,0.3214573340443567,0.37911307399428057,0.40632756145335835,0.3573710839958252,0.2900490497867501,0.3401599819026943,0.2815187619216422,0.35365974415377066,0.30410146883904393,0.29375573682475864,0.3714933554104851,0.3198943213797153,0.4480397470895248,0.3785663742984722,0.3113016159632831,0.3123616000324585,0.2960387783760975,0.3042788192090671,0.3419903170556648,0.4077842465409855,0.34782002928100336,0.316612862819031,0.3492299005277014,0.4268982466304108,0.2826571488840103,0.3551274486891622,0.30821720688923615,0.2943645488038747,0.28605459754340845,0.40990916067782635
0.5106950760624017,0.5287026583173143,0.612605521219761,0.48758567782374873,0.37896973142743234,0.0,0.5360653329604006,0.47172313427710855,0.4205013784105347,0.5135296040392471,0.5983222857962003,0.5891169003859582,0.619035792203604,0.4203752696405859,0.45971369194618833,0.6063502759457736,0.6024482421675018,0.4716882116959787,0.4937192850151358,0.42590548735380923,0.6311209751752928,0.5637823821728748,0.43770055047830203,0.49798634205770376,0.5088288794561268,0.5350135903795228,0.39557205159453734,0.42475647975127323,0.5594569807773296,0.5528585672939319,0.4327903662716649,0.6243777103259559,0.5047138968014689,0.4335932783822208,0.396569469377052,0.4632825141987228,0.6126150522998494,0.4880766755668797,0.5021296582585714,0.5233296132590741,0.5105887324958887,0.6795708164493142,0.5155925576987467,0.5432090403876256,0.4533999185173829,0.5290128127161909,0.5174142890067369,0.5173224267436375,0.4943975294502795,0.49107963661033044,0.5960997602100847,0.5962676024496706,0.46625406690619153,0.5763852040825665,0.5282269012635965,0.5870834478364398,0.5350832867583973,0.6422500162430624,0.4176136003015882,0.4840751028677767,0.49724189139232555,0.5524744303310307,0.6186426939549868,0.3902650543394956,0.45028720586392096,0.5120317005710856,0.46214414661120573,0.6192222070330502,0.4571625166007047,0.5004460155132383,0.5884819935950041,0.40190332534220424,0.4390907792045764,0.6222286286019973,0.5389222330048647,0.45795017415206024,0.6310691814812203,0.515528796470667,0.4603814040317137,0.5702472434836746,0.7403382594082112,0.4697052932984237,0.610664784828216,0.4942299108561919,0.4963744068518322,0.5040459607231461,0.4916035298470887,0.42011437833556375,0.4446147255016054,0.5158365631699715,0.5744724457924489,0.4286338270164741,0.5275339913591378,0.506701334484979,0.47551941298500233,0.5769348786056258,0.432926794266546,0.45141166537226585,0.41685375466243046,0.458846116389116,0.4236737976387719,0.5484632418781968,0.4240342946468162,0.43996577005244886,0.43435625014668877,0.5663578528072567,0.5626367786418816,0.48193133724533294,0.5428402033574634,0.639960637721964,0.6146413565674124,0.46786597489843845,0.5340909421330483,0.43419179683225556,0.4951711533424073,0.601826333992476,0.4641525399719579,0.4861999688098147,0.63010542542444,0.4346753561977282,0.48788185001690143,0.4707801672022647,0.4936025517433555,0.6410307083662438,0.39987572114510855,0.6079130219312825,0.5033878681659879,0.5797730663715334,0.5093713099917303,0.4655069698127447,0.48652239111384143,0.7080246259253051,0.44869491453204946,0.463350958011183,0.4627309311731205,0.4628406235088016,0.507984841984243,0.4471487465554175,0.3966542272536064,0.4941612488235383,0.4154068291944435,0.6041124445931428,0.4704790394998427,0.4361488505299945,0.5790789291254294,0.4634071581893168,0.5383692082151079,0.6364628560351934,0.4826627102816004,0.5035686488028324,0.4283687208740498,0.46896173150186277,0.4832554899378034,0.5486831552463483,0.5834154000800699,0.5004012612402272,0.5370956639057898,0.6647081902163423,0.3944811848418135,0.6027028095690934,0.5085468546475398,0.4509000361192918,0.44616934126077,0.5633324612962084
0.5767100809308747,0.6052514168668833,0.5198793464954756,0.5487839939162642,0.39440133542918693,0.5360653329604006,0.0,0.4797342423244529,0.46695408962867985,0.5192283762432437,0.6449494249766723,0.6331010147107663,0.5794122987424155,0.4715091600598562,0.6582538824757129,0.5295953271144146,0.5508105718002944,0.5569171423382278,0.5351515905120826,0.462294030684977,0.582114839843661,0.6745096183078769,0.5150988066399051,0.5653407190822195,0.5256822621403803,0.5180723512167124,0.4565250693606509,0.4378832451954646,0.6633303409391759,0.5653592771469836,0.5128342333987234,0.5883373893971271,0.6499948285114935,0.4475553073849068,0.4604812202709174,0.5396218125664446,0.6374934856162922,0.5405941775197846,0.6656860153685753,0.6366107084370307,0.6280254289751724,0.5832302831034256,0.5695188188977613,0.6030313459970763,0.4973526386016541,0.5818868868811218,0.5003951714506722,0.5103090614037884,0.6214787050935644,0.5862872378818361,0.692054143029111,0.5332424748020169,0.5370683752159716,0.6763277441984056,0.6709010141697775,0.5292037107386106,0.60037802500859,0.5765540895940076,0.4748199797801882,0.5768980503468542,0.48586754561628653,0.5499693279894421,0.5553926658687938,0.4347560405232754,0.5262732130400657,0.5122679326308912,0.4944790851946483,0.591751086506117,0.49859060572224795,0.5200495607515518,0.6373162273309843,0.4691003630600605,0.43810930508111157,0.6347439690173362,0.5158757032398514,0.49980828185319626,0.6210687081170858,0.5149284801186963,0.4843440454058781,0.46090397873157624,0.5358956235717701,0.5357617541048563,0.6112974101756216,0.4763487879837798,0.4997379385980704,0.5364085634123815,0.4728984326453008,0.48406050644186577,0.4618141415652236,0.5474863703549047,0.6540870117203937,0.48310249111265424,0.7114462947617598,0.5577284033299962,0.5234963434695442,0.6437815749945802,0.4494731255339987,0.4447912072437798,0.4657793464042241,0.48032831516395047,0.5004192496823591,0.551138099354488,0.45728690132834243,0.4778881020566353,0.47137353817276006,0.5222333932429961,0.525676854002696,0.46402362370680966,0.6587730982526477,0.575083697888017,0.6524767912309893,0.5244891871854981,0.4901324067687689,0.44561617619582417,0.5469416086836374,0.5769153578024188,0.46742009826688036,0.6097062015265297,0.5143611706438057,0.44768070696157264,0.5799949657952029,0.4860275925213386,0.46892004413861554,0.6820621335320026,0.4396865989689368,0.6969655113064978,0.49414978130941933,0.6473980151523439,0.5036286529155976,0.5778712756064118,0.4729972877931984,0.523670777439667,0.4680145341248194,0.5157684852397184,0.5166406320947576,0.5523573339929722,0.5342536576968507,0.5979224065202939,0.4518608115925867,0.6033615621977441,0.46723345650294235,0.596743069711657,0.5331978513897553,0.4718723541047145,0.6324830516491649,0.5037331376588013,0.5996030307899407,0.6061957107212848,0.49439610356668556,0.46288298822526425,0.48211286781808355,0.5267799615100686,0.5943773270367125,0.6079224728874755,0.5740335801303987,0.5521216737175779,0.594425390160808,0.5427653556365585,0.4732993121646523,0.5977956816809126,0.5072287354910487,0.4828616481079434,0.4556852139978488,0.6616821517780245
0.5743855904826335,0.6280904775410702,0.41439152351854924,0.6548183425985821,0.29231697100345816,0.47172313427710855,0.4797342423244529,0.0,0.575043925946143,0.6868232316714442,0.4616293256029956,0.49406205665459557,0.5617479228125571,0.6128912065713084,0.4687774128874988,0.4256894115160286,0.4933794648199779,0.6463690820257959,0.5855331122723662,0.5750227458035301,0.46659498112248565,0.4668143595024288,0.572151054608483,0.4028073789056626,0.6804071567477028,0.4180317604522988,0.6186867295615454,0.6060126620473949,0.49350183975301526,0.41195310433267435,0.5745966052399851,0.5759599382647161,0.5544387812477963,0.564691433277874,0.5341767108811981,0.6132853773701402,0.5156646496081586,0.6449912993338435,0.4648184041934293,0.5176600891846737,0.517791888012689,0.5528791434362375,0.46905924817440875,0.42500207756713276,0.7045481723080945,0.6039432098758073,0.38312520069797545,0.3797541536217171,0.5675183709644367,0.5361023553925099,0.5008092292762045,0.44381460362369135,0.5893606306145961,0.5331324011907721,0.5405296585301498,0.6025688186150255,0.5618531408300936,0.4601358318151981,0.6326694508802766,0.6475839373620171,0.6736878003241747,0.5577308769674342,0.4729446903117606,0.5628539446493482,0.5382790554890764,0.6572360944197992,0.6656706992601291,0.4269916996734362,0.6830791183938768,0.7838227515952361,0.49073535504965743,0.5698039630943961,0.6403382719936173,0.5600694010221298,0.7236186849818029,0.6258949725870075,0.4698965865720137,0.36378457608387305,0.5981425166111627,0.3635748108014937,0.4881901188608579,0.5886990235607565,0.4193704222702888,0.6758023657954673,0.6435326256893287,0.6758619113219091,0.6686599290130587,0.6128120167447212,0.733768582080655,0.6333791776401696,0.4721582461920458,0.6063619531333534,0.4715887628201395,0.5884040327736697,0.6251041387352618,0.5355247806757875,0.5940004302291708,0.6704801214904751,0.5490373672070135,0.7476126900920564,0.5554963267496345,0.6413326635905633,0.6371217258271716,0.6486197486221315,0.65043094470593,0.46778140630409903,0.592666859301528,0.6211742347591149,0.5316746698301114,0.4568241261402361,0.4986760694443613,0.5897616461788969,0.6266006315076194,0.6785974435875037,0.6057154161907986,0.495618490842465,0.6592943417232595,0.4938904475759877,0.4907523640699907,0.6647701148509488,0.40165949612505736,0.6810946312694365,0.545100830746217,0.4523744909581385,0.49609745596198807,0.5073915001829249,0.6336933141388811,0.45017976141235505,0.6206579011345258,0.5658499746916398,0.7095720987388,0.4506667212721184,0.6291093717190492,0.5782446834398652,0.5491288097342649,0.4359813351850828,0.43736852433315876,0.49406719778479397,0.5623778888306198,0.5942026822045686,0.5854101440288997,0.5642667582109134,0.6560408715787585,0.5955293825195044,0.5385026150359429,0.5944503164895357,0.4315747046886535,0.4930551814450565,0.6475857303484929,0.5888573685506361,0.5883865175643499,0.6157916341897712,0.5682726611567145,0.4670299916747518,0.6108173428231065,0.6469151650607363,0.49185839347100246,0.4269296543400868,0.5190530542010667,0.5163854284249387,0.6409907580856704,0.6034999119174899,0.6324389405218908,0.4692958532284579
0.5686803290539061,0.5801455238926541,0.3688459734714001,0.5304590465157947,0.2887937337843452,0.4205013784105347,0.46695408962867985,0.575043925946143,0.0,0.5260617807926948,0.4234614678005208,0.4471097319069314,0.4601248183720387,0.6117383441153307,0.49763406984633335,0.3734764443420194,0.4112414900907864,0.5841474068346041,0.5246117848710926,0.5524155958360931,0.41889721260887064,0.460113933869439,0.473335791408052,0.3781455859493351,0.5595845603176538,0.3697018714876582,0.508010186442048,0.4613897036365363,0.45017790772884286,0.38931669497308574,0.7151832157999851,0.49161858504198497,0.5137331067224704,0.4526671312096605,0.6124324266772134,0.5808456337223032,0.4741934751975017,0.5792463753405909,0.4786094943523403,0.44307148240642324,0.4745580159479807,0.5014642606720782,0.43904391256257513,0.4207477827145453,0.5473619313894,0.48893487792889295,0.3596668995760227,0.3658015194694255,0.5181690221229972,0.523937902461622,0.46439641781324065,0.3944838594083362,0.6074828076555552,0.4911815332191406,0.5029474650962731,0.5498068978625408,0.5097470265317124,0.4099520686326199,0.6147633710412579,0.5516068739272908,0.5368371923895107,0.5165100270636728,0.42231743712126424,0.5721609063525037,0.6294612041764548,0.5447411927500869,0.5882419856565415,0.41294036044799254,0.5518502199475008,0.6047243580092583,0.4886310938516835,0.6169249951701048,0.5785252268989576,0.4667992676941375,0.5348118073286676,0.6054543272239519,0.4133815493370776,0.34070441875548585,0.4842998044801979,0.33926176260722746,0.43436180569240207,0.6989133091847448,0.4023499675688607,0.5062489911392728,0.5381882357643376,0.5566147688095784,0.5940113436935741,0.6613814463017998,0.5440604994976148,0.6216706669924276,0.44114187901052543,0.7574841840171701,0.45664203716242174,0.5481758534870897,0.6260936112651995,0.5306442475678684,0.6451439116643638,0.535457301655485,0.6691066661853708,0.5390034230379261,0.629979923839433,0.5195559216892114,0.5785712362697264,0.5662394710883709,0.6347833738531706,0.3963923981478761,0.4625814479239656,0.4674728776517698,0.4605676898610118,0.41628603216501586,0.4549939511199581,0.568904594466663,0.5419176249803912,0.5713448020359181,0.5034116253857563,0.4167813269851025,0.5355242497539663,0.48606941700069045,0.4094026507612354,0.5951958324993276,0.40080721352536974,0.5675649119154335,0.4790578661399773,0.4222037275125032,0.6488032336660222,0.45315898152644873,0.5369482483304334,0.41398780241334154,0.4763436317038253,0.5540673244005303,0.5911545724462922,0.4030930976367769,0.5639086002614397,0.6933445253527382,0.5724613409981003,0.48487048461922444,0.40806848739571483,0.49009225065022644,0.47875451446290657,0.5853967744957472,0.5985235047389093,0.5280834199355953,0.6580811486167356,0.650497408662874,0.5058493827755939,0.5382165320431844,0.44190623230604587,0.42994440940468526,0.535197407182356,0.46993958156464793,0.6296131819486874,0.6278366164870656,0.5339377528926986,0.4163613133810457,0.4966187025777894,0.6425623293066687,0.44409664641948104,0.37727045701062883,0.5574496975683688,0.4537892466503616,0.506903700979461,0.6529112025844488,0.5957462271722594,0.4629220798334466
0.5565515744566447,0.6769218479282649,0.4461908925058468,0.6524236527819753,0.3043953882304167,0.5135296040392471,0.5192283762432437,0.6868232316714442,0.5260617807926948,0.0,0.4915488613777197,0.5170364259764614,0.6069301631694105,0.5899667271683063,0.47495467938832286,0.45289878047489723,0.51967978152083,0.6072289585866724,0.5612034743166435,0.5188959140060813,0.48556182116852964,0.4941868891643956,0.5606642842655122,0.4202591586536476,0.6708177861548632,0.43329863253621004,0.587317866281507,0.5677831160208296,0.5664399105828727,0.4350236276840707,0.5349193461220557,0.6173514409034437,0.5755601391756767,0.5269704111049652,0.49287302855710124,0.5757966002323838,0.5455738256372887,0.6038482098362047,0.4755738124343003,0.5493226251751013,0.5256895221524231,0.5904116849699024,0.4686765729639161,0.44223138539038065,0.614986907867754,0.5948707083446171,0.4014666240041462,0.3981987869170587,0.5787028744584766,0.5177586444831974,0.5204362007721934,0.4566815616235762,0.5772377711364266,0.5595299047688564,0.5679800156390602,0.6436923993718938,0.5511476002063407,0.482475187882854,0.588963721546207,0.6183535186849319,0.6603067467324244,0.5664096017514894,0.48136759947860436,0.5095063103366627,0.5083520560028623,0.6047953024965288,0.641647347913596,0.4559584717374471,0.6205499991687701,0.6913149426314364,0.5018127440430751,0.5268719579900338,0.5712061107710402,0.5936735700735124,0.6979787479443484,0.607029648038597,0.5074822211416187,0.39151340195230994,0.540738578580642,0.3921550514298354,0.5287254228555046,0.54630702834058,0.45359599184800425,0.6397390505791464,0.5940736168540249,0.6231127494724753,0.6080169129430917,0.5583763001618994,0.6565539728576205,0.6327612993766807,0.48831626502448483,0.5615906077663232,0.49489843596799443,0.5742035132883772,0.6045213980046218,0.5784554879965155,0.5333106156586789,0.5948724395320591,0.5128698328625108,0.6734297326192561,0.5436527519915533,0.6233678665395858,0.556418000701392,0.6003565792488698,0.5634054868068549,0.4808627319967684,0.594971497461583,0.6064862399288683,0.5598226579196348,0.49021818072701734,0.5229925170702293,0.5446101770159357,0.6307908874010513,0.6266805277884752,0.5760926699308488,0.5228393092910698,0.613668026947983,0.5079012829265238,0.5224184886346813,0.6140066291222404,0.4133592082358138,0.6178632592232941,0.524661293310356,0.48673133226948523,0.47291806572003453,0.5583364929756313,0.6138360144121279,0.47492088622268164,0.6219282906263511,0.5583046882411258,0.6835638932093661,0.47565229074344473,0.5993123231510209,0.544892824090558,0.5228158496560902,0.44174219521210367,0.44929757495169126,0.49142943354788965,0.5207762503539856,0.5773725160233181,0.565048700562877,0.6027934416885106,0.6263054398892087,0.5548691513453975,0.5626615171815305,0.5454908749310555,0.44314229541598676,0.5544246786281429,0.6221420225786722,0.5855229190494566,0.5255547441318262,0.6256656555073524,0.5477312468396942,0.5049701242443295,0.6258457276100816,0.6199280174027983,0.5264533051885434,0.4626804729713918,0.5100665857884735,0.5580160295547003,0.703769921018086,0.5709136211912836,0.6012142777696208,0.4825479033737622
0.5770067833811658,0.5519264182415845,0.5994368469262364,0.5028689190798431,0.4139124313149096,0.5983222857962003,0.6449494249766723,0.4616293256029956,0.4234614678005208,0.4915488613777197,0.0,0.669481916744529,0.6411979040343321,0.43579192476341727,0.5647366648709975,0.6461864202982434,0.6335432864088056,0.5239612627479789,0.52980684939919,0.46782118613126544,0.6868965260421988,0.6698616560756274,0.4879378713774123,0.6620086026882219,0.523545570228815,0.619509581352225,0.41580561072171607,0.43816538062145133,0.6676094857030157,0.5734837298619516,0.4680997638064352,0.6079144762275679,0.5629013333780872,0.4587508136042746,0.43884169196187933,0.5065693858649112,0.7325288682713246,0.52750259601389,0.6225604820229339,0.6337192101571251,0.6060831917873978,0.5808118449063521,0.634261643287439,0.6998087369749161,0.48965392066702096,0.5804855547241481,0.5402476281768739,0.6467933354382316,0.591035360287937,0.5687839387950392,0.6848428487550029,0.629203443275241,0.47891311012227755,0.6612714402885812,0.6426675139730761,0.508919944472727,0.6137620345516265,0.6376952965822358,0.4405768075116789,0.5300673227099278,0.48142285393674794,0.5192341401267775,0.6548317663431912,0.41794997516654786,0.4883146930481898,0.5220436314438169,0.46808008059130385,0.6425375614804185,0.48670245121752576,0.5015235487111,0.6571327388143655,0.43880354724667553,0.43170746512475683,0.6603558139066648,0.5147854769166368,0.47339668945029323,0.6646126783096786,0.5516103477105364,0.5008681086506224,0.5277930673592975,0.5929189616806517,0.4836668126521837,0.6206344645651913,0.49472816636177014,0.49653944233260977,0.5320117149639122,0.47570904474198306,0.4401914143211749,0.4391694847162754,0.5044182823383684,0.658983174239559,0.43114454810269637,0.6639066723704256,0.5533326838174777,0.4805303727192545,0.6091461498104122,0.42840900914425456,0.4414373693506964,0.43096805964592944,0.45750595116718556,0.46364131924660945,0.5497178835556684,0.4335482476850844,0.456538233016192,0.44813712627843455,0.5936307195305438,0.5463883461669721,0.4799198971488252,0.6337868037754018,0.726217729680874,0.7347570088988786,0.5071211201232246,0.49505315460731203,0.41865830919397967,0.5553288850459177,0.6269927903093673,0.4615172152762674,0.604612851535693,0.6088567067507008,0.41852162861833525,0.6181936062446998,0.45357979160453316,0.5137815410839943,0.7316388389839407,0.4188145874137856,0.7573722834807334,0.46547264600736954,0.6846653714921934,0.5316598387527487,0.5366966189849692,0.44677174525386126,0.5897223498555153,0.455672717607902,0.4788750214531963,0.5276932938578245,0.5477501011875331,0.6215450562940702,0.5621690988783011,0.4478074093572613,0.5427877381676313,0.43404932085922265,0.5998974660029394,0.47282403671082396,0.4356325815121133,0.6780676819484075,0.4989325869206676,0.5916984288296383,0.5850919411272008,0.5026556771523493,0.4798532742136656,0.4660763041065003,0.47667813398336756,0.5623473103175509,0.5863637835419421,0.5902949642777956,0.5283422498378155,0.6415751901214999,0.6090582650006727,0.4330234299666391,0.6002969796149558,0.4907423877851445,0.46260845873999484,0.4234955009972315,0.7294470800753192
0.5885226469018823,0.5656278622319766,0.5738157398049041,0.5081127105180455,0.3993277298813803,0.5891169003859582,0.6331010147107663,0.49406205665459557,0.4471097319069314,0.5170364259764614,0.669481916744529,0.0,0.5993046821682508,0.43311873551927677,0.553717091412548,0.6201975792515346,0.6489531707540956,0.5411858583455754,0.6003883169633668,0.48870201889955783,0.7045681071059995,0.6128585067350214,0.5324358277133411,0.5911835058713635,0.563040217846463,0.5635547644692923,0.4305472311432853,0.45771632026119113,0.5964864410377251,0.6373225020985217,0.49536851613522753,0.6491239571106384,0.5506480103614932,0.49798119423753195,0.4483588105509277,0.5353959051644237,0.6479091028280839,0.5448595342589777,0.6140787068581586,0.5919662876001169,0.6147606632062692,0.6311221044495425,0.6681124653644782,0.6190212493457873,0.5150249343306379,0.6228109948175301,0.558746375331874,0.5446033368650779,0.6128655580758516,0.6020736423598886,0.6860963116043544,0.6247954279646448,0.4924173254959903,0.6333414013502983,0.6254774024273742,0.5347973430572549,0.6464951626164659,0.7070340526335667,0.451510009279336,0.5607490878691924,0.47478498126838486,0.5385588669216472,0.6440584554832351,0.43597111277757156,0.5027893616467786,0.5351073416061877,0.46078998962640205,0.5716319430476867,0.5076818082452781,0.5224507970013293,0.6167913010736681,0.44570457060109087,0.44014851235013375,0.6511490320392403,0.5406258536029735,0.4861328985200193,0.6085704159000327,0.5148401495194113,0.5309821920390327,0.474985287639606,0.5698511984443798,0.5079530264376477,0.5938275674670911,0.4940881310862856,0.5283899379939729,0.5637969693909254,0.48431927129809166,0.46005319464965855,0.46641907171939956,0.5167442528825793,0.6784024344249985,0.46115456143449174,0.6598918668277904,0.5562878271590281,0.48545009386669424,0.6062508663173513,0.44102053072834935,0.48105440283037915,0.4469054178895857,0.47504217616416394,0.4539641268770048,0.5827579879853708,0.4638472901359469,0.5018022726429258,0.47086444343172873,0.6189770712903248,0.584653718455778,0.5157106696448467,0.639553007060375,0.6507260704426113,0.7486758292800372,0.5364024676159321,0.4861564259729648,0.43690490189467235,0.563694823642782,0.6287343106677662,0.4944764398218797,0.6410291216377165,0.5922051749791597,0.43266453392800375,0.5682633317671456,0.47414999882971387,0.5226729600848127,0.6647951260900281,0.4169734624836334,0.6913459653571107,0.49003053782360245,0.6651681749122091,0.559742306420501,0.5251351797073239,0.4859038584275298,0.5835995416530922,0.4458443846986207,0.4851474716195679,0.5222731599302275,0.5104294548919553,0.6344763175825657,0.5456360762429429,0.4588883954760883,0.5924975261613521,0.43011894988915356,0.6036690115998671,0.49731338231117567,0.45459037607773445,0.6405575693648433,0.550859094412602,0.6019702215742343,0.576067433792894,0.5494561158976752,0.5153894464475754,0.4811013553700097,0.49243789270181915,0.6023232384786261,0.6066894456431878,0.6626137584037318,0.5270353235044684,0.557405337715799,0.588534179812012,0.4195517268149173,0.5821450113957268,0.4911125678879546,0.4742793777787741,0.4444869285716963,0.6507671183914077
