0,1,2,3,4,5,6,7,8,9,10,11,12,13,14,15,16,17,18,19,20,21,22,23,24,25,26,27,28,29,30,31,32,33,34,35,36,37,38,39,40,41,42,43,44,45,46,47,48,49,50,51,52,53,54,55,56,57,58,59,60,61,62,63,64,65,66,67,68,69,70,71,72,73,74,75,76,77,78,79,80,81,82,83,84,85,86,87,88,89,90,91,92,93,94,95,96,97,98,99,100,101,102,103,104,105,106,107,108,109,110,111,112,113,114,115,116,117,118,119,120,121,122,123,124,125,126,127,128,129,130,131,132,133,134,135,136,137,138,139,140,141,142,143,144,145,146,147,148,149,150,151,152,153,154,155,156,157,158,159,160,161,162,163
0.0,0.3171002021380451,0.26877641093410587,0.2897938968511444,0.2558288380972746,0.27644329623947256,0.28982423069357405,0.27607694717593395,0.3392327783190596,0.2888578462675081,0.34288947030463557,0.2854817335232521,0.3976492874823315,0.273861593407115,0.3174778217862319,0.2995647078853049,0.3105557374285303,0.4540943907956809,0.31086746724403286,0.4246155202556929,0.3140405867842049,0.3337655825206911,0.2988841708503992,0.3198973489388195,0.38653400055273646,0.2681175142716255,0.27757626027558485,0.2967703557759943,0.2575416991558636,0.2624152068189666,0.32351673813960247,0.3290223150895203,0.2953312213829516,0.2806351770911326,0.3654761871488095,0.28989111912144977,0.397823621086168,0.3349948928733431,0.25474127868732843,0.3850323944551899,0.28326396861855324,0.31425415385815497,0.30950673092283115,0.32448078140733405,0.32856095782396716,0.3829133333376935,0.2466034476624231,0.30445782689378753,0.39006419506321455,0.3470603835294924,0.3367216837451879,0.2956567847782963,0.2744953885176888,0.2951280358084577,0.29355456449302253,0.2959765128281845,0.41490360639713564,0.2875370969542154,0.29381134029364453,0.33292685015337864,0.2721661323018879,0.23455765017666558,0.30045791164837543,0.2411301165146376,0.3066817286224328,0.34085205791035894,0.33782114256452617,0.3020109194175529,0.2795535780823186,0.31889849301909967,0.3938881806247295,0.30054075260932195,0.31774063873381275,0.3363019343896694,0.30608298975636666,0.33161850140891713,0.25122419511898547,0.2664773513340372,0.2959788572737195,0.22009951058634192,0.2773079205888734,0.3588624961268691,0.29088342597617883,0.28436908709133857,0.33211275363525583,0.3746219894077277,0.31137868687212833,0.31612356015271015,0.3231637321914589,0.29847337690033865,0.3555417100703344,0.3017288679676273,0.3248447538039581,0.35267093901107743,0.322194557323392,0.29907318528658244,0.22380148105842257,0.2766383253552015,0.24261186052432707,0.3350169182576758,0.28957371647828745,0.25516713326403606,0.274581362636058,0.257200996881154,0.3315616677672054,0.30245632868082833,0.2757407918382559,0.3122426711971507,0.33650568234703965,0.30971704017132207,0.31715098540216824,0.36121277578157746,0.3202919019937511,0.2641966433813942,0.34089796354776064,0.3255254614610931,0.32007368022189026,0.31643851053258293,0.25582630127539696,0.2502524154219839,0.294911140313566,0.22960630055617162,0.322846792541607,0.35877491896389335,0.2801561444866558,0.2908474243318838,0.23645403543148083,0.24940137081612215,0.2683545901378757,0.35787123457351117,0.25459350421765903,0.2661979697645884,0.26030147384936864,0.3214144170443721,0.31521387983292704,0.28009990813892194,0.31312072624105214,0.3609668598055958,0.3469309109108817,0.3518792469892308,0.2716430330848045,0.2904858546536294,0.3398741925348413,0.27856227381023374,0.34728174710230714,0.339661314481057,0.28892144856021185,0.259678563211659,0.34591829725701356,0.18991443532066044,0.3963041414248117,0.2796367485033277,0.3547750661423936,0.24094162634321062,0.32332385333185476,0.3747975608588944,0.31858257356679726,0.29191777616641573,0.3185441807473831,0.29129193390700725,0.25649060085746345,0.3519060692388147,0.23363068114397392,0.4379528320150209
0.3171002021380451,0.0,0.2747889966342208,0.2905348537545215,0.22377764537984515,0.3587463302025826,0.2852126964539828,0.3258632979976166,0.2957671539855325,0.37359089042606025,0.2846367139437388,0.3370165633949239,0.2934626187473673,0.30070696001680497,0.2881631537883878,0.27161221614983844,0.28742346783862055,0.2884382694154852,0.31551851566276223,0.31187283056695425,0.3047576789241192,0.3385656423564982,0.28108868399201825,0.2914067876481874,0.3661312152224255,0.23015567287760946,0.25877227946077497,0.26803973404107256,0.35830210224883524,0.24407434632550143,0.33858793722543223,0.3180386987692493,0.34759551707959835,0.27139288743774836,0.3021576647794886,0.29480706674949064,0.29125618727259334,0.30651941905888885,0.2757059716153125,0.3268293671591901,0.31528204223494255,0.3484775122926906,0.22672190923136948,0.27471379377342325,0.339785290883416,0.28233653651652596,0.2702993778974467,0.24124191771507447,0.3039576739745624,0.2809406720725416,0.287915870380978,0.2825929977584974,0.33290216880982637,0.3436668609389648,0.30153786014408185,0.3675950560850042,0.30922611069804334,0.281749444061703,0.293866973021189,0.31705864899741415,0.2960525333668781,0.2246849792424359,0.2575428540706359,0.23257485369025246,0.266254642125074,0.2761603724927713,0.2917316859678759,0.25985336792658187,0.23825277017410154,0.29887956685195516,0.2880605929555153,0.27622230595530767,0.26250302990503577,0.2955220120454655,0.33201185175259335,0.30318332394137015,0.23533948120207349,0.3003103302558814,0.2615050995376237,0.22561227631969244,0.28579703812479534,0.2999774434590832,0.3379655979701366,0.2666309481255066,0.29580562142170436,0.3968964869770891,0.27128406201720573,0.24822124344738694,0.28207275571545937,0.3399212046222984,0.26196826199690443,0.32700077248612813,0.29786460350566807,0.32222891334115095,0.3198813755448111,0.364950855503796,0.26406074386844774,0.3285277527499285,0.23598289155649668,0.3017957404694803,0.272775309296576,0.2310451717166433,0.2246301800523449,0.2832724457814248,0.2802554089578275,0.26175324246242726,0.2583617560760763,0.35859467479954416,0.3142743256187977,0.34987325491827087,0.2965510984321035,0.2752004685009841,0.2929048338811586,0.26296807553268,0.3083111081382145,0.3539551379713387,0.3275925440020095,0.2393642390803547,0.2721329715917826,0.26117081372707757,0.2613614189311458,0.2411191681331014,0.3099880012726484,0.3344952531969649,0.272976637269361,0.34140620167813,0.2596665790597908,0.2818248577162936,0.33624798975571907,0.28284310249818373,0.322090585190184,0.26964365683002417,0.24041779752125686,0.337857155996133,0.2862075422027396,0.25599888134086723,0.2833290704750575,0.30136028229396056,0.29710413572111194,0.2835538098608602,0.2735973913112195,0.3301918023974223,0.38340709380012367,0.28947760850821197,0.32900217753327876,0.28025862258554,0.30999951056024344,0.2783727611501613,0.39136451341057077,0.21851425830151328,0.2711462841738785,0.3396744269522567,0.27079378449187896,0.284741280755732,0.3163340632677609,0.3170509130475486,0.28019871406389185,0.3052253720556752,0.2776986461657842,0.2572127150746264,0.2790373190311852,0.3504982390745585,0.25263206033776975,0.2923421836159179
0.26877641093410587,0.2747889966342208,0.0,0.264245741356835,0.252926403726395,0.3288423812669228,0.23815547532184747,0.2799448682586197,0.23454851835204046,0.3220249765677087,0.30844793830222744,0.290522468534016,0.31865225142758824,0.2128488953637772,0.2569974034719186,0.37576603740437686,0.32340548145420644,0.26860998582813705,0.2466657841758436,0.23125037990112968,0.35388037875451167,0.374181356757687,0.22618978785845742,0.2735307810285868,0.28512559840272605,0.2870359137041442,0.23891439126282057,0.24156205402147532,0.24104076432614138,0.2609173994257792,0.22815000104288502,0.308894529325349,0.24857576434563633,0.22390938065338847,0.20687475927060264,0.23938058670994575,0.2836922996118656,0.255099811159749,0.23603175131940812,0.29482754487753055,0.2450021505618881,0.3323096477290527,0.2566746060559313,0.2538120852139025,0.26775587394930545,0.273846405668608,0.2617956156310618,0.27596221121114833,0.2520637023062335,0.25032141860229323,0.28932126282394854,0.30469900906949476,0.2072407519982554,0.2875779249853161,0.2532097015745647,0.24663938320361092,0.25925333295744607,0.3327743760477398,0.23307152241261983,0.23772498782790905,0.24711821227512398,0.21811528787488052,0.31167863929963513,0.19476260162191467,0.22250437732581035,0.262620870289932,0.2502958287259126,0.3094260354696681,0.262288939071183,0.28315879000416405,0.301185198797079,0.1969849039338773,0.24431387200246615,0.3698789200962726,0.31388073143530243,0.20572800535168156,0.2869271282862777,0.28581338700865755,0.22449415495462047,0.20692742272707462,0.28905359405650094,0.2692506521734699,0.2992368983177347,0.24646341480490006,0.2501583173298749,0.2997462769937838,0.23477929910202155,0.21130747541718817,0.2488834046213109,0.22498328286385735,0.28958915522399326,0.21319802706096516,0.2531325873149553,0.2148999459070701,0.2499884700154785,0.260446303891406,0.20965199537401402,0.2558139091628138,0.18310944468595824,0.2559261302586931,0.1847854270802086,0.25088323181662436,0.2093134696482357,0.2495690032558849,0.24005826399197117,0.32793042393563165,0.27274224471570596,0.26786076580442,0.26993088357381206,0.3058664563432048,0.2748758512621504,0.22914565518591412,0.25289430928998513,0.23652167642970173,0.2313753451332825,0.3140046428112013,0.22941744751654272,0.26620153738013563,0.28721867057464706,0.22803112244556617,0.24656825977952665,0.21514793549257027,0.2205890272777202,0.3023266090899385,0.1811136936397168,0.29323293930494854,0.22623629671152454,0.26288078396591846,0.2717691719622768,0.25019746172944685,0.24897632522121102,0.3994159737303536,0.19310208984375676,0.21755652167153058,0.2495104750558792,0.2079273534663276,0.22105436501621592,0.2271264828995147,0.2651446957431577,0.24530669055647725,0.21354106024530908,0.2554044747602224,0.25036545270545396,0.24948674234111054,0.2625239290925874,0.22138923826607773,0.30608441338013315,0.27713855342947236,0.304119582866114,0.19631397768865191,0.21492932826416425,0.20850038871834403,0.24638087560334843,0.29486024278748074,0.30374927368261734,0.25694172920876834,0.2723816744033677,0.34417191315535006,0.18295377175300967,0.24615582781904116,0.26637638198968394,0.20250376692323058,0.22669781295271235,0.28015318741656364
0.2897938968511444,0.2905348537545215,0.264245741356835,0.0,0.21621025230552515,0.2830802833602621,0.2789493396479272,0.2984258942144596,0.251256356626165,0.2977106267219375,0.2912899962613607,0.28273594419403664,0.2894129651575197,0.262408592180021,0.29916538892402816,0.2668631393217544,0.3045069876553762,0.31694965291684596,0.3219230384542762,0.26823455409637537,0.33084441946437054,0.2629134712922004,0.2738767642064353,0.23119980675482077,0.3194494282882782,0.27025165489602204,0.2843132138153397,0.2888707304023069,0.24935777529580574,0.2165046475357617,0.2845543445399826,0.30424253475028923,0.40164382539987725,0.2850964018338047,0.2637198703185143,0.29997101744563925,0.2807607718702969,0.3094397514439628,0.2729545304285845,0.33922264392011153,0.2953128258111553,0.29008601454677724,0.27078004079898776,0.2836413015044707,0.2946308123678584,0.3355601178568918,0.20091140103006222,0.2444064348349049,0.28889964117112027,0.2955396228755268,0.39490972312716766,0.3124085400179154,0.3072882213812072,0.3887794301204893,0.30742709821174674,0.25528458047505764,0.352479605825822,0.30033034656195745,0.3076064078928318,0.33356702030902435,0.34107143136422474,0.26456008083734184,0.32464438370250753,0.21254790575411886,0.31308063274961695,0.36776312430438035,0.35342397929723884,0.240516104817044,0.2913235080814557,0.31084622519677746,0.29254446440089227,0.25928538243802945,0.2948289170487634,0.42324325156953935,0.3487823727433181,0.2667252337423858,0.3214047424619977,0.2750802841246859,0.29769655251727395,0.20793403554708784,0.28290278407031927,0.37278792777720454,0.2508195890999982,0.2803889452712372,0.3742794939341368,0.2963670587304075,0.31649006200347773,0.32440011385582584,0.3136801124851666,0.25616862454036643,0.30763383809906375,0.2937177795359181,0.2779453632088862,0.2959040311339613,0.34965433195559215,0.2622938677964551,0.2616424115308636,0.28975865039226106,0.22933042712888235,0.32707995628051034,0.253168515798316,0.3127469849142595,0.33398043743223604,0.2720443665860616,0.3240677133286356,0.27726760659383765,0.3370251949623078,0.2681060145818013,0.29789689374835937,0.24942768566467277,0.33623389184173014,0.30425648697199603,0.36181657936990597,0.3335817075237895,0.3178994491515538,0.267945448127049,0.3226163984128004,0.23724105684524066,0.2860825530255634,0.28147260707915317,0.24789298147821306,0.32341302242139014,0.26377122086291294,0.3107557699349605,0.2275262667946954,0.2850312944580084,0.29567609171642845,0.24146325900208984,0.3078405502480182,0.31410764860220647,0.24129025584522423,0.3144613146859569,0.27721145491479127,0.30052286227391,0.2835618952748803,0.22829439053374612,0.19630282959251985,0.28280341000640463,0.29539471154772184,0.32181613375458,0.3430891960942079,0.2759798743769545,0.37367461199061797,0.3102984397845914,0.2890712784455984,0.2676075047014903,0.263007004603322,0.28167411939478854,0.2708542142869394,0.19605230356247147,0.32104184634755817,0.3248332267768945,0.30241785902765944,0.231071996057213,0.3375211993277861,0.3072417784157281,0.2619513474762301,0.28358584662449277,0.3134804410400676,0.2938688955253043,0.30342140317649,0.2825355337808615,0.29892566300381085,0.27870503474782127
0.2558288380972746,0.22377764537984515,0.252926403726395,0.21621025230552515,0.0,0.2059734008662813,0.27896793373307993,0.19087317974289544,0.22237095764034148,0.22411584889047065,0.25061081804187396,0.2195112091970556,0.21556464934258024,0.20925265844632418,0.28475493911566935,0.24196344843797,0.2432011417200377,0.2682261527596955,0.21301906303752877,0.21924214024484714,0.2724040689777221,0.27345787456258236,0.24273796339330184,0.2626368480072646,0.22695892775204224,0.2264563015363148,0.21005867082521257,0.18996418764735343,0.2114887846988893,0.2523184520769541,0.23835919714815423,0.2142604317305702,0.22867960460343334,0.18825549466579233,0.2600783860141776,0.22994912469074583,0.23605966789479954,0.22669833322135047,0.23631318826629552,0.2592221676865463,0.2498942719408719,0.26752093315719194,0.2597649685097733,0.2828147652544928,0.20132750580725772,0.22858081151909598,0.2614842339743462,0.26151688305370424,0.2658243872848075,0.25635449917432535,0.2628290980080547,0.23236853073023248,0.21774069529519077,0.2288341726474716,0.22194341867569653,0.2021514131120476,0.2295613286838465,0.26751244547360825,0.22626736664209007,0.2208210950192795,0.17523990881850998,0.1917310133536278,0.22922585621309707,0.20452843876689109,0.2507064565207314,0.19552027033691455,0.20298919834397794,0.24357756669314903,0.21447528933734716,0.22576793442377013,0.2580654082899655,0.22197275290449095,0.1936917827293622,0.24138315079352848,0.2061858281142668,0.199668019048913,0.21478937067665904,0.3349728097368885,0.19632994747564828,0.19643286502720195,0.23052491263193448,0.2571387365471145,0.26202729691793186,0.17797434349226174,0.21985301979324723,0.21698120097194284,0.20032467944238244,0.22082408526545225,0.1957534752879818,0.18749747466319489,0.32693990925895405,0.24596827742606853,0.28584192894432153,0.1941444099985474,0.23567960352034706,0.21484907461350627,0.16963004034145532,0.2010980248329669,0.20764737125384042,0.1982564993783764,0.19823896691018067,0.19669111291975822,0.21261869609311534,0.20994298370718187,0.21567003970453927,0.22940823000464503,0.2020034591930908,0.22085271412556845,0.2779192621144514,0.2314817625906622,0.24041479453391826,0.24530674989172097,0.1977223240943078,0.21226754190027963,0.20857329865291785,0.2299529835717171,0.20583315066138452,0.24686906887718799,0.20303685857310103,0.20335712729056935,0.31787423054225655,0.1911232088165697,0.19568461842686702,0.279173376461465,0.21220066219556427,0.21907419268045808,0.19349651480103736,0.22308424683799183,0.19815080184873596,0.2463140603377075,0.2022104297917677,0.23213386880507333,0.16677867343388209,0.2179978480756106,0.2172128777300225,0.24478276181844502,0.21425477571695048,0.29548687020982467,0.23574203225218432,0.26363626468976425,0.19560921318903318,0.23074428711267267,0.24880829882212893,0.2273662430037379,0.24664748143860635,0.222507614843368,0.27292829035903693,0.2388416656923173,0.2240038013021166,0.1644677078385157,0.21364754825200796,0.21904333787580882,0.24951975895044984,0.2479780010238088,0.24374709642424158,0.2286609879012112,0.20376884576688553,0.2509667461264628,0.2138020322914587,0.20482263718222263,0.21129820732281926,0.21533219069702883,0.2113134906076371,0.29960723929827493
0.27644329623947256,0.3587463302025826,0.3288423812669228,0.2830802833602621,0.2059734008662813,0.0,0.2438247214114381,0.2963249075173831,0.23879556583083184,0.2864660503375012,0.31785147874284925,0.32058872867934324,0.3704257298490861,0.22238347982423165,0.26944664836076043,0.3316092645021682,0.3065369907250414,0.22435027601293725,0.2579427183981026,0.2582036334841097,0.3080177000528986,0.32247445437891,0.20627716852600073,0.2552201509310309,0.29746722220258487,0.2530826964128437,0.23223008220165198,0.25405300590342117,0.279305237323452,0.23279137163324695,0.2701819686500306,0.336368493866258,0.3238588431960775,0.2414062661925853,0.2346877745245232,0.24311808891623837,0.310496146324552,0.2554161475752951,0.2557357007351859,0.2643948426662971,0.26998534764137583,0.2951533662107884,0.22959433833089277,0.2941322189342864,0.27634698290198795,0.2621804537115175,0.22994170831156877,0.26581135711192494,0.22407294628057184,0.2513397780362804,0.28292554218623667,0.31366387671139234,0.23146710738041656,0.3231727719183805,0.26518888491740034,0.30747219322027614,0.2605506032248657,0.3479425729504614,0.20842212151266112,0.24698526253212974,0.32891268309609006,0.23102151778349136,0.29630689047942943,0.1810289992019539,0.21061276486925187,0.25058918871842956,0.2830761438399389,0.287524579248584,0.2118357576210333,0.26716744523584174,0.29123088893512267,0.20340899047679095,0.24848144933717128,0.31310236332901764,0.3390285920115447,0.23238880019871672,0.27685588219724533,0.2758270320051247,0.2296009478457301,0.2644981480566575,0.3280485831338755,0.2551056023700005,0.2949929537786353,0.2895771134884055,0.2508401309809934,0.30131388626776884,0.27828638841521186,0.21353512873991423,0.28274743590600454,0.278661631220109,0.2710948791028605,0.2584538170956778,0.27047793879586607,0.24625607444825695,0.23658081653426175,0.3318922986656463,0.2316586756793478,0.28104325373911365,0.18505230530501923,0.2828255911206045,0.22516018208026423,0.2241046280068861,0.2068414654972683,0.22562589928189475,0.2470783087463301,0.32435758814681825,0.28654183010750983,0.28876016308620445,0.26060456583904373,0.3171034178789317,0.2847334595440041,0.22008843132732503,0.3296848128549038,0.2597492344899627,0.25919809754038736,0.35045964223556364,0.26127217168130173,0.21045466122290024,0.3286506641771285,0.24040849325453917,0.24019477017642044,0.24557331664889878,0.25958268310716387,0.32073918128035284,0.222150803548982,0.3370661620853282,0.24929388716939013,0.2713435692271768,0.28414192099587465,0.2309849226189201,0.26947517412472805,0.3624615713717463,0.24577613732051531,0.26288360335319,0.26204894888359664,0.22184369995988698,0.25997281171458214,0.23495293621918703,0.2356658357375928,0.23945462784272306,0.2556098256460618,0.2814182654768661,0.2610834265014087,0.23833085437132914,0.2902092339523673,0.22877225542146132,0.30601934914044454,0.3114325027159047,0.2741767622938469,0.19944893729781352,0.23659352161913202,0.2405072342367401,0.22134249981593085,0.25299589034147674,0.31720956992270255,0.2802907775030389,0.2888452803849813,0.37507750753652136,0.23066036274905957,0.27235787312482124,0.24350156860660543,0.2568896479626544,0.21363843217911072,0.27734679701186826
0.28982423069357405,0.2852126964539828,0.23815547532184747,0.2789493396479272,0.27896793373307993,0.2438247214114381,0.0,0.21794867441399976,0.23887421909176212,0.27664606271899866,0.27133349856780037,0.3132727057571592,0.25955984514073627,0.23995139905132884,0.34831330228377355,0.2327596428847414,0.25587921541033143,0.29076481624208794,0.2896409176829301,0.23125096720481275,0.28634133455059146,0.29685308121030696,0.3418057843375748,0.3041177947493541,0.29866773880681224,0.2411614450217502,0.24315315894488654,0.22398209189467178,0.26676686394560384,0.264654036758662,0.27470247444452195,0.2799723287390156,0.310113778437654,0.259696959685667,0.2450754376989745,0.2425730104122118,0.3092889776032411,0.23678222007101268,0.2696788075270092,0.3495549897695248,0.29541139341284084,0.3088491829749608,0.2885810260115637,0.2947898557314745,0.25723309331729827,0.2811542941968626,0.2830163542778802,0.24093717627464276,0.4002629764340367,0.25407388130668657,0.34411736566887485,0.2532974548423075,0.2511455738403673,0.29971956812485284,0.29812984138041615,0.2594459248179253,0.27654290346130833,0.26182339508683516,0.3038121933118273,0.2531668641467011,0.2047841886558944,0.21852529617223349,0.2372096948840509,0.22084059568139736,0.2646108753895816,0.2274077567307013,0.25992579277858324,0.30303543160708235,0.23612764386930457,0.24073520645312366,0.3069439673165048,0.236823619431887,0.21303362897293482,0.303867791493759,0.21061768995228067,0.26818638537576817,0.2974543316426844,0.31634136517930517,0.22386827020698594,0.2113546317149105,0.2646680741016085,0.29951802489563917,0.2958894214711349,0.1890477386806378,0.24469643776120062,0.2524213889689396,0.2221845432540667,0.27605848215369166,0.2493315433474942,0.2331669278760438,0.3139846109685099,0.3488554110839986,0.30805232378282316,0.2546956300023472,0.2754071746967,0.30123602147794887,0.19664814535603908,0.26910105050719374,0.22849018536810986,0.257118514111652,0.23579943810327564,0.24582720034253408,0.26718832084753785,0.2647028983482963,0.23089371961825975,0.25837112995528344,0.22859580634869026,0.2526211616003022,0.33827794480505824,0.29151813537055504,0.3694843251491522,0.26166211214971424,0.23471118543225647,0.22064543660059016,0.23664979004843498,0.2537014518467073,0.2593915128121466,0.29138547255511404,0.2458085637660243,0.2151606536052286,0.25783265126060795,0.2130627281881738,0.22418668104799283,0.3550424235215069,0.21950128571650346,0.29146276568697377,0.21768638426366163,0.26326330621580124,0.2276247641686508,0.2766304902619487,0.21784186042746367,0.22417034408616965,0.19388686589101098,0.235493811209034,0.22378753143677507,0.26013823024686145,0.2515154998912535,0.30027521308413246,0.2637518645452364,0.30851189544643787,0.251704715658078,0.25094501832894955,0.31358473798084774,0.24349637138118027,0.2881441372750569,0.3052269614117782,0.28293919985036614,0.2952927468512285,0.25969368568637896,0.17044665828845676,0.2500673114117735,0.29259508044492255,0.26363367009541766,0.30175415431410413,0.3176145721806725,0.2851023946814449,0.2743306771279144,0.29006628784352473,0.2769912436511401,0.27662641120204473,0.25653245968941923,0.2568844023680228,0.2521672465017805,0.2998379895904927
0.27607694717593395,0.3258632979976166,0.2799448682586197,0.2984258942144596,0.19087317974289544,0.2963249075173831,0.21794867441399976,0.0,0.3013446134552837,0.3101318302066786,0.25477477579099084,0.29343290052956406,0.32520008854219873,0.23418634021154816,0.2575090156169143,0.29120699845593234,0.2815797696922603,0.27179229310027253,0.2722588280178307,0.281371278128283,0.284936707365854,0.25176019996580806,0.24683872601611678,0.22501379443268174,0.3140142849512006,0.24442059121464244,0.30987493444575026,0.28351792351681565,0.21740668466754381,0.2373577264101246,0.34413465225714907,0.3034691277946458,0.29461577712793563,0.264904327319296,0.24802858527307117,0.27395572259233214,0.28743991806347036,0.3080084656925232,0.2525738673255203,0.2815283642676351,0.2606826619549012,0.28486486991398324,0.2514687239540295,0.23063777879191472,0.3772861139782111,0.300374709633643,0.22352178313727716,0.22052255127437265,0.2546226897702025,0.2589090109848477,0.2627291065095231,0.25016779943079587,0.24596941111904116,0.2653188693983722,0.25721460437947213,0.279486783315562,0.2743778292736926,0.34523264356503414,0.259007261416423,0.2730750774955722,0.37810699486303256,0.22333230690671363,0.28587716721108175,0.2143624699869303,0.2282138233327193,0.2740072720144428,0.3020835174014032,0.2355518621464664,0.27347714687869334,0.4189087439534776,0.26166805263487314,0.24135436967411364,0.26757475374086603,0.3177843800341745,0.3800408119414781,0.25178106926760163,0.27810149912705917,0.24397395981342207,0.30911955843384387,0.1880838392416517,0.2553878224920129,0.28134568440786684,0.26950489950112766,0.31457880079248923,0.31311130854261604,0.3737099103886907,0.3988915216766872,0.261390301321494,0.3473854180757494,0.2835530357138538,0.24841334154084482,0.26839854722503975,0.242043591404496,0.24506623472953476,0.2786283196402319,0.274879012364617,0.27670311911474005,0.3162889563858222,0.20372886975825952,0.32849620247816036,0.22682526787092913,0.3204136125806959,0.2459341513873289,0.27054315636212883,0.3105396728052639,0.30314194609904055,0.2980680276719454,0.3214233704768297,0.2763471740653147,0.2524678364316353,0.2397790317407507,0.26327730042671654,0.2945361108549448,0.31130665445275535,0.28077961205223656,0.30971453063125326,0.3121970933139221,0.22050181084125925,0.23263295211862703,0.2587850709570878,0.22308808606607236,0.3553994915096891,0.2392666938023824,0.26823796903803543,0.21637808145146245,0.27286490634881805,0.24176039357054363,0.2987587507266128,0.2826093049339915,0.2679730900262621,0.3268845876812718,0.29181506514608957,0.2747239396867306,0.253694796946589,0.2637020849132105,0.19730456088719286,0.23242770150519926,0.2506369097842662,0.30021639636871406,0.286537169102279,0.25927504378390914,0.24823738497719502,0.30533220184065774,0.27624896212635214,0.27803168040377246,0.26944066638961167,0.28596930080312877,0.27222575891624073,0.32106757030526245,0.20481589200307448,0.2984368729389615,0.2747639581132919,0.247653091783901,0.25019336549000476,0.33853044871926463,0.3138964468950212,0.2483345581171614,0.29931579656027674,0.22082694924865554,0.24125635581321028,0.2609334390119399,0.26691363037741195,0.26148892203568463,0.24209468498440606
0.3392327783190596,0.2957671539855325,0.23454851835204046,0.251256356626165,0.22237095764034148,0.23879556583083184,0.23887421909176212,0.3013446134552837,0.0,0.2507576869423466,0.2407125624576544,0.25799658391590474,0.25347807979285747,0.291193135554686,0.2759849448843517,0.23756235196052175,0.23660535972639246,0.3193515856956787,0.23830802911399374,0.31004220608521144,0.23940838811207307,0.32100697078608953,0.2281228727059505,0.22964988765431732,0.2660624180726833,0.22240035605473615,0.2928319442853903,0.24846964579330463,0.21477913139469176,0.27430364831636417,0.35471564584144066,0.2528264018592672,0.27972239831975154,0.21949619893942124,0.2967586792661399,0.255293195957502,0.25603781720622554,0.333906269695462,0.25088733178050177,0.25259698331378855,0.24564347803942999,0.2960972048155499,0.23727430084050097,0.24708968700877462,0.28738815176282806,0.26805411908787846,0.2205637905851634,0.21602813154208686,0.25598215925349593,0.27715766760975613,0.25070188887094674,0.2315067725760359,0.2760178410019203,0.2522044739783304,0.23726296428876817,0.2976933872151892,0.2807093436093512,0.25404849540058677,0.259961461827823,0.24837482350943138,0.24073367370540605,0.23044859589427888,0.23842821944731923,0.24159109367380688,0.27768972030574135,0.2525918161771547,0.30624707493626097,0.2645701451292136,0.25822110194818804,0.2929193980419605,0.3216372777132164,0.288171032158391,0.28166208966364686,0.25101932778712455,0.29817305851299,0.26216333658480595,0.2134947522399703,0.22022619509631225,0.27167680409627504,0.18749472885217358,0.23241177834890234,0.3655231199238299,0.3153818924714943,0.24592353390417185,0.2759293108328893,0.3529120387837819,0.26673500518473736,0.3078064536778749,0.2833175296589958,0.37208970289195664,0.2830030080287147,0.32231717898903234,0.2540487365258789,0.251113045344071,0.32557250314813574,0.30518891604408754,0.2718518791266925,0.2616751221943467,0.2695048191812096,0.26456868573164816,0.28112859034446464,0.20813225672087854,0.25441763961894553,0.2456491152063888,0.3188883245466239,0.2508916428800031,0.21747783231293902,0.26438702938161784,0.24992949215120036,0.2203285532150375,0.21764592851834247,0.30275737568077316,0.266290821918167,0.3207200122707612,0.2676608388558393,0.2765632363662346,0.26028666619478735,0.2343678285955125,0.19025457957305988,0.27857933816854935,0.26433081729401153,0.25452245617423475,0.2337605479052272,0.27338879192186977,0.3201663088183599,0.24254123624259655,0.23384559504332458,0.23909684533553727,0.21957208227890318,0.3112336912144362,0.3534300053169442,0.2570162832543532,0.25390475471720925,0.35079665767367524,0.25993599818467716,0.2460911871278715,0.2590698054556297,0.26978125085602084,0.2993255606430664,0.3026583602277996,0.2797627335439175,0.2513603202574842,0.3150417029312174,0.313145209980468,0.27717183462867406,0.28208340947010985,0.36182971105922807,0.2413770350657924,0.28377665267410684,0.1863617741838907,0.3169912328860411,0.27270019217766917,0.2671782553165633,0.24171379360185274,0.2617105969591641,0.3198659903222224,0.24127582955808163,0.2526900945508075,0.2897256166998562,0.23164488509244655,0.2260487382288749,0.3018440345867431,0.2752773414003454,0.301264074800393
0.2888578462675081,0.37359089042606025,0.3220249765677087,0.2977106267219375,0.22411584889047065,0.2864660503375012,0.27664606271899866,0.3101318302066786,0.2507576869423466,0.0,0.2502346201989118,0.26873326135467923,0.30231010420401594,0.2579222231237764,0.25947194079467156,0.27098084986490645,0.29054534113223546,0.3158450375981103,0.2674453341814133,0.25229868489031226,0.27524293177494,0.27045449071854494,0.31912136404154867,0.24499716732480312,0.40705471819073463,0.2270520716641587,0.280499774635258,0.2782292414021984,0.30692408006037986,0.23250665736481202,0.29026904950546684,0.3084486854435648,0.24784081986921971,0.2631148497272933,0.25639064038926773,0.24691104596878738,0.2869895703855135,0.25780618674050604,0.21387489624514924,0.31579736855777457,0.23315720547789148,0.3438355425624602,0.23627871483190496,0.23374342587147598,0.29045888695291877,0.27555585786874504,0.23638792668139758,0.22779295251824777,0.3243245027785732,0.22581886056525174,0.26230483560761664,0.2410974363637647,0.24478499522145844,0.2724630444534566,0.2690666169661348,0.3170332479016419,0.25641218259348,0.25629265073262275,0.29473456032128786,0.2559812261568885,0.2771532349117995,0.21233348540334704,0.23264871258075104,0.2116098494496738,0.24522741425877387,0.26157906276131104,0.2749162229570681,0.25402345935646525,0.26598622753296364,0.3221517472830663,0.2484497715872258,0.2566228289353776,0.24083266478297657,0.3110069455553969,0.2952345688062974,0.2797044495932105,0.24659176919906892,0.2921457692102507,0.23107536153083597,0.21843407346207078,0.29721750654244944,0.2695968332860134,0.2978423059791096,0.2614001294141842,0.2833061143672963,0.2974011762541036,0.2729520504233424,0.25542138566807127,0.32044477230455826,0.24897860982531883,0.2500167847559044,0.27035421467561815,0.2560648557719154,0.23801501089918128,0.29343471161100376,0.2941670888791691,0.2000173998245453,0.31165209614398454,0.2156998237255156,0.31255484648921633,0.23197039157740856,0.2560417836068324,0.23955183521113016,0.30878513764132753,0.2424916553535536,0.26049445868213444,0.26383740262869226,0.3996831265376038,0.28952156422316516,0.29808791716810573,0.26194678544071726,0.24755883711545149,0.28983784404762736,0.2883656478821918,0.24831291169973402,0.30304054937411007,0.3161664401274571,0.27893858764393736,0.2746804741504544,0.270521638157647,0.2176734265621393,0.24218033907609662,0.23905526656894108,0.2951799507827373,0.21771445520517346,0.3009684390198125,0.248850591623023,0.23686966499663814,0.3114075763155817,0.2709785673781452,0.333727699985683,0.2605660823425954,0.2294299789705487,0.2328425021982483,0.23936989268307754,0.21645753700060563,0.23895729131684199,0.26640729030936144,0.3059023091914873,0.2729076687653046,0.2549582702204,0.28280657273328874,0.3188596745958436,0.2439658942095118,0.2751361726318521,0.27433441440019035,0.23213998253448906,0.32093458051355844,0.41896138446403636,0.20899917619013247,0.2378698964917716,0.30674235924418913,0.23864063680735528,0.2862373626971708,0.317837457258111,0.28863354594113505,0.24341849351453718,0.3299074231197682,0.2480526552912523,0.27585756365558983,0.36411372166524,0.2848264909104614,0.28119296514855824,0.25241058116479326
0.34288947030463557,0.2846367139437388,0.30844793830222744,0.2912899962613607,0.25061081804187396,0.31785147874284925,0.27133349856780037,0.25477477579099084,0.2407125624576544,0.2502346201989118,0.0,0.33743319109425957,0.3389685071398831,0.23424961496846158,0.2833742628859648,0.3640380781923662,0.33323449101606245,0.30337266925624257,0.3158987615984446,0.28446368710469505,0.3567699044361213,0.35260393715010035,0.2459469255137703,0.31041589886691795,0.32606417988324493,0.2911941804752678,0.2533963698050165,0.2778143997431611,0.29789610213817885,0.2771690474771507,0.2686300480748592,0.3279380595906944,0.2901489924794393,0.23476999294171705,0.2616051222212797,0.27449421396944385,0.37608451576474583,0.2979150491535626,0.31731618312791404,0.31978727402886137,0.28032072558746474,0.28701171155624566,0.3095519864002213,0.3449321126129978,0.2719824114174534,0.27777203626468383,0.21234217068978803,0.38317468373117824,0.3127378355925276,0.2711171189636356,0.3656944789011117,0.28114208695788157,0.23616353733389256,0.3547843337113861,0.3473573139232601,0.222318199234974,0.34326918333883083,0.36838463819108813,0.2658163237863307,0.2724770879894216,0.29398933937538585,0.2054789487359649,0.3434609459992068,0.20557585149687624,0.23042992565556625,0.2779685310876717,0.28296460377966776,0.2916037620329343,0.2803233341040707,0.298189651914109,0.32926668941040005,0.22450087554160847,0.26396988390131737,0.3561413816949444,0.31619024225638953,0.2614754670129472,0.33008022364769807,0.2756192321454935,0.25473821019099385,0.22689006002675752,0.29627414112795153,0.2644382256411694,0.28573910961697363,0.26809352253438845,0.2597070061793107,0.27434115781823554,0.29243539285267023,0.2542464553553835,0.2456971474979192,0.2345721830747994,0.37003685665684394,0.2197068231093296,0.34608276439529007,0.29604675562884214,0.26001558053450285,0.2881922908835222,0.22437669332620877,0.21798521941240678,0.19197687997152654,0.24152591628249392,0.2501289256202254,0.27599394533273325,0.23460226292478817,0.2282853749996763,0.2745427309047224,0.26107471010521954,0.26557311717260523,0.26232542670537584,0.27873616143715724,0.3346921949630889,0.38750766367133144,0.25823080008121485,0.2766131770286789,0.25378128025173724,0.27638197745736287,0.2850413121193518,0.26245318440011295,0.29361282987095266,0.2877394050582382,0.21814996979671478,0.2785869773142155,0.21902824505774862,0.2557746285139713,0.3616037945214049,0.2216168681710582,0.3532222327520727,0.19953649879518445,0.27724539034386636,0.26291174272366574,0.2670454194699479,0.2157644010232264,0.33142499447843504,0.25583741448951275,0.26282179584933674,0.338335616144225,0.24846236449187942,0.2707169756593453,0.2652172169235762,0.29516635212952924,0.30802860661856213,0.28189650619448653,0.28174112683351105,0.2504110078095009,0.25785135538728016,0.3625991397852313,0.23079249731606363,0.2775777221853532,0.26667788836027795,0.2739200952547356,0.1938225625598,0.3387784753758281,0.2610646143691466,0.3430736646924927,0.24509580112539117,0.29362864561899565,0.31530969226569966,0.3178967140689884,0.29997291704642637,0.2593145902646747,0.26615076313073305,0.23478490181551526,0.28212776559595515,0.2112250994943337,0.40146588152570606
0.2854817335232521,0.3370165633949239,0.290522468534016,0.28273594419403664,0.2195112091970556,0.32058872867934324,0.3132727057571592,0.29343290052956406,0.25799658391590474,0.26873326135467923,0.33743319109425957,0.0,0.27571560048160404,0.1945831976649682,0.29940769042225635,0.2978164767550822,0.296878480508793,0.2571020345223179,0.36368503005627995,0.2625738967612065,0.3355661461303317,0.3063084832579814,0.26201331433152464,0.3083461669648366,0.32926453611537404,0.251961284724102,0.2618656124900266,0.24296949272017115,0.27386170875531973,0.3095654521161293,0.29937856952011316,0.3022126105932403,0.3250186746929453,0.26363760484904275,0.22889626177588507,0.2653944217537134,0.3143101659178655,0.27650755531543614,0.3350078398200163,0.31050365396689406,0.3231469079866871,0.27391274718678976,0.2778734552802795,0.2953479821801466,0.29077325754145567,0.31192571802963365,0.2661595304162576,0.27165024217750444,0.28809786282494965,0.26999145597671487,0.345131082988041,0.29869136438560556,0.2321195239767699,0.3530558466520521,0.33194466395190486,0.23895822678486558,0.3293107149306317,0.37037377120990705,0.22845365738219234,0.27933847703587894,0.2364162184679281,0.20208231975755117,0.28838223117781503,0.19634976074404026,0.22097279255772453,0.2482220534733111,0.23748082440621873,0.248646143822646,0.22702506054503757,0.24978919630368177,0.2728288335153706,0.20988711230247856,0.21157895705070384,0.3040326195303111,0.27597016713287886,0.23802518270663478,0.2678138222292968,0.29124647992405317,0.2617603959122319,0.19817784924288154,0.24850620465631093,0.2694195461661689,0.3133773986917339,0.2216041991185404,0.26501781915854306,0.32309644195604087,0.23189989473315428,0.237567446702055,0.2815384091210384,0.2634336534511623,0.30402114718858647,0.2622174046083781,0.3108898472440373,0.2729701858601115,0.23262807992571202,0.36019368918268785,0.21588002934316133,0.2673502327435037,0.18381147829216443,0.25560700030301997,0.21477660007534716,0.24471518670251213,0.24545643860843497,0.30028955745385927,0.2478192374349632,0.2957556317596193,0.27754204644928954,0.25967408494511557,0.30195101710362504,0.33345047367415026,0.38032605169616923,0.2594649019630352,0.22902785761678138,0.23863870763211417,0.271844267099511,0.3211759213585755,0.2628660302940751,0.28639604091352866,0.26676184475776304,0.20165844486742862,0.24501735295523067,0.2226655927293357,0.22547907179675808,0.33974450918470633,0.18793742995939683,0.40621825675594303,0.20038184531522502,0.3195125830846583,0.2787788576955243,0.2522799459144811,0.23631427115743273,0.2682545681273186,0.2064352376998445,0.243336293239259,0.2592781608507896,0.20638108816508446,0.3055502134338327,0.2703011058947815,0.27213996648791255,0.30322661234176157,0.23481907985946798,0.23929811237842114,0.2781166134349406,0.24545691229371172,0.30141320673020966,0.2836508802308492,0.35782153069849204,0.2809000783807257,0.30708529186262024,0.18911783856921033,0.27534934499423275,0.26469279227959286,0.28779107093957107,0.2842687615333782,0.3692339694941004,0.2597693014280122,0.28334248206646295,0.32978061069605197,0.22340467893731225,0.24037936409850433,0.20743025415366056,0.23990721688712455,0.2080754362705928,0.29544766417784746
