0,1,2,3,4,5,6,7,8,9,10,11,12,13,14,15,16,17,18,19,20,21,22,23,24,25,26,27,28,29,30,31,32,33,34,35,36,37,38,39,40,41,42,43,44,45,46,47,48,49,50,51,52,53,54,55,56,57,58,59,60,61,62,63,64,65,66,67,68,69,70,71,72,73,74,75,76,77,78,79,80,81,82,83,84,85,86,87,88,89,90,91,92,93,94,95,96,97,98,99,100,101,102,103,104,105,106,107,108,109,110,111,112,113,114,115,116,117,118,119,120,121,122,123,124,125,126,127,128,129,130,131,132,133,134,135,136,137,138,139,140,141,142,143,144,145,146,147,148,149,150,151,152,153,154,155,156,157,158,159,160,161,162,163
0.0,0.3486916887476022,0.29998115379688656,0.3250032529014652,0.3037622123569668,0.3243016712199477,0.3212754318713213,0.311656125041088,0.3886390699136184,0.32365424948410754,0.3977428746730728,0.3255718788381693,0.4432941454352136,0.3205397191008381,0.3521869952135738,0.35905296003460885,0.3596707658834491,0.483547961084588,0.3227937113623913,0.4914776713834823,0.3532886878743695,0.36170880090196667,0.31055672188039996,0.3562387681013732,0.4424713858853483,0.3095127616326034,0.29171709574555227,0.33322026918530673,0.2928519538950558,0.29315852196295467,0.37734733872206133,0.3748002345745654,0.32232335548353735,0.3324037064437942,0.4370948811549569,0.32843430254963285,0.43553934503743325,0.36684640826029513,0.29206783798015706,0.39727649078550153,0.30437866330514635,0.35893565781430037,0.3558121316017761,0.40726691671008003,0.37310238038858035,0.42137307092059917,0.28326047525141557,0.36368079303137535,0.4046206843759516,0.3787372493094926,0.38322615967919055,0.3421409839013412,0.3090424206742074,0.3255367868141939,0.34191022380131353,0.3473934296059711,0.4521782441759539,0.32681858106199585,0.3421127705250331,0.3669766955290977,0.31405167446967,0.27564668875085335,0.34360146481884146,0.2838463164427947,0.34923591833362433,0.40079575379544713,0.3970445775415691,0.35236920606303035,0.3056545375112973,0.35691923402207176,0.4529631922690068,0.3499141782163472,0.37419410942547293,0.37172067322283836,0.3462834764852413,0.3827735319502683,0.29333041294450624,0.30610053707794377,0.33539398082986677,0.26864169505590296,0.328695649024415,0.38163271557937656,0.3429317386144749,0.32766811946846985,0.37620090166118886,0.3999243488814784,0.3518443634792983,0.35541287472103467,0.3660023843810219,0.3636142356188327,0.39513921994559625,0.35087694769805094,0.3662280967427283,0.4038409269056449,0.36943349522824287,0.3422896864033064,0.2558485684980231,0.3256093932789632,0.282667810107069,0.38206694500817445,0.3522446016548841,0.3006222162268224,0.31395512074538445,0.29031749214245367,0.38230644837923905,0.3516108386743415,0.31627805747275,0.35588726923938696,0.36306331967483224,0.3580052908185273,0.3650886769266591,0.40252246390242263,0.3748830958230083,0.30672188387435223,0.3877143328174164,0.3622635911663344,0.3741606541277171,0.34780592602061877,0.305180734473573,0.2920762983151151,0.35001151015302817,0.2609279957298205,0.3689202131672335,0.4183570700003048,0.3303669443247696,0.33300775590272685,0.27062810104115315,0.2997332689900444,0.31589917993567523,0.37035343027225254,0.29479063325787835,0.3022038170585028,0.3091308473692171,0.36641923603823373,0.35509403870809614,0.3431944537549883,0.37520621125758924,0.378647570489366,0.3691033352504713,0.38103852417148193,0.3186511178320677,0.3431564682647012,0.374296600998216,0.31336748664171926,0.4005062582271401,0.3673330718063719,0.326702367394802,0.2957385197869786,0.3784948307737151,0.22879625973135204,0.46253682259103335,0.3247974774312512,0.36101376717763645,0.26885257568313337,0.3705054749531784,0.4373826736159327,0.33000305786684286,0.3521669359634859,0.371286978865343,0.3398692442949521,0.2854813690301119,0.40730527190910326,0.2653653078228554,0.4983629532693619
0.3486916887476022,0.0,0.3370266715087618,0.3467800592352514,0.27164160855646924,0.3964513903151882,0.31832711423467824,0.3624833339974793,0.3301084542553912,0.39968802225069583,0.3436020540288814,0.3773941512502562,0.33305364087153266,0.35578635471041076,0.3347293490011241,0.3239580107888088,0.35084344283073393,0.33719116835569013,0.33558427287588727,0.367047427715989,0.3615063250653861,0.4179432186940097,0.299323683963377,0.3500430523740096,0.3905564339224804,0.27386095357644336,0.2756063609258415,0.324823201462329,0.3951214564312596,0.2658066209917338,0.3638600168650514,0.34105897907611843,0.3929364738207503,0.30859588989813486,0.3521359910907992,0.333206815362118,0.3152016492192235,0.33940713198347794,0.32596902667705707,0.3654180098059104,0.3644004127106808,0.39372504045002604,0.2637666075726457,0.33195188897568406,0.39239162727366467,0.3275729339312116,0.29197672717057505,0.2847111476581763,0.33334149144832526,0.3229078128754739,0.3314903528422314,0.3370915707411227,0.3795521024143311,0.4040620871685194,0.3416262961328334,0.3765843147285457,0.3593305579451327,0.3212118769872772,0.35122644990275453,0.361649635946173,0.34486794639954327,0.25222122178946527,0.3076251837267253,0.27293600773891324,0.3138679995437382,0.3379861226059931,0.34226237290000205,0.2927003776674562,0.2743960319188502,0.33893133734226827,0.33304373336361603,0.32183448652496327,0.30563409261762414,0.35417605246148887,0.3916660635409936,0.32267973755402657,0.28032788099966993,0.3410187965098157,0.3005279065083229,0.2541222139741878,0.3252400973603032,0.33241440858518884,0.3887436884648185,0.30413708432593084,0.332749942500278,0.427347931025612,0.2936595410676396,0.2709423718602467,0.30797056473961926,0.3845027475312599,0.2984554358468631,0.35155979453514147,0.3332198686658861,0.36508991019430337,0.36830405906194125,0.3895107466293967,0.2991763921647369,0.35892953705733266,0.2638959349023746,0.3525224891076628,0.3190465709896171,0.2653352794548763,0.25445279867118376,0.3154844114569715,0.31566759912758136,0.30517659400852404,0.3051798800955563,0.40705438517879966,0.3542499172893869,0.406866237818689,0.3480087771330872,0.3044766605869889,0.31886381577074147,0.2977861064164468,0.35870094383704315,0.4182817626624899,0.3622980398481754,0.268141922667782,0.33416352907618435,0.29222045980095995,0.3151054020339148,0.26125516488053724,0.3385905166802884,0.3848150755302753,0.3004357038634957,0.390630879412582,0.2921621640350592,0.33147505758801676,0.3954079805705208,0.31324321227188234,0.3474556567203151,0.32103974023084414,0.27030314383754267,0.3865562531225318,0.3384083873086738,0.306330767228213,0.32008200059795816,0.33317685600909197,0.3421872467757001,0.306909696553732,0.32666575867013037,0.37041262659460245,0.4186221799433496,0.32299181382129594,0.37305309010022425,0.29682329370431026,0.34966403750226843,0.3233409969602061,0.41488004640898063,0.2601353949275811,0.3156139165094999,0.36835455337452727,0.31129252878602665,0.31941780349497173,0.36113852245777467,0.36108597329652503,0.3092292249962361,0.3640523310739389,0.3154506989561822,0.282620673265937,0.3197725833938015,0.36804556000793875,0.27853630230321996,0.3502139951255871
0.29998115379688656,0.3370266715087618,0.0,0.3235282355419629,0.2873020700162512,0.36338801193142,0.2685625772380116,0.3341003326676415,0.28047061984456023,0.36829977994608876,0.34466114956173494,0.3339630079482323,0.3497284998040093,0.2624923205465256,0.30095362774803175,0.40175969949627915,0.37643072092895596,0.31483896392149163,0.27374747379350994,0.27848378358395004,0.39371044845232633,0.4264495330755163,0.2513456371815401,0.3023471624240255,0.3162019519437474,0.33276939543822415,0.26239201814488305,0.2912417286052429,0.27513101924732397,0.2680108505940027,0.271312990459576,0.3397940674687959,0.30308971316995664,0.2722020949679208,0.253341861774949,0.30016047447484945,0.303094628326082,0.3027034055564884,0.28118809786268,0.32862903633579055,0.29925963262844174,0.37146797965515055,0.2890821464167897,0.2981055487770791,0.33098082395782197,0.3234284693251539,0.2906977861847992,0.3044679251085779,0.2861317544616276,0.3023455069990643,0.33412151929584727,0.36488484579016955,0.25138207192918777,0.3490452706341127,0.3073518500722606,0.2879783089209,0.3044326586357271,0.35364120867057514,0.28571887156258124,0.2917265528431618,0.29412891205384634,0.2615162673018048,0.3686024264327801,0.24517729135950686,0.27130057589195516,0.32172856322025933,0.301530043811267,0.3328243165903664,0.30780606769482816,0.31665086736763404,0.35201384257910123,0.2437797816563433,0.29285704841226573,0.4284131481150446,0.3765013945233505,0.2345216287491447,0.3309204010603459,0.31508333197728505,0.27186990415819123,0.22506389523834996,0.32565795465568176,0.318016190254428,0.33227637460387993,0.29538845395177565,0.29711533263716366,0.3640128111831991,0.2616552903197324,0.24406608591475346,0.28703904266733066,0.2796799494208948,0.31970496928487563,0.2573405020853393,0.28927779082444094,0.2543718523109696,0.30851473678250296,0.3031037157909039,0.2604143562121498,0.3153829017497576,0.22408020013576715,0.3181360183129971,0.22642437348291783,0.28825998570869055,0.2485129740326177,0.29408308377776177,0.2921211867519021,0.3761643670089189,0.3253919718963194,0.3095353555551385,0.30846501387988273,0.33826312133594,0.3158613303696859,0.2740021612536444,0.2941137978314773,0.2740025436987034,0.287276120535707,0.36410855860367547,0.2689997577348845,0.2925088090480685,0.3478632259323967,0.27645512729792293,0.2912495779694704,0.2522609850907036,0.25916508261358145,0.3375271999466141,0.21501428291973643,0.33678769657548474,0.27524516112736375,0.3106334034379038,0.34763111185298756,0.29714865216723274,0.2920495202154058,0.4459778475474682,0.22558789779173763,0.2690051028364979,0.2956689104927385,0.2520690262565228,0.2506805027460063,0.2670924952550027,0.3104285297463424,0.273110096375431,0.26137093233162695,0.29975679474037153,0.2984938114918141,0.307047436956199,0.3034866904243718,0.2559961941670549,0.3609359235469102,0.3124493380741617,0.34583308071810914,0.24437185967284253,0.2562298808404993,0.24584368085635036,0.28143359540874074,0.33122602092014525,0.347914346654515,0.29708623566706566,0.2863820100760493,0.37894215000136666,0.21879907075096133,0.27642583584736574,0.3184870841820443,0.2334663610343002,0.2621030248859985,0.31255224755170063
0.3250032529014652,0.3467800592352514,0.3235282355419629,0.0,0.2658703171762208,0.31827666179098113,0.32423114673331194,0.346620194056841,0.29112380812370703,0.33012894549233085,0.33472751209096774,0.3364565561340469,0.3358576963330163,0.30723587128623947,0.37389455052764536,0.3203841114896734,0.3736968109201646,0.36871597395601446,0.34189173275437745,0.3148041463174429,0.38298916217767176,0.32632323470770713,0.30667632004428436,0.28987003036497133,0.3398611974162743,0.3162930685602788,0.3267238857323368,0.33824936846306675,0.28446713525082884,0.2515980777948775,0.32454528637330055,0.3330979638888742,0.4585294502447908,0.3291725653907509,0.30169040828999527,0.3390117740438084,0.3078914239942274,0.34205070177909447,0.32940561780241207,0.3940871683213189,0.3439564258170311,0.33282055388115567,0.3092034133381316,0.31825195848996923,0.35572100352518315,0.40440286635895234,0.2376167230205968,0.2744900759846049,0.31906976235301404,0.3450391744766729,0.44631030440267894,0.36157051932164136,0.3554128633539169,0.4364286247034522,0.3519314789528059,0.2829603937373112,0.4067700100351863,0.3448897952981564,0.3560513320338557,0.39828431474451825,0.3747819275269937,0.2962563630768843,0.37090130231281365,0.2506206464510243,0.358294106070133,0.41163656262404796,0.3971048657315895,0.2731439065134829,0.3221903423959362,0.33815525576667677,0.32925474997241855,0.30022494173610764,0.3229371927970714,0.4957127505420629,0.40017182713851474,0.2856836858661345,0.3698261581087376,0.3303287367382923,0.33737597087332005,0.23140069103024669,0.299333450639532,0.40909038239856527,0.2977218796707707,0.30370308863014195,0.4043169956377114,0.341979078104704,0.3183058505602009,0.3436586147171302,0.35644821769380003,0.302294799779308,0.34554984133556105,0.3302337957871346,0.32173790470961805,0.3313862835071607,0.38662565852438174,0.28716488007566826,0.29408799317842405,0.3206818549771714,0.25836357915259206,0.39233805989615683,0.2890535558373876,0.3458230624202435,0.3415609609920175,0.2934488213662362,0.36461515363087565,0.33941088717695006,0.3952956643499022,0.30451153183639995,0.35868049660081064,0.29719691485447813,0.371600482869764,0.33310653817785985,0.360487554337585,0.36337598552813377,0.37031798900762875,0.340720635527322,0.3471776474094283,0.2674497408913476,0.3190768613517486,0.31083342361275396,0.3019511893193698,0.32675658776270294,0.28707563254299795,0.3599138483666091,0.24628990137347556,0.3263572730727866,0.33018613377543676,0.31102414498528175,0.3499634542555566,0.35367015928466866,0.2774583838797208,0.35866146094007684,0.29741998202371794,0.3328368045395392,0.3146078342379335,0.26113551293951254,0.2335951528692656,0.33115110436480993,0.3437282746053331,0.3468439862537252,0.36007256290657436,0.30682416259468676,0.43012386773270916,0.3423142868120374,0.3160689856027267,0.2936949748683131,0.3162133772499881,0.3288434038482494,0.2971262127963866,0.2332604896749358,0.3483101066856826,0.34511091567031793,0.3488912282177585,0.27994134533929405,0.3731721919010559,0.3399426081468443,0.2985678160642954,0.33491553113599604,0.3363407296753377,0.31697564310607246,0.32617016177666297,0.2949300551951452,0.3091613577783708,0.32409392197408526
0.3037622123569668,0.27164160855646924,0.2873020700162512,0.2658703171762208,0.0,0.24007653276087879,0.3344579398560802,0.24332649581077456,0.2778310825563753,0.27772549715483685,0.2837164724597675,0.2643561109009233,0.25891879480035085,0.2668961161420239,0.3418218234224649,0.29345630911469056,0.2975529382568252,0.33501640508464187,0.24398394006623714,0.26697505212413136,0.31701971409307644,0.30862267676141864,0.29840155284764447,0.28938502253585824,0.2759136323598757,0.27218256415406006,0.25860330106139867,0.2303032064781441,0.24979003496847427,0.2976054775931313,0.3008046676583933,0.2591494148519438,0.2818852474825435,0.2355015648071,0.3330021477308509,0.3040633836671242,0.277157823267851,0.28873136573698016,0.28537847903332986,0.3006570334385124,0.30893694619329665,0.31346103788176816,0.32253367114190407,0.34565190128970036,0.2567721636429648,0.2914358395626096,0.32157740006262486,0.3030141824062995,0.31878196165026573,0.32703505518717024,0.3194474116570176,0.27726876658076693,0.27790108353608994,0.27204399469841734,0.2787289823984521,0.251128878763947,0.2778349098634359,0.3182092264947296,0.2873806231292257,0.2844723712068639,0.2113500894609412,0.2522863268053793,0.27380496014444866,0.27277912499075746,0.3093601759222983,0.2440401547035777,0.25009312449811044,0.28571586342997585,0.2697584443849309,0.2754663546596071,0.30847692894602663,0.2925775622689127,0.23549662389521903,0.28867377871485433,0.25422129267471455,0.24296731668449464,0.2581444742780573,0.3837637439912322,0.25756136618038405,0.2257773977077017,0.27332758284348924,0.30478504686576613,0.3203464332513666,0.2226025947689208,0.2798962412770842,0.27045527028345145,0.23986329370257614,0.28071971804065776,0.25086557137874527,0.2397244385902107,0.4099797900969961,0.3234758234474795,0.36262279314964446,0.23371214416401284,0.30058960193541884,0.26351375740573796,0.20765591160854852,0.25655088739047627,0.2672373218524299,0.24960034090464625,0.2510111076879984,0.24593732676068358,0.27798658320221664,0.26900859512352054,0.2793018886575421,0.2953272116161251,0.2573888202966418,0.2795250362955108,0.3532248086580774,0.26908716548155626,0.27884990103623974,0.31903877646223633,0.23802616395656515,0.27081347735824274,0.2715102051362633,0.27509984762218537,0.2559440076103887,0.2918777830917059,0.24547923112874115,0.25684985039197117,0.39867669799592775,0.24378093124156558,0.23556355866553777,0.33323477732825485,0.2584214658602367,0.2635975289313465,0.24629251021544443,0.28371652229579003,0.25552560687732706,0.3038480293583031,0.25647539754636833,0.26857658758934094,0.20575385085352868,0.26240736230917694,0.2566076598288523,0.30421755368820375,0.26118857347101004,0.3613447373388828,0.2911208886399415,0.33203242388781656,0.24425373439802814,0.2899805276588794,0.3105267555847895,0.28806122612896445,0.3049914824132405,0.27703727298542324,0.32078239061666053,0.2981606861749174,0.27847918467094923,0.21444538100317337,0.25843333022642395,0.2766057138089307,0.29646435083387096,0.31199302379900173,0.3052886692769288,0.2848333499512874,0.22402320653583688,0.3083711898143853,0.2605079386396579,0.248962392806556,0.2601031321137041,0.2610083326185236,0.26615923778209727,0.33818148337200155
0.3243016712199477,0.3964513903151882,0.36338801193142,0.31827666179098113,0.24007653276087879,0.0,0.2556375928512803,0.3386008936697017,0.29237081447778596,0.30980181179029476,0.3621066844643218,0.35429892999731655,0.39688488499642904,0.2594324597437661,0.29519816512330604,0.36694650483792296,0.34841044847401453,0.2599731511248147,0.29380000425077824,0.323626406418012,0.3572409151816529,0.3620540734999579,0.22234840155416158,0.2902903556923031,0.34053410879127305,0.2779141868528005,0.24433968175641524,0.29789078354519133,0.2924705557550777,0.2587685879545428,0.3111158260633132,0.3689189251455579,0.34642926679498004,0.28062094747769134,0.27989615783341826,0.2815037714766097,0.33529828232445025,0.291377529377413,0.2928740481170542,0.2824675298183453,0.29398589530528657,0.3543616066348516,0.26562172978838305,0.3428665139724257,0.31259035651065914,0.294206471743788,0.2524821149587409,0.3114114327401063,0.2485236713500215,0.29407541466245896,0.3180677642380695,0.3501159799177069,0.2714147192650407,0.35092937831684917,0.2924017862832353,0.3521037156424737,0.307676948503885,0.37830553507868325,0.2476582545218604,0.28055304728480757,0.38900044368025993,0.2687313361274865,0.34702727566812436,0.2175853691314584,0.26259270623529674,0.3171304439421561,0.3317949328427872,0.31735816435471276,0.24435474129568102,0.3080554371263529,0.33255283412945374,0.23845707377611092,0.3139212779960102,0.34873328922076985,0.40695523549517004,0.26838886505606524,0.30267808721215583,0.2889010616789903,0.2676457672303568,0.3019085464399461,0.3786637031664914,0.30143237333877476,0.3265118236321206,0.33105439402657044,0.30359990442628165,0.33375757354478913,0.3339353435328163,0.2437062804388642,0.30928477899456863,0.33049056433108487,0.29535202827708035,0.2975564713326752,0.29153815686220774,0.29621304251043334,0.2809974215484846,0.3587299231327703,0.28070201098394576,0.32471464531376343,0.22087287301320263,0.31736132346036766,0.26659133785906136,0.26509415804008574,0.24412398882497863,0.2583666114381468,0.2951313981369729,0.34816323536113863,0.33590236931951795,0.3348880126622226,0.2797364949380084,0.3696802877263505,0.3245732662865224,0.2594731364387444,0.38767084803978763,0.30056814457542597,0.29615119626204234,0.3731654094619966,0.30955285073035854,0.23910070689759194,0.3840195442511448,0.2725728214167264,0.2749687013681722,0.2683565814652964,0.3187393700523157,0.3467301497424233,0.2736798352983121,0.34754873886543525,0.29079795176560386,0.2976445150006113,0.32951947467029963,0.2553912717778571,0.31555203008033494,0.42521713743184764,0.282858522330956,0.3175013927623544,0.33112177759138445,0.26972394435101443,0.2945850217465244,0.25577318007527516,0.2674865179971788,0.2715435780992253,0.29875494354249177,0.33214843923837256,0.2991476262663854,0.28561895588125413,0.3337649455871437,0.25866462844271654,0.3440854093473555,0.3271719620465775,0.3154845631952907,0.24699248854255357,0.2915558620991451,0.27580780854085857,0.2546757385114614,0.2691535613440714,0.35834844770968943,0.3347462863379341,0.3107690156637331,0.40343656094414343,0.2626064373587038,0.2946397093865772,0.27158257468856717,0.30491747453576057,0.2503076567154103,0.3246121039829765
0.3212754318713213,0.31832711423467824,0.2685625772380116,0.32423114673331194,0.3344579398560802,0.2556375928512803,0.0,0.2544915381543705,0.275668995304265,0.31640062603634106,0.31000313097033,0.33787565108991524,0.3013707900931551,0.30111779769177976,0.38459603364169626,0.2806046858483377,0.3017448470347695,0.35169976202040565,0.3097978078075976,0.26629912562264085,0.30744358292407137,0.319180478911191,0.4053730246788301,0.32800951298820147,0.32715573282318045,0.284938369922994,0.2938345114901131,0.273827194331928,0.3037699496468346,0.3075436373764302,0.31311214367210466,0.3251373912847236,0.3445795330799095,0.3101860788081426,0.2929837842336998,0.28619839181708373,0.32559766194788226,0.2819520159029606,0.303107669022746,0.3874368515730845,0.32558166150674456,0.32805752890584117,0.32706934390887277,0.32515954700448707,0.3057365964485391,0.33157170198179914,0.32106080819388527,0.2700952721151468,0.46589064734933805,0.29361227662816486,0.3794959174434438,0.2781122253647557,0.2907215689066112,0.3203935012145074,0.3579209524344269,0.2865871564983748,0.3141137702460401,0.2930903062359849,0.36994456054330266,0.30716372586832186,0.2327168966897961,0.2578745879960938,0.26596147594381364,0.2786124851100606,0.29681984961380686,0.2604055488858614,0.3032419691385208,0.3190926311383828,0.2857737641380822,0.2748459042731182,0.32480285210113935,0.2912695499752319,0.24710394731483667,0.3446977826977855,0.24599543353378492,0.3084266933175942,0.35338633288006654,0.37125812673455133,0.26870630241192145,0.23887457990629538,0.28360372775382875,0.31561294375434756,0.333413446680478,0.2243531510021745,0.2856945313465177,0.28807382699235595,0.24573541874710128,0.3258069614226589,0.30119642057167156,0.2691904738816975,0.3566690699499419,0.38172448492941435,0.3656427891080893,0.2899263933185372,0.32015637251119383,0.31223906798220336,0.22079458716861178,0.2993496146141008,0.2738787345581644,0.3099964388245689,0.28267985700931547,0.2875302951704452,0.30471513462701744,0.2932180643900269,0.276897032128375,0.30411598688229463,0.26397373742754215,0.29409736286287164,0.3930663017243518,0.3052226278317736,0.38107417070533195,0.3059423430109925,0.2604207981426958,0.2661873394633752,0.2897351014721207,0.29682983824517634,0.30165244017546683,0.33791938100806634,0.272050296702662,0.2551104239210011,0.31270314966020585,0.24140762693862577,0.24887295724918465,0.392993054765005,0.24903107558497836,0.3276507528418478,0.25341725434331497,0.3204234666635108,0.2690582286448904,0.3215475516603207,0.2574914524388841,0.24948864791715156,0.2310286515346193,0.262002712509485,0.24370277075119526,0.29281864283393794,0.28416372145489105,0.3479116532725764,0.3130453875939748,0.34167744491563007,0.28931691053627623,0.2922785618066083,0.3512659245726876,0.2784705100923196,0.3174385231702925,0.33455248673517335,0.30339390374553676,0.33680087716729734,0.29111443935106124,0.21215047488049066,0.281869027019834,0.3366644709785516,0.3001886633376771,0.3479025898723691,0.3423021343507765,0.31409156507467934,0.2925171743741286,0.3272417259841635,0.32119921536844387,0.3263771537346182,0.2945652416916495,0.286541933169201,0.28032099349818435,0.32339560107318494
0.311656125041088,0.3624833339974793,0.3341003326676415,0.346620194056841,0.24332649581077456,0.3386008936697017,0.2544915381543705,0.0,0.3467536424113603,0.33869101962803344,0.30506500923147206,0.34169375286265463,0.3538527857393403,0.27578784691772285,0.3103585144598585,0.35367779599214066,0.34565346510391537,0.31977787423258597,0.3014859371422867,0.3209225558884654,0.34368320983274714,0.2998627444230301,0.26830428191704647,0.2587369134981668,0.34252528051708947,0.2901578519328822,0.316493274716855,0.31932895588925203,0.25127830334222817,0.2709102518617024,0.38635413629871346,0.3387119052975057,0.35195623068078336,0.30768776974743234,0.29330814237154823,0.33328176676727495,0.3140485347294603,0.3679190454387751,0.3090303269800454,0.31716274997799754,0.3090103218543197,0.3321867263295654,0.3048112869655813,0.28565979783984485,0.4244982564172131,0.35468514094259135,0.2612446442462252,0.26497559144450833,0.28760124688264815,0.31157004828026497,0.31715213383942653,0.30287716070430687,0.2914074762548292,0.3124265422967025,0.31084874191933876,0.3099593144760738,0.32455063102674264,0.41262140054174007,0.3096095351421622,0.31712003226472535,0.40459443836495995,0.26779033156167764,0.35116987649888776,0.26144931149255585,0.2766257654191116,0.3250522570414489,0.337111165605418,0.2754911445686147,0.31866271170317156,0.46725198242343446,0.3154386924405653,0.28619647786301616,0.30392266074390756,0.3695377932527004,0.44601162458595817,0.2737117570482015,0.33573237822493,0.2884770845158221,0.37348520174573757,0.21948690516366398,0.29973039354052555,0.32335005595023575,0.32432282944026386,0.3545985423383562,0.3665537995070706,0.4224168499603709,0.40557092403954653,0.29200254337525944,0.3810488240129923,0.3357807593419487,0.3005690294313649,0.3135808853743437,0.29122249451893095,0.27952810099816683,0.33870118729198206,0.3147343624477343,0.31849250744008506,0.35666529327436,0.24053335573329548,0.370808380409318,0.26523176579024266,0.3789756873006051,0.2853957825452469,0.3129303103336869,0.36535295956997493,0.3706247298908245,0.35217112662429595,0.3688553539467445,0.3172788679702758,0.28984480647357574,0.281561840230407,0.3085635054431683,0.3282738287225386,0.35868211790786725,0.3407391188752466,0.35895865767643786,0.3456947592408641,0.2574524664298861,0.2810409086219871,0.30308153621333117,0.283490226572877,0.3905103648270387,0.27340479962040143,0.3235715315330867,0.24720447750912092,0.3169479191089595,0.2814245967571416,0.36493454679449483,0.34905096709037375,0.3057992375503851,0.3664638127001847,0.3495015565395376,0.3045186399784865,0.2975157528293289,0.30703945219244394,0.24393076476150258,0.2716660679425487,0.28942027888565847,0.3351476517457679,0.32779707072694436,0.3039546757165963,0.297278980636745,0.3429913379643449,0.31996212472317503,0.3283011565564484,0.30270826405034296,0.34184310221136555,0.32519534809178885,0.3548126129646342,0.2561231987149498,0.3421808346554201,0.31934310533888555,0.28804914192297804,0.28811791672881987,0.4124419288001888,0.36206445413368477,0.26640047253147614,0.3578929110086454,0.2486298194171741,0.27600479883312196,0.29781018825739025,0.29307176530503287,0.29627123385496823,0.29497984167312064
0.3886390699136184,0.3301084542553912,0.28047061984456023,0.29112380812370703,0.2778310825563753,0.29237081447778596,0.275668995304265,0.3467536424113603,0.0,0.2878721965360207,0.28178030376957375,0.30583319964282685,0.29000678997118945,0.3328377683755015,0.321304484467017,0.2944496636889259,0.2842421242494234,0.36734317625601715,0.27812322721294186,0.35426924954482547,0.2967001542668518,0.3578468321438423,0.25239871818238396,0.2626552223106405,0.31444595075482423,0.2771617069658652,0.296063757858856,0.27924159703320944,0.2507214543380003,0.31378668551938116,0.4203166555462794,0.310537604549372,0.325377709881583,0.2665315520452435,0.3508033396818668,0.30845874197101025,0.2900241558205324,0.40059184577976625,0.294568604888203,0.28741559687186413,0.2911068571251812,0.3562535309865195,0.2965640562907518,0.31656028113741863,0.33339626341800316,0.3175102716004377,0.2676740526088344,0.26435460701825314,0.29485187612773966,0.3288496197324376,0.3016092807661637,0.292019331692562,0.31442242946950183,0.2932256138754023,0.28799551261254486,0.35242091877151904,0.33498336766055203,0.31511635199204535,0.30279182234833,0.28656344471975614,0.2691325705730155,0.2939039914562837,0.30585702134355947,0.2920135141653666,0.3394847621892442,0.31295760366042863,0.34009606034868234,0.3118385717423204,0.29834622753714707,0.34405338814009534,0.39345646359547287,0.339180945053906,0.3322425675488881,0.29469230817414593,0.3550646855409783,0.3012333084650329,0.2558041321031681,0.26364096477787385,0.33868504617384,0.23251649683950001,0.29827330277730413,0.42009548257324075,0.3726011149340099,0.2945079402143848,0.34515651767279093,0.4128652232907839,0.3130132104642939,0.3434403700416902,0.32667467004390593,0.4287802077648465,0.3406054463536564,0.38643140421321287,0.3020922040047444,0.29405768275072935,0.3864170211032658,0.35298815703044034,0.3217534935566591,0.3291923442011374,0.32922507661633443,0.30874190263005563,0.3229509038636099,0.2571239098596152,0.31368831802270647,0.2959254332462735,0.3923125484489981,0.3157663678295266,0.2642993497123067,0.31476936317975085,0.29259278231618646,0.2550594313497879,0.26376982066450017,0.3758960480931751,0.3139904288009423,0.3714544921208703,0.335000730514176,0.3225874997491744,0.32391611560679,0.27612776587796867,0.23574744599470693,0.3299214417094277,0.3353750830184097,0.3009875644625677,0.2846589754120459,0.3380416362523097,0.37724934905330926,0.2913874182746355,0.2813153291740152,0.28999499973498266,0.276979339471784,0.35199795723673327,0.4132637827066733,0.32498868953665805,0.28770347453354034,0.41589942073649344,0.30001469806895076,0.3115213192649419,0.30257238869671915,0.31335538049345624,0.33575400882889844,0.3543036873911292,0.3264852475208076,0.31732960326414006,0.3481733033804047,0.36274251307985533,0.336743689044802,0.3350938580693598,0.42055033134223496,0.2886789588183032,0.3395356824175035,0.24342954648105253,0.3755192374794632,0.32598776042098165,0.29299708393331253,0.27636615149869775,0.3344489691686337,0.37206600199097545,0.25743293073353024,0.3135938038651394,0.3173417928281742,0.2810650264236594,0.27043194169497925,0.3593272484663259,0.33089795922595433,0.35719459902793943
0.32365424948410754,0.39968802225069583,0.36829977994608876,0.33012894549233085,0.27772549715483685,0.30980181179029476,0.31640062603634106,0.33869101962803344,0.2878721965360207,0.0,0.29354263477927284,0.30187416760613067,0.34482077552532964,0.31976519823501126,0.29858928903396803,0.33697002056847986,0.34766747406027676,0.3777165974916796,0.2788515283238627,0.2890222781075062,0.3106718456543302,0.30774951216951696,0.3454788562732064,0.27566887309224475,0.43792862472999633,0.2820468870477689,0.311977351601399,0.31578873901972937,0.37084139974008545,0.2705206597273642,0.3342786389729099,0.349344338227069,0.28371051042767415,0.30210631517347947,0.30852575455330633,0.2866230957122006,0.3320551069953468,0.3094979598293955,0.2517779507388748,0.3487362892588133,0.2667633724557542,0.36929340536802424,0.2874630840654391,0.28651514015624574,0.34105236500163394,0.32387790184488713,0.2820145990301592,0.2755049396537811,0.37568087969250524,0.26144875851027743,0.3000465791345611,0.2822403624203095,0.2774943705392919,0.3133944818258188,0.327054338137506,0.3497596660187426,0.29206096814937127,0.2955276061622431,0.3483712506667046,0.29616672079040335,0.3057393880407707,0.2535216587762149,0.2705308788482562,0.2612215552446241,0.2768609755199405,0.2997167436365984,0.31325750014651405,0.2990722386696991,0.31713567256807706,0.36653489810987316,0.2884138537272069,0.3258650911416168,0.27203578372879744,0.352802289215837,0.3327814890893974,0.32167057637614455,0.29235620957624525,0.36198056488966057,0.27606154193180676,0.26027764563575967,0.33079475487575066,0.2871527528310392,0.36414146597578134,0.30838678379348755,0.31849544093345034,0.33429990923969244,0.29880023882788354,0.2982011025701317,0.373160842287273,0.2906641531398093,0.2968299224172829,0.30776109972482657,0.3058918573428043,0.26822311319094827,0.3354448714906602,0.34392571111444553,0.22700581870247732,0.35050348287239463,0.25968616110843007,0.35989446552376025,0.2904055813313441,0.29375713827259947,0.2802517571971497,0.3554402889645543,0.2819737034365584,0.3141189043887762,0.30156029206351886,0.4401291809082885,0.33751102735711297,0.3296439521811499,0.2968664967486527,0.28583378251540964,0.3094169728599652,0.3421747980710032,0.3029822071048993,0.3488282344908728,0.35512754276269104,0.32945699485217345,0.31548237217319175,0.3233736974349126,0.27231447548900967,0.2758381641150285,0.2665835015507892,0.34939386855106525,0.25136836561920095,0.3672983009508012,0.2739367145986563,0.29193613489818726,0.37457686432006476,0.3195868400376281,0.3815895565533581,0.2941088861093629,0.2721211990635849,0.26255654584339005,0.26615780998241295,0.26161478859091836,0.29206515569667046,0.31657323021915096,0.34875319984091624,0.30756107527377197,0.30748419226943013,0.34450544079738266,0.3473385862956289,0.2741545793534198,0.3341382431637816,0.3127507269346486,0.26249280832611593,0.3864451494744855,0.4602258039019939,0.2543780331563779,0.2707192142186389,0.35846003376847557,0.2671318462023976,0.32398537085840184,0.36055447279775493,0.3256325071148552,0.2554451858168198,0.3916709164516761,0.2918698428022128,0.32483092272373265,0.4164195197152109,0.3256766298034333,0.31523624242861636,0.2925922705310037
0.3977428746730728,0.3436020540288814,0.34466114956173494,0.33472751209096774,0.2837164724597675,0.3621066844643218,0.31000313097033,0.30506500923147206,0.28178030376957375,0.29354263477927284,0.0,0.38087818997347966,0.40456640861087667,0.27919405100494205,0.3345000478599937,0.41317412967618516,0.3681191410199743,0.3475340806462356,0.33339292559035816,0.34641187941026724,0.36910388987592674,0.3911326745056148,0.27686804693006595,0.3637255497720253,0.3801615688346794,0.32166788013966185,0.2842935028826256,0.33250044464717926,0.3322424300760738,0.29659905953684707,0.3200144145822003,0.3683078701699028,0.33407574469485485,0.28714273893962533,0.31459954087523023,0.31514858708377647,0.41905469155252284,0.32817632705206157,0.35875294348861664,0.3520375461289293,0.3081596452603976,0.3194423208578156,0.3305496443965154,0.39270103244328314,0.33777267252479526,0.33052001439304207,0.23834173221825736,0.42120736814989357,0.35083894356467715,0.3003219884998631,0.3900947402185428,0.3087682902629972,0.2707219515488471,0.38914196414633384,0.4064817823957077,0.26456796246827385,0.3785230043977998,0.3838357865902555,0.3174630098436968,0.32217024243830794,0.3534898478431726,0.2349006678122758,0.36015058189808385,0.24142332402877154,0.2634134349000806,0.323656785035826,0.3517591499880427,0.3303243377426159,0.30478803474455707,0.3369670761199824,0.3670967614844097,0.267345346215035,0.3049805272442579,0.39506296370311617,0.3515647198640032,0.3057102731193985,0.37524855313162125,0.313177533261917,0.2937005628091684,0.2619496173774781,0.323916733685679,0.29156839594917777,0.3318274331452806,0.3170946201044228,0.29560606437142717,0.32451950250539874,0.32833375516701485,0.2839692470760156,0.29499099639105875,0.2986952400796142,0.36686205837943403,0.25885325308738677,0.38183551180433944,0.34681757820155956,0.30090851995067514,0.3359319143690148,0.25565671648544125,0.2594598301452618,0.22088010564517385,0.2974162355368322,0.31384162859148335,0.3152020002310334,0.26058002643231876,0.2626790016547127,0.3125488701165665,0.3023865370738213,0.30008027774826723,0.308987413495391,0.31145524797077073,0.3865441815647771,0.4136281451151469,0.28752999023038345,0.3190597629229473,0.28480890541132925,0.3278242741427134,0.3304596920395058,0.3062793579462962,0.3205302595079021,0.3275174986612325,0.24940566230097017,0.31741841481343813,0.2432976166878026,0.29451507189744297,0.41402617393565855,0.25931581209373433,0.40634236771069693,0.22768139056364908,0.334807629488355,0.3157932197432958,0.29541671695204014,0.2512756926517751,0.3456292070460818,0.3111133956101878,0.29912370763004276,0.38710378673780405,0.29310682740975047,0.32271867197093784,0.29491728853484056,0.3360452606464626,0.33546821079055933,0.336874762708434,0.3174706199493725,0.2880666317256685,0.2873798555409968,0.39907281649989945,0.2591315982970917,0.3086738269835287,0.3035532865045221,0.3122452329881809,0.22745383707769648,0.3990127652509088,0.29621438912675696,0.3616799957983265,0.2744403829365183,0.33354102524173984,0.3861783113710872,0.35553520122647847,0.35422307911125683,0.31505812579899095,0.2987312095532274,0.26763631422155587,0.31924479753378393,0.23481826742728032,0.44225751461528195
0.3255718788381693,0.3773941512502562,0.3339630079482323,0.3364565561340469,0.2643561109009233,0.35429892999731655,0.33787565108991524,0.34169375286265463,0.30583319964282685,0.30187416760613067,0.38087818997347966,0.0,0.30020695732678115,0.2311496458499058,0.3410595928940652,0.3481850851992173,0.35626699995630595,0.30278852980580395,0.4212111113118792,0.3202056908561877,0.3904939834398366,0.3438933791279955,0.28910569384710744,0.336084728181581,0.36940808439101314,0.27430575766254806,0.2906033278232731,0.296371532600801,0.29807651102595095,0.3476680190479408,0.35186869506413615,0.3521779846992807,0.3628550336740638,0.3205004050707018,0.2703423998296418,0.31651359648902333,0.32275086168768174,0.32518443767685923,0.40933882450431597,0.3346552158302562,0.3544724414139021,0.31369712389212817,0.32300392774701253,0.33115876162387214,0.33100789801677777,0.36003804679979806,0.2905773339003254,0.29952560423564506,0.3224836057474915,0.3273173611304909,0.4071072508406281,0.3369994212633552,0.2873654357228534,0.38663420907097357,0.38868498865832257,0.2664390959813982,0.40580016990282236,0.4194917119655436,0.27876458783806324,0.34083518431560744,0.2766243650401706,0.24195445703456986,0.3406285115924608,0.24213464226182807,0.27646257723820844,0.30680958889691123,0.2713031018904876,0.268381709988698,0.26632559941787143,0.29188323382677184,0.30706485191305233,0.25101148267235707,0.2551659050929059,0.35615588971609663,0.3449034386501079,0.2762439472808262,0.3145661251100978,0.32336218638697156,0.3087573914140523,0.23014672102457537,0.28050816993257094,0.32322019966495547,0.3459895964898509,0.2548447261308358,0.3194860677808377,0.3586273394696255,0.2607458797265075,0.28392496272217993,0.3347741429070152,0.3012199476410363,0.34026404738936783,0.30818876288241104,0.36497796386227965,0.3299589565670813,0.2835960470258973,0.36180953686448375,0.26192044550386484,0.3048346685771423,0.22364460453552687,0.3025531537910548,0.25570764021807746,0.3026211166991173,0.28411043498979094,0.34032832447106304,0.3057423678265256,0.33433983142007184,0.3391178635895621,0.2980383569788503,0.32737447163728206,0.3575755089765756,0.43039388479638746,0.3065840291833608,0.2640080095300339,0.29542007615493454,0.31747970635380257,0.35489598925219507,0.3117841611607213,0.3358598716669059,0.30444270012145797,0.24097967224023253,0.29157764858944724,0.25576104622462914,0.25967250076184245,0.38373674800701707,0.22127501720248136,0.4222251752566395,0.24719786644372757,0.3605094417209219,0.3280255335940901,0.2791704438728453,0.2794625270267843,0.3202739919211397,0.24375108265691964,0.2967999783104037,0.3023640900670039,0.24420714162955615,0.3289403527095553,0.29382787005363803,0.3069880464829845,0.35671061482629307,0.2677457945132058,0.2840334132701674,0.3360461923863026,0.30050095232067103,0.3314445513819672,0.3091632541322946,0.40437226665716064,0.319703479013469,0.34642227780333734,0.23959619785781763,0.33131219351220703,0.3198068120548051,0.34622250767311014,0.30013496444595383,0.4160338829453421,0.2965980727785389,0.3034478597652434,0.3563074688581361,0.25206599728692275,0.28221692067833676,0.23685290742272538,0.27516052813920255,0.2470034577510141,0.3390603725619242
