0,1,2,3,4,5,6,7,8,9,10,11,12,13,14,15,16,17,18,19,20,21,22,23,24,25,26,27,28,29,30,31,32,33,34,35,36,37,38,39,40,41,42,43,44,45,46,47,48,49,50,51,52,53,54,55,56,57,58,59,60,61,62,63,64,65,66,67,68,69,70,71,72,73,74,75,76,77,78,79,80,81,82,83,84,85,86,87,88,89,90,91,92,93,94,95,96,97,98,99,100,101,102,103,104,105,106,107,108,109,110,111,112,113,114,115,116,117,118,119,120,121,122,123,124,125,126,127,128,129,130,131,132,133,134,135,136,137,138,139,140,141,142,143,144,145,146,147,148,149,150,151,152,153,154,155,156,157,158,159,160,161,162,163
0.0,0.29706036853292217,0.23651370162022917,0.42000607271177554,0.3572136252213434,0.3213312103573589,0.34634723687080177,0.33516359304462306,0.6012817623241518,0.22064426999096864,0.322378181625861,0.2322685953965284,0.4664152590498998,0.537975846609445,0.3194373694179863,0.3279363594405173,0.38800182317851295,0.6005667674965747,0.30372145611674156,0.47412558430771884,0.34333680875141853,0.30231769454754426,0.4265971802402844,0.34004588392061624,0.3156803759926629,0.4265715324982869,0.3521442923714363,0.41795890592227286,0.2067591822075224,0.33526968938548957,0.30495753011712345,0.3316704920061681,0.32146780573378,0.3515559197565749,0.540173508102057,0.28485705350639023,0.40201743353481684,0.4767835448644096,0.240473067618845,0.48397854924566003,0.30579463325291406,0.46960631276415293,0.3303800512288616,0.32344514455400164,0.3274912323040276,0.4136717332767675,0.3461854547425359,0.25160008160602704,0.40412791991599206,0.42227044224460647,0.41097198314421757,0.5177297693143639,0.4923002821877221,0.2736556789975116,0.24311898223078682,0.5382240410869069,0.5610861926544122,0.3152644459673874,0.3655070940537827,0.4241483123836298,0.3381470702748652,0.45315547848503546,0.49197096868839924,0.33923789881438665,0.4666973626075866,0.48735528357788954,0.4887628362826935,0.4443451187404456,0.30265569091072836,0.45173819645861824,0.5256212449517563,0.47756280112524524,0.6901052153855257,0.42320861674446575,0.3578219176052721,0.4752363726403405,0.35830572232632735,0.3165765864264706,0.431803760003185,0.40596194254298673,0.3818187820208527,0.4705680937559751,0.3703689071536951,0.4695519420004384,0.5090069112770028,0.477360814506225,0.44649553658719654,0.4592156878989225,0.42255923476509755,0.4861895757978234,0.5314275627336835,0.3503912152887424,0.30742713187282084,0.5376040207646599,0.5555149525438485,0.2528553088929607,0.30786498416406743,0.32559597110238314,0.5088081989733952,0.4817352933295414,0.36342452391920427,0.2759920901782311,0.39066678799636073,0.20852165263870442,0.5363931786637289,0.41482423093663867,0.3063605012641651,0.4090401521143231,0.34405371480670827,0.27336089299550365,0.32032005349187487,0.49222866161045403,0.5464013837791587,0.4312236658293995,0.5139607539951031,0.6106212002642855,0.44787201230965856,0.2396052522051384,0.3067520258260193,0.5413887403530404,0.5551376584120135,0.4403837398527207,0.5865284781159634,0.3886837698394775,0.5875569824163651,0.21951748076924224,0.46575089530224184,0.27656542208192775,0.24960525869481318,0.3836672730162755,0.3783179165831831,0.41012918006782884,0.5808616490510068,0.597478679312423,0.27470871999157825,0.4022024611082383,0.3405507782177199,0.43609399044537117,0.3100414289406397,0.3307337314400392,0.31511229337591534,0.36788863451667086,0.4937676147333105,0.34853720920142156,0.33564347745464307,0.49946312586431424,0.37812890823216966,0.2832420309195493,0.25160524296332315,0.2726381744281649,0.5350289825864591,0.3376550444010873,0.3363883959912137,0.2519464088903544,0.2917525207606407,0.41591314220659303,0.44865108212269994,0.3534603199828153,0.5341395851107229,0.5651765481178852,0.3349885891959219,0.6775367106078001,0.38821500278056126,0.6915167511367275
0.29706036853292217,0.0,0.38956512792193765,0.3556971400527076,0.29792978918685314,0.5801422082063558,0.34380423586564623,0.5381534578570278,0.2751854354062828,0.44255453531924877,0.46476161170813707,0.4911543245531401,0.3952518078744972,0.32983016098093987,0.37835811768684263,0.4914907407399784,0.35828637121404217,0.2936088997855801,0.6223622180693287,0.390615252155794,0.4444306996195429,0.5915676447549665,0.33877867555802166,0.37126331558344244,0.7097674778400691,0.2670020628950674,0.2830566823435719,0.3237774930927005,0.33937034112226894,0.27874885803049804,0.4256252075849297,0.6115092865135258,0.37707075228507464,0.33554606549226546,0.3658372879593927,0.5310374828221602,0.37282533295037296,0.35542033299060993,0.5168096859162108,0.34806887749605675,0.3738699162380719,0.3331121234723217,0.3852533650259915,0.3935218012068664,0.4290331282308037,0.2812086903476538,0.3167173703755545,0.5059182747835165,0.44713937979181456,0.34829678683971044,0.326307320927248,0.30071555697084273,0.3159843288057277,0.5966827864768192,0.5512650730127356,0.34322518500009425,0.3275223443489222,0.40844065843352145,0.44483418934711055,0.34163630967771136,0.5057442305570999,0.28127707384942524,0.3474779036972936,0.42156457745528886,0.28517710217877557,0.28929006422796205,0.2894022063121452,0.32439966335301096,0.33946968150247064,0.4123059846984344,0.3023315662759255,0.332195249528668,0.2675901871829862,0.41285281065942286,0.3918045754362332,0.288054461751643,0.3852521576200853,0.39673526606292425,0.2735991527254793,0.24009565658373763,0.38500183548803996,0.28936368805805146,0.4394199447979741,0.4202432360053064,0.2973950283731992,0.3939914470574408,0.3791623511367399,0.31680649276229234,0.33882153003117516,0.28719870578655154,0.2584344758099352,0.3035734432322958,0.4938503011622836,0.2919810429126779,0.2972328732539686,0.5591013670252369,0.3743951805829276,0.38945709405589485,0.28636004646475366,0.2981561713815667,0.368804805429677,0.451274937184932,0.25814522645417365,0.40411380109516903,0.3147357803044956,0.3039730987026605,0.37517385187932845,0.46580481038046934,0.3183574346157816,0.4440730706562915,0.41900216863910505,0.2915642330790412,0.3142854630051435,0.31258437554402235,0.2982704483440935,0.2724291297820995,0.3839732648199744,0.4469662208303884,0.658678024601129,0.26423217287369316,0.2912972181137772,0.29000741191212737,0.3046166394623921,0.32639082290799815,0.29249147736277903,0.4419874623944522,0.27807639444486365,0.40840911983910105,0.58948241128432,0.3590207826766828,0.3400779644863953,0.3880645968138595,0.28532639873778387,0.3011098082782228,0.5591945910488224,0.34205665560312604,0.42669087751691986,0.32927302566467354,0.606573127369127,0.358900117144282,0.4426714051288257,0.5265406891893943,0.3195879158413525,0.40921881622508033,0.4402634339855532,0.3085399182470063,0.39005708379299514,0.39001585377351555,0.5740312233214143,0.4409738673765932,0.30505489880309894,0.49699842602363925,0.34170283582470945,0.4866368189957908,0.45566992623728636,0.33634142091354385,0.32949535713248546,0.38387295348766376,0.31724779793262453,0.30794098012172305,0.40120232669020617,0.3279540274914908,0.27453065683807487,0.2720737714838404
0.23651370162022917,0.38956512792193765,0.0,0.23837659375571973,0.2798640556004401,0.34295772235795036,0.24327152739705155,0.3153732006142462,0.23935248577073454,0.5190668088655763,0.37529222075608676,0.41925570466292844,0.2869442933815416,0.266180605545569,0.25555877494916196,0.4357014066261027,0.32162231327522267,0.2528499794181369,0.33721181144627416,0.2723460523173949,0.3049170693331741,0.45801293139868143,0.2499776867262509,0.2608545524797627,0.3394662661982049,0.20973356971069373,0.24522660356946246,0.2613874586461216,0.42985201326598077,0.2658631139862383,0.26823643012898046,0.3601997156730971,0.2515839981577454,0.23019016734015046,0.2581951423627602,0.31130430967039735,0.24982894798686583,0.2940416679435115,0.3241289166964082,0.2479740891555151,0.25888120595407105,0.27979204609548036,0.2715415115028604,0.2649788556831983,0.27354197907536815,0.20880180722414068,0.248490593372777,0.338598662514601,0.2844231654187364,0.2600304159521815,0.23638262605505161,0.230144528407567,0.23497918017445119,0.34118840877445084,0.42097998449921215,0.22874856264638405,0.2379278497191828,0.3640906899374523,0.28073347186689984,0.23605176791383026,0.286958106946288,0.20958725303097656,0.27368228821355384,0.32817304497575683,0.20730623435410062,0.20280151703030327,0.20167008580080825,0.23702841697881613,0.2889965051289321,0.3170681502069429,0.21858364530011581,0.23150527735203885,0.22561993341877182,0.2816819186196707,0.32324235105478927,0.20187372371899134,0.27304839501028233,0.2861261516924166,0.2023640735009328,0.18962638713254495,0.25944968079396596,0.2082937557623567,0.29968415702306217,0.2816150810951517,0.21468930067994405,0.27007230389095704,0.2413504104723759,0.22307529035151552,0.23470471841160487,0.2017841055518008,0.237411694063547,0.2140402213136511,0.3551371863375522,0.2037907737985727,0.2243777693897144,0.3513691789475417,0.2531435934393934,0.2577047391567107,0.21749214805321182,0.21256724020611978,0.23726665832739385,0.28648874804311375,0.19169887127652604,0.3832295703341363,0.23757409413484423,0.23238514059335294,0.25704228211917796,0.33962866607743225,0.23296413990235523,0.28941336962018455,0.27197844675013777,0.21256120250071592,0.21175840135646062,0.26558092036994185,0.21368697718410481,0.24711309557172778,0.24752444350165503,0.5914083604472601,0.3722481451675322,0.22936214388295614,0.2405010074963253,0.2086798112538912,0.2116268457336608,0.23796027808587902,0.2074900092096951,0.4236520633748945,0.20868398548102332,0.2899315830405266,0.4356952344976782,0.24661237004054531,0.2888789542774226,0.33426635855307885,0.20416498786088372,0.22072365767739094,0.3074216884036357,0.23564428569912343,0.281253995740321,0.2316368644133548,0.3561427358654738,0.2450729846971087,0.2625241174391649,0.3618564070658676,0.22364840369874045,0.2960658982891201,0.2773398034167247,0.21788155640604726,0.27976159409221457,0.2718052219565851,0.5195889839857414,0.3633263415239073,0.2076905434469874,0.29361642075256494,0.2907152936320912,0.32611977806692916,0.28899157616716137,0.22379407892749123,0.2448926923672276,0.2656463248530517,0.2121194847802267,0.22670281471938886,0.26466780102326815,0.2177959934911858,0.20325348498914275,0.23459951159497425
0.42000607271177554,0.3556971400527076,0.23837659375571973,0.0,0.40324761874120485,0.3454949306393581,0.5818193190708962,0.47553349497977493,0.4104896977298106,0.2607344453247746,0.2859730291636481,0.31430130289571684,0.4196881879705831,0.4966296799813291,0.48822917349986245,0.320152768547589,0.4029163189113013,0.475769745209228,0.4284312883082713,0.4552859603435453,0.4898775323516795,0.2917193035193287,0.586478568120618,0.3933493071933327,0.3855488224310923,0.3949983695621245,0.3990108923462608,0.409227529679317,0.21360412070201182,0.36609879369042786,0.4332074752014371,0.38874801381909196,0.5454195681755613,0.5143910523166628,0.5604689051422818,0.41667880795818724,0.45975441266460626,0.5377197568360732,0.31940363290448903,0.6645913709413538,0.46099614355522417,0.4544907913463019,0.48691608073779435,0.40255638588656434,0.4484387015891895,0.4885183883744338,0.5217870659708155,0.27565042602088735,0.5627864219716403,0.5683192477466452,0.6434132382813393,0.5076632550961924,0.5708353487444208,0.37214160764319065,0.3202487372687967,0.5504661258915151,0.565034439897792,0.3556135081355124,0.5426515314436673,0.6862137060766745,0.3924148581033987,0.4827772377390998,0.6041151816469915,0.38832467611076704,0.5035935647304282,0.4304903384660205,0.43589504514150174,0.5012149845804028,0.3342131628246176,0.45815525751551295,0.45069078829862114,0.6208220529996769,0.370305376361418,0.6009995569205346,0.3699565694192044,0.4341300171583164,0.5223632050904611,0.4744866568304003,0.4641132727119402,0.32741947845901276,0.45127890123911596,0.5233951759238172,0.5040919990554584,0.46685871587144545,0.5478410799915033,0.6520625903645161,0.5471802643313962,0.6158427277574015,0.7007899492190961,0.42556402007748906,0.40735961640182183,0.6066703340631723,0.3681893248533665,0.43389812246227755,0.4907219232190098,0.30169211926369327,0.43347167654588736,0.4853218329494625,0.48448008077328475,0.5086620285549102,0.43998306883235705,0.38213472850373426,0.4608497319145103,0.2884377765087884,0.567526266337747,0.5552303429903045,0.4366669662730531,0.3976561755454896,0.5181735880914277,0.29810646095326465,0.42716535712504317,0.5125437208450102,0.49296583853993126,0.5125884270503521,0.5099101030085836,0.39352728701484346,0.699803392592668,0.27080876909641055,0.33876005717821245,0.4111388885666693,0.4810462849632636,0.5439521923228711,0.45942365096388116,0.54413684396359,0.4175885921108262,0.2632305529830023,0.45700331399658845,0.385529420956645,0.3172381332587827,0.6109804047466556,0.4067189335092806,0.43403288480895613,0.40787879689781087,0.43867712708672,0.3058432500768435,0.4854823909189511,0.38221678776629026,0.6287720228125941,0.38668137662931207,0.4973052171581635,0.4188930368138519,0.37749517895807766,0.6367294567918719,0.44955744006016285,0.40419044863096104,0.5815285921512656,0.6093187280048733,0.39682998850693374,0.29287463692578036,0.2944360434590886,0.4792545561054066,0.5324448856238942,0.3666267760471935,0.33778856570298665,0.4229304014982608,0.5012503170452052,0.42734967295022175,0.4707518196408714,0.5566415058415626,0.4708686262194263,0.4663426311293972,0.49973276929398047,0.4788282582099239,0.37382824165002354
0.3572136252213434,0.29792978918685314,0.2798640556004401,0.40324761874120485,0.0,0.31617607389217395,0.4273254594865958,0.3720661725906602,0.38209423720850055,0.2284340214526291,0.3476758754081234,0.2696219071469447,0.4139465374627467,0.44066598389579115,0.38307338076738495,0.3954644113500745,0.5260212889251005,0.4358787994566054,0.3382113414457021,0.4104820414381329,0.412650169997652,0.353729096377567,0.5141377378474775,0.3482727658956604,0.2999264790205654,0.3005734154144497,0.5131448659057046,0.44838818095520416,0.20962122877115222,0.5944634938548877,0.3265149439718252,0.34492022458681376,0.3817485019917052,0.34960679547965967,0.4160459339117591,0.36056300103151,0.37182367819976986,0.5379831609800537,0.2791417403118414,0.39262501153524904,0.4080646552714868,0.5075532625342284,0.4119715131273646,0.3359759927925038,0.3379448527318431,0.33095101514962705,0.4755519802285975,0.25739042475536617,0.42944369752184997,0.5195062876893228,0.4141392799034889,0.34294326740244285,0.4221707705936283,0.3015142938365139,0.2673532962249679,0.338278098918027,0.3739306792100509,0.4978040181550966,0.3992971056552486,0.4349814460181725,0.3035286495228307,0.3568014143092777,0.4634329820349404,0.404877652165079,0.3123991542993037,0.2835680812308425,0.2838284650096147,0.3536580387175835,0.3850712282683541,0.49308126996768353,0.31340570248449673,0.3526079357848609,0.3379767885972548,0.4845051290070937,0.4250849701203858,0.28183995491927816,0.4269565984337049,0.44724346329497056,0.3037377304162946,0.26507432278223664,0.3757059089655589,0.3228612424651738,0.4348661973846619,0.4061561976150277,0.33301815972473126,0.42742981783333023,0.371146131007502,0.3837743171921084,0.37435136683245973,0.282297338917924,0.48689624423139,0.3618486556643591,0.4109658884639822,0.285506754881221,0.34208137178859543,0.2492393960027565,0.3300870261421099,0.34583039320103715,0.34508759017437224,0.3114280052856445,0.3311460400227499,0.3123799831509835,0.3137635647922217,0.23565497330932278,0.3985381089859418,0.3744607783939749,0.37513608415560035,0.4260230375823302,0.41433571433300753,0.2654766781652963,0.3423856323153779,0.3469855770658119,0.30755861021406716,0.5343961103700146,0.3218386114341059,0.4015919591508257,0.38849153982359985,0.2603141820257765,0.30189710811226034,0.37555907449445936,0.3925045639798104,0.36188404396473434,0.3004112504468444,0.36611792221036543,0.29238997586445425,0.22929066484779517,0.3515158695105232,0.34235786004811625,0.2593720013854557,0.39921554130726034,0.4687812860891663,0.504038046739956,0.2883074318645465,0.32657898875519675,0.2522493870419652,0.3501110865755138,0.3295901073857518,0.3730270061788071,0.3295828113565552,0.4309781120394385,0.3001205471951988,0.3831910286347681,0.3716277916020372,0.4536970464450809,0.3329995782057508,0.3388964987488036,0.49566385412860664,0.35029126253452314,0.25374464963466586,0.34359491961559036,0.29926201854558576,0.38212585448438696,0.4700311909290686,0.33366850715813073,0.3292749343491099,0.328598960258949,0.37369340813679536,0.4034648375664919,0.30962833226125713,0.3356195341907699,0.3520438822469402,0.32027915909012106,0.32583433904793474,0.35682067781749116
0.3213312103573589,0.5801422082063558,0.34295772235795036,0.3454949306393581,0.31617607389217395,0.0,0.35672666142824805,0.4946184432561447,0.27084386140740424,0.3426405260287145,0.5695033445539285,0.40895639035252057,0.4904883457832708,0.3239538304452682,0.37628714635411664,0.5410725268498183,0.37999992819559897,0.2880666804269844,0.5871844195336924,0.42073502092369675,0.4626156970318172,0.5005565385238209,0.33106704158326966,0.41220337210165353,0.6411722214727154,0.2734639565614464,0.2776058214308279,0.316682592325157,0.30480735999981695,0.2940000708523802,0.397873692296557,0.6263888055899555,0.3756312809068384,0.31835509797712147,0.3809820355902083,0.4877473319064568,0.44283904560383386,0.34815115361474,0.412688280632759,0.3446422781799232,0.3815519966007718,0.3417888088729131,0.3925680386180332,0.455722537967713,0.3986590371846713,0.2736817986745696,0.32620281831870124,0.4967513799783482,0.4211102377577975,0.35119209955781383,0.32912570059664403,0.3186050254706595,0.30964944418423734,0.5462761259427041,0.4132241173999486,0.3531102812556957,0.32599235885559574,0.4558976322760436,0.41264769109331795,0.32247626968809995,0.5795471511616888,0.27461398763529765,0.3767846808949854,0.41137446441453857,0.27247116886300554,0.2754295576219687,0.3027052780438157,0.36824377498554023,0.3330042709576383,0.4008704242303922,0.30735198494761595,0.3137475819993825,0.2849176755939315,0.41277384025723346,0.3831262174218839,0.2885733550209111,0.39719638905086707,0.4094117625044641,0.2618865645926836,0.27328009105513,0.4305560814457502,0.27607525154606166,0.45516514475078956,0.4628026946566128,0.2832486889856132,0.3839629463574422,0.41926522860074356,0.30011892474886287,0.31996758890149063,0.29109916687377174,0.27485099665561075,0.29710617086402363,0.5306967020863461,0.2895741349719834,0.2922022989836885,0.47141900768830386,0.35290194949506404,0.37874792530804124,0.28162138602736775,0.2833669089321199,0.3760046089957897,0.42392012749600183,0.2534006668893806,0.3233290746822568,0.3093730284483738,0.312734896642179,0.36297481360656964,0.45554468238922496,0.3167410354594029,0.5716996839557443,0.4405714700165389,0.278015889619056,0.34269439009046243,0.3059669338019048,0.2856048285518472,0.2850124727766676,0.36133793892625765,0.36531368883153487,0.7198207046244576,0.2623700465408907,0.3090194358998653,0.2814811950006443,0.3322760960024118,0.33502424926782576,0.32386578964296725,0.36884378608225116,0.27271609327877644,0.4217967622923146,0.4263415446118422,0.3396923821000681,0.3333777159221536,0.42015985424218116,0.31736546964945833,0.29790975512785417,0.5196422738186657,0.3638712745366789,0.4971867263702419,0.31906642988517797,0.58232863639418,0.3393509276797912,0.463805055335872,0.5359207324131602,0.30249597873202694,0.3997452264839219,0.4552157297533383,0.29753796412337125,0.404084079220728,0.39722355210314275,0.4164034770454815,0.3840631594735065,0.30126372206310675,0.46767220442508006,0.3373621188285367,0.4663666790290092,0.4587689427519335,0.35341715682136937,0.39405196068305587,0.4038073100515684,0.3464664872619569,0.3110006024368568,0.3765076743641818,0.34146910510962614,0.26254347234473496,0.3013154411897282
0.34634723687080177,0.34380423586564623,0.24327152739705155,0.5818193190708962,0.4273254594865958,0.35672666142824805,0.0,0.4426056116209838,0.3318419430348694,0.25064940802028707,0.2958459055795698,0.36327022945889814,0.42556541913886425,0.38540327739437635,0.6771808654372214,0.3300666238291624,0.4177667084530036,0.371865146175508,0.4206497142349386,0.42486609882303056,0.5391800405483811,0.30045144734218604,0.5058123586970393,0.5169761622612286,0.3667709541529667,0.4199072271609867,0.38808639507688886,0.39074332853319366,0.21706535148213185,0.3951670746418364,0.5097530037300456,0.3955257357978187,0.6978738603470322,0.6118424797113494,0.44133036257668035,0.4136115673663432,0.5498101183548254,0.4890840188685987,0.4059321640942784,0.5429056010034825,0.6295160042532506,0.41858893235958616,0.6516320403713072,0.5208025477734797,0.5306283261305772,0.5125619485273886,0.6243544732681109,0.3214776218699386,0.562243180761688,0.5213899965297732,0.6468297246130379,0.44983218681673637,0.43908329303822435,0.44729251506492224,0.3532553508845289,0.47554073475673303,0.45384744794496995,0.37411186161504506,0.49993108191370894,0.5141673475569223,0.3957327588838038,0.4557289266859438,0.49785275548986796,0.3734788470686518,0.4709728884141199,0.41819931568774044,0.4208856878039139,0.527152552030309,0.32308308869359503,0.42757036423788747,0.46996749157146317,0.4676075880664968,0.30355302961205827,0.6196730790900281,0.35283009689724637,0.42764466195355655,0.6469377292196216,0.5753453190573221,0.46191185740787305,0.34738798294565404,0.5988082377313598,0.44363096923997564,0.5365407118599037,0.4349734167155145,0.42010032189667934,0.5147350612331321,0.48972307492828115,0.4646075425479444,0.570879864041775,0.41676121199244787,0.36323539945324174,0.5986807350692184,0.3929118677543122,0.4282571491154336,0.3821508841673804,0.35399569497505484,0.513315725880944,0.5801493595779823,0.38469725943829797,0.4866443035707185,0.5254982523284927,0.4741234307645889,0.44567275314028826,0.31337447956257874,0.43435853772619104,0.5677720402973513,0.5699644067539731,0.37750481527957636,0.6791752605278186,0.36122126763241347,0.5850983697951457,0.4062983971193124,0.38999929730383803,0.4342163349338863,0.42948907005033926,0.3456403220316,0.5461860785157592,0.276320290581581,0.34239245177454436,0.3310720885851666,0.41129784668328595,0.47250933370871795,0.3697730534732677,0.6019447923687441,0.33635635553056814,0.31285534406222165,0.3687623999282183,0.5094300135778492,0.32655440841082845,0.6725329951347935,0.3824755652293136,0.45032340284972633,0.3314882405598204,0.3498623772864961,0.3445375391046057,0.5837192172266746,0.4726262619924575,0.6148025025324105,0.3646347907924205,0.6439440488997653,0.46054946924887424,0.37644003744853266,0.4790492793538165,0.43247648416745776,0.5141861731460219,0.4939748191427703,0.6501312698325559,0.5364745921742796,0.28072661510698804,0.2906727451696636,0.4575684775592844,0.49586662794410796,0.3675994842928333,0.4061370276688656,0.5325225233486557,0.5241447235715803,0.41948440863204106,0.6505962499325907,0.4225911314240447,0.4071941491731038,0.5622169887289041,0.38540708664086015,0.4734733598851275,0.3303793764728127
0.33516359304462306,0.5381534578570278,0.3153732006142462,0.47553349497977493,0.3720661725906602,0.4946184432561447,0.4426056116209838,0.0,0.33682002995398397,0.34659180715659016,0.3921461198269103,0.39670377102350796,0.46569603036947615,0.39311772004183326,0.5007499326539887,0.469832942782023,0.46578798053573184,0.37028661671171714,0.6712095556720495,0.4847325836448245,0.6332786488807405,0.41187973795844357,0.447956373843797,0.43253858759337627,0.5626398218408223,0.30571955277046436,0.3719518817683854,0.3882705745034592,0.26345461994045,0.34803450662680413,0.5907748681400374,0.6331312298967536,0.5014002788019911,0.41843801036648365,0.4424126177886741,0.6226553107459941,0.4334845697780115,0.48756094729412985,0.4229599229804605,0.44564345836133257,0.5046190335053984,0.3849836053526908,0.5317348299367565,0.45470608374875826,0.5878427278591413,0.3519849304309612,0.4117250467025002,0.3575097212539645,0.6065937477884491,0.46750234066785756,0.4175613307168542,0.3565161253339463,0.4148194696593705,0.5105010828315508,0.42635377838693966,0.39092040441189885,0.42121597278071116,0.5066628795242052,0.6791185644250974,0.45624347730792714,0.5998813205921669,0.3495985667030978,0.43778944073933324,0.646899824831843,0.3618068848865613,0.3287790162777117,0.3350353198450474,0.36709729979371364,0.4692908727506956,0.5136326611366671,0.3391618971725439,0.4426366907524115,0.3107547263119845,0.5585930360826299,0.5138330737498094,0.33570791149812684,0.4993478336453304,0.5396207247894028,0.34297097054798587,0.26191450265042027,0.44660451494993814,0.36734943735775144,0.5450728908629633,0.5195214611198972,0.38521630203621715,0.5100615435897662,0.461912175651329,0.42652936414027126,0.4730357846704094,0.32344407741495534,0.31407508127464867,0.39826171463730164,0.5564819219406008,0.32881446472214026,0.3828685200535777,0.38031725165101277,0.5135948000107894,0.5257692984919837,0.3751555848149194,0.37734034259623084,0.44626284598023036,0.546633226425464,0.327359486926851,0.35388743682804297,0.43035651177244016,0.3904493009664855,0.5125842782339748,0.5685645688658014,0.41218635202585047,0.4008582923069005,0.5016475684745482,0.3741016256843265,0.3571068253560155,0.41940535230143916,0.37120362793689254,0.31746176852312624,0.4900911452287695,0.37047871673775357,0.4711722421152872,0.3287664637060625,0.36946990736322494,0.37163827711636144,0.3463420969475405,0.3805997713313127,0.34120274012652974,0.32715328810622024,0.350820236460455,0.5517833318615796,0.42662447251022056,0.4830722436405862,0.45131068250865003,0.49771507811855553,0.3306962666308867,0.3442121745523948,0.4199099076316356,0.3898686956634818,0.5089467539550501,0.42596961324112886,0.6635670628661917,0.4801912033595279,0.5514670355895767,0.6027908336929445,0.42672365730652745,0.6174489584243558,0.5310435685911886,0.3967870989084402,0.5350260185795632,0.531129281859886,0.41995416047128153,0.41058857158667517,0.35601185275797204,0.7894912446242266,0.4535597831091296,0.4683595979227564,0.6212939552719488,0.38918440931810583,0.37594858813367976,0.442559883339437,0.36809131792743527,0.3626931563886607,0.5236422540194094,0.3856695913850278,0.35434085473642146,0.30170377100864043
0.6012817623241518,0.2751854354062828,0.23935248577073454,0.4104896977298106,0.38209423720850055,0.27084386140740424,0.3318419430348694,0.33682002995398397,0.0,0.21685464318648906,0.3015497502321663,0.22298516562626766,0.36376116508394146,0.6043760423440584,0.30625345774998136,0.3222794317716059,0.43635065731325323,0.7109729914418308,0.289600565705183,0.3960185035612487,0.3279282256939307,0.3148399507134905,0.4057694242169117,0.2868916654208427,0.2792066323071141,0.40143399156331455,0.4281229568043182,0.4671918411501178,0.19160784504255188,0.3731874295631933,0.30444527303901103,0.311656735515349,0.31149409386863314,0.34120177268286483,0.46982098968744324,0.2812907429649274,0.32122636084254547,0.4871517730957248,0.2357081917166683,0.44900339888854474,0.2940483638740747,0.5138240337166077,0.3168436056161183,0.280089485071725,0.3250254014051437,0.39071327502646813,0.33234645604234736,0.21732644005279886,0.37815821004455885,0.4053064538825114,0.38615892001788016,0.4901960250799225,0.50126405696738,0.26503085341256266,0.23463535079349768,0.4287015256645219,0.5193873451989528,0.3304149149655446,0.37819155878804417,0.40905275402051794,0.29361708254860963,0.44625934600844425,0.4601290275281205,0.3540697436923336,0.4798575653261143,0.4408116015517947,0.41392691597137793,0.3653032751419845,0.3496157734093618,0.4476554135846376,0.46726137747889085,0.5012234981196533,0.6505158935943935,0.4015272523201701,0.41331197236980527,0.41016269300131986,0.34744156144644966,0.3034535877655794,0.4168340146000036,0.3358205142357655,0.3204835392238063,0.4863660176080564,0.3479306316133003,0.38227457508836826,0.5127707985433229,0.4600659360905719,0.3694909260999219,0.47953529889988783,0.42787345613516675,0.41435939882809986,0.6181525069436381,0.36443780973618534,0.29397460356471966,0.44834670034853785,0.6007745162076896,0.22845221331121368,0.32424105267572073,0.32894860870496295,0.5656557675517156,0.47719080658680585,0.3260454644517255,0.2679974296136644,0.3999758571810486,0.2091940834287441,0.556652193515803,0.39876384425112044,0.2950584449714332,0.3832902594915923,0.33048159621261924,0.2340281500919468,0.29206748473271843,0.4985027547068893,0.43112227491804117,0.5451411288775433,0.4873311447450573,0.6576285248401932,0.4245079700476776,0.23232976492784263,0.2635630763631575,0.7140308888738697,0.5354838767105808,0.44820386117760913,0.44095406213680177,0.35895288031986716,0.5151244157582731,0.20616032810658283,0.4869161592675911,0.2696443212401552,0.24151867737539395,0.3770075421334804,0.46693570719338856,0.4017294634279848,0.4883042629930573,0.5666052956385155,0.24172666618585809,0.34547795680754095,0.28511875526663216,0.4088895991335409,0.315201250735895,0.32035351810687723,0.2927248843077411,0.3445259965279874,0.5002736763151893,0.36743051569964685,0.29881768849378104,0.47868375177848405,0.3676406940343822,0.2776582249141515,0.24243613369888156,0.3029030012430517,0.4577906223731017,0.3365946234027916,0.3733959916212143,0.24857158216806172,0.2800790642422456,0.3488339612023721,0.35569004377196956,0.318546112995766,0.44088280696979126,0.5290125239023926,0.32944748985035,0.5213818344193623,0.4131930901457274,0.5455260277367783
0.22064426999096864,0.44255453531924877,0.5190668088655763,0.2607344453247746,0.2284340214526291,0.3426405260287145,0.25064940802028707,0.34659180715659016,0.21685464318648906,0.0,0.30141510314304437,0.4327031555366077,0.2705825013577838,0.23983490084342035,0.26836495321885867,0.3213590957565777,0.26350262218725323,0.22922264393005035,0.37472334990341005,0.2721593445675511,0.2999614561627804,0.3469989921887764,0.25486649885328544,0.25489801124300726,0.38538311578888756,0.20468151307268134,0.22306201909146947,0.23914716408913406,0.5230015720394391,0.21786423780400824,0.29699721022001446,0.37126820115790043,0.2666377077276373,0.2501244106940551,0.25907048448115283,0.3419778303806602,0.2557407703386676,0.26293199013603286,0.331629813733227,0.2537225585213791,0.26584098470148043,0.24102759807488075,0.2723822579701727,0.2641042254158866,0.29736594427182733,0.21616975062558874,0.2357787153178952,0.3276303828218865,0.3026765272507088,0.2569520488724869,0.24187116617863139,0.2266287708941402,0.24146631819732034,0.36174436042338687,0.46255169113518646,0.2398972745778901,0.24635936850478654,0.28883198364249013,0.3062140667230033,0.25145092735059704,0.31565555084534497,0.21500894432986686,0.2564014708198413,0.29961968444295695,0.2195878063872484,0.2144176116831582,0.21478290205457198,0.23047565864266295,0.25558575598298633,0.2862187065649181,0.21909753443231023,0.24743261461295685,0.20557764936885373,0.28874681060371715,0.28201539024922817,0.21509917052833621,0.2720889150421594,0.27816147417117326,0.21147892674934216,0.1850351838461567,0.2600342187729665,0.2222771218102511,0.291505165949352,0.28511710352485437,0.22690714074156773,0.282107346677423,0.2612168379428524,0.23944274851823893,0.25200736344090985,0.212359105812625,0.20454385701053848,0.23052245535334834,0.3300521515349772,0.2150127564609951,0.230297617075277,0.3732586038051279,0.26912360808580477,0.2777835259652596,0.2238820608603508,0.2287358331112136,0.25648961126053504,0.3045091761050516,0.2038609834502314,0.43158178857682683,0.24125278021207372,0.22860993553789402,0.26709766781653405,0.30350068544947656,0.23696194447385355,0.287225756766176,0.2800288406071618,0.222829927257343,0.2280953777134193,0.239903869599177,0.22537259746180327,0.2133259689835611,0.2718258802797878,0.55562427715554,0.37041922760288626,0.210020732142241,0.2246687177368506,0.22265607512061172,0.22089897435695682,0.2387850762724348,0.21945383198159785,0.4457448456772636,0.21821829116807345,0.2843744652995124,0.490878074636764,0.25845419535816655,0.2560332705624127,0.27809547601951556,0.2163981690173747,0.22412264511483307,0.3330558312625478,0.23921379038445464,0.27984313180380566,0.24276279652643837,0.3825284561553459,0.259482894394232,0.2886328447586204,0.3291757486651075,0.2405297422234562,0.2922490040633701,0.2845520557784732,0.2325241930711912,0.2732977722742249,0.27418399052489545,0.6064205726843296,0.304346695910612,0.22438602273683603,0.32871610612292673,0.2544109114051223,0.31870860517787986,0.30497185358151124,0.23959479436759745,0.23810856818891754,0.26079279393059945,0.23034244058153053,0.23332607301075312,0.2822114411662361,0.23625965255896902,0.2134941148676705,0.20661156405334616
0.322378181625861,0.46476161170813707,0.37529222075608676,0.2859730291636481,0.3476758754081234,0.5695033445539285,0.2958459055795698,0.3921461198269103,0.3015497502321663,0.30141510314304437,0.0,0.34934429640715087,0.4267496854577006,0.34317317085516624,0.3096314291988814,0.6069374147323762,0.4641806297270553,0.31708274377051393,0.44595919944359685,0.38121020106667597,0.3737560854265026,0.6397652657635161,0.3065559446587843,0.34643533254447695,0.5133448590027263,0.24047789162587996,0.3355905303895074,0.3916366297424877,0.2878724876159234,0.3584015449750643,0.3289003007725632,0.48744632523143905,0.3011282614053293,0.27743220846599137,0.3474992396189916,0.38956530003922074,0.3526573906942224,0.3545158574562843,0.358792515465292,0.2955895130827836,0.3092068713879525,0.4187738221408376,0.326499366563247,0.3574329557646574,0.33164151427552097,0.2407094592174906,0.2783257662113719,0.4037027622013328,0.353288586178577,0.3077773808032704,0.2822922599276623,0.2660259237909042,0.2742293641379066,0.43049265046531854,0.35831548422193465,0.2953697048232018,0.2815315715582421,0.5143881713360463,0.340361018538102,0.27889567513896346,0.4245358150511535,0.23767473410919132,0.33140056888103453,0.40376440306280825,0.23638303082340745,0.24080607894774375,0.26083585849276886,0.30545300100621936,0.4057177933496698,0.42101992800112387,0.26200333887818333,0.2697061403592341,0.30312536257256284,0.3427053651173439,0.4826395047534145,0.25363716077763354,0.3345310377541104,0.3403232752307607,0.2297418117196759,0.2351106756386708,0.34733477548249314,0.23938458515762115,0.3654275969995555,0.39452580583365454,0.24702468540578754,0.31921161750062854,0.3336850601866334,0.260056061733102,0.27794777954456285,0.25141610986640456,0.3039680969235357,0.2493642939002878,0.4667005596569312,0.25474324396064846,0.2582719530773606,0.37855564177152334,0.2941090630646745,0.3075361967943311,0.2482500446357535,0.24818217996395486,0.31563705391709707,0.35258384160583583,0.2197085457322218,0.278637308097906,0.2766976140240073,0.26846931863990436,0.3055860293792825,0.4804446315957351,0.2720417990953054,0.4303272939711544,0.3557814226565661,0.24351946344672715,0.2804047224650368,0.34119490451674167,0.24829697373104942,0.3071774814114541,0.3061578511968107,0.3468076085858037,0.5370118361543443,0.2778144569798555,0.2751728151814716,0.24007758230403908,0.2760630900463081,0.2873967075527978,0.26773485669300184,0.3166943466653479,0.23688978940352834,0.348998605103663,0.3578242824866945,0.286658272645447,0.4046331547988992,0.4032972538342796,0.26816496145879937,0.27036820599063943,0.41476653315446727,0.301734102897166,0.40020819870626656,0.27391745114986626,0.4569548994394536,0.2906147595163283,0.35518407624304316,0.4920990966976796,0.2605997599241294,0.3555823463848143,0.3688992692507077,0.255186883169573,0.33129573024310427,0.32668085276336284,0.3565782332503468,0.521280162593726,0.26325929915855767,0.368151033504822,0.42479375885732507,0.3929167226778807,0.35826504712490215,0.29706952074157794,0.3424634712187141,0.33012208310400404,0.28548322642996876,0.2702779869155041,0.3120153009912417,0.2889225151529386,0.22964038553716645,0.3118303705608845
0.2322685953965284,0.4911543245531401,0.41925570466292844,0.31430130289571684,0.2696219071469447,0.40895639035252057,0.36327022945889814,0.39670377102350796,0.22298516562626766,0.4327031555366077,0.34934429640715087,0.0,0.29643408127134585,0.24607895192110735,0.37471433948523825,0.3731520564358721,0.3054871851731535,0.2435135187515612,0.4793482588276017,0.28300772961932735,0.3999991560325316,0.40033466186796934,0.2910627398829237,0.33266104095657417,0.45124059865195604,0.2508714021923856,0.24815306555431016,0.2499139728798659,0.34027041308529393,0.257294014334665,0.36904295866264375,0.4206417878551507,0.37100034090674716,0.303045017049433,0.2715855837298642,0.44667568408486613,0.3255076665114817,0.28853828317090635,0.5282111528798091,0.30678665451879955,0.38166757605683854,0.2606118846867715,0.3964146327396748,0.35493224470714674,0.36374949545972596,0.2769226291085914,0.32336450566404357,0.4627572421169932,0.34687550209907136,0.29786927996533075,0.3315848685574109,0.2774043075460529,0.26546937323776454,0.5385617822467139,0.8117545398415725,0.28028093159663864,0.2764364667784876,0.3695193003208804,0.34375100541489556,0.2950040260575314,0.37106080095455185,0.27138783387495186,0.2949412317601385,0.34342624838833,0.26654688195148296,0.24798885048014235,0.2459315205163726,0.28608406152307975,0.2853776048898019,0.29628090036676286,0.26723465219902637,0.28027387520641805,0.2116657779092533,0.333479118910292,0.297139896704758,0.24843781728590886,0.3639496996497199,0.40080502515454625,0.2624619857251298,0.22056470119864816,0.3330744151800423,0.26830992217890587,0.35180378212042146,0.29688460448173715,0.26350733786929337,0.29785829605778463,0.28696475651724085,0.275866277826531,0.31547390421919225,0.2443333524591871,0.23949880716498842,0.2952192855031477,0.4243667145500556,0.25193046552680903,0.24461965459772136,0.5460789780123594,0.32677710291113216,0.3500393206913625,0.24536894112652297,0.2699213048451714,0.3029421420025143,0.43291307428792825,0.25573756329804426,0.5779997383289948,0.2666467332573266,0.3085671459394087,0.36639708532220977,0.3203919582020547,0.31845100118725034,0.3862782043279128,0.3899465252610421,0.2570508654339255,0.24862711861337441,0.2649012368751622,0.26713779949577404,0.23392939865296705,0.30808935708099805,0.5165932497740275,0.45743090747314225,0.2232323669092593,0.2607727830187328,0.27786980055223076,0.24279144478958528,0.30181515432890776,0.22497877466127053,0.5793508147462084,0.23846203624978052,0.41993326176723544,0.7153932390602272,0.3282827552092333,0.26881930478459387,0.31379514260610764,0.22357587485150668,0.23125683874119826,0.42203568629054333,0.29344052977989654,0.3731932558068578,0.3131563086481409,0.41880631633784315,0.34312934984783694,0.35817712529266715,0.3601285455002568,0.27957117076959975,0.33002584778978067,0.36675005188465076,0.2909797457984608,0.3488666735926153,0.3945822784748062,0.5410446665899146,0.3572493252407472,0.2627951805415212,0.39339266140431295,0.29418958084034935,0.4979785576669044,0.445008674772132,0.27856733131145733,0.2597404138638949,0.3427169754994562,0.2600644187946947,0.2538982630196157,0.3408559235649828,0.24785737036864564,0.26120869644198,0.2257590960195536
