0,1,2,3,4,5,6,7,8,9,10,11,12,13,14,15,16,17,18,19,20,21,22,23,24,25,26,27,28,29,30,31,32,33,34,35,36,37,38,39,40,41,42,43,44,45,46,47,48,49,50,51,52,53,54,55,56,57,58,59,60,61,62,63,64,65,66,67,68,69,70,71,72,73,74,75,76,77,78,79,80,81,82,83,84,85,86,87,88,89,90,91,92,93,94,95,96,97,98,99,100,101,102,103,104,105,106,107,108,109,110,111,112,113,114,115,116,117,118,119,120,121,122,123,124,125,126,127,128,129,130,131,132,133,134,135,136,137,138,139,140,141,142,143,144,145,146,147,148,149,150,151,152,153,154,155,156,157,158,159,160,161,162,163
0.0,0.599759989266412,0.5189834499948651,0.5130912573282145,0.5092373605992538,0.5243842103805169,0.5479536947339718,0.49221581167619566,0.6449823484240587,0.5347334650332185,0.6079249906378594,0.5707616998070566,0.5943037322236847,0.5522857651136828,0.5868646122309755,0.564326745368981,0.5752200504338904,0.7314564592911867,0.5688705591974487,0.6767043868154925,0.5838837257725317,0.6007122539474983,0.5421790981472814,0.5425766068301682,0.6390794828688448,0.5113008712905598,0.5216460196270299,0.5259475034916703,0.5272409914914353,0.5646128654570547,0.6054985680164383,0.6083685937934447,0.5356950037837139,0.5115798725292959,0.6256159260147219,0.5790492893601966,0.6019722188078428,0.6303839494611645,0.5352814486327793,0.5977655778707254,0.5766245927471452,0.548149255596913,0.5976539956681425,0.5768863761285812,0.5844573029319114,0.6103485742184407,0.5167151500536885,0.5742971329822485,0.6267815604710765,0.6641317037189959,0.6556542748904296,0.546839904033039,0.546350402218846,0.546173552657696,0.5912835885121716,0.5168983360838221,0.6889432984041188,0.563950056494333,0.6104432424872522,0.6128966276505358,0.48673486173107705,0.49574893659936453,0.5613058720530465,0.5058206753241172,0.5845585199657005,0.5601738121507225,0.5590879701925284,0.5566165784607195,0.5648505351985547,0.5323684578147521,0.6169661874823296,0.5742779312142977,0.572554582430121,0.6017167625865405,0.5672182721711325,0.551475151483422,0.4973872391712789,0.5180256800354618,0.5672833562385767,0.4670949824877795,0.5136221924767432,0.6060672103772324,0.606846187865027,0.5295948758627569,0.603194817569043,0.6371196461252082,0.4933718718157845,0.6507512953461663,0.5573118156594894,0.5417735575673426,0.6635180230503871,0.5696328645787501,0.68718073670596,0.5867200933272575,0.6069188842866308,0.5435644397649889,0.4622902932801282,0.5097855192206364,0.48574634265651284,0.555583088044231,0.5450896395602834,0.43825506085065813,0.5384862891866585,0.5065028693553971,0.6387650147917503,0.5561665564008615,0.5193509164559641,0.5383418666597972,0.6043738391404628,0.5598700065820976,0.5513722722479045,0.6217535946738224,0.573369145767113,0.528669374000127,0.6255442374436473,0.5751699060603752,0.5647345373067298,0.5868704325699938,0.4945064588607971,0.4880636257753708,0.5809480267931567,0.46301429197922067,0.5598511455736932,0.6200778793648382,0.5516092384144011,0.5713979719441992,0.5040905809404852,0.49665797266387274,0.5397182731215661,0.5868853787769297,0.5280172382209176,0.517394463758307,0.5163710928534961,0.5819896463180748,0.5540508197079375,0.5235173910788283,0.603281510339129,0.604008798487456,0.6170827225841664,0.6660240042095958,0.5201025691947495,0.5610239473113083,0.61773374461938,0.5705384549333749,0.596453308970122,0.6061899861149429,0.5761092238842198,0.5201618321617794,0.6223196684493512,0.4068757515239979,0.6177640502829541,0.5818058740607966,0.5617655777556858,0.5325197463448498,0.573510361282053,0.5936281645407299,0.5605514829331372,0.5275678611265833,0.54969797051405,0.5430453371495553,0.4714121997723719,0.6053389859381358,0.4907073847053043,0.6806945349421738
0.599759989266412,0.0,0.5337590982150409,0.5309788216777983,0.468244074050297,0.5630873630753397,0.5523358506083342,0.45339764050128106,0.5458806866804067,0.5761337477538506,0.5219596240582043,0.5729584912979471,0.5424505330481367,0.5685208301015566,0.5146271301709083,0.510963830832609,0.5881802077383049,0.5610791770818101,0.54876090351517,0.5813825044870271,0.6030798323462586,0.5722425212576224,0.5152355178864141,0.560480200778512,0.5838153951706923,0.478654402508106,0.47790471534311846,0.507607655584971,0.5842382504491528,0.4779784669699765,0.520080036396426,0.5574125954370814,0.557714717757887,0.5180733878335477,0.5712477571103409,0.5908359209507371,0.503280895644876,0.5462349900126813,0.4933289493322397,0.6468032480925461,0.648279055198751,0.5845193455559923,0.4680732732338914,0.5462831868612839,0.540709993236974,0.564012483187942,0.5317053892490524,0.49806500993328306,0.5508341619216899,0.5786291758087182,0.5824544439951453,0.5908313033080677,0.5993108195341463,0.5870916873125378,0.533554043584971,0.5936797227757676,0.5995936003938046,0.5098796162966892,0.6109452777603411,0.6166393595521147,0.47138730179380695,0.48971452799966597,0.4980573214425305,0.514216472042624,0.5383219765972409,0.5222549744485206,0.5579001313677969,0.48826507254156776,0.47132282296528666,0.44761071499831967,0.538792742138335,0.5315542102193127,0.5724328917147922,0.5745961969024432,0.5537462908830316,0.5123659051827738,0.45782483864824997,0.5202811332399215,0.5011002488769971,0.47892988451951374,0.5491372989875462,0.5676255858245225,0.5785508395703776,0.5026174089977604,0.5975852444168737,0.6296960223228587,0.4299784205744251,0.5159444379041829,0.5244629923724861,0.5766320007321813,0.5575441481620165,0.6214625421617667,0.5900201883850966,0.572478148379519,0.6332333720810637,0.5276439629360689,0.46155323644102914,0.5809521670322846,0.49864491620823703,0.603518412484741,0.5139342541408909,0.3889322559919663,0.5016548721026045,0.5042371630171507,0.5599301785580659,0.5327797959915097,0.5216567954411843,0.5663711413321313,0.6303927601892672,0.6385850842970218,0.564137143703483,0.5664290639207124,0.5842595793851401,0.4978906377051012,0.5685726645552226,0.6205945573634791,0.5963400135437318,0.47694161005743424,0.5589800796326916,0.5039335576175451,0.5299458020025648,0.42239511594380286,0.6169748281781644,0.5919932329039578,0.5343496650187535,0.5476323090997331,0.5635644181861473,0.46790500921633826,0.6276051855894436,0.5215532881520603,0.5450334555276691,0.5107979634167099,0.45490108135224355,0.6028643865221217,0.5184036006592032,0.48755301546989693,0.5334244840459357,0.5562248163813118,0.5520164284358674,0.5384024843971603,0.4865487697890331,0.5650583112148007,0.7255450066421104,0.5764782223793933,0.5633935534750938,0.5403840310417172,0.5511935435161811,0.5341658197145525,0.6102474724285165,0.44367994381236653,0.5074852901345045,0.5870937153251962,0.5311291327842128,0.5879758702140095,0.5804747471801646,0.5113842504994619,0.5135679531292395,0.5414986983425155,0.5418303977847737,0.5005452790343164,0.5000043665185369,0.5902978676209022,0.5061914946655272,0.5801213328763061
0.5189834499948651,0.5337590982150409,0.0,0.4975441657867452,0.47412112394957673,0.6003817895801806,0.44416254468849437,0.50877711912639,0.49249804862146823,0.5190782112946178,0.5524155514459712,0.5179956937976948,0.5844402690316306,0.4628004051450845,0.46123544525464044,0.5947032334752191,0.5885804570962557,0.5162745206292062,0.4720277687256678,0.49278079263231384,0.6265907323654055,0.6082996346107651,0.43149745002888795,0.49052270606668935,0.5191816835233631,0.5336841908549969,0.45085836345505187,0.46295616448878263,0.4723724765906352,0.47582682428722023,0.448440327108113,0.5258564256742904,0.49351698941597527,0.4359493000756641,0.4377892432449118,0.5033939898470949,0.5132247011877347,0.5289290882561167,0.4607902858595904,0.5332985504791429,0.5262835536858457,0.5653521401879517,0.49798174458310573,0.48267599875054595,0.5165853886516028,0.5294435299737265,0.49165415093883597,0.5203538692998904,0.4564210017960903,0.5268642856477057,0.554998662572848,0.5768224894746783,0.4639474621410451,0.5387530168580851,0.48626650125754034,0.5034588627142857,0.5287341456696669,0.5999449910671727,0.48166059102906755,0.49739584191075353,0.5098016122409361,0.471711051637926,0.591764555382552,0.43168863256918744,0.4625856921951352,0.5126438695842774,0.5186501124550486,0.5420427608775454,0.5145180859612671,0.506721655590862,0.5585606491967836,0.4276226357974827,0.5273562861003742,0.6174329337526826,0.5926315063631586,0.41516640679981764,0.500741668101839,0.5007624795789717,0.5032918014610577,0.4459891136927769,0.5517678755881067,0.5214370371321827,0.5616228405996238,0.5270440379013904,0.5344511207736752,0.587340629235582,0.47262242378512737,0.46441513160971226,0.46971595798145543,0.5111423060857185,0.5682740505255411,0.4562148810981424,0.4996219884251881,0.4582237066712754,0.5286677143529089,0.4885227878164041,0.45835623529258546,0.48333078282314273,0.4062723508602042,0.5039576138433705,0.419421304516335,0.4394796280567155,0.46197856504398144,0.45460267966455353,0.5092167782445767,0.5866591251413537,0.5531506738206392,0.5235094524994991,0.5264251007898998,0.5468957340163527,0.4909401900041539,0.5051795391015245,0.56400813849732,0.49311951443003843,0.5080585188362378,0.5877790100161232,0.4636582082483913,0.441702825643037,0.5593214496032145,0.4534259083393423,0.47865762632442393,0.4601169657541487,0.4954484347972149,0.5296370467554228,0.42224686720934085,0.5083638280725449,0.5143248172782301,0.4871456884602207,0.5314671755374387,0.4852615695569215,0.5042631231637422,0.6782351136142788,0.44870016572877164,0.4911281761046071,0.49234779933204575,0.42441235385029025,0.4702605948578432,0.4551181304338952,0.5123751114417435,0.498976333059591,0.44269539804691016,0.5036073300307825,0.513519140423219,0.5293021651943387,0.5156458363265304,0.4823847050547225,0.5495770531935515,0.5243340315803721,0.5376991006194403,0.41195879283999104,0.4601255995996156,0.4549922116180551,0.4928356013879171,0.5703357759591923,0.5563566032490278,0.5140602522745232,0.4790380987345834,0.5789683345971274,0.4197368750450625,0.4622674855508881,0.464083256503019,0.44927843373146176,0.46618023494440636,0.5297998886935108
0.5130912573282145,0.5309788216777983,0.4975441657867452,0.0,0.4168457166994988,0.567384870380839,0.5111991891520592,0.5025426989415691,0.4674921204484979,0.5005287224914912,0.5446863075345897,0.5785459161687729,0.5154079629015923,0.45248829063795315,0.48743656992778395,0.4787207476449627,0.5048916498187719,0.4849070443616083,0.5508477181097513,0.46046423962822197,0.5436544489574692,0.5015761590763776,0.47277451291487077,0.48316500003934637,0.5530326749487879,0.4996414581703396,0.46339157098436684,0.5049944533744237,0.4703907715361487,0.42999127077753463,0.4894793736140538,0.5024088518324716,0.6439760627132683,0.5102819863751024,0.47234370760992433,0.519173004079182,0.5049649918926415,0.4799483408214117,0.47556370232469625,0.532242585487161,0.5444736256747996,0.49193782306595735,0.46163614663783126,0.5201028821557392,0.52673373959581,0.496879143929574,0.4146173945809336,0.4915788008700624,0.4861539997256814,0.47530914841171346,0.5777075588569068,0.5510387368733524,0.4486204011099365,0.624154248202812,0.548514727463851,0.46659364851855717,0.508090978726205,0.558837804158292,0.48308166794855895,0.4919247283997943,0.5277901704318175,0.4294673339341412,0.5247666545894385,0.40513742609739933,0.44513715299636625,0.48084376642240273,0.5411075722269258,0.45877476419320146,0.44474201221015025,0.5034315270404137,0.4910894040802368,0.4266950725241913,0.5326904546143185,0.5774452679628225,0.5174250600801198,0.4350589493013627,0.4879793568729064,0.46406059232190183,0.4945386523978395,0.4210920125791334,0.4753974424273492,0.5412497766435922,0.4827181705048678,0.4861996256919118,0.5302830689856698,0.5235192711908322,0.48539234896932537,0.4800151647709932,0.4889631392300906,0.48965532550095753,0.5401335314627304,0.5276063128488642,0.49418304036000693,0.4748002681808806,0.521326143934837,0.5146039929422372,0.4392832011698692,0.519181800757393,0.4041206195876601,0.5610979614412759,0.4420900274229899,0.4314983556534603,0.5617176210608222,0.512131265982944,0.513537720574994,0.4746876904068096,0.49900561609625926,0.4973142945869367,0.49273377066941537,0.5034146415641292,0.594138769377047,0.49658764258611693,0.592309178224911,0.47409449541862936,0.516661091624416,0.527994934247096,0.4869731385001694,0.4284280798188169,0.5754330284023509,0.4631783776113994,0.42489699708449497,0.4863964948768543,0.47887230843176654,0.5332793691980212,0.42467181060779535,0.5442206974944216,0.48087151785662735,0.4525200205631347,0.5448682425970475,0.44457899543472873,0.4438180812020537,0.47547990594733247,0.4562038235212045,0.5247776233287,0.4788921813599441,0.39023199550132076,0.42658399017218274,0.47079475163175466,0.4973045354908244,0.49775728831565375,0.536157120755492,0.4514036196423064,0.5456757310608853,0.5088580176441467,0.49149131561567283,0.5050491532881918,0.4791772741801272,0.468576956440159,0.4901882367226539,0.37101926440685123,0.537331562984331,0.48394458863073936,0.4695866905493704,0.45201860988513776,0.6010278636676721,0.5014362465823641,0.48568426574835327,0.5442067438682341,0.5334900303213905,0.4931226815613189,0.4348448947466051,0.4774041571993665,0.4441168595776214,0.5201336654874958
0.5092373605992538,0.468244074050297,0.47412112394957673,0.4168457166994988,0.0,0.43113721445893277,0.5046496183875212,0.3750677249887549,0.46516854492115,0.4284271618357001,0.520038281080457,0.4831524225679215,0.43810349056383036,0.4307229895692256,0.49663473904935007,0.4718839994146334,0.463530490600598,0.48125745358949235,0.43055729479123145,0.45495840417975913,0.498781326915117,0.536574858605467,0.44408733684333235,0.5143184687668959,0.4668037706667032,0.46802827042332795,0.40654028527188585,0.3909057851169562,0.4842516948964782,0.49758361665789824,0.44973601445284034,0.4409604528586394,0.4413971434040868,0.39746598418715623,0.4801121763944574,0.4593046296726374,0.4773679500257482,0.4721019117519587,0.4648684307319379,0.4877947654256766,0.4917271606337147,0.48586344645339435,0.4760326715560282,0.5541703800227582,0.4200394434748038,0.43336948145980125,0.49836916937735815,0.5533481712913577,0.4901099108096726,0.4884550830060849,0.49110564782458327,0.4713738117325281,0.4180090220006943,0.45342964387328316,0.46618637734266094,0.4374988401691681,0.47514713456878915,0.47904729840268084,0.4481739187544736,0.43449884824951784,0.37129997909715196,0.3997623633979122,0.44547591362024447,0.4318531266916464,0.45226186128824825,0.40470522162084355,0.4227946466042098,0.4952831938834838,0.4379327337697054,0.4067503449055225,0.4945067394180286,0.44435171345615254,0.4305982262246487,0.455283554874426,0.41535662964109643,0.4055604746405092,0.4146693396146077,0.5397836443721323,0.4167864355921383,0.4375998647901314,0.438058206987633,0.4634166902138855,0.5373858861736031,0.4017738775233687,0.4510654404326065,0.46462860341794815,0.38662860577961206,0.44146970922716616,0.39136752900643745,0.4369432093660087,0.5666990047403896,0.4472982514891109,0.53522018390166,0.42225248516813885,0.47105361285046554,0.4794469380352903,0.36491241217784115,0.4166331426304335,0.42914421482868187,0.4013148263921052,0.43457760379575916,0.3583444164771098,0.42908253325223117,0.4302711420233857,0.43565931057793345,0.4445442659525317,0.39895398581700925,0.43594222404421296,0.4726012667415475,0.4980851339126374,0.4742713025164439,0.49302554323508013,0.4281814848392147,0.409464394504211,0.44007392327591116,0.46476436632504486,0.4160920186140462,0.4876685717980446,0.443064497036819,0.4041854628232554,0.5869372900492478,0.3762324465508583,0.4565257908413552,0.5043581983111698,0.46651955963617653,0.46450965130344724,0.4034181741838609,0.42850013903853057,0.43457027824247924,0.46701987677376755,0.41891713726053814,0.4413062196261924,0.3897668434087027,0.4722620824762757,0.449786804330659,0.47877028682282,0.49667195363325894,0.518156930535295,0.45975182792185404,0.4775718503238359,0.4083648222463618,0.46592119029105444,0.4543061042197957,0.45325183951465026,0.5096573158963699,0.4810414833219072,0.5372422860244433,0.42703495179187695,0.47035225437076295,0.3665346904624039,0.4407364432892814,0.44533823723825794,0.4555606177591844,0.4831354654083151,0.4660983098221725,0.4430424836304266,0.4391503302006914,0.4636267662696792,0.4488668354658325,0.429963553013267,0.39546959808778626,0.4617553974265875,0.4129275474268761,0.5949983634839594
0.5243842103805169,0.5630873630753397,0.6003817895801806,0.567384870380839,0.43113721445893277,0.0,0.46603599354569225,0.5323339276936151,0.48501880175984174,0.5325187230476771,0.5279439495309891,0.5736351254063969,0.5912122994068869,0.47135908910474184,0.452436546758902,0.5688594714536361,0.5794283959341325,0.4875484278833587,0.5194711545345251,0.4780835208482615,0.5898846081683872,0.5126267939088928,0.4431262479137394,0.4668628616472466,0.5456768405069737,0.5190674844869878,0.4498542448030046,0.49519773692640096,0.48617202709543517,0.47799675922711593,0.4765949549916941,0.5850420456018433,0.5585452165595628,0.49637730267421787,0.4504514538209224,0.5291585621681216,0.5194765893476453,0.5114324614935806,0.462694050498492,0.5197452193277369,0.5394319140162683,0.5368578270998736,0.47730859170474194,0.5028602756380405,0.5363987700350693,0.5436825432425426,0.4851013584832441,0.5005945990268738,0.4630939838558119,0.5056847415612378,0.5889793829130405,0.6282149124961027,0.481147757804577,0.5759149682527517,0.5230790405903346,0.5365600570341456,0.5320794468181542,0.6347585630792033,0.4694877535306013,0.5308495345053476,0.5463069386978036,0.5137969382115258,0.6009109809507168,0.41879224867626064,0.44936960124913394,0.5219118791443225,0.5264865609175674,0.5024269708295431,0.46352007275421514,0.503622763598958,0.5303176231730321,0.43157531406058064,0.5405179162742415,0.6112855472453116,0.6099349773078073,0.45415020952333396,0.5062576890121555,0.5006996428057547,0.519454348861422,0.4802034944674881,0.5673518225689644,0.5216837169821604,0.5503833431210037,0.5520860522061934,0.5601617018948366,0.5750755435264135,0.49349715665043825,0.4791003347918059,0.5329619357430933,0.5248434847865184,0.555867926070865,0.5140209165754025,0.5110604978132213,0.49463359520325223,0.5218320587685739,0.5174899034600225,0.47027123515967645,0.5388094548274234,0.4198010149711931,0.5878557343589195,0.43892992844611545,0.4411559522143694,0.5002637921739723,0.47822979809499677,0.5414759758485327,0.5722733392295897,0.5766093473688224,0.524383121967248,0.5295225097492914,0.5337136805546738,0.5380517141385002,0.49641363472866956,0.6464601441728575,0.4978563710108536,0.554027398843894,0.6101439782934514,0.5194216330936047,0.4256104234528271,0.5984258733318318,0.4898987764160766,0.4447188748828116,0.4940789592696551,0.5111867465286327,0.5678750378390945,0.42329034391300807,0.5605139038981733,0.5588645937886498,0.500090205943974,0.5899041082795685,0.4567349460297535,0.5152901728956897,0.5968069549505727,0.4685426336621878,0.5139082464860472,0.4628563344286222,0.4042392324956919,0.4685792484620429,0.45009784697366273,0.46904564688844297,0.501241000672462,0.4796460747810406,0.5165047127960511,0.5479101154056746,0.5188253012571687,0.5069794832955432,0.4968423234510682,0.5155706509536839,0.5412686064481348,0.5268896914518844,0.4231831825071046,0.4858711692824059,0.4924269424719368,0.462024578325296,0.5033238202170167,0.5961757463570724,0.4991673495759019,0.47544872966662527,0.6300542981566462,0.44891725373565877,0.5170159981232887,0.46506799402213356,0.4827572564686053,0.4626387068832063,0.5032913776373845
0.5479536947339718,0.5523358506083342,0.44416254468849437,0.5111991891520592,0.5046496183875212,0.46603599354569225,0.0,0.39994464146097486,0.4667948295928465,0.5306363414262385,0.5228531780902482,0.5710973028264505,0.4781702086779273,0.4668384237820366,0.5352670655434906,0.4692635032987605,0.4903411336410468,0.5173577460657915,0.5186012634248408,0.4765494916434825,0.5128082441661451,0.48935489701071605,0.6080412176148544,0.5715995240374169,0.5902117116997582,0.47079279246651506,0.46498771655587917,0.46799556438900386,0.5641947031746106,0.49684012435120806,0.5078692889258801,0.5068293387909076,0.5144871929349323,0.5140689978569227,0.5206317705980554,0.48034118078409704,0.5230911815006495,0.46748959506219245,0.4831679733198375,0.6010202634512993,0.5264398179811042,0.5025792020546401,0.4692557740903378,0.5794168957874964,0.4714429408810938,0.49664067972115966,0.482192449209183,0.5181899468537234,0.6614480381236469,0.4736755931557746,0.5533927358532514,0.48551258171984824,0.4582156299118438,0.5056711364665033,0.5411789485344515,0.4923494866107636,0.5175833178780299,0.47481354679226817,0.5392125478879658,0.49133342369874117,0.40918356530878636,0.4100787123789483,0.43379889679418354,0.4304520731975574,0.4707158685122912,0.4451012693774273,0.49789548552931184,0.48401448590583646,0.42680960581497995,0.42654574458612476,0.4788770173126982,0.4867650410492916,0.4640532867878868,0.5066259016179727,0.43368298737950844,0.5158709262125857,0.45633033247623966,0.5748876426735752,0.4496908412415156,0.49276331315511235,0.46675359753563733,0.4864082679737648,0.5637481387683875,0.42167649506552063,0.5033661955491356,0.48275678585921833,0.4088715644732296,0.5022809252565461,0.47736527835470133,0.4868813272730509,0.5394646116390088,0.5520273933723082,0.5759203682308491,0.5015570506571155,0.5176351312751446,0.5348380220326527,0.37483945956808,0.48693803158358323,0.4377733970102677,0.4983000395634493,0.5003238320587549,0.378397511727041,0.510168228746204,0.5056518273362717,0.4594226637697974,0.45923267424410535,0.4376188855921628,0.4987445388320334,0.5522182031918108,0.5806367273509558,0.6047336008681207,0.5054249807464976,0.48904195199244,0.4479871110131814,0.4847456339534991,0.5023808412478097,0.5198218097956833,0.5300751521690626,0.4853640195672347,0.43658716640909545,0.4970161146720244,0.3984704070274467,0.49759964243500565,0.6212593680047753,0.48361268712988753,0.5576276223077068,0.43347736971270684,0.4367076375126849,0.49538970835396023,0.47619136990306926,0.4438683149318734,0.4212554889982333,0.43134241689936553,0.4880117623546473,0.4581145007169106,0.4516590790858037,0.5220350743747622,0.5582873745708402,0.5046903609434837,0.5351822445546931,0.48122013689266346,0.4764694191898553,0.5505355449244759,0.4627026800455649,0.5432831184061161,0.5408777397665171,0.476142458505169,0.4944224713851774,0.5214880702848471,0.3646026982238401,0.5013985818935309,0.5520804562130471,0.4584523306033257,0.5061363319927974,0.5551251646673545,0.48437801742160447,0.5244112087998056,0.5310652822433567,0.5961973645810829,0.5267586923082536,0.45163001274001957,0.5514651883792251,0.4632325854725899,0.5758404951207445
0.49221581167619566,0.45339764050128106,0.50877711912639,0.5025426989415691,0.3750677249887549,0.5323339276936151,0.39994464146097486,0.0,0.49732356435038894,0.4581853873625228,0.5028576112812345,0.49060709105082345,0.5868690656878791,0.4372347816361383,0.449973767803426,0.5248875919386334,0.46443687542836626,0.4726893163055337,0.45569088276997194,0.47296300705663047,0.48106519509465356,0.4761567248699812,0.4045083518769142,0.41179078233673067,0.4974993067262008,0.5087600188573914,0.47447379327712286,0.4564886945254648,0.4031417717549025,0.43493414980797895,0.5031778061316976,0.5232133269722813,0.4934618506022334,0.4556488547758926,0.42209441013700527,0.49451401193038685,0.548465285322499,0.5140040028698931,0.47537416492738493,0.44697861335741124,0.4491822167907188,0.43496952484445783,0.514960538334122,0.43487764208939994,0.6248693818625253,0.5257866526286304,0.397319169572676,0.48026691872434646,0.42738936235864755,0.4837985135905266,0.5209833947118391,0.4616849792552988,0.40813268240684597,0.4938760103691364,0.5115269423915967,0.43749757699426095,0.4857304699743193,0.5665606521356307,0.4311301930294149,0.49070914744402694,0.6742398089052675,0.4829813031638806,0.5616553643941544,0.3963805375892511,0.4235153552962048,0.5205433359632732,0.5529832629735634,0.493736833947195,0.4949906638240117,0.6634627144276447,0.5270588830911148,0.41600699311096917,0.49244002586952734,0.5604517838903547,0.5570578341161422,0.41924140243757485,0.5366349663721709,0.4187057540575075,0.5674033846546565,0.3886162882839215,0.444407552534533,0.5077277305687736,0.4694378408116784,0.5713109666148698,0.48952296120132416,0.5437187038411749,0.689379309505732,0.505290675328825,0.5227251804626318,0.5159056913923152,0.4867558401719373,0.4469055471647797,0.45263682988524534,0.4417501112647675,0.4588411696118323,0.4767359020947922,0.5078066454064192,0.44669101902342184,0.38177342196400477,0.5220022533038279,0.4358790091275727,0.5965451656005389,0.4827791995004289,0.434583263257558,0.5462381970545693,0.5305254427898308,0.5463193320529677,0.4468162895819466,0.45776315183979593,0.4375864943027964,0.4488474123681873,0.47035258443709904,0.556328278859734,0.5063285716214526,0.5155056402382415,0.4764481735116098,0.426285791388055,0.4250083708702637,0.4395147973244874,0.44400291855029606,0.40773818772336035,0.6106893349993168,0.4263132609190076,0.47587965402536986,0.3905809263368532,0.5102525731686107,0.471286853013772,0.5489243172099588,0.4737018912650628,0.46616730627419317,0.4549383638988884,0.5261401089286685,0.5519494143259144,0.46268580692571065,0.48633196525174677,0.37776654882877964,0.4321414392275071,0.42564200314979006,0.4949102844927251,0.5198131733375216,0.4712029138485968,0.4545648785804745,0.4639399920168973,0.49013375566802353,0.47395702543539076,0.47084227843591797,0.47849867702512383,0.46544862128088144,0.4753731670876563,0.3714453011345891,0.5307909647455815,0.41626182285166424,0.44058310843757653,0.44465269268848745,0.5051920321397401,0.5796887437538171,0.46248926713279154,0.4974816215601536,0.41147021795754646,0.4591552761945109,0.406201196020735,0.4200187433614337,0.4285608814027093,0.4507736851601947
0.6449823484240587,0.5458806866804067,0.49249804862146823,0.4674921204484979,0.46516854492115,0.48501880175984174,0.4667948295928465,0.49732356435038894,0.0,0.49181295723984697,0.5281006547907487,0.5005719788477256,0.5269672548899279,0.5497633627951202,0.5219972536710593,0.5005499692152847,0.4923089673169463,0.5983289183656854,0.47631307439454457,0.5956043942142601,0.5099660155456172,0.5779932313946837,0.46111378853424984,0.46011670705216473,0.5504685462033815,0.47121045024395913,0.5052531218633973,0.4554979431788362,0.47034576479740997,0.5065702557639183,0.5815167712681631,0.519991908055623,0.48716735850503706,0.4437247245704458,0.5832882974432708,0.5619014593887182,0.5424274518785372,0.6267618764467389,0.498763614549452,0.4977037220261608,0.5108231884451094,0.5354497853871512,0.5199153559963403,0.5022176811966893,0.5451082850136539,0.5116511904289024,0.4684348501691761,0.504402156543801,0.5080192991640347,0.5921747308390164,0.5332119646064127,0.4781519201965172,0.48874958655838424,0.48838315868511356,0.5111540620686185,0.5164204237345861,0.5498773989931501,0.5234533072624041,0.5344018856088878,0.5329884596270953,0.46717685816677307,0.4895632095520987,0.5020977158511071,0.5182867924644247,0.5290711835845526,0.49559281065399885,0.5411373180195735,0.5262890978224438,0.5601383346671822,0.5311255851663852,0.5857667539358574,0.5392571173611298,0.5656668751314738,0.5205264674569625,0.5362823005406318,0.4717866970777213,0.45158794675895186,0.46327544480435007,0.5088636315225373,0.4141090101238048,0.47012279663206014,0.6045297039095581,0.5454793867584763,0.5116398162077441,0.5458485719730305,0.6190592135606797,0.5027889314393278,0.5897883577287779,0.4969862478061838,0.5696624686188946,0.5841552295559673,0.5526633168995444,0.5445772025211918,0.48345606191685686,0.580276272570907,0.5266389848500649,0.46957172725066937,0.4881230451976318,0.5020200209353947,0.49622020057715016,0.5189847829883903,0.4256736637556094,0.5049202184655789,0.47600247863322515,0.6138570028440992,0.4977761952858031,0.46840626786556805,0.49476882741623157,0.5052386677178256,0.48757981269253425,0.4681432761104107,0.5955595523972255,0.5394200425183061,0.5419257803497184,0.5268365062833975,0.5058511421436807,0.48023449183679984,0.5023955616459358,0.4447496341407279,0.5083702231000742,0.5329817849970553,0.47226926069283015,0.507907626731596,0.5075930452521512,0.5599433386191864,0.49197509500710623,0.4968026629966959,0.4799593908596058,0.486763125472613,0.5572253639648617,0.5521399412668425,0.5014236809744782,0.5050359525780298,0.6051566980091878,0.5348712296177153,0.48836356578343854,0.5085560600133824,0.5322617090713708,0.555971897025532,0.5877815248922312,0.4825769272514137,0.5462902204752526,0.5632329300424745,0.6105317069140317,0.5539607778272178,0.5604871321610938,0.5889702299846872,0.4635988861283061,0.5671357025399819,0.4109662376421321,0.5590701446326931,0.5053377099463944,0.5155642747919879,0.5028650989080352,0.5127176753422447,0.5790760994659415,0.4738969949850615,0.4711823652372684,0.49157146592910306,0.4641702826073682,0.43644142580914014,0.54816521995606,0.49400898515151653,0.5842802654855104
0.5347334650332185,0.5761337477538506,0.5190782112946178,0.5005287224914912,0.4284271618357001,0.5325187230476771,0.5306363414262385,0.4581853873625228,0.49181295723984697,0.0,0.49931145073360156,0.5100696072156543,0.5708477378038866,0.5286734722035898,0.4506364995468231,0.5351595273177441,0.5617591736242992,0.5621281939563477,0.47561502921305276,0.4887708295824849,0.517846446343634,0.4823721883747619,0.5605279940104173,0.4645248939554384,0.6714176473785872,0.48859018790527886,0.5331762590054228,0.5180057556390476,0.5897427925750135,0.5066041560499528,0.4725091882865634,0.5757265328292897,0.48676417930319626,0.5000546493304412,0.47570396781247987,0.4886224971012003,0.5346643890225459,0.5299049913711086,0.42435420681596936,0.5848896501041363,0.5063532346105921,0.5684160665186803,0.4682858283259511,0.4798271187219259,0.5086649024456732,0.5449426232867078,0.5135050735665747,0.4724164498510137,0.5595248721737105,0.4725296513467885,0.5206884397525208,0.4973149474990877,0.47663269364630245,0.4723250085052901,0.5011088909292085,0.6043405277266647,0.5084682408234339,0.5074886404807483,0.5694243005510173,0.5086561644727136,0.45395580946895625,0.4672393253279277,0.46663406175778704,0.4599066092963921,0.4497948154402102,0.4894530787170597,0.5439049721287584,0.517643225704349,0.5164077705625079,0.48514165303587287,0.48505820253614584,0.4960001731274416,0.528236244878918,0.5476013369713015,0.5255528025493973,0.5388810650911775,0.4666468649878433,0.5508467503127359,0.49672685289058743,0.5198554794192001,0.5755031725726091,0.47021384831651186,0.5876263137051195,0.5272768577911133,0.5638515909415924,0.5527283468308534,0.4513961353554673,0.5258888067948603,0.5892383806339625,0.5232584683154203,0.5350631960560286,0.5258232817101122,0.5210274446351407,0.4821965981333451,0.5572572028889641,0.5408678070696133,0.3969323846940339,0.5599136989503942,0.4454745663725112,0.5728276331014894,0.4826636075096788,0.4040261158952595,0.5230476412375765,0.5416702784685847,0.5010630316693876,0.5358832114956036,0.5020162134718318,0.6604894917971877,0.5876037667804652,0.5533023283386682,0.49638888527867214,0.5108245135357956,0.578195073331477,0.566091277086763,0.5241758939305678,0.5629242548366711,0.6029089607023512,0.4846634437012663,0.5371092195224573,0.5239185111477447,0.4523080447750666,0.45151541819232915,0.5290956054840494,0.56905629422519,0.46606993951666287,0.5589772375302492,0.5024929286585612,0.4408611913553764,0.5754778955093823,0.5060420752494764,0.5924616142824936,0.49028711159910837,0.48086918141360235,0.47165179441413063,0.4378691732100159,0.4247115006507341,0.5172135728052932,0.48573643841434266,0.542888600320026,0.5298886234778158,0.4999071447656009,0.5385970401513217,0.5534086176534168,0.5021169522343424,0.552652312903021,0.5427717385575206,0.45411470682711313,0.6185989885694195,0.6564282756251129,0.4239032555538468,0.46224987122384403,0.5951908979695054,0.4391231401651154,0.5790538891470156,0.6106871694547583,0.5064793975008041,0.4932776422004692,0.5951173689429687,0.49962629341260484,0.5439711725103197,0.5892466776909482,0.5654524611057086,0.5662942304910145,0.5002093059820192
0.6079249906378594,0.5219596240582043,0.5524155514459712,0.5446863075345897,0.520038281080457,0.5279439495309891,0.5228531780902482,0.5028576112812345,0.5281006547907487,0.49931145073360156,0.0,0.6121199162987405,0.5891864234507863,0.48012739995280085,0.5234718161682508,0.6198972995807743,0.5733084443942627,0.5647618116047668,0.5526773160859945,0.5348362209566256,0.5742555083990184,0.6073909090182467,0.516312219243424,0.5239425384911325,0.5768001587676761,0.5268625604540972,0.533314786851327,0.5328843501650368,0.5061056249659673,0.5682238982423434,0.519822150057279,0.5793320699036545,0.5161235900722602,0.49664564999609506,0.5045335179332469,0.5304867288099793,0.5972171904567546,0.5551854742206951,0.5508981952371835,0.5584556143453466,0.5106890638084772,0.5241266918534396,0.5518282654749616,0.5386564343328015,0.5464684811354014,0.5226913097328425,0.4422183030437366,0.6029169801037427,0.5673202830908695,0.5538754730784684,0.6285590491791522,0.5087117692990036,0.4514329247518779,0.5615002901066857,0.6299260229624318,0.4531280029290631,0.5872473781894642,0.6643492450998207,0.5028802065992278,0.5364528539573966,0.5087856189462113,0.44755294384856315,0.5469011788822236,0.4414711173305429,0.46980208066340606,0.4878393203921062,0.5325868658724228,0.5130526255596838,0.5267546264126699,0.552540639344004,0.5402708817065338,0.464954235303819,0.5291367788881849,0.6255956881010556,0.5518278306051165,0.44971650793636386,0.5735444852926264,0.5261768781946543,0.49933456639638013,0.44338779917174775,0.45917946795901193,0.533473897082254,0.5514317482028447,0.4935396621395529,0.5367719576978942,0.5436911741098518,0.5108534261045633,0.5369994532534921,0.4916930799675337,0.4917708906654939,0.6615614446806234,0.480546809818509,0.6186936179849715,0.4979774824321072,0.5264940553965484,0.5081726550409533,0.43068515835906734,0.4533394020357878,0.422111754938595,0.501075775049324,0.4796529591337194,0.4696859332296622,0.4939656233017257,0.4575488142641402,0.5357799365333002,0.5158189819200075,0.5040869429701078,0.5025231189009076,0.5100228756359401,0.5276174180997903,0.5748246313795524,0.5422614108287366,0.537588804919204,0.5192880127781998,0.5240210380989271,0.5544931412842342,0.4686871555581335,0.5635026435577764,0.49978644646585235,0.4521872472305152,0.5207557150076606,0.46549503706254536,0.48456222804310783,0.5715217330204568,0.45064652358752466,0.562089968004936,0.467534341081084,0.5177088035055265,0.5077666769031739,0.49053699802823336,0.46913674594938953,0.526658246408129,0.51337045427401,0.5260615295025095,0.524190398804778,0.4295641056239403,0.49694884297261505,0.5105141780957033,0.5624539037248378,0.5808610749951043,0.468064006570996,0.5163932119381267,0.5295237099691219,0.524297602022571,0.5487367749256808,0.5206640728262545,0.5329039416090445,0.47863325253493905,0.5262360296580324,0.39211402243482,0.5660128028715186,0.47835880475631554,0.5721986608481754,0.4898305411935664,0.5468664900766937,0.5457831917001577,0.5888417266336289,0.5356670631588119,0.4927466043218959,0.5459817043613158,0.412567043558835,0.48559990917013673,0.43762880409876337,0.6501800111625236
0.5707616998070566,0.5729584912979471,0.5179956937976948,0.5785459161687729,0.4831524225679215,0.5736351254063969,0.5710973028264505,0.49060709105082345,0.5005719788477256,0.5100696072156543,0.6121199162987405,0.0,0.5382473971068565,0.45284366726779574,0.5351878628016559,0.5415468193558531,0.5351871749149497,0.4997017967712965,0.6186020026077658,0.5201226587835358,0.6016165886478927,0.5446785491000999,0.5192007562112338,0.5772282415835297,0.6070977474205494,0.51860010477175,0.4665792659118063,0.5024519851384744,0.5055609617216726,0.5079787193644194,0.5579614762238778,0.5663044038662214,0.5640491010934338,0.5810228200199817,0.507666073014678,0.5456392028181287,0.5678111025520841,0.5000856781254764,0.5714715507917705,0.5561477980734914,0.5501938962465583,0.5191449305628767,0.5143751980918768,0.5890864204286216,0.5653030088704966,0.5333679807182004,0.46166247736249144,0.5835150588850153,0.5575479672978156,0.5227060069281363,0.6300972655239704,0.5512079519825948,0.45139568747254716,0.621202164461951,0.6185418322655248,0.4891321531676055,0.5682110364762115,0.6074222525901715,0.4917464457808101,0.5358754325779107,0.49705560726293907,0.44187080607945267,0.5145406302694925,0.4290278754271278,0.46973466857397184,0.48881572477128793,0.5354964640938061,0.4902288701063124,0.4425741000082503,0.4888207925130808,0.5271497532687657,0.4523381326340013,0.5044967359728071,0.5906210583822357,0.5049129443989655,0.4646355559021093,0.5257748114797334,0.5279114622538734,0.5051444901970054,0.4552997208347367,0.4713886590518216,0.550557140058206,0.5564131569877435,0.4685684983753426,0.5397821008549548,0.5477450555419522,0.48396545756270437,0.5004985549701653,0.49873217332175523,0.5364256635828629,0.5710503949918083,0.5501685357876688,0.572407486362514,0.5164405563898492,0.50919184258812,0.5494711130895547,0.4382933300347867,0.5172689533363718,0.4237905413248527,0.5396892669374955,0.47914176731252967,0.4442613705078063,0.5238879284116853,0.5009459287205221,0.5141638069202165,0.5158395568971815,0.5106968660829954,0.5085992904535866,0.5260599579040428,0.6050342256444055,0.7077051609276431,0.5274114462099331,0.5460491127602348,0.4704918217182111,0.5187874813354091,0.5486934179785619,0.4987958322330188,0.511262252321795,0.5318680855692501,0.44321448955815923,0.4867613038275636,0.4489261987324528,0.5151614438600967,0.6148516960007735,0.4481458441184558,0.6069534800734963,0.4725300678387108,0.524367282331797,0.5532021214583164,0.4639852647245128,0.4596554134142868,0.4923992501978786,0.4653764902776059,0.5364850943232948,0.5326106914440241,0.4231113371587142,0.5151547589306159,0.512744583289016,0.5237169362398966,0.5669231085713903,0.47417392804617453,0.4959980548414008,0.5624713191867304,0.5064130312943703,0.5506584936688839,0.5508225418086083,0.5505237469578471,0.4828824411857537,0.5401352021058807,0.38654017095793636,0.5792382507630938,0.4862693164029771,0.5159456064812722,0.5006277891273433,0.618536941167468,0.5349081941764424,0.5440068692578517,0.5808120991179647,0.5021645747082072,0.5191633005774737,0.4163964778665667,0.49907956184074515,0.44311458420616523,0.5897504838917681
