0,1,2,3,4,5,6,7,8,9,10,11,12,13,14,15,16,17,18,19,20,21,22,23,24,25,26,27,28,29,30,31,32,33,34,35,36,37,38,39,40,41,42,43,44,45,46,47,48,49,50,51,52,53,54,55,56,57,58,59,60,61,62,63,64,65,66,67,68,69,70,71,72,73,74,75,76,77,78,79,80,81,82,83,84,85,86,87,88,89,90,91,92,93,94,95,96,97,98,99,100,101,102,103,104,105,106,107,108,109,110,111,112,113,114,115,116,117,118,119,120,121,122,123,124,125,126,127,128,129,130,131,132,133,134,135,136,137,138,139,140,141,142,143,144,145,146,147,148,149,150,151,152,153,154,155,156,157,158,159,160,161,162,163
0.0,0.8513200489961581,0.8338192999445472,0.8803112911449341,0.8430419233452976,0.8755545888454018,0.7835497709968873,0.8754624053237233,0.9345249363729459,0.7680217678595285,0.854662321774168,0.7053491789909718,0.9524714324893989,0.8877593516621874,0.7542644373778097,0.8953581095245344,0.9228442290759924,0.9600300730550887,0.8630940605565925,0.9629157218359626,0.8706771215675876,0.88078375003781,0.8438107677198613,0.7374880831480944,0.8452627738301577,0.7016401584980482,0.8419875071226283,0.9291277607360883,0.7567421905712918,0.8949257793805545,0.7380759658448587,0.8835766047452118,0.7907640721886889,0.6489529937078641,0.9277279205093832,0.7347492690580366,0.8592169641038374,0.9138082344851569,0.6158208568229331,0.9447212165707027,0.7791444111479723,0.8714887474034954,0.8230207724547421,0.7432814430120681,0.7769437230142466,0.7644903609978836,0.8172452547420918,0.7364864352583234,0.9160989144235617,0.9036512393643182,0.8935972141073472,0.913535792375014,0.8495734757276101,0.7552645756656168,0.7133082459132276,0.8325851255282946,0.9573462975262861,0.8569533637970521,0.905548159968505,0.8450845301220411,0.8360264801174265,0.7285916134742558,0.920890744570676,0.7937023737138106,0.802170059229871,0.7469623362929283,0.7426120192844922,0.8539156393685122,0.8965279496775976,0.9318643291309839,0.8965992878861001,0.8572185301944315,0.8879865022018775,0.9376105296187397,0.9287564739954348,0.7530958399915266,0.8199772656460709,0.7705955474256418,0.7228089974981018,0.7172515431955376,0.8084517119328493,0.9163684664112401,0.8825296403753693,0.9004490622178353,0.8973356230166969,0.9408830767451224,0.8654418564625742,0.9171749898222771,0.8516316056964032,0.6666732499391254,0.8906500566847013,0.7105548368038396,0.8590452998004732,0.8251444251180912,0.9317350470924785,0.7149597080015707,0.7123824221894481,0.7451379459926993,0.7430234718217666,0.798750966355133,0.6904270773791533,0.6831072588889107,0.6778004942774322,0.6861901419624468,0.9048669702374589,0.8464345703538795,0.7393316557049951,0.8908156343636275,0.762459845979175,0.7170634756050951,0.7119648130975846,0.8236725119157972,0.8942256859427188,0.8332713680596927,0.8416677549857698,0.9490122419603482,0.8894648782537458,0.7928713174319235,0.8192807130734863,0.8247790756672334,0.8990222513520078,0.8284740381071765,0.8600236894681467,0.8085086962503847,0.8921525532975407,0.683359561589254,0.8003646097750694,0.6691432843460597,0.7406469200550515,0.8512105173171552,0.9127459256013937,0.924618848280491,0.8701626017461743,0.8454335942292159,0.7124077481428913,0.7775328304434811,0.8321961670827251,0.8354950101604189,0.8451126515675377,0.8154458815910272,0.7905891407299116,0.8251161388745584,0.920390728884374,0.8063228521911909,0.7286932202140957,0.8240814656616668,0.8657631683492204,0.7128726282134805,0.8173752649478482,0.7507232320937222,0.8654979003583976,0.8510026885470491,0.8678115744755575,0.7405041742777472,0.7427292100994786,0.7876138091480159,0.9330403919695993,0.8021082372250399,0.8987033483680428,0.9030102276245129,0.7312093718732027,0.9450587034896858,0.833461081182855,0.9140219155208196
0.8513200489961581,0.0,0.9138066892616604,0.8794365790283756,0.7797513075094887,0.9713613663058788,0.8962803125618884,0.9585887179498347,0.8266634591039059,0.9258839130711165,0.8262870568022024,0.8900082320724185,0.9278209733580078,0.8457787134500089,0.825368903288755,0.9075988202899435,0.8564058471140356,0.8008766620410097,0.9159796444945205,0.9104933180119369,0.9190789535543137,0.8815693416653793,0.8034741681163193,0.8175966426202081,0.9262040352300459,0.707194310658841,0.784022003499367,0.8230162310627475,0.9212274039899639,0.8185278806375665,0.8907994716471781,0.9628217213739776,0.9195046669682626,0.7474647517698642,0.882728680191945,0.8646760252737504,0.8992518318953538,0.8570200833865845,0.8024594030125191,0.9139427034838575,0.8892591071285648,0.7941577793015541,0.8265623248389552,0.859156583405022,0.9113098693463045,0.7787887425587069,0.8684578176170235,0.8464985557900739,0.9109699001749645,0.8694551338490398,0.8899122796207136,0.8506398528436536,0.7981600606580066,0.9240056286036225,0.8852733515904917,0.885395807704986,0.8536770626314908,0.8593574033392215,0.88969649085121,0.874605029428618,0.9244216509633123,0.7608311438041874,0.8270980088564819,0.8288576959455528,0.7320562240573016,0.7184580209475839,0.8012781101240094,0.8406892270444996,0.7963365452357569,0.8500779149449591,0.8531222799644529,0.839493425980267,0.7599094844638365,0.9197348521432299,0.8699279539374668,0.7595473509190291,0.9073178936177011,0.9134033776270396,0.7245482634934383,0.7206245710492304,0.8319493390173248,0.8331725480731478,0.937789034300195,0.8880274568895534,0.7996835107474818,0.9330580378446176,0.8605168985616276,0.8524903518393566,0.8750143527223663,0.7521138641763973,0.7671353708995351,0.8484490930842956,0.9085958860568478,0.7870076051490921,0.8018229818317684,0.9084339227187015,0.81104770574021,0.8828218012844856,0.7342131997114754,0.8439080726579252,0.7983376275447288,0.828271766060961,0.7022559541866658,0.8455192900049749,0.841759419991059,0.8621806277245677,0.8386421831298997,0.8632905475166139,0.8330594853018793,0.8483701516150969,0.846290777576739,0.7480666470972089,0.8486339213385055,0.7771610578521552,0.7901155612165226,0.8410838674388925,0.8667992587175298,0.8735187676972685,0.8841743093851513,0.7680002232642248,0.8171720941714655,0.8278343899673369,0.8118583691827992,0.88083077157522,0.8020562282638736,0.8840485497702943,0.783345772051588,0.8441426328712528,0.9043616733622553,0.8748526248873382,0.8712710472254662,0.8896372736339687,0.797793338679775,0.783076835887454,0.8332696933433176,0.7715312335446342,0.8978605521141932,0.8648093565783908,0.8831196030075819,0.9093219076035914,0.8361130076215425,0.8860194302421529,0.9117964532303325,0.8380180906666892,0.8649916775081181,0.8061019305675953,0.9275380142062999,0.8174276945055596,0.9425148028996707,0.7897654108165747,0.8214807582113159,0.8722854439148395,0.8036395227076235,0.910144746408563,0.8915930181784103,0.8355313595468203,0.8640262826875331,0.9141940705727041,0.8504155859573328,0.8107727676231242,0.7651738151193833,0.8622596173819813,0.9692767726042565,0.7597499544954507
0.8338192999445472,0.9138066892616604,0.0,0.9028215604132892,0.8593304440493628,0.8988030398110641,0.8327553706902155,0.9227047471243713,0.8287809569387302,0.956824354976639,0.9199854370380866,0.8649790916814176,0.8948822767860013,0.8026877179090386,0.7516009388883516,0.946481440606117,0.9075982399619463,0.8448266718029793,0.9391892961489438,0.8765530691268751,0.9419915612300317,0.9631258195630775,0.8604630776420104,0.7556217572767735,0.9453204600229423,0.628340746984058,0.8456469239951908,0.8848427831408435,0.9164479952443834,0.8732655951335316,0.7455340837717456,0.9125835319364313,0.7837288005569049,0.647395522824641,0.8262679392815,0.7907788514818163,0.8280762529428939,0.8637556405988428,0.7275329839366054,0.8717060041701403,0.7864673669952736,0.8703381758494011,0.8114964388196919,0.7537531919833551,0.7864680722281512,0.6785468475324816,0.7497142937456045,0.8148902244936096,0.9280399091095636,0.8347926210144097,0.8289565321175635,0.7707457445095725,0.7451224745895763,0.868689752028672,0.8468015992799128,0.7616712209789742,0.8243460077889739,0.930675287379131,0.9061690160105523,0.7711069756031186,0.8648614559044797,0.6471242794985815,0.8215813261384358,0.8118761847025925,0.6810325270629061,0.6437500660612923,0.6871331865526429,0.7756870601400416,0.8943320731994072,0.930154058558865,0.7463767459166011,0.7388152731666391,0.7857644822443206,0.9360117728596313,0.9084429879575585,0.6413148734917168,0.912527449771691,0.8550359283682277,0.6312388076552925,0.6069806271481755,0.7632199592333283,0.7826856859691302,0.8695389481294141,0.8302559759825265,0.7746053256514894,0.8646749183922535,0.8403556374522368,0.8061298194181244,0.7650096915320672,0.625993783286869,0.8233309291657658,0.6847593321513932,0.8979712367384103,0.6830682882705909,0.8089960911342593,0.8161076261376283,0.6929429405542468,0.7639091422424523,0.6630535208817339,0.7006379582036681,0.6622096011172367,0.8292238206132737,0.6442477505424421,0.8415753146912384,0.788995062211898,0.7603158541315386,0.7661691152366706,0.9221694082108017,0.7180593697433635,0.7812847249666074,0.8059460790874194,0.7365974137351144,0.7776180292437749,0.8431879812360048,0.6968198151196062,0.8255094926519271,0.790757655795041,0.9574130829335116,0.92624214872268,0.7428800075189119,0.7822566736081739,0.765882392567317,0.7408820469565549,0.7486520646017886,0.737141218936797,0.790780499463044,0.7134553931513687,0.7088676274001015,0.8424555731048664,0.778427537267473,0.8822369672314835,0.9321966921799968,0.7419493984677021,0.7401293541213242,0.7991280663513464,0.6859422755701909,0.7825338922909024,0.74268420702567,0.9329549536176591,0.8534296187551687,0.770174554889814,0.8445389041103556,0.8315798349670335,0.8751658742429657,0.7852279029960232,0.7466492002592633,0.8542429640469871,0.7346325695501221,0.9506679970645815,0.7773646187696863,0.7392890322289823,0.8288222341896417,0.8934320300359089,0.8562181987474701,0.8676864202904725,0.7543190327443499,0.8670584321124059,0.8260402795132328,0.7718128685600018,0.7704255745894611,0.7091413872391056,0.7809255176647844,0.8487117706091293,0.802243351036694
0.8803112911449341,0.8794365790283756,0.9028215604132892,0.0,0.8777341615606116,0.8807798491780601,0.8148599298977975,0.899415839290017,0.8758674664035251,0.8145022472069916,0.9255656179291961,0.8048099568253113,0.9047918352122731,0.8775235219770211,0.7157751592294508,0.9328426454680033,0.9307804501678043,0.8546826952080644,0.8925307413409626,0.9025381762806466,0.9190419472086646,0.9241001479191991,0.866229228239682,0.7382055902061966,0.8596571750317079,0.712872700267952,0.8801216045381239,0.9217419492471064,0.8367617254934705,0.8714401071771956,0.7308430795962108,0.8866269116474826,0.8024944715566666,0.6832084039071555,0.9003601045036698,0.8237283379894373,0.8279644489036337,0.9134058704447373,0.7052770858516363,0.9245733788813174,0.7962643965343544,0.8835368537080653,0.7636804216947879,0.7631784525534434,0.7943776004853984,0.679033610041257,0.7320079623117608,0.7781113684382753,0.9142590177910388,0.8805627611365231,0.8636235129305913,0.8394536221494805,0.7660942245466447,0.8524890836706043,0.8144369637661855,0.7814864568733405,0.8775993858100586,0.9316334698861644,0.8720265944161345,0.8305887103722948,0.8626213923667237,0.6979504092441473,0.8456198625632807,0.8573881164693212,0.6932797071681586,0.6530679426921715,0.7539410764421854,0.7419134800625925,0.8827689894239482,0.912631367317264,0.7854001092503131,0.7965547974353613,0.8887414885290464,0.9509471843206921,0.9233764721550111,0.641715455722364,0.9409504876069071,0.845455567830844,0.6492081493078009,0.6391082856252763,0.727928714889272,0.8603124210470765,0.8237156067428257,0.859101969600208,0.8811748031484172,0.9031791449272043,0.8738529572857853,0.8368511836079002,0.7693032247541342,0.6593674926916268,0.8900890198613499,0.7210470496880003,0.8875055365163488,0.7238753286967691,0.9087352403756445,0.7472490456834069,0.7073955997919764,0.7672910458375566,0.7564653620883675,0.7524168726664007,0.7003281705729532,0.751212106649966,0.7021607343751927,0.7185872523794948,0.8611189132747474,0.7776900767812133,0.747435792194131,0.9032427817077139,0.7061062708743889,0.7345610606193808,0.8119206206620608,0.851874229038605,0.8487797281489526,0.8836449438884065,0.7511203962312377,0.89724853015622,0.7892711392783128,0.8413011401200535,0.9042629502658093,0.8337092414145209,0.8803948736528717,0.8367117647769664,0.8223176762244083,0.7415783419566743,0.8206665852802102,0.7174788190548638,0.8135966848022244,0.7207322498306032,0.8174961620614669,0.7760520339701799,0.8873332721836331,0.9407189873306324,0.8351366621718965,0.8698546424986714,0.7663607575893269,0.6803861886826792,0.7503561095369428,0.7997902918627128,0.8934782630155604,0.8072558257757053,0.7333610105908025,0.8756970277860453,0.9054277201580416,0.9120489821218077,0.7845707564242461,0.7981164778614631,0.8741296396865347,0.6685524383579505,0.8472125215829394,0.8237100842321224,0.8187893640687641,0.7892099609711324,0.9267200339653325,0.7723413801915788,0.7883633635370617,0.7394013021788174,0.8847453514270069,0.791666280117107,0.8570370014872483,0.8593657914544672,0.6541517501426846,0.8424673394660366,0.8139926969454667,0.8851544345274881
0.8430419233452976,0.7797513075094887,0.8593304440493628,0.8777341615606116,0.0,0.7520360337559016,0.7862897974251689,0.8024447733993583,0.9190807818191333,0.759351031790871,0.9269455597039983,0.7516572224622995,0.8032387822068398,0.8272629314406397,0.6622917459178356,0.8857241421452356,0.8928333743604795,0.8599103655582121,0.8087760418287564,0.8276296930643997,0.8201498523735696,0.9270509948788966,0.9210044055260594,0.6559441570133258,0.8025414697189349,0.6204250749767051,0.94463601799171,0.8943117314974244,0.7696585290890009,0.9472118832132167,0.6541562601036579,0.7853613767603167,0.6746909082280015,0.5902468229339658,0.8530251951083342,0.7454160391526556,0.7403829937125788,0.8911520133526526,0.6341027561345298,0.8259415623007272,0.6881310573934942,0.938511475678115,0.7054606485007907,0.6587528529506891,0.6780345083122886,0.5892602401352747,0.6734036770806929,0.686382545779611,0.8913986823719524,0.8235630347562855,0.7529403198726425,0.7175093808040024,0.6940918362598174,0.712854789801169,0.7218931734800608,0.7115173250077829,0.7979934423627054,0.9423372736020075,0.8043649959849498,0.735798317214381,0.6983856822788029,0.6173344093603083,0.75687661257769,0.8393366941340643,0.6322840765024459,0.5526494978877532,0.626740568125664,0.6786248147584034,0.923000316528377,0.9077241163140964,0.6899699257125727,0.7266835559597575,0.8564880701453711,0.8460730293932369,0.8726485355517983,0.5568567858526073,0.8150997773873329,0.8086670078470906,0.5581314270497538,0.5367214243328517,0.6171510069232586,0.8109320612001332,0.7785770235411423,0.7432431806088715,0.8027545353982528,0.823601170618168,0.7778518097150003,0.7935048089778207,0.6701691001149804,0.5981224323719224,0.9532084193799889,0.6476835347578055,0.8420372883538306,0.6117167042344072,0.876713335834745,0.6762147416231159,0.5819052384068648,0.6656216089256821,0.7371885012648048,0.6227351515510162,0.6088024164450515,0.6493218216617735,0.6333945793555675,0.67194894833923,0.7877535298387655,0.6773871441179452,0.6172046691369294,0.8877856011905849,0.6138194445733989,0.6396231895647839,0.6995526620435772,0.8517515508953024,0.7119387689053828,0.9216508451806052,0.6525809969835623,0.8573499368870747,0.6893593771584496,0.8480646429966527,0.7872272835928158,0.8254509077826501,0.8795008926386164,0.7529898147291463,0.7210157356604199,0.6345558881988258,0.7733901243589225,0.617538073574105,0.737515127180371,0.6397312201562625,0.701285022531651,0.6956414574898301,0.8979018417033987,0.8724767791137583,0.747086149487764,0.8364107441427658,0.6703356151378874,0.6092227441531288,0.6739518993029288,0.7281568730353438,0.8582515821056513,0.7608880653236576,0.6330451486365372,0.817926439311411,0.827421425058094,0.9016702264641242,0.6967508315516535,0.7817599571271872,0.845018541721217,0.5827534611157862,0.7896937067063664,0.7938905524384694,0.7179078744848495,0.7155157618548519,0.964855661139778,0.7331587162624259,0.7037017123197324,0.6507279367387928,0.8048799095854161,0.6883339229130943,0.7608859081788499,0.7753809781612366,0.5710528640427219,0.7680320577679951,0.7323603025115566,0.9198877773366796
0.8755545888454018,0.9713613663058788,0.8988030398110641,0.8807798491780601,0.7520360337559016,0.0,0.8270724721612597,0.9509560978757311,0.8264749609875225,0.897318123523658,0.8308447723566749,0.8302141033129403,0.9627863410398563,0.8645087251515604,0.7776894117740105,0.9154411438327122,0.8738794107731562,0.8157116646470964,0.8985052597198262,0.9192887257489921,0.906439913598793,0.8652304851313468,0.7738927073921396,0.7819024052997215,0.9107774868227186,0.7140646255607922,0.7765570103102891,0.8471885769139011,0.8943551868503914,0.811764169393062,0.843481395459457,0.974059411356823,0.8932860188091362,0.7328825560594342,0.8809324882295719,0.8301449101995892,0.9104166856092174,0.8648865178061722,0.7424966958543603,0.9071426993174712,0.8525352831591764,0.7981754784045284,0.8139480038889083,0.8394114602450458,0.8859853203963368,0.7803559754981195,0.84824570586363,0.8406654296027158,0.8868404633132997,0.8616695069280385,0.8904797801819261,0.8790704101724689,0.8147359993968658,0.8951720716933697,0.8523710406174061,0.8912816390109956,0.8710320933421272,0.8506086199873768,0.8857628312694993,0.869432153854709,0.9629676797228143,0.7759257578869083,0.8620270339285215,0.810795716922534,0.7383867140969473,0.7491776146946084,0.8182981775245558,0.8541983650031398,0.805441220754541,0.8660645424429226,0.8686647680559944,0.8423383296049985,0.797024830756868,0.9326317904029113,0.8946375006102658,0.7829137471059089,0.911707751886028,0.86855424980952,0.7328053601797493,0.7767758454448748,0.8734284976580655,0.8229182651042198,0.9191932768080974,0.9311781492116793,0.8263313535199998,0.9308418328094078,0.9003410816391105,0.8556240148131714,0.893493050353033,0.7354999113904118,0.769821756150227,0.8045223334144656,0.8865329226118582,0.819252099929359,0.8236704525761168,0.8671545702042547,0.8181082521703715,0.8613530820048639,0.7332143088793264,0.8619578529593719,0.7925121461842599,0.8123226362429734,0.6796732807359656,0.7934915880538268,0.8603298616049088,0.8689190728916039,0.8448299309350136,0.8667643705709736,0.8160513380998085,0.833146964391104,0.8182076354323754,0.742398129840408,0.9151938833825287,0.7881091029132855,0.8159052802029219,0.8605440185202845,0.8946925138109739,0.8342773036015125,0.9017175918157203,0.7858214912207683,0.8072706604042627,0.8440521519962279,0.8461302196621951,0.8781210409527141,0.8269032689547228,0.8530661979214161,0.8018841471968875,0.802075876823499,0.8882520053402032,0.8625738906781243,0.8767748876281278,0.9172349359617714,0.848392119186873,0.7931789844249608,0.8086868253586043,0.7766063379046103,0.8841207476900973,0.8292487618517972,0.8504673242220863,0.8558355234918928,0.84974506104577,0.8905077109334469,0.9018855459071343,0.8223526296028753,0.8440208301787268,0.7836519894180761,0.8816884277795578,0.8148646627944863,0.9131788453935016,0.7923645528527188,0.829172429787324,0.8808060938257365,0.7932161590068123,0.8415781471304268,0.8540374652737582,0.8343167718024884,0.8921396148873105,0.9105976744889818,0.8662494845759,0.8594737029080369,0.7828093054228942,0.8956290425608295,0.9345319179567515,0.7716587916410221
0.7835497709968873,0.8962803125618884,0.8327553706902155,0.8148599298977975,0.7862897974251689,0.8270724721612597,0.0,0.8682901996222464,0.8021048790653916,0.8484280890529309,0.770934348051496,0.8960714145045707,0.8072373260487715,0.7208829554675845,0.8630660637424896,0.7945557247606969,0.7439968245520936,0.7360082219326,0.8309809413963068,0.814243113446188,0.8481563389486223,0.8459423549704143,0.8099040667892,0.8826741568798334,0.8884577723440716,0.6927429113918682,0.7411070438763163,0.7294312404076153,0.7999745220513126,0.7788183475675695,0.8777815178926492,0.8065789555998597,0.8280007953232629,0.7163534406728925,0.7993019374764192,0.753002559267701,0.8702713499434342,0.7459250531409365,0.8021811299364064,0.8465325391228588,0.7841683297847913,0.7774190589485723,0.7693588418664863,0.8143970710027729,0.8477448862853185,0.7081360129515627,0.7940154636493392,0.8013781008935321,0.8785858363084353,0.7541434812712138,0.7864249469661589,0.7394105920314247,0.6734909095288555,0.8292485298905699,0.7800382211709128,0.8460546324829189,0.7498897568361466,0.7905515719972575,0.7903695108342089,0.7412365322531927,0.7818258840685354,0.6298057254255471,0.7030752028207324,0.7265833148457557,0.6743828318964813,0.6320055311783827,0.7820226108353915,0.8286151161705314,0.7173853602977681,0.7929610444760572,0.7971303481439674,0.7190718126340382,0.6768698038796408,0.8187519882186117,0.7405217575586056,0.6682361430554628,0.8241285388508643,0.8794454980840329,0.653546579850412,0.6198441893924951,0.7016896126319877,0.83406419007063,0.9134639483821752,0.726346950954311,0.6901023766539828,0.84645026136246,0.7957000273098707,0.7473296222524862,0.7467033281316223,0.797549843203864,0.7184960351636634,0.8189425679148581,0.7826990671665628,0.675740570811999,0.7140510360290222,0.8986562986176877,0.68689617961035,0.8258820581320185,0.651595342214425,0.7338929261688786,0.7083827900166411,0.7752115779525757,0.7019298775223616,0.8356582523425217,0.7097497429742633,0.7669159331601633,0.6994991734190595,0.8052622992846568,0.7458482157202785,0.8572805355244247,0.8465696292796033,0.6957717946595632,0.7311197072094009,0.7008224702788234,0.6678423121856379,0.7638365876213056,0.7316545575558092,0.8357948500270618,0.7631988750176365,0.6806638209480789,0.7550548888802461,0.7169161819339652,0.7254810408982924,0.827023817755571,0.724970209472463,0.802139524623288,0.6604010380467296,0.8113033481001463,0.7673012804948486,0.7789407275776481,0.7932085565080271,0.7629056752598321,0.6932163862927374,0.7244900694693106,0.8221564766426775,0.6948215432735838,0.8420047439156454,0.8232519723925601,0.8486254289764998,0.8757773794136744,0.7383290000100603,0.7518219648058987,0.8292655934392412,0.7452594757624025,0.8143890768781168,0.8317011048091483,0.9433703425311434,0.719809568684682,0.8615393479587763,0.6708795525399002,0.800755280891296,0.7335887532372255,0.7513546828719156,0.9233188995990048,0.8837452857511394,0.8593431801549697,0.821612047840073,0.8892890669706096,0.775741432378008,0.6792743711531323,0.6659141018249797,0.7508049703754281,0.8975563142282823,0.7486452700329261
0.8754624053237233,0.9585887179498347,0.9227047471243713,0.899415839290017,0.8024447733993583,0.9509560978757311,0.8682901996222464,0.0,0.858526784907931,0.9072110424328845,0.8376995523450445,0.8763517020172739,0.9432362421389882,0.8368665418562313,0.8034262878598863,0.9319949428250516,0.8885586512184379,0.8389089151200531,0.9231266110191433,0.9203342209248617,0.9261846049926662,0.8872989142095239,0.8555439807414171,0.7960719284620698,0.9292802144030247,0.7218080765416247,0.8272311850735975,0.8656176273920801,0.8672603256994739,0.8663996145071203,0.8513269093403253,0.9550126584708759,0.8832067986467552,0.7458438625809998,0.8699391723284395,0.8346851757524758,0.8903448447344282,0.8752850214747692,0.7484076230549602,0.9268643978050792,0.8585581919558329,0.82743649346412,0.8449090417793659,0.7961685323378251,0.9070398473753617,0.7913507814232107,0.8700933825455084,0.7987321497628521,0.9204679562262239,0.8781950730431087,0.8931952260523323,0.8657869715797165,0.7906788768462898,0.8717805936993619,0.836484643780586,0.8759947982564428,0.8745434679318065,0.8980992824944909,0.8787152337030215,0.8737241406336091,0.9028089945948122,0.747199323007417,0.8521031177610429,0.8161419982285183,0.7229270144949399,0.7156374478681957,0.772451005536324,0.8370892532883311,0.835542289165056,0.899801748556006,0.8455751141871338,0.8152769328900091,0.7775666577672996,0.9475111875244416,0.8971836066151849,0.7366927657359381,0.9179199269615552,0.8912471733166936,0.7389821104861718,0.6822451421155282,0.8065533721225774,0.8499721866229509,0.9372997575156085,0.891400193920105,0.8249507461371776,0.9571951853074426,0.8751241917712997,0.8670519806054169,0.8898715112609701,0.7360493775649142,0.807834225710949,0.8077254722431474,0.8941827071232941,0.769189145121527,0.8085779280665875,0.8563407747212515,0.7708508222611016,0.8707275160371328,0.7165736697247652,0.841180513360492,0.7342720722184514,0.8430224431599335,0.7227552990533216,0.8305414751517503,0.854041490480719,0.8951734101602329,0.8368144979009811,0.9029445739888917,0.820510577189764,0.8075940476753014,0.8113009291098217,0.7660342830877982,0.8344365997337697,0.8082392541699877,0.7960994845449678,0.8839955514895351,0.8680512935361475,0.8664825589150826,0.8700067098420664,0.7826680499315524,0.8161281492426581,0.8733805022273609,0.8037630957451583,0.8550628291562344,0.7668550767304193,0.8304936793251391,0.7906831905837282,0.8220040563030409,0.8698926729949642,0.8547059911947276,0.9053375916410823,0.9147620796608267,0.800010348308545,0.7763950284233077,0.7869601771116215,0.7276094575563822,0.8873950751774906,0.8403679247658664,0.9044323560050813,0.9153113695234135,0.8021781852794406,0.8619051772590695,0.9116145804637019,0.8307002335226245,0.8135217154452704,0.8409343803820737,0.9263990971125414,0.7969109350443307,0.9339091990861651,0.7868850425473671,0.8205070216120179,0.8455315882232948,0.8318597919082333,0.9082445198830815,0.8927747604222135,0.8221619673184482,0.8699175182111953,0.9198852646839176,0.8096228921501231,0.8204893416013292,0.7471888226201916,0.8449529288320585,0.9486485704734129,0.7829968785570444
0.9345249363729459,0.8266634591039059,0.8287809569387302,0.8758674664035251,0.9190807818191333,0.8264749609875225,0.8021048790653916,0.858526784907931,0.0,0.750517770464495,0.8729846061732174,0.7252675596057622,0.8864283018213462,0.8827139631310787,0.695700102003706,0.8864626498713309,0.9006240039296526,0.903884658150209,0.8014147392342202,0.8814564517736055,0.8119454114709992,0.8997846408033942,0.8842587744973749,0.6796083431341827,0.8096357167972477,0.6575417338615342,0.9255293026355654,0.9105481427815578,0.7400413924574551,0.9653170865288763,0.7039724793252192,0.8313476403941804,0.7311929369329293,0.6191333697501794,0.8949787324840359,0.7306384801738162,0.8083113435303299,0.9032536205825947,0.6087984200544327,0.8800532543600993,0.7080865862706811,0.9451307794749486,0.7170642239761257,0.6731344443644228,0.7282834281153096,0.6644934758511146,0.7563772927320632,0.6766391933740946,0.883611847591619,0.8487151339758201,0.8023325768301434,0.8029519468277925,0.7626640083144212,0.7067013734717167,0.6880318078939172,0.8383011570788674,0.8594481672917617,0.9065417736970014,0.8146395435604776,0.8014161449311664,0.7545004529042422,0.6898126822743974,0.809419858946881,0.8063475308058,0.6886590393435509,0.620431101471319,0.7052620853082316,0.7729283000329566,0.8941381237791524,0.9270683367960103,0.7949437578337175,0.7839503318962425,0.885407927859807,0.8814779927201445,0.9034296244153187,0.6433596390124916,0.8158245944270347,0.8082187861822668,0.6155266879309217,0.6228466165619463,0.685844515231015,0.8958121762672202,0.8693558171867999,0.8108918427274291,0.843214233442762,0.904677148417668,0.8347296130895804,0.8516521322299981,0.7692721642829963,0.6870435617685455,0.939454839829964,0.7130012708937215,0.8288944011875146,0.6979910168004806,0.9171227212577225,0.7005834262022917,0.6331986573783239,0.7122715668297439,0.7682401128196489,0.7229314960271722,0.6493852010431648,0.6385933505590019,0.6252665886178859,0.6495052327482083,0.8470290198789486,0.7631487648144356,0.6501962145726201,0.8926770948248893,0.6738784684861565,0.6701943319369127,0.6820993414255057,0.8336835969854322,0.8113492098010151,0.9002264018679667,0.7323963526523403,0.9491750401775753,0.7700974952181315,0.7774303586626131,0.7628649693821264,0.877842134767547,0.8965151435272695,0.8188221021690394,0.7870031636106101,0.7199359700084593,0.8420675641261006,0.6316704322328313,0.8067527623766771,0.6793637888160007,0.69647466576457,0.7505187713145953,0.9631902000691065,0.9001988789187688,0.8343981040860714,0.8842398207905656,0.6583368005342123,0.6611545940470432,0.7472270202411581,0.7722997054607647,0.8132371010150925,0.7742173322385104,0.6807133521094504,0.8337248110779607,0.9171360724134668,0.8452393251631164,0.6971207367776106,0.8254749941217536,0.9005429321608729,0.6376783673271065,0.7795845605939575,0.7819023309322756,0.778524392551706,0.7591308645893409,0.9042179759937824,0.752608097913205,0.7031909023919671,0.7206423621319957,0.8740032363115726,0.7654198859659184,0.8232205462820659,0.8519204636423728,0.6228713943281475,0.8634014874604781,0.7977203223107574,0.9359650734668096
0.7680217678595285,0.9258839130711165,0.956824354976639,0.8145022472069916,0.759351031790871,0.897318123523658,0.8484280890529309,0.9072110424328845,0.750517770464495,0.0,0.822663047226965,0.8914562421601405,0.8559729604264101,0.7412975455450718,0.7885487813364384,0.8780556351315323,0.814723689655581,0.7664490254557362,0.9030887285138604,0.8248809419066991,0.894347677540411,0.8830288478777497,0.7888354704532795,0.7833824854758819,0.9485060848239422,0.6198761082780222,0.7540435621079111,0.7860648740057332,0.9320959264304364,0.7890305190613408,0.8001531788638242,0.898334644064868,0.8121021367178293,0.6697905043867197,0.7694241131926138,0.7770021283569779,0.8342703466280662,0.784090135324207,0.7688194577496676,0.8223755770295804,0.7999121211545371,0.774608209949316,0.815987783937485,0.7824426497276754,0.8182060173231539,0.7050329663895675,0.7794338775223876,0.83786707183052,0.8775806236623702,0.7753603543062714,0.7969055217950711,0.7365657268525737,0.7171179407827537,0.8784454240295223,0.8621960594660913,0.7725036534113737,0.76192382717848,0.8405424930152996,0.8653415010937254,0.7459137373418302,0.8630015759267848,0.6450313852133293,0.7678092750110607,0.755512183275755,0.6687802763923106,0.6569629881646355,0.6941323835081591,0.798826917712672,0.7958236617552142,0.8458571732724218,0.7390642024519876,0.7176547443603997,0.6888897955969605,0.8680885174003506,0.8231551701991214,0.6774951024216145,0.8601269633287995,0.8561003917117371,0.6531770217440763,0.6285511744681745,0.7905165305722519,0.7250268095176613,0.8818799669792605,0.8018965025510975,0.698566895727561,0.8263435600219311,0.8020145949743812,0.7648201261502067,0.7794368064624234,0.6535264596442625,0.7181633340244089,0.7146775333832178,0.8539813155178562,0.6807039832425227,0.7136550459588596,0.8934372253302613,0.7165246779656967,0.7992051865454322,0.6221151977370996,0.7140919245305946,0.6874017975112532,0.8695630725917706,0.6414567404136811,0.9212923435645477,0.7330060647797072,0.7659249690056038,0.7886688270256389,0.8539680011038855,0.7564184318550079,0.8322596644964033,0.8104713172752925,0.6573560101783634,0.7436395574637349,0.7453352812899124,0.6828419527241536,0.7507742109318193,0.788142834270651,0.9359998382632977,0.8828695628315716,0.6768247329279652,0.7067498605053941,0.7307466215831943,0.704018172819893,0.78979157247238,0.6881330025460402,0.8788758760279421,0.6625074557720461,0.7491221019283025,0.8629662221393578,0.790643990258498,0.8157865165399506,0.8451435532321029,0.6927709509962372,0.6660624977057598,0.8201315417108773,0.7029208236731118,0.8252547956674195,0.739185591861074,0.8905698600794003,0.8674380949381959,0.8068608335717953,0.8011803000912459,0.7793454864592329,0.7891586050252022,0.806272824481135,0.7219831879264935,0.8273358176512171,0.8015249212377905,0.9681161240716555,0.7234326294583158,0.7124300693400454,0.829695864093846,0.7773949954335931,0.9070168549013554,0.9159890850472359,0.7851452935264203,0.8149084936005254,0.8678420502547788,0.7375725547275157,0.7088844191604692,0.7574113959945413,0.7440144446629311,0.8856193365346159,0.7022150170851128
0.854662321774168,0.8262870568022024,0.9199854370380866,0.9255656179291961,0.9269455597039983,0.8308447723566749,0.770934348051496,0.8376995523450445,0.8729846061732174,0.822663047226965,0.0,0.7862414769193339,0.87122009033723,0.856130264964837,0.6537638030515821,0.9461698080516084,0.9265302531289094,0.8449455012347563,0.848845596059347,0.8705874589214189,0.8778699325843873,0.954522279196048,0.8796428476903649,0.6919794342946197,0.873429014092981,0.6630923890667936,0.9122625137348404,0.9282825571896082,0.8526971336352167,0.8937031267469254,0.6709215361465879,0.8471042369860315,0.6960545916000561,0.628041890560211,0.8785931875976926,0.7736131359537438,0.8177196419736754,0.9113880768005876,0.6690212955500312,0.8509749156072448,0.7022243236137635,0.9324594212530726,0.7237093861610109,0.7253321310807086,0.7200119085563905,0.5941368531789922,0.6591162633159804,0.7947584308993081,0.9215679510291354,0.8160361368672557,0.7673457002483479,0.7428880894541723,0.6919563060644613,0.7836030814664438,0.7958973361033056,0.7334422248077807,0.8102977955817682,0.9518858816572071,0.8430721886640851,0.7371717228267752,0.8011947116811414,0.6232896302868721,0.7867143737449809,0.8640519583454211,0.6288971004327631,0.5830986592337238,0.6994544596289676,0.7084704794800484,0.9260056049345661,0.9383591318716025,0.7091147901513501,0.7450984185180758,0.9081420138512599,0.8956548579141195,0.9075751675764433,0.5815143259185493,0.9080493507809034,0.8343343908082929,0.5741460810331078,0.5999942777868215,0.6763327343592455,0.7747914515074108,0.7837757610552774,0.8152039138623344,0.8290493586435072,0.8404674909046488,0.8858523692885254,0.7813746658626158,0.6893265780181212,0.6101751520841235,0.9043936003369748,0.6394761030505709,0.8566555363700548,0.6432157839904931,0.8851344753256606,0.730048828183604,0.6205529327979574,0.7076679639513955,0.7322432578588128,0.6494952164789273,0.6622044145592085,0.7152161500585081,0.6352398465122004,0.7040077110357681,0.7967529584599549,0.6918329403870304,0.6607826674745423,0.9325369958432631,0.6203061000649146,0.7158556034389935,0.7784690229026525,0.8357905056220888,0.8078838236910934,0.9345584600225603,0.6689834763352978,0.851198899847386,0.7230378002514845,0.8919825799405813,0.9106712256828455,0.8270935867306627,0.8586723025713546,0.7566113622778704,0.796418967747001,0.6622223519345961,0.820790437957837,0.677613872351968,0.7368429446434025,0.6584289419747965,0.7807393956116745,0.7127456139959735,0.8893072206900436,0.9261301531286372,0.8231966823091794,0.8476063428989868,0.7565625104919236,0.6344408589755811,0.7021343068107071,0.7281808713883149,0.9058193550855363,0.7498213681891012,0.6843892171053884,0.876439787844765,0.8112216219786098,0.9216714621761015,0.7831533470400414,0.7674545240466745,0.8200676840094255,0.6066211371543627,0.8528169954264654,0.830065639956049,0.7621751913175475,0.7446024757834937,0.9501061819641786,0.726940830695185,0.7550316536422376,0.7026567654671023,0.882117635205255,0.7352228466865969,0.8177102176707912,0.8207057880742729,0.6059331114570415,0.8111544671295902,0.7508841815368984,0.9196742719873746
0.7053491789909718,0.8900082320724185,0.8649790916814176,0.8048099568253113,0.7516572224622995,0.8302141033129403,0.8960714145045707,0.8763517020172739,0.7252675596057622,0.8914562421601405,0.7862414769193339,0.0,0.7763332117887305,0.706014286794679,0.7525136713732351,0.8270099752328265,0.7486942794527383,0.6670660069191897,0.8427844895139784,0.7844926830304388,0.8623528645936136,0.8144611074113511,0.8049013188540804,0.8258453951622481,0.9003440417822584,0.7090477667152714,0.7367659871824819,0.7235723901565202,0.873084781579273,0.7448070657690007,0.8518572752895714,0.8272825871762467,0.7875925186772536,0.7946799813406987,0.768494454509999,0.8312668378834884,0.8303159525303089,0.7467679197617336,0.879628569018115,0.7887023920242184,0.7842874014736778,0.7464755423803721,0.7406034237738405,0.8181777897769135,0.8764856902968725,0.6581356999385332,0.7405763114442996,0.8421249665227397,0.8512708665826003,0.733790008095947,0.7397002833664069,0.7009243147883732,0.6219643076025166,0.871457159153477,0.8743310266226164,0.7886996175082313,0.703082850202222,0.8230838399275696,0.7479462588935791,0.7336780952100774,0.7903204786879537,0.6287394195524884,0.6696782569938453,0.7819466850013465,0.5940677116997842,0.5884672017485311,0.7477785383905128,0.711168550559589,0.7040872081229435,0.758901767550677,0.6964400541118205,0.6937804701095069,0.6673306515789728,0.7958948547317205,0.7346668499894043,0.6130810266059452,0.8720545377552669,0.9195819159359124,0.6340728709601171,0.5945741073414226,0.6674443720475693,0.7189756677468282,0.8192342072926625,0.7300030761255799,0.6934887640594491,0.8137146903383676,0.7999103700195407,0.6952726211215569,0.7162316740026858,0.750717708419243,0.6901245687144658,0.7991384093259116,0.7906926662275889,0.6252347423887543,0.6676139543111199,0.9143578996851635,0.6853861964055462,0.883899233666965,0.6624180402533352,0.7073311664999571,0.7241577825815629,0.8541752066691773,0.7285141652208509,0.8838999777663012,0.6921113950380672,0.7461113226490723,0.7352508555424234,0.8197249903226276,0.7041814839607943,0.8619209678688895,0.9137720313536701,0.7040333804306875,0.7012307563923645,0.7194058973800601,0.6356590018913958,0.7190615052353224,0.6997299505463637,0.8701750442125992,0.8313971416090676,0.6804224224436477,0.7184883726222637,0.7171473664872375,0.7271183789948802,0.7481273094371337,0.6712655386881429,0.8525931700280364,0.665993719848414,0.864167491498655,0.8753392749929836,0.7200035092828971,0.7684029229047642,0.7649034986925181,0.6773165684080596,0.7015154433351268,0.8543336473706812,0.6254173419647251,0.7989258835348522,0.7681766359113573,0.8779635015460716,0.8480437666980746,0.6863847291407494,0.7963845867812738,0.7658513281744308,0.7841839279604053,0.8767223494085417,0.8100173528336183,0.8720803184081,0.6881910837420405,0.9146112035093289,0.7446857428327766,0.7469388789016386,0.6977788525392361,0.749159599232911,0.9177031802574284,0.9362242842428892,0.775368074836403,0.7522911376810303,0.8600129424320072,0.7027303355353142,0.6620286429177684,0.6264525334720011,0.7008390929018309,0.870498200678685,0.689192784793537
