0,1,2,3,4,5,6,7,8,9,10,11,12,13,14,15,16,17,18,19,20,21,22,23,24,25,26,27,28,29,30,31,32,33,34,35,36,37,38,39,40,41,42,43,44,45,46,47,48,49,50,51,52,53,54,55,56,57,58,59,60,61,62,63,64,65,66,67,68,69,70,71,72,73,74,75,76,77,78,79,80,81,82,83,84,85,86,87,88,89,90,91,92,93,94,95,96,97,98,99,100,101,102,103,104,105,106,107,108,109,110,111,112,113,114,115,116,117,118,119,120,121,122,123,124,125,126,127,128,129,130,131,132,133,134,135,136,137,138,139,140,141,142,143,144,145,146,147,148,149,150,151,152,153,154,155,156,157,158,159,160,161,162,163
0.0,0.9537104470964315,0.785937559913083,0.846001693286826,0.8005125612909146,0.7613692610884727,0.8811529830517209,0.8413815615972747,0.8673431511664323,0.8073470278108709,0.9216845164796006,0.8541327089782005,0.8588050490586009,0.8800270653459605,0.8938516860668893,0.799311059568671,0.8016955082379825,0.9677083876095411,0.8763473793373818,0.9544240685206303,0.8734713129278464,0.9276112436819222,0.8301899418579467,0.9200712755006444,0.954195189464018,0.8413240121542359,0.772035135434197,0.760980912718276,0.9003988347195028,0.7533891289355207,0.9030289066020136,0.8617830887701421,0.8823817718794069,0.826534896084277,0.9403270739500075,0.8868423776062277,0.9533233321546194,0.9369303234206516,0.8239700141459093,0.894192009915692,0.8258713009129571,0.8658663984403108,0.9196178358685275,0.93773989014061,0.9286448378921855,0.879287368569902,0.8187410514801741,0.9318892174739755,0.9518420431253894,0.9004839798599652,0.8830206772459507,0.8495130298640987,0.8678304279856954,0.9324521984107799,0.9359622262617848,0.8424029614876563,0.9508899394700885,0.7713565308089444,0.8493746436255746,0.8942834301548364,0.8139328026002847,0.7783964049782005,0.8725150658165345,0.8609394365872304,0.9181755851686079,0.9241144182902223,0.8624235033397597,0.89198778581126,0.8566386717438325,0.9364254595691436,0.947307334082197,0.9232384753684789,0.8291066524146431,0.8478412621576594,0.8433129299559574,0.9527191131735369,0.7881438796070347,0.7770909909083484,0.8236684895425731,0.69316108248014,0.7528933171112149,0.9203357719950802,0.8024780709107641,0.7899081029455045,0.8976953294925177,0.9089473843587776,0.8949102111558067,0.8365922944057015,0.7979538563238697,0.8691079931886595,0.8605587737409004,0.8669551801784189,0.880702565778671,0.9677014876962322,0.9144113416653626,0.9290815713819708,0.8946120824095578,0.8465864453928963,0.8761868980029847,0.7862300435689581,0.9203243719036132,0.8446909466857797,0.8073097505548879,0.8627004752826128,0.9180944267275413,0.7924336257749279,0.7538061188301225,0.7701603387979364,0.8675758298228418,0.9070676205811946,0.9256658303420953,0.9097346675463964,0.8166698072237298,0.8066461237889988,0.928784528548092,0.7903202121966895,0.8706828052628884,0.9450960659772888,0.7978906018572979,0.8381735014208119,0.8802039543783843,0.7822929879090532,0.9136080004851899,0.8668683778479865,0.8825826376174942,0.8857961898211918,0.6978354878340951,0.86062985296474,0.8661808969334371,0.9404223125350071,0.7919799417780179,0.743494072807569,0.8014081685004234,0.8729635346007993,0.9518266825838548,0.9064098788859389,0.874340900373957,0.9357344476661504,0.9058726173107938,0.8334862105418767,0.8820553202322994,0.929030218375749,0.8935711710461236,0.846086409314871,0.9593105829608529,0.8654503036664231,0.8467173732909608,0.6686236900853488,0.947409000177101,0.6652270444455421,0.9414384004279487,0.8520367076350346,0.911713717388485,0.7873433707448154,0.8536668823525113,0.9668078442152193,0.8744163815094587,0.7365201820121636,0.9082892068294265,0.8076657123321253,0.7854199666194248,0.9361696916842792,0.9657807926056585,0.9237828929046977
0.9537104470964315,0.0,0.7986723800714809,0.8408428555024714,0.8102816622741791,0.8021354805947737,0.8654053542145121,0.8397811471816338,0.8718388293549114,0.8046358494036963,0.9291469402037493,0.8763311631111804,0.8441213345022119,0.8215660538830312,0.8994706786241059,0.7987609058921694,0.778995523538336,0.9061246220115927,0.8592366021812375,0.8844272055470689,0.8586601776439582,0.9486730108009563,0.7768115130578858,0.934228713262647,0.9155471956081683,0.8120121646657709,0.7450010431107041,0.7210154578698985,0.9485056040924432,0.7886766661288207,0.886988135146038,0.8144208721472935,0.9229344804357618,0.7549523604611712,0.8788589048705479,0.8189566648775639,0.942056547240332,0.8991821748417659,0.8423107651417532,0.8717944522121974,0.8395070990018834,0.8643284727867067,0.8605401051156323,0.9295257812408821,0.8577452333224606,0.8366690101134693,0.7986273987803754,0.9240192755811562,0.8901931303882218,0.8327696189033741,0.847171861572263,0.8361361113428569,0.8505030960632725,0.9273815524400749,0.8960510499682,0.868087487398966,0.9051896927394999,0.7901635242804769,0.7712796409541884,0.8367013963551508,0.8153457250731815,0.7337047645618278,0.8472534705052808,0.7647950759175168,0.8561098655417887,0.8465028570164558,0.8209411246006558,0.8912081192757715,0.7721953890966293,0.9328288453639608,0.9288468171577038,0.8473422497623473,0.7501623486893143,0.8146519226892582,0.8418736730234732,0.9044770857291559,0.7685520696570577,0.801638922829197,0.784397016629612,0.7331769618551246,0.7859465228281631,0.883404918463887,0.874741186241858,0.7856135802242075,0.8077291098769842,0.9108182333205546,0.8610585376238521,0.7578924800912963,0.7559994292803914,0.9357007730802132,0.8310771230318172,0.8203685670043764,0.8611516411896444,0.9272696785409351,0.8581759171378432,0.9742478015377677,0.8518842127838886,0.7859166179202864,0.7991722416448676,0.7354690725892259,0.8966627275497638,0.7856982519559779,0.7237218306754553,0.8383863696236118,0.826832462374268,0.7693754525505342,0.7077342496815566,0.7491396758944685,0.8416512780741641,0.916277141374684,0.8909523994802029,0.8242557853148135,0.7809907046692892,0.7797400729684093,0.8788710317552378,0.8172329825599057,0.8204448691294253,0.8873548848635877,0.7649346618223577,0.7989183822890192,0.8678106544177895,0.7726312783184234,0.8507921622798138,0.9037728066898906,0.8552529429816812,0.9316148661476488,0.6486819360879039,0.8728937694697625,0.8139838063518088,0.8955337014037148,0.8291888581647439,0.7576382447641312,0.805371857410718,0.8832390274869497,0.9170798362605106,0.8914316350867653,0.8876379446026259,0.8981954065819295,0.8373314795993746,0.8305663345775275,0.8903829860406636,0.8849231674136582,0.8519209462029358,0.7815391966910074,0.9416872717046304,0.7815546244746491,0.8801256348094658,0.7262344929668647,0.8900987513279967,0.6404543385546009,0.8915759421530361,0.879922712049284,0.8683556583135089,0.7752694727499391,0.8628714861595391,0.960585883801877,0.9067643788672114,0.7786571790157355,0.898467515450562,0.7747262965463136,0.7772529108671861,0.9115558754715533,0.9517636979591766,0.936450139193204
0.785937559913083,0.7986723800714809,0.0,0.8091672412293066,0.8560988469705163,0.8961141216492539,0.8391526814218339,0.7633131705367728,0.6198437407201384,0.8414758410733019,0.8723039586618337,0.8317039742347917,0.898984147794235,0.7112642516022594,0.7223204047603157,0.9625458411795602,0.9428275857882297,0.7755875451430965,0.7099042724951882,0.6934516048684506,0.9478964017296114,0.8476883710966363,0.7558008295719791,0.8597047497094608,0.8019807451094901,0.9602614457704385,0.6793204785943531,0.7007042157817501,0.851817421946898,0.826063388269802,0.6474637643039203,0.8890319202145753,0.7912145503268598,0.753944951523547,0.6596940398711678,0.7415137132291997,0.8755684784908007,0.7454022822341007,0.6925256963616182,0.9080875506650257,0.7555526234286946,0.9346089098512682,0.8380084328434384,0.8308830348488119,0.7783543794189945,0.8729058793554758,0.9366876794491614,0.869238328923766,0.8036175714664783,0.7751197276420997,0.8877986347277371,0.9528092477723252,0.7070646185316991,0.8676104539565334,0.8169337239439198,0.8623068404398948,0.8176007894377743,0.9102001795385496,0.7044146775296052,0.7922082330857448,0.753146940648679,0.8469863054116835,0.9338016100639854,0.6691178626610589,0.704898225211612,0.822674799183103,0.75647733796964,0.9292858880894129,0.7730551134423241,0.7815312087949985,0.8630666444493998,0.6621946612913813,0.722858325380205,0.926739824489237,0.8526888232124367,0.7263815157615501,0.9221894800452259,0.9544237492827689,0.7211668689406118,0.8231864557797068,0.8868720720287286,0.7233495287151881,0.8701934927117454,0.7363686900746267,0.8305045486993323,0.7687099176696585,0.7419832021850941,0.692958822437866,0.7345839657695153,0.7414188171336481,0.8904159513901739,0.6813151927301248,0.8068231764746492,0.7661901080958229,0.7720221046876703,0.8090898448801951,0.6565140735561226,0.7579896586463768,0.6718709889161584,0.7643338239253855,0.6511413373797384,0.8595962626684386,0.7044105300769037,0.6886292471482081,0.7080738839169599,0.9460473660584436,0.8889071803359974,0.7734555798952247,0.8969638596541499,0.8973014058742257,0.8913044166763683,0.7512273715250677,0.7842634371825935,0.6896631847798576,0.8129154625352397,0.9319961894469946,0.7406902242019202,0.7773621407235751,0.9080680499054694,0.7342241002007601,0.8005121239479939,0.7849975178209445,0.7879824399123664,0.9120295452076296,0.6146328776003661,0.8583783021285715,0.7644922892748871,0.9229131993695207,0.8495938306796819,0.7646066830164173,0.7601550074261245,0.9658646955564382,0.6429475579540288,0.6435017719284637,0.7001200861136463,0.7100700604338124,0.7775603897965621,0.7509560111986021,0.7117240670941539,0.6846087845176413,0.6463685927400329,0.8869667976230712,0.7573877179449761,0.688548106767354,0.8394474458646045,0.773079657214801,0.780554711443202,0.8791122716086619,0.7905640388972867,0.7536886120089286,0.660326634658341,0.6501309520046835,0.7456904155116213,0.9079780884713884,0.863302452799449,0.7483107968901588,0.7848236748475355,0.9453949308572307,0.6513872959970695,0.8834674962994085,0.8534198329815834,0.666921099708278,0.7856753122958153,0.7962553616801747
0.846001693286826,0.8408428555024714,0.8091672412293066,0.0,0.749369088290237,0.7642728246226304,0.9077169457395247,0.8233977987723681,0.6954664967045682,0.8895230278639082,0.8340233767384873,0.7905945238189254,0.856895103741504,0.8516507305297472,0.7773185460193767,0.7850370679183125,0.8203474691872539,0.8636512927182978,0.7628965878806169,0.7569476487557204,0.8286681588380297,0.8206537922046321,0.8523520862323914,0.8037645520957706,0.8763067757623356,0.8562809403443182,0.8425183973813681,0.779444736901723,0.8339649464636009,0.6994353718556032,0.7413900556094597,0.8837964584910161,0.8823436852812613,0.8346567064783524,0.7835762128605213,0.8439422350829034,0.8637001184870272,0.7714398099040968,0.694181536041476,0.9128145255694574,0.7487267848756683,0.8577834599906603,0.826066061863343,0.8234644899587467,0.8790076885685675,0.8529791798201916,0.8124322624272865,0.8119312423993923,0.8937171789320965,0.8138830110152424,0.8880727662206503,0.8359810490048658,0.77646868876223,0.9066389560104401,0.897717260911267,0.80998108549158,0.8181990108127393,0.7708919673702636,0.8437174513773065,0.8631150311230953,0.8022621427998154,0.8190284298003673,0.8353837318693313,0.7773686891117983,0.7801257106166469,0.8506715886893653,0.8626492982521278,0.8495642067005803,0.8590849028643186,0.8516614969264679,0.83560897019385,0.7811076775810948,0.8340952489987215,0.9027443447974213,0.8067207622482601,0.8291187328919577,0.8566958139867838,0.7926073109618382,0.7190671926922162,0.6561067088609924,0.7172677086895253,0.8180779064350102,0.7312437496037913,0.7163992412092223,0.8746540369096155,0.7614290969118194,0.8039805304252963,0.8298298302597795,0.8337870144676957,0.7349461235802577,0.8629243150644338,0.8372251955278994,0.8139845061070051,0.8122936136680494,0.8812645993699184,0.827678886569511,0.7335121839621551,0.8442701081412722,0.7812644128564786,0.8744248327322742,0.7534156237069527,0.8768971320116785,0.8601204600617735,0.806227590172154,0.8370596722123894,0.7933455965112397,0.8143236081603666,0.7560891493041556,0.8713100243727201,0.8160393101889114,0.9127514912880317,0.8219263467653517,0.8348989845856629,0.8141063941794517,0.8472569789497747,0.792436449902457,0.808414938342708,0.8272091754183747,0.864266079329283,0.8999320400585328,0.7503607347642347,0.8912955052267958,0.7966846229427622,0.8131589768367419,0.6931567730269818,0.8185094267596867,0.7968060157772732,0.8239929168511277,0.8728952597607437,0.822397420926357,0.7298266828773741,0.7297460492428849,0.6906330745100205,0.7073791529332488,0.7527126983669248,0.7212569167088528,0.7103184300530699,0.8217038946834174,0.8109887127188252,0.7068891860166592,0.8051940137696131,0.8636906458398617,0.8885250438892712,0.8053685836130947,0.8203953380855278,0.8670900929271725,0.7224233559498474,0.6956381165383213,0.8275860588624961,0.6227661714160938,0.7701825621236842,0.7325272144974855,0.7922706153035038,0.8317392785465225,0.8203099724825523,0.7996691741361941,0.7698761921472311,0.7621867566115432,0.8176793595857088,0.8784135174708355,0.8398161712569219,0.754269604290666,0.839727787530742,0.7730531478783959
0.8005125612909146,0.8102816622741791,0.8560988469705163,0.749369088290237,0.0,0.7310664341552462,0.870684426886318,0.6743457933997674,0.7224778815332593,0.6766300022083473,0.8685750066228499,0.9038870585128262,0.7260152982882425,0.6809712427850615,0.8789163867471657,0.8411267513769142,0.7976344104557045,0.7983678651005193,0.7894478668674021,0.7226276070290022,0.9196344030485609,0.9152210395199264,0.7487142864544998,0.9047365423507288,0.7378381667703782,0.8556773414330501,0.6504845611261886,0.5892670409509512,0.8680419813346126,0.9102770411123203,0.769899697658266,0.7679678348691251,0.8695096372948193,0.6699714337780839,0.7341441923200871,0.8253430935337625,0.8145848882091182,0.8326527665871478,0.8810359231379117,0.8388874986992034,0.9047075039540269,0.811203145252531,0.9060803836781555,0.9146272606665202,0.7297018154105274,0.8210450475938031,0.9078981871090095,0.8792858888831998,0.8191430834630474,0.8699314913595134,0.9023990741320281,0.869425121527332,0.809018033436255,0.8994035443779534,0.8757198420487967,0.7155480041473933,0.8739643203537009,0.911688259206549,0.684870383319368,0.8239859367637342,0.6197372542642896,0.8037817489975401,0.8866022592005072,0.7152206706786232,0.8108859396394654,0.7350965532791623,0.6612886304794248,0.8656573731073025,0.7260691299573591,0.7352580338054884,0.8977229765599258,0.7383177981114172,0.6303614835544851,0.8021351179552718,0.7142720143372537,0.7006838722572292,0.8010391168503195,0.9392445103486491,0.7378798700768261,0.7240822028540838,0.7455774854604602,0.8255300423244835,0.9000020716698843,0.6247819663679444,0.7745607149092478,0.7826391019311383,0.659562552478789,0.7138817239875661,0.619996177696985,0.7313195489126534,0.9390425226954983,0.7468603315812271,0.9456093182889028,0.7730596182912046,0.7793606287699486,0.8467575286936284,0.7222588419474006,0.6642934049693767,0.7594030493404845,0.6348214872618174,0.7285128309151152,0.7817112387849243,0.6981032185863935,0.7446974944419275,0.7477709344730867,0.8154301377228367,0.7417627471524142,0.6361278879032032,0.8808918331557296,0.8058470241425069,0.8661818643372906,0.8344282177935239,0.6384421151366337,0.6068542603153398,0.8074408547715564,0.7967234903171925,0.6618677925593278,0.8681749719167654,0.7286044921977111,0.6424214220050846,0.9564396266316928,0.7708459750297991,0.7024679289868309,0.9186480230194347,0.6912865923266431,0.8762566491601521,0.6626206992791017,0.9467239689296488,0.7363903102914772,0.8426175646707004,0.6484307460334444,0.8318882839869829,0.5957459570586028,0.7566654139784927,0.7672485256519666,0.8413585850505849,0.8217174840092564,0.8635507993266056,0.7221911715929873,0.8610837308445644,0.672896622051148,0.8426635722827099,0.7761226096965705,0.7647819564773464,0.8742871837069109,0.7393978793029745,0.9375114558776876,0.7884793118815392,0.7547716019881635,0.6677266238806745,0.7328452941792839,0.7518457766941119,0.8736643694251908,0.8416792414105767,0.827183196450904,0.7579652497634545,0.7260228205031641,0.79479609253128,0.6992067755963082,0.7585672360588068,0.6732737429022778,0.7031038922025591,0.8400411937303343,0.8839334455776316
0.7613692610884727,0.8021354805947737,0.8961141216492539,0.7642728246226304,0.7310664341552462,0.0,0.734395706576571,0.7685534244342996,0.6152231506864946,0.8245702386358992,0.8605807268130227,0.7798612219990358,0.8994968457563071,0.6663488798033059,0.6567291208531684,0.8972732529897975,0.8567914492519381,0.701456435790552,0.6985575024104496,0.6753812477389669,0.8465504561322502,0.7854132957888136,0.6572834900466971,0.8075805173634519,0.8055628675576527,0.8387006693331123,0.6071840862265647,0.7205017802413252,0.8466778840788469,0.7614776376929934,0.6246354122302155,0.8214165309234372,0.7370097342313933,0.7071668609980722,0.6297673627440079,0.6304625395692266,0.8718955545169923,0.6931567076173041,0.6498572333418797,0.796696360361508,0.6733202033907649,0.8914341916030283,0.7216498721493433,0.7828951797861379,0.7104716563163088,0.75754857840676,0.7758562247958912,0.8467803182175931,0.7224690630074226,0.6541190642602042,0.7631629498667596,0.8681647517786891,0.6435862039460327,0.7951770179591896,0.7341543596648894,0.9116828123908812,0.7481325632633867,0.8285067555336048,0.6297543667337583,0.6744656478673183,0.8519211524135124,0.7081633820642518,0.8484705155004735,0.5815534638539047,0.6337480809946571,0.778409674239418,0.7453010061626021,0.8627477585390171,0.6635390141580411,0.812443714348179,0.7914021172374035,0.6080145595784551,0.6977042678589056,0.8216975710271662,0.8907049544723153,0.7438865063667593,0.8246045208332311,0.8398320443564313,0.6773481250103275,0.9276425462875006,0.9676241055856618,0.6560826485800519,0.8581853495290983,0.8196404946827788,0.7392535685606567,0.7495499742511241,0.8154737078707514,0.6065805426915284,0.7213351295969289,0.7963752950695191,0.7448354585499402,0.6158871536932928,0.6983490286548535,0.7705017678389051,0.6997785741176629,0.8157859285450689,0.6401099645187727,0.7243347001184062,0.5971885322662672,0.7125225308728239,0.6528765377992085,0.7589863475747016,0.6116656008054469,0.644871708825558,0.6355238097654523,0.8238510816266629,0.7682904960429708,0.7889646587467577,0.7502269570928031,0.9142144648597182,0.8217988546650974,0.6441992835192446,0.819355609979618,0.7220847117845695,0.7476347433361561,0.9007693223184051,0.760228146494103,0.6909356977776295,0.8646518867901727,0.7198208877068824,0.7049148153064451,0.7122320151518541,0.8013722196319077,0.8761566654217321,0.6315186149261831,0.8547533709374416,0.6566991283032602,0.8041402717882994,0.7931937864373749,0.6730172626328117,0.8199405347768269,0.9215397510073247,0.7489967893727654,0.6564533187111353,0.6933983511068598,0.6738273239779922,0.7716179359941224,0.6642898693945587,0.6439117629076874,0.6250719465016875,0.6794273787939246,0.8173421310398334,0.6773776119499414,0.6020011778791186,0.8032768522327893,0.6705864522556291,0.7188926856079406,0.8603895451546797,0.7502873796862874,0.7216203439353214,0.6573665229785598,0.6696334259532057,0.6545278543193602,0.7395566538751632,0.8345426404877396,0.7659749127006334,0.863847597718106,0.9501874848827754,0.6610637858321993,0.8301751269643008,0.8329817088423664,0.7079197938443562,0.7316840886522924,0.7798170946917283
0.8811529830517209,0.8654053542145121,0.8391526814218339,0.9077169457395247,0.870684426886318,0.734395706576571,0.0,0.7478066212160293,0.7560770821957264,0.8370681680800456,0.858488805585153,0.8335861899604198,0.8253902506628953,0.865898092776076,0.8716693010977961,0.8031827068763759,0.8151258410383267,0.9051628035938104,0.7730048872084215,0.7756173853401299,0.8791807408687995,0.910377556389475,0.8599648980491613,0.8580686285559128,0.8444713453131572,0.8713762898894044,0.8102819422939094,0.686186168179363,0.8578780790249596,0.7782348625746497,0.7988708293307022,0.9041590403024712,0.8971171935252683,0.7839274297875056,0.8188799235477872,0.9144956130660683,0.8802131725499126,0.8083793009546892,0.7815101867175965,0.935605812322209,0.7986145356500348,0.8915494519323817,0.9064839031471905,0.8875904767696258,0.8648791742671071,0.880064528579697,0.9046163831018762,0.8565649756855672,0.9463562337658517,0.9184432990164076,0.9723761283665331,0.8436768064883766,0.8642689003288782,0.9533697360796616,0.9606677507628036,0.8026941756235288,0.8767604192821074,0.8037670653191396,0.8764712658049101,0.9311063505782118,0.7229897645708546,0.9034154547486662,0.8572868091890008,0.83372632278834,0.880317618740247,0.8479926851785918,0.8395683487624522,0.9190964385617311,0.878295442131659,0.8028738856093731,0.9218623438844817,0.8357456088716104,0.8014295824873433,0.9186092288538017,0.7466203640485214,0.8282563138236926,0.8947339775834843,0.869093250222812,0.7001648644605684,0.6565692963102848,0.7024009255100017,0.9085803631946298,0.7968385898954327,0.6385568567045118,0.8775812764066045,0.7599004018140666,0.7532527290640707,0.8921958815521585,0.7634267123201189,0.7522715138852846,0.9542218369348091,0.9029623671377469,0.9265202296195104,0.8336157575813835,0.9383507552176819,0.8590049819008678,0.7778559876588603,0.7793466857864999,0.8697634804690721,0.817718599311208,0.7922725831766991,0.9022241551777499,0.8611708970856737,0.7830189856049666,0.8701382159437755,0.8083636430612627,0.8103030238328558,0.6829830697979035,0.9360526913463656,0.8290734091216996,0.9485582286134912,0.897340591620755,0.7825773921053555,0.7296995093804366,0.8381997937283773,0.7748246790875102,0.7487678628513085,0.9282968786287327,0.8127335301322836,0.8231411606150114,0.8641978514843065,0.8299716651974441,0.7682979081253379,0.869776606635119,0.731559434878154,0.8326006617448938,0.8186502576638444,0.9126654123370395,0.8124824117935412,0.9028690308391001,0.7013176800697966,0.7588955594240444,0.6457081686489706,0.7454550685643351,0.7901540409499676,0.8119958363205202,0.743424603513245,0.8972986226108333,0.8035101010347656,0.7883043598471715,0.7604528984431149,0.9337888559151282,0.9593564051174954,0.8904871949360552,0.8708579574776076,0.8964882393474775,0.8219106038406468,0.7157438970649207,0.8210240998412007,0.6026354059797097,0.7851292633093903,0.7534225689719359,0.8822427750176208,0.9175865028690928,0.7956434844471267,0.8206770814796862,0.7584721350552811,0.7544865571706076,0.8075689543931954,0.8856564997501876,0.7792223952732433,0.753946927159749,0.8964949409158952,0.8301754687844951
0.8413815615972747,0.8397811471816338,0.7633131705367728,0.8233977987723681,0.6743457933997674,0.7685534244342996,0.7478066212160293,0.0,0.7282799931709324,0.8374630991590869,0.8060101472045741,0.8050107078670763,0.8479176540331078,0.743512722845447,0.7287660775099495,0.7886124181895461,0.80310664933481,0.835998616726652,0.8118022680291797,0.8263717563377683,0.7910699439439307,0.7664617845612931,0.8149637327077075,0.8024391823881974,0.906145013556772,0.7921789849716908,0.8167009159645696,0.8532949515607001,0.7758401981756683,0.720024753078488,0.7504515148199938,0.804331669072344,0.7843670619934281,0.8534954401869796,0.7586221197961129,0.7426076595385322,0.845338911491039,0.8049126301072738,0.6804086727068149,0.8208226156745726,0.7265330061617243,0.8050023430055742,0.7892934597067045,0.7606852381602665,0.8893535079589885,0.8568837055660536,0.7428903286944135,0.7800377300009125,0.8150744022728792,0.7408791132160212,0.7609796303517558,0.803002968925437,0.7035870420693627,0.7897705015661222,0.7780134259286036,0.8186754041425849,0.81715206068858,0.7609445442398891,0.7282701907859164,0.7975974561704801,0.8267507033958217,0.6921707667567413,0.8019629623775467,0.7125393080085847,0.7152264165743311,0.8421616486286156,0.7837611743709907,0.7714903240523922,0.7826591562479188,0.9419227126856611,0.7777531786171649,0.7391126007522949,0.7492226321431481,0.8009674176857406,0.9053284145685825,0.833479459442877,0.7417786450323718,0.7082722291546837,0.835907628835498,0.6638974007705828,0.7303795703559457,0.7426758875818599,0.7355659813007998,0.8444955109466513,0.8181087501318243,0.8773393230115462,0.8520164238797886,0.7129063865405546,0.8844711420404635,0.8133683038868657,0.7480613494980431,0.725673130278595,0.724999210751911,0.8224373668844326,0.7406131542313173,0.8028241917160471,0.7327844474798488,0.8660558151757899,0.6814596258260569,0.7988832377063686,0.7279895897025467,0.8144730721377184,0.7328084733534284,0.8275612691375861,0.7808653322127842,0.8095491851701695,0.7734336918296791,0.8681605481226932,0.7914558554166905,0.8240844948165021,0.8059699882397738,0.7490285275531047,0.7670916739227573,0.8963171165434674,0.8601628167711829,0.8315688915454518,0.876910048105699,0.7731450955874357,0.7777371589709353,0.8081373750607566,0.7059875846038769,0.8302885467153002,0.8333810130140588,0.7758098322322974,0.6845673969977931,0.814973211890219,0.6627566612052739,0.7882573352885351,0.8634721337152257,0.7669600294956136,0.8956361052245676,0.723263705057357,0.768345670113628,0.7025131973495394,0.7737897189592429,0.6934365267862551,0.8045669340320915,0.7632178132348735,0.84508216926945,0.7216642494490125,0.7710654850399672,0.7738173029973054,0.760536178479595,0.6816231395408006,0.7947838285974733,0.7793924101320896,0.712825119002695,0.6880107762853684,0.8934282848539848,0.707107913178579,0.7919287409040655,0.7184019550408766,0.764628824162602,0.7416433321261082,0.8660156890255164,0.8330701862539007,0.814299761004569,0.7625167867797535,0.7451200708248588,0.7494841103991,0.7915158708565733,0.77841625615015,0.8374241317345285,0.7656436275273154
0.8673431511664323,0.8718388293549114,0.6198437407201384,0.6954664967045682,0.7224778815332593,0.6152231506864946,0.7560770821957264,0.7282799931709324,0.0,0.636495954299591,0.7657310230270055,0.7609441336703828,0.6555443940305768,0.7660712177883527,0.9093959568480202,0.6194844356421003,0.601754487385717,0.8321906616438672,0.8035464936612386,0.8647376383759241,0.6959943627044418,0.8445383306309838,0.6853924122762103,0.7908009020074689,0.7766891576884158,0.645195756775561,0.6813961794214293,0.5966546513796707,0.773109145108153,0.6861812425001969,0.9728782857055789,0.6617102359316048,0.8243172421263422,0.6438509433947336,0.9193919963696533,0.8013537820984379,0.7774011066678096,0.8618938909201938,0.8609613893242057,0.6990984151392425,0.7834887483559934,0.6933485255932375,0.7780085790349653,0.8272160165156606,0.7641531804394444,0.6968162060439461,0.6666133766102078,0.7810553905772734,0.789377795433626,0.8004402209568455,0.7241196031909871,0.6610622623425811,0.8334829780698728,0.7918301556319877,0.8000224871320877,0.6988380931214644,0.8037873237567602,0.6490453997010232,0.7274555322985564,0.7566248383124652,0.6670001817651692,0.6420005576481341,0.6897226364757821,0.7823608192936423,0.8807836136454338,0.7168074822118915,0.713092394700732,0.7348371079202,0.698601385995893,0.8147117963958211,0.8239802171141999,0.8808139547292341,0.6690986095027466,0.6507592042925373,0.6612527999827118,0.8119184135936616,0.6138813030403144,0.6425091399503003,0.7130210274939331,0.5750324101886117,0.6058369830596447,0.9063622935125047,0.7302694401311207,0.6453784399536583,0.6924033750405646,0.8195373776513439,0.7584339274025204,0.7468937396756504,0.6372708745304393,0.8537681630149985,0.7202884328057491,0.8452810353141564,0.7915886978519813,0.8173112444149858,0.790175668421907,0.8669074753892105,0.9112644043420352,0.681717319059541,0.8425688873490371,0.6186232994239071,0.9263594935985443,0.6709134971063918,0.6884203913615026,0.8167830954330424,0.8201116382762773,0.6096085084917215,0.5689827317390906,0.6041679570273406,0.7013062989777027,0.72765163822925,0.7370946333451949,0.8018420689786261,0.645167742555444,0.6830217216473061,0.75464014151622,0.6236670841962498,0.6914295194249078,0.837644005757225,0.5936374259102435,0.7045516051960378,0.8127583755037515,0.6932285912190107,0.7187339703356904,0.7313567949109698,0.9298092908515729,0.7654817261919803,0.5670879349653737,0.7362590031361176,0.6561777290003966,0.858719543872102,0.7039592283146412,0.5931525216128212,0.7267186737363205,0.9420627771313799,0.9149733635943386,0.9029638547909279,0.7865459121635033,0.8690276518724225,0.7860234097927067,0.8580397477417807,0.8719630952844423,0.7477734243714327,0.796291594264579,0.8089113130757163,0.821681999394571,0.7139603363538777,0.8474459333919204,0.565865601857244,0.7826834601919899,0.5338798062697762,0.9200492212405982,0.8699437451016412,0.8444784552465698,0.6486816655331085,0.7043897285805935,0.89487538750001,0.7417736455453147,0.5917170032131955,0.8898350567777992,0.6157966331873194,0.6019581594527903,0.8913582779437218,0.9001697389949989,0.8446266493988844
0.8073470278108709,0.8046358494036963,0.8414758410733019,0.8895230278639082,0.6766300022083473,0.8245702386358992,0.8370681680800456,0.8374630991590869,0.636495954299591,0.0,0.7849028411962827,0.7230494260115183,0.9436282538160815,0.8360830521763513,0.6718412112397325,0.813009945955098,0.8596004819951084,0.8124940705934456,0.684020076990739,0.7261496263704477,0.80031431319206,0.7601707531818904,0.8133181885907065,0.753650856814703,0.8805588968739774,0.8455578730712798,0.8166430033011435,0.8361074624481689,0.7740842823367846,0.6692470433770754,0.6515598846416044,0.9374754617162642,0.7474195070716881,0.855758628647485,0.7017612398228061,0.7378873848171412,0.8606698422974687,0.6909000904895873,0.5987255623619566,0.8940673577509199,0.6401339473005433,0.9141160696988441,0.7567094253631075,0.7362735666998473,0.8675669378900867,0.8506178242254965,0.8094977537554283,0.7672234888132965,0.8408332610114526,0.7347946658717491,0.8254638890732487,0.8187099187079835,0.7001142446463072,0.8115607076239025,0.7945995964870086,0.9108747355545556,0.7596140143231483,0.726369153481815,0.826746653555901,0.8064771177156671,0.8627839753007606,0.8140257211820072,0.7986726491382,0.7202401834758821,0.7026793557908312,0.879330941377869,0.9029541828005063,0.8563130297047222,0.8486858513713003,0.8221543195214814,0.7877065220887058,0.7046748494966566,0.8719783754991955,0.9260236698305812,0.852363977115384,0.832426183019784,0.8837158824669687,0.7658986926754606,0.6721704724013503,0.6896931601678824,0.7619625795438537,0.7247336705042752,0.7128314925118818,0.7475945167241824,0.8532578056059139,0.7260971570714246,0.8230051771849648,0.7807004943624559,0.9127001797635554,0.7401116703543112,0.7856011521101047,0.751349259953468,0.715768967941906,0.7839289631247468,0.8229338311426516,0.7636331765624813,0.6708738446240996,0.8683721005763412,0.699745360422148,0.9467988285916789,0.6779297646453796,0.8746720777510202,0.7911095227288064,0.7074278706033131,0.7602864442502627,0.8329118751912244,0.8649895682625184,0.8275585954477436,0.8376354980934767,0.8461257809906316,0.861688443213803,0.7313434124393586,0.9151508360011761,0.8390930044465965,0.7877790305141066,0.8274104439638924,0.838937148501043,0.7572166954429531,0.9099417867401176,0.9038013005553395,0.6707951858203752,0.7662722384933911,0.825590584376646,0.7780354561897399,0.6339972299745249,0.7581846130023583,0.84341595143609,0.7847651711452316,0.8753650053345363,0.7448312701197559,0.8345346595406701,0.7661972126371178,0.7020995238377914,0.6189677914778106,0.6909941801288375,0.6495504556518527,0.6863110445425346,0.7190329441638408,0.7593574347609601,0.6138779020755788,0.712186374500233,0.8615078669158864,0.836917198983089,0.7152893925806865,0.7648045992238266,0.8495241398544907,0.6497259814751415,0.7213821988195633,0.8244059067001733,0.6512026265830457,0.6866360885766014,0.6433691962266502,0.7015070630172098,0.8530656699677875,0.7794001674408682,0.7695940507534456,0.7871499159654494,0.8016660609802109,0.718721484910231,0.9112171041617916,0.9298989421692836,0.7044801996927712,0.7804142837426161,0.7035776517370735
0.9216845164796006,0.9291469402037493,0.8723039586618337,0.8340233767384873,0.8685750066228499,0.8605807268130227,0.858488805585153,0.8060101472045741,0.7657310230270055,0.7849028411962827,0.0,0.9195893764858019,0.878865219466848,0.7647003210682976,0.8501484363623079,0.9053885105648148,0.8654327269973519,0.8648305071059383,0.8649814928368468,0.8467180085139769,0.9415100891912562,0.9420006591452769,0.7802936608574901,0.974077891415837,0.9016309804127146,0.899040279772993,0.7027060554401292,0.7371294564466597,0.9754477518803475,0.8445194885923004,0.8097807542400874,0.8482691870850064,0.8817638822895675,0.7784236545342309,0.811312375576478,0.798040308399434,0.968928373801679,0.8963409611275176,0.8473818191986855,0.9002974452735795,0.8469344612426192,0.8895620528592769,0.8933133482285824,0.9600655089697765,0.831683778107257,0.8563056258320122,0.836254776210043,0.9876106289148366,0.8868070415979461,0.8267431874531866,0.8819160117810766,0.9117796764513995,0.7863817849467307,0.9431111275112508,0.9133538793337302,0.8458349162905481,0.9326821916345907,0.8817612113148319,0.7290807453820777,0.8247461426373351,0.8150555990260802,0.7514296747887161,0.9216180099881656,0.7296797926286746,0.8068870369763073,0.8553199977115056,0.7926371834965504,0.9150054581117895,0.7595889129786934,0.9092978725869477,0.9330720306719922,0.7884816830104121,0.7380835813734518,0.8585272044983664,0.8767273795336175,0.8509696933144411,0.8395684250738292,0.8879446549062175,0.8076125450624371,0.8320892116742118,0.8572027037541882,0.8217340189657157,0.9085485886338309,0.8119136643819209,0.8459038427652482,0.8899759011875218,0.858991632432493,0.7191418968667322,0.731006075120702,0.8710290259178748,0.8735708502937398,0.7438345382849987,0.881420597788598,0.9217962592882349,0.8262707912889419,0.9400338079050314,0.7831212641350062,0.7667676845008601,0.7538527426490997,0.7190975274140902,0.8375798999392394,0.830794836163295,0.7072568443453557,0.7820240781246564,0.7857981925104612,0.8409249741491688,0.7685791417470199,0.7766169382556848,0.8592028598167759,0.9633571660677395,0.9417267033732968,0.8263351485478733,0.7841043398564566,0.7743508422005954,0.893458428630137,0.8829382141091212,0.8087574522573419,0.8876937841262915,0.8291021401188098,0.750093333337871,0.9025725912644461,0.775666638079148,0.8769252682598042,0.9621114437102638,0.789232115817448,0.9712222309184375,0.6558538919745454,0.9219237316819608,0.8536264618965494,0.8562690223480673,0.7693320172290105,0.8610317553859606,0.8024647021517466,0.8324112227545092,0.8856912638063155,0.860470334076223,0.9110050554409209,0.868917289014413,0.8096223480952617,0.8174845320033478,0.7965200836765248,0.9176998328445778,0.795039923265456,0.7408996070844481,0.9790839437004205,0.7685493033842109,0.8776037155644195,0.7830167421939358,0.8741055126225871,0.7295110714346481,0.8468655394962022,0.8139328049006201,0.8659840183517887,0.7872727874317709,0.9124062638029312,0.9128028357094726,0.9306300708940691,0.8611414361912114,0.8180743011524437,0.8363558257079238,0.7727768584581922,0.8559042343632344,0.884451025400033,0.9649685874966695
0.8541327089782005,0.8763311631111804,0.8317039742347917,0.7905945238189254,0.9038870585128262,0.7798612219990358,0.8335861899604198,0.8050107078670763,0.7609441336703828,0.7230494260115183,0.9195893764858019,0.0,0.7708433525638002,0.6718163196990841,0.8632873381771321,0.8743103246402888,0.8367346531616544,0.8301322544287634,0.9243751035442169,0.8044015368463145,0.9257228180076895,0.8893538345230735,0.819135585975269,0.9545139120328333,0.8452174860076782,0.8512633705015309,0.7110134072829565,0.702522227119439,0.9038282813730958,0.9447214039198162,0.8172081783379481,0.778074593587708,0.8818676415230303,0.7659336898845556,0.7710966146836917,0.7961501375327307,0.8629448856592998,0.8875949262253989,0.8798377604049423,0.8490765430220022,0.913488028283232,0.828259533562844,0.8985325151959053,0.9154461648870331,0.7921596326254499,0.8602479034340146,0.8483598784233393,0.8968173357879615,0.8502746061709967,0.8243992338973267,0.8545092135445209,0.8917600633066669,0.7697293766030947,0.8881442193186317,0.8677446967766436,0.7626303976170945,0.9203006347740826,0.9444122080927774,0.6699243234970537,0.8251334977019461,0.6834237574771926,0.7147100836373163,0.8883268340580023,0.7012637651176756,0.7753232194156808,0.7661838117579429,0.6771140044798157,0.8251262478029308,0.7174726555734358,0.852309817153954,0.86377345861694,0.7476302885642748,0.6421317140060752,0.7942828959510977,0.8186889107770717,0.7693547999977359,0.7703440672011366,0.8843214863693588,0.8508745715830847,0.755192968943676,0.773547015788429,0.8012233986190211,0.9100398016353373,0.728932645096606,0.8054988379155119,0.8981193887894522,0.7390746689032488,0.684744265741309,0.7045450868025661,0.8124525571821123,0.8821365198654144,0.7354069289147979,0.8976091510176035,0.8417365474650449,0.7433039666587813,0.8913511244358977,0.7199518420254141,0.7475384341940063,0.7187871684909728,0.6619270768536358,0.7588918842381596,0.7839661326807558,0.6940739397835997,0.8443608899513109,0.755808355734383,0.8410677206472468,0.7452624438373249,0.7585891961380603,0.8570261775956307,0.8666281489955716,0.888727486429213,0.8186594184675791,0.6597280414236957,0.7201638843468493,0.8734528634844823,0.8763899331764503,0.7767893686542134,0.8741743254631513,0.7485349399869792,0.6764838019967009,0.9033414531505937,0.7981070559914749,0.7810609469822072,0.9350621918018212,0.7147845492399477,0.948778409504378,0.6147778431313762,0.9276519267092639,0.811725516107284,0.8162605434215724,0.7670716582245022,0.8142913012023765,0.683014003025111,0.793269904476383,0.8162004073799155,0.812089002588035,0.9283512217303579,0.8609480769641277,0.7957631784469609,0.8942990918590693,0.7265413406053066,0.8183727526580771,0.7589159824585507,0.7079111786091112,0.90253716888555,0.7418458129239478,0.9107245270691633,0.7847111934180894,0.8525085951103407,0.7449277237952604,0.81075116837457,0.8078896770494917,0.8907094365739321,0.7834978266134952,0.9525012555675998,0.8197426474761106,0.8185456730326499,0.8381744178510465,0.7395698991340613,0.7543538877095463,0.6897287982474737,0.7852964683361685,0.8791387088479274,0.9256714798702396
