0,1,2,3,4,5,6,7,8,9,10,11,12,13,14,15,16,17,18,19,20,21,22,23,24,25,26,27,28,29,30,31,32,33,34,35,36,37,38,39,40,41,42,43,44,45,46,47,48,49,50,51,52,53,54,55,56,57,58,59,60,61,62,63,64,65,66,67,68,69,70,71,72,73,74,75,76,77,78,79,80,81,82,83,84,85,86,87,88,89,90,91,92,93,94,95,96,97,98,99,100,101,102,103,104,105,106,107,108,109,110,111,112,113,114,115,116,117,118,119,120,121,122,123,124,125,126,127,128,129,130,131,132,133,134,135,136,137,138,139,140,141,142,143,144,145,146,147,148,149,150,151,152,153,154,155,156,157,158,159,160,161,162,163
0.0,0.8719337791476105,0.7971082221197967,0.7766138529095974,0.7897840037892805,0.8337335872501709,0.8371268541854081,0.81032727169722,0.8960963443459354,0.7734472564797277,0.8456153335104997,0.8114574239111861,0.8757883112542495,0.8001995041675751,0.913524008558113,0.8074403812845526,0.8502931876870559,0.9417795956133665,0.865996448912531,0.8973796948896724,0.8617587883508258,0.8767153750080233,0.8190169268848064,0.8448807030963014,0.8733017592570385,0.7935107650838047,0.7495969153842629,0.8390335759731903,0.7747928827516631,0.8351215798488253,0.899549602466267,0.8679298391882574,0.8476294556924098,0.8020584615359063,0.894776023018843,0.8306626083977102,0.8977577939884948,0.8845627335656197,0.8090747101973846,0.8513996127011694,0.8638916402243813,0.8120797656231059,0.899438648350099,0.8673229907516593,0.8699046242519355,0.8886953900873211,0.8458031882431686,0.8500307288230926,0.9071681214310916,0.9060373975239243,0.9237470665366766,0.8745042894883442,0.8341875491260032,0.8641653953586951,0.8477252741831565,0.8219887167777994,0.9368920698347171,0.8192862902532956,0.8382643120600932,0.8531894092389745,0.808508651461018,0.7634665382920349,0.8947082878454267,0.7204452695635584,0.874674605801468,0.842120333786152,0.8092087851304269,0.8808566662400682,0.8553213047889634,0.8418222851191356,0.9361168225384283,0.8339784167887546,0.8143583043172232,0.8781739839121329,0.8518545744545948,0.8708489567329896,0.7606714705964382,0.7691104388510211,0.8822443124096045,0.7232778312756646,0.8161701699448014,0.9236609388634552,0.8673700194682668,0.8199974857188513,0.8887390674747744,0.9137743872079699,0.7941761179863639,0.8900052541280004,0.845276524570697,0.7910029782777752,0.8888816287024915,0.8387346657724869,0.9052090278713902,0.8894757446802272,0.9150836322701611,0.8382468517646613,0.7892587925196841,0.787362279633528,0.7265132568619457,0.8444266523020248,0.8011419729952032,0.7336929513521586,0.7788276206014282,0.7697406513397218,0.8969994968610954,0.8386037467801865,0.7945960658020967,0.8045626411093936,0.8832444772200112,0.8312750981599936,0.8281358071810508,0.8581164024803778,0.8638592671121342,0.722408414561694,0.8979174221516095,0.8560127190507242,0.853931285727477,0.8232955300550798,0.775568441657353,0.7371348121641083,0.8137709696688958,0.7715564336618073,0.8537079451562306,0.9033103772352221,0.8315990459561219,0.8480560315084485,0.7474586355839608,0.7924965192100766,0.7971642751804454,0.8780013532468866,0.7966216045376866,0.7809605330760162,0.7426687716457774,0.8258172697664773,0.8292697474774148,0.8429200835928166,0.8799076388029801,0.8947523876500932,0.8242304171004162,0.8977712204058362,0.8260187384062978,0.7795293815170504,0.9158936315735997,0.8217777897081425,0.8469043471659616,0.8496188320528585,0.883882617572448,0.7883914155386709,0.8588273995269777,0.5985439785587519,0.8950882735791769,0.8429765274547812,0.8402412188633116,0.7719944005695533,0.8165525617360024,0.8829568079283682,0.8479685856447308,0.8057474518625404,0.8217923501839328,0.8411429344638846,0.7728745855334203,0.8836867904641623,0.9247675354060542,0.8848739888861228
0.8719337791476105,0.0,0.8385068008963128,0.8048402516254778,0.7498724379234996,0.8797571767584927,0.8414607075730672,0.8036285913130787,0.8114291266847743,0.8859369791915996,0.837399874692128,0.8774513586481439,0.8506858653083297,0.8221605082457739,0.8573306809686602,0.8062683180486198,0.8678718085347128,0.8206076808203406,0.8701538119736686,0.8313174477763713,0.8483378910063126,0.8683958158374646,0.8383764666107164,0.8495606688162108,0.889441488531374,0.7564467691865938,0.7836315833599344,0.8597488489444091,0.9176763222087003,0.7933679580199174,0.8674786858229652,0.8493246259597272,0.8890881077013288,0.8422386761150461,0.8701560619205683,0.8753737852390143,0.8322309520641582,0.8536415309741664,0.8109811376229751,0.8722516402217231,0.9203007451682295,0.8150300754481838,0.7696119698410127,0.8515995450316379,0.8683082725817565,0.8248475136382627,0.8248623432003231,0.817882158099519,0.8663503221393877,0.8241291736869134,0.8449747053562177,0.8601779801628457,0.8120537101446756,0.9043783809478102,0.8733909047224175,0.8804071472817946,0.8396361981601738,0.8232422199139904,0.7964110119346649,0.8557178396714369,0.8061257457485771,0.7372010934338401,0.8079912194134774,0.7449832342987102,0.7438149009608828,0.7366546093327941,0.7860119144861306,0.7762474152423763,0.769749587843768,0.771254887012297,0.8127488375194261,0.7959078122833506,0.7594742059371842,0.8393080612977906,0.8628844533744809,0.8090452091580156,0.7193489529373432,0.8022009958176318,0.8125301564164998,0.7211118636621093,0.8177658248325634,0.8195179419486899,0.8650598993206681,0.8343849441588685,0.8266177814587855,0.9304193408996444,0.7219186053650244,0.7644068409278206,0.8344986892638904,0.8275683188961476,0.8193093677634683,0.8604072239607705,0.8943044140865931,0.8209932363201663,0.8564111527619147,0.8870018558443696,0.7555917587682791,0.8621127701386263,0.7270316233052982,0.8601310574315919,0.8142163569658012,0.6655211666165661,0.7330013518422112,0.8214032231260262,0.8253835838011655,0.8034107400034838,0.77855595864675,0.8913573069108357,0.8837776958927905,0.8784986149133115,0.8346292847547075,0.7811548992981097,0.8277332135589583,0.7385936365471434,0.8544339661164994,0.8836515916531419,0.8644290187269495,0.7756348352805368,0.8318811112143878,0.7798898511391447,0.7567648414351494,0.7336850859017179,0.8555904781304,0.8758182303067948,0.774417266578036,0.9139262514154358,0.7488234920777393,0.8050991173054756,0.9189402580000668,0.8148899623800505,0.8568004637664323,0.7532014694617527,0.6979941790195187,0.8256170727050254,0.8004286777285915,0.7562550633685463,0.8617959581338047,0.8724047122480721,0.8417322619343918,0.8265697377471231,0.8237710856285607,0.8100126602719482,0.9159939378326417,0.8202255069820475,0.8531704023268158,0.7844727167855107,0.8549199834073703,0.8173905650311919,0.9259747953744026,0.6850053268213374,0.7963122382311636,0.866441555814486,0.8139176731574546,0.817938520899392,0.8584326724455205,0.7923408899350329,0.8165907549782224,0.835216403955401,0.8351942370294836,0.7826955717294141,0.7951831575196682,0.862082440401003,0.9402540919481649,0.8085980831238713
0.7971082221197967,0.8385068008963128,0.0,0.7434333490714999,0.8261731000677338,0.8706904237255028,0.7914995215411381,0.8010806385917822,0.7032873175362901,0.8604217617848089,0.8974804448415049,0.8503210021979313,0.8890592846709996,0.6859974629765219,0.805288098796615,0.9285475250998326,0.9155103551081385,0.7855866357280015,0.797688115890236,0.744191211250708,0.9326508612612997,0.9224925913635642,0.7627196275369416,0.8609988077755368,0.8400264636450406,0.8294217031921872,0.7210597527346684,0.7813442784579169,0.8302832181919249,0.8378831770314067,0.742390906530515,0.8611725268199666,0.7817291771092164,0.7388500047200702,0.6938722266860019,0.7659020782461916,0.8669362955285174,0.7868921400553539,0.8006903681618673,0.8459041869183275,0.8088921927687691,0.8479660817461322,0.8423858311401362,0.8070761859972855,0.8087450066351786,0.815130336319564,0.82865964949631,0.8833462679229328,0.8164496812689186,0.7936235646536997,0.8669228768196988,0.835380422095396,0.6999924721326001,0.8671673583526135,0.8381044854366922,0.7731524798252071,0.8146145883324636,0.8803119576242144,0.7341950896171142,0.7571482585889985,0.8151259567349921,0.6980115339102284,0.8529343813144137,0.6433406729649165,0.6997126602874825,0.7443812507738362,0.7585054915728829,0.8780856624832883,0.8130255626472116,0.8038882254104183,0.8401265386180681,0.6534974677580774,0.7027891895024898,0.9189932843370736,0.8405836290605874,0.6817921708104285,0.8572708471270131,0.8613354060850716,0.7668752045371998,0.7458873232343718,0.8363282660677663,0.762303674575041,0.8935375909548359,0.773913665024142,0.7747834187949275,0.8289547121207711,0.7460736040027064,0.7133163098850727,0.736259670309301,0.7397530589349305,0.838377198521581,0.6923506760090757,0.8512952081548447,0.7275918270934157,0.7698855991061352,0.8164914254199289,0.7090732821460236,0.725359878196572,0.597035732597763,0.7525159617149743,0.671142692381974,0.7817210764320977,0.676882828829101,0.7344576436070299,0.7239728700430077,0.870136084895023,0.8471917185111959,0.8336387790886524,0.8427491184757923,0.9085053895743628,0.8245577949031111,0.7264475640367413,0.7892930109005144,0.7109057656974711,0.7554626681087512,0.8477996758221102,0.7194313503448817,0.8207253889522972,0.8387397803164389,0.6483439454380758,0.7561742779887112,0.7194743634786767,0.743022601237721,0.8781998384815811,0.6176553474102262,0.8728912162338947,0.7037636738327252,0.8314089080471633,0.8188548093712166,0.7729026947012525,0.7518993992877553,0.9052835852977864,0.6630794537303184,0.6839734730009271,0.7899702003577398,0.707891011639413,0.8130296079054204,0.7604369212498169,0.7997344039246622,0.8056037330368262,0.7156163759959785,0.7701612968673645,0.7750312880733532,0.7571508201084569,0.8410384604929672,0.7343322064249841,0.8465275623097079,0.8580175206743573,0.8625762895837462,0.6221621906631618,0.7136811209170731,0.7188729599212218,0.8105142836071517,0.8849406896163595,0.8378923006212795,0.8027427706018335,0.8392142868187862,0.8952919496667083,0.6774534717074273,0.7867122070670842,0.7544670398172811,0.6749509360696525,0.8235072967645289,0.7992536633793799
0.7766138529095974,0.8048402516254778,0.7434333490714999,0.0,0.7073688273956764,0.8321210354140107,0.8685481119327123,0.7875818268356857,0.704832886363337,0.7790623916833742,0.8278609895799862,0.8538443121711509,0.7423278244861641,0.6891056821533594,0.8077705027027982,0.6950443269288603,0.7509053007414254,0.7279444442318046,0.8480681556026015,0.6440902640971335,0.7923507734361024,0.7618686318433062,0.834416403953955,0.7608989799481212,0.8667679683640572,0.7984040205123772,0.7486980164914026,0.8306780264767852,0.7754903328947126,0.6816048440775888,0.7903259283773899,0.7195372854290945,0.9487763529230645,0.8330136505770735,0.7900820152982956,0.7997577753109253,0.793340246577585,0.7305532530050323,0.7269920659573185,0.8001433447483981,0.8634916132763032,0.7711304978350665,0.7171329631344303,0.8561478681856441,0.7819838658879676,0.697664890535718,0.6751504173650013,0.7739194460160036,0.7974736573782945,0.6848886620055182,0.8283984758844496,0.852872216917663,0.6529404815961095,0.907008504964414,0.8381549776081895,0.7477871906832135,0.7132146657350948,0.8453300953694158,0.6963759571006758,0.6898655859119822,0.7788679990234519,0.6242433628158225,0.7957874510308555,0.6046183284348362,0.6386618478199945,0.6448266320327369,0.7667328902339867,0.7147329973624512,0.7047153465191129,0.8189394537664688,0.7308300190020176,0.6460368257127309,0.7825753545579183,0.8058333761521427,0.7485769065530723,0.6686095624303893,0.7036651325021263,0.7475154212476653,0.7585790278536937,0.6378841854771689,0.7246244449671538,0.8249850141114448,0.7318137998384251,0.7480274583352969,0.8043296685598591,0.7890408390705517,0.7744080737978776,0.7132897638755177,0.7326322552469143,0.7086633381079673,0.8503338067046146,0.8500012354745597,0.76026644802286,0.6738076045587997,0.81594200078181,0.8739302192636444,0.6475016983025398,0.8730694544710335,0.6373284224553074,0.8144205786340962,0.6836398385447809,0.6706961951469841,0.9078307951634653,0.8826068046422706,0.7586388788877232,0.6813472321049411,0.6826060730764458,0.835519307017359,0.7354475110547609,0.7459172314891785,0.8941441168382308,0.7584246575096432,0.8534114369077946,0.7009571486132119,0.7747499118658777,0.7964455303441715,0.7585866085932671,0.6543498475551771,0.8960122293873893,0.7837957692662494,0.6292189249832314,0.8511256575175227,0.7413235902319821,0.8024539747908256,0.6614176386082841,0.8441890472989856,0.6778168784886992,0.6989627281923576,0.8403592588234762,0.6767334357623378,0.6825779123480491,0.6590390709288005,0.6466262356797516,0.8067914094179416,0.7024836032524767,0.6001118470390717,0.6585506297085194,0.7915213417292579,0.7547205331260198,0.733197902728621,0.8904472422370692,0.6479606029115889,0.8215149071181893,0.7709931877953845,0.7590827644150941,0.8150637677926558,0.7534007139255798,0.6822474720399002,0.7565833733369579,0.5593774456569898,0.8310281739840858,0.7731237849155277,0.7003582972319101,0.6601852207558472,0.9178350699633631,0.7335317469957122,0.713456941075054,0.8307941726149374,0.9041544374676564,0.7728305250209855,0.7063329330305776,0.7803572326190552,0.8089609033818319,0.7931251559804317
0.7897840037892805,0.7498724379234996,0.8261731000677338,0.7073688273956764,0.0,0.7510092220332724,0.8550859287012048,0.6476881439304495,0.7042333228788391,0.6885449917209647,0.8718235407862553,0.825073948646321,0.7347610526349337,0.6457429645624351,0.8242551484261946,0.8177999154680651,0.8041598193707259,0.7370621796418404,0.7439227544986995,0.6926097967888074,0.8869916960373335,0.8684274607532281,0.7796144308914701,0.8934419328143733,0.7596875416940705,0.8474433027231771,0.6518255675521414,0.6582968672784493,0.767811994964509,0.8575679946743038,0.7359643146924124,0.7357777697988698,0.747229616093241,0.6987432949510152,0.7320403446209457,0.7403333091201117,0.8286067028458134,0.7501936727922307,0.8165485887935808,0.8126537433644215,0.8029488662175409,0.8335566128470768,0.8180818124003839,0.8802054896362057,0.7009484132309249,0.7126160191725874,0.8337719822503831,0.899517797729631,0.8395811931270813,0.7747365093099337,0.8419695156759882,0.8165191263781769,0.6438383364485899,0.8027765144418368,0.7908688080347903,0.7276119103830022,0.7826398341136462,0.8341686477673479,0.6718319427792168,0.6917638814035142,0.6390939170163128,0.6447956086879443,0.7739060330256492,0.6461785928418953,0.7015819052302099,0.6389188459978684,0.6778357034734688,0.8456434344241446,0.7039274009073231,0.6930500202417236,0.82950034501875,0.6651702629236703,0.6606041071855703,0.793971169370071,0.6738386541154822,0.6354035577079489,0.7659817909326294,0.9208962450682932,0.6929713240934945,0.7668844551406515,0.7336575747206371,0.7718038961499893,0.8712359361063248,0.644257292128499,0.7528909380006001,0.7511741640741143,0.661218662859766,0.6819260180963396,0.6165371896295548,0.7083211572425198,0.9014472714747083,0.7083048932807962,0.8502656565907074,0.6801570805987546,0.7704253393016931,0.7932530230603756,0.6069803020969151,0.6825320624372733,0.6565765663119806,0.6499383949334335,0.6786426432635863,0.6565653333764548,0.691447706688042,0.6968172359019286,0.6756103704619859,0.7675260340004522,0.6768337000782206,0.7280310300071227,0.7771842419399553,0.8594687171847794,0.8426948014026877,0.8055187462084161,0.6953719457225245,0.6162529226844295,0.7033152812358912,0.7879106934724801,0.6497322381332716,0.8028695267551629,0.7678611507574606,0.6316477472770888,0.8814088384181386,0.6552605868802798,0.7491661774095929,0.8679227060963985,0.6934498090050325,0.7876168821564109,0.6411687115999798,0.7782762554003111,0.7177895089485989,0.7396694768678183,0.6515807665551387,0.773409042984614,0.5995237776491573,0.7375179035918329,0.7483399221078835,0.746584250317895,0.7982908933580708,0.821611850878937,0.7217001905941001,0.7929775718533268,0.6634261963702528,0.7334902133821417,0.7415778757211878,0.723952845560269,0.8674986134375302,0.76831504078575,0.8917097979101157,0.7165073011473861,0.7433548803101448,0.5847271542454666,0.7241540833137707,0.6793397762152359,0.7840190333230739,0.796456204820165,0.7863656767051447,0.7333083389234007,0.7609933438697863,0.8278912145877418,0.7021983999408434,0.7590523078380224,0.636323428610423,0.7031303947167462,0.7624986298540939,0.9167938815215065
0.8337335872501709,0.8797571767584927,0.8706904237255028,0.8321210354140107,0.7510092220332724,0.0,0.7970992834654593,0.8433465844085978,0.7469589199089377,0.843907566330106,0.8475193221874332,0.8943738603895082,0.8643133744732904,0.7162578691286281,0.7810999672067142,0.8592295524065865,0.8899869559080941,0.7513895046924558,0.8764246785367769,0.7274099999003911,0.8861257090892484,0.8079754192798005,0.7562506854813756,0.7807131494824138,0.8844314199340287,0.8103130384411288,0.6992917916873451,0.8410833323166615,0.8355759017365622,0.828060488012381,0.8089098570183149,0.8831940115488753,0.8763388997538524,0.8378704489837279,0.7598990499672346,0.8165092857690504,0.8553187720370447,0.8061124466179362,0.7658382013425374,0.7884548591546963,0.8640002706323476,0.8403340297365439,0.7905928115669395,0.8600034922887901,0.8170474897375735,0.8018223410290163,0.8237177375869736,0.8399028328859163,0.7829739767630043,0.7647517235721729,0.8767971728777457,0.9285448250978959,0.7388614210185791,0.8965627658853988,0.8529145695680697,0.8814067618187119,0.8093664051378645,0.9277671746111543,0.6842374389050098,0.7774599479360873,0.8422773565521776,0.75918418721497,0.9008100304512747,0.6330285531311076,0.6820171801186794,0.7442620960536084,0.7394110240263497,0.808935460537247,0.7368553642504043,0.8251735812298673,0.8183051265627149,0.6746638290778347,0.7636010723846037,0.8633648574540667,0.8900559405951589,0.7644653992297092,0.766931590221897,0.8227422939815521,0.8267009545466178,0.8084561360358736,0.902450104422158,0.7981926634632506,0.8697991034642458,0.8601617550403269,0.8604054133776025,0.8733355792111922,0.8040371902692859,0.7257207468198942,0.8332360038848365,0.7708395903437497,0.8559091541360982,0.8150231437050732,0.841198593301359,0.7763977496465474,0.7919661229923278,0.8867767998732836,0.7402409176970919,0.869040590920064,0.6621528829772872,0.840208892498984,0.7099607118606699,0.7253895982601523,0.7673604748213901,0.8138799672935518,0.8080458818830605,0.8380186235500516,0.8235799681427655,0.8794649161936444,0.8156647442237804,0.8455304446711642,0.8651209200111379,0.7450871939940092,0.8954487618481205,0.7431460669048875,0.842346623520746,0.8914995221772798,0.8530439477604654,0.71036875716381,0.9004667921874132,0.7784998347315016,0.695479096535341,0.8258777331962921,0.8274533196031997,0.9015823710254155,0.6737971169173914,0.9154567629650271,0.761364649858354,0.8035063409432267,0.901108439793976,0.7173208084919965,0.8329814299861628,0.8465629503122275,0.6972647554733492,0.7840345894458338,0.7252821043871479,0.6750350797750516,0.806871051466384,0.7597414912618907,0.7113812329703666,0.7910703070580664,0.8115468622045393,0.7860769197863141,0.8315080460669239,0.77381646334977,0.819762883232681,0.7756974898109357,0.8356218894590385,0.8375936922176972,0.8575574680368926,0.6680389391485273,0.7817849099501155,0.821791185085579,0.7268259122029604,0.7427014926236231,0.9113319000828045,0.7639095323308236,0.7643108090410555,0.9295195929535559,0.7576577827417942,0.8536759705804864,0.7723008340887387,0.8114486034878108,0.8962072841912372,0.7889750529326836
0.8371268541854081,0.8414607075730672,0.7914995215411381,0.8685481119327123,0.8550859287012048,0.7970992834654593,0.0,0.702424579998441,0.7283757166408218,0.8081178979428042,0.8603484546991207,0.8743524173578485,0.7653512759965301,0.7146749872560845,0.8785364571416747,0.7460352117138223,0.7943087124864853,0.7852959465210487,0.8203947365504322,0.6953118807614538,0.8526669162103651,0.8424628240320498,0.9347667459346345,0.8847206685841595,0.8876516207795717,0.8369146508118819,0.7412821956462207,0.7714109662883971,0.8262833149320867,0.7725147646641829,0.8059565612105869,0.7635369259709127,0.8804271664225554,0.826700411985863,0.8273878284931997,0.7999209706591682,0.8515963579329925,0.7364259659986274,0.7702865446397174,0.8900189047250631,0.8643524441036206,0.8557837736692568,0.7805541470560687,0.9156495221641889,0.7788242547913318,0.7374066031089314,0.8042288848616808,0.8519504348177315,0.9368844097982352,0.7485302080654446,0.8739850106911331,0.85492976232347,0.6739714992923029,0.8860757389262504,0.8517051899755408,0.8033983343089309,0.7633641988638303,0.8239545177381936,0.7761471487562849,0.7200702592629241,0.6948262710902736,0.6361352267264445,0.7706346114184701,0.660971273239981,0.7032294865477503,0.6527498509695923,0.7729429589438466,0.8162738389766532,0.7341683734335203,0.7447385353769786,0.796013890124631,0.7037167268174467,0.751391320865805,0.8329544446153984,0.696863710351326,0.7094260772805062,0.7405816042780702,0.8700300443267444,0.720792464115902,0.6988580141329265,0.7363576967779043,0.8320419700675217,0.8310326383962199,0.6806176570162541,0.7979144455420175,0.7858101598146979,0.6993185102594688,0.7549451377896426,0.7065382437965841,0.7390072201451204,0.9072435807792794,0.8554646591648116,0.8431217176475855,0.704836334165178,0.8502061795735131,0.8892150742223951,0.6119963707632592,0.8312716880867129,0.6795461586917959,0.7842101525105183,0.7185385000618878,0.6489519567542078,0.8473497905004368,0.8392095887680432,0.7283815007699865,0.7321105147140101,0.6783113766691274,0.8367213862930425,0.8198029326866462,0.8670926055722129,0.9333391057479759,0.808939711974815,0.804714178319095,0.6431884790455187,0.7554569158380022,0.8172683602905206,0.7525032529894181,0.7750108240545687,0.8694708357329153,0.723015682546107,0.7481854748640286,0.7200906019102172,0.7916265051886407,0.8798325905256734,0.7177997979832732,0.8515018552043179,0.6794261350473669,0.7433667003033069,0.8126910029777867,0.7473564263762155,0.6921991184728089,0.6768194475343039,0.6091018023648037,0.7757585010609196,0.7394080609968954,0.693298031357297,0.7570856749694317,0.8829202050772904,0.7944818280160765,0.7776145742192794,0.8042178272480341,0.7065807502205161,0.8592992507213904,0.7632846417262722,0.8436341305231984,0.8904778420933153,0.8275292489112112,0.718208849599331,0.8095851904557001,0.5586339586613693,0.7972233370306226,0.768866940899376,0.7521904813410225,0.7931845143657684,0.8853209350966911,0.7573115217034017,0.7717892617180183,0.8580649133939369,0.8716781907283417,0.8050240819535246,0.7205577103991218,0.7956833419397736,0.8385447347012099,0.8744034321256121
0.81032727169722,0.8036285913130787,0.8010806385917822,0.7875818268356857,0.6476881439304495,0.8433465844085978,0.702424579998441,0.0,0.8171153945927175,0.7852085568513719,0.8102083544833908,0.8120595595627134,0.874147215991911,0.7223199373460417,0.7876459987869707,0.8086063437002909,0.7776999633044045,0.7738034829057184,0.8088655786421229,0.7764628184872758,0.7760846736603032,0.7929982415301762,0.7199811796528717,0.7168166512761031,0.8336930313680292,0.7655089087083503,0.8051317049036327,0.837240913124499,0.7259546485488539,0.7563625160531257,0.8527927125819608,0.8338608867850629,0.8195777620713761,0.7976212442905299,0.7402873468113981,0.8022194801565372,0.8597742337928619,0.8433994406062144,0.7938444938304333,0.7386694524923646,0.7727412154964761,0.7172018044554431,0.8062233821698753,0.7407085519928723,0.9183872626133895,0.8204189604820165,0.6889724821263977,0.7715330256642827,0.7454120664884623,0.7712637342847123,0.8147267222029315,0.7661456830175248,0.6925679655009036,0.8298922456553409,0.8342255645313839,0.7521771501644302,0.7898691678117722,0.8480790600577957,0.6904810477453494,0.7935936607587755,0.949619362606055,0.7392816261136715,0.8375209054772039,0.6427316905023933,0.6816916670572402,0.7741978525562725,0.8278102002953333,0.7736592954179813,0.8071903389379197,0.9466761265690145,0.8115485763957735,0.6922728061542274,0.7496630378247683,0.8493346165152108,0.8927787467635906,0.7284502239833578,0.7998533852373706,0.6949241708197372,0.8799279719782757,0.630014241112503,0.7318957889379661,0.8163976081752047,0.7771103040734861,0.8830883482602528,0.7928208241375438,0.8887230774860698,0.9261324461211241,0.7860821344448017,0.8632371353826969,0.8176163360620039,0.7703155439876097,0.7541062344517657,0.7745600309088463,0.7429793156633467,0.7516502769204098,0.813118164980615,0.8266852997497619,0.7613068431140759,0.6240184471273975,0.8310001638124357,0.7376976607184802,0.8719983244236301,0.7378534691771054,0.7494430321200936,0.8398757571097801,0.8072313322309258,0.8313028411384457,0.7836355324436762,0.7606381949775497,0.7332348448741974,0.7514789674697824,0.7356604858757914,0.8354616994086905,0.8528483356176895,0.8154117200314431,0.7925800509039741,0.737292487590362,0.7251240888294236,0.73216110585879,0.7384371483242407,0.6545942160249952,0.9043273157404108,0.7056187871993512,0.7891433558290188,0.6419886569320675,0.8468223508227447,0.7209520084784928,0.838830863038263,0.7972941633606938,0.7643273966191066,0.7973917196935512,0.7901283193843321,0.8279007279482771,0.7517896056738524,0.7896730016513946,0.6440104424058544,0.7522883149089203,0.7394541594009775,0.8022106859535314,0.8499427721786681,0.7916226175980876,0.7272751992647527,0.7899948065001225,0.7917542422081202,0.7735614610222767,0.7413787294162405,0.7951293988457929,0.7656802511944564,0.8137494622386401,0.6175094855884796,0.8422851403022602,0.7232470330913966,0.7595403109617922,0.715989818340738,0.8123449494639684,0.8844602595272566,0.7872860260432863,0.7950795670133405,0.719484130449792,0.763372412116922,0.6950167947679503,0.7163100508606965,0.8631280395788877,0.7263158228793256
0.8960963443459354,0.8114291266847743,0.7032873175362901,0.704832886363337,0.7042333228788391,0.7469589199089377,0.7283757166408218,0.8171153945927175,0.0,0.6976751310893989,0.7667068344681495,0.7746592360410964,0.7696018033280939,0.7587435939185766,0.8295127659035011,0.7216705975075753,0.7207498456918443,0.8201868235225419,0.790798498558472,0.8702852272830752,0.739938368893463,0.8074084926789444,0.7389681484768904,0.739074843916495,0.7982585183224868,0.6929895789674466,0.7581673891095778,0.7543986793953785,0.6955517905888273,0.7972019844867765,0.910254773921352,0.7661027112203854,0.7634061030160548,0.7466196883043983,0.8640856987969237,0.7952454788351446,0.8141893857726274,0.8572003418310967,0.7974669323700891,0.7170252278525673,0.7633779841199474,0.7589337303436816,0.7852394464316564,0.7618041660278767,0.8350688652914826,0.765747194081811,0.7212949543082916,0.7485301318657812,0.7884372257494288,0.8221152077673556,0.7785836966718247,0.7353970744991076,0.7330252959584136,0.7645605190363871,0.7691950075673728,0.7861040607424162,0.8190195815805584,0.765625683608234,0.7242495220629082,0.7895623833586795,0.7575617243546167,0.711562020558375,0.7600107746586343,0.7229995624921592,0.7751186636454873,0.7245527516834227,0.7620558801788586,0.7574074614266673,0.7747983311156705,0.8194730629808121,0.8320017996659396,0.789099556467842,0.7559645172824824,0.7490493459372308,0.7890777076221608,0.759839621917647,0.6813514887971356,0.6746730790531713,0.7955863353459376,0.6100302566867691,0.6740629660298088,0.8842643125936869,0.7836220249228147,0.758127557374219,0.7840870060644493,0.8828775602474038,0.8000832653131048,0.8138563491470148,0.775369741872616,0.8460704991641969,0.7848409504511714,0.8156141641502025,0.792472833290531,0.7702749022107757,0.8064334915074102,0.7900006288244139,0.7792919811391432,0.7435909982342955,0.7336489702177003,0.7513240121528373,0.7892046354533245,0.7053504567696504,0.712974042093394,0.7188157207371786,0.8471529434961343,0.7322585341021955,0.6915992320301853,0.7380770377679147,0.7371691539804218,0.7294415269557678,0.7270690702572394,0.8131345687875782,0.7578806300863333,0.7672418605188306,0.7805747012954484,0.7600353223387675,0.7379816426128675,0.7596593837521184,0.6568882447614298,0.7381465687892572,0.7493984296785674,0.7532837671476871,0.7651039754542213,0.7654223101529576,0.828055653303533,0.7560599779112873,0.6930459595348175,0.7729210347140133,0.7168151423273051,0.7888026603485518,0.8261035235151831,0.7039711276400408,0.7545394734876659,0.8471847882825627,0.8123822976329396,0.7482659833786186,0.8044673097298718,0.8059850963755409,0.7772318892047172,0.8651445203842187,0.7422999492398292,0.7415740835217182,0.8415620576920665,0.8163766811617618,0.7800447322656457,0.7849123107297974,0.8634291136969652,0.6698638368113105,0.7986453340905202,0.6112840053400378,0.8746556795234344,0.7407413152109992,0.810798564857175,0.6977435996546548,0.7392574219517287,0.8583096426341014,0.7595429980981273,0.7041996326009785,0.7483654778941641,0.7064577361200658,0.6352445868015443,0.8197076412297127,0.8828952918698679,0.811150699823529
0.7734472564797277,0.8859369791915996,0.8604217617848089,0.7790623916833742,0.6885449917209647,0.843907566330106,0.8081178979428042,0.7852085568513719,0.6976751310893989,0.0,0.7973499868654407,0.8276634884130796,0.8257309629172664,0.7206340073081716,0.7754427314843518,0.7813398134277014,0.8170792335209296,0.7754044681920954,0.8093848619284706,0.7148632211092125,0.7895770139834872,0.8104690897855757,0.8232446277134954,0.7624767321287236,0.9145889577859201,0.710372123741719,0.7631467333165638,0.8344552059104442,0.8860083193056495,0.7473580554858842,0.764612219807031,0.8288904658079798,0.813530568742326,0.7760478105436961,0.736465261187632,0.7631613430773156,0.7977493558541247,0.7374077972218442,0.704764563663606,0.801890738661694,0.794032800390251,0.794435748312614,0.7412425464721354,0.7667656877788098,0.8005662188466707,0.7596599587043238,0.7663719799578975,0.7714889478283973,0.8248098290884494,0.7098915297519421,0.7793524986920096,0.7712002357415778,0.7025320912429863,0.8280969059190577,0.8206977238096004,0.804521883279412,0.722882343585865,0.7916795013775945,0.780043385948191,0.726728516086917,0.7788179357492593,0.6536817878191403,0.7574391952144437,0.6524495699815546,0.6561499862633476,0.6866836573935298,0.7333279418017711,0.7657780673691054,0.7955530523315769,0.7833037010127022,0.7221444978961115,0.6749620869031848,0.7019909560297248,0.8144473286962653,0.8055824285408026,0.7432527956002648,0.7120564975040223,0.7613941074259474,0.7281441799079588,0.6619662094079125,0.7922962422219783,0.7158126280889885,0.8059668770540699,0.7719605488439405,0.7249375441581265,0.7969831448213748,0.7101400544628603,0.7257500508684777,0.800693256448989,0.7055180048829487,0.7552129527697508,0.7621620767700694,0.7977192202950618,0.6990288032018671,0.7413026594698563,0.8570740284644595,0.659388279224039,0.8167906832571861,0.6068317128715585,0.7988962787770629,0.6870857951419593,0.6859728228125145,0.7245212506672231,0.8476180955722271,0.7202216021843109,0.7472360746170968,0.7501175936480394,0.9055860704971855,0.8082355978571037,0.8290943911443818,0.7886025318457216,0.665309354451734,0.7898941576199359,0.7097654177681256,0.7442389743388164,0.7851830013832116,0.8077792937678285,0.7767651460682953,0.8415819803874891,0.7009721857101032,0.6309314523795464,0.7105259037270261,0.7248140518168527,0.8007295609525943,0.6312605597591958,0.88071618499925,0.670889824394553,0.7247163563708225,0.8676328040855805,0.7332805334242855,0.8060041307361716,0.7135588132834968,0.6300077709897816,0.6620055356008557,0.7155917129798596,0.6527947062818948,0.7663559306117962,0.7466795430544745,0.808121899746606,0.7455907965981831,0.8061495819392187,0.7239927963403123,0.7878012019722678,0.7315174280834624,0.7646632750770599,0.7535416090314653,0.7317365749524237,0.8128622017326944,0.9320511911774632,0.6089865850273639,0.7019311610928075,0.8078828890752443,0.7107040546263779,0.8097379983206795,0.8520305391975899,0.7409435712210899,0.7589520167987475,0.8249864508479449,0.754230100152524,0.7430206291048699,0.826851005536515,0.7389692239991168,0.8524012227865516,0.6989002873226359
0.8456153335104997,0.837399874692128,0.8974804448415049,0.8278609895799862,0.8718235407862553,0.8475193221874332,0.8603484546991207,0.8102083544833908,0.7667068344681495,0.7973499868654407,0.0,0.9162174923169099,0.8494237735530921,0.7155736663583494,0.8639306380228208,0.8898697941946856,0.8692068456572327,0.7894583666655081,0.8503251645700218,0.7634672428875918,0.9207871693425891,0.9325570610876371,0.8379066795886814,0.8896215469500203,0.8822162446598416,0.8803997947047008,0.7816146267321585,0.8132529792826987,0.847189532655298,0.8462048217765328,0.827735481129356,0.8267704045392246,0.8429770026515765,0.8072797696011469,0.793718001953531,0.8320637482224761,0.9282075636580798,0.8492774897566333,0.8942489149239785,0.8558604119606485,0.8508732781327139,0.8468374803907691,0.8543065058645554,0.899950651766014,0.8369265875875167,0.7633782533366463,0.7573877247385964,0.9520490148417904,0.8921892326801075,0.8044982713167804,0.8948631855544045,0.8387869490856812,0.6672815406716317,0.9195033467103789,0.923369375193491,0.7519941237949543,0.8302987902885614,0.9308402048244615,0.7248954458163742,0.7586986010430254,0.8159878139020362,0.6747039233631426,0.8426193373784592,0.6789121423312156,0.6980420391115034,0.6971532224917446,0.8053268212093656,0.8420043610664004,0.8000235168786785,0.8551737065262143,0.8505216559247739,0.699789731995658,0.7619330303675299,0.8985870988876872,0.8080885689473875,0.6760308244148188,0.8620099440942001,0.8797532484338236,0.7821512857980379,0.7282744643999114,0.7566237528179426,0.8320221474225752,0.864195646113757,0.7730823986821725,0.827983022143633,0.8495245012365645,0.8224539576072996,0.7482555128006426,0.7164090896811176,0.7768477553926575,0.9160890973245099,0.7599545424512847,0.890631287566247,0.7277446446155952,0.8305324075548958,0.8772964228826178,0.6992154446909147,0.7567967371346899,0.6589400653807749,0.7491146827060498,0.7556506823173917,0.7841891021979882,0.7608436241914752,0.7745303358110426,0.7675943617709431,0.7960796140644948,0.7663797486289947,0.8330538272889288,0.7949534953965975,0.8869740523299505,0.9101454387299294,0.8355957898845936,0.815377071488567,0.7746582023851808,0.7732165158063282,0.8381790541124634,0.7062602216228632,0.8495232094811644,0.8468563741616778,0.7095089903415951,0.8066524113250035,0.7834157597589377,0.7869315219607792,0.888044219295111,0.706456910372085,0.8989556841384229,0.6855147481316918,0.8477097163155259,0.8316567257220119,0.7770210494744514,0.7202178655731994,0.8229220382943754,0.7308168262039816,0.8081614986424636,0.8543624134235687,0.7082880768047817,0.7975590765793694,0.8423632152489844,0.8458763083715257,0.8669618563845969,0.7663430935927881,0.7805402152511067,0.8081241005037675,0.8262111234916261,0.9269656524092369,0.7974937695522373,0.8906348916842092,0.7532318327754006,0.8416649417062009,0.6221588603691517,0.8411576573693089,0.7329005784510001,0.8642205491154982,0.7862495783280309,0.8799931208389626,0.849411888723468,0.8667440035692558,0.8753305636155879,0.7846158196772238,0.8258602809103233,0.6732613108741384,0.7495556303334296,0.8388140260266858,0.9207709513748669
0.8114574239111861,0.8774513586481439,0.8503210021979313,0.8538443121711509,0.825073948646321,0.8943738603895082,0.8743524173578485,0.8120595595627134,0.7746592360410964,0.8276634884130796,0.9162174923169099,0.0,0.7834604719933582,0.6791931728976737,0.8413870569021593,0.8233392067425048,0.8191787468111641,0.7218687157292176,0.9020668724729856,0.7244416199780853,0.895178194962052,0.862325823549693,0.8440419770399692,0.8546839449672452,0.9236498922292721,0.8203991229839114,0.7359413677155483,0.7918337870096493,0.8573137292289341,0.8404037552833636,0.8675011296334093,0.8068125216677885,0.8759310895116441,0.8660597093047709,0.8009968037292609,0.8443786516390552,0.8738646395189369,0.7963107691279916,0.8722355003768865,0.7947615308019629,0.8727852566566779,0.863754287451589,0.7913026400993233,0.9134619572239251,0.821492504279622,0.7286053032227009,0.7643463858022784,0.8932475151778859,0.851410292540597,0.7497985047577549,0.8546582607061408,0.8536817439280164,0.652757050620889,0.922685405113125,0.9018721408358109,0.823255819587532,0.7759989965234041,0.9466180662727569,0.6765773268412831,0.7327022062486245,0.7753279640538606,0.6608064992499101,0.8043013789508189,0.6575785043637883,0.6591403824667748,0.650803207790282,0.7455460064330783,0.7772368869158188,0.7084047472638567,0.8169126102319866,0.7914086448734675,0.6673512581797336,0.7266047632070712,0.8272400950341998,0.7807839509571344,0.6781047642596337,0.7671463396231373,0.8600361951767146,0.7652526261766209,0.71382352758436,0.75769662026854,0.8291458662895818,0.8611500299758011,0.7485609377125529,0.8125359386384068,0.8525691691518986,0.797222699315424,0.7051938339657617,0.7278784702173299,0.807460884489911,0.8771122429912054,0.8440822084719501,0.8520022081195627,0.7010821142683574,0.7765421897706948,0.9400510299880089,0.6829371102086262,0.8628225940069502,0.6698243721945736,0.757784067807799,0.7335878142490826,0.7232217062798424,0.7981540838754201,0.8603475528761444,0.7525754778631825,0.7579399128964246,0.7292135496371657,0.8749837393506723,0.7647860657344158,0.8846945050113754,0.938147650913371,0.7988400943499533,0.7993374052523844,0.7373112589665122,0.7528450282275313,0.8270855826448115,0.7480150753980881,0.78672497933095,0.8683961953766222,0.7398978690787149,0.7330813715423792,0.7896383251963739,0.7961056552996008,0.8778973161841354,0.696586694718385,0.9208891560469074,0.6779597103401516,0.8243387942444461,0.8759778414912177,0.7061999225212876,0.7663607654485572,0.7638360828163023,0.6653705280200783,0.8299542138525583,0.8034853323019362,0.660591046234743,0.7960045774559803,0.8104070219637061,0.7794962330237932,0.8458555524147856,0.7841542648012204,0.7580987841003844,0.8226485896709175,0.8107476431799877,0.8888969976410819,0.8178783772680198,0.897136621951837,0.7360141957162144,0.8746496053345297,0.6366152034195964,0.8351511163072003,0.7627056957418956,0.7897463808947578,0.7575001528763209,0.9525528285314238,0.7929950079649675,0.7734984768928239,0.8982775175648104,0.7898712149332396,0.7784514397903317,0.663059363311514,0.7848579301620874,0.8899958158212883,0.8626568844458538
