0,1,2,3,4,5,6,7,8,9,10,11,12,13,14,15,16,17,18,19,20,21,22,23,24,25,26,27,28,29,30,31,32,33,34,35,36,37,38,39,40,41,42,43,44,45,46,47,48,49,50,51,52,53,54,55,56,57,58,59,60,61,62,63,64,65,66,67,68,69,70,71,72,73,74,75,76,77,78,79,80,81,82,83,84,85,86,87,88,89,90,91,92,93,94,95,96,97,98,99,100,101,102,103,104,105,106,107,108,109,110,111,112,113,114,115,116,117,118,119,120,121,122,123,124,125,126,127,128,129,130,131,132,133,134,135,136,137,138,139,140,141,142,143,144,145,146,147,148,149,150,151,152,153,154,155,156,157,158,159,160,161,162,163
0.0,0.2893578854380478,0.29975479146348183,0.275627156568778,0.27899769782709255,0.272749918013892,0.23512860809629577,0.2750122349504206,0.28508597803453123,0.3246386212630613,0.35607624758289114,0.35101625726678076,0.3723237998389875,0.2554909271737433,0.26931001155264683,0.3459573628866382,0.3480639534787076,0.48180422420454133,0.31706699259358406,0.4035217972306612,0.4058368767257396,0.3041496712467804,0.2635410490134096,0.2928492441124279,0.4651230772919112,0.2536945750312628,0.2654647859951439,0.27511167893004124,0.253406150160454,0.2785998278635962,0.3228132464445286,0.34845587977811837,0.23646666476023598,0.27009828206540404,0.4367077932744843,0.3769951111095723,0.40210280371176066,0.3800734335030596,0.25157200367688487,0.31411984766311835,0.27280721987575135,0.3181874227749832,0.33849246280336687,0.3794024280251019,0.30665338383485935,0.36879592062512656,0.27350137111496364,0.3872819866863952,0.381014856077749,0.43905138630408086,0.36164196809670607,0.32409618982733374,0.27686013737085347,0.3145849092537901,0.33704817968051487,0.2903683386139603,0.4795798138239729,0.3027156589803085,0.279622432410574,0.3922256031700817,0.2620037951576721,0.24651169380967689,0.3463497028778414,0.2860805657729362,0.32613687058954205,0.4148551847584349,0.27878271056690057,0.2699503054416438,0.29099175729946586,0.30422383229502514,0.3509559290539837,0.3560265271452907,0.34081765717979484,0.3423482474959916,0.34621899048585736,0.35395785340665914,0.23795606880743334,0.2742084908544129,0.25240346301400146,0.2201001224145403,0.2666163861278048,0.3348110787576174,0.2721416043394526,0.2904649996522968,0.3867028446890849,0.34070232515197924,0.28392155712873185,0.3146284432434724,0.3838820119406769,0.2745788193176301,0.39345643319336615,0.2783900820662422,0.37503324439540975,0.40268296642201834,0.31594784199066817,0.29465121843833986,0.2228972724386109,0.27805778233080347,0.25965414888745025,0.33779373759444936,0.3004520304394815,0.26561778372103223,0.30507900304255064,0.2892081241711871,0.39602356989961174,0.2933676881112299,0.359654675070955,0.285848939496442,0.32284788762969513,0.37064070615819317,0.38909973048760166,0.45185599517426195,0.3215243125156419,0.28270298897501944,0.3493290210638699,0.309912203559747,0.30776009061332327,0.43034795462548014,0.2907804518242396,0.28258443477108425,0.3121903962033652,0.22877868571151325,0.30192561951416713,0.32118307995590223,0.25639750791393806,0.2857123490153259,0.24677339639233212,0.26094104230412396,0.3082689506574215,0.3338176742532345,0.2684197319324189,0.26880481693959846,0.2513914325900553,0.2972994276537949,0.36858142955963713,0.2795768143516946,0.2957038691836497,0.33970988838742355,0.2748426546804809,0.344820124774484,0.24404291741182907,0.33088083945636865,0.32447478273851216,0.29942719054063366,0.39686031958746265,0.2854056692907041,0.2830852915675421,0.23724568815151598,0.3643211844075429,0.2157905294981594,0.4028680609883914,0.26902591441839724,0.42915185637314673,0.22985961308268144,0.3508118546257551,0.3209920872555296,0.26866725417175963,0.30721057207234226,0.25515119004303155,0.32570040540381473,0.2609746793095991,0.32238735071169194,0.22046810928172444,0.41578484537411636
0.2893578854380478,0.0,0.27733680657323545,0.3326925776828655,0.2738750907521287,0.31758500760440306,0.3000495581571524,0.27616458420521317,0.2844999555313337,0.4174758353427396,0.3082361175689777,0.2759577952603039,0.2796622187114074,0.35982479009927854,0.3217789089527429,0.24525059786926165,0.2668115547657133,0.31618815862418,0.25228637203135806,0.2537557202564267,0.292331680694682,0.35294660433590486,0.2557586088779767,0.27798307587555293,0.3021846795692434,0.22341140002517854,0.24193936519026543,0.24244815811839834,0.4750939787302386,0.2344350816708265,0.31327483851116655,0.2514540048444812,0.3433577507403276,0.20237457876452464,0.3082828948455503,0.2995101631075457,0.28670954338540583,0.3120062008347815,0.27940737972009533,0.2918054406962712,0.3356379586060274,0.3272912874204297,0.2070528999418759,0.29591922802392584,0.2700850599439468,0.27410013684572215,0.23330511108527652,0.24880071736043632,0.293086406907853,0.26314631626398177,0.2930503660462483,0.26294893831472993,0.4154337144581578,0.40224721362015187,0.317067750194399,0.37279253489900066,0.29824525661378354,0.25338009367919495,0.30965151396587687,0.3306310713821771,0.31925301954773566,0.23672291201378182,0.24410450077984508,0.2287780669580351,0.2991896293618985,0.26232018361788906,0.32072905563752235,0.26169695169321416,0.2243897362426469,0.2951110300633406,0.29828118597726316,0.3347208816837962,0.24582068296832857,0.2954626842348785,0.308828030328707,0.3109830081025049,0.24563373659817628,0.3827715789205759,0.23163029241837646,0.2640306484055273,0.32108285124247604,0.3001472933174185,0.37319017023431844,0.2677437338967796,0.2818191128897472,0.33176718271001676,0.24923113464574778,0.24613533362485424,0.2696193866252547,0.37982282800446365,0.2783458766412488,0.3041633088377512,0.330858922209819,0.328885113893006,0.37640415132912985,0.36971775258916295,0.25781838950989633,0.24884703915661605,0.27185188369245566,0.2916772585110003,0.3720150183204534,0.20748947203640186,0.21492517000625957,0.2696167256891884,0.27035806141624036,0.23062491512832065,0.2401184231871846,0.2980048636146681,0.31996071936761245,0.3253722494099615,0.27008560083417915,0.27453297638572177,0.29307167460785255,0.3010857746899771,0.33323544261601684,0.347286884395807,0.28782174931284316,0.22764330213155193,0.2450100499851943,0.3294520816633058,0.32150682669864317,0.26885280802888606,0.24936392938455262,0.3897437873187567,0.31780781720995077,0.365302348462512,0.2631439406063021,0.28569674801028666,0.2999404382008998,0.3106307182209706,0.31400320874576976,0.264871775116066,0.2811149602209605,0.3523663849155455,0.2899508255976842,0.3306399013220892,0.23957866801723443,0.29839699044772044,0.23424945372908018,0.28568265178084723,0.3430173331958715,0.3342549667225513,0.3904643601598208,0.2815365988176141,0.35791318166515806,0.20675007971671655,0.305188085223438,0.33704372489333867,0.3025570681046738,0.21415517687220753,0.26447157946652583,0.37900047814528554,0.28962071064452216,0.2710051400333389,0.2899346006186513,0.3468413154170231,0.28311823790482615,0.3316476861738851,0.3288789004694056,0.2706528534542843,0.3676502530603007,0.36201517245452136,0.294215667057363,0.34518660971864046
0.29975479146348183,0.27733680657323545,0.0,0.3010057755549364,0.2942059151610843,0.291176295420475,0.22850188779264505,0.2780176356379711,0.23627201097893946,0.3398185929108009,0.36025916309748596,0.26414185626444936,0.3772786601744016,0.2583561170895189,0.26506383955442564,0.3609842147739588,0.3171945311995773,0.33731992323806687,0.21217305731306693,0.22242686208955872,0.3436009200255593,0.36378916519563786,0.22239336605145654,0.25320081270359646,0.2681746193616395,0.32638552466966736,0.2640088557397244,0.23534046583790152,0.2445769007429053,0.26041678884633535,0.2366387714388426,0.3114569611513164,0.24916539423489134,0.2027396216535743,0.25132443778385566,0.32628842509518136,0.3459259690997668,0.3070904430555848,0.23232324294522932,0.28086108703066953,0.2697075869890215,0.31522402159796437,0.26160455055041193,0.3025350498662026,0.2839294117646346,0.3143223253269036,0.2722426739991442,0.32262140579523346,0.2700233032433026,0.3036943503035641,0.33369820759550733,0.3187362498821259,0.23042165639845016,0.34687929422971403,0.31709240227154206,0.2633799134975753,0.2738875356178986,0.3000550516040857,0.25933674881647745,0.31614630468739213,0.2667174525928021,0.2613789031640057,0.3325620168503529,0.22715539583295055,0.2541452774578628,0.30690388268570673,0.2925926878755563,0.3283091117433353,0.29740649795487395,0.28577199101108924,0.3474820154635241,0.26863019857806836,0.2810153409490494,0.4468727631271337,0.33257195371262555,0.2400721362779518,0.2993589311668314,0.32869097458707,0.22457532823365117,0.21121250766535093,0.2830723078838282,0.2827888111598003,0.2924579785861672,0.2904818532057044,0.27495614639592225,0.3136512366884572,0.23815603246500405,0.23992623434906354,0.28531731409429517,0.2653056504408382,0.37105605642758627,0.2192488372394076,0.30499732649596356,0.24572678786500196,0.29115230379709234,0.2736680750053049,0.21903025575161839,0.23726114638102966,0.22187844049132568,0.3077836309401215,0.2310643333306453,0.24665991294057932,0.23392552792254312,0.2316436378505758,0.3102816687802755,0.3371800672354542,0.30755528100574286,0.23533156568634786,0.30951671951053505,0.306823408509845,0.2858412871904291,0.282495980694063,0.286595691125331,0.2589416941422141,0.29478098956696713,0.3221256015254982,0.21466433624771283,0.26643595324704056,0.2826204116644617,0.2869146909135995,0.3207983753143864,0.2366374357028808,0.21553879728388575,0.3075484465388305,0.19602162895613026,0.31084132045030477,0.2481135212448279,0.31426815352024146,0.27837097876563405,0.330175617204232,0.2608802751575184,0.3674525841461199,0.2284397749161941,0.22948514142307927,0.27709915063923396,0.23570672196487688,0.2094827371383367,0.26162547937892044,0.23243159979003766,0.254433528838599,0.24139533216374032,0.28554782064287676,0.2655868713666699,0.27558966565213927,0.3192176180456421,0.20317365828320558,0.3042412885247875,0.27569418828204656,0.25831647914860856,0.19985346420382985,0.22954923877780908,0.20545609347024907,0.28138294290580185,0.3054607157297829,0.2728856426231645,0.27509206831312216,0.27003063506343633,0.38309532646298083,0.2004263890248734,0.28470666616498647,0.32715094165554987,0.21831763581240243,0.22272704418652522,0.31393542314882705
0.275627156568778,0.3326925776828655,0.3010057755549364,0.0,0.23592352354441654,0.28754808924278197,0.2768553418207493,0.2728045228268515,0.23935181264951153,0.3632562376406022,0.2988455724096675,0.2671838446760611,0.31570371229719796,0.27801312664789596,0.3862728060949474,0.25893246934059333,0.255594261554667,0.31153831551257977,0.23546990439754947,0.22320882987799395,0.27323291332877314,0.3124259599399058,0.2377027965308154,0.2400658024165613,0.2931983502581643,0.25225647999709316,0.31137509863126556,0.2339585152500482,0.30608923611398553,0.21021617951495492,0.2956623835567057,0.26676767776165483,0.42557182514937436,0.20970219450034142,0.25166190997450116,0.29919032974466453,0.3028127252959899,0.26964559087407364,0.25644042565400094,0.28830096367904456,0.27762969979631075,0.26476252347513635,0.2253695206442635,0.2790627244729738,0.28329925464603045,0.3153350609060694,0.189847234233489,0.2540315628203512,0.25376491205522406,0.25737268651323103,0.3406406687516999,0.2586760226112321,0.2749762074815662,0.438171755121949,0.3494490578997319,0.25924217328655663,0.2726060911239385,0.25980256402773794,0.26625258172031924,0.32946587396264304,0.33102429567912484,0.25240823210222085,0.2639648505483094,0.19219391709565412,0.2781520822878286,0.29406491457095946,0.3683210975846194,0.2534630523735057,0.24906609271254,0.28408501554887594,0.29068426298462796,0.26856888539116164,0.23642361969202963,0.37100162755535515,0.2949630185380936,0.25541873714975066,0.2851313966510019,0.3305424139096986,0.22251134376229567,0.19841382119973747,0.24126561466917956,0.32438671815933706,0.2665067422657594,0.25310472032176096,0.2784346009536196,0.26493996391418717,0.25849314806136814,0.28585603160038714,0.30578563210570253,0.2835597881475636,0.2853158749334485,0.26324751570701493,0.30478321126176355,0.2575892764896485,0.29982752504947857,0.30636414382961136,0.22920927065761362,0.22997528871037934,0.2191826633164043,0.3154319411726972,0.28366117039656874,0.24781204929964673,0.2527643382820311,0.2540701963735822,0.2896931286751188,0.2524353481804303,0.2806498658265075,0.2198269076822099,0.30952595446073394,0.2563277646787934,0.27305698762556213,0.25655795519803115,0.311690611549031,0.2919551038337509,0.30173187405341667,0.27749873941674746,0.23470641568810274,0.22941147952321087,0.23358282926635865,0.29419368813930963,0.24830474492263316,0.2789354059400135,0.1993879365174063,0.3161554071935845,0.20702152439121185,0.3403195929736738,0.2468782607546654,0.3038512469981898,0.27033523399913634,0.34706207900073976,0.23683389211467207,0.26308518181132834,0.2794880147270439,0.2513307126351426,0.26711302813516974,0.22500493163026125,0.18692222213783502,0.2842330322494144,0.25579041939611225,0.28351974647582984,0.39126361891557193,0.2648430817602907,0.32193157023171265,0.2632185154798838,0.27618165834456887,0.20114948070731348,0.25966894070849467,0.28161097459647905,0.23906920240812515,0.17067380180139344,0.2602476620708416,0.2690972114018611,0.274923161604073,0.25947042835488615,0.2753209602270379,0.3206033549056472,0.2819998836836977,0.30540431661741435,0.3326463978319199,0.279510709414231,0.3124864132349412,0.23969048747931285,0.23096943602238507,0.2665320721108604
0.27899769782709255,0.2738750907521287,0.2942059151610843,0.23592352354441654,0.0,0.23003012197700717,0.25717222051358274,0.20412378586741978,0.22796752388430822,0.30865986730558287,0.2633283126522452,0.22739172913561534,0.22909955020326525,0.24909231892977746,0.2738921183353638,0.24595112612388378,0.2662562467252051,0.29044835497403504,0.19735322561315793,0.2121189136212406,0.28331489772559143,0.29611894526257876,0.2177765220519714,0.24473776237730951,0.23767596465637342,0.21403785766412822,0.20420097844760676,0.1876547614366149,0.24734875795690903,0.24369144961304323,0.2535938301731753,0.22445130637426758,0.22037881904326714,0.17664977309928342,0.31028003608299004,0.2897426553065471,0.26562857688604735,0.24338275815777027,0.24374964137520594,0.2385636949230198,0.2516284110805741,0.307702975205958,0.23771750407735714,0.32494882477228393,0.2026966690161285,0.23358423500628336,0.2644453225669697,0.2954388919945258,0.2636815887304267,0.28431991665557677,0.3032894231913794,0.2534960444087175,0.26731590676090655,0.28076678474502387,0.279034920030389,0.241285203414617,0.24331615528985326,0.24549003203530126,0.2484910684077071,0.260799846994575,0.2020545300795909,0.2178659526300384,0.23898948076927548,0.22642926807541974,0.30559533840061925,0.22207190435260596,0.21966630136913404,0.26402393350599435,0.2167228648960075,0.2284931314941248,0.2873124307482464,0.2904475726270201,0.21945911667798815,0.2576780511374182,0.2283860743536758,0.2347288505863283,0.22277832953594692,0.37705801120452637,0.18513326130529087,0.21804748907134675,0.25221406034006694,0.2691724217446761,0.2884619484187813,0.19031101169975817,0.24208284559588467,0.22029280280781424,0.198075955922779,0.23924056762752338,0.2180700490277014,0.22048587489575372,0.3600015839293035,0.26769151356933457,0.368345025039509,0.2288562455460994,0.29751251194420386,0.25505587507086214,0.18304118439665445,0.20280572093649468,0.2481042765604915,0.21969139920222444,0.23724631398463797,0.1976281482454163,0.21200282525461925,0.21866879227672809,0.25031214851754896,0.23225916320036188,0.22572638878283405,0.21783241658304991,0.28201088079841846,0.2762960422531461,0.2567706229503276,0.2704732124761944,0.23321722954071394,0.23146258498609554,0.2285898372812499,0.24585958662085836,0.20271541281146177,0.2561109709703827,0.23004656025246317,0.26132934263890656,0.3761813450345102,0.20346980517591193,0.19803481057000683,0.30726604988368966,0.23136437825861406,0.2370724462861429,0.22477871345750605,0.249369342363976,0.23206035947938994,0.26777142151405886,0.2350720303999152,0.24163876023671718,0.19312417367364257,0.23768952453552966,0.24087177608382762,0.28516543376349085,0.21143912171964577,0.2877272906503893,0.1953087777858645,0.24811382566886783,0.21018981383387977,0.2847328653123922,0.29539443048099545,0.2512848012426427,0.28440605747236025,0.1966374315306032,0.27649214233701197,0.24540387795403026,0.23339439784762897,0.17376754778043346,0.21331972865175264,0.23554490775352221,0.27243958581254946,0.2611620989786215,0.23326821798342226,0.2515598774205768,0.20136380308125681,0.2795506256248952,0.22749351258690415,0.24541772701152856,0.24947760208024405,0.23521969657642056,0.21418585891814926,0.32387917487198853
0.272749918013892,0.31758500760440306,0.291176295420475,0.28754808924278197,0.23003012197700717,0.0,0.2146013958698784,0.26835445779814504,0.309689610528365,0.28339823197646885,0.2982788565868884,0.315839397646195,0.27910209776752215,0.22260674367453437,0.2681216034997669,0.2861686161272761,0.25324243650580586,0.22352974357327307,0.2588917415911158,0.2322885567175223,0.31486104000359316,0.29749175235726527,0.17237696775845487,0.21025495283981388,0.28357221499828106,0.21651283642566946,0.2042444737641632,0.2086135504289448,0.27533231406201586,0.27057837619687924,0.30682781905596807,0.3162528565887512,0.291771153205694,0.19261771533615954,0.23306650902550388,0.2542218560266367,0.2889758435448109,0.272999327323176,0.26803269856671513,0.2040885485352229,0.23982312450585722,0.334266786888787,0.2321916691298742,0.3184763767019173,0.21380737851411233,0.23709581764156443,0.21092063553815787,0.27361239625289424,0.20268714723301937,0.2555513573821779,0.30607048872765347,0.28301442417114164,0.2665847807852953,0.3410529895175392,0.2744043237105435,0.3587263076966281,0.2756656049938864,0.35585450357281856,0.19772097415831663,0.23711580849908986,0.31876176958410807,0.3001191455813509,0.31778713208006876,0.17954122643833256,0.2687995537222854,0.27601421455060277,0.271554819214823,0.2857760547244003,0.1994629796041403,0.2798943997683707,0.3258892597264774,0.21850815023194395,0.26385993635149974,0.2802236766349471,0.34201948772124696,0.2550447306266465,0.25945111402573967,0.27023718956307197,0.2096069057464115,0.3127550829510887,0.3833438740200961,0.31818484641132366,0.3109724288403679,0.2644624831790253,0.28734355392547023,0.2581563396732437,0.31301102454194757,0.24180947386791962,0.275869967278582,0.30580623270379104,0.29498160113278377,0.28728392617138576,0.28071427250677483,0.2686177086235981,0.2685397974764368,0.3692364298596451,0.28633671706390174,0.2452988073230471,0.23664865446806405,0.23763849103960671,0.2640664112560216,0.22930642585108582,0.23564785580299527,0.2307520195481976,0.2909127766423099,0.25810608507102994,0.2828707496687455,0.23710951679874906,0.22232723493600376,0.2668086580276966,0.2789161834577719,0.2512536493844547,0.36207751871976285,0.3288106762273891,0.25754831821334306,0.27604168179590627,0.2630452725681306,0.22143199189688972,0.26384057767443053,0.29912846200023585,0.25904216700080074,0.3003773625830909,0.23375505073716532,0.34025479291506994,0.2842374855541233,0.31487812602014187,0.2807570595017132,0.25317956147757376,0.24567407749621814,0.22864857509681122,0.311667055221783,0.44406287444741693,0.2695494180862579,0.3111543320317828,0.2829026637281342,0.2690419171170047,0.21818197549811336,0.20688124438436467,0.18189979185122165,0.27630045888362187,0.2825143658817405,0.3357303275215594,0.26936478641516726,0.28512908143059323,0.31622558125588257,0.200027832350771,0.3521384697957839,0.29837634045422257,0.2531389902377949,0.2121177722477192,0.27001043705929767,0.27353281416699865,0.2324434419964528,0.21099864642925706,0.3052309431473001,0.3074761620087022,0.24519306781128014,0.36989718994261245,0.2260668990654788,0.30345242997676297,0.24543579370222715,0.3013620361108889,0.27183946735550035,0.30058688928795285
0.23512860809629577,0.3000495581571524,0.22850188779264505,0.2768553418207493,0.25717222051358274,0.2146013958698784,0.0,0.17948186960350465,0.20136996798029105,0.2902892317073485,0.24715608746338422,0.23734568514513263,0.241551358282996,0.3071438035037632,0.30773302691482446,0.1961506905416623,0.22019565866528223,0.25671558509200165,0.20954472339056954,0.182622286939002,0.22846218695407197,0.2916131521049733,0.26639728527478335,0.24812572875455544,0.22730512528326607,0.22129605252217915,0.211832646877655,0.19184012373387618,0.30639545960501746,0.2074298496663463,0.22061559614984902,0.24910675233786708,0.2789643588150181,0.19658408835273378,0.2291564165068153,0.24329737122311923,0.2550439731321185,0.1995444698705526,0.24088850324514482,0.28796703045172545,0.2634054672992962,0.2552104189293352,0.21177501529775264,0.2599476843459588,0.2173873966730575,0.2339794531643276,0.24977183011404078,0.2203053052062396,0.328755625581415,0.2328050264115002,0.3135512434579892,0.21694268300128372,0.26900861771412893,0.3203739212624364,0.31307902058483683,0.24584909297907678,0.22711867880637127,0.19570381662899905,0.3190090929645315,0.25537798485644897,0.2084588383980996,0.22948333702999973,0.19675687533680278,0.21946679746604747,0.2579018913563795,0.2054971104528275,0.28973774443417405,0.2853529334919613,0.21741925799668776,0.19108908766476343,0.26533552522261555,0.24877165378892482,0.21296808702518277,0.2846630485511098,0.18685496356016176,0.2528872681639564,0.30022431325451265,0.3215120175874995,0.16931641213048393,0.20835083803620066,0.22435513981384053,0.2568775621457036,0.2626494548190344,0.17068427931444335,0.20889223334356408,0.19758535574913613,0.17648499336403695,0.26629874963052413,0.216443138809381,0.23067242608982005,0.2705270983594651,0.30470027029936475,0.30522601050027615,0.241647927882354,0.291264363296986,0.2791382028809395,0.18423242809725923,0.20132941334331417,0.23911317048102063,0.26943326724065575,0.26257561174051036,0.20137316288970322,0.23241156690103698,0.20620028241768915,0.2089588777862773,0.20095952190149913,0.2048707748005359,0.1908700014968571,0.304192586683657,0.25767647823208195,0.3087463537145683,0.22452319497441664,0.2420197760752675,0.19755353064790013,0.21702551156115152,0.2316479188154985,0.20454694260461104,0.2528251151696509,0.2382833388549276,0.22338381835191565,0.24533654014574066,0.19251405908516153,0.1842789773328861,0.29725529538752316,0.21447719399762988,0.27233597291054806,0.23807196617019996,0.2454412060829906,0.21228211844855227,0.26516417322020686,0.19282427151217402,0.18941648292031904,0.1922055045672929,0.21985714494246567,0.19983565577524143,0.2578546687739788,0.19204126508462363,0.2645567305412849,0.1934991211396614,0.22642830019275967,0.262919067124071,0.24574141157536325,0.31491091110882324,0.23168758398194375,0.24834897002578582,0.21219534142177568,0.23207338120105828,0.27211276674369944,0.2009957703529063,0.15433391703469743,0.2009154848775031,0.2693540436482479,0.23284895404392406,0.3129835856085817,0.22078702953978535,0.230934200009625,0.23411206645328098,0.2431239102922286,0.29742220851609413,0.2901701512949388,0.26831347032812414,0.22243352847308348,0.218584698754423,0.2485629719571875
0.2750122349504206,0.27616458420521317,0.2780176356379711,0.2728045228268515,0.20412378586741978,0.26835445779814504,0.17948186960350465,0.0,0.2656871398434574,0.2802925837963909,0.2828591256015515,0.28918366688606484,0.29754025049623106,0.21520653695713923,0.23180129386591855,0.29233956099319713,0.25983942435583607,0.27660219878438874,0.24992731442700883,0.2485198448635722,0.29170103897334054,0.23288068541626455,0.19899626819512317,0.20547494128351892,0.28461906942405696,0.2335082475389302,0.2581306950420888,0.24008069211400873,0.2194562470567069,0.2328554096657967,0.3199176601339191,0.26068474408404807,0.24624025140617095,0.2053513271759229,0.26244439215893567,0.3084860533970011,0.3063758253412386,0.36597580141531366,0.2696554574356805,0.22367472735070604,0.2622606511884807,0.23936748896698123,0.25453039865097793,0.24962338335185813,0.2980227539971122,0.279663878018571,0.20261219561384067,0.26546695514133994,0.233833748060819,0.27380422620093003,0.2647105029731471,0.24955733141235045,0.2511464949296958,0.26397979356909235,0.2740983708748692,0.2448445996293452,0.2880596703304313,0.34947547508921856,0.2297004276985258,0.28618111242962946,0.38635925952913824,0.2221504021539624,0.3176554001834199,0.21116389968651877,0.23195976300721494,0.2925239509767578,0.25634905058686736,0.22760542372204642,0.2572652166493254,0.5024134602111134,0.2621021577424844,0.27420975901923306,0.25762959354597514,0.30119161452043824,0.4092458324917879,0.2538830137742857,0.257623672292393,0.2285029204931101,0.3043161064003334,0.19567824165932465,0.25473957300764605,0.2626236574746211,0.2602223243166565,0.3539511109058184,0.29403504344593623,0.33845081157726803,0.40767885618684196,0.24259451311056618,0.3442983118030613,0.286423602306262,0.2668905278335112,0.222226904414767,0.2545734059742189,0.2739176738010524,0.2634106265763179,0.2704752920606708,0.2798737447446771,0.23760305275712462,0.2032967094050295,0.29019795593488595,0.24598987846711104,0.3120162146487698,0.24074723107996782,0.27266518772017584,0.334479416120425,0.27152970206342575,0.2979050843807787,0.26212779634072997,0.24704508697392066,0.24931383585493644,0.2386446082041121,0.2731825191260134,0.2682205935246174,0.31416299755167165,0.3039970079667846,0.27786408556917513,0.2631016937776023,0.22771244946201435,0.22361826846402916,0.2719593255273991,0.2549108199374542,0.416434756465788,0.20998377737419247,0.26972761969383424,0.21664080978407207,0.287264110983607,0.22085646651084542,0.296131786908531,0.27058309856463486,0.2557850795184314,0.2932445287201611,0.2821536451898958,0.32839698769614223,0.25585227180099795,0.3294979057506669,0.21256520878375082,0.21724869089470053,0.23044729852505114,0.22210949881791955,0.29759253227053684,0.2598617228945325,0.2355564590037133,0.26086411081008476,0.24114677722579425,0.3123103592208888,0.20545684178477852,0.270755513088907,0.2525807564709151,0.2763354162747675,0.20830208275383852,0.33102976850450894,0.25079448613778493,0.2749210685091279,0.2070126046624452,0.32347451479372347,0.3376859979762948,0.23710199035411803,0.30647272903913225,0.19851347152933768,0.23677898853279142,0.25521772656279446,0.27009494367860115,0.24466490417747283,0.2882666323690388
0.28508597803453123,0.2844999555313337,0.23627201097893946,0.23935181264951153,0.22796752388430822,0.309689610528365,0.20136996798029105,0.2656871398434574,0.0,0.24428654725452356,0.24198002572782798,0.263982581336752,0.21735789424402677,0.26956100430443825,0.26000234990536986,0.22798705704847352,0.2144332221127835,0.2630916565621815,0.25509726860619164,0.25996713187023013,0.2521360711383648,0.33376735673973157,0.17094925964815164,0.18953905213809835,0.25116466199890236,0.18367770936028976,0.2238509455635966,0.20122908895561056,0.2306200627405264,0.2807844057376322,0.3596803673599669,0.26261998036892475,0.2627271138359795,0.17670178594832892,0.25801202242775556,0.269146222824872,0.2352340333582868,0.3497074864588701,0.28846399534652384,0.18691919873515672,0.23341542211256952,0.29702919294776914,0.22572958435094334,0.2559303653312909,0.21449232036939647,0.22420747305559516,0.1928594594433774,0.22531149883889345,0.20815373509321997,0.27236548587753223,0.2555384259374324,0.2155930954602959,0.3309370848560888,0.27198495495712527,0.24650148374394681,0.2988468123001453,0.2735351566711317,0.2762040163257003,0.22267920580726858,0.2351021703210071,0.25747795400080065,0.30124629677464865,0.2517557363257035,0.22210599855839086,0.3184300167044703,0.25755237231616684,0.2635577656828674,0.26782299679118937,0.22512786456902142,0.28748347908844196,0.316434134997303,0.26723016795028787,0.277820767816621,0.23051923634598226,0.338888287936079,0.2630932352946589,0.205293294147599,0.21885115626213075,0.22597174625537808,0.22964610632243834,0.2896993700858355,0.41689958390111587,0.3270338074843695,0.24784695757367514,0.280067810962229,0.28783447635361975,0.276223095081102,0.28855559038630835,0.26430315970452,0.3716820504538255,0.26657058732358335,0.3301517524760484,0.26838809137920083,0.26075671899480535,0.338181087009244,0.3364484901921502,0.3903084670151437,0.22534829690442632,0.30807390095261233,0.21758699297465917,0.32304858592220387,0.21046416522351133,0.24444279499962998,0.2439632990766305,0.3369619943245579,0.20952705836177318,0.22759637070929675,0.21307260064887057,0.20670792587434583,0.20695533156585896,0.21895351703985516,0.2935272598464494,0.28123523387791655,0.40047625265383674,0.24357034923700355,0.22307313040088347,0.24485138897532302,0.23566204010211614,0.18542792283580972,0.3113588608514704,0.2549640495463851,0.28354945695342604,0.21142141367689443,0.27250576216331157,0.40186043569754504,0.2541257236421811,0.2587410824006318,0.21865589242327368,0.20899296565915548,0.2673082766152918,0.37536735330618026,0.3205354355035843,0.26950488493819497,0.4477253433689783,0.285220754840048,0.28900110640311466,0.21216346383749682,0.21001867388531933,0.20319883186345666,0.3266416210897327,0.30735898653792393,0.30562278285612055,0.3048291779924137,0.41296634057862364,0.2943246080975194,0.20369016571868984,0.3926514079635731,0.275340768252642,0.25583524916081785,0.21742264307665937,0.300174449207309,0.32334455540355084,0.2657798184932137,0.19114966076433584,0.26214636588620716,0.3080904841096338,0.21903868133429782,0.24269196575930255,0.24695426645734084,0.24288095229372814,0.22550011196524966,0.3299647674908288,0.3476894973385233,0.302080776030366
0.3246386212630613,0.4174758353427396,0.3398185929108009,0.3632562376406022,0.30865986730558287,0.28339823197646885,0.2902892317073485,0.2802925837963909,0.24428654725452356,0.0,0.2886659792333987,0.25152011651892886,0.32841507669716713,0.33064828164602733,0.2805393583702221,0.2729922524641145,0.32525419183839727,0.3914081396188931,0.23689413591136427,0.24907763220170193,0.30309006935105104,0.2938877210936461,0.2900234976066789,0.24992397676006528,0.3507575189356438,0.23745118786687575,0.26927793347872403,0.27369147795287235,0.32936598832362185,0.2287933816406022,0.29488192596797075,0.30231115274302883,0.25544836942359134,0.23675264004116764,0.3331749004840396,0.3242566851899531,0.3314067996908584,0.2815964323585115,0.23287306826698545,0.3203594522573718,0.26521908503567765,0.38150387095305593,0.23410514702452326,0.29184889534703234,0.281629824669286,0.31126677235300715,0.2425120211424706,0.26582001108646414,0.356689225920785,0.2739105645196316,0.3347278035313419,0.2756066075096449,0.32410336019732766,0.35875221228624077,0.35814906030850424,0.3494350354899667,0.28795533995794,0.2461903179768304,0.36337397972848456,0.3539789760351386,0.32187817829249865,0.24844498166806328,0.25382427695578363,0.2434521284280408,0.3218755129277373,0.30113206694406025,0.32213144054940807,0.26754021769234865,0.2659755113628218,0.3023129465300432,0.29301815849864493,0.37792234033806915,0.27936046977642787,0.3723883041965482,0.30853185894742563,0.3367768343290077,0.2839214249469701,0.39122053644556765,0.21691401057623033,0.2493699334407546,0.3248802590636324,0.3010240078046858,0.3103317110484157,0.27261636570637976,0.322472836358228,0.2914277073517752,0.2625409535249021,0.2853960661172792,0.3369335586117074,0.2930354895191664,0.3113857403487092,0.3029646899917898,0.3521391406287443,0.29568808354562864,0.39947222693828904,0.2946989668989034,0.21393682198004813,0.2809780356480103,0.27500905122018426,0.37002244503877463,0.3078577737001081,0.2513782919830447,0.24718231573316277,0.2659044265369356,0.2953651292003027,0.266333570599929,0.297215521034031,0.3126397117066671,0.3405560284633078,0.3383874575088336,0.29869592332971845,0.3011940818033033,0.3424118338958818,0.31245927010403207,0.2975566542624793,0.31999669624342997,0.2964571828858263,0.2708274702031042,0.29578851526562183,0.3589576551389063,0.3026216515161579,0.255569573269173,0.24576045850867526,0.34895553753424036,0.2506784853473089,0.3078976805234577,0.29771444313550677,0.27745223813317343,0.3327997306028949,0.3240997794830045,0.3349808774658054,0.27370724073370495,0.2732700664481765,0.2684583761213915,0.26520640443203236,0.27223203897442866,0.22178687648454987,0.30243343479048423,0.24453287928412568,0.27643925817782006,0.27222923011080263,0.3446028963904021,0.41587140944043965,0.2819787449357009,0.3273270264736311,0.22698026552794182,0.2443792674643679,0.33666100734992044,0.32161202425322805,0.2120851440879823,0.25056320272676047,0.31905638020163707,0.28759308980549786,0.29675199775141925,0.28766528347015596,0.31697363127870626,0.25001112799422504,0.36110110575748994,0.29054716707926476,0.34059851648226175,0.45485331799935225,0.31394128189481224,0.2822660561604679,0.31445395864172054
0.35607624758289114,0.3082361175689777,0.36025916309748596,0.2988455724096675,0.2633283126522452,0.2982788565868884,0.24715608746338422,0.2828591256015515,0.24198002572782798,0.2886659792333987,0.0,0.3513215396736452,0.39489053601561297,0.2354224604369276,0.306267130444321,0.37007218761265076,0.3078796599751338,0.35129037230371,0.2679058089593207,0.26520782869064646,0.3279972744131545,0.34699654215374653,0.23785636217095113,0.31477487082382316,0.3172579078587136,0.2773233036060545,0.29444466069431496,0.2788631768578107,0.2954648677754188,0.2995025598922463,0.2943767344995585,0.29954889319677713,0.2765291403641444,0.2066053410212298,0.2758372177115333,0.3013472456005465,0.43365954832007797,0.3216514560755563,0.29249210788116836,0.27758211503608354,0.2848269151130807,0.26312751324159794,0.27286154734587403,0.3347875727838177,0.28485268238018463,0.31430426388154364,0.21415088380645828,0.3822447940884135,0.30229785540628995,0.27989085179023643,0.3479169294651584,0.27104686562722036,0.24616233495753212,0.36406002416088357,0.3903177598313288,0.23085484305266377,0.3487458771303628,0.34970351199550337,0.2511047546116021,0.33676083481619135,0.3026730473148712,0.20902550030016756,0.3327575033308756,0.20016577623108167,0.22798614960559738,0.28442549923097893,0.2746933942337079,0.28554201867662576,0.2702777664220021,0.31838502862844476,0.3122926087934487,0.27048314554805786,0.24995315488968636,0.3799258859411425,0.337185275771199,0.2826519048452471,0.2962154213267221,0.30072002033779915,0.24044729216579047,0.22052200359532184,0.2554974750600549,0.2568026734290787,0.29500826892372284,0.2928738219609031,0.25180988687768324,0.29796883757358766,0.2688334979098354,0.24653001566190705,0.3041655565918124,0.2675334682294788,0.3666487910022887,0.20853580800986804,0.36575775491393603,0.33064702186401146,0.2456009841376131,0.30316090021001413,0.21718631957279427,0.20174997688785692,0.19161668581807068,0.2810858443100466,0.2877640969735459,0.24191057158755577,0.22134958412777195,0.23564573390732474,0.3005618882569154,0.2709764940408608,0.2749205718909498,0.24355219731747876,0.28811418641761705,0.3387021637352704,0.3339479664544791,0.25848342999066437,0.25401559899701853,0.25442334359048974,0.3362962124595797,0.3357291170578419,0.2423181897408769,0.2879734424742832,0.24310090810585497,0.24151639122622326,0.32039339851088505,0.22530436641538204,0.21209886443070067,0.38044736290308273,0.20878576561061493,0.4083327376645178,0.1929724823214394,0.3335890209052542,0.25398269251708505,0.2814973309940075,0.23498290879429673,0.2972791157092847,0.28852383965715866,0.2418530883838386,0.3500811284921327,0.24524894535704048,0.25914383785225115,0.2674896311502423,0.23753628729712029,0.3071447842898679,0.2836227710189425,0.2535325729844665,0.24579994893550872,0.22734744882040603,0.36646496212847673,0.1984206012978421,0.27949212838468507,0.26857777108948905,0.2582955873955601,0.184789608079144,0.3356118911757109,0.23469495232528242,0.383841216506413,0.2394602950948738,0.2791787979609461,0.34292615071024823,0.3407685767553312,0.3621143847113193,0.2482403798303713,0.2689485854026084,0.2524785361480227,0.2662136029913241,0.19327866200568455,0.41012231404444377
0.35101625726678076,0.2759577952603039,0.26414185626444936,0.2671838446760611,0.22739172913561534,0.315839397646195,0.23734568514513263,0.28918366688606484,0.263982581336752,0.25152011651892886,0.3513215396736452,0.0,0.27215303524088785,0.19075413242109915,0.26551947941617976,0.33096836611425323,0.30426852880382765,0.29469941155601165,0.42580060711184126,0.2865928793141608,0.41521559507984257,0.25336719562256826,0.22979851295478293,0.28258497766613805,0.38908125162711943,0.2425611783118792,0.24250739915601519,0.24574823357623057,0.2605677572511148,0.34339401230050887,0.33147137043964475,0.31306373852420505,0.26494483939481583,0.24680655960745118,0.27408019032832465,0.2976523148709702,0.320229537122669,0.3685704168963295,0.3126759117277019,0.26238188367456855,0.32978911057646976,0.24942223621445078,0.31381204171586835,0.3393816391235924,0.26054356331810796,0.33158327136167864,0.26429234450797306,0.313988359323416,0.29250378307007713,0.31520773150637377,0.3583639232435731,0.33695355824235207,0.24879845674857168,0.3231990861944116,0.3235053396522125,0.24085993088922722,0.44701478412504764,0.40652927725751253,0.21862861700561806,0.31088278754160326,0.23540244337795538,0.22483266961040715,0.36171950085434107,0.21465243272537501,0.2492166847221593,0.3277980140151991,0.21816490529760343,0.23253059073689702,0.23529873372769597,0.2809276166669577,0.27844537501474975,0.25034437161870027,0.23473187917996696,0.29393099505806186,0.34235875539388877,0.2958716759316187,0.23912756429507007,0.2658607837577808,0.2796949260930971,0.24082609824061782,0.28937660178699187,0.2777564330425762,0.2984387945142794,0.27607801632782264,0.3202477413455573,0.3476396920967342,0.24446417733699072,0.25758223031864186,0.3676348483605403,0.26883949126310985,0.3336221666487465,0.24727032247051256,0.3312379907548509,0.36805148273207894,0.23694562375962108,0.31738733003375025,0.2307139098539969,0.2607162294283433,0.2020568234111278,0.26462494170147144,0.24699812574916818,0.24623367247174313,0.293343583534042,0.334845424531662,0.30695135438375276,0.29070956384293556,0.3371126831427364,0.25087225244278166,0.2808634105450705,0.32228925285733656,0.41877118865080043,0.3257411451488813,0.25257802823233233,0.2927508981467043,0.33524416183648986,0.3184952158995865,0.3044255420531508,0.33184047617097095,0.26682601239182013,0.23518382506588553,0.27598370180645027,0.2535545878218581,0.23353583475327613,0.35409593340970014,0.21223443307106948,0.39874127322028374,0.20871916371520444,0.2711394961325467,0.28070878455278764,0.24888589492502938,0.26127485922928234,0.2858870051396391,0.24818763495656243,0.27455274081769093,0.305709602764428,0.2344031343160556,0.30717214412928917,0.2665926238452104,0.22170934486363555,0.3770194132252071,0.24468081850424933,0.25306295068707874,0.2595502655741097,0.24097768729824448,0.3438255407824681,0.2492643350272806,0.33598079703328726,0.2740442661483643,0.30991835941050266,0.22210951202810533,0.3743007801215471,0.2939178977388946,0.33973750023319527,0.21705321847504366,0.4608266957234544,0.27251530559648923,0.276037655275181,0.3450714082366459,0.21362672467824081,0.2814838557201319,0.21870204154530326,0.2938710007675717,0.23026614641910853,0.3554742049132011
