0,1,2,3,4,5,6,7,8,9,10,11,12,13,14,15,16,17,18,19,20,21,22,23,24,25,26,27,28,29,30,31,32,33,34,35,36,37,38,39,40,41,42,43,44,45,46,47,48,49,50,51,52,53,54,55,56,57,58,59,60,61,62,63,64,65,66,67,68,69,70,71,72,73,74,75,76,77,78,79,80,81,82,83,84,85,86,87,88,89,90,91,92,93,94,95,96,97,98,99,100,101,102,103,104,105,106,107,108,109,110,111,112,113,114,115,116,117,118,119,120,121,122,123,124,125,126,127,128,129,130,131,132,133,134,135,136,137,138,139,140,141,142,143,144,145,146,147,148,149,150,151,152,153,154,155,156,157,158,159,160,161,162,163
0.0,0.8643365894798339,0.8290104153029629,0.7757580000888673,0.8471167884924169,0.8268796793611644,0.8240862245679627,0.8399497804258548,0.905082581353263,0.7917962952192645,0.8774822740502792,0.8307879545058842,0.8824256008646105,0.8031267767574588,0.8335854007051587,0.8534603553843032,0.8737187562622256,0.9327260350223003,0.8604205414550566,0.9229951460842832,0.8641319154540851,0.8915651965629019,0.868543957088755,0.7956455261959149,0.8837689461544995,0.7639237584398382,0.8143100067825093,0.8596874457483494,0.7757027068601531,0.8812941593538449,0.8451872024264718,0.8632986497890273,0.7933119366115481,0.7726017623732837,0.9020710797044283,0.8087327326999347,0.8917665190298247,0.889875331852894,0.7729863207495145,0.8013240802648136,0.8094820850423615,0.8626076848722639,0.8547956814006922,0.8092808602301597,0.8332687850210032,0.8357128462933753,0.8386528989289569,0.8114545690897622,0.9122743887466332,0.9029207397467196,0.8826675412163767,0.8570962430521569,0.8386332145819345,0.8158665814427223,0.8010779337571167,0.8116961110155688,0.9383801765331979,0.8720106706352977,0.8253117167913939,0.8422511946271661,0.790213254227042,0.7157489510822614,0.864346592413224,0.7650568839087978,0.8222959501202733,0.7800539253266264,0.7704237836284594,0.8462655927037819,0.864383363885669,0.8825922713307389,0.8970454440036918,0.8064339419847192,0.828168962465292,0.8744015152244401,0.8675261843409473,0.8164219778701985,0.7749449471652567,0.7943960945159222,0.8002295409247974,0.6706385723295125,0.77533609512196,0.9178507854983128,0.8599515743880357,0.811915780501738,0.860800934417957,0.9140057409550557,0.817850037507626,0.8846200710717077,0.8408748990677908,0.7661081306176805,0.925610843058691,0.8037680049739716,0.8862515229576214,0.845869472664294,0.89271777249286,0.818694092345881,0.7144398949232764,0.7811135388145398,0.7296436275089319,0.7998541073562259,0.7395694760837191,0.7146882921168195,0.738414674711756,0.7606473187444095,0.8682843815491667,0.8322483760887617,0.7561468126360641,0.8582644582233451,0.8097426707319761,0.8070240998012823,0.8105105564032044,0.8678210533686189,0.8553995111817072,0.7983466697084183,0.8396970974234937,0.8818891451427366,0.8529289374858249,0.8474310048379327,0.7744082190643263,0.7894521765980226,0.841654633109128,0.7753982044793458,0.8537488003432006,0.843892847591228,0.8202231676563587,0.7861031669444349,0.7556888171575475,0.7843622090352904,0.7770331269950976,0.8164187961495751,0.8349246666966946,0.8113911702994834,0.7735680938713446,0.8559697628913462,0.8030049167830892,0.778127663024039,0.8587392203916695,0.829801982153555,0.8073025739993147,0.8883442315973189,0.7638470838887027,0.7953517336586131,0.9239081396730187,0.8298932238154915,0.8283512519595352,0.8715865028260636,0.8929956608359858,0.7477800185948152,0.8679898009967675,0.6643878529739351,0.8671355933470258,0.8303882845881144,0.8910394171858499,0.7807832074173644,0.8097203574361379,0.8404158559465571,0.8458339083547101,0.796111255258316,0.7783230706889294,0.8206812312939988,0.7230729951981841,0.8793249779275921,0.8943935866692806,0.925762433841804
0.8643365894798339,0.0,0.862554964767189,0.8176953979327981,0.7791067960079543,0.8550467745901906,0.8664628070280453,0.8602364557114375,0.8049593490408021,0.9101403238862322,0.8430194076111563,0.8878525481153958,0.8953808627796083,0.8330387591132994,0.8502769222705032,0.8366197208664159,0.8431022602402782,0.8247928751974645,0.8141753682311382,0.8460742449916231,0.8325171117462253,0.8803213416481483,0.8802741772397946,0.8483208549246282,0.8883560475497222,0.7772673909576102,0.8456878849739564,0.8296837657310492,0.9131879819463016,0.7933891650618554,0.8566828561147516,0.8384003817909825,0.8821806966170913,0.8230676034662067,0.8658888655904159,0.8571772116812373,0.8797363660220163,0.8444354235229178,0.8142362539749126,0.8663898033547841,0.8918860310587534,0.7936180319469096,0.7478038693095803,0.8093095468572948,0.8978151222568403,0.8495692815994614,0.8385156109898109,0.8043425105972003,0.8894609675873708,0.8197750740791245,0.8250152924908967,0.8328653538154311,0.8137472486796482,0.8806145797657565,0.8510065831908808,0.864241604955125,0.8298854640243655,0.824669667339375,0.8083373011695355,0.8769873834458962,0.8338117155544135,0.7096465796905934,0.7614768874457951,0.767932211796078,0.7010478782231468,0.7109670017127572,0.8330551501855145,0.8024373739904312,0.7691958802012001,0.8032844343933346,0.8218930112688208,0.8031601667601146,0.728497129808685,0.8617577355011441,0.8285731941749476,0.8077839766459983,0.7700006548383999,0.8558272157901957,0.7915610031598519,0.6824967443495532,0.7826586371069111,0.8126953966982137,0.8892970094041602,0.8413614655818897,0.7624975888745006,0.9445970299712905,0.7404127699415549,0.7758956134865513,0.8712154398617282,0.8558368221479311,0.8174064965168559,0.8363927626956417,0.8737271794596475,0.8019548982657261,0.8269822978257603,0.9045822130029629,0.71062774748553,0.8414023536935816,0.7081701552181503,0.8713749057529846,0.8066735413040715,0.6754772056165723,0.693020077256178,0.8161200885696643,0.787723990889778,0.8399553255785533,0.7689499201193274,0.8800751272194272,0.8856875819177452,0.884616421584925,0.8149919691595818,0.7683515312128667,0.8259691495636775,0.7632431812896657,0.8355470329344692,0.8974034565647572,0.8361641568301729,0.7930385945561133,0.80181896021964,0.7990912286609334,0.7893632641749396,0.7548888678543099,0.8175524834625492,0.8704099088125721,0.7423579120373469,0.9017763675341458,0.7453783005647694,0.8593797318574602,0.8865348157972791,0.8397464712478606,0.8258553704406115,0.7494350094103097,0.7604655596031039,0.8199048730374817,0.8074385389924134,0.728620620740724,0.8777763136464344,0.8702152871045962,0.8575037804731067,0.8473833426902284,0.8051862447955038,0.7987222618886374,0.9303539716599698,0.7855770330780295,0.8705293823980128,0.805383954377297,0.8726659129616942,0.8461204068330939,0.9095760311185618,0.695919513065338,0.7799041440420444,0.8440185403507562,0.8169814670335475,0.8781870211125558,0.8557814248852036,0.8303014286082515,0.8596173123018395,0.8561581403938193,0.8260107521582757,0.7629404820145457,0.8067538314019982,0.8240386229954402,0.9334012054183771,0.8187843779538888
0.8290104153029629,0.862554964767189,0.0,0.7717773414729489,0.861485018533129,0.8538609085852787,0.8103774415105172,0.8329959670832863,0.7394575703810295,0.8959456798326245,0.9209062314500679,0.8511098491055158,0.9124500026673477,0.7306519225508042,0.7939246622442556,0.9341054347645954,0.9103023354782135,0.8372678907322043,0.7967088718295217,0.7860573302095676,0.9223982530433231,0.939988893892464,0.8279649592123152,0.835120364019287,0.8651384045242272,0.7988352730466727,0.7987325983842114,0.8195702553171077,0.8539963052759262,0.8393377321185616,0.7265059522419994,0.8480106234241344,0.7790635403841114,0.7135384614044514,0.731364548053401,0.7566044923127756,0.8796798029447856,0.8100983968865954,0.773852034879711,0.8334309230571523,0.7994167437179501,0.8458126325618729,0.8168423473779416,0.7737650836452914,0.8019222628458503,0.8073840497913599,0.8194301287232361,0.8566378021012515,0.8561920801351334,0.8017155011468594,0.8477358935748828,0.8248467336265719,0.7343699572434141,0.8490142648729181,0.8146273363360809,0.7614059638572483,0.8300878009451379,0.890993874703391,0.7768959853528892,0.7720033994859249,0.8281254419779704,0.6565347020313573,0.8341326752043777,0.6879631703619381,0.6818148613011983,0.7179913409226567,0.7600869957785998,0.8685071800726302,0.8388634490949084,0.8529420106070528,0.826966247730964,0.6793382314654934,0.7179608911415717,0.9269110841148177,0.8520363328590204,0.6760892704546692,0.8650889079737197,0.8753776485020756,0.7340635993670093,0.6948109964092994,0.8291007208483469,0.7655402204635312,0.8881150267342088,0.7933738100876845,0.7457256387017177,0.8513894375830356,0.7564483644516128,0.731176229974719,0.7613387412275782,0.728613401454074,0.8607655395654946,0.677661784415498,0.8553357831874064,0.7200527983414668,0.7894013830232608,0.820602772420292,0.6566151571456144,0.71976894812958,0.6063111222858408,0.7494859659110426,0.6655155628187399,0.7613393930430676,0.6484793318090195,0.7520284422648047,0.7194856505531474,0.85550841319112,0.8130796040888337,0.8693057797353279,0.8226422229313265,0.8820580251018634,0.809425821197924,0.7312614304369812,0.7953887501455937,0.7630688334103164,0.7503594147701542,0.8706293687935707,0.7371460806488467,0.8515814802758975,0.844619908898942,0.698102333730322,0.7832066946936356,0.7272895441751653,0.7415776738224475,0.8503181984186673,0.6340261934772735,0.8441285193306776,0.6970735559179643,0.8084721332627555,0.806804650296156,0.782524768501631,0.7759134318106519,0.887438557921463,0.7087598175924867,0.7100264881029688,0.7889300345192183,0.6941016247012193,0.8145775875017949,0.7640841491646289,0.822394059050443,0.8150684115528043,0.7217251923778703,0.765298913112027,0.805325448412406,0.7590746654799777,0.8328371164283016,0.7483059311773186,0.8439432886224355,0.855821996043407,0.8767094102726543,0.6535746726979932,0.7065942060058439,0.7489619709435124,0.8503396341251642,0.8733756936104732,0.8399917189788798,0.8035154511732167,0.8726962598818514,0.8775999124812217,0.703033331146221,0.773252653046141,0.7782661766338462,0.6935958057397171,0.8186894760364191,0.840508701931592
0.7757580000888673,0.8176953979327981,0.7717773414729489,0.0,0.7291403407381041,0.7766606912351297,0.8695546928070428,0.7934441801612766,0.6728576464708418,0.7892788358559714,0.8323731542855064,0.79647881944163,0.7978275637274233,0.7441213526031979,0.8226597738105493,0.7290598128692913,0.7651827691960814,0.7750463429345109,0.7849670127418567,0.6835850913432903,0.7872731795674194,0.7890480874881043,0.83746427378394,0.7853616102591252,0.816429968670402,0.8202108135733919,0.7881991279047639,0.8061142718816845,0.8117645964883171,0.6639148906857234,0.7495506556178405,0.7136202635088942,0.9477487448700369,0.7699710911034218,0.7917795636634253,0.7922845432971286,0.8145120268884211,0.7543735310013905,0.7354605398268245,0.844746161170677,0.8817619988125039,0.7013638819673088,0.7211334570543796,0.8235799481049343,0.8005538186334786,0.7529087475989351,0.685559149021022,0.7791776786483905,0.8279966984569671,0.7205764105381771,0.8380800069495231,0.8393691715675641,0.712234109106559,0.9100263770560197,0.8392475855066686,0.6933582706187778,0.7460143140918106,0.790073778337953,0.7653784555017547,0.7449752285986483,0.8261996739659117,0.6222052278806846,0.7870389755397585,0.6518029102397167,0.6497313385416835,0.6732600503931786,0.8141313319457146,0.7394792260027442,0.7333481479951836,0.8101868482113608,0.7533546327861902,0.7031656874923273,0.7399380275252628,0.848142656388138,0.7460707569926083,0.6900066666370154,0.7604709627486231,0.783763970514245,0.7744027566561509,0.6289740787795116,0.7301048057649775,0.7949484196422909,0.7400982517253463,0.7868018088839787,0.751670006546533,0.8006745508801592,0.7453147172339039,0.7403369760092867,0.7586039762131445,0.6973232987406047,0.8230953698996689,0.7703531956513479,0.7873934960757529,0.708859515536491,0.8268767138424225,0.8358390351765351,0.6368668598934147,0.7805932235374646,0.6269288425201796,0.8288952800522121,0.7156498847173078,0.6774199153643469,0.8341953395801598,0.8337565226555962,0.7441981927635494,0.7223970000888887,0.7094347290380703,0.7875044891291129,0.7956362885875196,0.7492615822929524,0.8532392036606793,0.7479956363242438,0.8480353372724491,0.7008897736277045,0.8125522539265425,0.80706741481926,0.7478098468532143,0.6843719369346739,0.8704205380676547,0.7558258754690029,0.6896901253833001,0.8454427466123623,0.7170616243052992,0.808552934875495,0.6571695602578439,0.8446812754774398,0.6778427690789152,0.7267196297499691,0.8236640603012784,0.7608365239491434,0.6580406363880279,0.666303666412004,0.7139320407507226,0.7753673109983668,0.7285961548779712,0.6333271200918512,0.6832808485553484,0.8297250351654237,0.8070002228067122,0.7476709698200001,0.9155583202507296,0.6583854955230192,0.8261738958835684,0.7393412859022805,0.7813002302700554,0.7727397998872352,0.7381468015431132,0.7419919349380448,0.7428077450400853,0.5850916882630098,0.8027197391443456,0.7958602793285782,0.7339975316799772,0.720382059673541,0.8612240991618876,0.7595370187669005,0.7847837041619488,0.8101854323932802,0.9200347178120506,0.7711352264003218,0.787517372439586,0.7485952722797434,0.7739782274275044,0.7951664510407788
0.8471167884924169,0.7791067960079543,0.861485018533129,0.7291403407381041,0.0,0.7764667458517646,0.8386387984152189,0.698558752146515,0.7429595004872516,0.7310880159553627,0.895101980263696,0.8165344407176317,0.7927328890632455,0.694886650538551,0.808331019768206,0.8555216521932515,0.8395688830719918,0.8074532934673317,0.7724386415070154,0.7581991291767003,0.9104182849148496,0.8929237348335355,0.797067542220311,0.8422379533546783,0.7883417881862216,0.8064733435221004,0.714381535880446,0.7234934574299656,0.7825716878370007,0.8497041290617766,0.7274874741642944,0.7705228619519628,0.7458835854056254,0.676070303050734,0.7658180309010464,0.7374325827182576,0.8496812259770602,0.7891729853363864,0.7921817668971277,0.7904905085889513,0.794757042467052,0.8278699302584022,0.8359698483432467,0.8521134936114338,0.712982997829315,0.7396963739138748,0.8372007186736278,0.88885811013983,0.858835219425208,0.8175762548038835,0.8635188440588542,0.8392683507693633,0.7156780056880594,0.8050659179008555,0.7806756768766673,0.7237902128455239,0.8434359050520578,0.8594350527877899,0.7252380090251541,0.7275937181474053,0.683607945222867,0.64406622492969,0.8192586189177943,0.6834006393716129,0.7375002157532976,0.6676351801482446,0.6900798019760814,0.8637253637759245,0.7637205396820633,0.76046377947262,0.8589950946055759,0.6950930663840877,0.7019903786258285,0.8348519801860773,0.7429486245020817,0.6614806239696049,0.7952863337165371,0.8972140957809904,0.6959301555093753,0.7465276382437067,0.7796603583650075,0.8020310100219318,0.8677679514249714,0.6963728405758579,0.7601896117676029,0.7869424430282306,0.6977587485467931,0.7258567213079259,0.6632131748450469,0.6908818271600435,0.916519331339652,0.6919509007292768,0.8699459994887028,0.7216379520597557,0.8061564395185837,0.7881743440482875,0.6082335454211218,0.6780368168051404,0.6566420678177254,0.6688109158668878,0.6711810465028728,0.6703556843786261,0.6689434970691202,0.7044381943918552,0.707977154252523,0.7880285391110158,0.6983214610139404,0.7673797654174737,0.7748315909847499,0.837327475630071,0.8338539580302057,0.8059224490844045,0.7362746470933399,0.687909377679148,0.7292467945755012,0.8178944590716651,0.694704414509468,0.837199448326513,0.7880057919334866,0.675833369679625,0.8929017079227497,0.6787431090589087,0.7626037670886958,0.8593368350955489,0.7205414871533793,0.7740934419931442,0.6647451320966106,0.761958184171079,0.7217800097804753,0.7594737959312061,0.7037096789402215,0.822773352707402,0.6598037781938679,0.7641221034777332,0.7657232739718739,0.7740580166812443,0.8074649451369592,0.7949179785855441,0.7392328640289879,0.8179642700931115,0.6808513483664644,0.7486103357754011,0.7824796143345367,0.7463460737719565,0.8504058487307394,0.7704532486415226,0.8848027692210254,0.745747394802785,0.7732462823323842,0.6231922024717054,0.7377924383552716,0.7326689386685704,0.8310077730905396,0.7835142159691628,0.7879356286373274,0.7537598219513887,0.8057870809400305,0.8187576194072421,0.7134279597932389,0.7780682483425795,0.674410825759513,0.7384067755633587,0.7736309794889457,0.9392649654511263
0.8268796793611644,0.8550467745901906,0.8538609085852787,0.7766606912351297,0.7764667458517646,0.0,0.7713679753893582,0.852645506153957,0.7686069996063983,0.8280732697081397,0.8162254080427358,0.907952779607324,0.8421834407595891,0.7140220119673292,0.7264448218347339,0.8687669375721095,0.846650405358217,0.7288961136567415,0.8624345006629293,0.7544418317032822,0.8713362853258764,0.7889337717506266,0.7529777723235167,0.7279036177848207,0.8713747101564594,0.758756694375546,0.7089601526817136,0.7825726914373551,0.8035481782201488,0.8415028853772887,0.8014483758430524,0.9042802541034974,0.7984268797205082,0.8092018542323026,0.7625686268211054,0.801548844111514,0.8485652276251053,0.7917590988381026,0.7556792940251844,0.7168107444442107,0.7934830312895935,0.82839769419451,0.7699059408778095,0.8176037787399104,0.7895832236452353,0.7723734982776456,0.8474886877214681,0.8112852329194026,0.773451510884849,0.7732512835659169,0.8448609733176407,0.8959575385642157,0.7435142225835847,0.8360736813541624,0.8103518006056869,0.8670064473003457,0.8050207427502584,0.9345935296913134,0.6702007564708405,0.7778610052077065,0.8150743263055114,0.7568268255418749,0.8627915045672481,0.6763751957531249,0.6570169792702655,0.7157360369761283,0.7050719336524761,0.793387704709272,0.7209447886706525,0.8147840948095018,0.807719503708032,0.6757176700969212,0.7464290390548891,0.8269423437387616,0.8494631719420438,0.7641344559878218,0.7712914048114606,0.8291939426261152,0.762606571673499,0.781329635615197,0.8952500252956909,0.7934293344444747,0.8561148123233815,0.8227434492860859,0.8239885588558958,0.8476946875155518,0.8314582534384952,0.7352913327848973,0.8401738145876045,0.7579679138872518,0.8405818316718492,0.8147354567934365,0.8246750237765558,0.7637792807148537,0.7536465450028144,0.8718052800892625,0.7193086422681154,0.8628365780368304,0.6868612066020438,0.7952261951156611,0.6886496127897652,0.727343650685747,0.7295892492204081,0.7948487635953749,0.7929556375364571,0.8325643485418409,0.8100121796614077,0.8389119976850433,0.7587414072740843,0.8202636331473001,0.8479201680732328,0.747753518182962,0.8848513618270334,0.7549755776584831,0.7882984416762956,0.8454741223405736,0.8617397027837433,0.7361094842148851,0.8611489158806491,0.7887829105010518,0.7182105689758717,0.8228076598645186,0.8231834399450662,0.8551482788141671,0.6818281696900332,0.8522885718894296,0.7768403074886112,0.8117545140067775,0.8562748074126724,0.6879766349524383,0.8244111163593465,0.8604793914098202,0.7127620747839991,0.7932635912819959,0.7132327173072935,0.6528558702394978,0.8135253077757885,0.7143112108771512,0.6815708916652106,0.7997521321860088,0.740143901554194,0.8128923693113784,0.8341709073360944,0.7756229145539617,0.8115046474819577,0.7964392025024558,0.8516697296584348,0.8046129870460322,0.8563537121466305,0.7152656295453633,0.7606024317152632,0.8128723218160028,0.7377660044245191,0.7457799287982384,0.8820251463353341,0.7429818674123212,0.7355705247001504,0.888581935304587,0.695040350863672,0.82771822403889,0.7181257715423945,0.8124628644660387,0.8917067231837718,0.7805517365749327
0.8240862245679627,0.8664628070280453,0.8103774415105172,0.8695546928070428,0.8386387984152189,0.7713679753893582,0.0,0.7505773470038012,0.7091792655294356,0.8283589833435507,0.8246840528160653,0.856855892685757,0.8134751797022509,0.7217758099423411,0.9145464581489725,0.7563171071140412,0.7631252716538554,0.7965551075161021,0.7773796428210132,0.725426583824681,0.8457039651320778,0.8486272421379849,0.8991636054412318,0.9156095151691993,0.8626049122748343,0.8449194926013884,0.7618497129183655,0.7388898511771418,0.8218466273135034,0.7293782235387407,0.8058721724805825,0.7463935494175098,0.895178315558439,0.7878513362606169,0.8014714370303235,0.7698797592418429,0.8909294155295029,0.7260961939600513,0.7929729511854691,0.8899765021490814,0.8716177440348971,0.7584695798618715,0.7828648675319869,0.87641258056518,0.8206893848779909,0.8132855629588579,0.8204981004860772,0.8454663495465579,0.9275411199930842,0.7530974978510933,0.872853243366066,0.838998312972718,0.7074913050626274,0.8875873305884701,0.8254859733592849,0.7760528010411076,0.777509945970691,0.7763959476344652,0.8066399490122645,0.7562628836887545,0.7428158105116309,0.6193931731226274,0.7446944011216261,0.6604461176552654,0.7137169504806596,0.6832787270177781,0.8305104621262894,0.8662928870351845,0.7112979020237753,0.7574871263936089,0.8359187374507565,0.7212089905270807,0.6795763625413394,0.8612851917901405,0.6873110615572349,0.745280297237871,0.7888702273486417,0.8899061407199221,0.7486814335248294,0.6792102263167388,0.7450055483788398,0.8320484753429586,0.8610481906765703,0.7030182856964209,0.7178181397394169,0.8151955545351558,0.6966585384390108,0.7589584337826015,0.7491058556277508,0.7786379566453496,0.832508279694438,0.8089057806884403,0.8224055089223543,0.7340933621011193,0.8038882745038347,0.8944665463970525,0.6088828459239404,0.7857156040748962,0.6324744645799878,0.811862654112372,0.728605025559629,0.6705865894443421,0.7824968443459324,0.8305549769032262,0.6954005716437377,0.7835106548716442,0.7013263395130512,0.7924788000340315,0.8734452169045345,0.8950949990974737,0.9036532237030067,0.7533502521611759,0.7935581937789992,0.6408228327468402,0.768974927554519,0.8206909291492755,0.7420816278043929,0.7794266847292309,0.8170225020220752,0.6921622149536899,0.7700704167051913,0.7241095900749831,0.7432333839343382,0.9106019279398706,0.6818306614536951,0.8688583333632149,0.6590732041028903,0.7922762970559798,0.7841569394472793,0.8105017859296059,0.6773011363879192,0.6737639666621789,0.6587224358110663,0.741140491480194,0.7790562226366853,0.7199843386637932,0.8009536307407416,0.8883654013883547,0.8191739391870968,0.8141943239822952,0.8220871533559718,0.6788356873801026,0.8667769898866402,0.7039446425838994,0.8512457704419102,0.8514667739690643,0.8375078208153529,0.7989218460869575,0.7962942473404278,0.5607512864964843,0.7889291889246067,0.7700096504362455,0.7446328695257283,0.8555514051403029,0.8784116958347808,0.8280750243419703,0.838153958319218,0.8774610464214705,0.8604956159991696,0.7586040324558849,0.7916277019842489,0.7491936894589679,0.8387043430539483,0.843277997961643
0.8399497804258548,0.8602364557114375,0.8329959670832863,0.7934441801612766,0.698558752146515,0.852645506153957,0.7505773470038012,0.0,0.8226198320906921,0.8414951591596794,0.8173239270534488,0.8516205883760362,0.899857072858328,0.7506563743656235,0.7852670486124221,0.835613962457873,0.7966378570773551,0.7963375372821305,0.8042972195197223,0.8209574392169093,0.7925187514316919,0.8218927195848621,0.7990454965916465,0.7483581678863782,0.8735739944609193,0.762748755336252,0.8276587479921318,0.827471500182773,0.764598607852568,0.7885630864918867,0.848466223774435,0.8413869544140044,0.8125125635738958,0.805551087152695,0.7761189318168508,0.7937512810049216,0.8912926868330268,0.8276429464305353,0.7806281230702508,0.7620945557087497,0.7745009054722787,0.7647559819887406,0.7802541637453319,0.7297983124451894,0.9126019194464374,0.8382748141398915,0.7444831903625678,0.7647526752413524,0.7988621964686556,0.7787733154023737,0.8015681274217412,0.7778327220977642,0.7173162772022421,0.8153976832722509,0.8047033020749306,0.8049356146257723,0.8029575742791117,0.853998808672036,0.7239231439688123,0.8156400932344751,0.9271686013438722,0.7050380499826114,0.7963553312654456,0.6899523995460919,0.6630131506974094,0.7523613155458078,0.8280523296133467,0.7958199740948573,0.7856890416160458,0.9255559330773688,0.8171138792141018,0.714940240019732,0.735606236515385,0.8584091188189107,0.8550588489222435,0.7525170912204663,0.8085804589748266,0.7541496011308801,0.8347305193733977,0.6218950699926105,0.7338750536636752,0.8215785548289416,0.8268202478187995,0.8641260968103773,0.7598878930261157,0.9147341800340154,0.9109707883255821,0.7895704826254286,0.8990322418376198,0.8358317994144837,0.787216341340841,0.7701226443532623,0.7817653925715162,0.748313370273078,0.7541286075070054,0.846244060175753,0.7605835557925222,0.7967424271085003,0.6407558932945772,0.8422001104344905,0.7285902666618131,0.828188571524588,0.7080504820872502,0.7759226235611661,0.8024426311254241,0.8395871604933989,0.8090105519315898,0.83969763018724,0.7804079225768096,0.7862580096588067,0.7612685147183892,0.7373059963135384,0.8445082771507557,0.8122768734641486,0.8001089537794851,0.8392337005862341,0.7734705389415468,0.7577912435301313,0.7416382728821914,0.7693320760614867,0.698543477653232,0.8773551979290729,0.7417661100671322,0.8029505068055424,0.6577961072146766,0.8387861921303974,0.7263384659912715,0.8541733699016455,0.8048049517690451,0.772431426938121,0.8179811683554836,0.7845205938832579,0.8274800395494061,0.7692131409507822,0.7920923870921555,0.6381209815562336,0.8078057877480479,0.757196408230372,0.8097188183989527,0.8598228340067835,0.7727837781174283,0.7444760913604382,0.8394339268714206,0.7662392184683552,0.7958536569051338,0.7890081166948427,0.8312092224708634,0.7897376458546685,0.8567288668008046,0.6557372392413161,0.8230390417292036,0.7407082945154368,0.7816168353578865,0.7880422879192056,0.8373784258813793,0.8841904139972895,0.8228729503145205,0.8287060201480112,0.7271013949394002,0.7490891758793465,0.7188483170002269,0.741572497550919,0.8908501401639021,0.7650190769165862
0.905082581353263,0.8049593490408021,0.7394575703810295,0.6728576464708418,0.7429595004872516,0.7686069996063983,0.7091792655294356,0.8226198320906921,0.0,0.7357866978114506,0.7718687622956336,0.7780404916982081,0.7804296032672247,0.7442386093917384,0.7300644774415227,0.7622392601407981,0.7588406311309422,0.8214934126296904,0.7785914032843297,0.868485400461183,0.7302848500347942,0.8139622386561831,0.7703267746279655,0.683259520266548,0.8152610503404608,0.6371579873224766,0.7835119824662121,0.7817181658448444,0.6858692160075329,0.8826602514316462,0.8198886024469683,0.7802064830507908,0.6884444622416798,0.6966497842304292,0.8297709602119389,0.7274786419072992,0.7895022775200798,0.8203495918886231,0.704725805399202,0.6749022139877734,0.6836387370017448,0.8636443441299344,0.7190224059408534,0.6841759625930838,0.7586249912582959,0.7113133468537054,0.7408494473102537,0.6849874409648559,0.7757275355706857,0.7863720256715347,0.7235704785162036,0.7130615968872688,0.7352972195034974,0.6912826953907987,0.688263788841312,0.8272198507520683,0.7992058713774258,0.810531997898823,0.7032458028812648,0.753320355985583,0.7143087464380153,0.6682330155497407,0.7239892078351209,0.7250461821374453,0.7134687461495991,0.6540000114121178,0.6933777272569975,0.7411996811355058,0.7869060223684401,0.8437632255438285,0.780738922553281,0.7238095763510237,0.7673810307699125,0.7357436231289761,0.8177156077380794,0.7216766976206139,0.6682611167757855,0.6876685187323902,0.6837545949039104,0.5820575849420572,0.6559946789196928,0.8562438897972268,0.803891207958763,0.7306085370547029,0.747424627789009,0.8574273986768992,0.8025324629098389,0.7849143213677283,0.7786080303351918,0.7895939103196675,0.8084832674327023,0.7755035863821855,0.7554805376698897,0.7179097846941086,0.7756021298126382,0.7618983951243152,0.6810437714631343,0.7399685262026527,0.7136740437999466,0.7072013427578528,0.6801508604273121,0.6563295438527863,0.6454240697684994,0.6984972970769905,0.7944440720902537,0.724975685717772,0.6431998349324193,0.8076942100769516,0.6752281177336402,0.7167716076112176,0.6879722351146483,0.7665661903115459,0.751158521503308,0.8167795081473981,0.7065880830885979,0.7981602742442285,0.7570491163592011,0.7637822234006137,0.6481177372502583,0.7802495286403819,0.7373585274552408,0.7202911259127048,0.7624444103683137,0.7177479132804705,0.79565511424422,0.68428297557139,0.7052174489252175,0.7316969644961886,0.6799928102979984,0.7016050488161646,0.9048626009485984,0.7466995220454935,0.7397557505077311,0.835122632124952,0.7289886911185125,0.6723977682823605,0.7891664953703652,0.7087721409499553,0.7156329407675802,0.8121939329844036,0.6647074153092677,0.7557409192462362,0.8463445290686886,0.7898489045471511,0.721721194496286,0.791006642886885,0.8579205547367205,0.6481795628455405,0.8124013628885474,0.667454064680599,0.7900561198879698,0.7305258960171528,0.8253350177976928,0.7134953943854911,0.721069776104133,0.7839325307706544,0.7520363670424606,0.7081214840812209,0.6772909581935905,0.6933834751622339,0.6024542339631695,0.8199923469855354,0.8562615838102255,0.8267495997810913
0.7917962952192645,0.9101403238862322,0.8959456798326245,0.7892788358559714,0.7310880159553627,0.8280732697081397,0.8283589833435507,0.8414951591596794,0.7357866978114506,0.0,0.8222889732006058,0.8539083233737386,0.8640133917474307,0.7361277728403494,0.7846216123161011,0.8156631184633439,0.8154915925308867,0.7998363696939155,0.7941106320684471,0.7603832108419402,0.803357776168099,0.8564169937641263,0.8645471380634648,0.7897287432532571,0.9211447743919865,0.7178448378269223,0.8165705503500492,0.8218940869867104,0.8748135428645893,0.770968157145514,0.7627913768789609,0.8153800418292741,0.8028116413703903,0.7569810236163711,0.7483222320908306,0.7502431106504908,0.8357202677201431,0.7525658692680817,0.7214095879525901,0.8077136505966529,0.7825369443549856,0.8018337685668258,0.7279568287090794,0.7332725626764004,0.8245238551789422,0.7812256743022833,0.7757233393417349,0.7643107797247817,0.852950771494421,0.7224531916035866,0.7663004001370688,0.755991464927201,0.7118217775277167,0.8192130415153399,0.7949313257977709,0.8012572929185403,0.7401088013417464,0.8062808992287077,0.797803935447067,0.7518457135140029,0.8076332270449725,0.6214399341866345,0.7258954276211947,0.6818657189057495,0.6350056995172374,0.666460712585064,0.7684161960554589,0.7886170683267362,0.787909391324802,0.8223862956158541,0.7360793241458722,0.6834265945211329,0.6875729129038732,0.8429725852449895,0.7994962577867434,0.7252481379525076,0.7558604918399136,0.8003901744337736,0.7098565529290042,0.6217291827926562,0.765437718122083,0.7314187913044738,0.8420678273707077,0.7727654489016549,0.6879563396459212,0.8376881833658532,0.7276815680998342,0.7261550471174063,0.8176402991540248,0.7530705074303893,0.7659748897258297,0.7395322108296082,0.7914086703554688,0.6884992049328404,0.7400915588131082,0.866061690796203,0.6287530056883606,0.7962066946352522,0.6007984196840142,0.7949496807840205,0.6801992200736185,0.6978018504290842,0.6756164807508467,0.8450465821106572,0.6964792383765885,0.7790177901882206,0.7429102620891702,0.8992411085683963,0.8072813177292261,0.8573355317930823,0.781039902969053,0.6691568815802305,0.7806313174123182,0.7399486642760168,0.7255609422538928,0.8214050109265254,0.7879301968354032,0.8085142557738073,0.8147026478397723,0.7151486395277588,0.6739662211063973,0.7123710425370714,0.7162081268213866,0.8003309369689652,0.6257761677916521,0.8596622606239096,0.6663675595959501,0.7662817728751312,0.8332184741947307,0.7539190630466952,0.799461388183998,0.7307881361997334,0.6777995495637846,0.6817654017130405,0.7476442765903922,0.6379831765785514,0.7958639522613757,0.7543823298552412,0.8325025298969647,0.7770527132485636,0.7793045289216478,0.7210129245857724,0.8189579468272634,0.7222642103996023,0.7801582717898722,0.7655783842623205,0.7743005731159037,0.831356665087986,0.9249735089567181,0.6313472535055801,0.6976819045601452,0.7903474459197694,0.7641297578331168,0.8623328297350722,0.8588235846329941,0.7861313487999275,0.822251526149065,0.8423645201906713,0.7444383249510502,0.7131915833360962,0.8234506741862234,0.7177577782189475,0.8557661613951831,0.7420687654534545
0.8774822740502792,0.8430194076111563,0.9209062314500679,0.8323731542855064,0.895101980263696,0.8162254080427358,0.8246840528160653,0.8173239270534488,0.7718687622956336,0.8222889732006058,0.0,0.8413645562426834,0.8876298762590582,0.7854244510245433,0.81217851083436,0.9180047918878306,0.9195866684106621,0.87971964907735,0.8339981864365121,0.8189758442952194,0.903875340580421,0.9438500692134582,0.8633382408274981,0.8166075206630085,0.8553467365284079,0.8137435272654044,0.8445514854917228,0.8725682737827236,0.8694018423548158,0.8392671651197874,0.7529793936465097,0.8301920286621787,0.811568097947328,0.7262922325342953,0.8209850981286262,0.8130549688524944,0.88363903356487,0.8913820792278081,0.8122152782925259,0.8411478497785212,0.8345548292174235,0.82775188226402,0.8309968970931579,0.8222972983121366,0.7968648635080563,0.7690226435715396,0.754395927210008,0.8829292252941633,0.9034271377008626,0.8517443355326734,0.8792637325648892,0.8328778981392839,0.760497165328043,0.878574750147568,0.8745575624289834,0.7095671788221403,0.8795053620946919,0.9182017589359931,0.7990641301887015,0.7978889637420365,0.8295895606091818,0.6638661261188836,0.8635212944426923,0.7439984239989237,0.7097956736046056,0.700957496888447,0.7676077814575618,0.8131605408113703,0.883268624554235,0.8894215640363654,0.8286638287078572,0.744855945869791,0.794239232222488,0.9189213183483853,0.8748339827029331,0.6781160468967989,0.8609733894015128,0.8598857086523202,0.749639028831927,0.6807085619214635,0.7681751496666005,0.8090975224577068,0.830878294782658,0.8220343851021022,0.813786811586234,0.8564107928587691,0.7949650174186147,0.7877539656847591,0.747059645403505,0.6975401812174815,0.9390710454190244,0.701029937603483,0.9176991051383719,0.7497199186440486,0.877348246727297,0.8111209936992632,0.6646929296419759,0.7092372271991755,0.6677596430605585,0.7421678425798994,0.7247349354230374,0.747922950661158,0.7021520303076795,0.7502684615091352,0.7896985427198387,0.7971793520913548,0.7671080844485924,0.8534411510837142,0.7930926441874898,0.8105197492299739,0.8388912840412434,0.832710411752025,0.818369177670873,0.829336397706173,0.7956841600383147,0.8680087858722513,0.7414810775260565,0.8727353502360805,0.853056404398272,0.7563016755532773,0.8456112575293755,0.7788557522579337,0.7754492553068631,0.8300646995048002,0.722861776710068,0.8325453696691886,0.7090105696278727,0.7852847290897139,0.814912352553967,0.8030650725065815,0.7541040893187906,0.8516269539456445,0.7796018472462809,0.8107470864200165,0.8167857544559134,0.7199531728588883,0.7789295263777781,0.8173620165577035,0.8489476817699275,0.8471977355805909,0.766006541015784,0.7914655529326414,0.8316337891754484,0.837527507769731,0.8681252666334454,0.766856202201613,0.8392810560995111,0.7677629227980207,0.8413695138761113,0.6779465148853862,0.7927535339886228,0.7930138984331297,0.9255089654339085,0.7812590044555879,0.8229305057465318,0.7963149873449662,0.8813101782656753,0.8141985403167101,0.7881290204021725,0.8304046007158096,0.7213951563181314,0.7661710907097893,0.7993202136045984,0.9321161232761838
0.8307879545058842,0.8878525481153958,0.8511098491055158,0.79647881944163,0.8165344407176317,0.907952779607324,0.856855892685757,0.8516205883760362,0.7780404916982081,0.8539083233737386,0.8413645562426834,0.0,0.8133020562515507,0.6825351253069969,0.8235558438088392,0.8330824004025322,0.7920731707426314,0.735035666486129,0.8966122701340168,0.7793914019139347,0.8951295187543442,0.8355981077566715,0.8259066848151753,0.8325165440892883,0.9373019274004711,0.7838163862692249,0.723564042222229,0.7524439883022387,0.8244570009880177,0.8249508698676653,0.8854543198468526,0.838566833075221,0.829074100197862,0.850448229828624,0.7953304053683463,0.807107496196265,0.9010847620785589,0.7711238091353974,0.8561242666515616,0.7544587526098109,0.8309757679939747,0.8147926549785078,0.8079427547180947,0.8753865012526988,0.8370916127269249,0.7819494848792714,0.8319295268866785,0.8742704108781079,0.8499326065456767,0.7644116301984971,0.8438223097598603,0.8506831793001376,0.6837115329205805,0.8747300840830851,0.844830732137814,0.8472397035641166,0.7975524352152771,0.9041182593242026,0.6951512990675379,0.7570453187797076,0.787484106066698,0.6646580026552755,0.7889492140315325,0.6758776464013727,0.6726809155714084,0.6804855500857144,0.7431408333539767,0.8175602006384297,0.6980857825329564,0.8150133096290957,0.823091763253788,0.6837508910004437,0.6870472632920842,0.8223737111512467,0.7643780093098693,0.7406439790682046,0.7748531442824723,0.8604141652012796,0.7746695796053695,0.7117237177122401,0.7970344958760919,0.8349190822731667,0.8900695509103409,0.7546756084304677,0.7657460997237077,0.8645984629024807,0.8179369586000123,0.7266472272984527,0.790972801212658,0.8170167623249444,0.8221157996410106,0.8433784098211016,0.8290650054364759,0.7355720517022846,0.7319646047777414,0.948381351905306,0.6860208991560114,0.8754099009653775,0.6578293974441023,0.7713695275832715,0.718144118038517,0.7424994525136446,0.7564106218577726,0.8743667944470414,0.738852602193976,0.8117020081417676,0.7563049733549776,0.8467068845069518,0.7804392085153637,0.9112776735958982,0.9171871889229779,0.76166133846782,0.8035286713940607,0.7069279748527614,0.7500535710135454,0.8159896721589645,0.7988659661269644,0.8132555923353358,0.8276873086553203,0.7219818126398102,0.7435022797580257,0.7789350359587739,0.8011875714766796,0.8890668626489139,0.6916218764822217,0.9032887471834344,0.6811386501079908,0.8461687391590617,0.8455996116069566,0.7228940584643151,0.7736436585437436,0.7731727668951505,0.6857276684998725,0.7904080591964179,0.8185422090562957,0.679255124402977,0.8695438788345426,0.7795363679929151,0.7552271049279283,0.8831176288056546,0.7598815515500605,0.7558634343650275,0.8376762904861015,0.7567177019308198,0.8800226128670587,0.8428774763581918,0.912421314652749,0.7852277470949868,0.9039836878953557,0.6476132974103446,0.8274275015908112,0.7822368085854394,0.7619080442811692,0.7998342727402623,0.9542212978454736,0.8273056608232028,0.7820615663446522,0.9048672217981893,0.734957678112638,0.7492127091152876,0.6943649858650114,0.7904724625240483,0.9256713598920993,0.8227406128664061
