0,1,2,3,4,5,6,7,8,9,10,11,12,13,14,15,16,17,18,19,20,21,22,23,24,25,26,27,28,29,30,31,32,33,34,35,36,37,38,39,40,41,42,43,44,45,46,47,48,49,50,51,52,53,54,55,56,57,58,59,60,61,62,63,64,65,66,67,68,69,70,71,72,73,74,75,76,77,78,79,80,81,82,83,84,85,86,87,88,89,90,91,92,93,94,95,96,97,98,99,100,101,102,103,104,105,106,107,108,109,110,111,112,113,114,115,116,117,118,119,120,121,122,123,124,125,126,127,128,129,130,131,132,133,134,135,136,137,138,139,140,141,142,143,144,145,146,147,148,149,150,151,152,153,154,155,156,157,158,159,160,161,162,163
0.0,0.3534447206153008,0.3275022506404008,0.3247455747046792,0.2692851583439596,0.34002059633289355,0.2953512403623838,0.329821149790502,0.33391162690149534,0.3553698663860242,0.3397354723250601,0.322775769776781,0.4820638515388231,0.29195505722003606,0.3633992371537671,0.347950846030665,0.3704278085893964,0.5134458586779557,0.389350585468664,0.4639849580098521,0.3705419980596037,0.3394595552558789,0.3105908746392711,0.32956278635979175,0.4367898766079772,0.2772132259735787,0.305198021581665,0.342721363970878,0.28507462914035453,0.3081374076328855,0.3579848854166854,0.4025804605450967,0.34350615014342406,0.28668371654979474,0.40399452948314163,0.32148875903539276,0.4166887472197363,0.38598432493584267,0.27099394394093357,0.41364422852974597,0.3470826070489616,0.32131071877027845,0.3664922128506113,0.35699482683759354,0.3543179249555371,0.4465363984959042,0.2975350207550873,0.33346886989264735,0.41303204207442956,0.4443496617586478,0.3859935034437088,0.37674113732969117,0.28060313960880706,0.3372548147338267,0.31400247512588675,0.31975575645591836,0.5177529403148587,0.32509170898512374,0.3362709564047888,0.4205033671251816,0.3198979763414279,0.27722534072527316,0.35494219137550315,0.2658979353001112,0.34671979077733023,0.40586140051291564,0.32944604946489237,0.33485505308531327,0.3519026123672534,0.35909894636487777,0.4251856940553036,0.356080898468659,0.33299482015678356,0.3895955989550714,0.39506053220470777,0.3612953384719167,0.27384002950557274,0.27891119704416556,0.3292462376073837,0.2600201966292514,0.315525188105073,0.3737042669216279,0.3159841304461649,0.3427722195449042,0.3735432797653469,0.42265404235029513,0.3220120713222693,0.36370051805625314,0.41014548014331714,0.29144825493916515,0.38288545070345825,0.31576586768774273,0.3675200228260864,0.4043238164444239,0.33444606556803813,0.3276310450470205,0.2631718617275332,0.31366250621845004,0.2508584001227839,0.41183583486967285,0.2966108400882712,0.29650477758460897,0.3164604131185896,0.3332634776692175,0.39059042988839826,0.3704651822333621,0.3850940540067095,0.33094269424322914,0.40137113088397175,0.3510772191317309,0.3502438318169942,0.3708914518887602,0.35934177152042796,0.2889480710203908,0.36689255601204473,0.37648585601603785,0.35791431957572184,0.3868836614188326,0.3085861082581171,0.27595613217010057,0.32145264572707516,0.26971207659427815,0.3286381838644429,0.3967620434583107,0.2904981213336497,0.3464267543804623,0.27796267238275,0.2669007488493661,0.31129028906143913,0.42962510890980465,0.30411257453790136,0.3227192446919346,0.2851433290091592,0.30316244824877236,0.35786796167319157,0.3106769827731293,0.3354772498579772,0.40336894137320645,0.3344556593036522,0.39340088435029413,0.30119897036625337,0.31253170502071614,0.3636535126923188,0.28791626598944925,0.35512172111976364,0.33846242819264133,0.3065172600033737,0.30022477631744354,0.3965531774399375,0.21683642352050617,0.41056321305762883,0.3049872083629621,0.41076230359006094,0.2826771463934695,0.37967639162431777,0.3816673820570776,0.36481023453408334,0.33974549980504964,0.3229207857619354,0.3337953089702354,0.2964578715572668,0.3766381529691802,0.262606193627264,0.3970397850922496
0.3534447206153008,0.0,0.31546099600473126,0.3330052797962517,0.25485455971326243,0.42172798907577413,0.32733501641748375,0.3626315816398477,0.3421115170203748,0.46253536083190544,0.292148925762039,0.3242149076819459,0.34837314226168126,0.3565806567711467,0.35943909543051106,0.2978766333838649,0.31735618479219224,0.3199248724841112,0.340552012209906,0.33306765186120013,0.31259270658827165,0.3730798039015924,0.28674155296804693,0.3057815356073371,0.3678552503478867,0.23679538215852372,0.2916506092183111,0.2938273864726751,0.42337580796476515,0.2876128965102271,0.4011973063606033,0.3609004034378244,0.42260965823240737,0.25627098016109645,0.3412100036477132,0.31449410573813924,0.3241292617968993,0.34812095704461254,0.3072216304296461,0.345015551686178,0.3693731818610845,0.35350784249342637,0.25083241857358973,0.31276823429929396,0.34396518389496933,0.30477120127079277,0.29067030261881927,0.2628413481318344,0.32757380876258946,0.32520724384587707,0.32998123939114954,0.303846991841375,0.3321680858983856,0.3914572613472861,0.33368616716874555,0.4320021458839318,0.33750126560922333,0.29545864426752666,0.33720244133382016,0.3639114474525575,0.3637803998082569,0.26749891440748746,0.2613395243833594,0.25441471416535244,0.3047328091889949,0.2824940106151196,0.32624445374411615,0.30919343497980906,0.2778520387075844,0.33274768569311713,0.3479195358286408,0.3441481236551944,0.27739483449952795,0.3320676912015793,0.3670595256566616,0.32449358651602866,0.26988449268055353,0.3311715702472791,0.27153310268181957,0.29540375736558916,0.3204212170652922,0.3395782478019636,0.38967727306924393,0.30065331106457877,0.31151483822036957,0.41984704981881266,0.29029523640840393,0.3044345110045332,0.32040414817841734,0.36588009521818593,0.29100041469670224,0.36863724838155937,0.36663067694133034,0.3392059049986011,0.35451614795241004,0.4252406074397543,0.2999627780906085,0.33215172135524706,0.2706120522375564,0.34933708593653706,0.3327889496104794,0.2619505047580122,0.2440793119528346,0.32975897611760613,0.31404365195406525,0.2932467267696313,0.2956244539956632,0.34527876878818375,0.34509019374836414,0.35521233491777926,0.2939940670872322,0.2881421409176841,0.34542659349605276,0.3037763917619841,0.3094085163106151,0.39591049451568133,0.32286648517022104,0.2797533233916345,0.2878091819572286,0.3058119513590459,0.3119328413505483,0.29731425277924345,0.3026510802388326,0.39589348596732504,0.3330789089813551,0.4058132083758607,0.3123356182950466,0.30920899555095865,0.3394443744827425,0.3495534490233381,0.39501831856093456,0.3183488597677288,0.2952997239137426,0.3425586704241618,0.3150834700727141,0.30730192756133606,0.2982513472218898,0.34643587180647695,0.2859234039889899,0.33769193291525773,0.31667603932233795,0.3607661406346638,0.423555335714261,0.30521174156781394,0.3421280702287951,0.27546515175601516,0.34941041216714164,0.3279338950413862,0.3875629822553482,0.23359909690711525,0.29149314893357103,0.3580800982853447,0.3099876853171185,0.33146650018515883,0.32956515855489227,0.36806970693792807,0.3349178295018398,0.34939112027911906,0.3451498397925706,0.31261115743922513,0.3159084920732425,0.4030704058899366,0.30125113440013784,0.31196640716050983
0.3275022506404008,0.31546099600473126,0.0,0.3126659973052035,0.3104506926096066,0.3677458503756521,0.2913718394010875,0.32120245128089064,0.27231833168844954,0.3841824169300957,0.36336972591285666,0.3223855357916648,0.3784230176902118,0.2549480573776731,0.32596744970549507,0.41829404338188386,0.3531954186007409,0.31449187701991244,0.2944579665592763,0.26703297166363926,0.40068307579560664,0.4274381524340423,0.25701325984740714,0.3298923206103337,0.33601319569547605,0.31022470707008515,0.2763005361443309,0.2735663228441534,0.2932309770654218,0.33474405299681637,0.2916728072369671,0.3546284082864875,0.30078313929795053,0.23116855987802012,0.2637809518109037,0.2871688609467543,0.367572471844559,0.30893694281355427,0.27403357751210056,0.3417273164553643,0.30122215622631837,0.3412851006382521,0.3024844394271383,0.33635869571484556,0.3056362115110017,0.3054072085165344,0.29245703658738087,0.35059007352349475,0.30684455056340015,0.30490504486420666,0.35725625693988705,0.33868842149219097,0.2165383134757373,0.3581958261150402,0.3086433474326396,0.2799149238531409,0.30382538883951754,0.3714529742095014,0.2814608080871045,0.28921931155038133,0.28536133742806113,0.2444232057870449,0.3231861312478432,0.22414136720042613,0.2582550774100521,0.28379141941598857,0.28443790287886156,0.37217011093591174,0.31327443117409354,0.343778574299461,0.36403942206871626,0.252297670113056,0.2699091938569952,0.4455637351421501,0.3358528295056058,0.23810029312404743,0.3202646500502104,0.32957720382995503,0.24245960621687934,0.25501879689369544,0.3054062983910703,0.3228423831942989,0.34679764547704106,0.2711061060189484,0.27998326879612206,0.34300537147732546,0.2705039049348823,0.2623474232781483,0.28055068573136116,0.25140916256567375,0.3656663477857155,0.25487099987868905,0.3178210776492443,0.24816195572543626,0.283420421623061,0.32233825642159114,0.2324913247638786,0.27579831859104853,0.21184246344476879,0.29917104146492557,0.2297994695885251,0.2972245563067607,0.2512822469141504,0.31634602598155054,0.2824813681601131,0.3571083800760871,0.31219911106597587,0.28260515076046544,0.31230438688769185,0.35741028772790784,0.3204503844372333,0.262457613535144,0.3020952178682215,0.26272775708673457,0.254353656398977,0.3545379053658851,0.2417793359835402,0.34015854619475433,0.32217428079039945,0.2549061607249003,0.321142618237382,0.2558899539249259,0.24082773315769931,0.36870716329459197,0.22102772871430082,0.36951131499193773,0.2588407407013797,0.31250322673794184,0.2933199731534557,0.3147628543078967,0.2899381923381033,0.44690813398239976,0.2368274069512618,0.24043104836623316,0.30952191567981935,0.24548439274946385,0.252057968529256,0.2928560326961665,0.28400431465168446,0.3172962655539186,0.2524486442883677,0.2900541133945603,0.2926885213568719,0.26684406764018537,0.30977812709660596,0.2480219670490643,0.3525333066493848,0.30140357190768025,0.3366860871162455,0.20756124441594537,0.264350604713162,0.23080981049749705,0.3084615823129864,0.3587077790622335,0.3450577440817742,0.32138684661664324,0.3582830335475441,0.43507162204614175,0.23472892878903168,0.2974692784735805,0.28520303216652565,0.25449150183265584,0.25448155702705655,0.33991508973467727
0.3247455747046792,0.3330052797962517,0.3126659973052035,0.0,0.27827090982388253,0.3072792178397125,0.34559868615347816,0.32594678534180316,0.30765644943286286,0.3615670725043291,0.3683900918032344,0.31228404381337554,0.3291756091561684,0.32305085087005797,0.3583068105537179,0.306601646623626,0.31822607211125886,0.34089675252553714,0.32874964950319513,0.29219691252319,0.36178352028528676,0.3335319014245589,0.3127347572548372,0.2770651063594623,0.362148625171818,0.3096778806606885,0.3545858425218695,0.3063389882577152,0.314257346788952,0.26112955845600333,0.3521613027675228,0.3319515149354236,0.40866334336574106,0.28725554532222547,0.3196553136342648,0.372175639506389,0.36082059564355673,0.3713919208267987,0.3518503998811225,0.3717159872177937,0.3265719394801694,0.34077169092611215,0.291637675348547,0.35072705120900993,0.32926355672084195,0.32879277443146726,0.21582534391184363,0.3192264376978566,0.3535300757862294,0.33209677158437073,0.4278170602139873,0.3004918355251757,0.2918786022951577,0.4667851219070617,0.39477551988779397,0.3075861682910087,0.3635748991335675,0.3403424546157513,0.3462670756457235,0.3614327432039174,0.3926951484992857,0.2875717427089964,0.30480125209121667,0.2646167540915984,0.342348433489164,0.3496898244140096,0.4622694957128521,0.2854050945647155,0.335336885968265,0.3597435550832547,0.35249654123077534,0.31390474262077883,0.3508926745035341,0.4542972191541673,0.3619410761687553,0.28427769917560897,0.4043229950379141,0.3396462725235379,0.28994973965128046,0.2516463476718857,0.30297717342323843,0.4393269540815414,0.28614947407318925,0.302796735792625,0.4042018171474651,0.3264582362720349,0.39126019396984296,0.38383295052340427,0.3202523484911896,0.319894614223967,0.37869587225056633,0.34165737750642333,0.33643432528326817,0.30785103452119666,0.41884794941370207,0.33216984894425483,0.2890370979979904,0.30527007697779085,0.29277055989260253,0.34370295642302584,0.3403242772449329,0.37203364310675013,0.37773809145191145,0.298842819884599,0.3488769264513925,0.28568061978137144,0.34949456761218406,0.2983876725718136,0.31832197033311666,0.30224908399036676,0.37564976790020693,0.36371409706067115,0.4328237280518489,0.4203899995922133,0.30641137222479425,0.2903143576534647,0.29347460592248725,0.3070616269053527,0.3104694799862482,0.35150242895721906,0.3258816679939223,0.3881700572645604,0.29136336101872634,0.35377932756862357,0.2967419048167637,0.33413097697190225,0.34809244467220885,0.3078864927205304,0.3238806064665788,0.38887758729511684,0.2848786233493612,0.36430045413905954,0.3711233547644416,0.35963880903337747,0.38642861790277605,0.2702659383125645,0.21453194434390874,0.34472544246090364,0.33955970956376885,0.39933236127035304,0.3577724611095237,0.35274944664535723,0.41181063539122675,0.37977510369816136,0.372293713020745,0.294604780237802,0.32391950573722533,0.3021952593888052,0.30151340951595335,0.2277702876668802,0.38540870120312115,0.32074724951710054,0.39645284353636484,0.2875840999403267,0.3637392285762221,0.40327517090148907,0.33169990280412803,0.3324271890812732,0.38160669238093076,0.35689754018647696,0.32421667877815774,0.3263955113159799,0.38145864463008267,0.3523282057047009
0.2692851583439596,0.25485455971326243,0.3104506926096066,0.27827090982388253,0.0,0.245892614348088,0.3292425957945628,0.21941891806082486,0.24289409073302948,0.27339265408199714,0.31129746163869354,0.26989958741688924,0.2471282520221329,0.23709791090976973,0.28847587980532263,0.28125868416879457,0.27390252546991595,0.27085201299110556,0.2368410664379476,0.23162434141692828,0.31643752332174563,0.31403765872837425,0.27062138347863185,0.29701251354758795,0.26323129867921014,0.26636098016754955,0.253599460379855,0.21467722122378366,0.25071558623947626,0.2860742474259606,0.2595765858802176,0.24489131602932873,0.25233809309241567,0.2161012118012026,0.2754362683573404,0.2606284938140306,0.2895326514512198,0.25337954727737094,0.28435902995247514,0.2897675334296682,0.2650384683682518,0.34437349134856915,0.2569924279767872,0.3282614086308779,0.2238156267507041,0.2385396187063285,0.2614085872088135,0.30834141739642607,0.30271438831906716,0.26638247952687716,0.29577061623082274,0.2573663690726141,0.2160536753962992,0.27853512377870726,0.2655150006366331,0.24465758233691406,0.2512327819809838,0.31236524554944173,0.2519904900919196,0.243819766380185,0.2130000222956908,0.20862769979573625,0.2358333915839173,0.23292877676357376,0.25971518154918155,0.21328678473030757,0.25832718483586536,0.27710265120890304,0.23521727712963264,0.25752681667758287,0.2899684752076384,0.2439057432544699,0.23833204748114556,0.2862539482458589,0.23235955958214902,0.21603986555243215,0.2812886099047325,0.43358667725910494,0.19955470576494067,0.24406858007595408,0.2557167582008998,0.2892227699201353,0.288309314866446,0.19717730747384843,0.2539415953067113,0.23951462623002637,0.24474593880950038,0.24326101295268063,0.21483188744752033,0.23601533538744612,0.36584406442499273,0.27669764000509334,0.30567101405485464,0.21545634452850887,0.2785695245833442,0.2643846598297738,0.19023656413388657,0.23286595418769318,0.2440078177523757,0.22604613605225685,0.2334196706786782,0.23993081423558887,0.24975777422616124,0.24134280323605478,0.23019320868910356,0.246854776994071,0.23044086465134855,0.24734313758386056,0.2804026180357916,0.2935058501027163,0.3095532491105168,0.2832602936651346,0.24205846493955674,0.2676896053755745,0.20896098820774772,0.2576417983988903,0.21103373105012846,0.2839236811739985,0.25292992248418356,0.25525965363151676,0.35928243167482965,0.22758829777559592,0.2241671201083764,0.31651503025436106,0.2396776616387449,0.25443778799253985,0.23375977143731394,0.2703808805842866,0.22703294729853324,0.2647597997400944,0.237014813932983,0.28492440320961065,0.21265679149601732,0.2599761953397089,0.2654669010716024,0.25198784757552783,0.21957556546623005,0.2962997593994657,0.24635266013591098,0.29050603481317344,0.21292366431486065,0.27987906387493794,0.28788836267543655,0.26697287573570616,0.306986668903018,0.24638822628325693,0.30626529703889793,0.2573542437966092,0.24496077393112622,0.19665994413358992,0.241889369294523,0.22521813378013628,0.3002018871518325,0.29032081836741697,0.2845387921864636,0.274938660218166,0.25273606241609364,0.3071152021254773,0.24576014070583246,0.2523026380658303,0.23105615131318022,0.24083659142791583,0.26108758872032767,0.3641612681871421
0.34002059633289355,0.42172798907577413,0.3677458503756521,0.3072792178397125,0.245892614348088,0.0,0.2799869564991879,0.3280402193646858,0.30396603667049943,0.3344523690764111,0.3282157678428338,0.3290308836630709,0.417746362173402,0.27013326493093726,0.3606000014678932,0.3600652388635795,0.3296536465003187,0.2697134439932894,0.3021894935475227,0.30240727384654004,0.3378059280797209,0.3776689927536313,0.2202614568690205,0.2779015257817214,0.31735435165000186,0.2584283666938417,0.2595470513231272,0.2662494164823627,0.33491007944909995,0.3007772805482856,0.34950798491290336,0.4156540872085111,0.4027683796291809,0.23572283879140027,0.2751432482000245,0.2777184686818182,0.3539542363534304,0.30963132712605546,0.30949519450355,0.2883635992020594,0.3198692836525673,0.31664272968724205,0.2845981001456141,0.3400942471333179,0.2971410033686674,0.29960280943219086,0.27600565547089784,0.2985398286266011,0.25703437662239254,0.3243597761987244,0.3538577056293934,0.3450885253976179,0.2636407812932732,0.3758093218536557,0.31171815594073876,0.3583539512170586,0.32395084872689656,0.3657738107844283,0.2542348982615452,0.3081560945749224,0.3772078296631554,0.2997069063111651,0.3233705034204941,0.20935683466474592,0.26934519271742496,0.2814451760779647,0.3077141533037717,0.37106333825712223,0.2581910650431578,0.30913650559148603,0.39321988864995067,0.26176904181182986,0.26711869148146894,0.3483572891834585,0.38737219991532124,0.2768073119834235,0.3111676356412038,0.31033922960043286,0.2582382655710141,0.3372775047426035,0.37156468218809263,0.31818441099638944,0.36604256621034154,0.3179576599298621,0.2807173089899182,0.3405235240747213,0.30393682371918546,0.28635081986531513,0.3279621857051812,0.30952757382966595,0.3170145026636554,0.30796707500403936,0.3596862532853415,0.29235029907331006,0.2790327918640772,0.39230550814258647,0.30029418686983944,0.2863068945278176,0.22763043876909836,0.3206393053055911,0.28019237411028824,0.26346645468765606,0.23352929458166696,0.270260391306486,0.3137242135846395,0.3696762588104565,0.3359966609639578,0.27667588904493595,0.3071736473518046,0.3290699960570679,0.29600071274430667,0.25176277007439274,0.3687904640041204,0.2980477084155185,0.28519671766404764,0.3720084015693132,0.2828342432828548,0.2653526004792413,0.30896552459064963,0.27582327251179384,0.29999483560966617,0.29698864586442364,0.26750277325414373,0.41190237200431573,0.2819946829835594,0.41077972401997986,0.29766679643080823,0.3130254777476758,0.28630396341507125,0.3027047146587187,0.32900795755224854,0.43778479200134857,0.29301430923950683,0.29500254028323347,0.29946181573482333,0.2873979281336869,0.2985693015084336,0.2807912366910134,0.2427591729127887,0.30914518511968286,0.30014670587477704,0.3357643454934514,0.31352935615555766,0.2772671051008029,0.3236308565629722,0.24324994475403613,0.3806256041711025,0.3607373209933371,0.3055654916859759,0.2137344180142332,0.2741210620074771,0.28436216595513647,0.26789538783754613,0.2960312698674216,0.3242723149506915,0.3378804036843415,0.33953142931190344,0.3924807076786842,0.2743313635942055,0.3336047622573869,0.2684004603671048,0.3165355731816184,0.2594846409273548,0.31106085612910395
0.2953512403623838,0.32733501641748375,0.2913718394010875,0.34559868615347816,0.3292425957945628,0.2799869564991879,0.0,0.2436530482667729,0.27572247887150236,0.3297760596884219,0.3159291523796497,0.3250786418555688,0.29258336908872384,0.2880777954145168,0.3753866513270773,0.2625180026124194,0.2801603669901772,0.2880522208628778,0.2832845897354895,0.24146174892517513,0.31967256160467833,0.3763254057025939,0.3539577593774499,0.3354719249779492,0.3195449908599793,0.27000779543022907,0.28484468262196705,0.24195038451683176,0.3147817273538358,0.28897493254305834,0.2968982131065794,0.299589152813294,0.33020814033243046,0.261488300565713,0.27092765272392416,0.2751329151761395,0.3593757542939702,0.2605269163827128,0.3310526621639336,0.37416931415092153,0.3010067844567713,0.3803176449359054,0.2760948560876118,0.3265461809839226,0.27531647204926085,0.27575051180572896,0.27624130123638124,0.27988584220860097,0.4106861360910819,0.2732340153448337,0.35965756120129133,0.2595307030270328,0.2513047805013813,0.3496707577903257,0.3298418404710561,0.31587628459408956,0.28326263546846536,0.2949002871812551,0.3257668631325582,0.27237500685786353,0.24846301159838222,0.24412252124018124,0.23623278869458675,0.25415000876591676,0.28071750855525546,0.23611323653413843,0.3399273408927554,0.34711995683400787,0.2598150069093202,0.2698001841707527,0.3386828820332627,0.2610747599572138,0.26277251531771423,0.35064223783401705,0.23524488922184617,0.26085410992856567,0.3764452831035538,0.37427606462797225,0.21636883269387497,0.2524696934191306,0.2807007156464207,0.3475893558379328,0.32639866829584474,0.20650772814143098,0.27358773676596393,0.2706795456464909,0.26373467104436077,0.29339579063510113,0.2529646351086618,0.28979181590721975,0.3511010963983794,0.37534098673642513,0.32473576276601146,0.25712360581308435,0.3351124478189907,0.3590172182499003,0.2200754010417364,0.2834918982602563,0.27037207198887087,0.28192920863297044,0.28618830839003534,0.28422818912166486,0.29252366773367455,0.27980292946576024,0.24049334205751197,0.2652783907759194,0.25230632683937204,0.2776603903404297,0.33094218533957537,0.35271385010579076,0.39326364835870087,0.28539728914661194,0.2866684321254597,0.26890788083809875,0.22851588623071567,0.2849553164932707,0.24498233683485707,0.3287098232200479,0.2900930062096134,0.2663718810614956,0.3095836227989995,0.25234093135125896,0.24923443834115838,0.36982120757107845,0.26977893547667364,0.31065661514482656,0.273164018397037,0.30919472501256273,0.24777486166517462,0.2982896977916707,0.2530611897347784,0.26980429204834155,0.24182876530490477,0.28072316836364897,0.27819985628649563,0.285805277670076,0.2432060951400701,0.32101743446020964,0.27225119835383965,0.32635389944436677,0.26576800059493294,0.305017060452994,0.3675229388663829,0.2940466582170891,0.33112418599949217,0.3054393549768683,0.3385385679248495,0.31822427107570933,0.27358156439565146,0.19761455129973665,0.27258752895726,0.2845066781894847,0.31616582243892627,0.36472735964474645,0.33396121266447776,0.32992151647975215,0.33023797564688456,0.32929978417794076,0.31876803831683387,0.3227774923220406,0.2721264300616151,0.273634078601689,0.32238939905880687,0.35566000461574965
0.329821149790502,0.3626315816398477,0.32120245128089064,0.32594678534180316,0.21941891806082486,0.3280402193646858,0.2436530482667729,0.0,0.34295863706695484,0.3591203815622951,0.28921567708409496,0.32676015064792896,0.3719430417085567,0.26930949723854647,0.2988884132916323,0.32675991051823505,0.31177485506912056,0.3074666925698933,0.32284783323500393,0.3292798706735556,0.31483691631108024,0.28635198844508375,0.2624615077361606,0.2608877903234764,0.35796001177819875,0.2559129461681834,0.34004030411449726,0.3185265095637686,0.2586525618406826,0.2892394454259299,0.42724967762443156,0.336938419782187,0.3314523891978808,0.259987920418049,0.31228642210782664,0.31546730951259144,0.34710031140426395,0.37311064231224356,0.2888499875333499,0.3065282375511214,0.31441200564555355,0.2866014639325363,0.28537483753039256,0.2843799282162642,0.4014486084422851,0.3159766111554826,0.24662505785927924,0.2695814167891009,0.2934097022010334,0.31281001513033607,0.30422154625573283,0.28198194486288514,0.24760518855606148,0.31159345596122523,0.29603714084892246,0.3033373147703846,0.32032010729320703,0.37267964360876327,0.29271077667604667,0.32289626516588266,0.42462395308753803,0.24171874646923874,0.2999843174755203,0.24493836497853647,0.2560973657953422,0.29489032554556954,0.31683564028946626,0.2714618506719722,0.3198692781085992,0.49206078778723217,0.3056497012943608,0.304529785848165,0.29472432815545596,0.3566147808341028,0.4116569297052481,0.2810411803739402,0.2906654873686869,0.2582491346337236,0.3183230242583463,0.2247666600418872,0.26750086586642896,0.3210705246409261,0.2980108491323014,0.3429171324550587,0.33087058147329407,0.4266033476064058,0.4246088446336326,0.310544365895067,0.3723505949096571,0.30097421183586615,0.291305873146107,0.2985734169833889,0.28785597192578266,0.28502254643798774,0.2992872977145046,0.3315847166385915,0.3057491654270693,0.32862816842353537,0.22841297290693802,0.36289317681729494,0.2718989862647093,0.35498737879660114,0.28200748193508574,0.3466665639439666,0.35414351765801405,0.31838494824495644,0.3354141981370581,0.3262798578093459,0.301734061369671,0.2932343805436379,0.2734997755984432,0.29059501471162014,0.3304272423544562,0.32713683987457925,0.28904988261999875,0.3448444964432529,0.31086481717718856,0.2765928275244319,0.2645763657260837,0.2801284334093163,0.2706240946100136,0.4049559349336142,0.25653913496971703,0.30800001562654217,0.26018314491943095,0.33247325527092925,0.2694484146834013,0.3253272973113669,0.301366317411797,0.3174474252521969,0.37457845295446845,0.3338163037006478,0.32986422031132606,0.2757419922876716,0.3333397377382136,0.2286063517807468,0.26179245624480835,0.3022407091520964,0.30491504795536184,0.35225651483443843,0.2894008114623146,0.2722003349402596,0.33750661520381275,0.28681956911763895,0.31386897246854334,0.2837050853153517,0.32058185116228455,0.2781992583681591,0.35850870716036437,0.21895827374487847,0.36255037432162424,0.2834210406396511,0.3075982802008186,0.28344154399639965,0.36168448836683775,0.37607172379570425,0.3106984794543051,0.34553870381635865,0.2700562926813623,0.27667821214284355,0.2681056190717618,0.3289654694261585,0.2823891708128491,0.2824259541157394
0.33391162690149534,0.3421115170203748,0.27231833168844954,0.30765644943286286,0.24289409073302948,0.30396603667049943,0.27572247887150236,0.34295863706695484,0.0,0.3052233381928241,0.26345162947759676,0.2937540377496125,0.2773556334728157,0.3214582374613352,0.31171965896631587,0.2684987475709108,0.256744380546278,0.29857402893249607,0.27795744409430634,0.3079299346387881,0.2742892123305693,0.36766779342220196,0.23983304895995208,0.24793720834483426,0.3095629041023135,0.2275102993843358,0.31515758345339817,0.2739394610200183,0.2609752678922669,0.32920140303215456,0.4140686431517313,0.2856063679464024,0.3283397608029228,0.22870236605900282,0.3252540153224836,0.28244951837406024,0.29668194954431815,0.3578654120707099,0.29103089182587855,0.2710591764400995,0.2700988257493922,0.32969292459859434,0.24006227421442564,0.2850782036889956,0.2997139935599558,0.26743781982555104,0.22810485520122903,0.2429975378383729,0.27417435638306825,0.28840369924440357,0.2870101968376303,0.24943299120762258,0.2788018877093018,0.31493974074070213,0.2729994100509918,0.3716967083934564,0.29375952370519703,0.293125708156883,0.2764170519162908,0.27070296019275736,0.2964281900229359,0.26520333991230854,0.2449590601990049,0.24871736459276497,0.2889865598781334,0.2596266401217209,0.3451216586511489,0.2995236663652994,0.27279383398723595,0.3378323225887039,0.33884654709146766,0.29960665492764416,0.31085036381409104,0.2869425924533744,0.32405440105012706,0.27037152188087776,0.24996870054946324,0.2509761502819009,0.25862639897946793,0.23276532179143303,0.2606298273701592,0.44044656437941826,0.36323088322613567,0.26190309409282303,0.30420140195264517,0.35746426340483006,0.3103934703526792,0.33812725524614345,0.3008037858664602,0.40763329709222274,0.309936555650415,0.39059870136045693,0.279304283528959,0.26370955409318436,0.37239360976518243,0.3896173968008883,0.31844504629624953,0.29122465823820115,0.28752119383649394,0.29022044974963496,0.32861848860077597,0.24911684117748337,0.28647896046590116,0.29365652604368925,0.32777285666361916,0.25703479632283394,0.25020886609138593,0.2808816984943654,0.2538433781688873,0.2550987454549739,0.24919588897163913,0.2988310777271405,0.33441624193565633,0.37286544070635025,0.2543386293456084,0.2961058639828362,0.26567855092123605,0.2698220740027911,0.22685439882178568,0.32519578603553007,0.2834475966250509,0.3254805283328966,0.249508159333897,0.3086895351912576,0.38175422851678453,0.2848060987259872,0.29262018960893693,0.2630652407033894,0.24753576645737232,0.31486547997892367,0.41359250367365036,0.312696504935865,0.311422813920137,0.3825236967623675,0.2967729822496491,0.2633128179394935,0.2527882457032759,0.2865690466704684,0.2811731326423291,0.34900450958936435,0.31355938445802284,0.2929877273591804,0.38537733102163707,0.3639236078041167,0.2957773350743652,0.280189801131879,0.4205529310626329,0.27532280975809936,0.30377755642031107,0.20643509256182185,0.34532763594246435,0.30020812030285393,0.3003429229027826,0.2796263958845782,0.2987546184735498,0.3687577115561596,0.28935199164802583,0.30735045089383095,0.3471778148107206,0.2820623991651997,0.2397023904104995,0.343726826110523,0.3416275310349412,0.31304351842558215
0.3553698663860242,0.46253536083190544,0.3841824169300957,0.3615670725043291,0.27339265408199714,0.3344523690764111,0.3297760596884219,0.3591203815622951,0.3052233381928241,0.0,0.28669748084113833,0.2956902824727683,0.35335968877343527,0.3156418217685437,0.33551732353125596,0.29804940200908164,0.33237680050553936,0.368349290491328,0.3253878916768945,0.30490254701647784,0.3211851445473287,0.338580998223887,0.3278412560432079,0.2941239179128214,0.43045705994636807,0.2371340998950729,0.30670925219746004,0.3138854967444221,0.3516787170284493,0.2813294331556678,0.3671478755722815,0.35237151746365347,0.31410472894817903,0.2609716828760737,0.3213305775632002,0.2958995852277373,0.3417442582801929,0.308160503400774,0.2591874165159653,0.36177885384677605,0.29698771127401075,0.3787122173139694,0.27100764937451904,0.2937820374470473,0.32596323927576487,0.31020139060371865,0.2642372567380735,0.26835727403059295,0.37355861044651867,0.2899931868506986,0.3374198057816689,0.2821992530445981,0.2718960702535095,0.34697335189103273,0.32157405546010337,0.3607280388484341,0.3137640243945826,0.2826002679380826,0.3718438918385443,0.32490983985297156,0.34143839677551435,0.24691156631895372,0.25720433344348925,0.24585941283702892,0.31234360018018326,0.2957711092641068,0.31952542693803637,0.30986547266348985,0.31956399299899024,0.3687003659554374,0.3220806441971274,0.3298400438787596,0.2781312720382126,0.3778232679893269,0.3370700383413644,0.3116302396793524,0.2839929542736419,0.31787909329428304,0.25072605046828944,0.26308483780061764,0.3247852676894553,0.3444438282191751,0.34609550543570267,0.2854312123157833,0.31920302473062956,0.3544285026888843,0.30310806551259106,0.3205649800466617,0.3367417957758296,0.28841980927564626,0.2998046222607908,0.32821425975047536,0.3321156578086441,0.28594296657552626,0.3558992404397946,0.3530910172541421,0.24330474549605136,0.32924154925048066,0.25338640666095763,0.35862613321931963,0.285770203347174,0.3004760747934174,0.2726335330906919,0.3729466512489702,0.2948130056093724,0.2909575137388297,0.30771929241511964,0.3717527602768433,0.33339610123763563,0.35515663220793064,0.3020166896454902,0.2835152141138111,0.35049265867832174,0.3090153555190788,0.266790888025736,0.3470112997451071,0.31406860795850683,0.3356088499566338,0.30702682607074727,0.30054622441454826,0.2780857062088326,0.2837541332272686,0.26601433071836394,0.3633746572207773,0.27382630035841227,0.3588376831031207,0.3014009683060532,0.2781063299651673,0.3289557560634897,0.34372517211412784,0.3889169746072673,0.3206387544848679,0.2772582876976307,0.27050545083344296,0.3057499246519704,0.2699011373725124,0.26271985672356307,0.3234198107620386,0.3139129658976981,0.34562010521618897,0.29695977031034987,0.32357380257043444,0.398288435496869,0.2836184261119003,0.3106823135471382,0.28438700252044646,0.28727904945867966,0.335980856240749,0.4330589679694242,0.2204172042394909,0.28586653446548577,0.32543429832499904,0.30835780985063377,0.3493458053967095,0.34541615152139005,0.36981349432186605,0.322055122634985,0.37181366114773606,0.3156823169310229,0.3228853470133608,0.37251295509849525,0.34917557271419686,0.31837275771773027,0.3042538483477235
0.3397354723250601,0.292148925762039,0.36336972591285666,0.3683900918032344,0.31129746163869354,0.3282157678428338,0.3159291523796497,0.28921567708409496,0.26345162947759676,0.28669748084113833,0.0,0.3988156331842005,0.36441707380628796,0.2546759571718824,0.3064950876891994,0.4031180698867777,0.3545447520734633,0.31114842561258926,0.3250642357838682,0.28749965124719007,0.40514888503031043,0.3764425200440586,0.28654077855031795,0.3422412444685673,0.3497232920509814,0.3503677215864379,0.3227040827068586,0.2938842020886045,0.32159363401293123,0.31941354290755275,0.30118424338425354,0.3430616631382878,0.3081622654299156,0.257253097666572,0.29717089404487684,0.32314109925829404,0.43465471444496695,0.34167837419619645,0.38866251239446686,0.34718262291065327,0.31578207768105276,0.33443116790393973,0.3212869116747627,0.4113174667188541,0.2943845798976822,0.28989575438946114,0.22727741766099463,0.4475291528820513,0.35588328893824855,0.3053315251712827,0.3794946262688907,0.3027220489769994,0.2265082120445191,0.39500796830655693,0.3888391112631216,0.25308713616115047,0.35481973568379455,0.43892175830889696,0.2825426923733059,0.30365250266342103,0.3168799433896115,0.2250310525456784,0.33163003924002005,0.24849401163636406,0.24684418198597094,0.2852026086580372,0.33317737261203406,0.30320351247201643,0.3108602864784023,0.33071566053872403,0.3466390121520982,0.2640466131411789,0.31039396583688406,0.41317579100135676,0.33991369552652706,0.26080230827259987,0.40860815490399766,0.3373710676203248,0.2590751798483302,0.2570218386795817,0.2973530401547968,0.2972384975646166,0.2965815766400803,0.2848819548042842,0.3012240881354163,0.299510910977074,0.3413938552484853,0.27843269524373904,0.2663623866204394,0.27733658745186646,0.4411223216219548,0.2488026100674359,0.3631585960237751,0.29657582727761167,0.2896234845498436,0.33025430172305886,0.23631584847645812,0.25027978901217596,0.23216153572903567,0.2712756705638465,0.2877905409998113,0.3251330344454077,0.29335352520835145,0.26813396566318193,0.292837142392649,0.28657149708743684,0.30375348111482486,0.2876588857727191,0.297563527048153,0.3839444148433758,0.4672654851770233,0.3172924370576717,0.30472234691716527,0.31910495540611467,0.27426880894961186,0.3148166912159757,0.2550721142043705,0.35264790452178124,0.3337327463867619,0.26855607533499626,0.3597693205243531,0.26682106133846206,0.2738291970395401,0.36827303549116375,0.252954730097655,0.37999339933613857,0.23752830189578428,0.33246077223816106,0.28725038393191005,0.30408775441667424,0.24815028674135936,0.38405211820293794,0.3062164869039966,0.300182543841066,0.4233599940677311,0.2615340814979798,0.2651587274634407,0.3091989778909129,0.30777970383886,0.3559644576469072,0.28266953641352177,0.3176929628461933,0.2762693255652059,0.29292094258050494,0.4487602088736415,0.264340273968284,0.3213660569677059,0.28165960923617084,0.2896201045581187,0.2326225918536235,0.3763482712028427,0.2515965108160063,0.43289261531331275,0.29350011583894814,0.34497448800461533,0.3485397052191282,0.3632532069257348,0.3622699867068872,0.286543318343954,0.30687566005915085,0.2514270209034442,0.2968419538493416,0.26211536046541883,0.4741859341029184
0.322775769776781,0.3242149076819459,0.3223855357916648,0.31228404381337554,0.26989958741688924,0.3290308836630709,0.3250786418555688,0.32676015064792896,0.2937540377496125,0.2956902824727683,0.3988156331842005,0.0,0.31502917996498336,0.21585157749388809,0.29994494193320037,0.3579016827760227,0.33037558971958497,0.2758519509503966,0.36156695689170226,0.2908645048986753,0.38828567252036367,0.3259301688775781,0.3036398953868344,0.34807101791121076,0.38010245849456603,0.30984731862048637,0.32897531239617783,0.2692713006662433,0.2890831874383928,0.3633078755774852,0.33511479401213795,0.32661340440727216,0.30534001624928175,0.29393248182312287,0.2770873986312965,0.30435936687277815,0.37456591549569296,0.3309899587442492,0.38268258715607517,0.33618174178731547,0.32991908038248524,0.33256661960679423,0.29976104999828646,0.34735987232449833,0.315511469124931,0.31691841532920356,0.28361870508077075,0.3370393897945608,0.3374362971109982,0.30371747590985193,0.3408854510306328,0.31117655528817845,0.21731251552487987,0.3493743441547283,0.34660309161234376,0.28182630982108403,0.3523636307047494,0.4382553688258482,0.24061528790882475,0.2938469854848882,0.2584398041391548,0.21868843833658136,0.29309984157581026,0.24493001469907158,0.23161728684481334,0.26600850671530274,0.2826684407468323,0.26735235441418154,0.25949660961637283,0.2866708462419439,0.2974487573700556,0.24442231222821018,0.26178517160645604,0.3311937699189974,0.3040365827198731,0.24818864839570534,0.31396636304643005,0.3370645467908721,0.2668470223585664,0.23587367895821057,0.2657877028206541,0.2916878771526942,0.31989604885352607,0.25525124214694755,0.31763821278603654,0.36242294864195534,0.2851118864206,0.26027288228565637,0.3050892535523334,0.3190245617724216,0.3564515799622142,0.27973583044223027,0.323550810488979,0.28160791649457995,0.2580182828320691,0.39244976026535533,0.22549655067272267,0.3054984590604288,0.22242574395021494,0.27946337404659294,0.25151416612973837,0.28222206389235727,0.3006880315536275,0.33441624553150534,0.26847938364469703,0.3213483814293574,0.31586867797315366,0.3051284436234019,0.30892266981261896,0.39988543649134123,0.4378282892011051,0.3354495855714642,0.26797720911719236,0.3077625118590151,0.2709328800691093,0.3617569230793958,0.2681518816230287,0.3539500344083066,0.31240744500540113,0.24721244537095408,0.3062136622357765,0.2600706276404623,0.26357491252484233,0.34350254352010406,0.22743531082677262,0.39308989075351414,0.23288372342283892,0.35638978341071537,0.29904233595704083,0.27691146072603,0.28071300925425224,0.31138622953710515,0.2548693550098975,0.2873567073505304,0.3291435947714896,0.2271026207978122,0.3184920191652424,0.3147294691755174,0.29150027324398947,0.3468076733962525,0.23393039159525822,0.28086009786764426,0.29026504250288276,0.2774324522623952,0.38176045408418124,0.3292450637586234,0.40009733505957695,0.28102957081612234,0.3369420876590562,0.24012127445991435,0.3309902136002548,0.25013561941571444,0.3576200546366802,0.3189596097421462,0.4246418115193467,0.29917564427958965,0.32683840521372054,0.3832889633866203,0.24502499491996557,0.28258760663157934,0.21867661227438084,0.27105102718232865,0.25493936463631867,0.3689534254800632
