0,1,2,3,4,5,6,7,8,9,10,11,12,13,14,15,16,17,18,19,20,21,22,23,24,25,26,27,28,29,30,31,32,33,34,35,36,37,38,39,40,41,42,43,44,45,46,47,48,49,50,51,52,53,54,55,56,57,58,59,60,61,62,63,64,65,66,67,68,69,70,71,72,73,74,75,76,77,78,79,80,81,82,83,84,85,86,87,88,89,90,91,92,93,94,95,96,97,98,99,100,101,102,103,104,105,106,107,108,109,110,111,112,113,114,115,116,117,118,119,120,121,122,123,124,125,126,127,128,129,130,131,132,133,134,135,136,137,138,139,140,141,142,143,144,145,146,147,148,149,150,151,152,153,154,155,156,157,158,159,160,161,162,163
0.0,0.4556666120832486,0.38370006466673967,0.4622738129424818,0.5512798649144203,0.4350183559454042,0.5265794567376938,0.4512458156159312,0.7055227288380849,0.36228707860879433,0.4919685181665522,0.4299846119487739,0.5089929544849799,0.45570296694050927,0.5045352912158749,0.4678097585877027,0.5229776945479697,0.641515668035832,0.5058695630285142,0.6094371990462879,0.5685067202305842,0.4704786929571167,0.5397178407618618,0.5088088346218668,0.49473062357620806,0.533827186633091,0.4631122790673476,0.5185917334029394,0.32628629085296906,0.6015215466872486,0.5483663222357285,0.4785147376093061,0.44955652186608125,0.4973946076586966,0.5511172908291664,0.4427880414847559,0.6043526711887234,0.5895398397239616,0.4640913263367383,0.5041334669513914,0.5253679803948013,0.5300866455535177,0.5659391755555937,0.5442586236106499,0.5079173426766546,0.6058020568815323,0.5512073758045891,0.47261860807059936,0.601291467764326,0.6225627652353489,0.7055725535436238,0.5847170190263357,0.5814961769218929,0.48801016628399524,0.42869761934120715,0.5144196979720749,0.7383709457292529,0.4863072477918749,0.5484053148994246,0.4958946662740207,0.4516867504279728,0.3983712542352237,0.5908402528469919,0.4216854837494499,0.6106207070560994,0.5890335720773296,0.5551313415347457,0.6090542608681347,0.5358461256473313,0.49707553654774655,0.7176966751308548,0.535751712214269,0.5855076325512335,0.559135378565286,0.5042773085016321,0.6091174183473854,0.4837218749008405,0.5131156426866949,0.6240738997370888,0.4851295987159185,0.5118258199998976,0.7100628418727701,0.6051685095948947,0.47156819648597864,0.5962819683076286,0.6114572591884385,0.48759842431298867,0.7222017173188933,0.5219066795996253,0.5578250696942848,0.6974243875128344,0.5433223203873161,0.5245375392891509,0.6423472901344524,0.6544038284109106,0.4442523026498439,0.493726901505182,0.47812478507679396,0.4062862948584751,0.505568853533814,0.4733059010829809,0.4063844345010505,0.5676640214048854,0.3845598937160902,0.5905109962498325,0.5410159153582965,0.4881716333499074,0.48306619473955664,0.5546496382995609,0.49265406879434814,0.542582859912682,0.6539953964292603,0.5632366950372112,0.5119895873575853,0.5518280817118493,0.5214138561718553,0.5381540779614408,0.4053097104100605,0.42242602388443656,0.43364264072921094,0.5630566761214503,0.4814652716936975,0.5442432989391799,0.6643794194320634,0.5648223308793381,0.4077166332435758,0.4440718643500573,0.41416070373921915,0.3934894989716891,0.569039337164738,0.48944240520089777,0.49813494442816175,0.48868047040884943,0.5748204097413971,0.4789826393157428,0.5353338215519753,0.565692494430382,0.5307954590567209,0.4590369460959703,0.6327718304063321,0.4631463073354453,0.429266813611164,0.6627151169624351,0.5581778544259707,0.5657590223823712,0.6635250862764059,0.6301016769373817,0.478425615373939,0.42877117717358054,0.2946973821326362,0.6703826212539334,0.5393508077537265,0.5740805746836877,0.4393314307534112,0.4969230233404257,0.5888677720639807,0.5190434240400621,0.5056190358294238,0.4849921421434803,0.5462819587449294,0.4622181338098504,0.6027560567767826,0.525381558021956,0.6859252641547552
0.4556666120832486,0.0,0.4954088202868133,0.4385102542053423,0.45641666875022036,0.5138086195017755,0.49583330671243026,0.4477143707409572,0.4308221236291237,0.5115639769284922,0.5354904550892796,0.555624741805483,0.5166986400714989,0.4932707519201245,0.4370150869429711,0.5414514076713728,0.5595202432680345,0.43941110603153444,0.4968175206091484,0.5053578251127605,0.5124189714088564,0.5064588146352227,0.5044198877389923,0.4845697518037167,0.538627932073326,0.434981315485709,0.49291544363779216,0.510023913261413,0.5197165086834707,0.4865997213350385,0.5046560856384582,0.5396673395375778,0.49097154421555017,0.5143863504317977,0.500172382396844,0.5620415714158518,0.5025978343176875,0.5296555279952587,0.4968659033163229,0.4883510663717627,0.6147894873607075,0.4549209798798086,0.4325715689893931,0.5230799391275269,0.5407762452992889,0.46604385844963947,0.5371665480577664,0.5223022543712523,0.5346606807326176,0.4951157726730982,0.4831915961987684,0.4688656602061557,0.4894831095916564,0.6036680141695561,0.5791104837563718,0.48749185602266076,0.46151813270889036,0.4980663189958962,0.5116529409844537,0.49543080388142785,0.46528256516819894,0.3818490795342209,0.44177249932512797,0.4986899929219724,0.3932468837054905,0.41316005172838743,0.4602152120476497,0.439225458986526,0.5008762910427937,0.41704350362797155,0.4338105988547899,0.4812386239154152,0.43871560367200124,0.49158019371699696,0.5292671501067585,0.4745862403078668,0.4400784161717069,0.614554035052205,0.4493464554183876,0.4252143802566751,0.48608353193270415,0.41156353864171813,0.5582219399489804,0.5068088112637634,0.4378395504160671,0.5482590314801906,0.40094006420849504,0.4596905003875476,0.488013799190609,0.4744542736632045,0.460977677878434,0.49952763053327404,0.640342709860784,0.4533304808874217,0.4554893811012121,0.5827719278503063,0.44870064889814726,0.5331890309861627,0.384798562541613,0.47699606965415703,0.5099446515542094,0.3720169326580073,0.42167203774948253,0.46115680115557456,0.4611060885292726,0.4712215305116376,0.4799934394092662,0.5466294272251969,0.5580024803034495,0.5830941658460002,0.5188967675058929,0.4428646824700478,0.46212209541952026,0.46800122594843374,0.45841996502095644,0.4664552782640836,0.5006233127956334,0.4469407756438234,0.5362414149000749,0.4208749820758384,0.4392327955699442,0.39825472847211424,0.4708860829384827,0.5150147137384931,0.4261761909522568,0.5996224861293908,0.4087285581420817,0.4628511982672049,0.6320717009701985,0.5006126494149932,0.5187788424641213,0.45358984858301116,0.4066208905576799,0.44002651941469806,0.47631845871929385,0.42930871166941187,0.5889236296214929,0.48657768313590455,0.526361053725033,0.48125926679358383,0.47492844846736165,0.5105314994621178,0.5039006848912737,0.5362686300795565,0.5887525555014429,0.4637233540953585,0.49546451106673434,0.5244226539015049,0.5964901804363963,0.35240857094286276,0.41961181696467537,0.5803854613231445,0.50853639378949,0.5684612639808637,0.5130153272348181,0.4374883277794753,0.45381574229212446,0.5028851765379381,0.455814141585055,0.4388364359438254,0.4897488942836307,0.47038833500724214,0.4247102684965334,0.42172579789033093
0.38370006466673967,0.4954088202868133,0.0,0.39886730779187335,0.40204185405766296,0.4663233245440373,0.41046403936771914,0.4727395212733498,0.3681054150586215,0.6325434808874693,0.5496836061158061,0.5190243082204206,0.4751689148575313,0.356129355380741,0.4050491992989966,0.5317335537802147,0.4767140385061894,0.4047098533305984,0.4769076783594474,0.41607591141218786,0.5024480850401352,0.5522448468804749,0.42141678730485393,0.4400918962407627,0.5426555377691361,0.38305640742654057,0.4195357712286071,0.44559163042078487,0.4476427956002785,0.4331423645632316,0.4116818358050603,0.47362815307810946,0.39804754401805764,0.3928606072053834,0.3593126935448736,0.40424427428126536,0.46338730935400907,0.42068371514263514,0.4541889073189442,0.4075139066776678,0.4327881373460899,0.4262085529367923,0.4432421670821766,0.4156333813481575,0.4541225508039581,0.4110386396038793,0.4006796436750146,0.5167284393106876,0.44741583161763465,0.4007900253594516,0.42832559146840044,0.38266109899538053,0.3768216240372095,0.5276029454769458,0.49525477906485504,0.38409371467939407,0.397524478025662,0.4899514505567395,0.45358750031967837,0.37276486577210055,0.4948507237262491,0.3138278266617621,0.4226827862149706,0.3651119147612123,0.35541420774795274,0.3896092869585871,0.4066895936154048,0.43952823207643055,0.5225332645234926,0.4606730185444924,0.3900520972036826,0.3539406811234237,0.37087969910018104,0.48297445431152153,0.4853241226167742,0.3711322680506528,0.45851852681725513,0.4648624936841523,0.39458715828967206,0.35298165984869406,0.45248767687538916,0.37122493514934246,0.4886393009396798,0.4248483612239836,0.3726419141440536,0.43144828053677264,0.4080902524862834,0.3934453062364083,0.4043900367643319,0.3835566280608879,0.3926023829979875,0.36733619504753035,0.46323040946594046,0.36618769867573486,0.3810192820798745,0.5019522413536043,0.4063326702937813,0.40902543644072137,0.2940312325110787,0.37918553450761594,0.36698652180843516,0.44109670158136827,0.374537705704885,0.47207934387167255,0.3715991109647612,0.41476515160486715,0.47365115899681304,0.4905895302382386,0.43316191227816647,0.5404165373970681,0.4576528075730439,0.36427541563004473,0.3999250494364559,0.4238466764263393,0.3589114731839946,0.37792166974325897,0.3964767493141814,0.49417549867923183,0.50185323243871,0.3273198803036231,0.350926119148906,0.3749720514736007,0.36231043502521487,0.4370903580384044,0.33277377740376846,0.5497629055875124,0.33402293069144745,0.397710857663085,0.469453031612554,0.417348223037457,0.42036948961921816,0.46668200307238084,0.35754603974535,0.341906393474261,0.48548492084015143,0.36257542427200345,0.4434727369063431,0.36589523475891544,0.5066344115087874,0.4481587048780891,0.4300187098186025,0.3925306531082899,0.39469869761850457,0.44778453627847326,0.4682786391656169,0.3794378600803325,0.420449634488746,0.5153709700073621,0.5904498531859546,0.29313499153489414,0.37207951430679476,0.44286156366976276,0.4627246517247132,0.5360612703295138,0.5081627277969849,0.4365777604915403,0.43943448765967935,0.47800800816062106,0.35174291723331147,0.3696901585110588,0.458373036697038,0.3575627240912007,0.3915147797304466,0.3694150828817144
0.4622738129424818,0.4385102542053423,0.39886730779187335,0.0,0.43232601417593547,0.4510247913315293,0.5417310342808657,0.45429046055371847,0.41704713325091763,0.38701179689914783,0.4916129284045235,0.4444009717098341,0.46917848671877366,0.38952746575967534,0.45047519181506757,0.423250145184358,0.46242281695447934,0.45699064301875997,0.4602277481070311,0.3962137515823131,0.4780611133493656,0.43102900166415437,0.514855293272169,0.4613435951919256,0.4824942790431528,0.5206087063682655,0.47318248019188935,0.515528003021553,0.34310151211947765,0.4320770024501165,0.43222752082746857,0.40918527130412863,0.5963047562270285,0.46346494207326483,0.42087064393057055,0.4036551396267538,0.50578015095373,0.4381040748156766,0.3960213117885013,0.49275307588774964,0.5179165718532379,0.44810185278466297,0.42553692061609194,0.48995335476370755,0.460931755124757,0.4539275892777401,0.4153975611797082,0.43460823280308114,0.47984356994856536,0.4062263312575711,0.517265786827183,0.5305727562941642,0.4058405034800157,0.5279570764075803,0.42719642985194767,0.43217912345583476,0.43699429302723913,0.4924157518010721,0.43501137680799384,0.3973474777256778,0.4554988676387548,0.33244113729323044,0.49285115911211097,0.3427227138293407,0.3803694429143539,0.41347844781958265,0.4806006147311425,0.4675332793382757,0.450641100746233,0.48796515211692026,0.44484017277317095,0.38478909946730444,0.44997700335915375,0.5129062534695668,0.4479477339072522,0.41780743808551024,0.4445115500055024,0.49276108714045547,0.4772103815048319,0.39907352698867693,0.4488749071070704,0.4607876196353096,0.48765937954453437,0.44390410720601414,0.4383472138282956,0.48215232268348446,0.4379433609956564,0.442131903649252,0.45058325410828526,0.44173999980783246,0.5295950654181637,0.454540884176578,0.43058818059804516,0.41204528747611185,0.4617586325874958,0.4788656206854021,0.3795528539097518,0.4744493991350289,0.3264449744245155,0.4797907896038959,0.38418803988929395,0.37735989575955187,0.5493066300885221,0.4393782694932296,0.42744031523754294,0.43758508535162516,0.4213976034637989,0.4871063629960927,0.4694096469684857,0.44577751268629945,0.5367765810974259,0.42984679586757507,0.5011157504430018,0.43319318447776034,0.45421336628863485,0.48884297628246354,0.4438479511460108,0.35078865609906984,0.5038082373466272,0.40533426947232765,0.37906460485081794,0.49296458236814555,0.4119765048027508,0.5249715833011851,0.37437272548464057,0.4413102137012902,0.37436069965037067,0.38029204414234025,0.4110641781036466,0.4286601122967163,0.41125572459676957,0.41085918405652433,0.4022286730185807,0.4305435139965958,0.39422044579436516,0.3568872443115509,0.40997743232492967,0.4456032666418386,0.44403346780112674,0.44395394851155395,0.5858158548069125,0.35895678604366915,0.4743155402036013,0.4334665909638296,0.45199749066559874,0.4934843044962525,0.444950123572366,0.4489526851366106,0.39891438889211256,0.2730616505547172,0.4679016195382097,0.4627184269504645,0.425239368293293,0.4110682778131514,0.5431771959875796,0.45312618884234696,0.4563157953672987,0.5676685514673586,0.5354150117729718,0.4532548575637281,0.45450874975696265,0.4319863359618253,0.41499618143369044,0.46700394054758493
0.5512798649144203,0.45641666875022036,0.40204185405766296,0.43232601417593547,0.0,0.3933685437165725,0.5788639477350016,0.39094105632219955,0.5072638891906187,0.3755719265608939,0.5194700471568654,0.4531634987631423,0.42808843317804485,0.3956507738423789,0.5621962463437498,0.42908451181604923,0.45772172663736693,0.5294366980702756,0.4954310817832942,0.5068140941488,0.5454444074625927,0.5371031355415414,0.5210700317499682,0.5937979343530444,0.49251809048059253,0.4515762945815886,0.41702759181906907,0.4333412529746065,0.3497407755980628,0.5107001661236535,0.5024749603049987,0.4174351342045376,0.43311607654841183,0.420445371631755,0.5070087494894695,0.419519061416565,0.5149389556271051,0.481076072567601,0.4881763928793675,0.47522833879925397,0.520320425481211,0.49175470727312487,0.519274049939005,0.5838370897240834,0.4392243279177711,0.4568767107403241,0.48492549282333647,0.5209294702793296,0.5973001287227078,0.5095758215484688,0.5400182676977368,0.47052811255178195,0.4576756940064409,0.4983960611785152,0.4345944870166237,0.4287426328965193,0.5171410298585728,0.4520235222082143,0.5261156802749912,0.4097448347591758,0.39192164444887945,0.3317294832955474,0.46247393889130334,0.40300142042667775,0.5117133621547668,0.43403337511344486,0.4506305657211997,0.5276231629464114,0.4871839794527568,0.43535650165353945,0.5222417001433595,0.4529103267939888,0.4431086216944732,0.4784725687701911,0.4211819497403256,0.4454105327120038,0.42427849269388673,0.5127046866693766,0.45208906880307353,0.401321833607269,0.44396198537443793,0.5355168149177288,0.5586205647037584,0.3909622314817932,0.4510691473376603,0.48843760478577564,0.4044533986241852,0.4979507287886873,0.40225401481356543,0.44884187479904347,0.5536039271445501,0.4686164750239553,0.5201062523475454,0.45715894788732825,0.5055908596455183,0.4677587783075904,0.405774471976153,0.4303011805494078,0.36122580802125664,0.40082445574623937,0.42588509166791777,0.3693560143821183,0.47810023997387374,0.41725195510157204,0.43963857489600605,0.4290048744526622,0.40958164757688265,0.4526714329307081,0.48558399465938484,0.5220003645866875,0.5462004222438556,0.5076651105345751,0.4323166593228248,0.42122576075850593,0.4213699144629863,0.42720660244411546,0.43835898359645914,0.4509584931994458,0.42402095869601214,0.36436564358665513,0.5183432016536564,0.38893240177254484,0.4473289531047713,0.5442209527728722,0.4877567630470901,0.41710343583099385,0.3615271518360274,0.3799691737769718,0.3845197376507565,0.5080844105989328,0.4134630481566164,0.4266045030068149,0.3831753398273734,0.466678334532132,0.510655391501538,0.5283622539783787,0.5204472137051381,0.520380592429691,0.48043863967682404,0.5471980957362319,0.4490229162651924,0.3907648608641159,0.5054002282215554,0.4998346751987224,0.5392066393814778,0.5277871645495813,0.5993271429472901,0.4302216715546362,0.4425073625901685,0.27698705344926233,0.5120528335615357,0.49541866223122066,0.5664347559603375,0.453215063560308,0.48879236667016246,0.50126501915368,0.4759277313241875,0.4570133349516839,0.47063779223239455,0.41986208609837755,0.4245695874889185,0.4782221473260279,0.44703249757930574,0.6056135770944429
0.4350183559454042,0.5138086195017755,0.4663233245440373,0.4510247913315293,0.3933685437165725,0.0,0.41846202122528686,0.5227865882402596,0.4228620802679983,0.4585694283623424,0.4838334653465208,0.5497218567580464,0.5131587252577826,0.41784173056585006,0.37246849488538813,0.5583672509458353,0.5390901550945278,0.39780393952822235,0.5126329946090171,0.43764800122870495,0.5021015314108921,0.41852793201810945,0.4289062332234343,0.38799817468973247,0.5287148659273381,0.43698031918251357,0.42512266323323267,0.5113896345462653,0.4021027105660797,0.5049687094332562,0.471490116907917,0.6059456698345549,0.45289005057918635,0.5429472022087692,0.41933031565915274,0.4917180313029842,0.49740032439058546,0.4888660919476433,0.4317871920819363,0.4010001597020637,0.47663416595780456,0.46346923857334626,0.42964257822937096,0.4745028740897465,0.502186128371609,0.4464585355310157,0.48284529930421627,0.47124165069197077,0.4411466128400719,0.4415890051364305,0.48710058584877636,0.5013467037541534,0.4307310263758649,0.5320934990303207,0.506508060942566,0.5047255639830418,0.44033383710263735,0.6404384981216149,0.41711447030741483,0.4438472663561458,0.5208967375545064,0.40754190937296697,0.5118564674549781,0.4038324196170037,0.36505801446650077,0.42575971298054843,0.43520130107652943,0.43115048783749815,0.4619998929088588,0.46155866374722676,0.42559403597698575,0.40102807234016724,0.46421760984042976,0.48765273623462624,0.5978843308306299,0.4556432527894799,0.4574741329408236,0.5091816165599456,0.4638897551412004,0.4506224591614289,0.5284324790656942,0.4109494571760951,0.5011159307700436,0.5502833856441323,0.4618941668462735,0.5039458833166095,0.4828368649814877,0.44804705201342604,0.5324915927419915,0.450409969093786,0.46256882821996353,0.49051768133068885,0.4915002365498428,0.43150553653385176,0.42732355841459785,0.5351286144883072,0.4726472397175223,0.5891691135770015,0.3642258740216912,0.4847135002600256,0.42237601956885007,0.414909955756469,0.459416700623454,0.44528703130370256,0.4797138977953224,0.48195182716207124,0.5275761427662407,0.5269672614387447,0.45098839352397463,0.47846968599317086,0.5171288070428758,0.42578924117572564,0.5329611531014365,0.49761661780959227,0.44956152441054403,0.45370162729414293,0.5152032333814232,0.3855760000889262,0.5794160106060972,0.44229130077145495,0.37447413559546355,0.48155930349348003,0.45776416395022657,0.491314877151497,0.3826657517065238,0.5244277780038651,0.43569814123792394,0.4468105274834802,0.5679772782731927,0.4067245242024141,0.5501380324425484,0.5152507063964062,0.4198760286021725,0.42821462408050476,0.41248347549696945,0.3602791087103076,0.47203246442679964,0.3850899180627485,0.40414794682372646,0.4557546448964795,0.452920449087648,0.48602921545508565,0.46614528505376185,0.5129626837521702,0.5012481312023326,0.46480941592439634,0.4571493256125719,0.49795142277530274,0.5095609669214104,0.35142438219251737,0.4249246938595641,0.5115424617064442,0.42781592245255445,0.4287804644589721,0.5420772685668819,0.42288044375271383,0.4003004720687882,0.5540530765586305,0.3871821520861851,0.4779742720481189,0.4448607593181545,0.4527086196705356,0.4253772022251292,0.3929160065840642
0.5265794567376938,0.49583330671243026,0.41046403936771914,0.5417310342808657,0.5788639477350016,0.41846202122528686,0.0,0.4019558018501924,0.45816195502672874,0.40989479425061337,0.5249743558796212,0.46844109073481416,0.4549386272548644,0.4091866795668265,0.5387367484773832,0.4302659228367248,0.4902466111262513,0.5340498434175389,0.5116335312305932,0.46096536933569093,0.5437606107100642,0.5051046713292408,0.6737510686044554,0.6309929970833686,0.5341013997989336,0.477042670515314,0.46519671438319865,0.5042879217846398,0.3691617768625353,0.4834668299817306,0.46960218764825484,0.42244644711665963,0.5085472786479843,0.4625259264037033,0.48785175324730184,0.4164955753490084,0.5180408608069967,0.4620834176616006,0.4400879817234866,0.5636175969055467,0.57807219014388,0.5079506046302644,0.4625757850286393,0.5698290709745998,0.4530450112937206,0.475646620648389,0.48067405652933887,0.4801373625068468,0.6526857065166412,0.45727202505942655,0.5499196878133601,0.5139352530924429,0.4643065668128838,0.5427031712545857,0.4414869461923782,0.4560844013957744,0.4947310766093148,0.45881776385583434,0.5522717736015414,0.4160767116077271,0.41064678623033113,0.32793793792393816,0.4590799262868151,0.38352365863276355,0.4532940832177344,0.42997604431318287,0.4820474808729747,0.5066840097105301,0.4775347010119916,0.44254430199756173,0.47769604783365505,0.4383566105711022,0.45430130875129776,0.5147494675960744,0.4354101450995563,0.4650573446354551,0.43378718057360144,0.5620886073533056,0.45986169437596935,0.42034792270785143,0.4708784258253897,0.5001355012299619,0.5722951161421841,0.40940505937318633,0.4574759677257218,0.49974382060936784,0.39847131019729626,0.47882392217780817,0.43508445634346427,0.4574363443238293,0.5555201707886996,0.4885603805638015,0.5014982176460538,0.4588416861904879,0.5195972991260653,0.49470936147492905,0.38274174478261275,0.4763841369322969,0.3492063422262667,0.4504809851660685,0.4187975650417361,0.35976273099247075,0.5200901892108368,0.456954646990248,0.4293478722960099,0.43833585883695053,0.4192207010947318,0.5197215016116832,0.5349241915996181,0.5514817109799935,0.6128633415803174,0.47539417731889966,0.46617697142803377,0.43245159828187546,0.4421395584133832,0.477868758801603,0.48231343251075487,0.4137614224855027,0.487917086533704,0.385489796056937,0.4503881646671758,0.4042591989496338,0.4538988465133378,0.5956848800097876,0.4428816167091629,0.44599827088395905,0.3702786287331522,0.374154141731824,0.4135062226393847,0.4886971922095943,0.4270986704308482,0.41454966824883127,0.386715420833008,0.45345171689629316,0.4526512053156026,0.4424637259868362,0.48993676721757395,0.5265378931420405,0.5037023163758433,0.5037655477387003,0.5256583147213959,0.38124661639551144,0.539389720091616,0.47181393030881025,0.5186038304287901,0.536174435306263,0.5057856104324623,0.47113138684356665,0.4470005231643394,0.27710483391822077,0.4868412044740077,0.5452951310330898,0.5117124961793429,0.47476655841373333,0.5523282858202156,0.48184461966318026,0.5121486388847531,0.5285818345799517,0.5768190849788186,0.4488317639067912,0.48954707892911103,0.48915546776651275,0.45612877797543905,0.56133935240296
0.4512458156159312,0.4477143707409572,0.4727395212733498,0.45429046055371847,0.39094105632219955,0.5227865882402596,0.4019558018501924,0.0,0.44795172429229513,0.4130728821532924,0.5297070902676888,0.47878207498555286,0.5959186361334715,0.40385309274177816,0.4112802647856064,0.5799947148913233,0.4951812532890026,0.4339031048726508,0.4671160110538812,0.4593691511364032,0.4942229574646414,0.45688715577851824,0.4215929743163465,0.4070066687386063,0.4908503346634074,0.48867953143153964,0.4826308629190065,0.5034200184638847,0.35332422743547065,0.48664092441230156,0.4887342425132359,0.5362163935442182,0.4463259849648682,0.47555257768660375,0.39892898577935443,0.45371011462944977,0.5905846573274182,0.5139092493777563,0.4774342904567899,0.4172960010100428,0.4466397517361945,0.4254685259869712,0.5012871663040407,0.43604158174613644,0.6049792109299922,0.4979426108026728,0.4176978005746213,0.49088659442629656,0.44416198468674445,0.4653798703950105,0.5162530225365877,0.4478427957738243,0.4073807850424039,0.521170464186568,0.5003545267165836,0.42760576943771167,0.4634186122744785,0.5973277665891749,0.4241151566041024,0.44771197510930455,0.7733980815744149,0.389684240318172,0.5563295751890999,0.37852959864544244,0.382321286834957,0.4733963436690266,0.5049193810078392,0.4922155693754453,0.543191480201416,0.6165844230093728,0.4795074695240886,0.3982727444438322,0.45164705249688764,0.5596063653722192,0.5926266138977684,0.42771976204820655,0.5902078116397219,0.46594824889964476,0.5354416288151511,0.39423256984827465,0.455990646308336,0.44254807015452896,0.5002692748424836,0.5652229245139861,0.44439397006147785,0.5254100767331136,0.6304226797632845,0.49127783739466196,0.5230625222144871,0.47924204424217637,0.46657791144230704,0.42214054964650943,0.4683581305194299,0.42952992808873885,0.4284295622221735,0.4772388441753794,0.537421749554573,0.44178628257702834,0.3333635094230582,0.47399536974793727,0.4206913848992242,0.5769295716840439,0.4462270161916903,0.39525703554604585,0.4856313478947989,0.5187561390202837,0.570558993606473,0.4609961814273681,0.4556412572549576,0.44967015580145264,0.4699629719460373,0.43120753508873794,0.5110440869664241,0.5187083007002911,0.45487583403087406,0.44228857041824543,0.4246021790568096,0.4009345714594156,0.44409264522593767,0.39653922554276966,0.3859021058312494,0.5762183230254257,0.40470413400759625,0.48982887074803033,0.36531748509205275,0.48995368149239943,0.4054946272360231,0.5063278161097223,0.4436377188805562,0.45707438008679613,0.46465358954556296,0.5399925852344802,0.4942721183517928,0.4129768045423694,0.4648483553642173,0.366702714736463,0.45724860396409867,0.39755172902706887,0.45913585727405687,0.5109084950645487,0.45333418701208367,0.4268746770192718,0.44825410850303304,0.4987409975494928,0.4974481188767924,0.44902852106331004,0.4784343521450382,0.4945949074297117,0.453183100568087,0.30745434081970713,0.47315765951273725,0.43110246721818357,0.468358365396305,0.44104748415784945,0.49455414498120837,0.523636195647474,0.4616016811612212,0.5216071631235611,0.3801871630497498,0.4597717160476678,0.4199967483974733,0.40090612987793206,0.4174459773487955,0.4097688789056466
0.7055227288380849,0.4308221236291237,0.3681054150586215,0.41704713325091763,0.5072638891906187,0.4228620802679983,0.45816195502672874,0.44795172429229513,0.0,0.34562532171382604,0.45989906196366076,0.417161005091977,0.47719624792020526,0.4493641674108488,0.45466896445152993,0.45687297674727373,0.4856013757751143,0.5449284481521575,0.47254071142174564,0.6133383687253675,0.5233830249725941,0.44199724355983294,0.4751598109965414,0.44964711149237885,0.46283113848963164,0.4980236238038171,0.43764464867549335,0.4701342974391481,0.31442724307121456,0.5903700510748876,0.5535271729028702,0.4732896247675541,0.4095423925684165,0.48296989718699945,0.5378380360097722,0.44592653987162634,0.5623283984225692,0.5967053561480962,0.46406061444407487,0.4443487533813473,0.47339658333251866,0.5081994709815446,0.537950372862481,0.5027498097936764,0.4950712090588947,0.5425040459707744,0.51843344491069,0.4528980408381,0.5256049073408467,0.6260104532384725,0.6008625224119613,0.5213465746842992,0.5291230926407013,0.45086346501352953,0.41531994191984223,0.5084182446656803,0.6569337317894213,0.47640830375595145,0.4923551098166561,0.4883748164014119,0.43760374853241696,0.4150074399903129,0.5446316495380339,0.436391389128513,0.5734193918081552,0.553984668306178,0.5249783388697105,0.547394848050196,0.5057045014459649,0.47767562219500886,0.6744071533977405,0.531462378769358,0.5880362711121994,0.505664263441548,0.49027808077153984,0.5560895290252187,0.4657560705170106,0.4740043350364736,0.5797569735705639,0.46390112239271897,0.4736510251521699,0.67522343747978,0.5417665755340939,0.46101025593123346,0.5908936081405388,0.583348744534065,0.5041547632634225,0.6933808254422077,0.49836190371388556,0.5696567167986344,0.6163639882600184,0.5385633369479773,0.4950207284976877,0.5863223491430067,0.5994261451281159,0.4246783234174252,0.522879095178663,0.46470087164038804,0.4284958357751343,0.4738493683875897,0.47660659414146694,0.40888315896280253,0.530475291075499,0.36364944076234706,0.6124633961495304,0.5184546490153062,0.4748031048282744,0.4509925926318148,0.4894379256660405,0.4569628101390622,0.4945879397889456,0.6848607061874317,0.5367953496586128,0.5216280459208451,0.51301406986513,0.47749866364110755,0.4958404537965852,0.39531294176807147,0.3942228459207925,0.4387984486079343,0.5613226990317314,0.48006311610925717,0.5405400496835894,0.5588970077072456,0.5888392272544739,0.38651665060040996,0.45523588490426065,0.4203322849408589,0.38205863480131447,0.5258951890861946,0.49594664319478876,0.499930460624275,0.498797060107027,0.601664343486227,0.4735595846647521,0.5131884298411827,0.5348371521355286,0.4848793889693126,0.42717820316323357,0.6089025673046428,0.41571288800105405,0.4439206139959831,0.6042837134366675,0.5815049534038554,0.5516059132009261,0.633857178651395,0.637830256187464,0.4385806788752436,0.4167925772658327,0.30367484147493445,0.6508126999278511,0.48600540483374877,0.5481088029348951,0.414624856539082,0.4599885198394145,0.5616798130782489,0.4633872490996179,0.46074649196033973,0.43140602200059214,0.5158934727429992,0.415526053570772,0.5784567887532744,0.5178096390887943,0.602575220781793
0.36228707860879433,0.5115639769284922,0.6325434808874693,0.38701179689914783,0.3755719265608939,0.4585694283623424,0.40989479425061337,0.4130728821532924,0.34562532171382604,0.0,0.48080546229552695,0.5101942401407091,0.43053955464343896,0.34956792244696505,0.3736487758647772,0.47237908119021155,0.4599989478801801,0.37885259546022215,0.4711893373835318,0.39063918782139606,0.4641758795716938,0.47758211312602167,0.4229953058377266,0.414899367281626,0.5360912424917144,0.3520589245535992,0.3966782783380253,0.4392629662746475,0.49412655420396584,0.4081963114645837,0.38645411791820644,0.45436759087850154,0.3847569899253937,0.3922315644519886,0.35197799984924544,0.39087668517328156,0.41468157920375204,0.39048762998538433,0.40840997556813263,0.3932082182043931,0.42065456114104227,0.41931480273752786,0.39088826428386675,0.4001740564177281,0.413150584564971,0.3822753276365614,0.3936575692320088,0.45484220614203097,0.43477205228949,0.37153841577224733,0.3966016476168377,0.37037859212560537,0.3712312771544171,0.49129316494581354,0.465648900708906,0.3851279147512765,0.3732265021250014,0.4461422580839972,0.4433546659288127,0.35828104038998915,0.4333519924179057,0.3028220339110627,0.38252663550652594,0.3609002419196454,0.33671906133369656,0.36165170054597107,0.3776709318681326,0.39174030852402636,0.45441328237448075,0.4027575523535118,0.3548360364246609,0.343978869718653,0.35757017845382993,0.4357878449684239,0.45091332516564125,0.36775958396812186,0.40372872580036756,0.44863394495551906,0.36330172755987117,0.3507119020366494,0.4452136926712519,0.346565160161034,0.4529704309800767,0.3978927296726888,0.36007870757922106,0.4028941185831106,0.36605904240208953,0.3678981906235146,0.3923271452704947,0.3620975562689259,0.36863109773186414,0.36727959827349455,0.4418754307261169,0.3541998065803613,0.3668433741976038,0.4880621979221138,0.36990379210299784,0.4220062583395414,0.29187824544016683,0.3703535458285166,0.355371146757316,0.37807984585346477,0.36257848971501927,0.4989895124836033,0.3516422378798622,0.3831476103542099,0.43423956014298126,0.5049951200311468,0.41565261515560026,0.5302624806885852,0.44802654671527786,0.3462973657320126,0.38313032786664136,0.4017916078388456,0.34281809574598965,0.3656246179898251,0.4083120981083868,0.4620567044680731,0.53030191001021,0.32445673431927186,0.33087365980733646,0.3447046346390729,0.3600554571244449,0.413910919728559,0.3263191777530994,0.5296930834603015,0.3265379735126486,0.362314316977422,0.4928437352392235,0.38255298386678754,0.4190331810108786,0.4189977349764579,0.332381992560589,0.32997882693768127,0.4293209894614871,0.3445940141986738,0.4223103108954677,0.3500969194550059,0.459414827741143,0.4085076064548171,0.4166280260319107,0.3856474592678506,0.3858094280759969,0.4220398255546972,0.43809978501089897,0.36540664912401244,0.3833507868322748,0.4912706141807302,0.6091243725872894,0.2982035425042833,0.3465297465466932,0.45937282119007267,0.42272009175207964,0.5017222651706108,0.4947762067482709,0.38842264240330526,0.4044454733191623,0.45416558200822754,0.34905377032163093,0.35847463665433554,0.46516508015401714,0.3577079325402217,0.3822190976220864,0.3482845817594102
0.4919685181665522,0.5354904550892796,0.5496836061158061,0.4916129284045235,0.5194700471568654,0.4838334653465208,0.5249743558796212,0.5297070902676888,0.45989906196366076,0.48080546229552695,0.0,0.5934908862793079,0.5420580132004099,0.40803687069486344,0.5237377013208926,0.5682164427403282,0.5286807031629107,0.49425039325071324,0.5718509998036629,0.5042059865321233,0.5992808725069924,0.6568585650679399,0.5230913561904369,0.5495756730128625,0.6206990076256834,0.4763022457666428,0.5017899642203139,0.521059851608054,0.41471391253692186,0.5294919534783787,0.5360303754607498,0.5114196770651177,0.48774531003450616,0.4691157691879766,0.4536048935836756,0.47107038519678346,0.6351505143063294,0.5190122459282378,0.5831908927547661,0.4840281290834673,0.5347164934837033,0.4792270277780106,0.5555707313038355,0.5467565442347544,0.5569888075671834,0.483425295639246,0.4485627930854557,0.6801952850678192,0.5875570598489575,0.49465030577626795,0.5605695769101108,0.4573685094533784,0.42996402802739475,0.6914626157583407,0.5911624398132089,0.4275876460876042,0.49216934295697196,0.5919910633576144,0.5222856898574249,0.4340078004802873,0.543528366260793,0.3443804732997185,0.5108206848071476,0.4054606994639536,0.4217192080394989,0.4455765682408137,0.4966863575844003,0.5342916020400053,0.6121804087341992,0.5586838838604891,0.4893989530231024,0.4233900577316957,0.44229617717900993,0.5863839142019852,0.5264894562422548,0.4337259903795563,0.5424256738939071,0.56303855745362,0.4823433543791168,0.39291245409600023,0.4706001642935013,0.47068541591531876,0.5986714647311033,0.47098527696298476,0.43986887126264906,0.5287956390807074,0.4889166040298815,0.4975608995455044,0.45787162808788506,0.46187751392396614,0.5126680426663244,0.446584387043552,0.5810378912898385,0.43701874752770353,0.461868318018693,0.5873011847668,0.45872347279076126,0.4572200792844971,0.33606860098639435,0.4377634993236244,0.44107559013642955,0.4734972291027518,0.46667322488920715,0.4805059351203003,0.45131515398329175,0.4696587807407991,0.4979035490559514,0.5206313252655992,0.5042974450099726,0.5908775657703602,0.6010250247441998,0.45415876017994566,0.470994269135984,0.4829910323775822,0.43049670484550007,0.4407224104886866,0.4420695020289582,0.5194757184679398,0.5098049568872279,0.3733554273890908,0.43157045166276703,0.4477430637473551,0.4207743298014577,0.5548983331843468,0.4014162142068228,0.5744716511198489,0.3704109838322987,0.4545459154191574,0.47022273320566743,0.5100470030970082,0.4497725783461727,0.49351911563803097,0.42459538206043546,0.4259587887953351,0.5920078717417413,0.42514917997698054,0.5262785580461623,0.4652351909129151,0.5998440675808845,0.5811240085683042,0.518785333763608,0.4253964011587507,0.48196097716609276,0.5409413127862748,0.5943944892731035,0.4823257555114392,0.5486436736449859,0.5126050718430025,0.5480009821357164,0.2957716102106782,0.4948489156462166,0.5049496004868036,0.6019944600610393,0.5251687136659978,0.5877254329153327,0.5523200070002311,0.5401554781729399,0.5439321381762486,0.44446221888402626,0.4400397823889504,0.4571175865773413,0.4296445295026989,0.433705227635109,0.47984152413176195
0.4299846119487739,0.555624741805483,0.5190243082204206,0.4444009717098341,0.4531634987631423,0.5497218567580464,0.46844109073481416,0.47878207498555286,0.417161005091977,0.5101942401407091,0.5934908862793079,0.0,0.45883337546397845,0.386049064102874,0.4346684997509186,0.5190373484717166,0.4781410399914301,0.403198394936423,0.5961910739455805,0.4498790041453377,0.5211011331022759,0.5090232821618804,0.45192501877658076,0.44493663228407315,0.609565760988787,0.4073861914215463,0.41866303402924454,0.4587901826402583,0.4630423363893475,0.49207969765156934,0.5335910195442531,0.5231631271688998,0.46313514904076947,0.478314253480395,0.44169088220542785,0.49891076566462866,0.5090164167896544,0.46518314711172215,0.5407290216839138,0.40285115470171956,0.5011322068677612,0.4479855010204552,0.4648620962079932,0.5501592837038057,0.49202776763939343,0.41198795483048173,0.44207932692507135,0.6188663283373033,0.4906333386666483,0.44263506129053565,0.47634889145352904,0.4340133771845876,0.39835962626434385,0.640782431569168,0.6332316220386465,0.4267598917190659,0.4256859040411189,0.6067219718611416,0.44262144549327204,0.40577698855777405,0.4739274503383936,0.3433433862662927,0.4549200585676964,0.40819850735818625,0.3729671135337493,0.388425836684746,0.41358105841121007,0.43359105004946935,0.4751318777130772,0.46032234077385564,0.4166064366650397,0.3939193644850258,0.40839453976576773,0.4676178187881803,0.489040653759456,0.4110157562542951,0.44133896783668547,0.5164676127662792,0.42077191024795857,0.38002093973539475,0.45177263124594375,0.4132403583388362,0.5114833573716877,0.4443903175577778,0.4092837547914823,0.46909972433233843,0.44646800999953684,0.43545682928642426,0.4323530569297486,0.4189203865655301,0.4487574309766051,0.46908301487958215,0.5540412254426582,0.3980814125415982,0.4060679949001831,0.7158343733855705,0.43599931234032624,0.5045550389482518,0.34077008718433194,0.407836481043136,0.42553426310240827,0.4172338277478566,0.44312398520416013,0.5520969514170864,0.42739831315603855,0.41702502536554714,0.4536039845235077,0.4963373306185967,0.43668246144673467,0.5405015336580584,0.5853468521879017,0.4131814083465226,0.4380509765263165,0.43837830053208465,0.3957495878650989,0.39679956690596413,0.4429324728652441,0.4885828467915589,0.5546658483849428,0.37214532789120375,0.38373389250953077,0.41368193103336476,0.4114717187466009,0.47938212759544974,0.38392620195438654,0.6408686401888724,0.3611260870034929,0.43588439127207107,0.5437328832966667,0.420254425008684,0.4531155647003502,0.4485640006332603,0.3762717773271889,0.40761133067480754,0.5036397225921033,0.3845496930759199,0.4958716500990502,0.4105732241188594,0.46435337241065483,0.48976143445415243,0.48424993771616126,0.443657095719109,0.43915295217603345,0.5175467905591764,0.537294269245699,0.45506553175249087,0.49556572158026546,0.45590252882416055,0.6064736152856594,0.3158521458944874,0.4371556863320467,0.5087981264818185,0.4780670757479675,0.4571301845487715,0.5751075701088658,0.43986527221983635,0.4164007979269453,0.4956653766574291,0.4054753363863441,0.4073111353755594,0.4144729820023548,0.4225623561260896,0.3979512538249823,0.4074582686600056
