0,1,2,3,4,5,6,7,8,9,10,11,12,13,14,15,16,17,18,19,20,21,22,23,24,25,26,27,28,29,30,31,32,33,34,35,36,37,38,39,40,41,42,43,44,45,46,47,48,49,50,51,52,53,54,55,56,57,58,59,60,61,62,63,64,65,66,67,68,69,70,71,72,73,74,75,76,77,78,79,80,81,82,83,84,85,86,87,88,89,90,91,92,93,94,95,96,97,98,99,100,101,102,103,104,105,106,107,108,109,110,111,112,113,114,115,116,117,118,119,120,121,122,123,124,125,126,127,128,129,130,131,132,133,134,135,136,137,138,139,140,141,142,143,144,145,146,147,148,149,150,151,152,153,154,155,156,157,158,159,160,161,162,163
0.0,0.3208560187794315,0.32797598252372945,0.30260305818643335,0.3303293415300005,0.32125116989013636,0.2946880320079679,0.35200593435746286,0.3605048245861546,0.33007924804196603,0.3388576920799891,0.29083948038000534,0.49404111620513286,0.3062474653489508,0.3722379146864046,0.3746200725691906,0.3835836259170624,0.5268004587122388,0.3006593009682502,0.418422545451695,0.3412270244063422,0.3088124373018666,0.3122569517020885,0.2973999187840951,0.3888209951684286,0.28294104064766407,0.29034200227095197,0.33454741957937933,0.26422677963194485,0.30155664909239355,0.3503581987266416,0.40769271605121554,0.3231501934730627,0.2823173278668269,0.44827495299536857,0.337993805057302,0.37239414630532675,0.3662343316930222,0.24988634785998157,0.4268042949315828,0.33268974917646343,0.331601968858913,0.3862910782050133,0.3684194525481865,0.3663173641833544,0.456300391178476,0.3161552889380508,0.35516442224059813,0.38140882061365255,0.436201801230366,0.3991309299032387,0.3673942396801657,0.27247049661205613,0.2805270118326083,0.329985464453166,0.32467013728465044,0.46340215419753833,0.34769809655731315,0.35943578994090114,0.426349526531891,0.29687014224479874,0.29989259340414237,0.37892795284688385,0.2848405230132136,0.33095564350112466,0.37342148535046793,0.32680917593659414,0.3130106782040546,0.3122427643606861,0.3517805573647169,0.4577757784344367,0.3602307334376642,0.329960376269074,0.37167361142142075,0.36018640592458434,0.3239971395245273,0.284761842586601,0.28151395816132224,0.3331885479296606,0.26561877258339284,0.32581886375361174,0.3424318752732229,0.3219460260445955,0.32963761609561026,0.4045104259382597,0.40703532513862367,0.3271734830315417,0.35474050979389704,0.4028583245070398,0.29074548760953967,0.4168864057156172,0.3426905300691962,0.42380716645885336,0.3478597572449645,0.36536519753978247,0.2705281712536452,0.23339812424730766,0.33152228886022933,0.26922298038722126,0.4136385628046201,0.2747079866497537,0.32312147848150863,0.3068964791267936,0.2862219495537569,0.48120428355122435,0.4177644059047688,0.36477600261369203,0.3289107074795227,0.43170752036375254,0.33436878955412624,0.30276401478487147,0.40461482463695075,0.3690112429869591,0.2815879798878294,0.3880966410363403,0.387686336192686,0.38923887299284865,0.3433852616498645,0.28712673369132774,0.2747137091444972,0.3710814874529384,0.2707788149764539,0.3410158806590395,0.419200413753356,0.31037779996598086,0.3105008681646118,0.2783367872107389,0.2988617983087562,0.31291089180672876,0.3792567504660276,0.30257564458716524,0.3204422803601094,0.2758503288393838,0.28221270504889023,0.29018644209095884,0.31957710230915826,0.303049736315311,0.3940193300217589,0.3358164797021203,0.36609476395380586,0.2747052076845118,0.3132126455835227,0.35655202692163995,0.3046518517559016,0.3188189111460041,0.2912553851195656,0.30520181009383374,0.2875326638500522,0.36013108038010433,0.22726573832583674,0.4078952612051214,0.2980410597727285,0.30881047111636417,0.2985670409459483,0.35575517937236717,0.3660061607354404,0.3382826787826687,0.35103547345465286,0.3234981491068607,0.34035491234754683,0.2780000100671872,0.36198566257183623,0.25559191110576446,0.38723880715731157
0.3208560187794315,0.0,0.35659507084398223,0.34773120742242875,0.27243360856337867,0.502875585669362,0.28252578840505244,0.39647432268473726,0.316464837597169,0.35760381003316005,0.3173685429323183,0.3535657502734013,0.32561513795952457,0.29777516990185493,0.3698727574044066,0.2980232435811683,0.34200064437422323,0.28112614605376335,0.3342253726812568,0.35145084733833554,0.3422696140048663,0.399186215447477,0.2496941890833853,0.3227445740027556,0.3214825605898071,0.2216263189480256,0.24508624192596315,0.31161910083385364,0.3459479831041132,0.2593235592150728,0.3645003493684212,0.3279645957307731,0.42559908115903883,0.24969864026679575,0.3197969308306922,0.3324487283458099,0.28144756613436933,0.3038906442947878,0.343299115471889,0.3326162683072136,0.4075121007489734,0.33001148718716045,0.24712773858141376,0.31068473733185775,0.32817834350134406,0.29152615875328486,0.256672720108604,0.2838736755217305,0.279361252111113,0.34818366584633165,0.3614018409244463,0.3237219027533041,0.3307020329787265,0.37958387604407534,0.32882089821732696,0.34983165117493065,0.36519725875156567,0.31647083690547895,0.32435812494297933,0.38093840788626643,0.41308588993362544,0.2496468570904972,0.29875172499634983,0.23884411638060715,0.3061544810468611,0.28690953834807587,0.3024004764655388,0.2648104644800195,0.2340882748176353,0.3085388317287595,0.33520334578756295,0.29160557405832915,0.27627241662365837,0.3616103794015985,0.3922652685156114,0.25572994601192856,0.2794383106209782,0.2934766902354247,0.2559523537601348,0.27082685686668967,0.3116880427032466,0.3447720118294943,0.35904531303040743,0.279351171133155,0.3081669274342973,0.386002789588877,0.283081981650383,0.2635917475347299,0.28252064340134536,0.32479760296436344,0.2750795373849324,0.3309176553855773,0.37569212206392766,0.32789628972099716,0.3421915567925429,0.32841975587922984,0.29239280536298323,0.29929507219864626,0.242528024377499,0.3363629581580721,0.28842512803032816,0.26868190274672515,0.22040686870629989,0.28218656316773477,0.32149653364003467,0.2859472747784065,0.3200016580956377,0.3057714857269095,0.31541761062140244,0.3949270120706582,0.29388881480120693,0.27066635180851134,0.33878207355229195,0.2683828379262629,0.294507918823977,0.4068300739690725,0.30848599269966187,0.24984975460880865,0.31357661543471116,0.25642453671894283,0.3095410559423051,0.27335058141929486,0.3033878887461478,0.38547575338886025,0.3153502447390691,0.35626322235521823,0.31598174601575396,0.31130852335711834,0.3392148168357152,0.2841322067739503,0.32247323009688533,0.37194320609087034,0.26490245766061193,0.34792694528448886,0.33202779165529583,0.2893589616784358,0.26118018805397475,0.3004883647523248,0.27607734890766183,0.30928571063426763,0.28454609833412325,0.3076677520137717,0.42184257160733907,0.3261626150870071,0.29744759481794153,0.2198278196259235,0.39473066107548127,0.2968992982367604,0.32972543431596807,0.22830174302051937,0.30793062288891465,0.3141987046454873,0.2865352622064176,0.3087373312840312,0.31433952229539797,0.33945164706615355,0.37060064583708147,0.33990217036825826,0.3086870959139776,0.2736627717447753,0.2607134126625905,0.34308044465906823,0.25944723112480295,0.3207710557696435
0.32797598252372945,0.35659507084398223,0.0,0.32262021432124227,0.3082011799573798,0.37255562361159816,0.2600295033383311,0.35158936612927727,0.2748970143476501,0.3571249462804161,0.35765773316982086,0.3212861152642816,0.3611449812589753,0.26486750883078763,0.3125399991613515,0.3597076518051012,0.38263279909208947,0.30209391162359744,0.27828446169729476,0.3031008554822607,0.3774177763342814,0.43606569607908796,0.2486729505414448,0.3068016827758168,0.3122573950709975,0.25561422972147846,0.25203539231841243,0.3099204118438324,0.27047424040057905,0.2676386926013753,0.2778986801933445,0.3340260940271779,0.2992864624562768,0.24159704626191614,0.2873822313148878,0.32977159084728197,0.3081772777283228,0.2889780211278448,0.2780152719218202,0.34451059028076814,0.31800154005732134,0.3569888532285604,0.2763906664782202,0.30877317217758954,0.32184943260214616,0.2922063640831849,0.25324627400851046,0.32629623806467184,0.284427207844826,0.34682008013002347,0.3663253544609309,0.3192774772949344,0.23193700002847603,0.3319529242566753,0.31887986639479604,0.2764605517677071,0.3146672776786576,0.33950368568834094,0.30209467288961994,0.33169753233826943,0.3194320580976741,0.23827834985055207,0.3335847954573155,0.2430334780115593,0.27618232671764237,0.29735435819814543,0.28962067954717075,0.2848572634442776,0.2745711949354031,0.3180417441333251,0.3448954421362044,0.24724545557288471,0.3095825370195577,0.4581688371324783,0.3572818466571353,0.2171476087669825,0.3078500665785341,0.26920477585921393,0.23014683738210812,0.22033091274965505,0.28100564241107123,0.3317834471424069,0.2859101145093411,0.2610325109033371,0.30161748459304716,0.33745086866728696,0.2710424943246403,0.24488757110954612,0.2598362871043779,0.24978897859129656,0.3267099450219486,0.26583736340148034,0.32456300308318575,0.2553659107548335,0.31673999422933463,0.2676313242085991,0.23060726779444699,0.28182051528756696,0.21974554646202926,0.312186122118865,0.22216073807730433,0.31075173165165165,0.23419242620222372,0.2799853545678156,0.31388487012388133,0.31392932472922147,0.3322655166359959,0.2794789876308681,0.2983248372040173,0.38437288845720247,0.3069263005606162,0.27235356941827793,0.3241246781126235,0.24522545133565413,0.24751906202146484,0.3536755393302008,0.2448644232332372,0.30960285169535234,0.34892443315240784,0.2400124837961068,0.2977553944849907,0.2382926123866286,0.2753365249796277,0.3123668639928029,0.2349124144419604,0.3059589494538134,0.2889099216083628,0.2956944294573165,0.3233624746296999,0.27829286911406437,0.27820087922533615,0.43213412121982775,0.2247726841442758,0.2572233527511454,0.3213492874723659,0.24019645456599253,0.21923525330808624,0.2759525357815558,0.2875628628818118,0.2869603770613887,0.23143653196455238,0.28560571324586786,0.3301214782633131,0.3217704340338426,0.27573396487415036,0.21553839904614494,0.34999077094568454,0.25417821825816134,0.3255817015786943,0.21935099932573357,0.27764381779672,0.22146418690368763,0.2908569910690828,0.335029453835777,0.3065472993631065,0.30551415813857036,0.37500702293341337,0.342864031880251,0.23731005464929492,0.26973240374942326,0.2530659559609759,0.24663331966983423,0.23331138400558998,0.3280750263851047
0.30260305818643335,0.34773120742242875,0.32262021432124227,0.0,0.3001069329081618,0.33872852552386085,0.3224598107712159,0.3136824442598213,0.279078414472683,0.28689301854334814,0.3559597615291015,0.32762684217222127,0.30370669514577164,0.2750289437697982,0.34200597319399184,0.28533069255898685,0.3257572771656227,0.2804720576925673,0.2911364220902819,0.2949821260281246,0.3791949693210149,0.3548699656323523,0.277476792178044,0.3148134119239768,0.31256201838537145,0.2743904081494904,0.28143491344121113,0.30399481239883175,0.2622073717252101,0.2320140217405775,0.30252714168375483,0.2856728318571995,0.3917299666604094,0.2837486693192299,0.3094542689168276,0.34839196994009675,0.313221220693815,0.2842986276027524,0.34367382250777606,0.3642227221022417,0.32699725107927513,0.35581171610895784,0.25454431051517706,0.3505997602595541,0.3087606281100443,0.29738347111779856,0.20787409888292893,0.3158050339264378,0.2995936844147025,0.3251878258018176,0.41039811820615346,0.3335186021881603,0.27855585860855775,0.41315347789842166,0.34480061609866813,0.2972158160566761,0.35848131023680774,0.3311186258316929,0.30589259768031457,0.3559541972823502,0.3853240861053256,0.24746651028062855,0.3185391937494954,0.2386342520623598,0.32131053096396417,0.32065410544362694,0.3983924081330874,0.25008670205906225,0.23562562807115653,0.2957195853408405,0.3290588300258306,0.2632792968225771,0.33795015489105135,0.43859852521690684,0.3255422570311034,0.2327724861826081,0.3792456892103274,0.3067526867236656,0.24105717941249727,0.2311551112003417,0.27478731621620045,0.41457403305582446,0.2684145476047869,0.2490961712291584,0.3677157833158877,0.3016289320427379,0.3477729584003468,0.2822947745225784,0.26889385234788193,0.301181546276913,0.3347893303766963,0.3313938479491731,0.3109110867811527,0.2985432119411491,0.3769174051678477,0.27718222882142574,0.25333594842778456,0.3017482943333517,0.25716155781715877,0.32172121738401177,0.2778868438001027,0.32514989993337806,0.3023103431027929,0.24846045773271752,0.31525459576139614,0.2715405438440643,0.3386295205801693,0.2728753813775057,0.2899542641309455,0.35890836824039274,0.3910651165135237,0.320203288677434,0.38929208895867634,0.3051578995843451,0.26907993251580326,0.3065321153425964,0.2719108714072047,0.24915848263851215,0.3399492763469533,0.2832608947923342,0.3134742059161694,0.3010901399475004,0.31148292395585997,0.33372231613070064,0.27709547915302507,0.27705708723018246,0.3299019524020382,0.3126423403383396,0.31019540409110574,0.28663000412194134,0.24499766787269178,0.3667920971909257,0.29239675451333547,0.3537515753430531,0.35887494462545927,0.25144847082251176,0.1990147754219522,0.29965992996432045,0.2968193857210715,0.3117786377226807,0.2863670292968307,0.29767642007080874,0.4244631840011188,0.3658537844741474,0.3070188065801323,0.2407007646196595,0.35063226840749706,0.2502393863248507,0.25689513976297595,0.20876988417193273,0.36428135623372254,0.2585083456415541,0.3294108202702049,0.27267879119874844,0.32304183730794445,0.34808266568255697,0.35320244192721,0.3278251797880465,0.35343267801184647,0.2966895501476824,0.2508369244573291,0.27904929971924625,0.2878169477795765,0.3553653644715004
0.3303293415300005,0.27243360856337867,0.3082011799573798,0.3001069329081618,0.0,0.25861675092055125,0.37376175672844375,0.2630611447843743,0.3060027682749821,0.3146674451117973,0.36524714495384086,0.270370122357928,0.30769787029315976,0.2995186700499121,0.31322168800427524,0.33140480305475367,0.29427333676869755,0.33192701927490215,0.22156415410978392,0.2589698145330086,0.3010518334751324,0.3167984245843868,0.32632810780426114,0.2767146481080654,0.3216951842490598,0.29875991512944294,0.29971856895436466,0.24572897552171746,0.2689447194380019,0.28971463550608795,0.32152101605008704,0.2851689573910055,0.26532781611524303,0.251617015046507,0.37438134997641953,0.30980499073641654,0.34393974814820105,0.30337185149015367,0.27561011305532246,0.31652384268453176,0.2634744661373371,0.415087808113779,0.28937812865864837,0.3795483420147404,0.2709897258282832,0.25787696018078243,0.2621476583244015,0.37919977580409875,0.3563310198831367,0.2816858492355726,0.3097499180492008,0.25023665276277857,0.2169992049529605,0.2629561960724747,0.3245399332641389,0.3110139856185199,0.2571824045230103,0.345889838006376,0.28848664907271343,0.2644834355955398,0.23496314192075082,0.23930613910809018,0.2543164567734428,0.29591334752633597,0.26088725746122204,0.2275592008848209,0.31504080917343535,0.2891932832162027,0.25586630504564123,0.32559181179301394,0.3249601811449494,0.285694363376219,0.2857906826197905,0.3022116419876786,0.2505599310670863,0.23482165377781247,0.3099184166789802,0.4134782147276963,0.22906403183542975,0.24665290983793034,0.2865873308800343,0.29656525513973714,0.3124843898041469,0.2367647495443977,0.2989544557032014,0.274861353731226,0.3319839328312168,0.27224877885062243,0.25170122921558474,0.2852012982250424,0.4435091008815041,0.3321045692597646,0.35274891547332243,0.21925044645176717,0.3312562666696739,0.2822629177721856,0.18925457321813138,0.28458061169993176,0.30261296621224176,0.2536736126540906,0.2747910730026612,0.2878782706590817,0.2882689660805308,0.2508004439928123,0.2855300839402074,0.278208386382329,0.2388326750597523,0.3190346438672965,0.3107706041299504,0.3074540258539493,0.3052862030707233,0.3572659755299246,0.29712778069237755,0.3261544475393968,0.24729116609031382,0.27606272615106614,0.2505257051393235,0.3062895108131426,0.2642294963940871,0.3090855283070062,0.3956468406461064,0.26009474801967614,0.2681316104519866,0.3444887115098269,0.30959050775148655,0.26966474874935464,0.2451532490379388,0.319021533234181,0.26153787955652597,0.2922657603248886,0.28493048333514237,0.28767877249768264,0.2550322537850438,0.2856292501961007,0.2714005075092339,0.28562045067727804,0.22920299543808506,0.34815391533874407,0.31028270858530815,0.3234817335307236,0.24046837639115204,0.34665891530826215,0.3030039277441743,0.3193353722596389,0.3592626170261216,0.2702542340055831,0.312668181214017,0.2604174866671547,0.2843341807451781,0.23479922059244382,0.28786906279275093,0.2528332029619744,0.2729117098772534,0.31221173528038004,0.31938757450648725,0.34812332666281465,0.27491381998992714,0.3581998877314758,0.3058802176384534,0.29465619251135367,0.2506706619571049,0.28770989807026176,0.28426847400560634,0.3942417073084149
0.32125116989013636,0.502875585669362,0.37255562361159816,0.33872852552386085,0.25861675092055125,0.0,0.257706067567194,0.37807630542272436,0.3061968700498482,0.3037334219587012,0.31686716120654845,0.3513665279680197,0.3526810034372573,0.25739162682174177,0.3721032347849008,0.325380446498799,0.34397243275139905,0.26097501000897033,0.32204588692054914,0.33870360677289096,0.34652013671053256,0.3700893467355535,0.21551707679413445,0.2810130084345225,0.30353688931322864,0.22493051209674372,0.23193394534636516,0.2980141130900028,0.29212446273563875,0.26142996451458866,0.34283289767085834,0.37127306552090156,0.43489218217106074,0.24341729423960187,0.28596261607642115,0.3100813619243253,0.27937323893594795,0.28831692927865427,0.3213101955866342,0.2888557366571097,0.36986736895397704,0.3190623658471204,0.26623818381041764,0.3234755955865218,0.29850047213351777,0.29140819176490296,0.24950699068753146,0.2840109978037894,0.24262016528251637,0.3615391856201815,0.3657160435795978,0.3600517846917607,0.29327940220261595,0.36190681933635394,0.30663879451128334,0.32793220573560133,0.36152008874198177,0.3647674252927202,0.27482736028866167,0.348968806232306,0.4133285409211045,0.2789922742892716,0.35330289571425644,0.21641356236813997,0.2948811319675731,0.2963776757380173,0.28685386485647674,0.2809007707845979,0.22917776629690237,0.29968080521057167,0.3558564009327125,0.2518227665782487,0.2772737254509673,0.36121671368018976,0.43004830439034364,0.24247133237425197,0.2937538848250504,0.2700178391698875,0.2538725461087024,0.28097175467782093,0.34200727601519765,0.3373379092402696,0.3279486831241172,0.29492369132147206,0.30128184645968104,0.34295293214490064,0.29415750338622343,0.2617390273039555,0.30004954157759733,0.29317262285382545,0.28519531322148134,0.3208848097736683,0.36149703683150575,0.3051414970945068,0.30229754514684465,0.31507198324444574,0.3043229843061268,0.29656273626539315,0.22697630615647277,0.32807181917726386,0.25878649982201374,0.27568602253116375,0.22588241559219593,0.2587629001602636,0.34301033603567843,0.3244752141006293,0.3591723537305513,0.27716998482932903,0.2912189319193508,0.34224718863322173,0.29586902054893127,0.2558152113665962,0.3583032151523291,0.2732108171600966,0.2848857433625052,0.3725251768548502,0.3037908267625026,0.2395114467160015,0.3278506144868522,0.25319271693294537,0.29215886809390895,0.2851283726855583,0.28344210452540014,0.375702439912235,0.28713329545401806,0.34124350288779176,0.3205897393215858,0.296971222102823,0.3108836438115095,0.2682017339402956,0.30802670374591323,0.4592724226022705,0.2598318867506331,0.32197262588062703,0.30940913962412403,0.27905204466134376,0.25278351961746537,0.2622986608577599,0.24947541093032485,0.2953825034479971,0.2855756748331063,0.30370824967518495,0.34802529444477015,0.31905557901441584,0.2843058476073241,0.21320079749579904,0.40014120858752633,0.308001547186844,0.2927615564611527,0.22288627329293506,0.298858898612863,0.28884693748891327,0.26126669963763977,0.27628799221028305,0.3239971405347398,0.3181781207450838,0.34794736176401353,0.35766149508735173,0.27223253769146805,0.285232376651869,0.24669184181246226,0.3030594490645849,0.24664234564811147,0.30403648879437456
0.2946880320079679,0.28252578840505244,0.2600295033383311,0.3224598107712159,0.37376175672844375,0.257706067567194,0.0,0.2484336387681954,0.27912580916895613,0.3069612145530221,0.30534757172176313,0.28077063723241713,0.3083496942707211,0.3143624383387879,0.3444684881143705,0.27357684678192484,0.2533967385969972,0.28628898877213727,0.23112233304264984,0.2327523550473923,0.27128804669855633,0.2964022359786876,0.35205031479148385,0.28572949158457567,0.32572918047030164,0.29267130086807686,0.27756319116370126,0.23654159942441907,0.2794054414177061,0.26360526726427036,0.3161374850236408,0.3121315420508841,0.30504764341626084,0.2755331211935975,0.30565720967967297,0.29218484209482004,0.3517124125859222,0.25856502728988534,0.27645517096608985,0.34589816744759105,0.272557481470805,0.33299830232145927,0.2790685415197219,0.3535079267533237,0.2950006492492399,0.2644144767786946,0.281060884145641,0.3255936147573841,0.41415308763654124,0.2593239865935038,0.3343976069563307,0.23730126218657108,0.21723963176063885,0.2833615377812543,0.35359249026846007,0.3307689236146598,0.24859786527540764,0.2869093893067592,0.3347388620277841,0.26191093062131876,0.2407584317293321,0.2614727934942364,0.2272790587151251,0.28269512515460904,0.25164530688973974,0.22601619912385917,0.3789038691618662,0.3368709131133465,0.2503979520739729,0.2767891261090242,0.3253832808941589,0.26417233714430444,0.27927918639627475,0.32031694441703207,0.21542095820279564,0.2518071135988896,0.3863641453207709,0.35348291786611324,0.22281417104325005,0.24879802601890005,0.2764849519268141,0.2980297130852263,0.3117564943543751,0.2162494457293793,0.2755337721329479,0.26028193903217955,0.30381667268585844,0.3066677740259296,0.25963194864508615,0.2964829308163352,0.36169156973303057,0.4075048887571301,0.32098193470745057,0.23241243958271304,0.3284961180871798,0.32340347414376486,0.1954195401132472,0.3045947972891256,0.28625646498804797,0.295780938782294,0.29722712614744357,0.30624943661866066,0.3358266777986716,0.2588206410270692,0.2550148239276862,0.26692005256478957,0.23560671426701899,0.28337952808511785,0.3266818683796592,0.31570235635340976,0.3422346737384918,0.30288793909932754,0.31981782777612533,0.26449078036768997,0.2392592172402286,0.25287097829851174,0.25364753693017217,0.303512011131948,0.27866372614343904,0.2648322004828174,0.30635673855090895,0.262597556238982,0.25557850412275707,0.3598626079269452,0.29325239169087125,0.2927739303371403,0.2662214935205728,0.3280925591894571,0.25285366755407623,0.28572687544470615,0.24699642035941186,0.2423618414811133,0.25271977117626515,0.257834902751766,0.25176428223159036,0.2823555652844028,0.22834744597999432,0.32584770972572513,0.290060481361786,0.32223310480990314,0.2716031290749004,0.30937857545283504,0.32261365168616546,0.2967206533525606,0.3246090002012807,0.3028795547247759,0.2970054111961871,0.2805459422540771,0.2648011894144711,0.19964808699819775,0.2883437015117367,0.2721907229453806,0.24298298101223262,0.3756947924733717,0.3271897167866984,0.35239429506373166,0.2946518932842932,0.3554269838330842,0.3557058270960609,0.33407698358224835,0.25564391405364334,0.27628731759597347,0.3019125509879567,0.31246336482319326
0.35200593435746286,0.39647432268473726,0.35158936612927727,0.3136824442598213,0.2630611447843743,0.37807630542272436,0.2484336387681954,0.0,0.34883665918542056,0.3268568652719675,0.34684084051755537,0.34222925731562565,0.3878674355642264,0.26844880633133844,0.33761962014362457,0.3620393347039231,0.35286373730074433,0.2982069539653016,0.3076918470274105,0.34880489484249166,0.3433812140767221,0.3048824887389804,0.2563638890409003,0.2878815637237084,0.3535041781545921,0.2555002868836504,0.286241185211611,0.3314226765869429,0.26966162980193864,0.2927908465218302,0.41034009732922405,0.34940946129223427,0.35678226771572846,0.2684212808719702,0.33649367685406406,0.36439088117957696,0.33266719845323517,0.36641894040662865,0.3023263524069386,0.3505977029673533,0.36778045450649993,0.3152026558852265,0.2923518976150565,0.33078773214767004,0.4017085321176329,0.32914209193945293,0.2540184908129134,0.3154954345990667,0.2945098525859881,0.33572072339313935,0.33620009390935424,0.30019624856064436,0.2513392194909597,0.295535551882896,0.313834160407176,0.3212114558362017,0.3397660083934958,0.43232598215562623,0.31439081774347155,0.3437202418699958,0.40892067453894754,0.24726665388020078,0.3311095780905221,0.2526887463459659,0.2566491569931097,0.2902557421553111,0.3172452496431088,0.2642602706519133,0.27088085808320433,0.44170355928055155,0.33862130665581125,0.2911310675383629,0.3009121297189198,0.372359852502586,0.4195795176381783,0.25432726496331903,0.312320422787197,0.26789200265917695,0.31619622202697606,0.24952844315777017,0.31409561307026623,0.30804264741450627,0.3349316013576567,0.34626891098193674,0.36869631662222097,0.4786385045430911,0.39866076707352127,0.2766825741640175,0.33285380336346987,0.32331208312455634,0.30320852438485624,0.30414604599532935,0.3377476576099229,0.2891152607104533,0.3297846121132978,0.3043636156521574,0.26931840605750745,0.33157287331863083,0.2294198426175137,0.35756103210691526,0.2701719184067868,0.3602544876513334,0.25700924365064653,0.3082868348121527,0.37884561401021544,0.3377784624398827,0.3381373110363269,0.34259097019154044,0.3192472394222478,0.33973651563157276,0.2782232185003145,0.3053891787754137,0.3675059758561397,0.302890639505629,0.3054872453529297,0.38833525443386263,0.33108296708833623,0.2667006791009875,0.29081835571095105,0.2564344201050688,0.3144815050075556,0.3471796944663364,0.30147098194168725,0.3539742075262818,0.2909486286339463,0.3346778372303163,0.27274956536896766,0.34706461440925673,0.34649466065679896,0.2901756008440502,0.3561228328244904,0.3771079275954728,0.30796149139940454,0.2874058504095394,0.33406300761834923,0.258557901430641,0.2727022300064099,0.3041048828110083,0.30692367951284083,0.3617011470252891,0.27876029142864917,0.28578075053576507,0.33313719071183334,0.3108929330024322,0.3257617009601565,0.24295703133476318,0.36816343671794804,0.2894075431127877,0.35322331237119947,0.24098144362229018,0.39666586620226035,0.2860254499379586,0.2805583617591159,0.3032401733489547,0.39038362817511163,0.3843193947845296,0.36076410910857243,0.3908490500117177,0.2784876848016531,0.28002695524313764,0.25656239596993213,0.3386954294959447,0.270825010348842,0.3387738122766714
0.3605048245861546,0.316464837597169,0.2748970143476501,0.279078414472683,0.3060027682749821,0.3061968700498482,0.27912580916895613,0.34883665918542056,0.0,0.2769437010781472,0.2931280370106065,0.27662823696029554,0.3045998606328414,0.3236584475357065,0.31451685581305105,0.31152873769733397,0.2763010407675012,0.31191427373139363,0.24458514941275827,0.2962252638699371,0.2714676073460456,0.3466852941462648,0.24347670096177285,0.24548884098652807,0.30342880444341036,0.2403702641759189,0.28626529758621966,0.2687140551451609,0.26710042866892314,0.34965444040923166,0.3931746699896003,0.29746790047083205,0.3129079635148975,0.22200746434862756,0.34696395130900176,0.288252637683967,0.2957605476372619,0.3832979180497648,0.2824802770957585,0.286381764847857,0.2812116100198196,0.33941551196837405,0.25610276360552037,0.3214683614029752,0.29360032205621633,0.27501255916980377,0.23756380526004514,0.2778328755242502,0.27468788414205025,0.2873005009645174,0.29064831249755396,0.249797394091317,0.2647860965511729,0.26381641918036314,0.2883262668103085,0.39110835967405355,0.2931279020029722,0.34123199507007684,0.26981816042507495,0.27067813153013154,0.27880505160497115,0.28553082743564845,0.2602725457796409,0.25694420751809305,0.26985142223033093,0.24688201419193917,0.3307132402111731,0.29317951114852003,0.2499514476710578,0.35453084767085014,0.36612421911882626,0.28635024485031496,0.30385931571465535,0.28046161693418026,0.31798369298209167,0.25247352544605134,0.2602478178510192,0.2610511114799463,0.2803847541082928,0.27032168597326955,0.3055719275206696,0.3727190792863423,0.38445524187006475,0.27921304861079954,0.3296101124613829,0.37076096448733636,0.33267644121771794,0.30182032483283955,0.2836868452238818,0.4182815021249512,0.3541579726818254,0.37445847212995187,0.32144872711219646,0.2536344104307704,0.38774514401535437,0.33276175420902276,0.25821502219751924,0.28837780048888945,0.29684513858921313,0.27102129213964765,0.31494932346003457,0.2720930835246392,0.26777886670594314,0.26447679896568876,0.3450072788487315,0.28790274365745033,0.24229530396746501,0.30258144228352307,0.2762371317970834,0.2619370814061555,0.23161499243286526,0.3355283362768348,0.3436847365927439,0.36811021597200794,0.2780831041139897,0.3187612289330446,0.2844460182362217,0.2627411605974179,0.22804267993104763,0.3104007516683187,0.3526384175304028,0.33170564607402575,0.2769356144118224,0.3508752260375406,0.44230882324306836,0.28360411497229293,0.2871842541949825,0.2956596603337635,0.25583052050800814,0.29142790349588404,0.41004960845461325,0.3296417395774124,0.32079473833434763,0.3629429092550658,0.2706203651105544,0.29722162375397265,0.2542838815127202,0.2948646241104842,0.28265850186114583,0.3713920683730141,0.28183779673271003,0.31115979580690534,0.346179767679924,0.3521834195022068,0.30511520081745575,0.24934707032475506,0.4180971115991568,0.28758861908159916,0.29594539309045936,0.2412421127917309,0.3509983146627449,0.29684769785755677,0.26236818991639344,0.2933317853561677,0.3242540405451109,0.39859735315963923,0.30696063173945076,0.34420692809127584,0.344505681611949,0.29752762384491244,0.2298378228334536,0.3596539727090228,0.33985770050913233,0.35577347812605825
0.33007924804196603,0.35760381003316005,0.3571249462804161,0.28689301854334814,0.3146674451117973,0.3037334219587012,0.3069612145530221,0.3268568652719675,0.2769437010781472,0.0,0.28416086925345724,0.26158250058325383,0.3549632292412634,0.3247931331560608,0.3116557436203519,0.31868272963529465,0.2983883161873811,0.34315724144055193,0.24862520001377983,0.26606826266038447,0.27570803649973763,0.2900954703112011,0.3286969869855171,0.2499727959308533,0.41865338377457356,0.2592614738666254,0.29950479870301283,0.2674009547348369,0.39611258578193853,0.2941465533792639,0.3491872618467176,0.3434278922491864,0.2766700811080414,0.23254910035098855,0.3233933353001746,0.2916241036012457,0.3791537525761228,0.3111286126097443,0.23318960262058608,0.3203120169572771,0.26646529469665775,0.31374525630670896,0.3077363077212365,0.3029450348494678,0.30056763914031753,0.28249707144585573,0.29199020281776245,0.32341200560867567,0.36435611596744916,0.26687277964155837,0.3127823130160705,0.2482696013375476,0.2243420410980145,0.2765665407939153,0.34192324925719375,0.35234463384821274,0.26664144022621994,0.27942817294580113,0.3273278583279157,0.2895351722290328,0.29151013265813,0.2618743251429891,0.24788342232866525,0.25595623675063234,0.253044501641808,0.2478000007503939,0.28494886198100294,0.3281722394928482,0.3075360891346567,0.37310331526149637,0.30896395844662633,0.347038065146725,0.24553914109291042,0.3217221249999389,0.27168181268014574,0.29589419505271414,0.26887576312060607,0.35414410001316243,0.24392361135728635,0.28683443303929196,0.3094597444421233,0.2743674824280955,0.36921409662394605,0.2972173375464973,0.28858386039294953,0.3028411180820055,0.3230732447287298,0.33342220444734194,0.3423505911181774,0.2556823858564057,0.31115298503765343,0.3011679512447509,0.35992626959498375,0.2332999024458644,0.31033887945953526,0.3504778667917651,0.19935830047568093,0.2939034348291544,0.2735241821725338,0.3022005222541357,0.2982906026562581,0.30161755993647504,0.27578314706431417,0.363521702288954,0.2942298314132,0.2930773671647754,0.27091408264940675,0.33497830034178544,0.32423918049885914,0.3131950061223801,0.25330356643911855,0.2768214847518735,0.31907126177331696,0.3076584768702892,0.26370235536679426,0.2926029880897004,0.2891225053590272,0.3725443472935711,0.27591191460297676,0.2963535773773112,0.2821144360431896,0.29639385590254086,0.25213216432333097,0.34702252497696384,0.28563078045210205,0.3848222047874553,0.252715255699223,0.29317470700675846,0.312138968582106,0.3488490941532965,0.36110226872989803,0.2821266428021419,0.2901335724091564,0.22735046035444167,0.25269595828133307,0.2645254969630001,0.274101579516976,0.3413545341945856,0.3114948493468628,0.33559170115267506,0.3052804641854087,0.33991432954974543,0.31262496435798304,0.2672262735915327,0.3274195103061178,0.26644722509381086,0.2602699499308007,0.33547471337524043,0.4308748401514301,0.21638539636894108,0.2638922985923779,0.3224474060355975,0.2322458189639121,0.3419853489422348,0.3115141372886447,0.3381606026339936,0.2815311364832492,0.36732494941691674,0.3236071529552185,0.33950944969790187,0.3467928303422854,0.36470769565103434,0.3023463100566867,0.27177159268956264
0.3388576920799891,0.3173685429323183,0.35765773316982086,0.3559597615291015,0.36524714495384086,0.31686716120654845,0.30534757172176313,0.34684084051755537,0.2931280370106065,0.28416086925345724,0.0,0.3968766705485456,0.34167025227493764,0.2575905837447784,0.32844453020125236,0.3958498877604122,0.3582586596555411,0.3075640754592579,0.2938488197432618,0.3008224827433877,0.35652418183179696,0.36149816101492166,0.30328051059309197,0.3207664037863195,0.35506777474109624,0.2981947338008485,0.3308571950533205,0.32636461221872176,0.29061967257967214,0.3024088246692952,0.31499016915288375,0.32981310205616393,0.31180629879402716,0.2837530683571234,0.32151716722751933,0.37827926175626964,0.35201098273646264,0.32708034343771847,0.361333540660593,0.3561979113538818,0.31709492599998157,0.37660837255241697,0.28458978135605395,0.37800918944504547,0.32103387899060176,0.2916430938887772,0.21921214623578492,0.4136386576535401,0.3371826279580144,0.30144761963768313,0.35221643780783607,0.27349315903375354,0.22831403821271468,0.3278726703385696,0.3943345324028281,0.2645165352955047,0.33517599768114315,0.47767125897089785,0.30101261140975355,0.3147193010350966,0.30969977731063014,0.2186204996778469,0.3130023227598402,0.27161154703992596,0.238065930084564,0.26181297384784835,0.33375083635299396,0.24792707171936962,0.2718280437321924,0.3364754513475092,0.31902693042127345,0.25613609337303805,0.32024520007772556,0.37087723268077194,0.3418692969622152,0.2347131885171492,0.38370924282385904,0.321072406632448,0.24829142248286154,0.23207627053513227,0.276662615142882,0.28821361773694276,0.28393350691216473,0.2683420162983024,0.33429811182783115,0.32361119752057,0.3469136516416557,0.2545252372860651,0.2663632384324623,0.29640202461471415,0.40127877659513805,0.27547743801396435,0.37723723012527266,0.27392834098230784,0.31916083366744186,0.28943703932944626,0.2173434876650111,0.27870942286669736,0.24250180855920975,0.28509846536527456,0.27463512667658563,0.34341662022280645,0.2759841792022815,0.25818073962131666,0.3189365022283769,0.2755714332652529,0.2857041259071763,0.3195449110122315,0.28875215068742005,0.37752376943949967,0.3874038840804549,0.33406101146318723,0.31502682389765924,0.3192759277250601,0.2767976466408686,0.32949781305075565,0.2743769434160508,0.314334560828403,0.31175886863433083,0.27168437888827685,0.3609876290914984,0.2598503703220932,0.2924413254164926,0.3513017167228508,0.26588421136710166,0.32407040805640674,0.24081217861532797,0.3496728439209907,0.321581242466455,0.26687527989523635,0.2658520611362567,0.350727693427924,0.2826694299369663,0.3058148520443973,0.370116639963724,0.2522744135558326,0.23686162658339885,0.2947359609031328,0.32809025510994966,0.3365498437516889,0.2566849004761616,0.309298220320441,0.28627689109577054,0.3354299274522843,0.390365051552261,0.24269629989699495,0.3240271222364831,0.256602925312598,0.2943399780946244,0.2652040633728489,0.4008538217090234,0.25051794076537187,0.37546762833694625,0.2937519420854274,0.35189278574301175,0.34159885603299883,0.3564262885544167,0.35526747864456976,0.285008218258465,0.27931794123535725,0.2328268762575019,0.2844352401249511,0.2539666987436998,0.4643880454040978
0.29083948038000534,0.3535657502734013,0.3212861152642816,0.32762684217222127,0.270370122357928,0.3513665279680197,0.28077063723241713,0.34222925731562565,0.27662823696029554,0.26158250058325383,0.3968766705485456,0.0,0.2773454286143305,0.20416805367341295,0.284831657759149,0.31552603799949425,0.31623934851216545,0.24168173446238086,0.3463780300967996,0.3067788939441356,0.36790894703029514,0.3100892406412365,0.26926796104161027,0.34423752337966945,0.34545931812462227,0.26326800398667644,0.2680800602611317,0.2869317468234665,0.26167341079933865,0.28061196295958857,0.31691739298108296,0.285489666072211,0.3021604121325266,0.30212471998163004,0.27924937166977315,0.318354592223966,0.30024289938518584,0.28863705484484364,0.39733538794224316,0.3100910089445548,0.3504905146325335,0.31718864928337887,0.25405410511968374,0.33276495112397475,0.3052275254151248,0.27793721996523174,0.23296950488941848,0.3374352557452839,0.2894210173869666,0.2963992657494818,0.3219355122403372,0.303323507855038,0.21971910516236176,0.32256546409523384,0.3391980178474575,0.26436899392421687,0.34249451967453626,0.41127668315457283,0.23934361060746742,0.29858646499319985,0.28497072318802524,0.20077601186634297,0.292286911445107,0.23778950044038283,0.23277308600042904,0.2662319751928386,0.2782037200684372,0.2190212329262704,0.21062133702027827,0.27070309760285205,0.26888754006756943,0.223216508878121,0.2732954800301609,0.3189844981032427,0.315311100154861,0.2178354355760266,0.3000959163532214,0.2851936106216328,0.24574790566803487,0.22291063774114722,0.25636148946001047,0.2874390707006041,0.279038335282527,0.24352031977943533,0.3129163260434232,0.33969039246338545,0.28688585963400626,0.22316771693241189,0.2654689115339498,0.3141990137337895,0.2922353862208319,0.27836470126113616,0.29490060599070833,0.2839457857497876,0.261419415938144,0.31437901538468854,0.22138778754063473,0.30731084429898337,0.21315194838621646,0.2741277314131468,0.24017809242937307,0.28127092419283656,0.2678318411416797,0.29588779099946017,0.26398056792722335,0.2709190190981505,0.3067772458733781,0.2915931497258894,0.2657650371981579,0.4230749939941183,0.4220098843549261,0.31252147624592036,0.2723536460567847,0.27707890231538684,0.25191042235431,0.33358265714264873,0.26998636157235884,0.28743303244475,0.3284557401427065,0.22540924297633227,0.2816017176754583,0.24695697046564954,0.2847033536739637,0.30967889279667765,0.23697986232069013,0.337255895417275,0.237188746257405,0.31756051950394476,0.3218092311119414,0.23030856187222276,0.2533605157790402,0.31148095264248027,0.24442853849245041,0.3206330453802081,0.35235792810594246,0.21901281787318466,0.26236297893110205,0.27130973874554515,0.2765833546755779,0.3123871387269513,0.2245107510493208,0.2547571807294173,0.29514665252833683,0.29801511538891606,0.3279859612395093,0.25800057756687034,0.3925178743572215,0.24069539453449063,0.3040554909792291,0.2470455700084096,0.3619287227080556,0.2404784265971046,0.3082925371211314,0.27277850138065546,0.40066722829561796,0.2891333464975411,0.3394146441531145,0.34276230624040865,0.2466762726474658,0.24288899703749456,0.1981388128839777,0.2633128445022181,0.23954467504632843,0.3611727782044618
