0,1,2,3,4,5,6,7,8,9,10,11,12,13,14,15,16,17,18,19,20,21,22,23,24,25,26,27,28,29,30,31,32,33,34,35,36,37,38,39,40,41,42,43,44,45,46,47,48,49,50,51,52,53,54,55,56,57,58,59,60,61,62,63,64,65,66,67,68,69,70,71,72,73,74,75,76,77,78,79,80,81,82,83,84,85,86,87,88,89,90,91,92,93,94,95,96,97,98,99,100,101,102,103,104,105,106,107,108,109,110,111,112,113,114,115,116,117,118,119,120,121,122,123,124,125,126,127,128,129,130,131,132,133,134,135,136,137,138,139,140,141,142,143,144,145,146,147,148,149,150,151,152,153,154,155,156,157,158,159,160,161,162,163
0.0,0.6068789872730244,0.4726640899346602,0.5140981897280981,0.3907340636900256,0.600950875631497,0.5512299446937613,0.5539277848368578,0.5278056134829614,0.5245660326118791,0.549023410102611,0.4923746254118008,0.7314092916504044,0.5295702056581035,0.5878472198178518,0.5421155437912918,0.554294002471116,0.6368891697533465,0.5414099704996761,0.7077094173172789,0.5368319230859231,0.58799738306368,0.49672856478284017,0.5785932671564495,0.6655667345156041,0.5058268026246512,0.4908187966388376,0.5857748298148702,0.4753077553705753,0.4254656963933867,0.6172584924766182,0.6070333717308405,0.5456455528188772,0.6142701498020442,0.6191045924895268,0.43968341421212387,0.7051688861580493,0.512674094647059,0.505542653190933,0.6162147547836452,0.459233915475972,0.5911026773773311,0.5069650692782599,0.5198849788835037,0.6419940310258563,0.579312281416433,0.4407057390173193,0.46524248941698093,0.6077172139928931,0.46695595165861753,0.4979711968064764,0.530340707215719,0.45434248727773796,0.5141403165288733,0.45020302781479615,0.5236372433690749,0.5555382753520395,0.5037282916475014,0.5005428885714298,0.5096509602856342,0.5768933762192229,0.43447566948129607,0.4669448300193546,0.42606448910849026,0.4928135936944321,0.5267222703367732,0.6659835828808603,0.5934646312139823,0.5000295476447111,0.6704617586677032,0.6264836142272349,0.4811871084378001,0.4883340996965343,0.5916910833553534,0.5809548675223417,0.6392067943264743,0.5099688372336498,0.4734081279776232,0.5311335138444353,0.45017050757807486,0.5215811908615655,0.5792273835877277,0.4947534249757613,0.5346737772297957,0.47128112648511095,0.6241642864264271,0.6358476821274517,0.47834973700503064,0.5952028560157671,0.4922581138698586,0.48855541423599985,0.5337756195321209,0.4476316569276184,0.5490754885044901,0.4823611445958263,0.5677047487157689,0.4547697317531104,0.5733167960440273,0.4405627837669288,0.6375580345535374,0.5166647009920327,0.4996677437439272,0.43498193091531073,0.4768382368849955,0.4671297852862248,0.5552847261244908,0.4652598722873954,0.6471138769335919,0.5292884490421608,0.5611069874146454,0.5690398524517501,0.4493865113696923,0.5723492417733547,0.5004614306789502,0.510380016749291,0.6046099993874368,0.6160832518993482,0.5032675617332428,0.46950303217806255,0.5304147740416382,0.47899642180820035,0.45291142204114665,0.5987273547700401,0.6139101556085297,0.49759340943267805,0.5552135691819655,0.45618989354079176,0.5045847036731071,0.5030792352099887,0.5277501991429719,0.48295964299192795,0.5079405482574338,0.531873508250844,0.5710935621715548,0.5720023465668651,0.4846037483398574,0.5511630971513889,0.5804683685768511,0.576616758806877,0.5126342011048459,0.5031483448404128,0.5444468055178743,0.5729828481588706,0.42181456055239425,0.5719113058050567,0.6099010240235253,0.49983343722934603,0.5331932068129263,0.5723306789468111,0.42981072606691584,0.6144393008085319,0.488140037846089,0.5138710392984308,0.418346124695175,0.5890854343754414,0.7611482421339416,0.5625468094014787,0.5469441952669278,0.5166340725497669,0.4743555489842216,0.518053416775246,0.6050592865297586,0.4671845321595857,0.6698968646923975
0.6068789872730244,0.0,0.5377744118754378,0.47474674293874036,0.39165752224821554,0.599898734051138,0.5617114465729613,0.6625165935605961,0.5791297925007852,0.732769268072365,0.4861064080854433,0.6006521778549386,0.6094489225084956,0.4666771027999104,0.6326942386672463,0.5224259812224412,0.5086385865236485,0.5596328175686418,0.529691266119066,0.5946850365806334,0.5085072189365724,0.666909217416767,0.5185669542731263,0.5725208953053776,0.7513045847204362,0.4455923478117429,0.5311131412149271,0.5145134196199084,0.49229261349366926,0.4644651347368357,0.6962107612534097,0.5616890760627813,0.5483493286497685,0.5684227144726637,0.5284789786024224,0.43549081458419897,0.5842380974525816,0.47116071737352944,0.4980018859194022,0.5530968931715989,0.45461151565004754,0.6670250545240358,0.47160670610226874,0.4598971962148174,0.7002389314526206,0.5520393569907405,0.4795486621420617,0.4189203971859683,0.5499034403650015,0.439719060395494,0.4512705452925062,0.47504725060083536,0.41970387994819963,0.4886822119850377,0.42709317388975576,0.5835053299198518,0.4765622575486062,0.5289377094712854,0.4625349814087274,0.4847545290950076,0.4982025768961919,0.4044235029569489,0.417988928551162,0.412235491705099,0.43523560696695457,0.4420411417425911,0.5345061892532904,0.5547197496349107,0.4851291049611671,0.6398189295416635,0.5319829712256321,0.4281609547647974,0.4144219695177742,0.5322166273919398,0.5431354739887433,0.5080916520569253,0.45511510165507996,0.47438034885854524,0.47915234571802556,0.378549757374183,0.4627077790341624,0.5419827647044622,0.55369813972334,0.4681930162876823,0.41867235117303797,0.6754141579267955,0.5184063646647165,0.4393952008228682,0.5775304792264656,0.5422296562197991,0.45943809879800873,0.5652364180856625,0.43010263101476937,0.44293192659844294,0.42726347764993355,0.7175827736160286,0.4229227652685992,0.6499050801204157,0.4028852024169055,0.5733967655776449,0.44355046803648246,0.47316896736662917,0.40838054330243667,0.5845300022676666,0.42575928599461127,0.5511757833449019,0.43957013996264444,0.7942379455133282,0.5245787906450771,0.5639869198220114,0.5064848915193524,0.4095848108220025,0.46025395776376227,0.47067241555748635,0.4424372969176181,0.5986504097333917,0.5383784059375711,0.5119728841453388,0.4342312642519957,0.48984875996935195,0.42968809026706895,0.43104132191940536,0.4764406337978177,0.5526129516622432,0.41664746359906185,0.5822985771499676,0.4256574529803669,0.5675549632479326,0.5010126398805864,0.4895665259789815,0.5862570759377665,0.47436981418744706,0.4274261999077958,0.48342043146594593,0.5157889363192051,0.420274039626549,0.596303248314448,0.5284305747246736,0.6067420886905637,0.5108536714574997,0.45919618988166827,0.4952837762319155,0.5512875016056431,0.4078998291601744,0.5048768864646113,0.6178098750161509,0.5638862932881278,0.5436180682378732,0.746486548977241,0.42097698479326523,0.49431577096839246,0.45487110265597636,0.49778691973732575,0.505934350633058,0.6457368388448177,0.6358906963465056,0.4797769088555375,0.5763230572811674,0.43637526653162834,0.4015798667203665,0.4868910936315834,0.48806859386906953,0.44766090519568924,0.5195211398118715
0.4726640899346602,0.5377744118754378,0.0,0.43108691482336586,0.49799456010171117,0.5855541165527028,0.4919823362333196,0.484028890769372,0.4209931119274741,0.520577512268834,0.5004882930032346,0.5443027592475989,0.5175937973812066,0.40933621621675675,0.5444190303825944,0.6136882546028832,0.5321150019818036,0.46626209413608316,0.45775660808420005,0.456725813003867,0.5759488081938849,0.6853503549650086,0.4216302120880397,0.5576316342680829,0.499594503030487,0.5062398119039582,0.4108938218470062,0.4102526901760369,0.513599370541761,0.44697149201845343,0.476557221789012,0.5117631995102075,0.507748499736421,0.4384643095654306,0.42762417744640896,0.4340671789495148,0.5072907281152129,0.4535465898702776,0.5137412504865648,0.512193655024822,0.4809286163073522,0.534523370849365,0.5081758813197745,0.49971697659395603,0.4942935286176132,0.49332789227017054,0.5518373502831043,0.4692849303201989,0.4629022669735289,0.44830775505370707,0.46593869151934286,0.5263633344352041,0.39940767594883286,0.5020367429471736,0.432246491276343,0.45286278484701936,0.45310797210704473,0.601229021816496,0.4074510592654564,0.4417737946100507,0.43600809567659404,0.41851228362360654,0.4623291815962201,0.3925953368172438,0.41300317330829645,0.41618126819641676,0.4332828441173772,0.5814858974190568,0.4590101274743888,0.4921616994760273,0.5373669849814918,0.38871921667505693,0.3771286698837667,0.5206373284426665,0.4917450060625038,0.40852783822838024,0.4711188870346468,0.5836925530110011,0.4520197516664846,0.4039484062107603,0.49781292406253885,0.4653747813767003,0.5359670216384833,0.4397216334473432,0.40349393850148285,0.5222623556997447,0.4357560571986346,0.3946965750106382,0.4350906208283729,0.418977285183166,0.4905830345491128,0.4426133688897354,0.4535033772073023,0.40027148982495897,0.40406250673741034,0.5689562414738448,0.4029784120047841,0.48145270339186846,0.38221526139211975,0.44503465706126577,0.3962454398416779,0.4616354270055746,0.3825748026762712,0.4846559942257116,0.39719725100841274,0.5849383712331885,0.4508519983119489,0.5139183118774843,0.5201633578662993,0.5146466487909123,0.49190284549195623,0.4027534154066214,0.41337540309634385,0.41395522225952897,0.4259711571118243,0.5295619877974811,0.43898273631034757,0.4829298788346866,0.4700738250540846,0.4204950248533605,0.4789641392919018,0.4133070126952573,0.4292995701526694,0.548375423631292,0.37301203448246056,0.583292229624923,0.4136857641465602,0.5872876079762374,0.4923890635803104,0.47230249622047865,0.43672690057936275,0.5639321746506986,0.374600046777695,0.4304556059734422,0.4663471490673372,0.43368537085121034,0.517107783693945,0.49338229833335523,0.4828447380738538,0.46864150208109523,0.40445412557661664,0.4970205571024038,0.45064624599517983,0.3979724225546444,0.506458938270927,0.48482659811399503,0.5815149260890117,0.5682639080509119,0.5459707898435991,0.4360187240202659,0.4129767872825083,0.41704760627851684,0.4651204678352597,0.5049172189698133,0.5704224637684554,0.47893997147219786,0.40769185910617495,0.5891465335503662,0.3764354638023416,0.39199089946660476,0.4634227263867106,0.4115698168902377,0.41343704563335526,0.4949411342726565
0.5140981897280981,0.47474674293874036,0.43108691482336586,0.0,0.39145704063154313,0.45356436824741797,0.5155860890160852,0.4887944646244549,0.4160780171607778,0.4642258184036569,0.5138256535959248,0.44034732657242637,0.482393703842481,0.6013727093538707,0.5399079938179,0.49172665100236157,0.5902532048035298,0.6275702962057628,0.6193012429182891,0.5255065843434636,0.5662887314434032,0.477077187999966,0.4994094512696021,0.43571937325591464,0.5068907555069103,0.5235150553305045,0.4914325408963815,0.5792878331253042,0.5045816686385685,0.3697364119478075,0.5207018669174364,0.571688404493452,0.685373606494781,0.5666188023709188,0.6070195253135549,0.6214737148157864,0.4651573482708732,0.6423759613240347,0.5796452510350479,0.6061356924576299,0.6157714128265945,0.4411417348344404,0.588918120091195,0.541781050986122,0.5354645317797682,0.5712026388417516,0.39542442556639373,0.42485210653998134,0.5888973558935309,0.6014321679223771,0.6285426779161702,0.5483573065878318,0.6027552160858484,0.654698337030768,0.5861989600082281,0.3857539847601741,0.6352776934913719,0.5230783468571555,0.6294404073489983,0.6263087893197606,0.5456538521454081,0.5556540615023632,0.5562514043616957,0.5424793876683714,0.6082797851799903,0.5870238741606685,0.5473000677860309,0.43507628293209455,0.6222121310017918,0.5757520149428381,0.5332993204285488,0.6023667541238427,0.5411039615580832,0.6302267541286422,0.6444539649756377,0.5492926811186417,0.5458793347184805,0.4571006042321484,0.6640811068682684,0.41131245277962697,0.5188663847238886,0.6081980949493881,0.38581280907883564,0.5598766332399339,0.6349675344698391,0.5082591439137613,0.5172639756036875,0.6369518602189909,0.5597669125125925,0.3672072512775905,0.5844485411111905,0.5658435658501078,0.5712938046589723,0.5623391560176664,0.6298280224578179,0.447430243342767,0.5542376952545953,0.5211686859942544,0.5703432712554739,0.6181510332863196,0.5682712636698162,0.6050017203596185,0.650317815116382,0.5142299318960427,0.6357506541532527,0.49339554094727756,0.6053414357538668,0.49373196476820935,0.5816970946816884,0.39808645020774935,0.5989696244167816,0.6086454230581358,0.5084323837213208,0.6336195452324411,0.6667530882012913,0.46399049674493137,0.6434552639301397,0.5125644230175734,0.5306728268164441,0.6152457153188783,0.5192387639480887,0.6351665805639326,0.4931026953750943,0.5198755407461799,0.4894960207150604,0.5352904308644213,0.596617920697451,0.4325840821544724,0.6223736215829007,0.6139990716139896,0.3893491881348337,0.5166005878831363,0.5012033159478847,0.6264791016698976,0.5159494601990051,0.5048895792908915,0.3929337384698706,0.6638255319708064,0.5903058180011185,0.6030331170552086,0.6038042708353801,0.5861199303455015,0.6232479142511401,0.5730541949795993,0.5801189746507504,0.5337379529433288,0.4200032045401914,0.5474268561260378,0.498307936804248,0.5375004191200944,0.6242505788007677,0.6735880422079068,0.6183872288041448,0.37139299411105287,0.5850890853465297,0.4989053802300619,0.4016383954854987,0.4310306838886511,0.5816100327021342,0.5548039381153925,0.6058807787771918,0.5829932819301089,0.5847821771245124,0.5365145538223615
0.3907340636900256,0.39165752224821554,0.49799456010171117,0.39145704063154313,0.0,0.42093943283403157,0.4654255313543331,0.3746837411414127,0.34711510803878615,0.37635279972724267,0.42604077898739884,0.4468193881857478,0.4000059731657375,0.35002632522757315,0.4609732925881216,0.5140550967763038,0.47928574790581335,0.4033825029902555,0.40409461389968115,0.3644497098575688,0.5087105751972918,0.45977985145721195,0.3965433982284951,0.46699265469394013,0.3807717395915182,0.49690775324427755,0.36191797582074403,0.3573007158800862,0.4035210815816603,0.4456384682596157,0.38168367803168274,0.4268130972851395,0.43620260442742287,0.38314090256616323,0.3574250373622673,0.3920169257528369,0.4018987457479804,0.3968815149260251,0.46347367300299264,0.459896185968253,0.4526188322573546,0.4191691478576365,0.48143680203700806,0.44981423661393616,0.38517513338290627,0.44475857856018003,0.5382337899744876,0.40204442395587386,0.41385211574789005,0.4288718748435436,0.4678955561168782,0.49600783757640743,0.3773825698499037,0.43259541604054275,0.39559825328767423,0.358816295510669,0.4257740157198668,0.5440736089435557,0.35593505539992615,0.4126598707327427,0.349980132294077,0.40926443422786757,0.44244100266335296,0.34674427912512873,0.3836264611056444,0.37186946106530416,0.3559241448122666,0.45616111907831197,0.3890221804981265,0.3869095014643962,0.45289738270686697,0.35108183737144116,0.3304877884052846,0.4570298848990135,0.39999149501927084,0.35572474811718335,0.4579440692291838,0.6529026667414631,0.4067256775589769,0.39478615773844355,0.41779006638887434,0.40572693660721204,0.447786603977255,0.35983389073011596,0.38100904776044797,0.40383062515258517,0.3492801392797707,0.36637609624657586,0.37139694775717036,0.3402765770555539,0.5172846551616401,0.38045546854418877,0.4555001497971731,0.3675773101196064,0.3711929896805797,0.40055685223985515,0.3469094025595495,0.3747217537410612,0.3558106194194002,0.378316600273861,0.3444580130676878,0.4086237836441029,0.3613678610238752,0.3782387478008603,0.36178243855280895,0.512796156164527,0.4196414121612798,0.3884529554225609,0.4818853241668754,0.3911184599466309,0.44656274335265644,0.3875628890468171,0.34470856230645486,0.3640599489653244,0.39762175504852487,0.45895140618675667,0.3756251856374704,0.4184689003172089,0.4001341777227986,0.3627735867340288,0.5060304662070462,0.38187974690535276,0.3581175145723244,0.5004091567957225,0.32298272147768514,0.44508516770970763,0.39148792798370274,0.4927818245816961,0.39555495088794745,0.40891185816454495,0.34894444732398316,0.48771257098025034,0.32717229469778913,0.37490887544489554,0.36327713232087105,0.38930838703928194,0.4112984275467781,0.44385765279244715,0.38146894757951205,0.4317656526486395,0.33824460635697196,0.41630746926308654,0.39754701717268937,0.3597067636782126,0.42109371471471735,0.40968893494458364,0.4752021701581015,0.4952035935552815,0.3876485461783261,0.38378640067098824,0.35968414158085815,0.37263797948412136,0.4267994785603611,0.4287784966639959,0.4473923106231213,0.3735670669013071,0.3482491686123724,0.4817337358797793,0.3321455489732755,0.3922141801600736,0.38607209192941094,0.353310189380695,0.37151538620032587,0.4455640941563776
0.600950875631497,0.599898734051138,0.5855541165527028,0.45356436824741797,0.42093943283403157,0.0,0.5100193188525171,0.5050655730123852,0.4589505972678001,0.5359018931307403,0.5679550604171267,0.5279954472540752,0.6812993839285215,0.44117989192388307,0.5420830319844296,0.5921759303853827,0.5297655133750023,0.4990347184057889,0.4845248919683381,0.5382786673546349,0.5451162433914758,0.6744469600850426,0.43056451904315696,0.638518465021748,0.6038747539238901,0.5042516690736534,0.41777654698736505,0.4686249343033587,0.5120211911716918,0.42985147024027004,0.5239792271151907,0.5541678041872768,0.5117376653977465,0.49676817856430844,0.49080047433207696,0.4095735521365425,0.6940221072122711,0.45451450385241393,0.4871814966707048,0.5341584864117552,0.4415092647641103,0.5921265177513189,0.48151516470216954,0.5380810490066239,0.5396375516903303,0.4939893870757322,0.471211673459868,0.5249664858494315,0.5051978382145649,0.423721118752143,0.4582612261886895,0.5339303846128256,0.3976434906009533,0.5031987820408429,0.43102718694748715,0.5178327899575147,0.47265486621791436,0.529646067033699,0.42388557107821334,0.4355942016338945,0.5118050008682695,0.3976089258719443,0.4572139963284094,0.3837664627659037,0.4217323361516294,0.44829234751236585,0.5122991822342462,0.6749843079176152,0.4473569042975082,0.5584190778182677,0.5791988003660858,0.40550937827856987,0.4187195735722484,0.5344857512708382,0.5147002733424196,0.48183321314373506,0.47803706854899625,0.5124230178409442,0.45882725434012134,0.45748684815500806,0.5326472413374711,0.48235643789076643,0.5457769996378373,0.48663382081927525,0.41188027464896676,0.5560694380427732,0.5386892270344698,0.40187207237122385,0.4739253707469336,0.47011341010752833,0.4600923717391402,0.4567062277563912,0.4260717970575005,0.4517370932800774,0.41671395910042053,0.6645434213074285,0.40909040927716966,0.5228281945312575,0.3853881307411713,0.4935190302906122,0.43898611970882784,0.45568884376985913,0.384505194757581,0.47169675410360196,0.4045100894335722,0.5448389485538376,0.4305677292606799,0.5929874410253313,0.4855820242922908,0.6825203080557912,0.5419136674206134,0.39802841509714326,0.5029011029888957,0.4239738447440882,0.4427152716409722,0.577074701706514,0.4943418257793316,0.4797560181504602,0.49376491502802167,0.44586494621371486,0.4548051701456497,0.40626351802962163,0.5259573781113451,0.5976017260956455,0.4256950595048474,0.6073695217911637,0.40333823913045497,0.5311227506802698,0.494020685208903,0.4654218134526231,0.4595350333624805,0.5247847749111141,0.4368582089206597,0.4752705403203548,0.5337669559269956,0.4528034575291311,0.5974836630743829,0.5006660439718298,0.4975927481926606,0.4519553247968221,0.4515353423859191,0.5099959263895264,0.4674812557111872,0.3851572714746088,0.542271674586658,0.5171437395036879,0.5336967586487302,0.5213498456990934,0.5700388103807409,0.4109710338553615,0.4781993887926028,0.43221631116383186,0.45273415124748745,0.4374469654019818,0.5777822176314744,0.5904800853692567,0.5193989776189111,0.6376381973684666,0.4341003496504263,0.4198038140903855,0.47379337524163573,0.48299975739507156,0.4086672537698822,0.5851722028160212
0.5512299446937613,0.5617114465729613,0.4919823362333196,0.5155860890160852,0.4654255313543331,0.5100193188525171,0.0,0.5273582668653727,0.4729855090586168,0.5331412449114807,0.5030800606860858,0.6338177611237682,0.5324496762415061,0.4403861782723327,0.6911853133931424,0.5660832240029307,0.5687723865334215,0.5655780755684535,0.5981728072954516,0.5001295319013019,0.548832443006583,0.5599502333276323,0.6618229287599388,0.5878901202987384,0.5718197326825343,0.4849201192082272,0.549724083585781,0.5337363722938387,0.4738430636555672,0.5385925465459549,0.5800433804486396,0.5953525077247191,0.5767796426582812,0.6298620430869313,0.482121793370061,0.4480022886737384,0.5276323202403947,0.46760124905323136,0.561828842575562,0.6392501946535585,0.487633641898406,0.5561685521885928,0.529551453503259,0.4817949519944348,0.5669315998993482,0.6207256107909994,0.5063225134837462,0.412181909582507,0.6516439364217997,0.47634300502364446,0.5360281987222519,0.5077491229333161,0.44431876640387946,0.5116027701864481,0.46428114000262494,0.45927219198892805,0.5325892215162181,0.6172917691316574,0.4589956457782727,0.547657980433338,0.44778052715361116,0.43233505021058455,0.4432502234167505,0.40004156341191727,0.4506751808261596,0.4438910206238405,0.4767854445303083,0.5101102253018408,0.47093356666704095,0.5478480479143001,0.5172915066949739,0.4301898986065332,0.39613051599719623,0.5890717873679988,0.5123074746097004,0.5049891664025933,0.5427338932291262,0.5801022340956447,0.493359269850519,0.3993544634024854,0.44347582123203066,0.533444123615148,0.5297902093415255,0.4257832502416998,0.4425694774400221,0.5374595924536739,0.4513677006561353,0.47055842674970927,0.5694948687298921,0.43908275234920363,0.5510982922912256,0.5444435717763144,0.5050445836130902,0.4677727843633026,0.43607459358954037,0.5237603777777178,0.4005394260244366,0.5115647187172918,0.4080260984050373,0.5583069730098015,0.43240001724734206,0.507759990406968,0.4329298938996412,0.5020089301619893,0.43233420304670084,0.5876895600397646,0.4745775199757525,0.5619565822740834,0.6033266439289908,0.4784315242352772,0.5888839959168758,0.4351456579779294,0.42057957858762735,0.4697601646597612,0.4697321715686197,0.6191472512750856,0.5293760318043167,0.5658079271386547,0.4279784786801378,0.46215901499693524,0.48399811430858725,0.4473343217546872,0.4324757490003127,0.6630556066852816,0.38591509669627383,0.5783331455569839,0.44830444948297743,0.6012307475687662,0.47530046781321134,0.48278748670488203,0.46280017946913465,0.48071882176619457,0.41240703642151255,0.4641004004483953,0.446388663848357,0.41439669770114934,0.5238907613209913,0.5717226006264728,0.5304344063733148,0.5800458562217988,0.4257799127752095,0.4874828966490987,0.5726740248115002,0.40755346754093236,0.49307660406091564,0.5910381799107789,0.5267783416998844,0.6050177988199705,0.526449532084283,0.4145017587632576,0.4885362786668688,0.4685192403726785,0.5604628708257434,0.4839616748299801,0.6191096758938582,0.5116616006596584,0.46060743628979745,0.5804381217258975,0.4300403318409507,0.4664301511362357,0.4580000406376897,0.4607983314972554,0.44380643988569096,0.549174249526663
0.5539277848368578,0.6625165935605961,0.484028890769372,0.4887944646244549,0.3746837411414127,0.5050655730123852,0.5273582668653727,0.0,0.6363103817671083,0.6326354623049676,0.43883957007293595,0.5503203336378859,0.5311345383358785,0.4714919446854706,0.6179921911750247,0.4775251436033995,0.48412889938633463,0.5758267915603533,0.5210626337699338,0.562090791143306,0.4837179957001088,0.5648770566118544,0.537453214426055,0.4836268774296269,0.6326406406910265,0.4318126220561349,0.6072330858009319,0.5072634085344677,0.43932697476570903,0.4542813584183833,0.7416114822668065,0.528079465413625,0.5548625053817595,0.561238483672899,0.516922823854058,0.4551312334806957,0.5074452109268149,0.48617299754524695,0.4877989635553154,0.5260232352302062,0.461593612246123,0.5954207326532641,0.4723038194405169,0.424527599809976,0.7516260130442007,0.5795916184500813,0.46216508652486993,0.3770507084461828,0.5233596085244462,0.4557031596435782,0.45207140571063026,0.45530607893130487,0.43395971084242296,0.47055654538501634,0.4180603752228129,0.5399355951268654,0.47567227667641143,0.5219997509060227,0.47161948544368476,0.5136283332072678,0.4810783775003269,0.4250265091552446,0.41402641542864327,0.4280417362451444,0.4469932898862908,0.44491349451450046,0.5244204772884423,0.49513967836269196,0.5124165677573358,0.681973822381815,0.5124305732508816,0.43917181913289843,0.4156414611448218,0.5208426977664922,0.5499198549996053,0.49141006104703594,0.4435053086812913,0.441708797817528,0.5079125734648515,0.34880723891496285,0.4340663490520227,0.5946948318696675,0.49681231475649684,0.4606517151739517,0.43225309719230126,0.6960153750238152,0.506571563865786,0.4718661821945565,0.6342728056436979,0.526102148390945,0.46748396312596074,0.6407932423699461,0.4262860546485086,0.4301411906234237,0.43881379832432227,0.5842830374413988,0.4423563586324942,0.6720625530712424,0.41970093997252755,0.6073123913351766,0.43411364501409705,0.49766543840963456,0.4376075207623495,0.6112718990806132,0.45157310578935433,0.54507943827881,0.45262817318112525,0.6772222780436504,0.5296993252495846,0.4617011161428755,0.46955812681688514,0.42751966452091494,0.4376456796061083,0.5093408315559779,0.45059244637855916,0.5565614759781053,0.5317982178035674,0.4827917785019626,0.40552988889781416,0.5268271759006036,0.4189064141316356,0.4774517687005074,0.44044303905316473,0.5048054596301798,0.4049710238186261,0.5154771359597121,0.45439979382554685,0.5484133800267474,0.4829481867750586,0.501452738423118,0.6065825441670842,0.4600264636763072,0.4216388348965883,0.48831831641982587,0.4786882168540537,0.40174862609155143,0.503733418777974,0.5239686282942715,0.6197470338528193,0.5492783341709242,0.4547970574853163,0.47515505390283036,0.5955774985460698,0.4304144990411931,0.4748468943981028,0.65958342067466,0.5432378045964725,0.5312818567568915,0.6540008517572425,0.4259658360200169,0.4979288072746493,0.4567115053342731,0.5103513744706413,0.49919158387965046,0.6259608967284979,0.597936576810853,0.42363922234233164,0.5092069973413019,0.42360665964241384,0.3946163787095336,0.4831827496319642,0.47284862631561003,0.48319375093096334,0.478640503525764
0.5278056134829614,0.5791297925007852,0.4209931119274741,0.4160780171607778,0.34711510803878615,0.4589505972678001,0.4729855090586168,0.6363103817671083,0.0,0.517816743077863,0.3855911509312356,0.4818512793808315,0.48272791264760206,0.4206907291230466,0.5227900942778263,0.41420988505335243,0.4162640744309163,0.5004148913023643,0.43533062406040085,0.5094122376299526,0.41704807247695774,0.49228679583583,0.4845289595361891,0.4564041432692958,0.5462644579988799,0.38870668489716004,0.535321629720017,0.4459278747920827,0.373329961602177,0.446896260318221,0.6117521890221141,0.444140875548687,0.45931387192566764,0.49164566934915915,0.46630959785349885,0.38524877068849356,0.4734343424005516,0.41857829039090066,0.4071323394406089,0.45917699128979744,0.39505547875538194,0.6069864392593997,0.40237525986426753,0.37723915716516676,0.5932814133297137,0.49638140572864387,0.44485960860337725,0.3422860085871533,0.45527818118170366,0.3938009218090669,0.3910824202108771,0.4093323071502387,0.38206338415613417,0.395249949937414,0.3545898822555221,0.6362771641966399,0.4165250424397997,0.44056966150944527,0.40974757568297554,0.4377807472994357,0.4170741341405801,0.3738857538498126,0.3635701189650707,0.3766722020599726,0.3983165144091195,0.39544757247556195,0.4800789339650953,0.473768254870854,0.4293791396130993,0.5490805659759163,0.46455784664652783,0.3917925339741282,0.38171117246621256,0.44076971272817767,0.4552780904081361,0.4502286013837824,0.384124338646976,0.3969557363218019,0.4366369149734042,0.32729886713419654,0.3882776181329869,0.5249151895317495,0.49726843270131926,0.4053379454036964,0.38336964483571334,0.6217316702296457,0.457451161912013,0.41060723983492686,0.5411239398187591,0.6469831390348026,0.4112302819229672,0.5610874919621697,0.3651406005186776,0.3893114807596601,0.39215437072109666,0.5295095107686293,0.384788701585147,0.5974012620461233,0.38045252846833716,0.5264490498155623,0.3869669355472393,0.4082351452037656,0.3848852677253821,0.49640536449331235,0.3955708890496401,0.48591732844340835,0.38357694720551133,0.6093802214771453,0.4520548041482649,0.44866488213122996,0.40803176344026554,0.3800601332264591,0.4055932762190439,0.43719737559734456,0.3960931693429964,0.5402746028169588,0.4653357540336246,0.40736786528846813,0.35627712058728367,0.47500667692243026,0.3779638123669077,0.40969305425043,0.4169037153285424,0.4516995243468952,0.38247591218125754,0.4276360190592669,0.40183317469334134,0.49033404523718355,0.4028547556913093,0.4321877580571827,0.7266108537268442,0.40226418991586027,0.38872682088847804,0.44408089890725105,0.4213954812757641,0.3643615951989729,0.5050884430441813,0.454817318591808,0.5010393820635584,0.4579707440549939,0.3972979475624696,0.4098966951654231,0.5165855057327142,0.3742251959094413,0.4144433484726401,0.6097348950541962,0.5266851940460161,0.4459366439297133,0.5323771648228324,0.3690779086745501,0.44546503594136694,0.3930534468743971,0.4305105354495134,0.4845188066432054,0.5088808289159709,0.5529929471251892,0.41126064499617565,0.47951653492269375,0.38648231540399625,0.35349476042552647,0.4182499264716326,0.43593915599438743,0.42781323633034435,0.4444113478941437
0.5245660326118791,0.732769268072365,0.520577512268834,0.4642258184036569,0.37635279972724267,0.5359018931307403,0.5331412449114807,0.6326354623049676,0.517816743077863,0.0,0.4662464571597063,0.5971881127140568,0.5399794828435278,0.4510522277981215,0.5790512696615888,0.49970163096130427,0.48864784299327235,0.5228709351401927,0.5350600472667727,0.5431764906637699,0.48321941564493404,0.5930038840675156,0.5175597032355044,0.5063748013564331,0.6860630342033225,0.41595564337496516,0.5360557504653838,0.5046849686669064,0.5088594141686494,0.44778293479082903,0.6435449230397671,0.5520947818306274,0.5242217216101144,0.5494075833555268,0.4962929415360811,0.440311316075888,0.516459403740788,0.45809753872750936,0.496816374309308,0.5129899347684365,0.44597054564448874,0.5646045998679456,0.4598788446623893,0.4357749646419714,0.6407279823224246,0.5198255563160268,0.4485794712245496,0.40025305831632235,0.5333599890418582,0.43204424254067836,0.43859951621383625,0.43875510152821307,0.41361943500037496,0.48114496598586737,0.43592090071615247,0.5055784571676775,0.45589074194563606,0.5142208905565411,0.46153009897159186,0.4781702196044824,0.480696107533529,0.39701715134076565,0.40211445610591073,0.4145231204080736,0.41981197774963025,0.42358407509463386,0.49133309337419956,0.48512664088481916,0.48448261665173736,0.5921319944482745,0.476653278282344,0.41965806094333397,0.39769631566623465,0.5067148352172156,0.5271306752353621,0.4817015143418658,0.444773693382169,0.45294844945479606,0.4588972671371548,0.3570009274226709,0.4361006350421768,0.5003829283202353,0.49771089195600576,0.44823766795966763,0.4079423609559656,0.580891064855123,0.4830283003232161,0.43767258158593236,0.5602191367274383,0.47848934023228756,0.4401594871676812,0.5439233281889281,0.4331060626704881,0.423206894964844,0.41317985591352496,0.6311386683972164,0.41699924568447494,0.5956150034827462,0.3936447273553097,0.5364926179017381,0.4328875407092996,0.47890001938477456,0.40551961570420825,0.6171138858315032,0.41848295669360014,0.5039214094963198,0.43889707477370093,0.6672883272181825,0.5042372922550074,0.5019080467162299,0.48690522978829204,0.3999218511302997,0.42904319394457635,0.4690604432429315,0.4249216922180824,0.5169229435284157,0.5167249972289295,0.5344003168869125,0.4231782119376651,0.46641995064334824,0.40755920498482223,0.42495415823274263,0.4364366860754876,0.5045280649525978,0.39442021225401364,0.5798946455307555,0.4159177932316674,0.532851206669471,0.5059975762901006,0.4708103492228465,0.5421698793514669,0.45049533852275875,0.4082324255162465,0.449861593816063,0.4915795167038917,0.4000763084167589,0.5245350617553693,0.49544100824623205,0.6001060106529134,0.5078310753786671,0.4501427484176718,0.48224444973705366,0.5246895906298148,0.409420305251481,0.4798479766329361,0.5551769669865154,0.5035997357101007,0.5287398236708589,0.7550006695949235,0.42409145697404044,0.46694728632683086,0.45574778112793424,0.49430659393310894,0.49085964918489977,0.6085761673246676,0.5529337388455406,0.4424208800626607,0.5136767094080877,0.41895529489279226,0.3918447240503208,0.4730033188594518,0.45790893930098986,0.4395356944503904,0.4647983646122167
0.549023410102611,0.4861064080854433,0.5004882930032346,0.5138256535959248,0.42604077898739884,0.5679550604171267,0.5030800606860858,0.43883957007293595,0.3855911509312356,0.4662464571597063,0.0,0.4611851404800041,0.5996039048678116,0.4933945544959544,0.5065883946691941,0.6475874930421818,0.628788405812928,0.5193386331187131,0.5460706048857917,0.5356964422523564,0.6045242793148834,0.5525022848531091,0.43306294014992486,0.5430354021968499,0.5263145327055512,0.5632716577383056,0.4091731680538491,0.5252674445819834,0.6228623753724358,0.38278642180091205,0.4730742990023994,0.6363991337036297,0.5187676615332932,0.5171563962681618,0.5227461394673123,0.4611055069097322,0.5968819029538698,0.5126636020727394,0.5894588585469469,0.5837451970929972,0.4824340073669083,0.4565516116001005,0.5633793798653806,0.6838844310983977,0.49222570806160676,0.4966774387110061,0.4028126489473404,0.6499943907684455,0.5761503154374619,0.48364357918997536,0.5506053818307818,0.5508183069655586,0.452358327303644,0.6218209021696698,0.5692218107479089,0.39449151213959405,0.5668677595099884,0.5199841312151798,0.4864387675299075,0.4822778771963899,0.5836713345658396,0.4438614098921262,0.5388305287351735,0.4292874183145733,0.4814853366593912,0.526453593822321,0.5284630827046334,0.5178460382319262,0.48852139099879366,0.5244091878934233,0.5613296982769063,0.4702207308506386,0.47451381749413396,0.6141103291745896,0.5566994214169458,0.5261290943276299,0.6256189457957765,0.5197955494277686,0.4982105584346742,0.5534572068009891,0.580908939983985,0.47099176800585857,0.4264365707009406,0.5390828152758098,0.479344141303635,0.470687784294406,0.5462866326418433,0.45386168979748576,0.46569344074323027,0.3733874601256116,0.4996804808998614,0.43135858375079467,0.5243760186798714,0.5605390403912182,0.4771174414519664,0.4859922447978558,0.4549534185993568,0.4483441578854008,0.42995194389751623,0.4914530810537024,0.539436684398233,0.5397793049713435,0.4247203005636254,0.4292972208917969,0.45451831678387233,0.4972458458087645,0.5053144177058521,0.4870459579729496,0.5048686464538488,0.5122762370636625,0.7006388635629355,0.4559128819212414,0.5419417303027487,0.4664415031934477,0.5162523728584693,0.47900338272933873,0.5275592823599716,0.5693702079013057,0.5984943418913989,0.4504166681703053,0.5360124793096614,0.4342741172325901,0.5525372674663522,0.5996844280704512,0.4729382255036491,0.6507773801367327,0.43889081273634717,0.4626288671906495,0.5643028751351089,0.5108146715766957,0.3729771361483737,0.5654051426668251,0.5143444137068709,0.5116717434485849,0.5974735456659835,0.5426602073387912,0.45889624068137747,0.5487440397300376,0.5101827789462982,0.48359071552135147,0.49762422255474137,0.6164864329063009,0.47248237762289075,0.43009666833028426,0.6602983278624418,0.46127111398219256,0.42987608795875987,0.5329150179527614,0.4975770263883733,0.4667791067124076,0.540156460508756,0.5041313835039923,0.5201254670266867,0.37095831088686626,0.5316498172947642,0.5250483578577817,0.5160167619379449,0.49125521885064055,0.5067516264406722,0.5498167688396222,0.5061730416060918,0.528559504941469,0.43142718777453,0.6342019917157625
0.4923746254118008,0.6006521778549386,0.5443027592475989,0.44034732657242637,0.4468193881857478,0.5279954472540752,0.6338177611237682,0.5503203336378859,0.4818512793808315,0.5971881127140568,0.4611851404800041,0.0,0.5036031266743978,0.3915456519550425,0.6220921405408631,0.5351314021203649,0.49103770127322016,0.4801085982394143,0.5211953199755999,0.4623610889005643,0.49531541162161447,0.5895920652422778,0.5508328595980384,0.576094224477446,0.5700112814794184,0.42903924625346473,0.5053984723778451,0.4577484530325218,0.4619611136283016,0.5862375836167701,0.5681117473189163,0.5270220359213159,0.5101168180840921,0.5280913346820331,0.42993904633287455,0.4090671013183897,0.5031596891433041,0.41868292893692893,0.5086901316222324,0.514481765306793,0.4382547431002498,0.5804487705325986,0.46641879154199106,0.43440456868153815,0.5447994994117403,0.5224859312424708,0.5250600480829882,0.3950074222152055,0.5233361936225571,0.41928031882494793,0.4497719032767452,0.45074322307472847,0.38689791664586787,0.4604722534815127,0.41722385513083904,0.4862471887451035,0.4457996161750133,0.5976360187300103,0.40409192736634875,0.46244965348304234,0.4162749470738288,0.3840770542748522,0.39750201107596517,0.3673569519408821,0.39222165260772435,0.3894740017569823,0.42883384931559043,0.5030934299210206,0.429188805325711,0.5163661054972198,0.468135395289436,0.377082209226948,0.35522782436734784,0.5007286363660504,0.4663577705553132,0.4335649905021416,0.4626484116547383,0.5376196578405888,0.43178519211475086,0.36064748679087666,0.40965041769166016,0.47344700033982373,0.5958038187611548,0.3928159426001843,0.3845195077003004,0.525467964784644,0.4239052320319495,0.4055837013934721,0.5014836245914966,0.4666027674126122,0.4684673444755477,0.4987644681794922,0.44043493380695636,0.39857711535423457,0.3811035039527994,0.5869583337619924,0.3706531741511409,0.5047664424233188,0.36243452908481544,0.4797995408601924,0.3844997687497008,0.4587044826865797,0.38099801012304196,0.5249389164545287,0.38311064132097283,0.5441335572113621,0.42152347022358994,0.5651873013030173,0.5130566908731148,0.49953229263603216,0.49912923302810497,0.3810729925159939,0.38370466663531944,0.41874780871662276,0.402672051975551,0.5748044067806565,0.4572738869939385,0.5256531340175539,0.397554788833197,0.4144673648709418,0.42099897996303903,0.4021568664034464,0.3948095092590194,0.5592390490570711,0.3502561748239426,0.5662538123044898,0.39423396517399445,0.6718438931523314,0.44497210297610756,0.430053093029677,0.5044058805986126,0.4490907205004566,0.3683291608282638,0.41140173402068525,0.4254405926705019,0.3741714142295883,0.5693006764774965,0.4796872012047384,0.49426012508324185,0.5053210525366352,0.38949865257299066,0.4420933371819354,0.48947513382863267,0.37340127139610796,0.4465461295274808,0.5369381463848876,0.5744502461961561,0.5437188848026673,0.5571783822227743,0.3866992016434463,0.4255512467078092,0.4120805120963306,0.48382058033781133,0.5571319507509236,0.5900830073826091,0.4863511216161648,0.4338899201572033,0.6079626668177911,0.37641366360473205,0.3900595944381007,0.41491961802955035,0.4064085720221934,0.3998468429959435,0.4723186772432932
