0,1,2,3,4,5,6,7,8,9,10,11,12,13,14,15,16,17,18,19,20,21,22,23,24,25,26,27,28,29,30,31,32,33,34,35,36,37,38,39,40,41,42,43,44,45,46,47,48,49,50,51,52,53,54,55,56,57,58,59,60,61,62,63,64,65,66,67,68,69,70,71,72,73,74,75,76,77,78,79,80,81,82,83,84,85,86,87,88,89,90,91,92,93,94,95,96,97,98,99,100,101,102,103,104,105,106,107,108,109,110,111,112,113,114,115,116,117,118,119,120,121,122,123,124,125,126,127,128,129,130,131,132,133,134,135,136,137,138,139,140,141,142,143,144,145,146,147,148,149,150,151,152,153,154,155,156,157,158,159,160,161,162,163
0.0,0.3673365606343793,0.324345861453616,0.22616222236719427,0.25150063181555693,0.34408965653177803,0.26259673354547725,0.31496792390124867,0.32799561027741897,0.3332271336840364,0.3449564914036926,0.2559383720562711,0.42429609006978697,0.3091722937644523,0.303144849168241,0.32709375624758913,0.31771461647938204,0.386967483583918,0.29200390487788463,0.48826683592676595,0.31738435424731853,0.3783949023870752,0.2663315634567011,0.3252525975940121,0.4063747365775032,0.2568283965562995,0.21907932727376667,0.329254986864034,0.30078634699790124,0.23338511363627104,0.34056066551322395,0.36156434821777916,0.2537428163969452,0.31573896844679344,0.40426962816422896,0.2758795011259432,0.40148626103362134,0.3125333097868836,0.2500847139686744,0.29778237422817433,0.24647651619263267,0.32356788302162814,0.3324131625170007,0.32538530209872346,0.34215240083703147,0.3029905423583016,0.26727195023115796,0.30794024927344504,0.3623248225227444,0.30537891904228404,0.3098296068460488,0.3198532173903827,0.24987838776620655,0.2787466988383353,0.29498778939485604,0.35339556916875314,0.35670161706167336,0.2661121888182905,0.2938797588425216,0.29555488866428203,0.3338632510306917,0.24464554083877732,0.30245895490914043,0.2517988742374515,0.2838019951709757,0.3026876472152844,0.31465208558585867,0.4042364931063055,0.2709018745236462,0.384475411311249,0.45336075960011724,0.3032102388827194,0.32167498026384617,0.30950745719265965,0.3325071803508382,0.3565411694597589,0.24736626369921588,0.25904882657274686,0.298446652150248,0.24705033353715117,0.32699901756517896,0.3521696310906525,0.3170951252428529,0.35561218946051754,0.28162503832070873,0.36824630761439664,0.3373540718498136,0.287198455640975,0.32946831200830257,0.2899284056907483,0.28410778617092736,0.29008150893009216,0.31800557897854426,0.3497369848980397,0.3139803051073651,0.31938058258501967,0.25250858183837654,0.29513682122325374,0.2586183110620405,0.32243721924588925,0.314609269635753,0.2674593621751592,0.21370347384344046,0.25598948960372464,0.33961591981648187,0.31779378492242627,0.2621354809204073,0.3453206809815381,0.2807543147643664,0.31480169182072015,0.29019831695456305,0.28257882197279055,0.32844225771272734,0.23905877437696438,0.3129316660284997,0.3149400835627481,0.3303693255959674,0.3279660154010655,0.27486408448404764,0.2800105074568862,0.2675422082280979,0.23451299804994014,0.3515478835834039,0.3710461782130679,0.31068471500178185,0.3098457563169511,0.23486144731593483,0.2597464908200514,0.3039701019228676,0.30510012112363305,0.2707000511832753,0.2774938248936861,0.2702291601348725,0.3302174626970396,0.32353686830987965,0.30346044402026545,0.3645554362528255,0.29461518331968967,0.30273076743337013,0.2929204235034957,0.2660448812830714,0.32167828392466513,0.3329916144138707,0.26020898186802005,0.33514928561292257,0.2872469673091002,0.30524729569807285,0.24868566059169575,0.41595233510879304,0.21092691627708413,0.3704493935789817,0.28003126733063366,0.27047052454919973,0.2098906494571169,0.2980745302755626,0.42123435044085755,0.29058653832431464,0.287471390529139,0.2832753443235486,0.3078088470865166,0.2676266613243974,0.3937567029304486,0.22071690223389157,0.4128898418348498
0.3673365606343793,0.0,0.37755761968766577,0.282178734976864,0.2337243387305567,0.33256848222856583,0.2980203214902817,0.4344218231599416,0.32051374748184197,0.4570414490080677,0.32654207943173136,0.3302901208841053,0.33993085409526963,0.3333677804950189,0.3448472198569955,0.31709444638943735,0.3260849888694864,0.3406311797217467,0.34378577288749596,0.3419280089938547,0.338484616827984,0.4353767192605929,0.32280277083146997,0.3744198297880404,0.4162022922313603,0.28867187676800643,0.24650700831377817,0.39673840197276816,0.38546789922882774,0.24635400621046397,0.370468829671478,0.32251780176868855,0.3173652031551725,0.32915403880346916,0.33022403571904174,0.284601446281343,0.32704079668385705,0.31270196982780857,0.2693514310750347,0.3420737820813268,0.308649340278689,0.34248729035570447,0.2633046209564964,0.2768952233984677,0.43110097292533855,0.3070066966140419,0.267584271727108,0.25060006788428835,0.35882205457474087,0.26292887810367493,0.3187400087287585,0.3379738854949564,0.26036347358204825,0.3527759934801722,0.3110358727582393,0.34418142236467875,0.3425555253537193,0.2770206214636801,0.31090202477916584,0.3249863703720962,0.34213227381851635,0.22066808558867998,0.29753872674543697,0.22329069013191916,0.2501057767695095,0.28709480163228146,0.29531301819069783,0.33213383638478394,0.26675314771489944,0.41932304277936855,0.3589763924802722,0.29084961127422143,0.25342040517106723,0.35901630050418637,0.3374870144921431,0.2884331101238091,0.26556442701504246,0.30317969155003127,0.31347652791363595,0.2196571561056703,0.2846421530640716,0.33430685276624783,0.4221257378409597,0.3174225651899355,0.2774592145097746,0.510693923230079,0.27997431690497515,0.2474087196311871,0.31092393489711995,0.331656292148135,0.2615029472366608,0.27867129462002094,0.28760776744237887,0.31785534725691506,0.3158496801151173,0.36660654296399553,0.26216400119992533,0.3232697834562432,0.22724994555288075,0.3739568006186563,0.2907201137486206,0.25291891628682284,0.21135452252523063,0.29325432037762594,0.2889235788732379,0.31226085086998706,0.2517241559731062,0.4456546475835149,0.2954656900108326,0.339264973211857,0.307763893402744,0.24954054318962765,0.27789639440816866,0.2356761505432359,0.3533936516621183,0.4827965091352483,0.342663117431878,0.26969743647571565,0.269802206046923,0.2810928803071776,0.26147484098082696,0.25464495523537894,0.28957841988385646,0.43763712243098835,0.24918745414256033,0.42854251966477724,0.23855668930142487,0.3280032690974749,0.3687235642369336,0.28999964938836187,0.3031785529391372,0.29042481932896813,0.25309431483064476,0.3441148348805085,0.28748216536406257,0.2431442338054451,0.3151135299265839,0.31164679186466393,0.3269322927684155,0.2772410186342901,0.2819317387295034,0.2940114662464761,0.35868747691009145,0.2477009063688529,0.31492193419063436,0.2852655505044121,0.3469224348380636,0.2771584947088078,0.45225036653895184,0.21435267948863965,0.3363674849139421,0.2957005610982366,0.26778179002306557,0.25442080520719446,0.3309595253915945,0.36461427168405797,0.31305267916466784,0.3981879625995724,0.2642572573751722,0.28142466195748994,0.2974246021594431,0.34023989473128297,0.2305748880452813,0.3387834502828646
0.324345861453616,0.37755761968766577,0.0,0.27505140028609515,0.27677003364022235,0.30809857230944226,0.2897170930469958,0.38914253114096414,0.29431059612925703,0.42693995565796483,0.31414499701665394,0.2838337210553694,0.375575682273701,0.3160433441764787,0.29582202359630555,0.47130745572140625,0.47011224793518486,0.3580647966683404,0.270623555910919,0.28363133640043225,0.3920874780148159,0.4586456092174562,0.30038980496121537,0.32287600294632496,0.32123217655702613,0.33968880777109917,0.2655216148740805,0.38540248843098296,0.3046330700769013,0.2695380149271771,0.2898229285707408,0.3651875265876953,0.26092380304949775,0.3387963303210414,0.27766684698005606,0.27042599586463734,0.3186908587427145,0.31179799437105876,0.2686104077138996,0.38646083273058385,0.25975068836378806,0.36099218110116427,0.28922344741602335,0.25890050385055063,0.4242459425832461,0.32439526047064116,0.2877686548933645,0.25335499183112725,0.3635369040514421,0.27350653627354216,0.3251982157405821,0.36597247451488374,0.23436418563719139,0.33796190894732714,0.307089140539056,0.29591876219691854,0.31740345740886894,0.31941154077333633,0.29771607330858396,0.3107769515079865,0.308730096118645,0.24200036937379557,0.31880762792387957,0.23782046780918867,0.24259807456409233,0.2708385384019913,0.28811768496433837,0.3408251391808122,0.2932783813531788,0.37387946063896077,0.3545767915650615,0.2728142868279882,0.2705785837865596,0.4875564894183789,0.36612837814458243,0.24226502052944607,0.36052850915845347,0.351275852455874,0.2839178702099363,0.22927652054833006,0.2716287768689613,0.3147455281153433,0.36776188213650324,0.29372632535373844,0.2972868479390887,0.4366783195510094,0.25280738601056635,0.24315275080579374,0.3273710108591022,0.2595505827568722,0.3005222406550825,0.25774894607818993,0.29973872692354736,0.25119036811191453,0.3342051782744202,0.2682993794710632,0.2366639543775182,0.3199131413127168,0.23346381928063065,0.3842666385540856,0.24269976826809594,0.29063955404419384,0.20525541390339438,0.254123045425062,0.2869719796961371,0.41583019953001865,0.2858728469614542,0.3578695280486273,0.30818203719605003,0.3141998265483837,0.2906758073861343,0.2546329567776476,0.2676317717918424,0.2601133724492729,0.29974204600139764,0.49182643898436856,0.2861245370473546,0.3067951428891305,0.28616012079752806,0.3076130381127669,0.29690982330784615,0.2475626524580503,0.26746259539352696,0.3927936342512366,0.21229148641251305,0.32844558633664306,0.27222660145785527,0.341459978551139,0.36946350685506396,0.27891935309639293,0.30903263708272855,0.40020019442485166,0.23351978772338353,0.2632179386420491,0.2459761532868713,0.21675954666418712,0.25701987811000376,0.2907865269547717,0.32329956308467706,0.26044135721869066,0.21206655236057148,0.31231051282773914,0.35414252688024717,0.26453131421680876,0.2830617866620179,0.2604214679518649,0.3315000835434909,0.3040138615682881,0.39285610553675904,0.23459349222539724,0.2559659050094735,0.23597753988595446,0.2763440088328731,0.2810935641811444,0.3162765997332195,0.3014805658596412,0.2850717937243815,0.3752823884825533,0.21155348087369635,0.341780870903924,0.30121876869305814,0.2435714088203813,0.23812773966398096,0.3121478392936375
0.22616222236719427,0.282178734976864,0.27505140028609515,0.0,0.2278568214056093,0.231743064383901,0.32855420964182536,0.2944622556428993,0.21412189761316247,0.28431048454497543,0.27204296151387786,0.2967688445034106,0.23347412397740983,0.27136152386090084,0.2886993239618249,0.2583102635376145,0.3025207039403209,0.2729497155377548,0.3039746825711769,0.2215752799223326,0.32276050411363805,0.26296305698153,0.3047306839215629,0.24329451937704802,0.28095981848194534,0.31184365862816354,0.2596130023824696,0.2922587081565708,0.3018123733042662,0.19063911446491313,0.249553747422132,0.2539724400273442,0.41442787152517824,0.32096850323909293,0.26498938725457666,0.32459555557175374,0.23367391704170984,0.29244926945498073,0.2786767687300853,0.3243970948404814,0.3228600396683234,0.2481560659519951,0.25502924722219933,0.28302937892970326,0.2968850208428228,0.2713648955883134,0.19803199349437717,0.227462050804486,0.30173294918707844,0.25124437962190876,0.31576800197990706,0.33028269466814614,0.24205724443140178,0.3845027321600336,0.34294201899046195,0.22707825193013428,0.2938153451448216,0.29608327887001706,0.28052113400184936,0.2979585527609711,0.273773753277475,0.23022865306763998,0.2771407980176606,0.2474855145723114,0.24654816289420642,0.24330145430108563,0.2802539137038409,0.20539146056192142,0.2642561722526589,0.2768419291173349,0.24244632824588752,0.25946321899444985,0.2531622666109917,0.34461431081326627,0.2749439809579825,0.2134190369768907,0.31162327477417023,0.3063417266146591,0.2867103906784891,0.1822591652359174,0.2238133377184299,0.32054954906238475,0.22333152457990038,0.24997858404896092,0.34080124789775046,0.27706707239280054,0.2509403861429039,0.24888257720410562,0.2689023908140333,0.22022054648511616,0.29472495239748264,0.289552926617949,0.2690869209094251,0.2348768657177989,0.33051787932385457,0.25786696447488044,0.2273140628204242,0.3225203232455837,0.2556087369969066,0.3057192673213064,0.2433756005307267,0.30241722592800874,0.30282471452998516,0.3094244966003897,0.28416939705597083,0.26781132908829414,0.26918489718125926,0.27109228508245736,0.2770438558132562,0.2227728226801301,0.3208157135229066,0.2873615837315068,0.25742587511402304,0.2760950255177487,0.3058327872321592,0.27780596113895534,0.27076205171097506,0.24779754194653825,0.31006716744901,0.32708433801549547,0.27108529112680185,0.3198986854260658,0.24895168468665055,0.2664130471333026,0.20475864516046516,0.2839821730432685,0.27279868701537524,0.2767228241763037,0.3906913631605316,0.2899259331835121,0.21389441701470077,0.2581827666028046,0.2341707039567314,0.2893753637871202,0.2412148268782896,0.18841127991740056,0.18008221859882498,0.3121469859787731,0.31141360766986437,0.24718915667989885,0.2989282601378182,0.26455008580645994,0.3320309623761075,0.2848488513851904,0.26709298590291813,0.2677832810208786,0.2545824669688563,0.2405206264126948,0.26353701516222566,0.23440562539261445,0.2764829765735834,0.2780627718447151,0.27693089483412586,0.22395605667907903,0.34382659509977076,0.2375045662367631,0.21385956565285083,0.2605554803215353,0.3087597395450424,0.27239712548951855,0.27443355975962275,0.24344950090505021,0.26993332094249795,0.2544195909872677
0.25150063181555693,0.2337243387305567,0.27677003364022235,0.2278568214056093,0.0,0.1948603750741149,0.29834249692783993,0.2410740526531265,0.23798385571795985,0.24671047812958483,0.2736661042075688,0.27020839698311183,0.21190626887218944,0.22385106764872773,0.282625268737616,0.2799914649158407,0.2701583943597709,0.27372859740015376,0.2316783826132942,0.22085718610257177,0.2782669613332662,0.2775591915861578,0.35216045465185625,0.23899386724002905,0.24269313849758517,0.27264115595788774,0.2632287666282623,0.22881193495207777,0.23194028355493831,0.26586884103635905,0.2694668133426901,0.22999974671716786,0.22492624348982887,0.26656265849184047,0.28741053922434706,0.33944823527145257,0.24306526721549915,0.2641862099119716,0.3028177509239413,0.2525797922275255,0.265291125840136,0.26140098057205213,0.28049565145216426,0.2599557781808704,0.24460258951609018,0.25020300150217323,0.27311681440786756,0.2558063443773638,0.3032518384188339,0.2821525716061887,0.28825646221481616,0.2439945454469051,0.21999947285354918,0.2457979311906229,0.28493726460313507,0.2083985248598434,0.23919300509764957,0.334058928558016,0.22521297881081095,0.2690041909792374,0.18846313579535107,0.22845830822233879,0.2320908315138376,0.2730627901903808,0.2240540595292927,0.18515297161329508,0.21313383385066667,0.23096074780480302,0.24110000684527488,0.26282383055931896,0.259286528969773,0.24067439748735306,0.20634250858384662,0.255449306114659,0.21927872823521555,0.1920374293740251,0.25043356845587594,0.37524758091544425,0.23824891222446296,0.17539951720441038,0.19574033050597844,0.2995036307507581,0.24626953254854944,0.19474003274550458,0.24588153023064863,0.24779659781676172,0.21341563427111274,0.24724174911777666,0.2291094997815643,0.2051091836074973,0.4080276963040013,0.2878219745563879,0.34058249669978324,0.18831674484988173,0.2629663958661478,0.22751809152263577,0.18156424802729476,0.23458821587006556,0.27102126975671587,0.23135478854286617,0.21540291739538178,0.24035893692389843,0.2524057387369182,0.23924489551618078,0.2525418300284172,0.26504964329879943,0.22298380168730714,0.25851279399394084,0.2722496147071595,0.2168823165968927,0.2577427323276187,0.3080883745390833,0.19572188674636992,0.2501695853610106,0.2339581269552465,0.2464093547054812,0.21382557893787643,0.29419572842520375,0.20665444887116044,0.2761122582669899,0.3255745752323592,0.2602619315802271,0.2072143707579636,0.2806484272898608,0.20676211145136178,0.23642637685827886,0.23645107788202585,0.2828544848169673,0.2488473131531823,0.23788263831736814,0.20713442532689028,0.22592129682896692,0.18412041790273798,0.257658073153854,0.21962621605812574,0.201044821975711,0.20499923012213153,0.3073513842065106,0.2631807084412839,0.29861757639956643,0.1771049564610141,0.24555004832511826,0.2970957099090187,0.2857129932429692,0.26051169764506005,0.2679624656111729,0.2980548281367451,0.2335896496653261,0.2515224165561063,0.2222963838854164,0.24198568416557892,0.21877453032260205,0.29780042753072666,0.24641245966288203,0.26723790755296545,0.22884509714610848,0.1820076714269374,0.2475247654887005,0.19572475033531672,0.23055277439480268,0.19927863888891015,0.21403782955248923,0.23532010021627733,0.304169148797502
0.34408965653177803,0.33256848222856583,0.30809857230944226,0.231743064383901,0.1948603750741149,0.0,0.23602084957817632,0.2973661626820889,0.24751691119237848,0.3036702317727655,0.2956460690612851,0.29284892353927633,0.3664008729677758,0.2171390735543416,0.25317408890897114,0.2917565131690603,0.29103117799617206,0.2332815283009585,0.3036480600374665,0.30562527988391874,0.29472919625876776,0.28714454182621196,0.21353103181819125,0.27213871516703114,0.35434483255672183,0.22858228607771602,0.18513864543889438,0.2982567193674871,0.27675553850963003,0.22027204713756898,0.27187705548538194,0.3195952775689522,0.248024704521075,0.2730636456365066,0.2634070388352955,0.21004871922177085,0.31727572203713944,0.22887790893444457,0.2130236470042195,0.2386352974535066,0.23841733163097212,0.3033395167631029,0.24067018148971983,0.2910864736427567,0.25866708793764315,0.23598366436044996,0.22426018821172491,0.26064346694194396,0.23701726070052895,0.22004806933194138,0.25668842169908473,0.35638202275206643,0.20286788993470425,0.2689349765996807,0.2297230790847648,0.33045711682272505,0.2750348650954596,0.30097751974642367,0.21378549468159355,0.22564869561883052,0.35015822712846567,0.2164145844030045,0.30052099752637434,0.17729976646069495,0.2132767391414648,0.24817760837823077,0.25022820882363367,0.31268368243391736,0.20133948711640498,0.3046789416444459,0.2951119811808693,0.20540392569285856,0.26331997162455173,0.2750373964150844,0.30156531867283826,0.2584929551811785,0.2330196251444556,0.22987291759490602,0.23525207835228307,0.2921083753179591,0.35579358752502876,0.2610341962139431,0.28393053959464537,0.30433306880895694,0.24737202409198622,0.2950619513505208,0.3253600213890028,0.20400200152931675,0.27481252262373673,0.2434249800966082,0.23354473181060212,0.25663538512719763,0.22903794736249442,0.2671209191588664,0.23157779124846536,0.3119581664042375,0.22870414666786926,0.32327410371014664,0.1952755879012255,0.27817631796897224,0.22463997310503064,0.2271413623150334,0.20122440311244233,0.24436453574233166,0.24555492500538725,0.2890615266615451,0.24657335958800236,0.32781946321542543,0.2202135502185732,0.3181321230307266,0.2909097269563444,0.20434185155951,0.32567506096579224,0.21687148131339304,0.24342390029200578,0.32632994707771595,0.3198779785585521,0.22247914640390487,0.33682762282519824,0.24788739559521952,0.2097078541517637,0.2362012397132711,0.3121128428799168,0.32469737954477523,0.25856447544317773,0.31277735162901554,0.22616847896131304,0.2249822514727343,0.2918284411887025,0.20456734051777084,0.2644256663636655,0.323287037233303,0.24653524400064616,0.2654508854624208,0.2670890230348857,0.22378028886803328,0.28035929185442393,0.21176265806904845,0.21603383286511801,0.21920668295509035,0.24099574102581567,0.2578275442004399,0.2520835340457408,0.210159899513959,0.2565582199430871,0.2375888018864881,0.2690167213763313,0.24835928823523598,0.31930691967668257,0.2086739662734741,0.2821218651773614,0.2450347173528437,0.2000997844463793,0.19256877715197318,0.31554211030987217,0.30061603051329794,0.28280016936887875,0.3548376980689486,0.23735280444167187,0.2655841645214739,0.23498583270000306,0.3263966246505177,0.2115514641198225,0.29400279315437033
0.26259673354547725,0.2980203214902817,0.2897170930469958,0.32855420964182536,0.29834249692783993,0.23602084957817632,0.0,0.2796399157023901,0.2420130007478137,0.30178269782466044,0.27363954643934196,0.38219652724606784,0.2558267088820427,0.2652999782523136,0.3790495452764841,0.2601661353281151,0.26462776066593013,0.28945748451640624,0.2812859640758696,0.2213040722657152,0.29368153599476937,0.3165125989049928,0.39518098410856384,0.29893213124831985,0.3051653557630152,0.33235047251034566,0.26519911588036194,0.24373623996339502,0.29291190126527167,0.233641202422352,0.30864870280537543,0.26682778823047953,0.33800678098423526,0.3334193009867428,0.27030378425144674,0.31590362995074556,0.29635963754638206,0.2661381958104813,0.30084923441178674,0.3337964289488643,0.33053336914448966,0.27028418848220387,0.302220375506149,0.3003092742005702,0.3520991210289038,0.2917195960693675,0.2900133398549097,0.24708468512826323,0.39279830551525563,0.25335906689097165,0.33517645308998184,0.28826191222535935,0.21186479373906858,0.3440916192407614,0.3697123760340081,0.2455255314456244,0.2587002954189103,0.3190989907624339,0.2851786501870039,0.2712103722071042,0.2105356854497506,0.22727697339378508,0.24056250149937428,0.2761384880282131,0.2322252788977703,0.20571577081256875,0.28010348086141457,0.2843506771935516,0.2696483909998311,0.27093354136371695,0.2914297656004795,0.25331422631839823,0.22371495640630554,0.31649670782022016,0.2168068511209269,0.2179460210923884,0.3117321599406728,0.38406877526131994,0.2698321459680628,0.17840540548978792,0.21376683286978868,0.32480894418977085,0.27132471627113114,0.20641138900188846,0.2666451121556152,0.29630382813883244,0.2289949135371188,0.27240378610497806,0.2681254603790942,0.24110575207224255,0.35196354069812796,0.4031498243565943,0.29455481219589796,0.21234824437072186,0.2823664981947471,0.3282495576039652,0.19970678182545237,0.34464149701037244,0.27163332947068913,0.31483734756250076,0.24225218255121517,0.2820925455957693,0.312179941522229,0.31889128507329295,0.26023772973008225,0.31001108082497403,0.23218082048162406,0.28306440431950775,0.324239892142037,0.2567038320994668,0.35121953470849004,0.2899089542046556,0.22444823018190407,0.234422061061614,0.272903220274804,0.2936110417342598,0.2381378879404688,0.3004565138178393,0.2637571979338499,0.27964001715988035,0.2832048233285724,0.2648473544269656,0.22317821280045388,0.321572857528914,0.1982879281994853,0.33549289720350606,0.23880887917908955,0.3865040968184362,0.3002714033712792,0.2879231908664588,0.21840379815891328,0.21938505407440906,0.19788394971721798,0.25238207396996026,0.22514905727268178,0.20093501105013223,0.2313091559380308,0.35198512786880126,0.3186233175450231,0.284504632032967,0.23970674062470776,0.2550620841184689,0.3236056640159726,0.25910704866905243,0.2860976795578392,0.40073480985375987,0.30928048135987846,0.26580535394307137,0.2902178704584507,0.20871154074719087,0.265256669925473,0.25227146975720605,0.2669070374756042,0.3066086333516155,0.37918491762656914,0.2750728141102213,0.223870481741856,0.311618644215685,0.25440775244261543,0.2681678705548134,0.24072931673938486,0.23367460596815467,0.24169623194629866,0.28190076807181863
0.31496792390124867,0.4344218231599416,0.38914253114096414,0.2944622556428993,0.2410740526531265,0.2973661626820889,0.2796399157023901,0.0,0.3621678247358067,0.46086956575904814,0.2614775477081322,0.3428155899269011,0.3064823737255419,0.28373713255592636,0.31769094837730866,0.35170259376466806,0.3829406980682938,0.33467672768108253,0.3404245955571115,0.30175122977845786,0.3669978903037179,0.3172215760393714,0.31976314738950407,0.2804910418520505,0.3682509426568339,0.2666932061982302,0.29038597091234397,0.3829003451526776,0.28153494380213495,0.2806879496403151,0.40503204974971846,0.3370039895203267,0.2904236312895534,0.36105730516428497,0.29527041407635807,0.30878138240985215,0.2947668811589017,0.37672556166548954,0.2954521483647739,0.33555295753817,0.27980699073593457,0.33892864026883135,0.29058196892912436,0.24208970451899126,0.41722239338764866,0.33524653804976656,0.28223263795467673,0.22330788683184108,0.34414366936168,0.27389227969167274,0.3276023566616771,0.3127389317190586,0.26949681955870275,0.2995891135947541,0.3091572128214451,0.34308643011697193,0.34405425893914626,0.3355338296066928,0.3189580928158484,0.31741341302637577,0.3331892557865448,0.2537282376132858,0.29629760855569537,0.254221652752548,0.25984032491414055,0.2646381417004767,0.2806329829055484,0.2909929564041699,0.29620872579794255,0.457181486469768,0.31436487586847006,0.29837997436269803,0.2588688373646503,0.3898902683435805,0.38775930542016995,0.26681270379173894,0.307504168091263,0.30691793826010266,0.3711846063715974,0.2181637727295712,0.2813768773793543,0.36513272350661113,0.38237068936965696,0.32428691755967287,0.34803557069352614,0.5203946886040479,0.3025611552199463,0.28262122104142207,0.4351064902768723,0.30751150561684804,0.27824810171433706,0.3102764741519122,0.30196663140448965,0.26321695138833373,0.36901032541370277,0.30474047355048456,0.27717693547183925,0.37108102831028195,0.2586179423305058,0.40416389446554657,0.2617508443438762,0.3250780503069673,0.2358061759357513,0.3327225426313241,0.3406545844334371,0.3945669445845328,0.2948252667680544,0.4306273841687576,0.29173999798946587,0.2863491599506862,0.26036532466407564,0.2801377283649874,0.2808026027333794,0.3197464564994546,0.33747554985888234,0.440787693080064,0.3538637423976138,0.29603760312165717,0.24937611418357125,0.35198607181732877,0.2779591349311917,0.3418302550362447,0.26501616306483133,0.37754088510534106,0.23852836089281892,0.3179650627576594,0.28696908804624843,0.34305098028579134,0.37706599563289234,0.2847485399883673,0.4018991690365325,0.3294699938436987,0.26946350345407505,0.2954358653029023,0.25769697897845767,0.21607575039863777,0.27720182223463347,0.2966332144281565,0.33025179645162867,0.32216458473332615,0.23400017482861005,0.28041585161383975,0.41610152825678925,0.28530223691243717,0.2858747276649472,0.3084784317014893,0.3947530366723725,0.32050365317741525,0.4407565790315121,0.2595918978048405,0.3120624932438002,0.31872982401737443,0.27931437790298064,0.2667629646078602,0.409095380674215,0.3382780376778012,0.260469012299666,0.3726069928753947,0.22214522310230184,0.3138634428901376,0.2977413010893352,0.30211231576771413,0.3033025405583578,0.2988174859639227
0.32799561027741897,0.32051374748184197,0.29431059612925703,0.21412189761316247,0.23798385571795985,0.24751691119237848,0.2420130007478137,0.3621678247358067,0.0,0.30509502113050846,0.24917616849948757,0.2977249811400351,0.2488538334610591,0.286897811135784,0.26002419684254563,0.30969128024446846,0.29167084996249365,0.3249789981347549,0.29167365298086056,0.32423449191998255,0.2953494399000448,0.3459491964816074,0.25341845736918117,0.2652086638198587,0.3236979686823119,0.2262328760760314,0.25677029854643224,0.29069991745502816,0.2485880662210611,0.3484060508118556,0.4102355544003382,0.3122406916302307,0.22317277334178515,0.28479965426671966,0.3137097791263208,0.2556551317718293,0.25981205861738055,0.358777929807068,0.2710064409736256,0.26280190756338445,0.22623333176578744,0.3611663451903592,0.2827732204386925,0.24717671849755923,0.3443632911910747,0.2498207048478047,0.2504696717527582,0.21918931916102746,0.31400061192635537,0.26033209325075357,0.24946370738184803,0.24860619976296836,0.23241987021582716,0.2504232572258065,0.2609054110891077,0.34451809112891857,0.3050689456234337,0.28870216563906714,0.26999948571276966,0.24742879270591217,0.2384258215465374,0.2286219250497393,0.25102719347655106,0.2718333070153954,0.2641895870739019,0.23897271937359557,0.24470886383063828,0.2636786663871729,0.25904099467350583,0.3632404174368532,0.31533968116219585,0.2965055839042405,0.2658134125696835,0.2741970821376344,0.32769255015943055,0.2623886590158374,0.2347092391007489,0.23502225534640458,0.2762655444207572,0.20680442819966505,0.24293374083116923,0.3510795284349335,0.35729961950373346,0.2511293674758931,0.30334696482395734,0.39967873592300496,0.27710194584692194,0.2735770766565694,0.2958506073119081,0.3213454333873332,0.2637282202311144,0.30951861583121254,0.2639063949038019,0.2512706686354591,0.3131204149771748,0.28644080040187886,0.2767829552023471,0.3257318206343331,0.30749625706031825,0.2671216049642286,0.28034758080047556,0.26389954823776435,0.2227983379053475,0.2661606815118311,0.31066392636729834,0.2704850794416205,0.222001263053294,0.33675669053556645,0.23413503177342412,0.24640194533491985,0.23912230514861807,0.29092316427743126,0.2322412621342719,0.3009036986998408,0.25703555062532296,0.32006574240573127,0.3001958258258019,0.31772427036552336,0.20232927832188488,0.29730124333581687,0.277206296340109,0.2483808507918906,0.2618397024433708,0.2981887648250205,0.308888516168209,0.2599914615513208,0.24526024666840532,0.2894859914474226,0.27355432645251077,0.2608893990280224,0.47833909827751614,0.3047950313701583,0.24230203184573268,0.326418408915458,0.26295022995629663,0.22667185397534945,0.3092090857875528,0.2632583612685982,0.31785887365694604,0.3177837475385648,0.21205330692487787,0.3074110707634145,0.3087332724890371,0.2884272630762122,0.28279519913670553,0.2899743626676088,0.39392898407680027,0.2335909244102454,0.37977238190771984,0.25612688521494226,0.3330045846124716,0.261654954741338,0.2790611585412752,0.2424035157636404,0.30006832707532516,0.32594692663174674,0.23301351253305008,0.28550274132102316,0.22514091536906158,0.2693382614762028,0.22591023326058846,0.3166383806420235,0.2798973217379424,0.3112700131943413
0.3332271336840364,0.4570414490080677,0.42693995565796483,0.28431048454497543,0.24671047812958483,0.3036702317727655,0.30178269782466044,0.46086956575904814,0.30509502113050846,0.0,0.2712103261682296,0.2825413750461465,0.35054375414375233,0.32170690256183415,0.3047042747450793,0.3524787513600416,0.3705370845525626,0.37029254797116223,0.2891547592083255,0.2815354511393002,0.31937628310903493,0.3272147705356265,0.36839588889635233,0.2806689560781286,0.42548488658055017,0.3113798841635724,0.284316531767167,0.40511627075659074,0.3318843864650235,0.24933746484554206,0.3644400625390877,0.3638393675893182,0.26570603341657406,0.37840065668839046,0.3175985004024196,0.28831781391516786,0.3318763169495984,0.3151444538303007,0.237135305785454,0.34384698299586297,0.2531578905840807,0.3449616545452962,0.28343593737610856,0.2524724198097201,0.4290329614356544,0.3177391122926697,0.28380345400103796,0.24064696750040934,0.40648388434255217,0.2498564814650891,0.30745934642988787,0.32490979809331816,0.23497090186758293,0.3155441130602213,0.3257609120031691,0.3607599277764314,0.29756016863067236,0.2769937473285402,0.3164945520743043,0.30428086651678155,0.3215497735393941,0.2458814837600988,0.28425120849207236,0.24057073614265365,0.2414036990083443,0.26619057299223675,0.2861283340865098,0.3280142344756764,0.30664409693238004,0.43870975215825386,0.31860476434875734,0.32252075327686514,0.25066798538048723,0.3868785831288467,0.33732955913630525,0.2842843819189573,0.3025431516397597,0.3352055823689886,0.3026617897156804,0.2298796422519822,0.2826843560697373,0.32221047787301543,0.3822221101083918,0.3330282748743168,0.3013337204659023,0.45522549026263504,0.28434235067716657,0.2748873512902236,0.4089000178250685,0.28125252719176064,0.2782186878311451,0.2911040531158306,0.28807269076333025,0.25161552978832,0.33124471596610966,0.3238737210723959,0.23115542144760726,0.3810506739701123,0.2518478683152304,0.442494253481191,0.2712853221302939,0.28615010963200865,0.23378676897904505,0.30677426415523884,0.29582655671430397,0.36651867029471147,0.2778187322378352,0.4904111271508288,0.29725879444763625,0.28654606796995225,0.2752466692677322,0.2608490146426107,0.2983995016115034,0.2811541375760926,0.32905406743103083,0.4521279830758741,0.3539698426159834,0.3081248024964771,0.2775758570696315,0.35555840280713513,0.25629004465686706,0.29194001944804127,0.26270515564997615,0.39198786713632605,0.22820384860615572,0.3581955579163372,0.2712515840103843,0.3100475751942132,0.4119296901143472,0.3006433643200551,0.36547726043569756,0.29875830754772736,0.2587958065708779,0.27124758076778765,0.23683979058048713,0.21627050410469276,0.27672765093049245,0.3237669151224676,0.3361925992046712,0.2727535925760678,0.24885452639960096,0.30740093430805265,0.3567315499446123,0.24906557811236915,0.2904558479081885,0.32131772521011404,0.29249461178625136,0.3186751139709899,0.4842818325940104,0.23416081457376692,0.28127620141204257,0.29508635837516306,0.24533117873034657,0.2658751000583492,0.3400538804692766,0.32064780943368987,0.2487160861985463,0.4132821018439594,0.24464732969127845,0.3587834511887999,0.37231575435122577,0.31097458882631945,0.26244016345188986,0.27629703226541696
0.3449564914036926,0.32654207943173136,0.31414499701665394,0.27204296151387786,0.2736661042075688,0.2956460690612851,0.27363954643934196,0.2614775477081322,0.24917616849948757,0.2712103261682296,0.0,0.28359764820433675,0.32438038908498507,0.3026476505258405,0.2556720642109254,0.33590747484694655,0.3333913137867922,0.2954781525141794,0.2617063859835125,0.30320401204687764,0.33150882607067433,0.37087368961705486,0.274794600557046,0.33240743303789944,0.32504933056771884,0.35470230406537534,0.23419728561722045,0.3441135182022502,0.3760139945175525,0.22038925128406542,0.25902986476681744,0.2734929727577757,0.2503282104861534,0.29899402646210427,0.33916558823521337,0.2870504876638325,0.36787546145978867,0.30581123980947106,0.2990405662827778,0.2960251996224227,0.26016053011044826,0.316232306634399,0.2603193248351184,0.3511164945256138,0.2939872273074664,0.2412532625506196,0.20169129899984997,0.37266340260964714,0.33275858828733273,0.23616790283918498,0.29797180238802995,0.2944217531923531,0.2191887700098346,0.3368098934211778,0.3401294749068631,0.27009943656490376,0.29670643396897156,0.30130093632776134,0.26585794109963456,0.25828501448117014,0.3410444776708879,0.19962155264278514,0.28731648436899093,0.24216018607865805,0.2124905923170454,0.2371613494606681,0.3519536837451493,0.3022567918567295,0.2571741450858544,0.3236805368932403,0.3167700446351295,0.24886181749983016,0.3230819664974797,0.3176949471431606,0.2866731293987769,0.25793317068990473,0.3253340659270037,0.3110275169920679,0.2590308727853076,0.24250122991311604,0.2911738478474121,0.2698991309022822,0.27558345782385546,0.3173158577030826,0.26500636524468446,0.30030120456495507,0.3372117767432808,0.22360519290295522,0.23029562259312508,0.290133357598185,0.33050965793990694,0.23111353387025815,0.2887421568255029,0.28235045665834374,0.2979671040662379,0.30568132516369956,0.21887028051702814,0.24850642214028645,0.24082894644479622,0.2642942198508003,0.32672258864754855,0.25415238343863533,0.2190537436760841,0.21744375560562623,0.2597867916937544,0.2499666202326109,0.21920976441967008,0.3244686150182194,0.2413664113423448,0.32843799166593496,0.35376852922879853,0.26990681231641755,0.30909054389312607,0.26435244166258026,0.29384970891649387,0.31329901746582184,0.26624783064803703,0.27207196652729626,0.31381576701599057,0.3034721875969959,0.3002060927639016,0.2378680894598762,0.3343031352726875,0.33783291311231645,0.2790954376177774,0.3267966865291627,0.21372389745742762,0.2847277202562137,0.3276977542430027,0.2492591186901995,0.2215583502883848,0.28848969133414415,0.3018716119863129,0.3623148644685247,0.3475684311692202,0.24817562463631435,0.26481290283926817,0.27959104184600175,0.2934626623495781,0.24408754527396426,0.2624494955659015,0.3115320695325822,0.26617879954537016,0.2652531648559115,0.4134225191850169,0.24800683938734483,0.27254245404755434,0.23191653794476266,0.29248914397647385,0.23708351934074423,0.36502463997455187,0.24276912341002144,0.2974193442275996,0.20506761346273938,0.2778131490995443,0.34919976230525995,0.28745791975009677,0.29755623477055704,0.2973093450067825,0.27991603619038524,0.2434997168547333,0.34041608744301866,0.2238674053958802,0.4938253706578706
0.2559383720562711,0.3302901208841053,0.2838337210553694,0.2967688445034106,0.27020839698311183,0.29284892353927633,0.38219652724606784,0.3428155899269011,0.2977249811400351,0.2825413750461465,0.28359764820433675,0.0,0.21853271659369927,0.206938640113988,0.3073815603462703,0.2690089062361746,0.27641641232837716,0.24487042606887063,0.366194718765556,0.24073768331312106,0.3527679226576189,0.29074518776753777,0.3064284102624725,0.2809566122151912,0.3327890426549663,0.2675958092956265,0.24359081960060824,0.24525152513060836,0.26752479393710793,0.29331282686738386,0.3416725926314679,0.2583378748250917,0.30162161983258495,0.34593245996956157,0.24470884778272942,0.2873458823116942,0.27187214961495837,0.2843729553874943,0.3497947664878089,0.26929690819664026,0.3038476122536322,0.3355220854898427,0.2843069868964739,0.2878148978324108,0.2907424858696155,0.2642526661173808,0.2846119692887502,0.2325013384846486,0.2927676587570776,0.24629846946359865,0.3304686193912273,0.3219927423051135,0.22516372393440637,0.32894147343817537,0.314759417136805,0.2798336795894713,0.29948596899036295,0.4084738213864655,0.23034497868593173,0.25657046787763554,0.2205694035527773,0.21698009638444007,0.27768540875909364,0.23383474608624147,0.23259609157709615,0.21840028792747937,0.22799401963651053,0.248846380038022,0.22116487594675477,0.29223214579922335,0.27470383513379554,0.22056340320722218,0.21974534347439328,0.28186900743479243,0.2625346854032152,0.21842338098418412,0.27441162357038984,0.33907195922888234,0.27959177460048823,0.19227174827060198,0.23762652257448433,0.35167225346276937,0.3206476004926748,0.2111435034336137,0.2879604401212668,0.3263538650679992,0.2451680291485036,0.23637014304881335,0.2715240939399615,0.2884228724060247,0.31888908249627174,0.3551532271290781,0.2703256962466462,0.23685171214770595,0.274152531613284,0.3508655042128907,0.22841049787878986,0.3518641744294542,0.2509750141494537,0.25573778298681477,0.21936749518077103,0.28041925027875664,0.27432613785552845,0.33790309107904165,0.26775520334865,0.29336145053399515,0.24717285600920225,0.3045500430575332,0.2501708053496014,0.28345452219631895,0.3991493429146611,0.29294315923572933,0.22099802931855855,0.2789634579284184,0.2582497252281124,0.3126750078991003,0.25993778370437004,0.27971882620071076,0.25583384389293834,0.28612477049886836,0.2632219519148578,0.28977543619457946,0.23726337525624383,0.3239939833063493,0.20378226375098382,0.3253664233488232,0.23355042061704495,0.37207559904547427,0.301894975047983,0.22730863317682373,0.26845578481772464,0.26466948470936374,0.20342766859824135,0.31973814408457285,0.23946754654221158,0.19459084705410212,0.2621658314795306,0.26169725120310144,0.25885510156266434,0.30392631118007013,0.21192124019560282,0.25455705567324166,0.3261968642126641,0.27960274756517317,0.2921074255203904,0.3557654108568786,0.4559552444854351,0.2582348438685755,0.31760532887353055,0.2449305959743346,0.29269093402879376,0.2834826705299869,0.27010459820820804,0.2505256055037765,0.453343676464039,0.26499311363202627,0.2215916792012774,0.34182114350116266,0.20976828966887637,0.2516406713428652,0.2070214669508328,0.2525066637873131,0.2599406115277417,0.31110220915066006
