0,1,2,3,4,5,6,7,8,9,10,11,12,13,14,15,16,17,18,19,20,21,22,23,24,25,26,27,28,29,30,31,32,33,34,35,36,37,38,39,40,41,42,43,44,45,46,47,48,49,50,51,52,53,54,55,56,57,58,59,60,61,62,63,64,65,66,67,68,69,70,71,72,73,74,75,76,77,78,79,80,81,82,83,84,85,86,87,88,89,90,91,92,93,94,95,96,97,98,99,100,101,102,103,104,105,106,107,108,109,110,111,112,113,114,115,116,117,118,119,120,121,122,123,124,125,126,127,128,129,130,131,132,133,134,135,136,137,138,139,140,141,142,143,144,145,146,147,148,149,150,151,152,153,154,155,156,157,158,159,160,161,162,163
0.0,0.5119553995577198,0.40616363144519013,0.5250645998261576,0.38607461908856394,0.4740846467006544,0.5181480467831407,0.4660915854346808,0.5510055037319613,0.4268156478029397,0.5007229768873969,0.4748754125822438,0.5495619337144416,0.5118480497835403,0.5415610958776411,0.4756226497410023,0.5284914707799228,0.7003732610558202,0.530535362778426,0.6576285029000796,0.5451530173953685,0.5016984703746217,0.5141991477330909,0.4855825477765288,0.5680402809585685,0.4682501795543127,0.45911271882828825,0.49683276166941936,0.3905472523164965,0.4787658964033606,0.5794587149938609,0.5382296880713958,0.5223028873031857,0.5209315066447476,0.5925058743708199,0.5299000591893125,0.6061106405124144,0.5843274128545524,0.47437766691803235,0.5053867892522835,0.5177940675528355,0.5294978408736339,0.5679562950379757,0.5467020847020454,0.5587618775853872,0.6412619157057949,0.4589667241745484,0.45855644679135643,0.5976631356415847,0.6385294543795369,0.6093715139817331,0.5364274152603237,0.5332495133371381,0.5275200307429955,0.4843501996752242,0.5114641897464263,0.6951389508141653,0.4857882606871715,0.512930984451674,0.6316817328658197,0.47194611829353283,0.5123630658434988,0.5205634930603816,0.4718568021539552,0.6081518003378994,0.6061331158701122,0.5378284802374673,0.5255600398443725,0.5344865491733765,0.5202197005832653,0.6180207107547484,0.5692488011124347,0.5078932986401659,0.5629505851206139,0.5300217139262083,0.6009102734707154,0.4676364782648733,0.43882004216573156,0.5527527570780923,0.41771553510874726,0.47749118834857635,0.6310875351009974,0.4914064738629925,0.4927749480027423,0.5663951538177362,0.5813724475594773,0.49117859324798235,0.568091541669518,0.5502150128790368,0.5212592190612187,0.593789828289672,0.5789550320853935,0.5425937210493609,0.6277488899542648,0.5611147256591632,0.508225987414712,0.47988082611276106,0.5152360139693878,0.487446820971654,0.541530747755622,0.5424351942078804,0.4450537752872741,0.5361521471445628,0.47487837435129776,0.5858789484825282,0.5341696314802636,0.5211535785415577,0.4974168802613816,0.5647981015802368,0.5123959955935457,0.560268132363013,0.5861359963471151,0.5492783732854508,0.4862742746647824,0.5958948120952811,0.5192099138833027,0.5424668191892567,0.4785277957971955,0.45387230206538276,0.49356379559049474,0.5213988260747928,0.4673365456205298,0.5633918427200377,0.5707387906854332,0.5082085378776894,0.4676675157099989,0.4864261524367546,0.47186370625349644,0.47166003708318543,0.5707871160464071,0.48873379368354664,0.4740186313186134,0.49840992051071475,0.5413796451127337,0.5324230712291339,0.5153963678469189,0.5199883253187859,0.5523144088193296,0.477881037818545,0.6048842449211954,0.4995359290354387,0.5377536222454247,0.6154073844259667,0.5007434049575473,0.5751849336448972,0.5450438008130662,0.5100732946635238,0.4747908428713604,0.49348664452299673,0.4038419239502139,0.6080130350608256,0.5076772683325403,0.6036041258745813,0.440109248852451,0.5463914386008112,0.620954396584892,0.508383286092367,0.4750572739656889,0.49783449009288094,0.515115387242369,0.46934281372812026,0.5757578537585759,0.47777697433285876,0.6013412336120268
0.5119553995577198,0.0,0.47214106561560637,0.516654875215509,0.36677804408177245,0.5032849314516734,0.5001791461205582,0.4651765685280013,0.4752359611328034,0.5856172436612475,0.5061407721051964,0.5300480583949958,0.5251359172328638,0.5055906886669693,0.5151831500533904,0.475850955914571,0.517545995246244,0.5331060720645732,0.5086499619913225,0.5316964769265535,0.5141545433528876,0.5768221809077922,0.49138455070787984,0.49548534049785564,0.5961857621209065,0.4083064653999951,0.4875857183798476,0.47732123902300505,0.5359563945283302,0.44663295108900203,0.5214245748251661,0.49826889149048337,0.572839806653971,0.45700483155323113,0.5007495620220962,0.5318635556617385,0.5131789899615623,0.5324630065819246,0.482804635614655,0.5095658816955725,0.567994830750434,0.5160543848550851,0.44510041750195345,0.4913747547100197,0.524367419880278,0.5174148613477332,0.43079906579271016,0.4424223548371521,0.5261784122981207,0.494316299164282,0.4802930536004672,0.45992880962666693,0.5024426199599932,0.5733358887330144,0.5027631482406228,0.5207900293992789,0.5037535929197176,0.4724851435685272,0.4893325082479181,0.5499879578660859,0.47588785262369,0.4348694740278378,0.43162180685165275,0.46596875409452754,0.4542141911016728,0.45899372657325016,0.4898071367745209,0.45767970006187186,0.488616093714414,0.47525704851358785,0.47278653460725206,0.49092886680908715,0.4238803607017771,0.508998472054591,0.5427750639757326,0.486392144784682,0.4265430506980987,0.4542845285248706,0.45687424471438043,0.39299422977946424,0.4833264786257538,0.4776024664913906,0.5214772907380179,0.49257878748879597,0.4568499543792694,0.574089963178103,0.42158415320935994,0.4390924186427286,0.499317365113198,0.5279578744546715,0.46906096847883844,0.5165686996608233,0.5314984789721535,0.4809979049763653,0.48763133348825694,0.6239137305797028,0.44577438886085646,0.5176019244933728,0.4250541683873697,0.4878514363441772,0.5247487531279783,0.40076340162066887,0.42838223507962503,0.5807338656047574,0.4623150278867889,0.4708835622483658,0.48349888265149676,0.5494749816570693,0.558126102626592,0.5752569025628921,0.5017972398902513,0.45551550786893114,0.4677824481411293,0.4806642830959534,0.4792158907593201,0.5002785149011743,0.5002030098985548,0.4797013896585536,0.4782755453246845,0.4682225629056033,0.4474297074827306,0.41714388325133034,0.47296817439685396,0.5205072113515137,0.4422862087353888,0.5698020752151932,0.42882113520476517,0.4699987147098481,0.5617329439093758,0.530201170429728,0.5362163057656641,0.4548246212380678,0.4388552409678209,0.47511331957124064,0.5281188141496952,0.4564963769770491,0.5084994668965432,0.5011000063735204,0.5182841083301198,0.5318472917224321,0.5230530156907836,0.5372236242990408,0.5453721254915647,0.4839128801682331,0.5613573691787592,0.42576754189723803,0.4859608165176207,0.544173351009877,0.5916703072636517,0.4505385358942366,0.4510714620493367,0.544805593593737,0.5620843324741426,0.5140405664018532,0.5826695191157396,0.5307363541317257,0.49909853449270497,0.4893868877182632,0.4859034047133995,0.4252197895563659,0.5231419554261075,0.49326067732311124,0.46885723216263797,0.4814157595403622
0.40616363144519013,0.47214106561560637,0.0,0.4233087570135684,0.41567510572808275,0.5410362142136735,0.42288341692060777,0.4183043141044468,0.3580116005677656,0.4792226029183351,0.5143035500481741,0.5005064210411082,0.5013036480223516,0.3775695468071024,0.42472327807137844,0.5765030686512091,0.5043345165042071,0.4077710310561523,0.4071355208621556,0.3953024202158631,0.5362229663865029,0.5562649302875448,0.382057664492558,0.4639644887025521,0.4555981456771988,0.45589172988168863,0.37361008908815063,0.3770245069617678,0.47535929050979825,0.426751226643729,0.39191689917229316,0.46870611946041224,0.4587878782751296,0.3815401327724905,0.36402246163634616,0.4424215885437102,0.48516632049389763,0.4265273918822038,0.4354323232230746,0.4356822459778649,0.4629123241586454,0.451998528813252,0.4589375468823228,0.4740409530063061,0.4360945365741416,0.44103665372978806,0.4644570757625685,0.5220721098572162,0.41435288517588265,0.43260122064041556,0.45863415841201827,0.4681396889818385,0.3746498027450605,0.5223375380782643,0.46576823783181953,0.4159513546371389,0.4166363963046014,0.5284687980024142,0.37961413888360646,0.41886501653842684,0.4273142149055829,0.406207467740497,0.4642902280787328,0.3712366857374381,0.36868546768792654,0.40051094741036686,0.39820948238737836,0.5008562225703734,0.4417579601386471,0.4213394370338981,0.44922653627475423,0.36141860921930075,0.36128089370950317,0.49666268709575134,0.45419483958848283,0.36194362042078143,0.4595701615820097,0.5127223917056011,0.398623966974906,0.3905078386819445,0.46729395494593384,0.38874536661922937,0.499102396562846,0.42668883943630503,0.38789365703668655,0.44039809911591316,0.3886183723017229,0.3652686009540742,0.3872585075739473,0.4020075395309981,0.4565618239646715,0.37849732548258663,0.46863149623515404,0.37553018751374734,0.3858915154221974,0.5226165362968034,0.3814013599106524,0.4094816842702702,0.3402445639572868,0.39281602290557693,0.3769948042664821,0.4173552145203031,0.36983819805888274,0.44477053605080596,0.37889748184898203,0.4966761674159259,0.4751516381476588,0.4366267506565877,0.473782945192214,0.5415068401909217,0.4660909197925478,0.3851631951502835,0.4113090774244059,0.38026397109103616,0.40222364570348357,0.4467519189474795,0.37771235980582546,0.4338998384244858,0.5315302701049441,0.36726798577471786,0.41536819205492215,0.38330749149280097,0.39265034467851795,0.47702034995024245,0.3339029031189466,0.5430016638112218,0.3834032415981096,0.5148882129246672,0.4913541009629412,0.42968984588801157,0.4025199300676118,0.5180657147053782,0.35895613335488696,0.365236413022657,0.4359300951955265,0.3851156684922669,0.4440970537317235,0.4029274576259055,0.41316850469682137,0.4205953577070166,0.3939430510577878,0.46813314153639796,0.39534192043129024,0.39886478907808903,0.48224005437760753,0.3826961264143505,0.4626223311088415,0.5011746395066002,0.4705697917180368,0.39643372254266934,0.3621160023500393,0.385722311604017,0.43607211899433135,0.5416412872695989,0.49891167381781887,0.426123541781762,0.41332088902240016,0.5380567681868583,0.3511452180102587,0.39005702271917764,0.4283659865731785,0.35954157230982675,0.37019405928319227,0.4132439504122329
0.5250645998261576,0.516654875215509,0.4233087570135684,0.0,0.34861900688357944,0.4584526953546719,0.49449239933494915,0.5102757317131328,0.4554756387609562,0.46287215059187925,0.5218021657375214,0.44780108807351704,0.5887752216602876,0.5653472709103489,0.4883728983745182,0.47212605660360624,0.5283959893306932,0.585451039526488,0.47206749574211043,0.503688840774646,0.5036025935714786,0.49438717277643474,0.5108707099038591,0.45232702764916216,0.527381306182167,0.48409382082416824,0.585687995585205,0.5457646750277839,0.41968238934087865,0.4066136394189839,0.4829935733167112,0.4996304436757747,0.6203750279866684,0.4974652535210308,0.4877192627280416,0.5432381506912926,0.5549483741749129,0.5727406652689961,0.4605632854553244,0.5687059519702781,0.5266991490050988,0.47397423001218886,0.46872750399737817,0.46892968506745875,0.5888239348891726,0.5816205330243028,0.38613801485998306,0.42654195232517617,0.5384392382993902,0.5201809530286795,0.5529004144055185,0.47678018527269095,0.48983839518487204,0.5854164565542345,0.5198470850228345,0.4607246439285572,0.5478792581639517,0.4717155825006913,0.5171520784536832,0.6267561291712557,0.581862993902758,0.4845907749908733,0.47604957607473203,0.4553249614329076,0.46866753961987534,0.5406964580045288,0.6852417589401203,0.4657468834114362,0.5530744551963123,0.5535158270169787,0.5073764828538684,0.51674013398124,0.5088560874088887,0.6276395446891053,0.5673244253645454,0.4884176861907651,0.5251494994724344,0.4361348760443522,0.522241342083057,0.3930020966309637,0.4558251464031737,0.5259803707893292,0.4448444481478199,0.5473951227108652,0.5324490556082597,0.5519526545147813,0.4955302564584173,0.5141764208365973,0.5510542910814858,0.5070869383612525,0.5256261943538215,0.5006723473530388,0.5011317724528731,0.5149631240188466,0.5757404349455257,0.48778513426447656,0.4754798331179011,0.48116232295731726,0.43637881254455363,0.6038225242343724,0.5483329541418862,0.47602534450071127,0.5192012853684346,0.463349600631325,0.5329840250457901,0.4975730570465967,0.5563674552986545,0.5007371135837142,0.5604313630214651,0.47103322949274873,0.5209369607107119,0.5230465777417306,0.5695448639652023,0.5622995758553251,0.5633315970740798,0.5160076787311113,0.4770200378286727,0.4318772956055064,0.4790271891149373,0.5314846143610564,0.44748650528872497,0.5276927021539118,0.4753390771116628,0.5135820897788149,0.4326745109102313,0.4897731944444239,0.4999303469955283,0.47491271592947104,0.508545234811044,0.5670356211337767,0.456741903225846,0.4661377357407455,0.5699892079104,0.5035892992702082,0.5024300103797962,0.4183952182347388,0.41718084066226474,0.5147155604854337,0.5338016272270824,0.5363898969952937,0.5546982069121943,0.5085494568911857,0.5850995293973809,0.5147689241199028,0.551870524054982,0.4541474567366972,0.4349019015362179,0.5059401656277825,0.4629144857249221,0.41516160154080667,0.5185401260153287,0.4827370758470542,0.5760608354688316,0.4471882722060994,0.5405838126108717,0.5929149628374139,0.5311762271565502,0.47583991437158085,0.5491326783854475,0.5145141956128539,0.5078283698110065,0.48099181422887555,0.49067160456049447,0.5027384184480009
0.38607461908856394,0.36677804408177245,0.41567510572808275,0.34861900688357944,0.0,0.38605370229794617,0.42867908604539123,0.3123882066904517,0.3312055895128472,0.3270439100229869,0.43631490185794264,0.40689015089422687,0.37599987508118926,0.3275722397211375,0.41448400394423107,0.43437331627753034,0.4075175437132288,0.36512693688689,0.35282526511024703,0.3491501735880307,0.45565461180631806,0.4456156226059882,0.35045662839245273,0.4829722773064928,0.35673378069753287,0.43526971084369104,0.3112918506298353,0.3128263800914931,0.36348414941039814,0.43357803509924325,0.3504997212538316,0.3713660677063371,0.3788211303865321,0.3320607416705712,0.34599097026178366,0.3663923050434781,0.4156761306564345,0.36613979806853936,0.4094526349957209,0.3937052370006386,0.4084708648080777,0.3949827260247422,0.42306523121168627,0.5012446805393971,0.34150797474430156,0.37586567905732426,0.47667574527578077,0.4919469387687697,0.38766035672855653,0.4036722146498171,0.429003309295448,0.4386854723340032,0.34180557776749115,0.40655278448041293,0.38068376586159053,0.3564337739834747,0.3937660855755726,0.4233853929520511,0.3281735419570015,0.36523168511701426,0.3174120353371077,0.3580736255513563,0.4009961417448566,0.3282860369204231,0.3630900148650963,0.3443970553800128,0.33487671423480425,0.4607627397677899,0.3447931642486452,0.332045594250061,0.4312724907109519,0.3382602922051433,0.3179097132764103,0.39550155248291197,0.34154469313111635,0.3303292363079074,0.39156200104747896,0.5405047329427213,0.34403611836029113,0.4099827666978769,0.3820752805677604,0.3648622954208112,0.46171298170636177,0.32746502609243194,0.35064852722493,0.36331378103845563,0.3195345839254995,0.33092719818664945,0.3162382858715624,0.3515218796586682,0.4641704051400673,0.34271009876636566,0.4401712440089388,0.3550357429442509,0.3534402885058545,0.3987781057389526,0.314994140375729,0.3314808883505528,0.33443964299820444,0.3243270356062602,0.3446803648549752,0.3287786389740777,0.3306268585618216,0.3361708473632426,0.33295515035806117,0.4114088347190994,0.35919660966371236,0.3411551162428463,0.4086885865602047,0.4446706373088463,0.430101941321346,0.3715939818054584,0.340750727690891,0.3150006715463264,0.35927543573506965,0.3972916543443704,0.3265098644813418,0.3864650248450353,0.3858335523260999,0.31783842891947883,0.520855908816964,0.31822295422467684,0.36178476270914206,0.45940904240405206,0.33182859876861287,0.3939077042978772,0.33378329470417567,0.42633509289674026,0.35141447349854826,0.3789987397654672,0.325109932693858,0.4081446678291911,0.3136637117468824,0.35219713146065373,0.3679798015554561,0.41025667884506234,0.42172626645768957,0.40487634760387625,0.33361492692626776,0.37903358456981895,0.32085004313080584,0.39179235146189123,0.35409694322102486,0.3394339926088849,0.42263826378396363,0.35688048587446436,0.46669048681225106,0.3844624563917523,0.34822584546675317,0.32409965919514405,0.3387776279558073,0.33721456870566474,0.3925833550191742,0.41168404281615883,0.38489353285778816,0.36072383851146395,0.3728950719128399,0.4321295927208421,0.32935320378292476,0.36860828381186994,0.3341631482878637,0.33863403794360053,0.32384247370978264,0.45437296206533195
0.4740846467006544,0.5032849314516734,0.5410362142136735,0.4584526953546719,0.38605370229794617,0.0,0.42746308717004755,0.48116689697387277,0.4269902901721484,0.4825061692344037,0.5129374254706464,0.5409701210052692,0.5501989047761935,0.4059662593976476,0.4216018772271,0.6069656611651845,0.5624874619788737,0.44936354111597576,0.49118746349999604,0.44920551908625994,0.5909448542041029,0.504334416352252,0.40545625143893804,0.43607119127468486,0.527630320347852,0.44361764900104567,0.3914043100035608,0.43206360912114233,0.4316896609929105,0.5146107706256811,0.4488143014851526,0.5712267955183905,0.46614914029232823,0.43422101299206417,0.3963274972305041,0.4605166495885425,0.5391792509066805,0.4877320373451329,0.456810267940428,0.42657795397331194,0.46807064507707064,0.5429129992310496,0.4851691459456686,0.49032986909129206,0.46172206943348937,0.5014270842512283,0.4632476983427918,0.4818926409101255,0.4416256339552773,0.46724026719229916,0.5145967408402222,0.5223097539967705,0.4342944897893551,0.5264216483791637,0.4696777487245053,0.5120038459138228,0.49575179725845264,0.6340247781872906,0.3972152562625499,0.4742120351165182,0.4939208038864919,0.4907452909970288,0.5333142717995322,0.3848230348585826,0.4161892538604137,0.479488108045607,0.4359887533744488,0.5151388292679051,0.44942788011672763,0.49487614258094603,0.5022541948588405,0.39652372986004614,0.41313196838923694,0.5338438348333455,0.5765297669366812,0.43930707397009905,0.48735158800127715,0.486269857025631,0.4557946498156757,0.4714563242483175,0.5853399259335373,0.45140126185586177,0.5546852031648206,0.4957298746308531,0.4663317521176902,0.5015561269627095,0.4721675711027372,0.4086530631264739,0.4735436453089331,0.46986184121240643,0.4970430201498529,0.44053209765774054,0.4898479271746836,0.4546835253944209,0.4382255485439945,0.5458189067772512,0.45003639273850576,0.4732396376252126,0.38336661218136137,0.44395784156236734,0.41913880784064933,0.4647531975505512,0.4136827139336719,0.4634249989861708,0.4437643101821075,0.5449116141305286,0.5650622271213596,0.49083859203561164,0.4805951618920835,0.5503165975018087,0.5154116718760857,0.43264018962281026,0.49437047282562724,0.4624669849606064,0.4555098990458307,0.49936828711757936,0.46360346552996606,0.43665465378966933,0.5179921247639313,0.43216076995677993,0.4282785728285026,0.4517954445912038,0.4563418122959055,0.5557116624536911,0.3823637856543851,0.53621163160019,0.4449308376331886,0.5094813590943191,0.5028405248747456,0.4347327815538693,0.5040163260979563,0.662717223177779,0.4300441199252046,0.43090625816893224,0.45597450471664236,0.4081779607578671,0.4834483709043853,0.3984996777415498,0.39579131523377464,0.4982439243156337,0.424962923685811,0.5537746042677119,0.4617460084607778,0.44751524806311616,0.5279371247404445,0.4072137979715339,0.4969774608767211,0.5827269825482326,0.49964430452184055,0.4556663948812586,0.4224575746294275,0.4569099947524601,0.47246480391887885,0.4551831326769588,0.5878251988140373,0.4911674669695739,0.44894769744529045,0.606102456729849,0.37099808269345586,0.46528942530542494,0.45978759497249394,0.43515344924061417,0.4437996769291746,0.46290105540428117
0.5181480467831407,0.5001791461205582,0.42288341692060777,0.49449239933494915,0.42867908604539123,0.42746308717004755,0.0,0.38256313988200147,0.4116919915825189,0.4424952756879963,0.5112552259297201,0.4650537870634791,0.506303428814368,0.47224570053129583,0.5152451720699159,0.4646558046332893,0.5045267724210518,0.518425670049864,0.44011165521990453,0.45482510594228753,0.49698608322535287,0.5170925300403233,0.5508536116498787,0.5446107857493037,0.48945617810747294,0.4548458371161952,0.4593419785097534,0.4426776710367465,0.4338170316540115,0.4555452550257231,0.44355385326054936,0.4933992797277802,0.4926715611122317,0.46274865341440374,0.46576235870250754,0.46436882146158504,0.5332069854573569,0.4440992460519338,0.444565729289037,0.5844949003956634,0.46796246553189536,0.4955145332178029,0.4575819804724923,0.5113496298520323,0.46546475764862344,0.5005085337988867,0.4602848423713593,0.4548348325639768,0.641240586835777,0.4944290980737426,0.5464115088046143,0.4591731829953872,0.4421863021734522,0.5165859887025295,0.4889006720348615,0.4499007699578228,0.4988366990713191,0.4386597158999288,0.49426568258479175,0.5251956001285181,0.4047203254486253,0.4217859634514013,0.41549122659640414,0.4223117736857611,0.4512605781874523,0.4357857248076151,0.48857346464133666,0.5004878544487216,0.4574296514438651,0.4107844223798526,0.481386949757528,0.46036986296343424,0.4208811635728897,0.5420124251608254,0.42472123610422946,0.46210309654713727,0.4944524335623182,0.5232306853470179,0.4017300757142716,0.40427621707554406,0.41351578486656576,0.4590990506087389,0.48778216268074565,0.3921346610181274,0.4411585636674583,0.44477434119723835,0.3841126809155461,0.46404899339774835,0.4388362823216136,0.44510896091749363,0.5392847159430031,0.4740364947529328,0.5457415207692025,0.47166141322603905,0.47689377402998373,0.47714580955778685,0.37036508998739137,0.4248775535663134,0.4135947253661721,0.47532636683034585,0.4684921389295528,0.3892918693972252,0.43439649899685784,0.4165970838647182,0.4217764552211523,0.46323850141410355,0.44402978570238627,0.4440679786561703,0.5643550790710777,0.5440688388653031,0.5783933067480634,0.4576278363561236,0.45378934582923125,0.4090896611784964,0.4468907670414212,0.4873750044586024,0.4304762362433855,0.49216540751151877,0.4543306497631368,0.41424224944411286,0.4976205431569744,0.3755985894464823,0.44643221129389216,0.5500636099294379,0.40559847750887595,0.46493494584161266,0.43188818864657413,0.46788451476314913,0.4398318464117577,0.4904452093845107,0.4097793549773406,0.4157457189292535,0.4030665193766277,0.4232427421881163,0.44232885144659095,0.43702674461354546,0.4510382997585264,0.532708595130435,0.4500928075110382,0.4675008106557808,0.41991945377349876,0.4890447675654985,0.5245889211257767,0.4252455587129275,0.5101443414986918,0.4736355360154098,0.4475172792418452,0.46049102639683304,0.43629736268656794,0.36433597525813644,0.4296323982889227,0.432752235097149,0.5313557458796546,0.5208252931017023,0.4675848793401507,0.46871070238343143,0.522931800965648,0.4752614195227353,0.4760851626227121,0.4984756833462737,0.43149892386826455,0.43637194860324185,0.40071441811894143,0.5167227058127941
0.4660915854346808,0.4651765685280013,0.4183043141044468,0.5102757317131328,0.3123882066904517,0.48116689697387277,0.38256313988200147,0.0,0.4770865572592266,0.4488246229987307,0.45566201694564223,0.46103827416158805,0.5238888394333123,0.4263147609166736,0.4323598481629388,0.45339976309931834,0.4423259231009694,0.47066325119443086,0.4658311386117964,0.4803250892251421,0.44531986174629296,0.4490034278939693,0.40909359292169545,0.38397721900480775,0.5158762207293824,0.40784800126628634,0.47848882538989557,0.46767990749638305,0.3749900252268306,0.4074483981023201,0.5135019310881339,0.472711169206896,0.4934608693013623,0.4471170416464782,0.4199306113520678,0.4741759024742536,0.5119337543796268,0.5164271633769433,0.4447743585627943,0.40530574388623775,0.43699484425052026,0.43035751294146235,0.457009584413519,0.4063474278564054,0.5860082804215552,0.5002021414085942,0.3559098014775666,0.3992546964209153,0.42273148062218235,0.44758768092343526,0.44953498501206374,0.4150873071231738,0.4067109273527063,0.48073228602595725,0.45643158500537356,0.4375156838835395,0.46090317291497607,0.4918808369044218,0.4045140128410944,0.48466542043141875,0.6372222937665875,0.4420020947566289,0.46062374325048333,0.3934693164083269,0.40438592031325915,0.4827931973503097,0.49400676967132995,0.4283576211481933,0.49568234037226405,0.7273636443981495,0.45870637236647327,0.4169539788455687,0.4247575303720554,0.4903298633071388,0.5794702785867376,0.42964546346656207,0.44620766284434377,0.37127459120959083,0.5215154687663401,0.34591500703751293,0.42127098880287994,0.47472938650325264,0.4253387509224402,0.5598129344128695,0.4455975422467643,0.5416966695533239,0.6074119191884285,0.44324107923568323,0.5333954712282799,0.503109257224459,0.4311802320079044,0.44672313425375026,0.4219562563127577,0.42975127785588413,0.4292846993046758,0.49657477144871676,0.5143116547238695,0.4647664945534132,0.37315243223670835,0.47904484760533056,0.44750267670125304,0.5509089444514126,0.4446637128211069,0.48337232185554896,0.4902344695888485,0.4650029789128568,0.5114967452328456,0.46779011178559216,0.4347273127705113,0.4204192289759833,0.4297923646375274,0.43130759564369414,0.478598847566392,0.5197319564424663,0.46983416557298757,0.4385591589525623,0.4316920739973382,0.4067946489505327,0.4090683368487366,0.45605249701053757,0.37202275149301983,0.5795219452261561,0.41028067806247265,0.43776607873065754,0.37850499988106906,0.47629717032379215,0.41721208150451733,0.4822803329569585,0.46262598152533707,0.4571546654878492,0.48623364871934527,0.4588262404680241,0.5230176646123516,0.43994364332219227,0.48899050144388,0.36746424033994035,0.4168163822316272,0.40368011327004305,0.46278752263709727,0.517871709154311,0.49806636901868045,0.4480046845882067,0.4554501755426815,0.45794455066075346,0.467018366592655,0.4091559520966039,0.43328869131500214,0.4546211579421899,0.4750639354252744,0.39759445817673617,0.4938829240895971,0.4251826216542047,0.472329858824859,0.39831113651707584,0.522182416774584,0.5879374295313604,0.44037664984062147,0.44446205008921486,0.40123819050093873,0.4083069150932166,0.42355925279800477,0.4201458152762591,0.4368398939211506,0.4162408515152594
0.5510055037319613,0.4752359611328034,0.3580116005677656,0.4554756387609562,0.3312055895128472,0.4269902901721484,0.4116919915825189,0.4770865572592266,0.0,0.3973129890628312,0.4085679147258771,0.42847637037938147,0.43328235301345114,0.4574321661159346,0.46402812164574747,0.38823876092336795,0.40860942397515165,0.5089137267859454,0.4625270577044699,0.5351902696517865,0.43467914128847746,0.4402121134164292,0.4173411918350541,0.3895297381081319,0.4950957653253969,0.37728677584043885,0.4279387691034386,0.41698542495119983,0.3508619761640236,0.42424406779467144,0.608785155527687,0.4307502766036035,0.4576791029800319,0.4241615005507944,0.5235702589388349,0.46777470807793625,0.47347522937064346,0.526478439897396,0.4371806141132497,0.39675091461153117,0.4440671082384722,0.48544174251996725,0.43419785096828917,0.4333869874223425,0.47915790201305486,0.46918848475558544,0.377911752448163,0.3769524691508013,0.44311500839837636,0.4791220737272633,0.4461826549985347,0.41847665683913793,0.46498508222281076,0.43801513127566655,0.4056825162032663,0.5162363169054714,0.4919741214649266,0.42930105197221174,0.42965669236904763,0.482434559543135,0.4397744620088044,0.44901506352159004,0.4197025290804416,0.43406053892620455,0.5037291656876062,0.4718727235999231,0.4789540659836977,0.431268993524825,0.44486899600530233,0.5109071669043087,0.49815282631327157,0.4905815162376093,0.45569549388593883,0.4326391671305059,0.48066865327476155,0.4864632322083715,0.38150205606586735,0.36627712008654867,0.4726393159887943,0.35772884898246565,0.4211118808903736,0.624613268501661,0.44025465293444394,0.45216125553924635,0.4808560155146325,0.5474851401038746,0.4935729493050543,0.4780671129269892,0.4856237854985923,0.5919717731135004,0.4539981131866572,0.5958907722399848,0.4245789700840445,0.47085460433690607,0.4983076304252115,0.4878859524364,0.4977106440205708,0.49385685823421777,0.47520592173803855,0.4525783415722716,0.49721383362517113,0.40504942465525556,0.47488217212346484,0.4666475823019789,0.5258923381970791,0.4206591025184256,0.4257601294642286,0.44625288116503353,0.4283996187219247,0.42019182337971334,0.43014904060106574,0.4999538516415687,0.4715250467741494,0.5029134948487107,0.4585291637047486,0.4278228596420052,0.46566907148478776,0.3990110036207311,0.37403413113224965,0.5073454523894804,0.42006620857738586,0.47786147736175566,0.4606939664986209,0.44567485183468003,0.5233214066515214,0.40621386381351504,0.4342280315740486,0.41331018078400467,0.4076987459540048,0.47183046083846203,0.537999376849688,0.4194320313112499,0.478000297024663,0.5856829936319158,0.48863855655156,0.4401471669824203,0.4334535992396599,0.4405821190713273,0.4166287440591079,0.5514148219261665,0.47277243186955104,0.4619005174277,0.5437925025012603,0.5019353160544215,0.4809739913554369,0.44955743884954763,0.4926162627159397,0.41455867729930973,0.45214406315897965,0.3896853875909207,0.5578005554653108,0.4729937269186278,0.48603806422998763,0.38213780385950624,0.48576424717252537,0.5856065497052148,0.41368554112759404,0.40671723074497834,0.4441902563566868,0.4026926857852734,0.4128309072015654,0.5434467419759453,0.5087551291535383,0.4834163271218239
0.4268156478029397,0.5856172436612475,0.4792226029183351,0.46287215059187925,0.3270439100229869,0.4825061692344037,0.4424952756879963,0.4488246229987307,0.3973129890628312,0.0,0.45598104237268633,0.4871660656625129,0.49460197747170287,0.4460531727023096,0.41263449976564875,0.4574729619182363,0.4817092420687193,0.45053590706322005,0.4621340576384379,0.4481098065954734,0.45732354984541046,0.4777593553257341,0.4560794756713902,0.4109883575936285,0.5775068878271096,0.37336751015905817,0.4565520569326783,0.46468491454503585,0.5258811463939954,0.4007823827301619,0.4365445597436594,0.5070137635815607,0.4583619288575894,0.44341000376282497,0.4141542881232253,0.47023545559128227,0.45711657093683283,0.4464659333193923,0.4105540511022743,0.4415793670965763,0.44285596550786804,0.4695560431999443,0.4072092737838099,0.414809021647343,0.48254803314122713,0.45162845000904017,0.39209116925261284,0.40501595104808136,0.471887566601634,0.42307412787532817,0.42853496208795533,0.40158316425501356,0.42014356736517333,0.4964096536606019,0.4790471378996313,0.4600093526026369,0.4254350416253776,0.4402066346561313,0.4673832387720126,0.46325045608506155,0.4642555999789711,0.3999469514416388,0.3935770924968429,0.4281833576836057,0.38756791973270005,0.4193915618051044,0.4474108742813595,0.41218489733894026,0.48183338081450633,0.44611622351533364,0.4009770814741552,0.4151750303906736,0.4031512546027926,0.47625505895968434,0.5009871068461572,0.433656051090672,0.4179360528435112,0.41181847507994274,0.40095403846367256,0.35805831087560647,0.4416603946240995,0.403007899154302,0.4364658037603548,0.4503804459299899,0.41600583623841464,0.46027648864022824,0.40530824004036864,0.4122200380691474,0.4756661021713878,0.4301214402117107,0.40947429800530566,0.4468626412463625,0.4570430933384871,0.41122884180538954,0.42359013678206586,0.5274862078285965,0.4026321295883378,0.4892576975475089,0.3733598570668194,0.4597880752449141,0.43467034800316845,0.4073998677698871,0.40758279691338456,0.5625699869697859,0.4127661649845942,0.4285715644883542,0.47591427255310165,0.5298188705683431,0.4718447430821169,0.5055622985631935,0.4605056727000464,0.3979777877032924,0.4444805648015148,0.4541088936142989,0.4097190886647524,0.42564392607594115,0.46045166239744006,0.46894171069261814,0.4911643298224083,0.42195846570105644,0.36797938004280883,0.38998130425700067,0.41906564042628075,0.4382753591725946,0.37162785385783387,0.5217768885255949,0.407989402302665,0.4220701195155595,0.5660541732146509,0.43839660939625175,0.489171802754766,0.42485672880208736,0.39605601100066756,0.3867641606491941,0.4513619553282447,0.3744014526117386,0.42390891959334576,0.40403287457088377,0.4724660964227164,0.44656275316509964,0.4589464021243796,0.49276660244415366,0.4618374820302883,0.4431480667872508,0.4733771358311947,0.40262227296492104,0.3953585028702315,0.4944188834622736,0.596535837864358,0.4326001990650539,0.391229187884069,0.4685484283980413,0.4634686675257695,0.4886043403301704,0.5217977072191211,0.451514810375592,0.43331702456712745,0.449355583822499,0.40519032308927927,0.40466866955242115,0.49707493404051617,0.41714810180826956,0.4259676495900256,0.3906106278896481
0.5007229768873969,0.5061407721051964,0.5143035500481741,0.5218021657375214,0.43631490185794264,0.5129374254706464,0.5112552259297201,0.45566201694564223,0.4085679147258771,0.45598104237268633,0.0,0.5928152099454539,0.5623217353992421,0.42727837038910743,0.5274827745878641,0.6286906857150207,0.5599774498776292,0.4886389096770008,0.513750445788814,0.47991491496595556,0.5980820880285022,0.6010827089759142,0.46823912786869654,0.5591561187708926,0.5300274309361152,0.5038837137353944,0.44288596356156373,0.45601466022312226,0.48881560352804754,0.49005146553938544,0.48391010528512907,0.5314908839630409,0.541480477115645,0.4636270126769074,0.44287771802651477,0.5119814128187907,0.6387901852172019,0.5161527991869157,0.6070949453716672,0.5065562671379201,0.5289948819730074,0.46535066982888923,0.5575521349837101,0.6028227823202748,0.5081261092869337,0.5132747028775824,0.4235464566594094,0.6378728549379585,0.5422444482185717,0.5156246990049792,0.5758746873191191,0.49131692824415596,0.42103427858799436,0.6587334099419672,0.6348790435060354,0.4192353026556655,0.5359902434569709,0.5952688265244076,0.42642799361557904,0.5161993946955995,0.49290055602252997,0.43354499490073256,0.505422712457222,0.4095556335638388,0.42947299515571696,0.4601003461929635,0.46732987076934124,0.5077497016852693,0.477202591445606,0.4968721074113747,0.5126869113837272,0.43482811283021067,0.40500218492315915,0.5834164191815631,0.502515559754869,0.4309092222152045,0.5738348667246869,0.5435766075329975,0.4680521578132315,0.43085401293598574,0.45870126266911415,0.4552417245436893,0.5210929800680829,0.4692686404874411,0.45182609441413163,0.4919179074708617,0.4568689889515983,0.43140785054901026,0.4428093099301355,0.44705306172484266,0.5471495315223577,0.42902038745956617,0.6241117111862025,0.4706988532641352,0.44614376633309666,0.5585980419304545,0.4231380333699013,0.4249285884999442,0.3850891054924532,0.43793852997988175,0.4875471502760391,0.48642800301224787,0.4248183523968433,0.46092129045224917,0.4424107557859463,0.5103773608309303,0.518233028116556,0.4612641183344326,0.5235016162077345,0.5763075837682751,0.6226234271150726,0.4629683170755706,0.4557185014810022,0.44332900333091935,0.4791365534022915,0.4881704045606506,0.4240429846705929,0.5487855997113248,0.5013844625745789,0.4050391688494419,0.5096965209220146,0.4334317642044295,0.44349838905047884,0.593738938232743,0.3927490140364276,0.6446283688874157,0.40418119620599957,0.5877053045689088,0.5079517221266143,0.49821583459130947,0.41105836100129994,0.5093601197839247,0.4555289939889581,0.44154656754139865,0.5486537779025968,0.4416725319688792,0.5031445318004938,0.49570307742635283,0.4799991351421385,0.5505109409141421,0.45599129695163354,0.5262614105266908,0.459889718497312,0.4461118456515584,0.6179276943281572,0.4196819029753038,0.5001302583912579,0.5120470283513269,0.48289410958585993,0.4073440699521623,0.4720286992146411,0.44506513003875775,0.5972167553502072,0.46573687540091374,0.5612811732372669,0.5284772596276737,0.5585953158370248,0.5386430599686156,0.43666849726801915,0.4829948426535289,0.4242472527559413,0.4270922509175586,0.4061365449169515,0.543633249713878
0.4748754125822438,0.5300480583949958,0.5005064210411082,0.44780108807351704,0.40689015089422687,0.5409701210052692,0.4650537870634791,0.46103827416158805,0.42847637037938147,0.4871660656625129,0.5928152099454539,0.0,0.4946240704020748,0.3893732234583687,0.47160998178423297,0.5756160318768977,0.5155092321919731,0.4461617775343736,0.5621849915279137,0.48107345939942275,0.5554365375002734,0.5456391737418005,0.4593854371886648,0.5039960479584157,0.5749388253490867,0.4194713269022534,0.4172246774742995,0.4417637967134962,0.4754953830757555,0.5607788787669477,0.5034137171807513,0.5229427149176986,0.4653136229360509,0.4689067043843122,0.42450002145682325,0.47349263449544227,0.5471055487093934,0.4775159707644617,0.5611495942468371,0.4331749031644912,0.4761539296351638,0.49533281167539384,0.49465436206044056,0.5178874149056437,0.48109836192583355,0.4710580696960396,0.42498308629957166,0.5224577190885268,0.497353884284869,0.46310786460516923,0.48481536484154925,0.4513284860293197,0.3986424703465493,0.538303057465138,0.5255078721648495,0.4473231773343868,0.48927573370935923,0.6117340786877244,0.3958163696664831,0.4698682229874029,0.44797105785864,0.40330243361701135,0.44698494307192804,0.39563178425155343,0.40157600263391924,0.42067394115369927,0.41616726244120567,0.45437435525900494,0.4332681782004692,0.47628359031520373,0.4556525585488933,0.4019885039301159,0.37905180490874574,0.490834978006492,0.49238987486293306,0.42042285334128626,0.46707095914454577,0.4883022577497047,0.4367282364793284,0.4057013069242096,0.4442890236151002,0.43491276750041347,0.538264035401191,0.43651613379380566,0.4275217136009088,0.49034594653827374,0.4402051324764659,0.39881055350721406,0.44018123344290194,0.4624447150356072,0.4764740137170551,0.43707340635561875,0.5343970424490917,0.43717738425641495,0.40673072796210796,0.5912397341210897,0.4074755715245432,0.4522042251197013,0.37238840303834253,0.41019028255014456,0.4407945430005976,0.44824729191869633,0.3991710230988598,0.5065008300164081,0.4157515175149084,0.4781631372303464,0.477367144525134,0.49156611318277926,0.4634864624164512,0.5937073893081675,0.5601960130143636,0.4272196131949869,0.41827154102208275,0.435897589682666,0.42468184432249206,0.46389368470982284,0.43390950758549485,0.549932371431632,0.46152895806959265,0.3926520312873407,0.44423006969111944,0.40355846062163087,0.43493127628074063,0.5323127876422298,0.3805693780974354,0.601388676278089,0.3821152268842825,0.5414192943184934,0.5005237524788335,0.43148026724777244,0.4604339778389214,0.48665840276704947,0.41228240503668406,0.42406122140787184,0.5155497419239404,0.40518592127694153,0.5508236159624478,0.4298569567368622,0.44299205800997415,0.5422801545558176,0.41402734480894365,0.5076371624342468,0.44395036498442886,0.4277047053929397,0.5463768297856624,0.4103005623558477,0.5119950150108327,0.4865411751269881,0.5407622351475744,0.42618602569333536,0.44506276755570195,0.44068685303121685,0.547421306565159,0.4590724997233265,0.5923537940446767,0.4926146379173203,0.4871481924078627,0.5273561592374207,0.3855362378075652,0.4257733668174087,0.39904228917785717,0.4238399947462012,0.40502732554196297,0.4850116231612683
