0,1,2,3,4,5,6,7,8,9,10,11,12,13,14,15,16,17,18,19,20,21,22,23,24,25,26,27,28,29,30,31,32,33,34,35,36,37,38,39,40,41,42,43,44,45,46,47,48,49,50,51,52,53,54,55,56,57,58,59,60,61,62,63,64,65,66,67,68,69,70,71,72,73,74,75,76,77,78,79,80,81,82,83,84,85,86,87,88,89,90,91,92,93,94,95,96,97,98,99,100,101,102,103,104,105,106,107,108,109,110,111,112,113,114,115,116,117,118,119,120,121,122,123,124,125,126,127,128,129,130,131,132,133,134,135,136,137,138,139,140,141,142,143,144,145,146,147,148,149,150,151,152,153,154,155,156,157,158,159,160,161,162,163
0.0,0.8870990612803186,0.825184413486856,0.7832368550413739,0.8281131846338783,0.8397449120460952,0.8516666664067002,0.8362867081213293,0.9124884619644721,0.8032113951541778,0.8920917295846864,0.8450428825924364,0.8990233011751902,0.7977082709492861,0.8561403103388077,0.8474109580016023,0.8561782939307083,0.9383137161073528,0.8603904850413779,0.9336460412049424,0.8588198331594401,0.9090140249850344,0.8729656529749755,0.8408934893135465,0.8997901296707456,0.785836767617137,0.8256160743569814,0.8494935619183297,0.794444929081358,0.8628446361946108,0.8655876021812093,0.866765263882596,0.8151785940984365,0.792593938277387,0.8997036381771578,0.7785216552321653,0.9154876345418018,0.8653746204822703,0.7908507218554471,0.8845682505163174,0.8043675259337596,0.8774294065604503,0.8474161052610322,0.8288951414014174,0.8599510671253857,0.8542040575371592,0.8262107536220515,0.832490455405398,0.9312017345181738,0.8645436439766856,0.8671117597464075,0.8469549132286277,0.8161125781805508,0.8275275847457335,0.8023426124099213,0.8263651955180791,0.9236093403486969,0.8584230540613683,0.8310699205369025,0.8147161612925522,0.8047900597820336,0.692208768212741,0.8422827201935663,0.7453273317094473,0.8171534141201333,0.7963533037167865,0.8349601372473541,0.859612521851836,0.8373472171969596,0.8811517356732546,0.9129679084162835,0.793167058162739,0.8214379488969318,0.88179652942229,0.8457661112411508,0.8393625761270349,0.7864117010141207,0.803409556293716,0.8093444482149934,0.6911673136723311,0.7818037039256158,0.9134977199614964,0.8625287305935614,0.7896828829985955,0.8430113814352856,0.9124586408488127,0.8576441013894281,0.8532445625116925,0.8242167202357201,0.796599296102428,0.8957217957858655,0.8191360114273913,0.8564440713321669,0.8474258135616944,0.8871376375662242,0.8467315103906672,0.7248321782734688,0.8016405126627618,0.7239840576450028,0.804333334519498,0.7518665276951726,0.7308498782518633,0.7333513912462022,0.7591459845191897,0.8348366777829872,0.8271846232051301,0.7360408074404794,0.8599624458400319,0.8403249400116851,0.8421702236463082,0.8349084671660193,0.8430472110461433,0.8449296441919636,0.7829359339595157,0.8240442727224275,0.8789303626348726,0.8669380619011381,0.8526935664821301,0.7683129408030479,0.7639228933390007,0.8358652382833582,0.7487807515170628,0.8636661828188998,0.8647247850566718,0.8324041437307282,0.8101705685261833,0.7233786390560709,0.795393240077957,0.7715980158050773,0.8590373194010579,0.8249354489315313,0.8077461936815906,0.7750593576859607,0.8557585550509498,0.8315012453632706,0.788523918442081,0.8710230625182352,0.8701752328691611,0.8841454512316618,0.8712753695818015,0.7755960002800281,0.7941254876747947,0.9124405013638694,0.8096137969033276,0.8551437734520797,0.8775912255117994,0.8918392286089895,0.752664352960689,0.8890980452464589,0.6483952830352543,0.8871193998509008,0.8256215214069881,0.8708613588280605,0.7909313473793952,0.8199550725445741,0.8775007394024436,0.8868981720652636,0.8030261885870051,0.8208463025716202,0.7966056674317764,0.7416630356701722,0.8864916875479482,0.896139543232771,0.9347577814221344
0.8870990612803186,0.0,0.8403440185336504,0.789784268044296,0.7609950787870298,0.9058756226886737,0.8410525259502376,0.879969542076927,0.8656411398362878,0.8862259810446633,0.826422840782236,0.9217896501373222,0.8887997375600422,0.8067723212512747,0.8180121495400247,0.8438027173697696,0.8400643686927904,0.8012978580345155,0.851255948435406,0.878838419700278,0.8337021725701916,0.8591486978043026,0.855870151093204,0.8345026296238689,0.8993894188107865,0.7671649323440118,0.8296587048509947,0.8235565698070288,0.8853939635909968,0.8332179479940605,0.8906769353737495,0.8774954634802355,0.8712580493547215,0.8638785967117157,0.8653206866974689,0.8282408661838253,0.874215553225425,0.8369535449460396,0.8141657713596114,0.8801927732828162,0.8595763708568043,0.8433977324768173,0.745733903482873,0.8105428757980558,0.9114801683426178,0.8594505748961326,0.8526560480403851,0.7913859090693559,0.8633476669895361,0.8094528826217497,0.8097779191056744,0.8454996117739401,0.8040527356830143,0.8570036032115027,0.8219836940779388,0.9069242102249652,0.8409981419338466,0.8572843165467939,0.7581897460023355,0.8562432909625064,0.8251606462846993,0.7250218152411617,0.7684226696691842,0.7551690359417114,0.7059732308515938,0.7299689972023173,0.8350644395184325,0.7892535297057729,0.734753200599761,0.8049001377978756,0.8353859204509835,0.774629836763072,0.749755016815633,0.8407824383360549,0.8440267065382018,0.83623407723298,0.754584202360559,0.8371999766608176,0.808733662043399,0.7049937511126951,0.7956191579811829,0.8358478803352709,0.8846295451533597,0.8209239614620508,0.797858541585193,0.9564557851443455,0.8032978723910459,0.7624673488636345,0.8794231693405845,0.8795332106018825,0.8102940192648104,0.880856684250025,0.8386828858616235,0.8159347893769796,0.8060609474552439,0.9106807211991533,0.7482071283502554,0.9000606405585019,0.735855038793615,0.865887746468736,0.7824571077914994,0.6916603959728435,0.6960699261986939,0.8051487099513727,0.8021801482940711,0.8516519013468772,0.7643179542499383,0.8916061394109899,0.8790213123664772,0.8770829893419578,0.8281386419886034,0.7752876768822222,0.8202924378997954,0.7760344776385838,0.8220503208124271,0.9032913667600194,0.8962720750131578,0.78030978322857,0.7814265358489069,0.8018560723524392,0.7781422836865951,0.7517001688802796,0.8596665991600806,0.8701479627331327,0.7696212554341106,0.8930982562678955,0.7529409852469205,0.8691099141275875,0.8739168606100091,0.8178492048621566,0.8739341282062851,0.785655316076119,0.7526690280079891,0.8504132799159211,0.7983093121922065,0.7166892944966146,0.8974095324159561,0.8544735015918166,0.8635468213908699,0.8423318322314719,0.766824335319296,0.8249120250370394,0.9281666240922118,0.791746175702742,0.8633774217655349,0.8356903133540556,0.8962483215556677,0.8257849422205074,0.9393780440026351,0.7156254382541015,0.8089637956015863,0.836657191325259,0.803410568957675,0.8502094543744961,0.865815233620758,0.8281926026444476,0.833463957835388,0.8518909730187997,0.7992527210879724,0.7544992481399503,0.7720997095378628,0.8627774813863727,0.9584170611889933,0.8205794076616472
0.825184413486856,0.8403440185336504,0.0,0.7540554782964002,0.8509747312877806,0.8729859710983197,0.8021480208624195,0.8212223239164615,0.7573980440101998,0.8777029388591748,0.8959099406512491,0.8573223394362329,0.8893063819673869,0.6862753897789862,0.7728655702504269,0.9203456539844315,0.8994681455460792,0.8212223260036187,0.8089971574278922,0.7743456937650596,0.9242468595617793,0.9274732658539822,0.8048768567951715,0.8342566346529956,0.8581836732720511,0.7944273956266477,0.7679490995673797,0.7950616887591985,0.8142506648974462,0.8559838640916461,0.7234649910784704,0.8482193350145307,0.7621698510931648,0.7149745387461419,0.7060497574672597,0.7102126082157472,0.8525413220448999,0.7673889920130759,0.7493244971415113,0.8628318851530318,0.7659887603353938,0.8880280675066429,0.8124437497716773,0.7651494837723634,0.7826820176039699,0.8078929341083798,0.8283996909127745,0.8267914835958088,0.8262450953733776,0.7705864326251913,0.8322716840488337,0.8326641822444284,0.7126304699748802,0.8257550974319335,0.768588239600947,0.777458804660761,0.8167572089752354,0.9068331543052944,0.7393839525516797,0.7290234615908038,0.7963867773911747,0.645835125675159,0.8407184400256645,0.6524158252936058,0.6835166312944099,0.7253054800789689,0.7466812622602584,0.8624250542692864,0.8082206995719485,0.8442241693324462,0.8280097710991544,0.6363762754650957,0.7137101988679085,0.9178768682843402,0.8391741018269601,0.6749503958384528,0.8479800989398251,0.86005308269302,0.7220288112217184,0.6971855426262913,0.8419505205227084,0.7754118600331782,0.8776825218477958,0.7424819400492454,0.7481471833520722,0.8291938306621331,0.7749654792602628,0.7038820982086155,0.7386985716576687,0.7272172726375626,0.8518830097401175,0.691287063509849,0.8062712429668101,0.7078553746060635,0.7624414639985788,0.8109782576759764,0.6585914823740342,0.7403675022521954,0.6054113787428093,0.7291086635170476,0.6253815280387457,0.7733618140481726,0.6482775081063663,0.7427542805374744,0.7002117414885649,0.853945551266838,0.7955777007592499,0.8649335994031501,0.8193800477405667,0.8667189206033951,0.815234304543673,0.7126995760351382,0.7699940897734252,0.7385761802158084,0.7157781905375495,0.8640874648810756,0.7541626531082415,0.8241283176885971,0.8301283693572826,0.6740045502696224,0.7553472162565784,0.7045895832854469,0.7441503434480771,0.8474643454182748,0.6346089304070361,0.8215365590117152,0.6846644004994754,0.7886011209762921,0.7711379348243973,0.7543755230942946,0.7843109453876034,0.9160369568758389,0.6645348020864628,0.7023937262808955,0.7585820101545498,0.6757186137088074,0.8038899956478469,0.7363691826941268,0.8231614974939703,0.7871509617436798,0.6868280859603334,0.7484702019639137,0.7898382239695944,0.7384216990886078,0.7989089637128662,0.761081106620824,0.8453820566472233,0.8545289197043586,0.8749199221980761,0.6367757279743772,0.7031597307822949,0.7259556126326236,0.8219199824247363,0.8637233140465064,0.8472877355231595,0.7858366489910767,0.8409186962490683,0.8769002674406521,0.6681714285950366,0.7444637847377733,0.7769480883002884,0.693839679817268,0.8128970639508497,0.8304863971035094
0.7832368550413739,0.789784268044296,0.7540554782964002,0.0,0.7189934455752092,0.8179215298469033,0.8358059294784062,0.7815268592516473,0.6977054494515639,0.7640144945529617,0.8156485100239222,0.8178455717308145,0.7628581879240648,0.7008122420719639,0.7756818147187564,0.7267545713602387,0.7676578905740282,0.7501323564883795,0.8537782168276549,0.6949432244365987,0.8039384387953629,0.7624204443283008,0.7984823309978715,0.7437110032021739,0.820776964616095,0.7817321561810825,0.7331185600061549,0.7992704558952363,0.7768005447973981,0.6890209285648217,0.756488461423788,0.7532205104896821,0.9274978470649621,0.7841402653308543,0.7774793970407025,0.7671601007196839,0.7766845263697791,0.7331261612579771,0.7252514449622732,0.8203618080826962,0.8446589756763486,0.7394005357509457,0.7331182799649392,0.8245842978551217,0.7692874300389299,0.7330847813870429,0.6924520068071742,0.7619217145098598,0.7980550860316462,0.7218500851389646,0.8422983050344439,0.8565348774707863,0.7185165038207101,0.8990067011147387,0.819803798812828,0.7035944989495163,0.7600764884587794,0.8287086591766871,0.733515140073346,0.7156942375503325,0.8011206053643989,0.637255380873243,0.825059967718349,0.6419123712204111,0.6730907073229436,0.6956516050596558,0.7616981316481146,0.7119577638899225,0.7115880538461938,0.8035589445817638,0.7488408656360549,0.6667048799272436,0.7651855948243652,0.8287849008876561,0.7615743831448792,0.7025567022638508,0.7403606896102867,0.7483539473058656,0.7650142627233136,0.6416120527354642,0.7538789824849484,0.8144172453196197,0.7150046098816053,0.7446911907573529,0.799556750708366,0.7682104142874254,0.7853156564358363,0.738512928738462,0.7448973164926468,0.6691877929707281,0.82765562455715,0.7990772974396038,0.7720808737754217,0.7216700264566598,0.810616480178223,0.8145809626584478,0.6712662563529804,0.8154599339735008,0.6480822181256848,0.7950250614656383,0.6715776330561606,0.7008341613482304,0.86821897430994,0.8361881427176316,0.7627565801129734,0.7059076169959931,0.7193771439339438,0.7767143031760807,0.7599497049723699,0.7282102094642535,0.8799328655878862,0.7553258103439623,0.8254401826225658,0.6992940541487916,0.7847445816880059,0.7773641217940502,0.8054478795726583,0.6883101118611666,0.8794067939047919,0.7368890260637285,0.6689909411917391,0.838656758821457,0.7403868596170434,0.7909479767713343,0.6748156138454331,0.818786433416007,0.6903259559950528,0.6999058019339119,0.8105732039248583,0.7064894083499526,0.6750901605768224,0.7028015586867847,0.6698292599589996,0.7819876322560403,0.7118414542917059,0.6267852754670835,0.6740214467817403,0.7791021469326761,0.7682100550752049,0.738055597633204,0.8853308381514996,0.679029794923997,0.8180644477651853,0.7648052176702668,0.7531496036911608,0.7886756308533859,0.7393627376098592,0.70617210809901,0.7566324327573396,0.6004162412920879,0.8151551557087042,0.8140414633198145,0.72936279167692,0.6710289929848653,0.8688131870691271,0.7210031865581839,0.7266843924496209,0.7817697699646471,0.8751701577710068,0.7696592484726428,0.7542627597637246,0.7732106970489762,0.7757281337562186,0.7821671534346734
0.8281131846338783,0.7609950787870298,0.8509747312877806,0.7189934455752092,0.0,0.7566354341824033,0.8465990439930688,0.68727635476064,0.7435065751096791,0.714641557888233,0.872156840601199,0.8153902437914387,0.7641937167201494,0.6641929022259578,0.8303698169130223,0.8357954461895387,0.8188053929371275,0.8133869958186881,0.7794915769433972,0.7464144396067887,0.8977422040600942,0.8874484491053986,0.7953324105371969,0.8539817639510074,0.7709114747901599,0.8127529546216271,0.7009193564896683,0.6942469764653519,0.768527470244158,0.8501124210274164,0.7337613426275237,0.760755985698917,0.7531566461908525,0.6700435493327228,0.7440128034213379,0.7142928330023569,0.8158510898466048,0.766556205452191,0.796421265377207,0.839304026262425,0.8024507767128122,0.8145635889496547,0.8640822580874312,0.8431865853116405,0.7065275399244112,0.7574543227317042,0.8401227880280885,0.855551571060018,0.849971172309105,0.8103824171669729,0.8618886961054556,0.828819232911087,0.7148373142632988,0.7970626389484707,0.7669305941285335,0.7038048092009959,0.8369828456954113,0.8594075626780331,0.7144870482014427,0.7090561205469247,0.6554980651605495,0.637023371449457,0.8238774879030631,0.6631829297869778,0.7537740038470176,0.6749031005729658,0.6739939863579286,0.8475870774318878,0.7530238334158679,0.7485437921202512,0.8559630908258423,0.6759898752670485,0.6724825094096396,0.8263988486341005,0.7215565742032204,0.6630854351672838,0.7841106344891069,0.8916253137951484,0.7079291591627458,0.7098422088401781,0.7641625376157601,0.8036721155402982,0.8484554729504974,0.6582139889286307,0.7476817718720855,0.7677558103413079,0.6906783760850682,0.7217488716511032,0.6494346726529774,0.6760486138755385,0.913559530647895,0.6997595902817982,0.8589848883396217,0.7088954707072409,0.7817139746546145,0.7781531196780713,0.6160666387275586,0.6768742949399451,0.6488697167397057,0.6511826379893307,0.6479348400270184,0.6864472145362278,0.676011265039073,0.7076171608435635,0.6976000536731304,0.785242975531378,0.6916424892747746,0.7406285824484928,0.8058904529794885,0.7979761029894362,0.822977571404967,0.7918231239561916,0.6867007235021133,0.6627386752701997,0.7168864498916901,0.796251375033635,0.6965252242654987,0.8411002737198585,0.7549429424276876,0.644857081854913,0.8811756510788991,0.668310513124256,0.7233016421571642,0.857320483929813,0.6964884452426224,0.7734210225156832,0.6450630347823291,0.7546773360733311,0.6969408335923968,0.7846094540852265,0.6895115690486282,0.8155404790145178,0.6223643308379626,0.7371531232827748,0.7457973713660541,0.7736700151336218,0.7974262021225778,0.8156127164639497,0.7659581599678053,0.8275984823800898,0.6688544076562561,0.7239848436643858,0.7648870100189575,0.7335998563317093,0.821770028425304,0.7703305912021431,0.8751290332601506,0.7556460359658986,0.7703712147824251,0.6034157182886761,0.7334365019935097,0.7309297188956827,0.8195670363971594,0.7872172470016707,0.7873917335087521,0.7397690323502305,0.7726290866687587,0.7972845672640057,0.702290883365677,0.7399578458897318,0.6739343741899383,0.7185256778842737,0.767905037612222,0.9099593861538476
0.8397449120460952,0.9058756226886737,0.8729859710983197,0.8179215298469033,0.7566354341824033,0.0,0.7955640419976268,0.8736933790423349,0.7756130468306174,0.8527578924855885,0.8433088833182197,0.9018499212590743,0.908070080313303,0.7503058253255185,0.7386743713793033,0.892766944160524,0.8761127727350777,0.7436431369791707,0.8354675328623548,0.7826044126061552,0.8663532813836737,0.8104142096874214,0.7805068851450472,0.7838928028610076,0.8719990461034273,0.823794437473335,0.7582123738750421,0.8204219916065257,0.8532495652896402,0.8223213949263861,0.7993835512112786,0.9008594339866296,0.8561611820439434,0.8464228381763788,0.7735041419326254,0.7849368574500778,0.8784216180851411,0.8015849995229205,0.76033935742019,0.8322403856769187,0.8223442349182791,0.8400532163235975,0.7457040095026508,0.8183779383831324,0.8468303450115342,0.8264234641823678,0.8393641425036426,0.8175495573092633,0.7948772361747071,0.7584205673089672,0.8320519625044349,0.9123465361688222,0.7484511711975059,0.8594587716541251,0.8127365196526886,0.8818528527810198,0.8138587742311226,0.9180052770055102,0.6811018181097591,0.7966722338640647,0.864833133198806,0.740311575838923,0.8492014358114985,0.6803971168097324,0.6476752298167322,0.7434846528177782,0.797199122258109,0.8032565346891234,0.7130901226408226,0.8190429540155245,0.8243445647878292,0.6905009527095394,0.7615848888551828,0.8681708184863587,0.8660870462654517,0.7899865028610006,0.8049229274973317,0.8622998465184513,0.8068820267935638,0.8006330964202109,0.9048495532512936,0.7813226055320849,0.8657639822718286,0.8566694671955682,0.8243184932228584,0.8916654811142354,0.8531045013254608,0.7135043237220317,0.8588805722839634,0.8092653783736797,0.8268954418053809,0.8096573200353887,0.8054399351347586,0.7881822405712743,0.7739492605556106,0.8845124320158136,0.7257239987851811,0.8818957073400482,0.6895700942455862,0.8495747113163603,0.7168639846427933,0.7301860986852902,0.7065661322342119,0.7733470831225883,0.7785848307021085,0.8751485571935181,0.8139582128974838,0.8787727397736326,0.8288256519425521,0.8582028049159863,0.8520104974415283,0.7406075619586782,0.884624953070096,0.7702848559077206,0.8215000073547967,0.9099561497998608,0.8871228701371845,0.7183192069971943,0.8674451431194561,0.7969859681951695,0.733427364144137,0.811469478425039,0.8554688399330883,0.8857875196752489,0.698532904860518,0.8952741131253353,0.7662074067004645,0.8460041290740582,0.8814847695164278,0.7335773652514485,0.8321724811724365,0.8687838259030165,0.7556600584262713,0.8069185657640463,0.7315646390700553,0.6583115423732212,0.8360451975354468,0.7638447066055761,0.7527244228247095,0.7746074241898788,0.7572418667573309,0.8170349434398648,0.8466896073924717,0.7523899756976069,0.841677346122623,0.7969395132015298,0.8439302421569475,0.857806161652891,0.8710153640346211,0.7167755872534709,0.7682007343729726,0.8035641912883307,0.7394391495595415,0.7837905103190428,0.888804037514289,0.7777304697610102,0.8043409645622321,0.9171930613093907,0.7462696659082546,0.8207510418801867,0.7853538749262586,0.8200565964168833,0.8854632882936891,0.8003664898446909
0.8516666664067002,0.8410525259502376,0.8021480208624195,0.8358059294784062,0.8465990439930688,0.7955640419976268,0.0,0.7517255644627548,0.7569045712471067,0.8218256863695867,0.812335064299234,0.8869357720111275,0.7947601579027315,0.6813002247253106,0.9027338685526172,0.7629143784720586,0.7616987347029257,0.8039256011050024,0.8313643208662355,0.7495220454962701,0.8596729328592,0.8414246382723137,0.9046481098826928,0.8984862967899621,0.8878537742864139,0.8204295758474645,0.733965826214787,0.7281240759806381,0.7815355003025538,0.7839547275774247,0.830391227412443,0.791101261562138,0.8643756508701338,0.8032361537291902,0.790016234898603,0.7366202349181161,0.8751931748530107,0.7083320383082233,0.7866744959386568,0.9050425371200138,0.8234756636873295,0.8131587216796123,0.8260050324004666,0.868947425120182,0.8101938955890331,0.8253220381905827,0.8476063749061241,0.8273029452570121,0.9326715044028893,0.7584176622744258,0.8804711466821157,0.8373420443337155,0.7010153967302839,0.8566880416970035,0.8006454393686459,0.7899775099018995,0.7965975783304184,0.811520238973829,0.7917170805571758,0.7293733856856452,0.7120780720228636,0.6272551937045109,0.7629890960190924,0.6489320627099285,0.7465548356589914,0.70678706380021,0.7966519447231601,0.866115193093747,0.7066878953905056,0.7682306959984803,0.848453393321676,0.6901799716963481,0.691300815618303,0.8538076276031844,0.6885064740249561,0.7695578660100456,0.7830645119318478,0.8685856711892144,0.7452973426437868,0.6755838281783402,0.7496774170617475,0.8622736227397458,0.856179637477256,0.6589222544019477,0.7455704905586156,0.7951653986422106,0.7390619165188387,0.7780797927459784,0.7486218869348723,0.7596461673008547,0.8469097890693789,0.837994259765051,0.8093049216864162,0.7389762885206008,0.7814308440017775,0.8856287169035727,0.6264810321996355,0.8128200113810705,0.6454041096178071,0.7823301534007421,0.6845783527786508,0.708825406765526,0.8076345508352336,0.839801803538273,0.7048783617999471,0.7854385733906212,0.7021658609427845,0.79317554626098,0.8707856650456642,0.8690081572946845,0.9207125076975142,0.7599655929047576,0.7655713136500853,0.638843163269793,0.7367138845200175,0.8000806132901425,0.7869813893779544,0.8178448996724189,0.7931345187464895,0.6711374201678261,0.7561940605709602,0.7092031404531302,0.751671878164658,0.9076937576048746,0.6923227574985626,0.8484660597931509,0.6601383017355976,0.779316387714615,0.7516140462063602,0.7893312925577916,0.7060099516679067,0.7033757084995306,0.6269209260842034,0.7345586225641434,0.7637385314930694,0.7158543566031917,0.8119090923203018,0.863768733067774,0.8200762482213395,0.8328853692397953,0.7821543764553933,0.6931690748437404,0.8609328008619026,0.7141794162642647,0.8242395196698354,0.8964015502258605,0.8522551938660606,0.7817929730312815,0.8293651053986949,0.5628416509347769,0.808371133679214,0.7715190216434958,0.7462319016609219,0.8398380819458631,0.8912974162632841,0.8165423249963826,0.8003524167995154,0.8592132202269288,0.8126342227253182,0.7529209205676108,0.766552272925025,0.7659911518703639,0.8549241810716329,0.8411844125407361
0.8362867081213293,0.879969542076927,0.8212223239164615,0.7815268592516473,0.68727635476064,0.8736933790423349,0.7517255644627548,0.0,0.8575004046562207,0.8488191108147674,0.7916591292747813,0.8715824219075488,0.8880016817334764,0.7350182392148538,0.7667167916328655,0.8273529400170088,0.7917731211916377,0.7796465321908693,0.8120029596097661,0.819536500306857,0.7795204227242952,0.8101320778597081,0.8032775978464322,0.7485832422179219,0.8713188580846695,0.7475783379064606,0.8469857815160137,0.8233313103412436,0.7575112397842504,0.8170711270227564,0.8513397335461087,0.8468611601217502,0.8172896651708295,0.822668572275425,0.7651516285256508,0.7606316307680708,0.8604375460828028,0.8013757179286372,0.7619708720517917,0.7907449199241581,0.7577260854095774,0.8057855003557315,0.7465069835435992,0.7174908314961029,0.9155489773283463,0.84937449960491,0.7629614472095331,0.7305137502213059,0.7830059107253211,0.7513310378555959,0.7725427990343009,0.7771252711342204,0.7110367361823692,0.7924156784480749,0.7674326393071849,0.8434877530236076,0.7877756557216861,0.864131263473339,0.6928258598750779,0.7976074626224025,0.8863293844583365,0.6982697691782098,0.7710934490283121,0.6758821182585842,0.6504810007325181,0.7353598376130178,0.8286636560663497,0.7748048652358084,0.7509616232646597,0.9051849520947207,0.8021895189389358,0.6891696937528431,0.7258448977952418,0.8380344965764586,0.8538579849790492,0.7615637317827484,0.7798349895378072,0.7527192929128196,0.8303757184032332,0.6328524101283487,0.731936822198979,0.8160275552919835,0.8333185964334621,0.8232954359614411,0.7566308632491999,0.9203604650640401,0.9008997091425114,0.7532935002413151,0.8965737870742337,0.85610613748828,0.7732993671454635,0.8003264543547239,0.7509595426928429,0.7384222078902178,0.7334331841314987,0.8503982764788989,0.7511985789920663,0.8368212527611575,0.6542257520950511,0.8424153221411594,0.7025954472632658,0.8070877711743145,0.6923760777713984,0.772477362754219,0.7810468421610369,0.8429325407270806,0.7806946662888671,0.8590094719930108,0.7912927123886649,0.786423971982783,0.7589427282263344,0.7182175468866248,0.8012110030421389,0.8121956209175697,0.7768630760477374,0.8581523406381919,0.8084611557943225,0.7348605425616248,0.7206945663519978,0.7673040184614489,0.6847377910584461,0.8477114601434705,0.7528540850910316,0.8025676120252248,0.6649109790450553,0.8328403835060472,0.7215825113078287,0.853847964601108,0.7918082681156434,0.7573192787506977,0.8604213190778724,0.7903836120156525,0.7802143681717605,0.77274922604873,0.7543688581793038,0.6218959489661346,0.8168267071812926,0.7498638584405409,0.8330840871763491,0.8321671822357206,0.7420959964453361,0.7489526678333915,0.8444897996523759,0.749189371757804,0.7741827183895875,0.7988192909015008,0.8392071567999079,0.795097626393156,0.873909533023653,0.6645497843708026,0.8011365642142552,0.7343289281140618,0.7640190210494501,0.7986309430240228,0.842614474037982,0.8528702020712383,0.8048363458669525,0.8315993585799966,0.7124524665732462,0.7231820584522812,0.7107391899157154,0.7541899227164103,0.9015749009445112,0.7553451047223179
0.9124884619644721,0.8656411398362878,0.7573980440101998,0.6977054494515639,0.7435065751096791,0.7756130468306174,0.7569045712471067,0.8575004046562207,0.0,0.775326736673986,0.7830496285043284,0.812576375617782,0.8151263170089027,0.7569523205202449,0.7884231163883153,0.7695365851960569,0.7617358955779703,0.8581001209892885,0.7835657205812167,0.8891497805450316,0.739864514556085,0.8494804618694358,0.8264965215898545,0.7503466837780007,0.8418083875967339,0.6711421272434365,0.8563724765560407,0.7937407523542578,0.7196505101055326,0.8755373117607236,0.857066011665032,0.778461876196128,0.741135051593852,0.7352381000273285,0.8405638702744889,0.7259018552761506,0.8202805259696827,0.8217472815079031,0.7352348089356979,0.7651825463672502,0.7211967140684337,0.8662923993431654,0.7260936479994509,0.7047059315703816,0.8243125907715897,0.7728805699737277,0.7660519782744152,0.6994933048984436,0.8138232188468306,0.7773619738105828,0.7270462731194742,0.7270682204057161,0.7396376104181935,0.7152882720926486,0.6987364491730014,0.8462467047756006,0.8048058018315714,0.8080567865251981,0.721877540570312,0.7691839573357374,0.7315521534584446,0.65452013116415,0.711114003917716,0.7178814142964043,0.7142939979949814,0.6710015210386121,0.7609082803304308,0.7654327775994908,0.7798638919054399,0.856819617829403,0.8060431239361998,0.735740926003341,0.7369381408848433,0.7595857126068407,0.8092342435912854,0.7529699439432505,0.6805196894942542,0.7193267362358643,0.7312008243035354,0.5959935261647463,0.6635258320538332,0.861183471675982,0.8394680429648761,0.7343579918360709,0.7333069191819688,0.9119090561931587,0.8064198630708028,0.7686476916562227,0.8015379792879763,0.8474421122384069,0.8002243721827824,0.8024265640387935,0.7534888091754359,0.729919863857275,0.7757742467483651,0.807770804403749,0.6871835093475397,0.7784984412754055,0.7009742747752782,0.745388807394519,0.7022423946863823,0.6658882703728636,0.6484787674561987,0.7284603953493359,0.7738479148874122,0.762013669396223,0.6455165465388472,0.8430787818829807,0.7410551904863696,0.7610789126418854,0.7084138634865217,0.7558122660776168,0.7329243697179285,0.8035672555122423,0.7271474270144688,0.8408874091310706,0.7820430569598541,0.7705743248337766,0.6460182855435156,0.7652138429011626,0.7510089152165801,0.7174397754170208,0.7667325291027246,0.7583380992979047,0.7758304209632387,0.728590904591869,0.6826120232439539,0.7746269706093974,0.6979935032990527,0.7702169590057794,0.9034345577049429,0.7358311768209077,0.7389224248081668,0.8271901975988143,0.7553815747520235,0.6872758226107736,0.8371703969931861,0.7790724657525653,0.8278909683632267,0.8332501171663237,0.6903684462219054,0.7439655486803436,0.8644125390881372,0.7624768141618339,0.752927800929961,0.8128789128886659,0.88091040275378,0.6864684127112963,0.8556606704667914,0.6506314157137806,0.8058589967927332,0.7400159996305974,0.8252889568780813,0.7758933221074314,0.7573498916003788,0.8336522197660972,0.8028700215676119,0.7419953070334759,0.7254376813719315,0.6739270919142029,0.6345230781036814,0.8162138691625392,0.8897606895436142,0.8384987636659051
0.8032113951541778,0.8862259810446633,0.8777029388591748,0.7640144945529617,0.714641557888233,0.8527578924855885,0.8218256863695867,0.8488191108147674,0.775326736673986,0.0,0.7972143266974622,0.8648217493337873,0.8579040826388113,0.6972149578250048,0.755333928521435,0.810326465302883,0.800505351473714,0.7876666600483071,0.8013226904310078,0.7592341381311825,0.7889888214978126,0.8333112178535274,0.8633692012991834,0.7755134609155663,0.9344310850735915,0.7045413586161894,0.8122724887031283,0.8127791320796192,0.8271334269804602,0.8088264975476662,0.7692140364343842,0.8321281414848467,0.7766904542882834,0.7725967948873435,0.7261283533885977,0.6987081571610156,0.8323455129266334,0.7180021708459676,0.6920564031458823,0.8192721510557623,0.7262199577896241,0.8563171750081651,0.7201802187390686,0.7168616191743594,0.8178654254244695,0.7817614555357261,0.7876124921690614,0.7376433236295077,0.8345318236704052,0.6905968108432664,0.744053701290543,0.7494836681651249,0.6757580311707712,0.7742549828583004,0.744828078328081,0.837112943868669,0.7262352663455908,0.8223368043775886,0.7531218564716846,0.7121983080038058,0.7785517818233066,0.6169695387016882,0.7152169281395554,0.647430292135807,0.6265903426853594,0.6668041184501476,0.7657525737702306,0.7931976641725224,0.7632859043826379,0.8333021457616311,0.737553016256686,0.642965952294476,0.6912502402705012,0.8257853532845871,0.7891655156576253,0.7384612283074528,0.742180089138636,0.7851194761382825,0.6955153282743455,0.6342268716763201,0.7635870434599833,0.7388988665368631,0.8446507935599562,0.7297484514189306,0.6916715374252393,0.8241133028614462,0.7705662940629708,0.709984120429481,0.8174223304212979,0.7682025311236336,0.756226661537032,0.7581116458939174,0.7405972406664723,0.6772388964133705,0.7080274844973264,0.8643033584214735,0.6223304683463513,0.8280134839828146,0.6038078811933636,0.7824425226141646,0.642420249903645,0.7117338405597232,0.6765458657756137,0.8381835308386928,0.6810653051068453,0.7816510401502086,0.7171334254895895,0.9174038533259776,0.7922179365097892,0.8451932521800369,0.7803926805186521,0.6536616223832405,0.766369044225746,0.7366928611814838,0.6894681979496375,0.8212231943767657,0.817229520413401,0.7904369620657866,0.7843819729838748,0.7030981924235619,0.6476898454380384,0.6981547079835912,0.7275213397657107,0.7973520128081953,0.630484479162486,0.834821670595274,0.6586750557397071,0.757445265687716,0.7887771230266312,0.7182254470373086,0.8359815448946244,0.7444640052609793,0.6563445230515574,0.6767198422400761,0.7136595029786208,0.6129795710353724,0.8004014664110694,0.7213387828797438,0.8375616402799939,0.7567431896766368,0.741315963696546,0.7159106012041836,0.8039130565185887,0.6967360211350098,0.7521327152392393,0.7956022155670792,0.7782583375175574,0.8211270220281853,0.9369823402826958,0.6201153737723001,0.7017856235974522,0.7611676649466397,0.731810998758543,0.8541823862502913,0.8665807767588574,0.7831449166235408,0.8036821499486257,0.8491900282818294,0.7091139637535135,0.7014528690226134,0.8195796338449955,0.7269667612965901,0.8591844608496464,0.7354979143314607
0.8920917295846864,0.826422840782236,0.8959099406512491,0.8156485100239222,0.872156840601199,0.8433088833182197,0.812335064299234,0.7916591292747813,0.7830496285043284,0.7972143266974622,0.0,0.8411971380036376,0.8747956594796973,0.7511039666241809,0.7975921165578731,0.9079457127159257,0.9083759489477302,0.8730182888255729,0.8669903471272349,0.8332390658929935,0.9071808068715779,0.9273353729199417,0.8245196448505311,0.820620797452537,0.8580630941903031,0.8079801066307136,0.7972504553737529,0.8561700366184672,0.8579541364961376,0.8385755123305997,0.7631679514030897,0.8493683328258762,0.7996559811490533,0.7338789872509386,0.8120734369803886,0.7668260557770751,0.8765339126163911,0.8603039905684752,0.8078366767214744,0.8697531272904259,0.8084863622670893,0.8443745555133146,0.8444516533569784,0.8416122937049627,0.7787718931956125,0.7667825057437108,0.7519992834621435,0.8925972435501519,0.8899374255913508,0.8285316503058846,0.8740158543075625,0.8419252753842285,0.7612973573660842,0.8707656572506512,0.8547250494793845,0.7211972941718666,0.8915230805432429,0.9180079422312517,0.7789265655661123,0.759228975729252,0.8232754724170376,0.6593331642560692,0.8877791644766263,0.7124540930093665,0.7369053694527774,0.7388953083209119,0.7664262145364075,0.8118581796305875,0.8490730285356884,0.8795878619101405,0.8435748259272964,0.7212748385457862,0.7996993810632629,0.9055140231393827,0.8677834524751964,0.7148678685221501,0.8490244901477998,0.8379592844544343,0.7536578385437468,0.7197078608583826,0.8086572075142072,0.8148529996099221,0.8156251169035895,0.7922962283209545,0.8297956942273604,0.8288820212315252,0.8372001251723209,0.7697870489598136,0.7310511484457013,0.6921960121114138,0.9163241790722015,0.7137455235967941,0.8866299459647422,0.7795085052422129,0.8622116787881267,0.8083989620260194,0.6889551659526635,0.7239150694965093,0.672470020081353,0.7219436057799936,0.7105382966311458,0.7650033223573502,0.7021790419754113,0.7368513718344993,0.7818836132866575,0.7831195027197534,0.7570072917871101,0.8345316461883375,0.7851563270764876,0.8155502686719286,0.8599127371604957,0.8161255642067138,0.8136117135760363,0.8022126653530878,0.7814078907044815,0.8434795147896641,0.7839771833282712,0.8706051578040124,0.8480293552441862,0.7236300900318668,0.8304598707560468,0.749430246690766,0.8032898232310738,0.8405220578829287,0.7540225779763284,0.8314233367428349,0.6890340544470325,0.7614492698809103,0.7921191986096072,0.7961758809680238,0.7468752690685346,0.8758332478564733,0.7597829340121405,0.8115427498730595,0.8193960464189318,0.7421343409926473,0.786287136717956,0.8069757523374262,0.8594670977850848,0.8287369663394439,0.7603195217140022,0.7913751628617456,0.8109708386650164,0.817620194825379,0.8640134457161862,0.7685803331318607,0.830418026322855,0.7585405875924037,0.847093449275186,0.6634789198859982,0.8170200194264652,0.8096374004222233,0.8953985256218033,0.7392531282596224,0.8224457068327359,0.7961838879441888,0.8779296729294819,0.8012423244356346,0.78897896205115,0.820979649533071,0.7199593196067968,0.799525572473473,0.7935810892550301,0.9356652501095409
0.8450428825924364,0.9217896501373222,0.8573223394362329,0.8178455717308145,0.8153902437914387,0.9018499212590743,0.8869357720111275,0.8715824219075488,0.812576375617782,0.8648217493337873,0.8411971380036376,0.0,0.8333982355340105,0.6892023392902781,0.8569839514348729,0.8393866660975354,0.8045865756961222,0.7595499201054099,0.9000379072484364,0.7960178566908513,0.8862411674394671,0.8569749605700493,0.8632487023471955,0.8772861145725829,0.9211819512761583,0.8013263418843425,0.7635876098127096,0.7673428487773857,0.83792566224707,0.8523854840601773,0.8899152743954796,0.8405431851368066,0.8790204003308018,0.8540615569796659,0.7914505184776732,0.7813810755568331,0.8891470818154364,0.7709796770213313,0.8586564662628564,0.8456778233144328,0.8577430451122642,0.8368603762919713,0.8014833776717861,0.8538269046804592,0.8672869968148235,0.8389696522396648,0.8462792280094741,0.834128199704312,0.8635135421198229,0.7651933275974337,0.84332429379314,0.8563086017338677,0.7088789599452612,0.8791522925967903,0.8274018084503574,0.8523414522404572,0.8158216695514086,0.9108419024209408,0.6971524859081335,0.7733025127363038,0.7883888103453874,0.6660599607295645,0.7859072988251858,0.666664949854794,0.6852242192475954,0.6979020666977113,0.7768112210661815,0.8177532561223051,0.6905111850845076,0.8217603780661662,0.836564722163461,0.6842623775603028,0.6801831118429266,0.8434644346779694,0.7764983410406315,0.7633419464982439,0.7844302218109855,0.8777459494082378,0.8081780703108119,0.7048069995843387,0.7909503850713477,0.845875989781996,0.9093141430883219,0.7423647429224699,0.7631080962915544,0.8927663672607183,0.8114615833210553,0.7224497874751844,0.8089766206629372,0.8410989264162725,0.8265240930811072,0.8521173186377601,0.8240356061345216,0.7527498037942436,0.7388478026438569,0.9417088239885805,0.6966480299310944,0.8754443449534204,0.6610792194616576,0.793336780297364,0.7116216116373423,0.7487241901152257,0.7354543825303214,0.8626901313498164,0.73606297382011,0.8399577881318666,0.7553007014167399,0.8589053833390408,0.8464882369170932,0.8944553600915481,0.8985284056632583,0.7510852047827988,0.7667559432660905,0.7136919706237375,0.7628906869639763,0.8581532466971964,0.8266422255354117,0.8037991825488365,0.7921401031105774,0.717829107785572,0.7546388008138054,0.7721306559893947,0.7840238532304887,0.9162766169165213,0.6908907552026703,0.9243719008989213,0.6812591267650508,0.8668293719794747,0.8272477882222499,0.7593373148985492,0.7974661263534722,0.7838157880831708,0.6845118216037874,0.7925577666857712,0.7969865902354621,0.6831608274948492,0.8843262428483346,0.8217675510931667,0.8205888210675581,0.8902335614730374,0.7607735707255252,0.7503014819204987,0.8607100377254588,0.7432373910679487,0.8601653776141139,0.8376483404019378,0.9218341685398779,0.8350335305948624,0.9086794843125426,0.6428754803053156,0.8220597898391951,0.7920751994868088,0.77584291999069,0.8394901598310499,0.9552614949141252,0.8361437369059839,0.811780012510051,0.9122039094432569,0.7567996120221427,0.7366090120141708,0.720202090420136,0.7884698689001602,0.9295831108769955,0.8327417879550567
