0,1,2,3,4,5,6,7,8,9,10,11,12,13,14,15,16,17,18,19,20,21,22,23,24,25,26,27,28,29,30,31,32,33,34,35,36,37,38,39,40,41,42,43,44,45,46,47,48,49,50,51,52,53,54,55,56,57,58,59,60,61,62,63,64,65,66,67,68,69,70,71,72,73,74,75,76,77,78,79,80,81,82,83,84,85,86,87,88,89,90,91,92,93,94,95,96,97,98,99,100,101,102,103,104,105,106,107,108,109,110,111,112,113,114,115,116,117,118,119,120,121,122,123,124,125,126,127,128,129,130,131,132,133,134,135,136,137,138,139,140,141,142,143,144,145,146,147,148,149,150,151,152,153,154,155,156,157,158,159,160,161,162,163
0.0,0.3587004146285546,0.3251006193099227,0.3887929586194053,0.37853416422408237,0.34567297101958805,0.316887963202859,0.35530998780471373,0.40387787583937185,0.36188365861254307,0.4209127662173713,0.353932514021516,0.5130457176963218,0.349773304821492,0.3721168347198163,0.425088857776954,0.4532559985461146,0.5725164785602537,0.3547603379786025,0.47827500107440013,0.4267492338531853,0.36167408098622705,0.3480369105546662,0.39306258378917625,0.46727805649155524,0.3495567026705086,0.3740056330821049,0.3633645800264755,0.3098926336886145,0.3557673150181718,0.3874405361475506,0.39853177509241433,0.31610512404646773,0.3188446804577568,0.4870380318065593,0.3457483001573645,0.4946789985012313,0.41555118392834767,0.3147536751386258,0.5000760199979474,0.3240094749814914,0.40549428099090923,0.3852158904954809,0.39345496712445915,0.3813418377011887,0.47616886803808633,0.322565142821272,0.39497578935864325,0.4196942703870861,0.4377762295421556,0.4586617239765603,0.38130356674123345,0.3766111621049145,0.36277508463801483,0.3412238310763187,0.3616734430997512,0.5492081500683812,0.3854830964767122,0.3833918888341592,0.4348482109593071,0.3618445254476917,0.29809961564888754,0.4095558160169924,0.3009633395262166,0.3880471710805643,0.4558907153491419,0.41094047227367864,0.3500806804041613,0.3365982704563334,0.40287928434771597,0.4094997228669684,0.40548593442962627,0.44916223098078784,0.4735930324839122,0.40145360278492503,0.40182381194510264,0.3239709564268216,0.38166430522814776,0.3469593450383176,0.3295245984710101,0.3396241822732271,0.39889527590900403,0.386929414092735,0.35923361913527707,0.4636554138117183,0.4101971544284759,0.39711862172907175,0.4331176527657648,0.4478060626466433,0.35567953895633647,0.4856950359424702,0.33982001557209157,0.4082341439828471,0.430293851655965,0.4094803987366991,0.3160399890780423,0.2683040899680966,0.31439302613865117,0.30848454529984465,0.4714413101742814,0.3665706294251596,0.3175560281006166,0.3658171764714613,0.2802655658226423,0.4372355431166555,0.3753208154514604,0.3856130847212588,0.39758916204898836,0.4142095134499192,0.40478784223358066,0.39226015981034823,0.45446942175670785,0.42081027081102146,0.391066795501027,0.4349806302387396,0.47366602949479386,0.42864230104293966,0.3500643810150615,0.33119702657764344,0.3359533046052297,0.40715123939225106,0.3012647600615264,0.38819310457698364,0.43266449478260083,0.35543497421291953,0.33303238475128255,0.3196979961098318,0.3182472957544788,0.3179795209030163,0.38231372613684184,0.33809940807627886,0.3507059544092488,0.3609983829081536,0.37924200561569504,0.365361814867834,0.3394115235095045,0.3821032555384495,0.44169729648846523,0.3818360862946201,0.4168016091807682,0.313378562897207,0.3630414315601227,0.44462170036626675,0.3419521196035659,0.40907818293826675,0.3930804558555755,0.34460162642014097,0.338943453233015,0.37591157285262566,0.24046105557272085,0.5031292087849144,0.3670863795295641,0.44108266145148334,0.29917495483294004,0.3755190338115839,0.39792968921606864,0.35071016946684386,0.40989890620911157,0.3891686694603857,0.392790059236759,0.32042012027643174,0.4501330861940186,0.2975003928897975,0.5718797776202403
0.3587004146285546,0.0,0.3400184803019634,0.3693566079835379,0.364536321234912,0.4911224499462948,0.33031911887781007,0.4020830681305523,0.34955374424068814,0.4860874560202283,0.3635078479450604,0.37526944129332557,0.3671743863762575,0.38557277931386175,0.3863449485006582,0.3562346461231338,0.35924862291736054,0.34444820976905843,0.34024760637142987,0.3603510323115565,0.40060483784697903,0.4271444528353121,0.2978660109696889,0.35162323504593723,0.42329343197551356,0.2947264818933382,0.3043727984005163,0.2883423374525255,0.45637069102536565,0.28740877023980377,0.4274222927170559,0.37681498868516666,0.40647786450951207,0.2789049321830265,0.42608025805127386,0.39839096522372075,0.360545001926721,0.3694986038295173,0.37498073042696406,0.3819469429309504,0.3919149863020444,0.4044753740946836,0.306328711219231,0.3968201335324484,0.38211028835173216,0.3256182879064604,0.3325278818192925,0.37688771054512643,0.3417044774042263,0.3646658449659358,0.36034564483672504,0.33718331246060046,0.4487069414082092,0.4786292818497131,0.39430505495850715,0.43460176608771045,0.3534030714759785,0.373618280203384,0.39297156786432136,0.3630369007924345,0.40682638311216013,0.2885886407611193,0.3287862734715285,0.3083590806426992,0.3524245193176385,0.3300904613093276,0.37282136124818793,0.32236723879497287,0.2890642480579162,0.3758023108721345,0.34339411807593123,0.39972171627982517,0.33042541415748655,0.37698518541184545,0.40757561158124883,0.3385976832552794,0.29932640825880774,0.4554864629055147,0.2990989012203564,0.3241062015077249,0.3838839674070934,0.3565458933862887,0.4578528971235252,0.34380802529817767,0.3736455342807106,0.39768188862904047,0.36048366676542276,0.3301458288690405,0.3462945990967116,0.3854913136886591,0.34418440693956026,0.3990261259290022,0.4135867370139885,0.34125785217099414,0.3950875218035202,0.4432979356666207,0.32438303310958816,0.3555207448201355,0.3178018651653428,0.368070818292241,0.38176792849475494,0.2874290880935115,0.2852508711858238,0.32638468918562413,0.3560886853007267,0.3198098817839193,0.3435777164440521,0.4264817110469923,0.39542009674610407,0.42305676187730096,0.33985550477044435,0.3482097423975932,0.39056731922711624,0.377031427680715,0.38498653222281637,0.4082660639755986,0.39563432653236547,0.28837008416462806,0.37038428296418174,0.3375834453705383,0.38108687563939075,0.3184060188029045,0.351792422909446,0.3963705101913709,0.38583452373789,0.4105959697755263,0.330803485818093,0.35596029337728075,0.4203225621908253,0.3568160580541876,0.3934543656427598,0.34448464522332567,0.31299471993892836,0.4053495041459098,0.38617612926809963,0.3683719024088383,0.35182645160379955,0.41152628991386714,0.37321156556298246,0.3512724171968401,0.37764977330626925,0.4381514100701978,0.45002591069828196,0.3677125874823103,0.43849849064244784,0.31979351623037355,0.3852871181082725,0.4001614330645112,0.43700682306418326,0.27695885498708267,0.3311810230807857,0.4658494178033166,0.3273936656142212,0.37478669156946287,0.3879203247578098,0.3807148870396215,0.29250672134082467,0.417149677830761,0.37164975097107944,0.3165840813183373,0.37776940472422804,0.4570282815840833,0.3250502388414207,0.3729992936432632
0.3251006193099227,0.3400184803019634,0.0,0.3017311106520403,0.3531593993667352,0.3576154661738101,0.25182492614976576,0.34263309788332913,0.3219193148369816,0.3990331872461933,0.36221892227972824,0.31799158794111354,0.3526065907409662,0.29590816022335953,0.3121387445949409,0.3787095897678223,0.34005039228334605,0.3410684248952126,0.275678919479476,0.28838600566090006,0.39423198475613835,0.46982901358167495,0.24601179133798493,0.2930977157848894,0.3296772621977171,0.3234830200521831,0.2841850621402806,0.2557062615522173,0.30028236700625266,0.2832244921747713,0.29153422338748286,0.33141108458204094,0.2929103207756373,0.22544294333580564,0.2934710125399848,0.3557556826653261,0.3297467143577846,0.365173764790606,0.29053824656716803,0.31212939387004346,0.3240020180548373,0.37896527367552596,0.3173648093398714,0.3202251126645771,0.31371843904814806,0.2971959697906675,0.3284138715885954,0.35993221032230194,0.28433582882485176,0.3392786583923344,0.3230358740267002,0.33386692706715204,0.27616015041583397,0.35504327043395767,0.3195605999858946,0.31272601419400975,0.29721403655820655,0.36312025990031815,0.3092640100845729,0.2853091699202523,0.3059481950773881,0.2818998905968909,0.3796102343104279,0.30621381304672596,0.2990065078351078,0.309174267185428,0.29898281528197573,0.36103816183081266,0.36600181763085265,0.3514490308297177,0.3671856752902752,0.2807549134348145,0.33460178853851796,0.388682187072442,0.38357789377253804,0.24513570828649434,0.284737997953636,0.3217595050463441,0.2751011206273961,0.23448373407754197,0.36387082737468784,0.3403643428338542,0.3399113474974435,0.34520553837466733,0.30834723207970605,0.3774429716121009,0.2984802733223503,0.27941485662294113,0.2866858680238906,0.2902060766105726,0.3554899127217254,0.2652094347784047,0.32221305329934663,0.24939234495984133,0.3283158194553241,0.3406513660988599,0.29629445128579096,0.30570024156616965,0.2728504883355922,0.2898406955774249,0.25147879047401067,0.28509668069634136,0.2757099534342501,0.33037014953505955,0.3394044156622326,0.3338401330892639,0.3216901649659657,0.3225671370994469,0.314018635774256,0.33849855608004736,0.2922893009977535,0.3184199678855299,0.3144358713456348,0.3129914909986352,0.29136022828334884,0.32487324470852497,0.2637934217045621,0.32138995594091935,0.3561214644852979,0.3116441545351409,0.32113166569131,0.28234320588916867,0.27177627376521823,0.3020993023089451,0.26627318675265227,0.33572015941256894,0.28893805974658654,0.30170209463202946,0.33860900338361977,0.3568827216649542,0.33464664103343117,0.44996704815599914,0.24047878930687938,0.29305804429342014,0.3562764582295296,0.3013235422849176,0.265956766816992,0.2969784592830103,0.33749434562808234,0.302272118629071,0.29600207155018615,0.3313995020687755,0.29448178607224607,0.37474445641543064,0.3487192052517898,0.27095260596104387,0.39625586730859425,0.3119717724672574,0.38711425168531177,0.2719934319099033,0.26701539776938354,0.27108714671779327,0.3111530093611446,0.3710254657081224,0.3372096602871783,0.31146544518882013,0.27277249018478794,0.3556534415942968,0.23708425075958073,0.2618780754231461,0.37111241236706777,0.26560800715244265,0.29533885804571985,0.3366746803061239
0.3887929586194053,0.3693566079835379,0.3017311106520403,0.0,0.3415823779790828,0.3776696685745139,0.36524526689309483,0.3543570113196059,0.32668793270633295,0.3732177868961048,0.3520681065062448,0.35342927793972256,0.3839159004643914,0.3216729103959656,0.46736357476429197,0.33064328394679854,0.35125838067732346,0.39228751940550505,0.3440277572445624,0.33428845596767515,0.3867592265496069,0.3329751423408393,0.3073563985650358,0.3243443364283545,0.3903204007746545,0.31930449541195816,0.33972817358751445,0.29709559803499397,0.3110359732535502,0.2872199208825411,0.4077507182296606,0.3436521446456516,0.5037380836144181,0.28853760888668384,0.36439677657212916,0.34455382565504566,0.40098471714223594,0.3433222492998044,0.33824919251858826,0.41700999209354705,0.3507812278061409,0.3498327336856221,0.350863581246553,0.39476491560212135,0.35488379166114103,0.4028246527133312,0.2753048822698407,0.34174175919917604,0.33818086099422495,0.3621584917217587,0.4968638432054785,0.3586968211923096,0.37561163223426086,0.47951087725873603,0.3693517302918586,0.3269484985085737,0.40014864742277595,0.3668483098209031,0.3869952420338415,0.3951376955443119,0.4061624351958064,0.3047293200349849,0.3827810417959373,0.2486788019193539,0.3797208430717236,0.3918143067500089,0.41364750402963657,0.3366614314104402,0.30519763315205156,0.37297203394403855,0.3659385803892803,0.35249400615147397,0.31995149606859774,0.49487576617128204,0.36410932668371476,0.32149787021676085,0.35887198915971613,0.4110300557618539,0.31719010141491594,0.2871499532169149,0.33400991002029573,0.42099820390779885,0.38048628808046464,0.31432861300370446,0.38730395224839137,0.3437885678227683,0.38172181855049514,0.4294192313113226,0.3954859538513681,0.32574642542325605,0.3860419975852771,0.3791727997043079,0.3622141176570277,0.33142540870958265,0.37587865199962167,0.3523898694397437,0.2953601161282472,0.3146195669546818,0.2802141547208124,0.4033751950703406,0.34389471525555276,0.3290892063030157,0.3843380552011137,0.3185223129497014,0.37941060442070546,0.33779564527138767,0.3794245163747367,0.31542890652047717,0.38266302041038885,0.3327923217638177,0.38577198839490456,0.3492878147686,0.41381220031101673,0.39074973372776883,0.380075402762297,0.3470012695685139,0.37689631247978245,0.27534873980331964,0.3275680724086196,0.317144016921218,0.33368153670068246,0.35866353920470273,0.2949729378293258,0.42255225178257444,0.29772670174528915,0.3654465693632076,0.3152963830225046,0.3371400945347106,0.31763719157643405,0.3826354897156617,0.2980861981069283,0.34537054272312145,0.33457251457703246,0.3388408154120138,0.3354765712155709,0.31496580568872307,0.2836074638288035,0.3865581789629688,0.3425190800632528,0.4120789876120285,0.46408926832623526,0.32076988782726035,0.4464010748143305,0.33462203177982613,0.35351784817665344,0.3287206547867571,0.3574532211680383,0.3712023338662792,0.3060751605067772,0.2114283103520333,0.3977341889271709,0.41344676249078416,0.34684939938161075,0.3005008687590945,0.3816179479631791,0.39687005589351443,0.3116772233331537,0.419973503671809,0.456845216464878,0.3383642381922512,0.34521512817654604,0.36642967426110723,0.313438452805526,0.37777700330406067
0.37853416422408237,0.364536321234912,0.3531593993667352,0.3415823779790828,0.0,0.33168875349917215,0.34085805458819024,0.31294650459637463,0.34658304737550477,0.367256811572935,0.3483814195994525,0.2866513013474105,0.3368239988987258,0.3554040443673985,0.3825843570540963,0.33735199521304965,0.384532242875916,0.4166488321282491,0.28615730554531,0.32162107035216503,0.41661102717899956,0.39720969605295975,0.3158889466713762,0.3394145972732317,0.33645067270674905,0.30074730669114935,0.3155264040321177,0.27897565130276664,0.2953997004726163,0.34061538637464395,0.33699558082229364,0.3032807724547904,0.32773131184291054,0.2474036167233413,0.40821661797332587,0.3421810887855561,0.3485003568283836,0.35395314888625296,0.293379501504158,0.3667662593761808,0.3491348803558874,0.4718285945495897,0.35073129196955516,0.3902197157006315,0.29794806355398007,0.319930159479363,0.3525946441178014,0.3488848603398055,0.34337303938991537,0.3891977896555315,0.3888663047138265,0.3306692640781356,0.3699003921351364,0.3496312400774607,0.30263099328288096,0.3268097641885701,0.33131038548129493,0.387867985755915,0.3687175230532743,0.32647777105039355,0.28877654508957723,0.28186943325789515,0.35585794252943387,0.2946864122363023,0.38445951047927496,0.30915678746593467,0.31513643454251694,0.34782683752216365,0.32604503130972406,0.37949040632595754,0.3485536967010341,0.35550534484174173,0.3308487001686325,0.38078837294340523,0.3568642277630748,0.28761645544349257,0.29441435569767055,0.45290749642528955,0.2774881995219293,0.28474787734747464,0.36217605381738494,0.36863842411901276,0.40758556789564937,0.2861121867816253,0.3539956153676213,0.32338855280663165,0.3237793475780741,0.3366428970803668,0.3016378695874133,0.28912444602924675,0.4938743005987959,0.36700173392820457,0.39206910018446345,0.27921511398657844,0.3836631325119794,0.30567675056245086,0.25600381375987497,0.29285637587494573,0.3029608001261424,0.31016479333817704,0.29607664204116907,0.2761818489397449,0.31417312645432893,0.28284281045661547,0.3480111585873696,0.3246904416446598,0.32157299855922133,0.37274082063371455,0.40284851673078415,0.3407359130590822,0.3225071187464418,0.3552767163918216,0.33845233191039914,0.37567028153978116,0.32250955132891374,0.3712598641314867,0.31971290058741025,0.28666725818377653,0.31343075279508664,0.3335350878212519,0.4217399966274336,0.2915069042415681,0.29266122311597925,0.3792834394047048,0.31583521925749647,0.28912952513450285,0.30681601232214706,0.30401961364826147,0.2980070500699738,0.3560681749204934,0.35714680658053727,0.3566199059704836,0.2570829200905015,0.32754943633843303,0.3134137325691202,0.35433393655596024,0.29382287866617884,0.40497315731992445,0.3279652486756733,0.36029024179905417,0.30675610532662667,0.3685473462474479,0.3919058149335006,0.34802506046673354,0.3672618142761233,0.3145376736432257,0.3674119577590406,0.3569528060011804,0.3269395505243753,0.239440380852042,0.30061507649147806,0.35055605190422906,0.3592699198833435,0.35364992766977654,0.35445622768823637,0.3500909105074272,0.27631904362817555,0.39454735689450776,0.3131688582951768,0.29388683292926365,0.34861449050589827,0.3444101094390394,0.3150695848566191,0.42719735005688814
0.34567297101958805,0.4911224499462948,0.3576154661738101,0.3776696685745139,0.33168875349917215,0.0,0.29404973971294596,0.4011539595861962,0.35267428169488807,0.36158715975927913,0.38346772818881014,0.38808183317052486,0.3961880817556137,0.3210682226944654,0.37725611442830376,0.38554622618830386,0.33712638811807644,0.296537915446272,0.33274234015250365,0.33576055401704946,0.4080577723354741,0.4145225489902562,0.24279639406144815,0.30561450141870944,0.3875711491299215,0.30944873270830353,0.28560600014963594,0.2663250183202568,0.3593231201550746,0.2879706535696194,0.40517412361365496,0.39809441715053184,0.44152595655564986,0.2621860727572299,0.36417615981687457,0.378221053399583,0.3790396981387693,0.3628301905874284,0.35262885158341706,0.3099882137249074,0.365224740155715,0.37053254444117184,0.31561096656910825,0.43795314779714334,0.3473398290706215,0.3069949132888529,0.30043062805230675,0.39434461781482383,0.2786585943436103,0.36681917178705137,0.363092043295847,0.36754051542118754,0.34474935507096066,0.4831000522542682,0.3650555381719923,0.3917660099409749,0.32777029018686765,0.44755165652807327,0.29914339482750707,0.31426505718654435,0.4219716454301948,0.3122993499732591,0.38356097365434544,0.26731612590190357,0.31930511255836963,0.32269045743815594,0.36395863980462384,0.35757303415705316,0.2865223611243615,0.36263394504721436,0.36642077856669075,0.31228743868718273,0.33706092624080936,0.374643050537682,0.42768144175577233,0.29043070108391844,0.3097873769090594,0.37999979231506675,0.29338478391856354,0.32162776509890273,0.38835844812461046,0.3623538110077913,0.4057326623316575,0.3701239581349758,0.3504037773582904,0.36982055007280124,0.3914592276515255,0.3161616654822145,0.33865923804760556,0.37058131194013366,0.36819755821835987,0.38899782405475636,0.3789719981930023,0.2981454987816838,0.3376900369264359,0.47474909558425965,0.3340279795661039,0.34540996478903563,0.28279419985261595,0.33192208162782355,0.33609501563216854,0.2882164188535132,0.3072937971408171,0.30338953916194106,0.37178185158792065,0.3512345659651053,0.3552813719251851,0.3526005519690486,0.32564392609501763,0.3708226921749989,0.3468362997926321,0.322785876686269,0.44023172416589035,0.37158671589699344,0.3521712353922991,0.3633386396823282,0.3323892283908391,0.2679408804710068,0.39968760943010084,0.32697861350170204,0.3533211107935089,0.3478249994857428,0.32712531299882625,0.3690480878315947,0.3520189517501548,0.40443626842868846,0.32617873242371687,0.34769530739992527,0.37142976538281813,0.32592424179967006,0.3607878593218167,0.4184078104872539,0.3215737940156235,0.3824618131041897,0.39381687377745767,0.3308384977632813,0.32438199402284035,0.3375803083981297,0.32833499186150256,0.33437420810119695,0.4071697139780358,0.4162704949837213,0.3509884206878835,0.36063542199256493,0.42103560283728736,0.31241335850844887,0.41491099298903766,0.37124119074374495,0.36219074110431976,0.25482883577368676,0.32613349982987644,0.3701089259080759,0.2954985609367195,0.3265078985782752,0.42077162841179266,0.37225508886485453,0.2934399018038164,0.44126609923105375,0.3337881518668498,0.3156024800886375,0.31611561141349714,0.3775608468727101,0.29039023133136255,0.3523240254350751
0.316887963202859,0.33031911887781007,0.25182492614976576,0.36524526689309483,0.34085805458819024,0.29404973971294596,0.0,0.2592489806711948,0.2657270964623909,0.3284843256817415,0.31511799847341854,0.3485170000288591,0.31023705052191275,0.2953803422252797,0.4117231175729569,0.2698311921293616,0.30087678976197174,0.3172569625727551,0.3621275049919411,0.26836360057458414,0.3218392902593596,0.2986725615769731,0.3914499400014376,0.3635472830764266,0.3404415685369941,0.2724317420592642,0.30796108565714597,0.295297657233597,0.3022060627099961,0.32781928322188214,0.3288153180417975,0.3418465344218946,0.35084896643113117,0.3254431840223417,0.3061691925711944,0.27610098445942277,0.3527797930270985,0.2613323263287187,0.32525422615685806,0.39119775555129804,0.3239418764320045,0.3297416825583523,0.31405241080298407,0.34980058755651616,0.2931227280242844,0.32249211265419664,0.3098474064890984,0.2911085466716675,0.45789003435271164,0.2911585868826947,0.41096042009259665,0.2883732301022598,0.32374290927824095,0.3657834415840374,0.3620740625869488,0.30763298128094274,0.32357902714082476,0.28502266498013806,0.38180348402390424,0.31883720068194377,0.2837042085030407,0.26064315873955174,0.27417123599450205,0.24510204172177283,0.32814162965613386,0.28471551680013996,0.3289881972055763,0.3323040619996688,0.2560145346777297,0.27976503735018216,0.31147007571499885,0.3001315708272353,0.2609205967173171,0.36980544669726223,0.2550077788840847,0.37294457048421603,0.41040784282967896,0.3965383319656054,0.24892870546370405,0.3054792187595438,0.31345590722684485,0.32558776557503194,0.3539482762521406,0.23267725719410384,0.28874795063090175,0.26653040636078024,0.27274477862638935,0.34525441726832584,0.3344738960453814,0.27973579908143825,0.3205044948892672,0.3845658348003553,0.36539439625940856,0.35009811904632604,0.3210407821677716,0.31996219944896115,0.2433215104218757,0.29378449445549126,0.26285201774677497,0.3398296054617763,0.3248097653116794,0.2997436462024085,0.31557042150660863,0.2715820992974147,0.27042184241481265,0.2784455877733382,0.292320518140721,0.2828706968870192,0.37365701061812906,0.3376936375636614,0.46451643810532384,0.2823468784810916,0.30352928063469364,0.279261238851126,0.2804884782020549,0.2899266961174735,0.3358937272110583,0.32281490027571036,0.28900377657131904,0.255812304825298,0.2925323153036121,0.26396935916631487,0.25609512980183796,0.42557863252170336,0.2743463479712172,0.3323430766491297,0.2681203917156968,0.2956147695730323,0.2651646561304613,0.312026355630202,0.25901681232612117,0.25793458530921093,0.2638470779859815,0.2722648654420988,0.26896361862701446,0.3228875441696682,0.29152188685665803,0.3451274983795907,0.2743087672151315,0.35323307761630385,0.3260045031400093,0.2830385667260117,0.37948925023675023,0.2782285892119429,0.3170276996537287,0.3061967670448157,0.30209577378995534,0.36225216107624997,0.26685793090030047,0.19348960357090814,0.3180432357625928,0.3827432676885563,0.3076015852451534,0.3239754372317978,0.3374843943532746,0.3188079940003775,0.3287560482073561,0.3649080664340308,0.3833130999537662,0.3710330363505598,0.32557919435825333,0.3124313149896909,0.298121680968482,0.32263435248515326
0.35530998780471373,0.4020830681305523,0.34263309788332913,0.3543570113196059,0.31294650459637463,0.4011539595861962,0.2592489806711948,0.0,0.3671457623790978,0.35182443722157414,0.3456818344344083,0.35364139924754623,0.4033714491015524,0.3084028662943097,0.34912848801964436,0.3755066914242334,0.35148174362551776,0.3435074492639307,0.32524134442585073,0.3559386054663768,0.4282379897095928,0.3457022107878368,0.2678942258798271,0.3044900440868049,0.37404458150090697,0.3329515883930996,0.3310679559902191,0.2887516694133019,0.279070756656859,0.2947320863329346,0.4351875914378751,0.3610552450509499,0.37368431424821863,0.26842523292780757,0.35952949730311984,0.40227533501829177,0.39707268716187194,0.4226086377478534,0.35355150266446495,0.3426769405742612,0.3675191445913964,0.34626380892932024,0.37510610865315375,0.36055159213607646,0.4345526954066105,0.35190336821635737,0.30937614828481996,0.3617072171897334,0.3132369283282289,0.3959879356426644,0.35304731504942005,0.3317872863439933,0.3391731810947636,0.37353122816347567,0.3380702386021688,0.3365787617859301,0.35672672068491895,0.46086040516290794,0.34384720864695445,0.3451855329628042,0.4847018293829695,0.29037998634787476,0.4169264612400012,0.2983024478864983,0.326457260484945,0.353633101980435,0.3545191143790516,0.32407183821709046,0.3500875297838652,0.5166285827914985,0.3505626468207814,0.3538116477819396,0.34719616882909415,0.40673880408021434,0.48392266425756186,0.2970196679412771,0.3308039575082477,0.3492541215684123,0.38613272853104,0.2585544657924724,0.34450307048870604,0.36069657113497405,0.3819203696527565,0.4159779349614699,0.4029386725724776,0.4340860748086137,0.5304171215387427,0.34574029224214015,0.3860089072524497,0.35022520142144054,0.3519534897069306,0.3311393217866385,0.34590647900559957,0.30586201130725416,0.3542572985247176,0.3594310622770228,0.3640832694458791,0.33590958085130734,0.27681112053673373,0.36541406698909773,0.3123498765370876,0.3841002970640777,0.3242137918012182,0.31650775815219007,0.4291801465436619,0.3749728596363694,0.40285013622156535,0.3799501577414739,0.3645339075627387,0.33831938584118953,0.3125045354053585,0.37218058021247885,0.3795813487792137,0.3904849497542823,0.38020497811656967,0.35812960623289997,0.35600751818408555,0.2763554644835876,0.32232228392526435,0.3066857062383887,0.3516155642340038,0.4297756548631885,0.31236528290003074,0.3359798091104255,0.3121139747484868,0.3414164056212358,0.30244773675032816,0.3985820207484174,0.3531445297867322,0.37140078513715113,0.37693716742981903,0.38406420993682816,0.338252443990892,0.336261065961411,0.41081826609694955,0.302479402107708,0.3229154480783321,0.36181064995119955,0.3740758379595708,0.3789034312467021,0.36610893587736537,0.3478772573879741,0.36450056323672736,0.36191889721398635,0.4335173519430596,0.33816271231071166,0.39737736494884524,0.3574631237805947,0.3936106927207935,0.2569383253066439,0.38077372457307684,0.3637139749131351,0.3314626872790042,0.3297428377003752,0.42719064531637774,0.4012582932629446,0.2817840285975297,0.396853442634793,0.28706155476513767,0.28791014816139937,0.3418624018938235,0.35747680614657595,0.3077105050931681,0.339474195517306
0.40387787583937185,0.34955374424068814,0.3219193148369816,0.32668793270633295,0.34658304737550477,0.35267428169488807,0.2657270964623909,0.3671457623790978,0.0,0.29803513712349505,0.30842251436981755,0.28495411942373045,0.3344091992608261,0.40833131753454266,0.3333244718416753,0.3202704108669183,0.3335230743994061,0.40067678879838403,0.271436821405102,0.3476907850231827,0.33946911174623245,0.43116383746468945,0.24807806770243926,0.2671784711909811,0.30097158302237437,0.3153290616325126,0.33721115448227185,0.28356769771932017,0.2649304198422031,0.33484176802378546,0.36745892987052026,0.3142818846194267,0.34605959605212705,0.23709725384714606,0.3580387526086791,0.32973112533199633,0.3207522308507191,0.4620578787710561,0.31000254885732564,0.312524603073575,0.3177890515356047,0.42670039765285267,0.3029496183049977,0.32011283442703525,0.31650898016930906,0.33304465025399793,0.2977482807884926,0.28470971133425477,0.2777932307222436,0.382123865350171,0.33702474986851777,0.33430004042675393,0.4158769993145986,0.3284058619359294,0.27606962696187526,0.39550590685995934,0.36130571804543476,0.35355702258383687,0.3175375726728668,0.3133217276390023,0.3296594170220631,0.3610584541323319,0.3667739011542052,0.29668641736711815,0.39386636479251924,0.35069152675746307,0.3957089151841414,0.3835977482230086,0.34304759948318453,0.37578188443286664,0.4383996821657588,0.36099885704174717,0.4368230399517,0.34108447870155983,0.43968257663414934,0.31056650631544125,0.27873663914034985,0.30872749121236903,0.35136298029869495,0.2922551117357603,0.3495140094574275,0.4815996465525419,0.4126761338916504,0.349668327789337,0.3979918376714038,0.4192712632581644,0.3575518490076716,0.3840351304387687,0.3411389269799163,0.4765538254420218,0.41861268080520503,0.3737049186822299,0.316337148573787,0.3137708528119582,0.48982073561683614,0.3631499119623663,0.36795356380363153,0.30035284836639053,0.3660020112500065,0.32920573070373077,0.33791475935760146,0.2599604112068417,0.3361828148427601,0.27264150904671297,0.4467709268749919,0.34483470801470656,0.3091184336620407,0.3294118412851371,0.32263994833715515,0.27605004302325,0.2659615172991235,0.4220494149848634,0.40395968237602237,0.4874413325544811,0.35822944487801284,0.3773943461657956,0.31892607222005376,0.255315225512324,0.27198452052007754,0.40452959540314587,0.3869186518911325,0.367039648196058,0.32375282945997225,0.3395921637373675,0.4679952320893333,0.28273253181291097,0.3646905587658693,0.2889899530954964,0.2801337162594129,0.3923340546801104,0.47599770027710314,0.4106554151826371,0.3355138697961204,0.49056048328723195,0.32908458844572097,0.3675767055458625,0.2913280664608802,0.33459012674166105,0.3208033287404313,0.35777320855566364,0.35271503436169177,0.3576845817623814,0.4070115025849962,0.4379277967216131,0.37232504293024693,0.3349100814896864,0.45292273247477033,0.3453677016198359,0.3291342249359993,0.26021967933649226,0.352710552208641,0.35224664075460294,0.33131497389124853,0.3034401940450066,0.32353819124846545,0.3780661483772246,0.278669807668622,0.33715869448964203,0.33102220889005163,0.3089407484783049,0.316538445819265,0.38804680785247303,0.3901251157548489,0.3994855495219608
0.36188365861254307,0.4860874560202283,0.3990331872461933,0.3732177868961048,0.367256811572935,0.36158715975927913,0.3284843256817415,0.35182443722157414,0.29803513712349505,0.0,0.3508531801152652,0.35498562597880146,0.36247631874404296,0.32095497215142654,0.3673122018659094,0.34281121199882053,0.3581690181019998,0.3832793604901844,0.3278355168293245,0.3283351896237446,0.37588717968897606,0.36546677613788736,0.32168102260901316,0.332475610366245,0.4556362917211334,0.2752384501333859,0.30307339565978564,0.28521415519256255,0.4401702566930711,0.28062372435543104,0.37918546292597805,0.3638153074536634,0.3083744709031465,0.2702146242996607,0.36561814724169595,0.341657531770275,0.36954500763462594,0.3099961598767673,0.31498674467954485,0.3866836404355911,0.30939169806954864,0.3887938704639358,0.3232097793610477,0.3439970741394643,0.33978931390327144,0.3270962765700033,0.29241389936882006,0.36735508473869144,0.3735921146829035,0.3153627052186517,0.3659988777171442,0.29737060574075136,0.34415037776378354,0.4074550443151334,0.39002848745205604,0.34089902194426797,0.33476286877322253,0.3356772386090475,0.4185771198833107,0.3297452641519792,0.36443667307841565,0.25682539792576853,0.30719723739790444,0.27730134928569244,0.33686593839987355,0.32073369115601474,0.3327153176557102,0.308547153248517,0.30341175072886983,0.36757319280630996,0.3086838803334449,0.35569321577830826,0.30023904571460247,0.405105078275213,0.3435768998567181,0.31988746336170343,0.3027785333788764,0.424676047247949,0.2651985639568942,0.28318259145419516,0.3520808430001227,0.331160377452154,0.39831100504244404,0.29856277325668795,0.3428296729584733,0.324962656190015,0.33483160316144106,0.33949074723641876,0.3421685845107362,0.2933730350342346,0.33141049206817336,0.3313908635041829,0.3820815129547854,0.29587712976821406,0.3626478743652252,0.36135733554415916,0.25682751623119976,0.31502569481325216,0.27910323601115117,0.3563411597885972,0.3214386299357878,0.3126913987140302,0.2904370727071023,0.3467387945649797,0.31582252726961746,0.2958374919850002,0.33441664764257417,0.392969900893318,0.36824315249898554,0.41128278334648166,0.3412332328707949,0.31741636785055816,0.3466754022991473,0.343457354262438,0.31570093215822026,0.3456081205741179,0.36520798174347474,0.3561055546484127,0.35236798543772907,0.30099356956422335,0.3202042816452848,0.27800138182059975,0.2899576904551451,0.3699988249225943,0.29780569824934106,0.3969421946513016,0.29095259114702626,0.32053616237859744,0.38213234243749783,0.3344326215887706,0.3443989319740913,0.3147422137581583,0.2841812823265137,0.3003116325233317,0.3417062748417928,0.3098952323073477,0.3132430414490332,0.3579741134705084,0.3729809822593145,0.35125144709185374,0.33048010107501646,0.3658821705260998,0.41025512540143555,0.3181344242548292,0.3654711699408369,0.30542853219279337,0.30698273301697043,0.39177061861661017,0.4619469998081202,0.24266467258698313,0.31225310693858904,0.4134052598716473,0.3223946674905441,0.3612051296908531,0.3653747545030136,0.3462450815033229,0.27966865387062084,0.4008662213731752,0.33280064068728665,0.31368032253345124,0.3886564558052388,0.37156223480947786,0.30565856001358704,0.35798576162670537
0.4209127662173713,0.3635078479450604,0.36221892227972824,0.3520681065062448,0.3483814195994525,0.38346772818881014,0.31511799847341854,0.3456818344344083,0.30842251436981755,0.3508531801152652,0.0,0.41904958964359296,0.4449912497066087,0.28599268374846626,0.3653099485595045,0.4705060176258082,0.4092810318631188,0.3826945301223119,0.3883736042492371,0.34663020602592304,0.3799359577060842,0.4069198795178666,0.31007114240400696,0.38282867048794994,0.4392166122290708,0.29685192618226663,0.3870671469233097,0.36573403014662703,0.3364509240530094,0.3830584549365098,0.3673141325299621,0.4298159473583317,0.31197598166828194,0.2772602236352157,0.3404602299590103,0.33080984284679466,0.4469512056645401,0.3405275794073249,0.3848432548943618,0.3659314877233353,0.3060590649512497,0.34978050861323434,0.3476353503398473,0.3669263289254375,0.3332899333127297,0.3336167608123786,0.2562835635489951,0.4408124349171678,0.37213101959977235,0.3243580691810422,0.40765778747677095,0.29267743488807374,0.2951252612149251,0.4039039257079698,0.4331637248602258,0.2719521189296031,0.3936744606575472,0.4486680359169599,0.3331889923792407,0.34784101962389513,0.38217618894962874,0.2393008339131967,0.36553218377279056,0.2540127708611388,0.27845005115818733,0.3222384683021797,0.31933327134989686,0.31227310988230417,0.33899177410408776,0.3955228501638244,0.3210012044157644,0.29397329720874965,0.31701658717554765,0.43431361162348625,0.4177215362581964,0.3248904740148966,0.3659286509598256,0.3563821274297564,0.2778415441478652,0.28840191351724936,0.31412148049775945,0.3002947540107088,0.3562131127051373,0.3253433500935856,0.30324819573196565,0.3141916897124384,0.34750335153782963,0.3292604415041265,0.36491109150470313,0.27578778439043283,0.39159099395322733,0.2624470649040212,0.4608290243198746,0.3476910910153478,0.29165643330762037,0.3266484412238613,0.25839520553601564,0.25600780471070644,0.22984320466552322,0.32174517985678636,0.32252776008957873,0.34079036013742064,0.27241879626934873,0.2678053484141462,0.32717464005503294,0.29574528867926253,0.3356201425539568,0.3481675855889044,0.3239368276317725,0.3954728535839254,0.41765023450655986,0.29079133771699295,0.320407125055434,0.33899834741491897,0.3241408297400134,0.36240757456808176,0.3398861283886395,0.3558641463949573,0.32427183238181373,0.26926634843876,0.3198061504567228,0.2623361826817591,0.2712639684510184,0.4139183628310848,0.26581630695176955,0.40907288362231525,0.24081282243125282,0.3348142160302617,0.3033200662332435,0.3040014980240077,0.30268693630278615,0.35296321913671647,0.3354872857318522,0.28866479464645395,0.39267904631915207,0.2872690385088478,0.33682868615578426,0.3192032925501534,0.3483640849644132,0.38045266083794727,0.3311180566418866,0.32412724855687175,0.3078543730290947,0.2917380401973066,0.3735181008736017,0.2680655819145624,0.3132395553579265,0.33399010993422384,0.3267315479408928,0.24029654531782998,0.404664387203376,0.33638828392410564,0.4698840793724591,0.2992011434373213,0.34196563822774395,0.35225526205576896,0.3644372845428514,0.38781603268887327,0.32213164130070476,0.3216147312144838,0.2892574003926586,0.33046578779859526,0.24316431854936738,0.4308222077312546
0.353932514021516,0.37526944129332557,0.31799158794111354,0.35342927793972256,0.2866513013474105,0.38808183317052486,0.3485170000288591,0.35364139924754623,0.28495411942373045,0.35498562597880146,0.41904958964359296,0.0,0.34900055702034427,0.2398116840042142,0.3673686234934889,0.38536170081055743,0.3555159831575733,0.3138590882358852,0.4719122349175791,0.328675853807807,0.39401245534258655,0.31853187559940327,0.3016602712061088,0.37573724449101337,0.45249407069856523,0.2889859819124328,0.32893494073726837,0.3041395058728077,0.33992563347189025,0.3511927727833242,0.3974842513350493,0.409629818223546,0.3511846834016054,0.3159770474239904,0.31926158238563657,0.33726876884041207,0.38493465152718315,0.3254785106986256,0.4269529619285669,0.3629134682468956,0.3682625934268631,0.28504691262003407,0.3520738497776483,0.38629943769128805,0.3442610549846509,0.3695688790515166,0.2979303856379281,0.39475017844596166,0.35835076982279146,0.3298107678953637,0.40970293847147227,0.33893065937128747,0.28945393322074014,0.43557191096064346,0.4805681193350009,0.27850204929254496,0.4055199682735316,0.42398444294077314,0.30045294219097096,0.3529742314710045,0.3304502912897316,0.2475210919424533,0.33816104026594845,0.248641001395182,0.2821725954255991,0.32025150041309297,0.2894434115058308,0.27634887784538026,0.27192581206146305,0.31174697734003887,0.2944957944869491,0.2899368943126479,0.2649973877670558,0.3692461278170158,0.3436555465655927,0.32462499097372116,0.329162310368152,0.3694859207010925,0.3031043907361488,0.2862774940403396,0.3039295321634973,0.3036397114710897,0.35552816180420727,0.29225509976018454,0.3312748959714227,0.33863376404429996,0.3014073064398829,0.32559794338451736,0.4221426526355796,0.28795631481672357,0.3322336515074327,0.31031017835638436,0.4223131704931324,0.3574219609890346,0.27125354174942085,0.398779862526604,0.26289532610675453,0.3125913339950515,0.22729378592197644,0.339142802183769,0.305436368200841,0.3255023396900815,0.3164015930427172,0.3608460665220584,0.3082286915864758,0.3275466645664344,0.37376517863180975,0.3146825428974532,0.3503102031515121,0.38554272323261335,0.47127988186335923,0.3136310031028354,0.2995125789434366,0.31229544860295433,0.3409678394076541,0.3407540057954944,0.37264043264086677,0.3772448935200799,0.33789756880509103,0.2460602180451908,0.29665699903883425,0.2838415362522322,0.2686548220766202,0.4051502005647389,0.24759040950313882,0.5187575991171417,0.2435411451886811,0.34024770458826836,0.3685896394474948,0.3049401162040904,0.2815490363082234,0.3021897087359339,0.28933440209751227,0.2809216185961876,0.34835025449691465,0.26871285516809956,0.37743973122659813,0.3445738515398222,0.3251047455974823,0.39505166174894557,0.3160681679423521,0.29107236743322223,0.3249004436786072,0.2836380601874381,0.3620327302663504,0.32077637941208287,0.3451661953501892,0.34890726468921496,0.3714622253437762,0.23358795758153245,0.38952401685112364,0.3665260279353003,0.3663053111546944,0.31026743821445646,0.44294963645527863,0.3059019861442497,0.31005650951017794,0.40605820905350365,0.31324693661713343,0.31105011202408434,0.2715598505367873,0.31772625412708466,0.25380342395368904,0.3353766288717605
