0,1,2,3,4,5,6,7,8,9,10,11,12,13,14,15,16,17,18,19,20,21,22,23,24,25,26,27,28,29,30,31,32,33,34,35,36,37,38,39,40,41,42,43,44,45,46,47,48,49,50,51,52,53,54,55,56,57,58,59,60,61,62,63,64,65,66,67,68,69,70,71,72,73,74,75,76,77,78,79,80,81,82,83,84,85,86,87,88,89,90,91,92,93,94,95,96,97,98,99,100,101,102,103,104,105,106,107,108,109,110,111,112,113,114,115,116,117,118,119,120,121,122,123,124,125,126,127,128,129,130,131,132,133,134,135,136,137,138,139,140,141,142,143,144,145,146,147,148,149,150,151,152,153,154,155,156,157,158,159,160,161,162,163
0.0,0.6149978493595317,0.593005125004316,0.4787263825402989,0.4743532677480397,0.624186178791454,0.5164733231880796,0.6209079420857038,0.5664303488740174,0.6384257803476239,0.5098993772357651,0.48850103932291594,0.7238277757753969,0.5153845576479648,0.5949659093004622,0.612992422965178,0.6183494893892195,0.6835055667871435,0.5329465744221895,0.6876226551378315,0.5365765562450606,0.5724046968823785,0.5180427611029277,0.48547566815122084,0.6253859084275878,0.45363124258530735,0.4597425291627979,0.6006381769757688,0.5302098399885817,0.4923267345900587,0.5908258733035759,0.6807375199451461,0.5349509174755398,0.4906812580637996,0.6078257294847377,0.49108162286383833,0.5648244120410388,0.550777073467012,0.4722485415334094,0.5614441409942629,0.528510552267415,0.5126668086628261,0.5769709901641108,0.5105640656212884,0.587326476262219,0.6075132410026483,0.5262979992070693,0.5051705512740172,0.5844733379189383,0.5722708739133535,0.5744568426186445,0.5575347104838214,0.45284238209414374,0.4779702645574093,0.49300088124112273,0.5169045178912086,0.5987837606013364,0.5592499751140448,0.5630147281170439,0.5818668220893699,0.5445465245201851,0.47464847341922456,0.521012885254783,0.4491403542437023,0.5050679681694403,0.4954519846720458,0.5070606084964103,0.5630428013333068,0.5317530543569553,0.6330889173755297,0.642837288035643,0.5009778713406616,0.48074864472982803,0.6042070282886085,0.6117027112094905,0.5078443995245225,0.4923841157092116,0.46873900113619943,0.5517186991699089,0.46624318037282314,0.5390321535956674,0.5695628770466488,0.5501473379250489,0.5462504731294476,0.509798811651981,0.6544789695927459,0.532666815930685,0.5572015465357225,0.6202924373095522,0.4401769305508186,0.5656328278332681,0.5437761232897682,0.5816319983963487,0.5089822955499305,0.5257357154643699,0.5119912316201641,0.42892323210593203,0.5362116439054803,0.4280449412878306,0.6033654104499261,0.45919631802612493,0.5102071429124986,0.45052102227018226,0.5300327568237229,0.5550949657980147,0.6368460812532816,0.5174195448951379,0.5975558425503811,0.5859472358225459,0.5254893801088676,0.4686046061726903,0.47053148547514223,0.5849903279379135,0.4812367190248711,0.5316044168725275,0.6148193399862288,0.6167252258442981,0.5825237167036831,0.4884712522731389,0.4728988452327816,0.5191757779246344,0.4951457036990924,0.5501039721553306,0.6210982556230055,0.5130531405245167,0.5707889515573692,0.5009597390180143,0.48085675227408287,0.5392129372523057,0.5348317129614868,0.5169637439390433,0.5604297442180196,0.4915865266372558,0.48220366700812844,0.4911998443112431,0.48885658583370517,0.5404090597975812,0.5454900568549418,0.5474789717681827,0.5973588742200113,0.48434717499044594,0.51241385956365,0.6059482284561073,0.47018135196779465,0.486080425551433,0.507195890278343,0.5368647415335457,0.5555000427839444,0.6784790929652998,0.3914093004731965,0.5526329802973515,0.5285049091431114,0.47354793844568777,0.48954983700740945,0.5624873269500951,0.5862079527900389,0.5712936888549592,0.5538274552565421,0.48983492465125594,0.5097762753065039,0.47833968104801694,0.5797808565540243,0.47122339455082257,0.5506217552071785
0.6149978493595317,0.0,0.5895472516778459,0.493375783310784,0.44615260929197165,0.6345160959874331,0.5198872037048409,0.6426184900559067,0.5534238995447679,0.5688602333169857,0.47435070568280246,0.5495733186556278,0.6087210103661949,0.46658563602723924,0.6037648508012519,0.5266097415167846,0.5500044019409038,0.5157643670907224,0.5288417996210297,0.6179774480525219,0.5354021618147619,0.597492015440086,0.49740205827272077,0.5677979628297943,0.5548492268970441,0.4371058131781014,0.4439627748160179,0.5456231933913309,0.4861810944397351,0.4491536831960542,0.5794685505588374,0.5402120973553088,0.5747000177002358,0.5208583682584921,0.5488696051844848,0.48145424203756465,0.5075282328437422,0.47410189440607753,0.4927352693121559,0.5780069548965039,0.5410845713733776,0.5170365497514211,0.4629220441875973,0.4794012737493119,0.6325758007550056,0.5619870364304705,0.49007576797049357,0.4593520918401718,0.5131350238548251,0.5103215112970123,0.5169126896967935,0.5548104173824442,0.42417715747222356,0.5063489732195152,0.4559445223702461,0.54987777207934,0.5361894549384026,0.5217993062764392,0.48883178522125004,0.5741818063635882,0.5410817887343491,0.4256718147209999,0.4512333773253989,0.4191810934268571,0.4546356686629602,0.4481367828584956,0.5177338382548405,0.4864678555331887,0.42474227366375916,0.5145555719891421,0.5672133302711095,0.43854664793733344,0.44315141027825594,0.5704710689918278,0.5386264190277843,0.4352550974041054,0.4675515488696862,0.45117562491507224,0.4936593741365077,0.4153370616544131,0.466052980822247,0.5825233930944697,0.5447199552596708,0.47244693843385166,0.4632855167220398,0.7107331873648322,0.47260565278122224,0.45063472224726836,0.5301616384768614,0.509721625779852,0.4889840226745102,0.5631160764114947,0.493069417467295,0.47595236824823084,0.48020724914937624,0.5034063136492765,0.4292603777779881,0.5668477512964228,0.40054628038237733,0.6271645196181954,0.4284739563205202,0.45576714875707525,0.4121681393423993,0.49317663908236864,0.47927832546402455,0.594418480209204,0.4869383956807355,0.5741068784008264,0.5496614391661865,0.600827229387644,0.48019237129318176,0.43568925196726344,0.5260971422984061,0.43230700379253373,0.4713074697948304,0.7083130954587626,0.5176361846502315,0.47226626988736375,0.46771133373868573,0.44152112683908307,0.4801149009069704,0.4404376315173416,0.5326885189024978,0.5805271154507068,0.4549645532727318,0.5351265672337435,0.4866995577985238,0.526687614257231,0.5302672309300422,0.4671382425328976,0.5019859548350492,0.5108729616043988,0.43923259939416437,0.4947400103016571,0.5072893605240403,0.42677963761422216,0.5126225545692951,0.5219703631692937,0.530848568620452,0.5217829489532831,0.42889752971735334,0.4596534764091567,0.6450883709998189,0.44340156961981086,0.4549985012320543,0.4772180626082932,0.6127720524066845,0.4945070655128184,0.5787321562541898,0.3808400316615339,0.5162200200880458,0.44435573234928705,0.4812176781104042,0.5366136375319579,0.553484074821086,0.5587369538275478,0.5867034538978844,0.572122041158069,0.4624075248409327,0.4347434086248193,0.41923531760384714,0.4892051976048033,0.43202672301088946,0.5255113117798198
0.593005125004316,0.5895472516778459,0.0,0.4946369509140628,0.5464931122143164,0.5950224740309189,0.5083934455368176,0.5678413101823329,0.5099883012221201,0.5293553908658435,0.5452097838775087,0.5172329584629378,0.6050646413636055,0.4528493786842574,0.5618698732396921,0.6017060814306043,0.617219642165596,0.5304131848262696,0.5024504994658339,0.5641357053346804,0.6019361760802602,0.7472686438958712,0.4817909129622288,0.5607427677573369,0.5304630973152981,0.4732281236068958,0.43596779446309303,0.5276486438973363,0.48065343892958956,0.45931215091067584,0.4939053358562656,0.5313677723300037,0.5165649783942572,0.46349035758465,0.5081067436469815,0.47345585123418965,0.5144905700219057,0.4896117369014484,0.4913250025394938,0.5815364192918063,0.522275474580294,0.5569041041773103,0.4975828865734931,0.49765582126357255,0.5430422405448918,0.5143785732756333,0.479386806070993,0.5094698213347372,0.5135218928014591,0.5302160044623759,0.5458565242438035,0.5745493147314669,0.40605787632772716,0.5114394633954307,0.4634309712991121,0.485559457935347,0.5428171013368723,0.5894707675768285,0.49006239246811883,0.5148982713608465,0.5226789437377458,0.4165958682509378,0.4879498748026302,0.42171697956707166,0.4547350832242658,0.4415400392440379,0.5016183138192752,0.519040062872697,0.46550747128747855,0.5397482725335945,0.5979036531396996,0.4226145026488915,0.46533629969093443,0.6286284372670911,0.5480740803509121,0.39672013019110786,0.5127096694590435,0.47882387262512816,0.4711006518131297,0.42310234261675717,0.4752838501810934,0.5764105307050025,0.5260326786598972,0.46322022547364,0.477808624446164,0.6092787371971005,0.4830159409228329,0.44911427756260774,0.46236599589561667,0.44806857006824785,0.5637765556015412,0.48414599867801117,0.5102784431626087,0.44450882823796245,0.5025054227964549,0.47420892945809245,0.41248823658642186,0.4972265266221817,0.39479222791404034,0.520586638713321,0.4063824404794137,0.48320990087457893,0.41707184593332725,0.4631491870597094,0.4714900313356475,0.5894339946462621,0.4917374204075476,0.5595868733729763,0.5167903577411079,0.5786104356781957,0.4919073557195372,0.45665167825791375,0.529582150805262,0.44416308564776574,0.45106541878414885,0.6575408216030436,0.4665557429214764,0.500647523583849,0.5121774635202893,0.43070449009888806,0.5290542860039806,0.4454545603660366,0.5218406931071071,0.5612428978247176,0.44746255671364216,0.5015743104875507,0.48511524546396456,0.49702696299229787,0.5074601669862807,0.4664201591893133,0.46307603359976207,0.6051494878630638,0.4332587781540463,0.4867665848965387,0.5140989601424759,0.4301997095672914,0.4645704771766008,0.5037707914915759,0.5306360350707635,0.512266157723826,0.4098722035714272,0.4691091101525498,0.5724006534076232,0.46408858356826677,0.4685180199745093,0.47249172540043405,0.6125017697229762,0.4767897574830058,0.5477186379110518,0.38087930999590974,0.49660199188513154,0.42462504112343424,0.5163292547603002,0.5231320948631191,0.5442843902692096,0.5387565781122715,0.5712986140973816,0.5681679122392902,0.43920543781477756,0.4478031225200006,0.4106092546943199,0.4612966993097577,0.433389829398992,0.5951259372652102
0.4787263825402989,0.493375783310784,0.4946369509140628,0.0,0.45400771660048833,0.4803046412524878,0.5203209675820105,0.485569096537353,0.4139341921520877,0.45693423212341877,0.5690534131940304,0.49186171174254056,0.4763015464873409,0.46444272199683634,0.5030454465849654,0.4820635182447221,0.5263861355619827,0.4515582128067512,0.5252846257867141,0.4855179598605012,0.5692160161052229,0.5136898982109988,0.4814710990602073,0.49646971924941674,0.49320657238739807,0.5032885333154763,0.4203727278256424,0.5281160290597798,0.49641576414316485,0.362367983144861,0.4742243829117981,0.474880792184559,0.5812582216764899,0.5264807112368833,0.5471767711993629,0.5637557604602057,0.46873713645028525,0.48691948632440124,0.5623427458474541,0.5713301659442139,0.5729862567395074,0.44579823871664054,0.4588877819923411,0.568421429801287,0.5148111165094229,0.4459630135403328,0.3716888113495613,0.5274935079047864,0.5215584076918169,0.5025827438497146,0.5662444498193302,0.5296031773073522,0.38728413896587366,0.6353948866693788,0.5781506749423913,0.40306580107285733,0.5160070071104779,0.5206435628685874,0.5124184027343808,0.4979422960466971,0.5586783411888513,0.40364750661467075,0.4568553684825689,0.45511780057626644,0.44047599311846086,0.42810504316647957,0.5620955074243592,0.41358639914311773,0.4223410162486702,0.48528185976529364,0.4990341618361047,0.44290690610293354,0.5357892100257378,0.5910526462742586,0.4808418352269865,0.37796195543274563,0.5459539328771869,0.44945440804653786,0.46611944141864664,0.41368117198051263,0.4341084211356694,0.5681406603755534,0.3993756461810447,0.45287572641370577,0.5434216227032254,0.49541213909760007,0.5017710807610659,0.4569130813151562,0.42359667391874156,0.3985771866673782,0.5350057396536017,0.5115187218925412,0.51109594631595,0.44191511073394796,0.5742719064036853,0.44272933740603826,0.4247866580750676,0.5020214529307702,0.4315249872120749,0.5221180094755492,0.45676463150338337,0.5058104458108995,0.51578074495232,0.468826012470052,0.49272835397286696,0.4546431477347416,0.4929098131082559,0.48352293987259476,0.4628584895298704,0.4875880375088618,0.6127499714262814,0.5278392935464351,0.5750638659041856,0.4658812813467757,0.45019628378389037,0.4765089005720728,0.4446794317875907,0.4680745929092204,0.6266335473915969,0.45027567284378933,0.5026307319283188,0.4900462128978805,0.541520950746583,0.4967174713448605,0.48430670556917704,0.49603668460183026,0.5048126034700889,0.4368700006811271,0.5882740136412526,0.4441689660318936,0.3720709457207785,0.492504972365322,0.4647203792397769,0.5734953568286919,0.5687061209238843,0.40482554167991586,0.37346920690054547,0.525981605629987,0.5374137510873987,0.49918401936569795,0.44287892680622987,0.46207689344270025,0.5723752640685659,0.5412844981534894,0.5037423380854886,0.45804451212859676,0.4619318877649415,0.41598798288061895,0.47096191949763994,0.39025843506284397,0.5950389021167899,0.4292104767101718,0.5107948174511632,0.4025533286393969,0.5511583318049256,0.4962800395210546,0.4949852462492246,0.4676189146421501,0.5683758979867591,0.48512560134256205,0.3902953512157558,0.47693557949993004,0.45754525315782224,0.5707345881063511
0.4743532677480397,0.44615260929197165,0.5464931122143164,0.45400771660048833,0.0,0.46062188969143897,0.5270801041450051,0.44239584428993095,0.4414425653213951,0.4705036261235018,0.5826302327559774,0.49441605761384777,0.47991954266059433,0.42595598010487873,0.455428573049132,0.5833053133523551,0.50958526293505,0.44149509459950614,0.41670489806261823,0.4397897013403078,0.5024945239584069,0.5225860400374309,0.5070193009634393,0.47122556655735076,0.4997506757130854,0.5272560148630687,0.44378261404057423,0.4444001974177974,0.49252735614653304,0.4686421821647727,0.44526076836240025,0.4688896893044366,0.4324199487053896,0.44748082649418275,0.46965943997207205,0.45078026538605587,0.5237878812137462,0.4758946051143993,0.4729082741232986,0.501105772844414,0.4445203445488845,0.521549442116004,0.4622957929390707,0.5140324768418798,0.45283423742412565,0.410714096703949,0.42857517583738713,0.5564483937366838,0.5242841484767807,0.4414930918415541,0.47399723371478375,0.4554907043435784,0.3347943552241126,0.4320066881645637,0.46959752982460556,0.4420668378976468,0.4443229458742408,0.5997899796733316,0.42415472396918824,0.4236714394593754,0.4116372309207915,0.3842134401651958,0.40759815248273445,0.4264453513737899,0.37627944729702445,0.3648280861665506,0.4623897360275997,0.4792247644151883,0.4404386643229925,0.4857249330506909,0.48425357982184447,0.4077316550141408,0.44038548927461824,0.49794261790869,0.42748399536230763,0.35866329035726113,0.5129258428706263,0.5953853538135134,0.4091369280056881,0.4440012089341671,0.412291834295497,0.45863486744926013,0.47409518515540255,0.41232824077986513,0.4580061315684558,0.4749727323155481,0.4747934480891455,0.4237466155597333,0.39865255133347444,0.412996832252887,0.6128498484497654,0.44729988733712206,0.48279194624913957,0.3706204490390336,0.4660810106521623,0.4754332966616579,0.3400031149400331,0.4538780109626812,0.41413843642822323,0.42171718615874615,0.4129162976012725,0.4522844465764234,0.4327087244455027,0.43985762779539217,0.41484728412773725,0.4772107279494731,0.40827700137222156,0.517821910593053,0.43266103915766274,0.4958150672231552,0.48417434052890224,0.47650467199022134,0.46481598683001435,0.4666174891548868,0.39181287282262733,0.49363503856139085,0.397332833738241,0.5205469806940912,0.48100687285353316,0.44643398498788295,0.5548895562137374,0.4430776868442065,0.48175052443989586,0.49563987942732607,0.44066064719303727,0.46796184851257044,0.4296859520554381,0.4742709534029416,0.46332832999413226,0.42589962174970836,0.41647907424575775,0.4950188220262608,0.4335421734314945,0.4634916531609426,0.4427464393868653,0.38137572394768454,0.417285081717992,0.4844816989902244,0.4835553167824397,0.4837255779753973,0.37044047252275875,0.4831020682053588,0.46053443421748147,0.44693273118333293,0.5104043957515221,0.4886553951507157,0.505845497836108,0.41358156188145184,0.4880501657183641,0.3931491198968279,0.4571108304046716,0.3861312313935288,0.4409691620080182,0.45788058635829615,0.5139002110892887,0.47137298569510516,0.46987130480533257,0.5266597468015781,0.42787686857401847,0.46307661619879087,0.3657367641161318,0.443956538807061,0.4416125947317647,0.601040161709997
0.624186178791454,0.6345160959874331,0.5950224740309189,0.4803046412524878,0.46062188969143897,0.0,0.4819505072447766,0.5983168949783249,0.5163962077334542,0.5219647454838637,0.47759956120257113,0.5334971167194555,0.584297079682884,0.44705599780524097,0.5480724462495986,0.5526233385243223,0.5725409528831458,0.5034667229760245,0.5644262853083453,0.5891502022383618,0.5674612961289764,0.5526930568655728,0.4499371203641651,0.5041515595223672,0.5382450753657607,0.4382157744781605,0.39840685809941484,0.5201948626777235,0.47423779661219456,0.45341875780453694,0.5566234643001086,0.5871364042072909,0.5490197208146069,0.49652476216939806,0.5300690377787225,0.4850558491908317,0.4999228769792892,0.48013280802084596,0.4885467580536872,0.5077188147814274,0.5392381418435072,0.5027065113370143,0.49948711568452064,0.5126206728671752,0.5526793533723551,0.5490166742409381,0.5072138463369121,0.4872513988316351,0.48770367765569494,0.5349309870191334,0.5559562908555569,0.6382047983282942,0.43826877361628214,0.5136434555346865,0.46647464156216745,0.5144408946178597,0.562549042615174,0.568661660998267,0.4709914232554433,0.5504722350880219,0.5452731152715135,0.4574975725453049,0.5169348356383056,0.4113527842966222,0.4755031232126499,0.4724182588997336,0.47316588842740487,0.4949047245826865,0.4267247575395468,0.5173919368818878,0.6005597990116424,0.43237822272287474,0.45301785071981415,0.5674709681956641,0.570054866531262,0.444332727230001,0.46951370553331256,0.4470217068901409,0.5087540978905943,0.4493116049208746,0.5175171173024312,0.5829784503803986,0.5233964199974004,0.48861505646980247,0.48453950261669515,0.6192261989992246,0.4918654272144669,0.4591805118113141,0.5216689424273753,0.44925990458792997,0.5113997479276255,0.545763793713107,0.5168034467633491,0.49629748808076224,0.4807234257407213,0.49099795981323807,0.45045213932826994,0.551660059869224,0.4061049770732989,0.5727300764471107,0.4191210170099766,0.4748199414755961,0.42325750809009327,0.4888877038065307,0.5080104796079785,0.5992790194515935,0.5161616870815408,0.5281520949431087,0.5244992856575388,0.5513228787328709,0.4912614455053737,0.44268024796885497,0.554474170027122,0.4269814892021473,0.4901276381400042,0.616334635577174,0.5477966875473431,0.47195042566890477,0.5008945374679176,0.43641923952723066,0.4841016848459499,0.45839919373599175,0.5455156062731256,0.594672049001932,0.461994099137398,0.5381768256910976,0.5025455634683131,0.49473260281031006,0.5377752382373923,0.4528516669738698,0.4763306845445548,0.573870929153938,0.43418315768065024,0.49445034070544036,0.49348829404735683,0.4461448642840558,0.49955448791060797,0.4845566958425139,0.4642507410842426,0.5222728355076157,0.43524257301246916,0.476055804531009,0.5920871920300946,0.45226121055619356,0.45499316190915234,0.46709419352251075,0.5936928436387268,0.49974292799581527,0.5598382282834655,0.3886206003795242,0.5231559762013138,0.46520366532212387,0.465322113339081,0.46549624434165493,0.554621936187644,0.523101780617183,0.5155677176330323,0.5641728437087249,0.43971446824121796,0.4581210613813572,0.4216837268323557,0.5054507734837479,0.429889069497157,0.5218043340510741
0.5164733231880796,0.5198872037048409,0.5083934455368176,0.5203209675820105,0.5270801041450051,0.4819505072447766,0.0,0.5071592506271966,0.46816106131098484,0.5811829079471326,0.5203381060215375,0.5675476042916584,0.528135217788047,0.446288564707983,0.5648436367337091,0.5259879092809219,0.4839180848494583,0.46826436328000115,0.4512507316700218,0.47336244290627477,0.5013280397479962,0.5102607785665418,0.6617832438520965,0.5485355222381727,0.6232862170718523,0.5415748134978288,0.4820539460586109,0.4761939855227879,0.5163374129460642,0.4463936591621048,0.5564032084382855,0.5062402771717964,0.5135380079651221,0.5740389363869487,0.5227484484640986,0.4724499772149098,0.6192401746541334,0.46413260775128296,0.5079773180178049,0.5957555147499368,0.47841256922262476,0.5063982081728787,0.4818178004748874,0.544862500103583,0.5695498527531524,0.4725062644335751,0.45280085436996015,0.5419568989886069,0.6574186636351002,0.4444655838903867,0.5076334855448104,0.4648893917347526,0.34740125155557394,0.46450717877242687,0.5061607808952568,0.5070104765480999,0.4610016093067915,0.5318906323635362,0.47858249326667596,0.46432807176891494,0.45240814331392504,0.3912597901361592,0.3988572597990829,0.42466520831320526,0.39816480004951293,0.3918001371192821,0.5719573492073388,0.521890321764432,0.4264250521159768,0.5168130627522959,0.5172110097026887,0.43882430150494006,0.4399041336521577,0.5386110521092806,0.42241032335476764,0.40880090333804403,0.5387818348920954,0.5905334737917175,0.4525480886633186,0.4417165810554864,0.42208545558187177,0.507153966456621,0.5163507098232061,0.4246572951517462,0.4670848067031468,0.5234596352874511,0.5119936146805829,0.4699654120229716,0.4675969704270515,0.4856753181774656,0.5412862322003291,0.561939644876424,0.4858455285846047,0.40084537111425644,0.4787142243143514,0.5767236201807656,0.35565923364637225,0.5510171032591835,0.4138248174919441,0.5223099747358618,0.45833556123640634,0.49323510950745614,0.4908237126685961,0.5387219423222382,0.4305751042489727,0.5163569581242095,0.4320881603883773,0.5717816460352572,0.49917585516475554,0.5881361633098338,0.5426008943065787,0.47369819375984706,0.5103814550146912,0.46063467531133334,0.41794462161404106,0.5147239082837943,0.442594082699864,0.556298483128761,0.47860631907542134,0.45528164236181035,0.49778850091641086,0.4718653992303325,0.5038098689302737,0.5821567747053241,0.4534470837430467,0.5585424051118953,0.44045738965863507,0.5337229119262605,0.5038296641534384,0.4644121687559996,0.43191605249932635,0.4477977824757641,0.4576155393365224,0.46507682211347234,0.478151896399949,0.3916569925856724,0.4617083203196468,0.5722033853762372,0.5686337149550584,0.545893415299996,0.4197335348065946,0.46497698978380175,0.5338944376382163,0.44145120017397405,0.5354556987741096,0.5957697379364512,0.5180698658824154,0.45695752936233647,0.5548879283360466,0.3613824852166875,0.5286427706801625,0.4140001335588542,0.4265021959747969,0.5320144633621484,0.6193122982184653,0.5746159519799244,0.5379063351305783,0.620846916648457,0.5068407470987282,0.4810073846954933,0.400354031682755,0.4823143451571814,0.47479556069116263,0.5564204119735829
0.6209079420857038,0.6426184900559067,0.5678413101823329,0.485569096537353,0.44239584428993095,0.5983168949783249,0.5071592506271966,0.0,0.6133287004004292,0.5939153661324005,0.48286843350090347,0.5483132343389346,0.6204958170690025,0.4651767960823086,0.5865195182904236,0.5461692917606236,0.5206323347362279,0.5248305895764023,0.5048464836546986,0.6048781379000144,0.5147773028244952,0.5654973785153632,0.5087432161701672,0.506773702332388,0.6081565688653588,0.45431737273934547,0.46911197271915894,0.5300742172816955,0.47259984997154786,0.46992457269103916,0.6508385010300243,0.5544847657153936,0.5364558043838223,0.5226697215907852,0.5477550472497194,0.48202028265887875,0.5603195350073259,0.5018334276142181,0.49841539204735,0.5309636494449154,0.5016866583548156,0.5213758800738861,0.49496686571794335,0.47824934053202633,0.6801456244635123,0.5500665627808866,0.474468803363998,0.4738605820246891,0.5252066463649334,0.4981691149316166,0.5096148620789589,0.5066263177518748,0.3967522810183551,0.4744750536171511,0.46487624474162775,0.5602226556947745,0.5177726300223002,0.5559977274051876,0.48094781965996874,0.535401518391727,0.5485186525873792,0.43153726504777035,0.44963932604020534,0.4251897704661904,0.44236906352414457,0.4442531671386768,0.539957717755789,0.5182825402923952,0.4518905645209975,0.6161986814224863,0.5855177399162087,0.4467910221934788,0.4511188836077714,0.5593983312657826,0.5315095603282451,0.43890175430829986,0.4845951420879537,0.4573530091649011,0.517551859665744,0.41573957676239726,0.4612604921805649,0.5886202327934542,0.5513196781193007,0.4923056624805782,0.47372860024093044,0.7253913118255416,0.5563626928872331,0.4799260065818532,0.555725981989754,0.5279704515442338,0.5051100532205614,0.5725426033412411,0.48476737806686315,0.44884424993666133,0.4811051012876091,0.5404699139946352,0.4232406476278197,0.5789171125607206,0.4079487368758215,0.5920733114708229,0.44184988172134615,0.5159861873607617,0.43805536974150455,0.5272014132344104,0.49245335614457614,0.5993368186493507,0.4815321418855281,0.5972241037777454,0.5189852417187075,0.5549462319905935,0.46872880999461813,0.4522815542468541,0.5389637649186259,0.470340586145694,0.4640490659954371,0.6062145542239963,0.5028375262224444,0.5022234667622467,0.45116270229212574,0.46394915458800984,0.4741942943930986,0.4960468273374687,0.5181835418603963,0.5679205476589241,0.46499420252941087,0.5450158913251101,0.47650850093759434,0.5487215832981209,0.5143775782830482,0.48079424451858643,0.5269931058486588,0.5159710695459091,0.4774073407158926,0.49396168579219774,0.5106747956817719,0.41804532649218096,0.5143839413034385,0.5145433338888998,0.5519230476158375,0.5740492479045102,0.43866926745012297,0.47104881801437914,0.5948691361241968,0.45626746078517794,0.4772166548358309,0.5122325061528429,0.6081304062713212,0.49333995984233175,0.6235196104239992,0.3808469358677293,0.5552364682011077,0.442336151918179,0.4607978724848832,0.520364641295439,0.5865291031773509,0.6399674774955352,0.5563805411797469,0.58144843739876,0.45672566142782967,0.4446794327610255,0.41848165880631216,0.5018654254860796,0.4629305667979082,0.5260248835770217
0.5664303488740174,0.5534238995447679,0.5099883012221201,0.4139341921520877,0.4414425653213951,0.5163962077334542,0.46816106131098484,0.6133287004004292,0.0,0.5703877366109334,0.4502574076502712,0.5143665113418503,0.5269729693096388,0.43433669391066465,0.47728411338154697,0.5051460707203836,0.47048351271489647,0.4851573073051575,0.441026931631631,0.5321817826631873,0.4465745831337546,0.5222444872938617,0.5069106461534295,0.4414103786339091,0.5816310376547827,0.40428998440002567,0.4868064183689587,0.4846853757128258,0.434465739291191,0.5520279931140436,0.5578141814533417,0.49237493775478114,0.4312683762838582,0.462162815681125,0.5026906929722021,0.4229881401822542,0.5132520670097158,0.4653207552327889,0.4256280718277027,0.45265082401201706,0.4172389138282143,0.6000427880197509,0.4320787097045506,0.41913956867769325,0.5290793669789556,0.45099237681103815,0.45922866884493635,0.41976658567901903,0.48693745257754245,0.43253020234548617,0.4279733175148878,0.4293588936727194,0.35526420337618214,0.3974360275460024,0.40337587438364025,0.6154835868619786,0.4438852478611678,0.5309553354672474,0.42628897819675815,0.44961725822902643,0.4351402695212474,0.38753268004579255,0.38957908949520553,0.4091697391753883,0.3877068348617306,0.3789040024348951,0.46141976236397797,0.4800343479703532,0.44281259682762786,0.5676886418183308,0.4859013351284778,0.4089907714112068,0.4221680651551568,0.46432993092991065,0.4749480011978987,0.3994028188080523,0.421000600152659,0.43786774430550557,0.4269381121475743,0.3822125710977848,0.407772905813324,0.49949652260464356,0.5512212023813998,0.43127374311388567,0.42608774522734544,0.6052136609314287,0.5028983793839588,0.4349521907766216,0.4877218950911315,0.5291128496325878,0.48095759558633494,0.5188581841498747,0.4295747132086446,0.3862502833606932,0.4330834501692617,0.516781479809101,0.36253049829406603,0.5358403843547305,0.3967169073048428,0.47429628517196,0.3995557176192689,0.4333326074538682,0.398584332050191,0.48932394656413675,0.4327573985863519,0.5023412066628758,0.40173465557157606,0.6357570656381302,0.43609875577189633,0.4998018654631418,0.41499646840827054,0.41891171562536184,0.46280871920661504,0.4685512206394984,0.3969340768600484,0.5575660834399049,0.44986478413705844,0.480929055243926,0.40063042324148623,0.46553059270801866,0.4364171360545002,0.4373706036611056,0.4736214389361535,0.4773979913917546,0.44195289275131006,0.4545597066195146,0.42676272705988205,0.48595459383843254,0.44114653664669384,0.4223166645936046,0.6951937232875627,0.46154536910418414,0.434343985464331,0.4566636142208822,0.4354045481367426,0.37363716909391753,0.4990171723521019,0.44654388374001003,0.48825856518031924,0.49987500243697136,0.3824942846446945,0.4517055121373798,0.5100305202433137,0.4214510651974224,0.4374438430302248,0.5090901677007147,0.5739145200632271,0.4279837756496487,0.6012831584294336,0.3791944666631782,0.46915407315258406,0.4018368023558017,0.4296565500465815,0.5054461970172176,0.5122868309752118,0.5337808177607336,0.487067115742416,0.5213260532016885,0.4039313571843598,0.4039333316989008,0.37609386716329535,0.47215702397814013,0.43772302711810684,0.4978172704159274
0.6384257803476239,0.5688602333169857,0.5293553908658435,0.45693423212341877,0.4705036261235018,0.5219647454838637,0.5811829079471326,0.5939153661324005,0.5703877366109334,0.0,0.47434575035089127,0.4924019839487704,0.6384208531461026,0.4908692988423956,0.5879411781802657,0.5556362928708959,0.5031776348755387,0.588555327969135,0.4460676321016739,0.5383800168718846,0.469161755299033,0.5122544065578374,0.6020732023512559,0.47552023317311215,0.7199921116079889,0.47463950990166204,0.5148163285596533,0.5064380420977421,0.5366141031564239,0.5106232192075485,0.6220187731636734,0.5637217017795993,0.5100744788242,0.49321247447999483,0.5577348052886371,0.4552547736773293,0.6460300835091638,0.5149264559887694,0.44458237388170296,0.5534770627707614,0.4786937675655917,0.5113790124708473,0.5265620074960979,0.48872104677516265,0.5947020676417311,0.5448020966456512,0.53907409929537,0.4878813949085111,0.6168166433915083,0.4663981300454074,0.4910337620517312,0.4687190254876447,0.3819200822820122,0.42350966308390736,0.4637067431590333,0.5893769312577475,0.48042879188457716,0.5207802050289553,0.5069279679108756,0.4917841515639715,0.46289130529740297,0.42868867889034046,0.42788905064951477,0.43190993851401366,0.4254512278378281,0.4233833852406009,0.5214840352916504,0.6233336109238483,0.5042818481086169,0.6350034056462027,0.5630710265405444,0.4842442610605602,0.4335703263494716,0.5214892188811648,0.47764954632273815,0.4879068421601178,0.4671344977198166,0.5193276811917693,0.5115054605958699,0.45330845222669874,0.4780193496108927,0.5016683910401422,0.6172734824432412,0.49737549531332126,0.46158484873049294,0.6222030347301812,0.5303010806766856,0.5265682904172018,0.6029623074906836,0.48922241296236585,0.5321881371183593,0.5592416071498051,0.5010935410794892,0.42393929210073444,0.47725719510370507,0.6223585535079258,0.36889848459896296,0.56550679914552,0.41734291710761884,0.5577783529459304,0.46412122866505323,0.48091910629870244,0.4608374128420586,0.6192927365890872,0.4708838053194484,0.5964937833042717,0.4418561760144441,0.6656635803980464,0.5588655157285783,0.5268169259338651,0.4421569379390055,0.4507769853740903,0.5200780057648778,0.4854294955474477,0.4668464978112928,0.5630087144257782,0.5252238247763593,0.5741107810235941,0.442037932735698,0.489869207637135,0.48076732672861394,0.5038806020768938,0.4977485500512837,0.5986827123486054,0.48037526226165533,0.5886159571581681,0.4420990299053888,0.5050315744367811,0.49768699708237596,0.5352361087936051,0.5487515224514613,0.4664008378432124,0.4850758478171071,0.4440120221398282,0.44678115510904165,0.4327436411882331,0.5751426981432914,0.5688461251692944,0.5851301781918226,0.5910008526764438,0.47468763297180755,0.4816152074425721,0.5329642566508197,0.43149432383221203,0.5025301563139403,0.5753010557944971,0.5207742015149383,0.5450909909288273,0.7410115883576748,0.3695893675701402,0.5095524561743272,0.479618800641706,0.41006397639927716,0.5592960873401641,0.594870664677516,0.621845398855512,0.5317049205410952,0.6167478222625543,0.4953144603467179,0.4747362905125714,0.47409519467515104,0.5505138739703891,0.4974118189131805,0.5126046663239224
0.5098993772357651,0.47435070568280246,0.5452097838775087,0.5690534131940304,0.5826302327559774,0.47759956120257113,0.5203381060215375,0.48286843350090347,0.4502574076502712,0.47434575035089127,0.0,0.4992673566295212,0.51437822951497,0.4889051695712551,0.47032013272706585,0.6125872212316249,0.6023561709380302,0.4798360823311029,0.4842048653070085,0.5021372345408439,0.5600008498750538,0.5641703607325305,0.5335425643193212,0.4789784273900726,0.5185106634516039,0.530268127036925,0.48245127874388516,0.5656163067611015,0.535571862111972,0.427986977385652,0.46433246426766384,0.5098258162118071,0.47631808094799216,0.4988818601695239,0.5510096993503277,0.5306040658954585,0.5188721887721833,0.5482044755331964,0.5465015241260286,0.5614404996054664,0.49445140825375167,0.5085796203469859,0.47929777897989595,0.5456124045734058,0.4943976521874092,0.43101523596117947,0.3861243570060118,0.5833448256271465,0.5779631285129639,0.5053970827589853,0.5389350673067668,0.4871503118904588,0.367439909747486,0.510825939885444,0.5706640542632528,0.41756332202967594,0.5171605018345924,0.638889239851002,0.48958694852432666,0.48577483496145085,0.5002120451529138,0.4074511157896299,0.4473101072286634,0.4865105481237785,0.41360187248261715,0.4016732609605922,0.5336644773891611,0.4402844971465218,0.4808124897335431,0.5392167596868002,0.5022760058004179,0.45217860198812515,0.5497031753631901,0.588203706501406,0.5024189420706123,0.3735888168294481,0.6124563082721508,0.5169077140816236,0.442883601341131,0.44328410172238214,0.42657134497983756,0.5170740960209012,0.4301575006234455,0.46084172939827367,0.5453092969440498,0.5043607901166328,0.5411473865891127,0.46800489877729046,0.42261395556826353,0.4038936378169132,0.6730338836085077,0.4708869831693834,0.5503981370269794,0.4168783205099658,0.5691407120175018,0.44998581566366325,0.38402105611517157,0.46842102211109743,0.45283421484467057,0.4690938583840867,0.46232094959234765,0.5186550792567284,0.4751436677546147,0.44137252643879354,0.48260892888828455,0.47306655051999874,0.4623624097438347,0.5371942817609183,0.4466691619762905,0.4902480296120934,0.5540984632345138,0.5573376371744716,0.5462192215361108,0.5504291460174192,0.43163023705327447,0.5109887862008037,0.4298173916735557,0.5583815006150096,0.5617644669552275,0.4873214023226234,0.6019109334700986,0.48964659463099963,0.5505281588566875,0.4996040174171287,0.5037927720348974,0.48520490784913245,0.4930485747577355,0.4616462099013537,0.5382382784865568,0.44904169552063367,0.4079167188289315,0.547238108277697,0.5158334989818639,0.5683710090521819,0.5245804203749598,0.40062231637504336,0.3944642923161847,0.5178510281984131,0.5586191000388147,0.5230108029177168,0.40252807074347197,0.5306633326250612,0.5302883169894247,0.543243513977729,0.5447030415908437,0.47542481237585865,0.48254350737189977,0.4165411559514209,0.49884563868485793,0.4343744645072084,0.5527335417126767,0.4191150910347857,0.5504255462010706,0.41921566795156645,0.5320365410755955,0.5019170244950163,0.5365224561470091,0.4863774723859303,0.5042008711885646,0.5314700345498634,0.3767252342879557,0.48911727635776564,0.46795702843955256,0.7388297078150743
0.48850103932291594,0.5495733186556278,0.5172329584629378,0.49186171174254056,0.49441605761384777,0.5334971167194555,0.5675476042916584,0.5483132343389346,0.5143665113418503,0.4924019839487704,0.4992673566295212,0.0,0.4796907214849161,0.396754673078415,0.500801884061438,0.5004901671907371,0.4719522016042658,0.4137868679854452,0.4919661097121454,0.47993444223066123,0.52378183352297,0.5340393816175637,0.5278332328737623,0.5683118060132872,0.5565660507694156,0.46076878595999843,0.4327610574746873,0.4653778484371026,0.43561411972278347,0.4590439299197395,0.5489545260793904,0.4715219948317373,0.47247934479671866,0.5918515659355177,0.47971689197361306,0.45317042460861123,0.5180779289192422,0.42936578675370074,0.5412139854953347,0.4936623848912047,0.4519168947399581,0.5775326610511665,0.42327647846225513,0.4875007002775186,0.5465462526430657,0.43554485128860165,0.41893676476398967,0.47813106296478475,0.506263680281614,0.4275304192642493,0.46837354669180875,0.4679848154029422,0.33706384146033946,0.4734236100906756,0.448584373784393,0.534707860987487,0.45269511433558646,0.5837082367032443,0.41202868145806476,0.4487270171180791,0.45724918690110244,0.36898034160771614,0.3854686732706459,0.394780854481268,0.3800814186865399,0.3731165135704313,0.5101750472665102,0.44561005384478936,0.37457939346209596,0.48316272959763984,0.4843865574389249,0.3829140738186321,0.42646040892064924,0.5045634880094726,0.4302699834428361,0.36482750234083416,0.49374226750488764,0.49181348953515236,0.41720086502983517,0.39829064752991306,0.39373347323240376,0.5426540183328064,0.5042641906256584,0.39349224045898995,0.44646580455816454,0.5424109608954303,0.5004380944894412,0.40214973495723666,0.42659285427029414,0.5589547627758619,0.48889456071588727,0.5560885870157972,0.4343723493365913,0.3897853550840576,0.440931058028979,0.5195011810059292,0.36919142508647146,0.5704639660567643,0.39059286176926944,0.4823760988837039,0.40374113276812135,0.4648332963743697,0.42666811326795495,0.4741684685509438,0.4097543311227723,0.48736899309090886,0.42136573940974503,0.5579083489135106,0.43096516114487093,0.647498949317089,0.556911126788051,0.4431709510740664,0.47609266470744344,0.43608971109093175,0.3820487063046601,0.5415225168939808,0.4150251049140514,0.46814938494079267,0.45321248039361584,0.4269562713655801,0.4598014672328147,0.4296862669599094,0.5055466617317863,0.5202147616484718,0.42249257146536495,0.4814039567766137,0.4372544949048539,0.5610534156186835,0.4757216682842609,0.39324066648274875,0.45407194452965643,0.46783214953095636,0.41869117229225367,0.5045363347386215,0.5010254042693644,0.3572169812379216,0.4425270688848234,0.46137181897453194,0.4792962981840244,0.5002805888068433,0.3650488746695584,0.43974254044861183,0.5424208001108464,0.43532843148903033,0.4739541292038807,0.5146266406196798,0.6455097760038742,0.40688800760079263,0.5118353271208552,0.3709177284301541,0.5174476675408791,0.37352995609610784,0.45934427801547917,0.49517442051126825,0.594081909350871,0.5339287682663425,0.5201254600175239,0.5986836469021645,0.4183216768759866,0.41774457358014494,0.34696262118058907,0.4391133338071182,0.4315464165916496,0.5605410317157267
