0,1,2,3,4,5,6,7,8,9,10,11,12,13,14,15,16,17,18,19,20,21,22,23,24,25,26,27,28,29,30,31,32,33,34,35,36,37,38,39,40,41,42,43,44,45,46,47,48,49,50,51,52,53,54,55,56,57,58,59,60,61,62,63,64,65,66,67,68,69,70,71,72,73,74,75,76,77,78,79,80,81,82,83,84,85,86,87,88,89,90,91,92,93,94,95,96,97,98,99,100,101,102,103,104,105,106,107,108,109,110,111,112,113,114,115,116,117,118,119,120,121,122,123,124,125,126,127,128,129,130,131,132,133,134,135,136,137,138,139,140,141,142,143,144,145,146,147,148,149,150,151,152,153,154,155,156,157,158,159,160,161,162,163
0.0,0.6288900527986462,0.5115898143802592,0.5850400357087382,0.4623760059719482,0.5879060285083407,0.6100006086602431,0.6436297922527007,0.6572892084065133,0.5625926554985634,0.6196929649269745,0.5733850080665255,0.6986234863583275,0.5981996277254955,0.6382684806739517,0.5826928325763003,0.6637506062506267,0.7600003348785236,0.6045050527603412,0.6864725968036542,0.6268353817317452,0.5957772688476279,0.6475021064598939,0.5622494345869399,0.6771688765486011,0.571181308249373,0.5721788869584743,0.6317046657299666,0.506174398260411,0.5678805403539996,0.6641777041628556,0.66334758260744,0.5624262988884546,0.6252677244540864,0.6850087340196066,0.6166642949610396,0.7016848613821948,0.6803074298020569,0.5884024278887,0.6369545318617872,0.6018488483030222,0.6931938170572612,0.6586794397033445,0.6000468683321227,0.6633664847168633,0.7069933085377258,0.5422308635501968,0.551101177414587,0.7045971656057414,0.6963090520779566,0.694362524866763,0.5992211904813997,0.6605738731310198,0.5962232303157398,0.6018484340366388,0.6658503624349343,0.7437272290722416,0.6031689972901145,0.6265248319949295,0.6677245501677168,0.6288411470533446,0.5799716891121465,0.6416432502046215,0.5607063940999033,0.6697900540459031,0.6763284374073215,0.6518452718257214,0.5936254694507248,0.6204038953224559,0.6917924967679832,0.6811404998834114,0.6310120651623311,0.6441979404556317,0.6960653967135919,0.6721831780451832,0.6632579019914676,0.6013307616559774,0.5252379739812258,0.6619446107056323,0.5229464785478066,0.6139202657631074,0.6890153733257829,0.5905177063235785,0.6301830472811345,0.7147313233567529,0.6889030369417586,0.6830495323028408,0.656747578681141,0.6686040354634192,0.6377520350586112,0.6770590609988628,0.6257062607574646,0.6440043787791595,0.6866960459999252,0.6964474222737403,0.5736813369188191,0.5503935521119192,0.606547458251122,0.577439776726648,0.660346237941801,0.6054138704162486,0.6192469576819586,0.6002562038011496,0.5189486098328498,0.6763557358864947,0.6271685560017805,0.6391391728216134,0.6784596926628556,0.6570232523888266,0.6100062569217325,0.627713651790594,0.7113494596759246,0.7045181581143728,0.6222918893412628,0.7004537547674665,0.65526592075179,0.6993793334382017,0.5735213677236876,0.5668430937764252,0.586719226025106,0.6018318260617187,0.6131910079066295,0.7040914037603333,0.6415743926623975,0.6355912717011881,0.5604040755443114,0.6070475842767752,0.56577292572057,0.5876241135036065,0.6336077856538054,0.6277849350726077,0.5835230324649434,0.6150954108336875,0.6520993535059241,0.6171106140320168,0.6298947047297052,0.6059964023191761,0.6562778265585194,0.5921471380488057,0.6910748373108675,0.5460158163222121,0.6253158564087853,0.7106306150435769,0.6158385750321261,0.67264241524343,0.6571797818279906,0.604656570142614,0.6001427845876118,0.6110758386488491,0.4967914558593795,0.7098122614803728,0.6400271407210696,0.6385607402299186,0.5482983615097169,0.6419487396095317,0.7007097377110995,0.604922005883821,0.5864929293134589,0.5694391304268933,0.6563613130300117,0.6101324298678786,0.686451627489546,0.5910248067008746,0.7135561773855424
0.6288900527986462,0.0,0.5626735396286805,0.6030707826652079,0.44205905434033405,0.6280099510451129,0.5833040981408002,0.6855029943924034,0.5848624167274931,0.6653407981575231,0.621162659632862,0.6376808903770235,0.6548228120789551,0.586371375876511,0.6527600865550267,0.5676470814041739,0.6226754917206044,0.6100980766061191,0.6096540233941471,0.6213222029506466,0.6089375203201621,0.6524987586671432,0.5810676409875952,0.5701310160969721,0.6678013869822254,0.5213125704088305,0.5645547932510169,0.5881342589582585,0.6160631181173526,0.5135051765849716,0.6672931596312072,0.6213471836900117,0.630748564634336,0.5808882482178049,0.6343727071099471,0.6796794215386389,0.6197459623992584,0.6334571602049687,0.6458281668602368,0.6185150752664567,0.6724728662634434,0.6169850357853921,0.5685232683311354,0.5880336311286527,0.6780598604471539,0.6200190645372529,0.5107958915763936,0.5513926222427458,0.6142267294495412,0.6234413861552524,0.6091256288580876,0.5602784690625326,0.6370821269310156,0.6905530139404482,0.6619289202783245,0.6303394326027136,0.6137509864774631,0.5950921167569353,0.5929730553536633,0.6424854923807484,0.6858926404986915,0.5379158497743939,0.5769364003531544,0.5596707654138703,0.5710074423775351,0.5770844735383883,0.6117847475352798,0.5365016677498593,0.5672782549446302,0.6306765395647479,0.5906092179582217,0.5765513455277781,0.5556486224894084,0.6442214537312764,0.6826495162984653,0.5687750548900444,0.5586548390717211,0.5180139800971526,0.592093680001739,0.47910031731611624,0.5960287666033874,0.6065378638947908,0.5835876956128615,0.6343672853517897,0.5890055275827751,0.6876885964589076,0.5989565728818708,0.554709453973475,0.6092200685460943,0.6384271707379341,0.5722746755801192,0.6113990823203685,0.643575300304833,0.5920907742608299,0.6091209489368047,0.642507850759703,0.5715997981872938,0.6145527836050438,0.5306844397791285,0.6229280213094079,0.6054541397573886,0.5800610065789704,0.5339657830658405,0.5680432113809811,0.599614982550209,0.5706040475560126,0.6198960956482477,0.6639030490927643,0.6418843600167083,0.6369703409007688,0.6060092685806023,0.5872982557501073,0.6167542403917222,0.5804390556792598,0.617209321133715,0.6089242979879818,0.6241610731438029,0.5618073595526744,0.5943658799902788,0.554690062272085,0.5422673134942789,0.5716427148025485,0.6004702031549922,0.5980367109483316,0.5646333144852622,0.6488103377190386,0.5573402957352945,0.5907539612366087,0.6956738737839481,0.6077469983928963,0.6150591186048404,0.5604496044476546,0.5516691144006682,0.6136671904249752,0.6632128961023255,0.5813588850776996,0.5805765085552266,0.6282418145147094,0.6217088232701854,0.6334371467596651,0.5764991952798062,0.6145301232662387,0.656822708107461,0.6176870850773502,0.6530945116095479,0.5494908949096696,0.6057840574505872,0.6212541540526804,0.6676123705364394,0.5233221121568291,0.5998649461963335,0.648071256264568,0.6246943381082306,0.5843071555250532,0.6613065835153297,0.6384441272056782,0.5754283449310612,0.5795632495633095,0.568731173426699,0.5439326412503612,0.6167201511080542,0.5945605733336501,0.5506180501314836,0.5908224521386335
0.5115898143802592,0.5626735396286805,0.0,0.4758615383684125,0.5479313626916731,0.6064199484659102,0.5169815086626923,0.5121083806510482,0.45487669778860745,0.5449123410513321,0.6248514613055868,0.5800754954130597,0.5800234630675443,0.45251224024812003,0.5506363038088806,0.645408566466146,0.6109915172460371,0.5024339673960726,0.4924985772081093,0.4869189983014677,0.643854684349648,0.6957957991312399,0.4711870656172045,0.5854718146677281,0.5240571626916439,0.5505825368809614,0.44238026451197177,0.45724283982920294,0.5647783132353562,0.5227807093591336,0.4821171434515986,0.5469278356526632,0.5047406105344753,0.45607087802523427,0.46242321706463363,0.5222477819830964,0.5621417184296188,0.5140854217923873,0.5642995177253175,0.5440874040234372,0.5638093386329882,0.5730469574376815,0.575546501926191,0.5735245011452764,0.5080005535444327,0.5252768679329338,0.5780915021328773,0.6434210429107858,0.5080457598184842,0.5463179252670062,0.5628536581833434,0.562299154858783,0.48727957911209324,0.5868457465705416,0.5525538433312015,0.5130203149292208,0.5215435701875457,0.6205264330310559,0.471922032594281,0.4952469519425359,0.5143553548116325,0.47777444330613605,0.5919478574916587,0.4567542574747313,0.4814031409345164,0.48946325044837496,0.4753273285592669,0.5849942036322211,0.5103342097902991,0.5105447815902239,0.5625586340605181,0.44631463756176454,0.4523680487624892,0.5898806043623502,0.5403270607202817,0.44115137381928865,0.5567055371053891,0.5874198566929241,0.4898105757044521,0.4907595200490367,0.5848026990025238,0.4889339182346698,0.606816704320471,0.5053847282359056,0.48604558947534987,0.5312308973031507,0.4845218652901602,0.4495959982236946,0.45754830205703245,0.4901740885405447,0.562630236561432,0.4535306622323611,0.5839933347849038,0.4709020307124307,0.48685230191677786,0.5529546033934243,0.4613813370578542,0.47722439508836917,0.4300623707776303,0.4673076491914798,0.45222198075295533,0.5271868919424189,0.44041795171925235,0.47317085989308016,0.46657934008974694,0.5797034492549792,0.5550162206149633,0.5315189357644262,0.5662980054219243,0.6426499852760013,0.5476310433829401,0.49061164548820735,0.4973842273349661,0.4570348184697456,0.4955089401747889,0.5542723424553975,0.47144112408240463,0.5313389316673959,0.6025825648803305,0.43501012562079744,0.5519635499794395,0.4669036329318288,0.4982663003960476,0.5675122733496946,0.4397590233441541,0.5814758164420994,0.4716643424794656,0.5855591239396533,0.5532423786498202,0.5166357765498598,0.48681689660529226,0.6248843692007404,0.43564489869262973,0.46688599695120464,0.539792067425104,0.5338755432434089,0.552919973701071,0.5161219087477211,0.49987561687688015,0.5137603797891379,0.4465389332466295,0.5399436411460224,0.4860035422735063,0.49270945013812084,0.5714834336633208,0.4756441928789765,0.6094945304981348,0.5853022751151026,0.5483963410273934,0.46275406158660887,0.4567594034367951,0.48195165962578196,0.5300128586337505,0.636636978438685,0.560498997356643,0.509280173549597,0.5025680356942266,0.6092515013556575,0.4281692889735671,0.4813346107763257,0.5183297699847347,0.45149689229242373,0.4532618720943339,0.5433275829724424
0.5850400357087382,0.6030707826652079,0.4758615383684125,0.0,0.4182571890523326,0.5518765932153095,0.6046291850437681,0.5883475782064467,0.5218786338212503,0.542049867940771,0.5567523352983025,0.5539487278867946,0.5565165966945506,0.528505835372272,0.6171740413333621,0.48160887022886895,0.5413766794207427,0.5730866241737609,0.577906526866469,0.5171346987453569,0.542147520077701,0.5371200040139679,0.5755378828811055,0.5199237088059031,0.5939175989408666,0.5137230127343158,0.5316792506193675,0.5752185377596971,0.5071248054074242,0.4571477376244539,0.5812819255350158,0.5250086722877643,0.7321427002321463,0.5629014672206136,0.5986175635252858,0.581699381417515,0.5556616123570293,0.5424059341229612,0.5300095172942658,0.5881140584990228,0.6274192915468498,0.5470569486398394,0.5186962761081001,0.570278578073015,0.5803123413527392,0.5539153991207726,0.45727807046232183,0.493564583305278,0.5728273973488957,0.5363166737533279,0.590469140569683,0.5608907884443214,0.5629462404836654,0.6452165728406349,0.5814988173437193,0.5415463384962895,0.551187902030662,0.543229157958148,0.5503598937415354,0.5495838823241999,0.5965921564834303,0.4788899211893969,0.5577894745036942,0.47877020143714877,0.5297888092317051,0.5308471673956436,0.5738264016226874,0.4926849976257445,0.5152255044367291,0.5957735518203273,0.5355408701485069,0.5187452117488397,0.5498324938509854,0.5899603595090609,0.5657106266731633,0.5288152772689299,0.5110472891142473,0.47462833833140583,0.5588085099690286,0.4451651792542027,0.5299455227731613,0.5971507278507615,0.5022864551039654,0.5538907431695035,0.5609153265578354,0.5745799497373184,0.5605513629960145,0.5344680240655585,0.5589564764277072,0.5357164811978847,0.5684441626022022,0.6038883717268465,0.5497897267640282,0.5420747051373461,0.5848890671136838,0.5727954428992506,0.4968876259879548,0.5891531654840639,0.4886844055381416,0.6151241955221378,0.5269442812506424,0.5178017961278203,0.6033456187781341,0.5675264244767602,0.5637786001065378,0.500896688995041,0.5333801547146482,0.5807714051245975,0.5655383355146008,0.5266222265751624,0.6058312168732313,0.5541255802651246,0.6068076548549224,0.5199958033233784,0.5974320550106526,0.5639283126641523,0.584768290684301,0.4766556987541983,0.5902784479856461,0.5417424905579319,0.4784494154208398,0.5920175546148724,0.5424427516696408,0.552981722740659,0.5175277216063092,0.5578250595664365,0.5173720258910949,0.49059111226547064,0.5820118086006718,0.5313386998563571,0.5090958013849045,0.4809447758020605,0.5064820731645328,0.5839256096411771,0.5373758657336831,0.4959960656672585,0.4802882048253646,0.5950733497821055,0.5480151310468087,0.5492997345897678,0.6530025327747185,0.49691417471508187,0.6107489936718893,0.5476057839953434,0.5470274177003221,0.5530534714631323,0.5180716296008651,0.5253519083488513,0.5293966966876208,0.4326750936523497,0.606296090204697,0.5976845836216678,0.5355154762226383,0.4833336960488436,0.6225966543454078,0.559878690373707,0.5202654870813384,0.5392583295662852,0.6753815433111424,0.5354105750272232,0.5656159165592733,0.5665524205607386,0.5056504184642924,0.5653288678302728
0.4623760059719482,0.44205905434033405,0.5479313626916731,0.4182571890523326,0.0,0.5036729993637077,0.4976614252450904,0.41002883858216965,0.40090467358359383,0.4185626127701654,0.5356256973522167,0.4914229739528609,0.4814273173444175,0.3904664423147749,0.48843860779845644,0.5612190897862449,0.5183275467119757,0.4407571119121528,0.4256076258899419,0.410203105147965,0.5422603148859912,0.5218192837218733,0.4289089963289675,0.5440033491464801,0.43495771840627734,0.5498031993002214,0.3850606443250473,0.39573852456260933,0.45402387338689304,0.5444927442476907,0.4165999045597246,0.46517653509833923,0.4432063938808607,0.40564244077356804,0.4055998208113315,0.4295344256844201,0.5041138010885068,0.4392652704895207,0.48332831397972675,0.48378121255650136,0.4815769117681677,0.4932471591863557,0.5214370542897707,0.5495253832811564,0.41644929169285017,0.4611528798575162,0.5938941714182148,0.5876471051593015,0.4579365962843063,0.47024220306724884,0.518582502053347,0.5354806110033086,0.42186388145936243,0.47402035333725523,0.46205125305489714,0.44662624768005,0.46838094728182184,0.5507803496557543,0.39639502879910826,0.43006720774989743,0.40968736956144197,0.4343982227707087,0.5310806236945603,0.3839591760245919,0.4281789121212933,0.42410059082632795,0.4058274920218874,0.5603888315087987,0.4219405186976892,0.42862225570003526,0.5122542122550807,0.39554943761305233,0.39273000648017087,0.4947317529184246,0.4340003624656799,0.4021059073691938,0.5052653703910898,0.6464099028665679,0.4314256492119228,0.5384567311432796,0.5028260221562025,0.4307954016252138,0.5786009551429957,0.41916839119702365,0.4316531309463637,0.442235149051755,0.4140486254454645,0.4009815616168767,0.39801737455317543,0.4251109703393033,0.5553370466031662,0.40018822757004774,0.5197054686099432,0.426925377671347,0.4263411876945282,0.46625371624642836,0.38102701875366746,0.40275220540761464,0.3916808491561082,0.4033450438820601,0.3986896775830611,0.4378526617999109,0.39699319920530246,0.3955290917541479,0.4051737087111339,0.5202212075530765,0.4532294124223531,0.43604996124288775,0.4940261655291128,0.524137042038021,0.49642618575323944,0.44081488051510226,0.42771598821231566,0.3925173375349474,0.4460704598235883,0.5112720024329213,0.4117323510455816,0.4565180275489658,0.4880075880850296,0.38730205942518925,0.5637202979968993,0.4128563001450553,0.4384054865627359,0.5515401502668943,0.39530047255934303,0.4832689120672991,0.4140497924548959,0.5184637960229025,0.43341905889321936,0.44395842119655626,0.4103349441976264,0.5258749062488894,0.38966102395542196,0.41754410438252915,0.4274982687584708,0.4836611914061433,0.510288072581305,0.47028730340721936,0.4053705937040849,0.4519206324643322,0.38599073070101386,0.4595476865964,0.4213785011150189,0.40750870902898667,0.4894330860228878,0.432579354321457,0.5474086391412337,0.5017035025061729,0.4273156252900693,0.3937570497591778,0.40853496434780817,0.418900277538218,0.4453472277131874,0.5065953205791637,0.4698190787199295,0.4326253620262681,0.45403881399079293,0.5711847839806014,0.38862323136422955,0.4686022640118262,0.43006708272346417,0.40837208937087455,0.39664709086097144,0.5308903015262162
0.5879060285083407,0.6280099510451129,0.6064199484659102,0.5518765932153095,0.5036729993637077,0.0,0.5636846483284892,0.5772833150165093,0.5186431652886201,0.5594687764033746,0.6361622805947877,0.688377445952889,0.604874203423952,0.4871385685352144,0.5750918582027479,0.6193650781825495,0.6351907646443303,0.5283815254173487,0.5882877267310072,0.5259669254081493,0.6727646961425768,0.6135198845600449,0.5082110404475914,0.5611843979104404,0.599635028894445,0.5550550787645375,0.4611312641731442,0.5097314937699886,0.5610792612150223,0.5637320523600019,0.5707018343788676,0.6185561788177579,0.5776343451203592,0.5337212767043259,0.5318336578936396,0.5839573138528511,0.6160324477553452,0.5609307031091956,0.6067130990199027,0.5437622128690888,0.6191952648783026,0.6446369052334495,0.5892913044020932,0.6728761980361398,0.5489305275152623,0.5606004804600111,0.5718551175311088,0.6262278495600849,0.5469403936038849,0.5755275787195433,0.6336216175014465,0.6525427183355678,0.5461643884614226,0.655778328851154,0.607090351169262,0.6120422854688281,0.5801209584167796,0.7410880715273864,0.48998957813110444,0.5434802075720513,0.5753225157401853,0.5367159070551155,0.671411765169102,0.476430539516975,0.5217765260227021,0.5348965006073708,0.5126755409866706,0.5733611176243802,0.5031661562903044,0.5708737870407954,0.6032127470273909,0.4857888181809709,0.5101896903502254,0.6134643828974735,0.6090067707402717,0.5110991560414893,0.5623854485282589,0.574617360636018,0.5457771733595591,0.5497444157012342,0.668331757276546,0.5616875442632429,0.6312387648695561,0.565077436102213,0.561549384722767,0.5887875964821802,0.5715235435543411,0.4938913534294016,0.5269016300578772,0.5531679330689021,0.620106693622925,0.5492032301701111,0.6246601478423891,0.5418485730768942,0.539930283476751,0.6378556066804882,0.511138300484355,0.5716678951530562,0.4896367184022596,0.5319563131321193,0.5051400819603391,0.5546578235189882,0.5090828527525965,0.5276584829211661,0.5376289019053055,0.5873002630891954,0.5913017876152491,0.588008777126618,0.5761399692186177,0.6512160158298783,0.6514368197890532,0.5477992551488153,0.5902595360797309,0.5073612678092906,0.5662863471684467,0.6080461072066367,0.5677349201944352,0.5228451498841621,0.6669211866016336,0.5053207562627783,0.5494006501760877,0.5470352031623106,0.5802190637403102,0.6412733022045216,0.5042927257343239,0.6339639008825406,0.5290836249095481,0.5937614802657324,0.619751468201756,0.5172832628445454,0.5534360657330667,0.6309365826419097,0.4868472441780457,0.5620602340633122,0.559702395401923,0.5488911665613394,0.5818052497728119,0.5425359934345485,0.49003311135171607,0.5715736145676775,0.506835167423187,0.5958553742824397,0.5586645717662392,0.5442043534887301,0.6209251587006384,0.5308904258661028,0.6577176453164743,0.6044125588101584,0.5798241154244911,0.5024415770636125,0.5396832833897063,0.5700652573248691,0.5436502018032613,0.5403482305327454,0.6644994855335673,0.5524317279681245,0.5193767677011305,0.6739372498326791,0.4845407946499179,0.5552474007407926,0.5416272739411043,0.5440263889010453,0.5000737830276722,0.6045420312147434
0.6100006086602431,0.5833040981408002,0.5169815086626923,0.6046291850437681,0.4976614252450904,0.5636846483284892,0.0,0.529419369122292,0.4954723403044773,0.5575017134388988,0.6232560468208993,0.5982235867345223,0.6128783448476661,0.5051228411432434,0.6797011206069026,0.5546466887608819,0.5865635808534059,0.5821598285576731,0.5530835059390671,0.5100128908126058,0.5834727990255633,0.5757297937968108,0.6353851101828046,0.6085637599620135,0.6030337199085181,0.5739422844488867,0.5197935982221276,0.5386817610831964,0.5407342219320923,0.5397787286439547,0.566290545078301,0.5919494885800174,0.6058058325552814,0.5667531409377307,0.548744096357393,0.5446029514052849,0.6552641121213753,0.5249210329770951,0.5704630116302424,0.655670289136761,0.5822575349016096,0.5757656259035387,0.5930444691814235,0.6345492286284515,0.5636637657668092,0.5940990057466897,0.5402254226604494,0.5771565526782529,0.6823388771140139,0.5558509287258807,0.6725226538843143,0.5669525331509798,0.5326019560194828,0.6146443880497287,0.6277344952581883,0.5505022084921166,0.5752132568935251,0.5779129949525781,0.5459721276027004,0.5574907346523893,0.539162386786772,0.4920144744911196,0.5633708645490356,0.46445099347066204,0.5298151200269354,0.5280546417206943,0.5570336187882526,0.5868136979704658,0.5157949809929033,0.5571143708566877,0.5776808233443701,0.5114599798357929,0.5009719581566482,0.644258503216264,0.5249328463433774,0.5538305179878902,0.6117841926403693,0.5896557167187154,0.5303087153154513,0.5123999879067057,0.5447471371949472,0.5510769277082593,0.594957948983825,0.5078680989642758,0.5391280013389075,0.53901237627224,0.5306273240652726,0.5454993758664435,0.5474338058106488,0.5312672798234189,0.6300812785758908,0.5516183449064634,0.638874045679523,0.5531867032256396,0.5499296522395268,0.5907042574931446,0.4531003428517202,0.5232862831356921,0.4726677572578848,0.5727614314867694,0.5263170068522283,0.547830763994064,0.5414575220535256,0.5110917867398144,0.5152409546992179,0.5552270438121112,0.5461024341914327,0.5593152314842258,0.6388986654284348,0.6097906843109411,0.6814473522720851,0.5426430826519411,0.5680291565418226,0.49213239727212255,0.5698602667018315,0.5903099190752127,0.5539136838949085,0.5612709135143453,0.5759979400430855,0.48678858544286374,0.5437820497018672,0.5228634084327062,0.5314797305042804,0.6705047257568402,0.4906480439824877,0.6093426965308831,0.5023512671999347,0.564361864777226,0.5463074846232618,0.5505898555875297,0.4943790619693595,0.5063748398395087,0.49446817218307315,0.5143296906949061,0.5244974449594534,0.5352223253362103,0.5529010564560219,0.6314088229842721,0.5305407338872161,0.5752539081663506,0.533018980789535,0.5294080125021803,0.5789375873436462,0.5034127457687807,0.5915740919459377,0.5768628038196413,0.5514074585804852,0.5900047743992122,0.5319033367118099,0.42173263079850243,0.556185833594855,0.5618168234200065,0.5372481762042712,0.5638808874933938,0.6047343004207548,0.5650407611354665,0.584564974123982,0.6247413634494112,0.5666051359112192,0.6196662906295113,0.5538247154514362,0.5344024688702673,0.48525913458514325,0.6103404108936868
0.6436297922527007,0.6855029943924034,0.5121083806510482,0.5883475782064467,0.41002883858216965,0.5772833150165093,0.529419369122292,0.0,0.6515496446370791,0.625823697991434,0.5654673793402342,0.5741087895257112,0.6373223224328772,0.5940156575540179,0.5986379617907082,0.5374953241223737,0.5850212176122048,0.6416256648501055,0.5962275261417191,0.6614283408118566,0.5707616435154985,0.5772281190565448,0.5779318245232267,0.5095620948535831,0.6825842253341966,0.5090067152469399,0.5899040846277299,0.6093014075815317,0.5255782646176259,0.49888374275843383,0.7063557336376399,0.6081871741134169,0.5766355125497552,0.5937096380609234,0.644127512806979,0.6569729504834619,0.6108021530325708,0.6793252141213413,0.5906794000505494,0.5687587731197573,0.6035150873821615,0.6029870214019374,0.5768457883718644,0.5367922954419849,0.728877291249215,0.6364569615274387,0.48141267273290167,0.5067747733186,0.5943852949592601,0.6191337843877556,0.5839806554062702,0.5312720542301804,0.6243113765905726,0.6003501770634193,0.6014744162738002,0.6349218799400754,0.6173708879883146,0.5704588390226699,0.6048413841748115,0.635206426442003,0.7339584717592094,0.5517166137000866,0.5731482313982806,0.5760058061590467,0.5900875445075361,0.6218803617035452,0.646645926762272,0.5226323901516773,0.6082428780548909,0.7469162798859218,0.5885150133719492,0.6041796739476811,0.6000123812128039,0.6203339934410669,0.7201057685961448,0.5959214538137851,0.5411989835604168,0.47430667855783,0.659150758225995,0.4584636741116468,0.5792183898542475,0.6415047314660353,0.5399629740406746,0.6944335153436642,0.6345996809655251,0.7267582963909255,0.7164189285851088,0.6020227643687359,0.6802829718352812,0.6621721779966124,0.5563735274080145,0.6281039214394275,0.5793038991787366,0.5933895865820503,0.6325410074110475,0.5955669604221016,0.6140827891537246,0.6446018577054439,0.5482481394006979,0.6493213457047559,0.6104020687303946,0.639359244414544,0.5780009160811537,0.5710003892694725,0.6667152217180603,0.5671419642246308,0.6347769521169743,0.6870222142259197,0.5989775869919306,0.5641851589751088,0.558006740018833,0.624836905869111,0.6464578756974738,0.6620687127983311,0.6346776152742485,0.5746687678390958,0.6565035357468554,0.5408845853676738,0.5454704423020635,0.5941512870839984,0.5126147092262242,0.6590520516022247,0.6096495381974647,0.5563115503440926,0.5906700084106566,0.5773985622617264,0.5755290656051244,0.5526524488353037,0.6404482237858151,0.6150763600885998,0.6653789515378529,0.551326972320936,0.6098911719493376,0.6303252490887091,0.6562910482970585,0.557217335479191,0.5531130628595166,0.5900820057551185,0.635453223479771,0.6706658913198827,0.5856021709657332,0.5950665168749285,0.6632482914701188,0.6546672409868965,0.6309578071820572,0.5741204426970667,0.5678313321942968,0.5878454472138392,0.6711435127704221,0.5205860882941092,0.6631278690507869,0.6443156714754493,0.6026414719824713,0.5353424671606175,0.6532537112562383,0.7015646264129439,0.5452902019055726,0.5413018313397278,0.5531849887114907,0.5403292678315896,0.6228504271103078,0.6256212317688433,0.6089066589493285,0.567398197690184
0.6572892084065133,0.5848624167274931,0.45487669778860745,0.5218786338212503,0.40090467358359383,0.5186431652886201,0.4954723403044773,0.6515496446370791,0.0,0.5293378550228447,0.5063477397342391,0.49865720954158327,0.5631049919057123,0.5968021983328694,0.5437582250486112,0.4884190138762577,0.53296518430005,0.6408856879871186,0.5359299626086733,0.6430713483248749,0.5210903362670801,0.5269960328429921,0.5368240172711214,0.463798324709092,0.5953994481928921,0.4724697258338182,0.5545755463005455,0.5545123794811123,0.4586172435140994,0.49775229591187325,0.6521798974143327,0.553689995897261,0.5057005632154367,0.5291653965049039,0.6482358373147349,0.5766187115297363,0.5598754093211435,0.6583772115208961,0.523899793354659,0.5157382729945973,0.5320652628591687,0.614905556641028,0.5336671840432518,0.49700825073984906,0.5959121528298268,0.5780454954043338,0.46693133251188956,0.45976970545650514,0.5535956836992374,0.595896323390988,0.5427188628294646,0.49868532783862657,0.631668247775944,0.5135819802855842,0.5125714613598036,0.656077340353195,0.597036664415714,0.5185248690445793,0.5793442789477955,0.588534905638583,0.5892288105164969,0.5551690787939336,0.531869768215849,0.5716660100860417,0.6211175153344535,0.5966453709839704,0.6071245390866634,0.5073752850427905,0.5813002694317104,0.6631752176825325,0.5807257955928949,0.6194400693132821,0.6278425397322049,0.5518376948555037,0.6393626627782528,0.5994460952000313,0.4928837310980965,0.44518037189854054,0.5932773985543762,0.4513732613149309,0.547050061296498,0.6718789167768534,0.5153307212475734,0.6075447551290272,0.6391498966491581,0.6597660484886951,0.6695994261411146,0.6150961898230075,0.6290201889474666,0.6599352035824133,0.5459617517816154,0.6315004988929174,0.529434617991374,0.5804526234502094,0.6632548139164426,0.5298469831784703,0.5858952507009226,0.5904375245291539,0.6044672514218604,0.5887550067657832,0.5879653571311425,0.5527063988873147,0.5612495539065513,0.5042619197732997,0.6747705751238473,0.5235193248262168,0.553437151292002,0.6065467035831132,0.5391508839423019,0.5063705998155016,0.503812532676203,0.6436805742465037,0.6223261345149056,0.6841799540425478,0.5873543937827086,0.5412622746008324,0.6283910361970549,0.4977341144152039,0.48027064353664006,0.6288257770089042,0.5122566534685514,0.6214890924215267,0.6032522118689894,0.5191886476266511,0.6959319089908337,0.4882773805211875,0.5842775666924788,0.4939470671623393,0.5272098643988129,0.5810243171771873,0.7160217177739567,0.5254584160003616,0.6114749821709765,0.6825777269460048,0.5763257112514065,0.5659940677590041,0.5170323506872914,0.5491097504918427,0.5434168507367649,0.6309081580996309,0.5291857986934522,0.5755907482247624,0.6649601161338387,0.6517757317724389,0.5783856332695799,0.5657078878819859,0.551878343465485,0.5289440264016753,0.5766221905333825,0.5040358112349361,0.6473892443872135,0.6158996256392841,0.567791861365239,0.48648195225447594,0.5628370288683207,0.6560608184179936,0.5056124636569996,0.49205111871187707,0.5278230240330505,0.5263355544697225,0.5670157273171601,0.6769922256897761,0.6488489163348863,0.5706075718417446
0.5625926554985634,0.6653407981575231,0.5449123410513321,0.542049867940771,0.4185626127701654,0.5594687764033746,0.5575017134388988,0.625823697991434,0.5293378550228447,0.0,0.5779612839506184,0.5874064535771173,0.6034208219344236,0.5422223089440761,0.5776661730983583,0.5416013951173304,0.5602977696144165,0.5782831991163178,0.5574509915303025,0.5583634068195518,0.5419761453840412,0.5807671397809676,0.5784479407970805,0.5047943496970093,0.7061804719875848,0.4835533604908384,0.5594753741986573,0.5549629532793587,0.6359798559039002,0.4949950416377106,0.6096846265077788,0.6088506387326491,0.5455964690839765,0.5429688825272833,0.566338004647536,0.594600846950483,0.5947525729506424,0.5753014696543863,0.55985715714086,0.5506802698661621,0.5564826752347567,0.5672095279999927,0.5566301779172916,0.5347395824385411,0.6140143994092032,0.55674041407414,0.48374376393789376,0.5298606757910694,0.6068726158585769,0.5454020698746167,0.5464458896205933,0.4873433587402782,0.535666853016147,0.5789449452356539,0.6394571441122571,0.56747435582807,0.5348944540285623,0.5511173626864908,0.5901579524256729,0.5480788507776096,0.6012869676924695,0.49043258391734185,0.5173088459136063,0.5363137954274826,0.513714527591179,0.5253656302772616,0.5596063491414023,0.5201069981934464,0.5962040448090647,0.6242183093260892,0.5241867288014378,0.5405246606720492,0.5158514318084132,0.5798697699984184,0.5947266694403585,0.5504044296651174,0.5293519114732931,0.49502724831139755,0.5356699648094995,0.44849381532583027,0.5505980868582957,0.5265982383085189,0.5389489914543233,0.5787878958517417,0.5342819182198864,0.5771841123380557,0.5799892695877321,0.551840705244693,0.5864101685340795,0.5422290901820457,0.5249912396164595,0.5568635357126003,0.5904510468727967,0.5146924238326316,0.5442833396624572,0.6374271918969758,0.5000226232153138,0.5763828279019707,0.4870181976591669,0.5580650518553102,0.560247854632078,0.5851376460110376,0.5279281135386366,0.6100094564755291,0.540988881642337,0.5198915581988307,0.5640654620592169,0.6461325922475676,0.5759636187703173,0.5764716204435779,0.5521352435508325,0.5321688266885379,0.5618173011608971,0.5655977203785133,0.536452649706189,0.5170822235068739,0.583225456391675,0.6104493454354878,0.5638224716557371,0.515380981361372,0.48078611123051085,0.5417754565076475,0.5297598588647924,0.5391111512438614,0.5132601066368541,0.6338200770201632,0.49849717351825423,0.5288088861978523,0.6439186699589304,0.5704748284462803,0.5823061999995109,0.5087326165187843,0.5157289053102317,0.5094012386886031,0.5869089013763374,0.5232763448340872,0.5425756606411551,0.5553525545774884,0.6149023135866583,0.5930395126058384,0.5706778106864485,0.5742852751356863,0.5629719104969401,0.5683099836599144,0.6052609795247204,0.5397326014248146,0.5171165075976322,0.5898869724702263,0.7258697215478742,0.48387771906511784,0.5412011712540261,0.6206688057793152,0.5414512450877929,0.5651678555619059,0.625083583098215,0.5910054676740237,0.5250116928003433,0.5375348603361783,0.5267688946177818,0.5175624735453691,0.6217613201762632,0.5485643974689409,0.5346408796814595,0.5144536511715306
0.6196929649269745,0.621162659632862,0.6248514613055868,0.5567523352983025,0.5356256973522167,0.6361622805947877,0.6232560468208993,0.5654673793402342,0.5063477397342391,0.5779612839506184,0.0,0.6640858568335466,0.6768195612100583,0.5031288002913233,0.6398179825134364,0.69989876395439,0.712238938953977,0.5909908075735056,0.5937041987351677,0.5531520144032465,0.6715826141990645,0.6949158027170377,0.582334735100187,0.6463115321290064,0.6142281675239174,0.5773036707688516,0.5177178102652416,0.5639930285779067,0.6086434128640603,0.6059673406710694,0.5578285136015534,0.6353347932543819,0.56729839056981,0.5415161076518034,0.5402327597977435,0.5656007373140783,0.6750926667079337,0.5781855311334972,0.6536810662753572,0.6327932225831485,0.61083864476328,0.6154897020354996,0.6414192284264566,0.6484808751092732,0.5680282659567113,0.5951464544600031,0.5444910028366502,0.6801984877831092,0.6401939234535412,0.5993609892051573,0.6664770349850578,0.5908770846595013,0.5484979481274714,0.6548266935634128,0.6735825241390383,0.5422949697698295,0.6230614968623309,0.6984581505329515,0.5253414417277037,0.5718163972902758,0.5846759533365056,0.5015577120885131,0.63714867291262,0.4828193248349904,0.529698992647682,0.5409748750712188,0.5325001494563293,0.5878992261715305,0.5501106998768027,0.5963304309749037,0.5966846929698894,0.5066787272096474,0.5018956739558994,0.6824489625941981,0.6094477195153187,0.522021886664845,0.6506930263338684,0.6134300196707517,0.5490627696627963,0.5408631688499224,0.5955892595571282,0.5395837575624457,0.6441534739613969,0.5579531245870364,0.5498532289347099,0.579304334624981,0.5549967641348608,0.5137790894754463,0.532872970501055,0.5298629580333845,0.6497766690286615,0.5044075433471372,0.7313500318410642,0.5641688978080714,0.5453248372396674,0.5916220384154746,0.4810646972977848,0.510195221918864,0.4681362593368789,0.5304058749684712,0.5256969585190081,0.5884501367990174,0.4907034721520678,0.5021437003479989,0.52439591467127,0.5979252457104768,0.5943240127117124,0.6002037127373842,0.6242776667084717,0.6778732263725908,0.6626177334907926,0.5499463077390226,0.5579454414847927,0.5192429124236025,0.5771014938931384,0.635877540531339,0.5512271700270113,0.6206785535293258,0.6160311898251526,0.4808264123571182,0.600372918515745,0.5189814415112454,0.5555445043760926,0.6744223732859679,0.4955890997073322,0.6626788199238722,0.4993626945180731,0.6123213407100068,0.5916595053874961,0.5576774065534527,0.5243636455095689,0.6020572019569984,0.5145377489178319,0.530406394391588,0.5851002270226321,0.5701144323016116,0.6160912608704558,0.5968406361188123,0.55514076548252,0.6039841665757719,0.5048708067013961,0.5842592381895676,0.5543396343065496,0.52530546566971,0.6418213518651671,0.5218899392174582,0.6069110824881898,0.6296834828086302,0.5804970195740338,0.47576373244233483,0.5486612933773778,0.5666218939745762,0.6211885001756636,0.5754487797950442,0.6254889010229535,0.5761249855067675,0.6339707537564333,0.6523825233337864,0.5097254063355865,0.5954724485485653,0.5452708400625275,0.5285086464685755,0.48602585346993343,0.6690017839263711
0.5733850080665255,0.6376808903770235,0.5800754954130597,0.5539487278867946,0.4914229739528609,0.688377445952889,0.5982235867345223,0.5741087895257112,0.49865720954158327,0.5874064535771173,0.6640858568335466,0.0,0.5852237253116802,0.4669721859533092,0.6108929761336795,0.6069032955411772,0.6142381765506056,0.5271426634200405,0.6586412443907895,0.5315490842916335,0.6428074001439139,0.6058933304908808,0.5554946509459449,0.6007873433906351,0.6352889104740754,0.5240931806547947,0.4766388613753125,0.5337641284465312,0.5936530186690264,0.5734102105807255,0.5926710935743447,0.6128511702672548,0.5759505683197433,0.5696280588155668,0.5296699904628167,0.568281684474736,0.6100816634275719,0.5372711383729426,0.6637385705437531,0.5519601716552202,0.609365985150119,0.5885610785631283,0.5937350353342384,0.6502192676007942,0.5604581141763301,0.5611739256685413,0.5301039736234128,0.6228476104535767,0.5878791602703486,0.5541921577415587,0.6157139697707814,0.5802846911976556,0.5225932713894088,0.6629926702271413,0.6559242808277488,0.5514930365039995,0.5760382096182503,0.6990522460694879,0.4934232247459117,0.5418080767385474,0.5642589110680937,0.4842370872131797,0.5922429687824979,0.4648148360549555,0.5057048408438084,0.5146656952887593,0.4999733983086502,0.532057757007392,0.4917912319992393,0.565284842709587,0.5511510761658043,0.4795107160552208,0.47697385615608795,0.6003232191948431,0.5755858354799356,0.5136696709681539,0.5649951245529432,0.5630119099278794,0.5387481337932499,0.5097230073910242,0.5785739008206731,0.5338387258074341,0.6100383190046719,0.5305502494284847,0.531245449814343,0.5653062958170452,0.5458297091309791,0.4885761846326327,0.5290307283042802,0.5307290275775909,0.5776692698036741,0.5338874108611845,0.6491706553363459,0.5406021581594017,0.508117360833529,0.635364517461446,0.4850564016547528,0.5510154172474796,0.4585395461673027,0.5209187130239716,0.5059974059725052,0.5646315128410386,0.49845089987418006,0.5527574321619707,0.5107815976974027,0.5571113200608585,0.5738634328647424,0.5924503404383574,0.5739825843121021,0.6658448782296763,0.6921696960204942,0.5228570434244371,0.5346405121068049,0.4940939969593323,0.5440390141744341,0.5766859421124885,0.5641188988393651,0.5810579187167139,0.6144971732932634,0.46960633058178836,0.5260895512935441,0.5138830943701462,0.5425829938354408,0.6363363890725301,0.4793730125462287,0.6970877435325122,0.48206013158392463,0.591214563416173,0.6189232338748342,0.5068708624526775,0.5235839585589034,0.556519881274372,0.47747935710123723,0.5234773190758388,0.5743487546668115,0.5237249495485939,0.6070971642788119,0.5490652397571728,0.516937903605978,0.593607253100838,0.5072650594367846,0.552431805085582,0.5436927998781388,0.5144347018200152,0.6033136825520955,0.5190704753974075,0.6047484569655216,0.592192091256873,0.5995683177762744,0.4715701332438282,0.5484549875890558,0.5701997879745333,0.5637912776056674,0.5387827834187281,0.679734764236046,0.5491105030329662,0.5490340340081039,0.6416116458110422,0.49073027519886897,0.541320832054948,0.5183397240145351,0.5249870102942488,0.4792145066388668,0.5850379764215451
