0,1,2,3,4,5,6,7,8,9,10,11,12,13,14,15,16,17,18,19,20,21,22,23,24,25,26,27,28,29,30,31,32,33,34,35,36,37,38,39,40,41,42,43,44,45,46,47,48,49,50,51,52,53,54,55,56,57,58,59,60,61,62,63,64,65,66,67,68,69,70,71,72,73,74,75,76,77,78,79,80,81,82,83,84,85,86,87,88,89,90,91,92,93,94,95,96,97,98,99,100,101,102,103,104,105,106,107,108,109,110,111,112,113,114,115,116,117,118,119,120,121,122,123,124,125,126,127,128,129,130,131,132,133,134,135,136,137,138,139,140,141,142,143,144,145,146,147,148,149,150,151,152,153,154,155,156,157,158,159,160,161,162,163
0.0,0.545436441144171,0.49245713606336144,0.4682476396390606,0.579879100598108,0.5783253624835196,0.5365550127788973,0.6016063711513012,0.5844726219182651,0.48645397283218894,0.5621701426807051,0.5122565715188443,0.6217433936698379,0.513864986942058,0.5239511198823097,0.6064801411936961,0.6108439835514383,0.6343610828457136,0.5450809135874833,0.6738561991483846,0.6216286210340853,0.5429489630657088,0.5267207980164035,0.5304509780412863,0.6319751651838543,0.546256052174352,0.4482314124578696,0.6072052966318435,0.41425277615181766,0.5097902889330882,0.6453529884203337,0.5924627787503698,0.444682020600846,0.6235638957154773,0.6636326405030691,0.4815796189892979,0.7233538475197486,0.564862397763203,0.5371430551354323,0.4738897677727638,0.4771418236876228,0.6236583450372665,0.5761148188973518,0.5670344801945973,0.5941086820540127,0.6021738585158819,0.5651479469028279,0.5384501493423387,0.6246482827920024,0.5301256240828658,0.5799526896674044,0.6109536970585608,0.5205011155968199,0.5134206698419835,0.4685011534286263,0.566628489774914,0.6159977818900226,0.5707294764426387,0.5443004593841099,0.5318255562188129,0.5792518063105481,0.46202934151944325,0.5462951782098884,0.47147799053910017,0.5419423532440181,0.5684260109063807,0.5999883735455143,0.6810084972800646,0.5366170184960144,0.6965086726278029,0.6957400979127357,0.5291367114251395,0.5599162679713325,0.6095080028972991,0.6129903432391145,0.6981073354733154,0.5540981078829362,0.5783794294539564,0.5827389898114268,0.5556595430852262,0.5765750280190933,0.6415781251017498,0.5742261564368814,0.5550858866642244,0.5289993960134787,0.6396733311904318,0.6557429601817613,0.5613099419927959,0.6695939487815085,0.528920705517804,0.5847016319445251,0.5770453108032945,0.5032003367730981,0.59707594832995,0.5469522936189626,0.5269108517414682,0.49529702920900387,0.5813625566524545,0.47631041973735716,0.624716373703005,0.5260186661428596,0.5328965783317587,0.494410062086397,0.45919646656760793,0.53696541683807,0.6161854050329384,0.5170512545807603,0.642568804200548,0.5219519059214285,0.6020234889991087,0.6058344254637196,0.5212768453679643,0.6249236633276691,0.57343792492146,0.5381733901354214,0.5879196077476222,0.6503051761396618,0.4994359656059378,0.48886901637200136,0.5749860941317161,0.5491611315730205,0.5243211455179294,0.6226936365467725,0.7074896613592899,0.5529562409067051,0.5028274693875062,0.5037594550101914,0.519780799124356,0.4940884517905731,0.5024475355573627,0.5291798904482872,0.5615014116555836,0.558882714658211,0.6136524032838164,0.5693879246160208,0.5288386820948615,0.597167058512151,0.4993776205631951,0.4605366530698988,0.5805337495851346,0.4691659544701881,0.5332551628454923,0.6494405745730639,0.48371584707357584,0.6100217157207592,0.6576703785693736,0.5897014128856509,0.5568946095382499,0.5486946365181252,0.41794654266944486,0.6900887079623919,0.5377919480126169,0.5560242328947895,0.4277299497996237,0.5963973896943421,0.7069878622502173,0.505582126089835,0.6290470929295512,0.4457947618799756,0.5377217071410071,0.5306055298757475,0.6413336996043966,0.5299445835265824,0.7555738268048238
0.545436441144171,0.0,0.654112707275338,0.4804137605551133,0.5613947915035903,0.5480928746612873,0.5903273735611568,0.6823043592766023,0.49795823871912026,0.6831390483380863,0.5689612964873669,0.5888656590353427,0.6362596710665264,0.5047277856056546,0.6202632098117142,0.5930211942098104,0.547787891365855,0.5452993967364146,0.4806151835451819,0.5298829010800125,0.5310061408544557,0.7049432717314825,0.5469032191923525,0.6151486673593107,0.6088364589996503,0.5017433012201876,0.5314625582575865,0.5443489479921781,0.5251682048993925,0.47864049387406327,0.6133491410408913,0.5164342156636645,0.5174051267178006,0.5309054835976623,0.5537130941742294,0.49089060582282207,0.6256867726721052,0.5006098233605085,0.5554491365250037,0.5160096695271348,0.5137158833077928,0.52669380354689,0.4827820399941905,0.5062212638336124,0.6890847748483293,0.5476827929204217,0.5537172536149447,0.5124901883015254,0.5750670047398981,0.46678228075644534,0.49037366193873044,0.49989339964509605,0.457473212413295,0.550171626188841,0.4913800482257851,0.5215090301593551,0.475487057173982,0.5424002978768224,0.5065804054620601,0.5130669097775082,0.5574457801751153,0.40421943786010145,0.4488854564938826,0.448753619361024,0.42659601622791143,0.43826608905954795,0.5494773690543052,0.5914881148776524,0.5191262113298165,0.6039422971017891,0.5254305628929977,0.4666094691533401,0.42716764516429956,0.5680781000521301,0.5461788921794409,0.49668899413450235,0.5091928654159026,0.6616694363128784,0.49040354442425926,0.42145680554485554,0.4738078290095869,0.4952124071829061,0.6479983804728994,0.5141047144591597,0.4170805084708765,0.6419992659397299,0.4837516218676849,0.46217859971206454,0.5752725311114132,0.5463888101363146,0.4967046910288287,0.5171678609550714,0.49986534310900654,0.4516089103924774,0.4534106477281528,0.6730949839918475,0.4319326625276796,0.5344908180088384,0.40219403663517134,0.5827357286399416,0.49225768326621366,0.4737222302325124,0.4185837569557165,0.5203930332425144,0.4433246864319404,0.5596417582662039,0.46196223056992114,0.6464037640232878,0.5624194455761573,0.6360573546745016,0.5199216754796521,0.4255750969237562,0.47489092164640506,0.48557923515871665,0.4736408098037873,0.5961151697401196,0.4932963227965534,0.5025694312258282,0.47227366694669887,0.49707827881005756,0.47467676573132217,0.46344080035938295,0.4550848283783168,0.6061560638279927,0.42277135937916066,0.6527368473355286,0.4280808504541654,0.6605824223355521,0.5363602306057167,0.5125388371605886,0.5214313177500813,0.4699661303795624,0.45653503665860173,0.4764352745222838,0.5336259139769968,0.4468974696456363,0.6051443409677564,0.5315880824598139,0.5452052096895142,0.5134278328006545,0.49005073976989144,0.47669869150343813,0.5489491175663023,0.4360786065150549,0.541741775546664,0.5230550123611508,0.589870614367743,0.6031851942965022,0.6020288393480852,0.39927390578823246,0.48501784686779,0.48566680240109394,0.5234793942821375,0.5515541520640826,0.5837357920377836,0.5903419613791204,0.506817157980822,0.6781206630163669,0.45102625137115804,0.42897545720872726,0.5318758822695979,0.46520650256098756,0.4397615629560727,0.5245804845669599
0.49245713606336144,0.654112707275338,0.0,0.45348992757350576,0.5506676100892979,0.5112983228872083,0.5069261358635212,0.6218841699239435,0.45445402604331137,0.7181332625095772,0.5610231186977046,0.543475476770786,0.5649316923304439,0.479340293207319,0.5573094422694181,0.5995728419079986,0.5486578516654992,0.5269164286439305,0.476838563396123,0.5162902556220037,0.5537072068250827,0.7164614387813719,0.49176781543534265,0.5415780821549423,0.5763578188907148,0.4824329075818434,0.47820455055718275,0.5019330537846618,0.540316943567848,0.442071727733791,0.5438392580922295,0.5094192315061288,0.47262588012320783,0.47671655786311173,0.5060929464766928,0.5023778770090122,0.5492218070361135,0.5088080921374675,0.564678329394373,0.48066106793714436,0.5113006232077634,0.497007704744757,0.5073621061641271,0.49304465967678435,0.6010944612488536,0.5188741007785479,0.5185232055023534,0.5249104416745198,0.5339926588857843,0.47936479559567935,0.48427687926884627,0.4786784397812561,0.4575211623980961,0.5540516276855744,0.5026443489827516,0.46222906210189296,0.4694005158598164,0.5355315321326554,0.5250727766020408,0.4866578478578115,0.5509980301643548,0.4030425812580323,0.4607562245705958,0.4703995210213198,0.4356306010288805,0.44493516009434086,0.507552952992014,0.5532182231911253,0.5691330915336624,0.5838191691565277,0.5083921475793294,0.45895508022172,0.4247580674748129,0.5586560599519743,0.5562858809982968,0.4588765316218101,0.5040186668815592,0.5916121741546342,0.48578701832762666,0.405570736555466,0.4890693914034493,0.47788525319453795,0.5476360277785081,0.5120069646585228,0.42033028847260284,0.5757596880612618,0.47251590624511336,0.4595138424176416,0.5159054598291095,0.4645842095344564,0.48187380636149874,0.47360790932483865,0.5069021048544723,0.4336836582885451,0.45366917905195153,0.5857038401221222,0.45126612752207346,0.5029631589891136,0.3961456049208183,0.5102487633450262,0.46996740913967366,0.5049302980291092,0.41881282283263105,0.5316346643174406,0.44311989229837284,0.5345004324730562,0.48739494024106583,0.59500539580459,0.5373213672918895,0.5757092679298839,0.49896637987512216,0.4304000267262245,0.45588000694090686,0.49031077183725,0.45448036698315203,0.5007323227066289,0.47401121855028694,0.5372281418411653,0.4907987659541951,0.46079978575849356,0.4692036342539077,0.4590478608643809,0.43933409073162344,0.5385235027818709,0.414096823648055,0.6208061549129031,0.4240877051371739,0.5608304437180684,0.5570611446413317,0.5177710977874941,0.478005779785995,0.49662806019998257,0.43350726766775455,0.45027350958142615,0.5680038948862783,0.4605196673810461,0.5289542852865664,0.49189321712662154,0.5521939374552985,0.5153618849465614,0.475047092620898,0.4818828028597479,0.5085320361011372,0.4604240180253311,0.5475359381453541,0.48381254294740134,0.5407778319308701,0.6029204844718741,0.6479249109784456,0.4111569844639211,0.4606678842314598,0.4875242731939903,0.5356137431594952,0.5310969051538457,0.5736305030998199,0.5518404090892142,0.4549545599700295,0.5679547375414226,0.41561112992120974,0.4130393874689514,0.5573442872215596,0.44163526179272683,0.45367891199995464,0.4864624649590025
0.4682476396390606,0.4804137605551133,0.45348992757350576,0.0,0.5287857513660814,0.4360218667961655,0.5821178640005488,0.4691982199037756,0.38636360412737,0.4466975502300603,0.5385120832568349,0.43835595870304145,0.477298524652317,0.5026574270596869,0.560527246850033,0.46285353355339426,0.5094694342965759,0.52264279604584,0.4584711092934762,0.4241829346013299,0.49495052830767733,0.4815332072128552,0.5078639836483988,0.48802055524816806,0.4630628216873852,0.5734468332739767,0.47075850468507086,0.5291061820925659,0.47388843678997883,0.37338031711840497,0.4628454144588176,0.4323156007573467,0.7002933950288738,0.47413575637453576,0.536703339084162,0.5094533395248482,0.47913843915625537,0.4894904604335935,0.4892640910554773,0.5385001958778726,0.6394446882139856,0.4086502090323905,0.47030378800994194,0.5583065810707359,0.49213981187935707,0.4891940216604208,0.4250163296267946,0.47344344318524667,0.5286873238472473,0.4625687599503561,0.5423591160651232,0.5541346440457066,0.4878118011029939,0.6221243700799242,0.5246271195907839,0.3855093443978236,0.4702288034031408,0.4817169954703199,0.5134074575406963,0.48547567539179004,0.503612966991574,0.40171088608034417,0.4999560471358149,0.4279180303892422,0.43604148253385866,0.4384688387151265,0.5005038039405771,0.45880849310988137,0.4965938101398099,0.5100173359178983,0.4747619765531838,0.481216580251778,0.4473896010826425,0.5479749381730851,0.4845125019407795,0.4563492455973337,0.4899168087255285,0.5576017664805847,0.5144062600225755,0.4191034421668898,0.4598970661109684,0.4774973488299204,0.4285099151256599,0.5030302025388019,0.443078772372453,0.481451644941612,0.4313281464698949,0.47547988853217554,0.48179957989641586,0.3857263033877281,0.5539884931184159,0.4738535656392849,0.517035102308367,0.4526727995006059,0.5019130002306662,0.4729699614345312,0.411951408361898,0.4564203544925999,0.41072256995630924,0.5514479565264753,0.48385766468494623,0.4359515780564531,0.509064918431347,0.4817038581954079,0.46673899696785254,0.4577489487797619,0.4513861428467006,0.471315188318647,0.539843187424678,0.42837414805905394,0.5370744905728184,0.458391993050674,0.47114756690883763,0.4587537677226292,0.556070656038884,0.4937630222251456,0.4717221464130244,0.41613837928289926,0.5329355389659554,0.5052192064893718,0.4709359209768617,0.5360624896076057,0.42326647490723157,0.5360598520839625,0.417155195776932,0.5380995123291638,0.43209493949996663,0.4378032763603542,0.5151134702572288,0.5053822072220953,0.3735030088577271,0.4199581855030459,0.4428346721473398,0.48837106411346776,0.44778382126496286,0.4387819973662244,0.40289296006138814,0.5878679953493465,0.4876534611783787,0.467202067435423,0.6875035174707982,0.4185410209267992,0.50806402568302,0.4439567964737777,0.49414236432439373,0.4649180080436181,0.4317232819493128,0.5089654237876619,0.4291216658685643,0.3662702413326895,0.49518708742682627,0.5281446587079117,0.4806168018150665,0.3928609614438944,0.5214646193528369,0.45923891356993896,0.42579598842322325,0.496211784449727,0.6369735938924426,0.4730716499288812,0.5611210574606843,0.4611762936293245,0.4305260251267329,0.5159259044849253
0.579879100598108,0.5613947915035903,0.5506676100892979,0.5287857513660814,0.0,0.5032850932604075,0.6081556397250567,0.6233102232189887,0.5154915804786216,0.5249623210425741,0.5495918165161328,0.540371408781638,0.537980828153656,0.5180267742367639,0.6237924429874362,0.5936485838864866,0.6310909463658705,0.6624508562183754,0.5538606528135772,0.5427245557842536,0.6606575520745545,0.5876072426794239,0.589148713548107,0.5244928445686072,0.5711887276888472,0.5603875762744912,0.49868502619386035,0.5635641296717083,0.4506761911703377,0.5010758616991263,0.6199053361868537,0.5494015327335532,0.5116909677593786,0.55184891591862,0.5946625677690354,0.5686740290106803,0.5562048043017563,0.5979920330885541,0.6195893576430864,0.5114127014584132,0.595469774946784,0.544448218358571,0.6252232046216237,0.5598589510997313,0.5956588761401163,0.643949277239306,0.6030294914026424,0.49303786535810096,0.6341614662108935,0.5972849977227774,0.6534746466663386,0.6028462549856963,0.5810354629648085,0.5889802904564106,0.5210480639650018,0.4798296799863241,0.5933020648341739,0.6403057138303517,0.596716383335123,0.5902760397840188,0.5327873878247397,0.4788083491608627,0.5592414680792445,0.5067689968395981,0.546665024515271,0.5200666495218625,0.5392947926259429,0.5828105928483831,0.6208870956013532,0.6591797271706783,0.6158675045909258,0.5395465512410578,0.4910777596722688,0.6590962838073288,0.6153666919741573,0.5438299526275844,0.5709077152406633,0.693702158595909,0.607930634901458,0.45296156040141294,0.5337574366154909,0.6527819425565573,0.5533200336115889,0.5239232672694975,0.521478861569335,0.6236401766803314,0.5080676391559616,0.6031709204120365,0.6261773918842406,0.4672424907500622,0.7073791302074226,0.6072340602174165,0.6012539957220795,0.5145935627567271,0.5682662418422617,0.5272396590162677,0.497664755251726,0.5529685913220972,0.47591881649871814,0.6108553040243605,0.5039263743246832,0.5602884416759487,0.5418337661235805,0.524973733927395,0.5517375673389111,0.6167522702443713,0.5610751951490452,0.5866807068828178,0.623882139383983,0.5030672048730616,0.5906284857678425,0.5479416439535078,0.49935847854181425,0.5926841378580936,0.5554751299729674,0.5631892644989214,0.5720051671430254,0.5265769499729901,0.4967423920710383,0.566369138349209,0.5777950806068052,0.6022331431840837,0.47845181768390505,0.6732059601893383,0.46829638431091014,0.5467135398078551,0.5247139804755236,0.5488938270519998,0.5316683046287353,0.5617892577018004,0.4886580574168421,0.5479468401935238,0.47227137141377523,0.5579476105756702,0.5268125716855635,0.5109256852954818,0.5085842282226383,0.5586605379494399,0.5050017985821132,0.6817024919228099,0.49782210316557396,0.5112811414544974,0.7053347771015318,0.5393516516224154,0.5863945864067364,0.606754266134126,0.6048592784412369,0.6654305955429504,0.5513460432090652,0.4245614601860164,0.5697780848825134,0.5881195820835491,0.6451426925257662,0.4777608738803472,0.6513443022237331,0.5750362516898935,0.4407673650031378,0.5955711759677454,0.45129536140107723,0.5052899840998872,0.5901981658429888,0.5245971586813021,0.5609919052413784,0.6053251042756262
0.5783253624835196,0.5480928746612873,0.5112983228872083,0.4360218667961655,0.5032850932604075,0.0,0.4750241141608326,0.5734444000963355,0.5265296138958184,0.5295620727932442,0.5182860466193412,0.584326524290871,0.5151101834383547,0.4421294935782907,0.4582081515779761,0.5490235791427698,0.5166893517410843,0.4753167808518165,0.5613722239058283,0.5332609160182903,0.5585724610212113,0.5067521522373646,0.441820869293443,0.4496657454180207,0.6698690434615016,0.44770623088069084,0.38852386541674605,0.49469565572157687,0.43628397625133014,0.48475972394262434,0.6410495691905937,0.5830266100835269,0.42675927304906014,0.54429128798227,0.562071722219458,0.471414494794901,0.5840790347301955,0.4887287157956269,0.5062853542163768,0.39754550711136216,0.4427580318409172,0.6006520356989401,0.5015613742622279,0.564938487012938,0.5103206048317237,0.46670333473945314,0.5240001079780892,0.542449677958154,0.5016241706995765,0.4571953062026312,0.4938483546467427,0.5386415686515357,0.44752365220674056,0.5030622516314012,0.4651967970419995,0.56519809312965,0.48434709553525823,0.6102063285138252,0.4582858590125976,0.44520901475666125,0.5296992924455441,0.42914478594376976,0.5015738563879691,0.43715750570206496,0.45148098472058595,0.46301253338971826,0.47182155915333224,0.5500844282597892,0.4671845732342202,0.5993875719868629,0.5329865164595416,0.441491486285773,0.4884254108322516,0.49696658480267236,0.5615751681158567,0.540648960347751,0.46118062300479834,0.512700031070174,0.47293243607257723,0.4915249354980237,0.5633544387315734,0.5310697805140688,0.5322817354281661,0.5038068136367442,0.4622626435029954,0.535742655048023,0.628620989139579,0.47080221852469556,0.5437184416063262,0.47378666592914787,0.49631948993970476,0.5830551372163262,0.46664325728790723,0.4743546540451094,0.4575743474833061,0.628542367619218,0.47262940351317906,0.6543320126676152,0.4422469505740745,0.5013166549005698,0.4634822751881605,0.48832219469354005,0.4652962128511006,0.5280972149039327,0.47961675759050726,0.4922781154248032,0.4642248278769709,0.5932150247670562,0.4385773126982487,0.5757367946899268,0.5825911468364502,0.4484986359965048,0.5601070931545796,0.49781477408259855,0.44842990448706066,0.4761278561757531,0.5866990099690427,0.4816370332628794,0.520760509969894,0.5207785784444878,0.44047040746572,0.4845483296330854,0.5401659359605925,0.5575981065300372,0.4912073944013397,0.5275943773811188,0.44958272691877704,0.4782917747412506,0.5205809509161998,0.4222946946434053,0.5371448558806846,0.5238411494318872,0.4514013945371661,0.5336461733114357,0.5266977409236686,0.4552523026408747,0.5370221332743732,0.4216089222173768,0.4051795137521329,0.5018515299071014,0.46286291682673686,0.5250868432306975,0.5244552903757379,0.467925363097987,0.544220253663962,0.5649933725239614,0.5601943341403506,0.4928746378430754,0.6055711345750873,0.42757851062300084,0.547916173458156,0.5233211220733917,0.46547865366326346,0.3983427737792609,0.6143662815848718,0.541298220106743,0.4207925484188634,0.5850259786095724,0.4027816253517406,0.4574718779679894,0.47166529259331935,0.5680849084188431,0.4700896390987864,0.5264538031632404
0.5365550127788973,0.5903273735611568,0.5069261358635212,0.5821178640005488,0.6081556397250567,0.4750241141608326,0.0,0.5684114766955921,0.4612380387453743,0.5325803003521011,0.5486040408926849,0.5351563551141091,0.5499384220429512,0.4841292874674587,0.7171712001869411,0.5179032891694781,0.534862900136906,0.5825985407250539,0.49510660193654726,0.4735326002255338,0.5178875999238765,0.56999201642168,0.6730568276939671,0.606026089325802,0.5465942925563664,0.5262035496908077,0.5620444967825645,0.5832967960142385,0.4650752353824849,0.4666400949728736,0.5572717319003444,0.47873952654225344,0.5860742909374613,0.5412516836166071,0.5404134415007396,0.4750902474694623,0.5606295639957266,0.48006509561864613,0.5300574739357515,0.5645532629148409,0.5432494988469456,0.48491885245630933,0.4878280612505029,0.5120628559960737,0.5856878910708897,0.5660026451872094,0.5059199146408326,0.46583129848369736,0.6330347541821817,0.46558907989430937,0.5388256843572224,0.5198674596030446,0.4749697973642749,0.5606340897814612,0.4913420703516374,0.4559662558000449,0.49091995808779837,0.5278996585038382,0.5187777706789138,0.5201869848029662,0.5089153993103538,0.3956648457001976,0.4584244458756067,0.417159767861709,0.4389817153143607,0.4388022733392326,0.5337893829645804,0.5380367098586187,0.5004379586979596,0.5795211171341436,0.5076884125802457,0.46579874241040803,0.4246630632209417,0.5894991224453315,0.5029295747044783,0.5003959787206799,0.5278255627101398,0.6673818349888974,0.5030365690581008,0.4159392393921983,0.44832029072485974,0.5148625306337296,0.5579950819547992,0.47000765648367504,0.4279343569190339,0.5544523712016215,0.45154784632583395,0.48785069246300755,0.5702437912374231,0.4725388824028379,0.5519328348888782,0.5231884978490084,0.5154761985615254,0.46347311450488254,0.47239041825037087,0.5450333552222779,0.40599154205405574,0.4920632954534054,0.39593858910139207,0.6106997412714525,0.4714738582658212,0.46372805985600885,0.45906224546261853,0.502873397816257,0.4469711214377836,0.5236046316265613,0.4547626115408169,0.5575848207367451,0.5903763742480435,0.5118915801236362,0.5553850713469666,0.438527728454829,0.4592839206493134,0.4753464671694041,0.500275198446853,0.5995505586237686,0.4946489417293119,0.47341830814545954,0.46135946950812395,0.490140306782465,0.4769173426399167,0.49097613831359327,0.4272939639499416,0.6458489238395884,0.4084646583855098,0.5756564355358291,0.42806943591580954,0.5420604889231511,0.4842564259808989,0.5035092165047912,0.44764276845175743,0.4352934131281014,0.44604027225535137,0.475080404466781,0.46812531987997863,0.4302828977136213,0.49827253134740135,0.5740520998071509,0.519239093355854,0.5240817644044142,0.5227099019306741,0.42993130340927754,0.5772512746702353,0.4266398551195297,0.49971971521991704,0.5286109992105716,0.519108885085451,0.5820911513253898,0.48660107307905737,0.3609953970659992,0.5066924648380838,0.5019229032454295,0.5292244961191056,0.4840085830821353,0.5723407316510729,0.5356300157905851,0.496721190064968,0.6269690712408642,0.5068499582802262,0.4629359225258732,0.5245447011894455,0.46231324208861607,0.4383822490063289,0.5528554756730146
0.6016063711513012,0.6823043592766023,0.6218841699239435,0.4691982199037756,0.6233102232189887,0.5734444000963355,0.5684114766955921,0.0,0.5807580589005362,0.6166094793293817,0.538586507132073,0.6224779741107704,0.6076452662057008,0.49310729280713533,0.5879462669939588,0.6391551507118035,0.5929931834310752,0.5903646328851508,0.529065202796819,0.5818937918219326,0.5996793372432486,0.6374729412798162,0.569413945005256,0.5555353698278425,0.6571388745108916,0.5140897401498911,0.5075217703776702,0.5587195687919807,0.4562851631138861,0.5541297642812341,0.7063042483572363,0.5696927385667901,0.47914660885002003,0.5817553332457543,0.5671461692957553,0.5101348122065662,0.6266587348761119,0.5429344743485682,0.5745796056349278,0.4865565692934535,0.511401820922171,0.6169761055898422,0.5478769816518659,0.5123346916576895,0.7002732507238765,0.6161480069707883,0.6692016342429892,0.49495489806177195,0.5929694704892992,0.5156028580129587,0.5361091684973888,0.5453255250682273,0.490865732795048,0.5321263128378033,0.4797578878148851,0.5757853914801102,0.5289583076263542,0.6337884475052037,0.523046461435372,0.5450072280976536,0.547976974954564,0.4438245923862156,0.49164410545539894,0.47241071225914666,0.47265917741270885,0.4813957032078963,0.5440089655822243,0.6362933433830221,0.5582566848966664,0.7002125738848136,0.587741432485761,0.4852565464972214,0.4590839569169942,0.6004855237116936,0.6073982909101993,0.537419913008703,0.5311070235546688,0.6576359536921605,0.5476733614959346,0.44052509663892936,0.5113447107353607,0.5774591363927124,0.6846454101605486,0.5220735291539061,0.46426019390951767,0.7287430473240518,0.5332797284249408,0.5151224807216466,0.6698307113458746,0.5662559541018881,0.5571331392095963,0.5893543175154409,0.515853056169305,0.48094611647920793,0.48624217043151746,0.6155522606361856,0.47094159991840756,0.6073241850727588,0.4354643958856975,0.6101042011735903,0.48226940099881566,0.5329684570756561,0.4610608652735296,0.5337729700889738,0.49015694660924414,0.6579676081205622,0.5122540207738382,0.7237966944536606,0.5695451507782033,0.6018176584361742,0.5467056849487705,0.4716051744248921,0.4956652745721877,0.5482598645760494,0.4944679760289546,0.6124192731245485,0.5533250198337888,0.5235544016062901,0.4711729413441981,0.5388493199255487,0.5047096224351758,0.5177770249413981,0.4864134404457035,0.6505420070923904,0.4454506740990262,0.572488272953188,0.47690076143446675,0.660185288228368,0.528009759633073,0.5133535500192021,0.6016905759182204,0.5336035772574634,0.4671849290005583,0.5145226938262548,0.5385871312731006,0.46464221998316835,0.6365333178837483,0.5086072762242135,0.5084167023976571,0.5985246941510773,0.46217573842386944,0.5084377844804375,0.6256023133293076,0.4761935684378674,0.5640253141342088,0.619674505080864,0.7012643141903904,0.6380883905738156,0.6491086719822948,0.42315039371091673,0.5311285982971247,0.5113935999427999,0.5679975220770942,0.5367438909815704,0.6588368823901816,0.632953774896942,0.4695297681098761,0.7174354276459678,0.4187511841111827,0.4553496899916653,0.5367645372055564,0.5018946522502169,0.5021189270725898,0.5599074024499019
0.5844726219182651,0.49795823871912026,0.45445402604331137,0.38636360412737,0.5154915804786216,0.5265296138958184,0.4612380387453743,0.5807580589005362,0.0,0.45555995218329176,0.42722995996968766,0.5049042090523755,0.48597695822670445,0.4179956412746356,0.4590102365288666,0.494821089876472,0.4741924063444607,0.4949152812902632,0.46837354370974427,0.5289258892186508,0.5017300924534399,0.48199140247228023,0.45867525907601886,0.44488947516162963,0.538038989157952,0.42781115316970875,0.4087246402857568,0.4519823908625349,0.3569010025518944,0.6151378297418986,0.6068042137117748,0.5034370168352706,0.3851312193526466,0.49570479297940245,0.48697998813955223,0.4162995184584803,0.528833216367486,0.46213329852194335,0.45604977593567547,0.39477555170179157,0.40490381715880897,0.7245321841299972,0.4745385728039478,0.43869015699360775,0.5028800457297616,0.5061660635898015,0.6348444068798006,0.41585033664875337,0.47598851010272536,0.4534659724453072,0.4624597862674969,0.48082422675310343,0.43859645683866927,0.41555451232779894,0.384782707826195,0.7119941546822569,0.48095623866493303,0.5273201467648324,0.43306500799289815,0.4535939165090468,0.4438756367098731,0.4277100052606224,0.4401178200522866,0.4103502255747939,0.4589184159285958,0.4510400697066313,0.4641256561804633,0.5841671134465994,0.44691525532432436,0.555166609458435,0.5530915149896876,0.42531123976837765,0.4408894666170596,0.4732884177906157,0.4989969745723495,0.5120419626274376,0.44137945763488146,0.4880281323308873,0.4645668980461277,0.4326350791660741,0.4697573531396094,0.5795905562688145,0.6173791483352218,0.4328749902089769,0.44308656977876215,0.5688601885185193,0.5207555960178945,0.4693408737919901,0.5579865618372609,0.5994202019382547,0.4892678004684076,0.5693783335746491,0.42034808721119127,0.4502237418385057,0.44339025321823794,0.49512606922877384,0.4389701129773192,0.5515344202147248,0.4278590525822371,0.4940281330440352,0.4139113313398378,0.45980681289816067,0.42397392587976684,0.43326061309651165,0.4518896719872655,0.5449386871604731,0.439378167192275,0.551901398329281,0.4443149483808309,0.5118507296376525,0.4649086717967331,0.4406857384724465,0.46672907338973707,0.49120276199908713,0.4221920555797825,0.5159587234846703,0.5106881589639505,0.43731339647779716,0.3928438062597455,0.49522258071352276,0.4508343426828414,0.4578768107766864,0.47531319522274645,0.5359582480732015,0.4476846811031416,0.42335504644236865,0.4570295532307819,0.5066209896146082,0.410084524747168,0.42050355439676257,0.7108075670594072,0.5002395722102339,0.4287208345529325,0.4966488189960617,0.45261721984348013,0.4285467970659397,0.571742769259284,0.41102688580342167,0.3919294730763995,0.5186486979307526,0.3809326552092169,0.4617994150788725,0.5552470718387039,0.4318554600876499,0.47048565227131,0.5995916540902985,0.6927498765804672,0.4847881598110001,0.5074187297073479,0.3877661844715549,0.49588118033579914,0.44044366333662793,0.46541373109188966,0.4428545459046862,0.5170504225400997,0.5581788983815742,0.41197380122185323,0.5618350890292654,0.357624219023165,0.42118861202013674,0.43032922352105296,0.4932116816721511,0.48824365228784966,0.5173685058807027
0.48645397283218894,0.6831390483380863,0.7181332625095772,0.4466975502300603,0.5249623210425741,0.5295620727932442,0.5325803003521011,0.6166094793293817,0.45555995218329176,0.0,0.5465348510738249,0.6207265197481,0.5439449261283091,0.44455266443521824,0.5489321952392552,0.5717216787115417,0.5183040973700398,0.49570433866381675,0.49820112342411293,0.4938764379071096,0.5214137681565673,0.6516412900466944,0.5094977048141052,0.5375453143144624,0.6155822688768356,0.4446107374617209,0.4736980154253937,0.5065602876362464,0.5379891348482204,0.4680330843228381,0.5644521631971118,0.5142054147403753,0.4653735306388884,0.4941779480759905,0.4889742712105408,0.4703853438217197,0.5453729629656041,0.4659369693479573,0.5485623989407558,0.45793973924575837,0.4757452790783313,0.5025460901456033,0.47966456908949073,0.479740673286948,0.5771839653395956,0.4935263757657692,0.5061929903996991,0.5025742368935587,0.5383260682183847,0.44517679561119156,0.4668210176664062,0.4559452551467664,0.4312468047774523,0.5317071054734214,0.4932436501157694,0.46895984997003665,0.4492606963062503,0.5410243172194071,0.4882601451824581,0.46481367696203585,0.5219229981855061,0.38197956373432923,0.4329821958826435,0.43070905082997074,0.4107916915737913,0.4183207704894368,0.4766409124676182,0.5239976765724157,0.5053826771083012,0.5673714463136178,0.47274056483228044,0.4281526123871949,0.40255460516632346,0.5255818098683729,0.5220480799902489,0.45859871513853995,0.485800353765819,0.5754591321505711,0.451820907108185,0.39541953666453533,0.4590827634519254,0.4595628847618774,0.5673971201512585,0.46857447020218723,0.4003954357268148,0.5381743181170003,0.4623515928170542,0.44134745658130403,0.5182031028466473,0.4659537726904352,0.46127324508216605,0.4794218603805054,0.4903063951127875,0.42206525720360866,0.42311442167464397,0.6285098036867018,0.4204080298247421,0.504989634434197,0.37695761183778365,0.4966531623539845,0.4474191870227682,0.4852596458175573,0.406542702625147,0.5553929339644095,0.4194501099974425,0.4995064152541811,0.4568209702918123,0.5975234235353835,0.502027859869767,0.5902995409611911,0.5092826830934107,0.4043163654929645,0.43826644467411985,0.46446208589871973,0.4275495184478038,0.49174152826751644,0.47260415790516386,0.5501145555290012,0.4706816503290062,0.4398459313005818,0.4326692799909249,0.43559480253428506,0.42190078591166047,0.5373691961871623,0.3949913387092928,0.6458262511258711,0.4012274116803749,0.5569943113320384,0.5297269635037148,0.4640959591678598,0.4885532108594274,0.4608854006057451,0.41455680533438,0.43035330764160357,0.5242365800773415,0.4235771858610475,0.5439315482112345,0.4623697236932042,0.5095168434544564,0.5013783147118569,0.4621757526180032,0.45919061675599715,0.4956594275875796,0.4302359267838594,0.5080431715964501,0.4802713248655775,0.5290367699286093,0.5683312048135758,0.6497659372598499,0.3901367996835007,0.4524300076504002,0.47722854147893107,0.5079167919455395,0.5187510702887658,0.5769871299858061,0.5273102692647376,0.45906482329200643,0.5853327718977825,0.4071005615040295,0.40673937239402735,0.5003500736015514,0.43287822018843314,0.42627459595691497,0.4688064086360207
0.5621701426807051,0.5689612964873669,0.5610231186977046,0.5385120832568349,0.5495918165161328,0.5182860466193412,0.5486040408926849,0.538586507132073,0.42722995996968766,0.5465348510738249,0.0,0.4932962811310833,0.6302287655839353,0.5638735494322188,0.5572611387317234,0.6356349205575801,0.6425419166557824,0.5949161021434143,0.5323440393413781,0.5632385797540743,0.6005907120374072,0.6017016618558567,0.5159258858404249,0.5607948895513419,0.5802653064803641,0.5640317035486087,0.47175755228336,0.6548032416998073,0.5693838007762168,0.413836601962209,0.5371332896616672,0.5583346829307587,0.5077998393576546,0.5436623040984561,0.6290496868044138,0.5367670782863789,0.6316497807139128,0.5708154762782656,0.6245425877675094,0.5327267086201201,0.5501818830739765,0.4649398477785645,0.5601139302214649,0.6258731806089668,0.5842262991783739,0.5431496961101646,0.4554840811002049,0.6979092143471997,0.6615774567534788,0.5215474448019365,0.5799735340176104,0.5442843464676456,0.5245034396338847,0.6850027038986443,0.631765656115097,0.42703703095477247,0.5568975993926916,0.5284700091761609,0.6296695888281445,0.5334424035707865,0.7391547379666874,0.42839824331869286,0.5400587724664802,0.49687148675416404,0.4908586558072385,0.5233830229068813,0.5981299453932407,0.5462850268563835,0.5938916147211132,0.6162697094974824,0.5506309522657117,0.5489921852615969,0.5098228343550318,0.6603784344654566,0.6114076475335728,0.5608381063993014,0.6199791420229496,0.6122171904214083,0.5471604358480665,0.5048272555843131,0.5497387903765989,0.5001397814080526,0.48389844253777925,0.6173841450500115,0.4804991575432926,0.5407026912803367,0.5384380514300278,0.52495356539531,0.5526765467926661,0.4250985478812329,0.5337576063019752,0.47685585506804923,0.5941618329842292,0.5518044592421345,0.532832311771393,0.5266843641119378,0.4849748507668138,0.48501619300127335,0.4348870915886085,0.5749632947987637,0.6081652958954303,0.5447843098158964,0.4697872976383313,0.47934825138687354,0.5029312557953106,0.5190053482792905,0.5315713334063984,0.5598277122314096,0.555876356010136,0.565640857711848,0.629192296380046,0.48461382965459954,0.561281381026147,0.5359787761327053,0.5543952153111585,0.507898175429476,0.5469583038551399,0.560607972831753,0.5896802169110548,0.5021475745103651,0.5344826268018336,0.4988756486404622,0.5131933865016003,0.6214858744116366,0.4916686526196116,0.6656934722086665,0.4527204031129423,0.4983623953649084,0.6103493175119936,0.55739572320839,0.4190699064521362,0.5101419321263544,0.5525798671780098,0.5223427426724718,0.6548294079755761,0.5421366674733845,0.49576246072728014,0.5550853173000296,0.5495259746872253,0.534528152199289,0.5853428281681617,0.524626167643012,0.5439828867429741,0.48826764063085343,0.6594793921307315,0.4878048818284526,0.47303186809927805,0.5936700218855625,0.5470117476021955,0.420192325836522,0.5756053793047441,0.587203599117183,0.588514703477452,0.42111545282556767,0.5665834156655679,0.5836866972370384,0.5339616662663659,0.5451704261887554,0.5299106468174545,0.5281696912858018,0.617619994986481,0.5303148534352912,0.4690865992564375,0.5967481818108902
0.5122565715188443,0.5888656590353427,0.543475476770786,0.43835595870304145,0.540371408781638,0.584326524290871,0.5351563551141091,0.6224779741107704,0.5049042090523755,0.6207265197481,0.4932962811310833,0.0,0.48857500956994854,0.4113712071721174,0.5080977418677803,0.5393379231776142,0.5028486049132194,0.4754019526376561,0.578720438264165,0.4894957618636116,0.5256525291510353,0.5264909002763822,0.520589797872362,0.479471692823716,0.6677787949774753,0.4257082107836238,0.43351243923395116,0.5008598883868048,0.4491365313611065,0.560708380005311,0.6599716048681217,0.5404410196928083,0.44433335166928956,0.5596961857018038,0.4989945908943268,0.4637279244377845,0.5257996729368877,0.45439957822059457,0.5249802034448996,0.41267877792437474,0.4536212171600893,0.5570019572570865,0.49121715702373114,0.49072173496181964,0.5366750169931861,0.4846105042688596,0.556992002888406,0.4663613259381707,0.5275013386855202,0.4441276164364212,0.478099688366011,0.4808304610501095,0.42641846367133196,0.49422612672553595,0.4649053044120576,0.5107912588186027,0.4580648527605361,0.6370953492315121,0.4485274805020865,0.4555604196875183,0.4700660159385806,0.39375838818657927,0.44447662202571214,0.4143268136460399,0.41603262298172267,0.41529317784975134,0.4365095340349713,0.5004135225901889,0.4632014405158608,0.5698114578404553,0.4710137209892195,0.41419757914383937,0.407489373740173,0.49191549160604003,0.5125203292766408,0.4809791201694006,0.45613724160654234,0.5444762802351196,0.4558667118505528,0.40230137194054705,0.4572412751431061,0.4921608357712354,0.573117722569679,0.4407674397943559,0.41734600324955123,0.5286343346127318,0.4833031409089346,0.45325900376297246,0.5501328714316669,0.46824691290244613,0.48712159445199166,0.5642937695272927,0.47929640045494454,0.4276918703521351,0.41622899916202516,0.6329073283832627,0.41714760084061014,0.5900713248043871,0.3933061224192297,0.4922630178551656,0.4222438253519057,0.47996725217356156,0.43915960945959687,0.6086885164583945,0.43509333715200954,0.49675680002748646,0.4493655252898299,0.6070645919985618,0.4637460190267729,0.5400676580261455,0.5469421727709874,0.41590451989746613,0.43874485593432505,0.4654403513265184,0.423988874463681,0.48853749122436774,0.520136773722499,0.523841441768912,0.45786816928452634,0.4582746543665554,0.4202287877914425,0.45547631550452533,0.4346936241023346,0.547091841125331,0.4003162909631054,0.5621635199027489,0.4134939076194976,0.5294996506516114,0.5008012972888232,0.41783530845332484,0.5415110656903244,0.46020923858871615,0.39878672229127554,0.4492019774128858,0.4733193392030958,0.40401086575318207,0.5602543895577725,0.43116367461556104,0.43364383810857854,0.524211508421506,0.43658281781626906,0.4577523590858431,0.5148803347544567,0.431578153222853,0.4833853188957438,0.5520380153943413,0.5709208554191036,0.5140717661650908,0.6313242069109164,0.3932850589572358,0.4814929501021426,0.48711124114476173,0.48653129810052126,0.4576583625101728,0.6347847146152765,0.49894337919645804,0.41521381316010286,0.6021608545940863,0.3857298713123782,0.4187872308147695,0.44832126685225093,0.4614876211048353,0.4345737996622161,0.474697829747746
