0,1,2,3,4,5,6,7,8,9,10,11,12,13,14,15,16,17,18,19,20,21,22,23,24,25,26,27,28,29,30,31,32,33,34,35,36,37,38,39,40,41,42,43,44,45,46,47,48,49,50,51,52,53,54,55,56,57,58,59,60,61,62,63,64,65,66,67,68,69,70,71,72,73,74,75,76,77,78,79,80,81,82,83,84,85,86,87,88,89,90,91,92,93,94,95,96,97,98,99,100,101,102,103,104,105,106,107,108,109,110,111,112,113,114,115,116,117,118,119,120,121,122,123,124,125,126,127,128,129,130,131,132,133,134,135,136,137,138,139,140,141,142,143,144,145,146,147,148,149,150,151,152,153,154,155,156,157,158,159,160,161,162,163
0.0,0.5650467930490651,0.5408759451508333,0.5154812926276073,0.5503630474440664,0.5324787838377814,0.5345442083239178,0.5306415698269286,0.6087520955164257,0.5155560099434923,0.5682543315650466,0.5179118397844381,0.6047014962843195,0.49084097664721266,0.5515040697121086,0.575114969465958,0.5871367706315763,0.6694933787315824,0.568953994568374,0.6894349366076927,0.6038907137907384,0.5786396484897895,0.5420802856796849,0.5464050002947015,0.6109305496685735,0.5198979698431998,0.49171875739004134,0.567141157362396,0.46807653913754393,0.5498580932402026,0.5819461738435318,0.5786146358824258,0.524671563949087,0.49124220773222604,0.5997893888961404,0.4872428199086579,0.6292834571131167,0.584761318126129,0.493323065659722,0.5654053714767207,0.5436499773788633,0.5462789068893148,0.5992630473008519,0.5881982183583389,0.5676562785186797,0.6021512194898347,0.5551928117797968,0.5714822694556669,0.6340173811339564,0.61359177928486,0.6299558714576653,0.617047416653675,0.518720250295986,0.5573230986147095,0.524481743851083,0.5337239080478794,0.6804038551458312,0.545183245835214,0.5649729798378708,0.5289490800890727,0.5263550383182312,0.4233445789603283,0.6012276055442045,0.46198273286811864,0.574728097576456,0.5735017760356214,0.5439850348144514,0.5997360050594064,0.5673195961185089,0.5626861434985552,0.691486107521979,0.5502569182586723,0.5470782824886637,0.5991872012769421,0.5627386364479179,0.5798201480028585,0.5130522371826003,0.5316594921179569,0.5502749493454709,0.4825208437276936,0.5412695270799116,0.6257235353141178,0.5864802144630346,0.5127148927483549,0.5719386818020725,0.6172856525209109,0.5356528124197081,0.5911145624412154,0.561485471189075,0.4965152469915528,0.6210947030372426,0.5402960563110745,0.5928388942052552,0.6009029188735749,0.5961463371728937,0.5450545095940379,0.5006811098911004,0.5331285253669641,0.42529880614116117,0.536024267965303,0.4836248957344524,0.47910893478384936,0.5164766659490801,0.5115241137066121,0.5874228466320607,0.5794537993697711,0.5288563411461069,0.5408736391025355,0.5800862495221653,0.5662535790166636,0.5548043224887645,0.5613020335652569,0.5707878113602822,0.5036020400057475,0.5502447539269099,0.5656162224454654,0.5800725084834314,0.5589505180277208,0.5111620687268187,0.4598125237951473,0.5728386114668185,0.49459196622023915,0.5550905783706382,0.6362182040482454,0.5552878833930938,0.5324623892030176,0.4564931847182813,0.46377644619767217,0.4936598976217995,0.603819304265756,0.5162349344225383,0.5628337359704405,0.5014884882022941,0.5195206753200767,0.553539166880688,0.5430406951911209,0.5663247152120819,0.566147147066333,0.5485710542582961,0.5787849354534442,0.5338063523156574,0.4885109735924962,0.6154715563316975,0.5396111252918258,0.5663287235429755,0.5278049614951976,0.5886941184177297,0.5068214928596909,0.5968385378677027,0.3363125091608985,0.6199954613352591,0.542965926372405,0.5706597586881912,0.5025090056835644,0.5478942057484009,0.5979304076758697,0.5753372243361119,0.5494349461452902,0.5405189867522289,0.5477561665499867,0.5020591479167954,0.6026950171631327,0.4962379970650839,0.6146272620946355
0.5650467930490651,0.0,0.5537564301808345,0.5183768958680111,0.49184259219163107,0.5973217359054376,0.5160103078362533,0.5347289960013023,0.5483951089005109,0.5704234417106682,0.5317850334623042,0.5822255786691822,0.5755924735199868,0.5224736485572015,0.5026229036401907,0.5740154532444981,0.5730536300373854,0.5073632375277769,0.5355816966793929,0.5735647032271514,0.5501251270211901,0.5464771394481657,0.5140920519060468,0.5311630866509275,0.5608374917809401,0.4850326855310391,0.5168608185324074,0.5411810913048539,0.6038697159964161,0.5248564939742197,0.5758895593891387,0.5601859324027125,0.5935029947254186,0.5059211155845371,0.562271167407026,0.5303116771134923,0.5504726808218582,0.5696115849529064,0.5202926758047787,0.5650393136211471,0.6127221873931912,0.5108667350963757,0.46694948140082754,0.552705333609879,0.5734137403401265,0.5471597602979076,0.5390683849235445,0.5173228079166379,0.5454993644768447,0.5361344963285471,0.536392575349314,0.5743044941371342,0.5161016738129737,0.5908151961972101,0.5498633931218275,0.5946948150954898,0.5600686902726757,0.5425007081638521,0.4909125821703915,0.5716109919493971,0.53082674846955,0.43807332173345104,0.49672286706292024,0.47460770966822075,0.4635143013711864,0.4806093352148963,0.5262212941682746,0.49167776901988336,0.46597116143879963,0.48653423262022066,0.5445677805564851,0.5343793847380877,0.48185778059713447,0.5383982002252485,0.5693301628372944,0.5349216794660533,0.48306200430046453,0.5864961243786764,0.5043079833454817,0.4991996580541008,0.5273923863834796,0.5209852913544383,0.6164499457431433,0.5349351773602291,0.5181150592517233,0.6563129835106735,0.475204670369244,0.4850499948303644,0.567594951969655,0.5651304348736275,0.5247976353920957,0.5711361998242713,0.5947036791758259,0.5491621356832592,0.5392505744862289,0.6065329726252253,0.5011956967118056,0.5709935010410303,0.439193362244931,0.5546925742637691,0.5255276331031424,0.43074531314281594,0.45184839500593776,0.5117626127646429,0.5337178362331692,0.5539084145274287,0.5133898216398466,0.5456891723251457,0.5877464226669594,0.5805845984046512,0.5257537347239719,0.501746480125409,0.5236333805135771,0.5101052158753031,0.5315617660842439,0.6110771739495174,0.559794787861485,0.4855056578227787,0.5073733118939904,0.4979662697216723,0.5357052154086341,0.47790749466086013,0.5304979397170495,0.6160221993090588,0.5142266410172146,0.6281403722461041,0.46802861129053924,0.5208570827550929,0.5766315818026926,0.5490123757807019,0.5691337019331726,0.5351809024784209,0.4970374021789341,0.5409059703240621,0.5111283097636824,0.4770593183068904,0.5666764285087291,0.55195819084103,0.5211500526125471,0.5346660552054158,0.5105938777291258,0.5276159408191268,0.6166112750848924,0.5283474973602925,0.5685366416543481,0.45656462019520133,0.5900408043122911,0.5438852053225434,0.6015566182889371,0.37650375527333696,0.5129325843842538,0.5530439555183986,0.5275393714636724,0.5377031105105761,0.5452503808324055,0.5210955072767438,0.5391211279534177,0.5786155215072099,0.5424462115221331,0.5080911779436927,0.49225077836133646,0.5736713470735217,0.4874433894240188,0.5210957301376805
0.5408759451508333,0.5537564301808345,0.0,0.5430429990249295,0.5054114846168799,0.5406236131260735,0.5172624552689515,0.5643400798844841,0.4907744962924901,0.6622689805695751,0.6002758452704046,0.5446543991971349,0.6026492687030891,0.43980587490358625,0.4944511147272793,0.6130851709578851,0.5999557668349754,0.5557697254177606,0.5438673702830065,0.5217298340374639,0.620149489602636,0.6309034622662008,0.5351131712919811,0.5297871144224328,0.6217501757735717,0.49705914698505793,0.5138313675059764,0.5721009335295092,0.4937793117388607,0.511324933641029,0.482892904329482,0.5553827260608705,0.5009644184487322,0.46166928343875424,0.45834926990031016,0.45386046198381685,0.5673730063207383,0.507580237633415,0.47298633536141294,0.5609357834993256,0.4990309803404708,0.5622560730520564,0.5249557095676144,0.4973406321989177,0.5384030429851043,0.5354841744770251,0.48116328226579264,0.5344223708066477,0.5676744667654449,0.5036127549565065,0.5642332485141532,0.5286612354739969,0.4482261811917503,0.5796296290690035,0.5207968747096237,0.49167890083987914,0.5409550672645963,0.5740131870772407,0.5365077500005663,0.47066941612862373,0.5650605949738707,0.3844774090163907,0.5333905555578614,0.4184779141486864,0.46458951181639374,0.5011160420904763,0.531626133959507,0.5523547879172473,0.567898925674012,0.5794763478489773,0.5394191928755238,0.4431605470328938,0.4936738490521455,0.6500544583620222,0.5648077750778735,0.4581111286362367,0.5666153644270155,0.5380946283291722,0.4775401069882279,0.43490497272810946,0.5170395667116283,0.5247828643595155,0.5585304874618685,0.47887953307964326,0.5064790732976032,0.5427578385943893,0.5118380783400306,0.4954921436020159,0.5087301430362013,0.4642247573429024,0.546434418386451,0.46560720890605384,0.5258768580966118,0.47579880253479406,0.5277616412612156,0.5308193083876944,0.45806100543211253,0.5000174779591348,0.3691417877363891,0.5011204273276648,0.4201560165831509,0.5213024231431682,0.4761452967850148,0.5281199241753671,0.480734848434957,0.5419252281084276,0.548929779464952,0.5703647878765181,0.5342360288902201,0.5829075908248823,0.5484157810038083,0.4791794625840875,0.5259926912033106,0.5086315781920155,0.45774766747991164,0.5325142087204676,0.4953875762321237,0.5559486485938497,0.5613053243954146,0.4226244205408604,0.46561631011075355,0.4787833531547248,0.46622003924605643,0.5644323336829651,0.42930985123885007,0.5459447715025345,0.43227451900956404,0.45491848910244903,0.5013826940719276,0.5132052592244867,0.4955205091579588,0.5940112467424129,0.45471290240903195,0.4425559611064193,0.523747301237468,0.43088441353378915,0.4718906245380747,0.4688626786208409,0.5659397729072578,0.5238494622440923,0.49069047162416096,0.454227794860834,0.5444626862295008,0.5166546541410348,0.5210247637025449,0.46520575754132387,0.5155669728074163,0.5310526620262056,0.6102553758544236,0.32861492102557766,0.4941245869484506,0.4819863078153575,0.5581479852740157,0.5670279618605506,0.574891550927386,0.5512450744974728,0.5679905643466251,0.5921885446088814,0.46267546833893414,0.49731791436485395,0.5030966045010514,0.4662028325225951,0.48367869201917557,0.5138754822669633
0.5154812926276073,0.5183768958680111,0.5430429990249295,0.0,0.5042340780660108,0.5081705509485485,0.5642788034272825,0.5270730517282184,0.47130663917342386,0.5152639690558944,0.5833512130958414,0.5343242555064484,0.528499292847919,0.45110444394574895,0.5033763294631771,0.5238674904204607,0.5403704693883442,0.5089360094398472,0.5296272864278271,0.47454077185804555,0.5886174465041396,0.5329766952086641,0.5425863256699769,0.5210582922636593,0.5566328580827314,0.5669352301636585,0.5128484231902705,0.5432869972524864,0.47342143343750626,0.45513321656438077,0.49253297619005626,0.4962714204590513,0.6078071819501907,0.4882130261704313,0.48349544183028487,0.4825720441893036,0.5528739570853543,0.5133387070451771,0.49355842942438477,0.588207863258892,0.5564080241444515,0.5084647371108767,0.49219744677163674,0.5567822236046407,0.5276338467922517,0.5089095546941393,0.4422904757908552,0.5260895061430803,0.5589804831168572,0.4916718843234543,0.5973925943432866,0.5688936656933997,0.4401536087372573,0.6485102088948346,0.5505494863839989,0.47578332069512713,0.5315331843977742,0.5637029408077537,0.5054514202959602,0.47501411113853353,0.5500564694338714,0.3908831014718248,0.5254487383993535,0.41852680511411666,0.4557556205611939,0.4802734925288754,0.574191592542628,0.5027268738493264,0.48855059788779,0.5438359517433926,0.5360282868325473,0.4588266549882093,0.5196202359978365,0.6149386881381705,0.5102441906511676,0.4496560451043537,0.5648503262057271,0.56091302103459,0.49434203867573834,0.450541793116649,0.4924514343724884,0.5622321554087537,0.5052487969123887,0.4769923388419841,0.5453192698895686,0.5313165847786787,0.5192633985177504,0.49700746160198006,0.4911205689548311,0.47293107256551264,0.5905501371164508,0.5110627028855121,0.5209742480936204,0.47739872997174515,0.5798841949308269,0.5342665750775837,0.4557398675896876,0.5198860269178919,0.39259330901055106,0.5247624682059869,0.4487374524987274,0.4931409522179425,0.5635802670478095,0.5247955763960294,0.5003478648991155,0.503334733558719,0.5167999984378258,0.5186792626719325,0.5234361969589773,0.5207826711440485,0.616231688737041,0.5282915884292394,0.5529255091683698,0.516129970582947,0.48295142239548744,0.5279294604816805,0.4824349472028557,0.4717155253581924,0.5784905819480805,0.4592542852782968,0.48161606471423996,0.5496571800400586,0.4760085922472166,0.5782936367520203,0.4523830884126017,0.5394347326375625,0.44819034562388665,0.4526056198428088,0.5050240313359541,0.5074367500313354,0.4449247765866322,0.5251510980605485,0.4790387334803934,0.5014342444051713,0.5041878587354969,0.4200604814496098,0.4294101389107774,0.5117413284931903,0.5316735093479839,0.5231339333737841,0.5398636251757837,0.44423773863039473,0.5738879915910055,0.5413889300349827,0.5435206839605501,0.4765732117899597,0.5073540054537369,0.4915071344198968,0.504595584248028,0.3279771600051412,0.549057296346421,0.48517336535856054,0.5236367204706474,0.4807516475186508,0.5926757440587415,0.5354874699086797,0.524611549896701,0.581719295605482,0.5704507060118651,0.5343637252000025,0.4771767444203165,0.49257722844850366,0.5046148434966053,0.5485404315858384
0.5503630474440664,0.49184259219163107,0.5054114846168799,0.5042340780660108,0.0,0.43235724861221614,0.5925786033865968,0.44636972920997237,0.5365517865017441,0.4757845118540096,0.570922748760343,0.5195320847671208,0.46349045135530414,0.43642546589302095,0.5460639832847576,0.49266794388109164,0.4944557169269025,0.5380112817447918,0.5039463644755396,0.5080265818425056,0.5578050211411423,0.5961675011056339,0.5617490595915132,0.5408466149380167,0.5400085549323265,0.48943729204336156,0.4853233273658209,0.46594783272575035,0.45459965767670774,0.5160950638594767,0.514600433172999,0.4664092201353667,0.4769566948741932,0.43754437026061427,0.5293213308402093,0.46501340734004,0.5291771991255023,0.5111293237064778,0.511428742828383,0.5264955417443812,0.5043140465133167,0.5415207419717466,0.520488818459281,0.5656499099689773,0.4745237656280541,0.46487560747332163,0.46842047378553947,0.5379448618418475,0.6180842218568618,0.5233884104875126,0.5463717094622651,0.48675445841617826,0.4265658086552421,0.5241430050217909,0.5059021940077454,0.45885396579298,0.5274819567651948,0.519777807134182,0.5188565379508215,0.447669199531667,0.4311331109108925,0.36942440357632333,0.465181119207383,0.450104964116784,0.4935183392620973,0.4366690007467688,0.4899537169714154,0.5134799887337854,0.5089495612256718,0.491594576964087,0.5415523060340061,0.4790625859256418,0.4813674136642311,0.5194339123478207,0.4515702503475868,0.43249890861102774,0.48628507583184816,0.5551453337294449,0.441576235386145,0.4127310089098081,0.4392681427537772,0.5791788422203581,0.5198736962746401,0.41084188467503413,0.5030899545023093,0.5004784016088726,0.4599166359032432,0.510532306759695,0.43201781017248136,0.4539308087204339,0.6280919992543478,0.5051733947097057,0.5495218916662871,0.448889761092364,0.5574282602763168,0.5156763278823423,0.4162026888403555,0.4686390481751044,0.4108053347498947,0.4358102607423759,0.44329088843072006,0.44173891637446816,0.5101902038179926,0.500880416863764,0.4744667484738519,0.46039978462002185,0.4415895410861047,0.4850354491770927,0.48772643256341386,0.5133214547071884,0.5559694167963593,0.5583701559425431,0.45987659722387175,0.47949878787025424,0.4314331492453642,0.46983357726775743,0.4454475683690928,0.586556132672798,0.47037785313410085,0.42289829090746583,0.5770374569392718,0.4473370769398268,0.46245073719772545,0.5310915197054985,0.5041827571981405,0.47300906470163456,0.4103972010506989,0.43062389337187207,0.4402005335873333,0.5197330901425122,0.44467003545373285,0.4811282312789517,0.42756099595230934,0.4960765695021973,0.5267491313308189,0.4721597350813065,0.4556274706058488,0.5432025521320833,0.5320787194829389,0.5479341512987411,0.45499686116276,0.44549428914430284,0.545825371090975,0.545932084804882,0.546830110246787,0.503439502530416,0.575016056584891,0.43616418789058325,0.5182970718578861,0.31966004122323777,0.5345427531537403,0.4653325499179266,0.5861915597573679,0.49672003901421363,0.5184094206903038,0.5192545611271048,0.4900342096109331,0.48648525064144477,0.5098339382178289,0.4705583986093419,0.4243800973373474,0.49466692691949876,0.4866927279729016,0.6268068135890701
0.5324787838377814,0.5973217359054376,0.5406236131260735,0.5081705509485485,0.43235724861221614,0.0,0.4508509129054503,0.5850881548895717,0.5110112074791562,0.5370385445137192,0.5067281783440425,0.5462028366050075,0.5912389463513809,0.4758488655090484,0.4335754317068263,0.5956446082777586,0.5674967977377633,0.467455156028112,0.5309135444650913,0.517320529789603,0.5345714690239033,0.4787908240872037,0.4537550445258113,0.4474754311351444,0.5472220550836079,0.4764405387899401,0.46228694720962926,0.5443019294115179,0.5037359989132695,0.5109420655598055,0.5229875654115534,0.6101869116284668,0.5281312774649172,0.5037983165031876,0.4850059749976089,0.490965536792072,0.5429698291456282,0.5356142601230741,0.46771926027601785,0.478657709074147,0.5119038408562551,0.5026313245458409,0.460525637254947,0.5093731529637858,0.5391728207734888,0.5215389094147858,0.4972991353179392,0.4975729181822579,0.4810109686918416,0.4926863332873329,0.5272556467468411,0.5871971612906989,0.4795684212138665,0.5476604918568425,0.5183763204190203,0.5867417590403466,0.5311247012208938,0.5855680773181612,0.44644672220162107,0.5193009375358382,0.5959694611130967,0.4579370994745367,0.5445218062837281,0.428441990665571,0.43465558523598835,0.4981042929900112,0.5034538338691522,0.4829667191645511,0.4542031243447995,0.5145664121279869,0.5250936946778963,0.46885039564967174,0.5004364802521795,0.5339479648319694,0.6240551205206973,0.52451115144144,0.49564713212237,0.5199301797186335,0.5044134342410562,0.5321935162230716,0.5678418154460021,0.49651136138085344,0.5507492774162122,0.5767066517310151,0.5291492304326537,0.5842128375201512,0.5415260797860307,0.47281650122588603,0.5996903090172032,0.5159038280634675,0.5041218485305534,0.5279797078632117,0.5198029098302624,0.531808229445377,0.5049460314756347,0.5568969956248232,0.5232374722176674,0.5727916883315788,0.41637800821644644,0.5537911451072904,0.4714499535815447,0.46384916385187264,0.45641027464845685,0.48293099728100114,0.5409903299924516,0.5551552889061837,0.5478990813410352,0.5282530801096795,0.5070741175160767,0.5225497445405681,0.5111719741346262,0.4744045303293117,0.5864747784902535,0.5221657278197557,0.5199602471472998,0.5699283413629577,0.5697827731435975,0.44271015141246034,0.5302339339881266,0.5034502627908698,0.4582932530591068,0.5274292265402045,0.5216235646557728,0.5727627171662066,0.4675471820930569,0.579154667440058,0.4844043691279615,0.49560631097187996,0.5603113589154503,0.4741751251053058,0.5715484587877269,0.597921546017987,0.5168988070972824,0.5071276826369338,0.4680070482813947,0.4256289792877612,0.5012842545159308,0.4518792054171512,0.4474374510174918,0.4979565629299871,0.4938792799121288,0.5217419326991982,0.5508267131781636,0.5088828855240747,0.5215481961827005,0.4424924398249297,0.519179054301724,0.5310701245634037,0.5535008446623249,0.3787472910387877,0.5018824767347158,0.5209352633803491,0.46910627541172106,0.4588736670437258,0.5388926510584968,0.5004472293753907,0.4925197895720303,0.5945664192359388,0.4664381343661972,0.5411548744538002,0.47606763174010897,0.5453860285883795,0.47671966094476514,0.47563991896758584
0.5345442083239178,0.5160103078362533,0.5172624552689515,0.5642788034272825,0.5925786033865968,0.4508509129054503,0.0,0.45079898880220015,0.4825539341616865,0.5347289584295548,0.520616287879559,0.5109007773180326,0.49607365913693835,0.4498679498582797,0.5506043108266255,0.47920711495950535,0.49164532986383014,0.5258236495212822,0.4801715887701727,0.4769021301234523,0.5538098572851082,0.5530682857657332,0.5999562607618723,0.5663020775751739,0.5681570636477513,0.5279277018054818,0.4869826358149641,0.46957751655588725,0.46229809670473215,0.45967331712492615,0.5017272374410017,0.4888291111523117,0.5193085743054905,0.47032549365919274,0.5044492299897136,0.462137616665291,0.5583034193121205,0.4690555515636609,0.4703798540455948,0.60588104264272,0.5025721099238248,0.538400793670247,0.5003642978932853,0.5641396873712757,0.5073801462143258,0.4963706868615399,0.5036520124592695,0.5246046197763303,0.6649252409616929,0.4953183108569414,0.5771817351833181,0.5077016949120896,0.42699247775849924,0.5554805199539542,0.5128346617887392,0.49784027827510835,0.5033156912394111,0.48243043061049223,0.5819255230792825,0.4554985006386715,0.45120244391226527,0.3766540676592917,0.4566136520735016,0.43436302577133656,0.4845189818395423,0.45631294821597745,0.5661065290840038,0.5669720033236064,0.4915143919482786,0.47485678358414607,0.5483740911393934,0.4728968858914891,0.49539462225032155,0.5677293827462602,0.4375150455515927,0.4602488057812686,0.5215291191145328,0.5945640503211242,0.44058937711599877,0.4245343662131249,0.4563607929921483,0.5684796979278146,0.5260510542424925,0.4110048590687742,0.5016740401164439,0.48992547766746153,0.4570776078026054,0.5335847568486474,0.4609376173365407,0.47366548073617964,0.5792953429064618,0.5481082612383698,0.5180225257500158,0.45611101236230217,0.5683437733927204,0.5465485051248768,0.4118719553361802,0.5098691043688827,0.40088588089355714,0.49925124965124423,0.4430322037995691,0.44856799587215784,0.5628464760658847,0.5239404813436748,0.46363414086290544,0.48173200056768517,0.4629433545892403,0.49504479451669764,0.5425684746124524,0.5657854676519934,0.6114590298788882,0.5223848096464607,0.5093368984538819,0.45713162154176484,0.43829170861346833,0.4806471373153674,0.4630740133785855,0.5346178887155733,0.5176562744829953,0.427088053391249,0.5032701107048912,0.4500298082554321,0.46852627158647187,0.5691481209832342,0.46832339866289047,0.4960376374527498,0.4326633369313454,0.4396280340672426,0.46002954613495517,0.5304108352753695,0.43669373628054264,0.46348969511622246,0.42105237504001386,0.459743457882154,0.497839945845891,0.44951502184650194,0.4442675339995458,0.5533537071573694,0.5340608301097639,0.5079639465146311,0.48612443540691636,0.4391082360353018,0.5905089061311575,0.5167152539148209,0.5396842320912779,0.5570156129478815,0.5200460873258302,0.4648356896151259,0.5195581674557399,0.309179249806505,0.5097127516202279,0.46377986678839633,0.5008850939489682,0.5805715886597246,0.5384698542123545,0.5306640804347378,0.5021320436747135,0.5372713265112008,0.5517734061320646,0.5003252545072,0.47160023968886855,0.48473057357654964,0.49114622776412115,0.5398698780092684
0.5306415698269286,0.5347289960013023,0.5643400798844841,0.5270730517282184,0.44636972920997237,0.5850881548895717,0.45079898880220015,0.0,0.5345177674068103,0.5172880969013205,0.5389742342574397,0.5665069531896035,0.6007827517521653,0.4409379013113099,0.47504448410892874,0.6189068756221195,0.5392077155113811,0.49512996497684597,0.5312070381959734,0.5254250039926484,0.5429894130576375,0.5099670562436869,0.4802975134844566,0.47288990487305343,0.5562033771249628,0.5147143816396741,0.5193360351255135,0.5451526145262898,0.45577701771118595,0.5339023203114612,0.5535464146478181,0.5506443826679608,0.5328202001367286,0.49373891674671455,0.4633056750952459,0.476906794339818,0.5889060717411072,0.5550892475192689,0.5115223565141421,0.49319073844591016,0.5093021961925509,0.4834108129140137,0.5139899586246187,0.4886405765321542,0.606419892538791,0.5601055263074708,0.46110821249386513,0.5071142329162588,0.4948538799741438,0.49960761185668057,0.5384887773745803,0.5317127253934512,0.4395737334352733,0.5425756644211365,0.5230667340513526,0.5070079225176006,0.5416253379260361,0.6341031292410377,0.4427967858118237,0.5069479149915997,0.6433169936533207,0.42314741720913274,0.5517588029833475,0.4113987142420208,0.43581835171645056,0.5030293781020784,0.5262861844955219,0.5067582387275671,0.4877278626711482,0.6366658116025871,0.5506609806759404,0.45459402474953187,0.46835936712781695,0.5668522507754218,0.5970772060245991,0.47688413319566786,0.5484115004104274,0.5125625955230965,0.5641128817631074,0.453908968115999,0.49838911894753407,0.5234259240343849,0.5612328975246181,0.5586065006127289,0.5122690400040399,0.6206177580200444,0.6150392977371513,0.485552787994106,0.5818781870760378,0.5347593235831716,0.5198474723916954,0.4858013372146984,0.5092862532673404,0.4923776899759577,0.4898132169336993,0.5481005312009152,0.5195121178248047,0.5130581154566264,0.3843295840309563,0.5231172182069463,0.45471237873875225,0.5654455718244287,0.46740119061568663,0.49391630739521414,0.5269377856555866,0.5888763555607466,0.5593617585037965,0.5219286102513013,0.5099825921732919,0.5029054946237025,0.49927314285756336,0.48398881321271486,0.5199903462276787,0.5433348859944059,0.5081011659407917,0.5543368407552883,0.4942448069207209,0.47189242986095026,0.4729984122397925,0.45952147835825563,0.4642239185198551,0.6091506678927184,0.4645696878339615,0.5693299538368943,0.4322253448953537,0.5801302124061082,0.4422080822863776,0.5410867075915256,0.5021663475324838,0.5053936684151294,0.5252986522822601,0.5936627786175956,0.5441816775600835,0.48257734676830133,0.503738119922092,0.41443412290089104,0.5039568148211223,0.46703225151098154,0.5089720663447949,0.5646919677437694,0.4926585526320493,0.46556922449446303,0.5231208200692327,0.5012411543043186,0.52473306700572,0.4474936477112141,0.5519832062558606,0.5277742615164583,0.5460080482302575,0.34829708506196677,0.5469141135181423,0.47237126651924594,0.5032022837932614,0.48081532956114886,0.5638402453833513,0.5761655602835264,0.527479848776977,0.600321904142069,0.45248444264583804,0.5015994254699268,0.45372176737458875,0.48228637968556926,0.4812529093768092,0.49265793897345583
0.6087520955164257,0.5483951089005109,0.4907744962924901,0.47130663917342386,0.5365517865017441,0.5110112074791562,0.4825539341616865,0.5345177674068103,0.0,0.47548918352893393,0.5276176702756038,0.5396852615645757,0.5088060478736366,0.4550825602871961,0.5046018021387971,0.5274402408539011,0.5022096860980372,0.5247471102281648,0.5225955857855029,0.5653127604738098,0.5248954945652397,0.5501781704399127,0.49037326417193405,0.485456467794111,0.5435159457549922,0.4577231557908565,0.49545591108204695,0.4905007229023432,0.4456664289096306,0.6440459498049295,0.6006671730826957,0.5040095355708287,0.48444219881035594,0.4482267891333108,0.5345256467687403,0.4635998153732497,0.5568296750136661,0.5629207448082383,0.5159018148741689,0.47650184366095816,0.49593629965082137,0.5518359139306918,0.4910110657233502,0.5148971070243158,0.5062225593949621,0.49639883471694707,0.48147428987480223,0.4945159549210552,0.5233211871259699,0.518686296981702,0.5173834314016035,0.5015154744292926,0.4600561231422952,0.49599550200160397,0.4788715430000087,0.5510283812595683,0.555046082266844,0.5637156288118358,0.4556505038868191,0.4854147515178365,0.481990953004654,0.4070275235293888,0.4888679787539765,0.4354536280418453,0.479556597581942,0.46161055099124776,0.4924439129208717,0.5129194397035075,0.47446980639462705,0.5456950287176413,0.5745396834819436,0.4896360581135571,0.4770475376338391,0.500881281413509,0.5256872706613955,0.48551256119251757,0.46990642074069544,0.5153593624193233,0.4811471907542198,0.4545210711276567,0.47540270122612693,0.59057523203635,0.616402041234478,0.4703866342671065,0.509052419359193,0.5982458160250884,0.5252067044175434,0.4961675031207598,0.5024801067892853,0.5611934776426123,0.5584248205713803,0.534027987642881,0.5274622165660791,0.49597254252821754,0.5298103950326895,0.5498246446831395,0.47675509173941355,0.495016969221507,0.4242700735331459,0.46367549723069235,0.471842643791891,0.4504586092264396,0.45494810340899416,0.4751710841517137,0.5199292332733146,0.5003963327082868,0.45970975666535907,0.502040231285843,0.48171484925814995,0.50670281792358,0.49160669463540313,0.5188261683126812,0.4875000037734853,0.5321471933129043,0.4673973051169317,0.5303938180365435,0.48973923400048863,0.49868494955680553,0.4319129002094639,0.4691564044826124,0.5418986124076857,0.4956318175522878,0.4835539323856986,0.562568281389788,0.537312122708477,0.49567480866240227,0.43040304422288467,0.4774105220736201,0.4456558403078459,0.5074542445562029,0.5734115249871196,0.5356597567525156,0.5004611539360769,0.5610750518160853,0.5102783190643596,0.46970506393416356,0.5268148117821448,0.494463119240785,0.47631175715161783,0.5820049994974714,0.4619582293512254,0.4784954662762705,0.5675822419926134,0.5291820318168421,0.5348089988409885,0.46215648559160005,0.6859908651192772,0.4723643863240838,0.5316865411725378,0.3446398380825207,0.5650084857405745,0.4959065036508766,0.5445629509996237,0.4686840404024747,0.5171274544544332,0.5635302973091716,0.5162000350630277,0.5224910200674407,0.4776455496682853,0.4798126906263758,0.4261725773806082,0.5564803525534534,0.501160265331846,0.5915667467780633
0.5155560099434923,0.5704234417106682,0.6622689805695751,0.5152639690558944,0.4757845118540096,0.5370385445137192,0.5347289584295548,0.5172880969013205,0.47548918352893393,0.0,0.5259336687559163,0.5312924856971504,0.5676771583535272,0.4424366125794343,0.4745472456161673,0.5630343850281478,0.5593966341189379,0.5281478771722229,0.5130670915701057,0.49195214607965654,0.560558759994244,0.5439859497170487,0.5491741576583561,0.5035414262757448,0.6456755001245972,0.4757560114225545,0.5025394796342032,0.5388828768450874,0.5259802651861721,0.5050886507487297,0.4798869058355439,0.5488722527494472,0.49432331471252444,0.46448805644385777,0.45330184532489676,0.44300570297577435,0.5493647884121398,0.48894457398542585,0.4455221026091835,0.5481471691015795,0.49239520085716887,0.551294857264593,0.4886161567971184,0.4899900952733345,0.5135636077190248,0.5240446772447214,0.5064333787948455,0.5011986522644993,0.5677360426511526,0.46885922581738304,0.5251566474543414,0.5080336062418144,0.44495446993504334,0.5292101751206825,0.5000885344007706,0.532565710384001,0.5040533386929925,0.5263351614690667,0.5305659920762757,0.45934370796099816,0.509563441586795,0.3848970301931119,0.48432960666333363,0.41603410004767455,0.4459232810565946,0.47788827940313927,0.5146826209072698,0.5412611214065494,0.520921150373363,0.5258293282749865,0.5056414117663935,0.44866222882496765,0.470056822271132,0.5732144216666677,0.5219528437534856,0.4875310819313637,0.5104800125471542,0.5596833103619471,0.4646649664490232,0.4582838481530268,0.5383506245214883,0.48826054185100504,0.5775113405536951,0.4720447380188368,0.49379661550543563,0.5262117766636389,0.47874608037421723,0.48531159505455507,0.5289819350718293,0.47010017613372396,0.511060850144933,0.4830016624343484,0.5098326262898768,0.4663128861697192,0.5127135333934674,0.5618187533602391,0.42951640359380766,0.5292513256816882,0.37379253638185983,0.5059434457397416,0.4266206090358765,0.46962115594460274,0.47574158384445236,0.5697061125588175,0.46188939660842565,0.5259781385621678,0.5162348077365051,0.5915901165490894,0.545462309048626,0.5851028598104138,0.5250367689391603,0.4620568145104124,0.5152170053600841,0.5015414636784131,0.451041842581686,0.5181674178460721,0.5247897899260789,0.5311351151584308,0.5485581892771947,0.4324053612236068,0.4461889946195568,0.4642292992848096,0.4663503284662215,0.5702593898513892,0.43245618205827974,0.5621307685941448,0.4268841644668139,0.44006231326085365,0.509188886844775,0.5051826674724713,0.5178016454286555,0.5325514805318647,0.4425859404240641,0.4294145476873193,0.4770499900510976,0.42677470774835863,0.4848316843111181,0.4648101462844677,0.5309644471696352,0.510158925376049,0.5009617895951839,0.45623947083841954,0.5378263877262964,0.490769097231357,0.520022705562573,0.465331463104382,0.48669913447851937,0.5668534464466489,0.6426945925777406,0.33104343518292884,0.4662205602727246,0.5118704904358082,0.48475509706004377,0.5821868694314695,0.5841315132371964,0.5226939309894884,0.5258898072397679,0.6119350196481873,0.4699834532420487,0.49667772477809574,0.552814050967269,0.4857154080834607,0.5076740211675932,0.48027032061465297
0.5682543315650466,0.5317850334623042,0.6002758452704046,0.5833512130958414,0.570922748760343,0.5067281783440425,0.520616287879559,0.5389742342574397,0.5276176702756038,0.5259336687559163,0.0,0.5685908199871517,0.5551514652679781,0.4597185599868659,0.5075047762579913,0.6068559085004943,0.5718005505754704,0.5410237250045604,0.5538681467274736,0.5506266537823777,0.6106974904823815,0.6370883723777695,0.5459348815819861,0.544642352029364,0.6062779422089285,0.5392657816467509,0.5399564531360157,0.5701539821546339,0.5075551464693216,0.5153764170404732,0.5222264743525734,0.5170374044271796,0.5151172100828998,0.47584740062950104,0.5244434355279631,0.48627921599785123,0.6159370622509062,0.576663835445599,0.5438759852630445,0.5520589832118366,0.5231249740831793,0.5464003105262486,0.5274278426213279,0.5743523016638595,0.5355379502111867,0.4888323224995282,0.43646872489335614,0.6358593732709699,0.6003742393060187,0.5184113290826033,0.56241700834779,0.5228487248232485,0.4294508439135096,0.601442524550793,0.577243298113704,0.47254250412305104,0.5617484509564974,0.618098287242978,0.5047056170527936,0.4708989196754182,0.5512118592909939,0.3821019327497164,0.5229516579321455,0.44891464629804284,0.46155521073473255,0.47090741152631976,0.5522432199646886,0.5157250036226981,0.5454203451375365,0.6025732869934513,0.5526483122979725,0.47834386114831734,0.5307678179002583,0.5930982128521668,0.5437780755810914,0.4456646068610712,0.5663611504749297,0.5624771781196299,0.48675035550653895,0.45117547537453995,0.48162014457595476,0.5535127699815408,0.5311774721552798,0.4921273309096321,0.5384363246865683,0.5610938656028099,0.5705212311380538,0.49740773041252073,0.47413838655451285,0.48091256867266163,0.6079099492693723,0.48001365567312104,0.5572783807853385,0.4788394516191424,0.5666566383817405,0.5531115266439351,0.4587427780945885,0.4945584538824453,0.40038894776948225,0.4716765893074749,0.4710364438716068,0.5096960701459156,0.5010571784745697,0.5120243195481067,0.506098593362973,0.49980600442209466,0.49635858926006,0.551380992838441,0.49150044330822484,0.5608590613986677,0.5922748104873657,0.5493650959596442,0.531000406857472,0.558267384309144,0.4671731777744844,0.5218771906715559,0.47241208573277477,0.572494014297205,0.5440344324536392,0.45255697615852836,0.5378081597079503,0.5087412974006505,0.5018085878101772,0.5591818851959494,0.4969380140588949,0.5467529388604563,0.42454880633313363,0.4653519328095347,0.5027116546939122,0.523912050697134,0.47409187887508736,0.5671421635993074,0.5177499630415362,0.5255159243732428,0.5983514427281665,0.4480202177173604,0.4714140829005736,0.5168502283979631,0.5965531097080974,0.558828027468732,0.5004937439684115,0.4775761856715726,0.5405313667622167,0.567313479610131,0.604186063675689,0.47267109219237075,0.5532253685823091,0.46875251453663197,0.5693901139238817,0.3418205121188975,0.5882296252341268,0.48102448298934,0.6265337018995416,0.4778007630382644,0.5745617285918885,0.5806052892575545,0.5971875085991762,0.5481847336708826,0.5345409180789595,0.5154173466358489,0.4454125959260212,0.513319945732099,0.49459260716588943,0.643608983435737
0.5179118397844381,0.5822255786691822,0.5446543991971349,0.5343242555064484,0.5195320847671208,0.5462028366050075,0.5109007773180326,0.5665069531896035,0.5396852615645757,0.5312924856971504,0.5685908199871517,0.0,0.5022312046792059,0.42928358917965254,0.4917561988451306,0.5632559534299042,0.5216029008091627,0.4653760951631858,0.586905377266005,0.5273664479243529,0.5828750676402915,0.5332752185883409,0.5371059051564848,0.5342603832822062,0.6130707822993999,0.5031295825743931,0.49315006188837257,0.5097785027647616,0.5018959440608065,0.5454481492008335,0.5977524923549454,0.5127124146605226,0.5264927471007282,0.5361635633678857,0.5085312656995157,0.5033054300435669,0.5641213060054904,0.5342945389004864,0.5779786598482377,0.4976054489041323,0.5435186855364318,0.5309111514212336,0.48810796982634863,0.5670541061489939,0.5584155796425638,0.4905962090286001,0.46812841308857145,0.5504887755068317,0.5419509195027915,0.4892395968308852,0.521244685809785,0.5275402365326578,0.41633447482408437,0.5757588610726725,0.5480929784578538,0.5317125615474717,0.5232119434983016,0.6462900015884026,0.4464118856365136,0.4782799779877986,0.5038798587878933,0.39007643286788335,0.4767854600200908,0.43902405688137014,0.4310032036733044,0.44294435506497304,0.5023621614647232,0.4725093007586663,0.4469255907682155,0.5252560236582997,0.5143927147987654,0.45811616305092123,0.46437987201614944,0.5197505776068635,0.5079529131202993,0.4490816564411302,0.49767842048906075,0.5735723665515419,0.49535257160288393,0.4499404776250816,0.4709595414384228,0.535967824773359,0.5660617190409898,0.4730872984415042,0.5168313473893634,0.5954606356126959,0.5291946547067383,0.45842876233668844,0.4937478579990104,0.5533565773281202,0.5344498414921887,0.5472090596459761,0.5274111507171922,0.46563435368889394,0.49653184165959874,0.6325223263163009,0.46232160395476557,0.5874138728421939,0.4072443753328938,0.4793212121010962,0.4673021636632541,0.4766521295829711,0.49153394829831754,0.5743779335808201,0.48845694222543,0.514335522110703,0.4900657478972944,0.5592511681996657,0.4887494375074764,0.5796306000214162,0.5921699580520042,0.518660251377802,0.48557416649171725,0.5188329041557643,0.4573026480590332,0.5237058893783587,0.48783126472114985,0.5132757958686407,0.5040241324149383,0.4567969617672829,0.4979760891758395,0.5041505503678664,0.500870816593053,0.5686243564638312,0.4685352799833143,0.5890257451066959,0.42462771758055257,0.515595090228768,0.5339318568230464,0.4772441723858238,0.5142413362858521,0.5266342515324279,0.4715397030707453,0.5277008591791998,0.5479804874283716,0.4193569357193469,0.5180694284320013,0.496758622320499,0.5231851923962737,0.5734638299110532,0.46525145660023476,0.4760642517147042,0.5433644061945213,0.5294105272311962,0.5843971578904242,0.47940681163328897,0.6244178113678007,0.47355432394701036,0.6066886106837985,0.3565683346889813,0.5616178525531003,0.47512837296886684,0.5345146733396541,0.4942459443507031,0.6404852693147168,0.5411024849172804,0.5018680904914654,0.5933028484834542,0.4775819267400355,0.4731329151987335,0.4243254748477958,0.5122312130036161,0.4976841551588837,0.5420841628277794
