0,1,2,3,4,5,6,7,8,9,10,11,12,13,14,15,16,17,18,19,20,21,22,23,24,25,26,27,28,29,30,31,32,33,34,35,36,37,38,39,40,41,42,43,44,45,46,47,48,49,50,51,52,53,54,55,56,57,58,59,60,61,62,63,64,65,66,67,68,69,70,71,72,73,74,75,76,77,78,79,80,81,82,83,84,85,86,87,88,89,90,91,92,93,94,95,96,97,98,99,100,101,102,103,104,105,106,107,108,109,110,111,112,113,114,115,116,117,118,119,120,121,122,123,124,125,126,127,128,129,130,131,132,133,134,135,136,137,138,139,140,141,142,143,144,145,146,147,148,149,150,151,152,153,154,155,156,157,158,159,160,161,162,163
0.0,0.8398063136385241,0.7881852235251909,0.7901076715538508,0.9158876778363524,0.7343445681288556,0.8298996365978489,0.8177941139331575,0.880173821290835,0.7129894152327328,0.9021939845453394,0.886260189441159,0.7966420986004829,0.7783944270677294,0.8831446183355722,0.8230308885607824,0.8215259928396315,0.906582574279472,0.8489578980861726,0.9165176352223774,0.8859303219662809,0.8523914006883516,0.8235914109190244,0.8755977791355348,0.8861874816180138,0.8279265284243424,0.7146289760153499,0.8054360975395408,0.7515656672497314,0.8671784996221815,0.9296047012614236,0.8271103897385682,0.8149466165016789,0.837334899637216,0.9622061249965771,0.9182933468461758,0.8897489724932737,0.9210758562691854,0.8909264838588145,0.7742740684402498,0.8873720083596605,0.812553779263799,0.9219367222545567,0.9375429760312899,0.8819232537427915,0.8615017771811027,0.8952354053541144,0.9438031856015755,0.9154788586407083,0.9358944213495782,0.9330560963482958,0.8828952298855394,0.8251170242134025,0.8585689289607141,0.8898282127100408,0.795303246471305,0.9333555167711287,0.8431312111003954,0.8705419283748261,0.8564627096916578,0.769809731747968,0.7058081368828235,0.9031599956393114,0.8559819736846418,0.8737118555074785,0.8574277744799387,0.7885227337636009,0.8400832252789723,0.8369963796392255,0.8421763945329966,0.9442719048326923,0.8691298520766468,0.8742495160603567,0.8322951094873615,0.814169746193407,0.9045125009151623,0.7625978584204705,0.7824193914552849,0.8878926179911321,0.6969251053773089,0.7932739439967063,0.8876331983361752,0.8518521772730966,0.8040273810881251,0.8703188250771674,0.9166541747585158,0.7867914112473372,0.9169339232411412,0.8087036904547705,0.8382556373119927,0.9429509133464804,0.8531288238566487,0.921655586370678,0.9052493045854507,0.8851260883606831,0.8207665214215433,0.764928366044063,0.8094109188698002,0.7831836841961791,0.806164630631369,0.8307592974674708,0.7459732284423827,0.8478473346516188,0.8116976199772962,0.9407989727677185,0.8153949740639791,0.7640496080487903,0.7787690422982753,0.8176756056201815,0.8814226883754571,0.8933047020344701,0.9602928252337705,0.8225144769048323,0.7619587160074585,0.8983185533457143,0.8042741451029268,0.826058954950893,0.8634927793751302,0.7902486648872852,0.7445784524504891,0.8939819665867609,0.7493160043157691,0.8523429887803357,0.9092235151585336,0.8426784815840369,0.8335196260784435,0.7142422402659578,0.8256686824565118,0.8296623289363348,0.8144169169154828,0.774145699457094,0.732739524368692,0.7596851988776812,0.8884306090983003,0.9130431983894339,0.8588047901618511,0.8974140025774135,0.8676360789492781,0.8164178424990971,0.9392078115147624,0.8070408018857773,0.7933748131493575,0.8621483578548428,0.8505732907731015,0.9258881288303862,0.9008389897929541,0.9217895566666808,0.6927463170649014,0.8615024874868418,0.6294954156633147,0.9692469941204825,0.8431137078640892,0.8717765980547156,0.7397813566242731,0.8573822543486476,0.8988796772143659,0.8001000495015906,0.786437428491163,0.8133341264404034,0.8290282559885533,0.6985048713813403,0.8878652184510768,0.9396289781808104,0.9628998816576518
0.8398063136385241,0.0,0.9224346906386964,0.9033759187339363,0.8535028324842697,0.7699515017855956,0.915336885525412,0.832250594439807,0.7429298995074045,0.8654522466107519,0.9363103380975473,0.8598788510077942,0.8767398683054184,0.8910920001821655,0.9023000061576222,0.8268832803268629,0.8652875549292798,0.869152096923607,0.7681989395489399,0.7826757788016662,0.8591179238847252,0.944410134787528,0.8344623082650324,0.9318141191579323,0.8153140524839649,0.8295463887460817,0.8209188516214279,0.8438392616906844,0.90911775247889,0.7010026339239258,0.8030058178008326,0.7765755923719626,0.9331304563214475,0.7686900549449337,0.8548080600086658,0.9175020290837286,0.8404999600196102,0.8494241765462449,0.8743318934363886,0.8986724659906429,0.9622426566207475,0.7964608500238528,0.7262241306581098,0.8547157896381591,0.8874159050738774,0.8624441016322021,0.8068756223328011,0.8578441245616845,0.8832147720355428,0.8400442350559053,0.9073038574052515,0.8533823056367813,0.9006051662923227,0.9592920334193227,0.9278606134521031,0.8329038464796129,0.8366363805117109,0.7872896565311015,0.9288366916634978,0.9128886913542715,0.8699940336512182,0.68003262131282,0.8010631189205484,0.7942899586093575,0.7542553504919733,0.7741451089301159,0.9025496880358099,0.817016587917156,0.795264920112846,0.7897207955048798,0.8548198964797878,0.8151794208388188,0.801694117236198,0.9186861737773889,0.8605091628914678,0.7796081550067816,0.8499072403340125,0.8900724073280595,0.7823526200429335,0.6945615810785642,0.818874178402665,0.8105605779419273,0.9296103064849566,0.826831928409552,0.7456743489063927,0.9137195748958832,0.6646803652071768,0.7774931376299822,0.8108235636334263,0.9249854577649517,0.8667655995490265,0.8018326787365112,0.9225851714074444,0.8481512993504152,0.9437229926943069,0.8394014515746895,0.74212666442229,0.7505094919271187,0.6836755802385188,0.904192815554651,0.843890155225373,0.6858718375127021,0.7196474037132468,0.7726405225794342,0.8063673662450679,0.7944241462184609,0.7816532888982324,0.7826810520357198,0.9128065611067314,0.9346225836400179,0.8670706020958195,0.7871354361876347,0.8425891632526163,0.799741358636385,0.8734220515735203,0.9004260408275809,0.7457453077250887,0.7526440533650696,0.8403242060567939,0.7860687326510944,0.8316921857879909,0.7245921928183374,0.7351346567636565,0.9529928166200671,0.7106207555887376,0.9152657851038517,0.7661606952143086,0.8784764401984878,0.881176237589953,0.8409132220742234,0.7722357041820889,0.7281074050590989,0.7686758358752884,0.8456286278146649,0.854282148500322,0.7673256739750528,0.7731021849712643,0.8822243162536996,0.8525766010171157,0.8118862666916333,0.8600705926025219,0.7708902728931081,0.9370545710637941,0.8278578334959462,0.87927697343758,0.725848652029762,0.860452339869408,0.8685037121229486,0.7915229600737734,0.635290513467295,0.792320842065904,0.8603360199062351,0.8748261684217402,0.8849021696935974,0.8322650088804542,0.8595027701003748,0.9010548020909559,0.8784445260861321,0.8947942539321215,0.8270140533104221,0.8284003838854519,0.745413109575086,0.8778634781502993,0.8844579084189174
0.7881852235251909,0.9224346906386964,0.0,0.8782944192228285,0.7632129041706793,0.7752416796239238,0.8247161904819914,0.9101131464387692,0.6708925773294994,0.9028707487582092,0.9335204248754925,0.8475677581178036,0.9248682650572322,0.8065892187690353,0.8303334058694318,0.9027066274634222,0.9094896620317435,0.8493950996410984,0.7647236742243979,0.7730306220594673,0.8747492503059703,0.9079997063102985,0.8276031687195627,0.8985419708752006,0.830336477894685,0.8440683709887228,0.8251447287645012,0.8957483898680259,0.8508089953868457,0.6836132206802892,0.7373494669874235,0.8073636283069913,0.8678334287740095,0.7880199392047885,0.7568283301438626,0.8520649203144927,0.8372217458497365,0.8198289719427003,0.8220238376746815,0.8778784542040017,0.8898547230277392,0.7793099499377477,0.7433132136554028,0.7730635050581584,0.9111324247127539,0.8898692867469966,0.7499239172531734,0.8347664489222025,0.8439763862797719,0.7987881784724712,0.8751310631408157,0.8317276844112413,0.8046962362108955,0.9211058497017177,0.8905368811120149,0.7545712467676194,0.8202953011630822,0.8110126084958721,0.8892483402556915,0.8739023854981942,0.9315021309008554,0.6423421739390256,0.8234554486472735,0.7359238011486829,0.6972761313917182,0.8139750892197811,0.8954211492250034,0.7979560126278304,0.8391585613250524,0.8468944617653484,0.8068028850145906,0.7319615502570141,0.7874659244820275,0.9609620459850694,0.9125475744178466,0.7121022126942125,0.9188147218014964,0.8348075022757384,0.8110892495517547,0.6411476956964244,0.82207638937188,0.7526082947286897,0.8626633486710138,0.8611519224356372,0.743024773613992,0.8990198592600515,0.7064404181465244,0.7353491731144255,0.8404815057922486,0.8604970264071355,0.8132700795690918,0.7001307073508101,0.8440942732877352,0.8026705765970298,0.8494587808490709,0.7798388739043745,0.7344634131496014,0.7375935456993907,0.5841662705229607,0.9023593492002157,0.7491144025434051,0.785565013795349,0.6996012245278843,0.7565658125362745,0.7673075072403949,0.850566047687212,0.8676938502730109,0.8272903816154693,0.8844368496732168,0.9271479701614744,0.8379775322927735,0.7379557017853833,0.8377586608707287,0.8463022339386939,0.8450775311435442,0.8945934875106,0.7293369883803713,0.7494811478520386,0.8589078217745137,0.7154431398802944,0.7477643155557238,0.7395172788540924,0.7146960248589515,0.8930094821264714,0.6063852466146977,0.8936672737919893,0.7431277526035911,0.8720736482193855,0.8882195472837423,0.7999223778954598,0.7604129493766141,0.7931583575586806,0.7764317243030036,0.7384527506835677,0.8402679114167739,0.6789560493408754,0.7516047199572967,0.8058591124693846,0.8700233000150365,0.7859240404224694,0.8064918390752571,0.7182659923888689,0.8491745091800775,0.7713016532786521,0.8307748765728596,0.7044421963890264,0.7846241193500355,0.888974536555638,0.8135703211822279,0.6293468557451046,0.7577744369986702,0.7576105164995548,0.8605896950699613,0.8887758547736178,0.8471415254177906,0.8597517109491681,0.9070560405063834,0.9037619241189769,0.7978457798416927,0.8067758524575623,0.8318904568595185,0.6536100501295087,0.8182038763115381,0.8101695022681716
0.7901076715538508,0.9033759187339363,0.8782944192228285,0.0,0.7921000855716154,0.7963072525854545,0.9194748351498189,0.8532317778379881,0.6801555469629453,0.8510302751176757,0.90426791518541,0.8407031621050897,0.8535891949392884,0.8045134159240788,0.8560183503097218,0.7793239157319156,0.8264396740270389,0.8249257409027015,0.7491687975513119,0.681541602661575,0.8175590493682643,0.8566110436311349,0.8344638888999355,0.8649093722831073,0.8201494184824782,0.8607489571032776,0.8160311501772542,0.8526075374804728,0.8412807811704971,0.6657618212223295,0.7491162142929937,0.7191978363431968,0.9723677936307584,0.7650466319872941,0.782210318825301,0.8379742442724637,0.8304744866530647,0.7775697075134343,0.7746814889981369,0.8717396751535565,0.9267289398678005,0.7827235642621951,0.6955212964890777,0.8337414220866108,0.8441092349037332,0.8184489799690502,0.738605718276635,0.8048834399567277,0.8302518166340728,0.7344339938966127,0.8893080382719,0.8762837526624948,0.7839903657638025,0.9311440430400963,0.8753832428151185,0.8095049319371647,0.7592197973969641,0.8235165850981067,0.8281137440635337,0.8106579035659937,0.8621026230354717,0.62259632734136,0.8200709367243005,0.6671288262378569,0.6673992864951308,0.7222782131049186,0.8725352936151296,0.8038696355647301,0.7646160210612991,0.8449867559666184,0.7947271255830571,0.7135821687832393,0.7859018993155795,0.905684582363288,0.824871672222301,0.7176921684705477,0.8318777327107296,0.8727929900797413,0.7788898813050533,0.6860952544711121,0.8247174230322426,0.7806575459303742,0.8782080044450705,0.8230225578814189,0.7273677126972472,0.8610642362902432,0.6951007227252686,0.7306968376403514,0.8159372087406622,0.8517702106304571,0.8874774680873293,0.7841153127831627,0.822351318946234,0.7537815256938156,0.8817008753241684,0.8490538054350834,0.667466389988534,0.7723522548203553,0.6056840006366503,0.9127317411372802,0.7441197598986168,0.6849397260079298,0.7932073321940935,0.8160827102530369,0.7601935886971736,0.76575212671122,0.7428337139119502,0.7956626098978276,0.8580517820959992,0.8472278058768662,0.8686065119423977,0.7324817707670734,0.8809147424386223,0.7840005451909539,0.8563143064326285,0.9027455965346894,0.735325500109341,0.658769735080636,0.8860871090735559,0.8192682711522076,0.7162048441557349,0.8239012804901311,0.6870911320592819,0.9345043348779591,0.625041223955025,0.9004132307163909,0.7242793802670843,0.8093311460403574,0.8522118554759087,0.7684089254465429,0.723020308870838,0.6863184023423996,0.7400310467557049,0.792378674529871,0.7504648548662954,0.6499173398135328,0.6929684539842701,0.8279205239826665,0.8053510819220911,0.7481586563875751,0.9166918080406568,0.652720816307128,0.8693728805921643,0.7471728305010246,0.7982150101125178,0.7341392596612034,0.7837860890814217,0.8492990779203646,0.730140528446857,0.5638476625510952,0.7743172763760287,0.8273825177674871,0.7725837658167902,0.8070895083105063,0.883024273929178,0.8115262616593298,0.8457219840679354,0.9550324423251383,0.9070994072160553,0.8614387360571372,0.8408729915585539,0.7107927322998254,0.8221185757811394,0.8410299369596252
0.9158876778363524,0.8535028324842697,0.7632129041706793,0.7921000855716154,0.0,0.6582913543555552,0.909158966399104,0.7359483756132001,0.8610866602152241,0.7294873489631941,0.8879564664418762,0.8327734108359953,0.7428030936229578,0.8069436856175374,0.9544470670203502,0.733449117373233,0.728842373700429,0.8924029873720504,0.759028550348239,0.8094811828909761,0.7969162135430385,0.8903325024541094,0.8130058725242978,0.8766365018606623,0.8213835626027784,0.7880554979646538,0.7390187522609226,0.7150403833796449,0.813237716344829,0.7999045945119374,0.9220453633612942,0.7126128959097398,0.8490395525406519,0.7174195368314762,0.9551003768679657,0.8955678495544147,0.8609249104149351,0.8735407591002149,0.9071333112261897,0.7890755987664176,0.8994138539849158,0.7413723220170477,0.8446630298845978,0.9402273353738266,0.8172427190851479,0.7848905767909777,0.8431402002986513,0.9211527892046687,0.919984358307617,0.8751104508426392,0.8824814230025422,0.7815025723035035,0.808405423625422,0.8493568460348956,0.9003514650352648,0.7312804364095593,0.8266167782560099,0.7609824541545314,0.8859578946596409,0.808332901101096,0.7094743544799108,0.6405998311736705,0.7779833617741421,0.8344132334758946,0.8415237486437266,0.7209214069078841,0.7814012051753856,0.8656946735807332,0.8099601812945161,0.7858324314633688,0.9066709919342207,0.8856502160850173,0.746386509888366,0.782023166306463,0.7105203936102681,0.8261935889451645,0.7262029939782796,0.8356305173197404,0.7776034899742806,0.6156717438107355,0.7000594143481366,0.8566323743827561,0.895894444833554,0.723514008690893,0.7288143110604081,0.8465898369026862,0.6838990853827152,0.8979088595371162,0.7127542929263222,0.8263560692078982,0.9218083302343235,0.8510212065707081,0.9483968795888058,0.7964980838000006,0.8880130500341256,0.8669901246073157,0.6945415587137405,0.7174535763738961,0.7766080870184006,0.7445947484997097,0.8765122835323605,0.6668405487165725,0.7945583321525469,0.8114927351778345,0.8331588787706616,0.712855034590217,0.6560774133308945,0.7009232551279408,0.8220431110724312,0.8302593982338758,0.8344291155694614,0.8842004286945062,0.7257431690974226,0.7016285526947956,0.8243663773591522,0.7508741393638798,0.7070293140227877,0.8738781578573547,0.7255123901225549,0.7230280610216616,0.9157990616715335,0.711952619665548,0.71872255283102,0.8989967146588173,0.8562671437978583,0.8487355938206679,0.6357139595077859,0.8071850851611926,0.7637247173947984,0.8575810549866953,0.6811612063016041,0.629158614965163,0.7124079307956258,0.8640140698656362,0.8726722446006723,0.9018932650988536,0.8313878649686933,0.9154360085592009,0.8143644884902281,0.9208982033934098,0.8497728303968455,0.7439899596294215,0.8444687813512479,0.8337773518619377,0.9199888701136693,0.8219581451206311,0.9213952520155952,0.705596177142805,0.7940139032404697,0.5603619125197515,0.8848427718896232,0.8747543836646509,0.8320366006590835,0.7727202470922228,0.7976858570126956,0.8757828546483748,0.787981796089314,0.7469178517287125,0.880294383480044,0.7449539389034153,0.7106792802963324,0.837451596667412,0.9061547068437077,0.9472201809547498
0.7343445681288556,0.7699515017855956,0.7752416796239238,0.7963072525854545,0.6582913543555552,0.0,0.6923934536788944,0.8191665898556493,0.7047648926760286,0.7272695345997483,0.7587556806920137,0.8776902880305438,0.7061083517460031,0.6326248521619023,0.6647506628055666,0.7371284346566227,0.7646710965384411,0.641567036971931,0.8571554882342673,0.6720947688708603,0.8246070233016002,0.7077061462879561,0.6413786762616963,0.6758587785556295,0.8013274718989734,0.6676693370026586,0.5939257930487457,0.754768774182435,0.6772986925783562,0.7208215643824574,0.7364776776748182,0.858030060875889,0.7521593148187862,0.7713782898482399,0.7013204202235565,0.7788718982676726,0.6999875320501544,0.6847205415398201,0.7210357830896987,0.6326379899131346,0.7401236804122405,0.8866129572863205,0.6686208953442964,0.7730973229733794,0.7176715521855432,0.6809371540903302,0.6896417332496465,0.7366642099326369,0.6631858610722059,0.6988567211378993,0.8146751255941058,0.8524384934795389,0.7300440376150388,0.8297931671669871,0.7718198315089935,0.88429178038028,0.7343253267460493,0.9084188259728703,0.6613468666380508,0.7024415138202172,0.8149253151743417,0.7106839722833356,0.8660245482381286,0.6208174220736353,0.6612112030232671,0.7373139537710564,0.6765504603409843,0.6516568688422655,0.6274250874937922,0.7665766506829937,0.7193584718118384,0.5939815981311573,0.8542231484384886,0.7607405642550988,0.8655369390395449,0.6881472399074567,0.7133134937875949,0.6619589872222083,0.6932796852110769,0.7530263093756613,0.9369996654392234,0.7766592143388633,0.713364899987695,0.7340571689453937,0.8044298566083385,0.739197128897794,0.8034172383564424,0.6676500519582695,0.7577799412043456,0.7151898657995815,0.7632144861730745,0.8193114138149143,0.7172827891045593,0.7510720919080355,0.7411058367617771,0.7552179447555977,0.7709947694807262,0.8459970075180115,0.6359137057607259,0.7673731612606448,0.6231732739872878,0.7254334793593636,0.7810998464634723,0.7636048770064565,0.7947958134885633,0.6821954657809005,0.7815745751163766,0.7260276680098707,0.6476611647243066,0.7660563618871293,0.8724858815119679,0.7006138423734976,0.9233170365413528,0.7494980231389964,0.7175235641226303,0.7278610901907997,0.8151237554086066,0.619653643914518,0.8776655982745966,0.7503698725449435,0.6015031243826485,0.775724343061542,0.738548006693491,0.7730199478080833,0.6295665802113062,0.7547528448097407,0.8077151339912694,0.6961476199402201,0.8116397897392852,0.5823765581659368,0.848598835405404,0.8283017321245172,0.6359068330391834,0.7917643042715926,0.713589803035448,0.5878454638248582,0.6331290702539777,0.6223062849923366,0.6136711819632457,0.691403266088229,0.7279595065435415,0.7314004368060316,0.7930189110124816,0.8042509381816524,0.6963280111310562,0.7047515755045217,0.7531810355674553,0.6690217265708834,0.7320498081127161,0.6695533438452413,0.7633555361746437,0.7763895701680643,0.7069315695081781,0.6093148775959446,0.8432702752173408,0.6870840316269835,0.6538359359973697,0.8108437042365341,0.6698898562771007,0.819243282219433,0.6344054538086867,0.7382998655285188,0.8090647348725781,0.7152179374437585
0.8298996365978489,0.915336885525412,0.8247161904819914,0.9194748351498189,0.909158966399104,0.6923934536788944,0.0,0.7622919936705123,0.7288676534491215,0.8436857226022303,0.9074967397558491,0.8076298205958591,0.8151493732388412,0.8680305318318435,0.9451521915502977,0.7409101949483162,0.762010765732831,0.8847892332891774,0.7045231332177156,0.7051098618267313,0.7675932288434647,0.8943544970970911,0.8657165075635243,0.8974842906400166,0.8146974788868266,0.8474270038902857,0.8372661310443712,0.772474297313813,0.9068275900365179,0.6964072647874999,0.8093285415231496,0.681370215789108,0.9633176568747095,0.7136689423684021,0.8667847697754772,0.8597177119063999,0.8657871482750009,0.817824296618614,0.8167242680200533,0.8882833001043884,0.9450027166162475,0.7312999539447808,0.7297565431316781,0.8876211305724799,0.8301152883616953,0.8007761484260917,0.7998675512344935,0.8564648768739073,0.9102652143248956,0.7677048547135492,0.8677085252405794,0.8016981757691649,0.7946724245129609,0.8902725901685713,0.903890759601362,0.7779108970020668,0.752036299749733,0.7492178314917648,0.8944693059885559,0.8104849332724533,0.7628554238494106,0.6088572770877051,0.7489373081587988,0.7399297925580398,0.712476368109141,0.6776463049298663,0.8608069042171501,0.8757867553446502,0.8034387949011048,0.799254592598665,0.8303422980093397,0.8205714513788256,0.7251484753238262,0.841809242683728,0.7287332853152425,0.7807854267164226,0.7749632497980554,0.93589142440413,0.7557785924860316,0.6607843864521886,0.7425141087967337,0.7800471447251173,0.9428189353613835,0.7731372391029686,0.6784145128672384,0.8497381502390411,0.6435742254142616,0.8026362557170577,0.7622449121629259,0.8588794769281475,0.907474520130015,0.809870022435719,0.8982896165969614,0.7427263708216228,0.9019781864137111,0.9020748876644515,0.6321105811961325,0.7221507770025654,0.6721611514837611,0.8389350332701265,0.8466103589931532,0.6319994397227849,0.7769861029426525,0.8284889982189767,0.7526264176759412,0.7257065843587188,0.6579380077615051,0.7478731285938133,0.8915055382274751,0.8424491613667097,0.8264823251305705,0.7674163222692163,0.7800078947594347,0.7303889222899261,0.8472485781316519,0.8408672180898498,0.6974633452302922,0.7450216535086545,0.7938640816067524,0.7987665268596038,0.8126823710319879,0.7546913874307657,0.6697631000484725,0.9466407809784225,0.7154032367568326,0.9172828619896534,0.6502856993360733,0.8158645150964006,0.8060513511075003,0.8614604327779003,0.6859717609559299,0.6059516457979739,0.7330023846671063,0.8018501119259458,0.7765297078089847,0.7613569796692778,0.7539381264958188,0.9266023062974854,0.8438202207715513,0.8021570326554732,0.9457442224398935,0.6807412738765479,0.8568607797863006,0.7526418869196513,0.8691581182630257,0.7615620005573602,0.8227202417866369,0.8288368250625019,0.749425647303724,0.5401097465259833,0.7841092361927632,0.8865284610452603,0.7739787853177453,0.848397918250026,0.8274521120373669,0.8414959198944548,0.8480120503690232,0.8656257609753335,0.9803253625498852,0.8047429684607287,0.8482898072093646,0.7625253245608478,0.8542518718682737,0.8876040133290525
0.8177941139331575,0.832250594439807,0.9101131464387692,0.8532317778379881,0.7359483756132001,0.8191665898556493,0.7622919936705123,0.0,0.7223625415248073,0.8037812670796872,0.9057342560075708,0.861318302739122,0.9089649072144225,0.7620676371902497,0.7923766363376619,0.9250548478257006,0.8705110185126443,0.8167640772269611,0.781787756093935,0.7774310631540258,0.8548090770618777,0.8274299700552015,0.7813382452956408,0.813920402214332,0.8405202967328658,0.8629440907028023,0.7832580907416558,0.8733766351482289,0.7601850492398906,0.762456940779671,0.7872717064514225,0.868742117416006,0.8376330652308069,0.8247668183410113,0.7599387763524396,0.8605442147097591,0.8775996162709778,0.8555761510923807,0.8202223257079974,0.7908374953880812,0.8404296865207668,0.76025883711841,0.8048832521837065,0.7838898578807509,0.9220192503263075,0.8829420799409576,0.7475137341090373,0.8458591221564122,0.8015832799273862,0.8068153240001735,0.8918432496617569,0.8474330634450006,0.750082387483482,0.874965873246513,0.8854671436602667,0.7681279958195234,0.8296752060539927,0.8975857291916495,0.7889508254417109,0.8541678447841082,0.9435196000089894,0.7286143907827167,0.905590090924512,0.7170971167557626,0.690819203048579,0.8481936916544627,0.8556927667892407,0.8080256084265834,0.8375298920834011,0.9425173739628497,0.8406482713957153,0.7218158667818142,0.8283886610871117,0.9225780953555943,0.9338114636209376,0.7467534546745507,0.919973463751229,0.7880956299701352,0.8753236395627574,0.6774202774365531,0.821417996585386,0.7775487003866914,0.829644073959325,0.9089887259316642,0.8001714767312027,0.9007392734169072,0.8549740447105921,0.7914340801159263,0.904354652032412,0.8570087999649644,0.8487430143848589,0.7281301774397195,0.8204326651577782,0.8023864568575624,0.8075410174713771,0.7861616100611657,0.7720743960116242,0.7669737825394288,0.6135710088737836,0.8888213456567139,0.7440121280594673,0.8991407458113938,0.7658266087303283,0.7585014469056265,0.8484677318540232,0.8756337725004859,0.8861693495820473,0.8012971365841712,0.8157936544255877,0.8392143279880859,0.8331384454907624,0.7799287106260793,0.8865547269233628,0.9305314415598449,0.8730231944728685,0.8583651345986163,0.7471953542741498,0.7318290682845194,0.8277502396522493,0.7646542725032868,0.7275944322752889,0.8732876784613702,0.7299764038023655,0.8764377138681502,0.6150636514872921,0.8718834369233576,0.7711895904924622,0.9002084588106716,0.8632208013704126,0.7638940595927973,0.8068313565400869,0.8363949177294203,0.8459171194096982,0.764034520388034,0.8185225418947684,0.6549075213468154,0.759479415015362,0.7691059267571833,0.8097342344878833,0.8285010784060789,0.7978420922128799,0.7441278798719135,0.809977062248679,0.7838026918794473,0.8291372309946649,0.755059761544809,0.7992404081743014,0.816083528351106,0.7993360877570196,0.6485873314306222,0.8263048220266522,0.7356136078387114,0.8127240670343007,0.7797300487219483,0.8614652100366917,0.8786082242942584,0.8322515496315487,0.8971660839291515,0.755987988321571,0.8817536250838253,0.7468662975114582,0.6850527445814932,0.8468450129611391,0.801283214839396
0.880173821290835,0.7429298995074045,0.6708925773294994,0.6801555469629453,0.8610866602152241,0.7047648926760286,0.7288676534491215,0.7223625415248073,0.0,0.5989692829508666,0.7728654582194802,0.7995074754199527,0.6535086961858891,0.6896670448448546,0.8109536098147674,0.6750852303393755,0.6518377109276402,0.7405557594202584,0.787756520262286,0.7988757862182189,0.7700627293235034,0.78969502092122,0.6352146426238765,0.7247802672494109,0.7342320582927142,0.6577987103044344,0.5962385863917334,0.6264941331870562,0.6529661256800103,0.8411080525459261,0.9414769961604688,0.7599883336102952,0.717018126331527,0.6675875365399898,0.8682653227871024,0.832389946312335,0.766741148814144,0.7968002088653967,0.9021758413924453,0.6296776218827498,0.7500091363476041,0.7568143879658739,0.8194103023753707,0.8642294071835656,0.7235778493069563,0.6914990658291353,0.7452484865280027,0.8407180757021683,0.7440272182080927,0.8704839631900896,0.8451590628804014,0.7324905594046104,0.794227673212072,0.7794022001424845,0.804673920269332,0.7322511315516907,0.820627315124803,0.7714645283728435,0.7339872613488871,0.7427836259109173,0.700228409314892,0.7460071372759184,0.8003188293814111,0.7625937326888961,0.8999726718759753,0.7500502066406058,0.6862486538586764,0.7758144514145132,0.6815433172504629,0.747710805934646,0.9135179040422886,0.7713100677638351,0.7790839442236168,0.6989231287907626,0.7125756740461552,0.7869827466826632,0.6820023130166846,0.6678557574941979,0.7054731626858163,0.618955006714501,0.6918085692617392,0.9216635971158359,0.7805711794696504,0.6537765047793764,0.7557781214887168,0.7530078590156076,0.7804620019166445,0.8807814575206242,0.6573169701444007,0.7781761018042039,0.8243661359118672,0.8717453506374633,0.8443497282576756,0.8151486564600698,0.8144970579612628,0.7670779082667204,0.8290288018150616,0.6809279352209584,0.8344168525618444,0.6583211347308134,0.7877599816508724,0.7227808463150409,0.747119508586638,0.6964716026569375,0.8859451269488154,0.6440379501361401,0.6597493776522818,0.5953629527281046,0.6654105596165821,0.7317979251067334,0.7954706805702433,0.8640288819170441,0.7370365470105653,0.6828719205035618,0.723887437395698,0.6439352762409708,0.6813806815722329,0.8020705166579216,0.6476598482682929,0.6705919862536766,0.828784539011433,0.7059468936934313,0.7081315575771971,0.7905405021441663,0.9167004707751563,0.7192242038301166,0.6869414404094691,0.7519326232044121,0.6692096932903577,0.7086553030909992,0.6995752766393676,0.7096849122555515,0.6878487542229378,0.9176873940662561,0.8589813678827343,0.8769075376903905,0.7409318136743714,0.7363395449282222,0.6503058052616715,0.8964811618737888,0.7159402734141244,0.7966728986672645,0.8113028856803027,0.9096223573846972,0.8111458122480449,0.7556507361905409,0.9503424589101339,0.5985924015659572,0.7088008935050328,0.5815564575016777,0.9109809599113987,0.7882735813890036,0.7929217807305166,0.6227722103730948,0.7100102262495501,0.8230512751564623,0.6751458302687208,0.6467834417586258,0.71114374682518,0.7167190267095706,0.5625600321940364,0.8361829784040281,0.8742108181005714,0.8627294869459012
0.7129894152327328,0.8654522466107519,0.9028707487582092,0.8510302751176757,0.7294873489631941,0.7272695345997483,0.8436857226022303,0.8037812670796872,0.5989692829508666,0.0,0.8600686574215923,0.7846621929275757,0.8636304343805619,0.8007020289748479,0.7827309014798117,0.827217197199018,0.8067967481720502,0.7937842301750013,0.6690390110272206,0.6609019986186234,0.734036628538221,0.8012202427673545,0.8412159347038256,0.8068421585610718,0.8335452637022379,0.8225752758560103,0.8449692885756834,0.819791138928484,0.9352815677834212,0.6661211222009558,0.6959722859348653,0.733549708623448,0.8632319230223766,0.732708570157928,0.7242824463928621,0.7872155664720898,0.8234449235700066,0.7674280538236602,0.7121863356517605,0.8428695573730961,0.8437694717944697,0.6926256627316302,0.6819087544728561,0.7540051823755666,0.8258719324025385,0.786953525100376,0.7561149548052071,0.7937754738958738,0.8259673347104453,0.6764711099083264,0.7617675598987642,0.7509094035875702,0.6896163436260516,0.8146835204054595,0.8548706093584348,0.7585726374865719,0.6793717018609801,0.7544153797944523,0.8112861678177394,0.7614241314945979,0.79002921248394,0.5920979516376048,0.7157470571639335,0.6908802543473336,0.5876335325896542,0.6567796534315746,0.809232605627412,0.7856250985559816,0.822279306095473,0.8009512761130234,0.6990934877949949,0.7154902552945402,0.6747064134838122,0.8299147384189342,0.7730064833177992,0.7216307308817105,0.7867672590215178,0.8961181111486601,0.745586581605242,0.6846353423198415,0.7901886004361492,0.638018115085537,0.8574475073274018,0.8415527359860557,0.6439691365908481,0.8109518305615556,0.6460745822048538,0.6932782708354259,0.8256091318607671,0.77156436097984,0.7749162587231636,0.680570083343248,0.797237995046034,0.6673014205070789,0.7474266036746675,0.8427272996730713,0.5913534470022579,0.7314327110046441,0.5686705944537559,0.8375921610571607,0.7442051799785403,0.6664030607614665,0.7024002582818708,0.8202442605033609,0.6773052724301643,0.7662385626257889,0.7109067881061566,0.8298671571110299,0.8519538595475245,0.8260044201384856,0.7534117098537582,0.6578157681599316,0.7615207373250483,0.7990146532639807,0.7976297724421892,0.829559836850035,0.7072057260178051,0.7118652282873361,0.8351069166457954,0.7654878627223248,0.6745113502996409,0.7395022917209545,0.6477871045357279,0.8430223343886565,0.5743248033196721,0.926968708822713,0.633474135883404,0.7959500211030611,0.869552623897298,0.7801924584692209,0.7587875457774633,0.6372623995710158,0.7257290128061905,0.6527895239218982,0.7025027178860812,0.6238187638612008,0.7331803440315046,0.7957263366667804,0.8356732290418776,0.7107497526266399,0.8603938168566501,0.6799779482507624,0.7336208645510376,0.6649775881616566,0.8025321519794871,0.6963132020318005,0.6854963858154214,0.9061011901046959,0.8075788270353831,0.603583699684184,0.6708377110833961,0.7975339990686928,0.7000845568518831,0.8599979740746099,0.8328477103842068,0.7595355787015633,0.8103867496220265,0.9080164931329859,0.8290252161085347,0.7838924180071817,0.9161797951211184,0.657349352184028,0.7842553633931567,0.7217828627292019
0.9021939845453394,0.9363103380975473,0.9335204248754925,0.90426791518541,0.8879564664418762,0.7587556806920137,0.9074967397558491,0.9057342560075708,0.7728654582194802,0.8600686574215923,0.0,0.8945357966276761,0.9135731746523869,0.855181436602315,0.9315008263774803,0.893020850813927,0.8744254925263147,0.9293240634267637,0.7922446188646383,0.8284067482133414,0.8822303306158772,0.9447200858924197,0.8790490760875058,0.9430203649943226,0.8920236548772495,0.9029349999868311,0.8428032510910719,0.8721078705550315,0.8780389149768962,0.7712310079860474,0.8585614443220548,0.8095752713775217,0.9232862465309088,0.8121374167347266,0.8840981896108866,0.9277955996865868,0.9403652431943685,0.915642146104134,0.9026178116777889,0.8892505498755732,0.9524885597665733,0.7872143476029662,0.8377212416180371,0.8949302570711491,0.9475243305655169,0.9033347982184857,0.8185971075021827,0.9469449072753063,0.9391690580014377,0.8669310461754679,0.9397289172643994,0.8638147322738127,0.8183369155392806,0.9422645046266056,0.9673444320042264,0.7847510872534563,0.8687545872104353,0.8508465069368758,0.9244488566323605,0.8942442105959675,0.8865954833922208,0.66564594737095,0.865164209754688,0.804084320380547,0.7634857275360074,0.8139828238434614,0.9111860082136565,0.8908746781129918,0.8905965442100233,0.9094278646000086,0.9062960438137012,0.8353637555510862,0.8214100867531932,0.9407487224083408,0.8677493435332713,0.8082492757426115,0.8910464803867154,0.8955318831185083,0.8698378954790348,0.6764368579123587,0.8060818491218847,0.8270725423524736,0.9374210741608583,0.8780172235846394,0.7799470022462761,0.9508892498849039,0.7631351254711505,0.8494065837861907,0.8507441548052216,0.9128380836222404,0.9276274788793236,0.7879219850263619,0.936583842130146,0.8394294192111036,0.9122933888040918,0.8746479902788195,0.7355217237795332,0.7696364870733969,0.6699573575431172,0.8918118917088868,0.8532326420785512,0.7834608603443162,0.789657307574415,0.8247097008568736,0.8492617945839969,0.8456920201474043,0.8000284820186849,0.8212714450194516,0.9081065714090848,0.9356154426874457,0.8879283570247748,0.8448010462391369,0.8539028458765786,0.8557904518162532,0.9117808290707203,0.8897017649779553,0.7537278368442363,0.83026576014738,0.8453669874949977,0.7753130701452599,0.8498208463871223,0.7992378949007855,0.7550572197062385,0.9696038701109412,0.7132076000553399,0.9478997496196482,0.713288062377331,0.9130949996877716,0.8883107138450225,0.8745013226185422,0.7630887694968057,0.7415971574843747,0.8279927743282127,0.8306899833520747,0.8998870238367797,0.7753104197370085,0.8354123666030253,0.9074267179112835,0.9058209215974798,0.8949174972388666,0.8897067013868225,0.7604323425013113,0.8807597644827653,0.8223823688096077,0.9411625790279615,0.802398576501505,0.8783252954762857,0.8417526699185102,0.8502656897930234,0.6115501559437501,0.8737039665821131,0.8382107817910496,0.8810896245665233,0.8673530718492878,0.8896458668976711,0.9449570533256901,0.9161407152977663,0.9039601773748669,0.8915276723637404,0.8570565137916168,0.8144014529132853,0.761833829343969,0.9100373363838224,0.9280444974647297
0.886260189441159,0.8598788510077942,0.8475677581178036,0.8407031621050897,0.8327734108359953,0.8776902880305438,0.8076298205958591,0.861318302739122,0.7995074754199527,0.7846621929275757,0.8945357966276761,0.0,0.7681454997732818,0.7080048116194484,0.8057955072279643,0.8301102943243601,0.8460554991785924,0.7888699480888117,0.9391400469300649,0.8212161316905201,0.932274196043638,0.8246344227496251,0.7862720586787967,0.8201784213723398,0.9385493460058264,0.7745801535163418,0.6749345369875486,0.8291413958041237,0.7696921588209934,0.8485056180204431,0.8791602839262078,0.8834840927146684,0.8257556383405523,0.8701820713330358,0.8662911748882811,0.9153600209773075,0.8196569119210286,0.8318250708551301,0.8595951624926693,0.7281294060236398,0.8736756845745877,0.909176032074454,0.8322233385634492,0.9201664253545067,0.8413654017676112,0.7920195055368034,0.8287140727645078,0.8991745722182348,0.8350980426992425,0.8440157909814037,0.9204903132068823,0.920940549738132,0.786963827771919,0.907966229910871,0.9003850181826096,0.8523839726102914,0.8645492316332286,0.9604865128403832,0.7970360894870515,0.8010268039516115,0.8095437984795287,0.6841704611503714,0.9264626727455599,0.7688683516478709,0.7732554660817633,0.8019758354952322,0.7404895980463384,0.7450201045983404,0.7603358302231366,0.844613787503237,0.8346831898207233,0.7308039760168934,0.8839232918807258,0.8338261799736241,0.8766537445196996,0.7884518721036555,0.7571874963943596,0.7630232289354163,0.8228078501055522,0.6961879148166673,0.8859322434445055,0.8610332604599498,0.8147819872877005,0.791972115202087,0.8796110965274784,0.8713711884442462,0.8097571442304885,0.7954197316630883,0.8041488600239017,0.7881052024501864,0.9040618815450652,0.885691126998621,0.8718214108454095,0.8375977246914306,0.8314574268851447,0.8484815983649757,0.7751492784503499,0.9039610245134414,0.7145053003735438,0.8089619967126762,0.7334541613761542,0.7625870288911594,0.8784793211117498,0.8856059248875753,0.8943248769384052,0.7737431161275361,0.8058484040535798,0.8206642816993241,0.758251747913204,0.8906963984717196,0.9709687972857984,0.8659927384100635,0.8715460288782991,0.783891555572347,0.828620689635175,0.7946870313672507,0.8714135687678966,0.7948162427153231,0.9081830685814886,0.757406037032785,0.7506012138085879,0.7794230417080742,0.8323898343980012,0.8808853909339506,0.7334631633721242,0.8589672403324007,0.7500417161112436,0.7883944930181331,0.9039081194117977,0.7030439312476814,0.844654775422118,0.7944207890661659,0.6831206469975224,0.8673291728010933,0.8620790995328521,0.716556770747979,0.794761152794247,0.7659699038159811,0.7526121482618308,0.8614423317996605,0.8043682922871108,0.7865415876906012,0.8602696903035628,0.8791448963440127,0.8577476470424118,0.8519585440962105,0.8813685167732003,0.6993961403520121,0.8896511716658969,0.6740460567026226,0.906049677862037,0.8627913519051397,0.8381848842769672,0.7058957888171458,0.9511618684742008,0.8082944557392518,0.7426122297895521,0.8470667839208429,0.7669853135660303,0.8258851063692738,0.6867069369383463,0.8392554634331616,0.9407708118249651,0.8707118662709349
