0,1,2,3,4,5,6,7,8,9,10,11,12,13,14,15,16,17,18,19,20,21,22,23,24,25,26,27,28,29,30,31,32,33,34,35,36,37,38,39,40,41,42,43,44,45,46,47,48,49,50,51,52,53,54,55,56,57,58,59,60,61,62,63,64,65,66,67,68,69,70,71,72,73,74,75,76,77,78,79,80,81,82,83,84,85,86,87,88,89,90,91,92,93,94,95,96,97,98,99,100,101,102,103,104,105,106,107,108,109,110,111,112,113,114,115,116,117,118,119,120,121,122,123,124,125,126,127,128,129,130,131,132,133,134,135,136,137,138,139,140,141,142,143,144,145,146,147,148,149,150,151,152,153,154,155,156,157,158,159,160,161,162,163
0.0,0.8538971160086901,0.8036649120204559,0.7707428157519943,0.8660499616733837,0.815742576653606,0.8505462088471673,0.8470699141792433,0.8739224755930277,0.7743941435270887,0.8410640027304487,0.7869966150799821,0.8965544436528783,0.8311173743833552,0.873029306610893,0.8367430789727284,0.8690466749135899,0.9533353982403097,0.8235035699218777,0.9041631466408067,0.8777452426767924,0.8645845305247274,0.8714408448468083,0.85837822337595,0.870000579208083,0.8087247967947198,0.8091940239937806,0.8569596764424571,0.7353498832444476,0.8290694183125152,0.8658767454431562,0.8599525944092976,0.8031920678185529,0.8122221232240451,0.9255558086729108,0.8140685968256737,0.9157794685720332,0.8655247119737743,0.7311530904742696,0.8837255969281441,0.8109607771734426,0.8606557816915826,0.8921570530192481,0.8352800757278402,0.8823555336016975,0.8810068865399264,0.8952941120789789,0.8284686790354865,0.9166637054112596,0.8874064111246978,0.8983945712823463,0.8819799711495288,0.8154705254967923,0.8134485486091771,0.7882181481595818,0.8358127799824393,0.9260609352107033,0.8257926092410418,0.8402557177696707,0.8645926228570247,0.8092030877730539,0.7423236465015394,0.8797509564315776,0.7727597515643329,0.8473055794145611,0.8176000827949759,0.8179240917943836,0.8836620677764657,0.8487225598922532,0.8917541432307334,0.9408402595755964,0.8468097795462088,0.8215460152969978,0.8825384303601127,0.8319242624087012,0.8727964452699353,0.7755368916142616,0.8193553203363456,0.8157205927548274,0.7039364167130026,0.7924657493778648,0.9138141241161402,0.8375317671118502,0.7939774228853383,0.8642692843762958,0.8935471005608785,0.8877322122440399,0.859519021955292,0.8711686531929029,0.7542723594903996,0.9075971110734847,0.8521908069841463,0.8664137555070268,0.860990514460702,0.8784061001625804,0.7968093464079836,0.7412129311541537,0.8283688700875792,0.766313094950194,0.8573556120672541,0.7663866321019819,0.7731773942963325,0.7757177872517437,0.7624761908989867,0.8966932515051895,0.8621199901604235,0.7728060280177512,0.8310984699910393,0.8820619898093464,0.8448137831214825,0.8260492652890222,0.8490276378316126,0.8519969760947839,0.7503340853619115,0.8637157349946131,0.8790747407209911,0.8817831590678982,0.8092158365233136,0.7791332415629304,0.7873504309643758,0.8411693821132789,0.7832258528621927,0.8802940611931453,0.8998741221520423,0.8418642493288997,0.7751295793209315,0.7580026201756872,0.7994093797991223,0.7817467990239516,0.8629369528976898,0.8048652900052281,0.8090357574641833,0.7531806673701281,0.8007661406276849,0.7970407479222765,0.7961641331612652,0.8372243305291402,0.8909010593269859,0.8380376604907819,0.8581482914543178,0.7781872143767383,0.7910014735279912,0.9165734461882583,0.7992244458254046,0.8338983193355288,0.8565769759008471,0.862837002878262,0.7416627053791277,0.8366837090739185,0.6226223614978423,0.8998726985737904,0.7901140884482488,0.8396523217814016,0.79722005317158,0.7959473704164607,0.8947878470226431,0.8563324957472974,0.8146990833214062,0.8134101837329988,0.8193342683596658,0.7793087826859304,0.8998990893796591,0.8980987903896089,0.9010007061951157
0.8538971160086901,0.0,0.8974799315297709,0.795068579050063,0.8062371184064168,0.9211035287834343,0.8282818145358167,0.9530814139490241,0.83596048529852,0.900022395106274,0.8681221018387514,0.9160121070521308,0.8755227442582728,0.782394194734999,0.8751663652851595,0.8653363352251693,0.8405858340992416,0.8070392586773816,0.8716292373987843,0.8297277900963824,0.8778837000228356,0.9121583726398623,0.820424824081735,0.877595527199879,0.9072061047006333,0.734610659036422,0.819363911385334,0.8253893257357673,0.8891873576676992,0.8282669243045345,0.9117985774347415,0.8477783251584776,0.87275741120028,0.7966209740350089,0.8487597472671585,0.8437315889680874,0.8843753682163303,0.8404082253444445,0.8413952745988974,0.842879994604275,0.8763489125740221,0.8362843526160224,0.7839394616312497,0.831112796816317,0.8911116369050093,0.8154662516715832,0.8311847213883433,0.842847821686909,0.8393043930214696,0.7889527271065833,0.8184620849403381,0.8249907187214238,0.7752336677626467,0.8892520947279019,0.8492790397043821,0.8697217983205164,0.8163866866431251,0.8886491506327882,0.753638012586285,0.8369701087369936,0.9020983927753103,0.6991132163321211,0.7990173739557046,0.7300902272175024,0.7143888731704222,0.7111433362374029,0.7810781621698771,0.8043676651599261,0.7501953137896329,0.8938588630707597,0.829664875689354,0.7551541507132525,0.703011281673022,0.8383389992019551,0.8688562186710612,0.7919740772389408,0.7548669787929768,0.8703285169144367,0.7680805541356663,0.7033081110718596,0.8245681657542474,0.8266297749010005,0.9142257145074192,0.8293539583707809,0.7448453851027713,0.9266262586140769,0.8662819486161415,0.7275096773591524,0.8573763853201187,0.8292252626145589,0.7966518751061306,0.8520864702964029,0.8704272441544044,0.7768670863905589,0.7689734361771483,0.9115187556183885,0.7764117106944638,0.8568864525241499,0.6958903123587277,0.8182361565035229,0.7920341963171166,0.7756090758117254,0.6960029809419536,0.8432949101443047,0.7977037220404808,0.8116599657784012,0.7717170330219348,0.8597658859828227,0.8556446930559576,0.9099576305357628,0.8267109032347616,0.7227264469429813,0.7847887810292985,0.7829575726310244,0.7886757341075412,0.8658868253334696,0.844833107406606,0.8022905517486836,0.7930390471785002,0.7720822248506077,0.7473326816242772,0.7957191361890876,0.7858169120057765,0.9156028300157563,0.7479378890322259,0.9224066365165365,0.6971880292076149,0.8867817722322938,0.8689329854802885,0.80060421235229,0.8563222703787139,0.8272570150930775,0.7331771530040195,0.7966876475624465,0.8356416595764599,0.723324005180248,0.8553843552799363,0.8312366297761369,0.8386805580001424,0.886420237996003,0.8108430913452738,0.804331740383624,0.8760004303661342,0.7962560644079638,0.8671700767124221,0.743454776580516,0.907539542511734,0.8518161646766602,0.9074009399113265,0.6845053883664656,0.8179384202746403,0.835308574500069,0.8156369020443239,0.8348707140810208,0.8772372746870429,0.8855846920121012,0.8604834289197288,0.8929529020032727,0.7957548101026504,0.7210933140060187,0.7864699734847735,0.8337868497081602,0.9576480689477236,0.80872300759483
0.8036649120204559,0.8974799315297709,0.0,0.750549996603888,0.811550619645805,0.8649275460402333,0.8015729754241414,0.8896103737555957,0.7354846946270541,0.9439034251545794,0.8894230535171596,0.8494979023994175,0.8965721298068757,0.7582875461577352,0.7894501292963059,0.9247762816683676,0.8935582316312131,0.8120643063417678,0.8142444590818073,0.7988731731443065,0.9082511957265245,0.9264057844154435,0.8182395262770041,0.8317833965328925,0.8963577995974068,0.7437573778748955,0.8086460376976656,0.831464989784417,0.8640079459758355,0.7887911235993046,0.7748524304183386,0.8844971249041383,0.7650815703338553,0.7628927593665653,0.7640373531179897,0.8043471266974931,0.8573401203329901,0.7900758158782775,0.7564772786163234,0.8413037592361584,0.7745355241138637,0.8607679210097304,0.8116185032561495,0.7682054046335532,0.8564870063954906,0.7876300837795024,0.8205327111942805,0.8485817555831141,0.8480573160370974,0.7884147555586405,0.8166416238180496,0.7813470059362666,0.7188951542215541,0.854487541724362,0.8386889552349869,0.7878364323556756,0.7853324647062985,0.8689254730671465,0.8095612811224141,0.784919789090119,0.8844771654525989,0.6731150867836672,0.7978457497649868,0.7445613267892389,0.6974567966001459,0.719800177176418,0.776841611799924,0.820837602635756,0.8421160207287635,0.8754698896406817,0.7907926215765645,0.7016542302932862,0.73580843122076,0.8943352165820796,0.8620411678606507,0.7138884806613838,0.83505145898432,0.8565333951640438,0.6973851714483836,0.6401614836606367,0.8006696044104803,0.761292093513316,0.8272992194583916,0.7737938176187068,0.744866421759579,0.8225892496618319,0.8363849368677007,0.7405613696210713,0.7952660827889932,0.7076976077268287,0.7972563130212805,0.752762586048753,0.845134293545229,0.7106891437254224,0.7627074327842894,0.8215091186504582,0.7195023317596954,0.7994659347893409,0.6445331990686695,0.784947526051667,0.6901931106034975,0.8690050641544712,0.691346063622485,0.795906408147756,0.7532247137643272,0.8157475020582233,0.8259488406226893,0.8651363936933684,0.8299635814280419,0.9028793897925431,0.8172409132193281,0.7108473435096263,0.7867568044070264,0.7825066442230372,0.7172492191152011,0.8055655547580899,0.7825729676903087,0.8640450191877098,0.8417337506860652,0.7035363057415677,0.7114236212167285,0.7178789093658129,0.7579360191432712,0.825925683445353,0.6556349854785266,0.8482437175854355,0.7109338893202655,0.8217560656160576,0.8576093719375193,0.775839921987009,0.7997109957571247,0.895933046922128,0.6585981947661849,0.6721955555475879,0.8160051613106345,0.6786516573110544,0.7700926615482703,0.7568556679521572,0.8604496783688705,0.7947849906817913,0.7317166053167615,0.8088329437566012,0.8171549342136881,0.8074569235090076,0.831125144663966,0.7510831725229444,0.8011009332701932,0.8156800983439145,0.920474774376719,0.6695466617493492,0.7223744005297501,0.745354174130258,0.8325409783953636,0.879249825162424,0.8290668396612682,0.8232289821565497,0.8287553095999275,0.8468515946231758,0.7026181922460596,0.7322738500381331,0.7952780109262976,0.7152414136392372,0.8590379527785954,0.7498946369823606
0.7707428157519943,0.795068579050063,0.750549996603888,0.0,0.7742054206159762,0.8306951089653931,0.875083362866817,0.7758451288805723,0.6734418790082478,0.7572717030403794,0.824674707330385,0.8131228104665206,0.7421068909139611,0.7164730729490985,0.7978428344693195,0.7057746700735479,0.7620195308802469,0.732680433629845,0.8203724390338294,0.653766719556646,0.8210808855684677,0.7592446807453864,0.8077103972796471,0.7737623904290014,0.821845773441003,0.8058679156648041,0.7306005859012453,0.792433281157067,0.7689918225877042,0.6611306739877313,0.7645565264966999,0.7266068590056541,0.9400421040207763,0.7880328572454848,0.8086741127675257,0.8022987123150747,0.7867826773398365,0.7154678206879513,0.6981046107290177,0.8192849245957532,0.8624911692247776,0.7625187623096327,0.7195602444505956,0.8775264002268014,0.7617497195936298,0.6949174683855699,0.7129907580645023,0.7880518875901893,0.7956719834413835,0.6981276301279815,0.8429579595627682,0.881306484912091,0.6813349719463622,0.9030313765413764,0.8211103502931573,0.7290743687036875,0.7198951294165586,0.8439195135542057,0.7213914581154752,0.706047403846239,0.7915196137788655,0.6303593444488879,0.814762907553593,0.6478308793714771,0.6584962202057894,0.6484180571826879,0.7500474378486873,0.7193514319660834,0.69659623477874,0.815797972570679,0.7408461129993783,0.6704719915953029,0.7614932108845229,0.8077198928854065,0.7322758082507858,0.6867106646806546,0.7179177449117362,0.8103253457385534,0.7096469235936715,0.6574318681635084,0.7518685706354855,0.8163277843305994,0.7126013754251672,0.7276679732365161,0.7847764720852476,0.7502606855938471,0.8145692744674684,0.7098991369825447,0.7324598144355671,0.6535040077769049,0.8569459864451899,0.8519040477940802,0.7748735111530285,0.6848602167248873,0.8069040085648135,0.830658225686848,0.6400799085108231,0.8546911201665538,0.675292980500393,0.8041446451284199,0.6824259097373043,0.686269988637141,0.8683929510353099,0.8499271375619856,0.7662977012067846,0.6825412601500089,0.685227167086461,0.7760926608289609,0.7546943567180333,0.7541374645576167,0.9031384306655152,0.7506037634100361,0.8337704119689149,0.6801119545839626,0.7679935626671996,0.7822053185526001,0.7845706471522702,0.6632703293561201,0.8977007966688194,0.7945683257538941,0.650940892092292,0.9031202142255582,0.7502952051989688,0.8271383108382583,0.6874768566673036,0.810615476236825,0.6918162596546881,0.693306168260334,0.8231374487125447,0.6837419233288815,0.6619095587774871,0.6775538813404146,0.6247998320716696,0.7906877627342035,0.6930575264161558,0.6113844572521938,0.6407965972603609,0.7993128648378559,0.7336267519943752,0.710189803631107,0.8816539490584995,0.6714187374937133,0.8217110907940154,0.7668194221451645,0.7638427114938987,0.7731419815705974,0.7382085021736914,0.6774759124394838,0.7313627227513632,0.5777764149832386,0.8250769378831134,0.7809258986835033,0.701874089994851,0.6744853295498153,0.8723062548806643,0.7179829138756568,0.7065028665143007,0.8319668350414835,0.9183752104887912,0.7746273604423677,0.7393841256405286,0.8007264734271227,0.7843611567524339,0.795864682347279
0.8660499616733837,0.8062371184064168,0.811550619645805,0.7742054206159762,0.0,0.7542625849554395,0.8790097126860338,0.7610983169929135,0.8076357016520119,0.7525019420516907,0.8913130507514746,0.815744156516467,0.7826375188799167,0.7626781819940137,0.8692082000004604,0.80363234218324,0.7951373419959966,0.8311488771278929,0.7802669244165161,0.7795952052115367,0.8615378202700679,0.8948039380790649,0.8448576735239942,0.8505835084479835,0.8280928820348795,0.8027212473336217,0.7869393700942496,0.7480778729128561,0.7657585161997643,0.807203418464252,0.8288284012627988,0.7781076031660273,0.7873260863425557,0.7419999186327498,0.8710667437289064,0.8173433469234032,0.870809321426848,0.8141391080968515,0.7949395347331802,0.8337139757945833,0.7964207721638067,0.8443901245106678,0.8413922766066256,0.8649770675238097,0.7960680296520539,0.731794249339235,0.8108969248751211,0.8709748191143442,0.8904729214494344,0.8225854712090293,0.8539925153618211,0.7956881106761683,0.693956446050978,0.8243258818935241,0.8212023530099523,0.7509861817370244,0.8045642188720815,0.8497746803360686,0.7788171789502987,0.7591024011719112,0.7197943303511777,0.6602489154361734,0.783695357674362,0.7596567543952507,0.7520758767813454,0.6648385782387657,0.7609459851277718,0.8319340162390347,0.7990868780124919,0.8311115631995901,0.8567272147797418,0.7641009884897585,0.7562409456412507,0.8237300479174982,0.7320397573355434,0.6980501747354624,0.7772777301303496,0.8876803832728989,0.6884279976958738,0.6333117528075768,0.6913095182361366,0.8669629695499861,0.8063004176699115,0.6814254931902128,0.7763162315081655,0.7941206898197246,0.8161900517753755,0.7858861406986233,0.7061876409356324,0.708655172440754,0.9212580844754651,0.8184348749552297,0.8677648070985932,0.7026031473849038,0.8327464416577567,0.8143456986362934,0.6562551524309072,0.7652998257012429,0.7477499753417438,0.7321635491491763,0.740887518077565,0.7495597517614444,0.7656990562242563,0.7641047741710708,0.7854125315185194,0.7425918453475838,0.6816488607729264,0.7669179379273595,0.7865522760956243,0.8154876400961316,0.8466701626448705,0.8431634881099893,0.7561392505588295,0.728060473827257,0.7281117610803467,0.7797019774089952,0.7215787609533261,0.8355238715840776,0.7710784515457967,0.739655569130991,0.8599450338337765,0.7476425431064992,0.7696126891202703,0.8390159035167253,0.7925845743727921,0.7702645365592464,0.6907256543675812,0.7914941738929623,0.7508092287726005,0.7973980489078976,0.7218273656804622,0.7574270901005506,0.6581330706703866,0.7950524231068922,0.7991372300350955,0.7394843017351649,0.7471072210386309,0.8708706565526505,0.8117509948436786,0.8371549844471925,0.7345327510767576,0.7703114677209162,0.8380307521389145,0.8282682506163468,0.8641091442821087,0.817249326872813,0.8769570943499408,0.6692309810023065,0.7931926336087863,0.6071438686804814,0.8360297324174502,0.7238591366678454,0.8399302376384241,0.783436441060151,0.787591106655527,0.8217757539589116,0.7792717467440069,0.781282081619511,0.7972579416210566,0.7521092177457098,0.6727430673940862,0.7914328483008807,0.8311706481673282,0.9127693878755966
0.815742576653606,0.9211035287834343,0.8649275460402333,0.8306951089653931,0.7542625849554395,0.0,0.7973285006591573,0.9174980296390114,0.7659927618459952,0.8738303672229089,0.8303413986280267,0.889014809565641,0.8454777912702968,0.7347046651631547,0.7795251788155574,0.838905794587173,0.8396398026485689,0.7516362189690163,0.8730852504465858,0.7439406829379679,0.863753269776855,0.8179026049117316,0.7725659652836808,0.7830311353991775,0.8927264640504883,0.7299527333075909,0.7423606535242793,0.8287395750373798,0.8424994954521233,0.7952351031641975,0.8314730536493279,0.8467551085128022,0.8683459234516544,0.7963638126567747,0.7912855935372557,0.8016256191839979,0.8396939233012141,0.7777984052165142,0.7376729799804475,0.7781298476885067,0.8370054747926647,0.8374631578726452,0.743979206779302,0.8251435461966751,0.8180455679169776,0.766025668800099,0.8091985054405633,0.8066726844215365,0.7785639842876046,0.7283932515702376,0.8131818151463626,0.8731758823453206,0.7456478101114218,0.8714174142098098,0.8134482660571534,0.8692163441344789,0.7695328986666163,0.9185941264669043,0.7057104425467601,0.7702531977238466,0.891705432711451,0.7035454469611806,0.8417538843515181,0.6680335899014113,0.667054577254832,0.6998897899948541,0.7300259976869701,0.771844569569791,0.7164992056132489,0.8807940305152193,0.7799592522612275,0.6826029191524037,0.722588561710685,0.8189370463862856,0.8725680951038195,0.7761710133461023,0.7287670888984368,0.8371948639030306,0.7458041387645941,0.7722298943214025,0.894521014434477,0.7888908314209845,0.8538324025409633,0.836632090547342,0.766445565789899,0.855914305602148,0.889447164656541,0.69829584392979,0.8539820440436632,0.7515859599054845,0.7984526514276473,0.8433818962112467,0.8114934012658627,0.7489682546745443,0.7473322609051021,0.8887806179927114,0.7357041668973173,0.8902922144416934,0.671864710693316,0.8193036407844316,0.7085782634640925,0.745607778015077,0.728918959061608,0.8505303112299331,0.7868517661013794,0.7833891529139754,0.7692106167839684,0.8584437587691719,0.7935185439343942,0.8524294231894163,0.8392199932877391,0.6916226152217738,0.8347889422363578,0.761948014073934,0.7822057624678513,0.8541615813941338,0.8824600749704344,0.7195855662357503,0.8554038825245556,0.7997457009611466,0.6614034297123498,0.8538778604147609,0.7892517786636722,0.8908164447924714,0.6967252487725888,0.8910973749513074,0.7122238282646765,0.7972505512038389,0.8748919447307154,0.702705508637929,0.8364016368904733,0.8389851298977525,0.6901107239330566,0.7713537491036506,0.7337953238221115,0.6515001559389569,0.7777297564104559,0.74483404869151,0.7331786039908391,0.7839991488872669,0.8240046292120964,0.775252151430834,0.8355914984072931,0.7632853864650396,0.7981534369619396,0.7362108590739374,0.8240148581311293,0.8277946641762437,0.8566819645932946,0.6800407334075678,0.7817856050360114,0.8416640278207783,0.7293005864652462,0.7495108754275434,0.8959816035221151,0.7846181565190886,0.7726354643016643,0.9202873164734735,0.7748038371299907,0.7595152026146678,0.7938381923289035,0.8381657878078772,0.9047199783378225,0.763067531582774
0.8505462088471673,0.8282818145358167,0.8015729754241414,0.875083362866817,0.8790097126860338,0.7973285006591573,0.0,0.789164190162704,0.7485784145394045,0.8167342284922816,0.8274902146491315,0.8265692570754498,0.8179984707060454,0.7752458888545481,0.8872554114599532,0.7545195162179791,0.7670597386267493,0.8062094002273831,0.7709652284019667,0.7210331054283395,0.8485249820217803,0.8380685008795299,0.8880963312743883,0.8535301439249134,0.8769253722668101,0.8607083413147439,0.7841451755540252,0.7529532317536027,0.7625047724751172,0.7246706580280804,0.8417687732541907,0.8137542967558969,0.8671374039901079,0.821013198790646,0.8542004385379313,0.8255974382716119,0.9147649550969702,0.7226255856999761,0.7369433476693625,0.8920137687775497,0.7974706136921746,0.8376692059837295,0.8190855237258859,0.8854034520342846,0.8540678445974241,0.7722433966801477,0.8446188803548192,0.8500349608519719,0.9244313457127245,0.7757971541394485,0.9057949172575334,0.8315587166202256,0.6816703706792904,0.8739601075590824,0.8462007456084175,0.8137861198244172,0.7560109286021033,0.8109968121654932,0.83199438353388,0.7623448953234588,0.770463817415808,0.6777829581103056,0.7747883344780879,0.7192504900843213,0.7368038029739601,0.6938610987801408,0.8696774687493966,0.8862882509893485,0.7702611007604309,0.8220200815523647,0.8608741459830683,0.7429830420348636,0.7866449968647632,0.8789433147570261,0.6943224222417245,0.7543931013736147,0.8262510411518436,0.9117312410736729,0.6905547766144381,0.6370749626070977,0.7142496061344743,0.8884832081617594,0.7969887219726586,0.6726362725213845,0.7831888003058151,0.7682302492721194,0.8495689494391832,0.8334313883518851,0.7742118690140851,0.7356209404761529,0.8966953716189853,0.9187375571801744,0.8227924081969833,0.7054939790644049,0.8470618258632859,0.8692572659610066,0.6475462984596367,0.8532813181834366,0.7262505536784409,0.853375485631998,0.7355660084768284,0.7886701807707361,0.8783507939672455,0.8210765591754328,0.780034266827633,0.7583184461658227,0.7140303104837522,0.7763908823074863,0.8436168531166134,0.8520579637538473,0.9249071696973813,0.8035804764325012,0.8571590320010807,0.6715234326979667,0.7423325813874946,0.7794271340700488,0.7620625392356173,0.7860761386981276,0.8388226673910343,0.7647550096525064,0.7350522667744168,0.8098338628513362,0.7712411559816308,0.8880670576867782,0.7268503407521102,0.8089930329110434,0.7385781828900961,0.8031250498100544,0.788435001037286,0.7897625833413514,0.7004027224295487,0.6936406436876195,0.6297547889847277,0.7426417317853103,0.7551178356089042,0.6816963478339787,0.7094218969207944,0.8801316574059909,0.7998807058953004,0.7791106870158383,0.8071422191229705,0.7386148226921152,0.9009996167596944,0.8011321363578016,0.8420721994095749,0.8998581095151938,0.8163531551002705,0.7047813965669302,0.7910105604284887,0.5535702279914163,0.8390089443145524,0.7292002945265522,0.7377084260901211,0.8301478061819618,0.8376758178156133,0.8432622920799872,0.7667113848583489,0.8539919892859906,0.8663052366961964,0.8124626048941861,0.7512140432641462,0.7859011914287394,0.8623097440543678,0.8177124481521283
0.8470699141792433,0.9530814139490241,0.8896103737555957,0.7758451288805723,0.7610983169929135,0.9174980296390114,0.789164190162704,0.0,0.8316853054715566,0.895314030466413,0.8347708920412789,0.9055477933068922,0.8882368912320392,0.7426994708102592,0.8164200354600212,0.8806840566631313,0.8582589089350282,0.8071195919113995,0.8626363889309333,0.8271924559187713,0.8630475756812265,0.8621974635044084,0.8445389076184652,0.8485628327541687,0.9174682366009501,0.7359098065470175,0.8387910041745489,0.8678499823086632,0.8235861294059197,0.8577703678430534,0.8671677346334531,0.8408297790060759,0.827332616445843,0.8236592372918703,0.8028969473018659,0.7925191639300425,0.8714826270540668,0.8196955538978116,0.7650715207374611,0.8246123622131193,0.8261896423767233,0.8550016722259007,0.7727355682426702,0.7726947198967268,0.8974466907420251,0.8324770462558574,0.8314100031098846,0.7881436074468292,0.8184575524469074,0.7547652808997343,0.7851108401485531,0.8257951118977069,0.732680195442406,0.8276426507737714,0.7869800680297498,0.886932402705978,0.8033719463216833,0.9002791066478286,0.7233380317153938,0.8143727555420044,0.882631977715466,0.6779297846583873,0.7941080583935448,0.6977393407877367,0.6751029705921116,0.7104508234179647,0.7587527584225003,0.7859771454877655,0.7550410049483702,0.924173807786486,0.793536863405456,0.7108495036845561,0.696912591147158,0.8321262754250324,0.8837590991871304,0.7777162765288184,0.7396609412766346,0.8334530822974562,0.7941312622321888,0.6843384785709747,0.8112675630939865,0.7920506064350609,0.9014662021163455,0.8408851459961293,0.747279430238609,0.944216741081187,0.8815584374235529,0.7050660826391016,0.8928041339544397,0.8310274703336585,0.7835161445694194,0.8140532978240055,0.8067193363737173,0.7515028213226652,0.7260943035775251,0.8715328248663688,0.7294551905609591,0.8773236199492647,0.6547898876491193,0.825630746884522,0.717613053077139,0.7791371696067487,0.6895365226221011,0.8368405382959792,0.7764067915645235,0.8517959120525518,0.7789639522334278,0.9192155356267175,0.8348795948624124,0.8927565266461698,0.7963966004373138,0.7000330223698471,0.7735897026525099,0.8013020733757791,0.7820356490096243,0.9021185277096887,0.8619920715999139,0.7690322467960872,0.7823996342919178,0.7691860332268885,0.6970294370488889,0.8014668827664003,0.791528883031758,0.8828210924396566,0.682994548105159,0.877346733314237,0.6890972674056186,0.865438373177344,0.8538597010881773,0.755561540003925,0.9014848846761879,0.8336118061143416,0.7255754360988186,0.7471646004838413,0.7807537902255801,0.6593173285223084,0.8655238200242081,0.7814345564483413,0.8376764519567392,0.855104777130765,0.7697432793745325,0.7652963549963363,0.8415581847873241,0.741168602338875,0.8112178997050067,0.7516038435300999,0.8683630512279458,0.8391775645140738,0.9133608894923458,0.6836098877425806,0.7928901952583726,0.7870200664584761,0.7912205307191432,0.8306640167597183,0.8886022237259513,0.8651289099643458,0.8504375126198608,0.9157691265717662,0.7397183694159388,0.7089438261689565,0.7769737466595695,0.8020481170216972,0.9376044501515297,0.7813196310195902
0.8739224755930277,0.83596048529852,0.7354846946270541,0.6734418790082478,0.8076357016520119,0.7659927618459952,0.7485784145394045,0.8316853054715566,0.0,0.7202702999326371,0.7605950584954805,0.7785594338267875,0.772719374178142,0.7286733743557278,0.8059862314391717,0.7501787047621115,0.7341270471198211,0.8076260344297895,0.7495056892364167,0.8127046666435493,0.7447122990446792,0.8362495793832567,0.7668789184541793,0.778270037761454,0.7863739248011702,0.6548796195678714,0.7956702366604415,0.7405757041481381,0.6839757956872833,0.9053908593057617,0.8531332739836551,0.7313765721451998,0.7244533850932401,0.6918610572932864,0.8157478238636208,0.7086480627855254,0.810747077057306,0.7930380931404072,0.7279696746901989,0.7326066398000489,0.7186125210398423,0.8573920672927178,0.7172658408085105,0.7164938896715443,0.77118067235525,0.7346411575554079,0.7800988680301736,0.7049982242329942,0.7664540794231912,0.7436295887451588,0.7220214527917985,0.7251835391911831,0.7134425932153322,0.703543320308521,0.6748925292172077,0.8587249893114655,0.7762208423560436,0.7929735708679475,0.6762725873160689,0.7523622798960148,0.7099790683232283,0.6498144466908208,0.7047829859300008,0.6789831441825278,0.7085455935358665,0.6456169797692285,0.7077068685461394,0.7765341054009322,0.7129778923875572,0.8443614930075565,0.8119655444222754,0.7191440350122849,0.6780064853783041,0.7236032867130372,0.7681959861398923,0.7321983639640391,0.6559402830345864,0.7491233677676337,0.6851027605866755,0.622987840775413,0.6756133342155117,0.8397629322694501,0.8824606502495828,0.6976312742082007,0.690655994875284,0.8704402690562486,0.8044303250350326,0.70355603033103,0.7628066940598803,0.8542440269172304,0.7829419547699981,0.7899181589273131,0.7477612402014252,0.7144495397613259,0.7339631570235404,0.7798194449940743,0.6768451878282896,0.7410157459229957,0.7000263472219345,0.7118190956277642,0.7046210380197808,0.6552698575932463,0.6326869209296403,0.7031199738745993,0.7472285460912986,0.7376368002371532,0.6270259635700722,0.7722948175415285,0.7268349186515561,0.7741114206380829,0.6992769593335895,0.7112152001046533,0.6981022322620639,0.765711752673076,0.7018777420911161,0.8291194379628478,0.7384289147585273,0.7243085020565975,0.6350897363902285,0.7511286462007756,0.7665980970669947,0.7084954259816525,0.7324046092155811,0.800338469004679,0.7899383076186517,0.7098399945398566,0.6530098503741768,0.7867100657608016,0.6671318108897113,0.7306223486510767,0.888205956843346,0.7414344201856558,0.7212315479542654,0.8116548550715563,0.7309289347083195,0.6990879789511738,0.8161646604024618,0.7623229648018774,0.729639526935756,0.8314212768453613,0.678682418428645,0.7226225024942405,0.823197564029315,0.7193192357896856,0.7391589626126364,0.7254308182381166,0.9184757493504261,0.6869387472922441,0.7653320647432695,0.6193662309112571,0.7910934786280697,0.7122689543162796,0.7884601354890822,0.749830827178738,0.7303700373340846,0.8489925372253375,0.8048264510186663,0.7654088887994401,0.7087165726066332,0.6563867668701028,0.6352949610844891,0.8093159423077378,0.8637995332069609,0.8541843813859172
0.7743941435270887,0.900022395106274,0.9439034251545794,0.7572717030403794,0.7525019420516907,0.8738303672229089,0.8167342284922816,0.895314030466413,0.7202702999326371,0.0,0.835833317503961,0.8616519117266351,0.8684589818752121,0.7354703681922853,0.7845673911862782,0.8665304585277603,0.8226350136174975,0.7739092579006565,0.7989786805744186,0.7459935534262596,0.8345362085966407,0.8610774032758585,0.8220255378655278,0.791371136619822,0.9289195843715169,0.7168936007842522,0.8031856883906332,0.8014485708588192,0.8868725764072426,0.7749376159363864,0.7987593232025039,0.8699054861944938,0.7849672695376488,0.769341530451399,0.7502516434195277,0.7829453159838039,0.8607564086591353,0.7465237541873695,0.7269815339369787,0.8036120602788667,0.7601590178769715,0.8250289625508209,0.7785360306750059,0.7639687948211112,0.8481527141352792,0.764625882819386,0.8122061553004646,0.821465259985353,0.8362759523755064,0.7235691950853885,0.7788768210480645,0.7491970348801654,0.6813320890996162,0.8269399518242505,0.8341211669632541,0.812586655467001,0.7189609151743818,0.8466133599287855,0.7792105161699109,0.7443926323485285,0.8541464880044299,0.6544223406035323,0.7502258438330813,0.7051646416846673,0.6517389165155043,0.678597108326622,0.7576483911985203,0.8115764954837534,0.799470291258294,0.8752453379830688,0.7470550321376743,0.6835066061799246,0.6925975719366084,0.8385693322255572,0.8097341050828722,0.7398702907039544,0.7805819135637052,0.8528798022713611,0.6865345946425117,0.6377774318274446,0.7948689882996184,0.725240781679788,0.8353197416973467,0.7652929410390225,0.6975074293076104,0.7985578065424217,0.8378241233990529,0.729544714678147,0.824573766346482,0.7152224209502539,0.7575093212906451,0.7789688341172851,0.8112868308062506,0.6742047073647789,0.7114101461787312,0.8768750964023715,0.6733586579195548,0.8298300749601312,0.6263971704012282,0.7874491959758376,0.6938855131387132,0.8346134456303181,0.7062874968310267,0.854900410591651,0.7218260016645707,0.7785069520781385,0.7732354214176088,0.8663631255029376,0.8140346607496172,0.8807549081393197,0.8023736084400496,0.6637139349164576,0.7739166737384743,0.7564173880790919,0.7006383876011265,0.7718059521727579,0.7957041937348182,0.8401345171797457,0.8267269574182713,0.7115287881187213,0.6438621668886413,0.74358825263113,0.7198187472658193,0.8249398494691291,0.6330810177119578,0.88930209008776,0.6744253534633692,0.8079827119172103,0.8597328796056739,0.75063824693576,0.8080428637531103,0.7905904538318961,0.6405999160992625,0.6420745589236473,0.761982555550565,0.6435468246937543,0.7717243144092568,0.7423849573691964,0.8304221803179014,0.783655914809216,0.773940116149675,0.7758315999600081,0.7887671461867242,0.7565126540156697,0.811928421779345,0.7528678173744638,0.7676375842042114,0.8367437161082629,0.9337620348210336,0.6407894288650111,0.7084370165182627,0.7712443919159145,0.7376908943841607,0.8632684414338352,0.8559312713033005,0.8106391606610952,0.7849605299107105,0.8677261021336626,0.719814359113239,0.7170129284048378,0.8238584088125566,0.7245674833784099,0.8807365059084408,0.6961173788329242
0.8410640027304487,0.8681221018387514,0.8894230535171596,0.824674707330385,0.8913130507514746,0.8303413986280267,0.8274902146491315,0.8347708920412789,0.7605950584954805,0.835833317503961,0.0,0.8690084537577708,0.8346709807838031,0.7810730391341565,0.8190752345189299,0.8876523816049502,0.8801743270828358,0.8198750620487764,0.8613945172027514,0.80799808947777,0.9024046611260336,0.9191236335673265,0.853635735137261,0.8477781046167099,0.888581685116481,0.7809543120163944,0.8328011738900379,0.8647326190365763,0.882561272864228,0.7920675188259063,0.8111472376428422,0.8203309192259166,0.8148468665765333,0.780698745071249,0.8650911308335346,0.8500010722903706,0.8697359212600468,0.869397288895482,0.8195656963581127,0.8448233347312303,0.8340597916917104,0.8398728507630059,0.8115205884473774,0.861027653607432,0.8232401432722594,0.7249127633912631,0.7462082463239615,0.9125502822985218,0.8847421406247082,0.7988329203097544,0.8321073427819763,0.8083861256025066,0.7063422172498638,0.8888030572572401,0.8927231373694601,0.7347827942901817,0.816118317464247,0.9169941152793637,0.7777635095599128,0.7738068112150757,0.8430986869711978,0.6450779883245692,0.816034344360647,0.7724137864005182,0.6982147656579055,0.6728398233628713,0.7609835711076335,0.7615001367111693,0.8236141131781243,0.9008831321387955,0.7856499651937152,0.7502353637065805,0.7756952727806242,0.8533323268442095,0.8439731495456155,0.6963727530436807,0.7982279397437515,0.8699039366370847,0.7140781534110615,0.6659708646863063,0.7500762563445956,0.7968088557967317,0.7857985378011864,0.7878219582628291,0.7956842710472715,0.8285348141554689,0.8833010091541765,0.7394786989198321,0.7414299095638425,0.6863044651111752,0.876050609846222,0.777501324833013,0.8937557209181953,0.7224923316942956,0.817132368126312,0.8359815444563917,0.6909316231346475,0.7971551534357574,0.7097216906849719,0.7474068985889654,0.7631792979734994,0.7905419532528788,0.739963858840342,0.8104265657962033,0.7950394172211488,0.7421139299148092,0.7365526233748962,0.8534188268566023,0.7763096355549282,0.8523750868997125,0.8715663609125569,0.8020040324801985,0.7880172875788035,0.8343905901971785,0.7517120669366902,0.8088441995877688,0.7755583042772847,0.8565135648514972,0.8569121812744741,0.7638402689510666,0.7908406520482629,0.7743876587115966,0.8052898718413182,0.82783666746379,0.7666521884523987,0.8497224490078311,0.6821807205411645,0.7844536764404924,0.8603503608987024,0.7694154941163999,0.7516274190454296,0.8239764641529542,0.7322347271302511,0.8011915018278808,0.8479093417016759,0.6987830399828214,0.7521997413150834,0.82802740938299,0.8729594473408991,0.8287016494491498,0.7807514894196746,0.8096609383196667,0.8158081699845926,0.8519284258694351,0.8964575583783312,0.7587842255572728,0.8193447692112825,0.7100920524961952,0.8680324787235615,0.6879747038913773,0.8346460349087482,0.7808475320685568,0.8864251989981862,0.7558709560853325,0.8449212499862725,0.8106448963286317,0.8428616982929207,0.8082434978640756,0.8178329760423234,0.7656670136809293,0.7133803144907186,0.810563030851583,0.8295305319374787,0.8855789860651453
0.7869966150799821,0.9160121070521308,0.8494979023994175,0.8131228104665206,0.815744156516467,0.889014809565641,0.8265692570754498,0.9055477933068922,0.7785594338267875,0.8616519117266351,0.8690084537577708,0.0,0.7727582867192561,0.6727719588361595,0.8325068483094146,0.8188563090123623,0.7836757573074346,0.7199368427147904,0.906213706689187,0.7586605253082873,0.8755010184996289,0.8472832936596956,0.8394910318705041,0.8689556008163832,0.9314679971092976,0.7370235262863133,0.7626615884184917,0.7878483311307676,0.8523665700879133,0.8159468363923762,0.8984794261141503,0.7778030994643295,0.8476060976258647,0.8314731488028281,0.8090812259580126,0.8104132565392742,0.8530231927652574,0.7721894868746878,0.8504070661360879,0.7720398732184551,0.8508541987882575,0.8288297688061693,0.7593035782228725,0.8566761065893469,0.8381140218130243,0.7252047007595859,0.7673112112235735,0.8536603262912782,0.8181899623835307,0.709724592052608,0.7721237285030682,0.804612711651526,0.6491869585357946,0.8689735735075697,0.8342843126012376,0.8226270932926665,0.7444770867461636,0.9354676213669515,0.6787635079307098,0.728011220832709,0.8015158631328482,0.6093459696369768,0.7476816099317213,0.6792668813481586,0.637716266453167,0.6264156406878932,0.7110652668339899,0.7344407336657164,0.6849580041518464,0.8695007197145476,0.745807582864345,0.6680797381784283,0.6637981601024865,0.7731843722667946,0.7760090195542966,0.6958604101075095,0.7093236067481008,0.8664875981553295,0.736778466897711,0.6623894288155394,0.7511762321302391,0.7889858679342,0.8580569897906664,0.7456141340435912,0.7224454326850093,0.8653380765510481,0.8687665778083138,0.661901273806442,0.7651680409467754,0.7910653647882905,0.7835728274755203,0.8411022673880857,0.8059474134119372,0.6808112018080866,0.6939176843647782,0.9324473921501725,0.6762290593179541,0.8934465944016652,0.652804198382184,0.7424298775916482,0.7195921075377343,0.7509350971317116,0.7300025773491704,0.9086769766712834,0.7228383856818782,0.7455832756666663,0.7028582489903363,0.8765414829670058,0.7567966218171185,0.8996125785091088,0.875381044657188,0.7143375079984586,0.728105863944182,0.7393482264610004,0.7112010893300297,0.8046787646775965,0.7918368341227757,0.7848496331374876,0.8085979124683788,0.7309211519630899,0.6908531888628717,0.7916662159181391,0.7681857582714272,0.8669734268491713,0.6914634965916009,0.911080310090942,0.6291946360845467,0.8353180998645733,0.8626206481905498,0.6937953098769113,0.7959821866544238,0.7522425145428411,0.647107937834278,0.7800934850672103,0.8158382717813617,0.6363889020436445,0.8168169701653243,0.7827648528679945,0.8070410395159303,0.8674186104485576,0.7780720040811598,0.733554910428179,0.79499809476025,0.7537215346227658,0.8617556828431606,0.7515982126100526,0.8862564970090518,0.7437374944601847,0.8977018591364054,0.6573154508096586,0.8302583386757406,0.7723477692498505,0.7702383479545236,0.7681359682998423,0.9542874967044294,0.824356804676669,0.7797993716689537,0.9025556619998201,0.7667533277649894,0.6728044804730968,0.6889631426664133,0.7952510697816828,0.9090568365634014,0.8069035831529382
