0,1,2,3,4,5,6,7,8,9,10,11,12,13,14,15,16,17,18,19,20,21,22,23,24,25,26,27,28,29,30,31,32,33,34,35,36,37,38,39,40,41,42,43,44,45,46,47,48,49,50,51,52,53,54,55,56,57,58,59,60,61,62,63,64,65,66,67,68,69,70,71,72,73,74,75,76,77,78,79,80,81,82,83,84,85,86,87,88,89,90,91,92,93,94,95,96,97,98,99,100,101,102,103,104,105,106,107,108,109,110,111,112,113,114,115,116,117,118,119,120,121,122,123,124,125,126,127,128,129,130,131,132,133,134,135,136,137,138,139,140,141,142,143,144,145,146,147,148,149,150,151,152,153,154,155,156,157,158,159,160,161,162,163
0.0,0.8625584173986144,0.854832525440814,0.7878263727085714,0.8909886090625135,0.8687283060976102,0.8866486212894668,0.8551559443135353,0.8557759021778708,0.8495675115227247,0.8680281659847816,0.8049154896228757,0.9347965450673665,0.825363189216351,0.837237522409942,0.8864153961749656,0.8979613633354625,0.9143772856926846,0.7656658997376511,0.9225225545739341,0.9205388202587425,0.8837308617724396,0.8792840484487251,0.854337257744694,0.9160314282264626,0.8605804755837888,0.8153285515565708,0.9032993335182316,0.7412531670107014,0.7766687120151371,0.8697096788194775,0.8769216912994369,0.7766082894943517,0.8994245943139109,0.9237290294122913,0.7702048331648349,0.9660133349899682,0.8021893325279721,0.7189564860746397,0.8359914625029039,0.7137668904272768,0.9284118271539521,0.8601087704887083,0.8511546101893206,0.9051214006081063,0.878546280232527,0.8877589710117998,0.8601899133536564,0.9224563914604038,0.8137959752285667,0.8620722952232452,0.8980419721265466,0.7949761254748623,0.823375833882906,0.7782445255735979,0.9015584344305002,0.9399848851709731,0.8253688764575691,0.8089767866945946,0.8009830958973864,0.8583335078914014,0.702041611919706,0.8511953092118218,0.7536324976185116,0.820695934020549,0.8419026211279107,0.8931489331854147,0.935784926042008,0.8304683583236159,0.8964264322932605,0.9629687181990871,0.7961860713152894,0.8397059452222629,0.8912072026144054,0.8392433362366918,0.9308344637657318,0.8381389419086066,0.8856413315413543,0.785207453490042,0.7115636227189723,0.8344865226343203,0.9411732328098185,0.8377070222446039,0.7626342121450723,0.8251024224104784,0.8544643545421208,0.9211718371555399,0.8130500034597741,0.9053763154697222,0.8183818534688666,0.8848522725231444,0.8705639051296965,0.795435709004414,0.8718088523633437,0.8562475072736405,0.8601144694631788,0.7253611172273332,0.8880112128571344,0.733206828646224,0.8914660568575457,0.7592596886972381,0.7963923351271259,0.7701243282830729,0.7552357096187948,0.817648185044762,0.8935691853906059,0.7793730590254415,0.9040540237683116,0.8337954698277236,0.9137096769026392,0.887864480078572,0.8142804109967294,0.9012585216848243,0.8042645416885832,0.7981238203699073,0.878478109260899,0.9039542948333703,0.8159371965461404,0.82051169439398,0.8307435918318832,0.8222466529397324,0.7682905104331473,0.902867960193702,0.9191424012426244,0.8183286122312121,0.7806087201221141,0.7618292684938388,0.8317972432551474,0.7964073144137306,0.8134298656219745,0.8149900444372352,0.8707710693191346,0.7440428925416448,0.7957767656702796,0.8347039034445897,0.7958567147665905,0.8137207573599617,0.8395751224494434,0.8145627767630442,0.7862679202077659,0.7618573370440735,0.8003160679952748,0.9275752114835888,0.7784908214720186,0.8797182044895333,0.8922897255247029,0.8581286088868849,0.7635184584240805,0.8700529118879078,0.597995167100401,0.91940939397662,0.7259286350604568,0.8373194860650097,0.8289083997900218,0.8150840428181811,0.9099719235733066,0.8364229720264621,0.8839947083604089,0.7968005367035716,0.8260401983162345,0.8211005691116191,0.8568775215579518,0.897929537398868,0.9232844965264002
0.8625584173986144,0.0,0.9023472607719479,0.799819916115098,0.8455697377922818,0.8990873972454418,0.8356738921526314,0.9657094162752804,0.8424852703137955,0.9237611232382601,0.8833157256431229,0.9255101480549058,0.8967772231942666,0.7900643381431112,0.8879813165814924,0.9191366197706254,0.8731402750510243,0.8221721635097861,0.8184870699396627,0.8749989630042894,0.8740835284815971,0.9125717205593123,0.8731841109944324,0.9050934926869457,0.9071446916493803,0.796916917396441,0.8874610782802504,0.898020572441876,0.894330910855625,0.8200059273390269,0.9383547807031475,0.8015161072327492,0.8713213040414016,0.8639273867779658,0.8698428772800318,0.7940483346252918,0.9063522914946219,0.8641716805399571,0.8889083863700238,0.836770295595774,0.8482698884875991,0.8314432544811132,0.7552711115764752,0.8259827711428133,0.9199293660587687,0.8689620542373987,0.8297336530963692,0.8300116538242167,0.8465492938291272,0.7414236550968959,0.7626052165355106,0.8373959307295725,0.796665756653636,0.8608399478898472,0.8103697948366606,0.8853085654667686,0.8508695166901069,0.88873248890544,0.7073023546368618,0.8223174855327281,0.8886883595803544,0.6617164111924044,0.7571200501673544,0.7182170704774504,0.657244043603435,0.6957141404533606,0.8132506842978647,0.815800798302592,0.7388992977265827,0.9051233487535969,0.8340048818352997,0.7661944446414668,0.677576894391466,0.81435987115206,0.9025880758065097,0.8488446648850541,0.7618456104389381,0.9408022893143534,0.8712911438462616,0.7045880440809709,0.8362945358320267,0.8108542260690922,0.9313287855364726,0.8485900109803247,0.6990816015189908,0.9642255404017821,0.8229625315899792,0.6864010909550907,0.9198883383626455,0.8928090924735917,0.7859088578172657,0.8305379887367204,0.8303619785979167,0.7937478266641681,0.7366945700002564,0.953818787510626,0.7391002488948887,0.8767862505202807,0.6737730400985751,0.8361826607420706,0.8100087597271218,0.7314073806824386,0.6636322186927962,0.8395008744353541,0.7419398867486886,0.8807781578939251,0.7483586182082161,0.9482983109820421,0.8580618968404574,0.913036778104297,0.8103341593012188,0.7046037164662593,0.7573640766733962,0.8614628084065661,0.8086823026773221,0.9289651465764394,0.871859378889819,0.7856776420808338,0.7625288266727491,0.8216632590490526,0.7981122934884259,0.8027945026259543,0.785959738201352,0.9513889137097438,0.7282789279573119,0.9426897070548625,0.6727245580347485,0.9257611944881398,0.8685601747071158,0.8194865907987916,0.8704338225758919,0.8332083775152436,0.7629375585642509,0.8130155206487177,0.8477904963899141,0.7367092178990743,0.9172824321592962,0.8593840281204452,0.8734732415268038,0.9138440783714109,0.8095346657673204,0.7735400573807407,0.8581059091245492,0.7245052898487058,0.9019608317466891,0.7505156057035373,0.9273688645364779,0.9468298226558735,0.9281903943438072,0.6657826392573574,0.837203426411197,0.8240336904253479,0.8445797621759304,0.8497633202047197,0.8964667551359398,0.8901506201802138,0.8571781694779663,0.9464085094249383,0.8066332143081606,0.705319122832034,0.8392534815978111,0.8131264574605254,0.9491528008238381,0.8589481406863387
0.854832525440814,0.9023472607719479,0.0,0.790538004319344,0.8953128195914479,0.8236953187816339,0.8787088235329774,0.887476523544108,0.7574407238227174,0.9833768862773279,0.9045380944261455,0.8460605907465462,0.9117692182527887,0.7869102148267785,0.8758483685870878,0.928534186276634,0.9109213440146885,0.8935878291235515,0.7819641686884807,0.853865681181296,0.9445109115073251,0.9675893576856052,0.8967755147665744,0.8795754090551886,0.9221904824927969,0.811510388541795,0.8629211426986937,0.886756584107128,0.852687485856914,0.7523897514685794,0.8279471630324523,0.8552948700553457,0.7945991582053372,0.8256026831554705,0.8227727838271737,0.7862416129470527,0.8998842322821549,0.7889596561276607,0.7947698589051956,0.858841819339782,0.7588515757544124,0.8610346580244261,0.8685163040666773,0.8009289796027451,0.9051714241621098,0.8684207069710412,0.8447930696140774,0.859682062456211,0.9156168507848489,0.7962019364056788,0.8301498309054445,0.8003041104804497,0.7740683875349336,0.8769266263627394,0.8384905058629875,0.8025715505889867,0.8504997150303562,0.8390316772536182,0.8298730617417228,0.7879640031422706,0.8797334069735238,0.6496447696130379,0.7946273603343129,0.7513662142091123,0.7468061574426753,0.7658811179877858,0.8444039062440821,0.8833820660012929,0.8736929073291034,0.9001731705494034,0.8549106658466914,0.746807351695014,0.7357885720883965,0.9054407294873351,0.8570499885730549,0.7947025675694785,0.85895730715389,0.9128978626316926,0.7485913050937578,0.6052114621887774,0.798934342507589,0.8288176843947016,0.835284444708038,0.7460693423391148,0.7221755635621966,0.8285012703762734,0.8082317871983815,0.7686590828471326,0.8539190542002252,0.7584958797310588,0.8251434960876171,0.7905792112348458,0.8477078570137663,0.7433453262027915,0.788048801569114,0.8729279964402243,0.7105261213420309,0.8250962334907955,0.646701165843018,0.8339602191360144,0.7250282429430724,0.8650487392798702,0.7183295068145037,0.8218049660814262,0.7391153035791482,0.864963647422792,0.8287680179252547,0.9081175623849987,0.8705402077620381,0.9085140099262321,0.8525797119365062,0.7318178088730056,0.7870196634568228,0.8049787656939282,0.7365942230036632,0.8243466482740502,0.8082220996547513,0.9208956468250599,0.8276515058966786,0.7360853896347299,0.7671509365773209,0.7332298119778258,0.7521200241643098,0.8765704247193724,0.6679810342283163,0.8616092073465385,0.7023089387484305,0.8450079467408779,0.8438844402489881,0.8453603215443476,0.777647588732531,0.8717945258497137,0.6696564934890834,0.6759964384040192,0.8734523326347995,0.7490098955309319,0.7878452400416477,0.8269311160732378,0.9134318797590788,0.836068133622383,0.7747664002326723,0.7687677133109919,0.8626079487042362,0.7870427586289017,0.8693056853299335,0.8064339210347305,0.8235859980179981,0.8813291400688511,0.9464686999902419,0.5967548318710617,0.7773461768596134,0.7447794132820271,0.9046294231270634,0.906689615779208,0.8460890313360989,0.8720777505933661,0.8241294560092007,0.8722539047981752,0.7584056195460047,0.7372135694502769,0.8955601126641197,0.7098988115429641,0.8785130032439911,0.8025427567340682
0.7878263727085714,0.799819916115098,0.790538004319344,0.0,0.847557219249487,0.7679209570936049,0.8905477766694113,0.7673035560837088,0.647196172292362,0.7959391287768375,0.8564095009094171,0.7659655224176404,0.7896558550895372,0.7708432880538434,0.8696851012438825,0.7520211222017089,0.81898423301666,0.8208396370795236,0.7686002337393436,0.6860296775370344,0.8479129037558545,0.798917956866723,0.8548422044727516,0.811127822503107,0.8020862266246617,0.8740725248387248,0.7997731212462745,0.8570333216412253,0.8138111548327264,0.6265023731038882,0.7624685934991162,0.7227564471799234,0.9585028744156848,0.8030472773920352,0.8441967065400683,0.8003212272642853,0.8038844535923183,0.7616621388746625,0.7314961338541074,0.8625821739758002,0.8961009735312533,0.7173791539985291,0.7789154097277229,0.8975665708932336,0.8035090841329333,0.7855414171841493,0.7368503271914744,0.8082998325325595,0.8431272918250938,0.7353712818576555,0.8586371988696565,0.9130414975273746,0.8001702925125712,0.9346816589184822,0.8480002933471461,0.6980144214460023,0.7936383290410225,0.800911100638538,0.7610854220839461,0.7476045280714337,0.8129154121940312,0.6369682162125686,0.8746459592175128,0.6841578841617663,0.7034265258225628,0.7072939944962731,0.7917748218743705,0.763862885489997,0.7633676700632176,0.8180832298398858,0.7858897672587629,0.745422505268037,0.7332402784171873,0.8383960197895491,0.7601435735973789,0.7562184492889645,0.7670267038520571,0.8707288188360697,0.8252358281715827,0.6353121793204783,0.7869253107575769,0.8171551042950496,0.7144768210326241,0.7592814362763547,0.7570241221198561,0.7588970537030977,0.73760374174042,0.7343777946436354,0.7835342688134921,0.663752312526079,0.8737834678369456,0.8041404693420002,0.8298689231527427,0.7392152864242431,0.8280944386740138,0.8296237992454307,0.6423632842136795,0.8093817970555334,0.6630947357177102,0.8319004763167287,0.7319483248958915,0.7040751693339669,0.8279386718227835,0.8414147805610154,0.7656161778515084,0.7475598568643983,0.7303434403277046,0.7927850690730996,0.8384121379183457,0.7496022568494645,0.8798598171261548,0.7670136779005342,0.7874111082124283,0.7124102719961829,0.8514475203751324,0.8013970560238947,0.8086241357957826,0.702952362035572,0.878089892693946,0.7903412161836301,0.7336805874408171,0.8957987242193692,0.7226904242968527,0.8629134866640312,0.676824144645111,0.8449550003737246,0.6851586118826454,0.7298660505811028,0.8387079611703653,0.7988860565025563,0.6402297681281391,0.6807904626321943,0.6579336444306292,0.7542462555372085,0.7251550834563321,0.694525798142253,0.6586722356369719,0.8850221173638669,0.8199098971516872,0.7364177167303795,0.9510437622473786,0.6737310098847256,0.8240524865134867,0.7497656576663966,0.805305957840262,0.7677400140604645,0.7212430116271796,0.7795455217712226,0.7469251935205106,0.5584301610084059,0.8368338395733241,0.8384236850757327,0.7578381354898931,0.7310018833529883,0.8471243456994746,0.740189812281276,0.7299344432511358,0.8230451334306221,0.9476326150176219,0.7760751284847655,0.8979424284003392,0.758638633611215,0.7707562012417118,0.8213297467935109
0.8909886090625135,0.8455697377922818,0.8953128195914479,0.847557219249487,0.0,0.779315792952765,0.9446838574308627,0.8363068451017871,0.7819749167282237,0.8810197416681451,0.8524578255280084,0.8187982415721751,0.8563967713661241,0.7975402900546316,0.907503131115238,0.8467835803048953,0.8896868719372918,0.9362523395990081,0.7793262083391691,0.8079554391291043,0.9281942141133743,0.9106481410060167,0.9503529845601643,0.8453635317600449,0.877641473208305,0.8459179162311123,0.8671593813042028,0.8711017529350485,0.7693641891465991,0.764287432947084,0.8332222773882307,0.8298784953954609,0.8311108083693093,0.842158786218664,0.8707256257294266,0.8117949952505719,0.86440819769134,0.7822579962493479,0.7453085869459727,0.8690093660059185,0.7838992269612916,0.8699412388286449,0.8993395518976017,0.8294809902064867,0.8803249067132366,0.8779831003804872,0.8877496486615378,0.7985028582906276,0.9391538614472087,0.8468819862454413,0.9010274424893142,0.8655858446488042,0.8268146905733476,0.8703851303439014,0.8201328793933974,0.7921208799742983,0.885778679836152,0.8504426924762208,0.8439297833993151,0.8093715572578225,0.7829664796528047,0.679446354913298,0.8421227457552612,0.759574836061211,0.8181738942993774,0.7594189713094079,0.8272407775694021,0.877662136898081,0.884550843205012,0.8709283415224043,0.8842633585071321,0.7722762446648426,0.7703090393811953,0.9072647687032426,0.8019457903556835,0.7981297628182442,0.8382392439717966,0.9157382042705355,0.7604182465679301,0.5733974214433532,0.7324809331606789,0.9330107623768766,0.8015855419082347,0.6932796619043136,0.7828393460886897,0.8070638087900954,0.7704089310105764,0.8342108961383332,0.8517460847748916,0.729993847271296,0.9442656207945187,0.8668471565632174,0.869749409580269,0.7460618281132144,0.8523154215382646,0.8397465921894157,0.6708017108616889,0.8440692517018621,0.6996131298697185,0.8620656344013249,0.7014256724388587,0.8102048919867744,0.8134740125794391,0.8205303350374655,0.7992106782966875,0.8550923687580252,0.7932008786623668,0.859751655268077,0.8853590291704786,0.8216345673172439,0.8817023833985589,0.819061389766255,0.789444337202282,0.7733857932070978,0.7774487935810156,0.8369320668024901,0.8202550825152107,0.8597808861623025,0.8214311722142632,0.7830063910254048,0.809248734631747,0.798123997425818,0.7462200805610706,0.8787515320498903,0.6826183882749655,0.7934000931908386,0.7489324154182694,0.8143400517516216,0.8011340113453399,0.8423443013515177,0.7536288203792025,0.7927815851577988,0.6287326637834085,0.7163056018293344,0.7727922677749831,0.7368268979037896,0.733942584826616,0.8750379290141186,0.8634817763868685,0.8371110788921644,0.7829797548652968,0.7430688988290505,0.9290609287752815,0.8200266465709715,0.8171345505498476,0.8793044771379952,0.8354142613886582,0.7924238821956215,0.8560896264576952,0.5706050030432012,0.821071775475565,0.7468195025070049,0.9063480199094223,0.877916610366399,0.8313152397709949,0.8148774780778247,0.7528813483887419,0.8436097624659162,0.7968454166525123,0.7798950587774477,0.8471642917007667,0.7344694020131621,0.8712313425265704,0.8437303163828599
0.8687283060976102,0.8990873972454418,0.8236953187816339,0.7679209570936049,0.779315792952765,0.0,0.7790616516347225,0.8948198331485968,0.8337000265688616,0.8587709435462796,0.8397078265200741,0.9149355715022203,0.8320177745509986,0.7365733642128288,0.7619181851908955,0.8657820830608881,0.8282398907205294,0.7383156648199013,0.8834529402754452,0.8373822462819734,0.8679327307946041,0.8056248065915954,0.770988400974482,0.7727299797638884,0.9233529866472896,0.7440519543990214,0.73272093601809,0.8470814177426407,0.8131266434256947,0.7986828547662687,0.9246172118677096,0.8337155392332408,0.794627428479138,0.875660919395241,0.8678078625743781,0.7698954892634491,0.879634991656515,0.8030558006501963,0.7893263387782833,0.7112118591976658,0.7502906035795258,0.8590246057885828,0.7460600283400457,0.8675405421430223,0.8308516200156149,0.7556949395732081,0.8024580075570038,0.8453286101307808,0.7868830532977613,0.7057463429943136,0.7545032046576007,0.8711507302165541,0.7338624805886022,0.8228845350896993,0.7836797895660166,0.9025838610815485,0.8122027852923511,0.9233570576733001,0.6681398250599194,0.7351576282200617,0.8553236588575994,0.676885746689036,0.8164791148951129,0.692639705742038,0.6554840186515362,0.7005958482752197,0.7514563888346819,0.7856737671633688,0.6960599951875716,0.8812630009409422,0.8113999562655575,0.71163003207718,0.7283598878669064,0.7587529804933385,0.886945144024569,0.8717462694497385,0.7114021735893692,0.8414946832157458,0.7901120943065515,0.7827334125749457,0.9342067379202199,0.8185314124873424,0.8453568684906974,0.8221496129460024,0.754146732299883,0.8633763315118121,0.9309803563438159,0.6833806535087936,0.8787532433721956,0.8152538728669348,0.7774832249788715,0.8666562012191276,0.7717895270390186,0.7958220255201954,0.7205311006775356,0.9422348331987579,0.7637923217952443,0.9400626122099672,0.7057963287666621,0.7945894449763201,0.7597618145512925,0.7220087169295302,0.7090102922303827,0.8458776642836545,0.7708171258374678,0.7970599021124203,0.7232981207970002,0.9111875644252938,0.73228965965486,0.8745290165478913,0.851867718130499,0.7130261716280434,0.8197089295292606,0.8269188373134794,0.7616132265960117,0.8306696545948298,0.958157282313743,0.7443639429737156,0.8114033647528592,0.8401688772672086,0.7045706406992489,0.8190903257435667,0.8585900498723815,0.8880119800865877,0.7957808997864071,0.8721030695423181,0.685491562781003,0.8154141729844494,0.8598746395279052,0.6934966394530341,0.8605102772320977,0.8679474659874509,0.7305062777593762,0.8511981143189568,0.8033248134863689,0.6986680872615902,0.8458123668129675,0.7427778057235923,0.7218823418309943,0.8101318564679231,0.7921346077964598,0.7972897926747876,0.8190835925142954,0.7441692953230943,0.8690705327845516,0.7698292024769657,0.8708080064063562,0.7871561397598438,0.908827036324933,0.6797930934938247,0.8869448241717766,0.8440042975832468,0.7360282463294087,0.7270791915567559,0.8989565052556745,0.8198990875465807,0.7517852056356812,0.901599701769497,0.7570020408640403,0.7365147596248738,0.7565990445618843,0.9111015078262045,0.9285197527725745,0.8291901591518653
0.8866486212894668,0.8356738921526314,0.8787088235329774,0.8905477766694113,0.9446838574308627,0.7790616516347225,0.0,0.8158945614323921,0.7299357628851247,0.8850738922673748,0.8328638252215258,0.7950919721795414,0.880068976317833,0.8075174455177815,0.9211092957660747,0.8178023810366808,0.8675784907525678,0.9222055857907911,0.7426479333694624,0.778863016990359,0.9295571770514989,0.8807778856447916,0.9575901128860792,0.8729152486666469,0.8813596611873522,0.91113781990131,0.8450425404872937,0.8558238072259875,0.7590060068853894,0.6973116392818922,0.8184104216486788,0.8356834918678656,0.858330489694979,0.8819966942642468,0.864312585757208,0.8068329019559076,0.8970734463560384,0.7331203755194474,0.716999238704169,0.913517552552366,0.7807494656992031,0.8457342618001281,0.9018208714704115,0.8574094604294873,0.9065457701776068,0.9121289170927328,0.8977053275338409,0.8208293168139522,0.9651951795756615,0.8270253836992878,0.9385567710999452,0.8949567013174949,0.8000041939149317,0.8985070389680233,0.8318224096832249,0.7999187275907486,0.8630273276726943,0.7951077332749529,0.8808768381699583,0.8064404343922766,0.8105672975005218,0.6831515816209083,0.8403495111634968,0.7440177328351102,0.8310700682986769,0.8087933794396194,0.8937065696340065,0.922181236965941,0.8624132649989122,0.8405958227597504,0.9131153291379681,0.7760813811684375,0.7929939608163672,0.9457585069280298,0.7479683575172742,0.8374497580642599,0.881929360476549,0.934652105911505,0.7697971194269395,0.5953510298072273,0.7519157635107135,0.9384650667475116,0.7849946302773176,0.6878099335194646,0.792703420698323,0.7831879372081412,0.7804530972044167,0.8561404548124848,0.8663098525528276,0.7348407315704255,0.9260360948477219,0.8849228769028743,0.8393207647598219,0.7682511576948559,0.8740295207133327,0.8464784190302009,0.6622462639951714,0.8639478817387305,0.6916059320697597,0.9212009529035929,0.7129751666314597,0.8309984864418757,0.8628056000722806,0.8166557166592201,0.7877411350333742,0.8708514704427807,0.8176853690108695,0.8424151658898399,0.924824208309029,0.8513392124574594,0.9295882175775152,0.8155860576974491,0.8415256490338172,0.713059439224297,0.7936693960022198,0.8284004303503947,0.8245928716409847,0.829830115629368,0.8602373854897596,0.7746614217632921,0.7794594747452205,0.8011688934447952,0.7653945058229765,0.9113431451172966,0.6732792072854071,0.8023572935276019,0.7660500057611302,0.8156217480145279,0.8106411664393488,0.8618733301025828,0.7084206694635323,0.7490875828541234,0.6311045966603641,0.6917704782953202,0.773549715293595,0.7354290244597945,0.714391805778515,0.9008431285580888,0.867387703006426,0.7822733571569996,0.8153801551734909,0.7281626908639074,0.9457451234972244,0.7937876890215223,0.8307370443263784,0.9161318028901816,0.7952866063011974,0.8037643945542835,0.830994210343607,0.5391561963422419,0.8331789901950237,0.7233061427369526,0.8247888584042722,0.8938320809393228,0.8359708274473427,0.83768024530625,0.7670841199505184,0.8696375045307306,0.8371211193509858,0.8171971358445006,0.912236429003411,0.7286380370112698,0.8575588605588425,0.8207315596828303
0.8551559443135353,0.9657094162752804,0.887476523544108,0.7673035560837088,0.8363068451017871,0.8948198331485968,0.8158945614323921,0.0,0.8884817107977812,0.9084416795093145,0.8350947710086908,0.9427878572018649,0.8691860297676796,0.7386462927086866,0.8661513161047845,0.8995883480194565,0.8433439578692521,0.8079069263743689,0.82563884627411,0.8541295834929177,0.8567732592365228,0.8902261799986844,0.8704842081360492,0.8744009630865512,0.908154403731733,0.7619358506987824,0.8738303064779358,0.8736815561406209,0.8189841744878414,0.8820851731317948,0.9411427639633994,0.7886383438967415,0.8296008138660174,0.8514051387397508,0.8215656849333787,0.751909895381188,0.8851331232170864,0.8201015423423826,0.8459725516973181,0.7934896346939199,0.7960009139205145,0.8615291157882504,0.7489002963192157,0.7765738232511706,0.9001029394120578,0.861715764437786,0.8383512441138616,0.775637377238521,0.8182265985178058,0.7161746916182037,0.7407506077123772,0.8138151330376557,0.74245518938348,0.8073297433931111,0.7553148720617692,0.9066208779402077,0.823296118636363,0.9131447945113785,0.6770119534459528,0.7899040145082142,0.8414620728406166,0.6448522544785535,0.7364752166038065,0.6795168666714633,0.6382869067305228,0.6730161591405504,0.7771538189920507,0.8116227527422553,0.7227005227059088,0.9268936163173763,0.8179327084336263,0.7111378086742918,0.6545784885643008,0.7915935136057267,0.8852299758064273,0.8159706397929912,0.7386438696858879,0.9046869534060221,0.8499232171483012,0.6635200091074606,0.7954933744298421,0.820983745231789,0.9544620338471596,0.7969806519908681,0.6796565710139442,0.9615388446964558,0.8242778312035123,0.6731340717254026,0.920560241139182,0.9107139939403396,0.7778124871298151,0.827298154255301,0.7811900293486349,0.7446813691124023,0.6981884506986851,0.9376257801861039,0.70630554271123,0.877948816963045,0.6454905229049348,0.8121441094281665,0.7389833354348162,0.7365215118535002,0.6545402689607162,0.8394630426509249,0.7176578034684341,0.8840732990076134,0.728058985818858,0.9552730790423019,0.8217619473881619,0.8907452721844853,0.784476964070485,0.6797285926732946,0.7282444228939308,0.8528633565305652,0.7610733373802449,0.926415464167911,0.8542815886183835,0.7691512009109223,0.7236323743016202,0.7973548764996823,0.7482716596487847,0.8024333480885641,0.7521980366893352,0.9294660237363529,0.6797238825062878,0.8929053891345032,0.6593416848539375,0.9176283847848179,0.8140661737910826,0.7684051436774888,0.9145281303022295,0.8347982325390267,0.7217432192681479,0.7793206644580587,0.7991157931547255,0.671811625850688,0.9235627860806191,0.8048189830513375,0.8321753363363,0.9325221038265628,0.7598166326835254,0.7388075957028204,0.8444538774012295,0.6967520421577855,0.8390479719757592,0.7532565669533003,0.9557990654066225,0.9219879891532576,0.9201976803037791,0.6429239407145506,0.816988188275072,0.7735016512370663,0.8241591957234942,0.8498769843149265,0.9026455331215345,0.8832998267208858,0.8254643784226804,0.9556444363274532,0.7435785157734927,0.676825375869713,0.784213842267919,0.7776639958331137,0.9587684190621041,0.8363419598684394
0.8557759021778708,0.8424852703137955,0.7574407238227174,0.647196172292362,0.7819749167282237,0.8337000265688616,0.7299357628851247,0.8884817107977812,0.0,0.7733457257098545,0.7202085888905302,0.8465089341287847,0.7798502035612397,0.6657551963397002,0.7556167270511057,0.7931241095018206,0.7442695050774409,0.7537613081649116,0.7583007647767992,0.8355883829907629,0.7581483682880827,0.7944983877603002,0.7770249436306593,0.770194199411788,0.831811368364346,0.6634641721901139,0.7642174353788537,0.7714094905932195,0.6610841434134143,0.9539414422797261,0.8839395125962424,0.7331643659837543,0.6879351054521224,0.7697157309768015,0.7617683164626056,0.6474743814609438,0.8140498360524748,0.7306721434661861,0.7107791642666967,0.680071622920241,0.6518771970195884,0.8993768380678815,0.6812880520719222,0.6849202463199299,0.7854254780099729,0.7670301880838386,0.8101542516963435,0.6771336601489042,0.7342133877250595,0.6610554310089818,0.6643747049495126,0.7377987371700369,0.666437566113899,0.6636338657247673,0.6240948544984625,0.9340373075995383,0.7707102156296299,0.8335288900671753,0.6132255499797507,0.7031405413806587,0.7077320079026113,0.6153669103489551,0.6622869462140492,0.6225669354971891,0.6302976361172521,0.6310294074988954,0.699751750204873,0.776906995565013,0.657349872998343,0.8501166358242228,0.7845157247231996,0.6445458420863751,0.6345690004595641,0.6962024528701805,0.7932511991543074,0.7802139195071703,0.6507916162198967,0.7731803518612816,0.7229650805452893,0.6477082793044744,0.7161806884568014,0.8157006348713092,0.9243193596347267,0.6871797225032926,0.6468284373735741,0.8865623157442443,0.798786979125581,0.6366886596116009,0.8373210471789304,0.9127480066255257,0.7263233406830912,0.7877952609211003,0.6657079690283197,0.7023547511561726,0.6452113283693943,0.8285592472082268,0.6427919653519993,0.8161731118021829,0.6328777318097097,0.725624822628042,0.6502696904809218,0.6505392176324766,0.6042089030383473,0.7267266728358783,0.6703111969245645,0.8081332309700742,0.6265913271539493,0.8768937560443542,0.6994289015615711,0.8198516168539267,0.6996726726598523,0.6415029095261882,0.6859998113646761,0.7881860288545698,0.6627030433217675,0.8620167897539049,0.802220057924496,0.6960528416681452,0.6263650459263447,0.750664578973606,0.6994333374267812,0.6959826312161355,0.7387591097053721,0.8288001476188065,0.6964648272739161,0.7216433314291352,0.6310152446371794,0.8134617001862542,0.6716612097767253,0.6613430208849794,0.9629388991418109,0.7938449826806321,0.6756266674575788,0.765731402776846,0.707912426846609,0.6312553833910126,0.9015279168231037,0.6925338500411933,0.6940777841760888,0.8406405602378806,0.6371636012012616,0.6920737998820929,0.7909322819492957,0.6350702492014162,0.726945298389524,0.7315798951782204,0.9523249227712557,0.7519716608100643,0.8208537588159978,0.6089277824583476,0.7761476542374253,0.6705199279310343,0.7471040853597525,0.7646832795847834,0.7888287504600558,0.8309981786346151,0.758736221407195,0.8593100041898275,0.6406460138062618,0.6287979653042256,0.6455040977641546,0.7725638828404346,0.8968875053802758,0.8238555336327082
0.8495675115227247,0.9237611232382601,0.9833768862773279,0.7959391287768375,0.8810197416681451,0.8587709435462796,0.8850738922673748,0.9084416795093145,0.7733457257098545,0.0,0.8837177399311388,0.8954102483653641,0.8915002244096784,0.7578314313707436,0.8815813429883724,0.9102977114544188,0.8827382744530778,0.8570068445201646,0.8209199989711561,0.836876224398694,0.9413087434131928,0.9463634006458478,0.8969541790146972,0.8826425838513581,0.9507596578156041,0.7925886988592127,0.8419248086244138,0.8721817292811154,0.8556098472978645,0.7749177525794054,0.8652831152506574,0.8496093863130646,0.8097661283422618,0.8450411081315827,0.8183870605061316,0.7778692683093249,0.900506486286728,0.7678133477044257,0.8087976208986228,0.8338041378938091,0.7671753248387175,0.8715992794288715,0.8472060379496108,0.8147020663575186,0.9009679541922622,0.8580168252691653,0.8526846534863018,0.8524345557951791,0.9009352195337549,0.7633018592247917,0.8159031944307871,0.8089371340108591,0.7495045916271162,0.8770409015749198,0.8293863468040679,0.8330174612165068,0.8253839241616697,0.8643149844121214,0.7940964624060867,0.7707700025678856,0.8669097493318223,0.6396043172267297,0.7794938677600223,0.7225890608078804,0.7182188476727552,0.7376816991163305,0.8221458194760397,0.8730556142714764,0.8221425518767023,0.9038193510179157,0.8399824139747357,0.7218117608177043,0.7116222292606685,0.8764648415039338,0.8440687444299066,0.806414234014321,0.824920659075405,0.917777870610676,0.7542592534211148,0.6172682764569571,0.8174028820697954,0.8323578481184081,0.8643515264840448,0.7393050042313055,0.7085820480711783,0.8400313892857911,0.8158140948379943,0.7451238836564043,0.8677438397365598,0.7824950132853934,0.8095545365269333,0.8180500609838479,0.8305258151073773,0.7335208876556338,0.7564945541341616,0.9148251072111572,0.7006635915714605,0.8620647636219172,0.6385224865022934,0.8294817616738965,0.7175421611811722,0.8415696576430052,0.720786520246607,0.8670998990941429,0.7241695783078481,0.8565910001337292,0.8047467991768875,0.9269088820070468,0.855455116676385,0.924609052839413,0.8664515880515393,0.709917560767388,0.7780133884482695,0.7880829057690912,0.7262819596798571,0.8280393997519228,0.835878360607754,0.8991388384434108,0.8237725503506123,0.737805241310141,0.7330286809218619,0.7450881457875793,0.7502489894987098,0.9003442672829715,0.6623648030275862,0.8891625386340605,0.6861801798460497,0.8516786207953249,0.8500843360339155,0.8085235260753264,0.8004741129491055,0.8480354617347551,0.655519795083475,0.6844424313473343,0.8592423723328727,0.7197828999180214,0.8136510832220755,0.8119970547682587,0.8818106883641926,0.8582342772092871,0.7865662759569625,0.755865947500516,0.8607554276833113,0.7645233752779557,0.8647564421089569,0.8057238947386819,0.849663318996465,0.897801843837592,0.9658276541530288,0.5944701037388297,0.7889728398406025,0.7677184936781447,0.858825595712181,0.8968030252190781,0.8914466065127871,0.8730368067200164,0.811346818054989,0.9077126984784174,0.755667609938392,0.7215849273484092,0.88154300947653,0.72665673660453,0.9107576860818749,0.795959602731364
0.8680281659847816,0.8833157256431229,0.9045380944261455,0.8564095009094171,0.8524578255280084,0.8397078265200741,0.8328638252215258,0.8350947710086908,0.7202085888905302,0.8837177399311388,0.0,0.80407803193678,0.8973539970036022,0.8153785881324935,0.8560787302932075,0.902655876523829,0.9135126961767099,0.8782094487171686,0.8109081647914258,0.8535613419108069,0.9148979638633337,0.9241739232313809,0.8360523505803287,0.8696869103758309,0.8840026392521206,0.8318754418090026,0.8310678158033515,0.9440976665534936,0.9075470820148677,0.6915570892060615,0.8098661999885958,0.8028108041708185,0.8498779777963723,0.8046704831448738,0.8876681454168074,0.7925177945745866,0.8996824987128424,0.8646074126577645,0.8222790915044876,0.8559124520445907,0.8226993868446769,0.7862434015441657,0.8199304710246262,0.8845290746660711,0.8532450150466444,0.8024627937270843,0.7418452030654314,0.9336076638479047,0.883502633750751,0.7699566543987147,0.8190412376397646,0.8487759829336253,0.8222756347255649,0.9210458274387494,0.8761627997993658,0.7483760342460531,0.890519249615813,0.8315569746309485,0.7870430706423378,0.7708963010548344,0.9452976473274655,0.6378369656247543,0.8689795365220003,0.7392417918425433,0.7318432359352006,0.7678359385896527,0.8354594517479631,0.8187928412127194,0.8266852349181032,0.911330529115786,0.838029780385198,0.7897587310384582,0.7622771161970023,0.8662641506403045,0.9018458383771057,0.8191718687062622,0.8160336623268557,0.8797489406007454,0.8128894824718605,0.7113640635020387,0.8850148848018122,0.7965239672877349,0.784424453457751,0.8554910223018107,0.7523491079701622,0.8290458406749065,0.8499130061159224,0.7285457434857588,0.816114568857944,0.7219627649899759,0.8232159254219413,0.754630374716162,0.8664580734243376,0.8286886076936553,0.8243584687050992,0.8670430035497642,0.7352930453412625,0.795290860544797,0.666516166798222,0.8080822950651637,0.8080817310171352,0.7766383346256183,0.713447249943873,0.8025981939155157,0.770115648693766,0.7912109403461755,0.772415205398138,0.8802521673236419,0.8230740499761569,0.8706472377568764,0.8624964129463162,0.7517905270178962,0.8239647388499881,0.8357467291108519,0.8198614665150455,0.8290458549618257,0.8446170499404245,0.8350092463059366,0.8684304308515015,0.777612350461866,0.8073622823137124,0.7811336285031583,0.8073574751572099,0.8845925320901243,0.779468950463218,0.8952840317908969,0.6715884625644121,0.782581998107867,0.8737639011726607,0.8415649540756943,0.7204562058625338,0.8455425603551855,0.7767386752189301,0.7825269931497305,0.9084245009116904,0.8264280465482843,0.7679859182688495,0.857739333842516,0.8937105530770469,0.7987309470396933,0.885427561761416,0.768530859740653,0.8168897584824351,0.7787523879413343,0.920958947014375,0.7438762765411961,0.7753437078186464,0.8347890743073366,0.8723926271070237,0.6210861957422483,0.8721094446529316,0.8526491676832967,0.8856720583947013,0.7662936121954235,0.8382493548433481,0.8545770092910919,0.8691456179041209,0.8425495430774842,0.8820060693022602,0.773072325768077,0.9002593537689663,0.8135518127351391,0.8179627648043132,0.9009448903972987
0.8049154896228757,0.9255101480549058,0.8460605907465462,0.7659655224176404,0.8187982415721751,0.9149355715022203,0.7950919721795414,0.9427878572018649,0.8465089341287847,0.8954102483653641,0.80407803193678,0.0,0.7775246886912563,0.6699200722258427,0.8373624478757791,0.8300314935789669,0.7826113175252185,0.737488855795227,0.9286117077556528,0.7845570799524425,0.8520361848335405,0.8356263877299513,0.8225103407446143,0.8174280058252283,0.9212328005388115,0.7007461010266844,0.7723530186358396,0.8109842711944449,0.815739365638306,0.8673282317043031,0.9550415893447602,0.7620075589437907,0.8227078774885151,0.8276453039908704,0.7960341019359775,0.7385443976227077,0.8250692670265021,0.7625218306770564,0.8555714334112711,0.7159200704845123,0.7965882811523577,0.8368957746988798,0.7387282447278223,0.8072675910941122,0.8227559614490209,0.7721683774028499,0.8003028509877407,0.7708548158249383,0.7773721771580672,0.6743976346045025,0.7213847509920811,0.8054214994745231,0.6987722748979526,0.8094894253142261,0.7542634488741019,0.864738080655485,0.7637573623231575,0.9502022622099778,0.6402872829932319,0.7168954011167891,0.7807967249190275,0.6114916711028691,0.7359989165281937,0.6421328305448546,0.6180241187474715,0.6245811425886135,0.6971468867958907,0.7545366959576589,0.6721773035808148,0.8929266565810017,0.7564092014877374,0.656844976535352,0.6241944412637395,0.7321876745936083,0.8351015169538131,0.7776505953892712,0.6754165334195469,0.8536850637698616,0.8002297854938127,0.6494548462368954,0.8145586800690242,0.8037376411319864,0.9090397737618775,0.7440635610090147,0.6625144863554642,0.8858795652423642,0.8042506537211737,0.6428887422775128,0.8528011580886157,0.8315769111646654,0.7534903000616247,0.8417239379726201,0.7677244051089849,0.6954844789279765,0.6551229086201985,0.9633680522520434,0.6849048130183095,0.900781964536512,0.6264210216595606,0.7485588182157374,0.6940453170801524,0.7061651427363281,0.6731886583603492,0.9301356129739939,0.6932855628473987,0.7885071202945386,0.6874292971032663,0.9200416554804275,0.7512336572215296,0.8519420434442185,0.8060131276986843,0.655098251048161,0.6956922334934305,0.7832881174022728,0.7109072618534463,0.8337321747650059,0.8735302731264185,0.7617081314616805,0.7363338641741792,0.7558418472217208,0.6754664383377456,0.8003107288922943,0.7207812397467758,0.8941459682005717,0.6662061240323338,0.904408878990497,0.6208133126065902,0.8342080160390205,0.8145299491009819,0.6903720583360058,0.8722640971820217,0.7830332245487281,0.643606293113696,0.7678377485837927,0.7738819146688884,0.6413623897288919,0.8806744494923959,0.7466210157683429,0.7572295268972974,0.9360800237117688,0.7792848064828035,0.7052045855069945,0.7960856401397856,0.6918858535024569,0.8055703019102578,0.7321208991336565,0.9325018956789156,0.8620810666128438,0.9253539473186602,0.6275859386999338,0.8181796653761171,0.8369047089624989,0.7627804140949938,0.7742361880751224,0.959912704381381,0.8111818379470962,0.7387278183564616,0.9256665469069734,0.7224577959039283,0.645110015645062,0.7424947470755779,0.7883160954872596,0.9492951821605707,0.7938335762151693
