0,1,2,3,4,5,6,7,8,9,10,11,12,13,14,15,16,17,18,19,20,21,22,23,24,25,26,27,28,29,30,31,32,33,34,35,36,37,38,39,40,41,42,43,44,45,46,47,48,49,50,51,52,53,54,55,56,57,58,59,60,61,62,63,64,65,66,67,68,69,70,71,72,73,74,75,76,77,78,79,80,81,82,83,84,85,86,87,88,89,90,91,92,93,94,95,96,97,98,99,100,101,102,103,104,105,106,107,108,109,110,111,112,113,114,115,116,117,118,119,120,121,122,123,124,125,126,127,128,129,130,131,132,133,134,135,136,137,138,139,140,141,142,143,144,145,146,147,148,149,150,151,152,153,154,155,156,157,158,159,160,161,162,163
0.0,0.8532566284271661,0.7341382080303467,0.8199357290247565,0.757831207858225,0.8284810684852724,0.8817016053658516,0.8111515020897659,0.8623861061406525,0.7560286900422124,0.9155908704809409,0.8515664444138598,0.9115130404256895,0.8174188429483957,0.8818165998950186,0.8386299219134956,0.874291344702305,0.9420195972932318,0.8565104877132882,0.9114847388499374,0.8451795764301473,0.8341752856191427,0.8269983032515966,0.9043147107597689,0.8976451788601502,0.7982712392932685,0.7363153209247519,0.8503495063124005,0.7805220554099273,0.8045211759134194,0.8936777748176092,0.8863717832700729,0.8037159614359116,0.877568231089787,0.9079929139562756,0.79345984084672,0.9288855835313701,0.8796464389860111,0.8522012675571078,0.8692500999797799,0.7770390394083774,0.8684176361376877,0.8764887110839653,0.8903459404276283,0.8863789099700984,0.894921352650826,0.7343833754708505,0.8741929812276268,0.9097915989905685,0.8579532825993708,0.9028467736702047,0.8182612635346852,0.8261515401984648,0.8539947812516154,0.8724568266887865,0.8442091254961747,0.9310593029515355,0.8116798788387413,0.8427760697803829,0.8698801041331957,0.8470987150779838,0.7615192268939823,0.8383095135464612,0.7046601317166916,0.8711850833770289,0.9128968318416814,0.8704519869276766,0.814564585543875,0.7762390736557114,0.8919324251587504,0.8664531993204158,0.8611039485766727,0.8337449401054902,0.8955699681289446,0.8525675044800777,0.8839305499626539,0.8599888342479556,0.7831678447041254,0.8584489295445674,0.8035484327417807,0.7738199191659506,0.8392990474425002,0.8304125220530967,0.8043797757939783,0.9150870767975748,0.8489288578986123,0.8786184800476985,0.8361026399975271,0.8456905076293363,0.8756408560191054,0.84449583349816,0.817760318257547,0.8654734447944105,0.9270999423688108,0.8910298081716588,0.7996368496664351,0.6991664981266116,0.7648063024903202,0.7738564246784323,0.8702653530206074,0.8737791970676962,0.8346213322653393,0.764784459924307,0.6936703972782748,0.8841066476209847,0.8146944071871465,0.8172882657238569,0.8511512024404422,0.8457416346729993,0.9003541708571972,0.9191685376066322,0.8844990496010825,0.8823763265780039,0.8015431985661808,0.9197131620301248,0.8686916135878878,0.8978032882375792,0.842406299393972,0.8077316454135965,0.7374283460924627,0.8297640317849522,0.7096057898161001,0.8977784932678236,0.9004598017273577,0.8245871782946108,0.8425937862385711,0.7402516795107142,0.835360908861342,0.8036648839465842,0.795429563035961,0.8283773134352986,0.7472397859473139,0.8394227326770781,0.847451300825553,0.8596262843799173,0.8421582066446629,0.8869852166681877,0.8670950910464037,0.7954890603863974,0.8631214729634277,0.7700444185245408,0.8653408113393806,0.8729347812722625,0.7181382547170412,0.892215982584074,0.8535340862682997,0.7808194460169497,0.7812338404865661,0.7972629514895685,0.6593238130681138,0.9388026781410694,0.8446808358904154,0.8492183717814394,0.7310884657791447,0.8451647721331846,0.9396666176957579,0.9075555252679366,0.8323016342121073,0.837487714434244,0.8722674499697294,0.7369239366735231,0.9218370770145425,0.855743780707624,0.9405779577444974
0.8532566284271661,0.0,0.8482091327548924,0.8778170488113013,0.7365501616520418,0.8690916079001652,0.8479998563111792,0.9016671818423203,0.7924930811278622,0.8871530238993734,0.9158862085152117,0.9006662997749093,0.8817171355407534,0.8261879423561556,0.9071349250844728,0.8269689636857303,0.8715848251587627,0.860277091050316,0.8592898623980836,0.8509036954365928,0.8698786836984405,0.9368447547354742,0.7721528133431147,0.9081269875508606,0.8887147679386533,0.7491681272669345,0.7475966370200412,0.8129111389518057,0.9057797472578122,0.7318511991651264,0.8687748017918107,0.8395927310850269,0.8989104295146453,0.7987649080094649,0.8469682764543301,0.895300972388018,0.8401352250528,0.8781163003631223,0.8979633233177171,0.8757917468803821,0.880456325020915,0.8586617605460314,0.8003343919683698,0.8633472726734708,0.9055503117276247,0.8421589936846114,0.7095036345927312,0.8542012814418423,0.8315285045856896,0.8419860392407367,0.8553961671318596,0.8029468639174461,0.8616744427699657,0.9601556420789256,0.9111641875554644,0.822959490384677,0.8484250652803805,0.828957195767513,0.8542937742221512,0.8588790073340893,0.9133533138250935,0.7126165795656644,0.8155547039159792,0.7467293642694542,0.8054401486507141,0.8263756257319046,0.848571082356584,0.7621106031408732,0.7879524050484904,0.8776740221047292,0.8087064719790528,0.7791207092903415,0.7622635858516541,0.897834696669969,0.9311328377664233,0.7448181339928949,0.8207923116622251,0.7735741567533427,0.7986987570057944,0.708534478013783,0.7946019652616965,0.8213891267314377,0.8266442020733613,0.8369951623436511,0.8108467039182845,0.8988379857183719,0.791192603649238,0.7309083788783005,0.7795887638926506,0.8807934629666099,0.7856157663844434,0.8150350208803758,0.867419945419157,0.8234082565009736,0.8724522156163816,0.8645997065686216,0.7749727052758115,0.8031767274762963,0.6849408416741616,0.8465275816587388,0.8275707028311906,0.8165781078892327,0.7061703846024057,0.7915902594154653,0.8267287277748663,0.7783324915729303,0.8484419947836201,0.876024116568944,0.8622000010242171,0.9135415099713456,0.8898203636823745,0.7883574046651516,0.8229008438450622,0.7993277731758188,0.8459126295492325,0.8478307726577687,0.8258404552486132,0.818102705116413,0.8741314272370293,0.7179639932377717,0.7708697683781668,0.7113824122195167,0.7989772271083248,0.8490827800834657,0.7277189466201647,0.9120215013819296,0.7351165038084478,0.8513860407091941,0.9240633841611148,0.8086415184192202,0.8782695772667883,0.7736201193885561,0.7333693403885836,0.8299664668709984,0.9162694313438936,0.8009945447224514,0.818132298287154,0.8451189365930429,0.8598400814019493,0.8307566642775304,0.8263959279038837,0.8569360497508132,0.8761299389662176,0.8208135333975045,0.8776219712914866,0.7380542647103663,0.81153704952288,0.8348026422643913,0.8767015349898338,0.75579252171844,0.8215177564958865,0.8719622246969602,0.88008164307518,0.8182303777517116,0.8990988548389061,0.8918021769863229,0.8523679833589066,0.8314035767144466,0.8222476257321958,0.7480673071312633,0.8216995719866232,0.7885697241411378,0.9195927817238814,0.8456138910428866
0.7341382080303467,0.8482091327548924,0.0,0.7289293040426819,0.8541310488016928,0.890034845508561,0.7489437131790364,0.7866632757761954,0.6444067029697599,0.7972108740235856,0.853936371261615,0.8368455490191914,0.8297278872315028,0.6795871793600566,0.8011358280429339,0.8922904359758489,0.8729065483633924,0.7303633762185795,0.7111916519843295,0.707622603352958,0.9187043050757895,0.9331430657026146,0.6483220815027676,0.8588395595810071,0.7555162120386876,0.8516749483027929,0.6126295997800777,0.6470366780987671,0.8465596303281638,0.739661354181623,0.7003590187795743,0.7788575427559673,0.7964569373977278,0.6646269695542164,0.6683291166604989,0.8360998216960374,0.7966632399141087,0.8406614402099357,0.8176219798093758,0.7996987674264673,0.8680024956906333,0.8760884000864124,0.8341210601728194,0.8611674767696649,0.7730070664552002,0.783795547058744,0.8688166509134638,0.8920416807286825,0.7038627706010284,0.8243613838749394,0.8186433796374916,0.8685370588867718,0.7212040248507644,0.8707967534531705,0.8022555305783995,0.8295538072921437,0.7575659462775935,0.8871059789688119,0.6872712674964166,0.735571371493477,0.7622849847125108,0.8231374434997765,0.8926311597953995,0.693161930650745,0.7110436256037695,0.7454783318059913,0.7047804666912278,0.860728041130462,0.7775562502294816,0.7607828655079569,0.8606417897199742,0.6341505241525998,0.6598488252269082,0.8527105249289486,0.8408436302090828,0.6031843372992647,0.7911406222972797,0.8582926916530234,0.7604754928971822,0.7501004461708328,0.9046906375855495,0.7284390353969402,0.8774363955409377,0.8010445840211617,0.7479410380060949,0.8527032298891422,0.6992914267665519,0.6155704576975287,0.6342496443865736,0.7839761463574358,0.8301422500746682,0.6659148765827304,0.814337703211341,0.6781850835438585,0.7553892950962993,0.8390966771576973,0.7039595141795365,0.7403026458237628,0.630259780455972,0.6953563089881496,0.6574021195761968,0.7725291677643071,0.6320776765085887,0.7254453388788958,0.7040577546365046,0.884128397722794,0.8466672818600947,0.796844689542316,0.8470633630895137,0.8867393946299572,0.7993682179236895,0.7574634039130764,0.7404422390134392,0.6487305899203513,0.7666988261423378,0.8336604329513565,0.6737250818910172,0.7358421275520985,0.9073158412341851,0.6345270468669091,0.8265303874360166,0.6995441627365226,0.7460941984286877,0.8225352461600861,0.604200389369986,0.8545136146500903,0.7440713131184421,0.8942823341045707,0.8750309876011207,0.7876358088049246,0.8065486110430987,0.9270989811837455,0.6017049569848872,0.7024414031097189,0.7997168690424257,0.7961447632403827,0.8074631142961965,0.768049780361848,0.7382560569356813,0.7375957872684156,0.6714982276517169,0.8750395354885458,0.7110501247694918,0.7632295434719747,0.8755825223716776,0.7062188603499201,0.8933151533716559,0.8666134160449004,0.823402807448819,0.8614085419687226,0.6482616303526787,0.6987399448180688,0.759323826210867,0.9211333701231241,0.8664693862447488,0.7632889718415546,0.7163246912729865,0.8888097540724387,0.6322322140483775,0.6791086065724814,0.8214951194968462,0.6328116738619205,0.8611156141938425,0.7915851173703603
0.8199357290247565,0.8778170488113013,0.7289293040426819,0.0,0.6923287582300424,0.7936487638864683,0.872389212115061,0.8657983139983917,0.746361903893352,0.7836959106813184,0.8374636496776905,0.84082720793171,0.8119786403000012,0.7941149118997197,0.8685307478690596,0.7395064996358129,0.8134912396793618,0.8412313510658437,0.8361951232339888,0.7482898898461652,0.7937707873087361,0.8041202380742346,0.8129876124941406,0.8339094510793325,0.8286137760220906,0.7464354078029367,0.7872621898376772,0.8361721645639306,0.784142427035166,0.6988956146340088,0.8189148415771315,0.7732559104003993,0.94986671284032,0.8267725604834125,0.8228703963932854,0.8424450033973079,0.7814533921429885,0.7868622265609492,0.800010832960183,0.8692296693085663,0.8533300323197766,0.7915658427483722,0.7410998166318421,0.8106929430625428,0.8617455831889665,0.8227107243015152,0.6592573436444158,0.7478045872451667,0.8157432640872697,0.774814022930715,0.8516306437583957,0.7980171581418061,0.822777444792093,0.90786366117696,0.8525664868799994,0.7541147909260177,0.8093236758565097,0.7949529185193119,0.8130297844440327,0.8416427396450961,0.8483618037050139,0.6832692196018665,0.7838442158200728,0.6556007444115182,0.7508405033758347,0.7772426242370246,0.8332460416694605,0.6961975293230863,0.7303019013937784,0.857646304393522,0.743809654403027,0.7400359722241766,0.7718349472677205,0.8669791941807002,0.8444590760511484,0.734097910423565,0.7911316050517928,0.7329292075574899,0.7987998799936451,0.664533491813089,0.7045677100016637,0.8297723783850878,0.7462425862689103,0.7655251830196095,0.8264487391350374,0.8239778056019076,0.7556935299536894,0.7540368359430402,0.8047818948419311,0.8031982185609127,0.8052632440395456,0.8686274367648034,0.8070518177768049,0.7945011055557745,0.8760736474496158,0.7881583437314461,0.6910853933365384,0.805463341717535,0.6713814023607166,0.9083388284138466,0.762578897999936,0.7658078810330542,0.8234775582773936,0.7745211669720133,0.8368688223126379,0.7305227653652836,0.7888645434553105,0.8253668348115646,0.8277305192571391,0.7901047056813829,0.875295573421504,0.7895429485806259,0.8092131413535336,0.784821445157213,0.8703934104782861,0.8465680054466623,0.8222918630982404,0.7250285399270449,0.8291285020217424,0.8151789621010633,0.7026025170483265,0.8221738714211371,0.739894115507621,0.8149125758942563,0.6630824313974947,0.8289275101413836,0.758972637708526,0.7761167643511258,0.8396762639879358,0.7347643533437416,0.7621480479279724,0.6806359603900832,0.7159223810761105,0.8224452781025872,0.768383352302999,0.6741421422639089,0.7148540178208936,0.8312577526797243,0.7987861532071937,0.7833951576552546,0.8529788031234937,0.7238154745557457,0.8956712724778176,0.7556163935858966,0.7665657758236233,0.7718617848343486,0.7292013158961708,0.7616961810715367,0.7397866783506241,0.6232277636396927,0.8345187437337205,0.8370642182208943,0.8170866874247256,0.728313757446963,0.8678143860699485,0.803535487689108,0.8003090236640781,0.7974648500656567,0.8825534587528902,0.772563474299063,0.7621879927504259,0.7744432196868414,0.8219291437809442,0.8121093201786743
0.757831207858225,0.7365501616520418,0.8541310488016928,0.6923287582300424,0.0,0.8010133787813599,0.8146694811457085,0.6605173839399697,0.646290449760418,0.6747645241041836,0.8355087835591556,0.8174828727273549,0.7708294489420999,0.6241824073064491,0.8287547954253294,0.882635070508874,0.8426379380950016,0.7421818928181592,0.6947972993136795,0.6585657333567135,0.8825966884000662,0.8463537041562154,0.6875824498956803,0.8620097492280698,0.7050035475192633,0.8942403100058959,0.6054844364377948,0.6196160780237798,0.7661396447774318,0.8609195788154391,0.69946195048036,0.7616492070593844,0.760175863724486,0.6609356458728071,0.6575334525796975,0.755354303522778,0.808142232956407,0.8024656877186856,0.8228968509736091,0.7968699489088272,0.8316083398622487,0.8396636341952279,0.8915568552161278,0.89657591319214,0.6911706780515793,0.7935691931947647,0.9476161516421507,0.878983285021867,0.7408822736215492,0.8288216170802141,0.8670301847589847,0.8654780362717005,0.70065409496792,0.7907919353366607,0.7786309408972428,0.7682255787955286,0.7851383194283057,0.8987929644642809,0.6346795854640022,0.7333932955681569,0.6431764422101655,0.8627167682593482,0.8764220569221677,0.6159097620212739,0.725739329138587,0.70194738780024,0.6428251992262244,0.8951713542456912,0.7007168191179809,0.7031669660687287,0.8826775819811579,0.6475265662001937,0.5964536102298424,0.8158637502238669,0.7147046830147751,0.6323584066144446,0.8091245321848077,0.9508022154418122,0.7491128813162867,0.8312171641539033,0.8301312485903478,0.7226969238278173,0.9317219192104608,0.6724269342834579,0.7516210650999067,0.7593394304982489,0.6436575853818857,0.6479234704674843,0.621993399058126,0.7296652080469151,0.9419610850703559,0.6648814926123351,0.8630516472479464,0.6910426550472298,0.7323926760800792,0.7857106597649083,0.5943965953725219,0.6427838696475859,0.675094149596485,0.6487105919766875,0.6556084179094057,0.7331882690803773,0.6456981252654723,0.6502488380572016,0.6744921244017602,0.8880301647514913,0.7674432610698224,0.7037129990311993,0.8569941933446543,0.821203637829841,0.8064502360337679,0.8094509423133809,0.6663091290885075,0.6058020110760102,0.778011854199011,0.8393993130957417,0.65431635346004,0.7498990643578455,0.7867985550737344,0.6009852597609503,0.9461386515255759,0.6903908715451113,0.6996932382138314,0.8890511574228388,0.6052170581035012,0.8106539867704067,0.6992838532673349,0.9040430651704787,0.7286821758859724,0.7705221774648836,0.6909733790091742,0.8591701860116634,0.5963923219377538,0.6915587374315284,0.6974412616447275,0.824489125817482,0.8416287907848237,0.8090269311818811,0.6587028319243632,0.7925438527002255,0.6169950289337465,0.8309744415824363,0.6962975252888285,0.6641464144327326,0.8593559333264624,0.7340759799282583,0.9102227619101522,0.8573308077812247,0.7009112339007031,0.704890223095734,0.6582390957117065,0.6926448223403519,0.7360118466202507,0.859059569355703,0.8109936445804934,0.718248052398289,0.7110711949387867,0.8963614827588692,0.6298735578562663,0.7476609920138397,0.7049815842042289,0.6502451511418441,0.7826922252150416,0.861039264100104
0.8284810684852724,0.8690916079001652,0.890034845508561,0.7936487638864683,0.8010133787813599,0.0,0.7925498741409227,0.8180730225567213,0.7235133241992467,0.7990502935385734,0.9010248140593957,0.8928946229478973,0.8649579084093382,0.6765615741312849,0.7958094026437571,0.8833800969387939,0.8876103981582331,0.752048979589986,0.8137070846599882,0.7546180660021006,0.9228865009823319,0.8844291502814426,0.6829938382336082,0.8631965883320956,0.8456334681820735,0.8048698086837,0.6102784207469157,0.7270979579928558,0.8257969449634603,0.7831275478681087,0.7711568677694641,0.8508514153857646,0.8094523597866199,0.7477413872220317,0.7272104822741552,0.7865614129556144,0.8569625081122179,0.8079862946983222,0.8295351960088594,0.781790319197671,0.8128145178676188,0.9516264567550448,0.8239990210134421,0.9094541847310981,0.776642984773994,0.786305404613627,0.7925773836678314,0.9108107142382784,0.7533012598946877,0.7857732159114534,0.8609437038291735,0.8926658826307864,0.753011309565977,0.8968299622374594,0.8318110027054533,0.9219651691653844,0.8161623308190218,0.9167456315675128,0.6976383049137815,0.7431991656839353,0.8390883784569366,0.7831370822595226,0.916639239076343,0.6222108314528786,0.7434726080155216,0.8076168354853988,0.7443141881864873,0.8416994066565879,0.7046333778132735,0.8381632093797186,0.8578278300463256,0.641092899988983,0.743648826726406,0.8702474518736156,0.895026904550682,0.6994312224419222,0.819047372196105,0.8253479896330266,0.7652922268864082,0.8352768429703222,0.9436579235583709,0.7815194063166442,0.8826280939771277,0.8181824650487194,0.8277399250604709,0.8334306134253974,0.8281845335901846,0.6508032220455625,0.7083735970746157,0.8273020217624124,0.8306762783923837,0.74274749289207,0.8174623094896506,0.7748410718473483,0.7913246179735335,0.8669452032280336,0.7209565612701149,0.8013120258491493,0.6436355483751918,0.751772005683148,0.7024527398624232,0.8026960997250154,0.6852603980139361,0.7370784173060122,0.7543559124319956,0.8297623914661024,0.8428772526165543,0.8436890420486188,0.7917042772453595,0.9316959734972353,0.8943754382556119,0.7592331700036785,0.862006990687915,0.7082607729279443,0.7956699824834498,0.8565580802528363,0.79550113422022,0.7543336357931109,0.9379236249983336,0.6884949741542044,0.7770697305961124,0.728864140313343,0.8351218753504602,0.8803096581794653,0.6842072425952395,0.8752198101645814,0.744087427212898,0.8439224416442863,0.8681213868615729,0.6992056370568406,0.8808254199396155,0.89961712960854,0.6811752366062295,0.7922986554072503,0.8201520776871922,0.7775472933012766,0.8287212762160575,0.7350901022213574,0.6888587442698593,0.7655809277402511,0.728014109883874,0.8866195152234467,0.7714423141922782,0.7420183062040135,0.8790369254306646,0.7345865954534909,0.8555939517602394,0.8423526275199825,0.8181239993609667,0.7844701151660003,0.7558172427909721,0.7898811238452647,0.7706023738861966,0.7702532554409596,0.9184585680942922,0.8206120211301982,0.7882260777800176,0.9229237057438406,0.6955159468349088,0.7688930199277837,0.7729468349566855,0.7652531371961406,0.8762788417050977,0.8601222706062555
0.8817016053658516,0.8479998563111792,0.7489437131790364,0.872389212115061,0.8146694811457085,0.7925498741409227,0.0,0.7733303968186952,0.7322690580302088,0.8119213694559035,0.9146421598190031,0.8916180674343139,0.8722840669732516,0.788714624190862,0.9178096147431996,0.8520403768646733,0.8761840119728469,0.9044911619123327,0.8408461113406533,0.7619971994378026,0.824524579145945,0.8248261900540472,0.9109716184773013,0.8954464119379227,0.8706319810732722,0.8032487129553045,0.8211896234359082,0.8338344735308743,0.8476248584093405,0.8682458848463728,0.8526433232513831,0.8904946545561633,0.8619262646941763,0.8606268653544238,0.8105319632686525,0.8085180906194297,0.8900305359305087,0.814795665001102,0.8721232034785461,0.9182007042357414,0.8071215491788318,0.8272891755655208,0.8616062870031334,0.8744803929616181,0.8410034820320017,0.8916833057807214,0.7611667944124463,0.8354655185542,0.9496143548777283,0.8252139667507359,0.9369220300656337,0.7822873755358006,0.8053513613845575,0.8663794257720003,0.9338847354000903,0.7661830424824825,0.8742603525227007,0.8512372982644849,0.8304626151149163,0.8908091288921375,0.7789983306633091,0.7668356801068419,0.7885622812958855,0.6582424302210591,0.773317315742397,0.783242724657532,0.8091774183153239,0.7972200110390029,0.7669479802842549,0.8435079509012198,0.7935771643370042,0.8068832708943254,0.7032295374088356,0.9096684291198093,0.7927229628177145,0.8375591811445282,0.9124600205760566,0.877415883135709,0.7795214693450161,0.7856241417243244,0.7221926850855556,0.7695358125779481,0.8651797216445708,0.7103760088445785,0.8320875014085789,0.7649249484491526,0.7476303399439991,0.8491801526202092,0.8485202942895483,0.7847895558856683,0.8984289323638056,0.8255824751525069,0.943468565036427,0.8448792496751947,0.8408362863651351,0.8142225975322886,0.6105175749270432,0.7060945467899777,0.7055050475334659,0.8585545564857137,0.8371395016065635,0.8389239859526868,0.7764258456273715,0.718079930685123,0.7877187764652102,0.8013787911024001,0.808847191855878,0.8083424181455482,0.9101340517846042,0.8457915956272223,0.9298934433471894,0.8238396005646565,0.7676644313432763,0.8083452873357767,0.8725715265450982,0.8677725699853213,0.8335720517117927,0.8763320274297263,0.7905060872803972,0.7165726823319409,0.8215255629895994,0.741487618483975,0.7333253240916698,0.9347770267465547,0.6693061152372853,0.8961786346972529,0.7301261807597426,0.8829575076576678,0.79538649285035,0.7891008020517658,0.761841163551108,0.7112230048225198,0.7589198465469777,0.7411147985293558,0.7483221365249391,0.751386152422097,0.8355839936976706,0.8882719421289335,0.7834386392481836,0.8978772319416034,0.7643710448034473,0.8385578675267759,0.8730128513139023,0.6932962104678052,0.8578643336475223,0.8195513429008764,0.7570376112643082,0.866658954430259,0.7600035065757194,0.6281672575329634,0.8275499330993012,0.8742976494547465,0.836837979219551,0.8028416886766554,0.856469230779861,0.8291911740963763,0.8730633177975805,0.8671558527220204,0.8401684586552166,0.9167787752616072,0.7498247183972501,0.8016832088828403,0.8196911475582797,0.8811521300628722
0.8111515020897659,0.9016671818423203,0.7866632757761954,0.8657983139983917,0.6605173839399697,0.8180730225567213,0.7733303968186952,0.0,0.7768761315919132,0.8478404249397833,0.8496856325985861,0.8588772513862475,0.8470528740518377,0.7759639512802876,0.8305509567697331,0.7855096566346889,0.8249712725022693,0.829337234358759,0.8486150301653133,0.835683731071628,0.8089563183218842,0.8372047305827688,0.761209126867492,0.8162398889268077,0.8699699145586983,0.715838835204011,0.7630941810103399,0.8311065054355069,0.8099673235067263,0.6966288840268816,0.8531529805770774,0.8161177441287433,0.8495667917822144,0.8180115082978249,0.8047638116983648,0.8687126000002166,0.7964410466878274,0.8558189587013799,0.8356181920599787,0.8073691796317124,0.812062411014733,0.7844571643522308,0.7815992380853347,0.7793143821727252,0.9308040940310373,0.8304143959859602,0.6511022240889794,0.7793056302110498,0.7893233050546816,0.8019119935536708,0.8090645160234461,0.7558411050941232,0.7947385789871558,0.8928031190036712,0.8674371526259927,0.7501426374392249,0.8131909935653386,0.8054188953685584,0.8153161504293529,0.8374818233290334,0.9268351503486787,0.6964943696797077,0.7937565718211458,0.7233174311430061,0.753044089481301,0.8268576486758157,0.8253569955115639,0.6985188759370781,0.8038773422564455,0.9307750944643826,0.748455113857178,0.7425680911511858,0.7652492613558266,0.8600649609441174,0.9356376222468231,0.7254617000410236,0.7915622260682198,0.6990693703291634,0.8411533727562404,0.644574010489653,0.726064503737675,0.7937055945436925,0.7416445252263542,0.8550614089377357,0.8101772871083524,0.8763873142732161,0.8389315971607196,0.7421601168077248,0.817739266616657,0.8223576981911493,0.7397765747197301,0.7897201473264118,0.7992104612320289,0.7878113814783041,0.8037524941776094,0.7993996762359661,0.7869833417830877,0.8135765433238256,0.6370449483352628,0.8573224742988184,0.7746027193138855,0.8664335981859246,0.7407903724771986,0.7915583073240936,0.8597554974356352,0.7572310212886044,0.8546682619171956,0.8666214438478625,0.7987102013331007,0.8200973887554034,0.8349079816803618,0.7669001997811477,0.7998437564220686,0.8522795455672115,0.83569853308585,0.7977346730591991,0.8174646207435048,0.7780227903912242,0.821387160048009,0.726941338922848,0.6887942427163777,0.7944045296726964,0.7584547112476934,0.7771942812137019,0.6630955536732343,0.8531011897878278,0.7279774383273406,0.8094472360375888,0.8967131333340099,0.7551295264898674,0.8680965779474423,0.7334416080834092,0.7443881697756024,0.7754618037816855,0.8665014420773222,0.6979088245591305,0.7608553043511377,0.7762887338409544,0.855289948030778,0.8128180923110666,0.8097696746366385,0.7835014970814548,0.8301693924483223,0.7998032939909027,0.7996815988084909,0.739264942919663,0.7392523467421471,0.7705599646525773,0.85403456765953,0.7347352054921986,0.8303377285551501,0.8102780625431951,0.8418771914971978,0.7480765230695398,0.8725253876903483,0.8644726500033892,0.8002373931075267,0.7747171453264661,0.7718068111038682,0.7225335645705798,0.7643055002473295,0.7441118748517312,0.8757290059843467,0.7677730500327609
0.8623861061406525,0.7924930811278622,0.6444067029697599,0.746361903893352,0.646290449760418,0.7235133241992467,0.7322690580302088,0.7768761315919132,0.0,0.6655691462943623,0.7611091135382425,0.7451909607770056,0.7304261782061553,0.7580340360222452,0.8146951116004563,0.6660134760182961,0.6941049154200114,0.8004163355070701,0.7822590774471286,0.8477714924233178,0.7241560673216374,0.7700478224621702,0.6776325523284981,0.7543292779216334,0.7723098923998615,0.6414961641639819,0.6467253237084118,0.7171798207503405,0.6769487739250232,0.660869589385734,0.89198532538638,0.7257613078022636,0.7470810169787352,0.7260308547108797,0.8941113430020651,0.767584469156674,0.7560522612295719,0.7898734302714815,0.7897714829478042,0.7041973336842589,0.7157129214613752,0.7526033407642827,0.733042394434592,0.7713214470700425,0.7861771653311643,0.7247962701582488,0.6132624126936491,0.7365208308534089,0.7441001841116216,0.7839186010262503,0.7557412191918141,0.69875699075712,0.7944017544151882,0.7824125229255668,0.7556086068840941,0.7449016440120758,0.7912740780413677,0.692578088080655,0.7714730810410562,0.752757661647908,0.7857240249690136,0.6650675464467185,0.7250285488921441,0.7091671727628689,0.8675065589575142,0.792410002775939,0.7804719138672521,0.6859740315863111,0.6858599891784194,0.8066087812711134,0.7765448174885715,0.7951172514045265,0.7932464419575449,0.7366304984943719,0.7666074205800343,0.747162922216607,0.6919319790071369,0.6278121830496103,0.7332403959592118,0.6307502637429813,0.6627361225040488,0.8817200789977503,0.6947678164043939,0.7067485467908128,0.7764426122448996,0.7836876431635896,0.8180293842470644,0.7626748681649513,0.7108727685947932,0.8297918891810449,0.7053185574751175,0.8422063575754735,0.7337042414138499,0.7995851657320674,0.8338003391906147,0.7366718995891757,0.785822455283892,0.7237587902127588,0.8096698320087165,0.7443820328956554,0.8048050914266268,0.7257420141276278,0.718358451245982,0.6786710960961541,0.8728327973826305,0.6479102035478093,0.689584254495828,0.7010095467234907,0.6883971857921457,0.7506944120640153,0.7737541341220027,0.8011924608443649,0.7813853657386557,0.7191102399235788,0.7606056617070436,0.6991830839677026,0.7607366634825767,0.7241881154916361,0.6885822255263084,0.7049059115396286,0.7100163333688341,0.6801136862783437,0.7715514178584321,0.7278101486411084,0.8847672480907227,0.716113294179947,0.6762955531337954,0.7028213705308314,0.7035312328687479,0.7172983874171777,0.7628732228693483,0.6544187217654178,0.735221432297938,0.9016121337223706,0.8532347613430015,0.7977845668087761,0.7236876925442428,0.7580629424773527,0.7137376695236834,0.7716806914813633,0.758042945706394,0.7347515377248114,0.8214396759898951,0.7851806154894244,0.7540657717729379,0.738883927157505,0.7495121870731732,0.6350201211338263,0.7200756856615366,0.5925672634952379,0.8958076388141758,0.7736327796672624,0.7842026954403771,0.6252747047655194,0.7295009489886466,0.8619211401659759,0.7518977811256414,0.6675080276634311,0.7837408976985067,0.684327943238352,0.6250977855781521,0.8462303082469291,0.8211514907059217,0.8034871491678964
0.7560286900422124,0.8871530238993734,0.7972108740235856,0.7836959106813184,0.6747645241041836,0.7990502935385734,0.8119213694559035,0.8478404249397833,0.6655691462943623,0.0,0.8511101994031159,0.8523261950325131,0.8413155930569209,0.7830560666529033,0.7908678636741512,0.8096301863566054,0.8023832133220221,0.7888081752904701,0.7863620283619797,0.7510331525717858,0.7539038519048624,0.8054855214692267,0.7872267740492714,0.7794603355151646,0.9122994194284281,0.6934636107931269,0.7823659277118213,0.7890665195073907,0.9482408064207789,0.728579701403689,0.8138201947316945,0.8538568959167289,0.7924486666643153,0.7837965271025097,0.7587656204390669,0.8178284952565277,0.8174351095124189,0.8006818899430644,0.7954589430582175,0.7891470328637745,0.7499321486682659,0.760538171487285,0.7677551824437806,0.7770140068051008,0.849703316635525,0.7658720260763345,0.6781148580217679,0.803334774507449,0.8257083818702612,0.7227532549268096,0.7650153496341049,0.6831486555931501,0.7070139198253236,0.8236326579364976,0.9051589280190668,0.7508054045641944,0.7315846791948416,0.7844394921692271,0.8159188245120226,0.7698675785171594,0.8216247223407493,0.666022425749712,0.7105843795473401,0.7250802263294668,0.656845031482914,0.7125270771331378,0.7643473593834862,0.7194231509457355,0.8310275529750064,0.8610995566386296,0.6856134456870598,0.7439296527722308,0.6754973587034884,0.8092410992692629,0.8280598331203882,0.7532240636099719,0.7860898180496487,0.7581700600218054,0.7176727064412582,0.6788448106143204,0.7265028136793066,0.6545417300317742,0.7701208744493794,0.800173601110139,0.7105509074945529,0.7583157268018909,0.768843482832539,0.7412143824456904,0.8101266517121776,0.7312782790851869,0.7171066410821532,0.7458970853843584,0.8283505614262107,0.7200506911457699,0.7172334521236825,0.8634145276161054,0.6378913959433135,0.7654254869018893,0.6179847463124937,0.7843736005798826,0.8044291271651995,0.8208029709491892,0.6983719603363143,0.8335773371400687,0.7251642657991028,0.719404238736774,0.7790668236298818,0.871015010484485,0.796721257744351,0.8218024150743642,0.8086137551656991,0.6809736855285654,0.7454313073286313,0.8440549332837178,0.7493254086709884,0.736947971663554,0.7984257684848322,0.8552639450662141,0.8156314115221422,0.7012237769150301,0.6677903262024734,0.7003194130316747,0.6998920644001299,0.777358328964014,0.6316655807733635,0.9170687476859957,0.6439873540156136,0.7979756104938378,0.9051515377543976,0.7527812905321694,0.8809219400114238,0.6855900111726884,0.713594010672169,0.6486628491747778,0.7799460536928111,0.6834734695251863,0.7836888554624839,0.759564897914697,0.8336438988758627,0.7880427957189844,0.8074047004074028,0.8448454025927566,0.7446139022574703,0.720383635840181,0.8279092592430982,0.7255109243876005,0.6780850966596655,0.8245227588894856,0.9197105574612403,0.7524407857231855,0.7259943942255949,0.8612805457395819,0.7507903139551477,0.7888220376830949,0.8525964286976895,0.7948807324497951,0.781195885295585,0.7844686358495409,0.761378907409905,0.7445578701269113,0.8372776046052514,0.7346196148664096,0.8520503416932584,0.7118182659504774
0.9155908704809409,0.9158862085152117,0.853936371261615,0.8374636496776905,0.8355087835591556,0.9010248140593957,0.9146421598190031,0.8496856325985861,0.7611091135382425,0.8511101994031159,0.0,0.9422130948920396,0.9514415272548777,0.7785687841499401,0.9105442745296612,0.9468761264281047,0.9438067421988555,0.8915776735515761,0.8651641640248834,0.8424923536693726,0.9124222653851279,0.9183486256941129,0.8302994446901724,0.9596765936320631,0.9179996210008183,0.845691323648953,0.7563202904117473,0.8315715470500338,0.9072116588217659,0.8691764557073215,0.8662437122803993,0.9247313638151302,0.8495454589052964,0.8475291029221835,0.8158077489304122,0.8319538696639551,0.9559387652297665,0.906423363484138,0.9333484808926935,0.9096041300910777,0.8401450015791473,0.9005842377347247,0.9063625021593712,0.9324483146879117,0.8835668742387224,0.9000509702273946,0.7836758892872858,0.9488515556564655,0.909497593381917,0.854407659353265,0.9302340745032208,0.8392006594265377,0.7993918888390578,0.9189421123486058,0.9507094299796036,0.8430788671258471,0.9102371421270197,0.913841189195916,0.8016935495296119,0.870912874109896,0.8700493608167014,0.775493637250323,0.868371304167335,0.6844864067757358,0.7872076549618674,0.8466460233192629,0.8341837768781007,0.8560179879005599,0.7890232064628291,0.9104320162109026,0.864999053184596,0.7832637719298434,0.7353923626260528,0.9445183830723363,0.8979787588070329,0.8088346087226504,0.9297247482554166,0.8935697363951446,0.8373295766119958,0.8512522852623459,0.8357040041002668,0.7798021706550561,0.9274177675126705,0.8299955134877955,0.8580625642112779,0.8622457044709508,0.8415653265430165,0.7642259545759292,0.8151380529973745,0.8732400335055379,0.8803438859738503,0.7627240790049491,0.9398365466744963,0.8663542484963904,0.8389498590204714,0.8747865633614604,0.682764099951785,0.744620148877351,0.6788013135621563,0.826647897195604,0.8518271596584879,0.8899834153379388,0.7066706356825437,0.7325503099501155,0.796466313970484,0.8680211638328489,0.8719020300640582,0.8853433728602256,0.9015392813595183,0.9622058844138979,0.9498377638007056,0.8293829814333233,0.8303320636830848,0.8285014505403816,0.8870475307540706,0.909402417331495,0.8427326692840403,0.8933502966367746,0.869911961545171,0.692681543139413,0.8650931048195352,0.729732474109324,0.828114298016774,0.9605504611056873,0.7150622168401223,0.9570524863070972,0.7187261645773637,0.9414998905889971,0.8768932344286757,0.8121569433839535,0.8546705654208713,0.8268757869288696,0.8008222031367607,0.790672610599686,0.8661411326263884,0.8265854346471017,0.9260079838186851,0.8685928053266799,0.8177535109370894,0.9014885612196021,0.7636229867923217,0.9329716726136976,0.8354432824384666,0.7265724844910091,0.9602801559291257,0.7825413498289182,0.833108972093364,0.9074938441265106,0.8513789458740085,0.7497401102303389,0.8451059977395154,0.8612827446915817,0.8697946004805389,0.8293242597456387,0.9205960307509404,0.9180576750296199,0.9209282717446332,0.9307620412328699,0.7954863557255643,0.8732558474824272,0.7855735155938417,0.8202613877003379,0.8819950396134448,0.9364956902764301
0.8515664444138598,0.9006662997749093,0.8368455490191914,0.84082720793171,0.8174828727273549,0.8928946229478973,0.8916180674343139,0.8588772513862475,0.7451909607770056,0.8523261950325131,0.9422130948920396,0.0,0.8514681698204316,0.6928276092539187,0.8811235074626879,0.9032800318732445,0.9198804623737119,0.8278273191055551,0.9318844015145423,0.8059021547291819,0.91441869708226,0.8762602910787702,0.8292210876827536,0.9031464511745887,0.9126487338317512,0.7720842025747761,0.7226568369934643,0.820601735642386,0.8803187066581086,0.8782099828860696,0.8769887276595604,0.9124932767007782,0.8412778698611421,0.8583002908199792,0.7832252869777904,0.8617851199183552,0.8578660315857957,0.8522315625604122,0.9429295904957914,0.8371210386241372,0.8500122912687169,0.8864574626497663,0.8893950325989607,0.9017791202750028,0.845636871771296,0.8624386185650911,0.76754954748119,0.8801584692308879,0.8751180185078935,0.8507290143252071,0.9201504906849354,0.8274345242769318,0.8048312156843632,0.9257764831162949,0.9472866358018216,0.7870746060111659,0.8908525562559957,0.9518422089120708,0.7699262464675581,0.8573300808130134,0.8245510681949185,0.7545887780041244,0.8565393349273809,0.6732664985995562,0.7745522954316908,0.8001011185970633,0.738587175733127,0.7664548553072886,0.7453239214314586,0.8724668078627881,0.7946125196309343,0.7204774538649868,0.6941056660487848,0.9018033873320388,0.8979134394730289,0.7640648938053161,0.8781529805128009,0.8495243367150759,0.8131592287489672,0.7767361138593529,0.7957725181669036,0.7870688976642464,0.8746388181099357,0.7558617398491048,0.859630260765563,0.8238247106818586,0.7876685327540577,0.746963816275889,0.8009169367552451,0.7839185535598217,0.8660106449926825,0.8090345478847818,0.9411703768109984,0.8310726747759778,0.7877434745707063,0.8519958804202182,0.6949809431212522,0.7807012720182346,0.6630487916701134,0.7923367815118418,0.7719932634818003,0.8871458953969622,0.739610590891503,0.789864138864201,0.8013926271110104,0.8224741073808971,0.8844641260590741,0.8696822883177483,0.8562287952684786,0.9000392730486111,0.9575016511471895,0.8184182062898134,0.7579419121618169,0.8103991247353673,0.8346976180577456,0.8555941114892942,0.8574095906864289,0.8896020599101135,0.8632883062280315,0.6561754902021363,0.8038426673152119,0.7382560980488387,0.7724619713561672,0.913907474303096,0.6572314648510701,0.9374944541971619,0.7193186945588826,0.8968028196677179,0.8921704976494292,0.729530489734351,0.8573591057613276,0.8085160392488702,0.7056909055505124,0.7706975643356418,0.8312276703940624,0.7560208111738893,0.8707204974784717,0.8050736097898545,0.7737722073608799,0.9230186869191429,0.7372553899942677,0.8834500947255524,0.8397919798096872,0.761353844360405,0.8847495178045681,0.7698353365305224,0.8257003150206186,0.8710602409199436,0.8639336857103127,0.7795625953385795,0.8261449007688636,0.8824413191191649,0.8833397569098562,0.7949810680948179,0.954819943975342,0.8243439705643953,0.8331382543249354,0.8896203462486701,0.7396957791832686,0.8295811454544794,0.7245942706075695,0.7813660475767529,0.8914527433294872,0.8698042933400825
