0,1,2,3,4,5,6,7,8,9,10,11,12,13,14,15,16,17,18,19,20,21,22,23,24,25,26,27,28,29,30,31,32,33,34,35,36,37,38,39,40,41,42,43,44,45,46,47,48,49,50,51,52,53,54,55,56,57,58,59,60,61,62,63,64,65,66,67,68,69,70,71,72,73,74,75,76,77,78,79,80,81,82,83,84,85,86,87,88,89,90,91,92,93,94,95,96,97,98,99,100,101,102,103,104,105,106,107,108,109,110,111,112,113,114,115,116,117,118,119,120,121,122,123,124,125,126,127,128,129,130,131,132,133,134,135,136,137,138,139,140,141,142,143,144,145,146,147,148,149,150,151,152,153,154,155,156,157,158,159,160,161,162,163
0.0,0.34228577810079347,0.33411487345195495,0.27624314596800403,0.29899517245002455,0.33011739609453644,0.2843595234968999,0.30938872278726365,0.35354070954255984,0.3281003147965604,0.36163685466174716,0.2948097077035363,0.43829168357575415,0.301923055927262,0.33022018380810525,0.348251301561056,0.3495961680578542,0.4560153491312546,0.3305738487518414,0.4726198070057558,0.3584354896923615,0.3673431998786855,0.2914600550515412,0.3521823960066248,0.4098581663214626,0.2858230317110634,0.27568187541836786,0.3389250402479342,0.28385551275967613,0.29099247740720346,0.34460374318100684,0.36673534823414017,0.29054316215885256,0.2913353783783015,0.4066817982370488,0.29759871613900885,0.41743259750051365,0.34759083614293057,0.26252126666271564,0.37217717454776594,0.2951423793202675,0.32367192877736795,0.35016497591744744,0.3558729875767469,0.34273642737025883,0.3695581810662099,0.29343855793918533,0.34796843340659717,0.38556869754036033,0.36638243725220054,0.3630092769672926,0.35442970771083304,0.271243425390174,0.31171364611960417,0.30296957651979645,0.31766897858465787,0.4365460450864163,0.3035772687671165,0.32200055210680706,0.34495672226016416,0.3114121892829781,0.24983264339890102,0.33971222760642056,0.25897701080209384,0.3156946989304311,0.34888746671771875,0.33440199876665555,0.3681109632490418,0.3062731754494611,0.34928144572556125,0.44280329423181736,0.33440930110879175,0.34535907207288813,0.35457849297590927,0.34526690506828,0.3577169461891376,0.26565341085920213,0.2951942745872908,0.30821049857648924,0.2624434461403191,0.31933168623135155,0.36896065296769504,0.3394472415753355,0.329882659150017,0.33339270165349505,0.38954110012569904,0.32454923397439106,0.33934424704655247,0.36504767285580164,0.29361198666841065,0.3587267346274785,0.3061079091174438,0.3575718269878263,0.36922848352300286,0.3348328075710809,0.3162891874065543,0.25347511584535215,0.2954329972986048,0.2541033446591825,0.3666600485631297,0.30804562631770604,0.26176930903699674,0.2721208233440673,0.279799156672866,0.373790603272061,0.34516589068861975,0.3048430146610612,0.3281162922721779,0.3434492145150597,0.3412723403054537,0.3278057887304448,0.33925938974297387,0.34172678454644395,0.2737700541464423,0.3389353475263265,0.3566419591291365,0.34135715055577737,0.3466814532976482,0.28780633495201363,0.2754789890402481,0.31272409385418304,0.24502586687912606,0.3273318809808657,0.4058812071117764,0.3050023245179439,0.32305226463717157,0.24980907164371155,0.2644101475620551,0.2893097056940832,0.36581012706723914,0.28310161522298233,0.3075784873731665,0.2761702813740288,0.3222655074934206,0.33155984918328285,0.3029626380899425,0.35669054273781364,0.35257493088371616,0.34025232150348417,0.3384841251097222,0.29023302517547406,0.3054408015113033,0.3544382418587331,0.2892529474797261,0.35274680266592884,0.31900050705640026,0.3209258857538501,0.2778475294757383,0.3889867386670344,0.1985373520665377,0.405950413458226,0.2940118104446432,0.33820299482920385,0.25364374897392317,0.3272097025526056,0.3833107526240228,0.33030070617563356,0.3311390325537955,0.3209324500291852,0.3234680324059266,0.27489607536225624,0.3855840331752651,0.24419664268572275,0.4362956119758505
0.34228577810079347,0.0,0.3404404970365371,0.2958208330817206,0.2737930673715595,0.3921662879916719,0.3111900925649351,0.3637340400959148,0.327971717397281,0.4320989397985251,0.3136270580623101,0.3397204026544351,0.3289146461252605,0.34714148089562646,0.3285444267300366,0.31701415096786884,0.32777207406778264,0.311387029303605,0.33232883932851603,0.3327227007737673,0.339499749565221,0.38706034427341673,0.29554050566683493,0.3433073600017328,0.37969869763714625,0.2657930523121699,0.2728147847768275,0.31935070704092017,0.41821306484041704,0.2798741510311231,0.37475014931559164,0.34313348037940467,0.35615243141562386,0.2824446115774548,0.34254399574734035,0.3011789680052782,0.3203281841194287,0.3256107469560817,0.2890689045186746,0.3528789396254336,0.3461013335168923,0.35339435819822307,0.25296013036878123,0.30803062732354647,0.36300530708939877,0.2950340233150473,0.3079269707115701,0.2734698570615666,0.3312348935451685,0.2931679946977911,0.3277136530899386,0.3322540500247472,0.3117318246229817,0.37319018031110845,0.32449459660042124,0.38894374682100696,0.3349551857645882,0.29880663536027124,0.32897558764729234,0.3316736263247698,0.332264166642426,0.2374283792559014,0.2837738305471405,0.24588248805878898,0.27211934895161516,0.27641168232715085,0.30558229434341566,0.31362780724538397,0.2608412749235511,0.33564682648370997,0.3391639334344682,0.32143623676018385,0.27682655554410435,0.332043425523881,0.34233348328135327,0.3173390097822221,0.26278968464371455,0.35957242792799066,0.2773352625347855,0.2761426115415403,0.31648031252869174,0.3231310948566571,0.42486429393808833,0.2965263600187557,0.30106604855139724,0.43046658334366505,0.27970082264439383,0.2758884132880758,0.3139823014758502,0.34194484993096197,0.2856435293972828,0.3346504697581998,0.33986992546352396,0.3275148199976567,0.3407652008531741,0.3869406793311315,0.2830101555749712,0.33812615619473185,0.2524098816325662,0.3485806239519121,0.308053636176507,0.23971590833405698,0.23176900425450145,0.30265542525524464,0.30737016132981826,0.3010734066201394,0.26975082343788237,0.37579048224375916,0.33016175222923355,0.36768055002489836,0.30915926623405593,0.2741897227195246,0.3094433816898966,0.2751703082002018,0.32388817694212846,0.430478267760936,0.3447574521918646,0.264721824312242,0.28987250424212135,0.2947612249520381,0.3011735316162345,0.2657861137627552,0.3041627497567489,0.4213723980485125,0.30154905815461114,0.4093653355510514,0.2696987921866119,0.31261786907126254,0.3500882314832625,0.3049404894631223,0.35072704100283203,0.3097575913338741,0.26693658949934335,0.3495716845154777,0.29030350131260296,0.2761920622411225,0.3173504467007775,0.3305790499765698,0.3058629923334107,0.29494564548182095,0.2973704378346289,0.3337301813563954,0.4009485631113748,0.29089520676607583,0.3402498093467457,0.27784864566170514,0.35529177812859974,0.3049451934626648,0.4128130320231771,0.21825904651914935,0.30243589669437704,0.3445949607460884,0.2795556223986225,0.30405719312870605,0.3248709720826631,0.33685883630171487,0.31006914124666113,0.3756326200307785,0.30981049817952433,0.29849840474254136,0.29871487134570734,0.3923661325640863,0.26900917150170095,0.3259736858184025
0.33411487345195495,0.3404404970365371,0.0,0.3109510896111728,0.2982959733478983,0.33821237329857373,0.27626560755688323,0.3633661474538613,0.30393317329109515,0.42668846840640867,0.33981443884591156,0.3058381641541441,0.38022458833184103,0.28467189136934845,0.30655376044424143,0.4188543725847276,0.38745743688736284,0.34601631225040363,0.29630851627789256,0.2848559169628788,0.3970578726538852,0.43953658736704837,0.2790179046951067,0.30543912571408394,0.3506326749016889,0.3095678208390918,0.29720900595910454,0.3276117366822148,0.2862505657662242,0.2927675665426475,0.29531556791809804,0.37063028994873937,0.2822198782885973,0.27326135245716743,0.27224352425981363,0.28831192659146254,0.3386235837400176,0.32316135671402996,0.26730371684166193,0.3582519741062503,0.27697452864238936,0.36584066226719475,0.29499332642928827,0.2819730733436061,0.3557584401483613,0.31909349640741735,0.27711315823744853,0.2921284005074063,0.327925453806078,0.2946928241708045,0.3424712415268392,0.3325983132627957,0.23388737696978287,0.3492576144532076,0.3087331281982022,0.29272817029259296,0.31392099872230267,0.3420697390780554,0.30493154119701904,0.29679779325541583,0.30894894261699596,0.24590775674994755,0.3268261538897823,0.23740373189402195,0.2614858247654208,0.2995884874094872,0.30648634371539923,0.3446936407692687,0.3286754933149562,0.3711555368485219,0.35529023769794155,0.26269002498996546,0.2991188482432074,0.4729038888574703,0.3784919966755963,0.24838939760361317,0.3257196644320248,0.3222466393063463,0.2675940547722332,0.2317996689213315,0.29856115943840233,0.339299075515679,0.340499772223492,0.2966994837984038,0.30510871800097766,0.3892318369648624,0.27729868650996625,0.26992176336390333,0.31911122168127215,0.26400976104837065,0.3280754029319628,0.26113191663071494,0.3026320532512724,0.25400493164387117,0.3204656234941715,0.296685400935328,0.24825701827751914,0.30555444533616405,0.22376519665369748,0.34010940504600407,0.23670691903429406,0.29676416447326753,0.24539528757551318,0.2970753440531749,0.3063021552326277,0.36747184012966905,0.3122656519516805,0.3255692060580869,0.30795375474942266,0.3308349538834224,0.304690034990647,0.27138284641764543,0.30421281997815075,0.2877986015901999,0.2773443984581234,0.38185558188244967,0.27226893381751605,0.3270745104599826,0.3064280843772167,0.28794366543892047,0.2836762593416842,0.25927999488967335,0.2563408212629302,0.3551857953011846,0.22403408731961388,0.3407726336961994,0.270801145050268,0.2960657892143106,0.32831049610990803,0.3061477782090106,0.31537614007213677,0.4278171162038627,0.24106741827933925,0.2582261677686708,0.29364253963726866,0.23031580129165427,0.24602633386635023,0.283843912570764,0.33007843493619304,0.2993518076944394,0.25006903309491657,0.29971747727917564,0.3265202031383827,0.2950413010530866,0.30144685351587885,0.2590899244677372,0.3365814342511874,0.3019224397935843,0.383666855056351,0.2176966635307811,0.2710770129865411,0.24369188441823614,0.30028313322882455,0.3173354411466298,0.34242006048574747,0.32085254577500666,0.322800161281899,0.3809438041211014,0.2284972416372646,0.31261621387065286,0.30967961380930903,0.2547720178376458,0.2669492132134805,0.32169723809437867
0.27624314596800403,0.2958208330817206,0.3109510896111728,0.0,0.2769575274960538,0.2896768942727481,0.3327500141073653,0.30271476470968733,0.26001315919681245,0.3085545858753144,0.32679456590234773,0.32017934921536234,0.2848230536551168,0.2771851348999721,0.3228709306599165,0.29750661802743367,0.3160842736303719,0.29681581518771044,0.31867396612790944,0.25283089753102667,0.361870868024074,0.2973450895780041,0.294147106235148,0.26680589642229113,0.31988117461396803,0.3209471885137488,0.30362564880273896,0.2935322541907502,0.288502821933281,0.23920003272974166,0.292547616273714,0.2973663150771045,0.41935916531359063,0.29067865082657485,0.2805438349066188,0.32034003543265266,0.2995903980406649,0.31344571407511873,0.30420980376129453,0.35213593769457135,0.31749434049333475,0.2989012237431914,0.280387223150966,0.328768216744849,0.30089994377357615,0.30876108575854616,0.21909554976447682,0.28558016508437883,0.31426566492007457,0.287247644577829,0.39529773741793467,0.3363471949837077,0.2631106067341292,0.43018208652787104,0.3529456545557055,0.26367232510765,0.332071973717313,0.3401295591895112,0.3045224468044494,0.3131624848184688,0.3177315236205321,0.2554890357954064,0.31740980744746605,0.23594692957369726,0.2827185260923694,0.3006415475350673,0.351393749003133,0.25864456189671925,0.2879735247210634,0.30749193019780774,0.30272208462811295,0.27182917113223304,0.2981724126426124,0.41737924806510784,0.31361082220414566,0.2467817918843725,0.35868739079309037,0.3470637392887848,0.2834497321515108,0.22545542794092602,0.27484481116465875,0.3693508253293274,0.27546401971312595,0.26761093244269235,0.3626634943087218,0.29691426999966164,0.30857207918734636,0.3126389568639077,0.3003934453543023,0.260887316695896,0.3482524474205027,0.31146692306432106,0.30133661823143054,0.26680932307384336,0.3540371107549216,0.2979787841376859,0.2533813532719092,0.3081375232636755,0.25142723925790805,0.31937965246880096,0.26948475756716367,0.31518235273684714,0.3498999354626603,0.299023330330361,0.3156974436233976,0.29138499614543295,0.31330385350646117,0.2773542899342202,0.29917198819279683,0.26953559908795927,0.3643104064877951,0.31095791685998014,0.3306842234792106,0.3370214972341375,0.3031384798250891,0.2896775263042532,0.2868388147000516,0.2655229847775514,0.31839182773498037,0.3187667269723553,0.2923327307709912,0.33663879312268147,0.26178318253738686,0.33110292203477987,0.23789531751516846,0.3154005154281289,0.2888379757963967,0.2868083978971108,0.32823850905069096,0.31895714182394996,0.2440241878467874,0.3271720222693133,0.281457800639275,0.3059729951437912,0.28889776174642684,0.22563442493530844,0.20434975338139114,0.3119750127833548,0.31506154838538203,0.31356398263013013,0.3444131285623448,0.29057412488494677,0.3610664434475309,0.3220207402619819,0.3104508293443524,0.2781753116421028,0.30277412202922727,0.28100032283704346,0.27532115920793043,0.20773608270768593,0.3247245534783881,0.299103223069274,0.31609891430519016,0.2586467433071905,0.36201822960835633,0.2985326035017544,0.26894199240391187,0.3248598164841595,0.3406927148016953,0.314478203592258,0.2872887389126227,0.27778385407291906,0.309721713672173,0.30433652038151493
0.29899517245002455,0.2737930673715595,0.2982959733478983,0.2769575274960538,0.0,0.22829101346333094,0.34432001465233436,0.24381169462941304,0.28087587558534255,0.29338525016351025,0.30915656539199,0.27755830409806054,0.24453318949255576,0.2627370730923345,0.3241082104444857,0.2790007885849836,0.28984570433275925,0.31907820670081716,0.261401092522039,0.257761717739163,0.32193727463098987,0.32418709458086103,0.34255574478450684,0.29048830323921776,0.287134015095698,0.2696262069365668,0.2905533949263918,0.24514830625898446,0.25418480668840815,0.29042762252995147,0.29977629178126614,0.25218744279135313,0.2591068758994208,0.25077273874787404,0.3370957273595453,0.3159754402962885,0.28223180870765785,0.28446645139183135,0.30032354736157657,0.3038618702847774,0.29268302107801397,0.34064493192562995,0.2883304786396893,0.31520899675381386,0.25170376938954947,0.26263389764075135,0.27497894840368825,0.2910150294109226,0.3450805500882158,0.3033788605629849,0.31620006461074057,0.26195277306033005,0.24821008857249507,0.2816950168641747,0.288276529701322,0.24782232432456458,0.27032659353989136,0.32618743336287376,0.28140272796846016,0.274511133549183,0.2141487347169989,0.22462366914698392,0.25057991643227995,0.2766182682996943,0.2854611612058049,0.220442627750856,0.25889675058016054,0.26545864542020964,0.2652828013682869,0.2861055441798553,0.29449774134554096,0.27923132000941725,0.2527772803685919,0.29180959133448175,0.2468681999465022,0.2307799479794318,0.2649112413091822,0.4014690547691115,0.2312599336542284,0.20904271146391917,0.2471455702764041,0.33847589995934807,0.2867001237118766,0.2103366925500267,0.280741997636913,0.2665647873215529,0.2491123206540669,0.2794510167061381,0.24264104943136042,0.2368052136565372,0.41497872097897076,0.3260448351264672,0.3485461703850888,0.22294237578698314,0.3124923072899833,0.26063681243702624,0.20233172731604723,0.25820345665005456,0.28103314812024427,0.24985263614961845,0.24879423642713744,0.24574791805434504,0.28284746609311956,0.2657342619427225,0.2713534510827834,0.2599383265613483,0.24009552755302696,0.2833148619883321,0.3086152727984956,0.26945581539183305,0.3018688169099905,0.33131341109348345,0.24085813575277548,0.29022932412000957,0.24014578514466464,0.2697175337475691,0.2409617226163925,0.3111662660286548,0.24179410186754527,0.2893589449538301,0.36427152370766824,0.25265126066725574,0.23509702641504845,0.317533683194109,0.2598426215182264,0.25441455483254116,0.249514559824918,0.26720455486194217,0.25169945917350106,0.2856224845947899,0.25119043922110723,0.2634459894538064,0.2094959973428612,0.2895595951220362,0.26852541660722123,0.2546194384753001,0.22809764686290104,0.3512324131110608,0.29507165755244463,0.3281862607302167,0.2224166895518688,0.28170117459749505,0.3349319778282716,0.3156724031388561,0.30681064251151535,0.28385748858110554,0.3232679395517919,0.2623213266424193,0.27969429170580634,0.20875690848908177,0.27313696812767146,0.2560073483753,0.331738098859072,0.28809740263320216,0.3007971497929031,0.2779258542520667,0.2323061891241503,0.2856943791066792,0.25779963153822016,0.2540530546926741,0.24316415894362017,0.2620432586893749,0.2809286780153843,0.37165007241859843
0.33011739609453644,0.3921662879916719,0.33821237329857373,0.2896768942727481,0.22829101346333094,0.0,0.25037976603380435,0.3287210558609033,0.2840550691412959,0.32664335591778426,0.30998585105320714,0.3141276298212494,0.3934553150600098,0.25360299993132085,0.2949563297400136,0.3319773896754035,0.30525345119682157,0.25151244898226166,0.30374560088850167,0.3056977349821368,0.3080764268047877,0.31771113240417237,0.22016075644204727,0.26612330675037177,0.33989622730706015,0.2511692184891807,0.2415759170915787,0.29430246277562594,0.3023594200289271,0.25258969375098106,0.3195555437732964,0.36935707768560966,0.33306532244667064,0.26121007516229733,0.28036788008486974,0.2565038647591571,0.3268452559102149,0.2798846113168742,0.2544318250862377,0.26457601831050637,0.28296744548992897,0.29986232203911223,0.2482257435160852,0.31020649827760516,0.2950549998394483,0.2700121237423407,0.24804455788907204,0.2834752957235475,0.24515755357862343,0.2694305773039454,0.29777473625419226,0.34400371739889,0.24177632815523994,0.33330796662849527,0.2796789523629988,0.3475209834161692,0.29309479554570034,0.33570783822165295,0.2396098481490135,0.2698615288776054,0.3821293343497711,0.2517259717290147,0.3052152988411823,0.1990719823460763,0.23636718065949405,0.27044024656538784,0.2997785306638072,0.3202944957168395,0.23488205277621832,0.3070557787889487,0.3207750563765301,0.23942601662999086,0.28261867119603745,0.31454033396754627,0.3654985575296621,0.2721535122426701,0.26483646785001635,0.28162966556671987,0.25283421605086115,0.30979187822598264,0.3470853131820845,0.2922566161319633,0.31885188874523895,0.3315286983615463,0.2738828887838753,0.33077791931061185,0.31812751489805513,0.25175213206048924,0.3259455502390378,0.2916591899640673,0.26976582246308284,0.29654310389137967,0.2843519309431246,0.27986620570881443,0.26285847536419504,0.3573799638113131,0.2721664151430914,0.318510561832842,0.21162244799126395,0.3213926491905117,0.2606608412004852,0.23801469374359963,0.2299931644879942,0.2594013749964341,0.29504361066072704,0.3227727839447897,0.2960799486010522,0.30744160657804814,0.2608993207355813,0.3091204633242571,0.2901581959488549,0.23502100133827392,0.3721899714865195,0.2783700875459078,0.27813838940773294,0.3469353476229974,0.3062307612438967,0.2331288917329075,0.3240059205831549,0.27707904843637954,0.24695481792517326,0.2784446898143721,0.28552005223496313,0.3484200693069774,0.2734128465970291,0.3613477927321449,0.2673729141403216,0.2616120269758071,0.3036204489169193,0.2535253244429171,0.3088822992510821,0.3677847783437826,0.28278956782480924,0.29306144211845025,0.2868255327066141,0.2415792290338501,0.27671486544751983,0.24913614860806102,0.24609031239740006,0.26148365641000587,0.29336675139190815,0.29314922207974053,0.2910632664684829,0.2589324505186085,0.2935148985080826,0.24592493880317193,0.3130991831707134,0.29759454825398995,0.31343075388321745,0.2076216293134489,0.2829751547534313,0.27473902650007176,0.23325003525233798,0.23758837194476254,0.326852558412295,0.31639079314984003,0.3033485971374722,0.38363392243742456,0.272008930256971,0.29985850634412115,0.25907818855852954,0.32507039393582365,0.23941777131836714,0.28777742046312327
0.2843595234968999,0.3111900925649351,0.27626560755688323,0.3327500141073653,0.34432001465233436,0.25037976603380435,0.0,0.2482305803211439,0.26537332118993096,0.3161269393872431,0.28559625170115144,0.33526707025840585,0.2597338882775768,0.2781863864232704,0.3596466820745179,0.25054068489771614,0.2638447546529858,0.29545227531530377,0.29711409620292795,0.2380900647397694,0.3062942445960857,0.3203535095273912,0.3809098087047035,0.32382005502437117,0.3222088687166429,0.28082582473282064,0.27654190625987035,0.24701696682342064,0.28830371291373585,0.266100145857814,0.3027902543936184,0.27668403452963763,0.32568217924170556,0.28975216292974776,0.2792877258396352,0.2838275162516129,0.3107911869109786,0.2583749481576644,0.2902063106552967,0.35213083048795746,0.31067323991672,0.32001910060648664,0.28189836639102633,0.3167114055711323,0.2933809350376788,0.2772058032633832,0.29472993998168184,0.2658559842921036,0.4153448580820882,0.25989362861375653,0.34291663065492733,0.27265234414838413,0.24533019122859692,0.3348830888540138,0.33062239896376905,0.2805690453707265,0.27330943326242985,0.2898092854421997,0.33418115143354354,0.2664205703000424,0.2253249678505735,0.2258655997280927,0.2374458332181957,0.26421392979522074,0.26896840635917635,0.22715008746628607,0.3053655120091893,0.31193723003575774,0.262294294464866,0.26405635728711796,0.3031350087674672,0.2653819971716117,0.24980514450309216,0.318413695301231,0.2229656036247599,0.25739287984308445,0.319835317574407,0.3842656139004331,0.2349548888990469,0.2207951249059484,0.2514070805756896,0.3418358176933832,0.3049430488696072,0.20277078585010844,0.2736683254049252,0.27402515015715806,0.24434552404246904,0.2980264216038543,0.26435333494693597,0.25948159920767777,0.3395299760466122,0.4137080468229086,0.30318856707016073,0.2449806696348677,0.3176357147567118,0.3306233226626546,0.21290992995469807,0.31769042634032585,0.2705171760668539,0.2947267666462057,0.2656777593805378,0.266341899207231,0.31912908376814547,0.30231354179859427,0.254128466760111,0.26810456480697437,0.23707306173033219,0.2812861815861336,0.3228104800682621,0.30276946784863584,0.3769433646095166,0.29029492025207587,0.2570951561049382,0.25316068144805315,0.2444828200293134,0.2710079747113055,0.2593105282173974,0.30320716312777796,0.2712268027117793,0.26653962016448984,0.2862883046477048,0.24970864007712565,0.23883761997536485,0.3495949135429439,0.24272547365881839,0.3023304917823387,0.24865848428020118,0.3000438102569211,0.2615892409843354,0.29182710818545177,0.2384568174669941,0.2370080758582502,0.2152901896846781,0.2681127523339424,0.24891389604097547,0.24392498306584903,0.23990678658221423,0.3265539194959381,0.29715219222092637,0.3104421019891196,0.26920540209219046,0.26734774238956166,0.3571042776411353,0.2840888109444739,0.3014991083555934,0.3450309340759475,0.3112358077008378,0.28467401876806575,0.2828382176827517,0.1902231403381368,0.2778757082462064,0.29346763021856725,0.28642564940054316,0.3251639260289123,0.3486506075744611,0.3005352847567179,0.265349279388185,0.3195645550582942,0.30893039626375124,0.2866725830607154,0.26653651436785414,0.2715435422365158,0.2922988176455419,0.31052168491480187
0.30938872278726365,0.3637340400959148,0.3633661474538613,0.30271476470968733,0.24381169462941304,0.3287210558609033,0.2482305803211439,0.0,0.33031527425171847,0.35651999883398006,0.28852098750703753,0.3370839262150666,0.3515667635583263,0.2570515537687786,0.29612469515958517,0.3609591124672132,0.342548325550851,0.29632991364659755,0.313088925776387,0.29523371521071073,0.34753948230092735,0.2970113249469858,0.26745664815652026,0.27167271580624386,0.33920924245875134,0.28250632457553937,0.31186309273210194,0.3193696497863478,0.25875380190790115,0.29559202837155796,0.3809989321678151,0.3398300423763266,0.3090910342970275,0.27988805197247635,0.2777054013313811,0.2970433788676469,0.33051594171531967,0.3543589235570912,0.2954446787571562,0.3195835334417743,0.29538635901271165,0.30409358488131466,0.2956348103634444,0.2687246474472909,0.39062940052267814,0.3217355703203159,0.2692417965078788,0.26314409068082145,0.29617943787865203,0.2895226851105752,0.31813210764932637,0.3018115527419106,0.24905127176927744,0.3074013646335924,0.29973042213758916,0.30818107816509616,0.3217786215235681,0.39081804239023266,0.2827808242911225,0.30090264385927545,0.38754130940162035,0.24258894626372246,0.32347102973421965,0.23169854965064193,0.24405578337090778,0.2777533328173774,0.2937561319973408,0.28487104104151817,0.29360420565057066,0.4583663235096127,0.31036129419496195,0.2759167754047849,0.2745655400407536,0.37618055729965005,0.39729615315921035,0.25957953107806525,0.31751294181553785,0.3005830583520689,0.33805303471974046,0.23039907157846767,0.2829154868252649,0.3174779036497566,0.3429809834591638,0.3314566446397067,0.33333381138739415,0.43256059112756484,0.37807306700167675,0.2867031822976959,0.3735233101661954,0.29458961286164403,0.29002099852551727,0.28060880666655263,0.2942021475150927,0.26573070023431006,0.30624376227458383,0.30973127144150525,0.2901257478279687,0.31839257855849107,0.2220626085829108,0.350956178956393,0.2489875006720236,0.343985732406022,0.25093337312716296,0.29682422610680254,0.33489420197045794,0.35970847444945814,0.32345475264811135,0.341489908252019,0.3012205473573513,0.2899719293541492,0.26818695211561505,0.2804095857233116,0.30403388658660496,0.3192655030061052,0.3054622565142459,0.3795810816259602,0.31328754824739513,0.26725440663830685,0.2595496011159249,0.2847623839547541,0.2739177571555155,0.37630868116240773,0.25332113728137173,0.33826660604121145,0.2368419623869412,0.3268226939216926,0.26216794368040275,0.34944852600935433,0.3140811983298389,0.29430777468603325,0.3539870716434994,0.3533997148194682,0.2917230308192319,0.26929968728956094,0.28361414555642106,0.2183265322520769,0.2703361404245108,0.28972554682280416,0.30416667333227687,0.32538454335840566,0.2579848149355748,0.27020046095926875,0.33861385742253314,0.28199106800669477,0.30536196006456406,0.2823660526255112,0.3594280124925265,0.3026906610190999,0.3625979943037846,0.2188108450670479,0.32228364377351476,0.2843375198689563,0.27998093902989424,0.2810562958325397,0.3707001361445829,0.33863892056732253,0.28194453675135334,0.37198202693507254,0.23569686852844024,0.29169623676511974,0.2712086045519697,0.29306523518969846,0.27510364937411014,0.2853482704780425
0.35354070954255984,0.327971717397281,0.30393317329109515,0.26001315919681245,0.28087587558534255,0.2840550691412959,0.26537332118993096,0.33031527425171847,0.0,0.28840627830022675,0.2791007168837432,0.30584394036927554,0.27878908323773377,0.3014940442512051,0.29914006362645973,0.30808107208907654,0.28815926668342334,0.3239724094751636,0.27865307923120086,0.31947360925333257,0.29972180820437955,0.3929592218336852,0.244214874619554,0.2746726150774996,0.3035214066827777,0.2512935925988503,0.29374630010722236,0.2759803200677032,0.2566430399290861,0.3677026957947242,0.39266816541071076,0.3021022918490463,0.28395753345831637,0.24239385145015765,0.3097708603414349,0.2730643259913213,0.29397484549305625,0.37612309379038306,0.2968536096689932,0.2839465528830705,0.26372698745339235,0.3440225737008399,0.2729828372449515,0.2877895499607483,0.31244091606427415,0.2769191978400243,0.25618892386887815,0.2558927289271575,0.2936288973955085,0.2965488360370014,0.2893030149640184,0.26798024612033755,0.2674617186824323,0.2962414008780467,0.2744213878159075,0.34440886152982714,0.3179608985672612,0.3091852092337723,0.2693729843479328,0.26432729444999753,0.2635907583813417,0.25097179441500156,0.268112477011509,0.252139849827437,0.2843088372173077,0.2586873113697391,0.3006971555368256,0.30915231031366425,0.27198989967187737,0.3312044339487246,0.3626886108600014,0.2964238290326407,0.2916392578504653,0.2959101473088312,0.33437398394522627,0.2664972704271627,0.25372726231607373,0.27001438449842574,0.2791842848793455,0.23480766985501259,0.264221121326956,0.40087238205909986,0.3989577249194066,0.26087148983734143,0.3093307347024716,0.3882471148011648,0.28556063314791796,0.3124561748873878,0.29369549207390705,0.3760821816091176,0.3204650660281369,0.3280096039000985,0.29431960823756087,0.2668507918709706,0.35126062768582905,0.34407832987738124,0.2891886650346153,0.28321130992612353,0.2848786758554033,0.27491043158116907,0.30203601136933694,0.2429914638906332,0.25268790433777855,0.2628770130193199,0.32403669595322726,0.2848068163627235,0.24405288493504135,0.2952646893446571,0.2634624698559979,0.26002291243517656,0.25184272123291135,0.31319332628733726,0.28447722787670054,0.33860199592542184,0.271711162507687,0.32648386330175216,0.2723798787538729,0.2894805305965095,0.2197898337780301,0.2974749345907216,0.3123420027697425,0.27673209268154764,0.2559751363676735,0.3292364881267612,0.33884894312168273,0.2842229801927932,0.2633807415636514,0.28330312991497014,0.2523814632296926,0.3130994238035471,0.4089235323026261,0.3320501675783952,0.27016824851482646,0.3619934529292238,0.28499426585563337,0.2603853716396835,0.29504193467380113,0.2912191989737295,0.3051691444000263,0.34403406313605694,0.26201526668235986,0.2981857849836221,0.34308349557255063,0.33067813463654444,0.31100531535326564,0.2894152292764245,0.45961735752042904,0.2706725895814694,0.32498343918253675,0.21297802819444908,0.3361531434391985,0.2804979084935794,0.3028622610018785,0.2752367223359789,0.2986780843620457,0.3462313271713824,0.2745255579926474,0.3163000917387135,0.2824943654579105,0.28479544179430466,0.2344708885268204,0.3212549654037997,0.29761343595438644,0.3439213500183395
0.3281003147965604,0.4320989397985251,0.42668846840640867,0.3085545858753144,0.29338525016351025,0.32664335591778426,0.3161269393872431,0.35651999883398006,0.28840627830022675,0.0,0.28711042697111766,0.29432696380181195,0.34068275254949115,0.3017805550160825,0.30525076268449625,0.32821362723130443,0.3554630006849249,0.344260992984979,0.30079134414957615,0.27870846679959993,0.33604522409910736,0.328638311446781,0.3367771647257364,0.2992695598412989,0.41717326133951266,0.2714120608781187,0.29177013340413627,0.33283579095042826,0.3471405468435976,0.2752707593045142,0.331285658551994,0.3496491958011728,0.2745179980247999,0.2861631301006447,0.3033975862082823,0.274216054980298,0.32906452532550984,0.28851130842014633,0.24232034778607528,0.36463956663661884,0.2718865973185666,0.374798792063449,0.2741088680571759,0.277664575295496,0.32832130884164756,0.3019119509238671,0.28502023666316817,0.2695101787722519,0.3766642096654491,0.2594395373944701,0.3231668128419301,0.30435814919243415,0.2506036234883688,0.32547883217341844,0.31184255989548537,0.351329972241213,0.2985616069719512,0.28741332846720313,0.34075045524216374,0.28946422161401353,0.30943871377467447,0.23403500092658153,0.27395565664500726,0.23488802270287645,0.2658209502611946,0.2734901067039539,0.29236242343685764,0.31529133321820685,0.29409597270687016,0.35849671393696797,0.3072601515745746,0.30742011803925723,0.2654276389524579,0.37673193524860815,0.3193197999718696,0.29335918502923125,0.2894376912043646,0.36249980085477274,0.2550641818845782,0.2634842853214982,0.3283126636511494,0.31132378715341935,0.3793528324095016,0.28410088712598097,0.3057063950326289,0.35301753138614456,0.28188373340199907,0.2874566196929949,0.34963831841760207,0.2671093329475066,0.2934259116928812,0.29877870907700854,0.3103187492454893,0.26039622073712965,0.33455807618771927,0.32533220481210756,0.22563690335189443,0.33791431271950956,0.2402981250621288,0.3653504458401526,0.2614814423584388,0.27551181190701796,0.25238309757163113,0.32547356563436747,0.2808277001930803,0.3149942589171605,0.2898775143410725,0.41038558542721537,0.32095857906058717,0.33904419708847294,0.2968789645916456,0.26579970424958527,0.31346606235560437,0.2962696075771344,0.2777470493679824,0.3829800688201732,0.33115774191250924,0.3156327794223472,0.3091313517141253,0.30868379282616626,0.2680685218670251,0.2665872639842535,0.25896151135108075,0.38155065135620675,0.2454733393938807,0.3522797019445587,0.27210910599521715,0.2782290340429553,0.3495878659663107,0.30396453413926977,0.36345173543102716,0.3175997930769426,0.2516328868453276,0.2579838852651539,0.25779831555456234,0.241883917756683,0.27172165576850066,0.3122422976155599,0.32202821192496767,0.29601273417333607,0.26948625840818996,0.30899398528084876,0.36365307875579805,0.26542757467950634,0.30112870091314264,0.28675252524304945,0.2864113740418304,0.3436188583445235,0.4423830074854152,0.21601491811872106,0.2700904435932979,0.31311898917603753,0.26617499002701117,0.3222679020740295,0.34202734343040303,0.31365186530598294,0.27803428324103097,0.41162702372924137,0.2755278298046024,0.3338138142953701,0.371159252936186,0.32166122713381395,0.2939415228082288,0.2946553143341568
0.36163685466174716,0.3136270580623101,0.33981443884591156,0.32679456590234773,0.30915656539199,0.30998585105320714,0.28559625170115144,0.28852098750703753,0.2791007168837432,0.28711042697111766,0.0,0.34047433919791414,0.3487731744054913,0.2764228488904237,0.28741856489617545,0.3722185452967891,0.33254097385927056,0.31927975319770263,0.31624862090472033,0.31002062769513256,0.35992153739602345,0.37000694125493727,0.2865777437540317,0.3324057897719664,0.3630621468435311,0.33597557226084335,0.29949029124082344,0.33010025656290193,0.3223640085318033,0.27842212081243034,0.3010083528897291,0.3170934532339786,0.28644505541427795,0.2752815119112738,0.3190549784776661,0.31073526382999683,0.40398417744109244,0.3337253186278758,0.33297957412568513,0.3219308622086638,0.28383795612830587,0.32359907684659717,0.2922130712723762,0.35968073178415894,0.3066924391959293,0.2724300784625614,0.21709800130163098,0.42026512731934196,0.34808973814373745,0.2734423574198812,0.3465027287574442,0.2875282535310343,0.2333976905448395,0.3701717101953431,0.3721373348348252,0.2576156193683549,0.33680432755972434,0.3679030759784871,0.28972302648301757,0.2831705526468513,0.3354723886523917,0.21051818559969024,0.31608003606733603,0.24449316950186226,0.23691726490357426,0.2766619265953023,0.3486483748048635,0.302933898813423,0.3028319393042395,0.3443610123583937,0.3317667308658608,0.2595482246968564,0.32961204172976916,0.36618233932965477,0.331553954931354,0.27204029090118587,0.3414546159845423,0.3228188094102114,0.267023947351137,0.24440995052526865,0.29002974173657037,0.29963157218689074,0.2939628153173412,0.3039439810553367,0.2900921408665375,0.3073749346346921,0.35064311941900805,0.27151567955120354,0.264994812583871,0.2828423229264048,0.37542326685435395,0.24828466978007038,0.32649791049112925,0.2987344054392961,0.29998714018310735,0.3186016036254677,0.24086559304920202,0.25258343468236744,0.23037381797038106,0.2741796269776698,0.30247844544279034,0.286185666672116,0.2682398640916159,0.2507599454864811,0.2991518418691686,0.26108226442617466,0.26470013051390506,0.3099087228849492,0.26879580741759057,0.3446867613288615,0.39872454671486196,0.29718429992112555,0.31469104500222334,0.30586990765374544,0.2884806185202725,0.3026611512292961,0.273372185549672,0.3095477841266978,0.3068200433841561,0.27981027097552685,0.30517750668374527,0.25393144671133494,0.2896304183489681,0.353000525144267,0.26646846619432873,0.3505908931069312,0.222398646600751,0.2930112157822674,0.2963498287510732,0.2817764117444589,0.2448780643254007,0.3308458995217449,0.3067197992845807,0.3244656405624559,0.396702856572021,0.24983554217556134,0.26266019849223343,0.2904741723024145,0.328460504350509,0.31347556569957025,0.2987045848391975,0.30398179453823637,0.2807618384014894,0.2976253933547281,0.41412244473650256,0.26243240484362446,0.2952268891693144,0.2546973656928267,0.3047488607479029,0.22016445902809856,0.4013675055433238,0.26376861198252793,0.37196553879984806,0.24288329054903568,0.3140952443469013,0.3625490590461372,0.328727220708237,0.3276933069676656,0.3013083374270204,0.2876243621921877,0.24976995001545993,0.3254924960548419,0.24643605149801595,0.4528000179935357
0.2948097077035363,0.3397204026544351,0.3058381641541441,0.32017934921536234,0.27755830409806054,0.3141276298212494,0.33526707025840585,0.3370839262150666,0.30584394036927554,0.29432696380181195,0.34047433919791414,0.0,0.2659749775226341,0.2175809693888979,0.304328714691933,0.31241038333379517,0.2957318071733387,0.2679592568715795,0.38880926269769417,0.27741949601643756,0.36100083696764934,0.3018193807588086,0.30292062915316037,0.31425865450865836,0.3697104975059861,0.28882132535841454,0.3027279310307743,0.27033591505158333,0.2794349390002542,0.3288975502260407,0.3498504596627126,0.2977997540183476,0.3225529781952148,0.3151157708214049,0.2692473453387917,0.3049266811079499,0.3185847161735431,0.315911650752721,0.3563006215336187,0.30557157995562845,0.32866404881702477,0.30695237533987324,0.28208899252027936,0.32118189910663464,0.31614929263493724,0.3005484597625812,0.2821795618952373,0.29246890142490195,0.3159047138215202,0.27777452195145097,0.33970081676341574,0.3187143002138265,0.2314822132330727,0.361438907987986,0.34777504459297814,0.2721272653372974,0.33241136706028146,0.41517827592460166,0.24771219484796236,0.284199511875821,0.2505258576847805,0.21405668164608516,0.2868908909963523,0.23756092370996343,0.23475327889908304,0.2510560367276103,0.2673109537773345,0.25650388717395667,0.24727664630434049,0.28662302504845016,0.2792383022198835,0.23981110754321971,0.24984164161190753,0.3066369336290854,0.29219628273733544,0.24620897818378512,0.2834834952290906,0.34834078291141296,0.28133522726190974,0.21577709004230364,0.24855712925927023,0.31878983307746545,0.32460663910070725,0.24009898123809734,0.30936509979041776,0.35451997142037656,0.26823018129013704,0.2649485018250486,0.30791753743951494,0.3053519712093574,0.3319095692656133,0.3194648624731021,0.3003925042826478,0.2714398836205128,0.26969017389321476,0.38373641475037223,0.2366901438485642,0.3289293459786573,0.22700564264947115,0.2808134258682138,0.24401413742198355,0.268483065199004,0.3044903648337323,0.3481044209614695,0.28206595912064025,0.3012655764356576,0.2841144552892401,0.2999276232144745,0.28485988843072513,0.3278593594490349,0.41192701022033107,0.31522645179035697,0.253685278850591,0.30163664102949744,0.2787006569686692,0.3228056810854406,0.2788433669305936,0.30691068530517085,0.27945986339101625,0.25937579704575975,0.2743837795126475,0.27309932419706634,0.24846914344655419,0.3390220514588577,0.21980430162756245,0.37833575145908505,0.22817050226185914,0.339329025884183,0.3078418844723509,0.2634206842405318,0.2734741334217493,0.282923901495149,0.23378929522298486,0.3008506354878986,0.28657680658184737,0.208441082975709,0.29000198438403163,0.2918084047482322,0.2965548596074176,0.33120547273675444,0.24674369055379095,0.2600809440554302,0.31523325245534006,0.29251557695227876,0.33380084427214096,0.3424353779173706,0.4025264523447913,0.26796963436423693,0.33788381147105406,0.22300633086266955,0.32666623072666984,0.2822553660322718,0.31273697481369084,0.27986054766833185,0.4320161946245264,0.2845940796747851,0.2721246240843943,0.3640769034850915,0.24707117453972305,0.26306960693057657,0.2176007986559313,0.2733784527104895,0.2554807222728292,0.32041236122465
