0,1,2,3,4,5,6,7,8,9,10,11,12,13,14,15,16,17,18,19,20,21,22,23,24,25,26,27,28,29,30,31,32,33,34,35,36,37,38,39,40,41,42,43,44,45,46,47,48,49,50,51,52,53,54,55,56,57,58,59,60,61,62,63,64,65,66,67,68,69,70,71,72,73,74,75,76,77,78,79,80,81,82,83,84,85,86,87,88,89,90,91,92,93,94,95,96,97,98,99,100,101,102,103,104,105,106,107,108,109,110,111,112,113,114,115,116,117,118,119,120,121,122,123,124,125,126,127,128,129,130,131,132,133,134,135,136,137,138,139,140,141,142,143,144,145,146,147,148,149,150,151,152,153,154,155,156,157,158,159,160,161,162,163
0.0,0.8264932350008978,0.8134693350083031,0.8367982192463581,0.8417897235847867,0.7993578163857774,0.8831317781516181,0.8058887868941239,0.8508625673102137,0.7553395116332241,0.889980273112221,0.773913138038022,0.9058128896848096,0.867348001747974,0.8421288498613289,0.835745866762825,0.8927603195448826,0.9626313043886741,0.7827121005719997,0.9127671698466302,0.8499405737162116,0.8933786769686206,0.9077567930437942,0.8077197516697459,0.8629069707844438,0.8099423415515573,0.7977132214100772,0.8384336122312429,0.7494687407784961,0.8036859003258315,0.7941507204907843,0.8807163034291672,0.7951566933163529,0.8201556432917233,0.9153483851988553,0.8732096923123492,0.8959985713145631,0.8899665869682784,0.7267818463926956,0.878320162953208,0.7723557157896264,0.9233571560360622,0.880676169077126,0.8358223236155398,0.8472219208030868,0.8582263900644918,0.827135258310723,0.8220131847825971,0.9301383924410357,0.9421004624868411,0.9037774172260792,0.8511985305201226,0.9096453113361871,0.8376043543410024,0.8463254587226288,0.8899367854326401,0.935528589222137,0.8259647637313359,0.8332998638387731,0.91904709184452,0.8003099193697332,0.8523491406699131,0.8910406427371859,0.836798335628864,0.8872480256236324,0.8479720990596081,0.8124763266141048,0.8481766714598777,0.8722413259946047,0.881189142078658,0.894561728503813,0.871418124395499,0.8571904672622233,0.9022049506027395,0.8233381297015228,0.8386086798675387,0.852617040702243,0.7935649687567858,0.7770730244803487,0.6634565281194033,0.7490435882097183,0.9149200534857918,0.7812218607381425,0.7923014091411966,0.9389036430311151,0.8616896307084531,0.9157501988054744,0.8439879164575814,0.8458336311896787,0.7771956661304436,0.9415882361491624,0.8227131636098503,0.901720390616827,0.8817110351481164,0.9417114739880298,0.7701920900638441,0.7109767576906104,0.7963912770672656,0.8801464622887807,0.8105274262740907,0.7931833366666898,0.8122313832220001,0.7779788416437443,0.6902282172421255,0.9292771506180553,0.8296724042982992,0.8041202813207785,0.849342821829206,0.8426423102043088,0.8157405469661705,0.8647195801075537,0.9531090413449849,0.8746991739119137,0.7641190045011644,0.9220507651925397,0.859234156552674,0.8912361523700854,0.8580628701307716,0.8466666805654661,0.8330184086003608,0.869833260458624,0.8388770361392298,0.9440249310879519,0.8061860982614422,0.8571260151215465,0.7236109433733703,0.8299854110902017,0.8048825971158015,0.7977414001253604,0.8573359921873236,0.7838554850595076,0.8032393114683236,0.7886624693440945,0.8418162969893606,0.7920992949572132,0.8342363759270042,0.7566002674355183,0.877617273837746,0.8237445020836405,0.8036413098805874,0.7303979696115279,0.8997418098440841,0.917567233520647,0.8709302582640446,0.8440707747657185,0.8460943144415598,0.82229722369199,0.6987607879557233,0.7999964234857111,0.7116587012250097,0.8712462566431715,0.7776089252037037,0.8956096646888609,0.8166707865787438,0.7712624159074969,0.8758115994409242,0.8495567713847008,0.7612526238776434,0.8133253880157107,0.8900300220206919,0.7671680000406866,0.9010409212246403,0.8735646021240592,0.9031165685149265
0.8264932350008978,0.0,0.8925832779867316,0.8646647495293799,0.7776634687197524,0.8700545753773655,0.819365779541548,0.9630429013198434,0.7479709704133861,0.8902685338720345,0.91465175010329,0.9138680075741358,0.864356757120481,0.7642057447983432,0.8806162716949036,0.8437078204487337,0.8598565257835913,0.8214085013764385,0.888527120989623,0.8688597483710709,0.865796380952729,0.9407818270016088,0.8366341598077214,0.8606636179327292,0.9191649632972716,0.7368475664342262,0.7730459562359465,0.8172120788114069,0.9258461764973168,0.7573791932449428,0.8560249924935068,0.8300759122536704,0.8974373621589902,0.791567275472259,0.8186071800392596,0.8955649451911132,0.84308219152063,0.8693120074858757,0.8606004470385948,0.8454534282229063,0.8960521384860681,0.824679909418311,0.8115074560944701,0.8352651278686097,0.8683276817731993,0.8173773671922836,0.7468712749834778,0.8488417510715242,0.8464505503085991,0.8342989207938973,0.8183991063857996,0.7980621015860146,0.8686885679764167,0.9396107093077503,0.9198993571711029,0.8253284572997873,0.8504993260181904,0.8520155861052999,0.7575247166178433,0.8666213348577816,0.933662212708306,0.7164725843312119,0.8281986711563085,0.7665848665355851,0.7563196304717453,0.7575673336838094,0.7508756211950348,0.7590287282891215,0.7703584751196125,0.8904357089508737,0.788917812477267,0.7594670789380417,0.6999214027490852,0.8503759016972143,0.8667882622085646,0.737091556233708,0.8021253551725279,0.7870561698523229,0.8184187395288215,0.6471044460326053,0.8002192065881409,0.7980202992101433,0.8175754417334473,0.8909681806171924,0.7774206156985805,0.9305531170661827,0.8537279733542368,0.6949690412339387,0.8088588565230447,0.8436222629202008,0.793956688442907,0.7600905276617452,0.9020460185805138,0.8112278988574865,0.7903121252341657,0.890727000645031,0.7962507831491277,0.8171304097953637,0.6958505873962244,0.7446146886773451,0.8230324757775769,0.8245939934311701,0.6720371199941707,0.8434722094243341,0.7890502411957512,0.7830018561016658,0.8272272930821825,0.8965698441532476,0.8328920710148923,0.8830222819878204,0.8534658827624743,0.7737062218696976,0.7585517870514321,0.7488763974097409,0.8419999518902235,0.8182645423248817,0.8650746521390664,0.8689155313883072,0.8610446186936477,0.7125725660586228,0.7795925171702529,0.8116219310509929,0.8118535175126661,0.8104618938237168,0.7270146643441655,0.8918929816507608,0.6953978484862735,0.8488226804937903,0.9373853052135926,0.821078494335127,0.7777875272877142,0.8015562644268721,0.7428350576986149,0.7943920871978866,0.9107032231622857,0.7919207800054338,0.8098376210661272,0.8291642185454856,0.8957215305129484,0.8723437940950005,0.8288449021395263,0.8456641653265634,0.8255365784936839,0.8325334923830513,0.8777176503892365,0.6964060395043566,0.839953731318656,0.8128820381550621,0.9176888427510433,0.775568830866806,0.8050449949044667,0.8904802444726032,0.8863345477245451,0.8290427872887363,0.9041038460231037,0.8956337983187713,0.8746207491943886,0.801392680682648,0.7958925765603065,0.7386251886935914,0.8291505002993442,0.7916845448312303,0.932412792029689,0.81133541058724
0.8134693350083031,0.8925832779867316,0.0,0.7833954181618833,0.8897975149675962,0.9374774599417915,0.82924716717798,0.8509444159194877,0.6744187778061527,0.8654035046968024,0.9364124286338957,0.89064266511844,0.9184977439625434,0.7312596073097202,0.8131683744546058,0.9629287355005198,0.9423536159980823,0.8006852897688882,0.7888824191510819,0.7834179416907265,0.9438429063079515,0.9507296016741202,0.7981707775063238,0.8663052002552861,0.8678699453142709,0.8376581698927967,0.7118622431049033,0.7509999187991419,0.8975074253571106,0.8300997283224372,0.7233255841375082,0.8904706110999706,0.8095589891001707,0.7498790710612557,0.7193855591511127,0.8512424508716139,0.8904627082287015,0.8454160435713698,0.8053418546916585,0.8581001229583803,0.8457324172073944,0.8961404645431128,0.8821690265367021,0.8635702118705787,0.8065827040728992,0.8418849340817643,0.8764576784322576,0.9176025265576038,0.8328953105163477,0.8559429136032731,0.8710753672387164,0.8770219102303445,0.800617573038707,0.8994808929031929,0.8907987385402297,0.8812529445232529,0.8523078889881047,0.9270303478114688,0.7273395977120538,0.8337013042543879,0.842544632603437,0.8129651122785057,0.9196758673297828,0.7396332668374842,0.7331585999804466,0.7722363086082125,0.7218503226898699,0.8682093295324855,0.7942264135970025,0.837172884337857,0.8536226127730039,0.6947271820198581,0.7007777494269912,0.903697515869672,0.8488105556416904,0.6868575683860538,0.8874591691859997,0.904277629226993,0.7731129584276488,0.7497731182298074,0.9153632425642672,0.7534284305431694,0.8914748488888242,0.8544107147847496,0.8073523405195542,0.8643724192815501,0.8223754245398598,0.6881996686776393,0.7516094467089172,0.7685846552550482,0.872576380334385,0.6950038204467314,0.9232798368857478,0.7611200285480514,0.780640476394702,0.8619323533117916,0.7051889846141675,0.7719968088773085,0.6875803277922488,0.7203168666466249,0.7063241513848176,0.8647352947404825,0.660611365387702,0.7471298995092586,0.7479387753776133,0.9051348969005649,0.8925539159709222,0.8817507819926289,0.8714168704692606,0.9259433432668281,0.8682907170172308,0.7873577564718749,0.7807017091449345,0.710993177153717,0.8238699809037899,0.8660711094204695,0.7955482917810304,0.8703487829617796,0.9272521161142565,0.6922819416942234,0.8471844953574065,0.7897622508472858,0.8318823070542498,0.8653315880411108,0.645074248725105,0.8698098786588881,0.7452653217785964,0.9127981856398862,0.9098716540751202,0.8111145436555747,0.7678118448338985,0.9388260853942589,0.6674374469769742,0.7027770303136099,0.8087842477241858,0.7961417706840183,0.8325251007014426,0.7926730270184524,0.7991212131187715,0.8124287109407099,0.6903197209956768,0.9194755258055443,0.7760871082982426,0.7978321030183172,0.911001184726818,0.7215038592220312,0.8731284232564516,0.8864836924979599,0.8814775148412288,0.8126429105740771,0.6834448803483812,0.7699596004439074,0.8380812830439073,0.9096052898564412,0.8895025025594514,0.8206702636971958,0.8348001554629023,0.8972350947762372,0.6700687927597592,0.8086868335839126,0.8548547362920876,0.7021655510899634,0.8820521218353568,0.8260984966147253
0.8367982192463581,0.8646647495293799,0.7833954181618833,0.0,0.7298087039731268,0.7952330540353424,0.8737915947484362,0.8609931039592582,0.702499279914408,0.7942896182927124,0.8212433990586352,0.7865025436677994,0.846025137566468,0.8052405548592327,0.8358859866253912,0.7500064998325796,0.8171388774060594,0.8355404897372222,0.79207699135873,0.7763904664849965,0.8042877127017631,0.8241709613570123,0.8815951460914266,0.7986168392642089,0.8496798462959652,0.7790366175615643,0.7840228452808424,0.8315222975320341,0.7721071816398676,0.6756971545599332,0.7698168231604416,0.7963272415388679,0.9330899877277657,0.8544294973130429,0.8299986951455739,0.8638083022167053,0.8145576831227104,0.772640718783304,0.7128113599386457,0.8851795679835865,0.8331828030703728,0.8031878920495078,0.7675362150868166,0.8014620022332772,0.866797425818508,0.8311817168206126,0.7360153012019867,0.760647154624724,0.8535179143370312,0.8099479707719937,0.8472086554401569,0.8280939124450784,0.8499907486878105,0.8967205678686504,0.8483028221952309,0.8232363085149167,0.8158107620968377,0.770333307958465,0.799743341547095,0.8662460524633174,0.8763316414110218,0.7443484675526532,0.816047766329996,0.7421598677153461,0.768497846894282,0.7917057173459172,0.8289782515473025,0.754373631724539,0.7673971930887261,0.830617147088147,0.7841299407945352,0.7685194123958529,0.7818224234256467,0.8695181493206665,0.7798057644989931,0.7713439620846345,0.8026265863599862,0.7474682190186264,0.7977281173513604,0.6161693907465026,0.7298358290461934,0.8462414256591755,0.7218428846127599,0.8002960070406433,0.8402976291544123,0.8328483124540853,0.8314963928917575,0.7561611755014538,0.8561910902544434,0.7782541634388369,0.82099012230189,0.8336015729253301,0.8172699361604313,0.810653650399803,0.8622994952447383,0.7939982487658632,0.7149638014430442,0.8637485253974617,0.7356091685425988,0.8629795154253176,0.7609797121142646,0.7762892224952741,0.7958270983845525,0.7783421371804738,0.8309031510449387,0.7652980583079114,0.7997999537171744,0.8380912282414923,0.8381545513362707,0.7942942122134972,0.8640668992318944,0.8138825605822821,0.848579368254711,0.7006529499375417,0.8979193671553096,0.8190786105709515,0.8799679240156831,0.7516645182465844,0.8734151066304515,0.7928546747465977,0.7259544187113722,0.9122965725632622,0.8306394144128363,0.7777646268162586,0.703235177333688,0.7695704440964278,0.7748618829149453,0.7677543838383015,0.8611994519549723,0.7950417090212777,0.6974610840016036,0.7165359900813844,0.7149100297708917,0.7799476972148572,0.7658484760248199,0.7053009238858112,0.6779384268026541,0.8444708545154652,0.8370304906638066,0.7385854496602463,0.8595585241431702,0.7676592971993201,0.8902856807753295,0.8064597149060211,0.7819827484576409,0.7767383240952609,0.7406458960507162,0.7192046773554068,0.771857520602854,0.6460152789971088,0.8255540957203072,0.7925912605794564,0.8019315170823843,0.7886168807644114,0.8313335249246786,0.8260302446263474,0.8085331868649529,0.7680764052641121,0.8940695762838471,0.802574981933067,0.8412109479878991,0.7939316555272142,0.8411135653202984,0.7811815085124914
0.8417897235847867,0.7776634687197524,0.8897975149675962,0.7298087039731268,0.0,0.8667976787916047,0.8384872585169413,0.7109260429862447,0.6855619475586546,0.7027695608413546,0.903478030978965,0.8402759609913177,0.8489286106901103,0.6765894602047664,0.8413554554148196,0.9316804571065537,0.8919713149549039,0.7909834655848049,0.7386947930703242,0.7378358885796489,0.9276623017814276,0.8911637316124371,0.7710554360240904,0.8928793481475313,0.7692371580940737,0.8950336007323928,0.6526106864667,0.6749125763578634,0.7866341841822526,0.8963138306463102,0.7139183073912908,0.8157356094844105,0.7828630773090512,0.701247860403656,0.7083651438606873,0.7730535305541428,0.90157094379072,0.8292394646530703,0.8094234702880141,0.8393867212719078,0.844482927483846,0.8612550460751416,0.9201689684453231,0.9163284128848576,0.7210946059975264,0.8416222090026614,0.9254849052466716,0.9290022909807486,0.8156398997036195,0.8517906213408262,0.8904640740366463,0.921381382919714,0.7726161346285128,0.8240320505085803,0.8151800166318521,0.8490277731091926,0.8850198305486521,0.9181159917584785,0.6602503893473767,0.794802368501056,0.7001359600701459,0.8201669666865612,0.944396421275469,0.672366358784277,0.7588475733644611,0.7494871655204339,0.6702805197090608,0.9119263913140558,0.7253121554333205,0.769634127139625,0.9191227582927034,0.6913506345676274,0.6567842047392042,0.8501984337947984,0.7489051684746902,0.6962817792111611,0.8606955187436831,0.9569762494453051,0.8188093749487597,0.8551006758634304,0.9047564139425582,0.7701487954561786,0.9481070235771198,0.7575345164142137,0.8040997593133122,0.828221802115276,0.7580510661700959,0.6708801873947909,0.6785719809962268,0.7733848092978246,0.9290064669897516,0.6719768651758432,0.9179974603435085,0.7825848791047626,0.7634758726007128,0.8146143993299488,0.6292136085371562,0.6842118176439823,0.7038424656541171,0.6628762273614454,0.6935672190001434,0.7786723691937723,0.6480496542119262,0.6603942581616118,0.7202500887678216,0.9234091567067595,0.7990834939082836,0.7692223446240968,0.8609940557294485,0.8785960502261603,0.8499386621684052,0.8230238548694995,0.7273670144571357,0.6413912786008614,0.858294970974792,0.8849449494861491,0.7351323858593222,0.8147545685665724,0.8283959386043073,0.661501946153189,0.9676039169370221,0.7801927859585929,0.8211307371443862,0.9326516022427819,0.6809022555563716,0.8096052365938309,0.7051618197144249,0.9116687814861839,0.76240600456171,0.8056541747888243,0.695960781317051,0.915639282453162,0.6633835210772844,0.7387017658225857,0.7399850306316201,0.8739175040749811,0.8893033366054789,0.8307046161861251,0.7055960690249874,0.8460607308209082,0.6379518359592212,0.8568736012547897,0.737870288836835,0.7158429532655628,0.9094168155649419,0.7166502466718302,0.9405352372977558,0.857004794777532,0.7457006065767479,0.7157023819529782,0.7081408555514024,0.728428779448717,0.7927206427971843,0.8414183560572159,0.8341651952153242,0.7994629410255171,0.8208865389216387,0.912174038906504,0.6627199935959905,0.8333829439509949,0.7500200402908646,0.7320213273727085,0.8177410188860955,0.924014462587575
0.7993578163857774,0.8700545753773655,0.9374774599417915,0.7952330540353424,0.8667976787916047,0.0,0.8025790248579316,0.8371001330598073,0.6726583115153598,0.8101445155339563,0.9144572585467896,0.9315884646854754,0.8595451540617667,0.664331892615449,0.7847536983821375,0.9263088942962073,0.9107683833167571,0.7444794327877489,0.8534323145408905,0.747946798445236,0.9426048366235893,0.8929510089492496,0.7603725320499565,0.8526358154758664,0.8613476203495266,0.8011079193468039,0.6534596687262725,0.7446171264111933,0.8536685797626962,0.8445220542556208,0.7310351731954499,0.8561982726223937,0.8140830691579768,0.7586729671477723,0.6956849846203451,0.7965303016744533,0.8597226729865881,0.7973094141894528,0.8090905215017575,0.7967916415902214,0.8434660435581242,0.8877530479685443,0.8404848316259024,0.8784440529673994,0.7496212959780035,0.7994749322215691,0.8364416396311161,0.8987211114205248,0.7878957251908847,0.7962037493319963,0.8531941315291586,0.9043013864057386,0.779575851396037,0.8923733208378609,0.8518901329460635,0.8927392435839266,0.8472430620503892,0.9546605119036623,0.6655201300245673,0.7798203085415366,0.8291308634103475,0.7657537390887907,0.928269690853499,0.6630620379537152,0.7059860182304739,0.7483966199192266,0.6728569341487646,0.820898758200726,0.7125295382746013,0.823904013679184,0.8231619413038113,0.6364373262794565,0.6737489255399325,0.8551788428530342,0.8396036360843894,0.6876322658179354,0.8397861148030651,0.8771589262576102,0.7814009184970491,0.7996088974101754,0.9564629291159733,0.7522221851964264,0.895716054174915,0.8316353544683476,0.8025208989152702,0.8460752772526214,0.8386875181150122,0.641874278300533,0.7348927959809719,0.7732122345941401,0.8466567360428264,0.6971432740023106,0.8814361666395782,0.7798077915893613,0.7396756490734905,0.8645270771514111,0.7003073958768953,0.7886261268761783,0.6527183133405209,0.6917141738409239,0.6691994811956329,0.8172122912028214,0.6511332714584613,0.7563752206572392,0.720680131937679,0.8621018213326281,0.8548809670699725,0.867288564664639,0.807473022590851,0.9165332865147309,0.887754273691702,0.7502119278529722,0.7685226057606542,0.6859900117622909,0.8065888290004306,0.8647354083284577,0.8403869720001683,0.8095225400755065,0.9154695191730162,0.6751929730497443,0.8057041107618181,0.8064994871620754,0.8366908492223314,0.8844893542917702,0.6424398846198259,0.868593557487681,0.7071888398301369,0.8663808046458716,0.8795545411186919,0.7184147176313705,0.7602231956851404,0.9307158468250661,0.656790044746199,0.7380695256630526,0.7802978064503808,0.7570003785376669,0.8354627510743691,0.7386824922600711,0.7137483014348648,0.8113939887615491,0.6920547218014671,0.8607261378429617,0.7547767348951164,0.75027810864476,0.8739261484790695,0.6880097076927367,0.8790387588413774,0.8703365978691522,0.8353127519545137,0.7895254550691346,0.7107105641051041,0.8001828196096126,0.8019362995264588,0.8117256408021585,0.9352156284896486,0.7882756555081091,0.8208844364485551,0.9232091462775072,0.6601438792245691,0.7995565367277163,0.7854494930271727,0.7406934631600262,0.8628665804405127,0.8387885118533005
0.8831317781516181,0.819365779541548,0.82924716717798,0.8737915947484362,0.8384872585169413,0.8025790248579316,0.0,0.7682879983993718,0.6630110223666301,0.8025662284284236,0.836922112288167,0.8059656732466429,0.9091975147456743,0.8061713813923095,0.9023211461833586,0.8226013015030397,0.8393424345264969,0.8507220649849315,0.7365883617119591,0.7804502791034417,0.8689210752448921,0.8446797307109029,0.9148371157350692,0.869861337407848,0.8716031121629609,0.9140273102703347,0.7268963542690151,0.7329512508112245,0.7782197580997113,0.7216899730747938,0.8050555041001737,0.9031270391636582,0.8691066183547276,0.9079771169672993,0.8200023659224746,0.8947064534655838,0.9538602443465689,0.7591679297306032,0.757541595569727,0.9411763282046586,0.8077303362566733,0.8251148866862245,0.9300646155580665,0.903210459799515,0.9121768582258087,0.9464101996180011,0.9014659698721172,0.8808910687378683,0.9608722125402949,0.8969648022018238,0.9634496604857606,0.8704337757787541,0.807085929559432,0.8965404746973911,0.9184841688155481,0.8919771161634538,0.860581020096942,0.7840221836583964,0.8492829792785088,0.9068102017169032,0.8035631083346337,0.8853461145372404,0.8622030315466798,0.7803053331295755,0.8537272927235772,0.8826858027400581,0.8824913082476883,0.9257947730520233,0.7932645385755597,0.7726239953897497,0.9195187885817468,0.8293490504224978,0.7775634145312335,0.9403354785921403,0.7012323682011351,0.8889663812718999,0.9339752653238098,0.8750072655035019,0.815196397055376,0.7005904602184235,0.7792358361101065,0.8622966213895495,0.7977421276750499,0.7224181847557932,0.8812608270971399,0.7784622049759616,0.8498965591217191,0.8506331403797349,0.8632146093142108,0.7976334144594325,0.8918563165877942,0.8679642649487302,0.9000694520047363,0.8492050043273619,0.8724061527602995,0.8411421628477262,0.6860381971320304,0.8420859922718253,0.7989194885339245,0.8821707719784666,0.8184374613603213,0.90185510004046,0.8522152187971865,0.7388711715800264,0.8275328287662091,0.8885598252435627,0.8765076502978715,0.7783714562704656,0.9591455096064807,0.8869867466393496,0.9469559758626261,0.8953089692275753,0.88471127193297,0.6337596991725327,0.9133097221636401,0.8015021504205969,0.838439207198249,0.862924206224546,0.8964532703647573,0.7238708331461254,0.8335644815754971,0.8501282803458781,0.8768145363742211,0.881612525556232,0.707448911332251,0.8096835873992541,0.8271115046327053,0.8981864036613576,0.8487200077265128,0.903860064801891,0.6468997691447065,0.7600842939261431,0.6802372621616897,0.696148974181075,0.7862389852849988,0.8250179052103956,0.7620456079510277,0.9308601498990379,0.8208209015255566,0.7978345831866089,0.7663943270133772,0.8612963650171012,0.8926093980525232,0.7998309963947746,0.9007350227563093,0.8925486832795464,0.7960285553504648,0.7856518986064673,0.793759798606362,0.612537496852473,0.8145720261747217,0.7334072808967823,0.7711421014370453,0.9191562029631372,0.8306479725426712,0.9030206091981408,0.8161437730513115,0.8376944935760517,0.8163934864029189,0.9190642086891844,0.8865659937814656,0.766423194352061,0.8861566288282705,0.8027777129140833
0.8058887868941239,0.9630429013198434,0.8509444159194877,0.8609931039592582,0.7109260429862447,0.8371001330598073,0.7682879983993718,0.0,0.7675327147552641,0.900903422483432,0.8723019953810294,0.854339398167292,0.8446908760409981,0.7806654150596497,0.7908216872430578,0.8035814369510909,0.8448776710070346,0.8211441454980761,0.8711844388791712,0.8600208302453152,0.8034342446932813,0.8884724930672225,0.8373793285062398,0.7711304467164614,0.912594866482159,0.6805341397822917,0.818364502626077,0.8786508073620186,0.8781590121817607,0.7339533493898446,0.7996377519284444,0.8147364472884548,0.8390174611416426,0.7836302777672917,0.8084787534758766,0.8625835523457176,0.7834838930721518,0.8520384568951924,0.7651735196039225,0.8002660330915594,0.8128936907293636,0.8269132996748596,0.745873014702261,0.7496843801502767,0.8482996622340173,0.7649523821217268,0.6931008526110057,0.7638207266304923,0.8137308181023893,0.79357641303485,0.765631599019974,0.7474835236819775,0.8486827491046365,0.8756483382055444,0.8629381210893241,0.8053935876030625,0.8043955395953348,0.8212224170095352,0.76082702418148,0.8408858862650713,0.9358497922414919,0.6888248439858632,0.7831971505774332,0.7727405784191671,0.7121574296219716,0.7255697359987842,0.736921426383497,0.7005562173306692,0.7948344267218322,0.9181068977333211,0.7214591222399435,0.7378697264785001,0.7279938074312389,0.8206670910862806,0.9042032756782422,0.7110361643309847,0.7594566708711125,0.718630290464092,0.7494507412665027,0.5927907854625797,0.7403462075342293,0.7670391109309336,0.7463001411122854,0.8985124642151966,0.7700396952553038,0.8996781048418685,0.861013668439582,0.6949367118495824,0.8409509442686224,0.7779458107200312,0.7639936117234679,0.7470517350880999,0.8384970856758235,0.765119486987432,0.7826627814272914,0.823561581426301,0.769185621658362,0.8274072964136994,0.6879612864811098,0.7510879615189415,0.762535999621273,0.791292330544848,0.6692837386882505,0.8308876479988339,0.7986854023106319,0.7325260020426112,0.7950932642771137,0.9356951963225267,0.7694561825738913,0.807573682402462,0.7984335113363786,0.7439079362511825,0.760290817586461,0.8137013635799396,0.797888825149253,0.7977283373363563,0.8859263887992134,0.8263254684919377,0.8391952665711687,0.7589032338385157,0.7058967147847591,0.8115030072736799,0.7894357391295916,0.732193351220368,0.7025918708793641,0.8158607447151164,0.7030778663984851,0.7691286592236393,0.9175572223400004,0.7599803884465006,0.8363189327390833,0.7652798728479341,0.7497529197342571,0.7728191028482626,0.8399539838505038,0.6990761402538099,0.7324749741049859,0.7599522248743805,0.8855583880913296,0.7950682837735814,0.8126188956980871,0.8196382714644287,0.8198154435274274,0.8383338692270553,0.7911834681944516,0.6877640469577153,0.7602656937736487,0.7448917372293316,0.9101669202489747,0.8017543355873016,0.7713238218872015,0.8684299584745254,0.8776550553015339,0.7806842191831709,0.8506449964020508,0.8253894960472706,0.8307003144041886,0.7427918502052816,0.7767675268692683,0.7188757012932494,0.7993208031014565,0.782339669028915,0.8867930451162632,0.759336703362752
0.8508625673102137,0.7479709704133861,0.6744187778061527,0.702499279914408,0.6855619475586546,0.6726583115153598,0.6630110223666301,0.7675327147552641,0.0,0.6590320105204378,0.7676456880293494,0.6723801912118259,0.7101702675375495,0.772869818961737,0.698370461315186,0.6863388486957351,0.738781099621257,0.8492345685628496,0.7453107898689295,0.8683559334775318,0.6760990963082587,0.7808346303673562,0.7444956810686165,0.6432224933813575,0.7373112928322856,0.5956674452851091,0.7828039538911241,0.8050403665167049,0.668944077057644,0.7479766425314507,0.7352007680512738,0.6908806016150459,0.6701245139237169,0.6351619008447404,0.8604524285954732,0.7333595666512792,0.6823908261963713,0.8693038140211845,0.6467470976630745,0.6735193186227901,0.6699079213562269,0.8011508913232771,0.6761037437817742,0.658030161700736,0.6823781807029085,0.6415693401784494,0.6249452919132791,0.646517601324348,0.7282199087065526,0.7695114593063536,0.6775022233367851,0.6646521075130836,0.8306515145330482,0.6801770777515316,0.6820176493746759,0.7159973812170967,0.7768377113442632,0.7276371499333353,0.6929565903961606,0.7466563073690821,0.6929710763892386,0.6507357074551752,0.714910036609413,0.7638235014411948,0.7372435726698642,0.6456057587884391,0.6381210398653981,0.6345458363158957,0.7832748190043498,0.8580839026130757,0.6866089550348469,0.7682147732073737,0.7493358743701266,0.6880475655681939,0.8233820628291089,0.664570982075587,0.6325704099644478,0.6132391161853834,0.6423303873662342,0.5403492216292253,0.6100416992247409,0.7866822802511891,0.6588879399024998,0.7505852726863365,0.7495166871461185,0.8132024317016886,0.7891194351455385,0.6966917627945648,0.7035017980330811,0.6794755300912078,0.7619066540526517,0.697972410919027,0.7414346937624774,0.718633314961693,0.7883637408012188,0.6582203063141094,0.675244716189664,0.6718160102563352,0.7866312974351988,0.6359378546368265,0.6982368522895751,0.6267171484843375,0.6265230057804728,0.6473779359170216,0.8325761345771188,0.625346897205148,0.6163067454342095,0.7806235513459131,0.6311031035056108,0.6369942984908408,0.6590444210719368,0.7771047264069646,0.6838757991696031,0.8392792014527825,0.7324908014026007,0.7334142350031381,0.7724907462411358,0.7237870646104059,0.6620927665234093,0.8175158184833282,0.717083302626126,0.7240400029620081,0.7535881638665244,0.6255880543455778,0.8916810336372764,0.6091552469642824,0.6664558224093614,0.6260250512353129,0.6666159523856064,0.6909116178228043,0.8613875099877648,0.6821935412221646,0.776362068950238,0.8903833602484021,0.710198950604382,0.7010450675580452,0.6560628884978975,0.7026515638656357,0.7347916747760962,0.7234780007318855,0.679032037775961,0.7443289382097221,0.7652578932344131,0.8028122073296615,0.6691354103396229,0.6635687013867881,0.7222626210543146,0.5683010552189304,0.7229612024741661,0.7442559419406913,0.7906046460382398,0.7707563136791661,0.8557567994893959,0.6284771064975933,0.649176640407363,0.7188544733973639,0.7233737238384559,0.5994012813652573,0.7331376818975616,0.6659817683392536,0.5979584438586742,0.8837605412762949,0.7525586274323453,0.7973256787236936
0.7553395116332241,0.8902685338720345,0.8654035046968024,0.7942896182927124,0.7027695608413546,0.8101445155339563,0.8025662284284236,0.900903422483432,0.6590320105204378,0.0,0.82874085908705,0.8197510664007591,0.8570073473451538,0.7865772916725147,0.7584419956988088,0.8080724734292506,0.8089059197756042,0.7795241498397676,0.7653492685770273,0.7776529522583345,0.7751902594600347,0.8372819043565508,0.8348852064448739,0.731491995780508,0.9419849573724532,0.7068370776242449,0.7823610208105024,0.7863283933948815,0.9110044712023845,0.6949522940640401,0.7708108136540985,0.875745355899049,0.7819177705100687,0.7988330946475375,0.7615888314610056,0.8732601728536483,0.8194449176859544,0.7792872648088287,0.7214068251044157,0.7880997334498928,0.7395950197607609,0.7887538276967839,0.7829357528351576,0.752736522697835,0.8655555923031168,0.7604074031598208,0.7378252812902951,0.7937718831809953,0.8433590146630362,0.7747839765000578,0.7699259196626874,0.7066101602142799,0.7393321624450103,0.8393124610523588,0.909267281699411,0.8033831738586534,0.7282991081016763,0.7779508440956188,0.8046726223919384,0.7997247567362142,0.873743890757922,0.7324131653475559,0.7466177456056405,0.8037673752752953,0.6833354369692066,0.7199298277438728,0.7597775120897481,0.7496797923787347,0.8275171607409662,0.8474733238283761,0.7151441700653391,0.7446059365761925,0.721252592656463,0.824495993798226,0.7950293507257481,0.7467014276276362,0.7971576892344756,0.750212670250028,0.681101595593231,0.5946938988806907,0.7359063454269643,0.6991141998421524,0.725354741035177,0.823930975301354,0.7399595983513488,0.7703181130021919,0.8554099784150805,0.7458361693325585,0.8558559341359806,0.6927501666115127,0.746904897179408,0.7562670475462062,0.8362465177007131,0.692989522707037,0.7478638487463871,0.8586192798719896,0.6942821869868141,0.8408337039365122,0.6936219360171717,0.7666408228888165,0.7722420286580696,0.8657808243187933,0.7162897982989865,0.8598325640793767,0.7601963077235262,0.7422996356255182,0.8156928569197184,0.8822188314692523,0.7934689337642462,0.8126849976731088,0.8015996707106536,0.7257393806290398,0.7797787717142184,0.7509408370139139,0.7408162684740922,0.7134991102346356,0.8328848576760345,0.8874153570303961,0.8687895378465662,0.7243055781691147,0.6752199812060578,0.7825110171885272,0.75266399707392,0.721030741727509,0.6422425762203531,0.8408266097167263,0.7182775076947284,0.7876495553190233,0.9469200779127206,0.7869519928549996,0.7628694958037243,0.7327521421939467,0.6751529882471927,0.6315393338461569,0.7919553709408288,0.6864209252739245,0.7114494945447118,0.7509151705283893,0.8732106570228472,0.7484545335892866,0.7967082035298743,0.8619051402632169,0.7726669552362474,0.8217654878774011,0.8187860686536729,0.7408768528184011,0.6983409317341959,0.7626840154639265,0.957577569431478,0.751647401862749,0.6906562823438709,0.8081167472294646,0.7677821881833264,0.8435729515265022,0.8279876769397917,0.7989459566110318,0.755124839407205,0.7426870080187141,0.7310761727072514,0.7491340595107772,0.8863364610857688,0.7101504232931318,0.8820679223131147,0.6753922297297388
0.889980273112221,0.91465175010329,0.9364124286338957,0.8212433990586352,0.903478030978965,0.9144572585467896,0.836922112288167,0.8723019953810294,0.7676456880293494,0.82874085908705,0.0,0.9026968440622418,0.9171455609160978,0.7601683708045952,0.8517813715640046,0.9578918144880537,0.9582122691858083,0.8725355551800448,0.855940687833467,0.8505841586000608,0.919488265590315,0.9709133426377313,0.859908822566714,0.8781262334886202,0.889974604165218,0.8063246527240542,0.7795495235559737,0.8328388163964734,0.9061576118532368,0.9023824831839985,0.7752342942114697,0.8691758166303309,0.839032480950683,0.755709782143052,0.792370211162531,0.8438374596880258,0.9029070654498521,0.9350389560294371,0.8346514394574152,0.8688750754983662,0.870850263212801,0.9109760762991355,0.87451193699241,0.8733614850300974,0.7955202425448145,0.8319896814363407,0.8222099643719001,0.9045128265658395,0.8726479421778384,0.8677152643076111,0.8674894265704476,0.8680848606217381,0.862017051780262,0.8901283916844742,0.8959138095907486,0.8565268102860826,0.9178678757959868,0.9552398416834476,0.722436035029233,0.8635705508899009,0.8453853019063502,0.7712963639015856,0.9235648726607567,0.7428478201305723,0.7528357591343525,0.75459142642426,0.7112882818885354,0.8310017413553535,0.8073587695437205,0.923052513167058,0.8459937280405915,0.7459882364898223,0.7119167585725545,0.8854162786751997,0.9018069955512115,0.7332907553818764,0.8601429381803399,0.8837714535487964,0.8144617611189425,0.7546910768565849,0.872195272166172,0.7836563946279494,0.9074562157057513,0.9065670450856348,0.8279498905165181,0.9256711597197247,0.8630000461289781,0.6973953587094281,0.7832264849391839,0.7915088468423106,0.9080202957070845,0.7016581412643272,0.9636489070329876,0.8248276095211637,0.8113264098782522,0.858560126182316,0.6919903437943938,0.7449061237249072,0.7157922802708836,0.707987575345597,0.7676910656524094,0.8176132938092322,0.6530291286197752,0.7468506099467214,0.788910062010103,0.8602586384797181,0.8261381999476657,0.9192828180716258,0.8461835665148071,0.89079699459745,0.863814058337678,0.8188814170199236,0.7671357876896048,0.7874084035147846,0.8839693581734778,0.9163136787542745,0.855231852322688,0.8901635964664248,0.8775403709078368,0.7422713488199165,0.889042545669078,0.830235091846662,0.8517360872504265,0.878068199808923,0.7319278624556111,0.8656663683089603,0.7138639393204155,0.8794892933351066,0.8727960255013081,0.8181429426495671,0.8196022001644993,0.9076027594499478,0.7874313271477077,0.8052717610163462,0.8214280225447851,0.8239654569277044,0.870681156876561,0.83133041168335,0.8274903828590946,0.8856706076008029,0.7362510138486437,0.9101975393279931,0.7997648075156709,0.80158075544783,0.9110241174080936,0.7069119855333246,0.8922052674137045,0.8522075089810823,0.8671922308979076,0.8290023783926296,0.770662331025209,0.864686694081355,0.9116668808256762,0.8355136371748645,0.8861214455850804,0.8529740282066937,0.9203780351410834,0.8711659096401239,0.7474378179374506,0.8317971320585676,0.7988247623805195,0.818447511739374,0.8822665203626939,0.9239772634066967
0.773913138038022,0.9138680075741358,0.89064266511844,0.7865025436677994,0.8402759609913177,0.9315884646854754,0.8059656732466429,0.854339398167292,0.6723801912118259,0.8197510664007591,0.9026968440622418,0.0,0.804825737175219,0.638755932777027,0.860697998860409,0.8778992414681513,0.8418349269203159,0.7244517760258505,0.9196145469825785,0.7705406614526672,0.912392985987274,0.8879665674122428,0.7710005423034799,0.8917128692638919,0.8821495742490556,0.7576101689805422,0.6500107018213346,0.719579621324306,0.9038489625778462,0.8203141509049364,0.8381600332106671,0.8164294397393654,0.8544588552163928,0.7701660089155095,0.7177219689148678,0.8155700881930495,0.8481998054888494,0.7978081074682779,0.9262133948894895,0.7818333741824108,0.9032006271820806,0.7999528160120633,0.8472560944820602,0.9013091806240611,0.7692845455372693,0.7986834052306224,0.7888357794112174,0.91063481776295,0.7997200277362675,0.7837331570203417,0.826720039346749,0.8382432904559406,0.7757945982998922,0.9155832597542736,0.897532774749076,0.8131856669147428,0.8411588778872283,0.9155025480877891,0.6572465785010254,0.7815914456371292,0.8253373981672023,0.7033510532583332,0.858809232250827,0.6598174208370481,0.7129581566939991,0.7219248598641862,0.6569862997538647,0.7764886803373999,0.6732155317179221,0.8105669356528009,0.7946439317452783,0.6596092575500203,0.6168072642372487,0.8078557386805312,0.7930694758237683,0.7124295911909504,0.8013589613762521,0.8546964904091868,0.8406926083657024,0.7606473816823878,0.8906528446289206,0.7457471946844771,0.8962901000234234,0.8054346413954391,0.7453527567495607,0.8577146836309482,0.8066376175402995,0.6297832093905127,0.7285057407192763,0.8098308012746216,0.7883808395154233,0.7113020185144758,0.9051853968474223,0.7941837573026115,0.6985779924725791,0.9196905906996655,0.7318550492689473,0.7736416261723889,0.6329037087227378,0.6639368922582405,0.7462184556458057,0.8203011247419584,0.637643927481731,0.829654405389299,0.6996849417908511,0.8098374094476583,0.82137554577922,0.827675941620795,0.8088482774925058,0.9199476993819706,0.8858411320259925,0.7298324948972409,0.6975585222959747,0.6607414682313196,0.7960636064132105,0.801877015000408,0.8296778273886174,0.8542422821501329,0.846589022752664,0.6207876427909018,0.8016137899428997,0.7789435978925467,0.7787066301794232,0.8911055214786129,0.6602850968229371,0.9471675299553907,0.6395527547591181,0.8853624904786848,0.887809116169496,0.7405757677262081,0.7136974964944724,0.8448099138815455,0.6604487398924817,0.7448313491163511,0.8573027631521257,0.7994392046403626,0.8958335337114988,0.7744081625586572,0.7536377121510159,0.9249127571757773,0.7432098944616897,0.8168767221081762,0.7381621720578834,0.7353867879513093,0.9048577334516179,0.6587353992549828,0.8953088164693351,0.8841465813047561,0.8670653678208494,0.7484397162739538,0.7663901353972962,0.8718767965290022,0.8075863534984303,0.7939260562528876,0.9744697699817231,0.8366772691016384,0.8339326925353778,0.8859587928296062,0.6926226898669702,0.740838318945613,0.7627344511259652,0.7533828424028921,0.8971299795644614,0.8223861557902787
