0,1,2,3,4,5,6,7,8,9,10,11,12,13,14,15,16,17,18,19,20,21,22,23,24,25,26,27,28,29,30,31,32,33,34,35,36,37,38,39,40,41,42,43,44,45,46,47,48,49,50,51,52,53,54,55,56,57,58,59,60,61,62,63,64,65,66,67,68,69,70,71,72,73,74,75,76,77,78,79,80,81,82,83,84,85,86,87,88,89,90,91,92,93,94,95,96,97,98,99,100,101,102,103,104,105,106,107,108,109,110,111,112,113,114,115,116,117,118,119,120,121,122,123,124,125,126,127,128,129,130,131,132,133,134,135,136,137,138,139,140,141,142,143,144,145,146,147,148,149,150,151,152,153,154,155,156,157,158,159,160,161,162,163
0.0,0.3178048048945407,0.3225340710879999,0.24816124687816202,0.30072560000599324,0.3173457342736092,0.2540542305148554,0.3353379832017777,0.3286966808573058,0.3425313354886416,0.3392067932309815,0.29093635017062697,0.4334875292003489,0.2807448557371739,0.29518429652068306,0.3725549055298239,0.36353116276778813,0.42655856937355024,0.28476338827345227,0.41475385347748034,0.34323863475721933,0.3143933007687534,0.2932520836629567,0.26526679391039054,0.42410483146273875,0.2531560390458643,0.24303719576679708,0.32181821240781533,0.2629293759480182,0.2591203463032312,0.33628474209288967,0.3841444696329673,0.23498065550532296,0.31055154392007595,0.42648476885924214,0.31464005969875136,0.3768658151452235,0.3517169233708836,0.25567949905092435,0.31222708344972205,0.2498187661608241,0.34525467722893527,0.3225574389067699,0.31900124441132754,0.32513775992154714,0.35046199020981095,0.2772884432338065,0.31928566390740193,0.3651027046238013,0.3575436627483828,0.3461080515959004,0.3099397595392343,0.2769311780382742,0.2602864261818568,0.30295500377930257,0.3309555960900897,0.3973945988849717,0.3296784013811504,0.2996884703011659,0.33480860268793966,0.29412734307297117,0.2598799054827071,0.3290050372944064,0.2726378497270388,0.28880242120181104,0.3202105955716164,0.30044427254960576,0.3018358837601592,0.2699458583450281,0.3800136039748649,0.38118107680802465,0.29452235578525626,0.34625904197535357,0.34561145522754505,0.3636184441687847,0.3180390811248837,0.26189469903951934,0.2720322553980915,0.29215814826885483,0.2409982603632119,0.3128396108648763,0.3331699230663013,0.3053637987921394,0.3302339334269686,0.34649466314953414,0.38262576029080747,0.3272308151293616,0.313576104507114,0.3834256766030318,0.282896084653085,0.3641787182210997,0.29436142220025957,0.36300659053450257,0.33033230226549,0.3423483244581553,0.2695165770516507,0.21218912354308614,0.29625488472065736,0.259140872053925,0.3528071920341774,0.2704396924099394,0.2833904051548829,0.2504486423432666,0.254097233092616,0.38081281960493335,0.3344350586134659,0.3045283012904686,0.3770488002672987,0.3049839721469767,0.3188214905279744,0.2993927888512441,0.35662669535003644,0.36704483841060526,0.29665947636111684,0.34163856491838873,0.346341062470437,0.3552265831933639,0.35113927118344607,0.2812374704118489,0.3001740863560792,0.3062542709366253,0.25263441047579516,0.3413432426051833,0.3594297590944957,0.2925302503575105,0.27734650457696186,0.272985568556608,0.2605874784823849,0.3105193757615523,0.2793607705538416,0.2863944506223331,0.29375337933946327,0.2696969312306947,0.31866268151005733,0.2975830722373396,0.29298625624382546,0.2996566550312109,0.3007946694090398,0.28879017986093075,0.3358999097437505,0.22865932518987744,0.3287762366934538,0.355415813001402,0.2945231584321679,0.33026842771686277,0.30282697684434523,0.30972674388819116,0.2678418209450835,0.3976114432847817,0.2300213914980438,0.3687456889569695,0.2940107134488384,0.2946877943064499,0.22855148387859753,0.34622092454856435,0.3496757010104213,0.28427827955373947,0.31571617888569725,0.24582341673999553,0.34176608828096694,0.26274977543369726,0.3384466570714574,0.2346171024899794,0.4325953558610572
0.3178048048945407,0.0,0.3328608509166684,0.30618281770781625,0.26301211855488066,0.35132310389144533,0.2926630973526027,0.37234901927860437,0.27387667564464135,0.4241356995518423,0.3046477609368545,0.3124644869084566,0.3215843399960603,0.28867447816640396,0.3501668563141906,0.26652746934506677,0.30161730706154405,0.2993099064544936,0.281539604985645,0.3029948083097688,0.31124520661143307,0.3834570540529133,0.2945020601708523,0.31908152313276233,0.33220102773911503,0.2422600614573805,0.22505817688471536,0.30455437614091463,0.3324882918960934,0.20967893623630413,0.325737668500955,0.2786940228420393,0.305549812293559,0.26443129449313435,0.32950008010537385,0.3158419544436461,0.2866642712403118,0.2763025836204509,0.29235785028319805,0.3120580509302356,0.33229634882230175,0.31385499165716324,0.23012683537444717,0.2718140412198709,0.3408170770101709,0.2902342689983237,0.24561298778051735,0.26108158455958014,0.31375526250376545,0.2862563596563319,0.3065454105787272,0.29529288877778753,0.3134049224020917,0.34330965735406743,0.3070531019060212,0.32755378495407983,0.31247162184042154,0.2643301301801701,0.31157220085087123,0.3403228569487734,0.3442279422651528,0.21721913072678006,0.26862399107818197,0.22431396862865396,0.2709209433133013,0.2615742433222612,0.3020309197733333,0.26323803179711597,0.21933637976262685,0.30831515931792414,0.29873620561719777,0.2818171048468252,0.25036141684803664,0.3560764321958183,0.3189222312174682,0.2487729287657496,0.2607482983969687,0.3119232302073332,0.2561775713202858,0.21796311467758675,0.28080619376415994,0.3206288066683073,0.34505124785788205,0.28449366009714394,0.2772310728912598,0.39890176716386627,0.2572237939211133,0.23857869072861498,0.2836310119402,0.3166170865408889,0.25808190777971507,0.28182188617175985,0.30815588756936996,0.29182958093937067,0.3199986868819413,0.31023332706429463,0.2262868050034967,0.2778194166855866,0.22969934296796743,0.3543478934050148,0.2780910424890577,0.22411377425219595,0.20145215130141222,0.24915006321822936,0.2710216315569495,0.2746921583465056,0.2596891286371136,0.3635223657543879,0.29871575675036577,0.3566080000742242,0.2727286638409442,0.2609120249584979,0.30666565025235204,0.24221046796127987,0.3284940959471197,0.41785759680532064,0.30438061926592264,0.23853165045358113,0.2824846162801564,0.2621090491760876,0.2863701124209868,0.2444644775860379,0.28418545761231195,0.3476912754097438,0.268190954870239,0.32843485764466224,0.27193983987836334,0.29512268109085704,0.3440344767840195,0.2706436435801101,0.26878207634288853,0.26916565104997703,0.24558492232894297,0.34332256196333366,0.29613410214134606,0.26591843345859745,0.2644254053294615,0.30689492101871385,0.2770918713408238,0.26937134253142303,0.26097828394147815,0.26976680682000864,0.38266666245044545,0.26464501883167,0.2913886184069431,0.2474706445634716,0.35001214809122827,0.29366901460035433,0.33857690621583164,0.20466256169412314,0.289217929120584,0.2972796359959611,0.25937694968617175,0.2672519231336489,0.2992683835086238,0.31763519072296603,0.30128552124965596,0.3461532854772763,0.2653005818416422,0.25687797499286924,0.295604084923394,0.30721929402638315,0.22949544692942764,0.33207066078911823
0.3225340710879999,0.3328608509166684,0.0,0.2562695672924159,0.3151926123045061,0.30176657102452753,0.2461119299085149,0.30940022382317783,0.26484614012374963,0.32496658695789404,0.3506160993676374,0.2742380500498492,0.35269259282320214,0.2662553859061774,0.2914565043726555,0.36567033970668433,0.3660680952592261,0.33340675136672315,0.22976972536742166,0.27273135787816294,0.33821525179587814,0.4698486652043848,0.2497300300616412,0.2855840220802369,0.26819936818346224,0.28006277006849223,0.23089489514864853,0.2907214835377759,0.25280817544652545,0.23879014203778395,0.24840363377831362,0.28945995284784853,0.24098484823552915,0.23229206722555423,0.27242544496839244,0.2948663297671446,0.29943415017695374,0.29434464342140576,0.26840781429005395,0.2957814346512348,0.27300477958648117,0.3153116621800604,0.26048362721908136,0.2608392910866575,0.3159370510442894,0.2917567690235638,0.2641480809966053,0.2874643303675991,0.28951540982174473,0.30546208331800845,0.31153986111372717,0.3047331702314423,0.24036292846483534,0.3001919310109288,0.2849727881181899,0.24661773919120236,0.2872923510276558,0.3048128452487464,0.27444035713906345,0.30596115136555685,0.280221045898494,0.2225918706231303,0.3122916824854961,0.23644092645944614,0.24523245487324802,0.2540736782842529,0.26898887102015184,0.30452292458218083,0.26713672160578505,0.3017086452890442,0.330697485061215,0.24097531780535378,0.2749185984255838,0.4194535534538027,0.33131497796359605,0.20844412340240576,0.29296511551409843,0.292289707162255,0.23986719934477366,0.19891256170518073,0.2582685631037288,0.2953086584920712,0.3033025811969487,0.2776060347986861,0.258256139859332,0.36608839616328814,0.2305889981343729,0.22761289104685617,0.2623353257082587,0.24800180917373948,0.3147118350774884,0.22487346608627118,0.30726776902774944,0.23347394420948026,0.2976536383033613,0.24633437062342575,0.2069498505940475,0.24041777367569836,0.21585956185583155,0.3023695138272746,0.2201959766969542,0.23521159875071962,0.1959579660285621,0.22392050748243642,0.280797616870496,0.32552610988768993,0.2669026526556141,0.28780286768897695,0.2807039154273457,0.3213109271508311,0.2593210433560058,0.25697460992628207,0.2648523839676563,0.2390921769698878,0.27422625640062587,0.376737415049219,0.22546371391586284,0.2749407095980532,0.27996783023464106,0.2532696325969732,0.3095344965484711,0.21478897373950373,0.24657018491104352,0.30489928216325124,0.21280217607641175,0.2789627631093375,0.2554155990541851,0.2956659871616215,0.2892329910255477,0.2654056735943464,0.24826710917633107,0.35557580085255347,0.2133065589380735,0.26064049951985074,0.2729693341889501,0.23403507564419634,0.23035351873998153,0.2583149448500371,0.26889246909192677,0.250259500442302,0.20757771447793255,0.26496696396199915,0.2980193487815794,0.27952085430025886,0.27078011568826044,0.22140281752236832,0.352164797514086,0.2686360399450536,0.2987930208962835,0.20765880165215594,0.2394997033521509,0.21074696657368358,0.27468983043874373,0.27292694029416126,0.26622693002027603,0.2769750979881346,0.2938047282878379,0.3204682655022965,0.19544627569215636,0.2540214315266546,0.26327591356590424,0.21593832568054164,0.2055333006618174,0.34525527824465024
0.24816124687816202,0.30618281770781625,0.2562695672924159,0.0,0.22680642424992986,0.26032534486982967,0.29092256434057084,0.26377179742397067,0.20729066401457238,0.2719138635015589,0.27658444907742397,0.2734683954348467,0.257413228792321,0.24920386798972372,0.34078580681351694,0.22760147059698746,0.26037203654717106,0.26482194068760195,0.26204919630357376,0.23492781861683185,0.2841527313224593,0.27627988391505315,0.25101372155163554,0.25294256570853935,0.26412592354622755,0.2562960502149047,0.22223668497310714,0.25458054321365065,0.27439462321669894,0.1710929550095591,0.2554496067870784,0.2339792961374857,0.42323103610819046,0.24230484247335654,0.27314979864348016,0.3089961900221131,0.24670997741213666,0.24894610451658097,0.2750491132463431,0.2978353197722749,0.3267297689176514,0.22368018037579665,0.23149276617426864,0.287230996806943,0.2758119051759479,0.26689294688396825,0.18291059351753824,0.24876409916777448,0.26440197543887356,0.26471746312820504,0.32411728206258833,0.29461330027263405,0.26076297298328216,0.379807202736656,0.3140636485703219,0.21594071546217894,0.28789235739516317,0.247633855940436,0.27726473635702703,0.31079781519247585,0.30911892539112684,0.21247818423440773,0.2653785296078796,0.20380075884970375,0.26371828899186883,0.25514879036460214,0.2978449302681927,0.2106662750148203,0.21752059298889298,0.24652845749496005,0.2545210820087815,0.24568895910456387,0.23483246699914437,0.3465901756958113,0.26358573529086543,0.20851403150540085,0.2774271183461829,0.26374505838116885,0.2396901536449613,0.18061201897434206,0.2249067333460652,0.31404972365045775,0.2263570449709194,0.24236651638035997,0.27512542258669825,0.2633983141951222,0.24038206358611774,0.25155637427586897,0.25078624440574543,0.22595116853868757,0.2641007883795966,0.2600502585067003,0.27132398716204864,0.24853715408618565,0.2902591521648298,0.2516011709715834,0.2078865193091831,0.2450875540240088,0.2126084239405547,0.3017757574256973,0.24397254256383058,0.23719121522031572,0.2571274317925003,0.2544357615597904,0.265718107856527,0.2359158450871436,0.26440528545524494,0.23153970654734962,0.2749240683194089,0.2409001505447443,0.2970702007971195,0.2585242285730423,0.29129643686634377,0.23644615348189504,0.2928472275285516,0.2648782590267917,0.24655030297153047,0.21720413123627466,0.28985452078524737,0.2439113049339639,0.2518158945010952,0.26239632829889814,0.23405684928332635,0.26540886140173736,0.2124428662205545,0.2778919663635336,0.2541977846783724,0.24738153778912908,0.302942929119332,0.2836639320915097,0.18829207774111642,0.24072587423770864,0.23236827096652757,0.2837026948596014,0.2670466184806655,0.2133419476832079,0.18316219579879678,0.29516021138362913,0.2695697079681554,0.2508355079329459,0.33938806289481077,0.22681367905283223,0.3232197542629069,0.257568513167895,0.24948943375379348,0.2248334420495073,0.25867898760069497,0.2362711794491131,0.22947435896394766,0.17537338513554318,0.28193056198772803,0.2623304561361776,0.2507281591484629,0.21866924133591836,0.27642218927893725,0.2559411954517291,0.25213577885010685,0.26102436463690254,0.34438770532992635,0.24169457122721874,0.2568084545905632,0.2375403960329786,0.2138058729932405,0.2677931043256763
0.30072560000599324,0.26301211855488066,0.3151926123045061,0.22680642424992986,0.0,0.23926888027576457,0.2782041690415939,0.25024145963753475,0.24813523808786525,0.3038305295033958,0.30601281392093416,0.2400826342547027,0.2681416200774372,0.25871575924765017,0.2629669281491546,0.32492710141801345,0.31291168747790465,0.32067881291636463,0.2102389587340766,0.23276691005844688,0.28417459072247025,0.29244357369076956,0.28815907445164174,0.2314461691309218,0.2705670383533877,0.25708415847425226,0.2298219341172753,0.24092007057745138,0.25080514237072404,0.2549979799996152,0.25698287786928714,0.2537606677328729,0.21594843518238888,0.22797715206761937,0.3193805594119645,0.2949136064346364,0.27850405219545293,0.27885003278029125,0.24274434985983429,0.25558218979104996,0.24593701112593513,0.31044442840641306,0.26093178358977936,0.28438359203953206,0.23452951452903684,0.2519081018207798,0.27472752406224216,0.3027411150282628,0.30184330724643915,0.2680969541690768,0.291491578121833,0.257673597302735,0.23815559487476007,0.23964856361995313,0.2748962150216172,0.24720249582641696,0.24314957277981167,0.3269910776531831,0.250055489532333,0.25536391555860977,0.21295162840054743,0.22402617475401665,0.2551207579270929,0.2498602114560526,0.22920069589789696,0.2043569273926544,0.23222943866829174,0.2664048578337374,0.24180160166418407,0.29958120997442983,0.2777337778825014,0.24966672584710045,0.2388704691551948,0.27754000960575215,0.2534382805682691,0.21526854995514666,0.2499812345111883,0.3738599116560623,0.2313879726027108,0.21550988565373075,0.2562705422444539,0.26469732110059746,0.2977562912098639,0.23120223775851387,0.251504075475268,0.261726595910975,0.23718318158514032,0.24212494208895188,0.24814345015740286,0.2214825672718224,0.4241544076679026,0.2630944747272472,0.3470654650396345,0.20487655822169085,0.2879517317203938,0.2403755438073337,0.16957959153622118,0.2309411647893121,0.2407899114287079,0.24652599005149972,0.2197869458934536,0.22141302258915113,0.2246345180742921,0.2228757351166221,0.2565317565710011,0.27847755964339727,0.22414780133655565,0.3134316939122879,0.28256270154679697,0.25873129123638733,0.24693721309975597,0.279810209710049,0.24955679488561278,0.2713184093923273,0.2552609944386346,0.2878168061098223,0.23989603570307189,0.2644081091286738,0.24183338380647096,0.29405248143221135,0.3321456626088965,0.23569797062920275,0.22701217604988336,0.3217315294647573,0.2278605969869689,0.24658219529059058,0.23435879755475233,0.25778397991041047,0.26142907888606504,0.23689432558833012,0.243969939456179,0.2525696314370828,0.2094197970614854,0.2532187571526471,0.22075158136676717,0.24098352472627285,0.22413478612166715,0.2796241991636226,0.24349884894315163,0.27184083097378886,0.1978986970008391,0.27907949191256604,0.2915590566142821,0.2569595982007393,0.2806328294123959,0.2428900773102326,0.2758654024604273,0.2663215215727101,0.2695071807744308,0.21184270897745808,0.23217269557975734,0.24584343169258654,0.2575508296518279,0.25053650822057577,0.27588389794243634,0.2613730220497602,0.2109705356357145,0.31100823120496246,0.2110035124192567,0.25745644287407526,0.23716140870672336,0.24350715421685584,0.22532594073757456,0.3513462232775831
0.3173457342736092,0.35132310389144533,0.30176657102452753,0.26032534486982967,0.23926888027576457,0.0,0.2434160107897875,0.29986264769701027,0.28338465458056905,0.27234904629237267,0.28956976696305653,0.36479968430847026,0.2911660257814706,0.20902665685582036,0.28913072557316605,0.27750069271102945,0.2753343213187784,0.22856004898782628,0.3165247976311518,0.2930749894335294,0.3300507564481472,0.30852072423617277,0.20417961708003005,0.243330642490736,0.32112363196072746,0.2170564035709514,0.18070921224674,0.2373054745211121,0.254416315926579,0.2318853057194635,0.31125153496610103,0.3280842328238793,0.27465929551307106,0.24404337475896584,0.2787052437158397,0.2655583704292811,0.28339619291881724,0.24717922522187474,0.2683804666263414,0.22707859793250676,0.2719552590493415,0.3188982909040523,0.2549001932777417,0.3224262930326942,0.24932541068862527,0.24030309200079056,0.23334134128815406,0.2793131445183841,0.230489319831044,0.2820084826378376,0.30715632261466436,0.3449042373810045,0.24894237847488845,0.30550619409990204,0.26231737290101204,0.3082115894473371,0.2995423262260185,0.36220174604171873,0.22062815268413338,0.25164564667168243,0.2981468996879266,0.24752539362085874,0.34334999383624015,0.19313213732801507,0.2627791645971361,0.25921040222700786,0.24307470288007188,0.27363282224968216,0.19243892972181909,0.2780956053199208,0.31255047360478194,0.2120840397782506,0.26907515552759625,0.29534818372913674,0.3114319016721337,0.23290927509305784,0.2432073554082856,0.24230308795257735,0.22581876683912985,0.2501106642932042,0.3246317704396476,0.32472465700780295,0.28673037977333093,0.25853838634873155,0.28224342887035575,0.2979532367120258,0.30341773814379924,0.23174401570557798,0.2605052249569843,0.25139359407427686,0.2794440583095355,0.3125474342088041,0.2769479021650758,0.263231409953135,0.26061927039165966,0.3104637220744591,0.24354513661760474,0.30226481408531647,0.22558525151713682,0.2582307082281859,0.22132498142235385,0.23016479151450467,0.2291766938882318,0.2403100688345331,0.2899830755010007,0.27505527731063867,0.2653842724579873,0.27150095494237014,0.2260448876410969,0.3030066414553012,0.31091527414861836,0.24906676769663771,0.3359969755474261,0.23840893506656238,0.2544480181032064,0.2949564235392474,0.2970034647231642,0.23428819414921925,0.31843381251692726,0.2443921901230446,0.2524346290130212,0.25356534729193675,0.2944646398126507,0.3124389384958065,0.280490874000527,0.2924922442201526,0.2710808365355207,0.2412151593493829,0.2824963385525656,0.21002140223982366,0.25638260347566544,0.3594106353489185,0.227821110521238,0.32602767304701114,0.281566103817027,0.24923068360435832,0.2477213247695155,0.2232317906060739,0.21139931603896578,0.2580353746025226,0.23747360536750395,0.2841863685642388,0.2897562144368737,0.27445574877247125,0.2707260174274925,0.24985511003454064,0.3652511345773735,0.24773434423432977,0.29724691790852453,0.20336614205962203,0.29519722282740274,0.2683348495540655,0.21794413396750043,0.20726552338017082,0.32891085163538913,0.2818703717520078,0.2607329392231392,0.3248738218437767,0.22244124276593616,0.26329101693115015,0.21208322640563976,0.30879695800931645,0.22200640378856992,0.31365453149442096
0.2540542305148554,0.2926630973526027,0.2461119299085149,0.29092256434057084,0.2782041690415939,0.2434160107897875,0.0,0.2330410320437359,0.20850982415284133,0.3084157614889005,0.25848633452851255,0.2935848339237839,0.2802659145723599,0.2572414604328533,0.374670241766338,0.2344224137215088,0.2372974398677098,0.26310886519696497,0.23064464822890668,0.20207254099524108,0.2459910363061424,0.2699802737089306,0.3453332397108955,0.2777712075926326,0.28646320935243885,0.28131691715808604,0.22549731077503438,0.22563872921569214,0.2892008146867835,0.20735488735897475,0.2788799363277492,0.2607570587936899,0.29786815071821704,0.2709425370294872,0.2641337663655834,0.2573800183959919,0.2974236100546908,0.21883934896114282,0.25957109776670473,0.3079432956987974,0.30302621895998705,0.24600636748597127,0.2525509150304695,0.30181491183649883,0.28884004431431365,0.27654877070896944,0.2634502458914937,0.26000656855507626,0.3542296066453577,0.22436108083994666,0.30400503425998077,0.2505729208888871,0.2152212464390904,0.2983558118413151,0.3241706340301008,0.2592018144652099,0.22897366836838964,0.2458620373750472,0.2815780182064984,0.2535011569581069,0.22047593352593764,0.22021644154545414,0.21431283951982488,0.2187643198259728,0.22570093725383658,0.2046425741613022,0.29693019337724863,0.28501754847243854,0.21163297851090562,0.2349896301409702,0.2745751757975057,0.23783357075296535,0.20471297591968557,0.29415726140395054,0.19667300632855886,0.24033427569072233,0.30561770780292385,0.3409187367461695,0.226942137084421,0.2094177754800541,0.24785287865699746,0.25588492527331447,0.2769902976390287,0.20582797891953128,0.2273349411974051,0.24990114185652584,0.21699733815977285,0.2458840155813326,0.26311229638209793,0.2427757947567253,0.2858625111592511,0.3269531856176841,0.2897839564535559,0.22467929045827292,0.2576471617535529,0.30249639423331437,0.17230473345349304,0.2802691991709953,0.22039717629172687,0.31005370815687655,0.250859609890383,0.23701616553807614,0.26056030508767425,0.2544577291229267,0.21709748120376862,0.26874127035342166,0.2192141368584771,0.2578957968080616,0.3346603643403003,0.2749778491798653,0.32027923834336736,0.23856710906026038,0.24781467986101263,0.20853213071481091,0.25817303255103646,0.2695232215467423,0.24406929882607117,0.25851151771251596,0.25501617721990655,0.23155520052560072,0.2551044627286229,0.23256777230577638,0.2128750713237051,0.3385236269080156,0.21174845897206762,0.3308555157428398,0.2195604320357514,0.29831089866179306,0.26325371473836867,0.2652780255426202,0.19937148984236103,0.19655050936563154,0.2051323516088165,0.22050132842296008,0.2140832182608686,0.24471602896081793,0.23022233376683893,0.3190679422642104,0.24643097125970553,0.26562175996265064,0.2630432935245626,0.2311042216725116,0.28549007816521466,0.21632180792340736,0.2697515702019847,0.2800960504781609,0.25464305077430116,0.2979693746768584,0.24617978287258277,0.1716363860777588,0.24434089629866937,0.2627136261339881,0.21047098567292755,0.30498359620694365,0.3196291130935641,0.27210038857601915,0.24853459922786142,0.33478482465830994,0.28519360895813123,0.2761403695499669,0.2719807869054222,0.23132555232880245,0.2272204766659012,0.26252674590087055
0.3353379832017777,0.37234901927860437,0.30940022382317783,0.26377179742397067,0.25024145963753475,0.29986264769701027,0.2330410320437359,0.0,0.31998279944686137,0.3454016460333675,0.2843076997895619,0.313861718720231,0.31642717681520943,0.24583726129345035,0.30308552545271816,0.3043012639289488,0.30180431008697506,0.3001276058876412,0.2729341492650274,0.31055273302101083,0.32021124813817564,0.2865057893073059,0.257757346190663,0.24891106614169173,0.3328914863313821,0.24371692970018013,0.24093432868216458,0.2878305758076407,0.2354166304399502,0.23134747107336961,0.38148313903175896,0.2973472174166524,0.26392009395988364,0.27338787613104004,0.32622603274596307,0.3542142584546867,0.3196975672703009,0.3408886392284744,0.30265246929271256,0.2775892261339192,0.2777134721515564,0.28623762262632146,0.28303911235727547,0.2649662043627608,0.37802820301134893,0.30792601242774,0.25088456109303825,0.2748417756960261,0.2990347910480079,0.3044278467227513,0.3093033858758273,0.2734015088489829,0.27280938155839163,0.26797402370094614,0.2974483977489427,0.2914287028377216,0.31326017933668016,0.3266440209858861,0.2976677327099881,0.3116918346589263,0.36119754055402326,0.23310185956626447,0.3027932272542928,0.24537156729395826,0.2575837014389517,0.26719714534844546,0.28712131431337257,0.2720458633266303,0.2542614295060868,0.4263619540521611,0.3167228352358926,0.28423266799636526,0.2679045129293362,0.3406978343110689,0.35315208778922086,0.25012779805894303,0.28364651708551264,0.25784242066183355,0.32913264629203226,0.20093477016649067,0.26938178482578023,0.3237491212297038,0.3245354716788198,0.3301304083124359,0.32067896147510566,0.4498821292817009,0.35852392993399645,0.2767045263862255,0.35746421372508347,0.30809400529062464,0.2779079211624021,0.27987279139138727,0.3043994677100877,0.26361299951037,0.33208223181146723,0.2880613108045299,0.249749106170814,0.2905763525489926,0.235110698946572,0.342830435886253,0.2557217960049551,0.299887449884022,0.2328856164993684,0.2757355215586197,0.35080113605636876,0.3220386469612592,0.28448336913871625,0.3468984493165201,0.27205460714448987,0.2962010587449805,0.24776639750181237,0.2979532003559652,0.313606544554867,0.28409384385764264,0.3200778003639212,0.32800529992628397,0.30438126223411766,0.26095091109996715,0.24804275777417364,0.2693800734951751,0.28594273658782476,0.32677584690005995,0.26985313740893896,0.31662085422196534,0.2583714401670538,0.27956863384247416,0.26060766652631046,0.3186118012620574,0.32340034667851547,0.2627138423265151,0.2952851911811218,0.2817490817291228,0.2845586676389543,0.297151420225305,0.3105914774706948,0.24209985261434286,0.26609944112188105,0.27092332421676807,0.28452484405373707,0.3176354065781047,0.2406828403794324,0.2557262469580013,0.34840675415214767,0.28600436332370893,0.3051730181349917,0.2704485234506435,0.3683979987259835,0.274329648910758,0.35856369024402485,0.21365027489640678,0.34947193665546594,0.28495665925593777,0.2582795711951712,0.24195900269961734,0.3411082971086682,0.3601593315129195,0.25997037760115016,0.33141113845710163,0.21861974925209587,0.26087467294603334,0.2583700236978657,0.29148455559091874,0.2456219852457446,0.32510795213782384
0.3286966808573058,0.27387667564464135,0.26484614012374963,0.20729066401457238,0.24813523808786525,0.28338465458056905,0.20850982415284133,0.31998279944686137,0.0,0.26999302351135934,0.24564705189791977,0.2553063012267245,0.26340830608749866,0.27827677597748274,0.2374337124299903,0.283325599721474,0.2698063022120769,0.3041457830401261,0.23966076284567828,0.2865236983073288,0.2541266502980941,0.30173051897017195,0.2175362486965402,0.1966845637728116,0.2846172594310229,0.20203316228492435,0.24444026021180085,0.2531599224258009,0.21372087313585966,0.31868020909740646,0.3309093844085595,0.3082208951267891,0.20905992102657472,0.22200963222116937,0.29330441040585375,0.2504192024755709,0.24470174008780252,0.3381078747226261,0.24027338545160348,0.21626112447927148,0.20899063115695132,0.3720475053966317,0.24499711962100307,0.23222752430892174,0.26293207168603844,0.24250980523415613,0.23232660849574419,0.2171519795474579,0.2424062443137908,0.2615972898734673,0.24203085432582425,0.22355402391134052,0.2573028057668172,0.21406563390199132,0.23060073278811624,0.3460952695596389,0.27180126106110153,0.30498929949721365,0.24499969571260352,0.23736698353251134,0.2417338521780609,0.2674894082559469,0.25192214193964296,0.24685682852370405,0.2631111727564196,0.24025381379065097,0.25736690312193805,0.2579335862970022,0.24536542743238612,0.3253907584381403,0.3003888507499618,0.2516005665000623,0.30970884709260915,0.2502692701267048,0.3407032077823602,0.2509441758719535,0.218172366838192,0.21535447673493274,0.25168902700332246,0.22117663704745355,0.2743706327602249,0.32273497450066846,0.3169996389612195,0.2630075874854468,0.3080416704292771,0.33393507874644424,0.2971144546111886,0.2800182640562455,0.29100536883094896,0.3295029911274328,0.2863742649047929,0.3019230382917246,0.2582163650110482,0.23659400590527901,0.31911706894570024,0.26024263552084753,0.25353722553400215,0.27533879016007645,0.2929153340878277,0.24552432994506912,0.2478091602739445,0.23659384744662917,0.23230390325546643,0.22822164200951045,0.3328769262867657,0.2588839850063113,0.2264482866343903,0.30334252153873154,0.22502799476516536,0.22645890255891668,0.20846442413017566,0.3054486580980802,0.2823155461579037,0.3651495595121105,0.24930141684886337,0.2802118428217616,0.2892111475737303,0.2528370344871367,0.20016854363180714,0.30518545590232926,0.2626987903768116,0.256547723904986,0.26189750186028754,0.26575504621078433,0.3522740041718535,0.22340905600596095,0.2725291919981201,0.24158313327567818,0.23366245851045128,0.23379097164945137,0.47217655483871074,0.31213166821507815,0.2522427977480248,0.326772426230556,0.24225913288353992,0.24889670328458907,0.24778722756879512,0.22017048935726333,0.2456190793833219,0.30056777343014807,0.2145564391661612,0.3051440401937291,0.2931804859819604,0.33108055835165273,0.2662689552249787,0.2531094878644861,0.34317140549586106,0.2462364954517945,0.31109378597494264,0.256812721462217,0.28713120763890493,0.267431849150368,0.2424950095819412,0.22547405545987165,0.27311047378410425,0.3012502520910807,0.2253568291517033,0.26528505239096173,0.20889677984866034,0.2580529485099806,0.2174312348778454,0.3087255708777487,0.29658221417799596,0.29424886988625176
0.3425313354886416,0.4241356995518423,0.32496658695789404,0.2719138635015589,0.3038305295033958,0.27234904629237267,0.3084157614889005,0.3454016460333675,0.26999302351135934,0.0,0.28227708444969446,0.2676669154953706,0.3335579627538091,0.30910266562522987,0.31410776753155467,0.29174415745238735,0.29194309519980227,0.3757562074985954,0.2459353644358139,0.27135971036116974,0.2785305183744818,0.29501863169168413,0.36950352942483644,0.25732376071247726,0.4176202178708814,0.2676898172376952,0.26196654680105447,0.28097155207945723,0.34796655648475094,0.2365057439196939,0.3521873777252748,0.3076098547409407,0.2430199472443946,0.26949082103399136,0.35728443961863027,0.31333782755890593,0.36622576033293225,0.3045704994606096,0.24188364359810943,0.30255823650833763,0.25661985438466767,0.3021591059167909,0.27868410723776654,0.27291694221843993,0.33003480543254626,0.2986335247511858,0.28278969049465924,0.2887656982434609,0.41511524708861247,0.26057902224269175,0.29959941296003456,0.25900964577482133,0.2584151336023958,0.2846373605719484,0.339861346497409,0.330728929556952,0.27451559893722555,0.25680660494898383,0.3371957737081326,0.30556560757067064,0.2892422082020833,0.23545451683756152,0.24903515429139325,0.2519487212449288,0.2537672202185024,0.24253578027434172,0.2838734302658208,0.3120724018492674,0.2787647225411057,0.3680289488357705,0.29190712105218003,0.3511567982114082,0.24015615502643542,0.3369762879216383,0.26897796768712245,0.29408907242916354,0.26486458256772716,0.3643977347050424,0.26162381357162445,0.2295057432207531,0.2787109111215925,0.292263832180815,0.3703296000967169,0.31246784217258616,0.2806564937446145,0.36184927672156597,0.2867367537675689,0.3029749229839153,0.3559691269508542,0.276519862922065,0.295482018972688,0.28905791446248885,0.33275721201696373,0.2430065346690151,0.3263495019325736,0.32927459934315595,0.19182475959999476,0.2910977536313964,0.2689113049238014,0.34218921497849686,0.30161962588445324,0.24774550046419577,0.24281703361658258,0.30162480243190065,0.28195991928960984,0.2933437045383099,0.2439130904641276,0.39136550877140897,0.30675517195044466,0.30798468226298364,0.25422037150739,0.28226905917988215,0.3029220578990918,0.28043833625756576,0.3147608908730461,0.32295651356966565,0.3098526798200739,0.32128507096499703,0.2598197271297944,0.31361773497207546,0.2882811940636551,0.2720496953097389,0.2553533175021115,0.34785653698371766,0.26550194098882873,0.3382857849541125,0.25001003503477537,0.287503107324376,0.3375372195705725,0.31045921481049116,0.30512517532007366,0.237735245908293,0.27617926832933276,0.2654239022187734,0.2516476753385075,0.25547256768677074,0.28552566733075596,0.33789017138750205,0.3046799392923622,0.2989291917453085,0.26873045691097075,0.3015759584403322,0.3470535680752349,0.25361965461905134,0.3199104765565654,0.30589948326802385,0.27719666493589773,0.32702555571858827,0.4310261049939452,0.20308948455780435,0.27176363837444983,0.3322864523088439,0.23765091809170197,0.277028280004363,0.305184190413601,0.3269207492908021,0.24847891704257286,0.3602711943142319,0.2740087848747943,0.3140121675812919,0.3550410953193818,0.3375778181475055,0.2602317439930266,0.30309769373871287
0.3392067932309815,0.3046477609368545,0.3506160993676374,0.27658444907742397,0.30601281392093416,0.28956976696305653,0.25848633452851255,0.2843076997895619,0.24564705189791977,0.28227708444969446,0.0,0.28853720532771204,0.3570187046166146,0.26134009069260783,0.29285266988248887,0.36439699090257266,0.3713188233102321,0.326101257560236,0.2501664841562635,0.27283563101712693,0.3077197894814617,0.35872503345921775,0.2675962614992892,0.2791540474763924,0.2954754516456974,0.2875070881072711,0.2534792218479776,0.35002876477893763,0.3023696199374246,0.24313996448162079,0.2616625230125086,0.29204215957009905,0.24609488301319848,0.2481660385662671,0.31396233720250877,0.3054161970018371,0.3271260659449191,0.2947360713892137,0.30066309755843673,0.28999098910495874,0.2720551829506774,0.29713370219228347,0.2635125710615887,0.30851445467759897,0.2814488516291321,0.275048690557944,0.2017629168101023,0.3546598678123262,0.30909071917970615,0.2670159370647741,0.3247705899790517,0.26964056886705096,0.23251025725506227,0.3083402840577616,0.35273873010447954,0.22817357533472882,0.30058378011717246,0.35015665726498635,0.27135205000188567,0.2949034887106332,0.3095975506367128,0.2025412717651943,0.3075879708792417,0.22406518016326357,0.21644054206283853,0.2383664697398239,0.2886513615171952,0.25407442488056,0.2666577172629597,0.31571781163692647,0.2936304627617586,0.2399680247421906,0.279788129321646,0.3627344218775511,0.3334314824831014,0.2310392680397485,0.33115748459394545,0.28789551366655153,0.24623539896311902,0.21779537245997624,0.26779154190166105,0.25244990989458954,0.2682143551035383,0.2974003014764866,0.2588390466284634,0.29565774770483505,0.2713923736285462,0.23374635514599337,0.25766050374427185,0.243455195994343,0.36296863955268277,0.21328359801172375,0.35351548783419734,0.26139259273281834,0.27553581651154013,0.2500896311616735,0.19000718129330857,0.21564881505180436,0.2051798988977466,0.2851413647955962,0.2634158586701246,0.24989290079542595,0.20765840186910958,0.20364437766297944,0.27266046111648007,0.263030352373818,0.2456694127077234,0.300663452661934,0.2603504029669581,0.30100937480578244,0.3032105715311926,0.255824573057767,0.29463722098268724,0.2691420330440755,0.30554411756172783,0.3461977100235835,0.26060964728313063,0.2748400777454398,0.27964402662338156,0.262496505843914,0.311052773400018,0.22715881694484175,0.25674169797241225,0.33343190351922564,0.23089487447839466,0.31612414165944075,0.21620045936809243,0.2783286632857923,0.2988041387250952,0.24342906770440415,0.2265311423737303,0.29381490168203134,0.2703411324774799,0.282392411937682,0.3007051462036028,0.24202446631148208,0.23969466676124423,0.2697862978022552,0.260506513225075,0.2653156823430498,0.239049185301515,0.2656134776405003,0.25635451710532237,0.2482792039918919,0.31389872447013717,0.21461557417808472,0.272767339834428,0.2599890939293411,0.25900013664441335,0.21924054757914074,0.3288245169979306,0.24084919693735196,0.3251861469776796,0.22173346659820437,0.2705425923412772,0.2874327699966718,0.29506495720649034,0.3093257338525056,0.24510885312897446,0.2712587694197057,0.24172745867700351,0.2636643693287385,0.1995399786292853,0.4415881182853434
0.29093635017062697,0.3124644869084566,0.2742380500498492,0.2734683954348467,0.2400826342547027,0.36479968430847026,0.2935848339237839,0.313861718720231,0.2553063012267245,0.2676669154953706,0.28853720532771204,0.0,0.24725698032439083,0.18189974742648235,0.29544735734379224,0.27438798188561847,0.2829164353902175,0.23179566396164653,0.34855046405867274,0.26961124327783315,0.3565377051251599,0.2656638271198696,0.24474666160394623,0.2797089748528252,0.35144028864947835,0.23304729877163868,0.20474714751219603,0.24534344040456413,0.23667168955886275,0.2538827247733374,0.3346150191247581,0.2846648668807107,0.2655032328633455,0.3048327158448489,0.2605187879835561,0.2851696489338702,0.2846539540337416,0.25309757802983857,0.3363017653902547,0.2533482296030733,0.30629224129471117,0.2821992385640307,0.2804514578378324,0.3186255152203015,0.26896089649260474,0.2769033265807431,0.263807508284249,0.2800635868263492,0.26866915906865113,0.27410187293710564,0.3453302731306869,0.3356283745745318,0.2275407190568535,0.31074095522976486,0.3107322768269786,0.26735608887675366,0.3264577528697259,0.36581484990374075,0.22034821237061644,0.26940088338079793,0.24840447987840952,0.21357027828072325,0.3025613838690199,0.203047397570666,0.24395268032362075,0.25823017565957834,0.22696219204453527,0.23401215241349005,0.19160234565472617,0.2589060401823613,0.2776106461584064,0.21180200360571177,0.22764913969395653,0.29488590244267826,0.28118594065754116,0.23304969260913297,0.2645147011352331,0.26804173999872266,0.2499970092804223,0.21319921822564322,0.2669911180838221,0.30987903148945795,0.28888527725258567,0.2252742891084534,0.27867793724725337,0.3040239284685658,0.24476723853880322,0.23494850171184367,0.298345138691297,0.2618525174017601,0.28360233038630617,0.2938335130056034,0.28458022866431776,0.2792433715123293,0.2410104533986734,0.3165083967348396,0.20794801511306965,0.30659186384986437,0.20212501680502526,0.271824686614634,0.21542202699438895,0.25588922443605516,0.2555543155899261,0.2876907861483639,0.2570918737046748,0.28381476878945466,0.289687701234138,0.2745741478683626,0.2469546118064943,0.32999408882625647,0.41232870305516384,0.27356669228278135,0.2662095001898004,0.24376069652297067,0.2632871723806051,0.30265264145187754,0.28370257298908735,0.27580277236666134,0.29177944667981454,0.2258513418663239,0.24606715380726482,0.2557542452934954,0.24908900209665352,0.32085321226832125,0.20930848146031375,0.3240791835912406,0.23161299753981082,0.28261440766149704,0.3019360653425508,0.21305903896531947,0.23376473024264194,0.26698017025972703,0.20959132837438463,0.29100923877452106,0.2738703729806534,0.22117999510170877,0.2798655279241845,0.24728967583851946,0.22034093225966112,0.3087298259337216,0.2132517659292559,0.2314095796577846,0.2927974486419471,0.24747390592804214,0.280431472011542,0.29048211407193414,0.40160667533632666,0.2557879160934239,0.2971138113948234,0.202759022631244,0.3313195576316907,0.27011417943294824,0.25039252793952604,0.23086421016805891,0.42002717630886527,0.2574552002107752,0.24796755981944096,0.35394383710056904,0.20953500956554855,0.2562799150288773,0.20340939865319846,0.2505759643227033,0.2191494368944814,0.31277548464436816
