0,1,2,3,4,5,6,7,8,9,10,11,12,13,14,15,16,17,18,19,20,21,22,23,24,25,26,27,28,29,30,31,32,33,34,35,36,37,38,39,40,41,42,43,44,45,46,47,48,49,50,51,52,53,54,55,56,57,58,59,60,61,62,63,64,65,66,67,68,69,70,71,72,73,74,75,76,77,78,79,80,81,82,83,84,85,86,87,88,89,90,91,92,93,94,95,96,97,98,99,100,101,102,103,104,105,106,107,108,109,110,111,112,113,114,115,116,117,118,119,120,121,122,123,124,125,126,127,128,129,130,131,132,133,134,135,136,137,138,139,140,141,142,143,144,145,146,147,148,149,150,151,152,153,154,155,156,157,158,159,160,161,162,163
0.0,0.4482024777022881,0.3616306298935174,0.5063262302112723,0.4674424267012738,0.4587587535250651,0.5088798946293849,0.5001526214517348,0.6320785854453533,0.34244912429296664,0.42520191406114577,0.3693936524571867,0.5765517593563685,0.5331031639693671,0.5570860783478646,0.46220196575275024,0.5376387256512426,0.687276264456124,0.46808521051967095,0.6399818453949392,0.5073021869402713,0.4380896122603382,0.4765602765833109,0.516860385591912,0.45764979398415,0.4828181725066977,0.452579005808465,0.55018094062961,0.31091634741835444,0.5336812413589391,0.5283015184211665,0.48577586788544264,0.5712235403016952,0.45671540423884016,0.5795902122456887,0.4202290378034055,0.5467993474286088,0.5589202090553055,0.40035329384672325,0.6208877978082407,0.5383937142482681,0.48073239040244714,0.5702302016037049,0.5226626571012157,0.524393566393196,0.6239015859071125,0.5575561614943281,0.4183076354922416,0.5362868409128554,0.5966622037798143,0.6394046271606041,0.6363018902354153,0.4743185794893079,0.44320890284248154,0.38994669774553786,0.5425182961388872,0.7028950914971739,0.44817235573775877,0.5781096436311891,0.550591757616382,0.48773124331430584,0.46415080445308055,0.5960380816784786,0.4177169658842065,0.5905159287359716,0.5869020138574063,0.5200408551598954,0.6323999957027457,0.5140337800600824,0.5508880689120952,0.7567501062520934,0.5910180746793694,0.5179140267687707,0.5665475016268354,0.5154124564683846,0.55607129450101,0.4723221346303304,0.44718236469975264,0.642371121981787,0.5487837606467367,0.5318670149204424,0.5915943855449945,0.5792730503704261,0.5216142686516474,0.5512732151034655,0.6171409813821181,0.5118203290268502,0.6431300525955821,0.5588126158855916,0.4850056433589384,0.5546283832831758,0.5353665519260351,0.48323233597738485,0.6061737299535194,0.581491140542111,0.4111810967117122,0.49441552739778305,0.488876852497628,0.4271108624764986,0.5858332154971512,0.4826997656910904,0.45597559774973345,0.4971111869801513,0.3799289992343243,0.6200223817075488,0.6097514815879185,0.5024271746893744,0.47279003284793664,0.5998390374176094,0.4489542980515802,0.45165939391821747,0.4895767116942047,0.5822674105961801,0.45257647795114175,0.5772485138063054,0.5994712653368413,0.5905525890904098,0.3684881036119884,0.4214038272751966,0.44092676181900836,0.5566181460240309,0.515426320472159,0.5500328433649971,0.6789913269159843,0.5810663301935654,0.3903160234733829,0.4755864120523903,0.43125098921865523,0.3849901926424209,0.6186787716234354,0.513242863615984,0.5253081694600948,0.5260371672057934,0.48124422480085793,0.4231781130938569,0.5480619972383434,0.5417536095661355,0.6001643628937154,0.4577869148391321,0.5525632761903577,0.5151327293070241,0.4368201484890139,0.6002846555598713,0.4533467545029303,0.46091830784337634,0.5116682680081994,0.532774715766379,0.4789994383294083,0.391676592768439,0.32569786342747264,0.6128915863158753,0.5132547337194647,0.46827144327136605,0.43893053174449453,0.46876195981429664,0.6004550528078589,0.5741693523777275,0.523972443110096,0.6356106962912227,0.5528840676817018,0.46860639073853133,0.6785364064744448,0.48965755028085395,0.5376559181086908
0.4482024777022881,0.0,0.5637313731283491,0.46765792263172845,0.4397904120540588,0.6811736814753308,0.47179696389320547,0.6417912258769901,0.4423862330136705,0.5084159072997102,0.5274716758611487,0.5404819819527172,0.5656001128804681,0.4764581251053978,0.5043277430338847,0.632288323960338,0.57484897413447,0.43354298015158055,0.6013551640226111,0.567719443035912,0.5542158841620746,0.5952054290072384,0.4372605755186763,0.5169303866316095,0.580825394070131,0.3923330676480521,0.4478973997696951,0.5129447839616282,0.46597727879895323,0.4953967772593661,0.58623896098358,0.6617782587487515,0.6013691217627857,0.4649584187067519,0.49158929033451393,0.5541112419164144,0.5010217459815199,0.5134938853275655,0.5332028231466085,0.4876503421264663,0.5861963782462548,0.45648063590030297,0.5027294395950324,0.5455230186107157,0.6155130352895234,0.44818189153181076,0.48275165866130326,0.5435022485258819,0.5020264230501601,0.5154827140676601,0.49305590903555013,0.452248299523362,0.3977620639910986,0.6467114018725826,0.5821925422634479,0.4705975502788141,0.46571938282511016,0.5624254569656214,0.5414457534123316,0.49790414622830126,0.623582878247116,0.4050901003577834,0.4651439624213959,0.49187835300850397,0.4007365934159483,0.4140547096969619,0.4349226813916024,0.45801413415418984,0.5231915594762123,0.5133815992772861,0.449836321611232,0.45251524062553966,0.40943132959488876,0.5304758211460813,0.6006946487890866,0.4075384554056654,0.48233451193739935,0.48320213874571405,0.4383996749832988,0.4056768495373783,0.48829481434299593,0.42001892108320316,0.5591940284255151,0.5184177672545383,0.4205649023954443,0.5379053040827126,0.4745283895561699,0.45175015819652486,0.46894734875607347,0.42684714723677514,0.4258001707876925,0.4920387888186066,0.6199889949994134,0.42010470887032064,0.4227473662539118,0.5828307063420505,0.5366099961426997,0.5468100738669459,0.3753740859381274,0.46058850812532365,0.48615025942768075,0.5415743130925701,0.40354851709322653,0.5316272874847623,0.46783270792353615,0.480732249096109,0.5545888982926195,0.5309293832914832,0.5077471280295729,0.5826598458403386,0.49690635377094766,0.39640542824879227,0.45594671275571175,0.4387907136804695,0.41082009124308316,0.4402470451566003,0.48182806343124945,0.49426119016279135,0.5817333693275514,0.38365611343565853,0.42600759144880157,0.4242280250215589,0.4424997722343394,0.5088782233785263,0.41575976683095717,0.6265080332095442,0.4064431156477131,0.5463412320574453,0.6225996484937615,0.4919720268518775,0.5408002967937945,0.5596714781529918,0.40874854546411143,0.3982950136306951,0.5446151121536363,0.4322082260476299,0.5502170622126222,0.46631941974357755,0.5651489501690822,0.5166990271993043,0.5063564827361671,0.549324543018309,0.4727612869417584,0.5121909351602675,0.5038932831334787,0.41470955537721566,0.5232419433284009,0.5053384683120314,0.6088846116531301,0.4067110240866858,0.4383376859859113,0.5160679408921189,0.5137833062527726,0.6064354101906428,0.5519996895284995,0.4881129515305116,0.4859501848289168,0.5238955694399413,0.45346022552581494,0.4142118726817982,0.43725488464833784,0.44881019931696403,0.41274751562947215,0.3959901145099293
0.3616306298935174,0.5637313731283491,0.0,0.406110038630339,0.393028630987965,0.5204627762599848,0.4078748921084254,0.5127453152137216,0.36031027887465183,0.6525583592221921,0.4995605297682123,0.5389742234626647,0.44480408303624597,0.370161255857978,0.4218248409796059,0.5310086261734179,0.4646497449607523,0.3689873097122433,0.5172663096220664,0.4272369899095512,0.4849879407521233,0.5751530610907334,0.3889966060495481,0.44336332283351104,0.5463367915212247,0.3415401323444827,0.39074085637133454,0.42415680159097857,0.5094462139262753,0.41316218570477903,0.44203810390052367,0.5006370353352046,0.4449265926114422,0.3853313372478834,0.37979663667421737,0.4443035916584232,0.42016868752094544,0.4100034552918615,0.4733247106233932,0.401154533987162,0.44819164334300715,0.4126045355459918,0.43327718423643424,0.44083617498387995,0.46223311235603565,0.3672349902303701,0.3864793440890852,0.5087603459330834,0.42797519530482137,0.4004096350204761,0.401829454750334,0.3664826523406827,0.3314257508660327,0.543044864429268,0.5285530055898835,0.38238098003889914,0.37582636172974243,0.500030563449831,0.45640756270337646,0.37744959224803964,0.5029748971684866,0.32578628978494745,0.38756588102288936,0.4080593957470707,0.33943482226899424,0.34902202949592837,0.3700161257783682,0.3943808425359049,0.4718780182398533,0.45604567358895814,0.36723904064047286,0.35671138809500647,0.3486959972174399,0.4461371901385438,0.47291778158754955,0.3337094946956492,0.42694091137041545,0.4232009704815193,0.35965770253765644,0.3374837305124092,0.4186806987225202,0.35473334375695836,0.4507373005459006,0.41135477529147063,0.3550696592693607,0.41617502605384704,0.41025687176552295,0.3703216659372234,0.3765044450710715,0.35465820047907887,0.3630371841658227,0.38668770187384083,0.4772224878404651,0.3380122903879591,0.35715865506204997,0.5343743697353974,0.4165025921546538,0.44537031773318947,0.31075260128049104,0.3658979024231404,0.3806010539177003,0.5160411531749389,0.3564834773966238,0.6077329704174232,0.367685313673371,0.38829359314441025,0.45937923542320164,0.4811464569525644,0.40443239925630414,0.5268996013843891,0.4425553566519123,0.3401475980178347,0.3767567049134281,0.3892185239721889,0.33154884985616456,0.3575659941329367,0.3880007948888338,0.5349916073572313,0.571718113735141,0.32312827224125096,0.3488497912696862,0.3628565133324902,0.36092366421835614,0.40742014807086596,0.3390712818163681,0.5877291858085167,0.3353110662676384,0.4312462012120657,0.5549473424256028,0.3977400936963475,0.4324433933070019,0.4720812817085699,0.3391513748155455,0.33086462239530223,0.5056308961553218,0.3579102017533003,0.4255074913729991,0.37149396642423016,0.5210248738118699,0.4327587064482441,0.43087905494693673,0.4375030793132141,0.3804837777186081,0.4429490932976698,0.43566230635041303,0.35553923556201583,0.4207805123848213,0.44103821188664377,0.6557486520512376,0.36009339289137304,0.3628847142283642,0.42593100945715673,0.44539665715836435,0.5551903769601088,0.5117799447470287,0.4142687783169873,0.4091595810813932,0.44900237920296365,0.36560918167073053,0.34514118232760665,0.3950737932626936,0.3584971142631893,0.3697217179161172,0.34202755301196036
0.5063262302112723,0.46765792263172845,0.406110038630339,0.0,0.5543168411241387,0.4709748182753768,0.6326370156443317,0.5608901542126979,0.5526019574003488,0.3705376567890481,0.5333848446118941,0.4551276239667009,0.5228916612779849,0.4998381657152584,0.4850324433055603,0.5296173179051359,0.6020578878513542,0.4789102454844614,0.5098276636340952,0.524985668578982,0.6610224004583759,0.49219645140991664,0.6058840704509074,0.5823435654722782,0.5175169777718911,0.5791756099103555,0.5655983387274747,0.5983765083702304,0.33242285489592166,0.5380856092122991,0.5126462170602497,0.4921797348177012,0.5518549248568062,0.586079745230446,0.5191859276819093,0.4879207593150386,0.5688976453389648,0.5713368139743487,0.48465092071830007,0.6969332615804265,0.5385473375655744,0.6676202084918822,0.4948530364313262,0.5639593296730043,0.5774973240166943,0.472085649955146,0.440695732107487,0.4601246082508276,0.6061131165718933,0.5239544044452115,0.624428099800911,0.5375455717762543,0.3744003775256227,0.533368305940012,0.4497766951347076,0.5561801663871037,0.5584401613355352,0.5960079416044749,0.5557160189911458,0.5031349982356551,0.5284013116364913,0.41130083455677113,0.46968229730321326,0.4743747190050376,0.43520384895652287,0.4412272758399598,0.6714782036415697,0.5018025228360479,0.49750652932076167,0.5873310076523119,0.5403985784419524,0.48176350841176524,0.6200474907925395,0.6915875884491264,0.5059646191704433,0.39443591711967263,0.7199548419354315,0.566033453424559,0.48780204403833705,0.47962378524871324,0.4526460634630347,0.5988746581478419,0.5297141838481361,0.462904072901815,0.6502598230047888,0.5899239820739017,0.6229374644075105,0.5246101527804253,0.45928989005252924,0.5587865437339502,0.6354372803955523,0.5949860654750103,0.4831571501513487,0.43890032809454177,0.6504897455764133,0.44596914691998973,0.45989404538929307,0.6003118522137316,0.444321779612879,0.536319259394528,0.4833890497342946,0.5830565500675363,0.6204166620555931,0.40945698732220853,0.5188409392947562,0.5335484651616917,0.5330746638118127,0.5839603732556528,0.4923010572775989,0.526450289610857,0.6519595943171826,0.5887553417041086,0.5931472762580059,0.6130203400405307,0.4282708559284485,0.5576866341301414,0.46024309841478617,0.39665911796901465,0.5264088215222712,0.4797449648065467,0.5504864254379649,0.5753246719506302,0.5716869427329396,0.5848896065258979,0.5031726082508009,0.40656486273588416,0.5211670324769523,0.5005953924285914,0.4375589383275417,0.4872892884015143,0.5180902408720444,0.6235976508736161,0.5274306333980945,0.5509691677018211,0.48731216047347925,0.39668225264356693,0.43036463266516717,0.5318839723592103,0.5341795510252293,0.5888234470338223,0.42572315968080243,0.4915854297851886,0.6669704764624426,0.6202353867020898,0.5658859794000093,0.5711003476552561,0.5843184760922683,0.43498538543856996,0.4187272270227789,0.37175701754709106,0.6143141846174393,0.4314528100672225,0.6037473475072074,0.5035818341382031,0.6013455427105575,0.6116372776966574,0.5619287582127118,0.6213528035451985,0.5587403474335386,0.5560759328160305,0.3976331250716552,0.5263526690515945,0.6117423856976697,0.5888939834043306
0.4674424267012738,0.4397904120540588,0.393028630987965,0.5543168411241387,0.0,0.4050957887570799,0.6683899099700391,0.4802751140512931,0.5496668281265223,0.3652128910031064,0.5373900088489623,0.46626341456871584,0.44296781406492486,0.45555390562650244,0.5196738117551037,0.4818609520916434,0.4783754151045189,0.44833368836058024,0.46243456918799297,0.48755944760179953,0.5441927802666409,0.5063449214078436,0.5972530480341206,0.5591414363635309,0.5069593147384827,0.5160492556198999,0.5450798225350704,0.4587975966848938,0.3396033977994691,0.5465483877922397,0.5510161350210016,0.4404623851777292,0.4916341551399567,0.4895139292210601,0.5389197146655877,0.4870635362665364,0.5493945101797283,0.5440081164043531,0.5290913195003474,0.544403565922073,0.49985331378624004,0.5664430290931465,0.5020558582583902,0.5963010588917168,0.5163922470274764,0.41168130646468626,0.42218156934732687,0.48851473288781083,0.6203191053700561,0.4920453985102312,0.5192290692309036,0.43706203118015985,0.33935535887190893,0.48068627893557814,0.45861319351091673,0.4762075516276333,0.47367762332983265,0.5552058754133046,0.5069979266902034,0.4376939409137974,0.427483692319759,0.36989521534065517,0.40859765310556084,0.5000691973136587,0.40813736494510516,0.37869902048247944,0.5238472631367594,0.4816145849309187,0.492898881320982,0.5339746181642542,0.4918362998114017,0.47340162738331026,0.48535689280030586,0.5153605264288726,0.42391203197357186,0.363035801974181,0.5441226045597924,0.5781003892804653,0.4307641367425945,0.40632395518727327,0.3930802416924503,0.5324600105580163,0.5087432459095984,0.4048216663758368,0.5052991511606514,0.512733747327134,0.536120640295132,0.4993925679257691,0.39886369335145755,0.5030805693514,0.6001466235216162,0.5616692001678488,0.4875733100035448,0.3804289021010437,0.5283996595115418,0.4747732314930951,0.4011560922533627,0.5148596924406029,0.4431047350075311,0.4259661781107562,0.4873698608578658,0.5203142528069612,0.5745295375754506,0.4303013406744459,0.45888000993437145,0.4485590248290193,0.42992672314611,0.5078979914337336,0.44258946233940927,0.48814861354779177,0.5704505237062952,0.5680417372654711,0.45527638033728624,0.5313960336767122,0.38188568780184184,0.44530838641284576,0.39892515874973494,0.4382105631671273,0.4524315734667618,0.4336768325462298,0.5811797936394738,0.4957918109374339,0.4753037280141695,0.504327180450925,0.5037763273826064,0.4040371699778176,0.42039031486502426,0.49139503628121356,0.41005149747806063,0.4845986103156248,0.4654119424246971,0.4844107170601282,0.4531744896403712,0.5042317312770157,0.5004494726115097,0.39873040313833036,0.4294217343734143,0.5677808215758793,0.5629788071446226,0.6042818144390278,0.40709500411673893,0.4701737574559356,0.5221248704481759,0.5923270192518613,0.5877255993933063,0.5839180790148745,0.6231518159067998,0.39110842492395004,0.4246298851918156,0.3531338615868241,0.5670797348161898,0.40635203870478104,0.5649963169986181,0.5015617442778489,0.5505960107670788,0.5649903896506564,0.4754129666000732,0.5052791745822788,0.5312356906049293,0.45405369855851696,0.3619429644891091,0.48081058660185977,0.5363067117620373,0.5669778330013012
0.4587587535250651,0.6811736814753308,0.5204627762599848,0.4709748182753768,0.4050957887570799,0.0,0.4457002767626238,0.6523726008788321,0.43578755470362346,0.4787453658173719,0.48717194541279196,0.4689567778573531,0.6429548638765678,0.4876671187993116,0.45982810620161685,0.6255003931190138,0.6130430448978598,0.44276706335033816,0.5483969606143506,0.5504061308389895,0.5370692753480728,0.5152979860129606,0.4231546457130798,0.48131849158759143,0.5454484710520378,0.3997301825667151,0.4384500683654849,0.5524480085647006,0.4233012957042186,0.4806288702906864,0.5155636479774286,0.6838927311569115,0.5808120349461671,0.4636970717240187,0.46472623810140024,0.4942013525835153,0.5002898558951471,0.5056632708157248,0.45407429305355984,0.49433176794079237,0.5461970752396518,0.45689865888059367,0.48332188087318323,0.5014993229873584,0.5881696501966349,0.47240784862112134,0.4914457991686145,0.49057645511488274,0.4759257318788086,0.4955043902809549,0.4961303313616843,0.4824210127070997,0.4132134492969853,0.5691533233223384,0.5017623523556017,0.4974163684920837,0.47580361619369055,0.5296241138814767,0.5275868853654851,0.504408515310961,0.7164252815215996,0.42656312824043807,0.4971284794589032,0.45060048645729056,0.40257112339456785,0.44482209967343683,0.44642389710948244,0.47149818917640113,0.5143994044241447,0.5205062826655442,0.4587736101930763,0.44796995109975346,0.4262211700799104,0.5486752545512381,0.6768622319971493,0.4321600882129922,0.4845392808626212,0.46418876070245657,0.45912975568069586,0.44534870664407655,0.549635432433801,0.41638134660796416,0.5536562244516685,0.5856064804689965,0.43406251863784606,0.5453069921597292,0.48775471943153165,0.45191817337031637,0.5114097863477917,0.4290744030890672,0.42263110613737087,0.47268273643210945,0.5417217115774001,0.4441624535335725,0.43081367002015647,0.5151207443065862,0.5452953276444364,0.5469881099421299,0.3704190486514101,0.5003020399554161,0.4662216635194566,0.5244507689988546,0.40170929561380647,0.4728294327608725,0.47932434415558184,0.5160160015071726,0.5994337843122104,0.5399807234124715,0.5202173423898395,0.5508373063625812,0.4710432371130089,0.39065562083426797,0.5006188096313099,0.4438402554800277,0.4347200018929362,0.4710832981196934,0.5253006077884109,0.43056041949877377,0.5884656488519544,0.3959467692182042,0.41144415976192267,0.4387033041799434,0.4612205496104158,0.5226737453728807,0.41255682424388496,0.55330175290688,0.4274111032351494,0.5043528528745889,0.5752394285269768,0.483447108617278,0.5676431864308535,0.6042105102770275,0.4302639406942494,0.3952127957267279,0.47958853301937737,0.42406883245720556,0.534415490712372,0.44334155311664275,0.5041777862806721,0.4848845512772752,0.5136711440311512,0.5297695828514045,0.4760115463913589,0.4779678197283048,0.4768837287916571,0.4081957365218569,0.48031709128072936,0.5420575812831478,0.5361818379721625,0.4017917431529487,0.4321839513015182,0.5228281780316314,0.46887340600402977,0.5422098594589612,0.529156210824486,0.485526900366072,0.500971745623287,0.55366998523365,0.4499783267154385,0.4388275601811805,0.4722844423005584,0.46233086009799357,0.41913135663999623,0.3924772172859684
0.5088798946293849,0.47179696389320547,0.4078748921084254,0.6326370156443317,0.6683899099700391,0.4457002767626238,0.0,0.535151756641331,0.5709323128893509,0.3872382977113059,0.5610454877458284,0.48059146919139445,0.5046839247618877,0.4841105553907571,0.5405470009671379,0.5300727625113842,0.5358458608514346,0.4845881152911348,0.5025219183955828,0.5237368759974369,0.5933696569644625,0.5155638491894619,0.7067511892363302,0.6131427576305996,0.5673377891310367,0.5432585006393914,0.6000208162933691,0.5320203197293543,0.3476164760485236,0.6135243063997775,0.5815299757030468,0.4929397744084401,0.5358171596533728,0.5526013976534596,0.547076528567061,0.48565493513228025,0.6359792906576577,0.5657428122969247,0.5197869868920967,0.6383469262387472,0.519970063431579,0.6236935578326922,0.5328839762254363,0.6159377680638259,0.5752909808085102,0.45400318223252367,0.45072292792677676,0.5001208207299016,0.761463378323061,0.5082979669325566,0.5822369287770773,0.4716725825235697,0.3580004734231881,0.5083640834683665,0.47472964916147403,0.5343233503287386,0.5176931282561533,0.5894288980233165,0.5649455310229448,0.47273802530899733,0.4780110491761787,0.3892229596485491,0.436758671908902,0.4842219655932319,0.4258065751675097,0.411690696204447,0.5961810800476339,0.5331412687306379,0.5197869959915473,0.6050481494279544,0.5263209257226086,0.49459832383908364,0.5180465986695905,0.597948733374556,0.4621649505862237,0.39771879409228783,0.6476133924849986,0.6297566192438339,0.46451023547046827,0.4545901325824734,0.4299006378715894,0.5526997997145939,0.5764358805511786,0.43809319567038907,0.5464722531270927,0.555521990447896,0.6041342033202609,0.5452432782235724,0.4471667570993561,0.543569640289426,0.6198367674858208,0.6019223491108275,0.5113862828676874,0.4142436337516036,0.5646973125561326,0.49531448859176397,0.42164848602121835,0.5652117465330943,0.43665604901211863,0.4806007442419893,0.5108117825781662,0.5870006562114198,0.6057950907593044,0.44287531233333066,0.4851513038479198,0.49742078516642013,0.47628555777919884,0.5726306160400587,0.48707740502392516,0.5403006750830559,0.6347279905074563,0.5579933052871262,0.5133369900156822,0.5747581950261694,0.40760262060907065,0.493405821267685,0.4424337360688905,0.4471105326530429,0.486632044613483,0.45087844216910833,0.5626631616630298,0.5328950358299211,0.511709776403078,0.587889877390794,0.5097463341996167,0.42903572602163564,0.4471758382079909,0.5176097323601127,0.4299559987827693,0.5108181057874461,0.5122478713046754,0.530158072081,0.4997534875468738,0.5021104653407584,0.5032276209832549,0.40909185773542295,0.4631615083302811,0.5787348079016971,0.5872104267191256,0.6647937709141566,0.43789785088242017,0.4919051413821196,0.5824655557401663,0.5814454536807304,0.6116476738258005,0.612534978719538,0.6105850901689536,0.4325909333777122,0.4437249489517705,0.35626320089536617,0.6116216167787315,0.4386511724811794,0.5713652377728272,0.5408159566185159,0.6150653210816099,0.6493527394523443,0.5587724129022376,0.5994672590303785,0.5812218300034843,0.5181307485194342,0.3927226621315701,0.5237662961000954,0.5799751786034836,0.5793356582682083
0.5001526214517348,0.6417912258769901,0.5127453152137216,0.5608901542126979,0.4802751140512931,0.6523726008788321,0.535151756641331,0.0,0.506247711974418,0.4692852800215711,0.5380457567600632,0.5111097553167729,0.6587627810894174,0.5173141966910845,0.5209903734215201,0.7052000066024621,0.7008962270134497,0.49126817640632925,0.5898036913436727,0.5921141714952896,0.6383500200896554,0.5613049304163774,0.5143679267642361,0.5475466120696233,0.626551807537281,0.4600378660630448,0.5286037421283156,0.6145993408696918,0.4017687896186442,0.5878495925152197,0.5950069297911472,0.6785608585770849,0.6589312022738534,0.5259623688129925,0.5119268311957322,0.5399192251405688,0.5759660446708421,0.5943985952294806,0.5026802500741134,0.5876311609390662,0.6223108734591888,0.5397157070846395,0.5568121714907884,0.5649312749153931,0.7130382768659568,0.5117563774736233,0.5284147848305834,0.5107017875897472,0.5703775865159374,0.5531370412041728,0.5773666863717394,0.5189784250546419,0.40782423950920416,0.6005137060286094,0.5244258777812791,0.5588409332456252,0.5288629676136483,0.6559207482872759,0.600683989541683,0.5417366414207047,0.6603045738062622,0.4379319178251797,0.5154835864386843,0.4943368686481936,0.4283949424604793,0.45683245730062944,0.50930462811667,0.5283923023839009,0.5992681122667661,0.6417109457172467,0.5130964796256904,0.4901665844027968,0.4720006923258185,0.657748975884166,0.6658114489595975,0.43464164008686273,0.5732268683770795,0.5497368965457727,0.5088967312497712,0.46102001035720613,0.5377631623375576,0.4795436472635532,0.6529626555916743,0.5716621315029936,0.499919224495781,0.6474179621353863,0.5637391165141504,0.519632464914155,0.5378787195581843,0.48756857481467497,0.5035120346387851,0.5556475291822004,0.5902324043243858,0.44769257485134273,0.49424634751130536,0.5517957783929487,0.529224937330688,0.6524315850857957,0.4030689423663502,0.5398282294033451,0.498676764832515,0.6431744217370244,0.47803103971182154,0.51059875635214,0.5265776388056288,0.5858683358935903,0.644832935566176,0.6496658548157627,0.5732140677362115,0.5823864134673584,0.5393261111671027,0.4531144062091523,0.5329613249782098,0.5256494581447767,0.4502242800245341,0.522350660144315,0.5328714085743166,0.4577550426844207,0.5996549268116093,0.4356228023753346,0.4691001803375366,0.5200565384084233,0.4967761924615561,0.6020259437247847,0.44772166722389,0.5351604624516452,0.46473889461164836,0.5671360206255466,0.554675015626936,0.5422017644611419,0.656105920572707,0.6992658380971934,0.4692899758143382,0.43822466803374477,0.5104278242099264,0.4309960853061109,0.548490403759833,0.5093816203828464,0.6029575133758953,0.6047378528240656,0.516168845021784,0.5565202692225645,0.5530601837498673,0.5627469685948837,0.5490607696973095,0.48162131608152536,0.5710434184102623,0.5535902188097162,0.548779035302303,0.40187724775555617,0.49616467465928066,0.5276205851290531,0.5415483660344772,0.6587679010082007,0.661075762565508,0.5719581821564641,0.5369333403084174,0.6738033777275014,0.49870056992680467,0.4848113284404752,0.47204463956511544,0.505394346715801,0.4996038309946346,0.44663048180033604
0.6320785854453533,0.4423862330136705,0.36031027887465183,0.5526019574003488,0.5496668281265223,0.43578755470362346,0.5709323128893509,0.506247711974418,0.0,0.3387028093457719,0.4477333166583543,0.3940871288735997,0.5150887229186291,0.5446964651079438,0.525853782759482,0.4659094176854075,0.5135184757735008,0.5437789182447162,0.4447216562090602,0.5627741937110959,0.5154218775453389,0.44738751720626635,0.5325098274457292,0.5254542250506793,0.46272654557980936,0.5521431587747138,0.5222676347526712,0.5113208211142044,0.31057655371875187,0.5808590163969788,0.5535393136922607,0.45862801583661245,0.5481934096915646,0.49557500712108665,0.6099391965628774,0.4504057810685574,0.5721165491028195,0.5955750763226675,0.43008325435567707,0.6254318260309906,0.5244531241169912,0.5552218584568723,0.5107119298559563,0.5442317863590141,0.5423006914587899,0.5092979521957384,0.504986261841766,0.42350825544526194,0.5589548895153069,0.5570527658989277,0.5915516876039361,0.5572688934942345,0.4005564786493279,0.44440576154965816,0.3988325207147537,0.6088292690669368,0.5852127009606817,0.4900471197574273,0.5214777437364545,0.5233006692261213,0.4555276281151503,0.44702901136139933,0.4836505642244899,0.4576579662834846,0.4845189853557663,0.4621051556316876,0.5862455266090606,0.5701750543472512,0.4907061639085174,0.5527460451019078,0.660212012641859,0.5689112016124438,0.5644037387824135,0.5508935581704552,0.4720079416099351,0.44573465348041214,0.5064909189191606,0.5056693356830401,0.5397879816870058,0.5027053835391768,0.4516437017888846,0.6535392928469553,0.5732296598312144,0.47182825767334735,0.5936925052653781,0.6407224388660655,0.5575232056943997,0.5947622462596535,0.48743205177347837,0.601011860362017,0.6585346624852996,0.6343586209569244,0.46870997332513115,0.4744513454687112,0.6366341808405863,0.4295237028754574,0.45093530421536515,0.5338597459320831,0.48649949465043335,0.5432893764900124,0.5079557008444574,0.4652398162624836,0.5650331074265641,0.38144177239165117,0.5759057372010696,0.5599566182930664,0.4628741678839236,0.49666173215665477,0.5184419166177252,0.4564961956143509,0.48576452059680725,0.5815660711786595,0.5625197597434064,0.5181094820219988,0.481877806029564,0.5957002739229534,0.48014062452965084,0.36902484986951356,0.4210121930021398,0.5028329311207823,0.6497295715835899,0.5709945433593698,0.5719043749053804,0.6072960133766557,0.6210024836730632,0.38108070696224444,0.505060673203256,0.4777503096374258,0.3874203120418424,0.5561349626214669,0.5446223600049674,0.5201972216046782,0.551232672121035,0.5759548811115023,0.4334753906185127,0.45362921876612083,0.48194443703053774,0.6415138675527056,0.47563117662136795,0.5786656655873398,0.44248139260373215,0.46348230058478285,0.6478774882112368,0.5104919944297628,0.5095035229390747,0.6143116102373107,0.6353230930379358,0.42808048660131465,0.3896851985134013,0.3465527653932619,0.659084373325978,0.44447647082681196,0.49751522125408104,0.4627304128428726,0.49366101162728326,0.6217475754158985,0.5274014423573384,0.542859745984464,0.6325700285657295,0.541841954277775,0.4037998176909966,0.6342452410826525,0.554807210304909,0.621743995669235
0.34244912429296664,0.5084159072997102,0.6525583592221921,0.3705376567890481,0.3652128910031064,0.4787453658173719,0.3872382977113059,0.4692852800215711,0.3387028093457719,0.0,0.4545173600301881,0.4914113690894188,0.42493516202277676,0.3563484414419871,0.3932743980686058,0.5023238649989501,0.4248968680549117,0.3526428646784614,0.45486943196462387,0.39332545556451015,0.42297395344391536,0.483403737097713,0.3754646785544666,0.3966311917490198,0.5252911919980736,0.32430475623626015,0.3813867996895931,0.39714871079170766,0.5672670257495906,0.4038807362336764,0.42085021759817903,0.4860508706700973,0.41128985412160124,0.3652291216994566,0.3583146828728836,0.4121617468519427,0.4058782511324077,0.3885950282739724,0.4282908639368108,0.37361541096825285,0.4083019231612831,0.37782514612965756,0.41300277815115344,0.40893585124347936,0.42994080305817894,0.3509513974654791,0.3764160123201696,0.47722020762500783,0.41006247302979737,0.3687653596697444,0.3719350071574697,0.3382194188381751,0.3154456106747461,0.45895305033719974,0.5074908530281539,0.3653161716411568,0.3487756138833196,0.4560868130202737,0.42366314935410615,0.3562447331107421,0.45023128594944695,0.3163611398277516,0.36075351793886884,0.3864457115218033,0.3173752356694435,0.3296290078938817,0.3466303052800788,0.38024675946351155,0.45532308315133574,0.43186200825246257,0.3432608967734531,0.3458698703786454,0.3238911458144817,0.4054155919688441,0.4328165990874447,0.3323612873377082,0.39712108183271627,0.41133032897763405,0.3436976595224605,0.33052158358912115,0.4007048696750078,0.3250724423731882,0.4335556741981072,0.39931159274103045,0.3322214937089503,0.3857818467813694,0.38789235068372574,0.3579979414594449,0.3718917698120135,0.33460087285112283,0.34130116070959876,0.3641847808673807,0.4549293148196901,0.32044690428355377,0.33244864597678414,0.5365118572204346,0.37463216226082185,0.4146966021419009,0.2984791557779188,0.34737708494127195,0.3720424900239562,0.47635513078780517,0.33843749772719256,0.6260962100078212,0.34662745182698457,0.3686390857917386,0.4202155631158768,0.4530312674309428,0.3874495902028696,0.469393960867865,0.399337612794208,0.3192016934872003,0.3532552421469415,0.373342325578737,0.31941609009847943,0.3357568589808056,0.3755502066480325,0.5472935445964049,0.4940569562398311,0.3126942681688179,0.32727578503245836,0.3487378351614271,0.33684960462555585,0.3866952212901841,0.32163246439812426,0.6228889799338947,0.31467051078849795,0.41070499765273333,0.5215405386369566,0.3835438617561811,0.4182200246809656,0.42047322865236664,0.32866443230043746,0.3071870939712727,0.43752681471348726,0.3422510317648446,0.422507140125709,0.353506914058357,0.48096938721799026,0.41025324460096,0.4253819188873117,0.42146547977537296,0.3511556101105422,0.39935226661223705,0.41342758287092213,0.33912971416533155,0.3801084202754385,0.4400925514701054,0.6618884574800036,0.35060099115656124,0.3387841223811216,0.4212936195868418,0.3893188366573695,0.5162110021509184,0.47063392760067485,0.38773214419442387,0.3827034635185094,0.4249524335012137,0.3494070281950198,0.3345864062416248,0.39449907302049286,0.34520245299561103,0.3531491076715339,0.31826367228938973
0.42520191406114577,0.5274716758611487,0.4995605297682123,0.5333848446118941,0.5373900088489623,0.48717194541279196,0.5610454877458284,0.5380457567600632,0.4477333166583543,0.4545173600301881,0.0,0.6112297156732351,0.48645924968895915,0.44089229736628127,0.468760627348769,0.6018064781354165,0.521809196435722,0.40638431396069985,0.5324936042235617,0.49587464430636924,0.585675059929221,0.6147182385932444,0.5228136561135464,0.5751028036040801,0.6465048952161847,0.44674001954124243,0.5131466099228326,0.49977557236910036,0.4216169585897407,0.4973023852987134,0.5370960517006311,0.5115092805363057,0.4874107912469617,0.5105981723134698,0.48801416200872955,0.5177440433190681,0.5693463359329473,0.5078083055124235,0.61783149558368,0.5015926040233927,0.48442333556486417,0.5473971608479844,0.4729785989679449,0.6041961544599588,0.5560637590111376,0.38748300710743394,0.39351971499731625,0.6709028831345836,0.5925706866323464,0.449453658783262,0.4741196519434783,0.40995767433182295,0.32779600624845223,0.5889848094969409,0.5920983653315152,0.45745571477690433,0.4358646400289656,0.6424033709639698,0.5077573107575284,0.4196471526307298,0.5197111309669058,0.34975723414335474,0.3993052076986753,0.5059121344839297,0.36626270023227125,0.36573619517021616,0.496370038507681,0.4469518556932218,0.4994082174829753,0.5478056201527716,0.43097758241224615,0.4238748647829927,0.4524175449351195,0.5294563335346296,0.46658939635093677,0.351915795168793,0.5910618407194635,0.5723774423511206,0.39592290590035306,0.39913523889510744,0.40925297309795405,0.4343203879772095,0.501656828088306,0.43059935173699576,0.445120091718633,0.4880309161500505,0.570492953376043,0.43370293757424716,0.3953571282044051,0.45775021228347157,0.4674645594804538,0.48418666417049544,0.5131889698586327,0.36778158050070064,0.4493609350679333,0.5789134851793308,0.4153486668821302,0.5412081149748812,0.38604715030300835,0.4125330176517938,0.4882663169582559,0.6156911728677557,0.4598684003352027,0.49981811650543967,0.4203759371629671,0.42645687785379005,0.45854080467748687,0.5902223239520616,0.4220085552437852,0.6629778091949241,0.662324943723852,0.4483967887980015,0.4610516371805263,0.5147800069024989,0.35825055414766827,0.41660075958749687,0.400804441530518,0.5326757722956104,0.6099391808247447,0.39652273291071227,0.4539095045594789,0.43636454464102636,0.46460668499211943,0.47830376006019865,0.4374644912169657,0.4995784654589103,0.3889873163215782,0.5237219951010061,0.5185613099443204,0.4414617281275733,0.4750052438591396,0.5214642912827167,0.4364186483277565,0.4349211067410101,0.6435763408672222,0.3757310343291795,0.44192333157033903,0.46628500974696074,0.6697969372851017,0.5299055771039337,0.4230328542302006,0.529955620332655,0.46307955612629675,0.5824355042272614,0.6360326883653952,0.46688509421396557,0.5279304013493252,0.4074853386738246,0.5323825380131361,0.39038853841190785,0.48481375251915276,0.41565901407289696,0.5752285899104308,0.5426965539245653,0.6259817075996538,0.5352111779707358,0.5206170415761293,0.5338057806235232,0.4773304867283797,0.4265498872534248,0.368927176407944,0.43957934795632114,0.4589891454498081,0.4623565200320981
0.3693936524571867,0.5404819819527172,0.5389742234626647,0.4551276239667009,0.46626341456871584,0.4689567778573531,0.48059146919139445,0.5111097553167729,0.3940871288735997,0.4914113690894188,0.6112297156732351,0.0,0.42965371666935964,0.3952743935191615,0.4265917291660774,0.5514841366511686,0.4653906005173959,0.3582035606078211,0.5097814100567413,0.4374943902627033,0.5088202702976752,0.5651773420406937,0.46034854618965787,0.49385563324666093,0.565228317718389,0.38587592658298764,0.4625053648161441,0.43694506191154714,0.46699638353329326,0.4543062144221525,0.49849231211817346,0.48412426385566293,0.4517582052915304,0.4722442045300053,0.4257982698915109,0.5254496581416251,0.4636157255744668,0.44315481332544404,0.6441808132535979,0.43045112141979325,0.45526643417243956,0.4641459734223361,0.4209393475496862,0.5011030967214074,0.5143032713000268,0.35692071929131003,0.3737948439052165,0.5610364416803649,0.48836091991079084,0.4116427212622438,0.41669596836185113,0.3687982612003443,0.3095553561967297,0.5680933447536466,0.6215516124211286,0.41130738645584647,0.38505752866529225,0.5975736138936422,0.4412214632291974,0.3957574675343986,0.46907881028367404,0.33139468859142773,0.36112192308368146,0.4845608733765942,0.3307201924687622,0.33088524394396074,0.4167292503530334,0.38577732399475084,0.4395461255649627,0.458374387249985,0.37564209071405424,0.37856003723574755,0.3825895748911192,0.4571935460535756,0.43332554939302054,0.322440869510366,0.4954913451036185,0.5115994758521266,0.35853685682521663,0.34750486966065136,0.370878956657438,0.3816524466509315,0.45225964870201485,0.39210307399364436,0.3870437878705092,0.43806151287073736,0.4579836956882261,0.3836167680557578,0.3678286380269227,0.41273114196873234,0.4036498669503553,0.4457485790140598,0.4896727019475277,0.33380757485995455,0.38424233080981407,0.5750883656268693,0.39538817265730625,0.5016593397997893,0.3552946573613237,0.3770069232582572,0.4353442721775985,0.5442350167388167,0.3990380263896268,0.526099243959995,0.3795137055152476,0.39024778075225774,0.4321663419651923,0.5152068678577155,0.3916482803120511,0.5741684306633124,0.5513550804883799,0.39077626246972547,0.3909346758972084,0.44624516697378297,0.32855973277880623,0.37500250155810455,0.36770075045574196,0.5435758214349026,0.5497399940030891,0.36022206616616315,0.39525353452528145,0.38875198033658565,0.39766227190151826,0.4189426116260187,0.37109251405055865,0.5253249105315742,0.359970623654845,0.5371029122832048,0.5578686000079258,0.3943961089889202,0.44455730351913714,0.4608406044702849,0.3724452582371082,0.3823830484176359,0.5675411406808186,0.3405287680129744,0.414634423861348,0.4116002389818699,0.5826446969324978,0.4703762881423651,0.38417977872805864,0.4980103822195151,0.4132667886713932,0.519296069279833,0.5236822897142788,0.4091578487129966,0.48051233706320035,0.38706446389834454,0.5597757412633176,0.4065989527402221,0.40715769187993084,0.38622810367296884,0.5165094652119767,0.5652684916059821,0.5555323796036051,0.441554830367061,0.428584880004077,0.470373494359129,0.3986696870086277,0.3706838190141953,0.34245564076402174,0.3790415681757502,0.3997726958923259,0.3854929573371831
