0,1,2,3,4,5,6,7,8,9,10,11,12,13,14,15,16,17,18,19,20,21,22,23,24,25,26,27,28,29,30,31,32,33,34,35,36,37,38,39,40,41,42,43,44,45,46,47,48,49,50,51,52,53,54,55,56,57,58,59,60,61,62,63,64,65,66,67,68,69,70,71,72,73,74,75,76,77,78,79,80,81,82,83,84,85,86,87,88,89,90,91,92,93,94,95,96,97,98,99,100,101,102,103,104,105,106,107,108,109,110,111,112,113,114,115,116,117,118,119,120,121,122,123,124,125,126,127,128,129,130,131,132,133,134,135,136,137,138,139,140,141,142,143,144,145,146,147,148,149,150,151,152,153,154,155,156,157,158,159,160,161,162,163
0.0,0.8455382433560589,0.7730306063838286,0.7832188705795085,0.7616792628540108,0.7914402159566184,0.8372126359499765,0.775290998556723,0.8829984459538086,0.7261287376308524,0.7980771384974072,0.7360268027705128,0.8712800965285336,0.8351641541369413,0.9095463583407265,0.7857572686184502,0.832356321527184,0.9477992600316032,0.8195325186365969,0.945142153509872,0.8383573192259186,0.8618688299139614,0.7834090382712442,0.8333571110067024,0.8565067458128548,0.7730895297110522,0.6695574184327512,0.800758296874869,0.7384201873986237,0.7652773975932987,0.8773930736421588,0.8618780988653599,0.8645935252685636,0.7875189735887603,0.8932127501231603,0.8355953153292706,0.8833099995352119,0.8944438413068694,0.7713483309434559,0.8300711964164311,0.8488561526402311,0.7863744801236443,0.9280380721354088,0.8856060424494517,0.8682471108609765,0.9119387299999845,0.8624014041107493,0.8368642985084854,0.8933203445733039,0.9524459908386377,0.925231296588928,0.8807638956157873,0.8643263959568616,0.8597179301259504,0.8382445721690317,0.8579508793641242,0.955193571708331,0.7436356948273182,0.8549705801105361,0.8986819244865559,0.8015216345293654,0.8437594416223055,0.9034133040577912,0.7791461194871042,0.9469866641807677,0.9157421757783872,0.7974165049159689,0.8997675247963749,0.8621480098686981,0.8362221043560172,0.9671767761823562,0.8947382375670508,0.783606553929753,0.8623208493018526,0.8176373826922936,0.8883276555293264,0.7779893535056809,0.7296421468760687,0.8792231827823832,0.710890883194728,0.8058294581007529,0.9231911902725702,0.8244816295429418,0.7967679184196212,0.8972105503845718,0.886861533336752,0.7848702084985746,0.877403659743349,0.819240458715426,0.7921523305719412,0.8610524409093083,0.8595028944054455,0.9013282957291672,0.9331262605319172,0.9205126182592764,0.8246251199759936,0.8436568497828146,0.8139744781904186,0.7697697107770477,0.825140127018854,0.8353360120037119,0.7878251099813656,0.7859075739072635,0.7687197035818355,0.9208829957791206,0.8547027127308588,0.8300610864506789,0.7658659878996126,0.8921299643609266,0.8235886109352671,0.8183283225074299,0.8544882473514817,0.8503438902561129,0.6625593876790947,0.9098783119466496,0.807170181343577,0.8448546057904041,0.8391146069517628,0.7808028494626357,0.7108384409041746,0.8546573274088609,0.7632622913962396,0.8800413529567653,0.8823260985001368,0.8466110974498452,0.8057632690270525,0.7651651297831816,0.7974131982445557,0.7840750056500766,0.9217751539900034,0.7889286077202463,0.7829860203530026,0.7565490010583509,0.7813610204879858,0.8393070505334302,0.9428706068903056,0.8623033948800962,0.8881449128955341,0.7885175786898432,0.8626791125651664,0.8471761200638029,0.8252989813523902,0.9024128753425311,0.8096048969365549,0.8299068998615668,0.8011665862263788,0.8452519204872186,0.76699144225964,0.8171854335654365,0.5886738511226476,0.8916574382711443,0.8219462465284203,0.8391119952540902,0.797126949395648,0.8018920495593006,0.9191727276392072,0.8425174978740732,0.7535076438237538,0.8360794941328505,0.8452182234347128,0.7906487979658249,0.9047113080070731,0.9278951437687222,0.8384155157260024
0.8455382433560589,0.0,0.8603232583438698,0.8424103690060379,0.7227800424267945,0.8404401204077523,0.8007966565938736,0.8475297553954523,0.7726241411607814,0.8602538801791033,0.8515105169198139,0.839704210527962,0.870106326272008,0.8222516940069207,0.8767181395106554,0.8278545593232408,0.8729558328063229,0.8442870347880238,0.873991400078616,0.8973530432067038,0.8467649089723234,0.910462173148102,0.8014847862891445,0.8653850479312921,0.8938041917759766,0.7291477730738595,0.7455335154896471,0.8826111948209951,0.9171023711948831,0.7431181764352227,0.8449821376636955,0.8359184322431356,0.9348406976123973,0.8000981554205664,0.8257685648694155,0.8757304889428635,0.8249264030496807,0.9045333372312747,0.8340291876639233,0.8543801278605383,0.9339057553226847,0.7589846406498366,0.813687888325556,0.8441804570635828,0.8882149517169344,0.8587006707130649,0.7857349241367518,0.8279995059654613,0.8467393441597859,0.8650152083541683,0.838176695757657,0.8305922416513857,0.8351360974817162,0.9371863383544493,0.9013490604019806,0.830224119572983,0.8760361647282999,0.7835914546718435,0.8035776217722626,0.9010706884861314,0.8736727530028728,0.7621320509808379,0.8246512573725361,0.7781361824104911,0.7952291235577815,0.8062515863559196,0.7708372043996524,0.7851376718653769,0.8046475839145976,0.8223315880730028,0.8295853773033913,0.8217840011626338,0.6932462196855657,0.8471031361023803,0.8960303031034754,0.7857491701314532,0.7659729801480151,0.7506937572292158,0.8384620357365864,0.6888987792994781,0.8047356577602198,0.7919451221405377,0.8368042480683474,0.8595237658979534,0.7913414543100472,0.9419425848656457,0.7211978351600602,0.7374092738625342,0.8016606370731626,0.832351406302521,0.769250597474269,0.7898951859439798,0.9099845159013117,0.8544637663227789,0.8276994526370381,0.8883886555699517,0.8383139371645894,0.8456016227381226,0.6894822096708844,0.8006179790755492,0.8476080607253452,0.760826900945324,0.6700780096303164,0.8692613979357418,0.8175773894562989,0.822191657844615,0.8454950565296314,0.9042711777249365,0.8862497253257755,0.8740713676878107,0.8100440973144543,0.7465264689119754,0.7701738574206172,0.7585436911020882,0.8548858623751339,0.8368750268717258,0.8193350983476715,0.8363697872755693,0.8287906494784669,0.7043169569321182,0.7934469837727012,0.7270541212040343,0.812152337225417,0.8557945471601903,0.7407078966860892,0.9258125097527021,0.7100124085081497,0.8358754606478004,0.9352933521494015,0.8735982696301552,0.8679689640344413,0.791983189842731,0.7493505581150333,0.7618504490546888,0.8722884186905335,0.8401112793754512,0.8606743876732511,0.851664685121536,0.8714755299774621,0.8494781733101592,0.8602889222313808,0.8354907368991489,0.8564154999974782,0.8061534504350361,0.8469938047913259,0.6812085071756824,0.8250316494999804,0.829461911146375,0.9123194516702207,0.711851615948975,0.7844984530982495,0.8512946426393553,0.8831341886420835,0.8403915622738916,0.8945379467867356,0.8616149286779676,0.8826844595602278,0.7890474553801536,0.831086463491042,0.7515372556637319,0.8083061573853934,0.8091723694834432,0.9272454968167779,0.7751204573529211
0.7730306063838286,0.8603232583438698,0.0,0.8168515426004304,0.8259420216706388,0.905188820965466,0.8402213044865556,0.7970099385613875,0.6402982152801145,0.8692006396675357,0.9150641045809118,0.8896452648774241,0.8964443030675426,0.7046027452301963,0.798653077073872,0.9622388852261967,0.9502024791128941,0.7649884193637387,0.7998902357700249,0.7459833771500157,0.9420079029363553,0.9183205397591896,0.7973776876108285,0.8780265910693499,0.8837055411604804,0.8398096555372462,0.6861752992199824,0.794979224346534,0.8749486408060202,0.8351849830984223,0.7144677964337618,0.880920724344843,0.8345775102600891,0.7852763234405008,0.6756880976984722,0.7958726194340986,0.8755912170232416,0.7940613401321333,0.7974795019024582,0.8513514897654053,0.8353862008355254,0.8783340191833995,0.8514945476655242,0.8584443216335778,0.815330145280193,0.8233876819255505,0.8532341925563235,0.8996084472313471,0.8351829929359216,0.8094894778023256,0.8819667659883915,0.8727164007220026,0.7055767455841124,0.9169274211839921,0.8886582921221743,0.8348849208411439,0.8194322970315936,0.9140192697178445,0.7367965695877993,0.7947987800185303,0.8199623077144215,0.748801003738277,0.858515837361367,0.6831700207157939,0.708906733938151,0.7589926153222895,0.7428529387771516,0.8737150304196521,0.7976231227841535,0.8084721831560614,0.8346967486169644,0.6717652455703449,0.6734370718414319,0.9174233883872547,0.8314700231962426,0.6796214512536186,0.9061019312418155,0.884035998456561,0.7502428723560856,0.7679878002637334,0.8367585628098346,0.7303003926522478,0.8931001185661576,0.7649709056913977,0.7863443184347898,0.8162780384812007,0.7326468676009205,0.6925807711247742,0.7188624121220288,0.7521716036554135,0.8479819978946034,0.6931544128483607,0.8828245287659047,0.7411663795649563,0.7644967393382998,0.8739596371820163,0.7130987831834807,0.7880100444230569,0.6097929872942617,0.746342357686873,0.6909894880716525,0.8540411787446082,0.6746821063877041,0.7923557095898954,0.7092836504302437,0.8979696207646596,0.889426462282574,0.9190969410049333,0.8605233832411309,0.9394077563638331,0.88612931458172,0.7221157126401492,0.7771543667268358,0.7096957900024468,0.7556120438251127,0.8553778627938701,0.7155583902567259,0.848936283236252,0.9388864005961592,0.6300906516490252,0.7914052803688894,0.724204009906008,0.7676838989113137,0.9000960720643867,0.6020309767676201,0.9120290905584415,0.7206196542284202,0.8897388374561033,0.8948418057202729,0.7832883661713209,0.7776735854725546,0.9200171578046045,0.6572580139416172,0.6438541900487305,0.7856271326076936,0.7428174675153013,0.8135361500849134,0.7633828456028049,0.7782340087503118,0.7874137013720395,0.7154728141428931,0.8434973955695838,0.768702688471783,0.748615771650857,0.8615676320772317,0.7048285873876734,0.8277103164001284,0.857380213287445,0.8620016463827047,0.6795357466168307,0.6785293545523546,0.711018107090803,0.8206929996427,0.9224203877959869,0.9568315248204845,0.8008752048449767,0.8512335709337767,0.935589155364862,0.6766591938248434,0.8264433849610282,0.7663891562527403,0.6568683051453474,0.8330029175596018,0.7773942477678422
0.7832188705795085,0.8424103690060379,0.8168515426004304,0.0,0.7101472376813633,0.7370446224978615,0.8561006672626403,0.8268248706796506,0.694811754874077,0.7674398511541926,0.8411284667026402,0.76471066812149,0.8629816454271256,0.8196107635043597,0.8218114900402013,0.7787705716186386,0.8326172882896663,0.8005238384338297,0.7328633637801364,0.7739857834207601,0.8114376610709578,0.863878822135778,0.8846377964854499,0.8459035056723191,0.8045026885391071,0.8261185024085326,0.8552980979998359,0.8844827691279011,0.7624664020019731,0.6545121583771147,0.7331089740632286,0.7723467298735153,0.9035312409964924,0.8578413475404951,0.7602387858820923,0.8383463172138069,0.8253586568538321,0.7942949729234,0.7579853219997673,0.9213205855595014,0.8228946740456974,0.7761241779877555,0.7581347264272056,0.7773142515308517,0.9136315958973856,0.8139287317623272,0.719196696296428,0.7729760435193204,0.851644684163626,0.8099223506110923,0.842468472997725,0.7949786162960722,0.7079569688194444,0.9098180189640086,0.8536555192372531,0.761621643080958,0.797935999133039,0.7468986455656019,0.8098906146403481,0.8539886151675348,0.8606065445519908,0.7140648678523616,0.7614886699245605,0.7460985044518126,0.7231504991195179,0.7552697732882333,0.9117018400297944,0.7768850312395315,0.8109935036053861,0.8095728440886464,0.8021949823615567,0.7449464669946774,0.7742180008882551,0.9077123173193773,0.7782068410788012,0.6665990533200412,0.8670826408725291,0.7499527174406282,0.7540547659882986,0.6131153396039217,0.673228019224553,0.8072206453784235,0.7360040028384072,0.7464987235679239,0.8074304279315091,0.8392557034951594,0.7438299005718073,0.7486383585668688,0.7331622680665306,0.8411967211202283,0.8082508723804294,0.763529956586294,0.7987912030199613,0.7444881395135741,0.8726606743536068,0.777112490620584,0.7355219016515359,0.7966103351547549,0.6632092125743803,0.8547183104781019,0.7576529798936168,0.8075289612994768,0.7583809563205669,0.7258665892597256,0.7651104860634813,0.8016354671092902,0.8142100609194498,0.8437868749988351,0.8394699151852466,0.8187581077140375,0.8395379845395983,0.7843463222215106,0.815052186633697,0.7762627275159332,0.7795380896574022,0.8350796542726172,0.673486190209903,0.7500342962170721,0.8332354734614672,0.7356292365984749,0.7537908061339706,0.7739984403965319,0.7666305453739402,0.7881457969475602,0.6442948874519794,0.7882312598394732,0.7675108591948748,0.8359671809641164,0.8342179664422639,0.8199930368061841,0.6929583463691946,0.7388265195980205,0.7483812390486528,0.7284317502352509,0.8033945413510815,0.6978701635981589,0.6916816473169988,0.8368829112141707,0.8908195266554321,0.7378037756311076,0.7595980196950253,0.7528278465282143,0.8698177647156682,0.7989208600840496,0.7935235934938001,0.7496609461849726,0.7554090631001469,0.7162815283216628,0.7495218876418543,0.6080501095184857,0.7655525691170618,0.6551940528130382,0.8641906419627569,0.8609854939785775,0.8162263790464171,0.8457802820717003,0.8710295365116862,0.7739274693129797,0.8325682666723049,0.785120832333156,0.7168168389235204,0.6629729005973442,0.7857521541413828,0.7697512723068334
0.7616792628540108,0.7227800424267945,0.8259420216706388,0.7101472376813633,0.0,0.7395652665332685,0.8690259134066188,0.6242004898589842,0.6707865527290581,0.6491213879189197,0.8816637772137067,0.8467445467605875,0.7380068118305246,0.6407830940594853,0.8119366611162415,0.8583022649622958,0.81041731353584,0.7090081891075559,0.7075085232845439,0.6932772994650103,0.8871320827220684,0.8617644603033517,0.7790801280495495,0.8952811779523544,0.7412469936328722,0.8777338688782557,0.6149435349133214,0.6130465383811775,0.7486915946768078,0.9008023316775334,0.7135491496431207,0.7385459740182407,0.7506263691684134,0.7049867577908131,0.6949567888042351,0.7496394271680348,0.8480677466655577,0.7660617257722295,0.833538694009587,0.7913443086604196,0.7986314110164254,0.848786052303349,0.8439474477896569,0.9266072537811185,0.7007426014990072,0.7228268638819972,0.8479583273517368,0.912908487253351,0.8238837706524524,0.7933007157013359,0.8464841624893589,0.8300487790930065,0.6291923589692697,0.8056891783427538,0.8062518209096184,0.7523135055045367,0.787718417772875,0.8751331513919132,0.6512154256904525,0.71414998490583,0.6247022827950379,0.6914295209889256,0.7765171492683993,0.6704954841755782,0.7012475467884697,0.6540155776959539,0.6675445986167347,0.8566115518550738,0.691848514801012,0.6811291196809087,0.8453313300564712,0.6689436110987281,0.6220585252789897,0.7900488577121362,0.646701602423812,0.6127907505382905,0.8250059822749283,0.9380291799265008,0.6847366663406164,0.7780936232763261,0.7127466481254725,0.7491006419206712,0.8814915561380454,0.619213238200911,0.7525585816845738,0.7394963489144964,0.6544215974644726,0.6599525436891864,0.582926044710706,0.7481601385974037,0.9264421932373584,0.6882602831635531,0.8592131079332627,0.6774592537681433,0.7405767832523212,0.8167718648458422,0.6127030505031505,0.669413307433488,0.672633867537631,0.6229160096342811,0.6888773811636918,0.7204072211835956,0.6721666550630643,0.6756899918118991,0.6565152388634299,0.8098856763350835,0.7066622733308325,0.7137883635022847,0.7754064901649442,0.8612174445975601,0.8712354631474428,0.8116452864498253,0.6644819175076125,0.5911462725841881,0.6904452100135948,0.7851697963829938,0.6023241273897855,0.8182211270559246,0.7773301119111816,0.5952091227209918,0.9413862160185952,0.6500568450141939,0.7478930633376213,0.879123588170798,0.6607082171849046,0.7834323696212793,0.6506221726363661,0.8651671583576717,0.7125046093247237,0.7493208837937199,0.6266105708961919,0.8113832715462175,0.6022520814669456,0.7116257587867278,0.7481636597313513,0.769571391601401,0.8047039508352425,0.8092969325932855,0.6953016330925621,0.7983740692810494,0.6139609314656032,0.788449697837258,0.7108097465465415,0.7066331684984098,0.8872995959211465,0.7282978229415044,0.9134696963853012,0.7108136908247806,0.7098077829450748,0.6150665996529342,0.7004172160565639,0.6266900787112539,0.7954180301589157,0.8275951191023113,0.8337120611403073,0.7494174241547976,0.7661222639804366,0.8497369356959033,0.6642396255068307,0.7766801108868379,0.6170563195505947,0.6597456490773963,0.7519620203287476,0.9094699576371295
0.7914402159566184,0.8404401204077523,0.905188820965466,0.7370446224978615,0.7395652665332685,0.0,0.7231845622065795,0.815895847654485,0.6716630443758764,0.7964806593654824,0.8230778940498483,0.8311661143598379,0.8821408791146694,0.6840536974819706,0.7335571082138223,0.9263757435836446,0.9307057027080856,0.7410085274858438,0.8376719717650227,0.7705376962044627,0.8968776823478641,0.8207881527950005,0.6725838983693719,0.7882281181152544,0.8372539915405465,0.7564924024405608,0.6001570425192739,0.8050917002169445,0.8014778863814354,0.8401794428521645,0.7169718500676433,0.8980435438440127,0.7905721113253923,0.7653149432955421,0.664442562609641,0.7499141113364832,0.8247898318992063,0.7944994105028952,0.7476267196893047,0.7526955888233405,0.8008336309537738,0.8295462949128074,0.8180411422636834,0.8153041862651718,0.7707525629920062,0.8315320339001772,0.8391352903660999,0.8358831783914894,0.7408063007967101,0.7925534219551313,0.846753245452677,0.9023610592965234,0.7605590523527702,0.8537815787260253,0.8091220856878938,0.8940085382348317,0.8465815735929736,0.8884899701323966,0.6822797982870951,0.7978023030212256,0.8496208833762107,0.8116966118019925,0.9096178325267623,0.6408564238671852,0.7237430207031585,0.8168625767149855,0.6855481302271141,0.8269258241467421,0.7311063032451073,0.8000177233001592,0.8282020224710288,0.6647712629583606,0.6722652530123263,0.8506191316731513,0.9123238294996997,0.7473085557921003,0.8157221106750343,0.7867594972810694,0.7984586846424758,0.8457646269910083,0.9282333392443786,0.7206270854378959,0.874034923815925,0.8402705632461517,0.8135275467963833,0.8317643839825097,0.7663108150649426,0.6721228305928453,0.7793462506535989,0.7459328751859172,0.78026581387581,0.687622080245654,0.8363417077143261,0.8176167375263286,0.73151042796982,0.8183806623394524,0.7866987535217511,0.8030252560354411,0.6147926085156321,0.7481408485152247,0.6812584684403967,0.8098744411233252,0.6294452412981216,0.7377420308201351,0.7496655524145789,0.8969787738469669,0.9105986533540595,0.8717287519290035,0.8143267621570578,0.8761530562921919,0.813556164544895,0.6813789747081462,0.8054490439312523,0.7065720292033726,0.8002900210023978,0.856967624518633,0.8110349292165565,0.7584246430599886,0.8798305299837746,0.6509148746928817,0.7441153132110714,0.744438775354186,0.8122636193926204,0.888439918217909,0.6289170413067463,0.8721561751776797,0.7335313195135136,0.8292121532073133,0.865929007327317,0.7328260178064743,0.8848962415254172,0.9606798321879398,0.7016973470562243,0.6678054114245711,0.7440391263820756,0.7545677394674749,0.8409059175775205,0.6944683012619891,0.6724745606134552,0.7679122361069275,0.7172318856627683,0.84454775004606,0.7522305004183061,0.7098484298675256,0.7948076042384136,0.6526289817899464,0.8019197003442442,0.8713378897969155,0.8272801375625465,0.7335615875558625,0.6888767904688093,0.7645399963845294,0.7568038253822206,0.7865139918819692,0.9007341471487084,0.7717412643463917,0.8119030721822489,0.9018314946851343,0.6361783567722678,0.8313853296070172,0.7711205455557685,0.7274854513578084,0.8404927010110629,0.7395664133918898
0.8372126359499765,0.8007966565938736,0.8402213044865556,0.8561006672626403,0.8690259134066188,0.7231845622065795,0.0,0.6876940558229229,0.7029878070066378,0.7618425235248774,0.8747570012072705,0.7895183672202264,0.8410690911253867,0.8164715721626521,0.861441508659087,0.8231600377600438,0.8459394178803953,0.8248294092204962,0.7031414812675137,0.7718415667335853,0.8600551991281927,0.8974513047233783,0.9593702317271491,0.8898251808439592,0.8400786356443504,0.9027004502938026,0.7668922979715227,0.7423048923673503,0.7870185363987771,0.748380820870991,0.7532919047379804,0.8210180223280311,0.8335351531455577,0.842586769728483,0.8065435753763373,0.8597386321745099,0.8993387782654211,0.7973504127690355,0.7743818570355244,0.9257861464830022,0.8077556147565518,0.8742137029615903,0.856715548692405,0.8948100841024753,0.8540414234855259,0.7993371116792005,0.8540683510639056,0.8757610783114558,0.9733437905287264,0.8702357849465022,0.9075375867945747,0.8241964290407582,0.685731439802168,0.8767145936994762,0.8898637959275835,0.8143408094831739,0.8117599170784051,0.7776037736897904,0.8458836323541761,0.8226524357305692,0.7121204684730578,0.7480455956269542,0.7731971258167954,0.8145417959176123,0.7690041126784629,0.7321996959459762,0.8548063005780822,0.8932612159677914,0.8580445970562559,0.7367462113384785,0.873352829767357,0.7907865895537447,0.7791854298314836,0.9032359916053126,0.6881782595652077,0.6870379284089608,0.8929178792618572,0.8725637441086435,0.7043337187495112,0.6698508947318059,0.6881945864719223,0.8227428607775992,0.7994642481274401,0.6637843546209766,0.83864032533572,0.776299534092518,0.7036158211536583,0.8134709174064712,0.679787805581789,0.7780602521918717,0.9397301052232779,0.8182403179222792,0.8822218517184194,0.7267304456248536,0.9011491507640079,0.8353475064319424,0.6602850948173978,0.7985399216185205,0.7541678818030415,0.7876051431505573,0.7732901128035277,0.7830976451186715,0.8325718168356697,0.7412184245645336,0.7560860024998951,0.8290053841203072,0.773167295614798,0.807040578896157,0.8703915101413864,0.8770938336622605,0.915344922817917,0.8874459305939344,0.8010652379481662,0.6671641442635156,0.7525857639397832,0.7988178593548799,0.6629390893346926,0.8720231721991185,0.8655984212453367,0.7095675148869234,0.8778526595579986,0.6917846208994244,0.8182780394034855,0.844228399265875,0.7027084410534555,0.7902372123749136,0.7739947905957252,0.8615392242820112,0.8067233592035327,0.8606996929326226,0.6667379169103781,0.7495551830455145,0.6531750069353054,0.7079463906433107,0.7939785437502969,0.7773928286252565,0.7494551559251119,0.9078638129160984,0.8482042467073397,0.7669619187793079,0.7089156886152302,0.839929952484675,0.8602354179184974,0.8199068822662858,0.8883517276304737,0.8808027895263253,0.8196325126358386,0.7062211708246701,0.7847002788005215,0.5970250711644018,0.7523178620275061,0.6554989791146251,0.8458005003243197,0.9437563695602201,0.8188253668975672,0.8239793211068396,0.816241929155756,0.7996055125641487,0.8072918969901401,0.8573576757589428,0.706668632563148,0.7017103528399398,0.8158263946301784,0.8425182633718766
0.775290998556723,0.8475297553954523,0.7970099385613875,0.8268248706796506,0.6242004898589842,0.815895847654485,0.6876940558229229,0.0,0.7456993315125967,0.8014461265457636,0.7748326891147744,0.7629189225621893,0.8519812212660747,0.7519016710418287,0.7789584541679255,0.7840736351265133,0.792965757201927,0.7838866862081092,0.8167208568120266,0.8154425233413516,0.7618059705903634,0.7982661424521765,0.7012552679513041,0.7280729413352097,0.8304636979232248,0.6931159195503469,0.7430294756692724,0.8791991371038481,0.7691795935942697,0.686224461385612,0.8008940199478997,0.8118945881046216,0.8606366034157826,0.7678455653676219,0.722857278868565,0.8029281894559266,0.7863276989155652,0.8473043438538583,0.7601960356302547,0.7473900122411985,0.8004019471606653,0.6767349716219225,0.7817049316009702,0.7267525239130311,0.8860512038746537,0.8296807274192117,0.692081290033394,0.7417806670528952,0.7368787082250767,0.7899070407479096,0.7855286137317854,0.7548956011893643,0.7618376665517435,0.8493732648731963,0.833379883939013,0.7389845904887415,0.8029328469083353,0.7686527110680945,0.7330224152858007,0.8381806385373674,0.9600411019762922,0.7600332494067805,0.8174033026489498,0.6886896375308825,0.7275506924042222,0.8110603956544095,0.7617242564691724,0.7369028215554643,0.7960483608626663,0.9403819611150841,0.7764930396557538,0.7311642682694126,0.6852390182923421,0.8168559936884771,0.9162906312586087,0.7430574256368615,0.7665666862814514,0.6597279753459819,0.8579007518457014,0.6244446872817648,0.7486519210401905,0.7565528683726706,0.7427827642965975,0.8920694035967776,0.7576353584461485,0.8757298224010814,0.840934456443711,0.7318679118332649,0.8418472804818424,0.7796642238968554,0.7060315981364059,0.7222743972591756,0.7922588839622838,0.7886618559032912,0.7461656960399486,0.7985475021807693,0.8722380790528553,0.7807330425182508,0.6162279250798469,0.7973423748664937,0.7588011038981459,0.8757954274913191,0.6737420194678725,0.7993544524333515,0.8190906599026798,0.7903575525145563,0.8614355995735158,0.8114362789601605,0.7890966803525924,0.7432994265714322,0.7261751050075118,0.6846815161207039,0.7720647535810808,0.8595014846541573,0.8196445940763294,0.7634525771605054,0.7634759515409446,0.7477444100709316,0.7528312116038033,0.6966231500404634,0.6737132687350523,0.893928745419451,0.7046646222269882,0.766167605679629,0.6400877622590696,0.8477132155438769,0.7013830222687187,0.8028724132534015,0.8447283948428784,0.7932893940366348,0.8361705188162393,0.7764567259065425,0.8212551743439485,0.6906478238427287,0.7972363553502708,0.7189324168942998,0.7503301520909478,0.7310177239515874,0.798535489840578,0.8074015575581832,0.8381643450055742,0.7525551845110869,0.7759258923600452,0.7651028610968471,0.7435099925036645,0.6469064377109847,0.7350359560914178,0.7851340238893276,0.820390900899109,0.6582495665073864,0.7771910234038792,0.7638066683092847,0.7875720063896658,0.7424532543684268,0.8292475302762576,0.8548313541569549,0.8038241159424893,0.740353215708556,0.7302479166040768,0.7279069191121681,0.7557499401578013,0.7079106404206706,0.8517367940268108,0.675497118298206
0.8829984459538086,0.7726241411607814,0.6402982152801145,0.694811754874077,0.6707865527290581,0.6716630443758764,0.7029878070066378,0.7456993315125967,0.0,0.6208912764159475,0.7160920246391892,0.7056704305225799,0.6997130325326111,0.7530743960866442,0.8524182235793394,0.6543814099363282,0.6675556910680494,0.809964172744526,0.8085522617752546,0.927452967636523,0.7115890058996616,0.7688406128563597,0.6746612860855119,0.7284194509022954,0.7582991893938377,0.641299679802766,0.6278340417843647,0.6900817787550577,0.667403507427609,0.6814808070466761,0.9530482762813626,0.714946857948917,0.7797426150313634,0.7079743371108679,0.9204920254380804,0.8102975491820003,0.754233506771966,0.8714900277691215,0.8042435373307616,0.6786966432127258,0.7831733675464575,0.6565253010183937,0.8064147271510754,0.7995065343425869,0.7903582376652583,0.7516978131050198,0.6879187782238168,0.741851236910407,0.7669828930799025,0.8589110049927525,0.7680839230570017,0.7174770602446134,0.7815806955963157,0.7697736383398315,0.7721054739995459,0.7057317132452786,0.8450891025110341,0.6702366381991807,0.7398706446313531,0.8005149088904586,0.7272503431667667,0.7286096373391135,0.75641628379441,0.7738876351015478,0.8758188122179456,0.7746987477643121,0.7030926402940477,0.7179088719119365,0.7313327091759904,0.7837243949689111,0.8291763399438866,0.8697314334005763,0.7029384176158987,0.696328603325672,0.7296308588015442,0.7823470390432602,0.6442197034993047,0.6120871144089619,0.8106820066615695,0.5926667400448079,0.6601588174394044,0.8998242072212006,0.7022943914221675,0.7204741588900667,0.7793136319718483,0.8320534331741402,0.7721969335891784,0.7909254381432873,0.7116915302768261,0.7823452665797919,0.7285114256133092,0.8499506423463372,0.8011610813048227,0.8320492324841998,0.8041703893998706,0.7656845216635078,0.8617683843396564,0.7351989128348151,0.7901713179808679,0.6910206172906437,0.8648379939034294,0.7106737762562315,0.7218578957132374,0.7448298289411954,0.8822491300788103,0.6823930175465832,0.6877912478039161,0.6396654040180447,0.7234595527530752,0.6944605606971495,0.7153535401106614,0.824024790364751,0.7042839893943772,0.6719822164054223,0.7933209979810266,0.6619456580345089,0.7366572503173402,0.7741407731410433,0.6315434589260284,0.6767397750519474,0.7832341841324288,0.7338576597034564,0.7720987510318338,0.7315419441901587,0.9298103539823792,0.7216122853902437,0.6535364662425371,0.7182634065681919,0.6937614129930884,0.8167147158619859,0.7192866121326609,0.6595756132937706,0.7567677493786104,0.8792647769559038,0.8627197202321564,0.877449004978402,0.7787535368691859,0.8170576960499459,0.7383649981988191,0.8703629698484575,0.7967001263011302,0.7352820327242947,0.8066020698092052,0.8137376812886584,0.7633135320290455,0.7067383299740644,0.8130277019479717,0.6325005663410143,0.7463322596194618,0.5863077231329084,0.9664127801781589,0.7738155391131407,0.8159019799379175,0.6470511811222593,0.710038634490648,0.8671476247146445,0.7272215001018081,0.6122693220926645,0.8057245066563227,0.6700382833435624,0.6382028634809778,0.9009846077485152,0.8631050981105166,0.7822838864342714
0.7261287376308524,0.8602538801791033,0.8692006396675357,0.7674398511541926,0.6491213879189197,0.7964806593654824,0.7618425235248774,0.8014461265457636,0.6208912764159475,0.0,0.772210052003881,0.7560201694568729,0.8510555846787445,0.7675367570686082,0.7368452276294577,0.8021869073994005,0.8194654138381854,0.7662607412358879,0.7409147817604799,0.744910240259999,0.7599176549224196,0.8038630359866509,0.7813403587526403,0.7284357347876844,0.9089450402185458,0.690806220711405,0.7391319227638004,0.8322920668706718,0.8912151223738051,0.6716679246431849,0.7107708824622665,0.8557254529114409,0.7898355720451498,0.7605591665805284,0.6930041514551506,0.7847736263590381,0.7801049660156738,0.7523499398617958,0.6856959517275214,0.7795681625711798,0.7514018716182026,0.733710498553398,0.7602394344958285,0.7283419233054331,0.8285739011697933,0.7764553903544406,0.7517728253144832,0.7620000191052492,0.8030563449129584,0.74761337467765,0.7621295086190841,0.7204715831774383,0.7108336486489059,0.820185271250251,0.8506673705278419,0.7752040221519084,0.7204719011090238,0.7277988964526252,0.807711125973096,0.7717138828916068,0.8217537381923365,0.7162790786952322,0.7425371093646077,0.731874799031875,0.6824788030292707,0.7392448216243687,0.7419428459328408,0.7641152806337551,0.8547020159398688,0.7908278878874986,0.7201408973476702,0.7135148030720435,0.6803507310337745,0.8176793847373567,0.8117282726751106,0.7283915680018074,0.7662217933789883,0.7184312084659636,0.706803606260987,0.6302982148690321,0.7585813761683851,0.6605838721541283,0.7414686240968401,0.784631082954465,0.706519558165376,0.7566983670594778,0.7030389400510496,0.7311722326391149,0.7889931991622431,0.6658322369762284,0.701322368017037,0.7086804709312994,0.8019411264095522,0.7060428740700619,0.7275177146605379,0.8337261884581166,0.7084449619082418,0.8246994372151903,0.6090964072452081,0.7793363355864533,0.7155781066101853,0.7924323008958112,0.6835254213634946,0.8809642404652978,0.7192053398918882,0.768109190821938,0.8250237863397254,0.9182285895044184,0.8130549695730002,0.803443252316156,0.7483426109859777,0.6480320595125076,0.7636373861452733,0.7471607473606818,0.7291036401104616,0.7187785011927493,0.7591441004544434,0.8268088503089482,0.856796372954267,0.6613565090355741,0.6508587617817199,0.690085117017601,0.7032388908497907,0.7475090877477023,0.6015904908885072,0.863139462047649,0.6956330921910792,0.7529715381200038,0.9152238302322475,0.7814072115161146,0.8204679922475442,0.736815352985069,0.6511603762828816,0.5743360538491579,0.7384239568799434,0.6987146164363919,0.7332871885445384,0.7204191976954004,0.8186821309540524,0.7130812696537298,0.7947445174252706,0.7966187562117351,0.7449143406075484,0.7422194527166888,0.7584288240560001,0.6894317449680246,0.6700711479205348,0.8001714739655247,0.9281100103437733,0.6612691270961882,0.6408554473183392,0.7582218083105297,0.7256965625838,0.8527591153316659,0.832825082424062,0.753321858738984,0.7576196130962616,0.7554482689114249,0.7081982225750563,0.7405384971864687,0.8354111461919561,0.6679237900911756,0.8255530052603172,0.625810954375729
0.7980771384974072,0.8515105169198139,0.9150641045809118,0.8411284667026402,0.8816637772137067,0.8230778940498483,0.8747570012072705,0.7748326891147744,0.7160920246391892,0.772210052003881,0.0,0.9383209508010284,0.8437640894393372,0.7156803392367257,0.8567612008371615,0.9167871560341132,0.8668030498606945,0.7503837078570352,0.7913076842649939,0.7800846783732529,0.9200526304247172,0.9589972074817784,0.8301614542173116,0.9436024644247529,0.8773275887122668,0.8788065063879643,0.7208421511560416,0.7475597762585079,0.8668717784192599,0.8335313443109131,0.7900328564318259,0.8024307030428103,0.8513368661874089,0.8042553600971324,0.7522196249857079,0.8323592381147009,0.9327852682963089,0.851173087441924,0.9096440872632857,0.8528598959995215,0.8532753825932562,0.866632006530067,0.846858339120926,0.9366184822441898,0.8325968686586357,0.7637594596118981,0.7857852905111892,0.9708264759910015,0.8748402448267419,0.8125574361157474,0.8596736204225912,0.8286751775694445,0.655545931516445,0.9271454440858936,0.925277233037617,0.8022677429545402,0.8183614448165024,0.9134677232426706,0.7106896976915834,0.776026925059207,0.787329006917231,0.6946453984781069,0.7993992408108758,0.7227701460833532,0.7050026717899753,0.7009280849756025,0.7815075156707669,0.8554271415894212,0.7588930247318817,0.8228141277638589,0.8552690761686798,0.7094077831742059,0.6809173850100273,0.8679191952770847,0.7557333736386642,0.6442940671034673,0.8926528605146699,0.8995892038122173,0.7411633249044624,0.7416217048919471,0.7399199286927609,0.7791829749373852,0.8865659377470052,0.7313501099113653,0.7792813690856818,0.8465419928450086,0.7873588768205151,0.6848364934415259,0.6518082307551966,0.8732033125771341,0.8763600348689521,0.7236027867391218,0.8868252766767272,0.7203766642024592,0.7861491771909801,0.928987435706595,0.69836091592524,0.7641720832185378,0.6632555981546749,0.697881620912507,0.7817137937436718,0.8294182462450144,0.6906313778029719,0.7783372339564701,0.707262797373526,0.8277931933639382,0.7788552028288466,0.8646938340634353,0.8066234787385569,0.9542853041968874,0.9253388301262364,0.8037772408603305,0.7502198356379686,0.7446625331508795,0.7327537296751112,0.8268250819907422,0.6463371663051519,0.8765187208278622,0.8639218671241223,0.654324753640556,0.8797884734441112,0.7314455184477578,0.8020584815726147,0.8896283761871319,0.6865428814445654,0.9016924714110273,0.6706374996970571,0.9354777365960703,0.8475625404486495,0.8009204769895238,0.714375036982584,0.8456009084569909,0.7288609503134892,0.7643833233806963,0.8827155209202906,0.7668451580734308,0.8272207949809323,0.8394204060746241,0.8293851139148082,0.8410455145386997,0.7113993949368419,0.8444750173351258,0.7664692660601522,0.7833599766727785,0.9630010276778553,0.7264972495931192,0.9093805417075915,0.7524558094988516,0.8269061286497207,0.6703771068293292,0.7796374318271827,0.6723328938264281,0.8803550891309201,0.8687212060943461,0.9484749090367491,0.8787058951785216,0.8999513483956849,0.8868037181757834,0.7527095908866746,0.7867174625265192,0.6674848774508298,0.6968342437778922,0.8315794773440504,0.9010359046929729
0.7360268027705128,0.839704210527962,0.8896452648774241,0.76471066812149,0.8467445467605875,0.8311661143598379,0.7895183672202264,0.7629189225621893,0.7056704305225799,0.7560201694568729,0.9383209508010284,0.0,0.7592219216991228,0.6538882263146509,0.7983790946028783,0.8855827066357536,0.8295418302820705,0.6812390621578813,0.8475777001708742,0.7566432731125285,0.9040796072169625,0.9080290479411235,0.7492236462415733,0.8689102991839182,0.845970526698793,0.7738349487836028,0.6494352015191298,0.7016037872238172,0.8604987881935985,0.8478693788235537,0.790621994762755,0.7838456613194608,0.7943379707061192,0.77475212886884,0.7156972548930216,0.8300484698405695,0.829579897671892,0.8208494565347677,0.9386136813560884,0.7495793601280755,0.8349024530761013,0.8341135854647199,0.8054986488750991,0.895652840342456,0.7722523037688251,0.7107316107879473,0.750847349792025,0.9162820340339473,0.7936930133965271,0.7860283308016836,0.8074846989666098,0.7890903873763485,0.646652534799387,0.9024523418274377,0.9026537920266773,0.759171229410706,0.7877565455707178,0.9426117517142361,0.6571870017522176,0.744355089924227,0.7501695252389629,0.6795598062265071,0.7709487526959444,0.7083931506416864,0.6784256376592992,0.6622565613511138,0.6828571462588374,0.7630880692052782,0.6953314437281785,0.7685374223411672,0.7861830158970533,0.6641952178567785,0.631975051520244,0.7933845217362665,0.7586760309287435,0.6119330738844292,0.8154493045438248,0.8432103244834784,0.7063232751812364,0.7111505026091339,0.7247784234627931,0.7466325870942092,0.8461290521200378,0.6977736390959086,0.7495469904835098,0.809769530806095,0.7460007116074474,0.639631844146516,0.6232439145489282,0.8066735988895677,0.8124662253549843,0.7164957778235503,0.8706713839420721,0.6932603720854796,0.7172711795303892,0.9005441549746157,0.7166202841689118,0.7648373066913515,0.6538269376925645,0.6414700979890207,0.7382956605396206,0.8015548888212596,0.6483305522102296,0.7980230051069489,0.6882983132637724,0.7719490858628336,0.7660223344350047,0.8216142263877905,0.7428677942594142,0.8996451798987743,0.8930484493903207,0.7641146087926004,0.6822080138055424,0.7376687966683614,0.6857625171260092,0.7612665180115351,0.64127902951962,0.862243822060213,0.8259529980865498,0.6175579598067765,0.8289181120321443,0.6974156295786413,0.7568187933299081,0.8328714698477018,0.6629059925247589,0.885204417061139,0.6462199481816648,0.8955895725359132,0.8511507316628768,0.7248751368592947,0.7325984605800193,0.8465458955321095,0.6596371151553024,0.7614719202588172,0.8664931289395807,0.7341537457828327,0.8059960887492464,0.7587430168618793,0.7538255212744055,0.8464979307252858,0.6650079815302522,0.838821449309128,0.7297331189078372,0.7942383809263408,0.9095063262130343,0.6708621460584713,0.9064853005788802,0.7272600163342927,0.837343791678817,0.7416404531820457,0.744656350337671,0.6778137083574224,0.8754081018411515,0.8010678816410969,0.9485530964716666,0.792692488651151,0.794943120553084,0.8321119943915315,0.6697762400062428,0.7188778305193804,0.6214125362946333,0.6761485481268757,0.8237404719509407,0.8317598026808615
