0,1,2,3,4,5,6,7,8,9,10,11,12,13,14,15,16,17,18,19,20,21,22,23,24,25,26,27,28,29,30,31,32,33,34,35,36,37,38,39,40,41,42,43,44,45,46,47,48,49,50,51,52,53,54,55,56,57,58,59,60,61,62,63,64,65,66,67,68,69,70,71,72,73,74,75,76,77,78,79,80,81,82,83,84,85,86,87,88,89,90,91,92,93,94,95,96,97,98,99,100,101,102,103,104,105,106,107,108,109,110,111,112,113,114,115,116,117,118,119,120,121,122,123,124,125,126,127,128,129,130,131,132,133,134,135,136,137,138,139,140,141,142,143,144,145,146,147,148,149,150,151,152,153,154,155,156,157,158,159,160,161,162,163
0.0,0.5727043910907091,0.5683936477748825,0.49856652630328957,0.5071839195316593,0.599382626332942,0.5124506188836452,0.5517051499919361,0.5989810473489261,0.6017002763136499,0.570548076603391,0.5361798944224454,0.6458323523034046,0.4622980780049046,0.5303959351097903,0.6212390019812672,0.6430107188868229,0.6211295329099144,0.5660612173709281,0.7040648794677652,0.6078031292102246,0.569915792093229,0.5080020809161767,0.5069605619684788,0.6660664405881924,0.5057871613793458,0.4491777245965622,0.6258428876802224,0.4745930223198775,0.5214706300315346,0.600418684733832,0.6157325977083654,0.47654786593902254,0.5162739744248391,0.5926716418753132,0.45655875461772766,0.6420412602476702,0.5611179210847544,0.5167387448956537,0.49822802056286924,0.496781098633855,0.5683948849095143,0.5707027128587358,0.5848405487009434,0.5568775378848454,0.5973184869884481,0.5154739205475937,0.5683576623173534,0.6054851126616178,0.5611092001846939,0.6064468605315855,0.6074097719240222,0.5062435253639813,0.5564328535511409,0.5165369317286072,0.5527297719515482,0.6559863678628282,0.5545255731263393,0.5537932559055286,0.4912076367673856,0.5718638148480734,0.40098514369316474,0.5738481184852287,0.4339502442588551,0.5526906008466053,0.5857093702532112,0.5594388613455161,0.6003350328146961,0.5562425404604491,0.5813036684152025,0.667787822034286,0.5135930643631661,0.5594908299350634,0.625059878960351,0.6288791121933529,0.5862312649726107,0.5312062701883437,0.519637014675519,0.5608786581178317,0.5108840853702837,0.5864238572215105,0.60680228991637,0.6020792353588743,0.528088401310515,0.5615281758694471,0.6080754758406277,0.5438014464103627,0.572664060315337,0.603965409951019,0.5038782834762902,0.580208118043592,0.5203366540063488,0.5531442072554512,0.5929343711563935,0.5829087211318392,0.5691839190466199,0.4847571545697086,0.5420039085357927,0.39635148893580563,0.563320978370546,0.47110614190586514,0.48034159839146645,0.4971420715893799,0.5095435617814864,0.5390197340623275,0.6005717721490653,0.5582227546367634,0.6337005377247512,0.5326322236709874,0.5851834661935486,0.566468832960346,0.5261594689985524,0.6305705061129516,0.5413129889053346,0.5249471570766935,0.5796219093034325,0.6123549795821891,0.5657447942041892,0.5518020458766648,0.45561910369257996,0.5420557783891046,0.48953869057374083,0.5536840680547912,0.6572504306012712,0.5425503946713454,0.5556548477524855,0.45825517073893757,0.4431889952213909,0.5104815454065742,0.5363729113282196,0.5370834348289257,0.5907724737773756,0.5116582949197053,0.523339227141258,0.5751153010900318,0.5593191606528933,0.5904343397380677,0.5091027606084769,0.49906566329059954,0.5679349950946109,0.5123439212626826,0.4799982243290296,0.6167383017329663,0.5096686218595499,0.5767021034057603,0.5533688426778913,0.573935094959854,0.5604905527429351,0.6568400165657466,0.3265773481549492,0.6223210594252908,0.5563732117523916,0.5523475445898953,0.4675847394192737,0.5827731610102738,0.6079569844777682,0.5181073644652765,0.6153135643048603,0.4836592009477896,0.5637631053285362,0.5200302687067867,0.592018027065145,0.5035836915916129,0.6259777639904733
0.5727043910907091,0.0,0.5413983409289606,0.5034246653066144,0.47956114989876164,0.5579488565510726,0.51632697891792,0.5209229236594874,0.5285916395553499,0.6014336734345834,0.5101026123915077,0.5494998224777325,0.5955545222859217,0.5212614646064702,0.5181684576708347,0.5667257522348195,0.5941404911413222,0.5085914836116755,0.4803826609725455,0.5830001685280392,0.5174661508718922,0.5348441363769518,0.510170071121163,0.520719166443379,0.5380238794268402,0.5022601386485043,0.49902243007117925,0.5657287951667731,0.592202693885274,0.4733503678638947,0.5764545212331063,0.5294892995737305,0.5555390098423884,0.5326531019426236,0.6164069425329363,0.5047302370592601,0.5401462478353476,0.5496560009872357,0.521573584923596,0.5482071581819355,0.5794727753714731,0.4901947488333585,0.45088153543401194,0.5427650735450045,0.5971522050256122,0.5611717871793683,0.5300341673572584,0.4931466549558072,0.5399673354307982,0.5241690646866021,0.5144350124412175,0.5739897295400851,0.5009560805962832,0.5658163676714788,0.5219325837754021,0.5766102408147494,0.5369466328104392,0.5043090950945883,0.4930219133549908,0.5513130269138466,0.5151445240186924,0.4105489261906705,0.46666802036259836,0.465572755144006,0.4514278769243898,0.4681102689378409,0.5443174076297992,0.48499698756967485,0.470590809646117,0.4674596746142679,0.5359102545131754,0.537350081065554,0.4779918959393149,0.5420793973754156,0.5637697070171355,0.5176954218737029,0.4737114638267741,0.5710081607290185,0.5206301527899454,0.47331517802998463,0.4976882047160529,0.5045908012713315,0.5919371384360426,0.5348651139866785,0.49124852312006795,0.6766422628168318,0.4410312846387632,0.4810615492476899,0.5822929092598802,0.5739666162877519,0.5162976463475925,0.5444307736039767,0.5544364537713632,0.523182221667065,0.5263612153927305,0.596066238045755,0.45480593456753327,0.5614409180436449,0.41608331294994827,0.6186818964506217,0.5157723329956956,0.4042537264936145,0.43854582284548776,0.4887347773648602,0.49973377477279934,0.5876014790582631,0.5010508342990035,0.6023217391808229,0.5863541370951033,0.5563569606503902,0.5033128350894459,0.4859729273035676,0.5210346541898248,0.5018726662287243,0.5407200866641475,0.6969193421579836,0.5402264671252432,0.46715340533059846,0.5124641096887345,0.49659742109068383,0.5518859563683634,0.4562706505800542,0.5207725022493955,0.5942434765454018,0.4955326087631602,0.6128979997769479,0.4675823984382879,0.5014128867674943,0.5889710625897464,0.544907092738187,0.5494204697685696,0.4930813428775919,0.4832968011774221,0.5357812563580885,0.5027521741980971,0.4923672685008385,0.5972196068877123,0.5916348891523856,0.5218553966565057,0.5014637139003371,0.48838571541097753,0.4908880651825853,0.6118279420362897,0.47946222716253173,0.55443803533894,0.4956657580317033,0.572574666022333,0.5543450432395933,0.5952993213093898,0.35503171589408256,0.5001683782325204,0.5186008044361968,0.5135746878684518,0.5268836839352454,0.5299410357401317,0.5051876399941739,0.4834758453756268,0.5945951814395781,0.5228295194946911,0.4917633713164841,0.496710957794131,0.5355313261984463,0.4587366375916687,0.5266349046787551
0.5683936477748825,0.5413983409289606,0.0,0.5190145269220893,0.5810727242792795,0.501019273844517,0.5185040699207164,0.5417003034467764,0.5087313451513488,0.6131029522066826,0.5822418817638106,0.5226553328522849,0.5741600718877664,0.4236219185652867,0.5908893871772684,0.5829921253810382,0.5842196137177876,0.5858015822011386,0.4931824722657751,0.5351446316471822,0.6163061684732343,0.7485985059294944,0.4977364018088615,0.5576436895174715,0.5693104761035032,0.5289019841607223,0.4631201254492941,0.5217233790470424,0.4720587956148514,0.4739721219725329,0.5084443964867991,0.4936265518462709,0.494668383957748,0.44094299414693555,0.486781950966585,0.4394389161887205,0.5646607522891457,0.5126099221168148,0.5191443654174049,0.5321115281116577,0.5164618729401634,0.5354010616827233,0.5503462549347325,0.5316354459037778,0.5309464069614316,0.5510548391838492,0.48592391479168356,0.5473572606282029,0.5483423501502515,0.5205270838033906,0.5636238112859097,0.5474307847889126,0.44985704167670515,0.5793857719414447,0.49411707344769323,0.4730031804414855,0.5436964801533555,0.5435721541100754,0.5293812149659599,0.44952939726247,0.5277134797043432,0.36447102766979783,0.5284902392266381,0.4075550351660904,0.4944024186427674,0.49704603394491753,0.5327364792036422,0.6048247590446605,0.5756870761955186,0.566097856465161,0.6052296855249241,0.44780169157741206,0.47278511425311726,0.6429595466974969,0.5445244396853882,0.4395477910104004,0.5341950640903531,0.5376602012063088,0.5109031115587795,0.4212793283629199,0.5097074184051503,0.5664869707436047,0.5906220686544842,0.4698053177026603,0.483163947575695,0.569351348947105,0.4720472907790916,0.49266615802532276,0.48289125657713516,0.47429326173630504,0.5709826338226569,0.4543590251807579,0.5166326587590286,0.4614479975134625,0.5342440592017756,0.5476602899714315,0.44116678427392164,0.47483717099762973,0.3570011394254283,0.49237068385830757,0.41670394237307984,0.47819316558007985,0.46489966002115973,0.5177438826473055,0.46236843873031935,0.5681653036347832,0.5214929324191736,0.5771596680510147,0.5363790572330261,0.5589817457322135,0.5220007942659366,0.48482134515199043,0.5019658036997954,0.490108208845442,0.463638707512448,0.5495686519612556,0.4662779324743348,0.5415191521710466,0.5367033612375899,0.4091845548498705,0.522327974433147,0.47021218439914264,0.45026564977669636,0.5809065689954886,0.4391495583056787,0.5402096603500076,0.41720604848169457,0.443373562990341,0.47756663077338224,0.5472525279973818,0.46768480199106255,0.5633437195256126,0.4379410938704817,0.4598292690648114,0.5667876544077661,0.49537800394350434,0.5008371155122294,0.5122755091334125,0.5614293275865154,0.534259335160351,0.48807058510489043,0.42426334673360927,0.5400407407137053,0.487893569505713,0.533322660164604,0.49710655633572337,0.5905030745071983,0.553209119363891,0.5867717459112042,0.30669694477526555,0.5086695613090361,0.4719799956071236,0.5670858546076757,0.5471597670373384,0.575721883774056,0.5743322783357079,0.49372555363137705,0.6119277003276745,0.45452712406105267,0.4604848642521427,0.5074897570572857,0.4530053468097133,0.4740114604046768,0.5792786860884794
0.49856652630328957,0.5034246653066144,0.5190145269220893,0.0,0.5021315521389117,0.452136427263374,0.5679678923578566,0.4959601465601345,0.4393046373105993,0.5182474369425554,0.569331270930808,0.505668581321773,0.5011895339535279,0.4335636218245441,0.5791319574790118,0.4919642607019947,0.5219280635839793,0.5136959505281941,0.48824104075479136,0.46425579101792286,0.5315501929151051,0.5367576170180913,0.5282826575749585,0.5184420083471728,0.514290329110899,0.5565963939739099,0.4883402521999984,0.5398265920022275,0.4862402020073268,0.40928047329552775,0.494746240442783,0.4513726969215138,0.6189622219980249,0.47151666660528996,0.5063164848319042,0.46525532501184313,0.5133462924097028,0.4939936004835054,0.5289917556835513,0.561252699379799,0.5711585027820631,0.44646822183633267,0.48469743644675867,0.5604228801588972,0.5180836564857596,0.5022956307296511,0.41319940581346903,0.5075251525778104,0.5513828188295914,0.4838211268977646,0.5642504906212782,0.5303610093948277,0.4341027492365842,0.6629465029725898,0.5551653926855015,0.41942083386460455,0.5056380408010083,0.5064686229035351,0.5084235567200766,0.4540538997221888,0.517939027464892,0.35792586021555495,0.4872667970173743,0.4038676981868216,0.449868930103901,0.4540203986302762,0.5441083236986851,0.47253749784917376,0.49370814636690596,0.5122155607304854,0.5084634817235406,0.4571391241387509,0.4702972973830957,0.5904675066086407,0.4877603794052208,0.42620134627988077,0.5262801023270631,0.5238635055925676,0.5061603389864795,0.4060709717242344,0.44971516371527587,0.5291762264497288,0.4739531279892252,0.46000878041118376,0.4831380277690787,0.5098615678631273,0.4500311734473748,0.4868586761430132,0.46921180603170415,0.4369685669497424,0.5623843295506168,0.4706458460054726,0.5200694802354623,0.4519543790430403,0.5396943665595684,0.5209202368270365,0.4191175779101402,0.46839552866613565,0.3639922270759904,0.5157672124558256,0.4419200083346103,0.4505681667090473,0.5234152247860295,0.521772976588946,0.46335816363779825,0.4829354906064376,0.48548279108537773,0.5098152482170654,0.5174044840262623,0.47365750630654707,0.561482301223735,0.4946633970347524,0.491336752480496,0.4813951815472213,0.4834259051904371,0.5109723814366781,0.45044478006834265,0.4733599144720077,0.552123682806386,0.4261452165724072,0.4904373171943148,0.505754934038658,0.43120954439360015,0.5451465098840249,0.42987990635170886,0.5543650852884108,0.41405349995265006,0.426227602034502,0.4961676430070302,0.5170708496666745,0.40415647330695825,0.4585183753218259,0.4475866272035244,0.480279604625077,0.5089341451565018,0.4403014765191027,0.4259327100791373,0.5651512669074863,0.557229320850609,0.5050309523291365,0.5625944235265704,0.40450400011116155,0.5350315058298085,0.48243596302868547,0.5173233995224248,0.4800163080584942,0.4855940042611069,0.4914040086017397,0.48650107742432996,0.30359361289785514,0.535334050495375,0.47592609111693734,0.5251862139394174,0.4525505021828999,0.5579108128841564,0.5047606155138956,0.4665787737440458,0.5385911525698306,0.5895163627794408,0.48378585247543227,0.4739283826293059,0.4525691026143911,0.4528031850258969,0.5462002514915248
0.5071839195316593,0.47956114989876164,0.5810727242792795,0.5021315521389117,0.0,0.45232424910373514,0.5612775331364042,0.45508855955122035,0.4775898138639224,0.5336105762069152,0.5385232603253096,0.5278117731928801,0.4735223591197453,0.40416018458429065,0.5137994411272397,0.5402345564593583,0.5635061248657123,0.5211792491623818,0.4868857059569253,0.47082553288909784,0.5978729679364828,0.5635224446891578,0.5465311588523348,0.5077054872049381,0.5311333814811283,0.51423582393635,0.4510067466264443,0.4892700785733575,0.45099321110134133,0.5082637863784709,0.47229556149467006,0.4708153889205769,0.4519680791164794,0.4458515739093969,0.466367249435002,0.4338308501324899,0.4993158861780672,0.4898146893490866,0.5028858005915344,0.502181998847653,0.4957533461607461,0.5541213798320317,0.5134992778794262,0.5288384383421497,0.46056459251464904,0.49086470962510154,0.4852704699547081,0.49414947795009034,0.5640731237487366,0.4972232734360791,0.5542413830483678,0.5208812344521623,0.42627660752283963,0.5199316986887929,0.47889279808274887,0.4569363468110527,0.5196302590454795,0.5562094640323081,0.4970035267317725,0.4325298069527562,0.43406718276587297,0.35999253266497555,0.47560770724632084,0.4097392040153559,0.4670968331637527,0.44213798015123995,0.47421302282732175,0.513575274214958,0.5112788430458249,0.4874464258685648,0.5220830473452553,0.43691327711643907,0.4601593032310185,0.5622839387085639,0.48001102670038687,0.4175694379879485,0.5135171223749107,0.6021345225806288,0.4629366667877351,0.42941433286467456,0.4718338791950183,0.5359412822389037,0.5415258339162281,0.4162374172136151,0.5019827152401839,0.49806426512554386,0.4295952438981898,0.48231061998364855,0.44822493000872055,0.4381789753651378,0.6419855395827221,0.46519084564056773,0.523653022935935,0.4332324913794774,0.5372340251204509,0.49782629414940316,0.3951910765679255,0.46905257913104587,0.37090519129426014,0.4530573784491375,0.4026932442371301,0.4407389699146967,0.4932496900657049,0.4994093512389513,0.44279034582887167,0.5127982751544363,0.48315635077884467,0.5509731890108657,0.49901403093938607,0.5019105618051761,0.5461888942538509,0.5170247629101788,0.45661999724788954,0.5004252485195358,0.43131105775022605,0.5113110392265359,0.45392918717541625,0.537596719859475,0.5165850276338824,0.41369390698650993,0.5462080857923853,0.4540941893489479,0.4398387881640734,0.5558341017358769,0.43348387221777684,0.48347976939357173,0.4211116129782882,0.4176597720796364,0.4547192459009494,0.4826970122883589,0.44947460003063694,0.5217029833849993,0.40796546004142975,0.45989220606497505,0.47905352513038474,0.45371588632492893,0.4561938841001254,0.490182146541781,0.48783273763469204,0.533906526586552,0.4282678815294385,0.4240749534390731,0.5359393543055703,0.4940208435881047,0.5240911172419047,0.5105448627522453,0.5482126529337442,0.5052805159644711,0.526870848729844,0.3118559516915183,0.47950966852091886,0.4645026848171036,0.5540142701084685,0.5053387305254461,0.5666977518105429,0.4854152737052597,0.43594026472309005,0.5688581606264086,0.4335616475894293,0.4796974958227072,0.45777841062034264,0.45253832154605833,0.5009963804224391,0.5866636055052229
0.599382626332942,0.5579488565510726,0.501019273844517,0.452136427263374,0.45232424910373514,0.0,0.4371533515919448,0.5357293870975427,0.5557057812751963,0.5017495656125984,0.49652435164078434,0.5563028573580497,0.5464993150723484,0.44931205910441446,0.44661309362806245,0.5753166422314091,0.5448084520609714,0.4578567597535003,0.5185338976709197,0.5779640474456001,0.5255388021601933,0.47463021574420033,0.42085892423050747,0.43259106292448457,0.5435292542837815,0.4693493339069458,0.3976085390196085,0.5022753075599367,0.4705735521611649,0.4883797273066,0.6159517655698372,0.5986151027162354,0.4661033183966177,0.519353486227739,0.572187546053012,0.48254952790145034,0.5526673265296705,0.5328720502577202,0.5100885653939269,0.4206773949232712,0.4787574594050215,0.49726298735441765,0.48122598887965123,0.5827052275417567,0.5239903351243762,0.49696154469654874,0.5034048327483155,0.5398626024973866,0.47334245151698984,0.5140650265358931,0.5196785453675365,0.6026697450784413,0.46475535711906796,0.5260137645591286,0.5067260460646121,0.5748704889638016,0.5364789610619652,0.5687568602194322,0.43539471302028443,0.4796158200205483,0.5361147619634209,0.4339341613786437,0.5383778771131451,0.43288945630861286,0.4583600552939243,0.4933989447714182,0.4805959323646906,0.49038302273656736,0.4464651476366455,0.4925807571280481,0.5659625413101851,0.4783428372157998,0.5133138168325186,0.5012102673912926,0.5888417506498762,0.5257508949940621,0.4629592845539661,0.4879495774974901,0.5150701017891081,0.5225159620657911,0.5451715915037901,0.5237406777126085,0.5355116963749341,0.5417890184338134,0.5177367812801174,0.5743180629194284,0.5358234241147101,0.4844596776702537,0.5555672146972733,0.5085461850796641,0.5097084720883714,0.5476886859152473,0.5126587630137764,0.5313765902428875,0.4921903125297133,0.5885932427517633,0.5100667264032277,0.579132527800998,0.42158359780984783,0.5244604999206891,0.47748617539079863,0.43778215949078664,0.45646125902592916,0.4734835919213211,0.5389635786622501,0.5452235566923334,0.5106081393986771,0.5284351881576711,0.4622587574435303,0.5146448771639868,0.518488027576498,0.4880240665207268,0.5947957174556807,0.49431426601992384,0.5085841200702924,0.5291991712773376,0.5592325454446894,0.4577066770571828,0.5260766453736471,0.48397334277851095,0.49541769777520234,0.48942754233897484,0.5590859504217611,0.556792738178468,0.5260267322799327,0.5521930393979275,0.47088973429439945,0.46946688625867133,0.5433498020523951,0.45717249964037415,0.5428831397633357,0.5609452716367676,0.49047647633515895,0.5591692366613974,0.5068751040983159,0.4863429578835001,0.5604489872935389,0.4574024155216924,0.41675137302858134,0.49470412787468565,0.46411772674838003,0.5167049133498977,0.5358558294118643,0.4917493478534883,0.540953564065429,0.5024208260350684,0.5792183028938358,0.4850549421766501,0.5737071711758129,0.35811690932573736,0.552980737361052,0.5056096084218246,0.4647835620014204,0.4140140383021388,0.5263258643477012,0.49937876483808524,0.42892576543953265,0.5591488675633072,0.4370727638435522,0.5130735095205863,0.43760847953132104,0.5763606273821902,0.4494638498077501,0.5112686973615501
0.5124506188836452,0.51632697891792,0.5185040699207164,0.5679678923578566,0.5612775331364042,0.4371533515919448,0.0,0.448913451245999,0.44838535501783056,0.5971476778848597,0.521113671012748,0.5228858812355578,0.49674685759072856,0.4166348333278213,0.5824293130044116,0.48843471173017156,0.5201138904494133,0.5289424547784868,0.4782858260298877,0.4650838493033115,0.5299255404682057,0.5393890803454297,0.6723268963884547,0.581949201358294,0.5575741329153994,0.511185720853663,0.4872404118456661,0.5229935134854211,0.4758271913309547,0.4509188331953843,0.48546877224431273,0.4641868478571307,0.5022655798394483,0.4855095604942349,0.48430745513776546,0.4240309937809429,0.5227944755111132,0.4502055525769895,0.48522491495220654,0.5916247998958198,0.49665013767346256,0.49836803860003936,0.4764689355621492,0.5252210948368559,0.4948585855235508,0.512578181705829,0.4636383432711598,0.4826043593025385,0.6683606199442156,0.46213258592117246,0.5437386951225208,0.49413936871157194,0.4214002203554718,0.5424814836050152,0.49433512912961103,0.45700807201801064,0.49524211787219147,0.47468009345538864,0.5458016059209546,0.4403300277159521,0.44628726299299637,0.34472175097575275,0.4332481973103469,0.3949095702478656,0.4519005235635008,0.4386429227358751,0.5288533469704666,0.5101438585823803,0.4768158684304491,0.46793804683670515,0.49574081503618395,0.4449945039763393,0.4450104502504892,0.5747517233149041,0.44515364625946796,0.44652284096410183,0.5173761039803597,0.5867937547129934,0.4540875449161047,0.41525121277815236,0.44233822910177256,0.5090244588738704,0.5307168727899279,0.40738072026217464,0.4639346389517412,0.48537910219112396,0.41487145350152926,0.48776972142079283,0.472039155973874,0.45364700285834964,0.544413542231651,0.4799756248047323,0.5052057587721122,0.4457876072505845,0.515383140913709,0.5223992602316065,0.3777806814932645,0.47406087676730196,0.35659168906105393,0.507038943239609,0.41955712367029413,0.42304204800155,0.4938268994497513,0.5176798591711026,0.4229991347369591,0.4911671268476617,0.46083939390882245,0.5490616190067069,0.5413582160107823,0.5380163713618618,0.5773587500161224,0.47027521733058925,0.46527716402812047,0.45685052133909765,0.43650582129444077,0.5168156214616623,0.46150243463140517,0.5303536175891744,0.5096417777082438,0.403055199952914,0.48809816208043516,0.4287581031269246,0.4323739021062556,0.5818846734171202,0.42104014603742135,0.5190130567783112,0.403448630136751,0.41892409308443884,0.45906379472992964,0.49614357365046985,0.4244240683512786,0.43906962783879516,0.41015134898461864,0.43531400886553245,0.47532894568203643,0.43889968714018807,0.4606383548987866,0.5443472811979709,0.5381253961151203,0.5016804213516529,0.47155035697314807,0.40081273728058436,0.5557375535549078,0.44623798337135556,0.5057025859852843,0.5278338862577034,0.4880174691035515,0.5092378265242036,0.5146481379186564,0.2939164222753889,0.48595717916804226,0.46501889130037544,0.5077775959831292,0.5389073438545808,0.5541231273256761,0.5000513713381486,0.48625398419082094,0.5810535752358497,0.5136824897270967,0.4845162470465412,0.48085442563711506,0.4499286468528149,0.4601207880476527,0.5431917930033635
0.5517051499919361,0.5209229236594874,0.5417003034467764,0.4959601465601345,0.45508855955122035,0.5357293870975427,0.448913451245999,0.0,0.5735323529102885,0.5152754459435686,0.5142520234173598,0.5547636376529156,0.568746350328045,0.4306080371959843,0.5229413503199718,0.5770239350694554,0.5171566815366587,0.4997560806286696,0.4956701549519177,0.5458933073207992,0.5164278124424786,0.5222075434436718,0.456463293273816,0.45402652771223645,0.5335075572204564,0.5074551814392292,0.4741752499924504,0.5143227762590343,0.4368464421389849,0.49073755661608215,0.6456884523880854,0.5250741739900918,0.5033369419312856,0.489035476046999,0.5017923468717617,0.4746602214968673,0.5744103758705625,0.5487030257702598,0.5727972134361592,0.45263803798316515,0.4912773307765273,0.4645922968312345,0.531783820597964,0.4991620073700878,0.6266683271806661,0.5588344598063758,0.4540664465097331,0.4979008783102898,0.48744192757140714,0.5221051310280125,0.5354466497464742,0.5122487786738724,0.4367710847235063,0.5368408955713767,0.5176890684280082,0.48154629892685685,0.531285375243654,0.5895172687876825,0.4469531741390229,0.4891601057581668,0.6006374710279797,0.4043482496077974,0.5252097621741422,0.41166774101534476,0.45298895186819166,0.49346068353202643,0.5254747101246712,0.512463426985263,0.5038243064602769,0.6222667156935132,0.5816698230153373,0.4611021539860812,0.4626344824472736,0.5567685674531776,0.578662414790966,0.4615926648567727,0.5282141209527591,0.48446669641798507,0.5854335135457045,0.41359996859098347,0.4636283702825973,0.5600436405161535,0.5436220853764939,0.5253436900360983,0.4864583431471912,0.6169939124509345,0.5638837792916521,0.5136259480069916,0.567139255223871,0.5319431087349158,0.5256944904221029,0.4937769159187893,0.5051372763190086,0.4726262135496285,0.48518751155806444,0.5614083444491809,0.5069690208931389,0.49407066588628384,0.37662916359351345,0.5280329171113651,0.4531842027191987,0.5404476248477129,0.46753148513179127,0.4871898761640948,0.5193628112480299,0.5852194659703015,0.5371939428657929,0.5147573771553845,0.49067846624476946,0.4711717076519596,0.48371224399836044,0.48622338694718004,0.5031285221261039,0.52922442975216,0.5002471893667879,0.529762003173935,0.4678942919596231,0.4836032156641874,0.4547977785330539,0.4466101098390748,0.48539673357203894,0.5899503820207855,0.44202417017404727,0.5454892611619115,0.43652226548033174,0.5621649759295033,0.4386826362770803,0.5252893913857507,0.48492142024677803,0.5116321005400432,0.5008551484801831,0.5388784363148105,0.5094682692747252,0.4958566818192345,0.5317318993533844,0.4453653172766142,0.513257396264816,0.48572626749450765,0.49348084311599233,0.5705795855007049,0.47939114278933065,0.4443447056801575,0.5280049616082857,0.4899918245807347,0.5187974741379238,0.49345518144000805,0.6033259464838495,0.5138945116157472,0.544647896516583,0.3253694523580975,0.5757625183073257,0.45834888418151576,0.5106946748620327,0.4614492339801584,0.5419969978899454,0.5811881301298948,0.4519767714671179,0.5628461322650027,0.4339420290594912,0.4719373331279489,0.4369003564815287,0.4633414831496644,0.45795148913183553,0.5033415220172472
0.5989810473489261,0.5285916395553499,0.5087313451513488,0.4393046373105993,0.4775898138639224,0.5557057812751963,0.44838535501783056,0.5735323529102885,0.0,0.5301746088757742,0.4811725027704174,0.553691711805542,0.5122796066553995,0.4253625000368915,0.46280472999283395,0.5475108084343748,0.5282031798401432,0.5012507128017697,0.5115154328565896,0.5839465143945172,0.5272998775532676,0.5073578117701687,0.4655892478854341,0.43614868297990905,0.576873138003093,0.44729138517130523,0.4389731575908319,0.5068748133047178,0.42146540278660793,0.5861164100820525,0.6103535917584321,0.5344869641557286,0.4277661911920596,0.4823119023435288,0.5212276717403833,0.44404424177871443,0.5337063218782748,0.535348429845334,0.49702272069643466,0.42385871799783154,0.4502804286028146,0.59641678433782,0.489117526642998,0.4878264427788009,0.5129961527084616,0.5040252099677479,0.49254787776213016,0.46392999267108026,0.49439047833505223,0.5036272167486533,0.49923769132513496,0.5079473675002647,0.44427942233483264,0.471594726339567,0.45180124167788754,0.6041491241549614,0.5349856026361365,0.5763637957363366,0.4517383361367082,0.4577325013690649,0.4849836678731391,0.39750218892236017,0.48186388186710033,0.42573360025692525,0.47039864805884923,0.47356531437144406,0.48433324489761037,0.5051380779270318,0.4860136533589888,0.5479135660777947,0.5570022795810596,0.46011831024654665,0.495779838179117,0.5043840273565107,0.568897480971915,0.48093399472590326,0.462219449059509,0.4797322148603839,0.4993664306061163,0.44349895390014316,0.49286441209425785,0.5822320725619413,0.5824650605575595,0.4747127543449094,0.5180600340943669,0.6008736013795286,0.5273000148014597,0.5003071317620458,0.5430594826445982,0.5563931155924089,0.5324083021085185,0.5363004266391619,0.4810317341816146,0.47443504260012515,0.5090890983299573,0.5469655641076876,0.46649028330670517,0.5510994727489786,0.4022256847946982,0.4881307091202017,0.43373341026564083,0.45437578985677574,0.46304093373038074,0.4888275545022519,0.5046687341063362,0.5413500252391821,0.49051313411835723,0.5909245954795693,0.45599107223132984,0.4994230923340488,0.4843520735263522,0.5046006943665294,0.510871856612511,0.5661839010666744,0.4521124276676209,0.5295976537255893,0.5179439845422761,0.49026559332408987,0.4544475702255431,0.4693466495297229,0.4928581680017067,0.4934844871335778,0.49431055370740595,0.5318604741696193,0.4989504192307453,0.48004229702192935,0.4513920265489488,0.44996347252820906,0.46381679669681775,0.4619012889137724,0.6752194323423892,0.5624125602563185,0.47015293558155485,0.5312381201106043,0.5010363243353018,0.45756886657743967,0.5406058785785197,0.4447919478033192,0.4423365204856196,0.5539923752495393,0.42687762366189275,0.47044833663566055,0.5661156197227035,0.5087839206153715,0.5185510061605424,0.5275072087079931,0.6447259574525425,0.48825590397878754,0.6052968897558556,0.3391216995870523,0.5436362733697256,0.48097546134296937,0.5107177778100259,0.4527427980083207,0.5475804131014639,0.5411829320940031,0.43158052596492463,0.5522523557534358,0.407852389339257,0.4707699650236632,0.4330772438638135,0.530517022464536,0.5127672236586389,0.5390713919885665
0.6017002763136499,0.6014336734345834,0.6131029522066826,0.5182474369425554,0.5336105762069152,0.5017495656125984,0.5971476778848597,0.5152754459435686,0.5301746088757742,0.0,0.5419007215261614,0.5496435979973173,0.5652020598503217,0.44031380807569886,0.5956973875521487,0.5499898855184273,0.5743579891419787,0.608498185703801,0.5197525618359324,0.5557949091437449,0.5718918015713944,0.6123362929217581,0.5837173008943752,0.5570907329925628,0.671040047010824,0.4923677998808261,0.4855527117557184,0.5635055872219227,0.5132426844314978,0.4976521561694727,0.5533086951566588,0.5182024819315514,0.49896797497280215,0.48169860353869165,0.5291060390537846,0.44071228724513745,0.5744584946189325,0.5081341945266835,0.5041272329863756,0.5466658269322395,0.5167763138608277,0.55228487192442,0.5235301791835897,0.5410986573582736,0.5370940182104482,0.56717564401892,0.5105543081795366,0.5165112102322291,0.6420895498634939,0.5022652530659859,0.5504775835086603,0.5273933624947873,0.4661492112432991,0.5493805596968662,0.5012386052306802,0.5220344049604383,0.5449764151561368,0.5137291626946159,0.575695124378037,0.4614427917674355,0.49667141686354144,0.3653731390903118,0.48007031978021086,0.4188786197165254,0.4972147273011318,0.49027280852618915,0.539149560534398,0.5754654864900017,0.5451875620529089,0.5372591846350363,0.5594263778768733,0.4802011530927019,0.4725192816011414,0.5947694332022061,0.5252134460168094,0.5036979339160033,0.5016897028385985,0.5578181869228449,0.5069650515070823,0.44285794046598187,0.5181020573189041,0.5498540367350963,0.6295888713366753,0.4651955212397347,0.49216819594371447,0.5713636276087936,0.4591435720242951,0.5193638032155597,0.5380710060425944,0.49525377020813904,0.5483327464634651,0.5022764946053188,0.5326079008141131,0.4862795914775608,0.5428490535476371,0.602744983237268,0.4219076432587973,0.5226625321673372,0.37026032546344406,0.5271321196390167,0.44232283593901195,0.44709413056654856,0.48513082198906116,0.5906928130693725,0.46400230918770397,0.5492818335422194,0.5026206046584327,0.665693613817038,0.5657600632386879,0.5917478498049693,0.5416922348198228,0.48566404581739414,0.5073103157156672,0.5050881769786458,0.47021178809187425,0.5542473531312008,0.5307493671222437,0.5845627103868902,0.5282711877996293,0.42677527919120845,0.5066022534979059,0.4563859842639551,0.4705380787906892,0.6229765980016149,0.46783209541563314,0.5751403762840774,0.41837274775732397,0.43282232468938625,0.4967910888988624,0.5480264207269562,0.5068764396338139,0.5014324150157456,0.4432077018423849,0.46342813528683785,0.5336734421138921,0.5030041036419868,0.5514361391944981,0.5355701778920575,0.5656080610467396,0.5560371550403506,0.5169738433401361,0.43468492308517365,0.5870000877697499,0.47995651174952864,0.5477858862218767,0.5332865805887693,0.5509075814792332,0.5902721086129652,0.6827581839927256,0.31034356247766204,0.5205580639296651,0.5334794213407176,0.533797152981313,0.5568630076634034,0.6132861056842772,0.5698214580401917,0.503442107140295,0.6315214904189849,0.4950940688244118,0.48483219238765196,0.5533373309236733,0.5052576114832146,0.504535721829202,0.5653642806341812
0.570548076603391,0.5101026123915077,0.5822418817638106,0.569331270930808,0.5385232603253096,0.49652435164078434,0.521113671012748,0.5142520234173598,0.4811725027704174,0.5419007215261614,0.0,0.5290353840079546,0.582500365210893,0.4398710253201096,0.5262809361126012,0.6098585454208987,0.59082794775555,0.5392486760290528,0.5105623035255941,0.5379039096288377,0.5760832975953691,0.6123629472025146,0.5165025960568665,0.5383706329672675,0.5751234685178057,0.5547793110473943,0.48527092064199384,0.6076203562583398,0.5005452813220501,0.4607757193940165,0.5083012135004557,0.5041607258495996,0.48761356036001063,0.4809537767785429,0.5227619410488384,0.4462688984889071,0.6217793509591196,0.5318113316183735,0.5633269116372999,0.5280770246598016,0.4908251981958345,0.501734543083944,0.5166550647989542,0.5770778522307966,0.5231916686772449,0.49706842755511516,0.4154520755521888,0.6387653264444281,0.5955701515230245,0.4945981949087181,0.5595903468499396,0.5168549924738401,0.42445244637616325,0.5986516977323861,0.5633384407286558,0.444525944099782,0.5514683614837359,0.553075042442938,0.5061549740212805,0.4494443668881303,0.5749101639808173,0.35994509891844206,0.5050818290418796,0.4134720636721837,0.45743603240432085,0.4768243916242742,0.5740380660877927,0.5212986420572999,0.5320685489117102,0.5755115765858355,0.5490280673657483,0.4635995178026651,0.513771197811299,0.6257930749470515,0.5402005539104247,0.44588145256934064,0.603071256935138,0.5452694105521857,0.495965429283281,0.4587651826815697,0.4781251193493977,0.5248502018321728,0.5175801504712402,0.4881157095075709,0.5027751357866761,0.529061062047723,0.5229536751930898,0.4906801031625502,0.4769460012862139,0.4611413726007831,0.5713097622534031,0.44514903877132284,0.5319652821622544,0.4814242619387697,0.5453329596095435,0.532562566805933,0.4289532809350448,0.4587909581921263,0.3679176718463444,0.48811616845513334,0.46118469316624655,0.4886351012383357,0.4726091364529181,0.4731174295088539,0.46723119834909066,0.5058778946488048,0.4979200203947962,0.5641634714753536,0.48307056915717994,0.5477758505401843,0.5851124200143024,0.5048925050012977,0.5416868194710611,0.5350971828064285,0.46770736902636545,0.5305064064003943,0.4626203186560621,0.5601456039834328,0.5588980330861918,0.42693914521430454,0.5359172859520928,0.47998927090620364,0.4783979810395452,0.5733759614618826,0.47270602584257015,0.5575181762797433,0.41190954955772713,0.4402971003892921,0.4907023732019876,0.5077265089964271,0.4374381858113138,0.5298295234987337,0.5185248449033514,0.5014019509469744,0.5996392867746738,0.4691920049008089,0.47424710398783754,0.5146550440880868,0.553527486021151,0.5254126083501254,0.49491715088459753,0.44270238775735204,0.5220904766300335,0.49001415145128163,0.5835913214570679,0.47997149459828164,0.5131669403125813,0.4929202964845253,0.5358648073241108,0.315889663368655,0.58077497396275,0.47115481697668726,0.5868740589360899,0.4459419354821294,0.5530211888651058,0.5719810244713086,0.5618597990550698,0.5718541981137188,0.5168405315898325,0.5271032915499154,0.4541139921003076,0.48366619092592217,0.46061155456328096,0.6719530414702207
0.5361798944224454,0.5494998224777325,0.5226553328522849,0.505668581321773,0.5278117731928801,0.5563028573580497,0.5228858812355578,0.5547636376529156,0.553691711805542,0.5496435979973173,0.5290353840079546,0.0,0.49891691069559735,0.4111667385435764,0.49782782742025133,0.566377798447291,0.5378184521274011,0.4652970743220987,0.5662005648372436,0.5195495047266285,0.5631856782678222,0.509874832320178,0.5240286379872418,0.48822977293960357,0.5991608901182515,0.48993560012824405,0.4518324257857049,0.5220016924783565,0.4647576177467175,0.5558124079691255,0.6329489928610863,0.5309230590207881,0.4792342592854867,0.5681899724654537,0.5159240960711574,0.47129004410801095,0.5483621583842774,0.5052011964209128,0.5957065593267281,0.4551046555039134,0.4933686440492353,0.5400718324616831,0.49044454222966977,0.557953669479688,0.5373592378394658,0.5013301694492678,0.4769818287406079,0.5077064820786721,0.5399806267751045,0.4896130461942985,0.5360023970129693,0.5305912870454896,0.41969453361518416,0.5475457877834221,0.5226626115171006,0.531558055687261,0.5252405284141398,0.6491993055554287,0.44489970984339877,0.46567000430704575,0.4875599338277113,0.38212336570520733,0.46911814799723195,0.4154669521976534,0.43825209754699934,0.44451257909789327,0.4914159701986586,0.4772073787874261,0.44588064963816715,0.5142155121528651,0.5193236696645289,0.44538887822465356,0.46351877999388313,0.5296883598210099,0.5154842267539821,0.45588669274909455,0.5079207345658472,0.5597834848279478,0.49656540346900824,0.4467080192887831,0.46387075477091017,0.5520500908715066,0.573141323227803,0.4512141367420518,0.5081335411298746,0.561589794696104,0.49802921164142516,0.47851332943622377,0.5188050958954145,0.5347291527066359,0.5529745767545924,0.5576819423619388,0.5195359883551315,0.4646952710931712,0.49068261013650627,0.6072389830764259,0.43795942599100407,0.5683956526259369,0.3905471735843,0.5013996502454142,0.4439347211570632,0.46592304478516594,0.4920788212017316,0.5358766964540396,0.4749545980077608,0.5323411300744353,0.497860863204238,0.5826834345147951,0.4741987293289014,0.5346660852446103,0.5958311245170929,0.5049799047751965,0.48884645240660873,0.5238664437785512,0.4513417696960109,0.5357283047717365,0.4949955599901462,0.5165583794706416,0.4983547643133389,0.4496115092784528,0.49894931045629354,0.49487832587153285,0.47719155210402175,0.5832293040493338,0.4529948322620153,0.560551081739208,0.4366486845940066,0.4888232883551095,0.5081365467668972,0.4510372972602689,0.517958618880833,0.5152255173735131,0.45196194966890657,0.521216033724152,0.5123416983433278,0.42768903650577034,0.5245605130913465,0.4769352840457312,0.46278028836454643,0.5678359003242456,0.4381589558317676,0.4575107765933537,0.5656745668202958,0.4945034240249813,0.5482652163495675,0.5371182488061704,0.6304713625674866,0.4921064878741539,0.5850011158641236,0.334414195563551,0.5602005314990465,0.47280020077634377,0.5249342419048442,0.4668596778067252,0.6267557303885992,0.5181094106662221,0.44448605959854837,0.6294998287145354,0.4365918370571599,0.4919745744768432,0.41840844096777263,0.4965724530878744,0.48138585296288255,0.5489886521447174
