0,1,2,3,4,5,6,7,8,9,10,11,12,13,14,15,16,17,18,19,20,21,22,23,24,25,26,27,28,29,30,31,32,33,34,35,36,37,38,39,40,41,42,43,44,45,46,47,48,49,50,51,52,53,54,55,56,57,58,59,60,61,62,63,64,65,66,67,68,69,70,71,72,73,74,75,76,77,78,79,80,81,82,83,84,85,86,87,88,89,90,91,92,93,94,95,96,97,98,99,100,101,102,103,104,105,106,107,108,109,110,111,112,113,114,115,116,117,118,119,120,121,122,123,124,125,126,127,128,129,130,131,132,133,134,135,136,137,138,139,140,141,142,143,144,145,146,147,148,149,150,151,152,153,154,155,156,157,158,159,160,161,162,163
0.0,0.513044488436875,0.4483436224205966,0.47808984223059536,0.4570112503772537,0.4953729090332204,0.4959179323425693,0.5473753112007266,0.5501517786401223,0.4470957370502694,0.5214608215258945,0.497822068005849,0.5543066872749253,0.48518941260892207,0.4756389212725429,0.5270060933132407,0.5454470741805255,0.6429202884398467,0.555835018696772,0.6555862038219665,0.5707606225622456,0.49235601607474594,0.4969871743963791,0.46648306424941083,0.5818366637978402,0.46701905925027876,0.4163506511606594,0.5033096016946647,0.40198455043959574,0.5091403057643474,0.5656080989848299,0.5538136625246497,0.4504086769187911,0.4672891695210625,0.617440718375509,0.4998623644364629,0.6112084088209503,0.6070980984002385,0.4788773524110041,0.4499679375161083,0.4995936414049145,0.5347289235815365,0.5737473840486544,0.5493584435398549,0.532182362232501,0.559975071821372,0.5251369990593119,0.49878183214539257,0.6059211398620452,0.6076406040899285,0.5846730502209839,0.5740454803936513,0.5095802754023901,0.49932664211663114,0.4777197660051451,0.5138585072894738,0.6771688321440669,0.5328826403693564,0.5573003977814036,0.5514926931109098,0.5017112282510221,0.45385166677202854,0.5684361234575549,0.4913062806915429,0.5519698349733795,0.5604644109220159,0.49543431417908335,0.5411360628384636,0.5403725716397503,0.6124993752880553,0.614285075254523,0.5556778090906422,0.54403203134452,0.561979806955359,0.558605330653652,0.5771313552060365,0.49071889333146324,0.4678115356552262,0.5238387816643156,0.4589363095114437,0.506255259164283,0.5757258428681352,0.5169024971893244,0.5268263116295264,0.5432717285176644,0.6214633657910758,0.5549530982507138,0.588437389561602,0.5560777902267915,0.48564718343415186,0.5956278733617628,0.5221099930894818,0.5341284799676373,0.6050292659001778,0.5427995939438667,0.49903309963583015,0.4757911628821186,0.5162842099123179,0.4668087345249407,0.5229962163795032,0.4868396638587315,0.5033937233415066,0.5121642789848557,0.48927654736963855,0.579940910730493,0.5318449112092868,0.5045506953505272,0.5134010889131934,0.5016879699389494,0.5259144731268324,0.5499757462970682,0.5549509581835553,0.5497648555676179,0.5037615277244057,0.5427295464899067,0.5231531705751817,0.5727184991182491,0.5076104189962779,0.48524090991961805,0.4911305428944601,0.5490566837399316,0.5029478226073536,0.5500978736415877,0.5668116321856221,0.5268200406967222,0.47173764471784907,0.47939959634417273,0.46824656376132856,0.46926511045206387,0.5099687356769443,0.5069796388956466,0.5140961680424625,0.531912460951975,0.5450109004439134,0.5356153514995154,0.5089319075403232,0.5472223221920179,0.47919592023004737,0.4285840362267205,0.5920864950884741,0.476963575712686,0.5119597264128846,0.5752104465574482,0.4847813790151623,0.5566206420389977,0.5830699349647276,0.5421853173315898,0.46387057312634267,0.520629395534954,0.3911575130300341,0.6298936230967966,0.5340837210956243,0.571301963249479,0.43140900704000607,0.5494596249965423,0.5933287546847918,0.49543028680350837,0.5037505864364611,0.4464687492793207,0.5219597682121883,0.4676845982388687,0.6247205180443813,0.4777315028178324,0.6430209065409002
0.513044488436875,0.0,0.5496183101013081,0.539391519511035,0.4321910637434956,0.5120635962272471,0.5686228199233088,0.6003687252470644,0.4705266425063773,0.6042054015550555,0.5360428611779582,0.531569217315306,0.6002327399971745,0.5371802629678828,0.5315795537493291,0.5151126668543262,0.4968177575879145,0.5197404911463986,0.46760281581660795,0.4852924465495315,0.5068532654189152,0.602257014885398,0.47315098356557345,0.4959049419502068,0.5417437287563673,0.4461577875387125,0.47559006391733893,0.4563018243928661,0.5489619592609268,0.44275259040733483,0.5413202527960956,0.5171922841954237,0.5801060752620766,0.4187905177487315,0.50960744272108,0.533190813180237,0.5829238467000857,0.527800247659051,0.5270980053482075,0.5026660891675204,0.5546829168897786,0.476809487747022,0.4544851511762718,0.5045790822132954,0.5697726887090919,0.5148092050539028,0.48211283173578445,0.48773638349320286,0.549508965247679,0.5027716681288953,0.5200790794386285,0.47269071707983046,0.48618324285775744,0.6095918091698397,0.5514113396317882,0.5078445384452503,0.4915419124377385,0.4943226773041735,0.5561376195591476,0.5604762736400424,0.5812014140583752,0.4306524123039409,0.4547310827911448,0.4662320411860078,0.4407210739046696,0.4525906947215334,0.5480212900145142,0.5325180151521163,0.49360963660315654,0.5515238263091403,0.5222936416666698,0.5002735868823169,0.44122944201269915,0.5763097778014534,0.5271727939599088,0.47927261510870955,0.522795668702559,0.5331879028033512,0.4405365110335157,0.41287194107759834,0.4700542541427496,0.48682168244937724,0.5817824673231271,0.5126804053803187,0.4325892835395407,0.5865849933146404,0.4692602738143161,0.4921141032153815,0.5212927682743831,0.5431448430135409,0.4909264789975945,0.5041481820995884,0.5482802336781994,0.47642623877770673,0.4959803067904584,0.6435090035186541,0.4609056055780664,0.47013924639837434,0.4139217852149794,0.5432710818341677,0.5217720147433679,0.48389192112464485,0.42960725379993275,0.5159772089814867,0.4699200093891217,0.48270479625363827,0.47987224162124403,0.47747916975581317,0.5559229161399204,0.5624343451492952,0.5068175638616266,0.44272943786865293,0.4954003479851551,0.47910249514623204,0.474888249529224,0.5133512396013042,0.4598302934642703,0.48908041761152615,0.48262147788514015,0.4744988512786429,0.47867122490651737,0.48026754445793,0.4260008175672691,0.5632603791532192,0.43302863758771665,0.6278215551141691,0.45168647631587333,0.5816236177735413,0.5091662601712491,0.5475432386509748,0.4893326117350669,0.4691930284862576,0.4951991525340927,0.4779956787446324,0.5249949729784091,0.4525137649577217,0.4833011031008132,0.49803113516701,0.458936623153199,0.5261092470437395,0.5431708916445501,0.5028806282173208,0.5637935322483467,0.4710438646253137,0.5456848957329483,0.45295268924275894,0.5332645178437092,0.5521653286886176,0.5167542189801674,0.3841645029110841,0.4685153439136537,0.51926375924271,0.5213836195823828,0.5730940982060506,0.5297419396509101,0.5732329742940052,0.52950388788821,0.5439011139694864,0.4882150759940402,0.4570753175802438,0.5123839939027234,0.47272135881110333,0.4448943631306048,0.4928035486245763
0.4483436224205966,0.5496183101013081,0.0,0.47097362820125654,0.4600689523609746,0.5069426643296593,0.4734907306719274,0.5211629442489383,0.39721275075397006,0.5817445563998225,0.5612556062247941,0.52109545966848,0.5486506820444942,0.4257586390122227,0.44264917358090883,0.5881722585459361,0.5327139691481411,0.46785336695911167,0.4497233061833903,0.4348109171546197,0.534555375639697,0.5780270101989599,0.4412024058693122,0.47309267770438107,0.5083287806603773,0.44662105410897274,0.42111560905985584,0.43959173342460395,0.5236093769297941,0.4465986193129454,0.4282603643130379,0.48875059496250645,0.46518745834654884,0.39059478188468405,0.4154684335935336,0.4592755528060128,0.5131669034444347,0.4755991876137439,0.4607648656870505,0.4590091899345627,0.49159600298708495,0.47309240168233646,0.4564579504100383,0.46796757394447763,0.47693893715719693,0.4622075927522997,0.47524081463354806,0.5028985302328371,0.48425377920687046,0.4552185145524873,0.4795850922946415,0.47191177300495996,0.41403683607706365,0.5360734443754849,0.4942566276830853,0.43830611498822636,0.4529657653985744,0.5372375868271442,0.46798057127582937,0.4557386172223738,0.4993862397746391,0.3861378478348941,0.4680278023666032,0.4147890275135474,0.3917323825489502,0.4180442432710413,0.4416296165770646,0.49835699647149023,0.49808619812848565,0.5142723564990569,0.4614789952942386,0.4084445623721996,0.40581520926835846,0.5505148484016914,0.5108891913091694,0.399749150590897,0.50821044548588,0.5349925026105783,0.41436406941151477,0.40381213926114684,0.4708997579453765,0.4181324601227985,0.5265609785240768,0.47453996393527936,0.40935882993286016,0.5019403010933128,0.4320455236802297,0.4174082450719739,0.44167303863511703,0.4266115333142001,0.4800486202004669,0.40524895358191704,0.49869264709098743,0.41176424831960384,0.43197665175313815,0.5248983371926745,0.4008631829440222,0.43256779112498095,0.35899023700090216,0.44392165285350066,0.4063420842801595,0.47533581902225186,0.39620473159418923,0.4926769033020172,0.4130415790321701,0.48343653244870655,0.47581758158126175,0.4861534297360441,0.48779156709855676,0.5451018107625052,0.48261397104088055,0.408414975995311,0.4410950954181823,0.43927679230283506,0.42404608659521537,0.4871677913072853,0.4214405233574754,0.4832732758586873,0.539420856489641,0.40735648665120405,0.44157312313123365,0.43216448920999917,0.4032717581183939,0.5004754715256464,0.36940918517131793,0.560903367782861,0.40625526409381457,0.4987363726528541,0.49911524556002,0.4580040144221457,0.444961304459003,0.5054085062598906,0.4167862078766609,0.4027314705660837,0.4688068434199486,0.40035893837805275,0.4551265323074885,0.4219743600423734,0.43592229731558974,0.46325788711646426,0.4424381352339754,0.45923707257071067,0.44902547266374626,0.4257412283591745,0.49327973595644925,0.41665604532881817,0.47617802285077293,0.5164989947582015,0.5118166660995199,0.3801308786771966,0.4051240607338824,0.44598946125995714,0.4919450747849425,0.5450028786735696,0.5240091384187312,0.471136039823945,0.47033551628173154,0.5522087817980736,0.39243578967663884,0.4236454972113356,0.4745126038653062,0.40520457178966507,0.40642321046550295,0.4574950829315498
0.47808984223059536,0.539391519511035,0.47097362820125654,0.0,0.41782615490601477,0.4336620759460397,0.5795713548526586,0.5317627782709008,0.4169625252303383,0.4837817427646713,0.5331748584881594,0.4452411085117821,0.5613455561922105,0.5561360663648155,0.5010678090087749,0.4782161451698547,0.5023680778135914,0.5404050155427905,0.4371666995560664,0.44380746046006075,0.5003693193674961,0.5104951538507104,0.5054187647483837,0.484119767389298,0.47974758106479476,0.5164847674957281,0.5180771484496213,0.4836723348097402,0.4667172215329325,0.3921469983236623,0.45568802391777546,0.4594704533990987,0.6167184854109026,0.4199542402472029,0.47844643497127576,0.5114948230577945,0.5379851896300322,0.5332275612347461,0.48435244966446933,0.5954214773855194,0.5799338338037066,0.4390982552441755,0.4452552357831292,0.48333528181890234,0.5343144309119412,0.5259501895270162,0.41839053972150486,0.45216777944982073,0.5593826954748906,0.4919708885544549,0.5532809360425319,0.48329118843241503,0.480475049824405,0.6070933086597013,0.532611347841513,0.43779180292407316,0.504012827411906,0.4610910107236246,0.5999076242895649,0.5616656258840191,0.5886540392040618,0.4216520463046465,0.46256284913924917,0.4518865867057467,0.4417144856421986,0.4718617447012403,0.6556465641039,0.49031432495010036,0.5027750823324538,0.5435565207663807,0.5058495959237129,0.5134171382688338,0.47617042824605577,0.6501040481366609,0.5004185836777246,0.45343678499722306,0.6013290433624576,0.5239296202188412,0.465125094886177,0.4177162397191384,0.45404870233928285,0.48743481770931746,0.47465110235913693,0.5169892001829611,0.46696501942397783,0.536363990132213,0.46048194873828724,0.5074914703224616,0.5002033979131882,0.47830578579317223,0.5230128825052585,0.4620597540945259,0.5146706495464194,0.48022961170396294,0.5721203432660203,0.48533589159759893,0.4382210939898525,0.43731661107878317,0.41024308142615407,0.5845642630143626,0.5143036198723829,0.4949466072379989,0.476939339671801,0.45487584162555383,0.4754062504491397,0.47540931855397045,0.4967137126749686,0.45831975986853396,0.5748592523627165,0.4793210615868011,0.5117354892479394,0.48012472091568975,0.5140122760978961,0.5116210660294519,0.5105502539283162,0.5184769351488353,0.441745513062614,0.4335712970331805,0.49391878156533503,0.4920788596054042,0.4890208871964676,0.5410592303755498,0.42148660840672875,0.5431590094870167,0.42225926277774045,0.5191993658119654,0.47364256268146165,0.49307376670275815,0.47908364105189705,0.5731207908887768,0.4150784778831144,0.45420585830900373,0.5548763096564001,0.4850454769594433,0.48326425008862933,0.4265599433300846,0.4071451416909186,0.5248226159486665,0.4777728234873024,0.5094820982997398,0.5610997510314071,0.4543480413680117,0.5674436099701238,0.4742473763900947,0.5345057859623973,0.4431701312903193,0.4507548019218312,0.5295865715410937,0.4360628809336403,0.3648457273962215,0.48092118933796324,0.49263857329975663,0.5249368897799199,0.490600965719475,0.509948123812476,0.549909062354114,0.5394817904168265,0.5119986242249607,0.5710835449807707,0.5065241128055097,0.5392349869342749,0.45868390443197865,0.4735306012667605,0.5156988202583873
0.4570112503772537,0.4321910637434956,0.4600689523609746,0.41782615490601477,0.0,0.4126246366945094,0.492563282076711,0.40539116903153494,0.4135783445216635,0.38843997131550856,0.5048855051085934,0.4603745423600645,0.4269418506781027,0.3937576375116622,0.46366951365086945,0.4727474424992749,0.4447897774784456,0.4443187691716496,0.41705032032126527,0.4097504544844054,0.49393779417287764,0.5109000082976548,0.4118576697687451,0.4594809960806467,0.4227137786794332,0.4411911817907828,0.37061425564523354,0.3702866491231318,0.4023084965017977,0.4739526013896355,0.4304583349441259,0.4232238285320318,0.4201254057509443,0.3592552628548697,0.42903479062386085,0.4332389371458341,0.4760266057886848,0.4530196332065809,0.48733608876283663,0.4158313843311605,0.459410053720318,0.447144630834647,0.46843683142409037,0.5146925753032092,0.4033873914143849,0.41675230046671163,0.4745831424021,0.4952825706292138,0.47020335331619245,0.4754892265884541,0.4928428894049526,0.4544295506080036,0.3997334706697594,0.4646433935114913,0.44710605247573604,0.3998235542650988,0.45773798496114704,0.4936592298837928,0.41911965958500397,0.4259399411089614,0.39018691392434407,0.38244441021708053,0.44674906134384507,0.40017325914363067,0.4204714777659389,0.388439548566881,0.3990563993484728,0.4932642267239902,0.4252788606758884,0.43672594518512453,0.49127995136151364,0.41176619228822825,0.38857028860236587,0.4648109332171927,0.4113368661033271,0.3805525103764519,0.46347882565634313,0.5390863196827056,0.38624395685738955,0.40540826243799266,0.40982612860815465,0.44782168715139387,0.4986112318582295,0.38621883228170717,0.40428214970551735,0.4390623517499455,0.39823636350550656,0.42268699378059565,0.37904742894594623,0.40275960148164724,0.5482072938428257,0.4094890312793739,0.5077665229021274,0.40452255250140495,0.43386913193689475,0.4534156396573174,0.37505366117629035,0.37925309490169995,0.3877919611309232,0.3828770815179069,0.4027779672929704,0.4180433028015417,0.3969443360751344,0.40210165359709965,0.40636441909727317,0.42774160820323853,0.40162143399845485,0.39004924086682985,0.4355734995558522,0.45286611744126104,0.4745725791703533,0.4401002296440811,0.3965766946340199,0.39806710708794907,0.4011487184636814,0.4326883936537497,0.3778231443318633,0.46243889643170666,0.41887721907766357,0.38555728897290875,0.5675532626205431,0.4062934483195391,0.3868483522612784,0.4933720327751069,0.3990898614684549,0.43708560349769954,0.3886990227534984,0.46222251307790274,0.3895829594079985,0.43786600134038417,0.38544729526324906,0.4513325249845859,0.390379221983917,0.4338781316058431,0.43780837866618194,0.442339736778287,0.42882881416854013,0.4398893606347746,0.37408801169446737,0.47075038989774626,0.38633863056212836,0.432847776450381,0.43681427318281013,0.41758341606780097,0.4769415199355978,0.4225869026669545,0.5397017613558519,0.41829815209788135,0.4043668321868584,0.3430025105693871,0.4210392915019536,0.41110174121960275,0.48691549245772087,0.436067520861671,0.44217309381077247,0.4396156342971053,0.4180752548127554,0.4575611090598298,0.38574184361082836,0.4215115511356373,0.3796765165875718,0.40790332695345644,0.3899357089420497,0.5398619483360776
0.4953729090332204,0.5120635962272471,0.5069426643296593,0.4336620759460397,0.4126246366945094,0.0,0.438734616430115,0.5400794986068124,0.46664286107420627,0.5052035899457789,0.47178517633676453,0.5215120670071685,0.5175867905775478,0.42864290933228144,0.39395057047146903,0.5472770089638515,0.5054393711206319,0.44088765650519385,0.5040572601580269,0.45634197637823426,0.5454143395884891,0.4595233352942865,0.3968143890922842,0.3939472277662441,0.5381647705022655,0.41015405118340476,0.3641535061445619,0.42482322959343877,0.42323422950999884,0.4967279680640769,0.4827805286925766,0.6458688329466348,0.4137527818926534,0.4154890238002756,0.4328712756415261,0.46176616863902625,0.5295488454029931,0.48731934044319086,0.45382940295020613,0.3853140965281681,0.4326886810407664,0.5571955398102587,0.46131869806263387,0.4869460047215271,0.4500459742530683,0.45963832237299257,0.5061928168791195,0.47463062340170653,0.45773402845249833,0.47121826442482484,0.5161695596642764,0.5040660349103822,0.45808219658648197,0.49198766894595636,0.4676584127020016,0.5785671552120307,0.49330251801530367,0.5805104855905,0.45161022046943095,0.46563860972543075,0.5325096801700852,0.4877003053856494,0.5167280355275381,0.4190320197735722,0.4379985527336135,0.4815409058984991,0.44818786789207465,0.519185449538132,0.44043748658690607,0.5302921543526737,0.5139492464940231,0.42483085239641344,0.4776589785777901,0.5146520467421524,0.5648883435296232,0.48978530802120923,0.5023646723132013,0.47986182924589155,0.4201479646411487,0.5206317864738443,0.5997586365758899,0.47851566069365425,0.535555293604442,0.49060494777366626,0.480038177504841,0.49374488268455397,0.5539304394809765,0.4702439202439287,0.5102808413499798,0.46884478248993644,0.48453168183169404,0.49458735333023374,0.48040159877838734,0.4836061542826019,0.4712725362893963,0.5304546978024685,0.49001682171148847,0.4995234489182789,0.4236631260589279,0.4705618482910873,0.4311841987096079,0.5269057877165673,0.43980125594659714,0.46298203554481177,0.48011186939238193,0.4796040934282478,0.5231880732867711,0.4651793168006466,0.4366668210966604,0.5239480678018659,0.5212893318464872,0.4435843671565455,0.5648379199693117,0.49758921899125946,0.4318577057184797,0.45595311751747925,0.5103014583764168,0.45194668532257587,0.5171502120651057,0.47167665977328554,0.43070506541661957,0.4932559396877864,0.4636125055314075,0.534458566591496,0.43606780597599953,0.49195222500995445,0.5016895415757373,0.47371224032074316,0.4744195705064331,0.4144463375055132,0.5412576127612807,0.63117656879537,0.4691651386903449,0.4704180856078768,0.4579413108335701,0.4221062303564839,0.45394681215663985,0.37595918039654835,0.3547461955711722,0.4976755563037884,0.4264938186194869,0.5734573471287039,0.5102430862746078,0.480054190892621,0.5114148496462955,0.44867813496087805,0.5037762909049223,0.5133819678434994,0.5016843865139773,0.4249851529234356,0.45494149324998817,0.5113366963648149,0.44882459440507394,0.42449346252812,0.5345605943937446,0.496137266001291,0.4235577782877704,0.5531904390038352,0.3705889260797283,0.50904627026196,0.45732319051502757,0.5043153974920906,0.4790487351501018,0.46274771302506185
0.4959179323425693,0.5686228199233088,0.4734907306719274,0.5795713548526586,0.492563282076711,0.438734616430115,0.0,0.4978910995958089,0.4454828934606838,0.48277697050087826,0.5316852598986985,0.49780913445053127,0.5235270357763085,0.47992490018731226,0.614688720786502,0.473489544029995,0.46114919343105537,0.5154572517226808,0.4440245696936418,0.43936842479224997,0.5029479231995407,0.5660743495874614,0.5020568699354464,0.5534788984077987,0.49179624141955036,0.48387183056988986,0.46664991744249473,0.42462102042447175,0.46623763986746364,0.43840884741039254,0.5113814021918489,0.4605860571786475,0.5832124817988161,0.4066326170104336,0.47760581303578326,0.4795003989369503,0.5902163246868956,0.486820190557078,0.5569406494850079,0.5442973034490881,0.5457980960740014,0.45656298260182365,0.4624286834346186,0.5279306284359031,0.508004999605819,0.5094256717253159,0.46094275675250146,0.4869003166770237,0.5953503358263732,0.483990002144524,0.5595920832249739,0.461755821572835,0.45427972792329413,0.583406052421767,0.5272259414107333,0.4603450759989117,0.49270381486494347,0.46896229227799163,0.5369645214049718,0.5189080345165227,0.4990278328823609,0.4033682285336257,0.43634865508254433,0.42014319627347696,0.45033655813850476,0.4389297593767834,0.5657363435301225,0.5652365169141544,0.44899640964482573,0.5125220918326084,0.540766118229811,0.482928830595428,0.4195867431001697,0.5795470574085151,0.446153546785808,0.457695825518711,0.5808776811407794,0.6073265127872924,0.4306478332727359,0.42336045616382834,0.43815735270386963,0.5060491307821181,0.5841839521181738,0.4390899509127608,0.42877786010375496,0.5139123620654946,0.44367431179658084,0.493737957511263,0.46800909135230073,0.5262833351744739,0.5232361984473928,0.4853379850963216,0.5393114807536523,0.46659284366622866,0.5083508174434768,0.5597305499635452,0.4163461333873711,0.4225435840503293,0.39945466871993673,0.5031745814644477,0.5068948994782771,0.4803043819306597,0.4446800226738538,0.4615283756623026,0.43799728545771305,0.4635934013594237,0.4499145873425508,0.43166406058569956,0.5618339390309289,0.5326763580845141,0.5380598768472346,0.4550205562935799,0.46302450759623115,0.45359581013949607,0.45557453405475945,0.49342578451991387,0.421049795688127,0.47930224567216523,0.4413001217402167,0.4369495140448889,0.525144806691854,0.47566764821554175,0.40185942070708397,0.6282961250148661,0.4244109968984337,0.5517717692629437,0.4267491056741414,0.5576617363533977,0.43394163822815063,0.5507637146103516,0.41732898004508473,0.439279146925569,0.4833478471615406,0.47271665399926965,0.4968171985187807,0.4555511285182213,0.4502408676245485,0.5377999797278438,0.4427181668155721,0.5492794862612173,0.5079799056172073,0.44716485234346964,0.558266865343475,0.4462186653155306,0.5450483052454729,0.45232659445034046,0.5327693086872789,0.5330265187176407,0.4380984968555727,0.3385212421171696,0.4815486348656536,0.48016878483692654,0.5116396215262754,0.5479083753016945,0.5104626054137853,0.5854507965289476,0.5587022281964701,0.5480459803835214,0.520548013127231,0.47685762635100676,0.4741449582152177,0.45157884257373865,0.45011197806386044,0.5501569335257999
0.5473753112007266,0.6003687252470644,0.5211629442489383,0.5317627782709008,0.40539116903153494,0.5400794986068124,0.4978910995958089,0.0,0.4942721889281841,0.5813899756403654,0.5053855409593544,0.5523897765103624,0.6117437182459596,0.49296929027494496,0.4571064790794342,0.5542988917954985,0.5493765227261382,0.5445117404769103,0.5240840307853802,0.5339418812706425,0.5533649947167839,0.49969857521519895,0.5110937356089876,0.45242957654597044,0.6315332297211009,0.4661406769143837,0.46697914931161405,0.5185633589537361,0.44604191306068947,0.47340640878086887,0.5421188376503415,0.5774790340401678,0.4897657344592989,0.4838206132550551,0.5010291280683874,0.5282110343283516,0.5890389294927053,0.5700455307736166,0.47830097080619494,0.4670395105765978,0.5120385239696935,0.5273801223328447,0.497738814244769,0.4812707629564522,0.6238839964064826,0.5712818923574033,0.49967744604008846,0.46139288481527535,0.5571950208783348,0.5206489833156974,0.5386456435817017,0.5183482715727752,0.47260195306464176,0.5376362850656332,0.5057454884352904,0.551737252265427,0.5395985053838145,0.5570628119957022,0.5527118476879862,0.5660916642816141,0.5993875258443271,0.45431977178302213,0.5033653975125507,0.48006632519218534,0.4524902885482822,0.5124282859319432,0.5415020960001937,0.5132101293660805,0.5407081474652461,0.673949978266476,0.5255616624009576,0.4952504367752976,0.4993895499536233,0.6091814464572708,0.6061285382623046,0.5109167825978504,0.53187398881949,0.48890148159219504,0.507757141844361,0.42451208920799816,0.5033457952064853,0.5130426924837714,0.529366460131328,0.5705934841979421,0.5036344258128076,0.6612428223619092,0.5573639795541824,0.5327422874395805,0.6371537233414875,0.5359012062972808,0.5188222692792864,0.5260416841074677,0.5044822575167904,0.5004267021108232,0.5100606743354529,0.5577000313736101,0.48159815120233623,0.571660349702988,0.4260598592236492,0.6031992151045895,0.473845542244199,0.5717277624470815,0.49949196043709826,0.565182773214086,0.5246575392572226,0.554202295813221,0.5619354838945012,0.5712183133397903,0.5291704157298395,0.5434822021862606,0.5306926931266618,0.4890980986289296,0.5459192260148779,0.5534876267002173,0.5039698199655437,0.5356478781857978,0.5385134535982308,0.48386844726302364,0.5193011993838575,0.5151132612536437,0.4543469697343838,0.5601256006105708,0.47926079587590564,0.5453895351635069,0.43200334461110645,0.5394584159543907,0.5002155533957927,0.532167823709827,0.5412436057334253,0.5016682146061534,0.5621707035366301,0.52152463898955,0.5248369818169946,0.48323458598243674,0.5112255196784875,0.41996249994128143,0.49586946474855415,0.45154498140149707,0.455826629194152,0.5692379228096847,0.4945318045737481,0.5130445352610732,0.5797132519703526,0.4919121984930049,0.5464271694760997,0.5297653503667334,0.5076583587516523,0.5325944973081962,0.5802505016369647,0.41291070684961534,0.5147310047218709,0.5162952284591438,0.5266851388064429,0.5099430160641735,0.6268093468170114,0.5919961799515961,0.48397239024621125,0.570356227613786,0.430620476354406,0.4905959951362827,0.5187993009115933,0.508600226345994,0.501212536008184,0.49270883537190097
0.5501517786401223,0.4705266425063773,0.39721275075397006,0.4169625252303383,0.4135783445216635,0.46664286107420627,0.4454828934606838,0.4942721889281841,0.0,0.41668015593551094,0.42530984651219117,0.44924357288444733,0.43675110036723497,0.4428170694165375,0.4234203743761273,0.4214525710978082,0.41937877741985213,0.47575353384031105,0.45865405939531784,0.4714481592842491,0.45317131095026875,0.4559700426904263,0.402691677246012,0.375770497062676,0.48318823917959464,0.37286734376179,0.38218666913695665,0.39647516487993206,0.3605419213291681,0.5022826582312964,0.549338275017647,0.4765981743937035,0.3996026509895682,0.38073770322308287,0.49822461712522215,0.4423597902242776,0.48283369063368264,0.4889168794151207,0.44052608487677947,0.369826560525844,0.40793766954915267,0.5622978702269398,0.4342685514851105,0.4454653765435814,0.42894611796846405,0.42579247810916565,0.4447960240336851,0.401700755107169,0.45698634664564003,0.4798234014554687,0.47266298541782964,0.4292025853103017,0.45819270683903035,0.42948916812666527,0.41148079220539796,0.5526093421887207,0.4790147750032546,0.4772726558466243,0.4588690846117287,0.44997274432649975,0.4384671542958967,0.440648322192682,0.43688064566040746,0.43357809764180755,0.4849452153508215,0.4355164975780439,0.44489790066952856,0.48407965933570163,0.44197128172981354,0.5306160134523081,0.5208676198407558,0.45597622930115417,0.48431777573963786,0.44812482139392745,0.4759597772812224,0.4687661041735575,0.4234290410494912,0.41240067338352354,0.39626222670393796,0.39701610827111816,0.4370893054505313,0.5961603363611875,0.49337976911525416,0.41766633828815575,0.45833772791292027,0.490069125651252,0.518512233911199,0.5240882464763695,0.46433073195653385,0.5077741198783235,0.4978773093885723,0.5729371331158294,0.44643652802698863,0.4541225541572743,0.5014803294910017,0.48265898144769137,0.46398962017749357,0.455279149413063,0.47559892508274865,0.4353172601169013,0.4379241584384666,0.4474129625425677,0.4510191140653435,0.4318971140210343,0.4986980220984754,0.4116760408914459,0.4141767427855304,0.420408807958967,0.4029230604798081,0.43170740321808615,0.4507314280736685,0.4726573342937443,0.4850785469803779,0.4995602424882311,0.40702566803801576,0.4242160218189103,0.4529989184573706,0.432965958520164,0.39170757810822804,0.4949494644105008,0.4482921542064987,0.48114187489379745,0.4280508223548379,0.46646235945614684,0.5206209976503967,0.40145872892046197,0.4682330808143066,0.4251935978780657,0.38585067024945285,0.42207555562256793,0.5608066575540224,0.4650464356608428,0.46045466069770186,0.5572982301285355,0.4486301452097395,0.4377264882707506,0.4197184920882354,0.3926876289582696,0.35251838366182736,0.5175669151552441,0.41627725926492015,0.4843847777321849,0.5595374986231635,0.5024789448488803,0.4632259331215201,0.4796783931575007,0.5560679065120184,0.41376105860443957,0.4400582165003246,0.3679837386439701,0.503286990826042,0.479645456288872,0.4728864668895706,0.3956579436489464,0.4568761436067746,0.5172241800472887,0.40245935046703607,0.43377138731752085,0.3918694761968763,0.4426821284525386,0.3957681134316677,0.5376249419366012,0.48358252545260366,0.5058625205967179
0.4470957370502694,0.6042054015550555,0.5817445563998225,0.4837817427646713,0.38843997131550856,0.5052035899457789,0.48277697050087826,0.5813899756403654,0.41668015593551094,0.0,0.49809821900773965,0.5236771255598434,0.5404150918782231,0.44510840260664053,0.43887814129371533,0.5115279580102383,0.48533744100372556,0.46747681978488137,0.46741372327934533,0.44190737931374063,0.4867485329019315,0.5147015947564928,0.456821171044187,0.43492640512081127,0.5658627466562139,0.4071945122512152,0.4423204792801835,0.4557086491279128,0.5308288862798982,0.4291132200300656,0.4653916139033326,0.5140182682695086,0.46787618022609656,0.4088517159482299,0.4269518107860768,0.46434718180543316,0.5122904203086132,0.4703793682896226,0.4570966376574515,0.4419151888251448,0.46668294299949953,0.4674536838206033,0.435155150801367,0.4419789716714942,0.5034147273114827,0.4669734592782234,0.43905333030299,0.4520589612210861,0.4998970862640433,0.43781789467449866,0.4649919673362847,0.4299144028534164,0.42574713907236295,0.5220836947031158,0.5048121471729616,0.46801253257289854,0.4439665580680676,0.4903375405056155,0.5082935439018529,0.4663486614923256,0.5460891647478757,0.39131035592687075,0.4301282151451646,0.4228435290593482,0.3962633487222307,0.4275591214244692,0.4732454157882293,0.4733493517473459,0.4870868109088125,0.54327202981835,0.44385624966532417,0.4260340706276345,0.4152502764285582,0.5287488094625424,0.515080345390795,0.4395061764639204,0.49346576433290373,0.4789695913927038,0.41384349620922345,0.3926794072521042,0.46556051658376096,0.4265560835992848,0.5068011400121485,0.48143912943701384,0.4139009453376668,0.5009446893179746,0.45839037352198286,0.4462112135895031,0.497874879033252,0.45457026017280205,0.440536348847917,0.4428013630376154,0.4798831018661759,0.4238291924547159,0.44085857642738524,0.5646851085826434,0.4204204604817654,0.46297717762395557,0.3678710296944944,0.48079399245992743,0.43454291297445996,0.5006017015175825,0.41504391027598675,0.5541715473321596,0.42468063805689926,0.4532626460704185,0.4803439776353463,0.4984299584162938,0.48031326647919137,0.5271432771145609,0.47776642835305216,0.4047611581088507,0.4607827885882252,0.4744624370005606,0.4190564630259399,0.4535660955680333,0.4521037362253119,0.4933302577242365,0.49776779956513645,0.42818713702211725,0.40202599908607034,0.4527997164074525,0.4004069296079164,0.490047733308673,0.38198318181929936,0.5823379405905031,0.4154136760330062,0.47977756988239206,0.5083983293108594,0.4569348856987253,0.48026387458698233,0.4632368752347739,0.44276948778266545,0.40717333968684144,0.47308628477126147,0.39157124041488384,0.4431936145861734,0.4110758157061634,0.4366360196081928,0.48436915227788957,0.4843545371751636,0.46467523408927175,0.4797267977083082,0.44099152002675945,0.49019905848059814,0.42298052708048367,0.44625320283791775,0.5384694227465355,0.5509726556985819,0.37802444505752136,0.42106712985343225,0.48891147930894924,0.4679030017967434,0.5225886903083224,0.5400268143613499,0.501374149769585,0.46869535879822777,0.5229248974620804,0.40969981231521446,0.4305929978863933,0.5087398430196814,0.4286296757843282,0.4386018649052032,0.4265816350386813
0.5214608215258945,0.5360428611779582,0.5612556062247941,0.5331748584881594,0.5048855051085934,0.47178517633676453,0.5316852598986985,0.5053855409593544,0.42530984651219117,0.49809821900773965,0.0,0.518914260155608,0.5744771603419261,0.48720002901122045,0.4765007925605142,0.6026547938194524,0.5705627049821713,0.533511766431996,0.4871639782836776,0.4945667388210042,0.5595492430708483,0.5988656365720163,0.49926735716864684,0.5098716134257789,0.5332244121880839,0.4920121807137384,0.46090510224925935,0.49656779730220724,0.5219179553152838,0.45623200619402837,0.4655260957174479,0.5077884966044135,0.48500153695334985,0.4248067035622556,0.5052693462693286,0.5101026957143943,0.5920861208454183,0.555365817575791,0.522033190726912,0.5020146168248829,0.5210585481696437,0.48074784056385456,0.4963319286214045,0.5461553836059277,0.5063450379354403,0.4742988020024019,0.4433017888149571,0.5876058776491397,0.6032999922719832,0.5164101668055462,0.538801805297627,0.49215373974977145,0.43669210712239015,0.5860049216240495,0.581186952834642,0.4280474838739325,0.5230844125892913,0.548522162059222,0.532636613753631,0.5047414006103083,0.5254658459802277,0.39826020104721804,0.4922717573571473,0.4739977714970018,0.4300691022172447,0.44388723780310213,0.495054478454147,0.49899296451858755,0.5508970486098044,0.5598924809751141,0.5003317756125588,0.48023412935687354,0.4694166592642282,0.6015457481834561,0.5258949494825603,0.4324243259272416,0.576864025713781,0.5533697349776647,0.43934580259649575,0.42848759005294973,0.45476861167388166,0.45780222135785803,0.4973443519769887,0.5012705383817262,0.4554891167565986,0.5250531255766738,0.4780403185082,0.47493147450035195,0.4544704597692568,0.4346473607596844,0.563325203659324,0.4306712149450408,0.5808313404533296,0.46580021006259076,0.4952099511685494,0.5140960382988596,0.4151703359776674,0.43557899847719933,0.40441913299145943,0.46671985661419807,0.47983639094826064,0.49846254035132354,0.43842774912551324,0.4715560509371196,0.46172471414165533,0.4750538826099329,0.4753459776022676,0.49142753742396356,0.49478071822812825,0.5469591490571636,0.5611534675736676,0.4764892019589241,0.48380868256052567,0.48583483970141356,0.467629915891929,0.5038609686278731,0.4414480310265809,0.5509211591787034,0.5514543840202868,0.44548949744202865,0.5357747395876068,0.45772593231288305,0.45102065192133894,0.5303119156853632,0.4303675546022641,0.5482342882972522,0.4264565659716492,0.4995252938905934,0.5053737905982633,0.5030603486587703,0.4303597682616996,0.49523735737357305,0.49940361223586477,0.4707090662390678,0.5416843689989264,0.4425436950557971,0.4629079906871467,0.4869375532516706,0.47366087327274653,0.5095921907356619,0.4744515314334102,0.5016527835477332,0.49074652497800575,0.4660825833034908,0.5748148160906338,0.45715206069360775,0.4856197346740228,0.46948569221705727,0.49804070650513155,0.39261494991682816,0.4831258575094071,0.47465578367957706,0.617475565542094,0.4707658236606538,0.5228445414596373,0.5187861067034916,0.5542622412197781,0.5118305671612969,0.46749626757230045,0.4904655547710131,0.4519587158779028,0.46304321764737605,0.42230081586173657,0.5836347892756119
0.497822068005849,0.531569217315306,0.52109545966848,0.4452411085117821,0.4603745423600645,0.5215120670071685,0.49780913445053127,0.5523897765103624,0.44924357288444733,0.5236771255598434,0.518914260155608,0.0,0.49321948076980976,0.4071905399837819,0.443448961412924,0.5661646397091248,0.5063062279349658,0.4545328467415832,0.5684589346182304,0.5043966716636346,0.5813619459402477,0.4898848650505238,0.48690960887576024,0.4709452377621945,0.6258553046114633,0.4420004691325923,0.3956185162838085,0.4435510254029908,0.44792275294884704,0.5141235075921962,0.5470723055913043,0.5625191121200831,0.4279352562170023,0.4884294483331391,0.4719402987481025,0.5050372997981208,0.5598181029378512,0.4937677074694916,0.5390857223611312,0.4160690694531032,0.47214218596773416,0.5141109259094648,0.5183940930673478,0.5292844171253315,0.525142361502119,0.48000281180809923,0.5142871737831942,0.5280782654239021,0.5499491265711001,0.49346058682535116,0.510781627994167,0.48563475087016167,0.4055950187723517,0.5172780084098898,0.5208580785936278,0.49073398461424383,0.5015575014305585,0.6049993132783884,0.4668769602639013,0.4793829554787212,0.47056372140918873,0.40760397475374677,0.46362486524479934,0.4557702133829846,0.423639558934325,0.441003056737546,0.4431894887856651,0.47977038451021276,0.45460634876018974,0.5206274611449719,0.4838668476964176,0.4372661488730476,0.43200658805019887,0.5161864420304451,0.48583215516585526,0.44800004282335043,0.5014501418108949,0.5144703437968092,0.44673023801923767,0.41861739686405525,0.45589651697305683,0.4687784611849902,0.520657756371369,0.4497174131552605,0.46040533841854336,0.5274231656248655,0.49837785625205,0.4635676520514031,0.4818807552783734,0.47262952234697103,0.4966250987359004,0.49405594731236113,0.5140891112278552,0.4511987093510624,0.4370259819594517,0.5725791640091314,0.42964107708583915,0.5330314641856642,0.40605940020967585,0.4585743246094339,0.4377001284486764,0.5397203858274024,0.462565782030117,0.5709605058936711,0.4535101119082778,0.49897926024643807,0.49668855547130825,0.5129581356409797,0.4619621671166959,0.6019069948171631,0.6054942237198352,0.4668693800070482,0.4553526452732562,0.45996644422955074,0.42802890737509014,0.45760641794712237,0.47500366248549414,0.5773590588919463,0.5070668797678954,0.4232300129718048,0.46185448477590957,0.45142225206942416,0.4636563162400755,0.5256464827184211,0.4100366784340898,0.5441323488527378,0.4279292586130796,0.5411184776188313,0.5179151686687663,0.43453208789969666,0.4796017442710695,0.49459947072801713,0.43065819068310046,0.44608487008351266,0.5305838059104695,0.41115485643427097,0.5324093305557861,0.42473351356608524,0.4189332837949313,0.5566398682702078,0.41419846065164334,0.5037319021525118,0.4890294422251133,0.4572249146187568,0.5537257016810139,0.5253690836863459,0.5385966805175818,0.4600217172068266,0.5993121781526588,0.4041463457681777,0.4895666177986536,0.4585090399330519,0.5144944262935276,0.48300255479447135,0.6227030855542564,0.5118951523720852,0.4417853998911555,0.5432578015734684,0.3808633059942383,0.4497660862737311,0.4175989562382899,0.4640237262297718,0.4421202705898582,0.4864094973991324
