0,1,2,3,4,5,6,7,8,9,10,11,12,13,14,15,16,17,18,19,20,21,22,23,24,25,26,27,28,29,30,31,32,33,34,35,36,37,38,39,40,41,42,43,44,45,46,47,48,49,50,51,52,53,54,55,56,57,58,59,60,61,62,63,64,65,66,67,68,69,70,71,72,73,74,75,76,77,78,79,80,81,82,83,84,85,86,87,88,89,90,91,92,93,94,95,96,97,98,99,100,101,102,103,104,105,106,107,108,109,110,111,112,113,114,115,116,117,118,119,120,121,122,123,124,125,126,127,128,129,130,131,132,133,134,135,136,137,138,139,140,141,142,143,144,145,146,147,148,149,150,151,152,153,154,155,156,157,158,159,160,161,162,163
0.0,0.5529786994102895,0.530921049988428,0.5053903406804956,0.586546611909845,0.5951207971649217,0.6316353091026997,0.6240419821698787,0.49517851688934833,0.49953252687877026,0.5176662783329531,0.5060328071315837,0.7514315575181115,0.4639695279585667,0.6540340526998802,0.5987061138996533,0.5669410486935038,0.6955595184811632,0.5812882556025091,0.6625592676972865,0.5752333539225897,0.5661448832389234,0.6454562156831368,0.6227143987239505,0.629229547775395,0.5245220793713391,0.639603448113221,0.60910236630229,0.4208475102581214,0.4679411520415581,0.6447235152441732,0.5977604459324897,0.5832103019120441,0.5639826392014493,0.5891985578172132,0.4366664495515531,0.7316041478262862,0.4984380747198226,0.5032363711343605,0.6947376667319514,0.5102805032770152,0.5556647191792756,0.527709724812748,0.49196752543706623,0.6649475108473021,0.7772222503781084,0.5719219323370905,0.4716145500540946,0.6710306965285627,0.4892085882640512,0.5114386745908098,0.5818175001384935,0.43213377002746584,0.47204924625989453,0.4037282865865083,0.46086983731349024,0.5431984313556758,0.6406692587891021,0.4845413659233547,0.5640112603136013,0.5190633630014393,0.4099278933714391,0.44641980193035535,0.4079847426806642,0.46053309806120174,0.4682521620301322,0.6150229459539598,0.6246056437108366,0.5230011521213778,0.7099709717530132,0.6660588669081954,0.4414053741315466,0.4374215772022751,0.6113509423865777,0.5739766000130535,0.6244856793375291,0.5116633598154491,0.6004966526763368,0.5275330962966764,0.4498254675994896,0.4994083986882053,0.6496321582720448,0.46956247394579614,0.48211440145457196,0.4413607299404194,0.7231347721588406,0.6317870870663089,0.5021621287458807,0.7441522261006127,0.4146759956777047,0.589380747667896,0.63153504567359,0.456842495080154,0.48761034343438253,0.4396467431198378,0.5165675760032054,0.4192290033109582,0.6358172246441299,0.3988255701676553,0.7138066260204208,0.4280343822811536,0.5099597282637508,0.45412677564798826,0.5384466793618217,0.4540795016189817,0.7020464403968579,0.4683774251930627,0.5940838149101195,0.6920192589494434,0.5795358837597935,0.5528105627510532,0.43738134463492045,0.5307345322283014,0.5148055915211625,0.4627456062924827,0.6452799046619195,0.6173627912574532,0.5147959717500737,0.42491862417175846,0.5232934239151876,0.4945935052378587,0.4987881320291767,0.5427355742925697,0.714690625269087,0.4474538977121747,0.5390883671758153,0.46194730593941125,0.5228166971818098,0.4515882985408949,0.5404331750336666,0.44772086164792907,0.5430181708810273,0.47386678112090364,0.503156618471511,0.5223738232303752,0.4247443701736463,0.4989696546916422,0.6172759967147453,0.5702133980049915,0.6483187705549939,0.4569397547075217,0.464873908637079,0.6581200826886537,0.41283661702018815,0.516193770480311,0.6587631290018814,0.5414742269219752,0.5970124895650366,0.5590382618819095,0.3667134208812657,0.5806784187021055,0.45019616997938133,0.5635386625124202,0.4438423046543624,0.6623364131271713,0.7095541866828148,0.7099398526272365,0.596367986138263,0.45956787030965096,0.4291322245963909,0.5048936442251075,0.5529328185884299,0.5083037792467312,0.6482814135284676
0.5529786994102895,0.0,0.609001479662894,0.4183530265364175,0.5041200816723655,0.7218060372638588,0.6072904559339997,0.7408660896066224,0.5603773118922185,0.6665715373665477,0.44874409477197136,0.6541005790091101,0.6165709708759912,0.4023497080550416,0.6214521335383395,0.5174435405851586,0.4458186720545041,0.4761548717782084,0.4841129910679117,0.5017601631322169,0.45870113434811,0.645814434431055,0.5251590371632205,0.5770618711558766,0.6213551976748231,0.4005614116355165,0.6285352549751205,0.4588362655567971,0.4325082874759013,0.541669948963059,0.7465454180754425,0.5249244894236892,0.5229045093682616,0.46696569871052485,0.46569216911522415,0.38945706795488644,0.6160354165192266,0.4066316401935098,0.4700412551989777,0.49701985539373883,0.4236439935815394,0.6094227721730688,0.4114290525249753,0.4136672682243415,0.6049676560692645,0.5117672617932778,0.588034525000612,0.4134766657481053,0.504281317697472,0.3967683458242415,0.41005457692925673,0.43212761771600167,0.36730910507706216,0.4236033787586617,0.3690212219010434,0.5474840630732988,0.4118112255780973,0.580915778755925,0.3990290039179798,0.45885604400094626,0.4555085308855903,0.3584531684642778,0.3618902018974983,0.3566917644372215,0.36973901012694277,0.3682134621728474,0.49142883718029784,0.5813792055739889,0.42008866096046593,0.570927376061841,0.4973940057386776,0.3656314978365763,0.35638645278655967,0.47498121578025493,0.4755420014689679,0.4690812873780157,0.42980334800671915,0.5576706781455325,0.3959815040109659,0.37068346411952624,0.41204894297665945,0.5037963445552822,0.5760858823083688,0.399215037998917,0.35399321501403735,0.6197662974498126,0.49897461550850075,0.40271240359177407,0.5713779330009235,0.48647441855988455,0.44490155091496586,0.6097823921325133,0.3998307990119417,0.38520620236212844,0.36386625824773083,0.7378558659408596,0.3704014896409891,0.5803442773533793,0.3458366557422729,0.5276869542467791,0.37833439330513696,0.43095411833625136,0.3629928745405374,0.557570123428309,0.3724447674840666,0.524263311226974,0.3871065062735683,0.5510243517107009,0.5122618235103179,0.6574329318401271,0.4561879717868429,0.3533546214673773,0.4260324186790232,0.4295625567160687,0.3675849661687183,0.5733320550719097,0.4594306667579287,0.4787405088664292,0.36751430742022456,0.4441696191035759,0.3961360942196824,0.40768069604970425,0.41380378728685396,0.5638409752605013,0.37274186379713603,0.5548601679604784,0.3878422374020916,0.671465560302314,0.4071084009275313,0.43190200296098835,0.5489658573588819,0.449921074791351,0.38916165185697277,0.4202352866805831,0.45401073511286777,0.35838733229259445,0.5329499571648515,0.46606167592654935,0.47522314782288766,0.5085784189464001,0.39808677745216353,0.42127540982228334,0.5351091329755219,0.36473376895900883,0.4344375241545387,0.5193311339163839,0.6609025493505271,0.5382029431467533,0.5833777901604633,0.3395323131847804,0.4336414753344557,0.39031072866954414,0.4587833490244282,0.558306792644923,0.5629281288262007,0.5925742065061342,0.5981669286016361,0.6484549945564385,0.3853314542416772,0.3544528829710343,0.4140262581201206,0.4306030471499446,0.41251162387400686,0.46905328617123404
0.530921049988428,0.609001479662894,0.0,0.4456115457656627,0.5705809176212088,0.6352774174661427,0.5748556242986255,0.5919334159001793,0.44149344186481115,0.6741632557918201,0.5265573140216708,0.5996587488436242,0.604357430491368,0.40487042965909065,0.6094229197721871,0.5975838183517508,0.5001281883742632,0.5055783703749334,0.5552511313648779,0.5225518337954721,0.5356743076256513,0.703560972014142,0.5228971064843302,0.6027321866816474,0.6476147329763975,0.43360999262169764,0.5330028185617093,0.4885200293711398,0.4894437386764699,0.4595578539903446,0.5840992591300206,0.5646572451218304,0.522072283708542,0.4667240712991564,0.472270577733926,0.4152489855481231,0.6055415961792446,0.4350777681941946,0.5256337081941439,0.5299813750659041,0.4636538598263732,0.5272046918989347,0.4744438146667014,0.46093581914200954,0.5635862879744401,0.5206385260491118,0.5164104697816068,0.4893331347297121,0.5544277921078387,0.4294156567870708,0.4475136334927375,0.46162582005752323,0.383074643706577,0.47447600767958553,0.40959031462947376,0.4316045649750852,0.4453439774931056,0.640368419644641,0.44027324034429083,0.46135071148207996,0.4917008988168583,0.3626271502312605,0.39941490128604423,0.37989392231595975,0.397467717360442,0.3979329443689864,0.4898296214616836,0.5596831504637331,0.4755220866511385,0.5934261834429222,0.5103170037889666,0.3819231796684323,0.3761851190399416,0.527397927892233,0.511852539708753,0.46652237679008274,0.47611461701734764,0.5870970855024821,0.42330509125268956,0.3935845076191092,0.4564862849484855,0.4954976006450616,0.4786295306413628,0.42483835033633344,0.3788049333819422,0.5512515236282515,0.5203532022172995,0.42302735519931817,0.5201892712802026,0.39320507771931523,0.4748343538037257,0.5132755001802465,0.4421577881808526,0.4051471972999627,0.38410992930172044,0.5957736682043455,0.39071738797653865,0.5365014825207819,0.3499919119521323,0.4954054890079805,0.39081540732900305,0.4947743725043702,0.39014356610021594,0.6215496442181492,0.38961760469741274,0.5250119297436583,0.43029984534221577,0.5450448101358772,0.5406365787336326,0.6494847840827633,0.5162384743634626,0.3776378104155346,0.4430872432136946,0.448442850616749,0.3851929732249643,0.49697954486248624,0.4806085910820534,0.6011681621243711,0.41991867361764396,0.42211257523547857,0.42434273277008644,0.42197138015650615,0.43511585395103153,0.5713124793757649,0.3853895567318696,0.6371132956636405,0.39212228331695503,0.5301827596918641,0.45174394787471595,0.46455424581136384,0.4334725938658889,0.5047665634893822,0.39835203356306254,0.41891327836931014,0.5289449646360221,0.38944561191669497,0.48163584826299405,0.486578712226921,0.5372651748980045,0.5494118075077693,0.4271926052898717,0.4423612324591021,0.5074687581004873,0.39132077942333227,0.48063683133257706,0.49412352498630113,0.5306596091134025,0.5745850117539248,0.649967949097516,0.3526464663037781,0.4561189004306669,0.41950741268841757,0.5153347006424963,0.48184261083321095,0.6298044185408942,0.5743825764595304,0.5910163380763016,0.5746229999367709,0.39952121275229285,0.3748622872910479,0.45660214085611783,0.43995985354674505,0.4360745322577849,0.4935677962547817
0.5053903406804956,0.4183530265364175,0.4456115457656627,0.0,0.5253327434704439,0.47030261252071703,0.49262170502751235,0.4270456924877845,0.35905334319705307,0.4064300341305321,0.6459152813717493,0.3883119403726743,0.4977273325423538,0.5758492229132364,0.4895577898709195,0.5214321284347514,0.587207645899778,0.5672188167828707,0.5869919359923441,0.49797952923555006,0.627777915525084,0.46455058932050375,0.4436303030536518,0.4309793243897032,0.4579876319018656,0.5811463813585942,0.4456679777358708,0.5469987851837282,0.4928896338006187,0.33631459648066014,0.45768880135820944,0.5655340668158039,0.6362099113557871,0.45004061775756216,0.6230613472890135,0.5727233883894529,0.49796824846802706,0.6242887752185412,0.611935325561078,0.6018317179399981,0.6792671770256008,0.3958679142104958,0.5804723744243259,0.7033111063835683,0.45534861956785255,0.5093708610613145,0.38153819290818325,0.5940226715152376,0.5840876877182107,0.6113038598456223,0.7142941358281534,0.5967890915697934,0.5542837886609608,0.6844057401024638,0.5578368492524399,0.3378473366627419,0.6265391631702384,0.5365454940215808,0.6472145334563616,0.5700162517989351,0.6648183401840196,0.4950767222208952,0.5871798079366024,0.5043803708040323,0.5963135403351149,0.5712052517295529,0.6191533872067112,0.4495980393990514,0.59606483300448,0.5383584974898594,0.5917067780781179,0.5615440848678769,0.6106569741676104,0.660307847758318,0.622500783309719,0.564872200451078,0.6577298654311445,0.5238105415983394,0.5346846832142313,0.5733343376258043,0.642186715489361,0.5883673678051864,0.3472584148038971,0.573917563865871,0.5906278632592944,0.4522710803796661,0.6424923306883347,0.653465540996275,0.49033181119357544,0.3139224794427745,0.6844057474471417,0.5084159939684472,0.6127253091957676,0.5929094947064311,0.6375389280873349,0.4079595908459019,0.5566515286825101,0.4529504766989852,0.5065243156994296,0.5437950628458177,0.5636773737716416,0.6349225905494713,0.6534983180416198,0.45239119826464885,0.5972586751293052,0.4540175386496621,0.589930728967331,0.4145132592916425,0.5705124576627039,0.41310501571815594,0.6943591019082087,0.5885094110714915,0.7253754859436896,0.6545885054819484,0.5467894231477184,0.4128038823604716,0.5783404996388524,0.5121808942394271,0.5805462821940217,0.5653249436432165,0.6039246749731708,0.7100445204041568,0.5457523492207011,0.5478879644676196,0.6177999634968954,0.5260184126576666,0.5774312993643359,0.38826029313130195,0.5250588427942198,0.6324741790214028,0.3276487387514687,0.6299053206272525,0.5990267492302039,0.653517633671961,0.6082836898087092,0.555088027414291,0.34629815693933363,0.6275502732717411,0.4905997178223119,0.6127758726322932,0.6531706130479564,0.5615793351429649,0.5834470137061271,0.6017376892158829,0.6557208422865527,0.4425563750456387,0.39075874439203395,0.5416236937714002,0.43500171006682203,0.42102322407558573,0.6906132290861988,0.6237785797740437,0.6278524717251709,0.32972229897988237,0.5240869479283365,0.5006381937719873,0.47819764876223075,0.4130465119480294,0.723626083463921,0.591972499098151,0.6159061577071656,0.6705504283488299,0.6598853680645183,0.6164612969131441
0.586546611909845,0.5041200816723655,0.5705809176212088,0.5253327434704439,0.0,0.5748576533169764,0.6381715234526991,0.5130728637385018,0.4313187732347898,0.4834930576119987,0.5901345801089896,0.4869215923444407,0.6037274799104116,0.4540707159958016,0.6140126772080149,0.6107276759170406,0.5526748081120934,0.569328802230636,0.5522115734051123,0.5216430604931551,0.6141404965711058,0.6017772919640503,0.5240296920469006,0.5734634361849188,0.55176675252798,0.5360921310788788,0.5236903430808236,0.5107790614390297,0.45876025881266497,0.430520865549942,0.5442291698232348,0.5770691805161919,0.5798028978007415,0.4731946517962754,0.5260441135661625,0.44686845506398104,0.6521142207596793,0.492909906643759,0.5694094389966022,0.6326357605892228,0.520375280818287,0.5107782084099994,0.5300976939857018,0.5438810363473745,0.5235181258365027,0.5614933994423129,0.4933076646397203,0.5387179859953245,0.6195088175833766,0.4858570789715721,0.5384861297923466,0.5478131756715865,0.42606830779212196,0.5161808800358301,0.435678438100644,0.4118489347727359,0.518838340977748,0.6726433811514496,0.4828246380381355,0.510233180773324,0.5238706507144392,0.40963075001463695,0.45542837390421675,0.40649665934058454,0.45777531827079987,0.4491901375567002,0.5815641899436003,0.6086718295282499,0.5082645701061227,0.6140544293472899,0.6407217154216557,0.42987461807398125,0.4352631120673792,0.6196107934695452,0.5408331628900312,0.5183364317888347,0.5765597931908542,0.7362275334561423,0.46937562976880487,0.4824457900341163,0.5209935724748738,0.5970554778678622,0.44545315255201173,0.46064955615023817,0.43974777230786993,0.5401506313484713,0.599920754219686,0.48847386749615124,0.5275613527092282,0.37769718448587475,0.6172195785691642,0.5483481499114786,0.48882156095625007,0.46281217236156136,0.45343760384810383,0.5067869435833846,0.4227478416132977,0.5096173883310797,0.39965624089498497,0.5414915080850911,0.4364148293918977,0.5416355263824014,0.453881956291817,0.5024802949594933,0.4400923885407111,0.5487330118842608,0.47035012891632794,0.4931980084891086,0.6016466665763163,0.5450794341085834,0.6052899417233506,0.44256635110081155,0.5256765623247324,0.5162218495165409,0.4354695361155828,0.5126218801218241,0.514801406664766,0.5462462602912783,0.45209537744112266,0.488878327042491,0.5240217078724927,0.5016339497141993,0.4907564071313626,0.6962523879237525,0.45041192592694934,0.5667569414940742,0.4556230681940098,0.49251463296104986,0.4510767218139101,0.5299922388644085,0.3942492568416143,0.5918966106075346,0.46553209783700794,0.5042469165244505,0.5431960009295584,0.44136042787493746,0.42938430004676187,0.5748210577739779,0.5094022004721277,0.6258395019920775,0.4621921064378347,0.4852233750971079,0.5856521154143999,0.43666271275663693,0.555519002159259,0.5181908454720127,0.5106175616134521,0.6060947560534805,0.5040687679424586,0.3679726720021767,0.5380538846235996,0.458449553479308,0.567015912764191,0.41690694577973597,0.6153211693231546,0.608693642930502,0.6115461752824874,0.5542368371562645,0.46533841873657866,0.4449248161057702,0.4969829058629564,0.5154167256252883,0.51784423236738,0.6586182686239641
0.5951207971649217,0.7218060372638588,0.6352774174661427,0.47030261252071703,0.5748576533169764,0.0,0.6435436118098884,0.657555442644609,0.500381957762473,0.6029889623314524,0.5056359238999115,0.5907424548876049,0.675067826541523,0.44434433193169004,0.6532108458899855,0.5833478163311382,0.5012273157048189,0.5192659551870925,0.538247462736921,0.5315369963781981,0.5187927590596112,0.658266217596599,0.5245053201977431,0.5743568540474087,0.6158761604284627,0.44628636178913883,0.5939727849280122,0.4963825248988547,0.4758391366246506,0.4884730895054456,0.7151060900270308,0.6026728712430981,0.6128092046300238,0.48649407652454635,0.5181175835490182,0.43228673831064324,0.6639552353950956,0.4526186236822009,0.5294983395773369,0.5546219800838819,0.4814222510517842,0.5621356399227572,0.457201494688214,0.47247419018498554,0.6049306553384349,0.5565253819660956,0.5734341008284768,0.465889217825621,0.5540360263022629,0.44305540632204976,0.46486356393170714,0.4919978466537573,0.4073168035574159,0.47958697121553423,0.40868904964419256,0.48668430551997705,0.4593434420695414,0.6751047628795955,0.43814214419489517,0.5126960549134736,0.5118798598986738,0.39731773651943336,0.4056042381276536,0.38733903325905417,0.40777563452909477,0.4060210760935745,0.5385808022563561,0.6056917318657339,0.4611403133676763,0.6130661329623817,0.5648266036545466,0.40159918941897454,0.39184735206084015,0.5380028775755052,0.5390703288311326,0.5226334275662365,0.4834423896230529,0.6460104276447621,0.43371526617151024,0.4189172421894968,0.46900139323242795,0.5544463533680231,0.5163594520690946,0.444065733157057,0.39034428249165204,0.6224255607573053,0.5573520671604952,0.44639306753281166,0.6088712235611075,0.43260960404795845,0.5069774888940227,0.6574865641690547,0.45070123976234194,0.4284510025049648,0.40187885463426753,0.6589654912741825,0.40873660575037707,0.5887993448723191,0.3788228675988107,0.580765556617291,0.4168168319576713,0.47775793053519766,0.40009359145591566,0.5648485211925081,0.41282135719342705,0.556979243799899,0.4305856957664106,0.534668850431882,0.5811424076130155,0.615434404988592,0.5177578738398226,0.38867464553927056,0.48078165288444064,0.4735528704394117,0.40745594167427285,0.5697156107023444,0.5119062444826247,0.5144975875446497,0.4092527713316112,0.4909527437004544,0.44394509679557637,0.45747086901429473,0.45422896042199135,0.6528948058758405,0.4113670063366921,0.6343525652361584,0.43128862245439986,0.6158363654611038,0.4486078757606443,0.48163523709687356,0.4755980529349711,0.5144819944377933,0.42827955926421224,0.4688717207037363,0.49781313291963,0.39731134962719666,0.4921511860494555,0.5233329028209909,0.49445316376339643,0.5683677635903107,0.44363345532267684,0.471768512113489,0.5942604348970051,0.40176567165348115,0.4879972434562458,0.5271713295909926,0.602327185726156,0.6161182892871648,0.57748267551384,0.36687867339974356,0.4804585743044117,0.4362418725985388,0.506512253850979,0.4831131535235035,0.6121469703231761,0.612394540400058,0.6130363813780155,0.629033992762946,0.4281638943063469,0.39477374324684916,0.4618018342967326,0.48300255526010055,0.45414880880193015,0.5233432880134604
0.6316353091026997,0.6072904559339997,0.5748556242986255,0.49262170502751235,0.6381715234526991,0.6435436118098884,0.0,0.6193273739026758,0.5298657389045233,0.5581269042636331,0.5083309191092196,0.5523915342933312,0.6378055185297032,0.4308386857976676,0.7596854455034906,0.5398384682498301,0.4851139210823446,0.5557284286450588,0.524293225763529,0.512355892148064,0.5238792178643011,0.683779188006229,0.5683019809455382,0.614637158950568,0.6275372602293119,0.4593852322988387,0.6299920789261393,0.4932402760625641,0.4300059014787746,0.49654161429502214,0.673143795681318,0.5467447507191874,0.588683109924839,0.47227929017784837,0.506170838781442,0.4087196227716095,0.7263677876438634,0.4436802686971314,0.5118006948583301,0.5857682573153685,0.463629894449826,0.632707776110533,0.4613580743466752,0.4692195777303853,0.5673336962697012,0.5546039362469047,0.5393460025819355,0.45570236476885567,0.5904909252865099,0.4327150006302195,0.4738650118249553,0.4845121458683178,0.3975784477716761,0.46611299604297696,0.39370583155241223,0.49134914365520627,0.4627156053275757,0.6397872502283382,0.4475398429100662,0.4816868000954432,0.49460279540597746,0.37912687316876026,0.4006724149562722,0.3726395275453023,0.4187070013055685,0.40747864030372044,0.5855521208368887,0.7143407597205056,0.4632454550220635,0.6833738632836638,0.599855930471306,0.39572328981723187,0.3988446813490266,0.5547712568804406,0.5047731636141055,0.5124235704831704,0.4996751660772576,0.6578687835533409,0.42896926366571275,0.41849865967455363,0.4611440477847567,0.6300908348128214,0.5282138082449046,0.42124308842263053,0.39505087023312996,0.5988009187995263,0.5834562034053408,0.456217380415302,0.5747873443622434,0.4428361411724223,0.5360831651914457,0.6565842411315734,0.43348820217479594,0.42319235790755066,0.4151371556942652,0.619740537034109,0.39289362432756264,0.5590467452458204,0.3716729080276968,0.5664091666296339,0.4056104813752355,0.485224915852965,0.41579556529185463,0.5466291622854642,0.40501134305280684,0.5384520981756976,0.4183108351572774,0.5352597323588374,0.564965242542366,0.6163447013626232,0.5329944877832958,0.3959581697155405,0.48870919129340634,0.4844331554281288,0.3969573577880192,0.5716054210230638,0.4939069414480191,0.5080173721649299,0.3997706718778198,0.48427620958621564,0.44799424374241514,0.46674615114926865,0.448045988632507,0.6988295754942551,0.41735120974028556,0.5510316395835229,0.42347076717995813,0.5506073412922189,0.41368288008531157,0.48172627491358244,0.46486242189475774,0.5050758802916331,0.43240285158152136,0.4763889747703117,0.4941937547735834,0.39521382846559283,0.46758795682057663,0.5267950650232284,0.4944363457903566,0.5924740005626496,0.4423343884841061,0.4422782967739831,0.6294631467219759,0.40067248535923156,0.4864813167623782,0.5605711147322016,0.615246173522804,0.5944657454702055,0.5292972704429589,0.3393552205742841,0.5029947243058619,0.4274707073603472,0.5117886247433812,0.48061807116957767,0.6304432283893072,0.7200944757780953,0.6991251722467229,0.6604356067468604,0.4403323668696411,0.3995561820450277,0.4602156692990437,0.4857464753041303,0.48222297215800863,0.5902197392667612
0.6240419821698787,0.7408660896066224,0.5919334159001793,0.4270456924877845,0.5130728637385018,0.657555442644609,0.6193273739026758,0.0,0.5800966087848546,0.6314153703873232,0.45634768401591036,0.6610389920076157,0.6696422420549804,0.4032234984893223,0.6362597333851959,0.5393326033361703,0.4688713122971064,0.5185380289363178,0.5091555636277229,0.5586652482419926,0.47929077442175255,0.619688808840215,0.6201794376248252,0.6490872552397456,0.7125554357862617,0.4238193971083064,0.7208908150817664,0.5025328453356197,0.4138481006687352,0.5621816358464522,0.7799507970380842,0.5307398293030416,0.5148029561420926,0.5200407735967768,0.48745713537718083,0.3903724205567943,0.6748586298509587,0.4193802788836649,0.4616830997447303,0.5324591927389266,0.4315722209078725,0.6592320658190668,0.433434952961945,0.41883729817523613,0.6991341202551321,0.5675023120489203,0.6313630179673325,0.4177635336203478,0.5453882681019236,0.40716837558755375,0.4186958753560357,0.4562466445116605,0.3681144711793115,0.41982281085363565,0.36602711567455687,0.5563066585945191,0.4319275499964772,0.603301454513834,0.41014228878441195,0.47101315474690547,0.45578298703222747,0.3571579086656973,0.3716084392177702,0.3634678238753491,0.3794843684164494,0.3827848410642536,0.5104409615737375,0.5997945299817126,0.4409594107297284,0.6256574609754814,0.5160018071058918,0.37431849822399554,0.36763453676511887,0.49429887533055594,0.4877429928838189,0.490705360814149,0.4350494993714903,0.5555754649465207,0.42520333431773844,0.3751752998178061,0.4179695196413878,0.5257271307141814,0.5647673940783141,0.4111872065898927,0.36742438931121824,0.7369375967365955,0.5256067853118589,0.41373080674937035,0.6309991756634921,0.491396222165768,0.4641835225198988,0.6130000531025399,0.39889974946654866,0.3970646087612481,0.3702734387705753,0.661369476303118,0.3688901476146904,0.6719479279171171,0.34860842705562295,0.5662779162670767,0.3776796850022369,0.44185281189931647,0.37865486007291627,0.5932709348516688,0.38161392493422785,0.5927702893834152,0.39762892621240065,0.6582523381846985,0.5398871827636286,0.7202431786681193,0.47058642808030315,0.3662285186041719,0.43607216557860945,0.44121044620258876,0.38142377396672567,0.6515298671684477,0.49125117464959933,0.48979833925507654,0.37466558984817555,0.45282801469512496,0.40637238558298594,0.4166691818899935,0.44387751832734357,0.5824810239304696,0.37864697743910053,0.5364337791911353,0.39214618365814014,0.6397696303866318,0.41436256816014416,0.44437008642641146,0.5624771120603184,0.4573004958850174,0.39864261961016906,0.4258319517703961,0.4665225183359207,0.36117182216732174,0.5875652153582405,0.48996601017068053,0.5248954210414986,0.5337167447330508,0.3990999176152893,0.41736046794798015,0.5490762852960164,0.36500553589980406,0.44398180845102037,0.6074077882014819,0.6544232452564285,0.5322783568341329,0.6354702079986875,0.34066216065436217,0.46008535087414426,0.39061091991796776,0.4779572164646232,0.5598760611263625,0.6207513943209696,0.6478322858368507,0.6582530653952581,0.6981551775440121,0.38994585502264534,0.3603463260156425,0.4241063040482096,0.4468897690460434,0.4257779019013993,0.49933543826628624
0.49517851688934833,0.5603773118922185,0.44149344186481115,0.35905334319705307,0.4313187732347898,0.500381957762473,0.5298657389045233,0.5800966087848546,0.0,0.4801012631220678,0.36388452466200777,0.509459249778751,0.4877708105477455,0.34599414280597146,0.5203087206852348,0.405320701837539,0.3681771424450843,0.42005958840845564,0.38784777070405085,0.42007127065488353,0.3794651324495788,0.4974217372398707,0.4763856286836742,0.5034561665352918,0.4924247424749376,0.35265249259724557,0.5581333128138847,0.3874063256112223,0.3334418879075117,0.6278704973022804,0.5670220000233749,0.40761773344453806,0.4191218605108447,0.40295697218214155,0.3903666647207838,0.3223212488658276,0.511048506056812,0.34552954957768756,0.3745330695548983,0.42175624095419156,0.3496750571231821,0.6655783526797941,0.34924423373583924,0.3447018880860013,0.4863289528477762,0.4436047140935142,0.5504787938953897,0.3367886852391997,0.42050493101122294,0.33749374462546344,0.3518521975667527,0.37174804200857303,0.32050904093036936,0.34438315862840807,0.30462419388606027,0.7458403152666537,0.3568423234929162,0.448046642955832,0.3411121173427225,0.38366646672980775,0.3708720758116262,0.31439251544822344,0.3126646097795476,0.3036707975087892,0.32933827131709315,0.32446797424419427,0.4321165481104062,0.5494056599307339,0.3531858839777274,0.4797645245602783,0.43705160200514837,0.31886304415485967,0.31655458020240296,0.396482862035188,0.3840964132755682,0.40544986205360745,0.36423873872227414,0.45111806986832775,0.34648711262041726,0.32687080253668876,0.3485753251942177,0.4601652550868349,0.6639334336554069,0.33546371586989415,0.3135657357022989,0.5311981766464157,0.4217579207211535,0.3518774631893124,0.48179328404931754,0.6715847653342973,0.38756172031373065,0.5198961961603247,0.3298754116982673,0.3364674847775943,0.32467125009158326,0.5522991113342186,0.3165796076551513,0.4833725277874788,0.3073929300558011,0.4512728905969475,0.3239014563321635,0.3588355382367886,0.3216482399678601,0.4331061366674275,0.3237114683258409,0.4574627560212248,0.3263239104582383,0.48167092043710447,0.4215758216804999,0.5346586562119715,0.37655370486302814,0.31372247738810805,0.36884656485767614,0.3709091179153297,0.32121581741337,0.5617438416338917,0.3868703842454164,0.37733151965001926,0.3063684759248249,0.39310708110397874,0.3460100018113711,0.3568850240288229,0.3600336429525785,0.474401598829332,0.33125319414593957,0.40442961477730144,0.3415652402830867,0.5546601846423761,0.32688075484392976,0.36694710386662693,0.6684812393916556,0.374755405789412,0.3446402287878394,0.3721343731113611,0.36820216968364183,0.31217880772864304,0.5077080658565981,0.3940396024567554,0.3921174491329973,0.4238984001223959,0.3363973933837614,0.34730422838068326,0.4658084454673353,0.3139014506223353,0.36128054931589154,0.4875758646604276,0.6767256161985051,0.4336858784176105,0.44124511742241174,0.2879058749686949,0.3793664805472171,0.33016835127652605,0.3802177031862213,0.5807386420638967,0.45171835072190164,0.5269327140155758,0.5210182283332772,0.5917282275554516,0.33660717750544555,0.31336325551231414,0.3511263959435547,0.3744603175318584,0.36783804248451096,0.4219251749189824
0.49953252687877026,0.6665715373665477,0.6741632557918201,0.4064300341305321,0.4834930576119987,0.6029889623314524,0.5581269042636331,0.6314153703873232,0.4801012631220678,0.0,0.45379359230134214,0.6349769556517837,0.5556592858172473,0.3786793730258664,0.5834881174689969,0.5062659864667293,0.4347230992643523,0.46272230010493043,0.488479567503085,0.4785300007954641,0.4547192133336369,0.6429578118673209,0.5094458514778857,0.5514669615502857,0.6483841318521897,0.3851673948241486,0.5544419911139815,0.4466670050276481,0.448501818430713,0.4920721335369296,0.6134483134456499,0.5036096194227767,0.4822866689562701,0.4405932018438811,0.4369570745347722,0.37867760007437035,0.5666789677635452,0.3941442330290547,0.4620091618232534,0.4698019956262832,0.41124245562908884,0.5476831241770286,0.4161531246507395,0.4067781108160328,0.5472497793093536,0.4753266958437678,0.5127735795184825,0.4216451387152002,0.4979337273642837,0.3838558541391475,0.3979620005318478,0.40748095181382293,0.3528626545065522,0.4196032335070597,0.37154828341247564,0.47025936718640227,0.39704958864451767,0.5526052944690609,0.40050213183415295,0.4216910438642394,0.44389097774563074,0.3368020996991209,0.35618130883599436,0.34991817663879476,0.3615996576621179,0.3601504432419874,0.45578895951468146,0.5389601662463466,0.4275831987940914,0.5611286958976534,0.4592114347827025,0.35322232153049876,0.34529648765482346,0.4606072091637506,0.45716672980788886,0.43875034158688897,0.4197757578301402,0.5177021014868416,0.384335866457086,0.3548362173322447,0.40589479143152996,0.4617500223961935,0.5172402502626172,0.38726055278159577,0.34455837213644236,0.5358505198601017,0.47834692226068043,0.39081295360619206,0.5084833211543941,0.4267480708676175,0.4229932387855914,0.5133701016356985,0.39503655877866756,0.3681512339485076,0.3525482095124508,0.6838419219569708,0.3584955609000506,0.5298065962168323,0.32735873169971036,0.4679051525296386,0.3639533849987982,0.43799481027863235,0.35858236004942323,0.6331981203703625,0.3580665896116564,0.47936392838639674,0.3824035958142978,0.541404546032348,0.4811832550658087,0.6315141241931401,0.4497944811679318,0.343796077350242,0.40468179257738385,0.4151818084194045,0.35206430863815663,0.48557208498223264,0.44107603003758844,0.5245750336456217,0.3724286986288873,0.40247015716461254,0.37735433511434074,0.3904043781912925,0.39379129237299015,0.5142795397726692,0.35748961160145926,0.5660076078045729,0.3614435139819962,0.540628530529562,0.40736040971964066,0.42000864671797267,0.4842635071724496,0.4358631669916904,0.3699633344161354,0.38790888121358175,0.4618140267254889,0.3528957056687816,0.49910930614431714,0.4392393125079018,0.48995444202043714,0.49461636783216434,0.3987937779743797,0.40330347652624093,0.4773279797022803,0.35918249282929454,0.42725891130299243,0.481369906653848,0.5460209315263184,0.5193057523981318,0.634456075156589,0.3276263850525188,0.4164976506279275,0.38724900535574275,0.4496731435390679,0.5293747179123216,0.5660632930964227,0.5526863649731439,0.5529973499312718,0.5740213709063284,0.3724833031081801,0.3427108939947529,0.41545071779677323,0.4074863397395663,0.40263222436345664,0.44140569266435215
0.5176662783329531,0.44874409477197136,0.5265573140216708,0.6459152813717493,0.5901345801089896,0.5056359238999115,0.5083309191092196,0.45634768401591036,0.36388452466200777,0.45379359230134214,0.0,0.4295038301978332,0.5449427513892318,0.5347987561105124,0.5119334406135396,0.6476866137438374,0.6805428324845895,0.5760555970922484,0.6733117356545653,0.549558165410847,0.7565823871808927,0.5141875031182334,0.4779137351071928,0.4746942769323556,0.5092824492230389,0.5957169838982184,0.4695256397288955,0.5849274803977969,0.5775989767018804,0.35619350400046546,0.4830099966018091,0.6546239146109133,0.5996824076816905,0.48450858010048226,0.6135853774268213,0.5862348147775209,0.5424016919831645,0.6331257205415615,0.7381315772390898,0.6364888387510499,0.6851365367026839,0.414252803644693,0.6604178108200898,0.7285621247043025,0.496787031911449,0.5364529214568378,0.4074380662746215,0.781082511863262,0.6605507869413572,0.6163858296279456,0.6614799393541541,0.5903563080757402,0.5000269427799975,0.7107300241176403,0.5940380554342526,0.3469720925551496,0.6233193877358053,0.6195516391013577,0.6321374647196074,0.5775663566833593,0.676298716152576,0.4652794719869057,0.5642375463380894,0.5205921741407707,0.5375756187089805,0.5418663570518618,0.5917696337266117,0.46938224782077154,0.6643607426101183,0.5710311446510417,0.584532103265319,0.5301431650813435,0.5365034142317532,0.71458351198181,0.6700642874032894,0.5496860932148558,0.7133341784310518,0.5890913139281315,0.543579140680588,0.544845394649259,0.6348834815065703,0.5466884581675958,0.3642790628369715,0.582593302454883,0.5445012976815105,0.47963854522623883,0.6590880710183314,0.5901207301814674,0.5059177044665926,0.32164537079032385,0.6557847154286343,0.4982476431052723,0.6569588817158389,0.5517522936623714,0.5418448170033345,0.43739293481991504,0.5233425959164394,0.4805589667832667,0.465313907626947,0.5357570650241402,0.5387652088494465,0.7543335532274668,0.5658090544739827,0.5024046323021036,0.5441226702142747,0.4936289701907399,0.6235613722507507,0.45332428641141165,0.6126198659711887,0.4593008248569191,0.7969080844362335,0.5464022640821499,0.6183335062872753,0.6319075729429872,0.5168895276405076,0.4282134115870942,0.5873113922967351,0.6646653749352021,0.6201604756008521,0.5164304331228686,0.6068128029248793,0.5919672357149381,0.5618937869333742,0.5727552785775384,0.5364163182497333,0.6274896423041544,0.5205938431507178,0.42010738285240695,0.59828954968365,0.6407436631324477,0.341118072032482,0.7065505522988411,0.5499551636364842,0.5581026052464706,0.761311104763439,0.5323542345233208,0.37534473018829534,0.639982345736788,0.5698070164298957,0.6719077250461203,0.5732747958997515,0.5970759234524604,0.5561584790989001,0.5598375704764887,0.7572658171811782,0.462278071330986,0.41008847387671343,0.5827024236065971,0.5034373058144985,0.4417757595746084,0.6353071511165449,0.5781402711157316,0.730157137729904,0.3538406633994771,0.5880639027621551,0.52398176860059,0.5143658602431035,0.44040166688342863,0.5638460353737282,0.5340267211829012,0.605328834400629,0.5988114097963363,0.599087335330381,0.6077863568641837
0.5060328071315837,0.6541005790091101,0.5996587488436242,0.3883119403726743,0.4869215923444407,0.5907424548876049,0.5523915342933312,0.6610389920076157,0.509459249778751,0.6349769556517837,0.4295038301978332,0.0,0.546880800720671,0.3588201889289055,0.542653126379196,0.4992479870893578,0.4261167426247256,0.4392623953501113,0.4670745413784653,0.4799024293528889,0.4393230400371977,0.5737916011910245,0.5604525134391711,0.6207090708984027,0.6410464780667386,0.38897397993837834,0.5790935386525636,0.44616450448658374,0.40228889626178277,0.5694603066846234,0.6108741494893432,0.4704987160071854,0.45568491216533513,0.4837339797716306,0.42754235113541667,0.3622308396276391,0.5690839093907762,0.3770442701534125,0.43004979962860307,0.4629132303446643,0.39330030778758,0.6058745657865576,0.39590565029646113,0.38973901348317763,0.5839020827224847,0.4724912543166716,0.5751423009954723,0.3986111682042023,0.4821292024683284,0.3669980141204789,0.37801198675459613,0.4106341256396901,0.32885603676604214,0.3906355934192454,0.3465644355752872,0.523688150963477,0.38429929120053724,0.5609076759201215,0.3678210498819879,0.41109486886014296,0.4063131193149932,0.3229170671517813,0.34061886350072784,0.33655736877614373,0.3386665407485619,0.3420013081373603,0.435897710406229,0.5153208629814168,0.3961684581574854,0.5222693090750683,0.4404478335542633,0.33679174229224873,0.33317115441270845,0.4376243301419537,0.4285192402939305,0.4141691025215388,0.39681268865800956,0.5156203898126253,0.38023599665492264,0.34235357448817955,0.37604340820487264,0.44523011363755394,0.5522888173207297,0.3703033445185412,0.33444691555814127,0.5791659247655787,0.45559773151640315,0.3653664969509784,0.5009945422578003,0.47545197421778074,0.41542354252473923,0.5097438994926611,0.3687777654571729,0.3530434784310729,0.33376009107190074,0.6656163864506128,0.3336017552112136,0.5893747990028322,0.31804369477212807,0.467705204130925,0.3436311272731328,0.40238742302020714,0.3461302896233237,0.5854729807063437,0.34284579540313803,0.5113775125034995,0.36248187547191674,0.6146836320732144,0.4616759126252386,0.7284722670790349,0.43817603840614083,0.3346928382828041,0.38531732173088723,0.3911669918356014,0.34332403391699345,0.557039669609606,0.4261881008483103,0.4665433848981983,0.35661323787626215,0.3965049268463636,0.3685287408454511,0.37086147354122145,0.40027018405491993,0.4994158022305039,0.33931188775410936,0.5072585492395224,0.3501139696322221,0.6181407562929707,0.39300219566486977,0.39063649532731803,0.5382496692086279,0.41169172239142743,0.3542247591429464,0.3787327854326199,0.4287561361692757,0.3276441638784923,0.5832885613107577,0.43134405284702093,0.4822662514486651,0.46211420542466963,0.3614313832238,0.3821936245848169,0.45894878758858926,0.3355337840267768,0.40608020146208995,0.5356278788726212,0.607205068996755,0.4606995679557302,0.6111703310586697,0.3228998752015856,0.40586461907164856,0.35326802776023136,0.431395706256327,0.586641418491826,0.5637527219439282,0.5257253044766543,0.5509494494040206,0.6515372599222524,0.35200453990034164,0.32875905587282406,0.37618077294955166,0.3912400931578214,0.3760346587783774,0.44106403620323026
