0,1,2,3,4,5,6,7,8,9,10,11,12,13,14,15,16,17,18,19,20,21,22,23,24,25,26,27,28,29,30,31,32,33,34,35,36,37,38,39,40,41,42,43,44,45,46,47,48,49,50,51,52,53,54,55,56,57,58,59,60,61,62,63,64,65,66,67,68,69,70,71,72,73,74,75,76,77,78,79,80,81,82,83,84,85,86,87,88,89,90,91,92,93,94,95,96,97,98,99,100,101,102,103,104,105,106,107,108,109,110,111,112,113,114,115,116,117,118,119,120,121,122,123,124,125,126,127,128,129,130,131,132,133,134,135,136,137,138,139,140,141,142,143,144,145,146,147,148,149,150,151,152,153,154,155,156,157,158,159,160,161,162,163
0.0,0.8564022059105276,0.7989238622014089,0.7893799829163561,0.8054819488671939,0.8645619595317695,0.9091329472197215,0.8120989312145321,0.8474251039217608,0.7154331750480569,0.8503538846055649,0.8476328090838613,0.8978493817173295,0.7766359626809405,0.9256749486332487,0.8018649682515638,0.8404713064617461,0.965083500909047,0.8210761025114213,0.8616120020536144,0.8497216650026341,0.8800201341223597,0.8755986225715365,0.9073576918917465,0.837952412318011,0.8135203024312706,0.7267978174678911,0.8152800989035243,0.7201859483295999,0.8331640762087764,0.8612072279055165,0.8408240374380346,0.8525949953178638,0.8795315716907013,0.8515558578485576,0.7763545062961094,0.9063607555552233,0.866919067134256,0.815705108280461,0.9106676423587152,0.8395728932895398,0.9182955542875874,0.8426056074374417,0.8598562851803477,0.8711307373885335,0.9106816525933232,0.840701494911814,0.8195878338500938,0.916308946698456,0.8468790709448542,0.8708567109854266,0.8672358403800002,0.789303740825794,0.823476672167908,0.7628769572422192,0.8909288561448786,0.8888145445775145,0.8392343206092413,0.7489651285643526,0.8598720655419958,0.7796135058902526,0.7739078071560763,0.837761658706141,0.6611493251882181,0.8309588640583713,0.8274794062204334,0.8754044430351033,0.8697019812322069,0.7594579155892601,0.8762356621287298,0.9282743423781026,0.7447447970609722,0.7572318068416312,0.8765263820670064,0.8190068023797185,0.8805444588338893,0.808512734090049,0.7930434331872672,0.9190951431672231,0.7421783372139586,0.8207973914607894,0.903675834645011,0.867824134960917,0.8046836842284625,0.8515493787176337,0.9333873292454673,0.8821108105262777,0.7837055375185035,0.8204050443811458,0.8703531312659071,0.8641964052741512,0.8328527372220086,0.810354966224525,0.861842917479548,0.8640020991676671,0.8305015594039041,0.6951584950139532,0.8217029386530195,0.7486035600700024,0.8528333607146644,0.7541147628948873,0.7771158034521884,0.7178925283673562,0.7160426872071564,0.8209400088449006,0.8496904196388647,0.7626534535666947,0.8483861187709143,0.8808376683834953,0.8900490082746784,0.874547916775507,0.8594488427761638,0.8758097395259968,0.7177177521602199,0.8862984181466717,0.9009789238240509,0.8732267354326778,0.7595872317872782,0.7909693173823468,0.7449222539807943,0.8131064327804745,0.7675871420371777,0.9274081665390445,0.890058845623603,0.7908842281086695,0.7954868844824191,0.7700806637882583,0.8515071243178857,0.7556654156237278,0.8490353212123458,0.7922754050455442,0.7970503686336965,0.7593496207391696,0.867195598348517,0.8039494794430314,0.8248100885358474,0.8724625201684849,0.9128409256098173,0.7854964427384531,0.868548818478908,0.710121360384783,0.8004895948051272,0.8840952527027902,0.730965201512498,0.8444549404941694,0.8950401508549105,0.913571868544429,0.7886383176450317,0.7652923908634782,0.6560362226257205,0.8874097226748808,0.7635533819515946,0.8110176862588235,0.8193921578765853,0.8515674186468044,0.9368065789032642,0.9119822538766938,0.8557043733757931,0.7606940337175258,0.8083688949542982,0.7735969460163721,0.8763189760692228,0.8848878379317616,0.9248433216381233
0.8564022059105276,0.0,0.8861812968267008,0.8110234001209491,0.7301509409030592,0.9131142359757873,0.8574226162687569,0.9638595142774888,0.8038745609715899,0.8992811973203141,0.8730711313958827,0.9522411781505062,0.8886714502621751,0.7783427926708029,0.9025265907650224,0.8165394381653065,0.8474452195977121,0.8618516079779818,0.9299702642457214,0.8915536355407961,0.8536656269023162,0.9348638108108921,0.8782668098891673,0.8722225883021874,0.9476583123628645,0.7048966083834368,0.7991577011059559,0.8954328274876516,0.8586588733012592,0.7883281960932529,0.9208262344895656,0.9035857717242872,0.8785532529260821,0.9203647959577674,0.8256587480754707,0.8839155722501029,0.8438281178032674,0.8775730695385056,0.8891214875079978,0.8523600551549484,0.8696024881243192,0.8947343386440668,0.7974667250195812,0.8150439939431768,0.9642028965620231,0.850551388952894,0.7702067356123502,0.8111428669870587,0.8962721121214776,0.8183497312545848,0.8086692929893241,0.7838398768456594,0.7902102640409606,0.9021285599058562,0.8640412479945394,0.8564278824349665,0.8175458192583923,0.8644915479722893,0.8169160307171446,0.8719048531795296,0.9071744731042055,0.7064379640578858,0.7796426154447988,0.7468567861332246,0.7468159661547492,0.7660823306537183,0.842226162411615,0.7693086457748846,0.8154629215711695,0.9356373008399361,0.7983557700860399,0.6994774554853043,0.7052136819529832,0.869655090898576,0.9377616542457018,0.7898717809912467,0.7902460311781793,0.7536568781056722,0.841961766881291,0.6513805550316214,0.8086263243933693,0.8281593977779573,0.8320150741292613,0.8708373375943311,0.7706270837610779,0.9493571011850391,0.8936708527626753,0.728199504053656,0.8692521260020615,0.8407279061008998,0.7571812950762747,0.8510969493209467,0.8366195168905449,0.7839226517666936,0.7771640885330702,0.9012301978975256,0.7819144471726203,0.9062112309306118,0.6633672676325809,0.8460125142792351,0.7757846594621061,0.8767547870396072,0.6838335291878908,0.8505334339189329,0.798114285675925,0.7880510351440566,0.8303725923656121,0.9461261012494061,0.8520926550275716,0.9162625722207116,0.8779345846758444,0.7460145894235441,0.8154800395393423,0.863940219042684,0.7751914923566536,0.818376345935552,0.909707342193792,0.8520549710140279,0.8450326240849121,0.7059291495988009,0.706769020938149,0.749903043287455,0.8329781007132614,0.8202783487911917,0.6940738467972009,0.8978053593116768,0.7297936162897083,0.8609697159735588,0.9131165492849893,0.8087456409047974,0.8617483127665316,0.7965329244725495,0.6845276575972715,0.7943753682661576,0.902653445538735,0.7454523857615947,0.8447810538979165,0.8193506531642212,0.9236298388804,0.9028013997673873,0.7631791785040296,0.8475575546400942,0.8770447356650646,0.8399663083161978,0.849162669575168,0.7936667290688174,0.8729004360239335,0.828730163307994,0.9331281365491476,0.7902630206963528,0.8192758059880382,0.8526070700327048,0.8676274073845317,0.8659868534349576,0.9276519741827863,0.9169690923038204,0.8724247607683385,0.8280475618898682,0.7232059525384051,0.6984413656805145,0.8368030368944999,0.7885320374089718,0.9618970164687769,0.7846263361070543
0.7989238622014089,0.8861812968267008,0.0,0.7329344691098869,0.8726317460164119,0.9428677524875866,0.868681892196234,0.813757156866724,0.6552486475364075,0.8448569742979921,0.9544933104160256,0.9401644846614755,0.9301129027973862,0.6735978698156981,0.8653678337140995,0.9685633057957163,0.9561794165087665,0.8071043060997712,0.8440795432918721,0.7714260288567698,0.9460878561369269,0.9611849669980558,0.8110020132697141,0.9221418849765639,0.8559665117785358,0.8310567817620385,0.6777895803107605,0.7634391385047481,0.8969166220460445,0.8713339267514686,0.7670439943477955,0.9597267737973258,0.8140366748936098,0.8062777860709305,0.6791924226010676,0.835047396578619,0.8906260014741104,0.8826823602118677,0.9197899447146861,0.8986847926979078,0.8811592021222578,0.8915231353495192,0.9125294456792977,0.8802581948996835,0.8307609292074013,0.8766399224964474,0.8830624111234392,0.9289103099100077,0.8891534832816714,0.8543124038925582,0.8863517424587277,0.8492140787635976,0.7393385078234339,0.8946643809340736,0.8946720062062056,0.7938392920998694,0.8461029959276055,0.9519476111999982,0.7190339371453747,0.8341115100354252,0.8182947315288246,0.8037188220007006,0.8774171898739477,0.6813955471140608,0.7154404798968824,0.7683461783707476,0.7364798927069808,0.8734557044609012,0.8204155998309055,0.8378313106035208,0.8610856545205029,0.6258066884669219,0.6273058992434217,0.9339255231252054,0.8928945081810643,0.700249291524956,0.9318423757774663,0.9017585125289195,0.8306906238113646,0.7912558589467211,0.926784171371814,0.7325040147633421,0.9053752625214578,0.8447896013716154,0.7787247726244954,0.8552558880853048,0.7958790133754521,0.6605964741080272,0.7317245456687047,0.7410491572701204,0.8463606423314285,0.6928461417417001,0.9281050374364107,0.7558220498079847,0.7370234455018375,0.8661197309264327,0.6972988093378043,0.758802928634416,0.6088553419963997,0.7235167691487118,0.7009986052029408,0.9467959058857582,0.6194076838120294,0.7500961058603723,0.6977219610959124,0.9016436562253446,0.9104449974023594,0.8654763769705947,0.9265964249293518,0.9553513350375303,0.9032760468357891,0.7581842769460521,0.7668289381183895,0.7461468809091019,0.780368926115196,0.8493490690345067,0.7839991264926053,0.8994549408122952,0.9010014649113496,0.6036203065151291,0.8228072147270775,0.711061368299977,0.8027786838955631,0.9079222508387825,0.5994704085346801,0.9349036657371246,0.7304905402794399,0.9407339173065515,0.8889018671062824,0.8372807966106813,0.750339340826427,0.9403661515479916,0.6304623855072609,0.6934927307451728,0.834058505439384,0.8063386135379629,0.8882369438012697,0.8131098942984197,0.8134770278641008,0.8993526790946337,0.6576722315919851,0.9325625808527257,0.7558982318771688,0.7644869727225303,0.9302498448797382,0.7386718216345052,0.8999508311406788,0.9571908509536489,0.8676736667650565,0.8433855207127849,0.6874726135350602,0.7794202792217475,0.8396074518172013,0.9299391868183909,0.9111731157523514,0.8286483990712216,0.8728699820959249,0.9158335163063697,0.6151327561814474,0.8045004748484934,0.8637913314659218,0.675517744907163,0.8574380995635641,0.8260916411748798
0.7893799829163561,0.8110234001209491,0.7329344691098869,0.0,0.6857142990484331,0.8259680019097781,0.8351966918180805,0.7863168696283711,0.6791100996762539,0.7096890244138018,0.7866155086053193,0.8161032235648418,0.7394049693079028,0.7163735698627978,0.8139945826234587,0.6870671220637592,0.7679137099944532,0.7725315577329045,0.8813896747822764,0.705696838272981,0.7887962233588771,0.771166291534889,0.8000987394416118,0.7699380668634571,0.7948610978463915,0.7125819692093537,0.6710926253688965,0.8630865322238243,0.7234056290370048,0.6615613543842324,0.7759371028708676,0.7455126223098866,0.9515202357845947,0.8767501755257219,0.8119601352818439,0.8311198638040158,0.7264292473518824,0.7530888717792121,0.7536411105517897,0.804142179079137,0.8751379823696773,0.779025199745519,0.7132206485929015,0.8148880593979865,0.7842530083779168,0.7414074362043861,0.678165199555103,0.727571748877658,0.7877189103127671,0.7443185949434425,0.815869923291753,0.8309342710258146,0.7809862799016863,0.8847292084784051,0.7906842413643539,0.7240199519046573,0.7682869074209413,0.7967925665901879,0.7417438040637008,0.7686401336752506,0.8105160551265637,0.6694225782379468,0.8044489661181847,0.6333469948468636,0.7293512920608377,0.7311767120446755,0.7706774966071557,0.676200033304101,0.6844811670839345,0.8127945349735388,0.7354242095603942,0.6410534299756793,0.7952052744157628,0.8068543242390399,0.8126985020945184,0.7056987679252786,0.7123339973267334,0.6867145390744641,0.821032363620902,0.6323478941724608,0.7568040171405593,0.8462923202682013,0.6958457212501914,0.7800998791134941,0.848103139766537,0.7944556266267889,0.8002690181007861,0.706356030817897,0.7464169985541234,0.6837464847860295,0.7806742496150308,0.8638018448421384,0.7535082610196175,0.7626855358036458,0.8524590939314154,0.7796687099502368,0.7140758869623939,0.8752918663252989,0.6903088460468869,0.855531735213119,0.675005541089397,0.7183649400793757,0.8749821444077194,0.7985249282862728,0.8421075681349073,0.6860830131642205,0.7431760974464459,0.7941606792896401,0.7568389890142283,0.7553610210335535,0.8813541040986264,0.7914847273026104,0.8607751669230626,0.701295361135977,0.8353909864983398,0.7700344561518896,0.8859021020165223,0.663039019444004,0.8710654638700506,0.7803726769870597,0.6520503116543402,0.8797452007490502,0.8040842252238274,0.7599273008581642,0.6852281529015039,0.7729208833240312,0.7604148364834045,0.697868351593033,0.8278759464224651,0.6783739005232134,0.6677511214711178,0.7016665750396106,0.611948431595652,0.8583521571764549,0.7444562313969529,0.6596041051015412,0.665844717895499,0.7871967620630396,0.7340702780053983,0.7417326411923022,0.8385972378236496,0.6921402165165969,0.8533710160767929,0.7993600558119967,0.7305487949296321,0.7814467352343897,0.752400330462425,0.6940230021529509,0.7175140572054958,0.6457281165244486,0.8578038300687406,0.8319920050692577,0.7606474913382202,0.6747799211315433,0.8615281477521901,0.734841279879995,0.7315215146049212,0.7543125044186073,0.8623371130269113,0.7374244691655535,0.76095778485009,0.8137394535057183,0.7865944535419243,0.7718497827145022
0.8054819488671939,0.7301509409030592,0.8726317460164119,0.6857142990484331,0.0,0.8413342051115426,0.8837285370249826,0.6583472972492701,0.6225347780891974,0.6627627836921276,0.8935839072605949,0.8285094387077886,0.8416816495625967,0.6041379146831429,0.8517479366146,0.92729681286713,0.8994129654127759,0.7906890920348283,0.7242723009784264,0.668109293858342,0.906365629146706,0.8588488661614949,0.7690728850737313,0.9103840692005271,0.7190978018731896,0.9559656934722952,0.595354769448054,0.6353795525573965,0.7576813570068505,0.9149894265034667,0.6897005208271157,0.8312487028721627,0.7725943143997018,0.7112770349725177,0.6406301539963689,0.7307334317068147,0.8837053474808417,0.8358051412944597,0.8454818513861077,0.8951494929134384,0.8537573055213549,0.8359670982335985,0.9472119027728384,0.9142084877377197,0.6969780849885836,0.860897719408917,0.952026398959518,0.916759192964916,0.8464864497511112,0.840114957765522,0.9169964305857105,0.8989614391749652,0.6889487918266639,0.7915251229517165,0.7861939872619197,0.7468455287544854,0.8492995536907392,0.9197604781703457,0.6057190682068869,0.7684184945137525,0.6510540837827458,0.8561089717770016,0.9078964018258775,0.5882384985763256,0.7195923053406845,0.725490959310551,0.6563295018842733,0.9352693887455895,0.7132519385655958,0.728163126696319,0.9263405983607848,0.6160697716665385,0.5817446614747466,0.8709709847484038,0.7297460988572922,0.6747604202187115,0.9117810003334978,0.9734947311132742,0.846806566097023,0.9061189967086832,0.898383428461887,0.7213233448715436,0.9176337988680936,0.7242480383621736,0.7862456724949851,0.7768395184568335,0.6952038028798545,0.6426449089279965,0.6314173814164299,0.6975598515506369,0.9580560914297223,0.6428327378393756,0.9026145133318891,0.736950751640361,0.7319952668327872,0.7829266407971748,0.5898161708453789,0.6549923199488838,0.6450626147325553,0.6467715550702027,0.6496177265586826,0.7948931188385003,0.6224536812787326,0.6426457682339654,0.6554733577046105,0.9299422442587827,0.7923748818427413,0.7280294869883761,0.9208187783647923,0.8608577127596027,0.8576240528050685,0.8274555001010755,0.7062527946475337,0.5991471548455973,0.8273066485785417,0.8699667818890299,0.6856566268773386,0.7864568569200348,0.8077222082751543,0.5895547371842236,0.9563279997014914,0.7169624456001422,0.7736924443795513,0.9538819149763764,0.6035629016614682,0.8249128772928214,0.7040818689364535,0.910425739180348,0.7244817742315971,0.833738150270849,0.6494974762994509,0.9052953106811084,0.6043619761023332,0.6939669380895748,0.7014528875382758,0.852674204322145,0.877204670945528,0.8680738642557925,0.6676117360597122,0.8575712951529904,0.5955429913421839,0.8412922308229922,0.6929531962398414,0.6505233969827572,0.8978110907826349,0.7510386021886533,0.909706083267503,0.8998120847378537,0.6956266116099754,0.7023915908463153,0.6659080220702461,0.6918958363543672,0.7481949289450976,0.8493212298746612,0.8187397290666333,0.7508592679258713,0.8116202425961824,0.9170660790594599,0.6041169352898383,0.8896550891146106,0.7514150823342683,0.6681789745190311,0.753075822955232,0.9132797207008383
0.8645619595317695,0.9131142359757873,0.9428677524875866,0.8259680019097781,0.8413342051115426,0.0,0.9049072910840227,0.8545164357721015,0.7052374839556651,0.8251155608666891,0.9437877797150087,0.9555468931930746,0.9395507288564299,0.6963037580068564,0.8822327983429471,0.9158917335096988,0.9432165890456089,0.8314308311621752,0.890166176023496,0.7807799506341446,0.9395082346822402,0.9336542416364971,0.8419398709985729,0.9255224877618428,0.8921742086177615,0.8395683705048449,0.6870275717473834,0.8338454688185802,0.8564705063887276,0.8594619094475413,0.8082462328207162,0.9367651164885107,0.8939106179379113,0.8851714784508173,0.7365964207619672,0.8319517231612221,0.9089634847985625,0.8726747568233434,0.8814590357925605,0.9112896740322889,0.9089438830980859,0.9343360147313576,0.8695560987096269,0.90937239984461,0.8538126805805829,0.8834497834401587,0.8657961983916497,0.9033371851585318,0.8917844755708177,0.8244341439026339,0.9008837800824554,0.9090516782410832,0.7622710692110637,0.917668626213579,0.8680203687819067,0.8633892179107947,0.8600760168945383,0.9621981339068267,0.7095560875587508,0.8346011551247375,0.8543421807473607,0.7908296875306242,0.9037611246922476,0.6435811763919633,0.7252622099281747,0.7888145772815979,0.7856351265476028,0.8658879905960353,0.7675598373050355,0.8922255347669248,0.8765220455233981,0.6278122458945571,0.6900611778378659,0.9356623372306692,0.9168016603027354,0.763545741044616,0.887237431898318,0.8732582449407964,0.8883188225786202,0.8022556611585878,0.9485997395673399,0.7961795757405734,0.9052657908345857,0.8939916928580893,0.8352066353413508,0.9067394684913712,0.8754327146189772,0.6681119807696251,0.7943295467555955,0.7922493040437039,0.8680646337641783,0.7701933111198578,0.8836661386830132,0.8006529566431846,0.7861373602859995,0.8984025712746859,0.7052021311730065,0.8485775898927712,0.6384740444122194,0.8054506078222835,0.7077100730382496,0.878599383201596,0.686059574487181,0.7853698676326625,0.7493060965121273,0.8863721193642856,0.8734718915285814,0.9163591550466653,0.9080828247726547,0.9585076081218094,0.9465788853387087,0.7788658582227506,0.864656019736214,0.7581265507357514,0.8459537405001286,0.904640932366048,0.8843033247174706,0.8162403450144541,0.9360419229852648,0.6925037035744999,0.7884668538691254,0.797488289914763,0.8811173754691208,0.9303320122685018,0.6480134517138967,0.9262635081992516,0.7608757982387179,0.9056471070281292,0.8971365772066846,0.7920260162758257,0.7876405711127622,0.9059302700576757,0.674367304449037,0.779573217900448,0.819643302317038,0.7752967093665901,0.8785003255538445,0.8307834543157406,0.786202917805397,0.8761776107431487,0.7232233658324448,0.8838954365386974,0.8154222558911494,0.7602569677566575,0.9061318898977779,0.7923680972838328,0.9112814925898438,0.9167340812814411,0.8472375465288181,0.7940679829319093,0.7676366140122899,0.8237272745922652,0.8176392911375387,0.8695006699074674,0.9618278297142314,0.8580273919890778,0.8939887104994141,0.946099911078188,0.692573560175056,0.8343180630206085,0.8732673319442098,0.7737073550534159,0.8929729292606754,0.8692207342685512
0.9091329472197215,0.8574226162687569,0.868681892196234,0.8351966918180805,0.8837285370249826,0.9049072910840227,0.0,0.8003822947973153,0.741169772369518,0.7752018269374794,0.9021964254856164,0.9181358626852792,0.893370691449219,0.7182264487578421,0.9497370015268238,0.8629186846863802,0.8786632472375115,0.9004895386081442,0.8300769761015583,0.7492632285008319,0.8892057862738963,0.8978916257860196,0.9372717414552342,0.9200232436534115,0.8717399266077954,0.8816785886483719,0.7348197612501407,0.7746591141946896,0.8038755231124547,0.8831343908701201,0.8428489965512682,0.8817172850348668,0.9173558479539896,0.8795902872268542,0.7875069187682552,0.8241949841073419,0.9306210498136255,0.8667331969558829,0.8504211116154783,0.9399123010317335,0.9042426302789432,0.9166292939404747,0.9041086143880112,0.9291297472692872,0.8463406166615373,0.8942576785479676,0.9063266896879647,0.8797240814592625,0.9578962565993303,0.8341703752538259,0.9182865479286283,0.8977150469505156,0.7307314235824963,0.8654865751770955,0.8429974557902746,0.861948632944402,0.8424963491435336,0.9306073009167073,0.7213648601439306,0.826363126128696,0.7448323470093982,0.7936594547705831,0.872665779450908,0.6483456346003269,0.7465776464848534,0.7437161215184465,0.7881426413825068,0.9050122426703603,0.7921642557923568,0.8806060518737303,0.9051549838202712,0.686622054004583,0.6786731943486318,0.9040316878176455,0.7999151811763324,0.8008103389714364,0.8594621445918609,0.8952311973270306,0.9008334719758185,0.7757119580079064,0.8638867182244175,0.832172334886899,0.9108513848647447,0.7960647285697233,0.8264990261244426,0.8858864754093423,0.8334259608342122,0.7655140973735269,0.7920508407860886,0.7964464491700654,0.938467757106567,0.8297307542809288,0.8867262310697219,0.7652181521797973,0.8090926693241427,0.9047642015610502,0.6356850125217752,0.8376684125946524,0.7077451582416412,0.8100708473431522,0.72440044730639,0.8225852587950778,0.7727348958366242,0.7903752969078189,0.7638757748324668,0.8772927695430871,0.7859741924357423,0.8684022110164109,0.9366719837913616,0.9007169976172835,0.929851035362718,0.8489863484951303,0.8239705438654179,0.7065305162811053,0.8717323929661484,0.8965180507833328,0.842674568995834,0.8121933524748203,0.8683913350672453,0.7337645773593354,0.8236810612686946,0.8484390701035218,0.8399348689402409,0.9393299308549327,0.6736820315359618,0.8863290191520088,0.7467288954322521,0.9014195607682411,0.8190594898731932,0.8546649474293675,0.7628782871163671,0.8207962869135417,0.6462722013949136,0.7826781606684622,0.7626364537907786,0.7897797580813536,0.8787853803400718,0.9392460601139043,0.7889986539623526,0.9032243702218862,0.7383460169024324,0.8335320903628579,0.8282843914477895,0.7339535973318881,0.8952747180184444,0.9143708499769057,0.9224730554658325,0.8668981304884272,0.8007844736719947,0.6830926535960408,0.8003674821619278,0.8039137816279069,0.7808495399871461,0.8772828089410518,0.934595750413611,0.8589147300363711,0.8502712247748644,0.928320504316683,0.7507939788045118,0.8561268364798871,0.8395561821373517,0.8032118049555963,0.8973669759680372,0.9000522214620338
0.8120989312145321,0.9638595142774888,0.813757156866724,0.7863168696283711,0.6583472972492701,0.8545164357721015,0.8003822947973153,0.0,0.8386724896511608,0.8919265806868812,0.7827895688991778,0.8969507528049224,0.8356561577841903,0.7523430087460338,0.8354666164062643,0.7435462333579219,0.772567872967808,0.820818381101704,0.8804971458948618,0.8560461035452794,0.7720254763189562,0.8555988497596325,0.8696263708844584,0.7949899095804377,0.9280629624900675,0.6432758649443134,0.8509262289373005,0.9010980984270319,0.7862606166583649,0.7490260927181238,0.9051893988034738,0.8375393945909041,0.8311385800677022,0.9093180357831849,0.793546041814161,0.8150483862746211,0.784175316651207,0.7952831008370278,0.7966965491359197,0.7836834973076062,0.7879564729083941,0.8632105218408305,0.7165739626725911,0.7272967240270248,0.957028937337553,0.8039950624768714,0.7160233260244816,0.7192858170020893,0.8290952768612708,0.7382430495373277,0.7316198940310275,0.7196696509280542,0.73659414625919,0.8227476668199654,0.7794374805596515,0.8632112395801046,0.7444303332875786,0.7990406840834818,0.7857636855888785,0.8187707417677842,0.8740763705327806,0.6479913442158944,0.7039918784968734,0.7066957031750872,0.6878986259714609,0.7130343484477437,0.8281883737553823,0.7119517870319264,0.7778672041782095,0.9317318056999723,0.7280666628550897,0.6562104236072411,0.6880358967755431,0.8009100007005957,0.8934950146817627,0.7694425148865592,0.7178695422998786,0.6865770030710536,0.7856597536644027,0.5912249166106791,0.7308892628246881,0.8003726458952286,0.7808783202300337,0.8185591763808893,0.7114982312158293,0.9241543051912823,0.875780863355611,0.7075536531889897,0.9161403238244106,0.8574322963683011,0.6939225554173042,0.8606913582243978,0.7440251862014299,0.7230743891939344,0.7197410930081154,0.859171431177342,0.7486036786552563,0.9235180502551728,0.6221809464028962,0.8608046168753771,0.7151806047608643,0.8159837594967564,0.6736662009119826,0.8471619961261004,0.7617818253418033,0.7355388678062166,0.7653801038348881,0.9461058729646307,0.7815550846314507,0.8449401709981973,0.8002765920054346,0.6767601774212406,0.7782653618119704,0.8884508007220169,0.7133477489579833,0.7812031763306121,0.8923134827553347,0.7804617490938127,0.7717403168710828,0.7275442989643606,0.6299564739740161,0.7412320830198874,0.7715799571651084,0.7500672956611762,0.650441499968779,0.8258475497591548,0.7014201609343668,0.8006210751778293,0.8516313572235445,0.7341167478534585,0.9120498416051807,0.7239434491430061,0.6631629450057016,0.7518403279160734,0.8303952020522389,0.6550357902831466,0.7898014285353603,0.7461224030911259,0.8951512163464649,0.836006595481712,0.7471790219107018,0.7636312196963367,0.8614346019093105,0.7879306811560209,0.75734818857065,0.7827729043456898,0.8102663854867004,0.766162034144694,0.9050879480759706,0.7325453226804485,0.787626420542337,0.7982742786570004,0.8051510278440225,0.8259590600518218,0.8798179970666636,0.8837696959105917,0.8142336556457588,0.7772767447815497,0.6986969159569456,0.6374690797764153,0.7879624630142454,0.7557158503235061,0.9417500205265803,0.7148101790891715
0.8474251039217608,0.8038745609715899,0.6552486475364075,0.6791100996762539,0.6225347780891974,0.7052374839556651,0.741169772369518,0.8386724896511608,0.0,0.6911043559070087,0.6607961911756896,0.7428181412290907,0.7306033297726449,0.7223801588271924,0.7913916770960078,0.6322891643184199,0.6513009199273285,0.8314495626578543,0.7277887078106697,0.8309531370128912,0.6622447082793053,0.7391922579692489,0.8150229457801339,0.7285241958826694,0.7799306323823944,0.6056743297668026,0.8167293686839949,0.7593296232798777,0.6142586840513581,0.7225030244293752,0.8710638747338192,0.6864372039908988,0.7206975752246697,0.795438932932446,0.8109342134237717,0.6712151608400672,0.7315395181460247,0.7140072617061108,0.6821853138728585,0.7111267690391755,0.674403711675527,0.8056914782421235,0.6478874204922043,0.6511345003947094,0.8411869539990143,0.753269300758111,0.679017932637516,0.6231222013963383,0.7548505871378715,0.681108533905919,0.6564072072560411,0.6582643537922226,0.6782282165813678,0.6691041112134882,0.620982981849755,0.8623282306509998,0.7014277576563794,0.6770845454827544,0.6936663454201188,0.7432342631520586,0.6935166361063826,0.6005368918303111,0.6207934186958848,0.6372689499342553,0.7008162622748854,0.6625410902886504,0.7999965117278769,0.6868973655403827,0.6700995008205793,0.8186881997569232,0.7190942999050177,0.6855683704356851,0.6676511936597365,0.6853980482504163,0.7145163102875371,0.7894081158449089,0.6183281512879506,0.618642819832354,0.7347397432356003,0.5555468704202976,0.619040507758594,0.8266864967792124,0.7330277815715783,0.6668950648913068,0.6587574788902143,0.8706468480838903,0.7895948908482947,0.7167978597718293,0.8377891005985534,0.9192776001402221,0.6608082731979487,0.8465594227396098,0.634832060938643,0.6959975208149758,0.6969492065958405,0.7423230799961545,0.6560273981377084,0.8070849549671993,0.6724790224905299,0.7947293559753749,0.6761278684457037,0.6484573940732867,0.6401248149839901,0.7008817861230777,0.7237916632527577,0.6796105286627692,0.6146351391078337,0.7987976470086219,0.6968448459524472,0.7337408704971912,0.6837799437156031,0.6745179404488055,0.704991138371971,0.7435136644582471,0.6744120232830702,0.747247289112551,0.7769116145667166,0.6599066989755399,0.6126839806177373,0.7422888937212104,0.6244131592323965,0.669107736849003,0.7385679856477633,0.6895895647943644,0.7303996335626343,0.6625695106897321,0.6496009490320891,0.7174736583989935,0.6452019252411271,0.6987539484213439,0.8828521216104059,0.6229817466050132,0.6839399774561846,0.7755805811119714,0.7178676960400803,0.6411096446966414,0.7528736889176006,0.7368980696655217,0.7605553493004263,0.7612045103426628,0.6559962885424137,0.6459237467197864,0.830255144222877,0.6640163949022254,0.6622988765911682,0.8088821510205788,0.7783905221325306,0.6395027457891693,0.7300461913022487,0.578267678156757,0.8090630677970045,0.665887254788376,0.71574704799519,0.7305682683146391,0.7276481095844798,0.8664317857254653,0.7586634625309464,0.6904926719774174,0.687223824511938,0.5866097229182518,0.6322661435684632,0.7827760246031725,0.8476356873728653,0.719598849232434
0.7154331750480569,0.8992811973203141,0.8448569742979921,0.7096890244138018,0.6627627836921276,0.8251155608666891,0.7752018269374794,0.8919265806868812,0.6911043559070087,0.0,0.7984155047056122,0.8740414257471038,0.8134484883174329,0.7273443100604355,0.7793259603035664,0.7745306309575002,0.7502823150099229,0.7464034325562126,0.8009672454877158,0.7522738542000167,0.735855928626243,0.824562838127086,0.8247299791501019,0.7380496398731267,0.9453527029904379,0.6384673222903232,0.8158946478971495,0.787406502723949,0.9117896556912094,0.7356070490222544,0.8416068355436536,0.8653415155902774,0.7731768670174279,0.804230502056494,0.7244575923410632,0.8134095551198098,0.7908213015757529,0.7945255555600548,0.7814916903254054,0.7299177939278931,0.749794167746422,0.7795487851492944,0.7414436262556676,0.7328793848042794,0.870086947211161,0.7207883234148886,0.7138448166772413,0.7649278366180748,0.8303127896710253,0.6885829599778341,0.6928413994638127,0.6598890985524559,0.6389159081134183,0.7823923206426259,0.8464893824856596,0.7734175448326561,0.6613129394003886,0.7931491673605847,0.7674837596046568,0.7191126763584985,0.8030946880989008,0.633311712938345,0.6750097809782681,0.7387369774705468,0.602376489033337,0.6294106542687022,0.7196727813485525,0.7163395000554699,0.8665111030816648,0.8955591169825354,0.6730099664477004,0.6523805476587499,0.6047626309383828,0.7522651128612305,0.8212467339523968,0.7364760093924682,0.7147601283570073,0.7177534002599335,0.7058077040042273,0.6037466370713047,0.741347470093457,0.654071658759903,0.7640086204474087,0.8335652333715011,0.6325763462889096,0.7988006460546343,0.8313873481446029,0.6954588001917917,0.8345252835225574,0.7211755677181741,0.6694847021953954,0.7554244521274822,0.776142323140177,0.6241927270571712,0.6316101965637013,0.902531239046482,0.6568134935471419,0.8432473491526468,0.5882211361456688,0.7253847178492112,0.745753623999941,0.8452009744441351,0.6503221052729129,0.9023653827758431,0.673832743710226,0.701458584986719,0.7358833847176569,0.9098590353549509,0.7590717249692993,0.8155023063368633,0.7607943233025692,0.6217991867910928,0.7086921363664191,0.8835960804082098,0.6526971856844985,0.6888243288872937,0.8094021369502821,0.8763422566591719,0.7900063794454703,0.6686964327576367,0.6123002569637971,0.7141869335743237,0.6875278370440525,0.722276524174521,0.5975842484271588,0.8966901938073453,0.6107877995842849,0.7842563516903088,0.8978752778848569,0.754851804995913,0.8336416827197664,0.7039449361779754,0.6215714614510915,0.6233679942486392,0.7874587982822805,0.6522557701844863,0.7845452737764605,0.7173960728805149,0.9039295421904494,0.8123770606045153,0.7659049916184028,0.8164525175383154,0.7073377696844635,0.7554843473122841,0.7985167310581911,0.733128987624341,0.7380628459346427,0.800023724270163,0.9789030137157342,0.7812571736429602,0.6725839067998453,0.8337486833414649,0.7157643475408928,0.8264750098353245,0.8653296600549435,0.7987547741921647,0.7418319771689421,0.7599118281107613,0.6617476847889878,0.6362888447661771,0.8724752673808885,0.6975008265051683,0.8921463731325365,0.6480997363563042
0.8503538846055649,0.8730711313958827,0.9544933104160256,0.7866155086053193,0.8935839072605949,0.9437877797150087,0.9021964254856164,0.7827895688991778,0.6607961911756896,0.7984155047056122,0.0,0.9307419839478256,0.9225335669280144,0.7125022061575594,0.9011903429101508,0.9480520008576104,0.9538378447904884,0.8418739564153418,0.86806933532053,0.7865964338059264,0.9553638436735241,0.957234438459561,0.8178114399820646,0.9399753003090868,0.8576135890860385,0.869479271967645,0.662435162670566,0.7826255939350368,0.8986546948081365,0.849330957563534,0.790375031619427,0.9406337020596623,0.863713204012866,0.8257658078129605,0.7461248914571436,0.8638827631402668,0.9197804580429791,0.9345611277387077,0.9419309157808538,0.9226787197275256,0.92549269693531,0.8775997846377099,0.9385554509204336,0.9548189242468583,0.8205676768624527,0.8625455330454689,0.8620256049656143,0.9756535459356331,0.9270253064339707,0.8794570607093324,0.9272580853068649,0.8902567659732277,0.7644132550311994,0.9281503766666853,0.9307285255997808,0.7759173829180174,0.884803740701019,0.9555765207002193,0.7329782549752946,0.8369449459256952,0.8267826945414777,0.8090584241840126,0.9235569623774637,0.6940265773164187,0.7579373598463289,0.7920121507107064,0.761665603454048,0.8789748933201551,0.815047386584649,0.8533703738906292,0.8962447745819316,0.6814295342051326,0.6772989065515672,0.9383051345242004,0.8836938127701613,0.7414377862638378,0.9290868025537171,0.9048928939430602,0.8792157328416481,0.8265328364724925,0.9447409861196805,0.7690129599859649,0.888599972353444,0.8818450089340363,0.8383557984546324,0.8562041671557986,0.8420170016883939,0.6945640939800611,0.7170074589310986,0.7271826332474066,0.8920606941883692,0.7182421742679638,0.9584538357183947,0.8066309806609047,0.8029444904247264,0.8783391211020604,0.7040101339920767,0.7656104005621841,0.6708811045534967,0.7321683013980227,0.7679854519050465,0.9146777389718633,0.6715999196444982,0.7557544605008122,0.7522254733177037,0.8751256250592705,0.8800203000399401,0.8466447009809109,0.9203086909087985,0.9487368713850739,0.951049683951247,0.8344355323931939,0.821509980051051,0.7398883624083351,0.851770547494467,0.8534569985772836,0.8142378988626138,0.8889805931582561,0.9355731256938932,0.6400624481066864,0.8635511267162721,0.7567105242685184,0.8650824804312084,0.931950140805911,0.679705756387261,0.9420652609043946,0.7312935674244391,0.9114488727358042,0.8943847189005282,0.865664796399839,0.7090358459684827,0.9210521700102724,0.6908353544855594,0.7671077251834426,0.85891849641982,0.8656951372803989,0.8804322660694125,0.8804377601007451,0.8115098585186118,0.9091283881483335,0.7113050777983306,0.9365237969588532,0.771394423328953,0.7877899881796641,0.972916159017347,0.7638037470271034,0.9038315452329763,0.9132270662688781,0.8376972388201755,0.8161525955364891,0.7643981341472609,0.8286198642237897,0.8478750858972566,0.85911830955124,0.920459878173279,0.8459913228963236,0.8964653515099014,0.9084530658199935,0.6948744728981664,0.8629252700332231,0.8570426669971415,0.7573804177221805,0.8477861465086584,0.8946492676271786
0.8476328090838613,0.9522411781505062,0.9401644846614755,0.8161032235648418,0.8285094387077886,0.9555468931930746,0.9181358626852792,0.8969507528049224,0.7428181412290907,0.8740414257471038,0.9307419839478256,0.0,0.8968225292085219,0.6972197445912361,0.9271969739120504,0.8902558090852719,0.9005105764101601,0.8390432899345343,0.9206790945023444,0.805290233823254,0.9146239111176493,0.9537578531877441,0.8948094818654916,0.9182698663511847,0.931541520323,0.7872433321320591,0.7433539347925511,0.8251239404898006,0.8876630621012461,0.8677921114201126,0.8798338259903086,0.9270616658240638,0.9016271444849504,0.8953852245845388,0.7679161475739429,0.8770309124983565,0.8890610917158005,0.8899516754738245,0.9272409794479605,0.8860188252040111,0.9193638989929096,0.920046501172288,0.8727359623418826,0.8914239489955921,0.8943443735638124,0.8671729266594449,0.8482902888175989,0.8826824159375024,0.9208342977373202,0.8324440515108474,0.8714492147222044,0.8479785255273375,0.7511446631841191,0.9192917173965989,0.8973035853231366,0.849641349335811,0.8355483306273331,0.9569680769968315,0.7372377988496324,0.8442706766136014,0.8355728423127474,0.7463360518167655,0.8454122658106502,0.6892770771561829,0.7237827894472233,0.7392384916128972,0.7663521681400154,0.8327496447712249,0.7974540893820853,0.9166008303262977,0.8417448742111557,0.6518109951520287,0.6523800469996095,0.9020264271957826,0.9012405957648909,0.7483362328962665,0.8509564903775968,0.8528424041983624,0.8684999389529765,0.7270555518882561,0.8738005693516084,0.8048645144267197,0.8993889709565731,0.8476687425811293,0.7881534036211958,0.921834128848602,0.8574989759455443,0.6952060461482158,0.804419117003151,0.8044891992378447,0.8430506798908425,0.8128858973944808,0.9016802922903051,0.7597765942803214,0.7577923948626839,0.9340080798215763,0.7120602966597342,0.8701838367105484,0.6475485948217373,0.7843292595811081,0.7337837224397985,0.8980925201553042,0.695448232040434,0.8481424193579647,0.7517191552617443,0.8485634727890842,0.8475146052354585,0.9295592298934319,0.9003862407348157,0.943096164273584,0.9307243272789812,0.7761278339563934,0.7886458460888206,0.7943896869229872,0.7980878875152368,0.8586351988041381,0.8668196033401661,0.8758775116148494,0.8923976771784546,0.6800105828591907,0.7709729910152328,0.7914482960692679,0.8196725239187199,0.8972284974424628,0.6463121869843002,0.9492084319929516,0.7190634770702377,0.9179234420006085,0.9123854350733065,0.8139802834667,0.8163054252601082,0.8565818665178563,0.6355394544258676,0.7706223968606324,0.8519119065063847,0.7672756292674497,0.8877669698102051,0.8510890224560103,0.855342419570666,0.9434107470781896,0.7372838065134677,0.8761873889045128,0.8266368415457697,0.7984459117563771,0.9052179805876395,0.8060642078779828,0.924834669608765,0.8979944380188506,0.9057751035333018,0.7960143964671745,0.7800915922178097,0.8479356819650066,0.8469423290568086,0.8987902164239295,0.9801382397545758,0.8737977948398351,0.8633545743051744,0.9088366101391162,0.6953489408727548,0.7632672207053826,0.842580398606691,0.7607525976143434,0.9432835945649362,0.8371333468918148
