0,1,2,3,4,5,6,7,8,9,10,11,12,13,14,15,16,17,18,19,20,21,22,23,24,25,26,27,28,29,30,31,32,33,34,35,36,37,38,39,40,41,42,43,44,45,46,47,48,49,50,51,52,53,54,55,56,57,58,59,60,61,62,63,64,65,66,67,68,69,70,71,72,73,74,75,76,77,78,79,80,81,82,83,84,85,86,87,88,89,90,91,92,93,94,95,96,97,98,99,100,101,102,103,104,105,106,107,108,109,110,111,112,113,114,115,116,117,118,119,120,121,122,123,124,125,126,127,128,129,130,131,132,133,134,135,136,137,138,139,140,141,142,143,144,145,146,147,148,149,150,151,152,153,154,155,156,157,158,159,160,161,162,163
0.0,0.9046747414967691,0.8501922984878059,0.7627742852350475,0.7759480404732082,0.8649565148363064,0.821014054046233,0.8750072696846489,0.8679840602921486,0.8544252894076381,0.868038044627842,0.7893308656348176,0.9336263573980637,0.8245965697333031,0.8771335851479323,0.8787390518420207,0.8867105559154356,0.9397093420508928,0.8565450910283123,0.9378592633662578,0.9176587813503815,0.8981134687640696,0.7923377608033723,0.908407853329723,0.9165399435299496,0.811280147135098,0.7727855453794579,0.8697123472141991,0.828920972839092,0.8005440049701069,0.893972765305172,0.8931384125022798,0.8158385495418732,0.800829248926887,0.9167955036738555,0.7533039334829026,0.9378923140187307,0.8599974101337017,0.7603894456140616,0.9371269724265743,0.7989356342649283,0.839417595728304,0.8914257487435047,0.8718188130222968,0.902608823139729,0.8779733137638254,0.8512840318965056,0.8794619652855197,0.9059192250149183,0.8443056069676267,0.8869745315436224,0.8868884407682235,0.7880727698512036,0.8663711321538976,0.8202325148999694,0.8449863384967036,0.9340324744530825,0.8015152075290338,0.8595571596996598,0.814962097975153,0.8879556332275077,0.7070963837424808,0.877810696283973,0.7278262752151092,0.8507875155768608,0.8668892474936571,0.8514789146072661,0.9077702262612743,0.8481408934600183,0.9296669858256017,0.9510041163424919,0.8548645109369094,0.8249915154008586,0.9082224592209124,0.8697772691717522,0.9109477906089068,0.7850966486836519,0.8079194032963676,0.8353909192324988,0.793151885785789,0.8370717620339787,0.8994625174120134,0.8714214950300553,0.8290697536574261,0.8567655167674308,0.8944974795949796,0.8914635376191545,0.8415015955556333,0.8690221855241566,0.773881996291322,0.837503272737598,0.8121993345296098,0.8445323022798724,0.8989039251336599,0.8833052192522587,0.847760667797941,0.7939543530770151,0.8236427959568906,0.7087029821242428,0.8693318494364809,0.8053372298873579,0.8294485205952605,0.7368794159436023,0.7715559199407901,0.8574347096567857,0.8586776636240471,0.7976459160487788,0.8456256362553801,0.8771463231463956,0.8931319619497706,0.8355918095555933,0.784941469198588,0.8687049046002651,0.7449107038938348,0.8599647224119285,0.8879920879060832,0.9021526667485006,0.8472271870032565,0.8031482031393552,0.7362231429863219,0.8269227057310375,0.7483627249153715,0.8740245661877365,0.9352348551577563,0.8537183540922736,0.871523936957137,0.7082810755343254,0.7831696165508047,0.8104186000645891,0.8971002583533718,0.8108799376214211,0.8614462096069629,0.7924205313943348,0.783054302612864,0.8678656248700277,0.8432548944470559,0.9010776598609049,0.9006445210880416,0.8801638638691003,0.8395808152713472,0.835359406553232,0.7921931439963076,0.89304207589047,0.745174348582036,0.8654599655545782,0.8220948928994039,0.8349885631230662,0.7829654582718565,0.9113711381761821,0.6047011954693903,0.9229058598356864,0.823993832874417,0.836554829918331,0.7721678659767016,0.8219291902531117,0.9306541745977968,0.8775818880719017,0.8531227536717845,0.8629772449534727,0.8254791565539973,0.8139638400553109,0.9239017280450772,0.9053874117343536,0.8956428146696608
0.9046747414967691,0.0,0.863917697420002,0.7764015302674238,0.7481340072595419,0.9415188527063205,0.798986174109603,0.9578809795328885,0.9027309222664394,0.8986354822750695,0.8278635153868846,0.8686355587313825,0.8951309954839829,0.8290380055162806,0.8444344492495721,0.8765616545416557,0.8488358913593319,0.8167609182865886,0.843927470974941,0.8583438742429094,0.8605416469170392,0.873512027240098,0.7552850563657566,0.8472836392037377,0.8907375894725181,0.7644755718343307,0.805722234279554,0.8230421867467922,0.9162254397512037,0.8411882407472933,0.940650749574164,0.8786475731486281,0.8803808079353738,0.7974024124079522,0.8851571566252048,0.7983023152588551,0.8906261594278502,0.8668924189813794,0.808785383175582,0.8679376211823072,0.8441660690420836,0.8330145869381967,0.7798046635444137,0.8503093991182501,0.9025434424658383,0.8285351631076807,0.8502822572711098,0.8226741943202325,0.8195807116450906,0.7918606032171748,0.8247138236120329,0.8641979439775302,0.7734507995921854,0.8832206286589814,0.833959306309878,0.9200865881502912,0.84377386673203,0.8692649400988944,0.750238821071241,0.8316374567930283,0.8893250025135591,0.7423684581422212,0.8155261354359211,0.7209578308513427,0.7395972569689537,0.7627315325265058,0.80723946413345,0.8325549870794824,0.7517748435409348,0.8984054305211777,0.8772159406957591,0.8149813745244281,0.7526103295357484,0.8378990941516891,0.8929017491375236,0.8623945465864824,0.7400423214989539,0.8573739355677803,0.8012157579715629,0.7905139119664808,0.8233573407083948,0.8554013878841763,0.9288613161019091,0.8500826568230732,0.7964774102919442,0.9380536826406498,0.8644708165621039,0.7660553949119469,0.8844710280270612,0.8606964099461837,0.8020430412834816,0.8731626602253765,0.8415894972685847,0.8310592261844346,0.8134597290354416,0.9286914777417333,0.8134665127399413,0.8693889781464367,0.7338900443753639,0.8672621371985613,0.8275457969922699,0.7664728835119305,0.6957445807821655,0.8039807607720547,0.8374819038919545,0.8390007249445184,0.7695890061665769,0.8439483680401247,0.8522870806440164,0.8642532613976545,0.8026911961264359,0.7341179131197205,0.8249307888259038,0.8033980360778477,0.8364521682817995,0.9176786430696315,0.8763458454525118,0.7688592494730574,0.7774832619550981,0.8107073485969555,0.7819397656094458,0.8215983383351801,0.8205948309406637,0.9286675834795762,0.8102665202728758,0.9444150825510289,0.7248691962690567,0.8728182986845469,0.8569502333298626,0.8329704013998275,0.9084781694623444,0.8604086870414309,0.7860988780383644,0.8327953100333573,0.8041636385515516,0.7639451919287374,0.8964571049462284,0.8636372232756766,0.8074909816058964,0.8409833921585628,0.8282593075810827,0.829232244621951,0.8999087396767148,0.7611559566906613,0.8568866359575082,0.7691274405490536,0.8984238482795374,0.8235067881646833,0.9132394299005016,0.67564680697353,0.8527157820936055,0.8386347836310171,0.783430705236431,0.7903530850966259,0.8508409153711508,0.8693301295763551,0.8105304255655584,0.9009411319842108,0.8400856094340557,0.7799512379842937,0.7765738359574208,0.9068531215900316,0.9714508182487694,0.8225558059342133
0.8501922984878059,0.863917697420002,0.0,0.7412235442335963,0.7746938635753159,0.858465814347702,0.7879785950276488,0.8717031280101927,0.777880634730545,0.9332251387960683,0.8115146986335585,0.7902026819226318,0.8805111092125724,0.7455841390026177,0.788004449058078,0.874696587646839,0.8688128649543496,0.8359825287978436,0.7762338777995736,0.7996205495539688,0.9142010816848949,0.9015177634112749,0.7553557657498335,0.8316022363183871,0.8804728118292404,0.7858879749699714,0.7522632742925197,0.792233537341159,0.8104338473375129,0.7757149906188607,0.7770178266060732,0.8515109810425626,0.7682928458522903,0.7400878832669754,0.7720850765115316,0.7225379429447628,0.8486780906137653,0.7625101372838683,0.6819863017057298,0.8726072148355372,0.7468028440032329,0.8842801793086723,0.8184499934126578,0.7815793796021143,0.8451299604941998,0.8039508036364417,0.8590926713844206,0.8072821872118852,0.8128064382008108,0.7683558122396451,0.8194710799890234,0.8387256290637858,0.703131525509396,0.831647312513272,0.7631829271322543,0.8334718129811817,0.7903431482052953,0.828737395060552,0.8064080344778508,0.7356534784198994,0.8216566234917514,0.6714952895655092,0.8204396267569529,0.6888191565145425,0.7338973207126128,0.7656610664285994,0.7840217112244248,0.8815287615462404,0.8528516244864107,0.8800430209214357,0.8492890059640673,0.7136021933043721,0.7662934164699308,0.8942582572434241,0.8324957805998594,0.7583745545450676,0.7726848033042997,0.8198824944328441,0.7334868903769763,0.6948791369399867,0.8037963296182181,0.8117379722745425,0.8459148540819373,0.7563353097117632,0.7709017223766306,0.8284867918405351,0.8051121921980202,0.7589124946647934,0.7913446066968836,0.7299231089140725,0.8100316576084685,0.7602074016498469,0.7684982142125099,0.7354268001785174,0.7916353609754785,0.8287443250291243,0.7132029771965663,0.8192158610469703,0.64071477839369,0.8132721548488046,0.6714683194071862,0.8279349065579756,0.7128416378090559,0.7886545341685867,0.7559834445355774,0.8417602574737252,0.7919261514152157,0.8547644788162024,0.8282245293321766,0.8623933041356014,0.7908737226896402,0.7064842260138141,0.8071404216015083,0.7136059232798562,0.7446674498247707,0.8448728557975324,0.7998805902732312,0.7947586080307265,0.8337873122078161,0.69989882198782,0.7148926905627165,0.7217729489964411,0.7746311804044416,0.8385163465098454,0.6905596673497912,0.825300245060774,0.7055707920171749,0.7653451858058757,0.8040382752660095,0.7957128203646864,0.8161932070568529,0.9010509806096052,0.658933414855054,0.6742066110159516,0.7710555803447361,0.7114404287524682,0.7988920202459485,0.7772147163932526,0.8334773100597634,0.7406971588986696,0.7524005992499303,0.7514165198705234,0.8217336136608008,0.7350341790674477,0.7840769789700991,0.7997235408023333,0.8034059546528562,0.777330525504021,0.9123196337379876,0.6001404170536307,0.7459222968078116,0.7293120374908701,0.7718606712699404,0.8621872308270088,0.828895093177041,0.8191878689855279,0.7634686176924217,0.8720262681998496,0.726051897972454,0.7368177296982589,0.8005969008915323,0.7568593180912184,0.8655794818194154,0.7673486131867582
0.7627742852350475,0.7764015302674238,0.7412235442335963,0.0,0.7567498821112318,0.8087645769316638,0.8733679019743654,0.7613198442976589,0.6860858284204011,0.7877755125719641,0.8069217137095672,0.8314566260472518,0.7217223877533181,0.6985407783083937,0.7683512990729201,0.7138918950299241,0.7530182128558413,0.7128785109115744,0.826996325454231,0.6579238367625603,0.8160868887450022,0.7377290802919254,0.7862750996912963,0.7482810141122199,0.8321657821142452,0.7887468785736017,0.7272547608682818,0.7745405464738168,0.7994251496490403,0.6880319685059578,0.7759585703263736,0.7447669830526771,0.907902122967506,0.7815182134285117,0.7947554416142955,0.7585464251991133,0.769268958984139,0.7006974528813354,0.6979276583594899,0.8075377462341542,0.8043197630002742,0.7699552807041721,0.718272051475227,0.8697293357637078,0.7493388367274326,0.6756117485839905,0.7061806768548482,0.7659307656477047,0.7955550194816872,0.6803360572449548,0.8274381401080178,0.8423051837882325,0.6425575152360041,0.906962366808298,0.8322787755516003,0.7275990622817978,0.7095303767412803,0.864989130357154,0.7137178167200429,0.6780710353923491,0.7412604517697994,0.6243501546323844,0.7697540519827242,0.636560825408415,0.647893828905646,0.6433704850005373,0.7243283644700862,0.7100651599891682,0.6965941521178516,0.8096039046565836,0.7210665304489563,0.6737931610288468,0.7583994811478963,0.7930260772569834,0.7151365378864266,0.6980257373523141,0.7139847959494224,0.8129086144226519,0.6859541467047362,0.6681719902108632,0.7010616052266765,0.8095349334826584,0.710633221713093,0.6870700071972627,0.7868636630867727,0.7182163944003127,0.7762604164816246,0.7245163760057893,0.7215425225973755,0.648551085853483,0.8632542795394137,0.8507621160851951,0.7600694749949258,0.6787766747144086,0.7936878667385785,0.8445943125025375,0.6240571960834577,0.8473427098897867,0.6692927601566439,0.7833687103478556,0.6793609304003073,0.7081621404660543,0.8878500866471184,0.8681614849118663,0.7434387649539054,0.6716612447273076,0.6703267100018853,0.7686595819169568,0.7214462119586218,0.7293134810800779,0.9047814438322126,0.7410532047708499,0.7838289752109224,0.6927257908035396,0.7281896312809684,0.7631597761032276,0.7656413990501071,0.6890237902733214,0.8828860723174594,0.7617088189079506,0.6485960265044186,0.8730239805603498,0.7235948714651572,0.8026538629892129,0.6832636693202838,0.826722662148955,0.6751025145923037,0.6819678240088604,0.8073820625897148,0.6669058996570386,0.6743837769582995,0.6703178475811814,0.6300693931525229,0.7575384798302708,0.6755897469135167,0.6119667368137919,0.6593589489213523,0.7854797861423067,0.7188425664163064,0.703934904727447,0.8415405210910565,0.6784389630240765,0.8088163698513077,0.7483091089970791,0.7488653362044955,0.7952647986816003,0.7184615811486059,0.6523554984546331,0.75251329556924,0.5728974160502847,0.8114178919184264,0.7557582435925794,0.6942692048865753,0.6535874292344611,0.8802533396860878,0.6945646990477374,0.6705905882407496,0.819836638937533,0.8908175167981639,0.7779528246898929,0.6884150493230305,0.787461621499409,0.7766925939692075,0.7747558615272231
0.7759480404732082,0.7481340072595419,0.7746938635753159,0.7567498821112318,0.0,0.6843862624857645,0.8695063764516658,0.7155303059426863,0.7735246435318595,0.7234999941629339,0.8002076619153132,0.8166058018542687,0.6926569337684529,0.687079294436969,0.8488001250784566,0.740562877270708,0.7312975025064641,0.7550443281075758,0.7556460704258607,0.7122753843019453,0.8366235987805425,0.8499053323565242,0.8028353563952118,0.8157522364727434,0.7717143513766641,0.7756104435903252,0.757535345271935,0.6801907926903247,0.7340548476832103,0.7862536118819335,0.8050683300686204,0.7230209084556088,0.762401562262702,0.7131176608480183,0.79651889492013,0.7619445689037541,0.7659741847751609,0.7361082192901129,0.808020936091257,0.8099976439784,0.7617870247058824,0.79649680025454,0.8025409149843082,0.8229725662439082,0.7539686974907739,0.6916182454828009,0.770337240785699,0.773329063679253,0.832749285725819,0.7764255978824196,0.819724329738211,0.7467756285377646,0.6336746421739488,0.8112212388618499,0.7934041499415762,0.6966755370825346,0.7453616742867598,0.8306158000671424,0.7377313680881377,0.7018708185467717,0.6391195439516143,0.6232943694126721,0.7110969114169958,0.707637594720026,0.7147986132255789,0.6273672199617846,0.6997017399288195,0.759033715983342,0.7527224168534312,0.758274164635282,0.7837372530850345,0.7112843816301855,0.6957858722213551,0.7773616479983968,0.660302241635817,0.6520962350335027,0.7382525793682129,0.8611496701878842,0.6575562754855958,0.5948020613927308,0.6151333594082894,0.8654828804356351,0.7583516194738584,0.6063424144854588,0.7393702510726047,0.7271462432763192,0.700371629679008,0.7611476601706377,0.6570990480989303,0.6765784536049129,0.9068741365188538,0.803069518638657,0.8104998115647357,0.6522223956823315,0.7832375523613475,0.7829464185884143,0.6222013844945532,0.7314516092812918,0.6970455783610251,0.6929274078929071,0.6778584259204767,0.7470292012888784,0.7756955571392576,0.7571609326331505,0.7221800372364732,0.7005483870755029,0.6495357671457613,0.7068851133351993,0.7414190462405311,0.7328235440649067,0.8220847684521554,0.8154569952112801,0.6681337204303428,0.6714991809709385,0.6718081022466139,0.7273980088740843,0.6650421156526672,0.8215936145251208,0.7160391030083815,0.672321532455696,0.8232993081997239,0.7142713094303667,0.6809764257870627,0.7767084385636982,0.6965235368474021,0.7436429426765232,0.6559664010796015,0.7570898096247931,0.701419875806973,0.7481273228599473,0.6757002497681236,0.6954166105883068,0.5935254670579517,0.732302003525254,0.7402846813147264,0.682594570341368,0.706034513001298,0.8491178042144087,0.7849879527166725,0.8086067713486972,0.6818042553378764,0.6979941881554562,0.8049224980436772,0.792400840779549,0.7780113086013942,0.8155372193468596,0.8517620667881243,0.6235481429923555,0.7577830387746527,0.5657063337205792,0.7810884583492322,0.6661835976167775,0.8428041973972563,0.773315933934275,0.7708376271284385,0.731541072136169,0.6686802060776192,0.7385506358701043,0.7472970400506898,0.6980884083653195,0.6097420617065913,0.7090063298189302,0.7831697352028059,0.8301946039178885
0.8649565148363064,0.9415188527063205,0.858465814347702,0.8087645769316638,0.6843862624857645,0.0,0.7603033371574048,0.9119151062860599,0.7993759520847549,0.888014088218506,0.8231025567361104,0.8130290033266725,0.9037146473861734,0.8011580657132432,0.7605928445493663,0.8605867713833418,0.849850085525602,0.7715134858813919,0.8090769992382981,0.7919701366169377,0.8434672783738629,0.8107554333296406,0.7048435432296576,0.7971171385834427,0.875244754925003,0.7769686760660859,0.7365453237986006,0.830128037344411,0.9013631649222844,0.7617826500825178,0.8364625549129989,0.8584582758188997,0.8724080055241359,0.7775851480113115,0.8251552370244154,0.7447225664225141,0.8778717709785206,0.8088400705784774,0.7108500224797727,0.8382400839213434,0.8040909912283615,0.8190553670996249,0.7294548792907872,0.8405010192424023,0.8420448768102272,0.7830191381795585,0.7999783338041537,0.8230921999543395,0.76762564462668,0.7196175124642974,0.7973613050399196,0.8923658385724001,0.7400969660471266,0.8720980790347633,0.7982548395285373,0.9097248134687899,0.7925753729707002,0.8485248659319179,0.7165487412267689,0.7644431535809306,0.9290340595121462,0.7195546229967671,0.836519041311194,0.6637635789154563,0.6884790417590089,0.7604952357749066,0.8030906520011817,0.8205954146662348,0.7206823992155086,0.8875973616410776,0.8354630377038781,0.750071153160627,0.7754886420720616,0.8309934789783668,0.8950663389633479,0.8426752564557675,0.7294257639875532,0.8260725742973056,0.7765718236211928,0.8608756380384397,0.8898675843497168,0.7862300547605363,0.8741069004288832,0.884205702484777,0.7907868503654019,0.880082872642878,0.8884996854144591,0.7143456851457844,0.8610499107919111,0.8044902054489435,0.768608697886189,0.813410848025123,0.7727158564733893,0.8103740336305041,0.7952930607959446,0.9056941582987578,0.7720312596588008,0.8694645348427761,0.689171486938129,0.8645140835021488,0.7788755243684209,0.7301121360227842,0.6934159791167466,0.787037739818102,0.7976410369485141,0.8100868898989434,0.7607184664078777,0.85011934662054,0.802452220146493,0.8575378617934413,0.800622080189666,0.6844087227024476,0.8853744207512211,0.7747981600425994,0.8256823947463019,0.9093939691022721,0.8826061461148311,0.6921325825275763,0.8455244727030878,0.8150129496764161,0.7009807993408015,0.8313457780410185,0.8354105444202883,0.9056684698423133,0.7773931039313553,0.9266492051371855,0.714918290884409,0.7906472482632265,0.8656338866420005,0.7621173376168958,0.8614280044929821,0.8761730337837339,0.7910945488744641,0.7988513886857121,0.7517970260423678,0.7161817022183212,0.8316989658285581,0.7862193621528382,0.741957290963502,0.7314410704226725,0.854341456515411,0.7987378589363091,0.8348859903251998,0.7094888793221491,0.824033560855655,0.7355009663798685,0.7995087773992384,0.8176633788286898,0.8637028333662814,0.6632537396099332,0.809889369829027,0.8279761126614303,0.693337543573852,0.720030926666499,0.8517248967594417,0.823781857535999,0.8022064044088629,0.9307598726964661,0.8441214989714398,0.7994016069478189,0.8112603508880729,0.8985231179776586,0.8955479079938895,0.7911118126537081
0.821014054046233,0.798986174109603,0.7879785950276488,0.8733679019743654,0.8695063764516658,0.7603033371574048,0.0,0.771730583132405,0.7624192577248857,0.8338423464428639,0.822443000705807,0.851347454089523,0.7692360392384477,0.7246701143436858,0.8605926270134961,0.7561327469421271,0.7621868042684262,0.781115887720046,0.8046228592059967,0.7134462953980403,0.8527881305993016,0.8338702522657373,0.8747777557202218,0.8381948551555054,0.8664341251091678,0.8063025005598137,0.8024122370581928,0.7587111335518433,0.7681714867693474,0.7710019821337977,0.8345713270105304,0.8101447920742882,0.8263472751060312,0.8005742357826802,0.8118129426806542,0.7560400483494134,0.843478077551068,0.6948369085909024,0.7620208019918097,0.8903653032285856,0.7401426336208635,0.8468139140328693,0.7978462354032474,0.8489728702143365,0.8147768364333265,0.7369504165473804,0.7833311320579277,0.7919540016462707,0.9170239722062014,0.7476151033753029,0.892313115587827,0.7819143062841125,0.6493910367704708,0.8810561120240998,0.8495361390058735,0.7659137908760143,0.7577048888212229,0.8296084538584673,0.8146914750545324,0.7254979886607814,0.7293239554744365,0.6393104638263087,0.7285955499434097,0.6762496480026229,0.7196315782880338,0.6764220973561283,0.8092655266134197,0.8184543404720758,0.7586161359114474,0.8167611066245499,0.801878288989506,0.714731313295168,0.7628543904943957,0.8726471118506182,0.6844701336240457,0.7312358938437828,0.8386380083083869,0.8926921416955828,0.6613559904450549,0.6422601216545683,0.6556412730453309,0.8944516966587539,0.7832541087082323,0.6288172368363044,0.777211220279835,0.7225009080420233,0.7802058325089949,0.8282501754554082,0.7423605047225562,0.7094376333629955,0.9002909309285351,0.8819605791602741,0.8069448464382842,0.7021662082086414,0.8305157389137948,0.8419456895909881,0.630066784711465,0.801627065217571,0.6826503765758715,0.8082240058133947,0.7022942317621077,0.8384509781751833,0.8619583668848667,0.8012931887138963,0.7395726641516552,0.7210561414807841,0.6980334644592272,0.7548800858229726,0.7847096842279513,0.7969516046446125,0.9317046157696052,0.778127748120939,0.7729347804963603,0.6915941602979596,0.6966515151315333,0.7642661057277548,0.7354214794113562,0.8330509877245452,0.7942176797811041,0.7075054519865155,0.7276692753779007,0.7629352287760507,0.7147307482781965,0.8530758729543709,0.693901588071203,0.8054084454689495,0.7011999167503513,0.7683686932015826,0.7443039044037252,0.7398730565991568,0.6982545161779197,0.6872324721160243,0.6336552692918549,0.7174318806702122,0.733725711920373,0.657415603020698,0.7057742291099414,0.842614688476768,0.7850529933734605,0.7851976193955726,0.7549843461288996,0.7118108382079016,0.8949928302044708,0.7737832186927224,0.786044178784614,0.8828123679400641,0.7899684879182214,0.6724239047266465,0.7862735019483824,0.5413460833643347,0.8280772503523023,0.7068908923907001,0.7860200839896031,0.7993408575732128,0.8287309847717046,0.7853842747501976,0.733715084252881,0.8258010754040287,0.8321214993588206,0.8073075546368307,0.6718308063711208,0.7545278676137778,0.8176981743872901,0.8122819542637814
0.8750072696846489,0.9578809795328885,0.8717031280101927,0.7613198442976589,0.7155303059426863,0.9119151062860599,0.771730583132405,0.0,0.8695836557182196,0.9145298204759014,0.7800866482342494,0.872790619314074,0.8837892648767111,0.7728178980257867,0.8000622203421678,0.882755457838005,0.8735355451710102,0.8200466162987533,0.8482141944500861,0.8436442218259332,0.8555802241991133,0.8213132586084858,0.7995799819711115,0.8289794841736515,0.8969771776081462,0.7580990394204303,0.8382708217923336,0.8613166356292675,0.8468959663606641,0.8715464841919375,0.8851038379572322,0.8608183595598099,0.8417817295668226,0.8236450826558115,0.8253103646589149,0.7611881148077181,0.8470369615954865,0.8336778288876224,0.7336418185673923,0.8637650323435602,0.821955101458656,0.841021359525557,0.7748687820164829,0.7807816709353655,0.9095308894773297,0.8581529178210753,0.8678323565577145,0.7549957690969613,0.8051554435989812,0.7652606367381658,0.7942011807172646,0.8665976524998298,0.744461871350401,0.8218877645244361,0.7721853978893461,0.9118967826050475,0.8281909448613084,0.8836572225028962,0.7282379506791226,0.819719765145832,0.8409701336035348,0.7148307529240017,0.8048401519135961,0.6931432360476026,0.7014453947126098,0.7536088888666136,0.7603369588652377,0.7951047761452849,0.7626200345838721,0.9031422308690172,0.8189094616937191,0.7628660152742648,0.7213262350584888,0.8330554446185104,0.8987063823094117,0.8339779731870273,0.7149414230609076,0.8256811328522354,0.831537826557238,0.7392273719766544,0.7999345384056816,0.8083923207647563,0.9084158003994061,0.8370814763381001,0.7911972762838154,0.9517472728576188,0.8196761766141295,0.7394719146617463,0.9127216910709206,0.8358460385903478,0.7897543809402406,0.8348483650296975,0.7939349443742936,0.7945992119665215,0.7524268504260768,0.8757632353810083,0.751831982769074,0.896308133140943,0.6827451556069138,0.8738447169467868,0.739371357683107,0.7606761296325264,0.6948959388462982,0.8247284582719622,0.8069661587451741,0.8858039166889476,0.7893280286957667,0.9081405716251879,0.8580748485478237,0.8391508427797871,0.7724037814923399,0.7081528132669808,0.7801052872741413,0.7982417911148851,0.8279634423500327,0.9555897889699659,0.892428729931068,0.744624307773446,0.768149242335861,0.7867234996662623,0.7227081603881083,0.8132864671285076,0.8009242016577228,0.8911289226919415,0.7172385233273215,0.9001253867480017,0.7129987561710125,0.8480844507882083,0.8537984895869346,0.7894036217038738,0.94623165796983,0.8469663770414355,0.7326156909239692,0.7537468868287902,0.740952845456533,0.6948698137563987,0.9011023619783642,0.8173745438634203,0.8288982073419778,0.8250667081894643,0.7816922861462545,0.7725411883743651,0.8660954566496534,0.7038387741011423,0.7888501470096762,0.7790111845031038,0.8537718949566948,0.8275060069600821,0.9341202541769903,0.6708737729712162,0.8034272486530646,0.7989673907236056,0.769629558351968,0.8167467270225197,0.8779776898779048,0.8227945599706354,0.7799379660832525,0.9185495354359171,0.7666551573210834,0.7483257936735456,0.7802581882465169,0.8460176499222488,0.9524018040079042,0.7727295257423037
0.8679840602921486,0.9027309222664394,0.777880634730545,0.6860858284204011,0.7735246435318595,0.7993759520847549,0.7624192577248857,0.8695836557182196,0.0,0.7864608995032185,0.7670104516478088,0.8046068335880933,0.7973933423138037,0.7573351448811422,0.8408515421202597,0.774262139575423,0.7406778880487582,0.7946695998301798,0.7562023388668112,0.8239394824355765,0.7714003291720704,0.8789947378945566,0.7285577889228625,0.8215459460552528,0.8136146276049667,0.6908591035909794,0.7971040514853973,0.7297485050489707,0.7682400359585525,0.8623969711668185,0.9057564179547812,0.7608596659464067,0.7729782767033259,0.7071973122678704,0.8373005476436566,0.714614553274161,0.830706197722357,0.8037088201728311,0.7795274261918148,0.7877374900910711,0.74711437653143,0.8425002933759375,0.7287711519322991,0.7641881136150093,0.818911127815524,0.7524363629246278,0.7922520269488371,0.7446818098294166,0.772651528767687,0.7455215146124551,0.7375540648611602,0.7488638279663361,0.7049767499214143,0.7577398084514487,0.7173452475631872,0.8782610756392493,0.7783477696389044,0.7898646586134824,0.6989627909966298,0.7513115846019857,0.752693649803488,0.6637164502833375,0.7100988116623099,0.6839487658254527,0.7203448740768793,0.6821006022076769,0.7546213796530727,0.8068107276430725,0.714828994077191,0.851434416320718,0.8423430025987921,0.7575869867951042,0.6911113166790434,0.7470866874305635,0.7784250098351121,0.7652326023719467,0.6712200013258016,0.7820708268104597,0.7140337068144317,0.681117953637748,0.7027137607434183,0.864990415289331,0.9147382442284379,0.7253125819388371,0.7035925361251305,0.88738726301086,0.7921874746303472,0.720301467680613,0.7725056764741213,0.8859659772577142,0.7666123479274111,0.8153264277505158,0.7563416518502956,0.7399757748183308,0.7592581798497336,0.8542803702245618,0.7264806416569576,0.7701261591251393,0.6992455540213163,0.7517914530612153,0.7563346663530446,0.6864469499455783,0.6367554936050159,0.7305300990825888,0.7519226310607225,0.757969246392538,0.6515027153635609,0.7759568672876644,0.7600880760119746,0.8040507200523548,0.7184310254262037,0.7056343226480831,0.7243062287936464,0.7556433874176902,0.7269833590597288,0.8448991245094211,0.7523312492543268,0.7446148757904538,0.6551903804149496,0.7424795547736079,0.785296110517165,0.7193803989355505,0.7422549491915132,0.8334832638953827,0.7946619611621775,0.7939575567763271,0.6552143416215241,0.8196238634252987,0.7075893056587703,0.7874175118171386,0.8932109723915937,0.7638909989444012,0.7257414895702327,0.8118599091944574,0.777403130451892,0.7384342647762943,0.8526477139928248,0.8185824095433524,0.7711338141879154,0.8243283703837507,0.7262069948814022,0.7445511980874034,0.8440294492444451,0.7164355166335223,0.7831395194912165,0.7401554383110006,0.9403656644740382,0.7184294574401354,0.8239739532555502,0.6137581533279058,0.8087832800646463,0.7336014825654803,0.7876733636564106,0.7797829558199303,0.7606301312910585,0.8624184958880408,0.777961508356236,0.8038061783728574,0.7625927487686494,0.6771589500362004,0.670513296296845,0.8222541427642075,0.9063769119953182,0.836417586240989
0.8544252894076381,0.8986354822750695,0.9332251387960683,0.7877755125719641,0.7234999941629339,0.888014088218506,0.8338423464428639,0.9145298204759014,0.7864608995032185,0.0,0.8074473684893807,0.8314258951419126,0.8902189317823287,0.7442332714451274,0.8033261321891738,0.8565070849259799,0.8524207747971592,0.8312902454630628,0.8257277682097127,0.7843070607185537,0.8722058298097941,0.8604947255738251,0.8011129847789739,0.8256985595112701,0.9275954784550875,0.7502164242855793,0.7975895395612872,0.8397769782935733,0.8401691227889859,0.8034492131792215,0.8166886854297272,0.8799325771811737,0.808263853317355,0.7806868942038779,0.7751568554606855,0.7143099126986547,0.8641169060054945,0.7387734192248103,0.6911279744382329,0.8785853463551547,0.7442497881894838,0.8708412955994064,0.7928007001520063,0.7788568819768202,0.8596899238978414,0.817086690345283,0.8328640397976367,0.7830010592386412,0.8441265559899154,0.7341307799689758,0.8271375265090813,0.8194269575785416,0.7103531611751482,0.8455762979990613,0.7896134192823797,0.8557006402554566,0.7862804921675327,0.8362148275624243,0.8041640720624618,0.7484797618599791,0.8554361152133935,0.6659439502242644,0.7934638382798239,0.6565515020816192,0.7138594575975625,0.7587400084974427,0.796448657999451,0.8577453046602181,0.8081879643489325,0.9125787577236515,0.8140507839836454,0.7112405061661891,0.7461839409441731,0.8932244495861741,0.8359728457550569,0.8087131204713233,0.7858460489030353,0.8246861816129591,0.7335481155631491,0.7107609359950147,0.7971255753530005,0.8044247299180549,0.8681558583410026,0.7564239023096537,0.7585760757774691,0.8199196931772051,0.8249527655513648,0.7718552147923601,0.8540656596187732,0.7496134801539126,0.7887888664714113,0.7988088527537375,0.7769746521111038,0.7578333743158027,0.7728355620591074,0.8645518208208118,0.700933381591613,0.8399004555216688,0.6287372809420407,0.8542291382199549,0.6908367557369829,0.8456521530728285,0.7269596515353659,0.8257757449331249,0.7518596055559046,0.8184823144795367,0.7870336906973832,0.8691427926252339,0.8343975635714854,0.8617832699761486,0.8178650003935836,0.6747532697434013,0.8152070040135919,0.7395866560008653,0.7510850720346982,0.8543786423823574,0.8441079548190661,0.8024482215901382,0.8203938051665002,0.7134370007902683,0.6675819734127604,0.7540981310945775,0.7551289997213483,0.8782704394403963,0.6804423886435575,0.877114999751061,0.6952108556072989,0.7723354059129613,0.8105918232911502,0.7687900531675268,0.8389769085478197,0.8272765944717712,0.6830693879172945,0.6726517239026693,0.7441069004196753,0.6822697049908899,0.8060383755113889,0.7706878359200376,0.8158816900721081,0.7682235590402159,0.7956716641070851,0.739327097290522,0.8529755681504262,0.7063145160950915,0.7693843601799438,0.793805483722652,0.7762933794205968,0.8171904235030512,0.9146454936799757,0.5869906245294563,0.7705311053580713,0.7748756432908859,0.7482602493590297,0.8396285483937732,0.862022853444392,0.8301979166943902,0.7941879014916003,0.9085013668130125,0.7670920763379641,0.7749886381737954,0.812647469200894,0.7846159614110135,0.8848937909030901,0.7509671673364255
0.868038044627842,0.8278635153868846,0.8115146986335585,0.8069217137095672,0.8002076619153132,0.8231025567361104,0.822443000705807,0.7800866482342494,0.7670104516478088,0.8074473684893807,0.0,0.8436371030082092,0.8358683770267766,0.7535643067060444,0.7757052869801454,0.8606923949690062,0.8315990845245124,0.7741392250507898,0.8363109602141897,0.8202705410990074,0.8870439614629817,0.8693831902042789,0.796235188943768,0.8879536218654445,0.9061039461161501,0.8205122998106498,0.7707065850897559,0.8470778804857099,0.86941907047861,0.7555434222515335,0.8182458314331119,0.8110370530083498,0.7650760288967582,0.8091494307662079,0.8670354450096313,0.732989571517036,0.9199156679634352,0.7971349890411176,0.8069922580460684,0.861517568723614,0.7313859021476635,0.8443499283048139,0.7714521252084305,0.8945615085823491,0.8132160784826088,0.6980326421288382,0.6949505953382326,0.9403973416309924,0.8888242326202205,0.7209189994866789,0.8004245792894062,0.7924682205136355,0.633905439938094,0.8714860209214655,0.8613240516156184,0.7668096984347496,0.8043469997332005,0.8437337376863757,0.7529205758051708,0.7030548072537158,0.8371299326663683,0.609179073332969,0.753933545312116,0.7011090819817934,0.6852146182955889,0.6969145147583928,0.8299333085513155,0.7837886958713243,0.7480997105122295,0.879114621596309,0.7979158537961388,0.7463438365265977,0.8198410285314731,0.8358941985244239,0.7715303439987965,0.7465088791385409,0.8115242944830197,0.8468903512044094,0.6994901295936985,0.7781492083548944,0.7236817511452691,0.7922895135607034,0.7792016419091554,0.7475841524501081,0.80744532623994,0.7851231603180179,0.9203180462021346,0.7228050563113467,0.7230537514310102,0.7363107254368715,0.8169171059820961,0.7543868105801631,0.78735670416924,0.7598459557639062,0.8170731772521997,0.8473177672754572,0.6631661551008834,0.787974044335895,0.6845135417039138,0.7531568281743745,0.7904927709364542,0.7937192061135612,0.7292512806352027,0.7498566296157031,0.7389766159292271,0.7177073443795075,0.6855108078887816,0.839131887005668,0.7147622717198374,0.8946929371297541,0.913187728534944,0.7758256565236173,0.8325279095225081,0.7948510433816309,0.7234542540058959,0.8018054392017492,0.7663800275026642,0.8404266207215288,0.8428640482816032,0.7257541768872516,0.783029661057665,0.7060556786240985,0.8541806546259602,0.8436569786278132,0.8219619434774091,0.8486200313144966,0.64150972418715,0.74720408622273,0.8056268804746252,0.7320358094616225,0.723027339553189,0.7846804527991185,0.7947053417916048,0.8134143538788363,0.8805404540826599,0.7056608887030503,0.7824431730972236,0.820065770477448,0.8446438667127477,0.7586936802470814,0.7630649045350667,0.7781704092523091,0.7890545948044542,0.7446118147445233,0.9138394333207618,0.7781609925407154,0.7735018075412997,0.6522133530201567,0.8460231760559817,0.6193015168415813,0.9064925676173781,0.7238346675859352,0.8329865532825671,0.6804765534745245,0.8308403480240418,0.8533376459228612,0.8702999493079863,0.8273558473332878,0.868857879832578,0.8068502012099207,0.6620289129577025,0.8585321997696616,0.7846693500117546,0.9428620720199853
0.7893308656348176,0.8686355587313825,0.7902026819226318,0.8314566260472518,0.8166058018542687,0.8130290033266725,0.851347454089523,0.872790619314074,0.8046068335880933,0.8314258951419126,0.8436371030082092,0.0,0.7529704855121122,0.6859486082957709,0.8057451021915338,0.8130342271404274,0.7821275679627105,0.7147985257040026,0.8698826424368507,0.7467497781381174,0.846628176124994,0.8030264398144871,0.8706392961868358,0.861978591648093,0.8913749648868172,0.7797584221092387,0.8409589892769055,0.798588971737694,0.8406390451971625,0.8596367157487123,0.8868455319288148,0.7657817424154731,0.8368977108643311,0.8530164281701657,0.8133087095670574,0.765979722118154,0.8253758633411764,0.764189499856623,0.8412379481181069,0.8227419556878783,0.8056272247397385,0.831479636833964,0.733643531379553,0.836716786733195,0.8383304067208974,0.7188015561503488,0.7507203307757435,0.7853819416381647,0.8353407532356051,0.6967357033570678,0.7692148671285219,0.7913481634819733,0.6173796545878159,0.8463694298945349,0.8214068324620185,0.8086651333964311,0.7473339758552315,0.9467042371998565,0.6653051756394247,0.7262351826259665,0.7305609810161793,0.6148396524800978,0.7015501241530655,0.669512069030509,0.6229261508083903,0.621794959358578,0.7242386103063801,0.7122939624798199,0.6739293897505468,0.8424498340214766,0.7301704165731706,0.692958545675405,0.6812086945736642,0.7706591853195168,0.7383386983652309,0.7036709046499612,0.7242870605177908,0.8984062589613377,0.7264234770137473,0.676020619342541,0.6628558508198018,0.7948911242749825,0.8354579881931934,0.6981135471818212,0.7523473042868521,0.8365057099547061,0.7949664955105149,0.683122991002964,0.756522088122646,0.8004603957737768,0.8223918728731238,0.8460329032424624,0.7799642892249402,0.6865063024930311,0.7088258253232359,0.8994647011397862,0.629226091744467,0.8710151068404736,0.6723218755667656,0.7611385721012274,0.7226061719660994,0.7396076864578539,0.7479477006820684,0.8607351487702761,0.7155201423563592,0.74648153109814,0.6721335840176761,0.8618911990419309,0.7423218640304399,0.8212590788884765,0.8725603248325287,0.7427147033020288,0.7063614344498806,0.7759547802853303,0.7120203130203666,0.8444340747444026,0.7588347407374452,0.773027813746423,0.76371773838065,0.7467993139553143,0.7258937333053043,0.790129287628111,0.7498094690875575,0.8453987478239798,0.68965462140711,0.8825983957581361,0.6387340811530701,0.8337800399053978,0.8164980129319609,0.6879224629536427,0.7991488664065659,0.7103492257503758,0.6760009342460815,0.7858459211288913,0.750366128095715,0.6178676231464745,0.8037020570427904,0.8198679835379176,0.8177880676250753,0.8363771454977985,0.7305729527235048,0.7201657060909457,0.8110641778584652,0.7122432964472702,0.8218491876283672,0.7924460744484362,0.858891067825109,0.6830393856098992,0.8589300259097012,0.6359385113627267,0.8367040875224738,0.7161087159290104,0.7923874181302882,0.7517065157944843,0.9283985562071497,0.7729706146796607,0.7422137718291006,0.887280584661305,0.7907612985526862,0.7184933975500883,0.629791821873146,0.7877881397711093,0.8616359945433641,0.8288827320375549
