0,1,2,3,4,5,6,7,8,9,10,11,12,13,14,15,16,17,18,19,20,21,22,23,24,25,26,27,28,29,30,31,32,33,34,35,36,37,38,39,40,41,42,43,44,45,46,47,48,49,50,51,52,53,54,55,56,57,58,59,60,61,62,63,64,65,66,67,68,69,70,71,72,73,74,75,76,77,78,79,80,81,82,83,84,85,86,87,88,89,90,91,92,93,94,95,96,97,98,99,100,101,102,103,104,105,106,107,108,109,110,111,112,113,114,115,116,117,118,119,120,121,122,123,124,125,126,127,128,129,130,131,132,133,134,135,136,137,138,139,140,141,142,143,144,145,146,147,148,149,150,151,152,153,154,155,156,157,158,159,160,161,162,163
0.0,0.2853776005723845,0.2695509403704152,0.23531935065337045,0.28882682304178975,0.2675042807272266,0.2558468474661091,0.28484069447324234,0.3338600107579309,0.26378627416811334,0.30580098352953644,0.255013847413569,0.35798837965593344,0.2648314304927571,0.26413812750322074,0.3008607884578497,0.306876233422479,0.4070281987055348,0.27912360998866426,0.40142331940291537,0.32031827725414785,0.3136668709516519,0.3007724026470204,0.2751261597943257,0.35181466154459073,0.25214317813216014,0.2421449479176432,0.2959780047752379,0.22000363286711205,0.250988638360618,0.29836231877900454,0.30435204773540325,0.22301159436883988,0.28617741143956205,0.3633753695325981,0.26833021055955775,0.37994007777407035,0.3283740959038297,0.23632554988719806,0.3038973100112906,0.23639997410988256,0.31781510100482735,0.2935393535271283,0.2762828907972642,0.29016683823370837,0.3183552536871404,0.26515511932101893,0.27623078911942023,0.36286145152945865,0.32493391738771543,0.32301354890626405,0.2985437091211679,0.28340444066266496,0.2508417164205439,0.24919216640048614,0.2949664308242509,0.38485329069826363,0.28619812712251624,0.2666117505126999,0.29567770673402577,0.261871563619851,0.22752249318322346,0.3041938239987131,0.24263442776815633,0.2804793986306034,0.29276750463425844,0.2901149238683326,0.30927658999311347,0.2518367056892054,0.3496305673324899,0.38294381644547665,0.27803756341137775,0.32543617759822974,0.3143375144683229,0.302898281046128,0.3206798720305531,0.23976679951037133,0.2690036255860344,0.2791093008764451,0.2218549019322495,0.2702979187929475,0.36870094895414857,0.2866052423092834,0.28305243049508394,0.3050841519215937,0.35946527969324815,0.3126503684635544,0.3121108851188907,0.3333310510633757,0.26284652543228065,0.3597630677539641,0.2801294970231026,0.3072542557439916,0.32359081343351265,0.3260989096282383,0.2534298618819811,0.2114627062393744,0.2568797067882288,0.2511465265964703,0.30861301699040977,0.254635261633271,0.23164387745541276,0.24095417356548587,0.2232263935187636,0.3328366909276216,0.29395542083896886,0.24946647345901074,0.3260931976505072,0.27679684844953506,0.2821892672149873,0.2856671796154171,0.3351789339712499,0.32157471189366665,0.2734166177939177,0.30497593827278596,0.31912566860866975,0.30660580851848773,0.2929958576021253,0.2360647956946487,0.28386193648070296,0.28427197266509535,0.24260315348644398,0.32687965606797525,0.33449689859504167,0.2837126359908273,0.23714055010492138,0.2442448215509685,0.22662966712845667,0.24065964753298785,0.28000916452131785,0.24810633917217198,0.2684007823531182,0.2565287397913956,0.3404186054407162,0.2754371868574594,0.2566311273642277,0.2879384690855598,0.2897206126293001,0.27922384313759313,0.31810731067652714,0.21902372952906726,0.2783340029356611,0.3639109032304166,0.27739332510982023,0.3103126576460241,0.3311553212810624,0.31058206117541626,0.2396655090576338,0.33497131201043245,0.1818900678372552,0.36244426312373296,0.26935262920149755,0.3093202696344436,0.2023549434248255,0.28976464799481316,0.33395652369006606,0.285966143761785,0.26995667050663696,0.24569979405857045,0.3038147738005103,0.24092696792497056,0.3404066969520894,0.22925743704514678,0.4554841576467612
0.2853776005723845,0.0,0.290597123432528,0.25179389384743256,0.23814039296082093,0.32078367956842063,0.28451542319945655,0.35584035900405026,0.24756324007799316,0.39920641632805565,0.29398575024356277,0.3198522078963302,0.3009433809434937,0.2664549237777863,0.2863265519743837,0.2674039452388836,0.26197473836771695,0.26877539656253696,0.28787172522658305,0.2713923842101603,0.2888006355644895,0.3462795730699199,0.31497037009313905,0.29528058071410984,0.36699578329928634,0.23535294271753618,0.23733046186300294,0.2634350481476267,0.319481586112998,0.21732338977935697,0.31584771347408996,0.28555353025274177,0.27398992394576904,0.2626486029267949,0.28724841490476033,0.292446201046168,0.30396830526073293,0.2690567233719824,0.26259976225977366,0.28733682941019895,0.2888558354443761,0.2850431464978,0.22042508862095925,0.2451241573482674,0.344911164379002,0.26190702660106097,0.2710352563779343,0.2559614658802372,0.31845582253645854,0.24399378040607175,0.26595529799972795,0.26019903610465206,0.2762816172195656,0.32718994554799674,0.2982759826667411,0.31016310148704146,0.2654170561622749,0.2618501679079194,0.278537305042807,0.29106447313609796,0.29380765062702385,0.19504204744135784,0.24012407482857132,0.21607671334877762,0.21578164145909465,0.22001285748187852,0.263837595122572,0.2663314270284224,0.2208681634922062,0.2974673500770476,0.2589039834329378,0.25233771526153304,0.2191593917144124,0.29600361150146587,0.2730015121471047,0.2584124553572593,0.2338719522242434,0.33746092622924395,0.2419816647429655,0.19941228425776136,0.25559013922288365,0.26857639350516815,0.34562434752568805,0.2698149269452733,0.24150476635177756,0.390166613748239,0.25362617591474745,0.22872937408684785,0.2788089735176232,0.28663446413345584,0.23940292082477047,0.2681945997416166,0.2906123774866707,0.2570749881183522,0.2700300480665001,0.3467219102477225,0.22010299782345058,0.2839642524147078,0.20750377211849053,0.29518157490756003,0.25494271568569876,0.21168163457752026,0.19358996437099923,0.2565104767943239,0.24463302397529793,0.25680167987615626,0.2240050975353003,0.36237888146325226,0.28467226247008753,0.3436660790668011,0.2641296132483645,0.23763241107207028,0.26263188955756217,0.2276750140944952,0.2936110881906944,0.3402260636043821,0.2926523557326179,0.2335344578291706,0.25373892646654483,0.24248166197856444,0.24034050129212695,0.22968417304099223,0.26450393546195383,0.3196391232364513,0.23377639824556443,0.33509924679964254,0.21939778439499347,0.29558777620974575,0.3210167629344967,0.2563732855198623,0.25971239001825497,0.23184891166789673,0.22676243076807812,0.28466188202903653,0.26528186021753786,0.22115225830485422,0.28469611353607327,0.2794823923748215,0.2894498755013518,0.25541387445019426,0.2512769847738858,0.2678841591576651,0.3308292123787741,0.24895851926094598,0.29521346602022536,0.2635621232408511,0.3097538019845698,0.2748442015129289,0.3746133578260646,0.18829475411479132,0.24916328148937206,0.30282600764096806,0.24171607404139142,0.2694925613507034,0.2909780959655073,0.2877162747820803,0.2715894739487091,0.31685549469625035,0.23665554798979616,0.236106790628367,0.2781615882298628,0.29485339956505047,0.21376299042465946,0.27173610915454954
0.2695509403704152,0.290597123432528,0.0,0.22097490777774345,0.2656323031574269,0.27487775015974303,0.22782759961163548,0.28682960903565075,0.2226216207277603,0.3547526278953728,0.31220364896875313,0.25678165878758896,0.328356735781895,0.22606372843868855,0.23854818079434056,0.3640262188920858,0.3143083388705268,0.28720327869001455,0.22740109922293125,0.22964843577274052,0.3009259787701095,0.40143939922171784,0.2510504351528794,0.24907520539542535,0.27668740450078205,0.24524426695165677,0.23637510923255076,0.2591318764323957,0.24490360573100767,0.2299315238403681,0.2176725801191781,0.28278512031791675,0.20495041083005522,0.21719392341331148,0.21550414521813177,0.23364002470203912,0.28361023723853096,0.2545326011040177,0.22947706454899078,0.2597342344430436,0.21787789190943127,0.28612963943314673,0.23567791048118808,0.2128536127132694,0.27706529466894,0.25426875275211597,0.24211386428688908,0.25445146106532013,0.27122945151268346,0.23073767761447447,0.24936251411783814,0.24734925021344395,0.20805106260464828,0.26541678696624016,0.2513747253813014,0.22141583228170542,0.23537896002655823,0.29291287399458865,0.23800187171559886,0.23729724909655087,0.2563790914160769,0.19019693382528707,0.25642303084928564,0.2015906482814995,0.19475599261062065,0.21352583965848831,0.23377451591345078,0.28383291025145485,0.25925372590101214,0.29702332817143845,0.25913600903557005,0.19912148364037283,0.2268202006964947,0.34465603157437796,0.29271158148294846,0.19840199142335183,0.2652812202197141,0.28840670226580406,0.213841951972446,0.183102371256021,0.24063911554341222,0.23805916110218908,0.28247398581985916,0.2559972170774588,0.21765131581565622,0.3047634862159849,0.2217187678794943,0.20514400861341905,0.25347880552420937,0.2069551812599142,0.26045434012582547,0.19463934945757508,0.2610350596963793,0.19709454215534594,0.23790718213487058,0.24087336823300018,0.18703757264591936,0.22397556536193397,0.17769173881056607,0.24955349703354693,0.19052244700003174,0.22384794461831872,0.1765078692136832,0.2285142081940336,0.224744916299683,0.2901929623070276,0.23129923551789536,0.2902531973766945,0.24892058255042523,0.2875428403026098,0.23273281448085775,0.2095367973823641,0.2252117047521512,0.23234311195057633,0.2256532081758914,0.3017378328789973,0.2161292925162129,0.27652106621615896,0.24668004099334673,0.22865470639721783,0.22852223280860767,0.19915641525646316,0.20946866835780176,0.27013630111393244,0.17659058685764079,0.27664618755566966,0.2043056197595951,0.2523775735952211,0.26531695261915933,0.22928832200909405,0.23229046232685605,0.30255299973790195,0.19397717407658674,0.20601924328153137,0.23654322165811326,0.1894411050728655,0.21876512588330077,0.21204434599947733,0.26497995831393034,0.2281983447297471,0.19521477139819401,0.24159088922393931,0.24802470597128043,0.23469329574962,0.24529405871862764,0.2081484935783041,0.2681537281809378,0.2688226338008105,0.32189680937827214,0.18716883960948583,0.19815911635298056,0.20407965078595286,0.24808728740345815,0.25235900288343965,0.2597424920419027,0.24570654537307196,0.26138363915794227,0.28787034518907373,0.1688073261177859,0.22819209795813877,0.2574763441458707,0.19174140192304104,0.19866865777383175,0.2695781921177002
0.23531935065337045,0.25179389384743256,0.22097490777774345,0.0,0.21005452826266988,0.23582659091760838,0.2818387565575133,0.24958530753566208,0.19067388031923732,0.24280143944002602,0.252220104347568,0.23393860394106442,0.2509406896768205,0.24592861404388977,0.2776707197698338,0.22092933410861926,0.2506806481954555,0.26173306078662506,0.26357471004326244,0.2159379432574863,0.2776038382165968,0.22334199070704625,0.2661326382830364,0.2197219489451568,0.2602213161410097,0.27170388592943434,0.22750198866832988,0.24985518816556238,0.2396132427825199,0.17228338147840655,0.22800670620075125,0.23541164363840172,0.39443190146157464,0.24499294710059896,0.2510878228787575,0.26621444894240126,0.2497849747388798,0.2561385818792964,0.22464437565726178,0.2997439474038765,0.3040902987337935,0.2149059183506825,0.2382368048252847,0.2687425897412095,0.2529230819165721,0.2679740670764967,0.19049954594603,0.22816742931065764,0.2692707544624775,0.24460432772798815,0.32307178364592865,0.3017412032747198,0.25618007300259865,0.3434259441462583,0.26868698005281333,0.21162854896865937,0.27738319805753126,0.24154782829290422,0.2702547343543787,0.2864816194818266,0.28582339904584586,0.21612340204810132,0.2797445744646834,0.18923112119314184,0.23633458408173993,0.2541104349322621,0.2847113944810432,0.22030351461501313,0.23190167813425444,0.25430108028646026,0.24414623870805985,0.24048245944294058,0.2275907735196597,0.3400918517885444,0.24917996873723863,0.22537371787669694,0.2768234533291833,0.269565197844701,0.2584005347650059,0.18689969658801017,0.2442134509870419,0.28112386035762243,0.2245643277347558,0.2583869974052472,0.27566907347610853,0.258488208413545,0.256145142207532,0.2670360525919523,0.266381454359169,0.20376636059576028,0.2637895368789707,0.24889346142138477,0.24737551041893982,0.23901245623122255,0.2783450920408509,0.23667058095265098,0.20711189851412073,0.24912612992963698,0.2000628106220316,0.2826217145655445,0.2284698813963419,0.2356831715283315,0.2816517028764735,0.2496620888104661,0.26034376745451066,0.24104408752335088,0.25058622166284306,0.22868185420891338,0.2777031136160014,0.20985661131250247,0.28782216665358556,0.24944511298829614,0.2950869298546374,0.250305409509538,0.29609361503948467,0.23860592421921206,0.2756341636410746,0.19805007474666736,0.2724516780544571,0.24851936358237806,0.2267613996241578,0.2951906793396864,0.2320424468192862,0.2701663696532452,0.20098256030917844,0.2566994154308569,0.2335775623708786,0.2116150160292328,0.280665618416692,0.2920433260510249,0.18313473140759395,0.23496504223317896,0.23731525841246692,0.2525521070248851,0.22636259093706323,0.20238493968121968,0.17920015003546172,0.27903973474030014,0.2551084435244616,0.24983400776164627,0.3724195032729983,0.21881821865660578,0.29631428441090607,0.24100275150771994,0.24919078204765593,0.2348120928114738,0.22724251477349097,0.24324267325170867,0.22060382718847815,0.16141667709927027,0.2657076135456264,0.2847024523133075,0.2336692137416959,0.20071668864545533,0.2803479901315718,0.2429919929995191,0.23506175131576793,0.25494010403166073,0.33861407801325616,0.2504942399605771,0.2857391618378253,0.2478587225370772,0.2346958150367609,0.23864422246165568
0.28882682304178975,0.23814039296082093,0.2656323031574269,0.21005452826266988,0.0,0.21044055286751184,0.26574573109238786,0.22059068901247098,0.23073733404140642,0.23551827524919494,0.27704006733091485,0.21430425648681706,0.2364090317452358,0.22773126838784738,0.2706820715163083,0.2657322106006789,0.2829822855617807,0.304232282342201,0.22495631837381985,0.24257323601947514,0.28067807701903025,0.2895247636100849,0.2805477415479513,0.2439679953901137,0.24110029599280636,0.22257812973567895,0.21736366819448139,0.23434980378762924,0.20569416531666188,0.24357510388250236,0.24321728170487267,0.22225184722777075,0.209068252477494,0.21360351925210366,0.3036386668987988,0.2539608462331963,0.26088118150379513,0.2568537881452733,0.23513629634440258,0.245053993435411,0.24205183897108543,0.27528212284295617,0.25791107794699536,0.2570425910903233,0.21473300613802002,0.23384522541639846,0.25922094978991417,0.25846299826369146,0.29726809904073315,0.26652841944878897,0.27567078817765583,0.24290105174995633,0.23836150572841713,0.23057253729942198,0.22652158640822284,0.2050729905045063,0.23939925304191428,0.2884017553733089,0.23788810899183496,0.2372094344581728,0.19653898129567773,0.1883771695980496,0.2469058424087527,0.21956177932041537,0.23183047537792137,0.191135283197778,0.20421053672576933,0.25353885348008426,0.23302748138549972,0.27902941846312174,0.25940794471247564,0.22985608921871006,0.21080913294755702,0.2645337576495574,0.23350053519810066,0.20718200437332118,0.2227859089443389,0.3293806680898586,0.21037902108747056,0.18514102650955214,0.22900385017886468,0.2731690833440328,0.265900809048614,0.20623722354793617,0.2164546594899142,0.2457244909550879,0.21563813195798126,0.23092573236752634,0.22300299409949015,0.18582797028265613,0.3539869810163109,0.24039553274452258,0.303055931397008,0.19885143739757896,0.24939258519055776,0.2118920419888542,0.1727787440371879,0.20606262091940486,0.20965909009704375,0.21896317215029493,0.20436706462074083,0.19481801175567973,0.20146673689537756,0.2011272204278172,0.23112753379810994,0.2388366481610495,0.2034118175124846,0.26450598910830825,0.2613862976861921,0.23236504403145128,0.24009590996389762,0.24082425642581504,0.21493794855445578,0.23474409030796037,0.2225636105930995,0.25171517720808834,0.2258370921722657,0.2467056215397011,0.2077312195652689,0.24259325631097045,0.2929861620891274,0.20837978932500906,0.20745403506280752,0.2924028579847757,0.21256654970171251,0.21265762357479234,0.20024219120721845,0.2135631507764454,0.21246578453183518,0.23474536704922472,0.2098849934122444,0.23449804518626707,0.18115738586646454,0.23912621921321914,0.2196286227568869,0.22937580375949784,0.21700518497340798,0.2763748893869868,0.23201144478996014,0.26395587677374305,0.1899548084980148,0.22924041587234337,0.278437179808725,0.23857309084348427,0.24645959530885192,0.23108606717663907,0.28106802108492546,0.23783319634871222,0.2340617085778279,0.16833956976807005,0.22705920038558539,0.23261794173505362,0.2782528386781088,0.21066761634707315,0.24360706572933344,0.2373804653677035,0.21170625636353024,0.2527259494422728,0.19863795351887917,0.21451885406519264,0.22072461038226193,0.22610748415098,0.20377214882686676,0.33464017630804105
0.2675042807272266,0.32078367956842063,0.27487775015974303,0.23582659091760838,0.21044055286751184,0.0,0.2369392253244779,0.2959344901762988,0.23061424962664867,0.2752381147886312,0.2717452849206739,0.326154265051192,0.3001256968290172,0.19440103143903584,0.2386307301238797,0.29176059769661283,0.25827587087535026,0.2049015245608963,0.3030971280837516,0.24855557856807667,0.2909380763407893,0.2689579652618621,0.21443560464252928,0.22262468439290772,0.33871709630319946,0.21437617382753918,0.19457998407450472,0.23244053430967546,0.23913795103934168,0.22079364347781377,0.2787666127688332,0.33638667494099955,0.24594523083960648,0.24828531173585777,0.24135902570587522,0.23860593604258878,0.28893067487573176,0.2318322262338127,0.22819719918517348,0.21565679385525882,0.23954570658784577,0.2788583759868448,0.22589951199582112,0.2745832431210857,0.24959469967806028,0.22181019654012019,0.23165315673346112,0.2537031000690851,0.22661657184124726,0.2264458198561261,0.2518818313006842,0.2988540910187066,0.21574252180882567,0.2880450646098495,0.24224432678705055,0.2931828851412526,0.2409893736761204,0.3573065651317087,0.19823946807937073,0.218202684523466,0.2866145687545643,0.21364098996168604,0.28131457669333354,0.1805481550058413,0.19727435747824976,0.21445736301179794,0.22596970821969695,0.2588820502757389,0.18999396844309102,0.27050795689188833,0.25147322351094775,0.19035357592791433,0.23166773483087771,0.2665670304187257,0.2829750933454513,0.22745478341353317,0.2319474388654066,0.260259919253992,0.20840233242047074,0.23947396144008676,0.3034712429323921,0.252862655607742,0.268350081067475,0.2646218448742771,0.23978767463493011,0.2826361872129621,0.29191037156406985,0.21011748255751297,0.2739036589144766,0.22484897036690427,0.24610779330730775,0.2776367167427547,0.25148008794296933,0.22231390555063874,0.2185044122459204,0.3118625450167915,0.21925803334141952,0.31578289225803063,0.19219113836313026,0.24536800210647147,0.20303558051134132,0.2171122918637542,0.20970245473422688,0.23213058901483663,0.240623154769072,0.2672788418548977,0.24249599637147867,0.29242541471759015,0.21567325462091638,0.28167302745305756,0.28695539757535227,0.213862161042847,0.300447234474335,0.23721415358544573,0.2281100563110938,0.27091070361865316,0.28444358096348593,0.21226805548703387,0.31096327294963444,0.23820971124433404,0.20863813636111925,0.24759825723718265,0.2609258381690367,0.2789998051377747,0.22727474801806338,0.28679739899207546,0.2310371245213562,0.23099277775121863,0.27265127286942914,0.19601295781122058,0.25157983741086476,0.30849234767384676,0.2195611760281729,0.25776153581431976,0.23892545575355087,0.19856676683391386,0.24468452958485534,0.20464985789717072,0.21541543336507368,0.23180483884311434,0.22752792646534173,0.2666708206082914,0.2504478827118402,0.23884603657094608,0.2591464269739567,0.2481764774050026,0.2875203659141445,0.2567266074901045,0.2937413322755676,0.19317322871142498,0.23920336675667947,0.25683892083958343,0.20054118185715275,0.20506640747098037,0.32734662618881055,0.2492900047866429,0.2407565632388346,0.3292351302609816,0.2031628432254905,0.25177227287474907,0.2206018777373958,0.2746123898812365,0.20858178418928644,0.24930816965791816
0.2558468474661091,0.28451542319945655,0.22782759961163548,0.2818387565575133,0.26574573109238786,0.2369392253244779,0.0,0.22698333826642408,0.20088220627197034,0.25925220038732716,0.24108700125248195,0.29160322087082496,0.25528460711594586,0.22706900952610687,0.37112061863124374,0.20882685193771833,0.22669872328790702,0.259374777444104,0.25984488777565795,0.21302901743356947,0.264333097273967,0.2714396129075996,0.3491963131405931,0.3098231856740906,0.2811094778591321,0.25859925991419946,0.21876652481701953,0.2193234730389859,0.23632828401788813,0.20580736279488943,0.2698869872470981,0.23256914318592423,0.3104264067754842,0.2690272269008547,0.24386226066714298,0.23838167746090994,0.30807398896662136,0.21587439708466957,0.2424236437789249,0.3032095264726266,0.32496719189560846,0.2434024873621098,0.2610364702986066,0.2855688287770257,0.28599406907192665,0.2741580599113254,0.2787372451631845,0.23567152595022972,0.3545287483225828,0.2257554815340465,0.30769515665342967,0.26342568055061766,0.22486321927122047,0.31169684406914716,0.27167160998779294,0.23536783892609678,0.23704228675592262,0.23691611097798493,0.2752240649662445,0.24447523539462482,0.21202549563142897,0.1942430460238625,0.22268334233110817,0.1963182381460288,0.22907571289885728,0.20550490660748458,0.2647911603970598,0.3026427451468707,0.2087283873735452,0.23494667531489072,0.27760396768347284,0.2245657885607275,0.18871967179776108,0.29059153633867,0.1914827607946842,0.24258589304254155,0.2699371074154245,0.3316246386968716,0.22467322948612314,0.19054069655789269,0.24163118615562387,0.2767980883372732,0.27457717860259956,0.19463503525146902,0.21204843881912105,0.2594240423246868,0.21279875067260293,0.24325828997552898,0.25303438262181405,0.22133136921427346,0.266515545463779,0.3374857096008765,0.2579447807965474,0.22808812246914142,0.2383034346695905,0.2998672004263631,0.1856801727138939,0.28499962110127597,0.1979799019170588,0.28168624723694186,0.23106514096486888,0.21797157310861867,0.2527482323314872,0.2590159848655012,0.21043517142027524,0.2587005522746532,0.21321237682951166,0.242663938624833,0.3272908301158671,0.27554748102847954,0.3428192745230748,0.2253422684716307,0.22592380146373556,0.19438069659858417,0.2396568888756782,0.24969438722921353,0.24406386415686288,0.22950807726639438,0.23344684378165367,0.20831195860502827,0.22511772599378768,0.22221797813146835,0.20890384174385515,0.3361186929352473,0.1926340957845391,0.29375179381924726,0.19552832420448904,0.2641249413863317,0.23171209427242692,0.27179482672936,0.18683767066928358,0.1943998609365299,0.18348192038176164,0.21754390448216906,0.21529550373906292,0.2274979229358047,0.24024177272399033,0.30048772026070014,0.2441279951794336,0.2749963909184747,0.26858105740118665,0.2047135716326964,0.289596309433429,0.21183958145456874,0.2637036905668174,0.30226797473778033,0.26758894996395,0.27885244971522044,0.23753909399254394,0.14690335056493536,0.24436390231327926,0.2628799545862243,0.2233037730322245,0.2654341131663435,0.3205864969533172,0.27680266015821037,0.25631552528854507,0.3100044906852917,0.26253261796889577,0.231628395165774,0.2692366526073895,0.23051535043237115,0.21964657414226166,0.25669417780474624
0.28484069447324234,0.35584035900405026,0.28682960903565075,0.24958530753566208,0.22059068901247098,0.2959344901762988,0.22698333826642408,0.0,0.2732003844476167,0.3293154007219443,0.2526052724278003,0.2958330322243457,0.32014101683119206,0.22200559781987816,0.254880948714277,0.3029831457016386,0.2891752132057722,0.2631345503091007,0.27374532195601436,0.27662739524940644,0.30986309666185574,0.262670593946214,0.27191218937509015,0.24212029611288033,0.33377047029010065,0.23660280706168252,0.2632508513247438,0.2779445494791555,0.20912529442159494,0.23269526756212675,0.3388079631794914,0.301638567688589,0.24044745728304834,0.2729810515981443,0.259321055458234,0.28501543110085786,0.3230415962523114,0.2978504028415793,0.2631787859616691,0.2605126323127462,0.2456324086268147,0.27823956937618394,0.25809256159579125,0.22775144085045826,0.3586493151417693,0.2831359267692103,0.2575865730648542,0.23728795325056884,0.2909185275271527,0.25426957152125873,0.2707830897914293,0.2549465573600827,0.2532649210631279,0.25945916556939613,0.2545180657107408,0.2872638251699192,0.2734232398585368,0.3178049682155138,0.2629316914333318,0.27086367033967856,0.3675000364096775,0.2107990483790547,0.2725667044311193,0.21885793918546576,0.21443147813594923,0.2379870183407717,0.2658086926042301,0.26842725991137745,0.2506760553245181,0.4022929093971833,0.2649412664870777,0.24044423692320535,0.23865138492724447,0.3269080007559753,0.33570930664505555,0.2470643361084003,0.2768744926091693,0.2805629820799941,0.2950732341215516,0.19101798651620328,0.26000393792899834,0.27981556216112996,0.3211261718329153,0.3183804748488317,0.2753377512852353,0.39912184173934395,0.3553480024208918,0.2579163424016,0.3627816085522421,0.26951611860211866,0.24385382714116016,0.2502048960203623,0.2674269967363629,0.2366294493342396,0.27349951203551043,0.2812981918032951,0.2455528344637034,0.29247652163423515,0.20236600002386107,0.30699835210252796,0.22761347265328022,0.28224419976369847,0.21192508014759806,0.24832912394956846,0.28309983453671506,0.31078997839956507,0.2729287751107661,0.36041942737227245,0.26145021702263105,0.2870544521604055,0.24186914721831068,0.2514740232126816,0.2789553150610737,0.28021233254684885,0.2736746825088571,0.30380964388436604,0.3009864064495261,0.22907405385934718,0.23272453118228675,0.2554454616270878,0.2272236449383962,0.31438303824815667,0.24247891239595132,0.29024324826672837,0.21528878331331813,0.25716674972889797,0.23172307423981206,0.30364407797714044,0.2792346457832914,0.24651720214598435,0.2902799950373858,0.2710471135930101,0.2614262964683086,0.25015411927591746,0.26143330627692324,0.20048483621530616,0.2681313648963207,0.23742145280560975,0.2775006963426015,0.2854239691887773,0.22969747081906847,0.24304996251883929,0.32462268817335954,0.26542071911817433,0.2885435639349088,0.2709744713220171,0.3315752624609882,0.28466750474639607,0.34035201645216473,0.18982956915104737,0.2740871479092811,0.2821064606738064,0.24619177282059118,0.23896633970936276,0.32719697464470526,0.3099246972220746,0.24863325253731014,0.3220455313257312,0.19629552250779644,0.24856464944281595,0.26566709700525526,0.25908863492536716,0.2398377648392374,0.2567726469143776
0.3338600107579309,0.24756324007799316,0.2226216207277603,0.19067388031923732,0.23073733404140642,0.23061424962664867,0.20088220627197034,0.2732003844476167,0.0,0.2169356649778306,0.22129657897836427,0.23264383655986967,0.23635248746468307,0.24856701460733305,0.2160100122233491,0.23812318905682228,0.24495673305564686,0.30097574664060645,0.2276647507982242,0.28675555317980556,0.23213330154060682,0.28266587333644294,0.21996961663867975,0.20397439361026704,0.24363820375847622,0.19534115512985592,0.2477384142506235,0.23807822912876925,0.17639695956775764,0.3171237974966651,0.2871218234433861,0.2519000498078816,0.19235367831905234,0.20891380660309516,0.25754845199174964,0.21317041909024664,0.2375280580165931,0.29733127924169234,0.21700024122957334,0.21112131001155474,0.19492694509543695,0.3325578452274701,0.230432338030283,0.20280159194071817,0.24197023164269366,0.23401671485602216,0.23390281141307379,0.191660070523744,0.23592603243934976,0.2523828989989358,0.22687389290576784,0.21841715797849032,0.2553454113726024,0.1998153948750528,0.19288964623223545,0.2978024476428739,0.27074655598108877,0.25561722445577145,0.2220428325127421,0.22363322800722532,0.21375510207410953,0.22088390309839426,0.23227541437143578,0.2187643251088516,0.2526878546839749,0.2261087702260572,0.23819099666507626,0.2512684689561478,0.2284126367237093,0.2795971633448074,0.28774395133771324,0.2420206621711166,0.2761769935983786,0.2310971563105218,0.2884581064183728,0.250703456809877,0.1970160516588655,0.20517563586869045,0.2367125021299779,0.19501198000407938,0.22143298198674277,0.31684486284903296,0.2958021997104785,0.22491573820434363,0.2653985346851922,0.31160553909374705,0.2568025153689915,0.27505632070628105,0.26564853259838395,0.2995206703705089,0.2715735258607779,0.2631770791943798,0.22762567795151262,0.2372169808460525,0.280890585307431,0.2323091461025172,0.23581071662085193,0.23369628051896577,0.26337627785626044,0.22687825998766512,0.22415757641882508,0.19462699725105942,0.21079131097200143,0.19418234022689138,0.2897850385600093,0.23563194132127163,0.19940960391822707,0.26172544157677724,0.21233328332548818,0.21025673321504965,0.19779002466253867,0.27730739283326306,0.23910656679709844,0.30374819568624023,0.22852885250332988,0.27363394264525065,0.2522136573636008,0.22120129727945628,0.1709762588453288,0.2662527716036125,0.24044039622939847,0.2250611636621607,0.24150180324745932,0.24024129895968147,0.298703624702631,0.19124478764230737,0.22997197548464,0.2150885606725184,0.1876326722615922,0.23365302341461266,0.38066477787368774,0.26147406385501015,0.22707584142424478,0.30751371151800044,0.22050845110329664,0.21331235823374595,0.2585144372191008,0.21305657434027622,0.23084288997725497,0.26887104584020066,0.19291528116243495,0.24322613969936524,0.2840123063326729,0.2802581522710418,0.24002792781204838,0.26505284065386225,0.3391540213344623,0.21172331117762308,0.2599784524194581,0.18889666899462146,0.2740147508913164,0.23367210519423945,0.25127686044149034,0.20316865192254382,0.22275464038030385,0.26632501371924217,0.22115013939943096,0.22754091374427646,0.19999860693079075,0.22821432564945646,0.1950351338345295,0.2832041306306539,0.2510279040678592,0.2912552410342475
0.26378627416811334,0.39920641632805565,0.3547526278953728,0.24280143944002602,0.23551827524919494,0.2752381147886312,0.25925220038732716,0.3293154007219443,0.2169356649778306,0.0,0.2538973064095068,0.2731612065530511,0.2876408285610593,0.22495137808039897,0.24808222345448117,0.2613574583403233,0.26537351132498155,0.2733407379038504,0.25271975802077173,0.2322777670083609,0.2676991345172149,0.2778353866037097,0.3182370314897889,0.24313942798231442,0.3711167838538351,0.2180036261112021,0.23250310876801636,0.26609292617868374,0.2886174236515984,0.20269529082256485,0.26909628937649643,0.2764798054940831,0.2105730100786291,0.2529983675112953,0.24926348481498073,0.2516487664957034,0.2869471264360312,0.2314708621586723,0.21567534290037071,0.26447675302297546,0.22026913959565775,0.2824443224003335,0.22123976035761464,0.21432700913869662,0.28342410122968154,0.25087686450031615,0.23625583458864904,0.23874399868110385,0.3219165344531439,0.21211933752801396,0.24762370270296838,0.23241479453905642,0.22577651662008905,0.26752557666953464,0.2756663204190698,0.27224769038938623,0.2339707025732887,0.24101025698961773,0.2712884770138505,0.24412701885900773,0.2762399987482639,0.18543590087974876,0.2240836520713276,0.19900554010120824,0.2050482966226831,0.2123533885830749,0.2388165685716696,0.2535990118982949,0.23221314310420832,0.30013232713653915,0.23121011231183652,0.23148750384872038,0.2072543357115378,0.30340245172455,0.2537143706962747,0.23409964698358718,0.24132255787303022,0.2995503953978019,0.21529688159820703,0.1891617961317572,0.2550345326579433,0.24927598461544342,0.29656529312392654,0.25584913506894397,0.2322402661843659,0.30707794224389817,0.2446299828778678,0.2250562950937062,0.2920966583312266,0.2255701527698671,0.22867390104316046,0.23352054793768723,0.25538022878897765,0.2093753843909764,0.2552546288156852,0.2837629994070044,0.18185281937889303,0.2686768529539112,0.19192164895376304,0.2876815539737271,0.21477221565740273,0.22385535952829846,0.1960116542345622,0.2708598122700308,0.22024395394591853,0.2522724311644162,0.22829523637791943,0.37718977586410024,0.251899932409659,0.2994270351424093,0.24114006069090752,0.21769440842891347,0.2572200271655978,0.23394429881291914,0.23888059103907835,0.28422763198063145,0.27505007110665786,0.2695136559271487,0.25809014591374324,0.24181933909709552,0.20835303702660268,0.22163871984485994,0.2205123409230739,0.2821579202166074,0.195982768569508,0.28932690893051133,0.21625159233134114,0.23850383322310972,0.31061768916705573,0.23151538051360548,0.25451331180495185,0.22771265793429538,0.21123372137289673,0.2197076278981633,0.23009465125171574,0.19382356784627416,0.23618448740763362,0.2384746994620579,0.27458329154205574,0.23928365921968076,0.21937550769042244,0.23919563311306583,0.2912923808692059,0.22280755868139396,0.24968926142377057,0.2503398639296798,0.2438015538477514,0.28729395047722356,0.4016229923632437,0.18097133586042782,0.2202573246102809,0.26858783811833287,0.22142634468315056,0.25192161543412067,0.28276781592090544,0.2594270517797819,0.23211578537996574,0.3191041681338225,0.20414167746556514,0.24324011562189302,0.3057945602639564,0.24358058374443126,0.22052432325826044,0.2406052217264796
0.30580098352953644,0.29398575024356277,0.31220364896875313,0.252220104347568,0.27704006733091485,0.2717452849206739,0.24108700125248195,0.2526052724278003,0.22129657897836427,0.2538973064095068,0.0,0.2617271226057732,0.313581419725581,0.25205578673436546,0.25126981278343274,0.3431715329697664,0.34189574825297686,0.3130880302873817,0.28264167047058963,0.26084867556788616,0.31469539118306417,0.36029060395479956,0.25750186915933937,0.2617166028191657,0.29674795496117456,0.26629336127086284,0.2370531519003717,0.3179600873892239,0.2863946797284737,0.23509114309743082,0.23971036423382916,0.2820603856200363,0.236493619864438,0.22073141229595888,0.2757742477612435,0.279923093076728,0.3203080076122309,0.29475647726708304,0.27944922581632675,0.2640184596241895,0.26326042984493436,0.26210656158416945,0.26892215535033687,0.2809972114857326,0.25568643986800565,0.2425852319288319,0.19989310785998868,0.34618361389792585,0.30793508077716564,0.2494510837564942,0.3091050563211473,0.2567171647324926,0.23574095164602005,0.3393490457918094,0.3184263775111467,0.2014819605865525,0.2887129007008572,0.3241151472992808,0.2650284342915444,0.2616003657888958,0.30400513600538714,0.1854943750869748,0.3012160576754707,0.21381058798747715,0.20330755800002062,0.22486927072228968,0.24982719565507824,0.2571019771541439,0.2959502493463872,0.30936564532372196,0.2700260720629941,0.22203929506986386,0.24974171772778,0.33170724184776695,0.32155684235404747,0.23168595923549323,0.2877910428664071,0.2799430584478938,0.23862102388662312,0.19963030686896066,0.2635274747833956,0.24103382588938574,0.2593741060440022,0.2856807217915311,0.22509031163143375,0.26605443872573525,0.2622828452326128,0.23478475043867614,0.23216006210137782,0.20240074783105855,0.34541652899597575,0.19671730280629798,0.33780583461920644,0.24857896597950485,0.24886113044614808,0.2507579561928886,0.20251082175068602,0.19895308426733144,0.18672153987796744,0.23662168398936848,0.24376816113408062,0.23677675678912397,0.20012837390412172,0.20326407510734282,0.25240095813770824,0.23131106725865797,0.22982383914688212,0.2805715951933747,0.24675747101027218,0.2837682516454761,0.3043538279285276,0.22985027463551747,0.2599845788777291,0.254173035607562,0.27386219063968215,0.27651129038336014,0.2488822772814883,0.2639129319880093,0.2691411206492098,0.23872874528949498,0.2558125381750643,0.21654221075909247,0.2380251439942726,0.3028532391544817,0.21096712149459157,0.30117901275398046,0.19098283179909017,0.2418310930300776,0.26712592669815577,0.24590443999228634,0.20792597058174148,0.2837421004166208,0.2408949378469454,0.2589702875525309,0.2994617938278713,0.22104784638646108,0.23676384145324925,0.24775172532266784,0.2754191375083977,0.2597357785613112,0.2574567804902947,0.2622556513194621,0.24177583855401755,0.24665350798959126,0.31427980762607144,0.21017536357825015,0.24617906681656793,0.25236385663142674,0.25986856550930787,0.19627957904699397,0.28700293525091675,0.25830725221981177,0.3411322612901398,0.20911863580634543,0.2549689417923549,0.26564808495642145,0.27134034399397366,0.2626693757055266,0.22828326529104095,0.24133439929917835,0.24559267845727883,0.263042131367663,0.19346023009828228,0.3585944894437556
0.255013847413569,0.3198522078963302,0.25678165878758896,0.23393860394106442,0.21430425648681706,0.326154265051192,0.29160322087082496,0.2958330322243457,0.23264383655986967,0.2731612065530511,0.2617271226057732,0.0,0.23172123363828367,0.17296455350214565,0.2661834197994178,0.25395632680509506,0.23840450410842648,0.21471663289733095,0.34416293867526837,0.2361504065218646,0.3085974083642204,0.2554759822479777,0.24223427874322304,0.2563012975992046,0.3524465886619778,0.21626633269609902,0.2014412159397648,0.21084783593076,0.23708753350372588,0.25058544565964574,0.3139672477128756,0.2673620450661379,0.25945602108714255,0.2634731284240049,0.2235594763297338,0.2543889739335187,0.2909209385679068,0.2352844055695914,0.2862185320335563,0.23203278100965324,0.2799393101601956,0.24612463325730422,0.26194408965794086,0.28249174790554404,0.2621211114648993,0.25105570703435953,0.28287458141203853,0.2663648136021232,0.25845999689205734,0.2291072024822093,0.29596119187517395,0.2892785118774999,0.2110706754568176,0.32065248813807684,0.30280317447108546,0.24780378988733717,0.26620399265569017,0.3316622437358943,0.20762255204383465,0.2305038210675815,0.22762200255721543,0.19008109345008942,0.25764576789750754,0.18478496974325292,0.20335922241200358,0.21370303503947832,0.20473840857258113,0.2442560040428428,0.19260136849956402,0.24517038675960787,0.24906467035504937,0.19404193769860897,0.18906483141973923,0.2505620012470913,0.23781781226796278,0.22870751042693538,0.22868269182568207,0.27683760986199185,0.2346442466066667,0.18766191794775805,0.24212735616087364,0.2646648343035047,0.298681741843894,0.20822874590163065,0.2287114402420186,0.2852792408496941,0.22892400125351026,0.22505682160226534,0.2731348207229337,0.23256981117970776,0.25550389899092185,0.2766429078291186,0.2630083470411066,0.23853620788472968,0.2098232028801353,0.38524593516504535,0.20347465439876758,0.29092016839953794,0.17682516804516432,0.23185326145806603,0.19846107423896053,0.22879787863582393,0.23285913733798988,0.31905232005436196,0.22602378628930575,0.259590674558549,0.24204563254175576,0.2583246451708553,0.24151794298035334,0.3034074371822838,0.3534417046961366,0.22974156671861884,0.22669504349676928,0.2150238349795454,0.2364591191562302,0.25181203842336564,0.25856414342380024,0.2625680031774945,0.2535425317209786,0.20139172456422502,0.20483590814634706,0.23773617841657957,0.21484467753733724,0.297302673517081,0.18250732968909159,0.3559064488117917,0.18716191704020677,0.27745086356117027,0.2849249433019747,0.21344058195903418,0.2191178466030351,0.2268816206046608,0.1851573210009641,0.23193004728158556,0.2421013817730038,0.19336482603908225,0.29367084415899664,0.22803829361033057,0.22558549978173087,0.28290575729210615,0.22207871257712136,0.21651041861439396,0.26133484180418254,0.2251613545225812,0.2695249890665015,0.2949029063515061,0.34873523213877783,0.2496432488538888,0.32376085401394883,0.17149357964687795,0.2625423989021908,0.2755220299041646,0.2250857117857662,0.23961406855912096,0.3821616288770451,0.24084851911862798,0.2225064317125223,0.325362238982624,0.1968146529466279,0.2194682490225687,0.20147767805361294,0.2332836010609595,0.1997345246516675,0.24462114320553713
