0,1,2,3,4,5,6,7,8,9,10,11,12,13,14,15,16,17,18,19,20,21,22,23,24,25,26,27,28,29,30,31,32,33,34,35,36,37,38,39,40,41,42,43,44,45,46,47,48,49,50,51,52,53,54,55,56,57,58,59,60,61,62,63,64,65,66,67,68,69,70,71,72,73,74,75,76,77,78,79,80,81,82,83,84,85,86,87,88,89,90,91,92,93,94,95,96,97,98,99,100,101,102,103,104,105,106,107,108,109,110,111,112,113,114,115,116,117,118,119,120,121,122,123,124,125,126,127,128,129,130,131,132,133,134,135,136,137,138,139,140,141,142,143,144,145,146,147,148,149,150,151,152,153,154,155,156,157,158,159,160,161,162,163
0.0,0.2982059961790616,0.27037737312632976,0.2666266746261393,0.26391841191810855,0.3024203690035479,0.25227599073178003,0.2685872297753045,0.3343727193790812,0.2931047551555751,0.29663255064989635,0.2584564849344587,0.38348070371031967,0.2698353370126928,0.29442302171069656,0.3185922898270641,0.3315398486391455,0.40975149744383466,0.28242906415080155,0.48440166177099087,0.30561253422412976,0.3100250554481725,0.2606705850029482,0.26177139417781303,0.3695045936345362,0.23470329361251116,0.220895051223995,0.29887136404382353,0.24003127468859858,0.2481351319295003,0.3126287708777684,0.3299175775163746,0.2680529421674916,0.2793198800004692,0.3672631667978116,0.26584012819188874,0.35333736405974514,0.3119900767577285,0.23260262400767473,0.29116966795733085,0.24819425071432,0.2904067731179809,0.3254999287474513,0.3295577294884952,0.29435144532524643,0.347774716160579,0.24864439857220252,0.2921404302558505,0.320178038743807,0.35629436471804204,0.3473041898679522,0.3316851909395119,0.26805164469640946,0.28143406128387183,0.2742032006168747,0.2929903553652813,0.4274326675467338,0.27167642690533333,0.288894906529417,0.32524841705597834,0.2806862191809162,0.24534914501325464,0.3062305949196266,0.23690728116181997,0.30404955948661294,0.32773297554666037,0.293201870330275,0.31974947464973286,0.2642555699966416,0.3136230017911434,0.4188972525192139,0.30467890848694934,0.2966685144010044,0.3159990743478278,0.3160964994795958,0.3069584588608706,0.241826479526255,0.25018437857631165,0.2887935445104726,0.2314493870051719,0.27551773230699433,0.3456524710240256,0.3091538288376541,0.2795418660368394,0.30770108873683627,0.3293159861456746,0.27895333903918496,0.32632224538673055,0.32217287943980877,0.2688553324616442,0.34293917910709804,0.2920373506897297,0.33640232495086175,0.33422459506042923,0.33472653071029,0.28769455016618256,0.2273913792863561,0.271204438803493,0.22918588050173827,0.31140509406323136,0.2748306412174344,0.2487494851095283,0.24845224798680288,0.25755311903419487,0.3490701711859844,0.33043836659098597,0.295864808470222,0.3146844474516573,0.28891625277279515,0.282850573161143,0.2890495746928011,0.314774089744153,0.3290638454525077,0.261474222307905,0.3091865558337255,0.3035748353266584,0.3118364394877514,0.305156841899567,0.26636313319724275,0.25527579482638735,0.2913869884552305,0.23394205055381287,0.31082179024812684,0.3605743661832361,0.2800702767324084,0.27071891001835663,0.23811768504590236,0.23152838455805821,0.26820296131397003,0.3155060117232654,0.25353231521707364,0.2797120743693504,0.25663484851595186,0.2958512983612594,0.2808830333362591,0.2940206730362601,0.3208825648054041,0.28512431458218496,0.2894909503850988,0.31832053442209873,0.26421294317307403,0.2918341322707712,0.3473121907738794,0.27543341791518416,0.30339994696807765,0.2883600956449778,0.28735538415348505,0.25344503518606937,0.34477841125637354,0.17856913796833,0.3504057241009288,0.2864527859439207,0.29979127144179113,0.21689295569044928,0.2997139736309571,0.34252053227612334,0.2707429861221785,0.29100768378835046,0.2908041240635257,0.30459005024240976,0.2323280242791453,0.3362420158295141,0.22214360140886422,0.37991808459134463
0.2982059961790616,0.0,0.296308589530485,0.2864303349329168,0.22473097175108805,0.3350657857878178,0.260725812224003,0.33556249455133114,0.26557111931973515,0.3692903213396967,0.27832399794360224,0.3028449830780936,0.312665792542486,0.29762824641528896,0.2884126232177086,0.2930425122578007,0.31889553788622044,0.28923303375391307,0.29534449597528944,0.3458302983631513,0.3043934260632319,0.3445320771542951,0.2735202986057819,0.30210461783966575,0.33549014104760744,0.23250701538167898,0.22397460712464476,0.30386399599205605,0.34709036436451646,0.21967039712033803,0.3063960796906449,0.28670882486645466,0.34010709220802215,0.2599599850482252,0.31427181906148915,0.27887592429330377,0.27483840457845654,0.3030527431173919,0.25696475912259015,0.3037470069982723,0.34066845261211887,0.2722790166722633,0.23147425129122068,0.2775320972065612,0.35969212892029734,0.287941967999899,0.25127953203559805,0.24603211004626174,0.29622814194762054,0.28460221957498905,0.27830110106826117,0.3080360542643688,0.29223792555683015,0.34426398317003715,0.28828384508692523,0.30767735339397917,0.3203427990075531,0.2594284975012984,0.3026355123120459,0.33402002705194345,0.3123146049514078,0.20495774877067394,0.24883850105926286,0.2298217496754548,0.23901532222659153,0.2557697868007521,0.26966533742347965,0.25319258999666056,0.23755996692990317,0.28546702688483555,0.27822987138963123,0.3070171460343926,0.23127290349583832,0.3103066324190735,0.3163549697769285,0.2541202356437601,0.22856724229264405,0.2946775791576987,0.2728633550635642,0.22162962663621455,0.2570442379451286,0.26796242732492725,0.35950072713216974,0.2829855279946956,0.2742986080050837,0.4136491806099667,0.23518682415237796,0.23157035002382692,0.27526529248501225,0.30232313033927566,0.24376478389963643,0.2747066195027433,0.30732724631819486,0.29309182197821426,0.30028241015392404,0.3374608231276861,0.24280198521320065,0.30274703837300543,0.2058275143911865,0.3141959289709863,0.2787060923990018,0.2128299061621401,0.2026037493560629,0.29416503607128686,0.2687358460777826,0.29553528496175513,0.26340306555734094,0.37030351688669866,0.3043779966968297,0.340455496723734,0.26212153845172126,0.24925673245941132,0.2613552206986448,0.23688966848317955,0.32137095087570183,0.4043753235651235,0.3024174615186797,0.23326326414396847,0.2879533209836781,0.23552767822989398,0.28662721037445343,0.2276629660984625,0.29415124244641727,0.335515389015165,0.25835917749562026,0.3632139670210491,0.23316849165524883,0.27949440083909227,0.36437232600166425,0.2794132466407426,0.2861709722659521,0.2672185768820144,0.24042545888786152,0.2881189832380475,0.28331850284390825,0.24922430273983232,0.3017832781187206,0.2956378796602964,0.3042628758421491,0.26163500075555773,0.2801115747242153,0.2813181159920369,0.34853114626219095,0.2512110658931356,0.30139428122736034,0.2392373217855042,0.29282380780525474,0.27820027677788467,0.38564792782391455,0.20151447938937922,0.26147151079852693,0.2940728251843487,0.2644693394779497,0.2717932219803298,0.3030402527021139,0.3006349876360149,0.2783693125452748,0.32353659019372594,0.27633069450905984,0.24080068362212265,0.26384037162990015,0.3221394765406484,0.2241079082324927,0.2808277901531138
0.27037737312632976,0.296308589530485,0.0,0.27837436497773,0.2611936777478726,0.29270289632657365,0.23492190665803112,0.2860143381284386,0.24322290975066863,0.34941440311013544,0.29859242116014356,0.2596451824544003,0.31887697265591536,0.2427945492001387,0.26146834436995986,0.3663417151929043,0.34456424200621993,0.28842103819003584,0.2339272552815515,0.2543830860217742,0.3269226782563297,0.4092031368321452,0.23790570747223252,0.2546139007344213,0.2813069188186128,0.2698894794361402,0.21688784031974695,0.27943206848189034,0.24490970215560134,0.22135089674578443,0.22969309017418188,0.2723416560035838,0.2537521144378449,0.2294077288345154,0.23502406580153473,0.2536781256160827,0.2709336122638319,0.27002528272515264,0.225338704835689,0.2720255631559273,0.2484387417327441,0.28899722575538894,0.25079040498088806,0.24931513605826508,0.2973137948679874,0.2716376787840705,0.2313410696966715,0.26545702998711107,0.26238429726659457,0.26114736483791134,0.2849250658313008,0.3053370860360554,0.20180643459927208,0.31933087997009757,0.2685799010254967,0.23859886198036018,0.25830421618940314,0.28446371296354206,0.2491803140731451,0.25620931248450923,0.2613576836855754,0.20887316994652982,0.28405083256965186,0.21269432438847102,0.21725524938873006,0.24556592271291117,0.2524228966367359,0.29584865075646066,0.2812373275040556,0.2860056956996249,0.3013362049033695,0.21928770520938612,0.23547023909491313,0.38129893170394075,0.2932260257179805,0.18417166992592482,0.2755099321042814,0.2691521390578087,0.22884454734305001,0.18484011856262264,0.24207540718777656,0.27968068126681034,0.29226205162054636,0.25235723704669005,0.24282734367224879,0.32214225502428817,0.21271310862330362,0.21179258028227038,0.2377296131923045,0.22532256564544303,0.2809664817706142,0.21658092437496124,0.26188563671268505,0.20112018318205946,0.2753732967822518,0.2687137499298755,0.20567732879694503,0.25852009738531273,0.18304020521790362,0.2668443597128812,0.2004022245065414,0.23587081399006657,0.20411714236700387,0.26963779784357855,0.24456521896347444,0.33276798767574456,0.2676869776029348,0.28966423659708995,0.25153809192427323,0.28566511990849847,0.25016405090127924,0.22616138588162887,0.25359618047219823,0.2277175177609116,0.24061693175787577,0.32374239633980306,0.2134008498191783,0.268790919512376,0.30282988702787494,0.23533905614552084,0.2535716811621221,0.2170796121892375,0.2233971441735851,0.2847694247431414,0.1868705067373984,0.2844307653186269,0.2259773784626274,0.25273520635420327,0.30684250645577493,0.2547818321030633,0.24044972541209408,0.3587560361837181,0.19931268203289498,0.21725792514212788,0.25128119301129165,0.20579451880913904,0.21487378997725456,0.23408383161175983,0.2815554820672887,0.23295560197455478,0.2249517729742278,0.25030039520252795,0.26858539785981217,0.25719110590002836,0.24272281297404535,0.21241828418100395,0.29540909514912744,0.25579822365276106,0.31694511173552625,0.1870703141518298,0.2151826114435863,0.20075251575897682,0.25437732974946875,0.2737247270013449,0.2847340922369877,0.26078235214987194,0.2571600869543034,0.31672465667930383,0.19761509979271544,0.2384206402756678,0.2500587629955359,0.19799345465819174,0.21130698577908044,0.2658163268665094
0.2666266746261393,0.2864303349329168,0.27837436497773,0.0,0.23757965749272697,0.24305548556150924,0.2960756521938968,0.2859554633066189,0.2334660776651357,0.2835495815219653,0.30299788268216166,0.27958487112025804,0.29260077527856543,0.2632407517883185,0.3187978189701538,0.284499701432445,0.3147208663741897,0.2964292321669591,0.26832121817789173,0.27187031296225167,0.33506373665122224,0.29171634421984094,0.30839359371765657,0.2754126124951632,0.3041758327721175,0.30787361377950195,0.2854916922126839,0.2960842805392814,0.2526833380402525,0.20033986853806873,0.25905340923927583,0.2573700841175603,0.35923098845704654,0.29302809306289507,0.26874248075627627,0.30093761002787706,0.29083289449387756,0.29066054410362485,0.27553477359499523,0.35342370745698487,0.2936184234843046,0.25797138100620337,0.26128456068802947,0.28100322964540886,0.3257847748889308,0.32479766018174894,0.19242256485676598,0.2648611705565963,0.3045845175999214,0.28037889988140674,0.3497037175949973,0.3014532347610543,0.25030040532447717,0.3836043439826175,0.31383596622381094,0.23758726536541072,0.32774911979940674,0.2814743469734609,0.29023673799168054,0.33119965316513694,0.3144919266274208,0.22352579835391595,0.2782395189367588,0.22253710555724057,0.25610226858175295,0.2942794483031661,0.3639876558923746,0.23433649121207456,0.2635725035006418,0.27552225529084307,0.2728077959614658,0.2660066147687848,0.2621622310725734,0.4213423516341628,0.2840165455358136,0.21652238831823942,0.3328371905676931,0.30687488342581687,0.27767819328080584,0.18881222090492467,0.22520175915263782,0.3367641638289549,0.25604302302436976,0.2540089519140815,0.342480624228759,0.29587574447097154,0.27682329383444654,0.27316851752460236,0.28248568225396525,0.25726482434918857,0.2981575484649088,0.2641385657446019,0.27152675478718874,0.25062528580833154,0.3331537958098557,0.2544387883435459,0.22179851420493102,0.27445505072146986,0.21275977763540938,0.31279942927861815,0.2606277781278965,0.2828560858102518,0.28580140091618345,0.24956349600459143,0.28238372134691725,0.29919516496905163,0.3099920384915109,0.2832767647826873,0.30274537509390687,0.27300244002753854,0.31069367315393837,0.29516142251408234,0.2955652262772696,0.2907109761420832,0.30079222545882667,0.2920433014707287,0.261325560766594,0.2397344660385496,0.2829864680355607,0.25968089940594374,0.28148764077918037,0.2770793584119189,0.265480504813814,0.29075047033730805,0.21390465252928342,0.272691569828626,0.2559678463730957,0.2809439973190482,0.3177532698787874,0.3183819070984415,0.21152966207948296,0.2792322920875939,0.26598664427702395,0.26927357691690346,0.29016852934002857,0.21004155596487448,0.20125454565287823,0.3093019904909165,0.35698865389639195,0.2872038400261243,0.293662767581328,0.25293996955064885,0.35362987615308417,0.2887455824768605,0.28463391100488106,0.2535958947783612,0.2720007813332477,0.2580796528591693,0.26366831079856323,0.18465876713354068,0.3023474515291812,0.2524822345848207,0.3126842440201735,0.25198676511934515,0.3161555572801166,0.2931736222557908,0.27536869936659464,0.2942972108714978,0.31041295868995683,0.2632180939382852,0.25746524579146646,0.2392426690934453,0.2608682294167108,0.2837733094366575
0.26391841191810855,0.22473097175108805,0.2611936777478726,0.23757965749272697,0.0,0.19863612885286078,0.28267169627837707,0.21067015461820693,0.23686977558323227,0.2430009521224664,0.2705290463184339,0.2362740987338236,0.22373141883069578,0.22785286547310812,0.2534038160210866,0.2742006290606732,0.2832443931464644,0.2849119325776075,0.20724689340142927,0.242168532450604,0.2835007338604188,0.28102946997629746,0.2941562942447484,0.24503556832050227,0.2507624059973132,0.24199675952956048,0.2267202486692445,0.21813231544188316,0.20651945233571792,0.23882332923177155,0.23332796586514715,0.21177604157113394,0.21647881946852446,0.22621894541308468,0.30171956865101834,0.2637799847561848,0.2541631756487843,0.25591077328508893,0.24367542868062503,0.24547334087642939,0.23690263833036931,0.2913036950787663,0.2602760386278233,0.2899059072034308,0.22384954882338604,0.23313103582562805,0.24070213458658096,0.272955717532087,0.2950974587312166,0.2691531491198287,0.2590784424675525,0.240873422557909,0.2130309022050549,0.23600110381180692,0.23862439925249643,0.21367051338218,0.23684274036026803,0.2833728109925007,0.23658912659821912,0.23579288995736122,0.18487352968017362,0.19175028233518315,0.22023111555147426,0.25259670477963925,0.23207289581620258,0.19563674028420583,0.2215541438695009,0.24092165445004973,0.23449520811791758,0.24458911762118707,0.2531919015437384,0.24696243515465563,0.21623119896013712,0.253277494043093,0.21393734692902974,0.18757740409242907,0.234346114831415,0.33847085354717,0.2114784174207901,0.18127490277469532,0.2061168160718523,0.26332581071273686,0.26487264518104897,0.1893886169855084,0.24436627682315923,0.2349523407462785,0.21018040129523413,0.22267146968951818,0.20668473885258734,0.21184679483875773,0.3715431017087993,0.2629831004811907,0.2936228927463304,0.18829288750235265,0.2762576947257231,0.23267637094648844,0.16634930204309767,0.22989248104233712,0.2254882892514155,0.20585984529507778,0.2133282619983613,0.2093977424541943,0.23854064379672538,0.23409777693773515,0.2278795591409561,0.25618878761476455,0.21571525199686592,0.2803389268303286,0.25866546152799674,0.25110865527066695,0.2574724146696039,0.28939589522661313,0.20608951722265176,0.24996377277022708,0.21319092511262944,0.24089892675643043,0.20360401760349867,0.2633783364967579,0.23370236472171577,0.24069981590499237,0.3457403990942093,0.20709876060417118,0.21991245900262807,0.26614279256985324,0.2187660147520905,0.20817339109186309,0.20605460314821786,0.23317761240429655,0.2334977512077476,0.23615695689030541,0.2125811331467031,0.2281994007723868,0.18502109836675673,0.23520174360865248,0.23475754949969677,0.22874153257909602,0.21587345167618413,0.280028594120755,0.2620452805494059,0.2615926418209796,0.1925813086469058,0.2508920236821409,0.27597019571692355,0.26218488327663547,0.27393413155936597,0.24601656402080174,0.2691866741467738,0.22536854677939816,0.24901547118299797,0.18645278532131282,0.2229204866369404,0.21096799801693383,0.28717509062873287,0.24348899827992626,0.267023824082988,0.24538477666702987,0.19641501512518583,0.2628921296421465,0.21631632362167724,0.21315995747635716,0.19991750675554182,0.21247337158609514,0.22588575119740187,0.324876851382416
0.3024203690035479,0.3350657857878178,0.29270289632657365,0.24305548556150924,0.19863612885286078,0.0,0.19741257608647741,0.305914898136074,0.26675584130072133,0.2670815472072621,0.26991496814848526,0.29585740418217327,0.3398398903387649,0.21053698168446167,0.24532351898022878,0.3302764832776043,0.30650109661321595,0.22489600743027993,0.28951432186519155,0.331858684363672,0.31557552738519873,0.2795391333058585,0.19253654281887064,0.2309375223115494,0.30978800837273174,0.21845898807669703,0.1907799423338388,0.2621507328321216,0.23830019139901978,0.23368518657834966,0.28396244035763507,0.36204290429212416,0.28149337347467496,0.24533388263545036,0.25164873575161023,0.23965764100224032,0.2790427075569535,0.2670306227374397,0.23298718511362754,0.22180786211087195,0.25140000020597086,0.2747702365199485,0.2555711563321424,0.2842615720033355,0.26813145008888806,0.2548850895693354,0.2309110343157758,0.26119088203327906,0.21504902364991058,0.2816999626528291,0.2741924782577739,0.3296458582326411,0.2290973256522289,0.279512293677308,0.24167403881101687,0.30661785024284743,0.3037308034166174,0.3246438179680045,0.2123068598204015,0.25543045649213403,0.32425587126096844,0.2442121946163027,0.3095364528923037,0.19020754196598366,0.22825921387154605,0.2676519360804347,0.24025114474377152,0.2718920111666271,0.21182607578322515,0.267804829162467,0.29096459111107464,0.22086886624011992,0.25428046858040665,0.28530186439906347,0.35692290167594776,0.23409185964038515,0.23112599392539704,0.23129339423800904,0.24876920654565277,0.2703839882023486,0.3187316705407701,0.26739560349310404,0.2895629338251907,0.3012299765377365,0.2797774077739817,0.30884792245807163,0.28841495686450186,0.22518822401188346,0.2891158642728019,0.25307737770144745,0.24500404247374633,0.2573479668251776,0.26862820730573883,0.26271341310647656,0.23883666773183757,0.29854595520140814,0.26408248667709294,0.2972773506518268,0.1918740289387323,0.26730650584599097,0.22370723270496123,0.2261996125686081,0.2086354128970422,0.24255713526514092,0.29038329427837056,0.33630425797873537,0.3105176391393534,0.2977787222445591,0.23215237660672625,0.2915673263374959,0.25549475008184674,0.23059819751241792,0.31964271968997326,0.2505205308609374,0.2620696060692599,0.31351395544297994,0.29822677406773695,0.21944290035959252,0.31275103552865663,0.22473422946457308,0.24253409657687308,0.23669471650582663,0.3002643591220541,0.2980359648749863,0.2559741276702815,0.29099902576038084,0.24822934991407417,0.2348787427505815,0.28983902096154907,0.22206859703178095,0.2860336745115447,0.3918013856512867,0.24183889061275388,0.26256410601681596,0.2769044229039798,0.22984733572751795,0.2798593904162324,0.21445326975876433,0.22759038622916056,0.24660266444595286,0.24265371499786814,0.28519349939498884,0.2601441707091659,0.24978178081698743,0.2740261564202145,0.22446837991905108,0.2977552726489783,0.26411788211351095,0.3130958647591181,0.2060591430289652,0.26013471129431986,0.24266680733253035,0.21892933641428208,0.21224480048408292,0.30398910129745305,0.2756089793710929,0.2538897506074662,0.32551944179650505,0.21158196548914254,0.26001092539012466,0.21448629559666607,0.29506324986743626,0.2175904541867161,0.25896574687552026
0.25227599073178003,0.260725812224003,0.23492190665803112,0.2960756521938968,0.28267169627837707,0.19741257608647741,0.0,0.21227245285567692,0.2080537043452225,0.27002792349785093,0.2629545045808081,0.27770989977359384,0.25894977368266764,0.25035179704419586,0.30602601282981134,0.23629255349233072,0.2522207642228863,0.27216234830585534,0.24049313067069517,0.2257997467983533,0.2684727600007678,0.2702093872658371,0.41017983524669155,0.3100497078553566,0.2823565119397808,0.27865007560861754,0.2411523259804771,0.23720638120158463,0.2431427718917316,0.22321597099295543,0.246432568327528,0.2510891925781629,0.26697881931461775,0.29346418411692365,0.2491512407690591,0.24905155649762606,0.2967011626957171,0.22737759597339618,0.24869031216819093,0.33348384220877797,0.27225716458502996,0.25918894381369095,0.2670109846869471,0.27656152954191104,0.29096083055302946,0.2728201618362836,0.2605095137321984,0.2483863909173817,0.43260359705100887,0.23934217653791762,0.30608581699040294,0.23384239937292992,0.20556221478416187,0.2808799609427408,0.3026777187258253,0.2344479334648414,0.24991145666446538,0.2333225793173736,0.3134129055225966,0.2547540355812013,0.1997308724209182,0.19530164986652346,0.20280319811896957,0.2465830765249776,0.2277761013433174,0.20848405976951243,0.29255312841768877,0.2723774202987302,0.23864524649947558,0.2213110483079541,0.2625018157815058,0.24576224917240305,0.2154834491063257,0.3076127130065744,0.18892789904041443,0.22702853781965887,0.32511919938558903,0.33284090154329204,0.22071925695862105,0.19085843625984533,0.21280718323040312,0.2589911696835097,0.26108246771536403,0.18460228818756605,0.24070843057967797,0.24344323602506673,0.20876144675334116,0.25766687048599957,0.23812631354919286,0.22814339784611645,0.2898947108089513,0.29893458453372734,0.27658180938074817,0.2248450123091122,0.26684562240358034,0.26318774307500103,0.1721583322908991,0.2664191678695447,0.2182118116948291,0.2771200407774706,0.24183754083479758,0.24427899550054397,0.2728029745827087,0.2539358448877942,0.21360730251079646,0.2664603586785563,0.2234641473279544,0.26618679954312097,0.3199597291566226,0.2912019823109917,0.3348528916676144,0.2586107383344164,0.2243814804827127,0.21125855730459198,0.22984266226427505,0.25247159495252086,0.2272108017728114,0.28540147246360587,0.2527898752662603,0.20904257394633252,0.2688704750955309,0.2008151147437637,0.22588341372421175,0.30640557692753545,0.20097833310798108,0.26468194499376996,0.2107577133618987,0.28315376310613727,0.24122809225269362,0.27127476426840813,0.19462354809701932,0.1990363593820707,0.1980823598631858,0.2079991294703677,0.22695792466329112,0.221849336052055,0.2343011990602047,0.3051949384883283,0.2902827833012083,0.2725071337080454,0.23058005624121658,0.23221631467529144,0.290198848816757,0.22860221315731613,0.27679828904417153,0.3007918703169668,0.24578458110176837,0.25327174129203156,0.24858995473065298,0.1660999859183424,0.24279224737120225,0.2296543034548424,0.2588838865832151,0.3215022203295141,0.2949580634308617,0.2701668478994785,0.2548803051427153,0.2859289036381406,0.26388606452654395,0.2633359292869742,0.23751635349554653,0.22135566372258075,0.23398295640660466,0.27132630544478037
0.2685872297753045,0.33556249455133114,0.2860143381284386,0.2859554633066189,0.21067015461820693,0.305914898136074,0.21227245285567692,0.0,0.30399064577214824,0.3066362641040302,0.2476137556528834,0.29055438141073076,0.29988009320497705,0.23234875736749538,0.2630604429647674,0.3212926513869439,0.3107795918251973,0.2562024576669435,0.27022575279000355,0.3023278495594972,0.2981182632663852,0.262656406174249,0.2302284856425115,0.22071361815308055,0.3044748925169126,0.23389153376919095,0.23339899053776836,0.2879621319250906,0.22386325795775597,0.23022151124301865,0.3487217698064087,0.278376206607324,0.29720162293014374,0.25779935431356854,0.26466186244627615,0.2784519474576868,0.2839545073202922,0.3299353625814438,0.2717322848282639,0.2493874334802091,0.2651625514270762,0.2506752822514656,0.2639235365662639,0.252882308692916,0.35568171763376194,0.2869502948734866,0.21790891304732296,0.23827616178059624,0.2503875177050758,0.27044417933923365,0.27904011777191945,0.2752573072764351,0.24103477692118883,0.2826578702573468,0.2666790033865117,0.2703161962852856,0.29038278418913377,0.3329373747690869,0.25515187584503746,0.27017838081442974,0.3844752337474513,0.21897572176236987,0.28211729933875407,0.21693295290352818,0.2223061919342356,0.25012277582841314,0.2671305192190484,0.25244131658069807,0.2586679225179453,0.4199200599126542,0.2826037422898935,0.25371717394757054,0.23313249437718567,0.3172518003552046,0.3537423342205411,0.218198914575887,0.2775668640532774,0.2458350192464652,0.33281045257543584,0.19677230017054687,0.24604468076300334,0.2870897225395178,0.31684043024416786,0.31065101190571204,0.29595628170139465,0.399377097076628,0.3331963611542164,0.25410133628101195,0.31604910199217473,0.28334989781661263,0.2524390436397416,0.26025408290538704,0.26668590327513975,0.2321097710189423,0.29701516826088054,0.3033759161018805,0.27012485677603737,0.2933617967049621,0.19488137002811556,0.2905090147205466,0.23743765457071914,0.3019689310823704,0.22527117108197256,0.2940047890478526,0.2954863979048365,0.3360552051424628,0.2969419828799249,0.3385706217929222,0.24840571378653703,0.25416482489057124,0.22852011484041831,0.25224145663042374,0.28642090023945654,0.29242063346860303,0.27878143372273445,0.31003978648151315,0.2794391745923147,0.22662702116493272,0.25014977410497385,0.2501281364721163,0.2524602624380394,0.36451844495967495,0.24062561093563,0.2954635704612736,0.22588424065252852,0.2819998365683866,0.2351018083716789,0.2951025332140732,0.31028974686489835,0.2550477911086817,0.3034903536454451,0.30883728336407057,0.283255936427407,0.25334015013038347,0.2717703288733299,0.21108019981857878,0.25451409166926037,0.2407326078167192,0.2786837231244462,0.2943374422651678,0.25925141221793024,0.2455177643536605,0.315448928957827,0.2654207053129469,0.2790069469202999,0.2460561223302117,0.3204521985180041,0.27409509107363605,0.3336074248270204,0.19543516940081143,0.2932872325918413,0.2708853644499427,0.24908267399934572,0.23441333954692883,0.34780743516110957,0.3297383134578317,0.23930512307760654,0.32287713747495894,0.2211760626799149,0.243631530522887,0.2300673370188596,0.26493218620863646,0.2468378165206614,0.2551971421405031
0.3343727193790812,0.26557111931973515,0.24322290975066863,0.2334660776651357,0.23686977558323227,0.26675584130072133,0.2080537043452225,0.30399064577214824,0.0,0.2384333568905199,0.24151776717421933,0.2755918945941981,0.23938167943463198,0.25306882848366846,0.23614593589831556,0.27989856999227036,0.2650216627140409,0.28676383412111917,0.26446890011790153,0.3303929548923233,0.2709847409742619,0.2953117226110196,0.21843160340539852,0.2167389385226205,0.2895055932744806,0.21824664792632997,0.2329364790372623,0.2622404696744192,0.20800873989428487,0.3135324788369601,0.3510191534826917,0.26552113731178634,0.2404739771324756,0.23252853869327297,0.3065302989370073,0.25068053497777065,0.2488152399065639,0.36950679590155555,0.23390856780052788,0.22476164809024266,0.23561376454595911,0.3143979775603579,0.24959830738105318,0.2680424545436679,0.27092543568182226,0.2459598788208483,0.2187218061378698,0.22700980562261797,0.24594456954768953,0.2760350732931085,0.24836686087724774,0.25750556921825,0.23001754504924873,0.24401918102854317,0.23029201512867944,0.3103242210494509,0.29494490157788844,0.3077176819126258,0.22830553489753613,0.23159529467791704,0.2240175576185361,0.22935556276012037,0.25826456888911115,0.2419402071949365,0.2563039719502102,0.24336857668326264,0.24694064054031378,0.2399786217083381,0.2455588981797583,0.3115900621495288,0.30183830858063504,0.26680066498967936,0.29031775028307955,0.24464347659425953,0.31355178123095334,0.23101295598271224,0.20365484058044403,0.2122357051197191,0.27901578644525815,0.20574427866040707,0.244054515368026,0.35419860954698457,0.30217843240805187,0.24852825810360302,0.31559770209851407,0.35747512342702803,0.2761035666237253,0.2729212100109211,0.26375788619597224,0.3111818796449139,0.30439705199983935,0.3079868005325804,0.24998779140968216,0.2376550413529697,0.30964019698079737,0.29466684986324065,0.2550036241653983,0.2973384971738517,0.25970762992000773,0.23733997027229725,0.24999727428587476,0.21793672141192466,0.26112259206031047,0.26776553152344157,0.32537903951632774,0.26811574633134094,0.22728170704338407,0.3056664982238583,0.2170488380991633,0.22066809727785627,0.2215320624325029,0.3106619355439099,0.27087608356583887,0.3304107300195406,0.25555726924947053,0.2880395108336913,0.2766342467537562,0.24762827964093,0.21425356137719745,0.27863567316446963,0.2822195931796646,0.2655352153737669,0.27056665412234115,0.26897334793406186,0.3335038226770881,0.23543292041342048,0.24057705346855357,0.2234854020289906,0.2444092387368683,0.2560728735563477,0.39418741019281545,0.3107104439045159,0.24791783551739616,0.3348904463752682,0.2557074997770613,0.23196373364334671,0.2620700075630672,0.24415261754334958,0.26858569149150247,0.3082280931834228,0.2351599268816398,0.2726848884468548,0.29010306748537523,0.2993244538807882,0.2708242867618711,0.28130132267818836,0.36954691070816276,0.2168589917439277,0.3162866832034327,0.21539033583502754,0.3315726209001399,0.2531052413215874,0.2665619942592544,0.2177334726532743,0.2970448506934388,0.2996229981160557,0.22282085322703873,0.27399537721515854,0.24364931405734536,0.243978947809514,0.19691779263413536,0.32800473714475387,0.27933123374458,0.30956869761910216
0.2931047551555751,0.3692903213396967,0.34941440311013544,0.2835495815219653,0.2430009521224664,0.2670815472072621,0.27002792349785093,0.3066362641040302,0.2384333568905199,0.0,0.24851888633271482,0.2524511897994603,0.31483043483499484,0.27104450809413133,0.2626129428284084,0.30087983463939966,0.3296129730419669,0.3306859749995236,0.25318966421844424,0.2776420933743246,0.28360712476655475,0.2820653607468643,0.31716213212375394,0.24745053726498462,0.38649956352669623,0.23385162587293343,0.23664321594547197,0.30046073957590147,0.3069217765297964,0.21820647330592796,0.273510954248754,0.29244693946989114,0.24416169942859103,0.2603993779542503,0.2854834422691837,0.2509504152773996,0.2991720035531055,0.265305043468696,0.21083099069526381,0.2987884453963353,0.23832846564690283,0.2817295834202371,0.2581671265775762,0.2498870612729289,0.3104061224328409,0.2881681507653801,0.23927885459939163,0.2485591042792156,0.35196947055394945,0.2416535734237178,0.2705924394239292,0.26517224623129515,0.22863475845098932,0.29037573094020896,0.2837781475721419,0.2870623331259421,0.26992221334384153,0.23913348234344228,0.3162820256564467,0.2775455609813417,0.28405403281361774,0.20648147253435056,0.23068342663627822,0.22330417038403283,0.23135090562500418,0.2467429867313057,0.2581035766733793,0.2724946894581864,0.27903309132095255,0.3040424481635348,0.26156925594150665,0.30301892668584457,0.21949969924042978,0.33384307973420707,0.26780456713073275,0.24696476427541386,0.2523040604262201,0.30124190454425936,0.24184171944809402,0.21485421172317426,0.2558229792113661,0.25926967374466453,0.33345228081334766,0.26667904855554564,0.2708515847313347,0.31626838500131094,0.2382811203871873,0.2540361428182446,0.30753765512739883,0.23709197721815461,0.2531396750184419,0.25572911244792546,0.2814776899091598,0.22528983090516777,0.3033789366341553,0.2994296947675702,0.19038185065091784,0.2971312672403743,0.20605636592959137,0.31045894722014467,0.2478049357437714,0.24352062549232195,0.22668341688731125,0.32723447035282494,0.24587482625871665,0.3012334047946711,0.26825295301466545,0.391794111164234,0.2853558182306207,0.3057996462689413,0.24971754717946262,0.24239081663326378,0.26614147832452195,0.2549693461200158,0.25946752647788357,0.31345920906876534,0.2838955922666683,0.29781064588483114,0.29385193504885493,0.2526534995659595,0.24810778835886005,0.23108976382485477,0.2423323344448644,0.3068020879995948,0.21738729841738297,0.3089573008373901,0.23068845483631098,0.24215237263062492,0.34882382325470185,0.27570820032472304,0.28851869882504316,0.25074873907516143,0.23259475371096658,0.21419272538921633,0.23864783662210431,0.22132693917312105,0.2604151076473582,0.27458352174740414,0.315014610392976,0.2610305173274534,0.2556162010168421,0.2730327500109101,0.323174491273697,0.23335201278615075,0.2696078319109404,0.25423428584084223,0.2323569103858373,0.3104890824702704,0.43613870016479106,0.1907682204035546,0.23180313141844455,0.27984026185002214,0.24162305105526516,0.27717148542392284,0.3029863015607511,0.2827147572294424,0.2334130555445061,0.3398484671419977,0.2540665951827456,0.27357259175237725,0.3121236802017143,0.27369781375157703,0.24684284253629987,0.24884967611485967
0.29663255064989635,0.27832399794360224,0.29859242116014356,0.30299788268216166,0.2705290463184339,0.26991496814848526,0.2629545045808081,0.2476137556528834,0.24151776717421933,0.24851888633271482,0.0,0.31097105077906895,0.3125001037083216,0.23627996986012617,0.26043327807466676,0.3602248242213898,0.3207298502930548,0.28195458889338504,0.25732075671973254,0.2837649984488855,0.2993822867526293,0.3567985457383936,0.26489790999226426,0.2882141910902109,0.3066399911714107,0.2772679205671567,0.25408268320197425,0.3096321389063533,0.27259242624529284,0.23964622324550358,0.24876919864102176,0.2623955338215558,0.2592289194634305,0.24834763557650588,0.26259161988288415,0.25812385471989957,0.3370950524432535,0.28020463667610385,0.30641744964081297,0.2651163900913619,0.24095760730791935,0.27593796690737604,0.2525317134475553,0.30512823817804224,0.27584503259634213,0.2515322849102457,0.1802497507088313,0.3440468471511083,0.300761326129329,0.23750590261395563,0.29202863498055004,0.24553782999461324,0.2073152616838983,0.33323571794659523,0.3326571724484165,0.21439872556654296,0.2932607911179974,0.3260481517540593,0.2465615306148272,0.25577484113541815,0.29383648682905755,0.18000430243138382,0.26006239960921734,0.213998793855359,0.19706238269283732,0.22730197995425214,0.29539280574763005,0.2559496714928282,0.2601464077280604,0.2827959358675872,0.27769186852085403,0.21947082923006325,0.24777007205144233,0.32236271731646476,0.2769664698246939,0.21089843276933748,0.32785991600928366,0.28559280080714544,0.2331453242758309,0.2008202535025309,0.22907855094534701,0.24361347295792343,0.27065434494816676,0.2530128945254172,0.23950259026293394,0.267424377359649,0.2682753884580751,0.22244504527015568,0.22633464347463758,0.25401712832240514,0.31937284138505073,0.20891802692756029,0.306751713947221,0.24185272701642116,0.2604014472014182,0.2860233792099895,0.1970621413769095,0.21451741720171988,0.18667910585299893,0.2288412486427533,0.2673428139831329,0.24757086570366268,0.2161322920478957,0.22144355723399137,0.23627007702908656,0.24699768773168562,0.2330233549566147,0.2903358197981263,0.22974208769957438,0.31028459208361847,0.3263038892407435,0.2461095953767243,0.24950183023124944,0.2658955575256311,0.25266010270550526,0.2787895363161458,0.22368825945008172,0.26834664065578734,0.2756933939834713,0.22962452270015288,0.28074153051420864,0.21210938655614955,0.24459464659758837,0.31039660351584036,0.21699018451279728,0.3044093234688359,0.18721163179430697,0.27618415628808574,0.26628867417118574,0.23358201592033406,0.20779098495587453,0.28187613145475654,0.27078564137764966,0.25918358967394045,0.32515512562662413,0.22036538376372153,0.24345880821676608,0.23521775574784914,0.2960978121014968,0.26641771503200706,0.26057942975758147,0.25970245089372457,0.24275587561859502,0.25345632082780256,0.33453324867842604,0.2162861825706829,0.26031827253324713,0.23824158195062525,0.2602573271612953,0.19489027316116198,0.3089195092004684,0.22236193989713016,0.35123272222934904,0.21923577605050845,0.27384538993852364,0.3093408461402052,0.28811228108921677,0.28955820867034515,0.2584564383228669,0.24029580935859932,0.205167142868353,0.24017504966348105,0.20214350369879813,0.38278399400810276
0.2584564849344587,0.3028449830780936,0.2596451824544003,0.27958487112025804,0.2362740987338236,0.29585740418217327,0.27770989977359384,0.29055438141073076,0.2755918945941981,0.2524511897994603,0.31097105077906895,0.0,0.23397868049037043,0.1859501318110734,0.2607580919848531,0.2914849799935594,0.2759252941481754,0.22005593982928506,0.3283322242511722,0.2760015355016879,0.331835495863982,0.27581790039790494,0.2511204865000435,0.26582203177610675,0.3283370035730452,0.2367422422477221,0.23111734333488848,0.23866321111331618,0.2405344873434128,0.28351041968285867,0.3199382769231944,0.2768292328557927,0.27362260151300577,0.301588689190672,0.22698667447474252,0.2672122302241939,0.2897873744235877,0.27461644904431115,0.3804104898170219,0.2434702875021947,0.2688172542850396,0.27031188797734634,0.2632068984535773,0.2939425819620439,0.2683096663545617,0.26438183036228685,0.2302374341608301,0.27077347434326837,0.26543959827105973,0.25629054959626146,0.32128790215361214,0.27133457591659016,0.21797234479402378,0.32007764714304165,0.32635580529979163,0.24894547782674958,0.3177018867297637,0.36012234508182384,0.2149166946182461,0.25621094063379063,0.24072546140714188,0.1997958184751573,0.2499390581555479,0.20872501104380184,0.2189224471218704,0.2315148720198317,0.23980387175893286,0.2293281090176793,0.2004344088315817,0.2491301561739504,0.2624550865473265,0.20977549863202616,0.217174525772331,0.2755433901246482,0.2683485246996059,0.2192098455844418,0.27748551022213874,0.2975945874482713,0.25360138745120264,0.20628105526428767,0.2339048915956417,0.29081354263287046,0.3054943053491231,0.20866747755572293,0.2722722663226797,0.2956862929348822,0.24299123281086296,0.23921808278509438,0.26727884172485195,0.2890688374476306,0.2803331438383136,0.27094220773510913,0.28837084403155694,0.25915377172764414,0.24856236925286526,0.3457453731029224,0.22090808851294172,0.27228632947435916,0.19802938643774612,0.23113033557914897,0.23080751550831377,0.26016666823281936,0.24451576412746925,0.29823232998649923,0.24300540215349126,0.27640678470235813,0.2732050062629219,0.27200024137066775,0.23568459952943727,0.3052220585073334,0.37706087255646914,0.27886971342262373,0.23726166441275715,0.28716121450338106,0.23808247374880548,0.2666092147095173,0.2464732732948898,0.28476847829747526,0.2557322211370405,0.21773755400676253,0.25358949979236756,0.24280304578391315,0.23667579408202097,0.31517637315569186,0.20671029535723312,0.33026903081494885,0.21006528329257956,0.2997151367116713,0.2778251933194595,0.22217418566031633,0.23708643935746043,0.2713076174811885,0.2250202237264604,0.284834514272788,0.277128921381704,0.20477328227359032,0.28203699400676363,0.2294948255561991,0.25078842858920586,0.3251755070598792,0.21544306912953132,0.2475578029248355,0.292577016707304,0.2761281548600386,0.31531867021522264,0.2795784644058778,0.39183977194383246,0.25478701283951527,0.3091186901948802,0.2031193945302536,0.2977813406671094,0.2607927702732304,0.2828183819122243,0.23845947894926534,0.37046059554622496,0.26519392444230544,0.24544519603446155,0.3139230958266296,0.21195546304335983,0.2468589389443627,0.1837204421769351,0.24021790932225542,0.23563436006417615,0.2990850689759342
