0,1,2,3,4,5,6,7,8,9,10,11,12,13,14,15,16,17,18,19,20,21,22,23,24,25,26,27,28,29,30,31,32,33,34,35,36,37,38,39,40,41,42,43,44,45,46,47,48,49,50,51,52,53,54,55,56,57,58,59,60,61,62,63,64,65,66,67,68,69,70,71,72,73,74,75,76,77,78,79,80,81,82,83,84,85,86,87,88,89,90,91,92,93,94,95,96,97,98,99,100,101,102,103,104,105,106,107,108,109,110,111,112,113,114,115,116,117,118,119,120,121,122,123,124,125,126,127,128,129,130,131,132,133,134,135,136,137,138,139,140,141,142,143,144,145,146,147,148,149,150,151,152,153,154,155,156,157,158,159,160,161,162,163
0.0,0.5813460879036996,0.5112781182210997,0.5080402408512762,0.47969912403085463,0.4982482342651344,0.4888853479135427,0.543059724930274,0.5149929866022995,0.5285169989199423,0.6397663524791817,0.569861095607769,0.603085506876662,0.5451561514539379,0.5091609097024634,0.5728405275801497,0.5448026818466511,0.7112621595851001,0.5727800865873865,0.6246081672405879,0.589994332963968,0.534386750457869,0.4682852530094755,0.5854712175566098,0.6554361876862962,0.49743320204240926,0.494166535694436,0.46510948287768344,0.5807707554364095,0.5153911626641466,0.5698343253107909,0.5912694002327576,0.4969291754753135,0.41981952373533116,0.6778612264774525,0.5510998634046382,0.6380585319430171,0.6105390501774707,0.48970611277835246,0.603161771691159,0.528315722880674,0.5292791826490507,0.5885822020948305,0.5943966192368505,0.5838169994299239,0.5476365387179513,0.5066063335600558,0.6081940910540814,0.6082754703684683,0.5997644959853489,0.5742502432823704,0.538676903537353,0.4836693543239723,0.5459782323285245,0.5853229395554598,0.48825067944795686,0.6790850204526719,0.5464133066344663,0.6165460674454305,0.5884687344990218,0.5068870517175876,0.4556052652407443,0.5839155838050405,0.5303416075089417,0.5468560708508422,0.5774135510887687,0.5082256137709237,0.5025766020566689,0.5449660777038341,0.6019646748940454,0.5481808834984702,0.6409813987915643,0.5703197718570515,0.580585822797296,0.5513889390097484,0.5639585115599615,0.479759015630606,0.5001766355000687,0.4760784115257453,0.4638340888245869,0.47943094907068046,0.5062692700373389,0.5139790214035832,0.5361897623005463,0.5703710763435648,0.5843776283644254,0.5634295875725853,0.561317550943189,0.535169740668525,0.48431869945279854,0.5697584890637308,0.4890333541242176,0.5789677584871937,0.6158207814841593,0.5137039242482994,0.5141637857065336,0.45732672841289435,0.4875342582389113,0.5049302635262322,0.53810296787358,0.5383313113033932,0.5118827570077119,0.5049291067628376,0.5161021573919367,0.6145622825078947,0.4956095805478973,0.4984790771748076,0.4823035009079898,0.5524832172876101,0.5871865048207808,0.5696163134236348,0.565565462852076,0.5148269375264357,0.4815119094994974,0.600405803143086,0.5637687519962881,0.5723378656276377,0.590126900176769,0.5084773718195028,0.47600466314644924,0.5794512925218067,0.4505935266706952,0.5222034032364071,0.5526438278838051,0.5179076222198847,0.5798645659094608,0.4531624953978518,0.5355931923200685,0.527688748447691,0.5602232424329054,0.508223304552654,0.493067918327834,0.5397407648797404,0.5119259623797194,0.5986629259979015,0.4896427369174017,0.5562336575187953,0.5923913263594925,0.5175176641488201,0.5539490105742906,0.5105193779345921,0.5718982393662002,0.5151135593781969,0.4621652709989502,0.595921481814614,0.5245227957657195,0.49146004156021533,0.4423348737185129,0.5919867984781629,0.452185330657695,0.6594081820633851,0.5251462202072934,0.578511128937853,0.49235200558754205,0.5446834646121511,0.5795500786580744,0.5232823100690097,0.5110518280897673,0.5398609838013305,0.5016398186295711,0.46539118678051444,0.6721811339493554,0.4344056774881776,0.6748239238449446
0.5813460879036996,0.0,0.5691896058923354,0.6394812035964555,0.4858802323788285,0.6075530870938889,0.5525872038404803,0.5855080074388052,0.6056842335591623,0.6359666646609575,0.5601285340264304,0.5391647148457447,0.5719362038747565,0.6679086663768868,0.5571416843677988,0.50608732046739,0.48425671408283777,0.5781546984254408,0.49700776642402505,0.4607987951928276,0.5846562957227873,0.6480606297701027,0.40589939341749215,0.5053810156436201,0.5587373867368952,0.463020054508656,0.48896981183733373,0.40019002299135736,0.7081208923438514,0.48853741776130977,0.5881286944977048,0.5791955896809983,0.6610043251198093,0.36350321953618386,0.5328474048723855,0.5796648428994361,0.5932409448347136,0.5805896792306015,0.5424900045191111,0.5929432068916894,0.5704113928060821,0.6153418612871016,0.47927577883467715,0.5807959743965037,0.5068494488311388,0.5099369114919893,0.4951553720712862,0.5205849118178841,0.5068625953683801,0.5544359930586367,0.6484016067130792,0.5068255068646063,0.6072835713297505,0.7222877129133513,0.6109352333709693,0.6274332703273551,0.5691435906295921,0.5516859865467583,0.6508024328023105,0.5904725298954002,0.6180286487610787,0.5671226051196084,0.5518267772688208,0.4798096140972875,0.5963812254605452,0.5574822826545225,0.6350349910975807,0.6041794687020905,0.47986575181075053,0.6229926461963285,0.6502332455728843,0.5879205869726288,0.5764587750837762,0.6329785377828842,0.5775822826016499,0.5399397867262558,0.5356016747728061,0.5830637179068985,0.4191853932050335,0.516768874478455,0.577461378157837,0.6446855979551431,0.6777390471175633,0.5119171626106704,0.5586519641991917,0.5545840853976037,0.5832790430494409,0.5885012915506606,0.5270034689192163,0.6401903186213634,0.5770077212090148,0.6178711463261498,0.5888775695089524,0.56427133027616,0.706218878064516,0.6374295725451167,0.5750022765909683,0.46496199800906457,0.5685959929270133,0.5714184136327176,0.6038636812505916,0.5439898965850603,0.5048544930453284,0.4970350850729444,0.613735679899001,0.4533086763883491,0.5133676864238469,0.42488758924088654,0.5755685176719864,0.556109246587986,0.5537931315707986,0.5388539474652881,0.6047929305432523,0.5615600333299918,0.5185515637219669,0.5363628759613009,0.5076188763447023,0.4808947803720668,0.4901544782924711,0.5719702945565183,0.5549034137885087,0.5484458699648879,0.4360600915966036,0.6561674811636753,0.5613340371518393,0.6384620359250461,0.5622141842994829,0.5967700006306751,0.4817192293265638,0.5958663414652136,0.5697704520536147,0.5788748038821131,0.5759758876755333,0.6443996527957389,0.5517896518434224,0.5132118190558125,0.43414102519115516,0.5299138327160308,0.4259253494141751,0.5886099662645791,0.6235401786082703,0.6772585798884416,0.7069001996818456,0.5808553559187093,0.6224721236123382,0.44322263090402536,0.5816977027498366,0.5642879077991876,0.4965428930577466,0.441705140682632,0.5527890340769426,0.6657656784243657,0.5237252528812867,0.5710835263610943,0.546178590035448,0.668434719383719,0.4897867098038993,0.5822791231632601,0.6112526308739558,0.5294281469013163,0.5490443556322897,0.6643213114868383,0.5507172914339298,0.6168524214667251
0.5112781182210997,0.5691896058923354,0.0,0.5389586528866249,0.4735466114680744,0.5902021463874204,0.4349840885203194,0.6027021430439989,0.49201507070157674,0.5726628577266516,0.5144333285363816,0.4915407357742611,0.5754724686731085,0.5486573978862151,0.43495424536528654,0.5710218507903696,0.5487010316123393,0.5390133567247076,0.44329452342463455,0.4485187994132624,0.6260021947547157,0.549251454809441,0.3952774967666891,0.4613069819613313,0.5185136548699258,0.5312567756765622,0.4685647890864769,0.4036695690330245,0.5379165504826398,0.4658092763038557,0.4513679941469438,0.5257044788362937,0.514486021831351,0.3638158378124533,0.4596053302202508,0.5494372198277536,0.5176623573640198,0.5956555715120453,0.4294667611450758,0.5553175373414394,0.5450426051922465,0.6466704312139802,0.47888532017853497,0.4936634338015951,0.5048137594112062,0.503593454282682,0.5566932895471355,0.4833170449718309,0.4448026436252022,0.531014429764264,0.5389608985723591,0.5914347496200684,0.48195954828916054,0.5456575379313906,0.4838395495261069,0.5867505570910363,0.5183867906823971,0.6132864127124655,0.5239988274159664,0.521963986849642,0.5257637380262417,0.5475132593291577,0.6415669073652537,0.4933384678179832,0.4752870579375609,0.5300082307024274,0.5170330235336241,0.5419795428122941,0.5472239410186701,0.5936690460094067,0.5596857392549002,0.4908793614110748,0.5945572497947001,0.6112694930130069,0.6304543730196529,0.43541837912945464,0.48064493135202363,0.5434559660680776,0.44324064032755184,0.4684920987916459,0.5949138007541138,0.5117396597204168,0.5424237199655811,0.5781572424130009,0.5822291418957889,0.6000390132684166,0.536292473195336,0.4832111811991147,0.49060735273992034,0.5191558778830817,0.5958293129475098,0.47961079838416804,0.48586734930212605,0.4589547823501338,0.5672067619266905,0.5109560206463521,0.4893260866072104,0.5041252504179226,0.5015720214026589,0.5369556383799069,0.44289838906893153,0.505976615297291,0.4957391472642976,0.49329138690938507,0.5736200719808705,0.5263499694897419,0.5471686215808786,0.47530766428500026,0.5453542628176017,0.5151782458267213,0.479192169908038,0.5379466751064379,0.5574199251977586,0.5394812921419884,0.5243877084572811,0.6116963705664354,0.4870945330792252,0.42031611934139873,0.5835397136291255,0.5797773158381375,0.5078941971416133,0.5430420850981048,0.46177130520084336,0.5130982007028294,0.444418489915868,0.5149314068703108,0.5872133563698853,0.5412755823853981,0.5304807138224851,0.5295225354055352,0.6095435147486084,0.7451951534875405,0.47995058890473247,0.5089118244364682,0.4747423345626363,0.42649247162602405,0.4267800842774482,0.4708509291912777,0.44079114838380407,0.4857603657221752,0.4751987535084267,0.6038549507147988,0.5220707429867808,0.5233388532015255,0.5498535956014806,0.46294732774770414,0.5196871976155686,0.5032793106094718,0.5236513822560016,0.5361712844893498,0.4588173866542962,0.4858193124295989,0.4846824704172267,0.6112747462473618,0.5591334015812697,0.5175326592006644,0.41686720597159016,0.5964032478885188,0.43995188410257624,0.4621317718800881,0.5493966695902841,0.5141129505385894,0.5113678431737798,0.526887668573128
0.5080402408512762,0.6394812035964555,0.5389586528866249,0.0,0.4539453630131586,0.5695663402869182,0.5647289414001139,0.6066979763383049,0.5068014711603568,0.6420475868284019,0.5373515944988975,0.5719177757826949,0.5424710331906242,0.5604170623776233,0.49328427423315224,0.5055583656607953,0.49014904340334137,0.5221727807320317,0.5058914995361543,0.4252265184902922,0.5636594097845085,0.5307703891263412,0.431300720940826,0.4752129426455927,0.5545782443698026,0.47144700919354543,0.5276029899208997,0.4175456814052874,0.6098985112970515,0.48592598880433613,0.5248414525429147,0.5741582473398048,0.6419019345311116,0.382774783612963,0.47420275523486644,0.5604575281279018,0.5450125065783478,0.5279781046638004,0.5042241588352883,0.5910718928568331,0.536477244650872,0.5780380142366901,0.45922100550749995,0.5189660164243917,0.5072995832965844,0.502413095071655,0.46313278835623595,0.4690705049588634,0.5059638087927426,0.5026063440002857,0.6328025891766448,0.4947139563366571,0.5118621161299348,0.6740612330214572,0.6132915093672676,0.5567128072061611,0.5302673556567159,0.5875142752762864,0.5793877005894609,0.575148461200192,0.589256842195215,0.5275623026916648,0.5183760252553191,0.44891141852503236,0.49066531257196216,0.510932316862083,0.5943620593686947,0.5099424855489718,0.4634559258115823,0.6069919120750349,0.5278071893129461,0.5087283859269557,0.5472508763379147,0.6489960827384266,0.5527255709778175,0.49280120235241537,0.5740079871683053,0.5859806460886693,0.41569814512243025,0.4787409267153057,0.5096386223353717,0.559504147782931,0.5655371161632702,0.485059786547926,0.5613149820784805,0.5144291609516076,0.5583678044675057,0.5568320629520622,0.5421007213736309,0.5575971487479342,0.5736754263765385,0.5875391014546847,0.5483866875985017,0.5083691227096162,0.6039187805210298,0.5614375644274647,0.4953731518375017,0.4735172461322675,0.5037220082661945,0.6037393849565433,0.5164640171347056,0.58037017923803,0.5423148577730429,0.5034174914660928,0.5617903203139195,0.45239374251546516,0.5299482648360119,0.4333924755055089,0.5507811764134003,0.5082889303662887,0.5818436704845336,0.5195803278162829,0.5595245339683824,0.5769844289114147,0.497489721810646,0.5378298072428068,0.49712093691554327,0.46093502373808265,0.5033225741289226,0.5655093440884031,0.4811845378244773,0.583043231938275,0.416744781258072,0.6015054340876159,0.45483724514052254,0.6095276306804241,0.5695175504668444,0.5871071679543424,0.491345381023111,0.5075420357823154,0.533232938395725,0.5369397837208262,0.5369111087985134,0.5443485570284223,0.4786552562487793,0.41630870425820776,0.40475071074884544,0.4865520034193087,0.42219557448060663,0.5588082815654537,0.5487515775750237,0.5804669737257666,0.6492844085842288,0.5380406359451769,0.5542033729918465,0.44819347072276106,0.4985679573783269,0.5406958735394048,0.47684146881341677,0.4394552799763505,0.5198141832205346,0.5698149032142824,0.5047354825087415,0.5509622958959494,0.5693007435777024,0.5604177903012659,0.46361836549697616,0.602001548013928,0.5471597962898871,0.556020389230656,0.5078549432009124,0.5522940401092115,0.529824463280593,0.5368523107778721
0.47969912403085463,0.4858802323788285,0.4735466114680744,0.4539453630131586,0.0,0.41744238932117744,0.4920345723755222,0.43000463594354627,0.4983782718380691,0.4311904258444597,0.49523910519388326,0.4873135345671544,0.4209559244663266,0.4691153147595068,0.5267222506667185,0.4474051326766321,0.4221087125159702,0.48435683941771224,0.42855814236634177,0.4110864753766737,0.4904404896795922,0.5528294639897897,0.387803891096615,0.4617945662547668,0.43835351937672257,0.42935535363902794,0.42956979094878617,0.3474979141497152,0.5053197089613307,0.4961942030221648,0.49488936370758,0.4430364543825937,0.4842996437821176,0.3321192346969785,0.4861800619452546,0.5254574353652599,0.46207279036763743,0.49979131642175634,0.5170179729577337,0.4724630148993361,0.5048349511071013,0.4797937508571833,0.4731565637531592,0.5313971758116559,0.42205833630747874,0.42115283304366885,0.4808914663651078,0.47787152608445616,0.45775032791477566,0.5364458649918838,0.5187117260517267,0.4374930798917522,0.44884870503697466,0.5019612528499067,0.5107000920240032,0.4285429857532617,0.4765520443929083,0.5087951802593274,0.47267421136699705,0.4757340929977021,0.39728912125289073,0.45030104432227924,0.46354148450451177,0.46611740457841355,0.49315518568555805,0.4111078256599214,0.42285221859302696,0.47555096897963495,0.4462854205272899,0.4600466310824991,0.5090690463901437,0.4922057399048786,0.43130695616469444,0.4671966569790945,0.42987906782168467,0.40127279913907676,0.4352333068431512,0.5365745167393129,0.37613350102452686,0.3933540722818877,0.4096077287451239,0.508897009861767,0.508908047469246,0.39431053257076715,0.4507558005077838,0.4527265410894282,0.42250946414579,0.4879382294593363,0.3965141234986588,0.44045970450651517,0.593831479251571,0.4825961780170641,0.56956972114075,0.4215468337424836,0.4887925443754164,0.48441270823196036,0.4194325107558447,0.39039380136897733,0.5180174957251403,0.40720805444692376,0.46120159092624474,0.4345468850491549,0.44333388236743915,0.43537404014782344,0.48595715557743646,0.4028863451927695,0.40786910505953605,0.3701963978798521,0.4691503830058095,0.43135753811656785,0.4644089006865467,0.5094892445588842,0.40399902809357485,0.43264624430620774,0.4316063659886163,0.438808531091746,0.39553891555661497,0.48216309261199414,0.40424288388201707,0.4381248619228577,0.6422292067011643,0.4344754096508254,0.37713318966254034,0.48324815789767456,0.4578546868735337,0.4722691572715496,0.43275282305219115,0.5179114251171448,0.40510418732693676,0.5020285673457257,0.43299835586571506,0.4531044406215106,0.4077908341458724,0.4996141469014603,0.459524000869283,0.4698999785771752,0.4054329145254268,0.5225949992087273,0.39855415948842876,0.5122923561599412,0.4289300006906633,0.5053101224264063,0.4813482201935394,0.4866289589218483,0.5003622246069672,0.42689326945882394,0.5702198781886202,0.4140325481532859,0.42686529924649363,0.39798429659158613,0.45840326004782767,0.4582431590903059,0.5074077194171104,0.4955550173428251,0.44435966856609116,0.4587112559243825,0.3896068986444965,0.43901635553338875,0.45466861193512687,0.42081713328118775,0.39358062188186044,0.46537911672294935,0.42178212276599175,0.5546344953573882
0.4982482342651344,0.6075530870938889,0.5902021463874204,0.5695663402869182,0.41744238932117744,0.0,0.4601486940062255,0.563813590640625,0.4885460019509183,0.6177099551182681,0.5119547621005351,0.47892826214659057,0.5939365194087031,0.5388720084322344,0.4329313468320938,0.5093656016258818,0.47995888460003555,0.48465130255983835,0.44546202362589,0.41270440440057865,0.5373552819611441,0.5236876369079775,0.37225549344967007,0.4413794311776307,0.5179383438965911,0.452045526500744,0.4375485996079934,0.3946363796209776,0.5722493588431168,0.45015276367337487,0.46086336533394806,0.5584280135863147,0.5311668488559548,0.3520004069381725,0.43337830992443216,0.47059318687656165,0.5508120605556833,0.4968705485125659,0.4366149671293029,0.509702364868989,0.4714309639403137,0.606321816112761,0.4266100050734172,0.489743306831685,0.4587650848767024,0.46583144596620457,0.45908275174451635,0.4807055129086809,0.4378993504749099,0.45271283734422,0.5372380784761758,0.49947024071325974,0.4949116838797192,0.5683072442602255,0.4980826382831214,0.6521793144348101,0.48727961726741925,0.5323764037436635,0.5053553457178196,0.48638057807469826,0.6618601187289787,0.5267940816714148,0.5396488586122591,0.4096870362854699,0.46323881404034983,0.5234833950517008,0.5745712242391952,0.5708894008798766,0.4424385969203049,0.5851248686582949,0.5437042777299517,0.45852381465078024,0.5570216689137018,0.587839315887497,0.57981020967407,0.485222427335781,0.5196274071616122,0.530797777681764,0.39662178923822156,0.5861830361807635,0.6577694142588228,0.5036324866218166,0.5934711927910618,0.5268295395405812,0.5137738726884045,0.4995033796174793,0.5969470348335919,0.4748395795558838,0.5049265307814977,0.5637342096235795,0.4984987265339446,0.49074344520152174,0.46941282744020896,0.49438221328241516,0.5597753680553879,0.5516855225511351,0.5036967674663199,0.4522885957555025,0.4591129509009738,0.5434626513782065,0.4766481450538187,0.5150825656902078,0.4522417355627531,0.446582060314729,0.5094789820662986,0.4471515205403642,0.5044596666035199,0.4257879128081334,0.4929128343672983,0.5360216639081588,0.4986191038434582,0.45557618693169566,0.6903759857796694,0.5314330684624847,0.4714244308780883,0.5316343786067514,0.48586169935798496,0.4099292029192583,0.5220241861076628,0.5464545939594336,0.44584806520790327,0.526087514393267,0.4279004400148465,0.5710008017511596,0.46118040252863585,0.5571474867425888,0.541011183407195,0.5149628374071338,0.46665693084441023,0.47401321307935096,0.5640301149284805,0.6299973341007615,0.552759973653812,0.5148689370980083,0.4619279771195629,0.4231517523253762,0.4021013194280508,0.425389436073373,0.3841601518221994,0.47166344988902487,0.5316482146762267,0.5908581005819179,0.5426068988720255,0.4877577465344369,0.5289573488765804,0.40644613282237274,0.48004049399740395,0.557667129101444,0.4605769412959026,0.43851823207403123,0.4634711814727172,0.5372116615788766,0.43680886312238765,0.4996610312011739,0.5163683205937089,0.555304936502241,0.46667945249696025,0.639390774522506,0.48218086564972173,0.5194154018365086,0.5494557728530651,0.5463534539883331,0.5063477421873349,0.5085225387324407
0.4888853479135427,0.5525872038404803,0.4349840885203194,0.5647289414001139,0.4920345723755222,0.4601486940062255,0.0,0.45798152150240834,0.47858947707902183,0.5176267539208506,0.513195226702849,0.5397967114964033,0.46751637654264205,0.5034464614507602,0.5625343962296706,0.44693111827864224,0.4217343955864813,0.4819253388510441,0.48306561058254316,0.4003723465510954,0.4787346187161727,0.5028797796220448,0.4260328775319727,0.4810713853948745,0.49123245309432845,0.4149773291841362,0.47717244191779395,0.3784511086530957,0.5903488599784323,0.4988021767835835,0.5590117577269738,0.5389621037934164,0.5546186092238758,0.3635783943206233,0.46835194590998,0.4937154579656392,0.5295504107309963,0.454381840020831,0.5835676747709427,0.5334281421892476,0.46876601851447164,0.4759335628195253,0.4473099953164017,0.5292217477551527,0.4465388447790359,0.4565251889312235,0.43171432982645186,0.47056894529555016,0.5474594320567522,0.4778663798237652,0.6240482012689081,0.4147311851043623,0.48913326195638346,0.5866177693694021,0.6883126133214875,0.4635560324184591,0.4999922383395301,0.48216127382717733,0.5537848499114325,0.53645399305195,0.47802752980081165,0.4702719789331327,0.43338413084320226,0.4119329856701089,0.5007609650657333,0.45067306989494677,0.5232918241795163,0.4949704137463317,0.4049806574320771,0.48521079602708855,0.49736127203894237,0.5066021964358597,0.44497336335334753,0.5352300982586375,0.4356730357252007,0.5156048533036025,0.5799728917442989,0.5995761948076541,0.3702926287503474,0.46595967088472956,0.4262897039024089,0.5190257300241365,0.5584564874617167,0.39437802983244963,0.4643710288701255,0.4267961151284469,0.4690360575435258,0.5823893218605248,0.47451424892185684,0.4943138850757119,0.5167333478395222,0.567048363643923,0.6193907086591974,0.5126391578746444,0.5226881141972753,0.5269892769911495,0.43824812741826535,0.3933313743333769,0.4808315680075108,0.49121098650710493,0.5734954988674353,0.5226269813897696,0.46935536709102593,0.43124284666046986,0.47982670273219086,0.3950742987626069,0.4434365433739131,0.36958940526601397,0.507844758454636,0.47440270186316846,0.583213951411366,0.4679430573300608,0.46132323228557803,0.4705380077646094,0.4370754469574405,0.441959841447094,0.4379258616370274,0.532176496925857,0.4066724653826537,0.4470032726645106,0.5010134315994917,0.4590597794197356,0.37222428952554926,0.6255113012001631,0.4572418498441591,0.5839237381694774,0.46086189307947484,0.572408101807719,0.4092196694668845,0.48459547395222075,0.43130859035301594,0.4346728817356574,0.493560982787619,0.49183149596610193,0.45919929677252025,0.44081210261087445,0.39735538021457373,0.4968391346933838,0.38591316205609066,0.5693932500420683,0.49554652017830086,0.5248144714443065,0.5920292279902769,0.4724590773207975,0.5176340256219869,0.41582687784773725,0.4771781874699614,0.4924047605360988,0.41740519898695194,0.36619240110959655,0.5105106161950745,0.5490175590942035,0.4842076060587296,0.4934393307112566,0.4648489164301257,0.5242729678130146,0.4807988114617387,0.4954608517269743,0.579687946902105,0.5739844478342336,0.42628822415204,0.5138980170025268,0.45296761626065934,0.5257469615867569
0.543059724930274,0.5855080074388052,0.6027021430439989,0.6066979763383049,0.43000463594354627,0.563813590640625,0.45798152150240834,0.0,0.49950886200112127,0.6321341584514474,0.5218368269033405,0.5556026965423779,0.6082547997218161,0.5451276398854001,0.4556430269670683,0.5831205921900164,0.5596732677260082,0.5829482768931206,0.5140761098176722,0.4872331717319342,0.6298064040079456,0.4998076269548375,0.4423170321226765,0.47980442978282395,0.6065637562477547,0.5351051079555466,0.5275929082668692,0.4484412935083725,0.5398501794940351,0.48395935663446266,0.5100365497387865,0.5908255088472286,0.5412894467440914,0.40910142079649664,0.487061809823771,0.5868314701079594,0.5571948565787597,0.6317043236168716,0.461868866469264,0.594408180877361,0.5628643460304679,0.5723988270170594,0.5227957555767568,0.4987021051814959,0.6016641963774192,0.5895756133746247,0.5160573810777465,0.48029689651647944,0.49677175305420235,0.5496221233818578,0.5833726572433018,0.5695179564821667,0.4940651099109317,0.5689621862664935,0.5421280056983677,0.5641349648267578,0.5839465124439156,0.6302761081089456,0.5741777638390495,0.6070273917931276,0.5921340974555652,0.5484219036119321,0.6298354080463624,0.5021485135711393,0.4948933659642871,0.6142879981170306,0.5605463444628507,0.5052249454670964,0.5465865000623311,0.71728767008076,0.5419342687080283,0.5409010433892337,0.5974288291779181,0.6670971060770406,0.6649745028479754,0.5012797656579191,0.519445184574037,0.5256837937837981,0.5020383449994936,0.4692289066477637,0.5573577268836947,0.5262663209902385,0.5266075340079075,0.626632215112669,0.6732730467118098,0.6436468308061354,0.6203118881081952,0.5460429240513536,0.61608582177998,0.5425863002309972,0.5726123231540572,0.5182648528010139,0.5128040238911119,0.5205645206641292,0.5626034241451897,0.5194485065657772,0.5153986871021956,0.5500784520271218,0.5002986754332787,0.6523267376226455,0.4840213070070002,0.6297491324713427,0.5734142509024058,0.556316681656169,0.6548321038012659,0.5546570804793866,0.6410427237362988,0.504906570343506,0.5946000425987618,0.5236826280540161,0.5257272918649438,0.5747843943837149,0.5626395809700044,0.6005629957984304,0.5976067769547724,0.6124825239551455,0.567301955251456,0.45940552422238357,0.5525837401291417,0.5775024507034956,0.48957334317944035,0.6166070562563734,0.4748374288456998,0.5488212084702686,0.4458789999423861,0.5807088313593104,0.5757879212139201,0.5862258960005241,0.5783362195613372,0.5482460761929361,0.6062321274301747,0.613804588900928,0.5505347653631183,0.5090856119993326,0.5040128740497866,0.4192025876849546,0.4553736012358149,0.49563168189476686,0.4821892119521213,0.5659193597445639,0.5146645904739757,0.5872969883782201,0.5587858178026396,0.5184878876466884,0.5769881358451426,0.4948916432267992,0.4895204369569402,0.5280000913223711,0.5744724601073894,0.5224226503471794,0.5360511887285058,0.5298644559777597,0.5111737034455842,0.5732253549966463,0.6488198279163229,0.5757804057558281,0.4463109827473987,0.6116004147986471,0.469377034396232,0.5067702680161156,0.5609747931962545,0.564510016210832,0.5435490178008962,0.5237701762873413
0.5149929866022995,0.6056842335591623,0.49201507070157674,0.5068014711603568,0.4983782718380691,0.4885460019509183,0.47858947707902183,0.49950886200112127,0.0,0.5012219973250428,0.49723673735121704,0.45526038688956966,0.46119979045462384,0.644103403393762,0.5341638468313743,0.43374070196251285,0.41401632784411807,0.5180632432189061,0.426060489376319,0.4202913612578727,0.4780187847426776,0.671343384285524,0.3616974056418888,0.4202504799213107,0.46383101841495566,0.4005264687249407,0.4544452840959817,0.35274450509739524,0.5612951450497609,0.4647502200659965,0.5605370348078698,0.4741351371547936,0.545978286741347,0.3192756922082976,0.5181715205969216,0.5426586085156418,0.49489532974654554,0.5541859360717906,0.517596059022188,0.4630671688970542,0.4943451823741849,0.557281979538167,0.43480748191983204,0.5093502566715699,0.43168056786773923,0.42122140211047987,0.4376985158381922,0.46012900705243603,0.43920598521814885,0.5242070922294996,0.5242319066716785,0.4249343656559493,0.5546212980435576,0.5516867591860605,0.5200508767781123,0.5296204763337983,0.4792426784348877,0.49434884263899614,0.542683672254612,0.49227338324433745,0.49290125980051813,0.5312853334372576,0.4760848903703855,0.47874381333107296,0.569956563332633,0.45126923799199814,0.5158747676511213,0.5441408854044271,0.46949715351409754,0.5602674406076146,0.5928325635348191,0.5487842645835486,0.5171849696139235,0.4927872138486274,0.5024757611334688,0.4467535594336842,0.4500617739595904,0.49147390668669994,0.37158818635276486,0.4217259348240753,0.47470155237909983,0.6556116264395017,0.5742307682753667,0.44353625537035196,0.4756485343109877,0.4864997848954599,0.5179704828986164,0.5570399290292137,0.4340789673674494,0.5542747039789274,0.5477940211926886,0.5808917328881271,0.5383259368818382,0.4545965568761081,0.6546051875017862,0.575605060691211,0.5500403250793416,0.4049611502452905,0.6379192518666208,0.44609144428399355,0.560553319657741,0.46866726651245616,0.45234311541789457,0.44403295482748073,0.5673068823876567,0.3890712236746653,0.42225087511279963,0.3745093213340487,0.4628613506912313,0.44127845655829395,0.44924641771097656,0.5083586694423231,0.4965084302857025,0.5350319695298037,0.43869573426955955,0.4421701166998581,0.4196946195000261,0.449138799709953,0.40947433321333354,0.558326776431476,0.5467860390704042,0.5183817327763564,0.38405653543282,0.5024352682375378,0.6226459196577171,0.49359401435986733,0.5038706264202356,0.5057823924261646,0.40794510771345416,0.5539200047966443,0.5381051274673615,0.5099124314783583,0.5027375076699371,0.7121471847461203,0.5030998686232574,0.5245627684139007,0.38445663588868584,0.484321259312927,0.38635574899184066,0.5350555955505676,0.5484885905068491,0.6141360480268767,0.5932342760216315,0.6487859241924799,0.5332412066367221,0.4050888681141515,0.6158005772166564,0.46344817107075403,0.4377176394484657,0.4154930790683444,0.49222392611953164,0.5738408568159327,0.4963742541479771,0.48602956205585873,0.4512278150139461,0.564090694006986,0.4147214651265734,0.4526158265292942,0.5451672731014354,0.4443067565208408,0.4529202293516486,0.568465635377413,0.5136923992867071,0.5646515463319641
0.5285169989199423,0.6359666646609575,0.5726628577266516,0.6420475868284019,0.4311904258444597,0.6177099551182681,0.5176267539208506,0.6321341584514474,0.5012219973250428,0.0,0.5284915312033073,0.5259927050416012,0.6366066508214382,0.60885924964758,0.45407893561389767,0.5576873415702477,0.5323871058146572,0.5607776058433854,0.48641465472662654,0.44074487302281584,0.5639149394125393,0.5073525437207631,0.4368221825307008,0.46071668761801987,0.595388360604452,0.48374392975420666,0.5475856877350497,0.4389865663032444,0.638405932181951,0.5049010779129909,0.49510735967331676,0.6565336983399324,0.5526748091893909,0.38813586576230674,0.4652240000163819,0.5267541944011231,0.5770648498410574,0.5554418757157674,0.4541948895996536,0.6096239075393203,0.5075361770566952,0.6187627765937868,0.46691454498550533,0.4913319267549792,0.5188317323276905,0.5377833288625175,0.4969679072609872,0.46811280234680924,0.511944904866184,0.4970066021089179,0.5993803188833401,0.5061639923451663,0.5222549650521682,0.5714163641736923,0.5627903247452098,0.6365637885136922,0.542171004637369,0.5766484811112812,0.6114430284411806,0.5849957096018978,0.6152193407561591,0.5692882866595695,0.5397364846166441,0.45922083305621303,0.48382051418481714,0.5609806527559179,0.6139474554585702,0.5432417305813829,0.5028344186183212,0.6511078337284155,0.5304202993259264,0.5298010502657158,0.5878962474650752,0.6827590681605292,0.618262550212997,0.5507092487602644,0.5759885101838371,0.5939508045747482,0.43143240112661796,0.5466143024838941,0.5864838663254471,0.5130361113832238,0.5910094296943305,0.550010802941269,0.5970677896783295,0.5376979524586908,0.5911412800106804,0.568850484628264,0.6339293010859128,0.5609261922560237,0.5587469705535335,0.5400927153399877,0.5299855829404768,0.5310433638355808,0.6059349780322626,0.5468657879369887,0.48407102885850156,0.4916733785710974,0.5021146613790115,0.6708263905392041,0.5150515125538068,0.585672766109423,0.5252535090443227,0.49861588196792905,0.574408498084906,0.49014726594780456,0.5721242919429531,0.46882370716597827,0.5839474002402752,0.5299073662386665,0.5360426870291137,0.5132513723823331,0.6222550683653314,0.6442635715566173,0.5274013996330815,0.5853373906183104,0.5565237776494932,0.462517665093065,0.5268312007881546,0.615118953669426,0.4727664110080026,0.5804176651577491,0.44104089381900563,0.6093832831209733,0.4576714322490501,0.6090413484003097,0.603669847275509,0.5646269961852207,0.5144059157649998,0.5253026442485861,0.6303239932986173,0.5878025410182055,0.5961420985163808,0.5063857569845338,0.46226485050243304,0.41928005059147677,0.4268278048970589,0.47102417678000646,0.43032107412688286,0.5436116723266136,0.5410967614630311,0.6474718441840557,0.6140482302896699,0.514260616723547,0.5672724222710135,0.454823194312438,0.4688403349656372,0.6104893047492531,0.5137149414846315,0.4783788202418013,0.496771213653269,0.6002655971487626,0.48013598569464827,0.5807695463951811,0.576548023113956,0.5710511478376425,0.47874924943820724,0.6636195413170456,0.5122978716218525,0.6056503620426338,0.6073098228922036,0.5938669268144889,0.566476752863488,0.5194138082680535
0.6397663524791817,0.5601285340264304,0.5144333285363816,0.5373515944988975,0.49523910519388326,0.5119547621005351,0.513195226702849,0.5218368269033405,0.49723673735121704,0.5284915312033073,0.0,0.5877383619566406,0.5992257959889362,0.526312819317465,0.4724827319889658,0.5968124463299067,0.5413493965311481,0.5806449354984121,0.5427641194204391,0.5082211327701824,0.5575420258565209,0.5460545055050298,0.46695304393856785,0.5503065429314397,0.6017154227513508,0.47796195399738295,0.5359042808520028,0.4710765093987271,0.6094926705268022,0.5644082821936274,0.5095099587202795,0.5871843430494432,0.483029628722711,0.40577074453787076,0.5458267561299674,0.5014608969788811,0.6332163638078598,0.547798098566775,0.49281063810759757,0.5900191681755473,0.47522232698678923,0.5639718550176137,0.49611867601326454,0.5444012694451408,0.5144005570260941,0.4823944237500855,0.4470761694674186,0.5755060264629508,0.5901304977095383,0.511717386708989,0.5572183220691557,0.48606789768059067,0.44652392903739424,0.5449185081827197,0.5987604615125246,0.4789165921029802,0.5870545350864235,0.5852644737999727,0.5393715003139788,0.5414852231629484,0.5177248430103998,0.4333994765115945,0.5143399416003569,0.46565271613778797,0.46676499111424036,0.4896950268906589,0.5133098886671061,0.4839095915194327,0.49568097833946556,0.5996963785784843,0.5003500784144672,0.5238166501872509,0.5495492172765499,0.5895632710140971,0.5403679483084299,0.4950516452753938,0.5376934646153031,0.542097537908149,0.41759704693193234,0.4823715988874584,0.45155253812239665,0.4789742261770019,0.5251983369801062,0.48700334266924183,0.5273155860401125,0.5142343463956228,0.5638507276166304,0.5105375691640486,0.49778043559064816,0.48446580179900844,0.5747415286018603,0.4630772163447439,0.5630189366099099,0.541733824115475,0.5044631945091487,0.5008720299163225,0.42254861589633674,0.4418437947982603,0.4690865223830625,0.5052886108854189,0.5145064329235279,0.5149592981323844,0.46240947413041866,0.4546736339241014,0.524115459439262,0.4546798163158762,0.46947686132904254,0.46331507106138003,0.49389702859375406,0.568866944760801,0.5930233402398893,0.5125297881185643,0.5106752607006703,0.5096354475394221,0.5010859536573292,0.5689163099148812,0.4974489590894171,0.5652274543944792,0.4938356801950735,0.47901036812467057,0.5403324301828141,0.4453392996901125,0.4688803013325051,0.5536102158161258,0.4752774496178607,0.5629184248953172,0.44783510522896264,0.5455776663973785,0.4830431589203473,0.4839415698843277,0.5020908699767488,0.49763005777421376,0.5734934737390249,0.5099481846977129,0.5269419094691312,0.4274011134312931,0.4752197409977309,0.5097440852035858,0.46501394149447967,0.5207065391138385,0.46761823187121393,0.5745263541376174,0.5091766756727075,0.4533969482709176,0.5647564375918271,0.46534181346403386,0.4735047802836566,0.4390510426828931,0.5070629148047439,0.4460856179240748,0.5734824711408644,0.49075274387486,0.5865262550667002,0.4749879652037872,0.5143359307790515,0.544177905664448,0.5811751515811289,0.5308540150225673,0.5291461962246178,0.5460636583528069,0.42604809440797226,0.5773489755543186,0.42374951648275344,0.7117425442292734
0.569861095607769,0.5391647148457447,0.4915407357742611,0.5719177757826949,0.4873135345671544,0.47892826214659057,0.5397967114964033,0.5556026965423779,0.45526038688956966,0.5259927050416012,0.5877383619566406,0.0,0.5308444116039341,0.46683280468720006,0.4932965520956482,0.5805330874149588,0.5493741344225478,0.5564041764321066,0.6677236949930689,0.5136852915446048,0.6402609394670568,0.475553981975661,0.5386235118978279,0.613693145842072,0.6438516139816626,0.5313306110516356,0.5145817337064129,0.4708054571208343,0.5434865629340166,0.5436565107405303,0.5514074854293435,0.5867399816020001,0.5096654277674108,0.472215107078326,0.5270134801451477,0.5635533693472701,0.5745753493294683,0.5455006607583535,0.5346489080493012,0.6381292595109095,0.5509040173703524,0.508286499636119,0.5744898403673157,0.5694324765001214,0.5924260651029644,0.575827227330933,0.495893363346043,0.5351543088435797,0.6418728606937004,0.5519301119570348,0.6223734169011531,0.5382243619853272,0.447489217852476,0.5732717935889441,0.6408889695834572,0.4674003434670059,0.6578011052463509,0.6195422850045719,0.5465031158890005,0.6187281320385413,0.48500554918841393,0.4489408236967674,0.5336861806339073,0.4813879562265119,0.48546774566292933,0.5329247951992164,0.49522476368697294,0.45457448059486794,0.46903147389938554,0.5524797878093188,0.49245508996978204,0.5389389904667052,0.4997589169648582,0.608003543230677,0.5076942818196273,0.513802338280269,0.5375649337731081,0.5655983637354927,0.48643287233527943,0.4631002678483607,0.45120893171759874,0.49173341813686716,0.5024464378080091,0.47834717497514445,0.6054931895330014,0.5435659162888311,0.5217429275647143,0.5311883333448247,0.5501257713447094,0.481888022028687,0.5788665000163054,0.50524562893261,0.5856455860839742,0.5667267188296985,0.4888321834917378,0.4932971644321699,0.4335149779111689,0.5050807051669325,0.4714731683136313,0.5605099133468943,0.4969288651509675,0.5792329070051762,0.5627718715087638,0.5391014022364532,0.5515419808666167,0.5146563612213964,0.548883731758352,0.48348553327825416,0.5757771027620725,0.5664678509144349,0.726654203344511,0.5787118174829338,0.4684114375144302,0.4916565101254089,0.5600547038491827,0.5664314936493458,0.5538810699523838,0.5785976483120423,0.5071467660819851,0.45847889786095725,0.5388915605488376,0.4740902593254768,0.4777525567699804,0.588740288679896,0.43362358871917905,0.6156448259883565,0.4628501204395563,0.6099854038386743,0.5459935230542817,0.4965533441109274,0.4716388046610863,0.48267243462381265,0.4996663567323005,0.48134474561165885,0.5266258053098455,0.4159029861648861,0.5104216016611632,0.5555505490180864,0.5018929564856789,0.6157220799530991,0.45792666629236856,0.5252590535308388,0.5253634723760604,0.4536389986804329,0.582558725011007,0.5277147574284815,0.4761420308228232,0.45964662579973586,0.5496329161309511,0.4533039286198756,0.6269243709427302,0.4962012485172487,0.5789284202546011,0.5149312732959784,0.633362142206679,0.5310276974887768,0.49007435846720954,0.5652658205611121,0.4874551636188553,0.533848302640719,0.4407773757799487,0.5533341525042129,0.4525251646296725,0.5917159831071496
