0,1,2,3,4,5,6,7,8,9,10,11,12,13,14,15,16,17,18,19,20,21,22,23,24,25,26,27,28,29,30,31,32,33,34,35,36,37,38,39,40,41,42,43,44,45,46,47,48,49,50,51,52,53,54,55,56,57,58,59,60,61,62,63,64,65,66,67,68,69,70,71,72,73,74,75,76,77,78,79,80,81,82,83,84,85,86,87,88,89,90,91,92,93,94,95,96,97,98,99,100,101,102,103,104,105,106,107,108,109,110,111,112,113,114,115,116,117,118,119,120,121,122,123,124,125,126,127,128,129,130,131,132,133,134,135,136,137,138,139,140,141,142,143,144,145,146,147,148,149,150,151,152,153,154,155,156,157,158,159,160,161,162,163
0.0,0.6431295317019572,0.56315874146522,0.5879863893706985,0.5039884281185784,0.6086236938165396,0.5578839899986846,0.5252811585998443,0.6155120665046231,0.6107400397168649,0.6265054728342603,0.594105856151389,0.6895398834210443,0.5822542502331209,0.6394854527824024,0.6239916777908386,0.6395835048732244,0.7362071217842578,0.637902283350941,0.7307185478381404,0.6429643658081973,0.6230062119060513,0.5192952590794698,0.6464199573339813,0.7094605252588758,0.5556627406606679,0.5603677296253669,0.5818880426529168,0.5788451462498946,0.5761421689337445,0.660778504785853,0.6695105905074896,0.608037877293681,0.5315548876797579,0.6665953066960811,0.5555168836798795,0.6677756011397309,0.6316288074088232,0.5642989686514351,0.6705655467635858,0.5880454204906708,0.5742931053741382,0.6142923221163358,0.6564575904992125,0.6350231968090692,0.6647407076051981,0.529889417924427,0.6092851777263177,0.6297286349007246,0.6337437482487719,0.6571672435137955,0.6109881103716069,0.535374292349947,0.6402231443675431,0.6016784562075081,0.5577932462017472,0.733488251686359,0.5704491110110175,0.6343387538029623,0.6180545258740301,0.5559651720716562,0.5061757775275084,0.5859505170368032,0.5079002562162358,0.6253449609653026,0.6657566339733854,0.6196088240425254,0.6055904654246052,0.6156485999299864,0.5677720385729595,0.637631496067842,0.6279163485796809,0.6086336385386963,0.6687825636388508,0.6491791861901358,0.6317411651374908,0.5315891736980249,0.5497972362026766,0.5910350781217322,0.5463132951706847,0.5708002016208482,0.6063257181846095,0.6279471381712849,0.5884788342793457,0.6224902109665695,0.6465512971045746,0.5251381977749922,0.637055459049325,0.6324350953203631,0.5752499555233526,0.6100117532163452,0.5741409935875732,0.6222868049360252,0.6708092164686466,0.5893783190930435,0.6134717872526734,0.524004212785931,0.5558134679864257,0.4884438822391312,0.6574703200240468,0.608475980499284,0.4716838389340305,0.5657460581431922,0.5715496720203134,0.6210818562696634,0.6040379964548314,0.5974901733631961,0.5794849078451804,0.6397081148317798,0.6286729923309785,0.6167241457929165,0.5798307851683783,0.6282171577707331,0.5598381355122831,0.6472777961800249,0.6540855171174238,0.6174393304594946,0.6038791129596988,0.5697165459866723,0.5189740935408698,0.5967808043526358,0.48240468535910225,0.5725782892082253,0.687131409204141,0.5637258819698812,0.6745609163072336,0.5252938124791174,0.5266556106557261,0.5856752673918981,0.6434615685618008,0.5825506922096664,0.5723926513367821,0.5705431377534971,0.5740166126407872,0.6407996338816782,0.5742466974648591,0.667976727118978,0.6698357816056301,0.6256229027557231,0.6333939151918196,0.6060704975780978,0.5890926874962306,0.6131546119696673,0.5278559258466975,0.6392479966465503,0.6103306148262198,0.5654630208323937,0.5791365769002167,0.6509381211603585,0.4378966040211617,0.6676044752323864,0.5889607762607982,0.6251538141367288,0.5518664827490529,0.6319161330255423,0.6505182435990411,0.5878706390871321,0.6211390666123746,0.6277439803078849,0.5833839895089449,0.5355801840008344,0.6551526435471224,0.5171695439553385,0.676228936470233
0.6431295317019572,0.0,0.5705694442751754,0.5799785072045849,0.5156866158717591,0.6223935104513151,0.5865909139392557,0.47839130016135795,0.6275348293391749,0.7020882673578339,0.5457611425306439,0.5737499297777081,0.5851641709350325,0.6733706455504547,0.580161480250454,0.558603523401239,0.6172513065100769,0.6195458189090726,0.5638151232753125,0.5951014578129492,0.6221702239650017,0.624042557408586,0.5015365167606955,0.5880796472618344,0.634042694100539,0.5093864981066216,0.5458987377683931,0.5181986855631571,0.7001023029036536,0.5496835518665081,0.5970138325780299,0.6128610512244116,0.623386738648182,0.4901533691264298,0.6480337605384076,0.5849830004853445,0.55704728605073,0.6085701696727729,0.5314677027301821,0.673319918952889,0.6349929780142544,0.6541173029042501,0.5040966511978047,0.6250587937886818,0.5529137870768845,0.579757476924747,0.574414107504142,0.5259604566813395,0.5772405367141603,0.5990909095577345,0.5990182140280801,0.5999887655790449,0.5879896322012952,0.6376086015130831,0.5592029893410857,0.688836805921249,0.6178481331893572,0.5387744842538299,0.6577520890398956,0.6147189266124284,0.5012663698303464,0.5363290761212806,0.5153214561514107,0.5529554215407002,0.6005907184337105,0.5630483837428635,0.6010754907939532,0.5642209467904282,0.5532438572744779,0.49312282239693495,0.5873567565488844,0.6431439577997267,0.6107043580101285,0.6029297496769568,0.6185755690266068,0.5874682278938185,0.48602495536304735,0.5948309768994202,0.5076401736072359,0.5657482247255275,0.611483693712112,0.6016634486492134,0.6639306665143303,0.5445276808311751,0.6218259314416558,0.6310847152600889,0.4634266890592259,0.5814857423379999,0.5830877799070516,0.6215349218833327,0.5959256065796938,0.6846862612125871,0.6132347012430779,0.5938914563535882,0.6642179776736671,0.6429769240091626,0.5124206062844902,0.6035928509641584,0.5608565046683875,0.6509708208423496,0.6159759068484378,0.41963046629261297,0.5476245931201426,0.5822738645640891,0.5881222770670338,0.5542083805612779,0.5583335965693127,0.5819359163897873,0.6581604013367565,0.6275236394030628,0.5837056309480025,0.5799067726357863,0.6129349082479937,0.5793448518354479,0.5751343389390403,0.6579968825318372,0.6198052657616264,0.5291597335216998,0.59023156283742,0.5925775525815029,0.6035764378652454,0.46252532812949304,0.5697989592352847,0.6523276229191243,0.6125842920487382,0.6244470555124189,0.6001330575126399,0.5018891520179531,0.6149985425496666,0.6176018265798252,0.6935455256414945,0.569458598454162,0.507863943542058,0.6293553634178815,0.5599287474045932,0.574931634016009,0.5747384752581022,0.6446126352287224,0.5505204127416347,0.5797256592282375,0.5702123661217814,0.6681751555996315,0.7231000756633236,0.5799672728105547,0.6373684090714052,0.5717922144607209,0.5837490546978195,0.6171801346887055,0.6446205612635142,0.4901355689241981,0.5401584608832866,0.6556289822032965,0.5855476038972949,0.6280473371462723,0.6183613968063719,0.5613152449637279,0.5076740538586654,0.6160021051581117,0.6368273631614557,0.5511452121883865,0.5831402416142495,0.7052264145363418,0.5857495932120244,0.6171514646529661
0.56315874146522,0.5705694442751754,0.0,0.563924737176417,0.5397457279120724,0.6380360765596456,0.48363760219040397,0.544979699145777,0.5626910991811078,0.581593619073843,0.5603194597769307,0.5545944578260426,0.5962623330120865,0.515087407768142,0.5569969313342088,0.6214975175259384,0.590514552053255,0.5665913239264367,0.5050659303368492,0.5303082824285955,0.6895024967705291,0.6715563755727061,0.43994224500728984,0.5477073736027077,0.5710258881216943,0.6164694826914434,0.4958201800573377,0.4630815772616739,0.5263335925126074,0.5192050164897385,0.5401576474946088,0.5547661709553386,0.5928560713349019,0.4447337460014431,0.5068687271627684,0.5560767355795224,0.574998890308824,0.610570678619801,0.5279551336974619,0.5711661715654716,0.5994353507370472,0.5974766950558099,0.5765528478581251,0.5918858286614417,0.5664629725037641,0.570567084193117,0.5563121981106939,0.576070866791178,0.48820449236446795,0.586028965051969,0.5950799324578186,0.6373396823923017,0.47763790485071733,0.6253509942450223,0.5286744355816746,0.5610105556642857,0.5631710561889215,0.6343548990553425,0.5239597875252894,0.5229074378703844,0.5315813496303009,0.5228295259881068,0.6246564121378414,0.48510091856874565,0.5360175317002125,0.5681490091388033,0.5661071354224017,0.6597204836083916,0.6162096727151096,0.5615667122251823,0.6595698306759089,0.5047790038446401,0.5604764772487066,0.6384473782271545,0.6281630323356151,0.4619981400623495,0.5133836932237226,0.5697467991826545,0.5538020583264235,0.49540481964631833,0.6104434789267903,0.5991434633075186,0.6285786704719372,0.5772821397391205,0.5809090508926866,0.6418821914160867,0.5126701793470869,0.5285599760332902,0.514058633647203,0.5711041857623624,0.6262193213619169,0.52620878276413,0.5345323116905137,0.48544276003590725,0.5670038964763356,0.6200152777600728,0.5357058886246204,0.5473194144134661,0.4645691822527189,0.5520466532191161,0.49017595532995756,0.47825419992477125,0.5498128930001263,0.57043104517913,0.5638828044243995,0.632498357897507,0.6053322767071259,0.541808169436024,0.5822971235026212,0.563501442778534,0.5328704518759313,0.5620601561985693,0.5829578184624327,0.5494446680158543,0.5480102942868299,0.6062545977513735,0.4933910990381977,0.4894825138878193,0.607379170527658,0.5193307605843728,0.5622393053453177,0.5264249698533051,0.5025545692968675,0.5863729823906283,0.4808846501059905,0.5969732295875607,0.5492221880973555,0.5433005610996178,0.5686014084935894,0.6045868315623613,0.5767809227435944,0.7594527147770006,0.48705221087681666,0.542082222650037,0.5745659732867083,0.5082793199790379,0.5250939461697144,0.553911676973349,0.5503919381827589,0.5651619386473252,0.5328166445879292,0.5635215476059923,0.5452335624373075,0.5627861116443934,0.609010760079261,0.5555958922913341,0.6447354050417285,0.585482877074294,0.5967746846824086,0.44973550160618503,0.5197646534299784,0.49911745002242575,0.543113014601039,0.6332729919809712,0.6476436406677578,0.5876868924326384,0.46199210480967584,0.6709986617585987,0.4837224206343252,0.48716519342745496,0.5348675969432108,0.5097348183359792,0.5444092050664949,0.5746367147300839
0.5879863893706985,0.5799785072045849,0.563924737176417,0.0,0.5019435435822953,0.5903315658924898,0.573408219538918,0.562046175236308,0.5903022595375079,0.5983952648558677,0.6214618271510384,0.6344291605841192,0.584793752038655,0.5485739042631095,0.5933422092017948,0.5829357704212486,0.5801207260616946,0.5828015712619484,0.6036344325200876,0.5329968549742105,0.6268932450779311,0.5997416399566804,0.5086959161521474,0.5420080591492841,0.6349770868759598,0.568765227888831,0.6139657805875365,0.5381208591276212,0.5454440235074636,0.5488571291558414,0.6230740977138556,0.6083620136307345,0.6815401639138269,0.5119958723813464,0.557872776691523,0.5926139264996952,0.6008320743061615,0.6060149601990582,0.6029194228067236,0.6092340769332922,0.5799672434272385,0.5782971047460027,0.5557598029159861,0.6067846431332411,0.5990731506771722,0.5685666635380074,0.46961027266574007,0.5446775474168718,0.5687358238661304,0.5773784870506911,0.6769375148564544,0.5597377205464467,0.486243102709134,0.7249255291606933,0.6514126743347058,0.5288212920920389,0.6038601497552091,0.6569376212105487,0.571761128341237,0.577504830411072,0.5743347544549987,0.5110063500884549,0.5545484128911676,0.4871035535554651,0.5374913966283142,0.5566944273554206,0.6481752332150722,0.5509460750240645,0.58181529273357,0.6021230684278732,0.5823411450415568,0.5409495752450073,0.6125288306660497,0.6898303190868104,0.6220747379824,0.5038894756920446,0.5881365328375739,0.5690337004756392,0.5370476546877936,0.4888004161462197,0.5188077584584769,0.6492993651287118,0.5726523285201659,0.5399422576979387,0.6342015101369101,0.5850353945846565,0.551395233665052,0.6278032048918191,0.5759890145694349,0.5730722502755264,0.664023815064857,0.615190079995257,0.591522142412212,0.5305262670300952,0.6144203216718394,0.6186614924294357,0.5260443934802346,0.5470268503278308,0.4877505149881162,0.6303795508444642,0.5626624687201806,0.5155747151556836,0.6731099860253976,0.583557277753639,0.6057332598557615,0.543002755595193,0.6010962980003096,0.5367647028873684,0.5654822869588944,0.5338348145714594,0.6498322303241607,0.601912260008119,0.6118226175878219,0.6528747978284211,0.5547912746607966,0.5859402835906826,0.521222738654939,0.5429262561647389,0.5720873118414304,0.5598721586964976,0.5393897654226514,0.5696179744860818,0.4912070175454755,0.6216955912859214,0.5005465433675522,0.641308281354793,0.5683100460375661,0.5458324562033974,0.5665096485345942,0.5661533240775377,0.5523751297467568,0.5827989814996243,0.5602612483317398,0.6033132394584814,0.576702264941605,0.46959417727096253,0.48757718857452775,0.5811981736203842,0.564584580666695,0.6478067320325906,0.5868868404477563,0.5696882366048339,0.6346455057332888,0.6003900040819953,0.616249691302618,0.5845083451583704,0.5625809921572449,0.5586417545193912,0.5616574632794735,0.4379482498988199,0.6342970099742046,0.5428687499834488,0.6178301097024097,0.537770547311601,0.6724693722912475,0.6116457872320576,0.5080193119778452,0.6255097152888393,0.5978966836906072,0.5889448524553339,0.4918655110367349,0.5572586544560582,0.5584859280601098,0.6136519203048235
0.5039884281185784,0.5156866158717591,0.5397457279120724,0.5019435435822953,0.0,0.4800056054050494,0.5605688699505882,0.42005294216246697,0.4982576624310838,0.49540227304735135,0.5243920322357908,0.5497028575662399,0.4674991481507582,0.4698451465463865,0.5492429570018474,0.521143552523897,0.5238459600715738,0.5046477078017165,0.48583517933417447,0.46890375056516537,0.5892142842501009,0.575854180452328,0.4701997863786938,0.5714769327906388,0.5038373365074881,0.5234304831388482,0.47054552974666686,0.4260642964342787,0.5235444507359079,0.5504923948017765,0.49669679492897995,0.48775190823447984,0.5144162942855021,0.43070559464717445,0.4954330188958964,0.510026243294506,0.494472432265854,0.5137207167518255,0.5348985402639507,0.5579607274870843,0.5569057270748994,0.5547999101102348,0.5035395428719582,0.5954764661716403,0.4635347464673065,0.4854243496764281,0.5375003589093191,0.5202173330052932,0.5149887769964225,0.534838258913468,0.5532547417603505,0.5275622398729071,0.44961188230506455,0.5448078916532195,0.5076621822179419,0.48988696758319195,0.5214475910436659,0.5422949940662631,0.49518434668336897,0.4886106636424903,0.41435753607706166,0.45234846070178625,0.47415682830248423,0.4713122463872993,0.5018427549684562,0.4532330319732987,0.4764508051678097,0.5227339630517405,0.48594880812055236,0.4430510753262055,0.5268273571930794,0.48862293335277057,0.47332815674245965,0.5253404735085704,0.47260769717388756,0.43379876472739637,0.47350397059742977,0.6523067880657802,0.4501234821152944,0.48217675147051864,0.48187033289095216,0.5278542250424748,0.5781339347078567,0.4323374640518282,0.5187018092325435,0.5023585679251132,0.4139678315286012,0.4877466957428504,0.44122262816845836,0.49086123929973946,0.6227570378412282,0.5160848252225555,0.5619775794272961,0.45509152867462643,0.5263113635628837,0.5313691143690324,0.42439221727495496,0.4739566268541993,0.473894359563937,0.46595099249545846,0.4751391727842338,0.4065337595587086,0.5028133775649696,0.4989517311086918,0.4749403962515898,0.49954255767960926,0.4785683030146393,0.475942259373208,0.536192604460367,0.5225970539077187,0.5471909248227307,0.5449665267326912,0.46024845061982955,0.4816043487819241,0.46629302842660175,0.5263644759306287,0.4511865549281395,0.5121291360335498,0.5043050187120467,0.46285420068766403,0.643335669768702,0.42963301060255643,0.4593060938012809,0.5623894984500957,0.47241641322750805,0.519009456158204,0.48119912439484,0.48623514724899136,0.48435344130803315,0.5184648592516291,0.48172850980159243,0.5194107707558238,0.4217640812265327,0.512708788461295,0.4916345432990434,0.4932641151648978,0.4909207440475547,0.5704666822774537,0.48598796508013636,0.5375911449617197,0.44432416039219524,0.5190147282357535,0.5247260562129563,0.5069670985404959,0.561366476552196,0.5210793948649471,0.5849942389968279,0.5013570368071147,0.5023890008086488,0.42145793344822136,0.4723320406938144,0.4777792971841408,0.5445970338615294,0.5800603158817703,0.5443776167336309,0.4796861980484093,0.4378864032909255,0.5497132643239272,0.4801261952797234,0.4777700316572065,0.44866913645259854,0.4873623754455679,0.4978030038608841,0.5929371475214638
0.6086236938165396,0.6223935104513151,0.6380360765596456,0.5903315658924898,0.4800056054050494,0.0,0.49964922976968223,0.548459845018655,0.5708636680375277,0.5977226089395576,0.5827833610741466,0.5565128978491155,0.6926837212192555,0.5629702955766595,0.5462223031791809,0.6210424042822587,0.5858738633888687,0.5571437374880225,0.5252884741796475,0.5412008411237723,0.6040503787083383,0.6118208107972217,0.4392499385943328,0.5354252953687578,0.5889967060299444,0.5606009337999286,0.5077074494403243,0.49754417764819253,0.569965859271416,0.5248349903345001,0.5722517700884571,0.6275130945590295,0.6381451022584712,0.46674856588435837,0.5336665891599484,0.541643341141977,0.6285129281169497,0.5854859356341888,0.528665460085844,0.5720009016906288,0.5576000338785219,0.5674417982940249,0.5300204645339909,0.6023645602853577,0.5770609075627502,0.5700726821286006,0.5155193575268107,0.5855646885941256,0.5024071924836014,0.5527112379767751,0.6022087707915342,0.6092954927949109,0.49965521588248657,0.6477413887906323,0.5648693755109341,0.5914073399573749,0.5728997148516914,0.5963568542002224,0.5232011354248768,0.553074310908139,0.6046826944582895,0.5474486565111998,0.5980913413549088,0.465114667954159,0.5222933348492411,0.5862323143868134,0.612151706630567,0.6367554548193339,0.5509150086735632,0.5628966333622126,0.6337813481681036,0.5225222747870706,0.5815284266641667,0.6394768520774142,0.6663034884920209,0.5253905896243619,0.5346051420447661,0.5574471776609985,0.5304231124705204,0.5644972109812271,0.6165879659125689,0.5710624655713493,0.6441131408616207,0.6190832086037885,0.5639745795696509,0.6098897894108571,0.5429958389423006,0.5436251010411002,0.57252308249026,0.6027560066573466,0.5748392793837457,0.546455077595013,0.5480531065228771,0.5454710441199728,0.5597605317520313,0.6544892361866603,0.5485177845794038,0.5352650851503502,0.4700195741607081,0.6202159891107755,0.5498662550932648,0.4729917021402308,0.5188321348133356,0.5250094748270012,0.5758188683080987,0.5846454808659206,0.5876565216351445,0.5254890991369106,0.5700654188565268,0.5800643395838894,0.5537020395778095,0.5202239426596061,0.6927767152330458,0.5524480410399412,0.5780659532745128,0.6313615861087707,0.5286041047017981,0.4870142311220363,0.5904234506484352,0.5450069223544171,0.5291206391583645,0.5173879310881345,0.516176243041114,0.6355813002122926,0.5058863988541709,0.671098602906013,0.555588009988057,0.5559951413658614,0.5720659171756048,0.5712605424793037,0.5913076025408155,0.6532382417570631,0.5578410665100668,0.5649676045706384,0.5594486210031533,0.5061712267389697,0.5395593087151586,0.5442552395465372,0.5101576800286602,0.5462596588662408,0.5890414032952078,0.6013005974477367,0.5658210209930533,0.5284063576400629,0.5983536415792722,0.525142819479589,0.5767485265191703,0.6026970170713651,0.5646557161149551,0.4499914657055109,0.5477215004811669,0.5340399634774229,0.5213380523267349,0.545532351735161,0.596511426486652,0.6019397381700491,0.5165131430606342,0.688381006957061,0.5439327347773302,0.5490075787999142,0.5284950912394609,0.5584048997968484,0.506929861312774,0.5720827986922498
0.5578839899986846,0.5865909139392557,0.48363760219040397,0.573408219538918,0.5605688699505882,0.49964922976968223,0.0,0.42863574839378277,0.5216529078574755,0.5911940352462415,0.5617857738612765,0.6091217126236059,0.5047859293302481,0.5131975058339061,0.5689649208079572,0.5214691088978927,0.5553363509257069,0.5529377463238689,0.5938066125719625,0.5016225648603689,0.5622765261100725,0.5483578815283289,0.5914780505559076,0.6055865171076481,0.5942643300589617,0.4726409176480116,0.5627956330475288,0.5206165024647206,0.6012117517296663,0.6204984493623675,0.5421003375988342,0.5668941384308102,0.5369893232491089,0.5016111619957031,0.5410416051534986,0.496910778649618,0.5267796282318284,0.5021320589350874,0.5482520761188909,0.64522372745888,0.5242584304550494,0.5824499108536323,0.4820248926197622,0.5759858558145442,0.48505338552626454,0.5160488416435873,0.48423639594483436,0.4961709894800881,0.6807507478804211,0.5150738641589419,0.5926450857901189,0.49522032609113337,0.4903311675035123,0.5740264597209863,0.5694260649790072,0.5165795365796142,0.5730133185074499,0.5209705839891693,0.5859494264001369,0.5429941935772693,0.4459161021480021,0.4439261098777475,0.4479545079184719,0.4633785288110097,0.5196636503888555,0.47772899839549887,0.530108086785078,0.4963882109659144,0.4792994586743601,0.45908505594570764,0.49503053213508325,0.5310539088827853,0.5045737788202233,0.5655028966021678,0.4970413568210324,0.5327716062505418,0.5186283648040505,0.6346189406642694,0.4440606653875897,0.5297239388086883,0.4782168933131281,0.5303904522137244,0.5925362484922378,0.4349338250165895,0.5444977839888232,0.49264879996945354,0.4280317426783351,0.5498321128810909,0.516635609995653,0.5120950734387625,0.5814555510818623,0.579698992049122,0.6213410690372088,0.5419687293107112,0.5594926522840631,0.5416719122277632,0.42190063029058433,0.4886823425260338,0.47506070449721005,0.5389233673766415,0.5432195030042702,0.4166038323590793,0.5221916877178877,0.5119661756037781,0.48615350205088237,0.4775343381260428,0.4934641548682187,0.5131312218769593,0.5619813546780438,0.5667861207103071,0.6678907216673953,0.5268641676020062,0.4979260243472155,0.5318706012235768,0.4802325341996291,0.5548616387100964,0.528973452287313,0.6074953875466146,0.5037279946460155,0.4817790156261068,0.5592084150120528,0.4235528111450119,0.4759155212469309,0.6462299643141763,0.5023393763005175,0.570083199784049,0.4916026937061681,0.47280772134810384,0.49850709570873336,0.5041938980840629,0.5148864766645747,0.4799201982027898,0.47107329396565434,0.5244656437192003,0.49480333480495325,0.47793146052359314,0.5071837601934941,0.5736763478664881,0.5028944913488617,0.5795921903048876,0.4836333619115739,0.5377435499190595,0.6267745781463399,0.49880375140019695,0.5607502765097253,0.5278290227177757,0.5045914838002507,0.5422450798815412,0.5234723187558534,0.4131485567407465,0.5217609599088511,0.5654912583738764,0.5983194158288667,0.5452150705113645,0.5630997755276318,0.5054432941823936,0.534711321895987,0.5683496346844958,0.5990478166816098,0.5994562928464234,0.46858764091923905,0.5668312734787817,0.5141083449554937,0.6172039690238228
0.5252811585998443,0.47839130016135795,0.544979699145777,0.562046175236308,0.42005294216246697,0.548459845018655,0.42863574839378277,0.0,0.5520275744502996,0.490803759683899,0.528405891971318,0.5239515432794957,0.5896764844957569,0.4723910402108106,0.5238906130365174,0.5618140527002987,0.493434722477057,0.515732645208804,0.4956878205114561,0.5063687111133662,0.5189533237586835,0.525404206741929,0.41782564969239255,0.45277507064532396,0.5233525370736031,0.5480527018090742,0.5352435492766613,0.4715381099354816,0.43649400284165013,0.48416456684261017,0.5886678129686193,0.5455901890155714,0.5660969320274487,0.4551490304237519,0.47186479803183023,0.5304045064723801,0.5771020136671903,0.5690177131489511,0.5401694185369859,0.47865683566375283,0.48877282847478926,0.46247420406897705,0.5812314576378136,0.48847647286445917,0.6592589998393735,0.5531480351333715,0.42895986762820965,0.5067546246342045,0.4541360431378011,0.5361699657436726,0.5535275915503257,0.49512194050864655,0.4260956148853367,0.5577411771114628,0.5469468724780078,0.456910657020633,0.5216318628162337,0.6128287587591014,0.4609124530641522,0.5194513688680019,0.6570403482807752,0.5118735385083101,0.5905806634971749,0.4337181369681783,0.47241112130892393,0.5550731007256391,0.5631434953356339,0.5358414072249116,0.5885533861114154,0.7442683429493738,0.5712582324434666,0.4681495193917329,0.5124251134777167,0.5897446403129231,0.6086501288170275,0.44636578169301033,0.5499002877706297,0.4554244629704426,0.587860910853674,0.41145873766002644,0.46193203856344084,0.5595129550280105,0.49955177817399327,0.586930190796085,0.5152384994650007,0.5689355393734556,0.6640751028670377,0.5599254533364295,0.5512525386824811,0.5327104206562999,0.5321480375177855,0.4850052445300959,0.4873537598701854,0.46451606224028597,0.48048768853710483,0.537653132013824,0.5874223978961673,0.4737757841716417,0.4177996674523831,0.5509583530849718,0.48351314317856053,0.6431918654524497,0.5371018411158827,0.49801772433372277,0.5873810567650284,0.5567519214880406,0.5913693710462311,0.46329307365152567,0.48974365546179843,0.44995021210809777,0.4811957229008563,0.5036131668875259,0.5392116081762651,0.5509241415736471,0.5383885158710918,0.5076220630034709,0.44429989750894644,0.4709342599976484,0.4672069829857062,0.4838585114602076,0.4595953497335678,0.6735927854221117,0.4297594105238932,0.5055732297451584,0.4216299960573555,0.5635397632424295,0.495950785720729,0.6050154255665413,0.4936870207838074,0.5352032237816668,0.5004581908909805,0.5700566320861947,0.5681961468998338,0.49349370980158136,0.5461267552591591,0.42389657821634447,0.46492053363854546,0.48866165275115425,0.5271912415564435,0.5692502245912099,0.5318096752563048,0.48934785716592377,0.48767752052439295,0.509288882299816,0.5127796466243993,0.5118599881566934,0.5283539562768824,0.49413882551928723,0.5032308162528601,0.40322010796056007,0.5840427340679768,0.44125753919525856,0.5093044945033264,0.4779112118357543,0.5423206012709021,0.6162900681096586,0.4546695491068658,0.5332029636820954,0.454426870606959,0.47787794703624953,0.43632801045966274,0.4511704394871392,0.4613045800204412,0.48590764624208216
0.6155120665046231,0.6275348293391749,0.5626910991811078,0.5903022595375079,0.4982576624310838,0.5708636680375277,0.5216529078574755,0.5520275744502996,0.0,0.5794336918177333,0.544107480608661,0.5486735843523101,0.5690581240834091,0.6082657021407709,0.6312105383510476,0.5340795768593519,0.5253301968268935,0.5990752958067396,0.516676621287264,0.5637748868247443,0.5765983800122478,0.6652295142526702,0.45570521919418255,0.5215451807072569,0.5849786724667608,0.5253515831433099,0.562102009982161,0.46915842411475067,0.5302695379707681,0.52556977952368,0.6885990747932675,0.5587055022053296,0.6353164388222878,0.4511361727701456,0.6029269606396852,0.5960914795377624,0.585780305329102,0.6443405069785588,0.5775824498642728,0.562914155503705,0.5777491517227533,0.5914844112057573,0.5359786784713633,0.5827344257880294,0.5889094680879225,0.5537886829564463,0.4996738715326193,0.526204130589427,0.518697654005214,0.6057774101176231,0.5914783523624227,0.5343321926999662,0.5119761998724783,0.6208895746190477,0.5569763531030367,0.595406843861511,0.5730977558606984,0.5643953137902412,0.5761770394595277,0.566266506535475,0.5418261032160713,0.5421027495828293,0.5314355379113935,0.5243762524762375,0.5911380385987537,0.5541303585295354,0.652065127916248,0.609797819762367,0.5968018618878851,0.5768222618392682,0.6631807043618515,0.5894185332218558,0.60247818079903,0.5960874625709831,0.6043647247703134,0.5067235914285266,0.5044698242918491,0.5315711234379428,0.523245749234441,0.4691796948335985,0.5322226774127934,0.7370230106393522,0.6200501644527026,0.5484094885498099,0.5845791191487442,0.643433016319564,0.5349953633883151,0.6272634685691134,0.5485044138123244,0.6972974990270381,0.6075682758462053,0.6580053799095534,0.557580140585931,0.5153148660041073,0.6383599393217512,0.6705371337632438,0.5792360091577333,0.5427254827871668,0.5337944807717845,0.5872619832263914,0.5971413169746177,0.4724927352165686,0.5789211534345247,0.5623972831912109,0.627657307709012,0.5349383254082488,0.5436252049190359,0.5109964839864579,0.5638174550921677,0.5291589318584858,0.5308761843888146,0.5968088276085742,0.6003891261099321,0.6169171545384452,0.5436472877451918,0.5616884476026792,0.5022662589481394,0.5115958049197448,0.5069040408168857,0.5862976525451671,0.5743216113692537,0.5428551758368871,0.49327499571751354,0.5816166420871749,0.5754105284027566,0.5826568798667175,0.5729840450622824,0.5459185391880604,0.5278311580584081,0.6537216120381444,0.6317140273169184,0.582433470471371,0.5456073109851841,0.6660176762787636,0.6100249713075907,0.539381567334588,0.5097725059702217,0.6094206930126348,0.5517269213756142,0.6269794326304218,0.5886719855216199,0.5965667210199233,0.6436561523984283,0.6389480683263622,0.6212535593124736,0.5740910591137698,0.6676653996046795,0.5507514807819216,0.5745568986914524,0.4426108918407151,0.5949114175415535,0.5434196298307776,0.5765030450539446,0.5797643548803506,0.5905910644118643,0.6634891880659334,0.47909544712178415,0.5678695178744454,0.5779226867757185,0.5039904662484259,0.5075143257547139,0.5806947309707335,0.5839712936732898,0.6013160797224453
0.6107400397168649,0.7020882673578339,0.581593619073843,0.5983952648558677,0.49540227304735135,0.5977226089395576,0.5911940352462415,0.490803759683899,0.5794336918177333,0.0,0.5516994843974957,0.5800704304006183,0.594333387428127,0.5890788620032025,0.5572113337751564,0.5739592146321134,0.6337709564951954,0.6368036693343869,0.5824949820813272,0.5666564920474003,0.6233721524981661,0.5941073606937471,0.5345479029337354,0.5725527147931284,0.6929980961045029,0.5093282252647228,0.579639814690395,0.5519265230735875,0.6479074279464425,0.5671514885705109,0.563772167347621,0.625805518265838,0.5846244234356962,0.5011180993922585,0.568006253214943,0.5402256708298465,0.5606532893921894,0.5819953565986515,0.5111267561046219,0.676349806336067,0.5828829696479253,0.6580896149569224,0.5149776448806218,0.5728519667207095,0.5511570584482577,0.5923326070309661,0.5415867541460039,0.5109558082732055,0.5993457052950631,0.5586820801772646,0.5978226410623719,0.5681263017993369,0.5427267277003454,0.606159484556838,0.553743319227393,0.6287796679529442,0.6059354654129028,0.551063690801568,0.667129967844487,0.5787916731613365,0.5071099005485344,0.49992072900565404,0.5114721188306653,0.5102206729943424,0.5631632709174739,0.5658867664838196,0.5957286911326742,0.559355780401283,0.5792935101431625,0.5173268772985724,0.5531826016251314,0.5800310640698636,0.5891193302798401,0.6297649211820623,0.6207031550952403,0.5782061808057902,0.5061850400953052,0.5880759068126657,0.5119703779859103,0.5484659219586665,0.5999691391447374,0.5704723358264723,0.641295535619215,0.535124305733717,0.6199480730650373,0.597781255125325,0.4714714308251788,0.5846089819186504,0.6085461276122576,0.5745850636431037,0.5885098658211402,0.6102775099981067,0.5867355922712703,0.5663125979189957,0.6257526426280614,0.6104636954824513,0.48373037111556366,0.5895186550178851,0.4972878877825674,0.6461947860830652,0.555215008435305,0.4386269094138546,0.5658586749289558,0.6120900256145826,0.5573812798092838,0.5586734705961809,0.5794344043417055,0.6214014570241501,0.6433766237709235,0.6121368658662537,0.5895497006219333,0.5578926346795725,0.5956470154482028,0.6077842353101572,0.5512113752227177,0.6390524177582876,0.6250591536054546,0.5524465244154373,0.5954346520408623,0.555540748902298,0.5425695122450704,0.4704843291465964,0.5360000707308676,0.6450985436421407,0.5342536519691023,0.6241147358302703,0.5631877620001488,0.4864291454454819,0.5975572386596839,0.5844120711027178,0.6721570479896785,0.567145576776489,0.5070773374005605,0.5507398380598845,0.536634677867319,0.5136466781690364,0.5533075004490323,0.582309043040222,0.5688081339602947,0.5922927645419697,0.5638629396188898,0.5996465610388733,0.6667813171006247,0.5524991128725509,0.6082057825868636,0.5701354953896748,0.5334343484976614,0.6510438734060563,0.6636758626782732,0.46118264473750575,0.5328799404404324,0.6366418544603564,0.5776846233236486,0.6292086960002089,0.6605709610098608,0.564191610994326,0.5180229672812183,0.6455165123338433,0.5872384733624014,0.5669733362838951,0.6020639539370845,0.6316515043535976,0.6021666390036416,0.586940499785624
0.6265054728342603,0.5457611425306439,0.5603194597769307,0.6214618271510384,0.5243920322357908,0.5827833610741466,0.5617857738612765,0.528405891971318,0.544107480608661,0.5516994843974957,0.0,0.6685110399478233,0.6408056838421564,0.508715616927295,0.5787833502258208,0.672007367714374,0.5882077774457176,0.5627093109028175,0.6038900631383484,0.5687708089815969,0.6224078082510202,0.6125605059372555,0.5092282484329306,0.6221371833869846,0.6506515031528809,0.5937046323901597,0.5724381101386268,0.55307105349563,0.5486984880567013,0.5826328082070873,0.6059834699380771,0.6347767277915407,0.5624891098825243,0.5343439993590849,0.552113548583646,0.5301871258696805,0.7401825476793943,0.571428097983082,0.6470573830260149,0.6019139000718877,0.5157309773212175,0.5515110444399004,0.5825404482531172,0.6445387626160703,0.5992912086928606,0.54877039305796,0.45432003117381203,0.7025942142885823,0.608087167843152,0.5489548631207349,0.639896164110488,0.533074301124691,0.4423398206663557,0.6545908370255409,0.6819692502416721,0.4953987028926248,0.6139549788553081,0.6406612307298017,0.5290999931161715,0.543375285883492,0.5742393141869785,0.4639251315093732,0.5368759338735514,0.46204419849444156,0.5042275412211157,0.5420788330346354,0.6283234688717627,0.5686885517363625,0.5475277525540435,0.5872815562644165,0.5760162112614249,0.5171610998112117,0.568524918815577,0.673657972986587,0.5727332614494248,0.5029463979233266,0.6527631723849373,0.5849104039113483,0.517755943506705,0.525808168853052,0.4912661179478212,0.5601735509019391,0.5798211967136871,0.523231412262115,0.5706523574342413,0.5514592095867388,0.5751791407453144,0.5668999816693577,0.5372217739556162,0.5545592661363553,0.6104589906947456,0.516960393344657,0.5867514388743603,0.5446922247844931,0.5360052130812683,0.5959916477217302,0.4818416070931914,0.49459442905994155,0.4500410089440085,0.5609579501030733,0.5721861841428061,0.5257116798341587,0.5469943200101458,0.5088963028837675,0.5386250562957843,0.542408289425828,0.5594056785265011,0.526708021877599,0.5290137165930685,0.6020896381573222,0.7069406670876451,0.5538912611454577,0.5900353112376424,0.5696524688881615,0.5278678485562754,0.5761894141462424,0.49425734748446504,0.6259794238093715,0.5508567492836514,0.4869547182704665,0.5631058442321235,0.4929782851439434,0.5082611021713805,0.6410734460323807,0.49239787101269183,0.6682149126606082,0.48865208797660287,0.5753851356570766,0.5369806319044202,0.5363382989700789,0.5034592050407193,0.5660002121270471,0.6032310151989994,0.5515118680914203,0.6401568242964499,0.4723692005622851,0.5410862588633393,0.5715792276207258,0.5740549739697081,0.610281892839319,0.5208049299220121,0.5638532742738548,0.5458205785726408,0.5127182768430929,0.6454288565746686,0.5621991521941659,0.545484656021256,0.5162949001229482,0.5529288711891353,0.4205027231939424,0.6685527833200694,0.4904166424941132,0.6253631415222073,0.5089279629270838,0.6083610678920903,0.6390940471237114,0.616682367492696,0.6312766883261289,0.5635062696815454,0.6081367116914552,0.44706125182098605,0.5359506531802735,0.4819911707010866,0.6892245908344696
0.594105856151389,0.5737499297777081,0.5545944578260426,0.6344291605841192,0.5497028575662399,0.5565128978491155,0.6091217126236059,0.5239515432794957,0.5486735843523101,0.5800704304006183,0.6685110399478233,0.0,0.581192130116377,0.5063305633513155,0.5828201830780767,0.6507504132172391,0.6138988952498714,0.5609091041653437,0.6490176077280619,0.5603887519773759,0.634335312715138,0.5804850454345392,0.5787579982123452,0.629836610624315,0.6611351525720083,0.5771023172565983,0.6320032630340205,0.5668688109450922,0.5604268160073335,0.6590522216410454,0.6195406002535405,0.6292238911607856,0.5825902702554359,0.5887572445480829,0.5577934183966247,0.5668247491062776,0.6173915687158715,0.5712054727397579,0.6366707393749621,0.6339300519397304,0.5543858718116197,0.5700533143495096,0.5677250188348055,0.6138430618687616,0.6143825289152811,0.5736089448886733,0.4901287193343279,0.5735782489396509,0.6368707180235206,0.5674470586703384,0.6402038379749522,0.5482535922091294,0.45227464242420085,0.6422906808889184,0.661403724498752,0.5113604266032702,0.6162022051408133,0.6812820903465157,0.5344736624978627,0.5864958678362263,0.51106436408153,0.472831737377048,0.5132491515777879,0.484312853743015,0.49772729826962403,0.5152713697229624,0.5721428608587621,0.5215173067869396,0.5406133944875584,0.5432104635087802,0.539214167038794,0.5251453188391564,0.5380675450083663,0.6500778789488053,0.5647250077025567,0.49897704645096075,0.5930915173879828,0.6244365924806978,0.5260535352639459,0.49266831701619873,0.4764919380356401,0.5600893461311008,0.5879034014880065,0.4994533078312525,0.5888683532556059,0.5714836360362707,0.5067005841709097,0.5696078800904841,0.5608508352402286,0.5590615846042795,0.6468246003747333,0.5662337321104051,0.6184515841598566,0.529666177839821,0.5324956229399525,0.5907362024372748,0.46425261439569343,0.5370348144185585,0.4676576652144882,0.5879516962184084,0.5456155831660389,0.49357283659887896,0.5794187261066351,0.5566606657918982,0.5428869028562548,0.5669509910267827,0.5703162948112197,0.5612168323024188,0.5671475232628663,0.5808088633051786,0.7219305641923555,0.5759789816648039,0.5308675989513801,0.5744325708666,0.5341956176028746,0.6180017403091634,0.5159438547238033,0.6253176574666494,0.5468605434717362,0.5031326660083765,0.568649518695049,0.4883408293832212,0.5030817474193602,0.6369592750771863,0.4708255709189672,0.6610244914200966,0.5115288691822896,0.592292153524556,0.571002767427733,0.530109615786809,0.5373729169628649,0.5417050928881427,0.524901668451914,0.5439123881891331,0.5673299835841547,0.4527509298474878,0.5568111346901645,0.6007378988532174,0.595609060116189,0.642726518292897,0.4948462057451173,0.5622347581947001,0.5806619692954681,0.5203268731140257,0.6147927056542603,0.615179681743191,0.5595337625222309,0.5261745347805614,0.584083323770838,0.4443103029429367,0.6108461125792622,0.500600015893934,0.6633167534872294,0.5638418985614215,0.6589849703508167,0.5679773649704656,0.5401532315915181,0.6433969441919799,0.54057783200133,0.5845918729213807,0.4490659037434315,0.5320709987884791,0.49612747500479715,0.633289716772884
