0,1,2,3,4,5,6,7,8,9,10,11,12,13,14,15,16,17,18,19,20,21,22,23,24,25,26,27,28,29,30,31,32,33,34,35,36,37,38,39,40,41,42,43,44,45,46,47,48,49,50,51,52,53,54,55,56,57,58,59,60,61,62,63,64,65,66,67,68,69,70,71,72,73,74,75,76,77,78,79,80,81,82,83,84,85,86,87,88,89,90,91,92,93,94,95,96,97,98,99,100,101,102,103,104,105,106,107,108,109,110,111,112,113,114,115,116,117,118,119,120,121,122,123,124,125,126,127,128,129,130,131,132,133,134,135,136,137,138,139,140,141,142,143,144,145,146,147,148,149,150,151,152,153,154,155,156,157,158,159,160,161,162,163
0.0,0.33166948125773055,0.2640977508045185,0.29648568062284825,0.2614170741622352,0.3013727060326549,0.26939079370653185,0.3178362732753386,0.34929750016329025,0.316708671122683,0.34642943260243797,0.30584987072947956,0.4131832834894391,0.2766953240144827,0.3139328853293552,0.333463633916601,0.3646086075269932,0.4404231719621389,0.32984566386353703,0.4697898188040625,0.35549856719923967,0.3061691570737651,0.2647022292672263,0.32646358869749703,0.41009358189814576,0.27168679258032435,0.25337176765842295,0.3075817212245068,0.27219339049458874,0.29805797721313365,0.36314452498563066,0.3444858954433984,0.2781027737924235,0.26602279437515347,0.3787992490730097,0.27763106840696533,0.4286036143493825,0.34986994629731305,0.28649123348442534,0.3625999459654531,0.2910041213641963,0.3136069119626069,0.3676913482311329,0.3613112744517657,0.3223835698183556,0.39113682916235787,0.28011998831795676,0.34454626350588247,0.36162087378622093,0.3888008455549957,0.41403499176401937,0.33866013588959637,0.30550091571839194,0.33068421336536025,0.299701875824788,0.3178608875086132,0.5237001082348304,0.29952881952891824,0.35028443448783003,0.337387781882348,0.3428864604770055,0.24060409605372993,0.35132950708559474,0.24350268694855826,0.34004345078839615,0.41150875189111025,0.33372475653432704,0.33307311919271787,0.31496512688443595,0.35516077392592676,0.406934728018967,0.3437750534449468,0.3549297274749584,0.38110372827968686,0.3700221082086182,0.3598338678797012,0.27001543197643196,0.2775894669261934,0.33617429922783626,0.28864190439909193,0.3109819021075299,0.35123912008053443,0.3544823296013578,0.3174740675610847,0.35625297520321325,0.35304285378799605,0.33901070809599215,0.4041655472833321,0.35165070497117873,0.30817657602348414,0.36618480558655025,0.2843110512213182,0.344960489075956,0.41195684752238104,0.3483503054758674,0.3098071695446521,0.25877621451463745,0.26390315288589805,0.23650687133527964,0.36823879490306943,0.3183719189958539,0.292736083972523,0.3022094574275767,0.2655126408295938,0.3577433500729178,0.3110708445983701,0.35124280752812936,0.3324440486690863,0.3347092699702942,0.349669332460546,0.34166079449729236,0.34980353429809,0.3570653986942672,0.29400406742262714,0.3491775389164426,0.34822030885350697,0.3630383473402756,0.3084119884963572,0.2976607263364739,0.24892681394321806,0.3080193081412608,0.2644647437824556,0.3227847950047509,0.39586262767575753,0.30556872416732844,0.3180077925660215,0.25176987426191416,0.2521681595716664,0.2732897632588948,0.34403967562341137,0.29003601658898276,0.2908695545561901,0.3014482995400196,0.31779171008433477,0.3495435653978151,0.3221783262462439,0.3957442802786925,0.33569296851617814,0.29225700912167474,0.3935581350306651,0.29113363242414986,0.2868620170676546,0.3718729805497775,0.27075419780984084,0.36299770182913393,0.3460301196636103,0.30568923755288013,0.2900885023968021,0.359861317072315,0.18638484313674863,0.4687250144276571,0.3516233079449716,0.37797377732112925,0.24873628069146228,0.3295255994238629,0.379481724716773,0.2792504291290024,0.3337323937714598,0.32273816349033985,0.32468336787318003,0.2701787517954967,0.4180783071277628,0.25188750569101376,0.4463473718910145
0.33166948125773055,0.0,0.30424747894263265,0.3178059742513994,0.2593094610138964,0.36977678166001887,0.2887329118574824,0.3658820440026672,0.30731915903899654,0.4237220506838571,0.31679475486067926,0.2989516876982309,0.35820444392950346,0.39121252058788547,0.32021598942779733,0.3230764506915178,0.3346451417750988,0.32440309083694896,0.29249107346550446,0.32535260180198594,0.323765406294035,0.37103760110396555,0.2604120506992398,0.28407073192487814,0.34969305714065285,0.2813751180587922,0.2633956557159923,0.2838668746244853,0.4340926561559996,0.2531017889372233,0.37503893949034656,0.34725330308491115,0.38473590584427336,0.254798294215887,0.37043895032031476,0.33217659649752984,0.330272905198241,0.36550879682204723,0.3116509413084781,0.3292882543537211,0.36261155108888116,0.3150875891758259,0.2687847995044115,0.33629988438707126,0.41095766307466663,0.30587973064424384,0.28838426873929324,0.2989936287576448,0.3100506157906058,0.33192427084598625,0.3367985484393984,0.30802215145501116,0.3469941713161229,0.45773450947546995,0.3760274844535205,0.3711824392362814,0.31849608044181793,0.30037609972869783,0.366842726442856,0.3413427015193764,0.38270359811247495,0.24502402857487968,0.28296794079767745,0.26047336978094204,0.28175316069886885,0.30076090680748685,0.3503310600377459,0.3010046015111576,0.30726011072414433,0.35130277735424276,0.32805036590774983,0.3771467116714069,0.2977105353395728,0.34858736268049806,0.3809124656554436,0.30230850685762434,0.2692483365471845,0.3634256382943855,0.30426352191961,0.278125027656444,0.2959298721841425,0.3028720498211702,0.4090042912821099,0.3263513222550989,0.3187044141300337,0.4025227997410992,0.2980615015121674,0.3106016139644728,0.3051261651964916,0.36887041045584673,0.30680349907952875,0.33487262163210546,0.3672723369490679,0.3125856735382866,0.357823034881708,0.3975894399866541,0.29835968932456003,0.30723655873349104,0.24803034106689717,0.374479223180955,0.34303079545516696,0.26271084383220716,0.2537510089884606,0.28504798518177277,0.3277411960978997,0.3015678407702167,0.3072097292847629,0.3576642814664659,0.35983623667363923,0.3319125818876681,0.29177940211511544,0.2938891384431725,0.34411662647778013,0.30757731424360873,0.37094131845002654,0.3916339350224496,0.32082660980891564,0.24681682201159896,0.3097393036861627,0.28304162981708664,0.3195172555714766,0.2902091957495218,0.3032967376282167,0.3708283352747863,0.3033044221134028,0.4428265147011806,0.27992400214112334,0.3209593658488543,0.38291624201017754,0.34330123589505535,0.3545634891306673,0.2862373821012748,0.29192958086221527,0.33945092330319243,0.31519706988554125,0.2881496499110703,0.31438628009443637,0.36987860671785316,0.31176525067987154,0.30553625465502965,0.33379471415079115,0.3652905953554948,0.3969457674326289,0.2994461885723234,0.3802895988415343,0.29610553447791554,0.30398796939658634,0.32746645887010184,0.3874603107727417,0.21375174656560897,0.28950838686901026,0.3749777253845027,0.2934282701680141,0.3167303448228996,0.32098918579005414,0.3483997051494547,0.25019800180068064,0.3476051668560109,0.3196869285806196,0.2981862820952214,0.319853967260578,0.39914224629827244,0.25991768739753635,0.30509123651698855
0.2640977508045185,0.30424747894263265,0.0,0.2726814814202789,0.2771798642944407,0.28832718763023074,0.24333469398296562,0.32579565758183276,0.26606897051984246,0.3795100093597899,0.3131599169850807,0.26884370413552167,0.30795247922018837,0.2509462229173198,0.26980342246952066,0.3512901245357046,0.3247594038868885,0.2939447885627906,0.246152103261833,0.23585329366515537,0.3777833137511792,0.39716710953535556,0.22097586704396913,0.27639612292523746,0.29225950240506,0.31676956232975384,0.22667083005832867,0.24226321845184315,0.27060934341037995,0.26264750707525136,0.25173227296286244,0.28091186951256936,0.25641222755920184,0.2018921710911198,0.23472279828305254,0.2688390860462827,0.2948774593280944,0.30951110787079317,0.25442258022659164,0.2894194653709891,0.29309535424583744,0.32314909203202813,0.2824569811924697,0.2865182262027414,0.2863985795085144,0.2727055447688235,0.28980225645037744,0.3037642472178094,0.26850811823586457,0.269653743686793,0.3001657479403559,0.32059624583388147,0.2204435578767268,0.33962873664249954,0.275810475899379,0.2814313727906484,0.26650933135829863,0.3058753041023021,0.29284097281539484,0.23953492589601152,0.2822876343463828,0.22437346507392167,0.3249264939111422,0.2331712237539759,0.24428358976406825,0.2680993979249841,0.2662080288053325,0.35075057841675883,0.3463884649174433,0.327283654933975,0.3329723393610949,0.24293011397725223,0.26751556417377886,0.395139170931836,0.3243473099303323,0.20685045950268263,0.28417320074786667,0.29712455665184007,0.26252400690146227,0.2262696577471948,0.3271825882291743,0.29299062146808574,0.353363203153445,0.2956077699324113,0.26833964148340106,0.35128962993155133,0.2501697956641672,0.24061002916484883,0.2427234193307876,0.2623437471817243,0.3044148919873727,0.22034799573318992,0.27132037165680856,0.21543630116892323,0.29627363447623045,0.3060621525527077,0.24841994622338118,0.26746365376793724,0.20636593148734172,0.2701315405813125,0.21800821658827008,0.27358022776166696,0.24180685515346464,0.3024821722503143,0.2618929006833223,0.3195382584660154,0.28343099474529665,0.29248883851584007,0.2800538466435499,0.314782907915203,0.2636264179301773,0.254337692441307,0.2720050803084168,0.25568105583780054,0.254775968549174,0.3154078668244383,0.2298787479221549,0.26793706417294955,0.32863028407423,0.2518722796060875,0.28462759822280465,0.2640082270537219,0.22761628459650224,0.3103337972140786,0.21515947479870304,0.3228574618901859,0.24354161685094633,0.26996211659452374,0.30516783112488016,0.30405975589181583,0.29716725021528934,0.40964570763768127,0.21642674009595986,0.23549046062385484,0.294701131958064,0.25085535352312305,0.24258860726843579,0.25612324322366803,0.27848955141312925,0.2731683920145459,0.25560404748786003,0.2607718055334949,0.26269191380505785,0.2744422485177253,0.30144533927291334,0.24117491357714288,0.33819725168998,0.30456618405579655,0.33933442335151776,0.2076162622461029,0.23290261558197498,0.23723988724135878,0.2705398385814335,0.3526708764727029,0.3260059918878212,0.29012878141810905,0.24194847483082732,0.3738421290132428,0.20504162803930678,0.24867067942180263,0.3450706806143362,0.23017489103701455,0.2764399686250339,0.29247030621898873
0.29648568062284825,0.3178059742513994,0.2726814814202789,0.0,0.26597001527862724,0.2626254459113514,0.35783019489997814,0.32516434697287766,0.27669647464104297,0.3517349603194986,0.313189823862486,0.304539678534986,0.31215760814800625,0.2788281362747265,0.3596457390867903,0.2827162567563136,0.3050552262592036,0.32914193533370156,0.2845999740664252,0.2599429337122906,0.31488824183532366,0.2908525953162064,0.308350266214438,0.27942740472847893,0.33472240823201266,0.2948873291426337,0.32377832747058305,0.27442861516022876,0.2869343908247195,0.2516491551061173,0.3204960880571719,0.2717984211391751,0.3966867487693184,0.26218147452279733,0.27742028153684783,0.2796085665843542,0.3289179940514523,0.30112335408971597,0.2945121661436191,0.36781375328421023,0.29771433737102965,0.3101280004191801,0.26994522647356456,0.3008370185054054,0.32353435832227406,0.32836910743352254,0.21764963507504148,0.2660382101648208,0.31380330672009277,0.27145846494491754,0.3747957611836798,0.27499590643307753,0.27143648554851035,0.40219978283059477,0.3210025896705415,0.27211875150093845,0.3103749743799224,0.3245576068534851,0.33746159930252706,0.2988879758745049,0.3299964107314782,0.22225965834325428,0.27967086792416224,0.21973414185206813,0.2741734358396838,0.2982681051940451,0.3864970964443997,0.2644624399745342,0.30141183168286284,0.343445824442761,0.2823298619006198,0.2760344140983228,0.2834413814818307,0.4267613306607146,0.30429165640662925,0.2416867597569973,0.3308003657527326,0.35096395825681775,0.28038642251142304,0.22273054483634278,0.25313627519869186,0.3348966126005578,0.31516830104549715,0.2565721751689056,0.33079098029395754,0.29985078167620616,0.31441561037024884,0.3283845920877021,0.29774909133275246,0.29680053585205235,0.3354119248633871,0.30477089730159845,0.27971778383024976,0.2494401100405994,0.34361337074180126,0.30770282285016487,0.23246127208276854,0.27912899327290785,0.223733094274492,0.3397098955876084,0.2794214450423527,0.3135014766066998,0.3436326874216924,0.28937120469292493,0.2808614985921026,0.27701835798892044,0.2980133767242897,0.31031266295065607,0.32535034945951835,0.28715987032616996,0.3249867528675733,0.2893775148053537,0.3141022556656143,0.3437874304261758,0.2902374469457496,0.31296826181060095,0.28465205397040444,0.2401487677631637,0.28616019154442834,0.2757123424701649,0.2737057807688419,0.3185241336726826,0.23846592463801425,0.3411753966808129,0.22961122480183171,0.3182259849703816,0.2584098727998808,0.29662479779936984,0.2788381657765306,0.3227925443104115,0.2684613497895569,0.2736925752976142,0.28947898812222406,0.2746053254024917,0.2831392613759744,0.2284013220094112,0.22736326229742598,0.3208511212827589,0.3204241605710129,0.33997125941405415,0.3527803787043343,0.26136143739482176,0.37133085118167264,0.27969818463144874,0.29850040804547356,0.3045263795553356,0.28443814649923266,0.3120545253500943,0.275361290589997,0.18350821193347377,0.3189688688866774,0.32481114593753235,0.32983358174453303,0.2928389611555697,0.358842282452398,0.3369872276957918,0.2630160447437674,0.35303503718654844,0.349808595281563,0.2807872866382386,0.2885398478836808,0.2796021970041603,0.2946438201959477,0.3170236824331012
0.2614170741622352,0.2593094610138964,0.2771798642944407,0.26597001527862724,0.0,0.22569027799725722,0.29913457159119555,0.24725095983948653,0.25846823346577874,0.2642759115471899,0.28765817682920536,0.26272564431708006,0.22771765915255587,0.22730616940927287,0.30308836311392934,0.2583453513278441,0.2728365201275646,0.2750241757338914,0.23144525544400896,0.2325442837870117,0.3338226162785821,0.30652132699957496,0.2605206803640018,0.28107979744627776,0.2570033949466846,0.26176388982068466,0.23270165585316738,0.20481735012966532,0.22381586771191372,0.27941379961816154,0.272387184437017,0.2169958806593928,0.2445145391457725,0.20293363588397284,0.28170015831038014,0.27468822786760994,0.27503691610157116,0.26678998055873915,0.29776831099379414,0.2603965725552453,0.2770005678112779,0.3262520011294605,0.28922254171435857,0.32572793095656416,0.23234890249625378,0.24275886641050068,0.2722145761063499,0.3022024345820598,0.2777849494742294,0.29508454253757455,0.31341601522041546,0.25172421576471904,0.24690905173735217,0.28718139981731405,0.2555138664255918,0.23262110095120542,0.2557712224274641,0.3078750903059225,0.2762414936947583,0.23543292221278295,0.21676668975943644,0.20107278284909882,0.256379669052544,0.23266869275444202,0.27992015007983795,0.22569484488078853,0.2448065428851665,0.2802496981921717,0.2612217069667777,0.28081145057184587,0.2764942055591511,0.25623945125109915,0.23573613687352266,0.290174872015693,0.2439174275443343,0.19855082385034392,0.25778384302912294,0.36889903991939454,0.2304449679964752,0.21612898958441018,0.2429711662050556,0.3001682422515982,0.3241725711619205,0.20173414946861476,0.2618518513264748,0.24721117579651458,0.2410762642504616,0.2617717399475471,0.2106140841389106,0.24407233369580927,0.3876792789804637,0.27377064009496066,0.3041868646683099,0.20545057761241117,0.28954934799588566,0.2622998239497771,0.19825884756722076,0.2197317245959759,0.2271352860339654,0.22162141415443387,0.22937790195103658,0.2420384691775895,0.27399198587311274,0.242524814216788,0.24144680059654067,0.25086697101533006,0.24480015461614968,0.27076846093233337,0.2782697206984192,0.2808697217022725,0.27994845359787474,0.29094638672489187,0.233798949073636,0.27183329942653345,0.22853884818609654,0.255429109604112,0.21368091733591835,0.24806288963328707,0.2455734885602687,0.23035301705632932,0.35484930140831084,0.24347902238593988,0.2135599909711375,0.3013936367708119,0.23336085645700183,0.23604283943142407,0.2257927023934279,0.2579699155013755,0.227465133332889,0.2603095597614849,0.23804159094963506,0.2597473549389204,0.2008987006151765,0.258863078693297,0.2789528256470215,0.2589534494576988,0.23491198693117288,0.29785569189033234,0.24824509775527656,0.30936395862566934,0.22286484207212495,0.24910017356800154,0.2896571302081532,0.2695579540432935,0.3054378443517754,0.27210995523721,0.3231116315924124,0.2641617211463306,0.24734798365569524,0.17827822144097666,0.25062353638157014,0.24826734426890865,0.31209005969702086,0.2871101464457814,0.29699152910141385,0.2844536032709528,0.2056987919637045,0.310049705749199,0.22370251038591307,0.2231022899951398,0.23448332354734777,0.23892506398979105,0.2600333688870761,0.35654600195832126
0.3013727060326549,0.36977678166001887,0.28832718763023074,0.2626254459113514,0.22569027799725722,0.0,0.2283815438146265,0.3203642013870712,0.28640782169585255,0.298890357665067,0.2908029815742821,0.29310306017734433,0.3596012262673074,0.26028345837546274,0.2593362550864385,0.3308148635691869,0.31072151778314155,0.23626973595117315,0.26983819618147586,0.28406229644971065,0.3233142976582001,0.2944356419713083,0.1889495436672445,0.2313587999465161,0.30321001374954476,0.2567524458743396,0.2113456424320791,0.23670726013424617,0.2955213143043153,0.25792388213706396,0.31123077889996276,0.37765676648490437,0.31435157942828007,0.22817630795702548,0.28188203494718045,0.26554236684951066,0.31323645620540935,0.2949839961294023,0.2632014868576989,0.2413265420436525,0.2839484888197644,0.31542492720635273,0.26996513353785234,0.3492127651202887,0.2812903915005724,0.2534054643603659,0.27055357045297873,0.299537563257908,0.2225779969575885,0.29898954557089064,0.30222989863020844,0.33705006474586924,0.2553581848554736,0.3482305624548971,0.2857289646162668,0.373456375504345,0.27674333330982565,0.35258870510327517,0.24393119382782624,0.2502031638546603,0.3641366638521361,0.2683761128547909,0.3246462832565181,0.2100911106247808,0.2519408303731763,0.27820097088157636,0.2861025811612605,0.3144917281733188,0.2496080559867781,0.2923055186930507,0.3182882196743153,0.2552351213921032,0.305598601951479,0.29812929412274,0.37957581589889716,0.2596036872457377,0.25896609166336665,0.27933182513363297,0.2586804518569391,0.3481875276870955,0.36570369452899343,0.2740782989200443,0.3312998221353627,0.32462501678799444,0.29975593091137676,0.2954695221896063,0.3283137101069309,0.2660637907609171,0.2882979440307055,0.3024671977522638,0.29592322104982416,0.30962075053489524,0.29982745572052844,0.2621481368080626,0.27029337982806073,0.3618212583878977,0.29388375868366556,0.3053597156472368,0.22009933837994705,0.29596637562426553,0.2579776042888992,0.2519956953609213,0.2504159585677143,0.24064372308784954,0.31153775363931635,0.32203947194112864,0.322831808840488,0.2935815430334422,0.26590313841603164,0.3035205104177719,0.28115539659874494,0.25329922341845984,0.3958927950949539,0.2932289981511354,0.2786202579223211,0.3215650304143197,0.2942124221430767,0.21560078859149318,0.3544279329414755,0.2607130866582717,0.2696729073278997,0.2894081217776572,0.3006144643887437,0.31514022884841736,0.29146504747108826,0.3423813363096169,0.28147793879178434,0.2649804885178615,0.3075969400129565,0.25475615199648116,0.34687627303128576,0.36999042621913614,0.27310743050641667,0.2913257451171988,0.2867167830916855,0.26322314161271815,0.29629347775742443,0.25356034243812364,0.22386177776362817,0.2595649053594344,0.2857391496137035,0.3428281816772734,0.2807240146811661,0.27062677381087047,0.3267250143071659,0.2647035729374657,0.30343634297829486,0.3054020941459649,0.30019291950295024,0.21178354540967495,0.2603036409964043,0.2935998256398085,0.2278098688433045,0.2576467629622253,0.3221938497187224,0.2899887867778414,0.2249346646418031,0.35868777122684065,0.24887111891940988,0.2975651657953506,0.25586171814892716,0.34315942239951436,0.2449582025364962,0.2728576377305454
0.26939079370653185,0.2887329118574824,0.24333469398296562,0.35783019489997814,0.29913457159119555,0.2283815438146265,0.0,0.2377565291346256,0.24256819153894693,0.2868059734539332,0.3320062672560424,0.33830828665689777,0.26159569566816054,0.24666335168375103,0.3571034261753886,0.24643314186162532,0.27415244357503027,0.2885339453183331,0.3279144794419722,0.22844249846440315,0.2981603971896062,0.31068471582459484,0.37652465600638513,0.33190038578357894,0.2955431017603458,0.2545649485667664,0.27932152554320694,0.2661123201767672,0.28397632784575355,0.307041756396226,0.2737897223035088,0.2652942949562347,0.30583375130024765,0.2665796607012711,0.24797492431663917,0.24427231604035196,0.3159033982429315,0.24748454817635898,0.3301939419303119,0.3380277004227204,0.2985963086869537,0.2944717694163031,0.2786994983827086,0.2995242642923545,0.26022312833923184,0.27336118861596787,0.2319080197518372,0.25726534684885805,0.4330421972094177,0.2501845928863768,0.36054591738877817,0.24341053935624332,0.24915689589592216,0.35412421472368094,0.3496370325460761,0.24116180640503365,0.2916316821043377,0.2766787743299036,0.32215186204286034,0.26332563315214685,0.24132309577742553,0.19505581872194103,0.23695948777048417,0.21439843697657612,0.25496571674005397,0.2285603852784009,0.28671032237830285,0.2728363098392882,0.2516088702290702,0.2643366928769589,0.2733386017672465,0.24753297826339743,0.2238418782347891,0.34048961545307777,0.22504679187929716,0.25785834898827414,0.3797684496962567,0.3483393755088861,0.22686358976993556,0.22755792384993853,0.23633789446589407,0.29805807015193125,0.3145816673728079,0.19679065139190394,0.2516927643070314,0.24398160143937472,0.23507210245023957,0.28544419578045394,0.25015880252473155,0.25170974997799106,0.31578409855759165,0.29820343865184373,0.32572133690509697,0.2658177068808963,0.29156466221302285,0.29686530338366235,0.20338497051739035,0.23508151930258442,0.2141877422160554,0.26157204375378196,0.26918640768383695,0.28267656564741206,0.2726806981999302,0.2486601955380133,0.227743695226081,0.23797622369031496,0.2415760116104264,0.2575469432715225,0.3054694303128069,0.2969962289004496,0.4061090837979963,0.25672721206004373,0.2337042738457044,0.25178787303802863,0.2359781174004695,0.2719302535961533,0.2438787887887538,0.3070652768543037,0.2531807837350592,0.2199292277379964,0.2733056249480744,0.23628223531417256,0.21123764731852754,0.3584062642199554,0.21909526334057358,0.3109611569595399,0.21375026812456716,0.28206335064250987,0.22985577515943387,0.2736191489222237,0.22165450405680268,0.22831696368231086,0.23400662944917797,0.24432843070135804,0.2512581846844796,0.24216060507786996,0.24544967982107183,0.2941058018219456,0.2658598188512236,0.32143881590443396,0.27263258400798485,0.2378582962894733,0.3187700406069922,0.24902542855072865,0.288537253657476,0.27614619949874797,0.283078884018308,0.2996659952050535,0.23723916113595292,0.1659318022979831,0.27941207421974373,0.2988989242834935,0.33334912810415673,0.28566204496688147,0.3137696985097212,0.2879316152912999,0.2951172095170494,0.30734906089184344,0.3062580163844419,0.3024596430728085,0.2539829824783722,0.249519549360033,0.26093361995675923,0.328423894867358
0.3178362732753386,0.3658820440026672,0.32579565758183276,0.32516434697287766,0.24725095983948653,0.3203642013870712,0.2377565291346256,0.0,0.34154622463489354,0.36279168186059607,0.2826599617325711,0.3031399131331249,0.35937158754794557,0.29929202414534245,0.27898894512717715,0.3572739654229223,0.3795101888459216,0.3183540145596515,0.2911244973748834,0.3262277333410798,0.37677042303844577,0.29458587064388503,0.24657530041172931,0.24462492655183976,0.3365438869976644,0.2969425923936039,0.29368036428238276,0.30720174643237286,0.2570470902937666,0.27101927406651444,0.3884333237834878,0.3341404960015097,0.32423911976037334,0.2617778942768552,0.3255246904866061,0.34372237947784584,0.33934446277479124,0.41655042492514766,0.307712929108169,0.30716921553574916,0.32289894714232,0.31109108763221455,0.31309774814435765,0.3129242243916796,0.41037701806382526,0.33010101496844074,0.274787592728496,0.2863346577836401,0.29230370716932186,0.3546419071050029,0.3396685814672191,0.31840215706882,0.2984249049009386,0.35783644409222404,0.31254338038995616,0.3205687274015682,0.33156059646898584,0.3786725351426213,0.3420643493157541,0.30765081573041436,0.44317684534362306,0.25085361012363355,0.3432894011252853,0.2727520623309014,0.2834000165203876,0.32323263702669036,0.33531110855233487,0.28818176620756086,0.3803042368654371,0.46824788196975903,0.31784890191074006,0.3389220663321894,0.3412059591097349,0.3951044074421707,0.47815931572829107,0.2719064787724367,0.3032133017033489,0.29940541878526084,0.3885461204333644,0.23496471116852008,0.29070894950440973,0.33181964867150626,0.3420644754773132,0.36554850115059523,0.39479072502766566,0.4166371718039992,0.40226008634692606,0.34357702071439883,0.3693086135748427,0.31840234728368216,0.330999546748547,0.3105083427078733,0.3120692724129211,0.2762955390374495,0.372257928988777,0.3340822738135678,0.3213634299856591,0.33161867862244704,0.2386776133757616,0.37833688164580487,0.27572243805164365,0.35431852437251055,0.31138854661044524,0.3133635158194938,0.3880484532627663,0.3678910955333737,0.39247435791513324,0.3723500381117686,0.33024743700760606,0.29335771439503594,0.2779102230484023,0.32985373818901553,0.36621699909225724,0.3727822446370932,0.33236372159332345,0.344614834597467,0.3319180010200868,0.25121827373768624,0.3117010803148803,0.2977878784039893,0.30283536067112415,0.4109693011938918,0.2769700908510565,0.3180450987574953,0.26593408985796824,0.31784471742011544,0.29219603159543805,0.311041408455328,0.35266690346013324,0.3378997708850051,0.3968960353653264,0.348358642031915,0.30518407841662215,0.2902925714250515,0.3351267451612424,0.2490458918472524,0.27897471269484114,0.31700353008823745,0.31563068540518235,0.3365984538209708,0.3010106659227689,0.30300295675384264,0.3873776858053805,0.32531966590620287,0.37543989526197924,0.3361365691768937,0.327586702703586,0.316742851577603,0.3894654015559668,0.21992310704884738,0.3270123879598307,0.3376783944738554,0.3116042026742083,0.3019909221286254,0.39294731973055885,0.3535653369352716,0.23087097282554114,0.3539412042091461,0.254407632288438,0.2882751730475415,0.3092232213553346,0.32745282742130494,0.29839199230511604,0.283840760591099
0.34929750016329025,0.30731915903899654,0.26606897051984246,0.27669647464104297,0.25846823346577874,0.28640782169585255,0.24256819153894693,0.34154622463489354,0.0,0.27334798655161857,0.24971691702369733,0.2618792642533744,0.26454899570492446,0.3363546080152303,0.2706577161590715,0.27425287115706715,0.28393703623343935,0.31555592303746277,0.26324320420327496,0.3328503017981403,0.3165676484165356,0.3501006644920142,0.21587928281197521,0.23341466331955657,0.28797929125640515,0.2684973087016793,0.25489985972210943,0.25194731939066206,0.23392472409162635,0.2932509440583204,0.38484056911250825,0.29108600469890006,0.2870873927429536,0.22715364632247517,0.3370040725381248,0.2989160515604083,0.2885882136691294,0.40397884595744993,0.29245576742484125,0.2681729482009728,0.2763539069409954,0.35363411841781855,0.28750959235212153,0.31147138086309295,0.30813080207249044,0.27720415398395987,0.2571504112454617,0.2576804695618164,0.2681048266780323,0.3458848081004859,0.30956852486154807,0.2944158832396015,0.31942088868470625,0.3221327582534653,0.26592228439855625,0.36054231268776826,0.33005860103330953,0.29751039006821006,0.307805513369153,0.25975904904994396,0.29322737226566664,0.28712101822615443,0.31024325135734504,0.28155857049868355,0.3601683683188356,0.3115424740574203,0.3435053951359899,0.3164264575292697,0.3147950717562972,0.3326457893134304,0.39939792119291256,0.34620167634428234,0.4050766263967946,0.30011550250871255,0.3547133946477998,0.27918160482628573,0.24859129152746784,0.25335041667279234,0.3157889592305498,0.2481586014294493,0.28527216044444187,0.4956989113811249,0.3351270418943484,0.27437480492592925,0.39328916415074205,0.3637251285883711,0.33820856775813274,0.39168136169854395,0.28617106369608847,0.37856673464348856,0.34479500260718937,0.39159263590085786,0.2785552686709996,0.2792425495195287,0.47246002782524016,0.3457546050233993,0.37283494760434904,0.3078883199100683,0.3394341761537388,0.29062114534663797,0.3121474053883115,0.2635567286764746,0.3416385601539419,0.26968340089775744,0.40635572893159444,0.2840301814647292,0.28124714519888655,0.2864983460022499,0.2674351293517899,0.2455680680195645,0.2551640422892568,0.3959613548862315,0.3602129753626244,0.38121830902042064,0.2827041217106287,0.2857939409372909,0.2940231200271413,0.2508299438327657,0.25399768443749454,0.32034146642589756,0.3240010523270932,0.34010680554693956,0.3013742193672007,0.29725900961318574,0.45403782144018884,0.25539781707305986,0.3265386053981223,0.2446042043986322,0.2658502019196811,0.34859694619997966,0.41508664536465684,0.3556866914048149,0.2845594755461273,0.43059197892271756,0.3127296837315948,0.3034307659104439,0.2581677857470071,0.2971937801935593,0.28329548320951664,0.34195353067441125,0.2941575954089687,0.3218320412410522,0.39862394879130486,0.41884475602192517,0.34158973999303077,0.3521289662267551,0.40441945890688696,0.26555374203818116,0.3337095245627103,0.21040959377871915,0.36643121760434044,0.32159893548396096,0.2985204807958037,0.26405089136526266,0.2960336450304076,0.34853522609745535,0.21688018610549806,0.2822072894921931,0.2992437281437718,0.28562599183706666,0.2586367862530519,0.37927164646628303,0.3677403347396088,0.3216618186628007
0.316708671122683,0.4237220506838571,0.3795100093597899,0.3517349603194986,0.2642759115471899,0.298890357665067,0.2868059734539332,0.36279168186059607,0.27334798655161857,0.0,0.30768752355371953,0.2889999957006988,0.33250003657060684,0.28173585098453335,0.31040921997319293,0.3147161931996036,0.3586427280140333,0.35940310814714677,0.30324690131854665,0.28914506492433684,0.3349961935231149,0.32174204296804043,0.28140817175486404,0.2751860982077799,0.3958336248682742,0.24796191775460952,0.2555360354762195,0.31053113971933605,0.3483356115253066,0.24982073727924098,0.3319642223971043,0.3171403777791409,0.27701725825887863,0.24770848644745566,0.2922252529786998,0.27456435211707053,0.31891268088930935,0.2917805307909351,0.2732366143716191,0.33239719090513925,0.27547893890260605,0.3322859548555271,0.28145413111595263,0.2840914308640799,0.32652030504107465,0.30912290304980894,0.23578509355865765,0.28374711416264764,0.3414634715222814,0.26956033713402405,0.34302927173245545,0.273503796100208,0.27816461611390336,0.38491930331983154,0.3324770206261305,0.2975463486568407,0.30849897327874,0.28838043134841684,0.4065453461817266,0.28581874815050423,0.380462423430776,0.2128772391236589,0.2733018219864759,0.22456645505455955,0.2825206721817813,0.30448056456587513,0.3084420061873972,0.2813530228205297,0.32965276536553473,0.3836830389952017,0.28583342821462104,0.3051753119965985,0.2700420467478058,0.41595546863326843,0.3523906570454145,0.26475569428139123,0.29464966154419514,0.3186837636495492,0.2680965558704626,0.25081630495343354,0.30701640950954856,0.3038222420597091,0.3703531651107702,0.28515278908865105,0.3044284171565833,0.32183420901742754,0.28943794208801743,0.30475615214757473,0.3075731536890787,0.27435460141923906,0.2884894251870444,0.26936201352970013,0.3114760070132176,0.26160412440499775,0.337587741414283,0.3151879464311344,0.23592235642774298,0.277624941973841,0.21130907040010025,0.3604252889328826,0.273618494127167,0.30805777718189986,0.26267654133203183,0.3167823838908428,0.27059148863214694,0.2788533938225264,0.32069362558003045,0.3877380467660106,0.30982558419195794,0.3442540804747373,0.296326263638184,0.2598667261742436,0.31968025306557807,0.30934640123556567,0.28246939603685456,0.3422841426436513,0.3168691119683052,0.29040848525341845,0.31988459112102124,0.25886190994405717,0.2612116221947604,0.26937747693140096,0.24173989292738193,0.3585761939293406,0.23662685211780332,0.3676731223454864,0.2604228279636245,0.26479425382236965,0.34456390125293024,0.2927880749338749,0.331090969616488,0.29952548585925104,0.26257584576608095,0.25412685785319433,0.3028213051279216,0.2500640020631694,0.2645482724873293,0.28838107344683883,0.3136876674241006,0.3235944008160744,0.29428990762852697,0.2843487166190836,0.36655882165744214,0.258828161875143,0.3045565088921507,0.2720546550032543,0.2596855022235648,0.36731986804126915,0.40297498464881204,0.20016952301006327,0.28490901369582505,0.34950712001119516,0.30577585416802067,0.30567822469919004,0.3463109478004231,0.3366535260071199,0.24783641225805175,0.38778786387745817,0.27111530075552126,0.29090686256269244,0.365568045416048,0.31444597284994985,0.2825197560132966,0.3091332872602671
0.34642943260243797,0.31679475486067926,0.3131599169850807,0.313189823862486,0.28765817682920536,0.2908029815742821,0.3320062672560424,0.2826599617325711,0.24971691702369733,0.30768752355371953,0.0,0.3943966514995192,0.36280633424860603,0.23956117813396144,0.2908376898553024,0.361907929913006,0.32549928692347063,0.3050793984000529,0.3088551875394318,0.2812730235134646,0.33985532894316556,0.3575245132361184,0.2946347221297968,0.37055847577392403,0.37640866709859416,0.3003573937123467,0.2917604731221223,0.2918246830916682,0.3029582453918049,0.30810406143311586,0.2940242680734506,0.31757093013810156,0.2585501369287864,0.25533690116368984,0.27644435692372005,0.26686341119594986,0.45329906860601293,0.2819873883012036,0.35930535206307546,0.3232121342800413,0.26437560684854516,0.3086294925054494,0.2891830932011293,0.3471384223796762,0.2990587007018432,0.2804381448842697,0.2195966361274282,0.40452024002530584,0.36701675675641554,0.2560553476253859,0.3594094622366038,0.25634716206174596,0.22331976225827987,0.38445435784337023,0.3861789649022342,0.24440911198937423,0.32417592831045816,0.3477217678821082,0.29976237796872657,0.27215878150038053,0.3203867683762946,0.18450945454727952,0.2863126093195209,0.2155867519852808,0.22374794983750937,0.2653284816721703,0.32157070980187275,0.3034486420443459,0.28675072381262756,0.3236147388602434,0.2942729234950931,0.24600749175445405,0.27818733616995434,0.3887814144040525,0.287902077774148,0.2605754714271266,0.3698362898734829,0.3394833602653702,0.24253255761600556,0.25118633048856404,0.2630181047521697,0.2610811319435491,0.33549630654328816,0.2580174562049124,0.2563775315592461,0.2759167173944743,0.3056778775572214,0.27056373272865974,0.2645892828815525,0.28100530235597926,0.3466384299125685,0.22797739102751688,0.34829098940308506,0.2846125701113198,0.26755936321853957,0.322611678173677,0.21102486376449228,0.22473059049206753,0.1936046926720127,0.2700323321987205,0.28863483612401025,0.30326804152931225,0.254635015422813,0.23909374095262273,0.2465747752530149,0.2560424404142013,0.26346692676028977,0.30599121020585346,0.27447839278446323,0.41208222454397375,0.4355064891776049,0.26071215679214543,0.27176804919281095,0.2681519810595272,0.2585564367964802,0.3027889345950751,0.2549034445860871,0.30271944557322883,0.3072665616328562,0.2195734305992041,0.28336431350856045,0.2256452450507953,0.243500043513625,0.38768664699622335,0.22647938509066806,0.3767205615377187,0.19788307529294138,0.31142196591430843,0.2588259666865218,0.25771416914092043,0.23497216448037317,0.27680437800407937,0.29713849035740064,0.25737005271814845,0.35715144950374805,0.2404856984844845,0.3080981494484281,0.2710460882848122,0.2975361352916858,0.3212612297779241,0.27768597921773175,0.2654114615342391,0.27090193966306586,0.2471987671022229,0.37299377357964153,0.26554124264621654,0.2809858644926266,0.2822901388769989,0.2837397456308435,0.1838973740135972,0.3505341347680259,0.26710352663436693,0.38912858713357124,0.2793819249879751,0.3100733661085676,0.34213858112270623,0.31353743031508263,0.3593774330907023,0.28166320389222094,0.2787072452260313,0.2382985970981135,0.2811952299666033,0.21968259649138325,0.4235863443569697
0.30584987072947956,0.2989516876982309,0.26884370413552167,0.304539678534986,0.26272564431708006,0.29310306017734433,0.33830828665689777,0.3031399131331249,0.2618792642533744,0.2889999957006988,0.3943966514995192,0.0,0.28186950840597225,0.21179867469744998,0.27484674012987786,0.3466585591987346,0.3359221074452548,0.2657602003745619,0.3806453242104864,0.27898168814998525,0.3627406805206578,0.2756547009217691,0.28452739074770267,0.2915613186394073,0.3774180680152866,0.2811985730410496,0.2874972646140689,0.2628816876269992,0.2910811561903502,0.34387035419549306,0.3341879244200832,0.3452266487815529,0.28115369623223785,0.3009216500003753,0.26815287391557496,0.28855600557911004,0.3447065240250433,0.30245739964646545,0.4117352532927797,0.3049215095523252,0.2969903393038456,0.28374246216220156,0.3149877369037531,0.3515123106346347,0.29416560438218803,0.3009637693590017,0.26537144943273727,0.3238769614512938,0.33341152633233034,0.29308209357153586,0.38419796235591497,0.2999384941417954,0.24032900011651806,0.3830417004532318,0.42223412586261444,0.24898781138013076,0.3654026226022408,0.42620277773737236,0.2649492120381805,0.2825712722289195,0.2627153060410712,0.20632635648617442,0.2973024486242791,0.23772196776738794,0.23429675083680618,0.2635407725485788,0.2599744697219234,0.24174612677927645,0.26139985520765985,0.27801953629282306,0.2684122868137821,0.2461556626803753,0.25836081012859247,0.32327113561325543,0.2926665990226627,0.26484225549727863,0.3204256442570425,0.3466961339669613,0.27112051756860217,0.24113195563588438,0.24394461386061925,0.2775995283839318,0.30338213956387877,0.2291472767308278,0.3168005622731579,0.2889573364609996,0.2720011311299366,0.30740959798393014,0.31171206076472974,0.2636671932074539,0.3563749815859335,0.2877414846311395,0.36799595582926087,0.2934065014465326,0.26817938751374865,0.34866512262410226,0.22686757814855824,0.28157624391937797,0.21398814962825854,0.2709383207212997,0.25026168905501606,0.31796004116728005,0.3128795970128446,0.305018348912172,0.2746001387318575,0.2838362909132425,0.3218393727283305,0.28392704997070295,0.2919025907539403,0.3258571316620561,0.4952703708093477,0.32212665224201026,0.26039941008752254,0.3078279829183921,0.2672539503686543,0.29212947130237726,0.29200198518477105,0.34263101036169746,0.31074480894731993,0.23117099028869909,0.2791820015781657,0.2628589048362282,0.24401935142876444,0.3494123803600289,0.21567019870931445,0.40203512621705867,0.22265753593979545,0.310176095544551,0.3006141592025538,0.253627948864377,0.253987895652873,0.27109827485767024,0.2495996725823844,0.2681330587798293,0.2850555284525268,0.21857093023987226,0.3029279003385754,0.28257340444127016,0.26713775662851713,0.34639386585960125,0.23394875395328807,0.27245051533970865,0.30974061857107205,0.27996200197757887,0.3533261048407637,0.3454291905801123,0.31913627347696305,0.27491409927328486,0.3302317385500083,0.2088310585594731,0.3352387698797267,0.31252334293661516,0.35470216650607705,0.271309701003498,0.3868573636604165,0.26367744094926965,0.23867101565524018,0.32639857311819653,0.24910458679293257,0.3006947766254144,0.21208417215136763,0.2737123407296279,0.23628591694724874,0.31852608912145786
