0,1,2,3,4,5,6,7,8,9,10,11,12,13,14,15,16,17,18,19,20,21,22,23,24,25,26,27,28,29,30,31,32,33,34,35,36,37,38,39,40,41,42,43,44,45,46,47,48,49,50,51,52,53,54,55,56,57,58,59,60,61,62,63,64,65,66,67,68,69,70,71,72,73,74,75,76,77,78,79,80,81,82,83,84,85,86,87,88,89,90,91,92,93,94,95,96,97,98,99,100,101,102,103,104,105,106,107,108,109,110,111,112,113,114,115,116,117,118,119,120,121,122,123,124,125,126,127,128,129,130,131,132,133,134,135,136,137,138,139,140,141,142,143,144,145,146,147,148,149,150,151,152,153,154,155,156,157,158,159,160,161,162,163
0.0,0.5998091727278912,0.5030350470252078,0.49336342613479456,0.4996163588483942,0.5366483250239372,0.5736546165376336,0.583584838799825,0.6388915247773718,0.5154088866507833,0.5944681804636125,0.5258612766960435,0.6507745352772498,0.5696340577099891,0.6456936865947325,0.5608916212701262,0.6182913391082249,0.745003248237733,0.5745265658662627,0.6240027580492021,0.6184385206851128,0.5838371776105247,0.6041969240349475,0.6072624077465293,0.6241597723884389,0.5763227640170433,0.5870145443518899,0.5961711555336239,0.47598670221033035,0.5808065363189125,0.6545102985105248,0.6155728041515398,0.5069318393537177,0.5687934470142301,0.6455510361164934,0.5680783525662236,0.6806293901816289,0.632882561724922,0.5588353822049756,0.7070988856636544,0.5931465369940587,0.6146466349098906,0.6434083025127337,0.5629912140286619,0.6515937238953965,0.6808754064560967,0.5629392973897507,0.5549826302701057,0.6784402614294651,0.6373015367191831,0.6867579006456972,0.5740492869794173,0.5777279995410909,0.5566635225091878,0.5544314797449029,0.593091591705231,0.690486268104656,0.5671683543125867,0.611056200641162,0.615689142636075,0.5680804808316956,0.5136091677792597,0.6052317329108321,0.5028866964044918,0.613541057235231,0.6047461273945932,0.6239927817955292,0.6045031193095158,0.5983196742641786,0.6231417472582178,0.6807316548188316,0.591536376326544,0.6005191550901663,0.6589773042796494,0.6154164693921554,0.6451140031186192,0.5443517641377482,0.5420525883453368,0.6494581066653765,0.524571938622772,0.5817423861330209,0.6650446755971582,0.5981183461595847,0.5810592180203867,0.6437461571362726,0.6792198315522808,0.605451097920315,0.6474874427587981,0.6309879992510908,0.5819535495854734,0.6530624893154346,0.589501468448114,0.622273212594312,0.6358657568053034,0.6305628257707632,0.5177017872162301,0.5139966764378568,0.5481493710936775,0.5184727560189936,0.6442040715459115,0.5696336414344474,0.5284135611337025,0.5444234662980546,0.45353782557791955,0.6485928214175374,0.5985233690786902,0.567241274257709,0.5908779940209614,0.6947911627328791,0.6004615014107358,0.5732013013823335,0.6340478248559115,0.6345179865618468,0.5540036025339458,0.6580158809915954,0.6415859779885131,0.6459735531171099,0.5285992962655769,0.49016267040416256,0.5300649128236921,0.5690105162846659,0.5437773084385905,0.6307531860824018,0.6791843077861276,0.5957672769006127,0.5442479031531609,0.5395458894329719,0.5397443364552378,0.5296689549940469,0.6263670998474108,0.575294864605813,0.545681012791877,0.5452321291365059,0.5955516729957373,0.5736618386317295,0.5583155999511973,0.5992729228336479,0.7003194460659488,0.6062634292179195,0.6778434176599264,0.4861421972029022,0.5496591390448292,0.6746822249021832,0.5679048073557239,0.6285841473039319,0.6220048774108565,0.5998706235536888,0.5715316702358509,0.5759056477018034,0.42406337896658586,0.6916422940034388,0.5885504531498326,0.5863591101271195,0.5347109685907827,0.5834875886366525,0.6669370862191027,0.6017395480109275,0.5726963528160324,0.530083053005202,0.5930084855637703,0.5629593539931964,0.6630346268669304,0.5509309697947132,0.6858943299276116
0.5998091727278912,0.0,0.5678825262507359,0.501053534644007,0.47291022853903547,0.6280733603882889,0.5567753091163871,0.5912622914970304,0.5742756823067771,0.6235525983583693,0.5892926445977065,0.607249102446925,0.5941417174858655,0.5503907787022182,0.5897057890187989,0.5482417397695356,0.5917007015634349,0.5574191346462727,0.5945615206520073,0.5482732683396596,0.601734229268677,0.6257387502331849,0.5392979824408161,0.5721273028377672,0.6387242342688807,0.49749746018246627,0.5508152527019976,0.553923136258345,0.5867063156975698,0.5384889347277558,0.6382542377663442,0.6085242252165622,0.5386018356258859,0.5387061672494081,0.5907202051494347,0.613452794257898,0.5821972127387357,0.5714869036970459,0.576988757293272,0.6089328389174112,0.6248345221663795,0.6181086597730714,0.5238948113922818,0.5545786651950394,0.6118387756437299,0.5540725015726433,0.5349917421655609,0.544189867317343,0.5778930642807468,0.5565730292458869,0.585949070584059,0.5417864200523727,0.5506317736724387,0.6248134847644609,0.5920152905826349,0.6180996803043945,0.5584216544605916,0.5897065007524216,0.5571785700275199,0.5702861559126672,0.5805919915635718,0.4879146297558885,0.5379388643088521,0.4991905844158667,0.5112537222675616,0.5060630546118553,0.557182707490894,0.5254225277204365,0.5297577325441046,0.5616441541903271,0.5567293906516106,0.5188344171096889,0.5359120282576582,0.5943233543590809,0.6312741166927962,0.5412372663031785,0.5009764318729732,0.5410198688716314,0.5293616440252631,0.4844968829794689,0.5782918907651708,0.5764044966323781,0.5958921024872035,0.5607948820063272,0.5502796419834641,0.6393578762164857,0.5431365943144589,0.5282502307290772,0.5708379214442113,0.5741623270111386,0.5582907879166993,0.613377304102271,0.6125870429288671,0.5370336091661071,0.5593008349565034,0.5844006313477873,0.51522764291344,0.5886815911841858,0.4950072328626934,0.5952673753724769,0.5438673243373736,0.48767721582328183,0.4950726465283718,0.4932452076271243,0.5663816156323426,0.5273532348609934,0.5409966188991453,0.6011028461397,0.6132924415788861,0.6386372474250647,0.5748398374297738,0.5334521065799243,0.5859170249529757,0.5288348151938169,0.5488377683142243,0.5911672296232338,0.6031772893807,0.5116624848061186,0.5309042506992219,0.5249538530559615,0.49590456023588253,0.5064618742431239,0.5644752212319921,0.6072819118554446,0.5326611189822914,0.6219744302035739,0.5197546396159081,0.545418413572777,0.6185310947429205,0.5400913381616715,0.6143820619823099,0.5340094103227944,0.48045270667524287,0.5727564791457471,0.5675269794071623,0.4966137674220218,0.5508852427880494,0.585464998548141,0.5656653782625528,0.5859316653232296,0.4926028277707288,0.5676898573401463,0.6382460404646138,0.5820050854064275,0.5980883661424754,0.5318141189283618,0.6010121852603324,0.5749951083190326,0.6412439132721508,0.45868782199015334,0.5551667634737126,0.604931387042077,0.5573912285695324,0.5601359589954356,0.6091594272875529,0.5673154487047611,0.5344061137069958,0.5786997755243997,0.5107212133268069,0.5125145352891659,0.5501121540455819,0.5881679086710926,0.5164227239914645,0.5575865050702546
0.5030350470252078,0.5678825262507359,0.0,0.4357466192104525,0.5098040927371672,0.5763868198780606,0.47868844318693554,0.5372572788981071,0.46735934972125615,0.5697048109725028,0.5875911536318855,0.5456192269037183,0.5729410434971334,0.4527436692144784,0.5149922092335953,0.6131848158935423,0.5848400950059516,0.499114119131751,0.5005649160666498,0.48453366781530854,0.6351545825578176,0.6533895599922246,0.46364696720705517,0.5609735100256313,0.5445424489200837,0.515426275003787,0.46641407052935224,0.4703263802246895,0.5265093043358435,0.5167312596943584,0.4919892098621593,0.5602885743249382,0.45415423596626464,0.4550966999075463,0.45283382928283655,0.5100741381882743,0.5517045915627609,0.5109835691055932,0.5377618636897865,0.5448549244145051,0.5282820933812371,0.5687180881055571,0.5481359429093263,0.505373372906028,0.5295926810319733,0.5169812707655653,0.5389881697895427,0.5907342923225682,0.5019218563471683,0.5162249446836374,0.5448577310728545,0.509926367097382,0.46194445192966643,0.554713455262986,0.5291877395894474,0.5091780286333335,0.50764342260423,0.5900275361614358,0.4892813630815279,0.48332556188741305,0.534727540339864,0.45003860283361463,0.5461232027268071,0.4441436897004144,0.46477197217929866,0.48347132340063115,0.4924934278058787,0.5599191816008511,0.5257578940144242,0.5249342530028459,0.5398192156076715,0.4382596072412348,0.4668384396997516,0.5874696006326171,0.5626589672166562,0.4448002882591025,0.5267058829618332,0.5542609606286298,0.4885641685486785,0.4729603430851475,0.5733865098048679,0.49279229055280016,0.5778036571346291,0.5068521957007531,0.49039228353665776,0.5410135312874088,0.5032856764850603,0.4611576732480922,0.47362050269799383,0.48665665995367824,0.5224204200241104,0.45739817012013556,0.5451560081232293,0.46028946128004516,0.4843486516022851,0.5108817201039487,0.47201331545521397,0.48018328877954414,0.41438677251154615,0.4817444638646059,0.44699689882220817,0.5195370256029398,0.4356882819856653,0.44210308189036945,0.4754355863479745,0.5468315378706006,0.5509390764499029,0.5329055564912151,0.5561801108727281,0.6363436082069704,0.517336160781507,0.47850639113346294,0.5071112148249515,0.47299308111292,0.4732028423968294,0.5256837781006292,0.47966954255949584,0.5112265126634518,0.5227379797804316,0.4313101966834652,0.48241710066355864,0.4607176475450099,0.48872337823336637,0.5544219629644241,0.435544117839593,0.5640646111400428,0.46461221493430593,0.5416799326066236,0.5381646007942797,0.5031941485623704,0.5058906786226371,0.6084711788564997,0.43193713494502906,0.4570530543604293,0.5412342234243159,0.4678883222103589,0.5172590346947816,0.4901903832961472,0.5237998542911834,0.5253746367262655,0.42136945302713363,0.5173187120145186,0.49683837797739266,0.5094813682203532,0.5577968989894148,0.4697898955195708,0.5666380610481045,0.5723831324318306,0.5810219317827277,0.42607488001950605,0.4633766255990293,0.47774280909701217,0.5162316382695796,0.6074399045335607,0.5523679519563436,0.5237327149754426,0.4980103732601346,0.5806384724615765,0.40837353138328153,0.46468214623042287,0.5119376878554791,0.4562108208009198,0.47118572421077476,0.506037314222636
0.49336342613479456,0.501053534644007,0.4357466192104525,0.0,0.42518669362259226,0.5500223839002876,0.5612653538534367,0.48853023777043647,0.44760958703837733,0.46644224170009296,0.5144126626917218,0.5330893296336932,0.4532199841983243,0.432325282643792,0.5115225588554705,0.4235087016819484,0.4649022513489806,0.45811660331105114,0.5578950243966325,0.40762967430931624,0.4944311477162544,0.4604031694328982,0.48816624542053105,0.4625819129805838,0.5359241545114793,0.4786397059089633,0.4529241628330086,0.4974113535666364,0.4562054700405316,0.4258102903165436,0.5066188180977459,0.4536865636877493,0.6852735550245805,0.4958263882751522,0.5097689159892231,0.49933130275990384,0.4833140037872589,0.4498149117978038,0.44961205541722976,0.49430596712951025,0.5645676846097455,0.49427139204257775,0.44645830203413556,0.5678375023860914,0.4693340862869432,0.43592617490723207,0.4171568113975068,0.4705716715187502,0.4817194294819914,0.4304536163883681,0.5302022849134599,0.5516784826011599,0.43203286294857435,0.5951412339131026,0.5138762769308478,0.4683340158150896,0.4490925574260591,0.5539013883577131,0.4446715265080511,0.43003345806097154,0.4837657967737713,0.3976489575508802,0.5162722593309073,0.38756064889217634,0.42165099141435924,0.41930700238743096,0.4623769522065625,0.43708317838812294,0.43332069533546275,0.5176125502334249,0.4550273667806824,0.41375768790620093,0.4936827116977095,0.4934862552272736,0.4766169138592429,0.4392136075949305,0.4275221433871906,0.4580193161803735,0.4643808852592899,0.41982927046375684,0.4781167118878889,0.5228728878549964,0.4491386073214708,0.46347133524363043,0.48519403029201014,0.4763662593857047,0.5002267693806426,0.4520986316905232,0.4624516241319489,0.4328339211425068,0.5471943134793747,0.578082495548172,0.4736687898479818,0.43469678674171036,0.4843080756962962,0.5397327565246803,0.40992538909566506,0.565004386974423,0.41860854771181216,0.5136205561661065,0.4291421030818879,0.4200820753083985,0.6239611593516633,0.5405498178370411,0.4847115831930942,0.4168884776780521,0.4304986232636509,0.4958015745471464,0.4607474083741367,0.4603880294632382,0.6056236764251487,0.46782410034524474,0.546982150595317,0.4375922167328533,0.4880624244823602,0.4910608315911707,0.5092772710347728,0.39796377086697704,0.5874155713565167,0.49357559168106424,0.396729636709574,0.5450094993432238,0.4661119869326391,0.5072619399657045,0.44081267987681627,0.5193762824165656,0.43574050452052465,0.4138369614082881,0.5143507215241923,0.4189290438971018,0.43740066382734616,0.4207788231875832,0.4083671131273539,0.521700578966378,0.43419148872701063,0.38799556496719045,0.40327917053109735,0.4939141552419536,0.4435819140785698,0.4600349092449852,0.5931699780173754,0.4169743856539347,0.5078906509610618,0.47563411164096614,0.4659130035985811,0.5117988655159927,0.4640118020267981,0.43637779608341043,0.4561270379977974,0.3609403061249575,0.5384580456302587,0.5222854007597113,0.4324264821578346,0.397921527557762,0.5995496774503108,0.4516394339649903,0.4277493889952899,0.521448800387205,0.6201958399934356,0.47545858110217476,0.4584251224079423,0.514712478497385,0.43262267893635953,0.5028857397404456
0.4996163588483942,0.47291022853903547,0.5098040927371672,0.42518669362259226,0.0,0.47907054222767037,0.5334937398914075,0.42690046308521556,0.4463001755155414,0.43456324085252385,0.5531779446142785,0.5004300482966628,0.4751819923502315,0.419874740712883,0.5372937876633302,0.5120185144067644,0.4999400482622134,0.4708012630823259,0.4552841745276832,0.4321702388275156,0.5533243980298639,0.5446064090875331,0.4624770315227028,0.58043262030007,0.4741624279528076,0.5431127464839551,0.4252768723562194,0.41668258054302937,0.4589273737600501,0.5365077083145599,0.4699987776968457,0.470741000677537,0.448292412615264,0.4275188972798527,0.4565516553426219,0.462257172612767,0.5296805150883895,0.4675719716377038,0.512526108756314,0.5244276292120197,0.5112071787623269,0.5174370355533128,0.5258470280522264,0.5682745752792042,0.448121187446419,0.4630424081205532,0.5476499274911756,0.5951498161093749,0.5021239463663766,0.4823953213509883,0.5395848185630682,0.5104133431736593,0.42460981084029736,0.49389102479611663,0.48458422803121615,0.4649501866730242,0.4820112436430342,0.5402508205921809,0.43594755507363614,0.4409417807857046,0.4216233209913983,0.4182482830476951,0.5019632090533473,0.4069156317247068,0.45029986669665745,0.4258577402133911,0.4426799700509199,0.5521973916731278,0.44705695189223893,0.4544688246325283,0.5299977274708549,0.42682229042188463,0.4295531181031598,0.503054097237806,0.4442398510352881,0.42559790969767464,0.47823904204276113,0.6264600938060738,0.4482643321356194,0.5003691498699535,0.4907162255715133,0.4806669130813873,0.5652709950909689,0.4275778116294889,0.4612396715257852,0.4732980549492696,0.44261077518857056,0.44057925724588987,0.4171844515228834,0.449551863514351,0.5801476564501393,0.4501182358002651,0.5357347426747744,0.43720459539600914,0.46388203806039424,0.48355179624643396,0.3960683271047058,0.43276327380108603,0.4201062698069797,0.42991314263466246,0.43408819987608543,0.43054972218752074,0.435527010274028,0.40759367488720255,0.4389420581354227,0.48340591289700585,0.4412587569561884,0.4539140230148196,0.5100446250782918,0.539914050515657,0.5211939804878932,0.4804972541688247,0.4544243008017393,0.41849829708725483,0.45392836468381365,0.5000968326790384,0.4356934444416949,0.46932369069143953,0.4634371686428943,0.41339771081089605,0.5413131607538754,0.4299750134016224,0.46275226782593604,0.5698141788356884,0.4430904671056112,0.49437458977108495,0.421082431668596,0.49294940454527336,0.4445511432823016,0.47044628681188994,0.430460304403675,0.4883385284629666,0.40255019937155934,0.4617222906520006,0.46217036586298255,0.47488115164262695,0.4969828535087211,0.5292326325873984,0.448477700594659,0.4946322931465007,0.40184046390750655,0.4626490697608971,0.4642008422560223,0.4501107364604644,0.5281028037863666,0.4766490479836425,0.5739952231109959,0.4793154963942793,0.45751429190849635,0.37497077301500503,0.4597888033029536,0.447741352391485,0.4667758892728451,0.4956243797661234,0.49595067870406606,0.46948243483368385,0.4651963369064131,0.542239525790288,0.42649919124311947,0.46837771681471674,0.4366530084137534,0.4556925997974501,0.43117158293464936,0.5744386063882269
0.5366483250239372,0.6280733603882889,0.5763868198780606,0.5500223839002876,0.47907054222767037,0.0,0.5426145710724791,0.5676567048819167,0.4854759588017174,0.5555933522961685,0.5843688158963647,0.6156089737405289,0.5633818204018666,0.4737255389614067,0.5360725534692469,0.5388871260254019,0.5650424747316696,0.49062088985696123,0.5627355949588454,0.4569293933924515,0.5845115034087681,0.5522039970141472,0.48705134483472773,0.5277549046875903,0.5807844786843804,0.5266131753676804,0.48135209792318284,0.5147831667508803,0.5473171600410667,0.5150615116158385,0.5433949682130966,0.5587718687188429,0.5987961274577548,0.5095358724560778,0.5042172549320404,0.5478025207652342,0.5619059040450787,0.5061089672618186,0.5112096977413302,0.5506688425367698,0.610981071447379,0.5687132322015972,0.5005443356346063,0.5826820373767573,0.5358255574734466,0.5050744704443492,0.5226733546320866,0.5542982375781994,0.5062846271973587,0.4871043867989523,0.5810563936842178,0.6104880627470946,0.48016519583192424,0.6389893487417059,0.5646975251189831,0.5623814717731628,0.49972191414752093,0.6827921996586983,0.4664036687282017,0.49356755607916125,0.5574762113616328,0.4649729495346314,0.5913551583446324,0.42220291845344715,0.44679097077469765,0.46590528445022045,0.4955810465855506,0.5191504554213283,0.47732677957775915,0.5512629879439279,0.5241719222208764,0.44221605531545644,0.494375718921394,0.5706021682437342,0.578833175239074,0.4805833925017322,0.48944029360861835,0.5562705861409531,0.5064006542417546,0.49954283361798607,0.5924723640185543,0.5235859262547671,0.5733258262168938,0.5437132866414377,0.5088117787687941,0.5590192405589084,0.5341137409297997,0.46917685082382715,0.5208081585307868,0.5016717488329696,0.5732457207826199,0.5538204190953949,0.5508107147261511,0.47906034614019355,0.4984841347797559,0.6024794306825921,0.46166172883622836,0.5725634361259384,0.43864716087079103,0.5552012384908837,0.46553112880464004,0.4696496668941537,0.4994138325831038,0.50013130468433,0.513169757255159,0.5101399682224019,0.508526287687841,0.5536905953308081,0.5483194248217884,0.5716543848805405,0.5916820192790682,0.48102990710125587,0.5844743945575982,0.4729706946000834,0.532793934035277,0.5938525922041108,0.5487401093092211,0.44534959159679954,0.6051127239284585,0.5042146378829746,0.44888164655957974,0.5349308416709901,0.511187003474589,0.6067350394070945,0.4534757327788595,0.6462056587943804,0.48511012353400207,0.5209800423994364,0.598421680795908,0.47069094243801196,0.5274769633788439,0.5242167512890301,0.44298848273841185,0.5205161798236636,0.4804485580236526,0.43497138782062034,0.4938117164670646,0.5184331191830269,0.4784864259879793,0.5092632644444255,0.5095851315790981,0.5012619980491149,0.5387210003364931,0.5041513435647743,0.5343707614503522,0.5056953439768406,0.5586065572411557,0.5489271124713332,0.5387204030771349,0.4220059228863215,0.510471926574257,0.5471320036885831,0.47377582035408783,0.4927445423402391,0.6328742152565121,0.5006277143012315,0.4838837064084307,0.6692943970003993,0.49527147530696736,0.5100128270246977,0.5171636311503578,0.5223720408488857,0.4597829819159884,0.5254859537347253
0.5736546165376336,0.5567753091163871,0.47868844318693554,0.5612653538534367,0.5334937398914075,0.5426145710724791,0.0,0.4823172557685112,0.4963868275029927,0.5209084877986155,0.5921717872035299,0.5881656475745051,0.5111596249828602,0.4667778795458492,0.610675811432809,0.48626119235802495,0.518053088496257,0.5238661078612923,0.5644452720073488,0.45191050845591607,0.5468197404586128,0.5344987310835144,0.597971116124723,0.5692471140823555,0.6057218389635134,0.5171952240312856,0.5087760959664717,0.5140973424732819,0.5085786668043588,0.5404069621505311,0.5624135323127778,0.5230078987185014,0.5602245333923888,0.5233935308326091,0.5463814311686229,0.5069542978069019,0.5797187217465616,0.48234407542156715,0.5093744987594924,0.5905709793001814,0.5571137983370376,0.5790717543464389,0.5103918389034914,0.6194997880033504,0.50282258405038,0.48837753758891445,0.5010298415280688,0.5443588755501495,0.617794634314266,0.47748498864243183,0.6004352251045613,0.5357674946273823,0.45947547204251393,0.5738497015367185,0.5596530504419677,0.5263512779461179,0.5023105787830521,0.5786273373258969,0.5013154958482471,0.4737392797440208,0.4747031806815984,0.4213561628296833,0.507333174774494,0.41892178181645656,0.4653007845440204,0.4445832875042396,0.5015379082868581,0.5243630290669552,0.47376159871701473,0.5264365526622524,0.5126778474195095,0.45890920431221377,0.4919720637520094,0.5489000119583718,0.48474189873877965,0.5014394393383075,0.4887069610521083,0.579236833173718,0.4721399276111879,0.48304108104449534,0.5036241859010274,0.5435650782912704,0.5584925048000674,0.45832137963089137,0.505380456110418,0.5046779025103548,0.5011332749451627,0.5067484533601392,0.4962698957610151,0.4824394249145304,0.6254876971863671,0.5893642604899967,0.5656344925950585,0.47794693487485473,0.5158449572987692,0.5770871347690759,0.4086941463140015,0.5297619879995024,0.44636018234967345,0.5261831334631258,0.476992502040923,0.44808126468237736,0.5511766873521625,0.4978854243835804,0.4884876535263069,0.4650069682347379,0.45447902608784924,0.5308344837639709,0.5387978580897552,0.5580464129863577,0.6701479556841982,0.503072249463271,0.5406386789571936,0.46313509284888776,0.4967530081450982,0.5410205134007686,0.5336894595548529,0.48679779334238954,0.5299044035422594,0.48167245238369005,0.46674389400900246,0.49113999004557635,0.49705568349026846,0.627031578083989,0.4810214206918818,0.5686520953709211,0.45072657226038754,0.4734810620976976,0.5038735165562214,0.47305403805769247,0.48105449792103827,0.45322340449111376,0.43437894134093025,0.5163935832304509,0.4703779364005474,0.44392765376861404,0.4836653350235331,0.5786034011177209,0.48843677460970636,0.5303961403359506,0.5051723487399792,0.4694534153018358,0.5589012751003287,0.4880533155159023,0.5362631740958247,0.5718207421985135,0.5299031731287491,0.4978181556942839,0.5063438155520004,0.37381344429388136,0.5508837928140843,0.5504718665260337,0.48259007779171165,0.47945679128006014,0.6008069898044508,0.5059586162127422,0.5083113113852961,0.5929542849580184,0.5764139276686574,0.5423774459028814,0.4857042246784531,0.5528555472053059,0.4635920402375996,0.5935266316203616
0.583584838799825,0.5912622914970304,0.5372572788981071,0.48853023777043647,0.42690046308521556,0.5676567048819167,0.4823172557685112,0.0,0.5864935044761558,0.5563247454942009,0.5610930797583874,0.5384013722629726,0.6359294569297385,0.5223699288255732,0.5399335123827724,0.5561871434920362,0.5613928142121685,0.5652313609831096,0.542983150763517,0.5493219123614774,0.5606038768232404,0.5582321039941992,0.5154480572923068,0.5056632921907876,0.6073681372840798,0.5210117920288034,0.5964730776926112,0.5668609213501072,0.4762387745584939,0.519936632385842,0.6165175124888282,0.5945598637088272,0.4964590719053426,0.5368599675458843,0.5286494084481661,0.564485391950648,0.6102675320857549,0.5929596616520212,0.5438918804007393,0.558120838055416,0.5374876102484601,0.5603323107814595,0.5551503866748361,0.4894941705569707,0.6978296584427351,0.5844329602173727,0.480919657821678,0.511178080284503,0.5367987208059944,0.5428950126044969,0.5659616166159587,0.5056658275998878,0.49668594890761625,0.5487295165717431,0.5491269954794048,0.5615785039847466,0.552532915570373,0.5893898617867351,0.5250549556683831,0.5563634092013355,0.6829823940371711,0.495530604607126,0.5584175305617427,0.4749296176582335,0.493249209435186,0.5408502107590348,0.5977533774381291,0.5311038119430735,0.5777844581181204,0.713753941954664,0.5659742646932561,0.5009867757492833,0.5479322885911945,0.6103527869688322,0.6672899688480888,0.5218655019640457,0.5340033918593757,0.48828727795026877,0.5995648283933159,0.45425650202132056,0.5386711900785631,0.5744195796232155,0.5425490004486849,0.6213055281733224,0.5598819042075238,0.6565111084147076,0.7010828728013944,0.5524717649780868,0.6172026372237751,0.5839400516165334,0.5394420442599792,0.5401955763211667,0.5348645283484499,0.5152350329252163,0.5379446436218531,0.5259876553582868,0.543271857295316,0.5471374438358318,0.462129812065526,0.6057666819885394,0.5180107578627023,0.5972319102066467,0.5054305816865329,0.46319172033316475,0.5920550705082773,0.5581611014131315,0.5776301685220158,0.5822715840196335,0.5660424509227595,0.5445300360815266,0.5154403146701296,0.5358959838642323,0.5982582431397261,0.5782445911033818,0.5577909163449448,0.5647319181387281,0.5527473082028022,0.48907498041663783,0.482019653430642,0.5214179338392658,0.466349402732956,0.5975505230554662,0.528868731948989,0.5558877751681987,0.48886721787940124,0.5578113570880838,0.517641608118888,0.5643533964696,0.551151971158719,0.5437439274294498,0.6005244855598888,0.551366670587593,0.5400226648662699,0.5354186073246298,0.560299543588222,0.45628508623255754,0.5178830223230273,0.5317808026885761,0.5875658800558444,0.6063814154868429,0.47727884981261526,0.5283351240448394,0.5763045767168151,0.5647692021343311,0.5683681056045986,0.5315819714341862,0.5526436844461341,0.5534384504669339,0.590464781605851,0.43849593607185794,0.588562254320759,0.5233305803235737,0.5349415798544155,0.5204065250139925,0.5822102543370596,0.6348866183308415,0.5303400792568281,0.5549518789420166,0.4659803781064293,0.5099326428149858,0.5244746260656081,0.5338877994814867,0.5260044195085617,0.5249937539386954
0.6388915247773718,0.5742756823067771,0.46735934972125615,0.44760958703837733,0.4463001755155414,0.4854759588017174,0.4963868275029927,0.5864935044761558,0.0,0.4911213629284606,0.5071518021324917,0.4768067848195958,0.5643820263845382,0.5703197684261863,0.57047944247581,0.49443717284198685,0.5126298065859558,0.6108439244957684,0.4877373596508676,0.5766185215181824,0.5239132838436384,0.5560912528086676,0.5131514958825633,0.5101464869170554,0.5474039251603674,0.4946016475710091,0.5888642803723675,0.5026485698432825,0.4399836608948016,0.5303487927470576,0.6396276755841988,0.5327448196377769,0.462573232819931,0.48633587273996115,0.5800115510382741,0.5323886723539213,0.5852087630838495,0.6040938325908372,0.531740389664493,0.564039324100109,0.5167146635033243,0.5889649899103774,0.5264239775363507,0.4794465672441061,0.5998927106367141,0.5714785915481153,0.49689363597694497,0.4753867990237012,0.5489245344257738,0.5659599746046973,0.5450651400240697,0.4772944008997082,0.5329562774456951,0.4916514450998785,0.4879982402574018,0.6186613739600981,0.567066001964678,0.5025430453317666,0.5537825210994429,0.562652964549884,0.5388735773121195,0.5032848543747803,0.4974161122754099,0.5037975569386228,0.5616256833939244,0.5337285993307093,0.6276783330571492,0.5550261234208885,0.5496002075534575,0.5902488986085762,0.6173038319728876,0.5666597617266717,0.5586457709315267,0.5533091365235261,0.5651273619453014,0.5542140110568212,0.49310043821606153,0.48396756267622215,0.5519615353489311,0.4611718028976807,0.513966586528527,0.6516915631621247,0.565152177251841,0.537296044981675,0.5653691783385377,0.6532718530403793,0.5895885952357746,0.5910163290992894,0.5707638252851734,0.7027524673666511,0.5439814424049028,0.5769937728459202,0.5239977401707464,0.5349662156213499,0.6014824355530982,0.49598042440297224,0.5276221872218719,0.5095619649899025,0.5277616656234576,0.5674407550019054,0.5636939931667313,0.5025041709138014,0.4884429107251472,0.4247581964402646,0.5933663026197235,0.5270455503698319,0.5076331399800887,0.5305414468822168,0.5688558904605913,0.5284433163230466,0.48055931671042623,0.5821736697374533,0.5665655101625698,0.5795532973938994,0.5371319858753083,0.5501944884074277,0.5337784361094737,0.4791550535499834,0.42551854793747973,0.5394742741313628,0.5248508447384393,0.5321635957443726,0.5424223731498878,0.5539750400531187,0.6065141224144772,0.4823797390534311,0.5282700469050359,0.5272900235950368,0.4721989233045917,0.5962864994093305,0.6294494291633296,0.5149239469628863,0.5486337995587943,0.6044615942263543,0.5529284602241246,0.5215960439493246,0.5265430737882038,0.5825535738159902,0.5530967437391588,0.6296895213884416,0.44904805376048224,0.5330810069492606,0.641464811705403,0.5816519559217418,0.5758733767747121,0.5424860985518695,0.6017470200707469,0.5259377106859872,0.5332068636497798,0.4237868455795502,0.5977663176034878,0.525240149717403,0.5420014447822854,0.5269827146087368,0.515638888802238,0.6782540883940306,0.5303747840381415,0.5047158690727727,0.4808778953243953,0.49922377648290317,0.5113852844811326,0.5914554506122689,0.5831739034023314,0.5792930425890185
0.5154088866507833,0.6235525983583693,0.5697048109725028,0.46644224170009296,0.43456324085252385,0.5555933522961685,0.5209084877986155,0.5563247454942009,0.4911213629284606,0.0,0.5516755460522796,0.5561122319247528,0.5592891062831918,0.48896711352973005,0.5138028050017645,0.5318804963667532,0.5394210654066707,0.5214536988588779,0.5307614504369691,0.4846392608038275,0.53174950481577,0.5508038923410178,0.5341988148180189,0.49810837413707604,0.6691745114079071,0.4643579869395987,0.5444722754688162,0.5268736229868302,0.604877319436917,0.5107721135015949,0.5437754112212861,0.5808896448397447,0.47754514952027255,0.4968581331222172,0.4951766700718723,0.5193767558705918,0.5551751525569493,0.5139362152717692,0.4979319469782845,0.5391238757705852,0.5156882780315672,0.5595976968417575,0.5054299295534259,0.4919127353014695,0.5488746749460274,0.5039899467075089,0.48929176439280153,0.5157254378856346,0.5556053392534351,0.4777833142924573,0.5148777114143518,0.4663779790039206,0.4659209815362674,0.5294681929022936,0.5577809973039813,0.5426426187101805,0.4847261249227135,0.546311039039922,0.5344140629225307,0.4843844318269008,0.5330883174392543,0.43674862598479725,0.4833253189045804,0.4583940102775042,0.44994725594286106,0.4642800154656851,0.5089806140361557,0.5071679748447859,0.5462644474999727,0.5618103443651968,0.48455337720768915,0.46834603847841394,0.48171326195095016,0.5442463609698898,0.5575192083846876,0.505221901510836,0.4838674771126083,0.5158488819416304,0.48402828589555785,0.4534514490722645,0.5423230525467196,0.483126899985363,0.544829526301129,0.5222329823607208,0.49302237174040614,0.5355489088623163,0.5229907862787078,0.5001106441236427,0.5431798474590009,0.4913392623122979,0.5002780415809632,0.5158095248212325,0.54145344534536,0.46233990330664665,0.4929467284481554,0.5694752736818581,0.44527521612163184,0.5387964921783437,0.4319463892410078,0.5232846962352872,0.48586550671479173,0.4939483030426865,0.47779122309087085,0.5166124903681175,0.49001977267132624,0.4874047928168092,0.5060702462388724,0.6041822299326786,0.5458871275122418,0.5745358368220956,0.5176780933874157,0.47356579112435654,0.5261898941150525,0.5164280456239717,0.4786324095061662,0.5024023482551769,0.5499508686927539,0.5334839042412441,0.5155181664354964,0.47574040948317536,0.4335070387362345,0.4835983912900239,0.48761297078299476,0.5368179051531464,0.45958798096352615,0.6127311808802722,0.456024902384085,0.4865116637776763,0.577181307233727,0.500052270470544,0.5679056208479317,0.49097593713370535,0.4519393325623976,0.46157264946130183,0.5043698094663968,0.4418871361766026,0.5073746089463356,0.5003814068679954,0.55726590089372,0.5401366067545584,0.4822591897021354,0.5150903731135459,0.5230269619585199,0.5151271191418079,0.5494549498882353,0.49981688773763583,0.4908810535575886,0.5700047617764008,0.6805677374331427,0.424197742842984,0.48645213388752223,0.5639715572969558,0.4834619901953307,0.5465482716091878,0.5911821020189688,0.5266438168555159,0.49540251156595744,0.5513006091311264,0.46407227412793006,0.48417729903358026,0.5676061995790295,0.5139966344225355,0.5018420940930676,0.47926755011772515
0.5944681804636125,0.5892926445977065,0.5875911536318855,0.5144126626917218,0.5531779446142785,0.5843688158963647,0.5921717872035299,0.5610930797583874,0.5071518021324917,0.5516755460522796,0.0,0.6415657173848591,0.6023477906592978,0.4913984454148154,0.6075838807976952,0.624867831292205,0.6224119972474123,0.555099563937858,0.6149564564411926,0.5214946486163208,0.6756631245032811,0.6396100965234074,0.5669114359476357,0.6382323966970157,0.6376364415826906,0.5802803240385644,0.537191068988738,0.557374569587162,0.5590012811206233,0.5746072000513908,0.5890294923726608,0.6158794366257445,0.5162471262417858,0.5484489371225327,0.5433399893339677,0.5725255007706697,0.6722048339178562,0.5655051113458289,0.6590734152539702,0.6313388018821474,0.5903883676267652,0.5862301459699156,0.6176679750622981,0.6245709455518347,0.5824512885903729,0.5454533849284969,0.5066381624382541,0.7228197584226109,0.6393528281220217,0.5547001500530199,0.6681845855122754,0.5482092113963497,0.48306999871293466,0.6485307626872177,0.6869330242013547,0.5128400999946083,0.5812177820359162,0.6939687827100752,0.5298506637091488,0.5302145449057493,0.5770076815642474,0.45992293755771896,0.5864136692910887,0.4647000167875927,0.4980533231907207,0.5044005526740639,0.5489448406207182,0.558963109107629,0.5415994949157515,0.6004509085478991,0.5733856799645197,0.4903520422877377,0.5237465056203878,0.6543172308021152,0.5798200684277269,0.5045671928678405,0.5972765010871196,0.615361860966146,0.5385855450508824,0.5194187565842596,0.555350041378213,0.5556547973803754,0.5849611133031711,0.5328121924038803,0.5585609033548666,0.5668889683971543,0.5890766116371826,0.5293966143201513,0.5213420496683656,0.507093111204316,0.6333496975639185,0.5244548026072555,0.6684383956018226,0.5237239260404593,0.5411323745452599,0.5581962674672059,0.4746652992021511,0.5145154670038161,0.45723134805178905,0.5335409102574968,0.5240999037416474,0.5606154740450319,0.5129814729862034,0.4715019474748701,0.535418719933338,0.5356106781830517,0.5505135915232408,0.5652680072545924,0.5847694893311522,0.6507027232468126,0.6817115153484626,0.5545522132554973,0.5691502939907023,0.5210481070343375,0.5356602025462854,0.5652833988185404,0.5366424189262521,0.5777803544513589,0.5530918619228427,0.47555819081056566,0.5297170863083372,0.5196825506540861,0.5423727945780435,0.662580511568628,0.4967825283853715,0.6499854950882045,0.4798401734521605,0.5637850812519607,0.5716021259879195,0.529221432981502,0.5002870800794276,0.557439694587983,0.494203068747529,0.5362875643428283,0.5898699814893733,0.4877632610713873,0.5401975339763289,0.5901640578159179,0.5741292009478586,0.6212666566610006,0.47460652387595936,0.5440340288296557,0.559862282249924,0.5501908392138714,0.651782292869229,0.5361475629504622,0.5821126397599403,0.5554377995658057,0.5801428885988568,0.4244584254166235,0.5941546820366079,0.5438490220548192,0.5816203521254153,0.5221718026897305,0.6286305757893493,0.5809277741496528,0.5849460909579978,0.6150838249341649,0.49945494713694644,0.5684407610299982,0.5016101117889845,0.5405093991467669,0.49376634231635197,0.6364336634364626
0.5258612766960435,0.607249102446925,0.5456192269037183,0.5330893296336932,0.5004300482966628,0.6156089737405289,0.5881656475745051,0.5384013722629726,0.4768067848195958,0.5561122319247528,0.6415657173848591,0.0,0.5171265799633383,0.4400155869642709,0.5661919348684797,0.5255430302283595,0.534270700003555,0.4783868825811228,0.6278322454559029,0.46325932427195954,0.5712770105248619,0.5618121609910767,0.5443227058263493,0.5821667023252561,0.6278043432032709,0.5004756842920481,0.49478360125721116,0.5214527184287312,0.5615083991408686,0.5375370242672873,0.5748522090343343,0.5317437989255566,0.5549701826575868,0.5485517792753678,0.516450895522282,0.5356633395921373,0.5610689953594946,0.4847767571159432,0.5589726811354235,0.5390397273936517,0.5753922235004645,0.5520465116775064,0.50507674995075,0.5949888982153264,0.5374477651080483,0.47748574048027853,0.4823101292028622,0.5825150923731276,0.5489681553273759,0.47162955550489943,0.5493104400497252,0.5317663422207025,0.43422463400160216,0.6233420429864518,0.5980590625700581,0.5060581350527247,0.4878621941615077,0.6826996018384963,0.45908362367170436,0.47145838952736885,0.5059995476943618,0.41067421392894904,0.5115447894915848,0.42014393516093257,0.4294361623375614,0.4310260410055966,0.4721637705108117,0.480387015643097,0.4626906643537708,0.5358072330029434,0.48418205007111076,0.43090548903177994,0.4605843412344785,0.5373600674223923,0.515527712964045,0.4546967130352537,0.4807605403198211,0.5499810827239708,0.48013163182165974,0.44888006441426553,0.4921540059832117,0.5032839614342977,0.5471836445983741,0.47916188483476496,0.4802770561694741,0.5293344411305487,0.5118139276372196,0.45518988368639035,0.48462247285399945,0.48440772569410856,0.5521447885013026,0.5377676165292714,0.5563888082673802,0.4553481967258853,0.4644942648999328,0.6130043968548038,0.42450765083652847,0.5529672442205138,0.41919602418821356,0.5017915021545343,0.4594036344407069,0.466364790802217,0.4926143437697622,0.5290083358631784,0.47518225270853043,0.4746866635270429,0.47057226599846014,0.5611641252167534,0.5112149658824225,0.5966250121981009,0.6557276519026404,0.4738824149056813,0.504220072976747,0.4552416025265054,0.48156702673070323,0.5391300441749377,0.5112124965531318,0.4946587919846148,0.5592251429226089,0.4567045862157956,0.44550354279473753,0.4811823036026446,0.4916873671952596,0.5733967615901207,0.43996713781162716,0.6604731455529864,0.432220401454424,0.5173616865378543,0.5776711274674942,0.450499517363042,0.491936774319882,0.47134335973255465,0.4236121286050017,0.4969372963127514,0.5045181681973658,0.41805038916324655,0.5084801936095671,0.5281914580105229,0.5119803451537668,0.5223821089136831,0.47890782486290023,0.4738176265563776,0.5110205610426823,0.48201954489726995,0.5340735399629923,0.5190733501802943,0.5522389888735731,0.48831985208314566,0.5621579427458224,0.4016952909818075,0.5281262100693211,0.5090832715999806,0.49842927153564465,0.48700828274914004,0.6506497251825821,0.4948647799277788,0.49686300487678986,0.6054800584942742,0.49173351175755026,0.4787377894310185,0.4545579569067078,0.49824962826183544,0.43540813436969594,0.5370535134888819
