0,1,2,3,4,5,6,7,8,9,10,11,12,13,14,15,16,17,18,19,20,21,22,23,24,25,26,27,28,29,30,31,32,33,34,35,36,37,38,39,40,41,42,43,44,45,46,47,48,49,50,51,52,53,54,55,56,57,58,59,60,61,62,63,64,65,66,67,68,69,70,71,72,73,74,75,76,77,78,79,80,81,82,83,84,85,86,87,88,89,90,91,92,93,94,95,96,97,98,99,100,101,102,103,104,105,106,107,108,109,110,111,112,113,114,115,116,117,118,119,120,121,122,123,124,125,126,127,128,129,130,131,132,133,134,135,136,137,138,139,140,141,142,143,144,145,146,147,148,149,150,151,152,153,154,155,156,157,158,159,160,161,162,163
0.0,0.33362063609432313,0.2805218449446733,0.2616911777025622,0.3071116733073483,0.2696544189035508,0.32090844095348936,0.3253842942623246,0.42743620658243303,0.2667988387351873,0.38548484364281493,0.29991520661407844,0.38414345480715334,0.3465482031535483,0.32629016484923207,0.31568754898312684,0.31285354748506994,0.5092808224414359,0.31090686414180896,0.41447812008560786,0.3355166157209136,0.34133106550315395,0.31156789994693856,0.35131539621984204,0.36403497710687266,0.3052886314851307,0.27757647621564047,0.29740356672187374,0.27485037586655964,0.3112060717881677,0.3557558308345848,0.3601748871790451,0.2961619402437882,0.2866871060373231,0.43963092120465896,0.39558980071754946,0.3727908159331179,0.4179744419831185,0.27371963761240664,0.4014214274998434,0.35280138072261724,0.3346086167117069,0.3801897689797394,0.363489845700495,0.3629219679317277,0.36749513575029197,0.325758823050969,0.3604005765403834,0.4379867268196227,0.42003848042952063,0.380544981913663,0.3166094811280592,0.30081727519160845,0.27374422404127524,0.35851298804547044,0.33559221774688075,0.4364588867190329,0.3166950311591499,0.3787993046110763,0.37897536562567424,0.2697637420895324,0.29986927723883744,0.3617483082945021,0.33910071839506856,0.33538177729795293,0.34553439778234785,0.33616527778935723,0.3318487055299403,0.3073864738747029,0.35139947257850956,0.4649543851354492,0.37250482971228877,0.38368567812129456,0.33534924234584984,0.32046315132961556,0.35045365810360096,0.2697661064995115,0.2733294122256338,0.3502630657772321,0.2568820487308751,0.31997323059960847,0.3702684671671745,0.33448515550373686,0.3469182854722697,0.38325233002015757,0.44750322692635286,0.33779304959312983,0.37588622560044926,0.33277240873861996,0.35697623535879064,0.40629460395249234,0.34704819695432193,0.42623775337683095,0.3858179288121272,0.3693046686684146,0.28349350020331027,0.24895711128575987,0.29598694354171895,0.3477094769424509,0.36189441067282085,0.33510130007442973,0.28823980628188195,0.3097038340229259,0.2580494324891304,0.484864111611204,0.31731992244782875,0.2754319110081725,0.30177988137753897,0.37441505784210033,0.3254807108415061,0.3112232305792454,0.4728663138901996,0.34690402790612584,0.27043183366896656,0.43079900756043843,0.355429822437989,0.35770186651154456,0.3367995780307819,0.25788435566643503,0.2833869446298302,0.3687809189198413,0.2599570184094688,0.3645587172113223,0.38886098451987827,0.3517210888064183,0.2993378565581867,0.27639340527350453,0.31181625778256283,0.294117154225701,0.3714329375145343,0.2960948014730398,0.2768104911674545,0.2934924379988854,0.39019384249247707,0.31419598320118514,0.3076072989597491,0.3574878010358212,0.3908974387040911,0.34494646757237923,0.3939692752922777,0.27757620303012187,0.32881936058681904,0.34068266576644235,0.3265942682267604,0.3742363901953018,0.35922192772240713,0.34568770882416366,0.25196001654048544,0.33863236098755406,0.252954358836256,0.47475988052922524,0.3131226601661029,0.32863166734542715,0.2787742421447076,0.32824353965131864,0.4018549983090003,0.34149999054794455,0.2988614828112752,0.336223075644813,0.3364888244006483,0.266373389011172,0.42914029889416155,0.25572370958072743,0.5097441935572442
0.33362063609432313,0.0,0.36581779338001114,0.3461468148117611,0.2665672157038654,0.3904632813409112,0.33385973826188975,0.3658326373535999,0.30419005450709313,0.3558590104988714,0.38926363726563085,0.3900188033092649,0.3119513829510237,0.36247683923747953,0.32613845163713606,0.2889047015802559,0.32366520756245637,0.316784271335365,0.3873797378386758,0.31400069275318443,0.39263046451405575,0.4325147257963543,0.2977578935776492,0.33192215254024204,0.37796506611325853,0.2605922700730341,0.24948028704931874,0.3066809306624711,0.3774179001358768,0.27640861624637525,0.3267951660075231,0.3578722189009433,0.37344067070636644,0.29096122029374016,0.30128645127990017,0.39970884991128747,0.3195204597296092,0.3169354336226635,0.3406890956216712,0.38135684239640105,0.3854974139700022,0.3871160707400659,0.26507983686880277,0.2999760103305825,0.363412815175544,0.29842097738455997,0.2894552983356258,0.3002234004145712,0.34298332849185265,0.3293013455733282,0.4331038361398629,0.3269340416548659,0.3667139071857229,0.4362489425590868,0.3924507942052641,0.3479211393694233,0.3727363695002174,0.31974581411815806,0.41028723952533447,0.3999863333330635,0.3749031840106444,0.2781383481627745,0.3568866154516829,0.2679218577651354,0.3171583307934122,0.327462930969077,0.3350447435979247,0.30717940830179397,0.27593320873159055,0.34320767302115335,0.35082253401985436,0.27856730888939785,0.3318719774595676,0.3989785799528237,0.3665155174480277,0.2970192544820198,0.31364693664034526,0.3229062956453281,0.278504579599171,0.24528269963510257,0.33079528304992006,0.3689425987777224,0.38606540097205655,0.28862419820296603,0.3287403802360175,0.40395212856747437,0.3079294904753021,0.29596563456580516,0.2728312714997759,0.35334960239471414,0.3082533666132715,0.33941977079104363,0.36452408963300936,0.36475823280936853,0.40786620444924093,0.3279139833749558,0.3063164088827679,0.30349784530087165,0.28121581767014936,0.3422761992210825,0.2911368352481522,0.2991600289774166,0.26173423548790303,0.27680375711042093,0.35023705965650986,0.2617716796085481,0.29736315949884473,0.3055452997519418,0.3381273726371941,0.42464421997075696,0.3870743565350473,0.3005553944458057,0.35696854869461897,0.26150295250925853,0.33724378165658797,0.34032557809551656,0.3292494830236669,0.2669178544852104,0.3340658935555935,0.2786714967235359,0.266221952538983,0.2667164727104302,0.32717445378454457,0.4108682890683122,0.2780291137844936,0.37560153162985543,0.3323902494115384,0.33794373176251036,0.36773714090918463,0.2872355157954353,0.3004640972897111,0.3320170039186089,0.26317776055050396,0.3976621690762517,0.3221233065249245,0.26375110927561035,0.26299812240283144,0.2874576527303641,0.30788291126795325,0.3161892505815022,0.2971171658671742,0.36930899992303096,0.4628844324102437,0.3868219829067701,0.3349573341258023,0.2738071115857588,0.3685694516554242,0.28484231940469673,0.3673236657079379,0.25811321359810585,0.31825456947924546,0.39154845851749837,0.2903871940411277,0.3363715755960594,0.33170400688930674,0.3504008199240693,0.36762255948523587,0.3112348526352676,0.28883345548434186,0.29976586999299093,0.29121867612950963,0.35082683005026855,0.26697744348654867,0.33928724616561357
0.2805218449446733,0.36581779338001114,0.0,0.2990869258160177,0.24471213384848117,0.37752609041953106,0.24304740792346666,0.3968762421495874,0.2587756868449904,0.3555160377986679,0.35852944452147467,0.34250222005552344,0.37225086369263616,0.2743598432474818,0.24598254782820572,0.41960665948835146,0.4212708902825626,0.28271321694095414,0.27960169821414926,0.2613327676642668,0.38022247903788026,0.36682409967310137,0.24595236551533003,0.283549417634157,0.3005364605345827,0.28183728564359284,0.2764569467442376,0.32495463555540766,0.2906397427845366,0.2979561764175135,0.24699063100754226,0.4030912640117195,0.26495699593922645,0.27519767816509016,0.23433429706640854,0.3118111128592741,0.2856975812802967,0.2965657780619329,0.27841577813732,0.34955285189184465,0.29564081261514047,0.38331785489201986,0.2537215741246061,0.25794194073620175,0.31796453915421463,0.2962500512508672,0.27457590436759605,0.28157299197025104,0.2774888921959255,0.29636746282559834,0.34337396042054413,0.31754319892056104,0.25451642897998966,0.3068635708609925,0.31741500753159035,0.30187383544641655,0.30777375345752317,0.371974014802878,0.3030489146728753,0.32385165927925924,0.3431926583645735,0.27046541967747234,0.3571212065389227,0.2396374160865676,0.23981290763066607,0.3028812029286249,0.2955274421957459,0.27340538689971833,0.27264006974284555,0.32648083469406375,0.2921014286190762,0.2282082683412501,0.3498764610201946,0.4846369018993118,0.4418131649350531,0.2379458480076168,0.36267015089349053,0.2913177943504068,0.2539071626755722,0.2516211708535956,0.3259911994375044,0.2680969104318914,0.3147495682468218,0.3190480966414031,0.32116472270948254,0.3524810425719613,0.28291901521097246,0.2428911063802294,0.2941774444116137,0.27733099746357665,0.2947063180659483,0.23540693324275966,0.3077701317555546,0.2729712668499969,0.30399810722121856,0.24768426184162573,0.24173542942721782,0.2825802244426435,0.2241452875514558,0.34354658404951083,0.22183293015964603,0.3176533953958298,0.223491893899442,0.23849155969574687,0.30606445115100606,0.3255658523802884,0.3339292415824118,0.2956175509180367,0.30136795446311915,0.3661180982582478,0.3024494882561895,0.2597161867749073,0.32264089019587067,0.2801701031716788,0.27559495792474237,0.3999715367170084,0.2858413503949249,0.2738860466266005,0.34420427671861553,0.2716853415363061,0.2584569334016346,0.25142473348278066,0.2754248588698757,0.32047429121334986,0.2100425574314874,0.32456927893734777,0.32076787598579337,0.317974694787125,0.3648603313155775,0.2467376352951117,0.3246362809850573,0.4556903280091759,0.2468315123557078,0.26355431831741577,0.26852077216926606,0.20888392090898822,0.23264725566219305,0.23299539434776628,0.26854881400184494,0.27043132834282135,0.21579569156030662,0.3115713780445063,0.30728226529520997,0.3084007775840092,0.28741388695569314,0.22316118142186114,0.3155588156865651,0.291815351800269,0.324667228390745,0.28843929519356637,0.2494103139204211,0.24706205551270888,0.2645311909238483,0.34260699062054645,0.31427788469684875,0.27204129596002413,0.34482415580870246,0.3536280989112996,0.20243133630811277,0.3198557291782609,0.2816868461230243,0.24271536803789007,0.25236712249254933,0.300295168123271
0.2616911777025622,0.3461468148117611,0.2990869258160177,0.0,0.2292582674671297,0.3463352083790079,0.31874155234454926,0.3374858059332912,0.25466790954753543,0.2738208536766137,0.28403950151613916,0.3316389249963077,0.2873644178134836,0.27441048927397965,0.2778408962297331,0.2593403496207901,0.29632998851365305,0.2652188942742927,0.30973692465388564,0.2418237707501554,0.33350183379159587,0.27731527117498894,0.27365837502714097,0.2570009586661271,0.2983477256078553,0.2686423465434157,0.27637079749291615,0.29103345591928964,0.25086367722880226,0.23743024812959101,0.266793389687661,0.3033897519330952,0.43754426525220175,0.31465057679903113,0.2517243804822802,0.31406321196964465,0.26581030580571013,0.27298049333417873,0.2686723156617235,0.3391383014750695,0.32349074745524214,0.3537376974127152,0.22815594553339244,0.2772217737066982,0.2956454828276583,0.2931307854766813,0.22929631681024018,0.22953440466823136,0.26902346479699446,0.2758126498179579,0.3737944895141753,0.3533291221258501,0.2911124261207583,0.3535267545260357,0.303461988250611,0.30653744035113084,0.31043542404442404,0.33625899207008625,0.2971057788650777,0.3360140738608534,0.3355942779359496,0.28265344132868553,0.33444635790073224,0.21934948934605758,0.2756831649693107,0.31059632887101357,0.3473418396808113,0.24556820230072665,0.23728807989491332,0.3081091250305879,0.2769415548230673,0.23190281417882885,0.335911977387888,0.4142327630897642,0.33527726490400567,0.2404857475093417,0.33533766838607054,0.28653144855666524,0.25836263346668736,0.22382674022077576,0.2848552418085532,0.33852963520726065,0.27095416742040396,0.2726389898845037,0.348424533414519,0.3171332911678279,0.3114693112831282,0.2716767285866086,0.2882639127049123,0.30434166180910155,0.29574990047793664,0.32870442114290344,0.2630669575646457,0.2867115879218705,0.33409482554125136,0.26830912161851717,0.2527758775334688,0.3365121745620015,0.2465671774878605,0.3499380376352664,0.23705906167280885,0.2988669788023835,0.3130132044263466,0.2699202145224833,0.3084469948089792,0.2708874906888694,0.30432897602497444,0.261361494361349,0.286555091319339,0.28535815933192255,0.3573590979405378,0.2756464115527427,0.36898598845149794,0.28888664208346254,0.2915709765804366,0.3143890074744836,0.31075122711190756,0.20766716655854767,0.33833416261963456,0.3036407935888569,0.23328260030969447,0.32232105483013646,0.27587485761743685,0.32242167460642285,0.22204330417081705,0.28127223335291773,0.34419569948232587,0.2801621685960401,0.31863106342623604,0.24858481313723607,0.2702568170018249,0.32225945760853686,0.27500060580008046,0.3249219168927071,0.2488148009453761,0.20360587391409246,0.19647641462737142,0.24963654312561936,0.24460057810360647,0.2730938783401105,0.30583612062520804,0.2760649419282042,0.3876719951542812,0.31452397323274,0.2594043162903726,0.2625908746439637,0.3019652525264744,0.25477661463867757,0.245189045367476,0.22866337514874782,0.28823048898894404,0.29300940628451383,0.25313615348169394,0.2682048642855254,0.35256320429275767,0.2916231317726622,0.305805379345822,0.31277831471097906,0.3041939868021786,0.30460377624533597,0.2613226963906545,0.26907067239966653,0.27697586283548553,0.2791795629109234
0.3071116733073483,0.2665672157038654,0.24471213384848117,0.2292582674671297,0.0,0.21903205203357293,0.3445062269091186,0.23668761587891363,0.3122368498820673,0.23921163220375882,0.30946567188896873,0.25396460841445373,0.24612408392552118,0.28288195935053356,0.34939012814686804,0.26298604955810956,0.24477293219747648,0.30296018773042666,0.22540796390634746,0.24436351760526265,0.26154055937989723,0.2922294153966232,0.2837023497374674,0.275368863576994,0.2597487473839115,0.2584816308332726,0.2529606760356131,0.21225112454545803,0.25524011077854925,0.3096520457675731,0.3634168032637026,0.25460669137110775,0.251700287811766,0.22119658448683213,0.3799837367150605,0.32782700019229494,0.2792102211530296,0.29983882959213815,0.3049824102688029,0.2731487764530703,0.2951719529149662,0.29619966215226434,0.29608351183659826,0.35151158894254947,0.24340969945438592,0.23521850396098082,0.2965048834371413,0.33209749269141714,0.32069258274061946,0.3029281367902371,0.3060078555333705,0.22982145838681156,0.23967053195099888,0.2410827902580616,0.3123848610851467,0.25987710865805314,0.25064492751909007,0.2978422541905361,0.2790792269035506,0.2588513243147793,0.19973722784739853,0.24629561713944928,0.2563849528271877,0.29983423777458157,0.27730337088173834,0.20438679622336442,0.23851335774731972,0.26796328615836007,0.24021322363392492,0.2809044936975827,0.2968218829673565,0.2882833679767425,0.24304652205265365,0.2552670701559256,0.22779175013569902,0.2322081993909375,0.24798884910390295,0.3387623619795549,0.23461853428573565,0.2214678368579925,0.2616289622890462,0.27992865507428,0.3087996669346378,0.22672454737026534,0.25124263913721384,0.26969846683976667,0.256834676646333,0.28842414309697323,0.22766646939353263,0.25282572404856263,0.3864994091585999,0.3088586439952228,0.3899570514886258,0.22188105813826817,0.278035654576947,0.25197314509758006,0.19757064530688742,0.2319089776192914,0.3217098487599982,0.22814603220164933,0.28250577922755477,0.231619773772577,0.25355539295015983,0.22147360256334545,0.28564831306136895,0.23586598269507247,0.2056419261043642,0.24750939669233601,0.29382923913670966,0.24347207571528628,0.2570566934930021,0.31770709219500753,0.24060587647644238,0.255155799276873,0.2613525345426502,0.24896322636371923,0.24067692571343316,0.2906369434116366,0.20902756042967982,0.26020217972398124,0.4017796042725166,0.23828994080333843,0.22532622909799735,0.3210044192791725,0.31541361486504027,0.25729064231247345,0.22787210885298625,0.29716611484562194,0.22754587590735498,0.28924216047354756,0.2574338687395086,0.23959527649177784,0.21816749171407723,0.29423956556329456,0.24767020320190286,0.300981840845238,0.2535513227866275,0.38130718404038977,0.2612716121610218,0.3304473962861048,0.22665596908100694,0.2898550684020479,0.26717667076748436,0.2897709742549739,0.305021552051288,0.2714752488644076,0.35878872938856093,0.23705514030783076,0.24685357404997044,0.2223439554805339,0.2853718861069237,0.2747277300028536,0.2583975407214076,0.28202544590233103,0.2603077041652524,0.285525077373135,0.23672549623616762,0.27874402819581134,0.2778817619204654,0.25903376310923887,0.22457777458283373,0.2844493902166798,0.23730431991389545,0.3543690091358489
0.2696544189035508,0.3904632813409112,0.37752609041953106,0.3463352083790079,0.21903205203357293,0.0,0.2758989676730457,0.34581032450580335,0.2421242382318185,0.3241838381420105,0.3306083693563364,0.3454936217896706,0.35526839279078426,0.24984319180225215,0.2697061315289923,0.31116435401434317,0.34002960074551075,0.23574691741825313,0.30929501300344603,0.24960444972205958,0.33090469458063454,0.31563491064688787,0.22405204811102217,0.2570567249422603,0.3140847000360061,0.24471191258860397,0.2265379038000591,0.31275597156527657,0.2784447259822844,0.2426528691967898,0.25542782457858254,0.3618149763247236,0.32051067879201844,0.2660021695811592,0.23492790863653482,0.28444828349674417,0.2767398193609599,0.24402202730878678,0.26329784249176547,0.28920047881671224,0.30889498330293846,0.35367818325506045,0.2327628475470651,0.2873155840652256,0.26853084383482734,0.26053672310280146,0.23464111204289972,0.2643606711624685,0.24173102563753024,0.26293314987376726,0.3370483407276606,0.34619230442471655,0.2542726592749616,0.3527730839880509,0.29062248636049137,0.335290203453622,0.2819295793969822,0.36207242472578843,0.2674220257586701,0.2816384801876427,0.4132276850331449,0.27125326380644826,0.35101291847263294,0.2025299052341363,0.23868646091382803,0.2843846507272973,0.30143758216523603,0.2753356433113024,0.22539798635892502,0.29422066970514044,0.2902615247587212,0.20551874563489445,0.30820230580072605,0.37979526845417316,0.3854663918869792,0.2323088450240613,0.3365256494145687,0.26907874894623973,0.23014978971582858,0.29046915857889494,0.39176480349562093,0.27716332638210855,0.3017100542999477,0.30762755351981635,0.2836688886305059,0.29204508498449133,0.2978033659025996,0.2346872830172339,0.28382574012162465,0.28053484390054867,0.2729100754611605,0.2799475632470012,0.2837580674859158,0.26644322586405467,0.28308352125696173,0.28831170833036174,0.24567288782765173,0.3031564831473836,0.21441117542140686,0.3358181008470739,0.2251448278652309,0.2808837735837413,0.2376427864512737,0.227422644999153,0.27593421930138035,0.2843410143864064,0.33645036249101745,0.29941631879113817,0.2631313909637423,0.3444679830466844,0.33951871947686896,0.22977315263096937,0.40439164247597476,0.27219554956644326,0.25928508342632955,0.3462382686962789,0.296109203525969,0.21374084839366944,0.4455995751977532,0.2726526842003443,0.21855994786589608,0.28143801404028235,0.2698100241343287,0.32707545971141333,0.22472974273428217,0.3178808445380473,0.34310189353911624,0.2724575975961921,0.3271945439304864,0.22098116779142662,0.29468194060064296,0.41055581329059315,0.2545270726303221,0.2871115074934092,0.2553425823231955,0.21643324552019177,0.2265082198437418,0.21635396278076988,0.23030937509759858,0.24636559447008718,0.2650390785599761,0.2955376185355652,0.3014156121669277,0.2867339094762693,0.26286105514886504,0.22532336171629022,0.3056828525946083,0.319449819081929,0.2616865135458326,0.26007895893232674,0.25545094099729226,0.286535199890456,0.22225613935121183,0.280092153892809,0.34351674426656253,0.2744352166286477,0.3187361251423752,0.39807928480094057,0.24418167647596034,0.31483079675887965,0.2839889340122204,0.2650489075553395,0.24478271001987714,0.27686328100517404
0.32090844095348936,0.33385973826188975,0.24304740792346666,0.31874155234454926,0.3445062269091186,0.2758989676730457,0.0,0.26665655287951756,0.3218042283059008,0.2749627908842164,0.3244417373310888,0.35170441872814656,0.279775549496597,0.3349592365458761,0.3764758255156422,0.2620780283590709,0.2539405985584729,0.3268756334097793,0.28829989326471267,0.24803041955884714,0.2910490122852797,0.31234899216244205,0.3319160767057788,0.30150528584573144,0.3226369075163867,0.29341134954960985,0.26525989410183104,0.23109286802968407,0.3326906527712866,0.30184773292139694,0.361621684931169,0.2989161007828374,0.4093995019744697,0.275662022077647,0.31953897699618516,0.35762684526002436,0.3446878498533439,0.3215144827987639,0.30878001217266077,0.34313891451643874,0.40841229662037376,0.31666342843873785,0.3212429679818717,0.4049611890419557,0.30218338130649924,0.2837537012222965,0.3213246819236895,0.31992057790168604,0.41305315449482843,0.28783020368541856,0.3810102331622505,0.28284215003333807,0.283140576752124,0.3432308080987044,0.42737329827343573,0.33525107451089237,0.28946913490151543,0.32053074921545555,0.3457705934402939,0.2948944743980037,0.23738704159299165,0.2973364063947738,0.2824773920796176,0.2962117799401677,0.2761401011827162,0.23815507337432198,0.3107940115704645,0.3367951384093766,0.2525075284961807,0.2986473478020175,0.3691231898027063,0.29768996396541264,0.2577545313488924,0.29992962388666455,0.23542913352382516,0.28947290571914025,0.3106688403555721,0.3673642091548011,0.2778467688511972,0.2521654680372442,0.31387833748393973,0.3348230330768296,0.3740919286836933,0.2477370722981286,0.28768677440500956,0.3102066653592229,0.29531191945647833,0.3401818544892644,0.2716937252362027,0.3298831149014015,0.40095082846390767,0.5288548712450054,0.38790315463219266,0.2719641838018356,0.3431884449398126,0.3982134185848986,0.24196116815674862,0.3263026039513818,0.33953614703149304,0.2820242408737844,0.337521369572356,0.28092255360471824,0.34236858739402665,0.2938086290050722,0.3181170087361053,0.2695978928342206,0.23383821375037275,0.26716955162323025,0.36719428672787296,0.2907997127592671,0.37136585026440655,0.3492625977106017,0.28573585022435366,0.26634005642651715,0.31130212773613836,0.26654163970302047,0.2931780330397168,0.2818745936487809,0.25984745149597954,0.2898061274580334,0.3112510330423074,0.2982990261159823,0.2599460831389662,0.4142534295585668,0.30233608848473253,0.3650866831637743,0.2555055331712295,0.36502349087448716,0.27864731283248423,0.32911753992602505,0.2690035026580975,0.24483257701403774,0.25100754553116045,0.3302002300096115,0.24365238462938976,0.2968871151235112,0.2809335154147689,0.3543130013056939,0.30020924905142427,0.3885728228297488,0.34545593836515825,0.32493211918064974,0.3400588989429309,0.3325639320088225,0.3718791289387962,0.3515097030337992,0.35721600083134775,0.3023821608495685,0.27744894209811705,0.22905062384527616,0.3170407042298522,0.39367833734629065,0.25580585181863047,0.32894187970221733,0.36971943134996194,0.36275205532188826,0.28165125264555285,0.34688557461812286,0.39515738102841674,0.31447855770684857,0.2745412345912991,0.347612936290427,0.29862718080239364,0.33696218749541057
0.3253842942623246,0.3658326373535999,0.3968762421495874,0.3374858059332912,0.23668761587891363,0.34581032450580335,0.26665655287951756,0.0,0.2946723170276877,0.35438120762854064,0.3467794632232096,0.3175007373640746,0.4223250182558286,0.3030526469479446,0.28143373989627596,0.38234352808848787,0.38843251203993767,0.3222927564697567,0.31320322153041963,0.28985301660386487,0.3795104145657097,0.2851704066528681,0.29715541187563493,0.2692282980150447,0.3702038304284603,0.29712556468980816,0.33158295534660814,0.36097021401828455,0.25933403611847994,0.2882877720507787,0.32278754491296374,0.44500173739504434,0.30457694069956065,0.34290262325187265,0.2860149264062319,0.3973813374267127,0.32813421099225476,0.3520892433547872,0.27153154824136655,0.40293547004519964,0.32302183254465616,0.38613388862405207,0.2967444997625087,0.2711996348069424,0.4337760791667195,0.3564590592992452,0.2837693067878952,0.27603652825715,0.33109853569739656,0.3112854336715739,0.3634209343296517,0.30513187302822586,0.2754319309197743,0.292152375502379,0.33454105727234057,0.3606651705027771,0.3295668437010351,0.41643802091620186,0.3830089416293918,0.36864501998554594,0.4276422203567959,0.3077300413738476,0.3748612738712836,0.2794856243231326,0.2577405956895487,0.3343790438891271,0.3612403290379462,0.2748750683706578,0.3192571346099828,0.4544949944841541,0.31234766723151985,0.2799984196023003,0.3822980894454632,0.4688013835424706,0.461540258456975,0.2855971116239245,0.4028384199955416,0.29862210496036845,0.3286137104491127,0.25080030195263975,0.3561759185435171,0.29914434974059706,0.32502217748759493,0.4082912544459101,0.42735171421062856,0.440976487858862,0.42888957867832106,0.3013226165712197,0.40295151878319496,0.3274131348762418,0.302943395469458,0.2969388811692667,0.32375716144611133,0.2975249967444671,0.36675957385276,0.2556536400642391,0.2784580485394718,0.3705002951192552,0.26084389852603723,0.4654402523233821,0.2598408742763111,0.4397822341353357,0.28542366820396037,0.2657802522369679,0.41324175417535564,0.3606495811238503,0.36912473987605876,0.3568508268568784,0.34651995129689545,0.3322563191684292,0.307889573322316,0.31817938801410967,0.4108451881107657,0.33320507512036013,0.3479930258808546,0.38715947682642393,0.391496813112508,0.26070495923657866,0.31555458329250063,0.31805029711222166,0.26090038861474,0.36239843577225916,0.3138076546951918,0.34368024351129267,0.2433806416588569,0.30508805427169916,0.3428470385409931,0.3630399225017499,0.4003896825034863,0.2802146979020775,0.38404315045345566,0.3743417125118203,0.3155804812249781,0.2838370564324469,0.27913936132686074,0.22112767931267913,0.251079143158344,0.27468114707517766,0.3176596186920963,0.32711203093421415,0.26056498563161146,0.327244112843923,0.3538087141253651,0.34664618264920977,0.3198947902815009,0.2762413889290391,0.30873087357651974,0.3177198215832857,0.34756584846308713,0.30643083547516536,0.3383622503444856,0.31938680113299706,0.2681420378580431,0.33561027908002816,0.4049577652184065,0.3394220158583432,0.3259265754052605,0.3677080206683237,0.23835658160552656,0.3530871492111975,0.3285297455640945,0.3061164989958309,0.3090073956180179,0.3001905624275899
0.42743620658243303,0.30419005450709313,0.2587756868449904,0.25466790954753543,0.3122368498820673,0.2421242382318185,0.3218042283059008,0.2946723170276877,0.0,0.2507070264807998,0.3027608231198222,0.25063441996975455,0.29218929368439983,0.4161606687080106,0.31893739536246957,0.2786594326245836,0.2670539099068011,0.4083144583803498,0.24909531207198607,0.3252510910106365,0.27149384004797117,0.38469365074069745,0.25949997948531733,0.2683842590443115,0.2833985692483436,0.25814949517470565,0.2917421876800857,0.25219548932792274,0.2546786440325741,0.31529304517448586,0.3836779690812431,0.32039284277788915,0.28902966380367207,0.23884315230275943,0.3678054006891137,0.3398474257932772,0.2962592840467818,0.39367321394647764,0.3037553490365742,0.3076930822196836,0.28039260068226257,0.3266991407287626,0.32055135505469856,0.31105868723502983,0.31987858530110913,0.2890059129649641,0.26603355553307456,0.286270050071334,0.3353328617518428,0.35204717139116826,0.3237208131256838,0.24517345900880072,0.3269028674133516,0.2641510815203521,0.3275882967357484,0.3273827871580665,0.32776111212665526,0.27947318166792323,0.36028978919968035,0.3082595801551496,0.25769549534094477,0.3328260347314493,0.2784864026442815,0.3450255965663793,0.3513365174546601,0.2788351872670153,0.3503016374870069,0.33442932212538456,0.29059648480057965,0.32801089602656314,0.44369636516666894,0.37493784131208535,0.3420552492934195,0.2955324323427094,0.2977764441080568,0.3047653192240491,0.27485060347721624,0.26068518802505547,0.2928800670248807,0.2438040855143261,0.2770681711541041,0.4259525911204629,0.35253142800731296,0.2732148927044981,0.33395605561783953,0.3620986064264119,0.3089021054284946,0.40519832868061534,0.28978938371352747,0.3981672520369128,0.3649876226623545,0.3963316629033531,0.3774831450297967,0.2967147328473562,0.4378702788945279,0.2858256565333962,0.29308677567024605,0.263631673833112,0.4584675866292298,0.28963884921381394,0.38829016309886283,0.27386344457547257,0.2857615545645462,0.2322379606335483,0.4219624259629382,0.27155748225193793,0.23114507704483853,0.2552465295754522,0.30421352121800826,0.24961539491509002,0.24936981272570213,0.4168790774915242,0.3129704753537663,0.32598549322404125,0.32168560842408145,0.2820028187528197,0.2847540441053265,0.3029921358250892,0.2060385284938428,0.31683661644335187,0.36852910582660703,0.281151556783424,0.2809487179986525,0.34208630934794876,0.4554104086929555,0.261317435534239,0.30241343247492525,0.3144918183762945,0.24311470971994026,0.35497771673959344,0.3414652873627586,0.28137486136738443,0.3050036519278851,0.431100910398603,0.28257624119181657,0.3122545329270367,0.27502405698282467,0.322248590060091,0.32266757639557264,0.38744586714142604,0.2834550708643566,0.3415395424422701,0.3635770271279672,0.41180639761732607,0.3311406420953392,0.30202787418042687,0.3900214312250715,0.264650815550635,0.2837924476993309,0.2474110275133132,0.3870586180927773,0.3193589124183625,0.2913338788079912,0.27857438098869,0.27288167632171145,0.39961680321771426,0.2887209821146385,0.26411112928531816,0.3557922434655314,0.31673493008537157,0.24422294225439406,0.3633665404681314,0.31360434600971787,0.39799690649872993
0.2667988387351873,0.3558590104988714,0.3555160377986679,0.2738208536766137,0.23921163220375882,0.3241838381420105,0.2749627908842164,0.35438120762854064,0.2507070264807998,0.0,0.27891894499963665,0.267428259778643,0.33890766900939073,0.32327491580835716,0.24034832806949433,0.3221905238209248,0.3025118676688364,0.2945273258489621,0.2501785376477205,0.2235804805854802,0.2697112021392822,0.25170765002943923,0.31481803229558086,0.22126562705966576,0.38956801902449567,0.28018553596999357,0.3056347726870404,0.29578711159583954,0.41023428505181614,0.2837816327298797,0.29462260519924854,0.37330115111892553,0.2474528933895512,0.26822780768571647,0.25772359330916356,0.2936052975638567,0.31485568450896867,0.308766721527569,0.22251971031962892,0.30399028640966097,0.25365176564244435,0.3235155664616573,0.2564444109447245,0.24672998125074194,0.2893472298878557,0.26512735087505934,0.28430207841958,0.2658220808045406,0.3270712831292259,0.22958129335584154,0.2862596728321327,0.24604770761196057,0.23410813765773908,0.26008420310407104,0.3363192261549105,0.38529254647413563,0.24582857096805497,0.2923770542738908,0.3087637120328866,0.2685153955616871,0.3080794058181218,0.28689102632741686,0.2610599905825918,0.25047284557964417,0.2185487982956416,0.24523064567974293,0.2840679344469645,0.284429991195683,0.29344820092429247,0.387443422027987,0.2553699476990875,0.28230897418120027,0.27379622416137656,0.31953609675750483,0.319705548443496,0.3001453942524302,0.29078404989176004,0.347284031422698,0.25753266238550326,0.30896840168228695,0.3743362117369868,0.23958543907838017,0.3441884350984389,0.3703822893355621,0.29616446243801625,0.3078907453734832,0.32905490238670787,0.3005622466890401,0.38471209506105936,0.27367005684105955,0.2769172055118265,0.267270494873776,0.30331031904882627,0.23531996764122148,0.2943037070387824,0.30640051585013917,0.2077493880689571,0.3055048722041367,0.2738042368593347,0.34720709132901795,0.27553701777742023,0.29589020752115797,0.26583027383751384,0.304152247094175,0.27905092953985816,0.27977205137917577,0.2766117591227708,0.3811932897258056,0.297309688615933,0.2730059223139672,0.24982830313805302,0.25852779888246097,0.3466970178585823,0.3594959641064796,0.2869579167363502,0.31127800003950207,0.3357532411603092,0.29777879300057236,0.3009414469424256,0.35777176699166346,0.22893762996487876,0.32526392370578167,0.24652854153564036,0.3258247905877791,0.24139353313882433,0.3804886862083117,0.2990890161179645,0.2795816525416238,0.3604332425613591,0.28337257714783143,0.42724725844362804,0.2972667149394547,0.30276641128271364,0.2426249741824864,0.2188731788878668,0.21478643899880717,0.2541218054837414,0.271988730472082,0.27675732204224535,0.2905194419461108,0.2746833055605021,0.3483210113877518,0.28521412052254874,0.2631482227742197,0.3161115505025577,0.277064828923624,0.2373808637236118,0.37371272644104225,0.40485250195930683,0.2988721884905264,0.24108867785069357,0.3549941740367694,0.20862003911127508,0.32059590607266514,0.3224780754395243,0.2873674237823423,0.2543054475627057,0.37861006792750146,0.25665313420799557,0.39209393355475985,0.42872944381542744,0.33719153288300596,0.32412901343926565,0.24619838171575822
0.38548484364281493,0.38926363726563085,0.35852944452147467,0.28403950151613916,0.30946567188896873,0.3306083693563364,0.3244417373310888,0.3467794632232096,0.3027608231198222,0.27891894499963665,0.0,0.4052319226440524,0.359490776096038,0.3059568503996249,0.3059695620758219,0.3626036318157082,0.33393874778033855,0.3442431136566248,0.3312532542689184,0.30174312356122435,0.36267305247114445,0.3924141362258277,0.29856181235762963,0.3347428806982753,0.3732342498086322,0.31070782678536946,0.291187922119466,0.2976826153388363,0.3238070639077683,0.32999214971771673,0.31615033685442656,0.3649882125195379,0.3175301718617747,0.2904033068341099,0.3163861019357265,0.4338288823586143,0.3929184525327497,0.3580903728377344,0.3199767111485981,0.367984189243059,0.34678329349685505,0.37644492258559503,0.3036483823068139,0.35622587886021057,0.35866995379199584,0.2939363646604535,0.27771610374278105,0.40743483740770337,0.36252493774538413,0.31040932936217647,0.39777278153017015,0.28900357179773745,0.26219437626197617,0.35412272992003646,0.4325168714305898,0.28366526615449206,0.33951421532859977,0.4360644628312228,0.3583140515218888,0.3306534473819074,0.2948284215719432,0.24685206234834103,0.3668017457901134,0.28616131983073395,0.24439367647385773,0.27613633441720925,0.325598750718868,0.312109150697558,0.30098404552344477,0.3554562400849231,0.34929878675524895,0.26273641837236317,0.3516170054969701,0.36108084573232263,0.34000605576980353,0.2740086281215093,0.3368645588847908,0.31667853604945595,0.27160776578031953,0.23388259235171063,0.3034298130940479,0.29158823557024327,0.3317431306874205,0.30248635506059834,0.3149714120565221,0.3715344653831552,0.3308678152211752,0.282624010968323,0.26386262943322,0.3217012374847596,0.4209999428264607,0.2920317547165546,0.39107007747738703,0.31056985694011185,0.3244364710168292,0.31323458264627796,0.2472162877620667,0.27802761891699124,0.2610986822216925,0.30250376712454974,0.2815644174399065,0.31001589239366667,0.2705968884401304,0.2572352647992855,0.3739159211228008,0.2736728970990904,0.26462332232144103,0.2996674477624083,0.31761430914094274,0.3985303653639484,0.3914111867254207,0.32485153039408127,0.32837509208482,0.267817186080559,0.3211803625995107,0.3338779903522793,0.2914739880014726,0.2990026532924737,0.3095975041544328,0.26620920464270353,0.300555548424787,0.24365436381179653,0.3084226885281567,0.37844944916808543,0.25629916818576587,0.3639743582845279,0.24595507383850676,0.38413926280846206,0.3295350173277358,0.2748776788965258,0.2788737090119953,0.3113990973851808,0.2707188952410477,0.3274071812125019,0.32688070393380253,0.24272494728735153,0.28996367198866374,0.2913007052773596,0.32939854447739875,0.3262397203039761,0.2770175633967134,0.341753605242517,0.29789256016059434,0.34999428426101087,0.39587842125462813,0.28807433821240364,0.3355810766454985,0.25362089488313533,0.31547038209778355,0.2741361727070445,0.36895442323129424,0.2979478049659746,0.3154692785587914,0.31988872730933227,0.33522408777555013,0.36045412843199587,0.36167432306922315,0.32531412162728585,0.2707468677484328,0.2895218536433875,0.24424045990097634,0.3329866154789971,0.22906064315663785,0.4448769212477336
0.29991520661407844,0.3900188033092649,0.34250222005552344,0.3316389249963077,0.25396460841445373,0.3454936217896706,0.35170441872814656,0.3175007373640746,0.25063441996975455,0.267428259778643,0.4052319226440524,0.0,0.27166990699630705,0.24022321205296807,0.2946720895857288,0.2947595836217454,0.3115485561658808,0.28340494521504755,0.4351480473490665,0.28030910782339247,0.41295434406276316,0.3299806748995465,0.28519483818357766,0.33174161809832714,0.3645249656570917,0.281828339595205,0.24628477068025417,0.26749785326318826,0.2997139423253946,0.2798897719971401,0.29362055338097615,0.31413327357905624,0.3535374959054749,0.31003085845245837,0.27431464984856596,0.3888842033360732,0.3105820131478609,0.3051888502827979,0.34114805985887964,0.3463381821641248,0.4222149397267898,0.3070898681121202,0.29833738777491997,0.3367951264519987,0.3365064593016498,0.29947777217124744,0.29210647656863364,0.32937948814856305,0.32791332755828395,0.32101758994434204,0.4168198916663322,0.36307939674332984,0.26301391351237374,0.41213687718428943,0.4183638743296384,0.2548833568062498,0.3655782482326565,0.39877135423982035,0.3052254249729984,0.3412918758354928,0.2653292724694595,0.23892003999897896,0.3756350757181063,0.26256638443694724,0.25684608387021807,0.2944782929253091,0.26518916943027154,0.25832678775095197,0.2568388276137067,0.27843027042761037,0.29223209300158476,0.23660646679937028,0.28517574038573995,0.34827528675648467,0.3007159705186938,0.24452540927680097,0.296134147696168,0.2948276492861173,0.2715070433565581,0.205540505013429,0.2658719892718058,0.30995070664719415,0.2936202053503711,0.2506818025953365,0.3190200391239677,0.3478898541256155,0.26740042366388345,0.25851663019636956,0.26756451452003366,0.28255097004148116,0.3417337044304335,0.32509498082033966,0.3273632679696101,0.3120992256881864,0.2887238301045209,0.3290236245902357,0.24956613977555261,0.32704820317578087,0.238254441397878,0.29708262443958994,0.23601014860281155,0.29241957544128644,0.32387389251130033,0.336541206555322,0.3209012720950532,0.2752131223408195,0.30139533507649274,0.26206978690037974,0.3116555767202355,0.3978965182060046,0.5211326566023647,0.3201243629567182,0.27291103755396273,0.2362663101326586,0.31033864119466825,0.31050535415421193,0.28645336445576275,0.2990678153747096,0.35972715444485787,0.2361764568885871,0.256246912350309,0.24979859238837268,0.28530942461669095,0.33190279160212127,0.21328986037695757,0.39174506680345905,0.25595995131429344,0.3479172031894459,0.37646906384789863,0.25044373005654735,0.23896064487502885,0.2871064767014453,0.2186709538325078,0.30882668410178793,0.3037105683828074,0.21219510773148226,0.2637662860450913,0.28109478123844445,0.29525626094956614,0.3068288257473292,0.2591704035636708,0.2821420034540534,0.3201040528431486,0.3273541645475308,0.3245595534881884,0.3143687014886685,0.3461138833070091,0.24419078980798797,0.32791423911554884,0.2529798222755401,0.32840699455676964,0.2983007181394093,0.2937133603730818,0.30399263394101333,0.4206438048732379,0.284030355482636,0.3095838476130141,0.31001864384024624,0.24661324542327376,0.2577202002997611,0.22351289343347394,0.27378466866269796,0.22552818372850394,0.3233464407446176
