0,1,2,3,4,5,6,7,8,9,10,11,12,13,14,15,16,17,18,19,20,21,22,23,24,25,26,27,28,29,30,31,32,33,34,35,36,37,38,39,40,41,42,43,44,45,46,47,48,49,50,51,52,53,54,55,56,57,58,59,60,61,62,63,64,65,66,67,68,69,70,71,72,73,74,75,76,77,78,79,80,81,82,83,84,85,86,87,88,89,90,91,92,93,94,95,96,97,98,99,100,101,102,103,104,105,106,107,108,109,110,111,112,113,114,115,116,117,118,119,120,121,122,123,124,125,126,127,128,129,130,131,132,133,134,135,136,137,138,139,140,141,142,143,144,145,146,147,148,149,150,151,152,153,154,155,156,157,158,159,160,161,162,163
0.0,0.8909025448146136,0.9028790731875247,0.7758508960612064,0.810214175548838,0.8887687446547942,0.8344263189703967,0.890131819788111,0.8427561066348329,0.8973305828526397,0.8909931896405028,0.8688141507384882,0.9373261975367675,0.8008035573403507,0.8390321896536923,0.9128422988528309,0.895883856326308,0.9274301477442274,0.8299855188800096,0.9296092505791113,0.8804025738204767,0.8857363480068168,0.8482957975796812,0.8716493656110548,0.9550311028690289,0.8136435171636415,0.774818575482044,0.8916931620915464,0.7938984610879155,0.8020638913885636,0.8953232025902096,0.9265285330432751,0.7741604059272589,0.8629523193023779,0.9385776346820778,0.8113410583170144,0.9266140611927928,0.8743272419261271,0.7746132481438552,0.8234151956968013,0.7689982111103241,0.8973176854741152,0.8629328047021768,0.8541715317585956,0.9067235361733313,0.8790570502727767,0.8552985634875192,0.8681571946769131,0.9192516708031607,0.8390126247811326,0.8507472118556902,0.8812953600798288,0.7445902410101285,0.805120252033482,0.8083805955906893,0.8609810388882119,0.8910676791623464,0.8654550494940416,0.8198676433170443,0.8478324510038805,0.8396733443159647,0.717790988562777,0.8396245434302994,0.7716991581716763,0.802461299046598,0.8315194804337107,0.8402616676902492,0.8714432939159019,0.8287204034401693,0.9229624525279624,0.9260893572028076,0.8073824692695706,0.8239080597352949,0.8877500579427839,0.8878268296930075,0.8913106898212032,0.8124722484209371,0.8034339867364708,0.8004904913154262,0.7154430472777767,0.8420018337165894,0.8642153990493556,0.8352414034713599,0.8389786527489586,0.8262560800630585,0.9129750573597004,0.8876716102089596,0.7962012134165193,0.9129347535506971,0.8132765274354163,0.8686392340558874,0.8313489629607312,0.8307678504624165,0.8541106212784916,0.8197307478813147,0.8474964443700848,0.6952977150677554,0.8806788845907141,0.7399155287854741,0.887465349534181,0.7651372924786152,0.8139446419156455,0.7390847009883093,0.8152134455519296,0.8542157698342933,0.8865065138003483,0.7928726155884802,0.9062669479480518,0.8293498370833491,0.922130905955877,0.8674939508170959,0.8175355950474742,0.8780023006972553,0.8274006820916107,0.8362419559041752,0.9045819994937586,0.9033452309664102,0.912720446509109,0.8326958083066897,0.8389210413073375,0.8277825172263485,0.7470332949284111,0.8857188166832004,0.8949060681111332,0.8047980550985874,0.8484606113915518,0.756998230437243,0.8424247346330109,0.8607942779260337,0.792517763123821,0.8323516818240225,0.8363734792191754,0.7827360090619445,0.8204142879800917,0.8657865388447745,0.7860113448838536,0.8717365971137442,0.8203396684159915,0.8212384425461547,0.8635574476169974,0.7514693500085695,0.873736095655763,0.8688142815101625,0.7443857195141917,0.8955348914984814,0.8624585733008899,0.8550690047698051,0.7756006275065936,0.9425875341444512,0.6883742321335997,0.9092654825040782,0.7796869772724023,0.8228431942652342,0.8112101649222426,0.8822842799436154,0.9118811263549039,0.8754614370977856,0.8800830806566767,0.7538426747158141,0.814106623693533,0.7876622605705147,0.8987486369922564,0.9207126986699035,0.924082481108005
0.8909025448146136,0.0,0.9162874711419303,0.8427858984473731,0.7956499733113989,0.8718149238663675,0.8776576604273372,0.9178936771053999,0.8499898034531155,0.9183842225426789,0.8567292884794893,0.8886559521217327,0.9000514646003723,0.7923394316460177,0.9293002704388937,0.8289252199373672,0.8288318121443422,0.8667062650686689,0.7927913053415422,0.8246330680526021,0.839413015299021,0.9497786649571299,0.8264440406162105,0.9282941206227738,0.8692798217568729,0.7683780593283881,0.8246740722469449,0.837279644675961,0.8434415364087537,0.771608694090824,0.8923329627343279,0.7958917080661854,0.8830557459784206,0.7812501320897751,0.8538403683267017,0.786475368030482,0.8619939396893138,0.800536021005479,0.8472603045018529,0.8738540365310583,0.8417768181270101,0.8624789557440812,0.722048928067895,0.7991067426154939,0.8891500181475301,0.8650505750134875,0.7976345234936225,0.7763101843605802,0.849088815110641,0.7677654132125616,0.8116534492212274,0.8341103637812379,0.7784058908131877,0.858290625855389,0.782286924190384,0.8693696778094726,0.8217404814217348,0.8237482935591006,0.7712067674004685,0.861727053472284,0.8655562600024069,0.6534384235466861,0.7453549602270988,0.6764204735690472,0.7419094246596398,0.7412725852797925,0.8655561984786551,0.8332256356972663,0.7200401526811718,0.8744710943790978,0.8838802995338126,0.7365608318921874,0.7079182573515814,0.8742230412569327,0.8553645450521339,0.7850905836968854,0.7962248229444268,0.8298044375926462,0.74494492309531,0.6603598680514225,0.7840641813409317,0.8772001866810992,0.9008223899344592,0.7836366693242047,0.7049966721625127,0.9347561723987321,0.7636926096609946,0.6935044248493054,0.8638833021951923,0.9101682623135362,0.8030969127296336,0.8361255893657471,0.803328493211018,0.8010201457027408,0.8049627337247139,0.8788332425599584,0.7007160868884209,0.8154683485454692,0.6427810848614428,0.8884307626159992,0.763023061483126,0.7290229091250987,0.6493597144485026,0.7967795820798799,0.7457005421403679,0.8338486479669986,0.7421975912086399,0.8485698148920506,0.861751666296844,0.9167455122875902,0.8239790062905911,0.7059568227200673,0.7931320728042371,0.7848205235749274,0.7892067888763904,0.9461501621681213,0.7926454584694612,0.7792166460040153,0.7591398965561839,0.8099830534634481,0.7971392008808702,0.7385017562182471,0.7532591942211442,0.9287844037400353,0.7139709640512292,0.8920402255067796,0.7168927754530688,0.8966452317964176,0.8090344909905134,0.7962769923847153,0.8258677010127888,0.7815872440434085,0.7498107468122979,0.8508648870836486,0.84075460539528,0.7343600243421801,0.8240573471412291,0.8399075960904401,0.8173440613176101,0.8601248752278957,0.7792123639994577,0.7556137844499297,0.917469934304018,0.7110476525475838,0.8295901120524269,0.7447525277527861,0.9148367598460218,0.8701343361271419,0.8410085684229878,0.6213812872839236,0.823599322302022,0.7774342343421812,0.8272857108278698,0.8709608327517971,0.8699428463148006,0.9176872145336281,0.9164777485476107,0.9160815681089478,0.7994714606237927,0.7116252400370728,0.7928166567942543,0.7832432552908603,0.9189748297577112,0.900399052537721
0.9028790731875247,0.9162874711419303,0.0,0.8290158766249894,0.8924433249136345,0.8641122270544168,0.8745021624233195,0.8884144410719818,0.7852169381638671,0.8944051863326897,0.910289717406325,0.8678237625640352,0.9367774727382524,0.8029941687189097,0.8860402927280511,0.9323434729232092,0.9214519125210212,0.9036849811626085,0.784701310803723,0.8366370167284755,0.9151132595599353,0.9584325245467664,0.8432616657672524,0.9222169937643883,0.8603504365263503,0.8559493193781963,0.814375695053137,0.85693689137957,0.8293111137482307,0.7863979157695008,0.8157205176470762,0.86708987470138,0.834924915177218,0.8004692585884381,0.8372102173858488,0.831223220716742,0.88019039175938,0.8467959020681399,0.8279964931068087,0.897677330909871,0.834555565520651,0.8791773108214567,0.8204150050027312,0.8283402819104921,0.8948533515343842,0.8980597035670087,0.858837210861728,0.8388540374107764,0.8864037358312813,0.8516030139486934,0.8887265101644246,0.8928246525145297,0.7720350343841925,0.8672817973658387,0.8277840136117776,0.8178207122497216,0.8744747061118707,0.8826759096387972,0.8134002934745184,0.8888663359538085,0.8541024758345911,0.7249291904278239,0.8351297786219217,0.73581512672018,0.7746196205701843,0.7939796662258476,0.8590004930538112,0.875090583332243,0.8103843521801114,0.8770903310135579,0.9294866602196804,0.7526204537352543,0.7646350173884013,0.9493872674136206,0.8851418071063124,0.7573130808189598,0.8916453823225283,0.885269513850667,0.7695326893109291,0.6857226838787209,0.8151892071293166,0.8644645172061732,0.8635946462679425,0.7986980211889783,0.7801031296741824,0.905937736771658,0.7765530386456415,0.7480368592278588,0.8470401567083748,0.8175884087217379,0.9009753339643914,0.7866438505844838,0.8691827537495225,0.8049933557774287,0.8441025763794864,0.8208042401471622,0.6955826588036483,0.8031871158609324,0.6743341963648897,0.8906319461282071,0.7242589729174548,0.8192758432111278,0.6925285691918754,0.7632132262225306,0.7936584387024733,0.90878764342641,0.8274219091508488,0.8557902008320128,0.8932493906223928,0.9112298022948643,0.8616102256559404,0.7882878754532717,0.820796765796342,0.8037734066986987,0.8223007386830691,0.951298679989552,0.787725026833692,0.8523057833487652,0.8305416038110236,0.7990941454065553,0.8795348350383903,0.7552434522742913,0.7863912063925447,0.925638025979883,0.6816243960607099,0.8657094245821939,0.7866614411723143,0.9095166182862877,0.8457900742929293,0.8222824666890765,0.7848008809293664,0.8818316939418046,0.7340069015234882,0.7978752633474425,0.8375692185936107,0.7520411335851509,0.8098113104316056,0.8462855026528809,0.8343798236115131,0.8520289160034829,0.7286152109487922,0.8289963527730082,0.8942769604413605,0.7565626531909327,0.8684065835957401,0.7938975924077121,0.8894132679123155,0.858382296591828,0.8535559245880748,0.6685738117919606,0.8061667600612128,0.7263087236264788,0.8680246299720898,0.8935926130866136,0.8634655796799489,0.878016539751341,0.8880526793534287,0.9167410365419805,0.7493360271910932,0.792763693587483,0.8012314190222737,0.7442246154761384,0.8745748915466588,0.9183647047678183
0.7758508960612064,0.8427858984473731,0.8290158766249894,0.0,0.7609437876471209,0.7649199266662035,0.8653925352419602,0.7914275925914359,0.6561897203009919,0.7982100081081479,0.8622377829652077,0.7830351836685854,0.8026744014550886,0.8027195850073992,0.8708548751535015,0.7497535340107384,0.8047399906045608,0.8084979687815117,0.7672367901404635,0.7108933756490234,0.8134398018115035,0.8405556086170827,0.7902566195189924,0.8354238848797636,0.7661731018683641,0.8163462503970659,0.7783602183681312,0.8199413257653813,0.8583999924227823,0.6189318224476378,0.7537553591182605,0.7290991858871403,0.957395394808091,0.7562078055746059,0.8343945879802672,0.8804064857336735,0.7643715694374501,0.781625704359449,0.8110978539884296,0.8772174018958944,0.9111410721228719,0.7123883166353593,0.7199678699913385,0.8492447058032951,0.8152008572731058,0.7857555495775757,0.6845944822932826,0.7781221786459573,0.8201129792209578,0.7746849571271984,0.8654807723095612,0.848157272718934,0.7750161616124702,0.9401543488053443,0.9052145105664647,0.6737061552096064,0.7834403417669963,0.7793335457196048,0.8039939646883033,0.8297426828941246,0.8512219013511125,0.657730021916044,0.7959681065588673,0.6998651861523785,0.7281417282136994,0.7277709370800869,0.8322119492511489,0.7228158786530544,0.733101012676739,0.7943045192708771,0.7925031055597802,0.7501869396956926,0.7497213417720768,0.8756913497269323,0.7945472169870098,0.6910056333275102,0.8125473549405249,0.7857939902255114,0.7399243166282063,0.613780746678545,0.732769595348982,0.817635290223472,0.7072876029185312,0.7737580254635785,0.7507534612804897,0.790543049064414,0.7058354773924053,0.7211128815813399,0.7568608779427668,0.6972592470330478,0.8372694868472451,0.7827229936772496,0.8478710423423549,0.7612171548571217,0.8696698648015825,0.7755963878593425,0.6874883797809571,0.754493427772363,0.6674931763749665,0.8665923488566193,0.7637764585289553,0.7328775687267574,0.769371616199763,0.7881766284877595,0.7886710245654706,0.738311891628332,0.7588920801479838,0.7459216754443411,0.8334830289441648,0.7687425679978932,0.8619321979184923,0.7696915873043798,0.7949772321996365,0.7312540603005866,0.8348533241879119,0.8253019703888689,0.7359332317831485,0.7154690287680758,0.8578620232734402,0.801469034007536,0.7634483746800218,0.8362977188368151,0.7066846907104967,0.8289781636770217,0.6671902053970813,0.8626125046583256,0.739467553998748,0.7665694904342845,0.8598350288725882,0.7862579063629199,0.633117685675568,0.7067521179806653,0.7059986721478851,0.8212849920688103,0.7841035163901978,0.6922481817762458,0.6569898353535072,0.8596644039964914,0.8039633660840729,0.7557548631608938,0.8750643611827281,0.699998079831616,0.850574187694869,0.7783983756431072,0.7973641917935127,0.7159585021268934,0.7417673222838485,0.7635337909403589,0.7234168883662349,0.5970403685566127,0.8118568358361277,0.797153351953887,0.7973800542162415,0.7431211252864923,0.821948273692041,0.7670919335727153,0.7957960808162512,0.79358183372655,0.9025661576567053,0.772982831400449,0.8002721183053728,0.7240495088695356,0.756661077272275,0.8291595774594767
0.810214175548838,0.7956499733113989,0.8924433249136345,0.7609437876471209,0.0,0.7737114252985325,0.8626923233621104,0.7537811478336703,0.7255343577037677,0.7970706861457314,0.8466649697092477,0.8215733121510869,0.8024959783583506,0.7284106896104509,0.8344529220824632,0.8643492990879642,0.8282891668926274,0.8135418922235177,0.7196209896251227,0.7200708652230193,0.8351632008510226,0.8619109211350376,0.800837515839556,0.8255026703258765,0.7795775309823519,0.8185294874615474,0.7515094861936698,0.7369212603967954,0.7981552972142956,0.8040958391814589,0.7628651856308905,0.7955519855826518,0.7782440028953418,0.7216399074227314,0.7741218533884081,0.7930032406497476,0.8089451303442525,0.7894910138340416,0.7938102798921289,0.8076928618328667,0.788522862435698,0.8120780031997121,0.8097079611630743,0.8303774486678497,0.7700645430367385,0.7860146607851091,0.8550313778594827,0.8090696289263651,0.8378681129830343,0.8002427436422743,0.8476762519594208,0.8200529309539545,0.6956521520150623,0.7850044966480826,0.8040422579780528,0.7415957245563152,0.7825722369042547,0.8716538140883143,0.7309712060931434,0.7880740144576025,0.6977084677169813,0.7123086327417428,0.7792869879914409,0.7021998762710735,0.7121523137725204,0.6777928816154062,0.7313318761240054,0.8306312939568857,0.7634284632427031,0.7809824256893969,0.8473213340619459,0.7106198419005874,0.6841369852671386,0.8348702442741752,0.7535645395811617,0.6868361594708793,0.8193254422570301,0.921828387375251,0.6944432872903793,0.6790167052123601,0.7382409030535204,0.7853920414797088,0.8238563069364385,0.6912313259531614,0.7233890899240938,0.7848480904607987,0.6894967557676008,0.728496026694632,0.7370485323356865,0.7204435829456037,0.9279871462649809,0.7569307458835138,0.8839033855534787,0.6976476042938984,0.7713719866137269,0.7905547993158639,0.6026803995924398,0.7283423633812345,0.697604577718084,0.7593533536969149,0.6795875799541584,0.7394808574705136,0.6948340921505286,0.7396461851118598,0.728997146145124,0.8155542523732019,0.7234983033293048,0.759122695152368,0.8191394428710228,0.7962972746023542,0.8107773372131548,0.7764907718106351,0.7141642098632753,0.730988414019428,0.7458650448856632,0.838106352674239,0.7030491885099596,0.8445662455782311,0.7661654285274218,0.7544505010360545,0.8898678538598551,0.7348404139105401,0.6986889711787528,0.8684558789442945,0.6453923218960592,0.8117993008865299,0.7228607532813679,0.8445885742282071,0.7585449350435365,0.7655463886751426,0.7167064858241619,0.7953675901054352,0.6415748824579638,0.7343994588063641,0.7198655425942923,0.7234478886224596,0.7536427491705561,0.8098359568578044,0.742151005392187,0.826993859697972,0.6795654134768424,0.7968838780116193,0.7945963802672796,0.7230247021279016,0.8246146271872623,0.7679165432403122,0.8465676786678881,0.7894724044303917,0.7699460860132368,0.6398587079855264,0.7261583561612827,0.7052126080960327,0.7824862533632879,0.8255809833826667,0.8012532695840916,0.7551588541596621,0.7583861682703015,0.8457395583957752,0.7043439424058203,0.7765349317433989,0.7159917885684713,0.6992261513533874,0.8006619167740338,0.8621518748907194
0.8887687446547942,0.8718149238663675,0.8641122270544168,0.7649199266662035,0.7737114252985325,0.0,0.7798808482356693,0.8545340101831684,0.8332293581446796,0.8242796421571602,0.826713013675283,0.8894247111232202,0.8330971502605401,0.6856283501821545,0.7819713937746419,0.8253417171323988,0.8059818768345027,0.7649501724748143,0.8464783765883411,0.79483603188394,0.8630587582211825,0.8478576988113542,0.7130065879556897,0.808415844045274,0.8739270185274766,0.7181617090703116,0.6610808330230394,0.7792263709476226,0.7373106434385208,0.7867275640989868,0.8614860343516866,0.8558313675512301,0.7659682445915731,0.7689959451495522,0.8035724103999448,0.7313957600665533,0.8403717783638341,0.7431214663183328,0.7839789618245936,0.7207419904864728,0.7339069720524983,0.9012255801603414,0.7407324561445865,0.8400319210525283,0.7833882900142075,0.7669709197029634,0.7866552703873329,0.8145794348281515,0.7666393112695044,0.7341529954473138,0.8094456952201253,0.8663106173570392,0.7253333176381677,0.8122683016058487,0.7427465688635143,0.8781114841270462,0.8091973835921319,0.8861705829465367,0.689024667427808,0.7452170004935722,0.8346719130308143,0.6888066614085816,0.8182714629813181,0.6238205355774037,0.7439790971537319,0.7573255803566503,0.7590933992433523,0.8188223746515656,0.667909289869361,0.8551803223020494,0.8777419281837598,0.6460753048752189,0.7510651327367505,0.8117101711551278,0.8545455163049339,0.7881669940306854,0.7560680510947129,0.7625946093333327,0.702442701137998,0.7630417137913552,0.8989463865495315,0.8729329851585277,0.8452569708555112,0.7535579042944073,0.754996875585092,0.8354787026261663,0.8700129325398237,0.6723415351185955,0.8056002698044487,0.815478665403241,0.7940826203202566,0.8348989147846331,0.7496992276153788,0.8036688408442645,0.7567273930758052,0.8537299315389316,0.7286800703484662,0.8409665916920608,0.6626189919500132,0.7970597699411126,0.6756507906256307,0.7546979084281725,0.6753136135889106,0.775351362407962,0.7622366650431064,0.7838949576231314,0.7410871409262014,0.8078138278524449,0.725378606669918,0.8902149252674668,0.8629269579193912,0.7036139801259604,0.8563470335490677,0.7432451976729916,0.7304604850053042,0.8459048434291314,0.837396695564993,0.7509112684359422,0.8036583353493758,0.778878177720353,0.7256412698069665,0.7406458069900904,0.8044520522979041,0.8887151665936792,0.7596378534439654,0.8199142299190207,0.7253058172515066,0.795934139738481,0.7810958878185825,0.6602825580263006,0.8141492332338963,0.8710475825574816,0.7073605591844019,0.8625844353900343,0.807952051099664,0.7153034514068094,0.7885405210944798,0.6976642877692758,0.6728958205012284,0.7951722428963544,0.7216429123862732,0.8043194416224251,0.8403324894335441,0.7224362004525828,0.8035129630381282,0.7461295695512267,0.8872217432940273,0.7666407147358322,0.822743549149006,0.6484136090534355,0.8455506979863241,0.7758073813133988,0.7522669665127439,0.730370963568268,0.8694486383443037,0.8448405549497424,0.8071313839778732,0.8911569954552104,0.6949544907464276,0.7524757598243892,0.7018130760981169,0.8501245880224696,0.887274666480023,0.8765280370664597
0.8344263189703967,0.8776576604273372,0.8745021624233195,0.8653925352419602,0.8626923233621104,0.7798808482356693,0.0,0.8054958628306608,0.7392487852919046,0.9162545220989606,0.8254828439583947,0.8232227889721204,0.8614720674063404,0.8199057172873773,0.9251772585052419,0.7954207094480121,0.7853513864818209,0.848770588189275,0.7027503958972774,0.7198534871304519,0.7931280302128062,0.8767745035729763,0.8638930669360745,0.8645543713028185,0.8385950224570927,0.8411041533084256,0.827571432324201,0.7640576379142049,0.8494006685589857,0.725014862709458,0.8335419459031951,0.8104169987211628,0.8852846097999109,0.7734190342330839,0.8343129354096313,0.8263497469483022,0.8691229757939045,0.7465570381889584,0.777394966324257,0.8914022339039399,0.8075819379149416,0.8055268749599647,0.7668705123722004,0.8376173248591895,0.859895341402684,0.8328910645946638,0.8427518451864634,0.793180105194175,0.9105390674986534,0.7695015880913298,0.8657602919897219,0.8018319075666543,0.707499073634717,0.8377449367519471,0.8543574029420239,0.8011783433773367,0.7501798577215025,0.7866110647113546,0.8327773919162047,0.8278766148164196,0.7667230755976041,0.7011681992343397,0.7239348804557713,0.7096299369079045,0.7207185835940135,0.6996540852195235,0.873319300362695,0.8828580444532671,0.7696395798373178,0.8098541041008341,0.8676491267638954,0.7661930910205653,0.7168047266270057,0.8834900477456828,0.7265328453232394,0.7702114918402869,0.8543738621763988,0.9188242859603653,0.6954463204266453,0.6356226549027909,0.7152194496095358,0.8300676451846132,0.8340484586836292,0.7034122622864506,0.7015921293200713,0.8055443059470037,0.719527772578222,0.8024605487490755,0.824211558051504,0.7950367410067553,0.8776731598798388,0.8711153455865184,0.8479650542219352,0.7152495892042583,0.8241164129400754,0.8757704253316083,0.6109251806653925,0.7883757670749036,0.6994944850034462,0.8950663878324661,0.7656941126643915,0.7567715824081386,0.7640020372347646,0.8068873452743915,0.7365933466157503,0.8061894819283102,0.7199424554713852,0.7780265122926238,0.89166450800905,0.8396750925711091,0.8480092777175042,0.7472636858202639,0.792266259256679,0.719872393593608,0.7681104536158304,0.8501473039493984,0.7282618705254408,0.8270989430061119,0.7861680522922784,0.8194495948004743,0.7965726404421215,0.7783160552590421,0.6992468455801095,0.9043571443160506,0.6598344867416753,0.8775105212718334,0.7525372900306228,0.8793412130852823,0.7929861422886311,0.8329391497920947,0.7217412329634976,0.6980252189381954,0.6782298993869118,0.7353105142759081,0.7430148573178741,0.7063848479488581,0.740474336137496,0.8870262604067192,0.8018825920621763,0.8054181892653236,0.7935677824675234,0.7644769137879529,0.885208862822408,0.7242836446132677,0.8383798566836461,0.8295349396830091,0.8195559804164342,0.8297764599261456,0.7898451343460055,0.5558932240771348,0.765774764838566,0.7359180508270623,0.7459722572505804,0.8992771107330312,0.828469742461402,0.8369948501287299,0.8122795197547306,0.8802347243350589,0.8299392359934542,0.7990879359043687,0.8180653405270419,0.7248898541937404,0.8595216152478926,0.8253243037244022
0.890131819788111,0.9178936771053999,0.8884144410719818,0.7914275925914359,0.7537811478336703,0.8545340101831684,0.8054958628306608,0.0,0.8692414548447926,0.893660992769351,0.8197032526333975,0.9122010804656338,0.8843108122214345,0.727097434389963,0.8653180174001031,0.8531126754743925,0.8266096789579362,0.8594002154496025,0.8155639216869746,0.8512664764441619,0.8278088351255429,0.8747874294235639,0.8440418705926516,0.8691797553812493,0.9004737900167279,0.7665239195598939,0.8239302207136475,0.8569652581259366,0.752296908608349,0.8163483503976637,0.9159920712874435,0.8127624645928354,0.8138024589082082,0.829754317464309,0.8251475408287995,0.7720901539928443,0.8579929396777837,0.8206622142088731,0.8075958037638541,0.810148069909422,0.7902462065723276,0.8546670051716304,0.7721965250004742,0.7522446635936001,0.919291424064917,0.8840697322472226,0.8027403240359892,0.7473830659407424,0.8307341171886855,0.7640720529604617,0.7838016061264961,0.821125179405933,0.7082475935624857,0.7900662574278057,0.7464249753422586,0.856887731165865,0.8212354180691382,0.8722671711394782,0.7255090478551462,0.8413631946570435,0.8369371886265792,0.6540153701117369,0.7601363879098598,0.673503231157972,0.7073674397295212,0.74787437951771,0.8098631020845078,0.8032796740620847,0.7450393469751252,0.9403368923813185,0.8511539403762519,0.7073064205044798,0.69740694424727,0.8462231967054837,0.8689842256536131,0.776326769944511,0.7727494913759,0.7785690584909913,0.8074979301071947,0.6180948304910603,0.744719227063019,0.8530975218054173,0.8669178586404164,0.8013873291837852,0.7269926682572715,0.9550638045039482,0.8249114629555255,0.702570453079168,0.9165077487955092,0.8898558623973775,0.798648436194524,0.8173652326950427,0.7603199412266359,0.7664677540579838,0.7324659568498981,0.8508870724725287,0.6902289433858083,0.8552242484667567,0.6202360988751429,0.8699866454811648,0.6990060282261797,0.8031664706814658,0.6762917309899904,0.8310906791563968,0.7689289562093486,0.8759014234979905,0.7640534778400012,0.8885933706510469,0.8212738452522442,0.8705600692196565,0.7942009207572822,0.7205760131647188,0.7597514460755547,0.8297191381556127,0.7898133161986111,0.9267386225669629,0.8139421546734728,0.7950681136934655,0.7329399039981966,0.7996540471484871,0.7453473149896666,0.8020475342287348,0.756744700300233,0.8736324697444049,0.6556695241627915,0.8552951512183201,0.7005785866742056,0.900532599031948,0.8072727982648165,0.7577726409490854,0.8641521049964747,0.7873849206055934,0.7447232548578002,0.791733876668591,0.8138143956367472,0.6613047263943005,0.853962635074575,0.7906348812934479,0.8215376456862342,0.9100454908621617,0.7301944858523799,0.7323714879022367,0.8560600945443884,0.6872560267529281,0.7981230078460575,0.7828048471781267,0.8951767724262186,0.8175054791249206,0.8885902693801632,0.645380662990691,0.8489168540413811,0.7194162642580286,0.8095774881780473,0.8421239183163847,0.9010066236859159,0.9095862430517725,0.8549027279520076,0.9019685004782679,0.7152985083645016,0.6897076889049654,0.739571522114384,0.7613752520751195,0.9336781385914805,0.8510373025795895
0.8427561066348329,0.8499898034531155,0.7852169381638671,0.6561897203009919,0.7255343577037677,0.8332293581446796,0.7392487852919046,0.8692414548447926,0.0,0.8282924266042557,0.7201116343134218,0.8399254016321026,0.7714702644211007,0.6628302389163194,0.7648732089347245,0.7455842893765737,0.7038341768894992,0.7583184814946854,0.7359739263486597,0.7694332119546536,0.7175088673169913,0.8219235742625145,0.7244115116545856,0.7398344200752283,0.8347248704596014,0.6203805407428028,0.7268548709593093,0.7185938104663382,0.6629380216091495,0.8816691214318678,0.891636651383317,0.763256584606984,0.6842373212834241,0.6947288403787993,0.7544495119247929,0.6502612294935006,0.785638270728444,0.7077613433541418,0.7137023195721642,0.6679967794989364,0.6413363472039585,0.9099168929369467,0.6633411357655722,0.6695056394347402,0.7595782088047456,0.721671424391557,0.7668019385513567,0.6624651742353058,0.7283224641266146,0.6701430449865032,0.6774481620109235,0.6935572018819162,0.6509927194971128,0.6697897405749165,0.626287072440768,0.9167425885368599,0.7085227786482674,0.8049014797947137,0.6431430982109942,0.7042033175550468,0.7108020762946264,0.6160335047886858,0.6492884304947176,0.6078686450233085,0.6633123933468011,0.6358650029483113,0.7076129001974242,0.7815899426988281,0.6658763828000452,0.8534337432124366,0.7860145098088667,0.6209937975303607,0.6497047831473957,0.7122043775439324,0.7730356827145565,0.7281999167410141,0.6630581687454944,0.7050879219183327,0.632839550046343,0.5955175855132658,0.6841302390401285,0.822975998047382,0.8777558500200058,0.6598333630535389,0.6312717519497558,0.8311174225941812,0.7864337382502025,0.6553996529351981,0.7967075166129093,0.8904233474534089,0.7247935874115796,0.8184567666333942,0.6673430280151614,0.6720343995403608,0.666402365563584,0.8290424683622839,0.6367516197853565,0.7745683215430516,0.6286576381023263,0.7260275385069481,0.6287148302836099,0.6798378650356435,0.5924870309058614,0.7402942084799025,0.6780722691065968,0.731677793519679,0.6233411980786845,0.7896953970368591,0.6765485333913028,0.798404157022466,0.6982353050668756,0.6283759829219907,0.7024089108404131,0.7897153295928484,0.6304998729851271,0.8056243108353005,0.7302774299328987,0.7447990947714023,0.6243350612894727,0.7666589380500739,0.6691169887140835,0.6770689855190274,0.6842375711543343,0.7801531203180623,0.6947883094203076,0.7212506672166795,0.6497416026165987,0.7962580415427482,0.6523910011881422,0.6435584595024497,0.9499854479875254,0.7381173539925251,0.6663356410865143,0.7729325434631242,0.7166787770353439,0.6295935119544992,0.7959412456194951,0.6616270912346639,0.6665626349999983,0.8122258344530426,0.635208427341993,0.725371655646898,0.8030427459052825,0.6591781844199386,0.6988926408365022,0.7261749730360609,0.9026271798383484,0.7159766530649553,0.8107576592491798,0.6038157251145593,0.7460814751275845,0.6771097006495389,0.7226461387807211,0.7689924274367252,0.7737697181384711,0.834694579436683,0.7596257054231483,0.8095140531250964,0.626030852317981,0.6203031697110059,0.6234079268418972,0.7559822884210589,0.9084897732720748,0.7904170155494051
0.8973305828526397,0.9183842225426789,0.8944051863326897,0.7982100081081479,0.7970706861457314,0.8242796421571602,0.9162545220989606,0.893660992769351,0.8282924266042557,0.0,0.8217473255699491,0.8443960317792384,0.9255884158527142,0.8141126384522702,0.8841895225614097,0.8445735594372484,0.8094034544197548,0.8991023666692263,0.7134088711928395,0.7880784236090106,0.7739162946734958,0.8767962815816058,0.8927839013822252,0.8597659944575067,0.9210731269848128,0.8068547995154485,0.877680790605913,0.8242587884505654,0.8384743339242201,0.8038274383121207,0.8742696907774382,0.8359124006684466,0.8307703727716907,0.7987047521979027,0.8472625140292293,0.7604773279460105,0.9170891162623434,0.7901443363993657,0.7199397663576187,0.8647092247885858,0.7625692081692078,0.8645630308507921,0.7617385002189022,0.7751244605460802,0.9015953670967228,0.8636543864188984,0.8691409639781803,0.7713881486789861,0.9057897346154095,0.7346048102727882,0.7869194418808895,0.789273323752195,0.6835881371317112,0.7633635882182218,0.7693468549447062,0.8954432799143797,0.7542677449787314,0.8087829025774309,0.7935706509016182,0.8152204481273039,0.7799810180441693,0.6679975732755561,0.7130858683840218,0.698647069625986,0.6815744676280303,0.7056566622420186,0.8594372285532957,0.9015149664014214,0.8031473415667967,0.9031457369294336,0.8565259948650951,0.7613741531001493,0.7097869258620368,0.85499197148982,0.7863182353863883,0.8361899554312996,0.7928125825782955,0.8746790311542172,0.7351373918273485,0.6493715665162829,0.7467498087391637,0.7979236306920804,0.8976000086207523,0.7753631525843803,0.6892961524198631,0.8902845371386175,0.7810403516267643,0.7664569881485349,0.9250571528784703,0.8700679961442612,0.8345407455019694,0.8415851620108677,0.7823518962739695,0.7189628397602189,0.762821544491682,0.9125308841167706,0.5963852453512044,0.8414217649338516,0.6587206346780381,0.9012425645886436,0.7468941326096967,0.7413521422893006,0.7060122148797301,0.8447076961334296,0.7309496888391921,0.8574839513673719,0.7047308343069245,0.8839701539585522,0.8716929950057384,0.8777325328140603,0.7854659009400679,0.7041530004712461,0.7953869197498029,0.8012314551965384,0.7762429860181841,0.9125769213168126,0.7950534489917522,0.8355378966805175,0.7542354391157136,0.8669668600882116,0.7524412155275597,0.7699521854836567,0.7392956917652881,0.8967080716270239,0.6716179896348918,0.8815786015792368,0.707936697395094,0.8882834155577254,0.7979935857530969,0.8210680395010872,0.8545620553110274,0.7172032935203049,0.7342433081239328,0.72350148105778,0.7427008131279289,0.6804956761887403,0.8393109016385762,0.8477942882201291,0.8338014026024669,0.8254681784769423,0.7805423968418398,0.7721187959030977,0.8543270057146017,0.6645651081386803,0.8301747928391576,0.8400151722782943,0.8373032836549459,0.856092925426858,0.8888219584760662,0.5953214813998489,0.774043353345499,0.743958108938729,0.7356788748427004,0.9142000199171281,0.8627455718306624,0.8945125330315484,0.8582047686020816,0.9245484671367519,0.7853371541229108,0.7528486165571623,0.8432794866659897,0.7795192552365848,0.9288174497163529,0.8312667938362349
0.8909931896405028,0.8567292884794893,0.910289717406325,0.8622377829652077,0.8466649697092477,0.826713013675283,0.8254828439583947,0.8197032526333975,0.7201116343134218,0.8217473255699491,0.0,0.8132221753190428,0.9106944622931921,0.8304746866813458,0.8417687741624248,0.9138988973576095,0.9117546290710596,0.8864542717898493,0.7877630683204873,0.8344149888256107,0.8785304440934345,0.9084297765713741,0.8140705179267976,0.8894481836733416,0.8405379300320865,0.8678695022913792,0.7962313368807108,0.891804709432249,0.8928507132816597,0.7158208751828075,0.7782063440075694,0.8221858409510788,0.8357899151222866,0.7886338993343573,0.8913142892246576,0.8381973067449606,0.8797816571879592,0.9084842242309467,0.8375304815260897,0.8807235467738492,0.8422836779240541,0.7953299980350116,0.8062575816079673,0.88759649579919,0.8470450658692439,0.8185980846133165,0.7368131248795259,0.9157968106928658,0.8867058345507838,0.8207034860022799,0.8619748718117819,0.874470369658193,0.748187996332776,0.8769096399206247,0.8964097330097311,0.7272617298249188,0.8736883159234491,0.8523389939158491,0.7988365042738125,0.841174706322868,0.8791087312214154,0.6743659203666564,0.851966663239781,0.7546163150508506,0.7471189833716863,0.7801264744857438,0.8483923049648278,0.8038308213537766,0.8092785308747548,0.8800559882867085,0.8730966952719341,0.8032838580518404,0.8037669756703132,0.9074129403945425,0.8828770353476882,0.7558629491438735,0.8698416177118501,0.8431289926340976,0.7789319389966392,0.7421514819235422,0.8172588119230473,0.7999614111159643,0.7769123968244936,0.8706286322553758,0.8025678678938596,0.8587229276421957,0.815119377164744,0.7272685255803313,0.7904373031587321,0.7393231541562106,0.8842968784658087,0.7217902829804848,0.8873949508326898,0.8278639769947224,0.8653667572375947,0.7946937063715793,0.6811699956580766,0.7587226261499329,0.6993777170392174,0.8359439861313432,0.8168549591466104,0.7859223074738645,0.7014282990314645,0.7447632718921944,0.81090126275344,0.8213868182188614,0.7809163212210832,0.8319310131248472,0.8267240731198452,0.8663211738142104,0.8694465592676496,0.8192563452030192,0.8457906488052707,0.8448254792115325,0.858035335798072,0.8939945062982813,0.784312930451177,0.8466267889282012,0.8704520767451855,0.8184936946737548,0.8968496713076012,0.7695582467901594,0.8207717860480703,0.8807998770350487,0.7725539951729857,0.879128252468125,0.723834926376026,0.8182279518972431,0.8742000921219588,0.816113894604894,0.7050668366606624,0.8329080557099791,0.8411476560513105,0.8547522877131047,0.8713941339621928,0.784870968620389,0.7708972717938166,0.8598269616454839,0.8436874818656367,0.8108482863208765,0.7923631401459946,0.8378033411474067,0.8177100106551535,0.7584775517100603,0.9265443674077756,0.7444031216905694,0.7951248717130055,0.779341158764824,0.8145956640743843,0.7014265683638972,0.8672325965077452,0.7778364699106396,0.8583743578782486,0.7609244420968095,0.8356761322346312,0.8510424427092024,0.9102427135137701,0.8461173724347214,0.8369575292477432,0.8409615286472497,0.7836471107668077,0.8152631956048271,0.7873911567481432,0.9672185954946251
0.8688141507384882,0.8886559521217327,0.8678237625640352,0.7830351836685854,0.8215733121510869,0.8894247111232202,0.8232227889721204,0.9122010804656338,0.8399254016321026,0.8443960317792384,0.8132221753190428,0.0,0.8102160107614792,0.6533079433469834,0.8393908329762787,0.8413720449310366,0.8219768635137559,0.788500155143839,0.8841703294461478,0.8167832605998162,0.8790760038147657,0.8437922891073663,0.8360529502082886,0.8774439547576639,0.9080717642782941,0.7582144349254732,0.7355060455972858,0.8152563631544942,0.7322338597875976,0.8500470498166608,0.9160143016934633,0.8058993306276578,0.7927720766575591,0.8576948012365336,0.8104089752220938,0.7663662140116343,0.8276663031836519,0.7661188729461601,0.837393242018172,0.7671990146518252,0.7964175116990708,0.8885377750613442,0.77646771183342,0.8153491891998133,0.8530416469795844,0.831417623499155,0.8295610589503395,0.7703496618166843,0.8210310083945602,0.7490290342878922,0.7988867193702556,0.8672662785220928,0.6777877327993728,0.7999719709309948,0.741807528658847,0.8616639374788985,0.8210678454014846,0.9346958227463595,0.6792320779192499,0.789105698558718,0.7627261171068818,0.6292470021142523,0.7683254897951165,0.6454874577714246,0.7012629381868878,0.7115270140011921,0.7390202378378253,0.7744700666018178,0.6764323863496385,0.8607287167552538,0.8295848182843161,0.6526423820576983,0.6808273502270588,0.812544506707227,0.8167069395883539,0.7405770571823886,0.7439242848948456,0.8053732493352381,0.7760022134568452,0.6565621752803644,0.7631141391642893,0.8635247241539,0.8663939659225951,0.7263472761955478,0.7500949407294761,0.9072098573929593,0.7906530595589797,0.6611154721231559,0.8392891050012388,0.8540539608255291,0.822111738624729,0.8556583632319983,0.765372526302098,0.7544142982814153,0.7064458754272169,0.8604490606299777,0.6623108531460461,0.8988325814146715,0.6314944232414812,0.8132669172052464,0.6501309270312625,0.7565015140220086,0.7033494616286601,0.8667818065954046,0.7376237035663784,0.8498059628571679,0.7462130499631559,0.8807155624653707,0.7796486542450373,0.8920735562021388,0.867641836591386,0.7391190412061241,0.7370442708356858,0.7479862936239344,0.7481936070593571,0.9007014073749215,0.8291053325278368,0.7938294254486449,0.765320492857215,0.7568598561408837,0.7530553333409872,0.7534813597173882,0.7803089815037983,0.8946953200286113,0.6558473957152355,0.8457298244947639,0.6868870242121057,0.8677359334986194,0.8118294121027502,0.6822435187443406,0.8348713174187085,0.7967839382737074,0.6574150557786624,0.814504737489852,0.7986625805119907,0.6477291432833805,0.8550454197484586,0.7582183920684662,0.7544716867324764,0.9109199150099655,0.6880365603324319,0.7267618644710419,0.8434870005032011,0.6839479473058951,0.8037145160485385,0.7975904094066806,0.9319120119415742,0.771098880499743,0.8815014535009532,0.6545963402221749,0.8552491150946143,0.719237203753238,0.7981068656655913,0.8022579885644748,0.9588946922867632,0.8414364303368564,0.799620165118554,0.9247722412536741,0.6830306875761988,0.6899022704223082,0.6775507038652377,0.7799806163116888,0.9257412998306219,0.8780983556437576
