0,1,2,3,4,5,6,7,8,9,10,11,12,13,14,15,16,17,18,19,20,21,22,23,24,25,26,27,28,29,30,31,32,33,34,35,36,37,38,39,40,41,42,43,44,45,46,47,48,49,50,51,52,53,54,55,56,57,58,59,60,61,62,63,64,65,66,67,68,69,70,71,72,73,74,75,76,77,78,79,80,81,82,83,84,85,86,87,88,89,90,91,92,93,94,95,96,97,98,99,100,101,102,103,104,105,106,107,108,109,110,111,112,113,114,115,116,117,118,119,120,121,122,123,124,125,126,127,128,129,130,131,132,133,134,135,136,137,138,139,140,141,142,143,144,145,146,147,148,149,150,151,152,153,154,155,156,157,158,159,160,161,162,163
0.0,0.3014303891141827,0.25976329082820904,0.2731058207298649,0.2723783677871037,0.2563569381138043,0.28206388914093083,0.2804552684979182,0.3645218054073019,0.27301643992177993,0.318393076281677,0.27205414501318376,0.3568054344973571,0.2812335084836565,0.3129111722898486,0.29031711159850154,0.31425720429642917,0.4737108406838002,0.291936144654491,0.41114200191179145,0.31545907539509344,0.31391482218542777,0.29942651485777777,0.2875470315234864,0.34982593038665943,0.26042787898208397,0.25423955916341795,0.2867412848956773,0.2392954740253611,0.2753052306527505,0.32159094190166776,0.3252207086667836,0.29015590658404106,0.27449910067455824,0.37519206659228804,0.33393385394617053,0.3613370133617677,0.35044388741514915,0.24514369267157218,0.35108999169479893,0.30222690778154393,0.30765720256197887,0.36174691142808796,0.3373277978060499,0.32130619766310947,0.3847726461234638,0.27267814298942433,0.3227844217703328,0.3816057411861676,0.41324192424586037,0.37828720048945913,0.31607346435428224,0.2908302704743023,0.2873973093137309,0.3235264201159433,0.3042059814767164,0.44900616683930833,0.2789393828757145,0.30998245834236027,0.36848001833212585,0.2609331782125994,0.2690683103803548,0.334096619642364,0.2682592397652451,0.3353951956069045,0.3494103921115753,0.30077201044288154,0.2968157969155681,0.2854456868635164,0.30366440019060675,0.4490982212812243,0.33959987322635654,0.3053371547557101,0.32011905352119424,0.30170964686023344,0.32043277403057124,0.2481794915178383,0.25349044205946875,0.31837216457715317,0.2223543798698975,0.2759656440175309,0.37913799256254455,0.2998490178370785,0.27794685448287837,0.36332194004599955,0.36203874925919105,0.29588331375641475,0.3468979929909673,0.3153161938291893,0.29489985504023747,0.3911975887524557,0.3215306154416792,0.3965228700890875,0.3564719695550201,0.36610927701015933,0.2769223476983599,0.23521079797380376,0.2784857910987468,0.27197332885104814,0.3172869286758681,0.28534278907408733,0.2730858511149886,0.2875604635641921,0.25389609184220835,0.42166996739638335,0.3190978018811719,0.29917346052924704,0.2882427848315208,0.35054590537849145,0.29903439101197493,0.2995197125808389,0.425795364634068,0.32475202231690625,0.25280217698694357,0.36826837108213756,0.3074239599464097,0.31855364205454617,0.31834834957339214,0.2459755355688493,0.25211751424529455,0.3188847814804619,0.24649047913808414,0.33694405356743745,0.35947423122756067,0.296542454688398,0.2700473678754494,0.24604177058613827,0.2603233104576471,0.2753786262325381,0.3795607768854808,0.26043284064489897,0.26384235918342286,0.25100804395261106,0.3121125529398424,0.29083612991140095,0.29363176714791767,0.3056302887200643,0.35343264608186753,0.32225464816911187,0.3642645751665634,0.2622250232068683,0.2949580135411493,0.35194713000042244,0.3157153149038926,0.331959001046779,0.30573902025544153,0.30442191157875825,0.24479563146764796,0.3327611703154749,0.1939981385153256,0.3940900741586882,0.2888272262866737,0.33745173819372637,0.24936845767462923,0.3032294643715026,0.3506464867855593,0.2963011661491773,0.2760467113315219,0.30838658377563505,0.3110647423374861,0.250938980216528,0.3457969157809766,0.23624863009202288,0.3948439044801195
0.3014303891141827,0.0,0.287286983076026,0.3045386511486718,0.22201940572740866,0.35402844385711385,0.26607324749192496,0.3321901277561338,0.2762893382413802,0.3264336942775137,0.3190308029753369,0.33572533053769127,0.29160163770192554,0.29747331867156956,0.28743768119309926,0.27290522636336856,0.30688416406470825,0.28571252002276226,0.3350726546435029,0.31830481799294286,0.32235684798968767,0.34118837012653397,0.2781636490327259,0.28816056581219746,0.33566278965223595,0.22574397551801562,0.23929102628679078,0.2916642796822975,0.36078227436771876,0.2474818301317786,0.3124453220214899,0.29884070880240826,0.37133371419399847,0.26177977520006623,0.2869116374689172,0.3283524078356591,0.283898177154027,0.32194536504596205,0.28793994407503315,0.3160448077779161,0.3761379954101865,0.2982766863058982,0.23277260227835367,0.27510886455827643,0.33548111754073673,0.2870738628901373,0.25050263069852047,0.26034950648372307,0.29430524492718135,0.3022173964509651,0.32323095978561994,0.29673883757756736,0.34749518805523905,0.3744720216169158,0.3314620596879524,0.3274859416750395,0.34228577563330903,0.28604856973789383,0.30347621081575543,0.36380183422404916,0.33713031389209536,0.23018515350325902,0.28255461232033297,0.2348758448282968,0.2621939262114581,0.2751922836682544,0.27912857066934876,0.2457207183695269,0.24390142904108242,0.29567978894315394,0.2852965610397456,0.2783782890116963,0.25760612686511025,0.3112439553659309,0.3454460487500235,0.2766556892492538,0.24098304173460408,0.28793457875189804,0.27830324297954,0.23047511496818526,0.28345789271175553,0.2987288254492224,0.33750279921291576,0.2793770307419769,0.3022923917140585,0.3954954375015139,0.26682893458776996,0.24449303287272964,0.2656149980153766,0.33023066131756873,0.2656580562607344,0.29881579122522545,0.3409557799504638,0.33727041678827874,0.3377973487029962,0.3279986808819425,0.2816281272340233,0.2933832224042199,0.22825509587295573,0.2949447209108409,0.28243226740207933,0.24206612428023883,0.22272732608418347,0.28343212274355956,0.3033263598539835,0.2599657573571425,0.27778581576629785,0.3169801655460025,0.3165648284704261,0.3630217334351911,0.29261793833405175,0.2770344178342528,0.2938590262389718,0.2495398545136193,0.33189957813183407,0.3486343822268513,0.3119919032404181,0.23302446062238602,0.28237811835692767,0.246824055271329,0.26491631403602334,0.2544243520230402,0.3186900066208015,0.3519763450971499,0.2749756222183904,0.3582575853518098,0.259420256371695,0.28609374195167114,0.35585691890705273,0.2791154197487519,0.29723922498989436,0.28610999404174164,0.24923489658761722,0.32389711264192017,0.30146447403071425,0.2503030622149935,0.26479562209055807,0.28293189891742543,0.2883393818209508,0.2913337397196604,0.28270706428149806,0.3068073647675471,0.3877921457158774,0.31470729971152456,0.31794989665475565,0.2304711730400122,0.30841921150834845,0.2721124411880005,0.3600404421154169,0.2225592823168483,0.2798854499251935,0.33933819494557865,0.28435061911837956,0.2811488675062251,0.3083007757214467,0.31552575832650165,0.3203502009722991,0.2866225342093388,0.27882289583142633,0.2547247586225966,0.2676260397508541,0.34098999405262076,0.24607528670179968,0.29111583596507046
0.25976329082820904,0.287286983076026,0.0,0.2762038998278114,0.24135504062049587,0.3177204888663189,0.227174891291846,0.2920261815865897,0.21925397903341884,0.32845396333864507,0.32137851430277853,0.2798118053684456,0.3336336663132029,0.22397913018827525,0.23715859880013881,0.37167709359409784,0.3588756041146581,0.2616763901186978,0.2369156435482911,0.23348469966010155,0.347460538198649,0.35506925445422105,0.23438253525671296,0.26360534387189355,0.27694365354375555,0.2694244517806251,0.23159735824984268,0.27068115147042443,0.244474786627684,0.2526993754866116,0.21237276083297763,0.30475309143806395,0.24130506877115454,0.2310280704989763,0.2105806718271513,0.2611473752969967,0.2789912580621656,0.24879518440851464,0.22965736350743945,0.2951010536642545,0.251529466168921,0.32370617417541453,0.25086364180337495,0.2499244148731573,0.27436223103547597,0.27458250848749016,0.2432646011261655,0.2889812855070848,0.25141206795434895,0.2633597112109581,0.309384103244515,0.2973466759817312,0.2106624919677171,0.2986989528479768,0.279389206803218,0.2553039778958522,0.26257319853086636,0.3077750302635665,0.24275084182263232,0.26633755088285893,0.28176064569012865,0.2241656025881015,0.30872817309246137,0.1994184168324351,0.21850029348291114,0.2688233090221035,0.25798715936685823,0.27933288264600903,0.25732881810870495,0.270053928489328,0.28733261114367387,0.20248923210744196,0.2568342018050618,0.403810120209672,0.3106137803705201,0.19884279877539807,0.3044085206777968,0.27196580291789113,0.2208070512547548,0.21206901397189687,0.27303364195054663,0.25755706771492154,0.28545703232674785,0.2515038171183942,0.26626696943161093,0.28285429094307,0.23558764457095704,0.20857931888965525,0.24050219739233403,0.22914449252498148,0.2838616732116778,0.2090832183328832,0.2747503755785185,0.2203406483926064,0.2700104010378953,0.2429412809324309,0.20379959269172213,0.2465764824154793,0.1827148726081667,0.26441402647079487,0.1919966882122861,0.27187041183051097,0.20604627882148024,0.23376297022743228,0.25188644141895794,0.3181756511880492,0.3009345137414787,0.26276905758979374,0.2726268750641551,0.33937074733482814,0.2720285760289228,0.23317923493519266,0.27682551939227396,0.22675775702509487,0.23439522719613026,0.3166245263158595,0.22517633695375508,0.25938624660156345,0.3155175856129964,0.22130753971399936,0.2391045992159116,0.21944437763384306,0.24025261532565742,0.28769703616493164,0.1833196239990809,0.2816710483142861,0.24007638975725581,0.267541870890725,0.3021379455826615,0.2377917653506022,0.2462424031175463,0.37906205636723944,0.2029000206517566,0.20758990229596563,0.2493726172974415,0.19841934165039357,0.2092980786763841,0.21933570908427333,0.2531850076796395,0.23637630190370287,0.20609227245815695,0.25779762707267034,0.2667627136330396,0.26772563984039444,0.25189167200789714,0.19359445465535102,0.27919292340633334,0.260465078903633,0.29089077221946513,0.19893982459250467,0.21394553178001532,0.20245133779674832,0.24618404098182833,0.30545346044506677,0.2796210537805967,0.2503194013870898,0.29360699368328913,0.3265873374723782,0.18839670022876695,0.2621614449280811,0.2527463318430169,0.2002684770016939,0.21847053374056274,0.2624561856233343
0.2731058207298649,0.3045386511486718,0.2762038998278114,0.0,0.21451314351828316,0.28578128004497433,0.280756611336155,0.2983717879841354,0.24206675120889085,0.2803003144650003,0.2915308471785391,0.28353854960699726,0.29293708491218445,0.24858259999334534,0.2772521923021217,0.2592655884947614,0.2933710057144625,0.27610583522121807,0.27206862372495777,0.2557130999419428,0.31605913250279266,0.27769180843028946,0.2932615380863023,0.2532890042549554,0.31420511373507454,0.26301589846537043,0.2901883920493269,0.296130773313132,0.23268949093225783,0.2147442275006213,0.25398371307292206,0.26737704355637615,0.36966512548581004,0.29790785258405067,0.2492363435385578,0.2874241453623474,0.2861268341312702,0.2654509152439261,0.24303126118402194,0.32701043956652304,0.2804301828630542,0.3145188555099657,0.22756489956796036,0.2695382208751769,0.2992770366189965,0.3070308170368755,0.19537336439178632,0.2422699558105528,0.27279456102998184,0.2624680968024964,0.3375012258307593,0.30922125585251187,0.26313130675262936,0.3520816767022226,0.28711982984979795,0.28175640555422055,0.30308524254777996,0.29227003500111076,0.26234602832006065,0.31616281785762823,0.3307833841670648,0.23580292508569753,0.2983866714708077,0.2011006926067536,0.2554480269055674,0.3133060424219612,0.35863847960795875,0.23288260534979274,0.24092226827787142,0.2920146044522262,0.27087796181342927,0.2314161514749988,0.29027155493821055,0.38967194997737026,0.3021984328405372,0.23328222363504297,0.3047884548182356,0.2703370410225139,0.2517815869539795,0.19669068717287128,0.24882181644537588,0.3351717250287519,0.250523260633799,0.2547316244674479,0.3432596117054951,0.29322422360563405,0.3116568620489266,0.25199134681199253,0.2779354886505716,0.2846198610749097,0.28549937629300454,0.2836467545320229,0.25445107210686957,0.2671052018258074,0.3270887652529439,0.2616258870239344,0.22867399683319412,0.3055807434572083,0.21050695426804783,0.30603648250066434,0.23666359725455313,0.2824604347742574,0.2925483541976095,0.2528576184381718,0.2830281435639324,0.26941546459079174,0.3005100797239436,0.27584615664854145,0.28184810386213616,0.2928616029478148,0.32319294290476436,0.27765994481265943,0.33959977105171324,0.2753172327721705,0.2770680598603854,0.28735214575643364,0.2803662928275342,0.20970693830772005,0.2948770162482765,0.26736342527674506,0.228718270969751,0.2919558483321074,0.27761615065076456,0.29611908251829416,0.21470274688729069,0.2606239653157095,0.26975896851957853,0.2585438164200445,0.30266548281716465,0.265835326591246,0.23881600549009033,0.2872614640257582,0.26413166728324444,0.27484202637393634,0.2691526368021533,0.20250131391632956,0.1896412759488111,0.25541800476073434,0.2821938727239077,0.2710894557131866,0.29529988417019953,0.25157242052517426,0.35730577342523073,0.29795921559877403,0.26420964117546386,0.23648861186630513,0.2641758756109666,0.24146619736600766,0.2561997382511535,0.18619037314237788,0.2905404657948255,0.25414122407671735,0.2761532930807781,0.24846813547087523,0.3201492734314983,0.3039754961037114,0.3029769190333307,0.29444288904858973,0.30344825094573064,0.2699289317638227,0.2593930384589185,0.24719853774203004,0.2621156488406255,0.26992705348621726
0.2723783677871037,0.22201940572740866,0.24135504062049587,0.21451314351828316,0.0,0.19738606143938872,0.2878109235895446,0.19433143835589808,0.23873484196330108,0.22224495658341667,0.27982312751762267,0.22301723910232468,0.22221097123676214,0.21982886204014898,0.27920433094668184,0.2448082571386773,0.239067307006336,0.26558963366695276,0.19632543138663922,0.22411639606535994,0.25930934797183364,0.27416316958398274,0.2561462781804061,0.2648081786032151,0.23977866659415265,0.2387218414361344,0.2089438558251253,0.19364081977458475,0.20971952540369462,0.24637697171929762,0.2566447938809906,0.210647220614739,0.21247555104419732,0.20180149054827634,0.304439605595198,0.25077298845836804,0.26542161544054876,0.2374428072704177,0.24370489631463985,0.24473603030066657,0.23376000224347432,0.28208186630615556,0.2645130518604477,0.32135260570473595,0.2119010416211165,0.21441941752118884,0.24506584419704228,0.32123681970201595,0.2837194958883216,0.2543273518275514,0.26139205355271733,0.22335350880610386,0.201035886163969,0.22742168890014872,0.2520747794003309,0.22243683371249034,0.22527608640577304,0.25066227573318056,0.22573260278736748,0.21661378696591377,0.17978117816781872,0.18883417651677514,0.22670974822145112,0.22985697016465076,0.24230713664767772,0.19288939076435968,0.21377633629687054,0.24983056036424545,0.21039109730652358,0.2295013568588251,0.26728204983236337,0.2406655353070929,0.20565260129472893,0.23442814850868282,0.19435144360019546,0.19712115232179978,0.22416206224441088,0.32047454005635456,0.19646755536785343,0.19630686950973775,0.22195169691211963,0.25090547744627795,0.26949706241379534,0.18430879599934177,0.2259052499438672,0.2204629599529477,0.21786226006897938,0.2171950009970616,0.19147088513421587,0.21297621797254143,0.32991891938746204,0.24845923732914824,0.30107090110218415,0.194096005118112,0.2525750039415343,0.22906814004393694,0.16694555344989023,0.2101978909074642,0.22986253112601246,0.19058766776133085,0.22401694596493094,0.20440643096433508,0.21666142884292783,0.2020295600390774,0.22604803356720288,0.22530593062813248,0.19422789172918073,0.23178401392460832,0.2534106069127619,0.2543388909889693,0.25036691514939746,0.27294721385950294,0.20982602925109387,0.21084138683518894,0.21125933614229478,0.22071269097431884,0.19975933498883092,0.25827596673098185,0.20871351567774257,0.21072900363324856,0.344196016966469,0.19149003213864557,0.21445945169336442,0.27573223519984785,0.24497671999987994,0.21286872684386973,0.18335176836865572,0.24050843736260885,0.20703847505459577,0.24713100632845242,0.20518493946580504,0.21777958020310076,0.18113368819996267,0.2290149696783446,0.2346751586609174,0.259127273207226,0.22165696047821368,0.3061464127397036,0.23913745961753524,0.2524670766480006,0.19622093409014665,0.24385813460387407,0.2396014721453116,0.24464329392994835,0.27250029662664554,0.22186756321607706,0.28636974130074483,0.20757024644987454,0.2257408508080913,0.16904166336747506,0.23368599758846004,0.21115912384000995,0.24335568233144084,0.23954537830233683,0.2359699163494953,0.24964863793004416,0.21382771715685614,0.25755481097146005,0.234249497913244,0.21707751414642612,0.2002485270625184,0.22243971935792362,0.2038029584421716,0.31745191960991237
0.2563569381138043,0.35402844385711385,0.3177204888663189,0.28578128004497433,0.19738606143938872,0.0,0.22000013554675443,0.31531521170143795,0.2391073332803577,0.27640812378319235,0.2958658663455547,0.32655294783244904,0.3224019600192767,0.2111949219630915,0.25063171339280527,0.32575839746822083,0.3340319081146673,0.21749215911567996,0.2839317119285073,0.25794035155540057,0.319343772897431,0.28393964630561297,0.20234825452251706,0.2331854335896103,0.2847563452315033,0.22720273041944097,0.2136103140322522,0.28138681157405065,0.258886474195262,0.24667437711948856,0.2581397375768221,0.3425190368982273,0.3160666398415487,0.24368104446906358,0.22096376860680905,0.2558769028441067,0.2602737325292645,0.25580877421697745,0.2481165036570902,0.2464796622925093,0.2912853777544303,0.29445578231334724,0.23499850319966833,0.2777657109574704,0.25467026421788314,0.2592664521066127,0.2254837614309167,0.2498440138986522,0.2136465270707622,0.26658379496451284,0.30009030745159054,0.3361995139876141,0.24470452728444395,0.31643375050569167,0.2673561497469726,0.31210446556077226,0.28738359289402166,0.36157192011921824,0.21155274077903993,0.2657839216015299,0.3447755751741407,0.25089204435409046,0.33105180634703923,0.18360292825695365,0.21740766742762788,0.2609076476249533,0.2448392873065294,0.24583717373849803,0.20826026095586625,0.2634583018768503,0.2751056539416026,0.20247859361876616,0.2472193594544827,0.3122409587056537,0.3775844959097252,0.22248568971599228,0.27165345757990544,0.24975114685214733,0.23705706363237442,0.2754403365957279,0.3476513999960092,0.25480948292220784,0.28879668295652444,0.2895879597856057,0.27653471594943263,0.287363593930214,0.2693449567306794,0.21282904889836468,0.28312987667610306,0.261070313968881,0.2621047417779355,0.2541634124800071,0.2902560965065506,0.2579699945187293,0.24705424382919258,0.28878855742680637,0.25308284853083957,0.28572928615068083,0.1882979607628894,0.2799461869139814,0.2154053412395139,0.24388073695497053,0.21122140000082357,0.22591481869984553,0.27196521045297223,0.31419209487789707,0.3363157164092352,0.28810800167070333,0.25231494692391476,0.30461981237800495,0.28053898654585263,0.22569145674979735,0.3231316601974752,0.26161914241078527,0.26338541003488986,0.3475297881961157,0.28665167481781195,0.20332918895660104,0.3432150640385071,0.2386489394055669,0.22982686041089048,0.26660204327305614,0.26406314164832717,0.31706211201229323,0.2204004264775526,0.31125894804469206,0.2719433134505669,0.25654551284291494,0.3027925150898656,0.21784619435562635,0.291978343851052,0.4196208961274162,0.23343465342344966,0.2555425620704783,0.24556104040438692,0.21402591130901585,0.23890548890909502,0.21220089195498804,0.2173036099685464,0.24317511315948018,0.24180530167247388,0.27568811007702415,0.2667819976783259,0.2626607415686757,0.26656779159492083,0.2002361990246139,0.3001810714917049,0.3049114396492337,0.264974347008077,0.2230019101789645,0.23994357589728074,0.2532876387599879,0.2229271132401529,0.24489446817552368,0.31702396652778664,0.2538909282514328,0.276053232109858,0.3655238408487658,0.2140589403798632,0.28209541319005477,0.24314749829943622,0.25635292268304427,0.22676237029769553,0.2538161603719432
0.28206388914093083,0.26607324749192496,0.227174891291846,0.280756611336155,0.2878109235895446,0.22000013554675443,0.0,0.20839360376466312,0.23457104240321905,0.2529316335799708,0.2907796950158708,0.2761235757558584,0.26462151698248043,0.2722693585607299,0.3014204254093478,0.23026848031619643,0.24209028054844253,0.28390543793034423,0.2397629547384434,0.2248193675201425,0.2673432362312072,0.28380443504384634,0.3402181137670821,0.28729282965265796,0.2846918386457695,0.27073553971728503,0.23171048788207435,0.21695763081635425,0.26213603143032493,0.24209882735315721,0.25660506653357584,0.26600376345200966,0.28872849853553056,0.25605410195966144,0.26117730602945305,0.27391109018605336,0.32103863779145325,0.2428120076484848,0.24382564187129582,0.32930523943938594,0.29596003809714905,0.2910051624002487,0.28281891511196916,0.32047213420107773,0.26540875855824525,0.25509865495191447,0.2774388159474025,0.2804682024374084,0.41276454165538273,0.2577020371746114,0.3369720369935312,0.2425489614631389,0.22541409794910333,0.295478906725431,0.3315366825874253,0.26482223357830675,0.25436239609790345,0.247357014926239,0.3162924357275418,0.24954215869478283,0.20507031048234062,0.22447014565124174,0.2317427826283293,0.2521384801049309,0.24110012005537798,0.21794596449140302,0.29145305609793143,0.30618115345772595,0.2453337766389375,0.2347408714505911,0.30680344456516045,0.2458712305268951,0.23741473128359003,0.2984954909766851,0.19485875120422233,0.24070690706120992,0.3071635387309774,0.30261876857120756,0.21795593043696254,0.2043785718279152,0.24613109222001936,0.27527206083028555,0.28250554746399464,0.1942099360903606,0.2454040791404861,0.24196561217488682,0.23659279019428234,0.2834747786217852,0.22212711645900887,0.2477412284041167,0.33976827579411,0.3463843382065509,0.3107735887804517,0.23406786759908915,0.2897906213042557,0.29996476548205453,0.18748335584575845,0.2635374781019057,0.245284659912734,0.25359203301491867,0.25505136668489176,0.2464776075411043,0.3026938039041681,0.24217696231774993,0.23808476073554008,0.2415791741474072,0.21672450139514876,0.24560589566186888,0.32409702255574957,0.2943462773294605,0.3560889030717413,0.2852382151457614,0.25765089326589996,0.21028483553188115,0.23919881436659254,0.23677127905892834,0.23454242890048327,0.2737491576787672,0.2645725618737133,0.21747554897808088,0.2630617987512791,0.21765891781396632,0.24017102999156592,0.3223628429656677,0.2328401354420433,0.2767053194067357,0.21983459878194056,0.2751603785457515,0.23530070844948126,0.2788149855280877,0.20801728504622957,0.20930897146028912,0.20327350723233492,0.23345159037908222,0.2273129615643818,0.2504692409751818,0.23598153668537358,0.2996996534847425,0.2736186278621409,0.2894534733896263,0.2587040793747768,0.2613070123260412,0.2891116205367082,0.26265970881860906,0.3045583213851906,0.2973072211707094,0.26535115437221435,0.24632899309533807,0.243393239067331,0.16985161247078812,0.25429981217850517,0.2609212167446412,0.24727464325302695,0.32604988053446027,0.29150297900715766,0.2925215710806237,0.26720591925084874,0.2818742686507085,0.30252296367858555,0.28252700799095304,0.24004008748464717,0.2545192294154112,0.23818156661200585,0.29467320910901024
0.2804552684979182,0.3321901277561338,0.2920261815865897,0.2983717879841354,0.19433143835589808,0.31531521170143795,0.20839360376466312,0.0,0.2928414764313235,0.2990474271706804,0.28556557640771746,0.28476672683374943,0.3407645376841625,0.24313222418504613,0.24609088988317065,0.3239233446690862,0.321409664260833,0.2639685959518023,0.2767323424469113,0.2930763501237729,0.29991906528344064,0.2490015778891713,0.24579870343249907,0.22574514733322287,0.31939584642536345,0.24050761125325032,0.27960028444414436,0.3274791252769407,0.23249020133993098,0.24940871447920715,0.3236416030323417,0.31253290390883837,0.29071049439114044,0.27546480279304547,0.256827692926744,0.30147558559088744,0.293042612237411,0.33128885415034554,0.25468568540890724,0.28207284835543844,0.2858309742345227,0.28338020203826586,0.25072049636569094,0.24762836205421576,0.36081288546671075,0.30142263334751246,0.21485497494278535,0.24478994443868507,0.2569402609495749,0.266367702001084,0.2838340389026388,0.2650310598675792,0.25367726710460853,0.27051312988691095,0.2738072722823795,0.30319480138940513,0.2906035827477791,0.36232280550671414,0.26587975672607705,0.2912759840909589,0.44111679856654035,0.23539205345449377,0.30139741487470256,0.221254569643018,0.22000428679428616,0.28005354828783174,0.30327696837911217,0.23204031181175225,0.26664383240593814,0.43564833523306506,0.27056220647602186,0.24657317536656861,0.28170256644607317,0.33263170943151354,0.4152377121557221,0.2501524295254571,0.2933978953729732,0.24148945616106457,0.32472569864671524,0.2180562157607571,0.2919403432882149,0.2689580484895705,0.2907301072823579,0.3630910593092039,0.33959341736210175,0.3932249889009714,0.40586431802518325,0.25242025524615613,0.3355785402215622,0.3057596879111084,0.2538617718403281,0.25655246503341844,0.2735070345241345,0.2632063757180913,0.3050983681098822,0.26775090170231197,0.2763901101811381,0.31255707422912765,0.20411461742938902,0.3245510642952126,0.24634624634513128,0.33762224717863554,0.24003935250722172,0.26870607868728463,0.32608257960186005,0.3086593458802479,0.32028740021850655,0.33688382690701424,0.274351792362424,0.27631290258385494,0.24416226684345682,0.2689087585096703,0.33582844032531123,0.31627085176705855,0.29307409642130117,0.3229147715357374,0.330877894608253,0.21653380630679317,0.2588477043173683,0.2633137596521719,0.23027759848032217,0.3857210834671639,0.2702255024400276,0.295689792441885,0.236903727515146,0.2853713922071047,0.2514727060110123,0.2861453077080257,0.3248085210226542,0.2522591011606153,0.3431198265624245,0.3232024151520324,0.3115307349846491,0.25896041544967047,0.2750822762770295,0.20733179905797125,0.23790295130924027,0.23580252947873365,0.2808658115687769,0.3016536875847784,0.2634733279602522,0.25923691024989326,0.3103347319694506,0.2959811046372868,0.2926949533262332,0.22401302358258876,0.28278540734028185,0.28071243770587784,0.3205541574423383,0.22504061307195622,0.31735342816319534,0.2851759545814881,0.2518737751562624,0.2492795562358769,0.351235347018225,0.32937775468479913,0.2853561780491821,0.31678353287607397,0.23055295414703608,0.26773779995381686,0.2634672530805377,0.2898147931551264,0.2778300934213516,0.262934443868301
0.3645218054073019,0.2762893382413802,0.21925397903341884,0.24206675120889085,0.23873484196330108,0.2391073332803577,0.23457104240321905,0.2928414764313235,0.0,0.2248858169640348,0.2615849808026784,0.25408657248368066,0.24936082871501147,0.29190616158176935,0.26480987456194366,0.2500767338834359,0.24272502074860577,0.316015560766004,0.2521752594107185,0.333082676147064,0.25039454604380545,0.305369393707867,0.23032621774812614,0.23196417497986524,0.27227811183244155,0.21883252127933722,0.2624478786494973,0.2522887193315994,0.22268387239148524,0.2962984951245852,0.36920717192287195,0.2581405035683262,0.2681882534602815,0.21975010557313635,0.3251694204520332,0.2817848273638554,0.2654414383488589,0.38388655992181747,0.26627509912845865,0.2459569953137261,0.26616996253101377,0.27762531995500295,0.26344133554490384,0.2818968894222375,0.2760392862097445,0.2627067796358034,0.2131771099360473,0.2508095217253519,0.2649428510093712,0.3009367973548472,0.2678679408631839,0.23233676805555836,0.28135218056207273,0.24775710321776506,0.26181697226069184,0.2978916448701145,0.3061081645484458,0.2752494776595371,0.2592791054864014,0.25921880272701536,0.24628244442017858,0.25157896567427257,0.2503664836037006,0.26632050064156715,0.2890559324513319,0.2544274017330257,0.29233771422948207,0.2529617656329,0.24856151067408352,0.30461467034781264,0.3414662788334609,0.3102913971916254,0.294266423608938,0.24480059937019372,0.2948446916960272,0.26828802760827,0.2148879090040502,0.2172337495814797,0.293412700538089,0.21872996447029008,0.2554516915621367,0.38050937067922674,0.30039357756944,0.2592587406571668,0.3167825960966402,0.34773010783829283,0.297642836750809,0.31900289374095336,0.2688861265516894,0.35878516250678877,0.30889523122017953,0.3388197515675577,0.29751443350053713,0.27147042540572697,0.35451083218002655,0.2876653035097559,0.2810600266637059,0.2595316807540162,0.31300972988686115,0.24272910320407834,0.32366870717613067,0.22955276503129013,0.2687940115675711,0.2474639130922632,0.36130062721345796,0.24793329493860297,0.22319839871422706,0.2601426233063782,0.24908017908738073,0.2272253976326754,0.22074809997434466,0.3574901503089298,0.28434787512669124,0.33132947621568853,0.2809854393122266,0.2602898135327197,0.2745640531785169,0.2502624707076372,0.19430068506747064,0.275756540463053,0.3022834119494004,0.2841135696940858,0.2710081913610838,0.2891023409222706,0.42559071763719586,0.2456210025541771,0.24315671574708694,0.2396075540588131,0.22714367325103554,0.302680568555802,0.33769112787357597,0.2698114259027763,0.28827726028998457,0.3819812387166168,0.27890808760671015,0.26748251590808536,0.25758410634346535,0.2717587524880108,0.28751568035480024,0.36011512481869845,0.27338685809097846,0.2711206083754182,0.31797437489589175,0.3536536290333565,0.2991167501028386,0.25641706360177513,0.36522670813639685,0.23513570266696593,0.2817314352486634,0.2091787719982289,0.38163957523621805,0.28876979824439475,0.27958197403035934,0.22385606147145867,0.2743397154194913,0.35143579231795474,0.2614555755961107,0.24841527335789967,0.31696605921185045,0.2532208175199395,0.2114471354090392,0.3647102144028144,0.3074609165043415,0.3436906223302888
0.27301643992177993,0.3264336942775137,0.32845396333864507,0.2803003144650003,0.22224495658341667,0.27640812378319235,0.2529316335799708,0.2990474271706804,0.2248858169640348,0.0,0.2552745276613506,0.2385478087148701,0.3168505484397791,0.2702951222064432,0.23369811471695487,0.28223484784747094,0.30142462764304095,0.30254442701486334,0.23928355046964683,0.2349278851898086,0.26183989317445544,0.2486666532321843,0.3197684226163338,0.21656866293374366,0.380043649606973,0.23496377520085238,0.26679172633835585,0.29124674388477834,0.31903558617529265,0.2329576531157127,0.2565538771752755,0.3040326623573169,0.23384900086631052,0.2517400701378115,0.25276290427448644,0.2631491427735332,0.30000373417200105,0.2653207320437939,0.19880307421684834,0.28871066886295066,0.2323996740572036,0.3005226802961486,0.24520653232532172,0.2350162889931878,0.27688095631793835,0.2693311516896022,0.2344849370851247,0.25103787891284723,0.31719799157319656,0.22670467013245207,0.26817226834871655,0.23651474019975047,0.2268336142358754,0.263302436689146,0.29456142962135945,0.32335000359543914,0.24290699420926384,0.24624215045871903,0.28405044046483796,0.26369509620060944,0.2948721980388657,0.2299199587557092,0.23433777608196038,0.21932287057587754,0.22247451101350108,0.24958265440440602,0.26609843487446005,0.2547297151908928,0.2811363843042249,0.3175701246250458,0.2458965533286872,0.2699229281803815,0.2376207830659883,0.30610732212091163,0.2790504549683692,0.2677647678213257,0.2523895537352173,0.2917220601482392,0.23428457960359467,0.23954548733459005,0.29828844410574595,0.2452298485274857,0.29185417129816665,0.28987128392091777,0.2849926034003932,0.2739946312903077,0.2782179853483091,0.25776223610522275,0.32181761743127624,0.24010258744633484,0.2565382867773727,0.2508403658444075,0.27950852578054186,0.224683375197786,0.29579426942044346,0.28106698275870146,0.19040460082856772,0.2887432945299142,0.2200161353193312,0.3008130689810923,0.2426312067593278,0.2693651611952338,0.2436907440518982,0.3015227709683722,0.2540077901802876,0.2695154196316929,0.2784386592529503,0.36754317549234045,0.2864645082143374,0.28687635077722706,0.24204064204819262,0.2497356224721935,0.3089327673314578,0.28566128898422655,0.2532548924051528,0.27790676956039523,0.29239266223289173,0.28124245579760837,0.2900414873190796,0.276444646545848,0.21493186316281715,0.26504049849485,0.24567525236640209,0.2861346253535133,0.2194177120865215,0.3058404406315702,0.2494503194744977,0.2338487340464488,0.33343390941423917,0.27346572050096674,0.3260605661134753,0.2563693469887339,0.2472092205588055,0.20921058839823908,0.22582609080073898,0.2090315737299691,0.2280597358316864,0.2586220166692759,0.2835156218284897,0.2635113727579363,0.2559466759710784,0.2882875131427835,0.2951581454446269,0.25023243419027935,0.27647348125294474,0.23644118685899707,0.21084173181688903,0.31712575812436533,0.3956007430838089,0.2161014863521461,0.22541963363683118,0.2923354602090284,0.22132499246787948,0.28569948693418434,0.29338011424687904,0.2763191021124262,0.24084386614777664,0.3213251340655752,0.24887345424654883,0.303562226777801,0.36926774872719803,0.2830797282162763,0.27915738216469027,0.2298615499102983
0.318393076281677,0.3190308029753369,0.32137851430277853,0.2915308471785391,0.27982312751762267,0.2958658663455547,0.2907796950158708,0.28556557640771746,0.2615849808026784,0.2552745276613506,0.0,0.38446085199601837,0.3114327020759195,0.23320379311778516,0.29361921348731485,0.3547171117245405,0.3186311383524496,0.2975042202268549,0.29437114284979565,0.2762833334389932,0.3479661287076233,0.3752053556845434,0.2847368528337455,0.3179719830163918,0.3337216754091335,0.28374090024558973,0.2709226173211178,0.28143796719693936,0.28235178609379963,0.29846163707467216,0.2779111504741983,0.2893699581874607,0.29834109080909005,0.25282806930439927,0.25597967463582993,0.31737965575448757,0.3663675678459902,0.3060487380631476,0.3138408662272742,0.30955658568839706,0.2959799415817146,0.3153587823628306,0.28487743517772507,0.33035201489446137,0.2983357620505083,0.27992493700839244,0.22044836150392097,0.37763753782773957,0.3193889386993834,0.2681009598802942,0.35092868984476977,0.2664354932530745,0.2349127745605046,0.35372796398116735,0.37392852965999734,0.24050342912396502,0.3259612879936277,0.39753099905245487,0.2651456256471856,0.2808648281652181,0.2768128305691703,0.20254273975369286,0.3223130731562065,0.2237532965187021,0.2155322188222605,0.2473120961880346,0.2782343070223832,0.2729167100165609,0.2643737400373463,0.302444480525222,0.31360410128683747,0.22558994730860676,0.25270675029812095,0.33110120469699167,0.2896401839799496,0.23046394818625418,0.32179930953441366,0.3004849303241682,0.24936694928523714,0.20666669206774044,0.26067473089861076,0.2689532575240243,0.3086990274513275,0.24866058862802384,0.2721909146581904,0.302978919212633,0.2886426616985396,0.2359605040388035,0.23701378480690577,0.275706912358161,0.37825121488305874,0.23996887535411665,0.36030232992434674,0.2684920964677368,0.2803490871604194,0.3060155880174964,0.21958329125240655,0.23642128707198468,0.20322222780727206,0.238394594149785,0.25220953903196375,0.2759441644519927,0.2391039310670634,0.2448906407643356,0.2834242803581765,0.26544957514608636,0.2530317428976158,0.28419472360772496,0.2775008303650062,0.37426359531556763,0.36095543184426543,0.2827614221151603,0.2602356075673977,0.25073920169340225,0.28059618225239613,0.30090819485133585,0.24574732867062693,0.277317695033508,0.2732999999782539,0.22631356072562017,0.2899290830126678,0.2270856117351556,0.25917625405670613,0.362133870721341,0.22064255338322467,0.33554364101004625,0.1977479921217641,0.3345032291024478,0.27927483873655345,0.2525545311735366,0.23129407219764964,0.3021601829615843,0.24320522096480635,0.2643430239883531,0.3184685566506374,0.23035560180442963,0.26145250436462597,0.25671528369105656,0.3100760456475684,0.3078068259455274,0.2609811722331879,0.27600415885646057,0.26242133332621564,0.2955224048712322,0.36924224218393503,0.23151263346896508,0.31048748777537266,0.2526928723858686,0.2870065209126228,0.20781070251190262,0.3225380701090496,0.2495901672311607,0.343265720695957,0.27650330492489816,0.31139834194600885,0.3282889455697706,0.3304435877033399,0.3151535613085695,0.24660297677568546,0.25062904825991633,0.2200733699781629,0.2596128541937969,0.2141875750396968,0.3956099766189543
0.27205414501318376,0.33572533053769127,0.2798118053684456,0.28353854960699726,0.22301723910232468,0.32655294783244904,0.2761235757558584,0.28476672683374943,0.25408657248368066,0.2385478087148701,0.38446085199601837,0.0,0.25010812753207773,0.19552618287673362,0.2577005907207439,0.2882133411869342,0.2894400416865476,0.23466093028985976,0.36258524255124513,0.2721152447924158,0.3516184020200344,0.29901248171338046,0.24958272061530629,0.290520223370133,0.32594735148793996,0.24712528428199168,0.230219333683207,0.24653701823736976,0.2772186491612691,0.2872055510765447,0.28572649122839433,0.27342186204300706,0.30465729275050646,0.27147784804586456,0.23318062129091127,0.2919339864991632,0.3034822911767587,0.2903958072826252,0.34982933650604653,0.2749631283877535,0.34299876615621355,0.2722829489625658,0.26090011562994647,0.31833005996839553,0.2735893598268079,0.26836387541555246,0.23113203983333142,0.3064459477125427,0.2719050614224755,0.2705383218965348,0.3388118864569548,0.30187796587709265,0.23360365091748525,0.35935320334201293,0.34809135131697966,0.24112234429689927,0.33340942525448775,0.38679080827209156,0.22264681768742603,0.27280627393670787,0.2513807967806792,0.19995301951534614,0.3006721340643158,0.2081639493015646,0.21569965863234686,0.24860232985148467,0.23902672982675147,0.2289748493320327,0.2109093138301019,0.25451325049956786,0.2683695503427733,0.2065489853349147,0.2316289385946924,0.28530022506454494,0.2844179858216093,0.22477950745379113,0.26350700187849846,0.2719804219378088,0.25716532581117396,0.20779388053805822,0.25807727696226057,0.26869937297309493,0.2952952941096543,0.22892250672329714,0.2768670889567884,0.3149365115136062,0.25341700728763217,0.22208656504103336,0.24160880706049917,0.28558717407278644,0.3031957222884076,0.26179059164567386,0.30604588989586423,0.28416082827243494,0.2506189976411599,0.3451725875584889,0.2280817069709531,0.26997856094354017,0.19376182895859653,0.23045414961825114,0.22689085970243547,0.25003985805192924,0.25417963638558716,0.29844500730018597,0.256505829218231,0.25729139217767677,0.2731070473828241,0.25724351883695334,0.2630843168072436,0.35520973029418224,0.41773857451678187,0.2822426494129372,0.24419869080333317,0.24754198219086546,0.2619027374810589,0.28607025073422926,0.25463935165063184,0.2685008590742155,0.29346030119111866,0.20784541232614495,0.245008108620841,0.23816201961680272,0.25775245365834554,0.3212310770406392,0.20920159982249115,0.3846805396200345,0.20433923043724905,0.29337655088510245,0.30120996369309716,0.22705259219314178,0.23066638844395224,0.2786414819109614,0.22092663468482457,0.28579973423887195,0.29163225675198506,0.20798983740502447,0.2732151012060226,0.24006778462802034,0.25810268109303464,0.3057855132237258,0.23573255187700365,0.2508075179796133,0.2763110424997132,0.28482702304334634,0.32989769658015006,0.2503470079687818,0.35361523052391186,0.24619024020864638,0.3048446024181091,0.21023532548403104,0.3017598017225019,0.26845273409590364,0.28490662688595725,0.2506144262050479,0.380130259127492,0.2691912727008895,0.2967900166673936,0.30031853081571147,0.22657175881613387,0.23808542234038085,0.1937864837385423,0.25771731912273527,0.21980200099225908,0.32277315953980296
