0,1,2,3,4,5,6,7,8,9,10,11,12,13,14,15,16,17,18,19,20,21,22,23,24,25,26,27,28,29,30,31,32,33,34,35,36,37,38,39,40,41,42,43,44,45,46,47,48,49,50,51,52,53,54,55,56,57,58,59,60,61,62,63,64,65,66,67,68,69,70,71,72,73,74,75,76,77,78,79,80,81,82,83,84,85,86,87,88,89,90,91,92,93,94,95,96,97,98,99,100,101,102,103,104,105,106,107,108,109,110,111,112,113,114,115,116,117,118,119,120,121,122,123,124,125,126,127,128,129,130,131,132,133,134,135,136,137,138,139,140,141,142,143,144,145,146,147,148,149,150,151,152,153,154,155,156,157,158,159,160,161,162,163
0.0,0.35211438267347134,0.3177250115554982,0.2661234591131643,0.2862335119234617,0.34047758601040845,0.2762334897687791,0.33303553685465986,0.37310584767340893,0.3444643249448963,0.33428677861220474,0.28111834244348405,0.4518857596802629,0.31673296467137757,0.3556893443035218,0.35312960842202545,0.37627391214946265,0.4583608489128183,0.3139929800035411,0.4493832277148187,0.346871741885742,0.3386725932540254,0.2946728763391367,0.30230241726355944,0.40699416614459655,0.274036823635822,0.258663968140719,0.3583930162141986,0.2786676498324864,0.2893592089817174,0.36406797723858336,0.4072741911880919,0.2840274974072324,0.32335905915192686,0.41407604498922373,0.32422220152452935,0.3804245198309067,0.360503591088582,0.2689054162545946,0.35260998862613324,0.29231030679239456,0.3372147847811851,0.363682700369637,0.33946276890329236,0.35145772192972186,0.39077406808044807,0.2935402876813552,0.3208797482021804,0.3720785580707587,0.38850370486729546,0.3905722502424442,0.3456858807405304,0.2832238605584913,0.2892128534102668,0.3193137024111989,0.35731761076011215,0.4433149482357962,0.30646408022094046,0.3393927338331497,0.3764216683873695,0.3212154226885702,0.300839118444897,0.3369743132386479,0.26619419723725557,0.32630014005051583,0.34697469985331975,0.33145443620931464,0.35360178550886256,0.3054425185131936,0.3632285494827797,0.4418541096523936,0.33074358888044975,0.3518460675840076,0.3670960428994247,0.38384332495670304,0.3388812713047739,0.2690880889851884,0.2756308240449471,0.35370086742872314,0.2772735542999407,0.3451616251961213,0.3659186792098881,0.3563092307979043,0.36173529594235304,0.3634514556396738,0.41412979955611795,0.3217327380777914,0.35928794789469204,0.38946975592243926,0.31956290310749125,0.3643888132661959,0.3184383095984378,0.3973044974409961,0.36127650992745575,0.36455915560971347,0.29222807248816973,0.24544613533739662,0.3033765480885069,0.2700520323825501,0.40747633167276576,0.31231281088129487,0.28355189382537055,0.2690070031509917,0.26417338233816323,0.421875863368606,0.3742671891895407,0.3327491597727043,0.3622161631616286,0.3499794015160605,0.32240421395821456,0.2982241054819827,0.3551925210733986,0.3956191034431318,0.2899364342018238,0.38863787736315625,0.3754995638723798,0.37140952660418775,0.3336646911784695,0.2823022560356343,0.29319459333722664,0.31573386586654817,0.2633724709782868,0.35797842202032787,0.42077782895718335,0.3200072628079455,0.3139903074949027,0.2920827442103009,0.2718200653361999,0.32266100629711203,0.34107248891590725,0.3123711796194538,0.305673901639119,0.28382847112029425,0.32919924087321084,0.305457912599131,0.32021926636490955,0.3499422855351781,0.34468122358981357,0.3230132965030371,0.36400617329892204,0.26453008833508723,0.32825115912087843,0.3772313159927849,0.30549167948207184,0.33874217709370635,0.32085202137773644,0.32819130395880947,0.2998720917314098,0.39396781949536613,0.23046177726498768,0.3869659361188627,0.3158994754750376,0.3045020308144271,0.25527096446232195,0.34446360420609756,0.3798476209209301,0.3140630622378785,0.3365227924601377,0.29204150318221495,0.3687640571459848,0.28188342578836256,0.3779001970899321,0.2551166159186813,0.4167984785154493
0.35211438267347134,0.0,0.3514251042311513,0.30218198787658007,0.2662126826724638,0.37501374149374844,0.2996556651929374,0.36896973955704276,0.30165896994793356,0.4359270410579757,0.3183602652756394,0.32255783959806433,0.3357583800487481,0.32764659624078385,0.36176000553847487,0.297057798694319,0.361547972651806,0.32195358701118354,0.3410540550067595,0.35187941823989194,0.3490005376824775,0.4013074192895148,0.308463966098403,0.3503336479323024,0.3688788549898504,0.2557981283349031,0.2420123566431583,0.3633947409770026,0.35983711829936593,0.24522554522225468,0.3510550591276898,0.32371833416876405,0.33633299393635696,0.3024786410155908,0.36134500145907467,0.3407467578469186,0.29504151497585496,0.31019430586797336,0.2998106579582402,0.3564744923416922,0.38082298177528856,0.3399055004070005,0.26210696537403233,0.29990211694542146,0.3683715589329272,0.3048180887773363,0.27140816683660285,0.28100977922784065,0.3360960499364068,0.3213903572879482,0.34721487886525587,0.3331394048401902,0.30796787980265405,0.3676485691214726,0.32653868851243795,0.35420990358015414,0.3502817499666324,0.28441775571045097,0.3528511154840693,0.3617695871184595,0.35403995110144576,0.23963249205034015,0.29057956961756215,0.2516180531834366,0.28996608237497806,0.28617773139938973,0.300845067530003,0.2828112476448055,0.26395946697900413,0.3260449674273816,0.3214948259259153,0.31568364566814916,0.2823121085689264,0.3702745402975446,0.3648612916124304,0.2691676674784329,0.25826874592037014,0.3049478921918612,0.29250160642854095,0.250958215909038,0.30747356827208083,0.3383058718045931,0.37619990879322013,0.30706191558858403,0.3137553577536462,0.4268765484187599,0.2639245418405745,0.26571329341184946,0.29545999483479196,0.31822027252654644,0.28009733490708977,0.3119328521831929,0.3475796643066129,0.3167068651513649,0.3469692757846206,0.32264035204020985,0.25314235509073807,0.32119218063573984,0.24582157627248283,0.3848381548031044,0.29558557889727877,0.24193692809286385,0.22672035824782938,0.28337921964704943,0.30889166587612743,0.30116647078817826,0.2968228915969973,0.4068571963027226,0.3296563566459616,0.38693595622138244,0.2984571404298584,0.27833361999253825,0.3314314536452652,0.2521559104486358,0.34207230386230625,0.44832447408204473,0.33967566318238945,0.2624525125048943,0.32322839417159294,0.2721196609888272,0.29256453047582653,0.25021399308313963,0.32838743351665106,0.38304618152542036,0.2895624250885943,0.36462353169560097,0.29542025839511193,0.2893303628854963,0.40181978802269724,0.29384624700086104,0.3193249005240538,0.3002136476359165,0.24642917610082057,0.3483103270546413,0.31460301545291997,0.27737743035898277,0.29891653707794125,0.3436757425956938,0.315849207197543,0.2953306288415989,0.26946286209526804,0.30393577251462967,0.4090182528854644,0.29041726655512573,0.3097354905382345,0.2739082324369591,0.3462947594506483,0.3000995568213609,0.3988360756586162,0.23795196708016045,0.3101040182266757,0.3221630538243192,0.2850397537398489,0.29845092119475547,0.32978197635002016,0.3245835856781819,0.31462130187632953,0.35160105188937235,0.28847454945606493,0.28161533635454994,0.2995990923363923,0.35424818265226815,0.25191150255007155,0.33370378039807497
0.3177250115554982,0.3514251042311513,0.0,0.27274547704122726,0.29172537481058103,0.33774495220366246,0.25573595537227006,0.3325947212743158,0.29421751376401706,0.3485806150652082,0.34428644835240835,0.30066681547232116,0.3532826228466508,0.28163803489715583,0.31374737033056094,0.400292423226376,0.40161371391584993,0.313418782445284,0.2658208792091909,0.29139075584014296,0.383440267287602,0.4812031319084256,0.25160133516822286,0.31772343122223945,0.2971873177778301,0.302388551336859,0.24509684005501892,0.32246960621008564,0.27755105067246033,0.275893739172905,0.280667790922738,0.32685109350223607,0.2714916053430468,0.2628109095019233,0.2759001152683102,0.3124108932433027,0.30817712683344806,0.31546742034186903,0.29425145202317876,0.3300782966235906,0.29778787448521177,0.3244906843643204,0.29079152445332423,0.2842502177014772,0.347590019450202,0.30113036575419583,0.2760408757903787,0.3126314582365876,0.29862444130404353,0.31939541144966394,0.34901058582117805,0.32887062358612523,0.2319924248145476,0.3375169517387901,0.3117447836767207,0.2765162973570859,0.3091528902940804,0.31964734393431943,0.2872086388475035,0.3088774488546456,0.3043154698093736,0.249153632069935,0.32236645616215903,0.24278891241500752,0.2550194363378883,0.27250960926653206,0.28666854840639466,0.33249932542989125,0.29717000881245176,0.3106324545124447,0.35576270867648807,0.251116883901952,0.2878474522672364,0.45110574383487523,0.35670832706353794,0.21435154583608343,0.30836819464945764,0.2943162849057158,0.2711566110701209,0.22955537407718543,0.28200069642315,0.32579778947282506,0.3434331204031245,0.29520034059111533,0.2899330961900139,0.3945087738412,0.2451219113263247,0.25085728382488653,0.273648865207851,0.26980232910642643,0.3141542310758752,0.24585769134532895,0.3243245347312102,0.2428535216429195,0.3153270645747375,0.2759428522044045,0.23448294620307997,0.2697233844753677,0.22483736942047167,0.320412361543391,0.24133765243455302,0.2608120645154251,0.21883898685620334,0.25627239649224526,0.3008902236797364,0.35773123569886417,0.30426112720714027,0.30318471914933054,0.29346215662090575,0.34626270083589983,0.2776589531695336,0.2678228286844535,0.2990576882460391,0.25088266140543725,0.2808564955347097,0.3884935347389302,0.24093024363746388,0.3008412880311669,0.3110159058357613,0.2555020749850173,0.30313096228892317,0.2353336528480972,0.27139595911306763,0.33701997322404365,0.229757673387813,0.3187709459668372,0.28368023832682815,0.3076789538898765,0.33498099793323066,0.28072687225638515,0.2845222104834313,0.41283220129470566,0.22548604705368352,0.2681153289627304,0.29647671889781335,0.23955529848426946,0.25470481517242455,0.28162356365040525,0.30524314560389465,0.28362316791565234,0.22158024251992084,0.2869575416168401,0.31852994483923663,0.3026020346545753,0.2870505276425211,0.2408114894922716,0.38566694208001934,0.2852868296578275,0.34707450187990824,0.22890238941156146,0.2612786267449768,0.22395627565177006,0.28409168376056443,0.3100851628403654,0.30058979215492876,0.29860296066421205,0.3136314666818773,0.3523306151812932,0.21429919988343785,0.2873168809649773,0.2635809348162222,0.2348426713949891,0.23231910756570495,0.32329871744742683
0.2661234591131643,0.30218198787658007,0.27274547704122726,0.0,0.24477930777187673,0.27952621539955486,0.3193680081770489,0.2824518307151085,0.24697088482699775,0.27337161364305645,0.3039916872889879,0.31724216792644755,0.26736864060319215,0.2588306353946317,0.33265931695178214,0.2569772326992912,0.2886459280207353,0.27115480616385806,0.29316831432538815,0.2560365046135482,0.3139231732107532,0.2949119812439862,0.2854585048901015,0.27625400549271795,0.2988517488524901,0.28383764020223423,0.2632834598319757,0.2934208128985036,0.2626636934041084,0.20680030734056373,0.2843345820459995,0.2544624921997489,0.42635670923205543,0.30382856740543446,0.29090263978901837,0.33216813744320345,0.2715340636118189,0.279317073671497,0.2976333470019135,0.3167086352032389,0.3208461491602631,0.2681383226732288,0.2458321677705575,0.3123901357362444,0.3064019242611175,0.2752534792880614,0.19465313766314973,0.26701205137378176,0.2875957874848185,0.27584296637961775,0.34022706351281157,0.3082124576739522,0.2413348833816641,0.38372052790129757,0.3288536382981054,0.2456302805615321,0.29963334178598533,0.3009595120213082,0.2749080370237699,0.3067520096922278,0.2995631590128043,0.2264689529174765,0.2746165142272948,0.22732574461202343,0.25798631970538705,0.26441504017865514,0.3282056193666892,0.22678513571302905,0.24548955948437529,0.2739947226921193,0.26485860386527993,0.2470220187548785,0.2802887020887172,0.36622512673412416,0.2887139407396158,0.21024957474587644,0.2961183413248946,0.2759525842122369,0.2622789531029224,0.19451629658429936,0.22823547821992662,0.3480673490950583,0.24435351758675808,0.25251477239916037,0.3174158833135142,0.2925566140057131,0.27093329109469294,0.26407020760573857,0.26157630742173194,0.2639361450414768,0.3051880891255987,0.3042868046137176,0.27061454859644823,0.24694739044666106,0.31436278136162626,0.28201431523441817,0.2203991210669235,0.29939827157319576,0.23331734871783688,0.31615630391654476,0.2605811001804519,0.2592482510349677,0.31494348443416287,0.283898691282764,0.28545807796876654,0.2587420730696424,0.2828758991077531,0.27671421033952676,0.2694305980468787,0.26860150472808203,0.33723105819289134,0.28782844415187464,0.3134492898223371,0.2710681587623823,0.28628663792561104,0.28963940846449593,0.256265774737267,0.2347323946423417,0.3233781365791118,0.2756144123805551,0.26321474463458583,0.2845636196076649,0.2662450360280822,0.2820186733826939,0.22787995864978128,0.2853996234173185,0.2782735016538648,0.27071735763577803,0.32402888774061206,0.27206887791076767,0.2221485866334167,0.26746673316295855,0.2487045469007918,0.3135529431205025,0.29145137431141127,0.2070098943891707,0.19847411719578553,0.30435536024888316,0.30404234468929386,0.2784009850613113,0.3147407814289456,0.25174392346481383,0.3422606788024121,0.29585494794697376,0.27187718854843773,0.2737009532243336,0.2929267561401951,0.23605721577059743,0.2528038625683322,0.20439424011508206,0.3185080188208151,0.2569287201261218,0.28718960128092924,0.2356980422750838,0.3313020832391722,0.28076008807098873,0.26651429616935496,0.2934160563627841,0.34245142895561914,0.2634365815988223,0.2375267990651441,0.25173135175155836,0.24759251589470233,0.2966692851209827
0.2862335119234617,0.2662126826724638,0.29172537481058103,0.24477930777187673,0.0,0.23515522432336042,0.32265190926701515,0.2440063179857217,0.2643372487334921,0.28637991070019203,0.3206288167058324,0.27165843719455723,0.25574302865772497,0.2632423208086003,0.28160848636830466,0.3100487948768827,0.3063399651975368,0.2917916034750379,0.22569070950691106,0.24009416719733778,0.3063977811465828,0.29423981582461783,0.3327241674248079,0.27585247526270884,0.28667001110764306,0.3000227494628367,0.2612684306373755,0.24888035683235232,0.25389591257082417,0.28325168560770936,0.2768296599819967,0.2517250611517078,0.2304112057026313,0.27142678823316424,0.3296106352449868,0.3148808415853427,0.28662810294603125,0.28432407547016736,0.2739658407450224,0.2850900717193631,0.26994183737477234,0.33775731654951896,0.2733076175828905,0.3163687331637579,0.25228561246891773,0.24810504595571906,0.2813014832132736,0.32400152836448876,0.32773745753169403,0.27202399368340907,0.29601106152515055,0.26147006086696123,0.22049572907051118,0.25236373641001053,0.2877178352104099,0.2677734350661181,0.24864750464684654,0.3323107764209737,0.25615504634485387,0.2542271274416257,0.2086549919831565,0.22782253932372942,0.24602257035393071,0.27559731529546705,0.23310643385689364,0.20443764152700478,0.254703198980998,0.2669269762245462,0.24634367014189407,0.28092527154879277,0.2744292804520693,0.25855536143662555,0.25536400941877513,0.27967531338604423,0.241306638453347,0.2120962944645543,0.26572722569126217,0.4191396215849211,0.24150667039062898,0.2300961852655315,0.25521211515397296,0.27957107308181467,0.309246068537407,0.22678796151986058,0.2791618248235016,0.2710020215248552,0.2502057095896158,0.24721565271188098,0.23791413134276354,0.2544090889077597,0.41733209848931135,0.2979285691290152,0.3334856055646019,0.20628485308276054,0.3001839391793456,0.25555447854424557,0.17830407708049983,0.2628793180678031,0.27075180925026043,0.24926249993654076,0.24495770838214978,0.23027606226398037,0.2630273354415402,0.23703165546715,0.25713604414630287,0.27852684295919106,0.23026918551919637,0.33027920358131807,0.29166753051145594,0.28217202949970027,0.28279756603818235,0.32269500002476315,0.25454052341176653,0.2828772098104181,0.25148042250648284,0.28919802148628837,0.24085667499868232,0.2730820016346295,0.2572718724192211,0.2952377182194571,0.3560089107607906,0.24253279728721097,0.25285945047791786,0.3220804079383293,0.25012216457565567,0.25052226296992025,0.24614986617378068,0.2793833469059743,0.2755730654563592,0.24700154862929238,0.25684848237228597,0.25335978936851805,0.21274702790799124,0.2821679972126247,0.24047945288069203,0.24149331987957093,0.2402609796359112,0.3214714790569829,0.2785219836224464,0.29129634236915686,0.19999712982229265,0.2917444692658878,0.2980286798871274,0.28800437187532246,0.31640354795673054,0.28918915323351374,0.30682880539135077,0.2593763607353265,0.2805183171580738,0.2375277446554963,0.2553725617796004,0.24270941423421824,0.2728703816355643,0.2820618594780704,0.3037716828955707,0.2690694386355248,0.22153760033729347,0.3258152419332797,0.23534043129519566,0.26399791487194907,0.22782517966935564,0.2550250297989911,0.2577206140514031,0.36359242000707975
0.34047758601040845,0.37501374149374844,0.33774495220366246,0.27952621539955486,0.23515522432336042,0.0,0.2538789633499478,0.3154350908556022,0.2860613890303753,0.29048852682436804,0.31552309796009065,0.35815678804262024,0.3443785232006723,0.23353697306537372,0.32861421732513185,0.3129148312344939,0.3241707112256063,0.2529617236653016,0.3437253973938039,0.321742538258866,0.34617898007950965,0.335147110231242,0.2165406689767943,0.27402880448714767,0.33363342165078974,0.2426571170135222,0.2036537045158194,0.28729542404052355,0.2734847578733613,0.25308232493264027,0.3192137328819628,0.35959887919701483,0.3267314834543942,0.26895445249782196,0.2896145323054383,0.28332261397873715,0.2973091213789289,0.2699238709219848,0.2738953232068072,0.25950806035290314,0.321001772063552,0.3074101182525287,0.28510794192139943,0.34244318028693016,0.2832396633323364,0.26995577891383976,0.24853772638826133,0.29885672895683735,0.24424075446671334,0.3098832293804089,0.33993478067910293,0.3927770827607841,0.24003468914613738,0.34398953894401113,0.28397019194538087,0.3079629721860827,0.3227218709071686,0.3627970733275293,0.2461398984132207,0.2810398220580748,0.33316095312775945,0.26362503631206124,0.35889519552949894,0.20343446147282265,0.2617996641828594,0.28029600978518426,0.26151223704900556,0.3051768268285098,0.2332190749003465,0.2908863038170822,0.3328631162566937,0.23130622577905885,0.2795603311434586,0.3290419101046035,0.3640319169149273,0.23858748038225927,0.2546726488479189,0.247250306724156,0.2646394961996496,0.2702042415459363,0.33825081658037703,0.3176561787841897,0.31540130743110356,0.3013145235292705,0.2877903335093502,0.3232320406079051,0.2882103096440807,0.25057891828272444,0.2824456502332482,0.2644291771133689,0.29289402582685986,0.30537120825130126,0.30604331847291116,0.2742495538606609,0.2656242375436586,0.32675998972934955,0.2586054501510167,0.31515043232485634,0.21512447636340418,0.3043314414612415,0.23861830660371117,0.23950754134455374,0.24266380493916384,0.25836751385692985,0.31396998251632996,0.32438586785088125,0.3123527184024679,0.2971342078453806,0.25920141603882924,0.3259349166137825,0.31890150061438294,0.24629194335864021,0.35525276364422104,0.24197627557173582,0.283755876021338,0.3416678710960585,0.30306612014790857,0.24197554557035675,0.357469688639862,0.24622175812585745,0.2534991975845852,0.2579646905260943,0.30064656900533354,0.3433533775269609,0.265393527588359,0.3454568036006408,0.2749845819590812,0.25580430605873583,0.3219729345770999,0.2402613579315726,0.2797749839916536,0.37424069946812133,0.2354616287414104,0.3019654733635954,0.2951676081965854,0.2513323428747164,0.28273586885976404,0.25161699583317587,0.2434522213272819,0.2706605215778891,0.2660240401669573,0.285278528613658,0.29191601113450444,0.2713655673439825,0.2790102986415258,0.2578408750817624,0.3522724178389708,0.2753767227232139,0.3106324899072581,0.21701261352138052,0.29846491044229295,0.27381452446747967,0.2354224046872326,0.2372788878000906,0.35138633878966136,0.29181558132455426,0.28764191595396643,0.35870315559835103,0.2458435113739811,0.2793134285305824,0.23101639997059478,0.307587929778906,0.22337268511152172,0.30601657691043715
0.2762334897687791,0.2996556651929374,0.25573595537227006,0.3193680081770489,0.32265190926701515,0.2538789633499478,0.0,0.24267519613646113,0.24381649695749738,0.307377356312922,0.2998543045097301,0.33705096400526163,0.2795301944812475,0.2771713363609411,0.3509329315254104,0.2639204582838723,0.27614176838099297,0.2793067915064758,0.26864881156611775,0.2284911739414717,0.283806114948031,0.28834337244794694,0.41169608703981314,0.3135677555136504,0.3245055804713388,0.3033256780369789,0.26602472548808354,0.26328877907520465,0.3082169634059949,0.25692025123268275,0.29713615230687485,0.27841648693655285,0.30055261747488604,0.32563505532071063,0.30266075059608644,0.29221814487218006,0.31605820433123577,0.25665579602774374,0.28238481063328413,0.34897362622041717,0.3233967864598703,0.30448680627381813,0.2726688908441151,0.34515844533602796,0.29740651820253444,0.27136470590994877,0.27288921941659366,0.2853732349456032,0.4125138977088241,0.24678318250052766,0.32196223302744176,0.27350921418711394,0.21675075117306686,0.3118140026301633,0.35052705237272214,0.2916321363051354,0.25503767833105284,0.2970944012257074,0.3004801599591829,0.26348197825766706,0.21982852156828322,0.22639310671441465,0.23033379024597053,0.26509766186062805,0.2312674047118718,0.21021182570663238,0.3008121649229905,0.2773942076747534,0.23998591081213774,0.2571714399578836,0.2785173831255351,0.2578655283033561,0.24521445110100984,0.3098628066127239,0.2172858421060759,0.24143258991577718,0.3175690431161041,0.36158759541509394,0.24501056002446928,0.2293022860830314,0.2567379343855084,0.27829407328916533,0.2952996827865951,0.21919338000793717,0.2713880880634551,0.2749274766499316,0.24474373391037113,0.262710736819638,0.261479971851744,0.2654674824564702,0.34579338585265235,0.37195779162082593,0.31476801662887705,0.23148480328805213,0.29243780129287084,0.31927073355719,0.1823698947536906,0.33469431784332654,0.26172611210592445,0.3001576785575773,0.27213144231575404,0.25210240967721703,0.3101924327340732,0.27666130685274537,0.24143747646753305,0.27685523097789594,0.2315344361077912,0.3169662912234564,0.32890269222698315,0.3063425699430877,0.37120836166578947,0.285169562766843,0.2644621446122525,0.242880495383313,0.2620051470182856,0.2942281753221247,0.26446325496281564,0.28957904983476923,0.2967796517529845,0.2684000045886261,0.29222228292624247,0.248433149437514,0.2569235879738199,0.34544469244817394,0.24295966849776057,0.325343234427581,0.24168095920041244,0.31032431331871796,0.2952442011249745,0.26842124322571026,0.23720111837625393,0.22153187222790577,0.22222866742469577,0.25598784558741666,0.23590170097543028,0.24346433322514088,0.249829650909061,0.34713956556686426,0.29319646149599843,0.293345444317567,0.2499122447399966,0.2708812760149083,0.3079206149999186,0.2569243188903103,0.3065749354949515,0.33675472326232553,0.28639499840987487,0.27998746250653056,0.2762691779040727,0.21199641900572522,0.27520091414777764,0.27587882450387297,0.25379948555014253,0.32087151357872085,0.36985745106014084,0.2846689936979644,0.2660336090117044,0.3519192162098358,0.31292532144983215,0.3045138716212235,0.25681034728302865,0.26662433665802704,0.26467297517515964,0.3119102397789265
0.33303553685465986,0.36896973955704276,0.3325947212743158,0.2824518307151085,0.2440063179857217,0.3154350908556022,0.24267519613646113,0.0,0.35082329248802036,0.343241042925479,0.29494784047127065,0.2993517015402893,0.3363560884355414,0.2796571917372922,0.3254760502612297,0.33075881811874647,0.33804453774146437,0.30440501435720096,0.2956909606390844,0.32407013459165285,0.3358732310601546,0.31075693333659254,0.26308537883477934,0.26444001849519244,0.336915681162489,0.2643147345301129,0.26590436417555674,0.3372953716791261,0.24924378486283105,0.2608066859381457,0.4082085870863613,0.3252851168780979,0.29860265459992763,0.29795854733886956,0.3220434186409331,0.3541089559986144,0.32374883809814314,0.35928006471724566,0.31092325979452334,0.30641819123197267,0.2964283038233098,0.2975165768630703,0.31125729081477826,0.2750279914825471,0.4276993908917298,0.31324965902897745,0.2487027657029378,0.278534107650547,0.3011573528965909,0.3131478584229188,0.3356945423170186,0.2813769208600167,0.25513874524596325,0.29607987930378177,0.31610305726193344,0.3067277591296664,0.31825622588056435,0.34456047359158515,0.31284024867806487,0.31478612973838005,0.41172776422702695,0.25624154429622087,0.3139960919885639,0.25373377640479233,0.2613483714561031,0.27676400227013725,0.3091361205279725,0.28671516943089187,0.300098646009305,0.46899489202209216,0.3325366057743912,0.289082762717113,0.2884837284822785,0.36917116793458704,0.38395457408312506,0.24702246659971636,0.30632896992299385,0.26088232095083436,0.3596687988547369,0.2205420964098739,0.27756707266182745,0.34360876223979847,0.3362841858917213,0.34831060057384033,0.3420699027937757,0.45231021192202464,0.3855326753379251,0.30001255022873924,0.34788177102294626,0.31304180121810343,0.2874403051858851,0.2979119604735281,0.3186128868064337,0.25917892312737695,0.3453167099026234,0.2918411589862112,0.28361459416663304,0.3107244834071346,0.24150680540244185,0.3659794698782201,0.27547118518720815,0.3437552832800338,0.25216099406628845,0.28553086732664473,0.37250429301602705,0.3393127431341783,0.31528586617411364,0.3533949468159424,0.28525955436124745,0.2919749180607369,0.2538498427897254,0.2951133885139861,0.3432840221484985,0.2984676905278935,0.32020962619779564,0.34934894862455496,0.30452006349425736,0.26694148598600953,0.2614141037155179,0.2777033504468258,0.27714616043460033,0.3630853374138009,0.2827896413655085,0.33086667948688203,0.26591608072287315,0.3012152885335151,0.2841030169499146,0.33718521742186414,0.34431277404377564,0.2822450981633432,0.33834656813766234,0.32117887366703707,0.29680532287121664,0.29440353538643976,0.30985096817687785,0.23742004852252413,0.26948185074956016,0.2942564686888814,0.32047685471247106,0.3390776038827899,0.2552879284299675,0.27731804801514864,0.35919888978009934,0.31082097220424637,0.30315160394908264,0.2803638551891971,0.36285048504643846,0.2847077944564675,0.370357430680808,0.23176978618743235,0.36083060449551363,0.28581494371307953,0.271610278217077,0.26586434133587067,0.35258402995944543,0.3734693773500092,0.2771792778993891,0.33500857083755786,0.23973678099649984,0.2858744177990041,0.2603537650272619,0.3003300442936221,0.2649042226572587,0.3039119152963626
0.37310584767340893,0.30165896994793356,0.29421751376401706,0.24697088482699775,0.2643372487334921,0.2860613890303753,0.24381649695749738,0.35082329248802036,0.0,0.291196651592348,0.273325568520143,0.2761717004220245,0.3007521499786633,0.3333359519802347,0.28226095118889105,0.32723665803934715,0.3099429352191822,0.344873849703859,0.2710463641960325,0.3371391523162859,0.30411793878646587,0.3454793939281192,0.2547053357229831,0.24699404856209897,0.32842501230451804,0.25349832167065617,0.29091191486952656,0.304787760094074,0.24068439093726438,0.3471304979485821,0.39295184232870867,0.340518884883096,0.25087620175123065,0.2730046647406428,0.3573958826874773,0.3054224477714782,0.2908628533905564,0.41849330848120203,0.27661286652770006,0.2803873831857337,0.25339204790397074,0.35781555334954157,0.29111432258600806,0.2820163125617306,0.34389714119624826,0.288760018722646,0.25193513273112755,0.2579529428959882,0.2973841618655108,0.3103756211411106,0.2914435104956067,0.2613318329905849,0.2573020537596665,0.2617157427178908,0.27798318530795757,0.3739641658899191,0.32073975659652143,0.3137191104591436,0.2935906207044029,0.2813759506375069,0.27117082661589614,0.2938083856575469,0.27225609268337747,0.28803581142572876,0.29200310497135296,0.2754593113435543,0.3195253970754755,0.29583617780162047,0.29700249040291055,0.35418632543231104,0.36000827571798555,0.31140209255036516,0.35437537452216394,0.3061389884090061,0.3598682920077308,0.272149819272151,0.2511008927338081,0.24275256512010934,0.31594476483530953,0.2479173335416065,0.2841397949640283,0.3921658065691785,0.3437080898914592,0.29980945516053525,0.37668400416651737,0.41149104810717785,0.3202912231807014,0.3376693781398104,0.3255525698055574,0.38256153785678343,0.330313077242162,0.34907858363833205,0.2977156867757105,0.2660240199193047,0.38484413089323694,0.29626235265909506,0.2763918503094188,0.32088408100233096,0.3300625023803936,0.3029438732838847,0.3119316900606377,0.26868867215879355,0.2850505450340071,0.26290394240869747,0.39067116455735046,0.31349923078197073,0.26387321008989995,0.3393651424520828,0.269585331642156,0.26185884798616993,0.23995576832116577,0.3676166226571054,0.33708796169797384,0.3763017898069853,0.2975881860817892,0.32282625336381254,0.3052752717691279,0.29412138015823525,0.23234128509694418,0.32621935944313396,0.31575684058468506,0.2935159410990504,0.31292060975830016,0.313350843435535,0.4014265617463198,0.2619845878304522,0.318112166374028,0.27962164897279007,0.2856640561092904,0.2915074013331894,0.467091096967178,0.33748880696380773,0.2940517246004033,0.3570796527983766,0.2901902021309308,0.26701130286566466,0.2818040704727081,0.2897012444205156,0.32873603685968783,0.36731436054262645,0.24193142715444105,0.33298267081446725,0.34585335322657174,0.36411672770470643,0.31526630200956385,0.3082009386956206,0.3850441213254731,0.2644712395862029,0.35584001838377377,0.26928005383181036,0.3581795457213595,0.2755663534947187,0.2832024371325914,0.2727218691051517,0.32042336599099486,0.37162400378815175,0.26941079901568077,0.3119057025922211,0.2637867349819817,0.31010127866130816,0.2374626638186535,0.34767124154490026,0.3330901022060793,0.33156059182049896
0.3444643249448963,0.4359270410579757,0.3485806150652082,0.27337161364305645,0.28637991070019203,0.29048852682436804,0.307377356312922,0.343241042925479,0.291196651592348,0.0,0.2858544004529237,0.27417051075129983,0.3364618313522234,0.33974326578586234,0.32062222986171407,0.31534333063039127,0.339199576397849,0.36934726937692897,0.28095474589443065,0.29290482420719016,0.3003986845727566,0.3077444165126228,0.3652935786738362,0.27816197396891046,0.4373998923983944,0.27525339461920617,0.27738618330909137,0.33108903200246126,0.3866420095417902,0.2690792977180738,0.36135216863673847,0.3353367806719146,0.2639971875120091,0.2973447971954734,0.35933739623905486,0.31680543608608314,0.34315851432615524,0.325311760762386,0.24689488952602132,0.33572641249873947,0.2837798574911662,0.3145104375390867,0.29687490323701565,0.2852958490057388,0.34360269239731467,0.2980277857849831,0.2882437512272119,0.2930546265993986,0.40629951892947846,0.2710871938201992,0.3155274247222076,0.27730786509660055,0.24802156434603925,0.29947865730178796,0.3399386037970181,0.35258616799062736,0.2891573417218884,0.27024949172019347,0.3510655051306097,0.3049697111638881,0.2986206456323153,0.250777979959133,0.2560712650562747,0.26500872684716437,0.2585368582998651,0.2528514986683206,0.28401755353945596,0.31304907162038365,0.31785674840709316,0.37343866766733563,0.2958857809109879,0.3591236504367575,0.2596091486175141,0.3419261958436384,0.2994141599607123,0.2953141267187352,0.2595457798496904,0.3440214368083192,0.2854426789526691,0.26254117706422064,0.30178966710333854,0.2995137148090479,0.38732115039175086,0.325337448538641,0.30649774755651027,0.3686951600997101,0.2833952597405939,0.3137303244507244,0.3527671251994421,0.2769118775859889,0.29939977833467984,0.3057199386629464,0.3432449708420389,0.25099164092504705,0.3372373074235705,0.3342016734564478,0.20885315523261394,0.3234627012192345,0.2707562588297437,0.3632817282022427,0.3114729224802833,0.2590113016718842,0.26144909540618094,0.3404239490460428,0.29644324466538635,0.30717309043299856,0.270164874945141,0.4311971287433952,0.3224976691471398,0.31819677833988885,0.2642435716759055,0.2834295392427165,0.32180836373408633,0.29054632642794354,0.31250918792316723,0.35568457540440596,0.3316833591909245,0.3384863069609579,0.28915546203557907,0.3171654225024786,0.27956890926189787,0.27754898823512814,0.2774247594078237,0.36453020588350454,0.2766169508685447,0.3708641514786999,0.2700103281415389,0.2753077491604288,0.3854007231263698,0.31835257715163634,0.3635133096182512,0.2635559660926295,0.2685869715982413,0.26704277140457305,0.2600387628584772,0.2558682278107148,0.30492212980093064,0.36155931464682584,0.33637187723693124,0.3151451026464001,0.2738625801842607,0.321489770026136,0.355843006578342,0.26692348519012726,0.32095100304673496,0.3172686774817123,0.27618980190522446,0.3364685924181453,0.4949166933946932,0.23376335208396573,0.2814552614052574,0.34229382007631826,0.251200054147901,0.3045948329610102,0.33070495982267467,0.321338738078347,0.2594021798143202,0.36598854569684225,0.2941566704209361,0.33208085440133356,0.3518043764332675,0.3669918999910046,0.28656976302930653,0.2940959833258914
0.33428677861220474,0.3183602652756394,0.34428644835240835,0.3039916872889879,0.3206288167058324,0.31552309796009065,0.2998543045097301,0.29494784047127065,0.273325568520143,0.2858544004529237,0.0,0.3556307674463564,0.34913819196026646,0.26480425916771616,0.31535504522437485,0.38094523566112964,0.3534549790116031,0.2941823817562469,0.2783478838198716,0.28520458422559003,0.3397705463385614,0.3813097651909076,0.3009874943359458,0.32626469983597317,0.33915953815780564,0.34112609324957144,0.2843389148147737,0.3395597106221219,0.3055954598101025,0.271949916324065,0.30197746387961544,0.31100401218210216,0.27058325238760567,0.3117908111752945,0.31450495251194177,0.33862894364509577,0.3709462915961965,0.30460691974481763,0.3633592269895136,0.31665990548229683,0.28140444501589795,0.33678679143406437,0.2842071129395974,0.3458925193615418,0.31961685935069506,0.27391855076474736,0.2124817672707242,0.4109168202270892,0.33321200410304486,0.26994745364585954,0.3484453508450519,0.2748351017212996,0.2163749148205779,0.3420746265211909,0.4010353853444005,0.26001664402765445,0.3026293620515289,0.3900773224550432,0.27369637628759025,0.284205432946137,0.3118260173598978,0.21646695348843978,0.30122260341676094,0.24548260775327463,0.22035179114475875,0.24379311823537458,0.33869402252271097,0.28359959864332157,0.27350995405726425,0.3205018872075908,0.3166022148866267,0.24032220095477544,0.3056153212261843,0.36692848450144266,0.3124667170468189,0.2290042328987134,0.3723114833158395,0.32476794997873154,0.26307376113376635,0.23549331821772798,0.27186559642321284,0.2844909516748358,0.2974686715877726,0.29221033077268294,0.28736419484493936,0.3121382092572832,0.3084788914282099,0.24994978706867485,0.2564869517084812,0.2988773084131277,0.37222509684993077,0.24844829865861834,0.35070179355217357,0.25645150474736217,0.29500962151415555,0.2954812412844952,0.20872098297482525,0.2520521453900003,0.23004132756865756,0.2882718716900351,0.29217909104121204,0.27741026248116735,0.2461592158813488,0.22523748451077866,0.2814969670066826,0.27826435843164105,0.2615599941019909,0.32961610808972147,0.263717642038272,0.3509184391859253,0.362709424627969,0.29143660331744103,0.3201480000848971,0.28923472207895445,0.28990395818771064,0.3358557901881688,0.2583557272585756,0.29389019852159154,0.30848023198759916,0.274384336785002,0.31074602644930127,0.24443580121839772,0.2888569981138375,0.3560417130269769,0.25005882381128025,0.3385457833494111,0.2327133351749625,0.32482404898848705,0.3214341847490399,0.24980914946888239,0.24228616286271518,0.30936351443710924,0.28536263419768265,0.3190291491093245,0.34357329808093745,0.23825523437406884,0.26344352374171665,0.2900305008428522,0.309754436629989,0.2965040142008514,0.24618029810465686,0.29578519334089026,0.27572272354264904,0.29290624379763097,0.3671462880543329,0.2620977724387308,0.31908631487249595,0.26034177299627653,0.2849804869225103,0.2426565210674899,0.3688746324737023,0.24306944566410452,0.32973772364433723,0.25486975661642935,0.3148406604349113,0.32670952332366016,0.3135547304309297,0.340540528025886,0.2661349500196449,0.29152873156123676,0.22865596847648878,0.2756196509753222,0.22769548733040376,0.45698498146234756
0.28111834244348405,0.32255783959806433,0.30066681547232116,0.31724216792644755,0.27165843719455723,0.35815678804262024,0.33705096400526163,0.2993517015402893,0.2761717004220245,0.27417051075129983,0.3556307674463564,0.0,0.25401779978802885,0.20568542446810598,0.30912948367087806,0.29479586959103726,0.3031118098469966,0.23699926831296522,0.35699596008257706,0.26888636737702104,0.3582090002499638,0.3114172079549496,0.2782554570874316,0.3019806156005743,0.35100644972934486,0.2709778645421778,0.24909618601537048,0.2712817784040348,0.26619088919260053,0.28128881655779125,0.32984632913719386,0.29325489709219055,0.293972382954152,0.3469968272239314,0.26810232492428454,0.31753498579620215,0.2965023980617843,0.2739434302788596,0.3888695865224316,0.27882707082137403,0.31862750490075203,0.31709812357915884,0.2745368784761319,0.34063871800345535,0.28636055603869204,0.26756972069260154,0.240850801470203,0.302514900753304,0.2886395933166573,0.2767106707065719,0.3534064229032257,0.32024686409672076,0.217030136631989,0.35629595413008674,0.35958930179334697,0.2680041152560012,0.3131902879584799,0.40517829077536643,0.23362608735511842,0.272770023045809,0.2524188780590998,0.2176861994920528,0.2855756137542247,0.22772850340892725,0.233979426227034,0.2415466895127509,0.260279066453457,0.24067563829733946,0.21671528008019642,0.26650234010080376,0.27623928517665763,0.21713788283148822,0.25648375959592573,0.31459062294459356,0.2854333770986662,0.21725007631089913,0.295982230802786,0.3037153518665935,0.2538669146249981,0.21626991486314637,0.2517772963592396,0.3184338951483329,0.29516962733805735,0.22766327942063336,0.29331714713377105,0.30687053931929226,0.2575937149631034,0.24319898952433056,0.27011779356273186,0.29528880235555194,0.32358580641940426,0.3158832060291602,0.30493758336936333,0.25578322400002185,0.26526416801854064,0.347811971581193,0.2145042480756122,0.3183793992849524,0.2251917361281171,0.27254906344584884,0.23899509339918815,0.2656615250184007,0.2874407060322983,0.29230761368310143,0.263133514011407,0.2788735428207195,0.2815381411343132,0.2950403449955009,0.2509073564171071,0.33747231761436236,0.46435163951741043,0.2981294883777224,0.27577013740704126,0.2771083353753461,0.2578336218188067,0.3092536782203111,0.25956590556717557,0.2923055714296373,0.3204187159663792,0.25172771994036847,0.2632863415907946,0.2604345794294748,0.2621578964082396,0.3239818762731482,0.22028671018172521,0.34939538105668144,0.2463274629237101,0.3096830336527777,0.3270592049492569,0.22493952927787872,0.24715632069874086,0.2826129412056448,0.22354348489144735,0.3252282226104299,0.2914661599089709,0.21162301392973062,0.265552964220525,0.26535498909107486,0.26351388749325877,0.3099662069466851,0.22203514064171304,0.260398490330178,0.3038038856984661,0.293613372668848,0.31320760674930215,0.31754293971440983,0.40280198832142733,0.253584090078252,0.302351456259362,0.23449400115691693,0.3264581199196354,0.261398297937181,0.28600376307500136,0.2551640356794123,0.42459077027441433,0.2678483414702873,0.2677475609801511,0.3526398667821532,0.23492638923631254,0.27103550228562473,0.1998906026025286,0.2516296043701957,0.2369295767590346,0.34202041401059097
