0,1,2,3,4,5,6,7,8,9,10,11,12,13,14,15,16,17,18,19,20,21,22,23,24,25,26,27,28,29,30,31,32,33,34,35,36,37,38,39,40,41,42,43,44,45,46,47,48,49,50,51,52,53,54,55,56,57,58,59,60,61,62,63,64,65,66,67,68,69,70,71,72,73,74,75,76,77,78,79,80,81,82,83,84,85,86,87,88,89,90,91,92,93,94,95,96,97,98,99,100,101,102,103,104,105,106,107,108,109,110,111,112,113,114,115,116,117,118,119,120,121,122,123,124,125,126,127,128,129,130,131,132,133,134,135,136,137,138,139,140,141,142,143,144,145,146,147,148,149,150,151,152,153,154,155,156,157,158,159,160,161,162,163
0.0,0.6039956815226757,0.5728286462338543,0.4610913852637446,0.4285202205139011,0.6271840215096625,0.5210740778267586,0.5760420181231669,0.5004085373247884,0.6022623477780844,0.462757040903079,0.4596664964907439,0.7234030661772956,0.4786762592849485,0.6664817835404717,0.5647884500156665,0.5664085409329684,0.6757533431357365,0.555439617230085,0.6961047948470509,0.5231641184083706,0.5764607306157677,0.5087929647849424,0.5053532670822513,0.6135830391918434,0.43347453537506764,0.46347184186471324,0.601139714404014,0.4871181202324036,0.44771284157761737,0.6195771465495354,0.6507853110734858,0.5905928442686809,0.5036920491237258,0.5641148650548863,0.44729478946830015,0.5758810565973566,0.49683250561085424,0.4554355375350056,0.5710260275052375,0.5118290114565398,0.4741761592313044,0.5414496904957924,0.47782025579534076,0.6146423216340255,0.6738108400006809,0.5095509349403676,0.45468787762371893,0.5772226817879842,0.5118202441066432,0.5221538128481163,0.5553304933724559,0.40523869367753074,0.46973698653988916,0.4281781601470846,0.4655487499308227,0.5510172541926343,0.5222700833386367,0.49115854179637286,0.5840555858102726,0.5180120937213266,0.4468632491340983,0.44911338975823495,0.40139431412378235,0.4673343638425641,0.4620352693170452,0.5019237166814405,0.5934415671737535,0.5225526594465617,0.6090271689825097,0.6790022015572941,0.4528261640054196,0.4153719672871438,0.5764363150541801,0.5803013332816496,0.5261785285490547,0.453905813069554,0.45133575499454703,0.5412355690306663,0.4280286236050428,0.4977814798097544,0.5992122070013489,0.482316157112297,0.4951271002741719,0.44019392268034274,0.6625172124990697,0.5004512715193974,0.5016328875426016,0.6499325733215567,0.3971165687635053,0.5200053092810366,0.5723168970199531,0.4965328091513182,0.47918579465071465,0.4509273258386335,0.5238204735605496,0.4192423992940176,0.5589316499113691,0.39083476586932586,0.6464538993377702,0.4321201561887285,0.4773399815102334,0.4187836690444333,0.5864568092785897,0.4786492561661774,0.6764751340839067,0.4827098712948486,0.5517458409636848,0.6307550228727307,0.5208778053649024,0.4586292182817448,0.4115390339103403,0.5307929698918392,0.4386859658753497,0.4753772201925111,0.5885822990083713,0.5768597227360861,0.5660566086640236,0.43208008186627594,0.46538841842767,0.4637823745609676,0.4661026537931641,0.5168750530193512,0.6595369748956416,0.4486778713613902,0.5997708038662121,0.4643465691552695,0.4733947914144511,0.49651092707080086,0.539621743717261,0.4578484323391483,0.5255074813246854,0.44700250061243124,0.4461639575664234,0.4869762823197813,0.43486655259713936,0.5047910604446857,0.5580066924485204,0.5405140814594487,0.5961017527488176,0.46436165756195424,0.4742304775140226,0.6129398392327672,0.41030711467523034,0.4587794364166253,0.49247394298321373,0.5064028031635189,0.5694782003257383,0.6623299397289688,0.36947311793405474,0.5211394351038591,0.4596805837668958,0.48044025031871457,0.4461913361802698,0.5750940634707076,0.6211427995333685,0.6107062075590486,0.5293426408595262,0.45620769032738756,0.4422163775818324,0.46720044367313895,0.5355944724935159,0.4566292763817576,0.5100130271811169
0.6039956815226757,0.0,0.5660721517582614,0.4293442534825419,0.40960821624166627,0.617272405506521,0.5226591466774211,0.6030450543035428,0.560575453426427,0.6134837920444323,0.4263412994452302,0.5308990891259551,0.5887502709099532,0.41509898631448283,0.6156741223758531,0.4943094603003366,0.48330797053971647,0.49985414027280445,0.5076806235342508,0.5743981095339246,0.47283365592388404,0.6067236668870468,0.5145062323004456,0.569953635173375,0.5845259332751842,0.3910076789302231,0.4783565467883159,0.5263417874620093,0.4441622248610613,0.4776940149175862,0.6103030639441966,0.5048583989987773,0.5387167158846231,0.5023450428100316,0.4850072775620171,0.40179563988265843,0.5195088591527178,0.4220286248252555,0.4378680160496674,0.5246015557879691,0.45500880605806004,0.5241823943413645,0.419885852778172,0.4174700316187889,0.6053633945523642,0.5344831204731224,0.4856812766569269,0.3994885298200588,0.49942727763789974,0.42301092258367684,0.43241173511045206,0.474856616778556,0.35761659098596826,0.4340992061260469,0.37850031084916513,0.5403322292278998,0.45535941244429795,0.49737375967116787,0.4116629387356491,0.49894029698149417,0.45722359091677983,0.3746938260710203,0.37332420092920415,0.36166371446955814,0.3890528785905636,0.38357096126703943,0.46989032111112605,0.5061986223097634,0.41329378122955,0.5172939289268348,0.519997679607116,0.3830873979046896,0.3682439923473763,0.49135086826020247,0.48831036323920146,0.4276482844056584,0.4083242136636269,0.4363293176791118,0.43852737755405824,0.3726571909972824,0.4125069222747007,0.5402375399665569,0.5337800214163952,0.41367217416971463,0.3827626326183951,0.7050416329510283,0.44064086488469034,0.40107239886076324,0.5330824222972108,0.4700654592037173,0.44504679469721986,0.5623440659908724,0.4161028266346987,0.4074693087405811,0.3935419905001456,0.5510958038938784,0.37388337379225417,0.5784628532734479,0.3524249256348789,0.5605042660583613,0.38375379155619593,0.4074870602351481,0.3649046484673714,0.5473375062859276,0.3972629124276396,0.5713321295909771,0.4095474415482378,0.5879136970470772,0.5142996045238147,0.5982804259433392,0.4334665805387789,0.3662196620194853,0.4447425383119661,0.4007583677730801,0.3945250042338539,0.688040689672102,0.4697691483386986,0.469798747459432,0.38566303381084366,0.4281948324122765,0.41017631855721837,0.399234215099822,0.46105235032328756,0.5661079855499639,0.39109037120405005,0.5269576410532351,0.4096570884556558,0.5157399991291242,0.4444513410188719,0.43487009419752426,0.5217889881814745,0.45405793841886305,0.39307702094499236,0.42579137826930574,0.4538150912894815,0.364526385300829,0.5235171797758909,0.48147194888981626,0.5034416015103138,0.5030435147151835,0.3903563864390658,0.4168404135472088,0.5738193976208437,0.3701405906817006,0.41383067312035043,0.46400073922857615,0.585881863486963,0.48408064360705094,0.6067190796331312,0.349911321981161,0.4526528610489678,0.38855784802188725,0.45900748763561056,0.5097175595311569,0.5515578870076793,0.570753163917398,0.6373352694225145,0.5687068816504823,0.4042305533390276,0.37338083826184826,0.39057707492040883,0.44752042879552645,0.40795465351626686,0.4770646289973321
0.5728286462338543,0.5660721517582614,0.0,0.459547272345894,0.5178667173858105,0.6309772156413543,0.5601548621343682,0.5248314849318211,0.45206923445149994,0.5400260490273229,0.5098310959802119,0.527234772286215,0.6232977807614469,0.41441790348487423,0.6001263504764344,0.6289768320412505,0.5635960603700235,0.4985373570163983,0.513139059584234,0.5272666548175166,0.5723609628596097,0.7202241456436405,0.5010874188407645,0.6281004299219359,0.5517745948967562,0.46268904209257494,0.44634982092315806,0.5154079966349938,0.47333670449208554,0.463755391950187,0.5145660146421995,0.5512265245905833,0.5363356583240468,0.49407879198135346,0.46673831646790226,0.4251642216562062,0.571111861374894,0.44289051876764957,0.48582063783096496,0.5810254782496999,0.47940883645408655,0.5149566157176676,0.4839233463101166,0.48048145578802565,0.5538078794515497,0.5249994404479601,0.4863590884782983,0.4860173873562955,0.5372827051130777,0.45966667782579385,0.4996391318767236,0.5395267963170914,0.35329862951314434,0.48514421775631356,0.42075645503787185,0.4512548411173054,0.4893409930794808,0.5955420749639436,0.4248207871594152,0.4957631426904995,0.47742401872693396,0.3925411698129841,0.41538198622771433,0.37262762926560644,0.4016447913520627,0.39904472298796345,0.4838815489900757,0.5720845457936782,0.445708745851023,0.5260368256632743,0.5909128748161315,0.3856168501976174,0.3897253192741011,0.5847466626631797,0.49538068787558925,0.40286893729128753,0.49548093523470865,0.514434834560874,0.44714617323061207,0.41429828309552713,0.4393127587290069,0.542934859458828,0.49986347479869625,0.42091332571987133,0.41010202255511097,0.5719461036552286,0.46545932891472663,0.4165835875518675,0.46912303408743194,0.406041865238108,0.5275705428519262,0.4934072826605787,0.46366626019663615,0.411505869408025,0.4174370775397541,0.5164597053737036,0.37799244165936313,0.5044047441323108,0.3598458989285473,0.5160158964443512,0.38924634376266853,0.4674314227522,0.38764776254701316,0.49708319420807967,0.4074985019317439,0.6291976561438024,0.4494126026857539,0.5309773629485893,0.5303992993994109,0.6213320605251227,0.49898196122400745,0.394718982465327,0.4754031618682413,0.4101921058314322,0.40419567242065263,0.6184747297530194,0.4409955954694829,0.5380154655882734,0.4423570784674109,0.41817315376778863,0.4708266825457886,0.42036437341313615,0.47897737729506784,0.6377179705964778,0.39235072077543115,0.5635201793081722,0.43218911673523963,0.5363118817683608,0.46909239804822284,0.4523894534546095,0.423933521846516,0.546654386622183,0.40426893826130467,0.4301950470599263,0.48650665402241544,0.38126767473131495,0.4668934150215338,0.5037123043465339,0.506920101589227,0.5198392058159131,0.38655361452399556,0.4498407555304892,0.5385110468989417,0.3921787914388781,0.4554370534511713,0.47005944744263545,0.5682494352296514,0.493946698092384,0.5529646176273888,0.35991315826068193,0.464251590145038,0.38423869906998065,0.49848849130689815,0.48666490469938395,0.5742730178018846,0.5561956926746066,0.6538253786985855,0.609168511263378,0.4057525345183055,0.41531182686044094,0.3915388816442673,0.4344337035517797,0.4144121358799455,0.5419150458545001
0.4610913852637446,0.4293442534825419,0.459547272345894,0.0,0.42524148282413987,0.44016688409949145,0.4770034082305555,0.4312345105741329,0.36963744858337205,0.4217312264734503,0.6125716514340475,0.4151040940160207,0.4629673477312962,0.5184994815935181,0.4579781458071301,0.49809424192932455,0.5541759580968465,0.46003467363051403,0.5310329306617544,0.49178107543486865,0.5814817731762412,0.48253770955135616,0.46409773470180543,0.4395550500078029,0.46801712183663513,0.5314491133564996,0.43336779590266405,0.5737615524851831,0.5151729002029802,0.33226049033555305,0.44799888660354104,0.4944290634269961,0.5540833733113945,0.5268018978122315,0.5721778587330117,0.6139164044923047,0.46968234914811713,0.5540574106303595,0.5891063596924604,0.5699453267037853,0.563120335566028,0.40324905625848145,0.47704157550673787,0.5802104507671505,0.4864534423903621,0.43458052341686954,0.3398327803471082,0.534120378440794,0.5532985501239638,0.5236149634744731,0.5696102440372108,0.5086228758644484,0.3683032391688127,0.6506886403668721,0.5926470873703433,0.34981192241731174,0.5341621685957978,0.5094221833278776,0.5170707627094684,0.5227251491868978,0.5717028498805452,0.4316236767398237,0.43754522477462443,0.5033792882156463,0.4395104795923973,0.4284017734560646,0.608806776369785,0.4014872897312686,0.48500810842566805,0.4917523708838717,0.5081515524869761,0.4780506923151212,0.5727659620696546,0.6033538827987716,0.5064012778557546,0.38457587476847294,0.5902562606436857,0.44538857978692553,0.4777438813606532,0.429384699067203,0.4333730898438976,0.5725536143053073,0.34466590197060354,0.47499775007905953,0.582222807191861,0.4613064808219898,0.5409106007899958,0.48739193349440485,0.4167652615268217,0.3352000131463117,0.577916721117471,0.4970268300198456,0.5243654973156615,0.44117123942917286,0.6131208619881274,0.4122221608709983,0.44430108553374054,0.47477172466245393,0.4779000833834713,0.5064077448455487,0.5163131971307823,0.5566781850579511,0.5585559701091118,0.4569710571614653,0.5123569197364776,0.43966186594455553,0.5134616423444568,0.44549905936048484,0.4581626957185188,0.4300515665486847,0.6267753125794079,0.5704346830885282,0.6156522883525871,0.537735995093738,0.4425965797739809,0.4223080583396926,0.43499522648242767,0.5148399983735317,0.5957183391689971,0.5154702764440029,0.5357862583107968,0.5447378705845662,0.5821743303598342,0.4787818867591595,0.5234538827880557,0.49397461626698963,0.5536631283547532,0.4022028215127112,0.6130734280196413,0.48201951795374626,0.3340897679546798,0.5307955446824023,0.5296902384722711,0.6154927444178079,0.6342752563734738,0.4006502494791521,0.3362787973662758,0.5566376254012239,0.5558339976556197,0.5330444484068438,0.4389792174787095,0.5305383419147567,0.5647420834992575,0.5893954111589992,0.5670534268797096,0.4352986811757775,0.4000933265179314,0.41110117114085,0.4561300262078284,0.4470467959303893,0.6356784659058841,0.42121037230666786,0.6027942016957443,0.3440877246385492,0.530157893911862,0.49465187137981226,0.4820196862199717,0.4095810542650314,0.5877635988849472,0.5228612098609258,0.3937532605573202,0.5088071673787915,0.5275504551251605,0.5764573340682017
0.4285202205139011,0.40960821624166627,0.5178667173858105,0.42524148282413987,0.0,0.4398641649937232,0.528607240851807,0.3895994003604005,0.37479525390008517,0.4152275615915345,0.5331894290246677,0.46720555865605456,0.44101462124179014,0.381508319378358,0.4399101950555571,0.5493012844065227,0.47119112575764593,0.39544488767649294,0.40678218987278436,0.4043606508894737,0.5018382030674735,0.5000777300576484,0.466217061270794,0.4980948669452621,0.45136061934636573,0.5276831310121312,0.40693785407476823,0.40796674197593097,0.45237992162809954,0.4146537615279147,0.41649076869181584,0.43971088390910384,0.42353786572715907,0.44514114212762784,0.4191829238150767,0.41026324520602914,0.5074572058179188,0.41980072836083715,0.4783056899694234,0.48630650181373597,0.42117055676586324,0.45948536371991866,0.430307596502411,0.5026695622513822,0.42370934200201854,0.39081997039468325,0.40153847098612233,0.5318085878671085,0.4954933945017318,0.40192809201627316,0.4429345353372644,0.4441268274197904,0.3016137285630421,0.4267515985842761,0.4192305510126366,0.3852306622502724,0.4122168480920729,0.5555952496897345,0.3724658766250624,0.4009322084024336,0.381554681076191,0.35893975629780434,0.363952948668275,0.3752859849931452,0.34575427112712376,0.3367272808052884,0.43787062039846175,0.4649052893971887,0.3958919380618755,0.42681468593284916,0.4675096931043899,0.3639889281600365,0.3786556746758487,0.46883135999724573,0.38881105385679854,0.33791823038786173,0.4958306084913922,0.6499699920725925,0.3791459309363792,0.43016220409919576,0.38077568129429445,0.43857635567659736,0.4137965792330188,0.3673233123661161,0.4009687735298694,0.4305517072483835,0.4290021951218092,0.37626253136111376,0.36549456964717586,0.36189579826533697,0.5481136176463155,0.4256637024510277,0.4325231715011368,0.34684835072200043,0.40188823995019585,0.453357936891708,0.3226838318501111,0.42745368351496577,0.37480735342690746,0.3957582097650543,0.38451712235614155,0.4221835430069132,0.3919291570991461,0.4155453334703668,0.36391418388827534,0.4585462284746761,0.38284216476777005,0.44537422122780973,0.41665148793084306,0.493904766471248,0.5021063957532651,0.4139304240957118,0.42000343244703964,0.4077322999535979,0.3521563557114771,0.44966114523373774,0.36035504861277506,0.49625605716061155,0.4331530670600079,0.4104330377366682,0.5137114346849241,0.39915705827961945,0.4495000938910643,0.4959256398240322,0.3856639224257917,0.46125023432081985,0.3964781995718209,0.4703018981720366,0.4252139573547476,0.39859914120104956,0.3538742763968015,0.4720349140434831,0.38828024663769045,0.4239107677315931,0.4327056798977289,0.34645295577579344,0.38020959591460385,0.46686443783194576,0.4378485107048546,0.4550950764932219,0.3359473372609291,0.4503172438127021,0.4313406808311807,0.38810009094091324,0.48795318787509456,0.4463114802985915,0.4684813358821253,0.3941217268847398,0.4368955369149926,0.37234483441373967,0.42021782438503985,0.3407384444676692,0.4377484773629401,0.4050498452326605,0.4935073140209405,0.4457003045293673,0.4637898260548619,0.4963628363033217,0.38548451893147584,0.4150757839923906,0.33673020049360564,0.3993729975553429,0.4106020883099643,0.5548803515546753
0.6271840215096625,0.617272405506521,0.6309772156413543,0.44016688409949145,0.4398641649937232,0.0,0.49215846242579736,0.5673259610565512,0.48098504131409625,0.5406770771533794,0.45427047105598123,0.5034393678856741,0.6268922495939737,0.41747357293075,0.5897829106602469,0.5684432084953893,0.5426727392561209,0.5127923372221107,0.5548374577542603,0.5689866031867905,0.5301581713349517,0.5880255061075227,0.4604130354368579,0.5319702538824914,0.5487358495443704,0.4172860988881828,0.4217873980300409,0.5262381886963853,0.45985072413191563,0.4672770745451279,0.562553175077967,0.5799814693223638,0.5599115287540837,0.4847976306693314,0.4784030387677014,0.42059633063142554,0.53221726938052,0.44621716894148844,0.46104904917024897,0.5140688081727488,0.4882642263916096,0.48421373009517094,0.4786827648719611,0.4615083022383177,0.5527158871707101,0.5733672225503443,0.5073169789197567,0.44476201656360936,0.49426504565840745,0.4646701985079206,0.48922233284150013,0.5630319271711598,0.38073372533842803,0.468996796275538,0.40592669052192937,0.4719306361692129,0.5055625056956022,0.5574769632791416,0.41823253551517825,0.524467752106749,0.4954369601161849,0.4170718083244776,0.4322688761046684,0.3653181279841945,0.4197072309637641,0.4218556347999381,0.4552091223427218,0.5440500793894036,0.4329901630371385,0.532836113307607,0.5979196102645773,0.3938166261459076,0.38274085870397356,0.5373083270257568,0.5433205396229706,0.4490298693231141,0.44258448650328264,0.4545073579979994,0.4793241642663,0.4218572023028088,0.47247598546224684,0.551276443871015,0.5078703714308952,0.44863497374162153,0.4087384856869141,0.6198664345429395,0.4655464877158056,0.4221651554219557,0.5364180793323552,0.40767303981331576,0.48518720322442077,0.5219500861336833,0.4602996623780388,0.4449426307228048,0.4100575463325137,0.5173154036869946,0.4051933976324744,0.529064763389381,0.3617811363743021,0.550504220235484,0.39233005951258804,0.44849794271803795,0.37963136802562486,0.5180321798092473,0.4282769464870797,0.6468659355523928,0.4592451777771323,0.5195175521903616,0.5424407669190996,0.5548883377516329,0.45900560477480407,0.38220584669506674,0.4803991644004212,0.40464620443635035,0.43052637771838626,0.629106221972974,0.5002810892172482,0.4912097136780349,0.4211116967798879,0.425224915003723,0.4407882584543955,0.42868931460628334,0.4805522175790754,0.6491221206050477,0.40185357088490103,0.5785521377307294,0.4363885707766916,0.5050192071333475,0.47042942132921206,0.45229439003989313,0.4545652447042445,0.5391238176687241,0.4080239745052147,0.43283239328060197,0.4649605942361745,0.3959085741889748,0.5045143520465111,0.48059174430819124,0.46442152014235916,0.5286117029993266,0.409295557378421,0.44602183026690134,0.5519308321305171,0.38514772900849886,0.43182593013885806,0.44593618473350577,0.5580898101350369,0.5339019774214872,0.5695848519925096,0.36399495472763765,0.47099394522403915,0.4142887326987634,0.46678232079407544,0.4482856062411558,0.560387436002724,0.5479839445905362,0.5899798799093977,0.5769116503905358,0.4037204908521442,0.4098318021708773,0.4109014212582411,0.4648832687946278,0.4141264508370248,0.49443505000352445
0.5210740778267586,0.5226591466774211,0.5601548621343682,0.4770034082305555,0.528607240851807,0.49215846242579736,0.0,0.4840645538649555,0.47015367281811377,0.5622230287113643,0.5048472238505495,0.5435707170388218,0.5322873267137173,0.4335027629601109,0.5409411752301884,0.5366770296207329,0.4855131615141654,0.460500398000619,0.44543243690586565,0.47837419060216263,0.5022434403708171,0.5885011344766097,0.6656279073835509,0.5695532488416715,0.6126952424202478,0.5004513555274129,0.532328212239321,0.4817442793755186,0.47320349516951293,0.4505000907519339,0.5357424860094477,0.49777787617015085,0.49508686700178023,0.5673573093851481,0.5015037357135532,0.4359360860455149,0.6320707142427017,0.4406620948784861,0.47324133832856047,0.5876827777654203,0.43962638108386626,0.5741007260001203,0.4398538932640823,0.4826380952016934,0.5670503830176064,0.45049511921171514,0.4473795608638799,0.47437253238172206,0.6307689493043284,0.4196167079765132,0.45658601443843144,0.45449032335417755,0.3175249569825854,0.4447310612490561,0.4222661616754609,0.48899605091184345,0.43243395043773725,0.5548737680860768,0.4276310788312072,0.4523772985931976,0.42290013171255164,0.37107407453163016,0.36009763270664474,0.40143360651999305,0.36740369491145974,0.35729528040973507,0.5577850068641182,0.5407462798312688,0.44151545455292174,0.5115140884008225,0.5185401624983724,0.39509486779220304,0.4077560811327814,0.5230201275809839,0.42271671778073777,0.3815816722048732,0.49177390741861354,0.5869420645256652,0.4087445550254113,0.3938274287145384,0.38860626096094136,0.5315741676615262,0.47105197466250076,0.39107964921819827,0.4144041435185753,0.5370761867680157,0.48758385556381506,0.4255350710077921,0.44257035581941895,0.4419784160337369,0.5496228993994976,0.5850138383493705,0.43151286032243946,0.3670083485915539,0.4286931899119824,0.5863432849458526,0.3402216751272866,0.5844679001671347,0.3926420660073502,0.5051080536056096,0.4119856985796207,0.4471676301685949,0.4307879408598788,0.5388490430300811,0.39148291086810705,0.5200395127788989,0.3984023478322692,0.5895238720326914,0.4756763485490953,0.6129362013578425,0.5224966180526278,0.42126085691303816,0.47708231839423937,0.44494991711818227,0.3709356661360194,0.5358146427134243,0.407513713742693,0.5526092964363506,0.4321408067698111,0.47759852835022953,0.46739676078886694,0.4300972615093181,0.49583846667887393,0.5492419733325136,0.41254333173041235,0.5121544785274854,0.43212149227888125,0.5401531413752149,0.4621501259463613,0.4413884480420436,0.4320805184852785,0.45519765424593006,0.4142519395366786,0.45140856559882736,0.4709941625480244,0.35080747943325097,0.4279832011231188,0.5421733463408466,0.5569487714980251,0.5109254104300387,0.3721524186913617,0.46421991365118837,0.5472339518634974,0.40636058846735285,0.4972917372615541,0.6206321019057812,0.536133585927819,0.4271114228887276,0.562821792600876,0.3659848384784792,0.4741237242711527,0.3629494849499305,0.4629048557215974,0.5089412891575578,0.6038881096427009,0.5729014436187303,0.5595725168765574,0.5817970112920258,0.435403351704916,0.41613989562056364,0.36864696849851497,0.44682248963559484,0.45301008935528836,0.5612081291789538
0.5760420181231669,0.6030450543035428,0.5248314849318211,0.4312345105741329,0.3895994003604005,0.5673259610565512,0.4840645538649555,0.0,0.5928506617076149,0.5769882535325331,0.42987758562117,0.524286929433902,0.5827185755514181,0.4058027929695678,0.5724061423741515,0.4937472995333516,0.45453930294181566,0.486174742096564,0.4877465304804407,0.55136882586702,0.45131010424084067,0.552683457056122,0.505013084867914,0.49547932769478326,0.6025164880116565,0.3980731876531854,0.5095272624774491,0.517625260714924,0.4164683911504815,0.47472953650427363,0.674587784984613,0.4984290882438124,0.5101055143289438,0.5079996672367062,0.47211044388125956,0.4003509368510799,0.5549379065690023,0.4307551390032517,0.44326794585209944,0.478960222764743,0.426646679131484,0.49927852638157855,0.43043963498239424,0.4067581504881996,0.6618800650458361,0.5110537734545388,0.43530738252557344,0.4001506470489865,0.4876269946533273,0.4115461919074148,0.42378247847036865,0.43948562962291504,0.3372820319221815,0.4183985395260586,0.38169844340392894,0.509591295923372,0.43994523988580875,0.5180463840621599,0.39750017347981337,0.4732947604889279,0.476817974626883,0.37230537645320366,0.37063937554380627,0.3583477973107219,0.37486435763224574,0.3789449433927516,0.48532311994483723,0.5041497028093671,0.4256408315164296,0.6248016749347857,0.5135931137152824,0.37870519624493654,0.3708595968781193,0.48258919329961386,0.4820912867484687,0.4146335971697845,0.4200294062362497,0.4213440479073811,0.4504470389053174,0.35962622636720776,0.3941524409257473,0.5406103460183704,0.5003283871334201,0.42212937195776523,0.38325255589120394,0.6807209331612069,0.5081319765819479,0.4108616959414793,0.5417550764392174,0.4769096685681255,0.4434179700848536,0.5455048719299352,0.4018817631874331,0.38843172737474574,0.3873802001307239,0.5614972119346306,0.37470597839276226,0.5615300162951284,0.34945002619497373,0.5368116164443028,0.38661061028691285,0.45257860053257704,0.37690831638466754,0.5552201664360166,0.4016294323890841,0.5494631519353991,0.4059555617176096,0.5705439450700728,0.4692168185521962,0.5241391689024198,0.4230631860425786,0.37008932324371985,0.4471143489886092,0.4226471410717829,0.3874605134201202,0.5763356343937103,0.4422679678296207,0.47416587427849854,0.37253818945624684,0.4378732051703316,0.3952109529453536,0.43748981950519905,0.4410430378368901,0.5246972871156163,0.38515953660428726,0.5172826028575805,0.40072814928665124,0.5375939732487688,0.43029964230400264,0.4304737824423139,0.5152011935788796,0.4488321038456678,0.419027379640274,0.42443448632966224,0.458146225652294,0.34841116790604837,0.4890955474606475,0.461017519714334,0.5133125472064562,0.5266850695598183,0.3921218722545098,0.41194015331594613,0.5284223596506831,0.37350733680266657,0.4173533816367558,0.4763920796885488,0.5570221807072828,0.45786644655469216,0.591293240084123,0.34502689221145477,0.4796941979624166,0.3750308936315126,0.44430022188512613,0.4684771718524773,0.5575069940512684,0.6442367477031916,0.5926446857170471,0.5455176249385243,0.3962914365301879,0.37339620427257914,0.37475727297124845,0.4376307102037067,0.4155306553125729,0.4659823845315386
0.5004085373247884,0.560575453426427,0.45206923445149994,0.36963744858337205,0.37479525390008517,0.48098504131409625,0.47015367281811377,0.5928506617076149,0.0,0.5468803861733246,0.37800753813491256,0.5269081591362486,0.47491325436606185,0.3614914807061652,0.4868637358033235,0.4238056248048762,0.3898432006422146,0.42119420995434736,0.4134476344656475,0.4672747756287278,0.3906906429588765,0.4914774790171843,0.503822605692565,0.46204327969968895,0.5614353905018231,0.3534690845244847,0.501512375317198,0.4321717275324792,0.3700785540745743,0.5468548409544814,0.5989161434082377,0.42266399782279923,0.41585434734614196,0.45885143713872306,0.4213090379881102,0.3497170616728654,0.49522821556089,0.37499095923492515,0.38553394498891125,0.41571606906810255,0.3640162823784436,0.560298694216952,0.3666769195639183,0.3593488225882973,0.5270184745677805,0.42541153568185724,0.4314018445981702,0.3516006858774421,0.4410347465636114,0.3535885806107682,0.3612119179090677,0.37575696665959485,0.3003895818607636,0.35522271049906284,0.3312601466994328,0.6431396142243323,0.3747865082652634,0.4554271704537813,0.3514904264239202,0.39735514716796505,0.38130953218689667,0.3258436822451716,0.31679506422543635,0.32846558490056843,0.3297312766901736,0.32509191915598007,0.42500957763259134,0.46401357132002485,0.3712199746787071,0.5018231288147345,0.4315177992225179,0.3384932228896742,0.3331774752837044,0.402158432370157,0.39862859133921635,0.37190708270959766,0.36269470872506904,0.4005445522355769,0.37397609420497424,0.32572357239795174,0.34475741253570347,0.464761923759532,0.5387626845387419,0.35618775322508645,0.33966289882372125,0.5737797840765978,0.43307476100921133,0.3608222340085606,0.4624349980401226,0.5785775610868875,0.3954799411295172,0.51914790181499,0.34926860370116114,0.33642571835076435,0.3448440450152433,0.5641933651846497,0.3198970246097872,0.5389103148963152,0.3256997305424411,0.4460282068459708,0.34538681574761493,0.37394373326757796,0.3390328582619785,0.5070822890358536,0.3460268006613442,0.463337085488593,0.34144178971886147,0.5725300235354945,0.40218048546889035,0.5131868873879691,0.37834074746320584,0.3348323216926247,0.3836605137399572,0.38525116927490266,0.33200486648446653,0.5327857346632892,0.38991812980646745,0.42285729875226,0.32759527126511295,0.4069747919581439,0.35615326082775023,0.372166947650362,0.3968927789097424,0.4528988203940855,0.3536903065974224,0.4293148677462734,0.35352716667246054,0.5017072695367898,0.36942747590682484,0.37146271562367544,0.6739434628372881,0.38259941513942525,0.364676851840629,0.3852098106822365,0.39282800177078286,0.31096396537246257,0.49875609783033703,0.40420659916417373,0.4429627114373051,0.4499154565512707,0.33816222474033464,0.3708618777045454,0.46536834133798927,0.3347409505186543,0.3760628460959863,0.4749521327758288,0.5722963356776316,0.3965489362410934,0.5383639769818458,0.31863955695939356,0.40888431274442855,0.3339808258687379,0.39003979081664436,0.5040387772322789,0.489730790876433,0.5373405523566812,0.5035915698519771,0.520846065801271,0.3512132011522548,0.32995025697540764,0.332486200255986,0.3960843398740982,0.38248191926059016,0.4256652629446568
0.6022623477780844,0.6134837920444323,0.5400260490273229,0.4217312264734503,0.4152275615915345,0.5406770771533794,0.5622230287113643,0.5769882535325331,0.5468803861733246,0.0,0.4287898523035784,0.49251578889267905,0.6081647309862885,0.43146611258965323,0.5834011409934705,0.5075771066277066,0.4682383496875901,0.5302738390848981,0.4567415139884967,0.5321488106706621,0.44785302615491207,0.5431320667264259,0.5800033184996207,0.4961756068094985,0.695759949711276,0.409834916953831,0.5336447908340198,0.5091195997028681,0.46572905468234177,0.49334009254189043,0.6207241317826574,0.5260828400974303,0.5030112287675539,0.4978894678759945,0.4916856435424398,0.4005022679423948,0.592559972492783,0.43724837857328874,0.41615749549043485,0.5190636747165369,0.4311982078732365,0.520027365410276,0.4450089514133095,0.4221464117877414,0.6011518994195001,0.5212965665167146,0.5025769246115185,0.41193871014456607,0.5536393958690269,0.41249281610035415,0.42837993451078754,0.4408188150611098,0.3412921891710416,0.4053815274796537,0.38660441828318703,0.5478841463416583,0.43434952953240985,0.49467022519984477,0.42794726124501464,0.4677746108152774,0.43392965656149857,0.37935532435065555,0.3668861732015729,0.3735838474958635,0.37965783877270204,0.3771943798160915,0.4846766314667228,0.5799393568551543,0.46188997061011555,0.5759795460723839,0.5168873580508554,0.4006667933806472,0.3736833490079851,0.48283607285208113,0.46086023006017823,0.44990074596778273,0.4157157543145189,0.46577627296464114,0.44249339511963237,0.38246970068338676,0.4153450031591513,0.5016103442690607,0.5342735216474563,0.42294438258719685,0.3871436596970949,0.6235193708004863,0.4709753689511665,0.4344337189943667,0.568993690593374,0.4509407583196764,0.46463291472557666,0.5694738648379926,0.41955000402324777,0.3863299712344739,0.39802131256375883,0.6297956214406071,0.350713979557188,0.5934339024447968,0.36282006028235064,0.5457949678179039,0.3987766093206421,0.4258615480429228,0.3905281604832023,0.6608067785694839,0.398955245271229,0.567530276404994,0.3994966158359148,0.6412679289170897,0.5176123118555795,0.5468728078047237,0.4229129182701714,0.37548147262017584,0.4540478193350155,0.4260772845997451,0.3926270107432455,0.5703879995553068,0.4707567854638745,0.5276487623127568,0.38625318977933976,0.45730687846161133,0.40853410498973913,0.42562301927720253,0.4537207684872809,0.558313623119982,0.39977238215803107,0.5484212417628637,0.40335899245771795,0.4991149549765832,0.4432397637095664,0.4636937973917727,0.5334524413160832,0.43711390660312266,0.4099784485560011,0.4060508981611779,0.43141292056837055,0.3644785378379151,0.5243478143001973,0.49975876332366403,0.5386725483056841,0.5260273669337879,0.40846900226185157,0.43182925902854485,0.5295670582733588,0.3728854009615954,0.435273956783493,0.5264958318596736,0.514406640062715,0.4985820031339768,0.7222898995536381,0.3475249523408844,0.45158202499559374,0.3977420052484642,0.4204407354443754,0.5218350302390642,0.5738457121758116,0.6038572312061943,0.5686008728314479,0.5750897724933044,0.41732319875598084,0.390019412853226,0.4147630169122798,0.46729753332944296,0.43840749409237706,0.46564389024265984
0.462757040903079,0.4263412994452302,0.5098310959802119,0.6125716514340475,0.5331894290246677,0.45427047105598123,0.5048472238505495,0.42987758562117,0.37800753813491256,0.4287898523035784,0.0,0.45037026715335526,0.47594212881138853,0.47943163134118544,0.45934479701104775,0.6021730674745185,0.5787467614158218,0.4469415375195225,0.49731662671432797,0.4768795994795434,0.6231854289394166,0.5200364315931936,0.486878063429929,0.47032721635836344,0.4853068444431666,0.6329003233242226,0.4467271541792269,0.523209909684353,0.5469925962906916,0.3644860824326744,0.4518541511817326,0.5035595739259846,0.5046206453650409,0.5233328407717408,0.531836056031285,0.5650220489592265,0.524111516857667,0.5632011379882651,0.664723709578538,0.5680063351496148,0.5265334921008686,0.4329298077999451,0.4971596187725169,0.6409140806188964,0.4798289691323578,0.4240478762469879,0.3574177198443819,0.6698060501214895,0.5833912859631066,0.4988211118237055,0.5519343740948679,0.5019529724735365,0.34156526392439956,0.5727734790268116,0.5845560877756654,0.3624047785114892,0.511300208651514,0.6142034403549965,0.45895471288880474,0.4868149717813508,0.5036332478818802,0.41915424488915765,0.42545815024851813,0.4842426639565803,0.4051365085259603,0.39656043674447666,0.5686660671667562,0.43202618933592407,0.48104791775878347,0.5050958388155661,0.5240504102812297,0.45021426326724895,0.5093081643010049,0.592460547684688,0.48063638417513754,0.3696330144349616,0.6794966044855374,0.5410797581180401,0.4573321767877656,0.46730146354684976,0.42855269717604977,0.5330640015613871,0.3692027167780925,0.4559861783315154,0.5426948279111946,0.4685466855689105,0.561260509255325,0.456844308419133,0.4022991950723761,0.34756021271224463,0.684730739433582,0.4757187135492065,0.534454391254164,0.40824143158930476,0.544308011125253,0.4403262270284695,0.3985689158832945,0.4675110001917315,0.4663749447718166,0.45956932418655805,0.499049935390773,0.568174890672966,0.509335881102047,0.45327466235927755,0.4640895960842185,0.46432909125700966,0.478671209286016,0.4664310934318935,0.4505913576035087,0.4636103807590091,0.656033752408279,0.5651141321701441,0.552565154238169,0.5495338111384142,0.41615954194395716,0.44076019392534255,0.40937663153113607,0.5833110976010076,0.5698633619464146,0.5092431362637609,0.6361511080319844,0.5280687464652205,0.5768590996929003,0.5092103352616506,0.4969866747905945,0.5188459148447156,0.5022938937732497,0.4437280200826117,0.5720041749736641,0.4713368240060894,0.34449341177551646,0.5820848497629363,0.5249150042865943,0.5856716092546126,0.6070659109973829,0.3912823565179163,0.3549001099549744,0.5596848509431013,0.5504000879956061,0.5573232896766085,0.39962611166425754,0.5733622681136553,0.5164062840691034,0.5382312096305416,0.6576884828661205,0.45164262228795715,0.43351280952792287,0.41583075248929185,0.47202960234864877,0.4654788504907609,0.5795524592448185,0.3972099859598013,0.5890007183277733,0.36241118013474755,0.5619606771496821,0.507376251201573,0.503848256465926,0.4476872747171185,0.5034941180764634,0.524186671228849,0.37486094338970444,0.48820890919868454,0.5224156643497965,0.6992088081178269
0.4596664964907439,0.5308990891259551,0.527234772286215,0.4151040940160207,0.46720555865605456,0.5034393678856741,0.5435707170388218,0.524286929433902,0.5269081591362486,0.49251578889267905,0.45037026715335526,0.0,0.4620076157023844,0.3586326010519922,0.4787857348789283,0.4812953291817331,0.42473317756780954,0.3894855763712424,0.43927774963343375,0.4450825063726903,0.45687840570423816,0.56553861083194,0.5399235419427667,0.5817380408894303,0.5525540171291922,0.41355632618474286,0.48174220632270276,0.43499537575331737,0.39828715868052955,0.508199384674534,0.5325718203142925,0.4264630020248828,0.4335696705194905,0.5336818916042698,0.42313472577745126,0.3805816554963136,0.52846511547038,0.38679150848071736,0.46237961400194794,0.454916133312743,0.39026830235289034,0.6480493260515571,0.37654271768445835,0.40950661970774416,0.5229688466094733,0.4020240314014033,0.4083007579673712,0.40833094943088205,0.4704443165409229,0.36559143848072073,0.38827029155526255,0.407931097450559,0.289872711620871,0.40194706294763666,0.36456799842829457,0.5328897395209924,0.38780422434580947,0.5706420998032653,0.3497244855327076,0.39927865684792346,0.39323312819764944,0.3256260222985147,0.3257568308156532,0.34464699970253826,0.32501270120981646,0.32013226311580467,0.45759762484990385,0.45106851834202205,0.3617625961109214,0.4764811129395762,0.4428825205273438,0.3345961721327554,0.3529923581879664,0.43947719723524,0.39512143623530194,0.3360087288135737,0.42027345133249916,0.4867102754329111,0.3694440459804297,0.3484538473226822,0.3464399274951834,0.48653207016882133,0.5008887418140925,0.3514443995371147,0.3632094220262254,0.542243655671337,0.4546180391788772,0.3505825794805352,0.40027307734113465,0.5422630768977237,0.44458991597102016,0.5131443126666326,0.36900499387069174,0.33315423345943446,0.3632465577101079,0.5724944654429337,0.32183739953190504,0.5568359191701371,0.34076411844136123,0.43012602586494564,0.35570334180381086,0.40226426762393197,0.36015272187502373,0.4845315048574764,0.34536139056401866,0.4699179817680351,0.3571472351817865,0.5822249254616294,0.39737033142160433,0.6602284763102416,0.4638001238733405,0.3656231683390337,0.400492483671807,0.40196273142487104,0.3280303091412421,0.5487396559596163,0.36559954727007443,0.4481766762722628,0.37074323729151654,0.4137568998333708,0.39979728725753166,0.3824020133512189,0.43482578411734074,0.4803369173697327,0.3593275305492854,0.4532611525914047,0.3724956079243344,0.6027178399628994,0.4038090191261364,0.3642535682385437,0.4763879651077158,0.42345195999828183,0.3718638379434446,0.4286597741358838,0.44256184526568815,0.308200907775777,0.43949143125855433,0.42513588606868796,0.4629989838702617,0.46055308178667115,0.32428394023728924,0.39861536529736463,0.4760172472788132,0.3604488302890026,0.42421249903632713,0.49436696730488794,0.6897338833789346,0.38158687481201603,0.5104546619626874,0.3469923695474345,0.4311515359568467,0.32212709385413785,0.4404794588310189,0.49991915181043856,0.5663615989638496,0.5265268186596171,0.533756352403133,0.6044701431361472,0.36009798249709607,0.349239966355703,0.31612180611719926,0.3881652324366762,0.39478559867542096,0.5066050862323247
