0,1,2,3,4,5,6,7,8,9,10,11,12,13,14,15,16,17,18,19,20,21,22,23,24,25,26,27,28,29,30,31,32,33,34,35,36,37,38,39,40,41,42,43,44,45,46,47,48,49,50,51,52,53,54,55,56,57,58,59,60,61,62,63,64,65,66,67,68,69,70,71,72,73,74,75,76,77,78,79,80,81,82,83,84,85,86,87,88,89,90,91,92,93,94,95,96,97,98,99,100,101,102,103,104,105,106,107,108,109,110,111,112,113,114,115,116,117,118,119,120,121,122,123,124,125,126,127,128,129,130,131,132,133,134,135,136,137,138,139,140,141,142,143,144,145,146,147,148,149,150,151,152,153,154,155,156,157,158,159,160,161,162,163
0.0,0.3051097445819366,0.24979790092368445,0.2892173435556521,0.31544395387315993,0.2781678690767171,0.31140959595643153,0.29003056156338264,0.4089510822348167,0.2632737611307632,0.33599594191495313,0.2753732858026273,0.3843547302199843,0.29195006165461046,0.3306522712539145,0.31200370092252294,0.33337437743000575,0.4503066646574712,0.2903980812638412,0.4393952002096432,0.32725576237315923,0.3255786404333025,0.3125402082748486,0.3354246545220146,0.3629491166241232,0.3018959829263638,0.28272599242853347,0.31730214433707493,0.23272744759827751,0.29202497156406854,0.3530128010713774,0.3148540945563559,0.279172663166235,0.31659769984675895,0.3675174379484231,0.27461641602426506,0.42220526848043366,0.3305590849456324,0.27882231724574463,0.3866839130272604,0.2731234246437637,0.33426531796478337,0.3275313395410738,0.3254105951020742,0.3337847763838255,0.4090648376053022,0.27691244881422117,0.3049167432366601,0.37207619080472215,0.3388237984704574,0.39082033676048866,0.3155064396765017,0.32030832255913644,0.28441807425485477,0.2712947605085751,0.3119451835317558,0.437050047581707,0.3053534161417944,0.31873729032289466,0.3244185360001059,0.28610290832757673,0.24967832733369144,0.31202328133525986,0.23871036678780058,0.3263436261747593,0.345711733990513,0.38353560555093336,0.3442117120840662,0.2759481034056479,0.3424481254512517,0.43572594320805325,0.3067115651864883,0.3513335401976049,0.35904226225191416,0.311362779829309,0.3551571599231,0.2728916220814776,0.31073667357797463,0.3506548822048499,0.2696875061801862,0.2968828350428601,0.40281489557317557,0.34774455678669003,0.2829919795224281,0.34457345575547,0.37825286446053,0.3397890894162371,0.38431262513292586,0.34701439623264635,0.3340282674604398,0.41054792273260793,0.3368236414902348,0.3287243365024318,0.3575659974125813,0.36364057529069416,0.28019255646560975,0.23199645842356675,0.27442358834001923,0.2593944610122391,0.3747119981640885,0.30949807194229767,0.2547753145508389,0.29685376501137173,0.23230692582492937,0.3470379415018353,0.33156528411881764,0.2719794185910715,0.3393085981211547,0.3381771884579614,0.311749182853627,0.3139972493518715,0.3686194624001216,0.362186486763829,0.3065589345278304,0.3586086789280829,0.35981885632700017,0.3536567535913798,0.26844693116694146,0.24365950446918397,0.27379422267255443,0.3254350933240608,0.2598014651652325,0.35319340376467434,0.4282646754493685,0.31981553921619543,0.27469967070850476,0.26054657586067825,0.26027235429392104,0.24685952696102373,0.3233321996851317,0.26665530596710457,0.27562342632776027,0.29247587961545113,0.3722438413682545,0.29169627368873063,0.2946994004771191,0.35266891665708744,0.34648159524623307,0.3367266209723532,0.3897582788956082,0.26630130019049203,0.2800158225994532,0.4153904937389406,0.29200220059021736,0.347197663672845,0.4120021048604225,0.3325631844301646,0.2950555112338611,0.32276888988629854,0.1840827140190832,0.4466483329775283,0.31819103451971453,0.3364231037256236,0.23769032087471734,0.3215699225693803,0.39826198278894925,0.3048970166116771,0.32282673699612613,0.32700310055509363,0.3178878841692086,0.25631743290286574,0.3946847561819366,0.26670323853075134,0.523247109261148
0.3051097445819366,0.0,0.3018305062286941,0.26698444180602837,0.2657535197717481,0.36667200690703633,0.2875063399591104,0.3527652260912235,0.2720489710661991,0.37147202543360086,0.32164433001895326,0.36217813329661813,0.31565764196611057,0.29441095428012626,0.2913765051590759,0.3109527911516432,0.31915783627037564,0.2858690393408652,0.30745321501671335,0.3239108826581076,0.3312541884693984,0.375514814896664,0.30145725459396067,0.3228448052417348,0.38957403706073596,0.25871813453845244,0.26359599087135255,0.2832041071733344,0.32098125229950364,0.24481429399911658,0.33946895986163145,0.32298361548528387,0.3140846412271035,0.30330609623642935,0.32292105937918375,0.3237015516394845,0.3070731573017646,0.2946389234274356,0.2989223197219641,0.323701705293523,0.32596885384393204,0.33341306326124504,0.25074053064096385,0.2894688472093317,0.4018843878210267,0.28883134689080797,0.31145708961952484,0.29697498490375296,0.3079399364434156,0.2869244500714271,0.290939105632662,0.28868691067987723,0.3140985513734705,0.3630701214443402,0.31632128898030504,0.3203102861340242,0.2859417202878725,0.3137493424474682,0.3150292710196668,0.3040475129199919,0.30126715428519574,0.2100481018754487,0.2671533380205099,0.25220161108188704,0.24218552020110665,0.26250108252250104,0.29200387765422886,0.26964931896404276,0.26237362038852524,0.3018011597838929,0.2657629379990844,0.27314627257455987,0.2649291363078485,0.3109267303772201,0.3339198247392178,0.2755811562947011,0.2385169658611218,0.3473749143751223,0.2757859976881169,0.22114756263866564,0.27483079147048345,0.2756565125249731,0.3569602911528469,0.2773171874959926,0.27988481530230774,0.38762383125898436,0.2706760924356008,0.24791317563372547,0.28428730565213456,0.3085059533004499,0.2736085527448272,0.3210459863340218,0.31403830641752706,0.27577039690255084,0.29077905288441724,0.3615582837582461,0.2474490945975556,0.34374635099309797,0.217322931870697,0.32094366662073553,0.2633618726882419,0.23386074840305449,0.22989003968416272,0.2806782520323779,0.27465082471119295,0.2873495849358515,0.2715479945730712,0.4172960791753628,0.3354721664965297,0.41737014785964577,0.303609597735302,0.26416003145442307,0.28771950735457585,0.2576506896362246,0.31281760898759364,0.36594580405773885,0.3274436641368274,0.23760624849080692,0.31264709088735154,0.24250105662434326,0.2601269836836454,0.2261079201172991,0.31785845629497317,0.3211882128740077,0.24821847667661054,0.3512336943242211,0.24182700582245534,0.3127242386794971,0.37913377012977856,0.267076518258896,0.30357035723870573,0.2575313197753729,0.2234144631143798,0.3045559091962164,0.30117984667305603,0.23917989779087748,0.33065923051051477,0.3139278808538854,0.35263905705608767,0.27338181500176706,0.267252824349582,0.3156856426002646,0.3620807784272094,0.28846091289280973,0.33403501462803714,0.3153127972475616,0.3087974106049957,0.2970208719460581,0.4194791494529074,0.22251331308949998,0.26227085962017666,0.334327285760029,0.269834744374258,0.3192014879689559,0.3347819044553736,0.2970013965406528,0.25621764315404305,0.3271965360879156,0.2520943563192851,0.23515450283351183,0.2769818739028492,0.3194914226243112,0.23046732094602795,0.28383569586681345
0.24979790092368445,0.3018305062286941,0.0,0.23959018204685958,0.2531626326669718,0.3125186664655969,0.22516186073226305,0.3012418208646507,0.24117056283173405,0.34918989085905267,0.2973869661952299,0.2882781584621493,0.2987004144313506,0.2187043524793157,0.2547250082499164,0.3390605380903951,0.3057872489432597,0.25982708642571073,0.2443883620451294,0.2425608538746506,0.3299917914558782,0.40527850032113916,0.22593780182494247,0.2604595551226796,0.2914056887969628,0.26457627117280197,0.2314478861092857,0.2478592812464239,0.2424658618089395,0.22821137993135188,0.23332827181879215,0.27959180209134565,0.23755760980799243,0.2269359143486315,0.2083142554894672,0.24932123938887027,0.26501662123067493,0.2592255697011284,0.25436989646954705,0.26239569163371557,0.2503293608978515,0.3048895486444793,0.25182045610377873,0.2304595788675261,0.2854057532216805,0.2628976285879434,0.2590809233806399,0.27331178207622486,0.2441509411133615,0.24118644380027265,0.2581464010993754,0.2686468128831288,0.21583632832465874,0.2834340346780246,0.2510224123745717,0.24288563833648671,0.23888007393243224,0.3053260205738839,0.24713219044228021,0.22471519360770348,0.26804263044316423,0.20829500476599966,0.2825416936816555,0.21379320653691306,0.2136420286795184,0.2425778929840239,0.2534513019532246,0.29993222870040687,0.29007199152506097,0.2840528370883191,0.2775844149650051,0.19376364705186871,0.24247211420916143,0.33246609439491165,0.31771371097580453,0.19515878690364247,0.2586731670843635,0.2708323545571847,0.24613891262735604,0.19225730757254908,0.2906900355926891,0.2627327543667865,0.2946739149135717,0.2729064086295962,0.23518293216350797,0.32217049716944796,0.23562739891700984,0.21187304961189393,0.24403482041438238,0.2347284527748946,0.2502569411289497,0.21360093761812177,0.24510587637575462,0.19888647638850154,0.24720328342197623,0.276755067065945,0.225243572006862,0.26492962716660634,0.1827986096853946,0.24912812609278157,0.19346209422136457,0.24049986551260952,0.20632675571692674,0.28101138106414064,0.23233580984168056,0.30561054780463276,0.2606147390000212,0.300302318352036,0.2570894497087527,0.31087914781008485,0.24435363430231666,0.22185589685026882,0.24747512773750935,0.24260692990362043,0.22910566197185553,0.28046156488647234,0.22953757594900157,0.26210875041015175,0.2909932976622278,0.22485034249621175,0.2191044163496404,0.2181012175463176,0.22758775247476112,0.2708346460141996,0.1891288972725152,0.29803069145547,0.22236431150374464,0.24839746267147614,0.30102964704628754,0.243017237184378,0.2535481835268689,0.34631031462020556,0.19031056784586323,0.22264284407578272,0.27356124499708684,0.21198197135429653,0.23387180144848613,0.215760632246347,0.2998782854801174,0.2453642132481767,0.22624494582191207,0.24396532068729118,0.24817776705495148,0.2709214868994939,0.2616374221546052,0.23224189310315269,0.30789952485150784,0.29369587953116544,0.3634567245733545,0.21172443548690462,0.20998819258691345,0.22200274479418192,0.24316802640761973,0.29315252298358835,0.3085870053682682,0.2625684531383031,0.24312321430638037,0.298928844793141,0.17693560463370292,0.2108607065724557,0.2836661201780121,0.19685604716451433,0.23937574263924463,0.25325856024629223
0.2892173435556521,0.26698444180602837,0.23959018204685958,0.0,0.24136451618430763,0.27446020225044215,0.2972236039413103,0.2801249256431553,0.2356076255785705,0.24898202532127808,0.2926534640194697,0.27140913454181054,0.29666374387810696,0.2621516398922133,0.30843435924230544,0.26711615839765046,0.3206117771373068,0.3113780116834798,0.30276674864207215,0.27339017881378036,0.3256411505030763,0.24827560861829576,0.28462911304889676,0.25618650314254426,0.2945078823423203,0.2997584444824272,0.2697965562907613,0.30339369888491924,0.22837127194664014,0.21742738986258517,0.2680807666946077,0.27204662843989,0.42140306487168344,0.2980481002641322,0.27703985926069524,0.26794315596987317,0.28434760670645576,0.2896750386203189,0.25937646928419233,0.3524484089637456,0.3169847982591788,0.2701433688857787,0.2834334983641777,0.2991209706549862,0.29505048989823907,0.33895671696704494,0.2175569733741904,0.2531691024863366,0.2828663852990263,0.2894353605319011,0.40001733356581065,0.33654573185673303,0.2989033732558403,0.359822010179171,0.26797107669953735,0.23325860557482583,0.3413855286133389,0.30448288792288913,0.31275374236563064,0.3155569800438464,0.3173028914707074,0.23774687425069635,0.33968902965341025,0.20292285090183276,0.2733418851348699,0.3364881074394629,0.3373786285190242,0.25170911046478667,0.28217799194366244,0.29739707048708924,0.2731993332716567,0.2510646671377843,0.2814233897957336,0.42562544046393197,0.32001902637527463,0.25009448436613213,0.3054672891616763,0.2859941420271536,0.319345947473641,0.2186517264246166,0.2769732167088827,0.3163738571197476,0.2655607305343311,0.2796789348561108,0.3224415316197826,0.2947018173251692,0.29416804931754126,0.3133507760662501,0.3032939821114863,0.23997390346434372,0.3152355182258749,0.29045528376672414,0.26055721216828076,0.27393227704403494,0.3066331583983063,0.24879835521459667,0.23571707328634547,0.28433533955698315,0.20414395180269823,0.33633405195139715,0.24531524383048778,0.27165354173437145,0.347566811563432,0.2605686995802067,0.2970865112855193,0.2892881757520851,0.31730646427041764,0.27948340575829556,0.31723020127425916,0.2530308598393889,0.34113991495890583,0.2745337376496825,0.33611128624268055,0.30790267582537173,0.3240032429300448,0.2883268302648745,0.337779879121284,0.20630102732765412,0.30446239983789997,0.25117305283235924,0.24470796366629807,0.2992387620981845,0.2677054107950856,0.32331936325315724,0.2177072103546465,0.2748449057952338,0.2598382036907668,0.23184535719461372,0.2862515138997072,0.2919534245088267,0.22124575776059136,0.28438029961882155,0.25681974321807705,0.2812367334136061,0.2561791924092337,0.22563890655450888,0.21751449708684958,0.29454768055400543,0.2916274823640968,0.30549482249281873,0.37559925989217285,0.2393194152000921,0.3465515562186045,0.2703908940687692,0.2740526205102665,0.28885454756410767,0.2565297266190702,0.2893912976369994,0.2429239379975242,0.17998499880176377,0.3204952470781246,0.32388529572099145,0.2830902240056072,0.22268711678964143,0.33677230842253386,0.28473751531918357,0.25702490382096166,0.30658007154348826,0.3383395010566879,0.2640378985643575,0.2820966664598742,0.278805251936569,0.2675636771389218,0.28792164020637684
0.31544395387315993,0.2657535197717481,0.2531626326669718,0.24136451618430763,0.0,0.2325477197854004,0.31880893905957,0.24266418855363422,0.2717445434966608,0.24533300590263638,0.28283303224567435,0.23520511629600388,0.25953033816524373,0.2537064344471921,0.3452226314754668,0.27309150162787993,0.2994660903863768,0.33628925244650076,0.24983526477652884,0.29099530306073856,0.33080680735726614,0.30391562494945507,0.3009641266581802,0.30653966290402707,0.27796138132064024,0.2615893377855082,0.24206161623201922,0.24627207959332417,0.21385196831714806,0.2739107279695497,0.2960600114640699,0.23851795354878752,0.26216085572179976,0.24183824615850372,0.35083472348080436,0.268892189954979,0.2867450062830274,0.28549668720224075,0.2648819313263827,0.29767876804497145,0.29761035286986215,0.3089926084461672,0.32396506444509887,0.32460539730923926,0.2557513606987735,0.2778156230572711,0.30442418279815175,0.29641894670244817,0.32646898995199386,0.3083620158205325,0.3060346593024038,0.2676985857088508,0.2702374887338181,0.2544061810304003,0.2338337241166401,0.2347588290665189,0.26980280347408586,0.30726024874861935,0.29188388923379044,0.25285754242153147,0.21217483357647005,0.2097299258489102,0.2751666179595304,0.2414663695470637,0.286120290738901,0.23215714849188065,0.2453879238713613,0.29236632260466344,0.27254223273774947,0.3016157985165691,0.2907029570667265,0.2674572217367984,0.23370480863385554,0.2938791024692984,0.2582598530403701,0.23386037315726296,0.23612933832916405,0.35563083038720195,0.2653755351097156,0.21367871497965457,0.2770080540021779,0.3077128249405134,0.3257670645281133,0.22925910108383352,0.25796974903740033,0.28093089140490995,0.2524896902924504,0.26715757902102316,0.2433161396155062,0.22270555957281646,0.3777116846153627,0.301877096693423,0.307848410592571,0.22072278887271768,0.27799919451719185,0.24115310663131773,0.1990917752918746,0.24772899358427825,0.225651272372235,0.24748723383583965,0.23988689752511266,0.2183332003199492,0.257244530580717,0.23799074532990463,0.25789907054801325,0.27847204368428363,0.23703148101710722,0.31293379914128533,0.3367483996065832,0.27034684007318266,0.26886070846101806,0.2804026456246996,0.24415159653577923,0.26156454704702636,0.2627954971154629,0.27258090383733025,0.27159755188875107,0.24945792313581114,0.232638750747454,0.23418469613118018,0.33871365726601327,0.2255352684069423,0.24438914457359787,0.3346598708503001,0.2550568970928617,0.23741309424874166,0.21668760663701664,0.23653190298195595,0.23474219763015564,0.2827431028336441,0.24326886717137772,0.25276786966032105,0.1930577231068537,0.263618049060096,0.2601635789444803,0.2912320417743136,0.27254139786427933,0.36055764796751577,0.30154814535821417,0.32746138163222255,0.23878663620440743,0.2519437753973557,0.3055513101533189,0.2634803696080409,0.29595837176392686,0.2989808644322463,0.3211304293292372,0.2926944329023806,0.27120986091956256,0.18193146627124238,0.26777463436803645,0.2813629488780389,0.29109755597199277,0.2590705702894339,0.30942606103205755,0.29105776413622114,0.22726403165487138,0.3030661472481621,0.2446481621351374,0.2182113960795969,0.2573843900195882,0.26787945949779995,0.24997316103772316,0.35803996172442726
0.2781678690767171,0.36667200690703633,0.3125186664655969,0.27446020225044215,0.2325477197854004,0.0,0.2468321189239959,0.33793865341764845,0.24797649087009743,0.28343312989941677,0.31249812598181353,0.34642222499184677,0.3525458870742468,0.22780863536526763,0.2646492169316172,0.35125124130283936,0.31822266731034715,0.22860845596477136,0.2964937245754699,0.28389582838953326,0.3274060742767441,0.3141330723210252,0.22340950585256442,0.2545769710595828,0.3473703677711295,0.26128057618826395,0.23624980284043323,0.27053925653149064,0.24718867989781634,0.2332551157784956,0.2997375523937571,0.35814146124920265,0.3105832094382356,0.2881015027559923,0.2663582054301048,0.2808948797213215,0.3041662717615484,0.2659535369595576,0.2613928292835934,0.25400298229907087,0.2877734682162244,0.30419725453518165,0.24916801037558264,0.3126705152297478,0.3218978224916425,0.26295351788082566,0.2569557850680807,0.2910388214696523,0.2334493560496191,0.26684320975130454,0.2773209009742228,0.32521777090914616,0.23671785552437838,0.33882103032021865,0.2693293230957804,0.29766472995924814,0.25228792153425667,0.4033482435273542,0.22850117167775985,0.24540815561852142,0.32547354805928147,0.22674340979587768,0.30327773089264415,0.20748765636821265,0.213675910082354,0.2544511062456584,0.2772062043365418,0.27471995005099115,0.23910022692131505,0.285434536027427,0.2643698208485198,0.21133421969757155,0.272343840609675,0.3086846300089385,0.3671027115409451,0.23193644802641145,0.25378560575765025,0.28662560453429436,0.2535607133365513,0.2486945484582001,0.3108824849318849,0.26009934049876154,0.2902626775586505,0.30442949943941394,0.26757256567655324,0.3157013939784927,0.2977196535329608,0.2269366875542237,0.29531965060922605,0.2672297606514157,0.2773659694695572,0.30722713801906165,0.2723966801903618,0.23241240678880243,0.2371348793506052,0.3367021837168254,0.24140609459786846,0.3585583948085401,0.19085964914445147,0.2997202202888243,0.22273112128066452,0.23854718586396056,0.24216603623004287,0.24892537154882557,0.26607909392529905,0.327049073982454,0.30408807658475695,0.3499563281742549,0.263110498217422,0.3341967757607787,0.30778994636164003,0.2338669787683937,0.3412148499568532,0.2711187579880915,0.2656758374084011,0.3226748417879652,0.29292986607250837,0.2087825114952235,0.38096601608498865,0.24278348840690042,0.22980063410286278,0.25189219931927437,0.2930864118477876,0.2879979243479296,0.22548181044083096,0.32194159432466596,0.2524445373844378,0.269874744514344,0.3332962637578674,0.2254363341447854,0.28798193903890523,0.3308644830846738,0.22864448163654985,0.2707988371012527,0.27917441177354413,0.21153932307964737,0.2805299472189009,0.24300515981132112,0.2754572465193199,0.24886150968300377,0.2664694711375724,0.2941402906174932,0.2709309596697855,0.2646982535715303,0.29913510204144006,0.28835611571691666,0.296125721828498,0.301684284871865,0.31334634092785535,0.21962590570103208,0.24842776075748407,0.2679722967900865,0.22752021423796806,0.25705669790710683,0.3826077583890778,0.2712421099729647,0.24610905085763485,0.370487942808759,0.2235754209012084,0.24704824300542158,0.24643274710926524,0.270031426022062,0.21789759063181252,0.2585255964600516
0.31140959595643153,0.2875063399591104,0.22516186073226305,0.2972236039413103,0.31880893905957,0.2468321189239959,0.0,0.23970384046799167,0.23990919921587983,0.2641448129364029,0.294615637747091,0.325908597614622,0.2809317573266215,0.2392057362811958,0.36803589694210415,0.24794195432995658,0.2782562524533541,0.31646509746480334,0.3401909907831862,0.26530202382876283,0.2933967221383653,0.2761499720677414,0.4505610389174796,0.35883579001047405,0.3329321363117959,0.25370724074551165,0.28125826126977466,0.2898286982451447,0.2434570696883357,0.2986827271004923,0.29929605445044805,0.2713928735726536,0.309699645916702,0.3302269671705298,0.2792523964703136,0.23848663422811317,0.3299545980105414,0.2514747521354562,0.26149363091094213,0.3525425783729859,0.3231218160323921,0.29511664554892514,0.300035002617597,0.31090830424294724,0.2892185806532343,0.30451346302561816,0.2870959596095403,0.2529364470223207,0.45544469453380915,0.2517851614555534,0.33434799499695,0.27144571016152325,0.25651355272016846,0.29292281345287474,0.28645256854582224,0.2483098673663107,0.2895196773006136,0.2794830389815622,0.31873666000952633,0.2684344681694636,0.2186476933525657,0.1959554844376385,0.24998993548569337,0.21494456702933065,0.24752180830895826,0.23225403775791897,0.26117734996999803,0.2882073046068772,0.24237202740924516,0.27179953636274146,0.27551677367667643,0.24590309791461543,0.21119502333731371,0.3122031197617107,0.22553147058468515,0.29782367806321547,0.2951417688870774,0.3380536470025144,0.2583853417488301,0.22439499331483542,0.26617243656308365,0.27937117624322255,0.31458933976438586,0.21335683758619864,0.2428689165010819,0.2815303359941784,0.24057944898673791,0.2769428454923987,0.28886917804192275,0.2329020758729452,0.307187313230951,0.34757577531291584,0.30372483776948356,0.27246166937229194,0.2564539533782209,0.28355147454949975,0.19435876915687894,0.30111614057022795,0.2072454510830313,0.27707784545647773,0.24982581620814404,0.24082892851536056,0.2753645429781763,0.26928774436684483,0.23545289815174408,0.2735246800525138,0.232731259521328,0.3020160333036231,0.3522164710425371,0.302893824185827,0.39336720185509094,0.2531349225636643,0.2342092361075748,0.23376626650449128,0.2598827714591471,0.2772389493196765,0.31140076556877194,0.2691816756744548,0.24326656209153702,0.21438469773451158,0.2504844994372446,0.22109175054876637,0.23972711883352713,0.3883683567976425,0.21784359807637022,0.29870152653927357,0.19825195030476542,0.2602732975001469,0.2371538128164883,0.2754644943108927,0.22660426464903263,0.21798045151162473,0.208284747577576,0.23491421140169705,0.22798977620464206,0.24991338246468522,0.2949832657022916,0.31340750430006153,0.2950975796074477,0.33477788144273873,0.27672828670087785,0.22700205214754193,0.30549949580703567,0.2307041235956633,0.28451778768146474,0.3335398339200997,0.27548848288209804,0.30155737962940243,0.2650080661046576,0.16849709241068803,0.28411448135529754,0.32075054538557846,0.27964216187188806,0.26475349019046934,0.3538310826719817,0.3032607782441552,0.3066383804173262,0.33272470917384234,0.3011908707643852,0.26353360803353165,0.2706082278650553,0.276878189252589,0.2432525403815376,0.3081758760819696
0.29003056156338264,0.3527652260912235,0.3012418208646507,0.2801249256431553,0.24266418855363422,0.33793865341764845,0.23970384046799167,0.0,0.30620701686783275,0.3059864750588416,0.2784722264539564,0.2943291322495179,0.35794725863386034,0.25203027759798846,0.282947155232667,0.33809895449429284,0.32979908881987924,0.274603059500725,0.26422305689668146,0.30115044188084017,0.33349386891179106,0.2951544040410621,0.26131215466566243,0.25570976352889807,0.3268770854486774,0.2800049445051297,0.2953098012169196,0.2920703168684622,0.2107506177442196,0.2507258034297936,0.35722698093429756,0.32262459204186306,0.29860947166619906,0.2938979348399853,0.26423053378785566,0.29841364416572275,0.3275046682267293,0.30696712243090396,0.2842614573067016,0.28879456934543957,0.2721112471344262,0.32513902030980235,0.2916542353311802,0.2613357963727581,0.42723991253241717,0.3147663528921599,0.27296919596991226,0.25977144678191827,0.2719621680858491,0.28241962297416023,0.2910341279085213,0.2707496118657243,0.26556653545848496,0.29036534193042157,0.2644642195716892,0.29886217006891624,0.2714497109615659,0.3804874261472724,0.28583034588676115,0.26835234793497464,0.4147556308571082,0.23336216689942965,0.3089837108628026,0.23579054379711667,0.23505163999054368,0.2730372693555974,0.3217095189928553,0.28830077254718595,0.3078635641889448,0.4193697146986921,0.28747238942014525,0.24064108970790807,0.27903608281563635,0.34658861446400374,0.39746864358199474,0.24445850334247854,0.3084595918812786,0.3007022126732352,0.3416982165548675,0.20543820404898902,0.2828142666082808,0.2906304758515376,0.33211582118328464,0.3309058206476307,0.308596103790103,0.3858734488838307,0.4065694769320578,0.276824770243993,0.3384359885590216,0.29905576877470813,0.27386573161975797,0.2894572975053743,0.27344083337238084,0.23311894279626158,0.2931904693238445,0.29963286726632765,0.2808216419328723,0.3307133064937846,0.20540971768793925,0.32852872070065564,0.23678489403793773,0.329176585935049,0.24954034253809018,0.25069349179623185,0.3058770609504084,0.3541165398538181,0.32519514590679355,0.39230396248294147,0.30259133082944323,0.3009075582010326,0.2578032523400237,0.26816180086447616,0.32511898369285913,0.3166356356166517,0.28899780486432375,0.32186652028771817,0.3127864347733811,0.21626682987375748,0.26450104320828166,0.2556847426217592,0.23792254350867093,0.33391099951282444,0.2681690650047785,0.2967828977439657,0.22346673667291822,0.2711815660427561,0.25142351138726676,0.34446186487269737,0.30384667700342893,0.2722905816152561,0.32572450485659155,0.31068233477538104,0.2591743761151867,0.2592705408269808,0.27819875099793695,0.2179069609997888,0.2838886258165457,0.26159252114634746,0.32795265743777824,0.29629400346683976,0.27045456278287167,0.2774989456379827,0.3292431069873374,0.3066746313652925,0.3193009870793177,0.316275736446188,0.3319802655452611,0.32275108824123117,0.3423388770564904,0.20774889052782503,0.282193554662237,0.2970553876837509,0.2572911550030423,0.28404922698782065,0.3671018455871761,0.3305664844701574,0.23967474029982794,0.3401003155323454,0.21554298906060587,0.2440995774914772,0.28068764898741955,0.25677870779844664,0.25744146527594036,0.25483505118413835
0.4089510822348167,0.2720489710661991,0.24117056283173405,0.2356076255785705,0.2717445434966608,0.24797649087009743,0.23990919921587983,0.30620701686783275,0.0,0.22868134076647023,0.2427592433005538,0.25128144446432654,0.2842402151056084,0.2960646950735666,0.26847535971806585,0.2639246427612778,0.2756367876908337,0.36101513598300655,0.23236939185026084,0.34558469842961376,0.27455643176625544,0.3101976310570987,0.24777057338622083,0.2512403675675586,0.268330807338127,0.28354339244556837,0.28599047287667323,0.2575295532946503,0.18691401986634437,0.3100707530430417,0.3325294230918523,0.2716999359878162,0.25246515583257206,0.24949925405713966,0.31204642005457467,0.2620187250858435,0.2851129692663067,0.3532059549493783,0.2457200053719882,0.27727559448375455,0.25218648099905905,0.34892358476850804,0.28801658043167455,0.26459112637730964,0.31525390161097605,0.3194617560975797,0.29426681456020637,0.23804744986649576,0.2691624305046921,0.3249241839669486,0.2809513528717259,0.28383604574199345,0.28989055234404126,0.23901432653350957,0.22153015242988036,0.3346702348824993,0.3199987966284514,0.27483176956302297,0.27381713464765417,0.2636218406825021,0.23735437194076692,0.2618157778685151,0.28622640168624924,0.256744938724003,0.31554949235271557,0.2975967615447698,0.32973808967822155,0.31790990630871,0.2895283188611041,0.2929746297058282,0.39047503625418756,0.3030375984901976,0.3420370537524568,0.2784499406923294,0.3105753301626145,0.285361098147352,0.2262857028175097,0.24339128122241593,0.3464711326053535,0.220918959342072,0.2565882538087094,0.3900577464087331,0.33352078890559717,0.26551570671636343,0.3348400511392641,0.39164360858398334,0.2920996436933295,0.3452552561254238,0.30310626882520136,0.3979997386638512,0.3434715216541334,0.3276318089861826,0.2568135426393002,0.2727486790841347,0.35322838986154403,0.2778390889462298,0.2606840681193302,0.2866479335099965,0.2945993016846437,0.29353911605800814,0.26105230904319116,0.21757235242487888,0.2947622735144398,0.22620308467326905,0.365793949407226,0.32845863772139694,0.24473400093121217,0.298480226930096,0.28977164672980393,0.2464222619454971,0.2296039663976171,0.37988084736409516,0.3062995276523589,0.3205052980615256,0.30789061179462524,0.3209256583132322,0.2892302348271031,0.2250368538370741,0.20799944570561363,0.28157843398162175,0.3112369416363265,0.262795088147285,0.30690276595029575,0.2920763098123896,0.3447500171133404,0.22212703310471096,0.2684073937702255,0.2555732309197254,0.2254712557980598,0.3255491775089659,0.3747642370142874,0.28477724708192437,0.2517175002868153,0.35319580891204366,0.26285379111274737,0.267763014619067,0.3136100091520387,0.29469954269272725,0.3099531352908806,0.31452589151750154,0.24350206142057798,0.2626241897995336,0.33222161737731926,0.31269399829493744,0.3035033017133971,0.3907317642995766,0.3874310647484841,0.2484911921338282,0.2967280790066183,0.19479561141043722,0.3354099274165546,0.2588783715268269,0.27000003191137434,0.26545459019122614,0.2719655074048497,0.3310898024630893,0.23671688738314223,0.2775163551226397,0.25602895687814253,0.2503096707437733,0.23567946773771253,0.3204303631906323,0.2879708806548224,0.3347684574322547
0.2632737611307632,0.37147202543360086,0.34918989085905267,0.24898202532127808,0.24533300590263638,0.28343312989941677,0.2641448129364029,0.3059864750588416,0.22868134076647023,0.0,0.27112860465569805,0.29436309218851947,0.29015296911630883,0.2320872300601939,0.2577547117705204,0.2895951526681778,0.29231362679837075,0.28166829589881226,0.2602728732804059,0.24884789183224185,0.2762335348282212,0.2808303816135895,0.30451437827160865,0.259614152849724,0.3975781816054324,0.22932843346320128,0.25567038608259685,0.2711711797095732,0.3239748062442301,0.2303854545927487,0.2792994625894871,0.28298543645053825,0.22532166360081443,0.258872164441958,0.2445861361471932,0.238623095710689,0.28256107840813444,0.23866664075943855,0.23091178916645005,0.28177252067582975,0.22940510172304854,0.2972342540365052,0.2444854534733258,0.23152890424585681,0.2876326847485202,0.26186827307874905,0.24468537802442986,0.2620534392315662,0.30271507359221417,0.2123197104694523,0.24754778673115183,0.2273559865448179,0.22812656517094623,0.2694787834536659,0.26948035342973825,0.2680645023790227,0.23489670077173078,0.27182974846367053,0.2855711979848466,0.22820725623256558,0.27188400933661433,0.18823527401205897,0.2256147145051594,0.20673905685480298,0.2090878779461657,0.22887977485214467,0.24962865038840706,0.25259230012135964,0.26361197800522973,0.30670484440911605,0.2225183218357812,0.22936685042582658,0.2186491346306935,0.29436621271453733,0.27624991473122557,0.24082954007031776,0.23583150257114666,0.30961320148579935,0.23439453052942064,0.2140303200673735,0.276541730696427,0.23396317374251258,0.3185284995327301,0.25427447213662013,0.24138280360475153,0.27942399743497964,0.2528298996054549,0.23546092375581987,0.2889235340492975,0.22954211839257208,0.23881342616026754,0.2439040733465184,0.25290179238661253,0.20872109623005852,0.247091912958703,0.3003946870852615,0.18682655976673265,0.28124943041579054,0.18677914031720388,0.28437677924240407,0.22354742901449123,0.239723817586218,0.2221185399207812,0.3123874860529031,0.21543318932720773,0.256289887797738,0.24915028584485946,0.4291591905579408,0.27443127105827775,0.32803069331849305,0.25132816557688487,0.21787827459529624,0.2547177335966507,0.2657713390048151,0.2378401120620306,0.2904813576634968,0.2972862183756888,0.2797542379438532,0.2799168351504168,0.23110383741893728,0.2068163746048348,0.21854492806101594,0.227016626919653,0.28672388265885523,0.19962614988380825,0.32639363812073435,0.2111930252033297,0.24029189249451288,0.32422254337270495,0.23312127917349015,0.28575573227357226,0.23592890645620151,0.20896137332967574,0.2133584616878365,0.241697373211257,0.20470717083584095,0.2715423717634579,0.24736497733327878,0.3159151126720548,0.26159463575768,0.24475465991052262,0.25285753501743136,0.2809161459412889,0.22493541330234276,0.26823931305280646,0.2745198298402218,0.23147012667131064,0.34100350225983134,0.4440338036552851,0.20299283263795467,0.22628446488612805,0.3027950212671374,0.2317914340087818,0.28169012458363135,0.3208266247794919,0.2630934252118776,0.2220311850267601,0.3385599870038718,0.21902813289387088,0.23106360710765225,0.3110213997911865,0.25564427983657595,0.2460865706815384,0.24688853684195286
0.33599594191495313,0.32164433001895326,0.2973869661952299,0.2926534640194697,0.28283303224567435,0.31249812598181353,0.294615637747091,0.2784722264539564,0.2427592433005538,0.27112860465569805,0.0,0.337038457867066,0.3459652116913461,0.2518104373533703,0.30618845744357104,0.3820890931475408,0.3527579178810647,0.3153140400585193,0.3551021408174794,0.3022112558728243,0.3465851375775283,0.3649056207478099,0.28033184969606656,0.319645010939272,0.3687372378665548,0.2875324775321406,0.26416612494063346,0.3221714125752139,0.2861955389999216,0.2716518546097472,0.2972067307135604,0.35340059573248245,0.2870889271770321,0.2735772927496972,0.2799926752517083,0.2988476225530667,0.3702991065008883,0.2918829601348485,0.3635030962973153,0.3180963032808862,0.28499109978548404,0.27507572181238604,0.326241791035947,0.3233770792751632,0.3103127762511693,0.2907132549761434,0.2214449835672755,0.40976748962096254,0.34529463538442834,0.2721145628163656,0.382962348474061,0.26468940763244847,0.2545860075477982,0.3950258147068844,0.3854402117690618,0.21658272185152766,0.3311977180506557,0.35968833341608797,0.3164737435135655,0.28459972465335226,0.33675532760260973,0.20299845122202756,0.31898877254928537,0.2214489036721653,0.23221786560857957,0.2727624020248186,0.2977734120220678,0.29114554736592635,0.31872310023749795,0.31652110617350265,0.3023577930358452,0.23009995568234057,0.26019256359694753,0.37518592915772764,0.3274018427759601,0.26646003264266416,0.3434976161675702,0.3068230753711143,0.2792707909676237,0.23209443963805867,0.2892466284370753,0.26738652062925594,0.30692949526970914,0.28254737591901363,0.2521386045626995,0.2795659762631047,0.2913598639541916,0.2855459457976501,0.2679175045776329,0.23223486768493504,0.33837907354527874,0.2347657860974531,0.3907087658867766,0.2815646983290813,0.26684368448093787,0.287814623551551,0.232472205346168,0.22821328457109877,0.18984431644376676,0.2668176658451375,0.2726622743555123,0.3008516226344154,0.2412892797905549,0.2316877821945653,0.2720643678693927,0.2590132979516332,0.2773673853104978,0.3024345348800937,0.28658796950993387,0.3475264911557914,0.3885064974046068,0.2478446325215725,0.29106316701544727,0.26708049012253676,0.28432160996052264,0.273329410717824,0.2917157367325354,0.29061926360479984,0.2986754595278882,0.21682958350383064,0.25236445513169886,0.22417575465827932,0.2601369633581615,0.37206099799621745,0.22221302530964304,0.36092548663002233,0.20350510448214093,0.27965937918362316,0.28784388577493875,0.26438356357656423,0.21904568559735182,0.2971301485620332,0.2627679050717632,0.26344635351945,0.34421376203508197,0.24336822384970022,0.29498606243287057,0.2696277592260096,0.3492972817330851,0.3291244724172125,0.3083811258942702,0.2821782768664148,0.2734448031553115,0.27613024844648143,0.3419473662356437,0.25257620326053076,0.26983947859806184,0.30190847524659675,0.29068803939054766,0.19758180342780515,0.34825940875583966,0.31214308988498773,0.3576059970519084,0.2519454114341961,0.3075280011646929,0.31227844289263773,0.2952999073892774,0.2990692478108314,0.2661563009722435,0.26060223013534917,0.25268347992710805,0.28147790863011835,0.21571707570294768,0.35445204027282934
0.2753732858026273,0.36217813329661813,0.2882781584621493,0.27140913454181054,0.23520511629600388,0.34642222499184677,0.325908597614622,0.2943291322495179,0.25128144446432654,0.29436309218851947,0.337038457867066,0.0,0.2688891528962099,0.19827933946155518,0.2970602947598854,0.2952893164150474,0.2849998683661881,0.2401359071915703,0.3691049944999136,0.2695100802255634,0.30368713661478075,0.3063392392991081,0.262520824422963,0.29045261626904983,0.3604423253058262,0.2288877785678436,0.2530847349625539,0.2538724150480421,0.2674686996507886,0.2907962660938172,0.3220681874582104,0.31911786732768843,0.3026749460784983,0.2915555878546098,0.2341749363486543,0.2669114329421362,0.304215780768464,0.2439574483639984,0.34577781767746324,0.2711049405733539,0.28877646163820564,0.264835476303308,0.26725505859397425,0.296835784219262,0.2941008050529666,0.28115851521072766,0.26298337605108085,0.2900728060264709,0.27861848210565465,0.252406325430099,0.3322435596615089,0.27685823326166503,0.23636165917216345,0.37239385981593837,0.3697087582879706,0.2341759459739216,0.2906108304296767,0.35773583046081636,0.24467016311938614,0.26213704567263285,0.2562943440119907,0.19353345581264153,0.26305356805162694,0.1967173271063472,0.21450414461066458,0.23175876128130213,0.2383583962085673,0.2485742503074436,0.227966677146703,0.25181340582477096,0.24963380038683217,0.2025441158206589,0.212511213520387,0.2906692793318912,0.27061473174883494,0.24219931484292634,0.2623407205921631,0.2976570614950823,0.24723405627544726,0.20026973833108933,0.23409509388808603,0.261316712465723,0.31174786228795015,0.2122003980825184,0.23784472266264817,0.2816141466541191,0.23512218600444207,0.25541229832486406,0.2822021778993567,0.24303487013135766,0.2798953906564052,0.28734389734676313,0.31895855399703466,0.2554364059157121,0.22741805571807222,0.3905201037659094,0.21606892458276344,0.27890932138714775,0.17745793836752208,0.2559738016975339,0.21977159007888286,0.2532949849262551,0.2432780565731493,0.3048420826497797,0.23833012566737066,0.2651331235457727,0.26575409622343454,0.27461747868377717,0.2722539056894568,0.32985086638806516,0.3876625058827561,0.23099113403437338,0.24140967311207356,0.23509164066607183,0.2456490935402655,0.2712862286772653,0.27216655203873563,0.28409518353122526,0.27832502284767874,0.19823791528629348,0.21500109814638926,0.22012481459525188,0.22299238453703835,0.3277292587194537,0.18786882835533256,0.4171344376431846,0.19839308704232397,0.2989373677941509,0.30320580235746025,0.22971566421996106,0.23144114234168733,0.2441988531436543,0.20221433325628016,0.23542356053336588,0.257999310514175,0.20008550480525641,0.3089277456757743,0.2417953138832055,0.277103517665127,0.29423367521034277,0.24711013541651913,0.23809750023749143,0.2877406701167134,0.2534993329139401,0.278493517000008,0.2995855276474113,0.3237527392184648,0.2744144006410917,0.3341467639309921,0.1797235279595666,0.26910032394018807,0.29776762573471466,0.2712317758720859,0.27161406811110467,0.35100880427230186,0.2520460803319332,0.24965185497232448,0.32057020326535096,0.23032569565286862,0.2321522152853646,0.20622687839151363,0.23580396361736664,0.19814248915739854,0.25737259824485875
