0,1,2,3,4,5,6,7,8,9,10,11,12,13,14,15,16,17,18,19,20,21,22,23,24,25,26,27,28,29,30,31,32,33,34,35,36,37,38,39,40,41,42,43,44,45,46,47,48,49,50,51,52,53,54,55,56,57,58,59,60,61,62,63,64,65,66,67,68,69,70,71,72,73,74,75,76,77,78,79,80,81,82,83,84,85,86,87,88,89,90,91,92,93,94,95,96,97,98,99,100,101,102,103,104,105,106,107,108,109,110,111,112,113,114,115,116,117,118,119,120,121,122,123,124,125,126,127,128,129,130,131,132,133,134,135,136,137,138,139,140,141,142,143,144,145,146,147,148,149,150,151,152,153,154,155,156,157,158,159,160,161,162,163
0.0,0.8274110964529064,0.7571716447817235,0.761258162209431,0.8238084584922606,0.8144027263212184,0.8075064416233806,0.8253153840213407,0.9030415845101821,0.719033714943171,0.8379611035175014,0.7510983039518041,0.8772309715207018,0.8522741367195604,0.8267138508290118,0.8069731457436413,0.8542689878592012,0.9374478068082349,0.8116530783730805,0.8987806328042673,0.8318814856334547,0.845721603877584,0.8245134718204804,0.8135062071375263,0.8259229208673745,0.7559132241938253,0.7652055950064424,0.8640821710910115,0.7156992457033877,0.832340402669136,0.8229789279155816,0.820799474078415,0.7764916089744766,0.7739533818357247,0.925903554614593,0.7677617552784323,0.8769788065343153,0.8821171200970346,0.7134532178045706,0.8116701875863964,0.7826928204010308,0.8608601532298799,0.8390705785319326,0.8025184665460617,0.8203987509139916,0.8161977125413084,0.8277206926920208,0.781405012484655,0.8820360653912639,0.8584053103135089,0.8689612150808101,0.8609660767780704,0.8215036841161237,0.7736102039699966,0.7369567079669173,0.8415109548473739,0.9194714100749334,0.8099194254398104,0.8329372540852101,0.8435543317816779,0.7929188971525256,0.757023958719243,0.8747059171925873,0.7472835512576576,0.8231346264871607,0.7859647320054356,0.7837070188693646,0.8696198844748966,0.8172191520604287,0.8971602712121901,0.9180738099982282,0.8461590565290269,0.8515111227566234,0.860327929066433,0.8439433843959255,0.8356654054726783,0.7550159565038528,0.7644919178040025,0.8125350624214548,0.727572638319743,0.7959310579256863,0.8903915286295297,0.855233940274451,0.8407395436865533,0.8791890159411714,0.9130300369,0.856582067454861,0.8738213542195921,0.8527004692297682,0.7675390586482032,0.8782706554009058,0.7953452142855678,0.8194530921021068,0.8552839495674854,0.89947920434027,0.7647370649325317,0.7142888141712089,0.7760228752122403,0.8010289659107732,0.8294615803854398,0.7717812469013091,0.6999218061541136,0.7096798217915439,0.7151084275350875,0.9065402916941866,0.8269275452980767,0.7158430222863449,0.8385099161951073,0.7926432578465001,0.7927222472049943,0.7837970221031682,0.8490696735743284,0.8687187459869726,0.7679121146673741,0.8655400453412202,0.8859226398385569,0.8747911360276874,0.7441797097484911,0.7607652492728393,0.8215624936067091,0.831613340303224,0.7690303972418271,0.8925082798669505,0.8592992048046378,0.869445033979003,0.734547982843324,0.7771435555157719,0.7489731612379951,0.7372036366533102,0.7960482978527922,0.8264816069650446,0.7935436640398338,0.8113899246386953,0.871001699001208,0.7591429625494562,0.7939075163949018,0.8464344646080031,0.8245519441877007,0.7756550802779522,0.8215912251762597,0.7771632672376986,0.791879972333329,0.9024304781109312,0.7687520279377431,0.7886406460692817,0.8433893408858465,0.8627297651351014,0.7231172906386951,0.7667590513737598,0.6615790054979165,0.8888324927255872,0.8147420905040063,0.8179489528975793,0.719966531070539,0.7696350638127933,0.8583039850663708,0.8564679864540111,0.7979837116955227,0.8055542949178904,0.8488755633122479,0.7414424678385824,0.926616522094477,0.8485782655799655,0.9269416710671724
0.8274110964529064,0.0,0.9297739760013892,0.811548916521763,0.7966614433177437,0.9012881426645478,0.8637276293819233,0.9588353893261958,0.77491945702798,0.9272511645269634,0.8978319700947877,0.9158808711786913,0.9021543242391098,0.8178285030171749,0.8918115489324999,0.8813644536155738,0.8656682020897358,0.8207522122823477,0.8866272268336925,0.8498276616738324,0.9104922960564713,0.9470085403329037,0.8469816482056619,0.8958004678282094,0.9364203124896544,0.7388005804861466,0.7944774953371294,0.8410576499691429,0.9130614956105672,0.7796840991583387,0.8944385063117537,0.8905826818072202,0.8660463757990599,0.8280835187465438,0.8532577383594927,0.8965047021959311,0.8922544529495555,0.8551554439495852,0.8683919972254689,0.8489769872775169,0.8870503619316356,0.8230289466439548,0.8362030422997331,0.8422382751208649,0.9389536552283707,0.8141379354441977,0.8207885378271792,0.8724368767804054,0.9048161636022818,0.8176633765225173,0.8544502504622273,0.8030651595404527,0.7728091266679642,0.9236734655981137,0.897048144376638,0.8352703957405779,0.8159027444330068,0.8694118810827091,0.8762271069073067,0.8568083453752733,0.9204170802423727,0.695037226702636,0.807737640189204,0.7881000109396403,0.7156506027234399,0.7185255784727125,0.8121033976651034,0.8393413170668712,0.8008783675263689,0.9037437467303232,0.820879827337543,0.7779883996109936,0.7143717808300464,0.911059475866403,0.8664577542954289,0.7568479217204016,0.8338435628602658,0.8644587814456955,0.7835493086143415,0.6619074845965431,0.8327477772492443,0.7974802570742698,0.91346302399925,0.8708662514365555,0.7472490585254954,0.9325321466749464,0.8334179791235746,0.7755166432212932,0.8584850215787109,0.8014631418635085,0.7758994970826891,0.8206209975695684,0.8943334247721444,0.7564061389256022,0.789862928441229,0.9113543737487244,0.7768472152851046,0.8537141536956279,0.6755926196529319,0.8406509062222023,0.8272873550722784,0.8374993805411928,0.6880687552048754,0.8631815565954309,0.7981705695567396,0.8263265355060522,0.822594219062445,0.9015842574405835,0.8636804698983999,0.9225154233496112,0.8593882472009461,0.7277776653737322,0.8034560713088754,0.7700439884404682,0.7817117450114265,0.8238081298117311,0.8390067767059848,0.8540974287791052,0.8608834791443337,0.7385948668738324,0.7399694848517812,0.7672461231664355,0.7797970855838883,0.8877688055787515,0.7151735715804419,0.9275014685604792,0.7070563481332824,0.8935574719617461,0.9186423535167296,0.8235459896071301,0.8204785456037037,0.8157827956515794,0.7204571015664643,0.7659290436494355,0.8770407434365906,0.7461733113445794,0.8752649838053329,0.827462757287097,0.8957256539877632,0.8944768296028838,0.8413619399185515,0.8471215394279605,0.8802532424526456,0.8331258696059024,0.8937094717018548,0.7678042305774995,0.888346982569239,0.8693018238734671,0.9258923964123069,0.7290049824206534,0.7985340072108745,0.8661460989850807,0.8311735080105317,0.8783651081469575,0.9049183587502676,0.8902943895225105,0.8581218318269364,0.8882740831756066,0.7936725456076074,0.7327034323296867,0.8328554305902806,0.7883267837812182,0.9497091920161543,0.7856109855758762
0.7571716447817235,0.9297739760013892,0.0,0.7389619994301803,0.807706949417342,0.8786680999889969,0.7792510032815307,0.9115257764836864,0.713551056254395,0.9395842893985351,0.9105038573347772,0.8819651349689407,0.8855113145948711,0.7810638568209599,0.7878141066146006,0.9520175514985239,0.9039241124135852,0.7795714309016558,0.8385733193747479,0.8087942269160056,0.9106505275447452,0.9446497346378995,0.795567551565978,0.8214997562228699,0.8929029264609408,0.7077590068229488,0.7789493980269755,0.8210542330746988,0.9241064689511937,0.7928739364651599,0.7833877227625046,0.9118602603751819,0.7685958018658963,0.7531132303607715,0.7614317562813562,0.86623404028664,0.8352081725858848,0.8484807071283261,0.8300799058964135,0.7937545256643189,0.8117260262853514,0.8253376444454668,0.8237220189693228,0.7771295663726177,0.8621820356523155,0.7506505964301176,0.7969638932602767,0.8636249894541447,0.8495356370802842,0.8033588154018514,0.8053112846739205,0.7489045739161436,0.7248430251539145,0.8721286985541085,0.8835266241169095,0.7633996077201831,0.7741111486708652,0.8903788015424677,0.8405081150647422,0.8056838234787608,0.8835657770819255,0.6901659777661714,0.7936406315360551,0.8070975565628351,0.6593000998069967,0.677750725218168,0.7349632141728428,0.7993283935097679,0.8454115736559741,0.8744077957198074,0.7543659414548157,0.7126417324071256,0.6982169087344631,0.8974174074865854,0.8866557004026364,0.6687699553377748,0.8642776768545347,0.8633652497319149,0.7055891592820915,0.6439711218223882,0.8172135109798533,0.70685519857562,0.8632600746592651,0.847082399903848,0.720810290098535,0.8562741773885364,0.7938425676916534,0.7275856625981532,0.7830582151537849,0.7052974323907352,0.7620990304939458,0.7122454390461535,0.8884780708031549,0.6851847426635961,0.7415164346113163,0.8443887661199376,0.739444067908411,0.7792345554995251,0.6361602399904003,0.7471104575083923,0.7441286453725472,0.8773645948809621,0.6296287804055499,0.8101200602382904,0.7480151972819694,0.8135974343982632,0.8491062111604202,0.8905179299929278,0.8044485121287096,0.8821454718897798,0.8065030655785771,0.6953833312644189,0.7498282755718202,0.8054854503793788,0.7096785373284754,0.7804874195542213,0.7692763283924804,0.8863720691534536,0.865808771893701,0.6972536433233842,0.7246351801848728,0.7109065867206542,0.7315947118133933,0.8062882787525194,0.6461925627419549,0.8858046304454055,0.7041472673359556,0.86363244669098,0.9119824416366911,0.773250746940513,0.8134011779423332,0.8937984005900164,0.6801653192230774,0.6880109051491272,0.8393642154724479,0.6992448114277809,0.8184942386071479,0.7392179513522454,0.8676793184236491,0.8351616986054283,0.7492671348365725,0.8951059523880335,0.7869572995403232,0.8441904013126476,0.8658746365012362,0.7065425222592421,0.8268861632345933,0.8529872893871977,0.9321599820821739,0.8102789447808387,0.6937756708210908,0.802991253231782,0.8416973372842345,0.8814806526328258,0.8511370876013173,0.7982053305624828,0.8064943185122067,0.8427339750084257,0.6917280858813694,0.7147083364926123,0.7941553013468812,0.7000143195722411,0.8688111751858378,0.7349739164209852
0.761258162209431,0.811548916521763,0.7389619994301803,0.0,0.7566817189940023,0.8005589706552454,0.8984487805638083,0.7977145117738337,0.6740077581177922,0.7377715030272105,0.8099995920160781,0.800737943497732,0.7551174662668507,0.7504132059812184,0.8235905901020364,0.7068579093643255,0.7656871851242294,0.746806740397951,0.8073013999238576,0.6645253660347102,0.8044496113373838,0.7704350248983027,0.8367487589144371,0.7975783229333326,0.800230745406269,0.8212943251492792,0.7460593478878288,0.8043300681994934,0.7632243085230408,0.6619807631420468,0.765790838573681,0.7072526990277511,0.9530955999839994,0.8200482648519813,0.8203970059683294,0.8223957917734614,0.7791334309653158,0.7437372550587844,0.7204285646608334,0.8357576061221641,0.8943409343613463,0.7380874162787243,0.7146828738099629,0.8527238426335598,0.7899705528157727,0.7122790968798418,0.6980862762525254,0.7560621004503426,0.8153601378988999,0.703244275176626,0.8551903612569285,0.8747473470252534,0.6984690537057632,0.8855967732699486,0.8042512613799417,0.7270310848764421,0.7294488191712971,0.8136309394079142,0.7540843433949456,0.7425307707366009,0.7873808668752386,0.6235498665785648,0.8013592938639184,0.6523683509830442,0.6452424098480509,0.6376382777195297,0.7704271027245704,0.7208184263235311,0.6949645190857038,0.8151060666690679,0.7374768202284617,0.6934926249187178,0.748449644647962,0.8328295181299568,0.7385082721682923,0.6705072380346513,0.7375836289099367,0.8018746170181665,0.7616156949574843,0.6407587767995812,0.7369593221196287,0.8063352609556196,0.7452194582063976,0.774096397057371,0.7883136442116895,0.8012911674706713,0.7570465208314955,0.7218982291366767,0.7525309346865255,0.6883902941223674,0.8343809618511122,0.8438112053236289,0.7742207891344591,0.6868876744675405,0.8241743194286907,0.8151830113676599,0.636249770319705,0.8435725465091212,0.6766799567134654,0.8518680141050265,0.7181775078872992,0.6673716730867871,0.8626454043718454,0.8230410614446982,0.7733447243930752,0.7014357867569893,0.6846139298064791,0.7975540427539048,0.7731712520087741,0.7428480404936783,0.8770079414369841,0.7637634147801862,0.8212817601099701,0.6857891999924322,0.8078493679135086,0.8087223482804083,0.7796534865178901,0.6530893387456016,0.8763995128258025,0.815463231282543,0.667543587433639,0.9112622371137469,0.7377868846958647,0.8260595192357141,0.6705065063829807,0.800476533004115,0.7107532167052716,0.7170968596078986,0.8183719142303534,0.7055189888439964,0.6690263147355867,0.6640139722299581,0.6600133932633561,0.8154531441560703,0.6963270144537403,0.6209483815345594,0.6714043200220002,0.8239191164158669,0.7635278151851032,0.7316963817375864,0.8879501527723211,0.666789621082808,0.8443918623118819,0.7490011376472776,0.7578182421729687,0.7949636422877885,0.7567250737636096,0.7083197108372382,0.7127985253020714,0.6027205796993084,0.8180082281992361,0.7987741332884658,0.713822155647688,0.6880026582635645,0.8685107137530711,0.7295767407561731,0.7353541939869046,0.8378442453654519,0.9187703110980537,0.7828435426471122,0.7518830370802612,0.782281060342033,0.7823955449211302,0.794580686469925
0.8238084584922606,0.7966614433177437,0.807706949417342,0.7566817189940023,0.0,0.7614828861866695,0.8462117085075543,0.763764884445187,0.7859902750890962,0.7257872483352992,0.8729034872341932,0.8083513465768174,0.7760484424040632,0.7665570297157075,0.8270075576769648,0.8326412620734993,0.8289359417712888,0.8119906477691707,0.7783464015892012,0.7605382996115654,0.8544572430537433,0.8728201953611773,0.833446388829936,0.8167227946117436,0.7866392772245256,0.7889457053567777,0.7658500999570095,0.757982722793577,0.7666158153183226,0.8503349392230978,0.7820657055259655,0.7719247181093408,0.7726990449450012,0.7206242743959062,0.8324985949898862,0.8216416114325431,0.819592337836097,0.8525154285604467,0.7919386760314137,0.7946881844094649,0.8114321243704956,0.8304101806574691,0.8359846830744211,0.8288897861007983,0.7634523497069157,0.7153308886763171,0.8202181255626059,0.8157357779082646,0.8660113750270153,0.8338632264719161,0.8539656291645892,0.7977032735416288,0.7061007916008437,0.7967400657302435,0.793887130364148,0.7351370703151969,0.8074856827880439,0.8762482001908592,0.7608939257185912,0.7794468984304166,0.7030788193320215,0.6926384267917141,0.8005057113931372,0.7676222942563068,0.7066097230335054,0.6278399943472085,0.6958076325698406,0.8118542346679432,0.7925300093008578,0.821178996183736,0.8216499426411432,0.7535157544747753,0.7235246961921852,0.8279109041638737,0.7647374557052836,0.6492404660906892,0.7926814267048184,0.8923272575822458,0.7050879992645694,0.6585375724126292,0.7098894696165629,0.8069196297823432,0.8450351969820039,0.7274825095609444,0.7827449754459702,0.82287317386999,0.7418942899516631,0.7786084694040758,0.6977337313075226,0.698697026663632,0.9227305495456354,0.7601385485920324,0.8742782786959454,0.6808244118633526,0.8167854808484404,0.7823033250548942,0.6353950762047016,0.7266383764974345,0.7757317950164448,0.7013943534255312,0.729104812648957,0.7134819679040123,0.7032976409204226,0.7341017850697249,0.7826057243181775,0.7696300523304106,0.6838939044990898,0.7876460397533713,0.7665708543441432,0.7675790072701427,0.8062868309402675,0.8600777730245341,0.7135950511103198,0.7500243660290139,0.7405996324929172,0.808159230553949,0.7120362696267263,0.7908052628466953,0.7686132699153536,0.7556159154335217,0.8838359874653497,0.751691041802837,0.7399317587210538,0.823574692745417,0.7323954773943351,0.759434634933135,0.7110810946470594,0.8049493532430609,0.7491689716588688,0.7633126657690488,0.7463674091331503,0.785019832185833,0.6678004726162168,0.8055313065625548,0.7413473068054489,0.7245456006389891,0.7770408435866492,0.8248108826607533,0.7767957124268574,0.840593772329631,0.715109809397945,0.800724128750952,0.8131465605180499,0.8083303288310076,0.8257192157480242,0.8013680763981057,0.8940780951166941,0.7067267358093424,0.7585689120628732,0.6939246229461465,0.770316463176863,0.7489718281860482,0.8322656653926576,0.7696363372203151,0.78459402861044,0.7551240999683574,0.7574392192383052,0.7946972906898542,0.7470201183375753,0.7716737972391119,0.6659039229097768,0.7587380802789444,0.8043411766446168,0.8862656438703936
0.8144027263212184,0.9012881426645478,0.8786680999889969,0.8005589706552454,0.7614828861866695,0.0,0.8003096677347017,0.9021987418431356,0.746303374177691,0.8680251150843986,0.8557401140412899,0.8971180807346404,0.8492601138094027,0.7251238566156671,0.774545572272519,0.8553112118442634,0.8509024808592058,0.7500484331138828,0.9065050945592468,0.7749918506330182,0.9060949492413306,0.8461777763036251,0.7586871368213347,0.7886806497805163,0.9269785135378371,0.7096360414639709,0.6846922068242193,0.8181744647716567,0.8350651434540286,0.7832530267770352,0.8304069779628144,0.901857152678523,0.8149807183427081,0.819870678524803,0.7952408913352885,0.8160812818309741,0.8543974073023338,0.7853436021043084,0.7670694987798238,0.7351272945672994,0.8095271146519255,0.8564496077422361,0.8001709111609916,0.848649705266293,0.8172119891057548,0.736858495158325,0.8082112892538055,0.8513603008212749,0.8122089570579781,0.7436223906744863,0.8408784739722858,0.8569811018384165,0.7310658239662919,0.8750706023247045,0.830754773380399,0.866392173184653,0.7794384711862562,0.9098006614127354,0.7632922971983105,0.7466630103813716,0.8810520863785569,0.7065430350966806,0.8650063637152681,0.6893195825657235,0.6776499044975398,0.7105463807173409,0.7192382520159533,0.8128443293049529,0.740732405864076,0.8883213698645023,0.7878366641391359,0.673376270766416,0.7490088635891657,0.8534009009187266,0.8629500475093036,0.7515433529816918,0.7731451425578288,0.8129634826414673,0.7426700492017836,0.7500165211065012,0.9187099625349443,0.7782881731910847,0.866115404535552,0.852810473774787,0.7913168523838716,0.849916131355043,0.8960290637621282,0.7220419609678309,0.8322485846817789,0.7287385710373467,0.7784702614047998,0.8190554591498561,0.8192472203105013,0.7399281283269737,0.7511586531457949,0.8871608941597359,0.7449648385292625,0.8975696566389275,0.6598267820845302,0.7974402048256812,0.7166893037255416,0.7960725219047741,0.7226776890955602,0.8541651109095253,0.7895177427169575,0.7823311694776613,0.7975410081702998,0.8885562411946709,0.7533171315129634,0.8770568324920976,0.8787448381192141,0.6969626421177793,0.8731091341514483,0.7419276049333325,0.7512655499554791,0.7965407663642546,0.8917124110493551,0.7707826131687837,0.9161426506855196,0.7554712284565136,0.6609525565786168,0.7996610954069868,0.8200951747067635,0.8651635583253803,0.7029711064999505,0.8710475160344696,0.722059385893029,0.7813398626284785,0.8895437133497969,0.6874182179561312,0.8209693043836148,0.8529359966491259,0.6781588755140621,0.7633788256377317,0.7834704100380314,0.6835368809861835,0.8130548721249238,0.7094932494177894,0.7378528266321408,0.7980082574618877,0.8195587174696761,0.8274094753368609,0.821442377070724,0.793325120963296,0.825643853723111,0.7677542369732532,0.8357404523744305,0.809776557191549,0.8763451106059286,0.7258094505176723,0.7854884390617355,0.8635928368288224,0.7436292776362116,0.7439557794864364,0.9174459421287814,0.7972714349548266,0.7714854517184329,0.9065599477989073,0.739178860811739,0.7794778364393984,0.7899224323262695,0.8265125114544816,0.9044989565422046,0.765726091835581
0.8075064416233806,0.8637276293819233,0.7792510032815307,0.8984487805638083,0.8462117085075543,0.8003096677347017,0.0,0.8228941777142393,0.7255427404623924,0.7876590749322453,0.8299482297726233,0.8620007489147985,0.8010343780579504,0.7627029582754985,0.9243862007412519,0.7575545878024909,0.7654612135788343,0.7803560000837728,0.8066078768144724,0.7186526689527998,0.8370498475496951,0.8288213599084872,0.904055251848809,0.8938480067666136,0.8574177345201273,0.8603858747831823,0.7701686591000768,0.7662653709598652,0.7986525632241149,0.732363226753994,0.8676569518079496,0.7655726608108472,0.9263249436765,0.8604577943651435,0.8527660668890301,0.8442865412728026,0.883874242196189,0.7622633524814092,0.8045866419507391,0.8770273904261948,0.8897810168945953,0.7685563239932921,0.8065306685877057,0.8964016033547016,0.8690285901964253,0.7810817274457728,0.813469329085741,0.8274086717551163,0.9185035118818186,0.7511629294597703,0.8921116539390249,0.8375988233739251,0.6915136734509327,0.8815417629055102,0.844771200904814,0.7975183588450119,0.759592179652301,0.8204714555634839,0.8029763351563876,0.7874463935485526,0.7737645928230531,0.6516759531154267,0.7693615982900445,0.6932610641126291,0.686701247067753,0.6549605911305111,0.8210592533817905,0.8425729559053381,0.7132956814078502,0.825047831314815,0.8209028408643578,0.7525784987720646,0.6976767104267461,0.8609488374436808,0.7127656095595292,0.7319291727037028,0.8056493758244071,0.9130418506565173,0.7771895529055683,0.6684435778902934,0.7354705311927553,0.8328142874132073,0.8595389842034318,0.7461730532890298,0.7514592557013825,0.8410052839995786,0.7740152389752674,0.790370222896315,0.7904868938001371,0.7841188153057839,0.8409518567585196,0.890990307182585,0.8317850094804503,0.7067041676602532,0.7995599369998765,0.8875023949874552,0.6411792220382919,0.8462926332912268,0.7001408344302313,0.8557516175054858,0.7938349468260206,0.73362494042806,0.8268076149792984,0.8407016715833685,0.7567514284103766,0.7750885350988066,0.7010579648963624,0.8086155928247514,0.8514341929903818,0.8326613786063166,0.9027441667471595,0.7823137061403379,0.7886167674993572,0.674378192592195,0.7904817684143934,0.8109784198501905,0.7720310186802921,0.7469308646185342,0.8245279768898656,0.760591553180752,0.745839940844347,0.8388612560825895,0.7434457517968189,0.9163231619184593,0.6962278976989038,0.8573951945074367,0.6870712656239806,0.844049340265432,0.8137438352956456,0.7877297926973207,0.7017906012485444,0.6759664216471611,0.6702861944954442,0.7823891800860406,0.7559105139733776,0.6901600728510137,0.7854137391185075,0.9025867099668069,0.8179014292957145,0.8391303689294886,0.8542368515426273,0.7177913085624789,0.8739472689238476,0.7454815574623189,0.8480150415312073,0.8771972829454182,0.8537693253446823,0.7693214770463909,0.7729772804509861,0.5929902608692457,0.8411163536473437,0.7946097567975385,0.7335509641124539,0.8056082991147633,0.8899826203303814,0.8318167732489492,0.7902089167440564,0.8958635280563639,0.8856522608859144,0.7857723977219347,0.7630492135243083,0.7862597099488613,0.8663962786412588,0.8203956375041029
0.8253153840213407,0.9588353893261958,0.9115257764836864,0.7977145117738337,0.763764884445187,0.9021987418431356,0.8228941777142393,0.0,0.7960350595549766,0.912215085516648,0.865497734307246,0.899346670408431,0.9009210933441911,0.7902585215754073,0.8380976211138117,0.8805148619884297,0.8710504095996039,0.8211194829881946,0.8770996843682878,0.8366206147253037,0.8823939366935547,0.9061370287740532,0.8531049470546858,0.8408976227977347,0.930089864638249,0.7200979707145079,0.8103773338210385,0.8668540291532384,0.8553602462284335,0.8110711971802639,0.8637554440387335,0.8886568441718897,0.8320217042010623,0.8350823673458858,0.8172805519804414,0.8520858095975615,0.8672770385151213,0.8427300988722051,0.8028157098277797,0.8151657901837258,0.8378939823927717,0.845566490378198,0.8145919307612632,0.7857324571282582,0.9273539339931839,0.8140574524314479,0.8165443552644193,0.8104161086646576,0.8697235153295831,0.7916371451018719,0.8262148264819965,0.7974184474942293,0.7511557581469509,0.8687600527595108,0.8406980198753163,0.8535500120429331,0.8023563680383897,0.8856572697526611,0.8321833876146794,0.8407069421703247,0.901725742907118,0.6957640744509201,0.8073680768758251,0.7541610073456684,0.6847664649782526,0.7104856772004687,0.7812285537107958,0.8155343926196933,0.8104428485192869,0.9335871035782117,0.7913048134139651,0.7344281124872484,0.7190441668395892,0.8974208226251931,0.8863645876461784,0.7430814557543266,0.8118347852235663,0.8244950981532961,0.7866681666515645,0.6378567867081621,0.8117360427969375,0.7860141239633978,0.8985228454695273,0.8709260653844427,0.7537364452067661,0.9368812647233955,0.8501403116191473,0.7668866064164935,0.8938147607836014,0.7981671902128501,0.7777747601961268,0.8053320661940566,0.8464796445274473,0.7326150754909435,0.7625785079050125,0.8759149230037636,0.7497212875723072,0.863876225711109,0.651481961461969,0.8463433902137575,0.7550356715907256,0.8387238439727379,0.6864277601999431,0.848773922443256,0.7987261207271785,0.8435011551714842,0.8193773947694402,0.9293533433993397,0.8300124845163587,0.8766163052778075,0.822349434802274,0.7099316639610714,0.7964223391928682,0.7992668605897258,0.7721549569835507,0.8433636783079669,0.8487788989559818,0.8172484591058335,0.837307545717122,0.7586226589272578,0.6966649161173201,0.7945853738676678,0.7672192528545698,0.852669766168101,0.6737856787876081,0.8795937421242397,0.7224552649189039,0.8690401295144572,0.8877612436899543,0.7756100847245907,0.8690816733446948,0.8229127633550481,0.7155628569495467,0.7436531701806941,0.8152188544422119,0.6853447809607068,0.8572685904146303,0.7759109343717342,0.8655763981431354,0.8690515545196544,0.8068987064327043,0.8190383150239793,0.865962774036542,0.8046269882401509,0.8290631870348022,0.7775368189232208,0.8641033442060665,0.8470653477001038,0.9125112680314796,0.7334448851672832,0.7783832853129536,0.8329563935941834,0.8159837022146681,0.8584967019540781,0.8961656057471056,0.8603088576538226,0.8307363357183926,0.8872662724889708,0.7495944541181819,0.7291106356067402,0.8070888661823152,0.7703783499083515,0.9374208636103454,0.7644041611991307
0.9030415845101821,0.77491945702798,0.713551056254395,0.6740077581177922,0.7859902750890962,0.746303374177691,0.7255427404623924,0.7960350595549766,0.0,0.6830886169092207,0.7652487473295416,0.7244293457221769,0.7732928757885776,0.7734247401276128,0.7445765282335415,0.7462100362388783,0.7685876628161635,0.8462125779098695,0.7474113205299954,0.8363273067287162,0.7397661176578614,0.8085424081863984,0.7695211116333783,0.7184837491957994,0.7670850576542224,0.6364885108931005,0.7621028416993791,0.7847960036684484,0.6565748193245033,0.8797936186028323,0.7843614430362413,0.7458443907400243,0.683244563136344,0.6854363519918402,0.8398654654112675,0.7029934897791733,0.7755648254113809,0.8204769583228362,0.671172331655732,0.7006783052281186,0.683675994425605,0.8880483287462484,0.7267547903286504,0.6924729218848631,0.7404516604573622,0.7018657168307594,0.7581195914939501,0.6800540637328295,0.7801275741884492,0.7776238538282642,0.7350468423246158,0.7285238806872698,0.7289057663057601,0.6810937183639079,0.6562513369708693,0.8384602096648125,0.8006731926197846,0.784032582556549,0.7262431219936141,0.7550757337891096,0.6958103834345453,0.6780927518605815,0.7388169838521806,0.720064367876229,0.7271407504402901,0.6522482281737163,0.6901307910154811,0.7698002229285769,0.7741030359831722,0.8508978611753654,0.8009898583301359,0.7395827941066501,0.7741558848737002,0.7462961709213166,0.7943161558296058,0.7052255124317309,0.6664862997924578,0.6940108320865425,0.6760764702118393,0.6047831808360769,0.6734181634486585,0.8447918317321197,0.8188203533305302,0.7237549372724243,0.7596242891373128,0.8556640825110157,0.7931019362108706,0.778544215714554,0.7592064202722502,0.7795754592223869,0.8168693788900365,0.7599930150257631,0.7357799817170766,0.7128583406360385,0.7955396761376062,0.7167401919820491,0.6566322312823313,0.7223273316995049,0.778444575867102,0.7100261906890997,0.6786109899862227,0.6416441583896759,0.6319544801318572,0.6697283280451147,0.8078546701743166,0.7283305383576187,0.6229433811514794,0.7964349665160381,0.6785573712853062,0.7169360052775324,0.6898305963054747,0.7733130143317752,0.7370917802048982,0.7913150557850477,0.7092786482905654,0.8176550729534586,0.7547975670125049,0.7092087786528367,0.6594878981115475,0.8016943437396779,0.7629087858844853,0.7011541689981486,0.7715317625415691,0.7373314211162035,0.8053455751528005,0.6553038677030308,0.7218052214585825,0.7120560553379741,0.656102935363745,0.6963006155121804,0.8929064461049394,0.748714207413303,0.7277570579415299,0.8379169804263239,0.6975068662722205,0.691039633773461,0.7784375642022273,0.7181387609985151,0.709073497784692,0.7757723088611285,0.6691054838379213,0.7523683255922752,0.8394784517136513,0.7506081737681017,0.7009403005695383,0.7830527460118919,0.8614306181203971,0.6411309599985402,0.7301685246143451,0.668969945511215,0.7852766431796857,0.7187563675600416,0.8008900836765269,0.6967482878467547,0.702935103594005,0.7825524110344855,0.7625716191529425,0.7189502486246949,0.6935894427945141,0.7045503671388009,0.6239806277250557,0.8220045155028131,0.810659980695878,0.8559279045944295
0.719033714943171,0.9272511645269634,0.9395842893985351,0.7377715030272105,0.7257872483352992,0.8680251150843986,0.7876590749322453,0.912215085516648,0.6830886169092207,0.0,0.8512541640670644,0.8924786718368422,0.8448169765272042,0.7466645517371283,0.7806825309831809,0.8770878892346323,0.8166442838010953,0.7353977606958353,0.8280844867854198,0.7585509643270036,0.8297693327945238,0.8717043058364721,0.7968483780632519,0.779264990203611,0.9324798434535492,0.6677921727337631,0.7631878760744806,0.7872010448877891,0.9493926796738192,0.7502963614297177,0.8162495092296801,0.8950940723004805,0.7789824814471954,0.7727898782123971,0.7479306957996998,0.8464189434227103,0.8298126586950568,0.7887695071267364,0.80359571028839,0.7520382399644316,0.7901679258040949,0.7692114370757265,0.7905251433748265,0.7692188000539237,0.8633236376686029,0.7238223330238269,0.7681326777937598,0.8399397290533996,0.840645909915019,0.7242775097758503,0.7547651983324245,0.7002458092157762,0.6781962879827126,0.8462959450571943,0.8908383274668723,0.7685241334465077,0.7001457060961842,0.8451034649479651,0.8188458456419797,0.751237187797997,0.860164458226395,0.6453372495706714,0.7312117689618789,0.764723079417836,0.6150199898608276,0.6402493106014092,0.7176297827208712,0.7716885962530695,0.7995088168441334,0.8618993661917035,0.6972774338458826,0.6961948894899403,0.6476994813770772,0.8277812563533432,0.8225688281708853,0.6980060368731686,0.7926605355175069,0.8325684262742907,0.6936057849820123,0.6204074176959506,0.7971520050524404,0.6646170316976638,0.8411607309265663,0.828475521663677,0.66090535523282,0.8150133892723097,0.7939696458633743,0.7194065735778091,0.8135117809277151,0.6995521204160198,0.7019211356757636,0.7411314000411089,0.8471232374960186,0.6483496149971876,0.67775789918029,0.8968410714598118,0.6985736370827162,0.8170542199265477,0.605199353237471,0.7477259286651684,0.757965173334376,0.8604320685096484,0.6527167705627046,0.8814708968356514,0.7086265407313708,0.754374732278774,0.7951079543698167,0.883637298603097,0.7835171377187463,0.86190502302268,0.7925720321390939,0.6356532034527194,0.7297024664981943,0.7679135600554045,0.6834850338547741,0.7215897121464904,0.7832700590793586,0.8805338259056972,0.848600308954149,0.6862521473424784,0.6383537139105389,0.7227664456213382,0.6889273596149348,0.7871163695551836,0.6224683526989017,0.9286343496721753,0.6360354586199929,0.8345184535800586,0.9269222942613924,0.7491931059501142,0.799507688685455,0.7765432667202801,0.654498149988772,0.6416316781891725,0.8056847227349488,0.6621308845501018,0.8137589584997174,0.7221148144416834,0.8530730377384314,0.8240035228569985,0.794718499250599,0.8435184211416615,0.7476731517604912,0.7891484473658381,0.8483383584868105,0.7104623353944283,0.7691924063436413,0.8590331183723926,0.961709699953716,0.7540781004675603,0.6840667654372051,0.8308265603244227,0.7484846720644931,0.8578238502582494,0.8772909797446513,0.7883363945953095,0.7619284597261109,0.8369938593568723,0.7049412210560132,0.6820523349636206,0.8239154442919285,0.7031256813539876,0.8891291868893892,0.6686672476629357
0.8379611035175014,0.8978319700947877,0.9105038573347772,0.8099995920160781,0.8729034872341932,0.8557401140412899,0.8299482297726233,0.865497734307246,0.7652487473295416,0.8512541640670644,0.0,0.8626113383591183,0.8876763302632754,0.852522719544698,0.8102182810065265,0.9293693155712199,0.9195655489707444,0.8341579010702729,0.8537394797003177,0.8368358842134125,0.9032099238739209,0.9489515797682252,0.855242114479072,0.8410395448877699,0.8950578569887916,0.7682263719167122,0.8272871843454999,0.8877597766832727,0.8988510897119996,0.8098166107898268,0.8000251787618095,0.8714589008596754,0.8016509347972309,0.7844204670099861,0.8716660288395222,0.8809550719555649,0.8862315597063839,0.9196441758521314,0.8305634053770302,0.8323659519009639,0.8279768835635697,0.8578317020240898,0.8231844481994721,0.8431131775707517,0.8443733333624839,0.7176152644100382,0.7415765897445071,0.9013792748572618,0.9193770792921478,0.8221026443263131,0.8440301369140562,0.788599051103583,0.7241987126903003,0.8824153663558965,0.8990253261742849,0.7527981249673485,0.8232837995543288,0.9135120687368092,0.8495720881588114,0.8083494158282161,0.8700392899445328,0.6662062654382153,0.8226243880810649,0.8353512114453508,0.6794150358173879,0.6651015955160702,0.7793247505499372,0.7962727040711128,0.8666827338642804,0.9233181590128653,0.7863566252113522,0.7798823326260964,0.8036217814709886,0.9058123408590912,0.8842307722240244,0.6817372469855456,0.8712412898628213,0.8762689370656338,0.7153504273714106,0.6825178839458309,0.7801638512807801,0.7630291384939271,0.838600190382312,0.8665777157454403,0.804882984792869,0.8707184850002241,0.864931505585991,0.773217141315982,0.7611758805606162,0.7072785555980148,0.858516847249828,0.741226718770095,0.9101773670075856,0.7192719315498851,0.8436890757812578,0.8402445902530836,0.6974267365071818,0.7778433040254947,0.7332344386999604,0.7553195671609575,0.8129313795890776,0.8071977059479462,0.6870485354535022,0.7896183061951225,0.8092094240883813,0.765390070332627,0.7595391009845707,0.9015794535100317,0.7712562955214382,0.8573165524584484,0.858124957400319,0.808590565099574,0.816343500599374,0.866261401910437,0.7565730091966055,0.8230109988037829,0.7791894629171507,0.8664200221128474,0.8851461326278237,0.790537263383117,0.8039737253960711,0.7613337289222235,0.8137249818265969,0.8230585552144396,0.7593545042701524,0.8515723095946195,0.7134801527281095,0.8169625827386532,0.8813585883680457,0.7794016966018312,0.7946444988952901,0.8506171493618,0.7825395184366072,0.8139911115233527,0.846209208306501,0.7179388143850691,0.7960078135745291,0.8055572047943456,0.8790022282357567,0.8347080166302681,0.7882506469434145,0.9013623577692265,0.8249892685363169,0.8768647090014419,0.9075558139304722,0.7595795193352266,0.8362872894995016,0.75582445380179,0.8693768992278353,0.7962528488794761,0.7988334285584536,0.81850838429617,0.8881523090004283,0.7815935264767896,0.8436834887645812,0.8189728752777062,0.8638747758789139,0.826763197212236,0.7986528926286558,0.8099258415977065,0.7389876884486573,0.8013752624177435,0.8368275857222968,0.8692636944317588
0.7510983039518041,0.9158808711786913,0.8819651349689407,0.800737943497732,0.8083513465768174,0.8971180807346404,0.8620007489147985,0.899346670408431,0.7244293457221769,0.8924786718368422,0.8626113383591183,0.0,0.7800736499443255,0.6857533325019907,0.8330271103127037,0.8349480326053236,0.7952010204394541,0.7067420309712791,0.9196611323635028,0.7563229692746004,0.906764786627354,0.8657021924025101,0.8252824233796348,0.8410926567841917,0.944458712467431,0.7171121593398603,0.7111442974727522,0.7643022364977918,0.8748020800692232,0.7778962999517357,0.9002123564293059,0.8543680315794394,0.8273601678051419,0.8705808957153653,0.7985423821804776,0.8847918782804907,0.8446707158598893,0.7702286835505538,0.8867375869447414,0.7438511018108492,0.8439698641850787,0.8134005485378342,0.8185617229416707,0.8726041412689287,0.8606212450178599,0.7139954329272159,0.7874365479384476,0.8749239213872358,0.8594274956830609,0.7431062180972177,0.8228668997513233,0.7800090573939499,0.6610553936754202,0.9046020838626314,0.8980387691904614,0.803273533439619,0.7384342190861239,0.91604579758077,0.7592272028575043,0.7433648956289535,0.8174091752025595,0.6292579773450819,0.7624400891497972,0.7310556749053342,0.645200692275055,0.630182341357009,0.7115875487293868,0.7656964116640469,0.7149594655453203,0.8471880056094638,0.7431894620450343,0.6724758511679647,0.6659910430824517,0.8242290616408675,0.7776782173149004,0.677324625971453,0.7862766477742976,0.8668493301082928,0.7207319485928924,0.639203534687117,0.7755539705873316,0.7700861191551146,0.8587500932628517,0.7567404748676945,0.7294468060591774,0.8349034861150461,0.8309967101197835,0.7085878018537307,0.765810392711707,0.7496684589394027,0.7633528701009139,0.8562600411678035,0.8504806397364816,0.6675288379259605,0.7019155079507176,0.9339776918911195,0.7091387888312566,0.9022670616325522,0.6564698580648289,0.7484393509770908,0.7472063974472312,0.8403379204251052,0.7447945330972342,0.917308400335873,0.7323487822304684,0.7480550880017126,0.7661038964692859,0.8681243294136829,0.7587470324974492,0.8933665798354553,0.9211235044083786,0.7207687305892447,0.7433720660852197,0.7206913418595431,0.6896515914884098,0.7404646707523538,0.7895806875074126,0.8453393592937547,0.8730359319796416,0.6977593946305813,0.6799384083485281,0.7708630175861301,0.7441246834081273,0.846438620321934,0.6620990533170996,0.9162076281008995,0.6502773192217594,0.8613964748819906,0.9112835582282683,0.6995373685977511,0.7681471763629513,0.7683687642895662,0.6209114318545639,0.7413968656542398,0.8370691225900886,0.6611312301604328,0.8190695236462314,0.7543556947951019,0.8015875546714761,0.8822510172661762,0.7891100836774785,0.8053247711950733,0.8066171272383982,0.8184381459772817,0.8799161416286067,0.7946264483728527,0.8781543180559639,0.7777478937174895,0.9123786997103516,0.7131710154626996,0.7911368175712308,0.8120022552915444,0.7706786439469778,0.8061956732112067,0.9613537221180419,0.8041055889729124,0.7435948707689993,0.8843264105909949,0.7330459437973914,0.6957435581458731,0.719191681114285,0.7503392099774108,0.9233628890692958,0.7471395879674035
