0,1,2,3,4,5,6,7,8,9,10,11,12,13,14,15,16,17,18,19,20,21,22,23,24,25,26,27,28,29,30,31,32,33,34,35,36,37,38,39,40,41,42,43,44,45,46,47,48,49,50,51,52,53,54,55,56,57,58,59,60,61,62,63,64,65,66,67,68,69,70,71,72,73,74,75,76,77,78,79,80,81,82,83,84,85,86,87,88,89,90,91,92,93,94,95,96,97,98,99,100,101,102,103,104,105,106,107,108,109,110,111,112,113,114,115,116,117,118,119,120,121,122,123,124,125,126,127,128,129,130,131,132,133,134,135,136,137,138,139,140,141,142,143,144,145,146,147,148,149,150,151,152,153,154,155,156,157,158,159,160,161,162,163
0.0,0.8671559330113109,0.7499265294445695,0.7593176461330017,0.8697325995906009,0.7577178954900126,0.8586197854288385,0.7739171730244352,0.9332811726535509,0.710540315027963,0.8638821727380397,0.8289803279313199,0.807343320530906,0.8633263908484462,0.9453086413570145,0.7802615084339242,0.799168084166361,0.9557521068801426,0.8827883506298004,0.9186596560138672,0.8869845885049069,0.9009522194336729,0.8176019039443085,0.8825506016901689,0.8645532758905087,0.7881213516596246,0.7432239797458382,0.767848362574513,0.7639225990265915,0.8674200710704099,0.9389095451238968,0.8308330400679821,0.8437941502522773,0.8036878349629357,0.9314505291752897,0.8840369077458399,0.9045587187499474,0.9234106583266125,0.8647559528418681,0.8102396339139223,0.876327465082608,0.7906883553951776,0.9245776894557416,0.8935465027320006,0.8722729695931397,0.8676407021973727,0.8594421437786094,0.8846422491816218,0.9143691130788005,0.9245836585939242,0.9366838154221473,0.8473619834442788,0.8502709920286994,0.8658753272894872,0.8618568305451393,0.7768733940131596,0.9508590418416126,0.807876227823521,0.8769446384477667,0.8972645115670257,0.7542958072295924,0.8003677420114612,0.8678423163605625,0.7847329898495511,0.9003714045965644,0.8238900698458943,0.8042331098048222,0.9139292336635668,0.8578516330902589,0.8340480438374799,0.9471321667735119,0.8902297307222052,0.840379637719151,0.8405182631410464,0.7965336723410152,0.8862389532885669,0.7263190908941479,0.7979842513309655,0.8910684216940643,0.694910380151913,0.7508011143149056,0.9483205775359334,0.9008903915325045,0.7841334574182148,0.9087684905202501,0.9232627935606952,0.7768016069487785,0.9379267604537149,0.8031680221990449,0.8230391789719178,0.9144044367113724,0.8829646334120322,0.9282486314412409,0.9005154343652648,0.9330077692723423,0.8520525635600852,0.8098039951881976,0.7584135233546632,0.8234673682495127,0.7992609647886001,0.8850166260110769,0.712650650585451,0.8016987431298541,0.7903915109992208,0.9380603851770679,0.8037718978921146,0.7218159720466348,0.7361480334736898,0.8651039845511509,0.8386973440616085,0.8403395917285801,0.8974905921285695,0.8113163242317977,0.7177734071869518,0.90678808089396,0.801158403371404,0.816726601614195,0.8525209334861618,0.7021624964331098,0.7639684856069748,0.8544521575732903,0.7485263918625592,0.8987409146444756,0.923819793240502,0.8637888687444557,0.8445186054352775,0.7418724969351326,0.817776334059751,0.7649602763067898,0.8782100249079309,0.757685970900927,0.7276715225914839,0.7586880230241358,0.8947107139335296,0.8651655059182093,0.8559459700706701,0.9193017698301137,0.9036258050897847,0.83250084159213,0.9318819846937547,0.8478179575085649,0.8436596878086027,0.9431415506361924,0.8599329512414703,0.8842734264731219,0.8913499479122327,0.9211674226382391,0.7336240069903102,0.8438703407308071,0.5592537433324861,0.9299393808270292,0.8612712872473396,0.8756060327986773,0.7446638490082998,0.80633671556787,0.9024527737401846,0.834910693347768,0.754537483588423,0.8514656354950842,0.7955216361030135,0.7013665553147796,0.9174639707474599,0.932136256683461,0.9314277204404413
0.8671559330113109,0.0,0.8639115907397975,0.8125716837056688,0.8177493599529821,0.8177067192098604,0.8948416012110891,0.7721966344019127,0.7973083948268138,0.8841822609386072,0.8716241549008502,0.8893619118097815,0.8262799099553502,0.8627921192009027,0.8921502654894626,0.8030865626197595,0.8681307188279452,0.8696349315509521,0.8780912828936158,0.8188865159289791,0.9018993188433658,0.9188017128905457,0.8769099729804779,0.9160390020201157,0.9198135856207594,0.7690439534118962,0.794521430657844,0.824742404614966,0.9255058184008756,0.8072193441559044,0.8530275248119743,0.8196081126429218,0.892116587697785,0.8368885577646433,0.8558368693948081,0.8814907973544538,0.8491108435419964,0.8422791329131477,0.8133134134630341,0.883436390130685,0.9241190933642258,0.8359535864108053,0.7962789850487639,0.8604298678208135,0.8680190961989012,0.8241865908059628,0.8561695183235432,0.8509528705655192,0.8970098049019487,0.8063379140947317,0.8600905775439667,0.8505109464947711,0.807791168369225,0.9153163937316453,0.872503100938681,0.8439681382343965,0.8295084098927243,0.8138711737169351,0.8767487504051166,0.8567132658900207,0.7652917225937221,0.6985335739882356,0.7921860702802703,0.7590813435882041,0.755775040345497,0.7240084774401011,0.7964142665124422,0.8346425448012363,0.8156974329299685,0.7866991996097898,0.8105711583830524,0.7946449220113094,0.7654483277764282,0.8524846923612069,0.8174053228291177,0.8047819518187186,0.7065649278050558,0.8680845996364915,0.8069958476213297,0.6906246083155634,0.7947262382607402,0.8210518487662309,0.918832713392584,0.7988478350029548,0.8056481857927729,0.9222704024546992,0.6983608224738709,0.7860514409283065,0.8007623203323939,0.8212623104166096,0.8408294648794589,0.8585664942834873,0.8932169014294258,0.7975855355811626,0.8630085434908,0.9040623364532415,0.7246976268247568,0.8403715337055192,0.7208230624517965,0.840197175220183,0.8205069365813845,0.6570030425619416,0.7580896494900627,0.8716605155096282,0.8059360534159713,0.7906750483502983,0.7270077220282045,0.8824745535151363,0.9031591645648513,0.9412607319830931,0.858001142747241,0.7671385277632244,0.796720085892428,0.7139603938288348,0.8426593002864298,0.8603040509792942,0.8389879814950576,0.8115920840216212,0.8100535218916886,0.7823001147158559,0.7516029480050349,0.7031240868031119,0.8678955368696334,0.9083898920317331,0.7438948823770091,0.9243094323675687,0.7176347753374783,0.8015627624940147,0.9108588207983229,0.8192019603248926,0.8166796458023001,0.7109866149627515,0.6747593646667338,0.8067147250788167,0.8138255269545447,0.7504722706489632,0.8817121986506627,0.8653406347598736,0.8824746872490854,0.8300441765186878,0.8656691328795844,0.8278140622709229,0.9240204745150715,0.8113773646115187,0.8640947837315767,0.8216521403854118,0.8514187036926517,0.8124139725066806,0.9392416346810785,0.6435430749219214,0.7958187804451032,0.8806142498640951,0.8297825697041585,0.8559207804605299,0.8808391785034114,0.8151503180783117,0.8364230746041558,0.8350458188452169,0.8608271031548025,0.7399899011218036,0.7975197078157836,0.8422013993145661,0.927069422190985,0.8348777905291889
0.7499265294445695,0.8639115907397975,0.0,0.7615409543024521,0.7386101671230939,0.8583130253822835,0.7488685676536786,0.8515881413886609,0.7011994948610919,0.8904694014751832,0.8615677401856956,0.8353546593681107,0.8929004442699034,0.7565434418985337,0.7661463405329284,0.9276430254200616,0.9048214564254407,0.768773554030641,0.781492663592953,0.7273571154164434,0.8890658234855519,0.873004914688894,0.743292766362871,0.7958527348040275,0.8460002032058721,0.8002404221931332,0.7773430854868081,0.7980627660716075,0.8461491682277331,0.7799561493304614,0.743434431775738,0.8588183883433042,0.7985224360774483,0.7640131561975507,0.6916313445795353,0.8042671379845189,0.8372680139235387,0.8001347891475752,0.7606844897826367,0.7976314911649965,0.7962258036031941,0.7973975586804043,0.7791092026390497,0.7495535944937544,0.8566797738626578,0.8009417080555105,0.7799861810536348,0.8239317171243624,0.7623043249491136,0.7424058092917217,0.8126991032024906,0.7921525119830851,0.6952928543070112,0.8571442045807459,0.8329452493000739,0.7690862034767587,0.753900153532143,0.8593856994248141,0.7522057084481548,0.7885364902851177,0.8541229550930625,0.7347252446900819,0.8145263676133676,0.6684682544335526,0.6534830179064379,0.7274206965644783,0.7912321221598475,0.8381057705647641,0.8454308834680372,0.8325170423464936,0.7712172151643734,0.662172634051665,0.7318129586171356,0.8988855199558154,0.8835265856025085,0.6830341713169585,0.8112833750363065,0.8405589923643716,0.7827599264355689,0.682621285484551,0.8046392060100414,0.7269898682740347,0.863054013044651,0.8536680904849117,0.753828636511134,0.8556376201127757,0.7577660344186169,0.7183685720062299,0.7860834468200124,0.7678407599147341,0.7817235797629868,0.7066010096859365,0.799091650496561,0.6972812748740634,0.7450964044566387,0.8243019292748258,0.7366154420942179,0.7504164662616954,0.5964041606952466,0.800810758409482,0.7033951176366663,0.7671141400105833,0.6872544084117915,0.7739174063428774,0.7457716152820243,0.8646121506552907,0.838454410009253,0.8479750685655799,0.819608606189462,0.86934897297173,0.7783408358733589,0.6815099783664886,0.8060068739975774,0.7908959405648931,0.7691709933787393,0.8278287338576114,0.719945512694094,0.7574596030111702,0.8102801285170216,0.7225891208202976,0.669000947089682,0.7485306195287413,0.7286614730979057,0.8286577721373038,0.6015281301571213,0.8860914263413262,0.7571197427615205,0.8484419252883173,0.881451707515623,0.7490758885261323,0.79985929373178,0.8702158834795577,0.7058507579763857,0.6849391098215069,0.7605196129786304,0.6465874372989201,0.7777299336669355,0.7227045940843412,0.8184335808989963,0.764836559421986,0.7672120163721987,0.8248654149628142,0.7740479625171466,0.7676445085779895,0.8030309756417698,0.7234028746074005,0.7787004871702604,0.8532740527896608,0.8791528149962525,0.703944251477819,0.7060137910309123,0.7338166502375045,0.767157196529433,0.8625731440666615,0.836065795356235,0.7912265743102253,0.7979759230065226,0.8661997955581751,0.7009207586519954,0.7362395226979626,0.7640999875780458,0.6691938783080481,0.8290706516895113,0.723603137321543
0.7593176461330017,0.8125716837056688,0.7615409543024521,0.0,0.7239040805394797,0.8431741641552027,0.8668689042036326,0.7890682285828787,0.684529688036349,0.7765384645029613,0.8421167125870298,0.8538729330228001,0.7630974781218837,0.7370867947809846,0.784365376816088,0.7225043565134127,0.7860263881375182,0.7364003188949119,0.8293560544823881,0.6352989047301998,0.8207545776820466,0.7592614901166099,0.8330301271710486,0.7719102166596011,0.8616943578311442,0.8575583550222078,0.774587405048599,0.8399754861577183,0.7914227294916353,0.694917802659551,0.7617080723677502,0.7262224627894003,0.9545415219352306,0.8816367483159027,0.7591034396562035,0.8182701008254384,0.8080876279550185,0.7422406298405526,0.7142566297269924,0.809616601256303,0.8663252570872773,0.7709219185457,0.7134880781886634,0.8371838723021194,0.7988639431132006,0.7143106111680235,0.6862167936668051,0.780481844428719,0.7826742395093897,0.6695554778594506,0.8394489587158461,0.8906511853032664,0.656208654436345,0.9063161623381928,0.8360032700962811,0.7569525207166896,0.70746172357188,0.8675232254855794,0.7065311202127055,0.7168633926360308,0.782580330560991,0.6411235194418415,0.807537774973924,0.6029979642795268,0.6226373235514058,0.6448071711244477,0.7881322278594259,0.7416433964791577,0.7212963014534985,0.8244392857100001,0.7217385851099737,0.6503175987739724,0.826962217717327,0.8321366311515835,0.7631438098133383,0.6809741860947566,0.7154826684711456,0.8188688856264907,0.7836955647693483,0.6695630532092192,0.7399580230644484,0.7810858373724802,0.7650573705238232,0.7952949805873094,0.8291052298293662,0.8066219819467468,0.7618935010750263,0.7154725425377098,0.762502434843518,0.726604907891554,0.8672839736456048,0.839689277320838,0.7572500016130322,0.674046614691679,0.8092132417186046,0.8724858891687861,0.641510061809895,0.8827720068466356,0.6406968286469054,0.866971648993331,0.7025277211820756,0.6654285098557668,0.9062983356230156,0.8804132249225343,0.7656376629125375,0.7059401898733876,0.6805489979970573,0.8486498260326845,0.757361436413461,0.7635694900622926,0.8942844180844018,0.7312002395933898,0.8928579052441732,0.7320466445673234,0.8133254097645138,0.8386876190557648,0.7672245257340541,0.6473507828150984,0.9059594078723227,0.9081492837253441,0.6218122064813459,0.8557684459580949,0.7682770321002877,0.8374937415703375,0.6331903763728565,0.86787703608514,0.7268371195697716,0.7262927620334942,0.8843690509832896,0.6778077478108645,0.6882826018979711,0.6554671572893737,0.6763534581778384,0.795115336789053,0.6828864925125644,0.590971578352089,0.6704857919445115,0.7677956027452798,0.7556443325198329,0.7206675271935424,0.9093619008178231,0.6683863256195447,0.8243474639523091,0.7484620214690813,0.7622633234070211,0.824369052359328,0.7355234940513817,0.7087281069875745,0.7498702929670269,0.5490068468483154,0.791476332263612,0.78393363355726,0.689322770324585,0.6683748657493167,0.9285841201902415,0.7306606182818435,0.7284612981586374,0.8791486725959574,0.8907809503691302,0.8029475347523091,0.7227017271305957,0.7712967157364508,0.7994950260419416,0.7798095974840151
0.8697325995906009,0.8177493599529821,0.7386101671230939,0.7239040805394797,0.0,0.684217661583927,0.8802954336899989,0.6634535544857096,0.8331045119310643,0.6693401787014852,0.8692959859823564,0.8359102487652202,0.6968239851527367,0.7871529372556759,0.9026585196013054,0.7416168100712531,0.7400199838408408,0.8201013333035075,0.7993262187920231,0.8108982347888154,0.8713867829868943,0.8970942350883794,0.8102621249733774,0.9066421913838625,0.8009497132975669,0.8002901178804209,0.6999463661398335,0.6599846984548784,0.7897015465222034,0.8243787735347357,0.8636502928321891,0.7190801844507886,0.7938363172963135,0.7443026829620056,0.8966770367573886,0.8733747207343913,0.8395220117883361,0.8540042047103834,0.877225042477301,0.7911002011433301,0.8614492839506332,0.7928187415613452,0.8434553141388652,0.9179396352844477,0.7729859863055523,0.7214919310750435,0.82835524702234,0.9091220088468889,0.8913882723241934,0.8531881684735393,0.8524457122243905,0.7888653481504329,0.7161767004746726,0.8351813684948178,0.8425117685855358,0.7190708806744311,0.8294676424554657,0.7852124358539473,0.7935304742040229,0.7781057983448557,0.6400393105616211,0.6728910877096056,0.7516135845707395,0.8167350761202854,0.7986386288016956,0.6576166054354535,0.729939256973726,0.8378944850392301,0.7633215540455778,0.721942219964442,0.8572991846271157,0.8269848495732065,0.7473392142179535,0.7559719706021744,0.667632009287749,0.7115727850486194,0.6853027092927043,0.8812817435518339,0.7460318261501308,0.6660753839725524,0.6639644692429536,0.8649181661793489,0.8562762014242224,0.6614625809126573,0.8084945090150528,0.8257366326055836,0.6826704753880447,0.8003361632168416,0.6371225456796804,0.7748209957133666,0.9104036648044913,0.8382905486906214,0.9004338062732403,0.7420318344334496,0.870606537928487,0.8403482937142408,0.6822628371218807,0.7226263689664042,0.8509940992031341,0.6703139159498285,0.847849988247327,0.6365339423514811,0.7655325374045286,0.7679666340662502,0.7911585628454388,0.7087792137421084,0.6190589019238958,0.7001698938997045,0.7886678204597155,0.8487010506789967,0.8480847991019473,0.9105364881930819,0.6953962831454831,0.6482008225240599,0.7640704327974717,0.7344940637465656,0.6828213778412414,0.8459973996219867,0.701065293984521,0.7128937318556516,0.91088905439312,0.6656428152729896,0.8576095947262002,0.8543345601250036,0.8482796730824852,0.8019257012561348,0.6454419344481253,0.7906016363036339,0.7421139499790916,0.815722830119163,0.6641772014875842,0.6684345427383357,0.6501118168705214,0.8829565453860414,0.8443977483668147,0.8183836335754212,0.8502246086014682,0.905860754261694,0.8094821744541769,0.8582602167946662,0.7556530968148043,0.830873946817846,0.8441024073653132,0.8455069960984979,0.9229510378437236,0.8673924216166347,0.9245257982893644,0.6468576290762111,0.7991454627830414,0.5856310455964149,0.8395117170223342,0.7633309209911443,0.854483199526769,0.754353553217512,0.7803944749724224,0.8012601415874576,0.756469181638674,0.7221475939427835,0.8202821834681888,0.7059767973311211,0.6162611623271548,0.8324600934229118,0.8460137544349493,0.9493180473246055
0.7577178954900126,0.8177067192098604,0.8583130253822835,0.8431741641552027,0.684217661583927,0.0,0.7565859048931237,0.8476297792546029,0.6943322939816842,0.8518093986766679,0.7994679699715814,0.865186331777088,0.8203214319185936,0.6715626448390816,0.7210587117150529,0.8226556192146449,0.8590771548559668,0.7187079680430685,0.8626538645854812,0.6583786922471343,0.8638698282180685,0.7502856683698069,0.7286182432463569,0.7139917638339554,0.8912786245534006,0.7615803934555844,0.6842770951170442,0.8344634728649546,0.7726811159661077,0.7824592221448488,0.7455943012400018,0.8595773068826944,0.8404567109157134,0.8413216104475723,0.6867520055628872,0.7621321346118183,0.8022298935698358,0.7275134960509652,0.6882213335410758,0.7102265392122938,0.7847914432765822,0.8356718865102115,0.740067941560819,0.7764616459221496,0.7826128433909014,0.7524624794450026,0.7639432843510243,0.7701978694995623,0.7208118276750417,0.6727169202552152,0.8250726271915672,0.8932470071051567,0.685536513514533,0.8513946092449608,0.792442040793657,0.8498860854161905,0.7247752906513852,0.9196842777993803,0.6722856970755615,0.713784917756763,0.8314121809665285,0.7308469008594666,0.8725548562528614,0.5719270978984642,0.6276087006447403,0.714054554962621,0.7093968043529607,0.7815907273972109,0.7336327091947616,0.8469156834338532,0.7312036012106203,0.6047340047260176,0.7812000551266076,0.8394576522059722,0.8813883765137763,0.7267676292876478,0.7262152083364841,0.7802315921673543,0.7885276639419638,0.7671651016527297,0.8940982691936237,0.7433554797911375,0.8229556218561201,0.8496952335190044,0.824473581127861,0.808313031044953,0.7995179259987704,0.7000229190557261,0.8428080754822491,0.715328872334889,0.8010401820342263,0.7844496046991519,0.7446919565376412,0.7031974182386154,0.7226180409190597,0.852621796565085,0.702299408341677,0.8846319472971886,0.5910020535672161,0.843976734804327,0.6419559926752199,0.7201247345352699,0.793669593551773,0.8518953064042633,0.7663242642579868,0.7924628989405007,0.7929325504861937,0.8839536335002056,0.7424378144343862,0.7988556167673233,0.8367302707241705,0.6588853862234286,0.9162749726131855,0.7503689403119188,0.7887515965835008,0.8331235363761896,0.8462334597728077,0.6650833461788852,0.8995083180541291,0.8159725241659472,0.5863211417779393,0.8283473224625154,0.7717637027267082,0.8445495480845355,0.5951610553721628,0.8729172404516086,0.7812102195219143,0.7401095078013599,0.8925386093928687,0.6423874114267204,0.8304729237501411,0.8119790134059455,0.6625575390647085,0.7102931528208813,0.6700274564641427,0.5920808274879175,0.7248185842619094,0.6659709420874548,0.6790385145858217,0.7232803618834645,0.8321682779744273,0.737491342245863,0.782202076056777,0.724721397400493,0.7272523964167522,0.7633464143365188,0.7382259428011169,0.8086623741675991,0.8277845524898563,0.6371799119232902,0.734427215811809,0.7988266297210574,0.6669191632649255,0.6866364524063662,0.9240192566289291,0.7257006554205856,0.7094756852360953,0.9286899846583841,0.7245685129659043,0.8070339227071142,0.7626016779138751,0.7456820994236772,0.8373959083555967,0.70733597622403
0.8586197854288385,0.8948416012110891,0.7488685676536786,0.8668689042036326,0.8802954336899989,0.7565859048931237,0.0,0.7026722207175293,0.7721406140062977,0.7789062573350534,0.8764263246260762,0.8920538988710196,0.7466091156035253,0.8166018996554438,0.8955418508331653,0.7318720926479825,0.7896867239373936,0.8248905994412706,0.8568019931821746,0.7451801273676679,0.8629633278403168,0.8515042648380525,0.9556705536300772,0.917748756380085,0.8976963694100981,0.8265648483578314,0.7841390591757781,0.7861526223088361,0.8614136710333082,0.7928016406998015,0.8490277354494412,0.7497439133001985,0.9064359630222233,0.8893475912042785,0.8847315735099048,0.8665217316797214,0.8546857937405197,0.7924632747503556,0.8048695532757217,0.8835879315155977,0.9073752840806114,0.827120427668674,0.7776609443041042,0.9189952510407656,0.813255153747848,0.7507089754319554,0.8091142114163186,0.8573154588008454,0.9450681916891145,0.7640638304169324,0.8737981850336385,0.8519523099952339,0.7197457954152409,0.8979597005271389,0.8730765367563357,0.7995063941710622,0.79169480211216,0.8098025776894296,0.8277130943331058,0.7886390334034582,0.6881645950484595,0.6394899965842393,0.7516550572953214,0.7268513495646751,0.7251702574571977,0.6516453373858481,0.7903112266839695,0.8076613562272457,0.744796840283013,0.7530493463816085,0.7876404183921534,0.7812422204766939,0.7855753388460205,0.8111328634858554,0.698687446021018,0.765275251060605,0.7000365043286529,0.9198069576532195,0.7607606888429493,0.6984410273276833,0.7045381162403955,0.8351368021842512,0.8636448682987082,0.7039617709053527,0.8266205766324053,0.837861324886991,0.6896288417371917,0.7890689713794647,0.7306028259491825,0.788846745298416,0.9090398800188336,0.9097907725510189,0.8733523394097702,0.7493674959869047,0.87978024438399,0.9036725624913435,0.636087171083259,0.843774848007089,0.7654561187204025,0.8068340318060864,0.821417687127804,0.6249070277196241,0.8534101387236479,0.8688170652278363,0.7754741575540745,0.7138693284506102,0.6377679509411671,0.8277733306667241,0.8407078617076211,0.8866464959170098,0.9321014279685221,0.8247081171907181,0.7870436461151934,0.6741222361188343,0.8084628973461002,0.824772130915244,0.7849146909315672,0.7838639385363229,0.8095069446415574,0.8149608648883654,0.7663405538688601,0.7113423200371649,0.8721513783681105,0.9096729786369181,0.7639715245435579,0.8783022745428051,0.6787702444133769,0.7656808256730581,0.8440308138681678,0.7711688657447507,0.7050392454901258,0.6226224623703014,0.654309431579478,0.8498332406647803,0.7681790962323736,0.7144382640153117,0.8106035661879095,0.9007950079701142,0.8330134842811999,0.8098180394126635,0.8594257718581119,0.7614436516781719,0.9146432117464793,0.7864775984453212,0.8717722381186205,0.9097304577007215,0.8334649432713802,0.7055341739396864,0.8265970690113391,0.5538466806195517,0.8339361789535062,0.8346368848664837,0.7893378278491714,0.7689363193438895,0.8836137530696243,0.779793296939538,0.7988191547047867,0.8245405539872663,0.9352169378338911,0.7891456404787643,0.7046507520842846,0.8697332522774451,0.8650795932733305,0.8969803751460703
0.7739171730244352,0.7721966344019127,0.8515881413886609,0.7890682285828787,0.6634535544857096,0.8476297792546029,0.7026722207175293,0.0,0.7625891462141129,0.7758995601440318,0.8296986519748693,0.8117900275596822,0.9014858597179881,0.7190137480128067,0.7639095641686499,0.8718006019205989,0.7976921603975263,0.7666963382693585,0.78845711904397,0.7274238740161616,0.8143061450544388,0.7975247183891518,0.7080789535623367,0.7220034706127003,0.8308188044334266,0.815100609174015,0.7978050833802904,0.8122499585101248,0.7060966419700901,0.774377534024889,0.79523313853896,0.8533248960707253,0.8043293185520541,0.801524325733552,0.6877694045194864,0.7865549513362788,0.8813620788888541,0.8177135190377116,0.7666658514224229,0.7241071366870976,0.7447550396329836,0.7249957138233041,0.8126347785405427,0.7225822340594013,0.9185712862277224,0.8272613992737768,0.6846367403201506,0.7856347006563053,0.7256904593131442,0.7336638640186941,0.8280341359223131,0.765441473941753,0.6614969456041794,0.8251907693888715,0.8199619651186746,0.7320788180654492,0.7639292183867537,0.8825271540721347,0.6902182650668174,0.7897630253528763,0.9567174425152588,0.7862273657503491,0.8577650925664361,0.6107105614655988,0.6543157021788883,0.7816246555130119,0.8478131125209076,0.8355291973046972,0.8364572002386361,0.9700102035550625,0.8023488074225312,0.6518316571089242,0.7719574376771665,0.8946119733686128,0.9019686510989888,0.7037179426747333,0.8531737534906368,0.7327246404789576,0.8799169449646448,0.6251879357761415,0.7342400303497183,0.7817602294283887,0.8092271789743098,0.9097823008644953,0.7908870176829417,0.868715337007495,0.9296246645779499,0.7802367419510067,0.8691827790432404,0.8166786341279345,0.7800207211960078,0.7227356325989513,0.7479799398913607,0.7103369376648628,0.7266208337146398,0.8058738312721192,0.8104805856633189,0.7354621369117048,0.5847653077434173,0.84238044549294,0.710029927376893,0.9001095948797094,0.7437127368130116,0.7499372383378848,0.8189540143323453,0.8613206234279797,0.8556686289198914,0.7695623144765519,0.7520669341836487,0.7476784531752019,0.7558289686373808,0.6980523605135914,0.8631972939400974,0.8879207395297877,0.8059629489940722,0.7928792026067261,0.7017247676052771,0.7136339663230433,0.7242181805670836,0.7617348763922198,0.6284290444321015,0.9108132144214914,0.6781465555463089,0.8086783075636039,0.5944589401536445,0.8489510292366172,0.769315848178935,0.8821651787550612,0.7886591468323432,0.7318520648556645,0.7825093348260911,0.8458148352036033,0.8455099001884674,0.7138514670054354,0.7558658426375374,0.6123135084147624,0.7372750738676659,0.6974033562958759,0.7789108860150931,0.8097629227863681,0.7928400272540417,0.7464881759492771,0.7652694884098942,0.7636329161723042,0.7622788237738851,0.745609424357008,0.7718912372696214,0.788171549956673,0.7895739764884643,0.5921150868468971,0.7954268743891487,0.6985519299275345,0.7364448406283477,0.7275546457909177,0.8233821857430327,0.871793292515539,0.7896330340053893,0.836526279266169,0.6981904741650763,0.7717811368045187,0.6854884787600724,0.6703432399600225,0.8287711666239083,0.7153360313141797
0.9332811726535509,0.7973083948268138,0.7011994948610919,0.684529688036349,0.8331045119310643,0.6943322939816842,0.7721406140062977,0.7625891462141129,0.0,0.6513421287161193,0.805017535246531,0.7985190668781407,0.7312237889784413,0.7842954231296139,0.8875674376863684,0.7260990982958258,0.6985540887442486,0.8651435065126902,0.8116086372032159,0.9056058167341136,0.8090326684044225,0.8668785823113148,0.7442525872685474,0.8122670942898579,0.8063969537578305,0.7241438464200056,0.7112059732930118,0.6797013485483259,0.6859418451453815,0.8537957910771512,0.9334235483739116,0.7548650850558514,0.7562862385310956,0.7376407179479105,0.8918932003855283,0.8391971038460561,0.8546442744179215,0.8913761446997223,0.8579654913630643,0.7099280756011669,0.7848803997899936,0.7767697348021793,0.8742390048261027,0.8225422187846971,0.8351191975565758,0.7747314088205343,0.7820081969063051,0.8296457084138146,0.8287359368987808,0.8801102713184719,0.8299178253792164,0.7431548184907263,0.7459111130978535,0.7811289836573702,0.7900282679248889,0.7526675918810324,0.8664989683987827,0.7732523177428969,0.7798521988290412,0.8132726955146686,0.7022006403532367,0.7405378769170867,0.7780113573972554,0.7888981643570365,0.8494370582581305,0.7416375122409349,0.7580588453841683,0.8518238925233586,0.8080550074007642,0.8101611767375304,0.9038427864109645,0.8357752457671456,0.7835381158136875,0.7498655357070272,0.7328644351935056,0.7729892864007154,0.6781494972206251,0.7223775844985005,0.8161520602906427,0.5906598801681191,0.6509743009868377,0.9329308676688106,0.8443329994172427,0.7119371611262797,0.81918328969817,0.8878304839802577,0.7816702651185001,0.8765465325868481,0.7198426145605881,0.8581520456896388,0.8454221398139407,0.8454384784323031,0.8375661331097591,0.7899146342104214,0.8405530842082152,0.8105470967530783,0.7967433082631417,0.7163360282954984,0.8250316686387408,0.7011829736530917,0.8403899591637276,0.7056985515135316,0.7477955713017955,0.7407058188892923,0.8805845251620312,0.7373073966230437,0.6537526180776565,0.683101575470818,0.750120916506454,0.7766823605081945,0.7648738436401797,0.8822133571519124,0.7249959934601959,0.7171097643859766,0.7873426107471624,0.7189567621743472,0.7071378449362443,0.8277840321674002,0.6223915739312956,0.7232242591234066,0.8327444636006961,0.7193800955953915,0.8229650363735964,0.8121823893111452,0.8572180975097793,0.7608117177808678,0.6770751549174067,0.8088809869834522,0.6859955068084613,0.8208934549948864,0.7640336113794023,0.6966680049589244,0.7349034953570981,0.8885930689661569,0.8682420548725139,0.8125271021279804,0.8729919585373969,0.8374835527857463,0.7911252068632528,0.9104232930891749,0.7542580312076608,0.8085777194068751,0.8614698340734349,0.8568573588743549,0.8454550353369982,0.8633523628865101,0.9372282106146425,0.6410902055565489,0.8059460416258111,0.5590699511188953,0.9049336250408344,0.7503722165996048,0.8556473927046048,0.7105500759422524,0.7468962927500008,0.8942555141169087,0.7616712655580814,0.6847369949726803,0.7609117788903158,0.68070699531597,0.599898178544245,0.8407654088666728,0.899288974359622,0.8901204648632871
0.710540315027963,0.8841822609386072,0.8904694014751832,0.7765384645029613,0.6693401787014852,0.8518093986766679,0.7789062573350534,0.7758995601440318,0.6513421287161193,0.0,0.7893074042779158,0.8292632516842234,0.8216910119291493,0.7343080888342602,0.722590006202591,0.8130520352881577,0.8535626967948309,0.7305934893440497,0.7888839058295026,0.6681480349885505,0.7944774994494789,0.7781341015565215,0.8016643342893252,0.7480710119132199,0.8876642566510217,0.7030925785135617,0.7727053498284168,0.8388356150977513,0.9004646503399345,0.7440055333792839,0.7130651407561875,0.8273618178367488,0.7986956883456291,0.8012549451516888,0.6812773337458792,0.7511391651420849,0.7688666939231419,0.7110131741459175,0.6804885832759662,0.777827032754245,0.7722549587932336,0.7868581058943426,0.6911239853958715,0.7228268884493162,0.7870239721969007,0.740508011773507,0.7532150152739832,0.7431076376830538,0.7687507892954932,0.6549378997378137,0.7460661347976971,0.7569651097564588,0.6795195084491968,0.8124889156014103,0.7957546567715021,0.8065270853875991,0.6822700984586437,0.7959593007029124,0.7502899638504016,0.7286545426186645,0.7732636455344286,0.6452969335354455,0.7261329170551907,0.6287557902239522,0.6026614561961001,0.6535876300133489,0.7218440530710566,0.7416752202678277,0.7656147700261574,0.7648371292904618,0.6677332067811667,0.6370040550310231,0.6845565446591751,0.8093601495596594,0.8163866874733443,0.7168829456088874,0.7053737573418561,0.8070345165440105,0.7106257684061,0.6810328449421972,0.7964014651501685,0.6619173267556882,0.8173519820936721,0.7944460687104041,0.6971167132990903,0.7834166322356979,0.682230650926813,0.6776881105965332,0.8129324792005093,0.7071588836305721,0.7222986327727383,0.7295446525807997,0.7572416867156198,0.6680622559442879,0.6950581407312363,0.8328813933965328,0.6359780927417787,0.813631484427931,0.5746901296861091,0.815030560038031,0.6735322029720809,0.6642147793052915,0.695375227543601,0.8369036600185785,0.6849593065309492,0.7528510240280655,0.7429503755950562,0.9284138891742395,0.79164853789269,0.8438604047981222,0.7727700313724353,0.6148090464212588,0.777713505472995,0.7393654822848071,0.7294271621048568,0.8001959416171106,0.7977612965360574,0.7211809690015191,0.8395927949150167,0.7436155601549799,0.5908410680815367,0.6945405790604898,0.7118904493512882,0.7963192816563215,0.5820080091223808,0.8852324326717342,0.6839739902018427,0.732441573439977,0.9158460044377946,0.6808756598383038,0.8296094866693997,0.7081962555059946,0.6338431397398566,0.6389328475554281,0.6746426034492684,0.5984747343950064,0.7457730194535418,0.6908081438787059,0.7732317870124122,0.7022045091676413,0.7941541588155885,0.752330314244202,0.7610436260838785,0.6917499820278973,0.7350226912558553,0.7128595839216444,0.6892897381029114,0.8453107448087336,0.899746904486976,0.6757994174651303,0.6611418584858745,0.791736356336437,0.6835709546918044,0.8099954839772253,0.8534430265668383,0.704023389834006,0.7504499017044173,0.8566292814788841,0.7290187949550508,0.7278534809009723,0.8213537917117717,0.6979854046375188,0.8075057397346654,0.6643586765634338
0.8638821727380397,0.8716241549008502,0.8615677401856956,0.8421167125870298,0.8692959859823564,0.7994679699715814,0.8764263246260762,0.8296986519748693,0.805017535246531,0.7893074042779158,0.0,0.919932692109089,0.844826710568607,0.8264382547240081,0.8886672134115008,0.884637529799813,0.8562300606850846,0.8390836110057619,0.8764283971564844,0.8062892406067477,0.9288060210548268,0.9341854799036068,0.8608483668089714,0.8919527693911018,0.9053996777610501,0.8805139480662872,0.836135037660631,0.8224089481510021,0.8617765225783867,0.8399925618772456,0.8765669456327904,0.8431532300175936,0.87193047387263,0.8675411787112017,0.8446261090656646,0.919982431149672,0.9425054604797789,0.9062110107985764,0.9066457840626756,0.8446542666489381,0.8708472744357907,0.8073607138955402,0.8686939817605236,0.8916259926108723,0.9048682715387638,0.7880964103878056,0.7454119038716814,0.9500226327287278,0.9111908423968554,0.8283086289008282,0.91521718508682,0.8162914888996277,0.7040452859624147,0.9395608868544323,0.9628738725659132,0.727746686413056,0.847800510998353,0.9104237938901099,0.8091072418054253,0.8397214926494296,0.8285720789900377,0.714805948898726,0.8323818743094671,0.7557053783077298,0.7296925616898107,0.717576735609507,0.8625529307388131,0.8591102033852444,0.8597137480670506,0.8829186209391857,0.8491724679282443,0.7749178360689951,0.835426327082302,0.9055952438775098,0.8172221645482639,0.7265946375261282,0.8449301333144026,0.9033625300111155,0.8279269442073041,0.6812962486735282,0.7116314064980674,0.8527090290393717,0.8724000640750982,0.8096680852934445,0.8678433266217259,0.8884894313623303,0.830248886847883,0.8319395099024911,0.7577916588212195,0.8145939887042781,0.9198126550694072,0.8187095636111934,0.9137961116044278,0.7612632724408742,0.8707144537706154,0.8949012245833148,0.7481448368968988,0.7665575241811999,0.7270117847333916,0.7907504685449799,0.857462667065146,0.7833999387595948,0.8078257540852306,0.8164171577493873,0.8409789597101277,0.7868924343905966,0.7487999820265772,0.8052293089313292,0.8155904322952768,0.8832616144577947,0.912025938908908,0.8543297047203966,0.8282229901795647,0.8372049989228826,0.8232680062256819,0.811581177564889,0.7212024598358052,0.8619556927534728,0.7941474708448497,0.7888770722851489,0.7916349896907802,0.798189348600424,0.8225125342146117,0.8994678341076188,0.7346195855541283,0.9232249919903838,0.7190256585002098,0.8902818726882036,0.8635328910457195,0.8100584334256514,0.7216221702672457,0.7693888868456878,0.7945865674258585,0.8544038280001207,0.872130442807183,0.7172934082199701,0.8182125595564916,0.8574843927603211,0.8921706417150747,0.8899170944788639,0.8354039936635291,0.8719002206941386,0.866381663189438,0.8808263856214453,0.9426163087191312,0.8465553167234268,0.8730065342358493,0.7368408272159411,0.8640182881904844,0.6371135682752851,0.8810161768355137,0.7819237836107065,0.8860356634921327,0.7765222337036274,0.8757783566684432,0.8820381064241813,0.8684334379216904,0.8286173326140457,0.8440345838051265,0.8220765500798025,0.6671406367316434,0.7916944373794784,0.8722006903482785,0.9011451950453823
0.8289803279313199,0.8893619118097815,0.8353546593681107,0.8538729330228001,0.8359102487652202,0.865186331777088,0.8920538988710196,0.8117900275596822,0.7985190668781407,0.8292632516842234,0.919932692109089,0.0,0.7716407018135186,0.7283450847821986,0.8497313389220319,0.8153878401682457,0.8067103399054313,0.7628166106310982,0.9296018072265219,0.748181481896764,0.9214098374118463,0.8695797320712201,0.8540937297803611,0.8508721229757413,0.9629581162918789,0.8044342298459041,0.750722876285547,0.7900392367168453,0.8534177456866509,0.8511451272959302,0.8846063317330154,0.8292067988196744,0.8755621718547874,0.9162204478609066,0.8232816714715219,0.8880017288853252,0.8871922127769822,0.8106483111451379,0.8559958902345679,0.7683315789585772,0.8585943065292159,0.874716764064172,0.810962198768556,0.9022714391047992,0.8490874042674608,0.7330175460738748,0.7675257490047572,0.8996891841255326,0.8675602293693293,0.7543534799726995,0.8728025482065629,0.838683873956748,0.670948841649119,0.9274812676291782,0.9148364853625566,0.8176144355209075,0.7809445867696654,0.9382702476999234,0.7447146812899218,0.7596134448429168,0.772060682798624,0.6672709863327442,0.8003691507562326,0.6943200734159564,0.6885264972204901,0.6624536479598715,0.7693598670242532,0.8085217120869898,0.7544965950543212,0.8437295786576832,0.789193458654085,0.701633324078417,0.788297333685286,0.8315724275521821,0.778467990972776,0.7176223001661826,0.7499105318738104,0.882706692376673,0.7769650157660697,0.6807071261788514,0.7344249442466245,0.8423190219589551,0.8769438791208857,0.7513037442153219,0.8410122566735998,0.8566942011021668,0.805652392780771,0.7676952619952818,0.7512218643969616,0.8131294604235437,0.884981248259559,0.8938229330469296,0.8561040611048204,0.715607556399883,0.7980634601648993,0.950998713630287,0.7048983391628758,0.881783288044177,0.7088236497470575,0.7766282740982651,0.7780519137071488,0.7258660847427488,0.8489273227184478,0.9056428491279686,0.793949918860698,0.7360702342400409,0.7042297874389265,0.8571358579447182,0.7625784426746853,0.9010808667143232,0.9544145535876074,0.7965661100364682,0.8202718740676521,0.7643186518992013,0.7659984265950088,0.7891762680367106,0.768491217032435,0.8109815006641127,0.8390755374013755,0.8006168693013483,0.7083445267748378,0.7841033447836592,0.8337884185285416,0.8890521006503097,0.7100248837525923,0.9265594369899156,0.6899759743632738,0.8283495489549539,0.8939012399475258,0.7157631851244718,0.7743500254717111,0.7259982665829117,0.6829578335082522,0.8417536181297296,0.811480622843089,0.6676813741191758,0.8055994494942496,0.7953638273552581,0.7961790273879739,0.8484560995072653,0.8379511037015914,0.8185421262452052,0.8624639837946091,0.8440123173907007,0.8862090110658042,0.8778746704175187,0.8698977483331111,0.7166243206413545,0.9009979169305153,0.6287681366517782,0.853703091580456,0.8043003857972745,0.7979679138062884,0.7444591956071132,0.954996182696182,0.8158201804835149,0.7726654582321224,0.8691705500253474,0.8192372342432611,0.7728594308045375,0.6581803688722695,0.8160158990630433,0.9102061092312322,0.8491618264568574
