0,1,2,3,4,5,6,7,8,9,10,11,12,13,14,15,16,17,18,19,20,21,22,23,24,25,26,27,28,29,30,31,32,33,34,35,36,37,38,39,40,41,42,43,44,45,46,47,48,49,50,51,52,53,54,55,56,57,58,59,60,61,62,63,64,65,66,67,68,69,70,71,72,73,74,75,76,77,78,79,80,81,82,83,84,85,86,87,88,89,90,91,92,93,94,95,96,97,98,99,100,101,102,103,104,105,106,107,108,109,110,111,112,113,114,115,116,117,118,119,120,121,122,123,124,125,126,127,128,129,130,131,132,133,134,135,136,137,138,139,140,141,142,143,144,145,146,147,148,149,150,151,152,153,154,155,156,157,158,159,160,161,162,163
0.0,0.33532981043280957,0.27698838014170357,0.2648910383891925,0.2459953328774885,0.29833262373607616,0.2610626214270482,0.3082910666675456,0.33668406266258166,0.3265062035682193,0.36659377944524885,0.3074002648620791,0.41641944843756284,0.27457036165141446,0.29570602062662277,0.33723178181798447,0.3341211889085265,0.41238530561037673,0.3047239678474631,0.440553966922255,0.31956525716866585,0.3125511527982369,0.2612525773272095,0.28944771375787004,0.42733799378707243,0.2492462642633647,0.2355221277335191,0.29364777907420414,0.2926650261992345,0.26049148490340945,0.3432353820407735,0.3650979724831845,0.25798659052829964,0.2721366344919148,0.3868948543416495,0.29395050397007133,0.3778599574858185,0.350370656033676,0.27258127997153153,0.33282769883924584,0.2664595706057911,0.31546522836818947,0.31612984775555764,0.34072935311443836,0.31920607260165224,0.344694587969819,0.24734557808729954,0.32485373054641137,0.36346754384417856,0.34850314128685933,0.34512196824204927,0.28317996017604347,0.27369279943948766,0.28430128835023993,0.31694575409720704,0.3129311399954498,0.4200694565006489,0.3042671477700802,0.32606511035629177,0.311874647839264,0.3006665640437256,0.2331346182832749,0.31158438404463656,0.25548463813700717,0.29165443926929785,0.3394656022402444,0.3200099760048419,0.29385907838749187,0.27953250502278704,0.3504803921836163,0.36267503547293534,0.29351704624550273,0.35297298437548086,0.3459508421166468,0.3495133295694584,0.31461147565133274,0.256620344313047,0.25096041671725994,0.2979619752040283,0.23903266483289495,0.30550987119669526,0.31053928482710835,0.31805710068252285,0.32403195114068056,0.33370796110018885,0.371103578485743,0.3206563601975605,0.32985764909910337,0.32353282052061294,0.3104371721840767,0.33442008532028034,0.2742656549220365,0.34331841086467957,0.35486193327644505,0.32512042934981533,0.3005483429164184,0.21856508848713924,0.2667672323370331,0.23656165396088344,0.33498653050078003,0.29919194036035923,0.2781664827533779,0.2611156379991558,0.25626456593370783,0.33700489406435585,0.28619645828459306,0.29218490443557216,0.3505578305215969,0.3015617389110583,0.32059190361944057,0.3118630224519538,0.3438482469406346,0.344772058704254,0.2815087483735823,0.34384705661211656,0.3276931613648535,0.34610336593387137,0.3340977871793719,0.29095936666292405,0.2481599513320634,0.2913305204056819,0.23157030756780478,0.31513801012700643,0.35435867206994925,0.28911526129029685,0.30974178025923205,0.2462858682918127,0.24951826554010537,0.29667770836648505,0.29860136558860145,0.27810450575169254,0.27318527392085795,0.27859782878372863,0.3262087632934389,0.3293492904730354,0.3020593400799665,0.3514511979031733,0.308367730743111,0.3037025635952152,0.35976410353402943,0.2629204525276435,0.3107361472131266,0.3218621451775253,0.2719011968571497,0.3564795526699733,0.3276778962379431,0.2913995597523589,0.2662105445883185,0.3810203696537106,0.21110599619620873,0.4078626158158556,0.32031992169943396,0.32106136588282164,0.2381469395356816,0.3411204124246836,0.3692662200131374,0.2782844390192533,0.30965924390288313,0.28677601695586136,0.3111806395461043,0.25113270329133286,0.3689995428929056,0.22643196799023774,0.4583582521409315
0.33532981043280957,0.0,0.30010705054165016,0.3291634149701976,0.23544871750728966,0.33831262946337615,0.2929152596812755,0.3361627033749522,0.2912201851210697,0.40532273011851283,0.29124769012725743,0.3012524280483237,0.3215606542161699,0.34911013892666987,0.31002873396659875,0.26998504494551967,0.31195989661248663,0.31777173620538934,0.28519650482629555,0.3173322402389355,0.31712925779408213,0.3572312400858939,0.2675700147041984,0.2854696545928091,0.33300742528663996,0.25972942936125887,0.2275304718936601,0.28363526903416464,0.3737545836747025,0.21417965840219869,0.3215349337718936,0.3146427794161135,0.3411931821010046,0.2678416246582355,0.3470038985037313,0.32133319583513215,0.28891934213407766,0.3100017629461967,0.2876635978974368,0.3443105630039246,0.3348069428072982,0.339833192963345,0.23850133975177681,0.2933529261928308,0.37007422586773087,0.2995186706964869,0.2558910825552633,0.2511817915507585,0.3158325291050929,0.31825210521277664,0.33037016065836877,0.309041093151013,0.355269405628353,0.3796856444366339,0.3309517540709085,0.3573161711822883,0.33252531481378694,0.2642914455642535,0.3620517140639536,0.3517482339200646,0.3346325707296523,0.23695433519564954,0.2834290621806302,0.24219561467593534,0.3035109169605385,0.31741182314855076,0.34330990236031844,0.26951603206829056,0.2486496684260673,0.3105238540116825,0.3208005076237909,0.31753042287224503,0.3049034182928223,0.36495651419929687,0.3505207146535214,0.2791198096057344,0.26572166282005566,0.3017259754920716,0.2786168720218018,0.2294097329361559,0.28601272329684346,0.32619679474564384,0.34963926383035654,0.2902040037025354,0.3245195851235144,0.4055659474285097,0.26957156423873574,0.2744294260006387,0.27990503420887225,0.36007250285188175,0.28023470140076784,0.31501606499319396,0.3079043626188271,0.33112924930758186,0.3766969323054313,0.31832595586870743,0.2525128606534973,0.2970595697536159,0.24936096034737157,0.3769968339324422,0.2896764980552313,0.2376682514979201,0.23396050035798205,0.2494763141823189,0.305648125063878,0.27522965677718897,0.28152076451680824,0.3484147371373253,0.3259244604872841,0.328629384750186,0.29960604954134024,0.2961290680628804,0.34105380488192794,0.2638902920494246,0.36354666651224626,0.39124382955091896,0.3214127098609582,0.2358288338160953,0.30585816160751494,0.26810005082330823,0.29491316451852084,0.247727301374994,0.3149312026074252,0.3406621737723019,0.2808727509391046,0.346081274991863,0.3060445877175992,0.2833595533072423,0.36751076170937774,0.297807371201463,0.2969279229280101,0.27225171494620765,0.25867613960861563,0.3872618252929858,0.29227625347470343,0.2767567691416575,0.2703630048801104,0.3318385809619457,0.29038329977189076,0.27696223953589283,0.2794540340149164,0.32718795812517193,0.4238388688674143,0.29086062844837346,0.3271950004121552,0.29605599325392284,0.3117590774189015,0.28500595849836574,0.35833974494450255,0.21007866376354703,0.2913308175508404,0.33902813387078934,0.2649040056230666,0.2823766303216131,0.30317244576338276,0.32498756606357226,0.26086474967244,0.3167265477703727,0.2908090298059316,0.28515868302514397,0.2979919432551153,0.35319641122327616,0.24202730580421566,0.32620644754471206
0.27698838014170357,0.30010705054165016,0.0,0.26889239236689044,0.2684754064802492,0.3034673204157312,0.2355485284867356,0.3035302153506403,0.26744851181773177,0.302099489682309,0.3202848946926758,0.275322336660759,0.31026388624738765,0.24333238028239026,0.26507004879208396,0.3639124767304108,0.3499763408864189,0.2956305765390263,0.23230711151319364,0.24208857374208145,0.3665241008576675,0.4036515970968219,0.21348458472657164,0.2742702778482871,0.25785664835297073,0.3151668508331708,0.21398453736992853,0.251788834787219,0.24618557939644686,0.25179411381872724,0.23341110501689824,0.28442343260821734,0.251238461547528,0.2120051584501331,0.22916687362071503,0.26242343923003386,0.2679165164329659,0.2971104177975904,0.25503474943724386,0.2955177228280028,0.2836093341341431,0.3334892440155446,0.25762718272936236,0.2669279514160718,0.2777321015839081,0.27817942597120826,0.2756930691670953,0.27051532261368444,0.25695625302668856,0.28259832195321716,0.3103087845335697,0.3412303671500811,0.22985655940959432,0.3004394023305926,0.2579315059544276,0.25999538698325164,0.2843635557800765,0.3188314908396061,0.27050660449736713,0.25706387916022594,0.2593089702925875,0.22787121080901754,0.3547908510373822,0.22043981981005026,0.24391407565408132,0.2715920894580216,0.2605999536823806,0.3167008285047774,0.27970117953120305,0.2974250512111997,0.3319838572465477,0.22194595278621032,0.2828588484628385,0.4163950412225893,0.3444531921993486,0.19760260367193733,0.2973026523045467,0.27869864075720585,0.25207905868330704,0.21207431122136625,0.3049637942844001,0.2883970393412606,0.3343859728152954,0.28164575163319366,0.2693660060305914,0.3629614680801338,0.22764167094109117,0.22368521138700362,0.24014239834372264,0.26030576255621174,0.3102073855217948,0.21044305430611981,0.2671375574176051,0.22612156675826062,0.2940301999011379,0.2526132509083378,0.2222263881957245,0.24786572035854496,0.2045059718216263,0.28244181239961985,0.20039480638220644,0.23900104044261775,0.2135219497371728,0.23138779795327136,0.2651157937713707,0.3290982161287083,0.27134768162391976,0.2776948669723421,0.26945804550307473,0.29673417026964344,0.26237397072784857,0.2523149027495431,0.2647503305150782,0.24498368290104153,0.2690158527004039,0.3742069800999523,0.2283530658567436,0.24174184677366353,0.30717564187873264,0.2485495264611626,0.30054421417242533,0.22910682910487337,0.2300431221116048,0.31157153467035603,0.20192627432251348,0.2818972043025465,0.2598750985710009,0.2722281303937719,0.283314902639923,0.2660541169156477,0.26878745193750586,0.4378387070977,0.2068918350198155,0.2602102820558188,0.259439723654487,0.23673526100242726,0.23046969753751353,0.2412245990376646,0.25525815443625566,0.24926940600345468,0.2178702567050812,0.2562403417070356,0.2649012342021675,0.2682032887081924,0.2750213583983381,0.23369015707602012,0.3685861707530412,0.28143309971164115,0.28451638401396484,0.21104327151130656,0.2301505529025177,0.21909839174946777,0.25362223243812665,0.30228430868291634,0.2947228186923462,0.2640282214246646,0.2559898822062226,0.35635728324080307,0.18846153409025604,0.25448956409719614,0.28487139373402176,0.2143836912225769,0.2336031518352285,0.3305815351080513
0.2648910383891925,0.3291634149701976,0.26889239236689044,0.0,0.21218841405215022,0.26631603806253057,0.29965534315745346,0.30752386442580965,0.2415595857676317,0.3220985421193664,0.27415859846515184,0.3104741148010487,0.2733836598351455,0.24847066882650448,0.33540560868511415,0.24513259286692726,0.2768520108764784,0.29290230720031635,0.29444372883180553,0.24745103008405805,0.2958905383347444,0.2749242459132499,0.2574518250177119,0.24414654430610255,0.2967067139059747,0.25250217703591255,0.24882460430966052,0.25711903284120674,0.2744191374216495,0.19842579729281942,0.28652798519267236,0.26597492823759417,0.4124372078791178,0.2545053590372989,0.2516198929254649,0.29448307050912365,0.2556192982040699,0.2709874805906437,0.2927040474244653,0.32440421495367205,0.3024027853776493,0.2590044989883478,0.2420850505882845,0.26326774894334104,0.300829364318465,0.30252631763599225,0.19179613068859236,0.22913356216554695,0.2732871961125868,0.2706691851047821,0.3525088392921957,0.2777923744121086,0.28065456527796245,0.38111228926781354,0.31882583922923097,0.23442705486336748,0.3112777875331234,0.28136298157330936,0.3175281806810631,0.3095620987712014,0.3192105459935795,0.22414832165395332,0.2726135572196724,0.20677947867161695,0.28700131213524727,0.2990146677342479,0.329663402158741,0.2199299632471229,0.2545705595457093,0.2851540009175158,0.26001602030172927,0.24494827222845753,0.2631875379781002,0.40176878931835763,0.30782441604075017,0.21818155820671026,0.29601006603660873,0.269291380038487,0.2666842745445135,0.18603163431654524,0.23478062414422277,0.33852516040296393,0.258059688934985,0.2477680148125233,0.3160574076104012,0.28725256923900244,0.2586894401693734,0.2910395970612837,0.27396708415221027,0.26145549704373244,0.2769417631202618,0.2741590692702822,0.26368012867112633,0.2573087222057486,0.3199399996218902,0.2644922990391804,0.2247230170534216,0.258676945471956,0.21302617864904136,0.3359123954542719,0.24091227137877091,0.2759771177637367,0.2896528833103575,0.27317232691537796,0.279144151798696,0.25208055956588665,0.2949863994169246,0.26036965060229095,0.2865330605246731,0.24840428138317283,0.3049501199822146,0.27226170816738626,0.30168795679816035,0.2787962813955723,0.29946074343597495,0.28565388365104655,0.27193114490787834,0.22777905241796634,0.2845862656095332,0.24588573083526988,0.24258983178194948,0.2752466587171325,0.22619477462332893,0.2852405420057237,0.20658051107285672,0.2978952737418188,0.2762529479842906,0.2576275365770477,0.29606536002024597,0.2836793837079592,0.22730198332598608,0.260613199182595,0.24790450566806524,0.2872719179712109,0.26961292767790507,0.20902130833675717,0.1986273833458346,0.28115583748673184,0.2867404860844332,0.292119206868248,0.3240112287142464,0.2400656140284004,0.36290295565114666,0.2703529335385262,0.2552693951965742,0.2689664211975798,0.27015988738001573,0.271331300967186,0.2584903591447654,0.18494119734169231,0.2914341903454074,0.3072613856336536,0.2753542372115182,0.25109004435848037,0.32238038705157007,0.2810668177733575,0.2428337827569476,0.28266442560289634,0.3028334784424814,0.25706850655594715,0.2607017104706869,0.24887410980218927,0.24328008466398532,0.27694130657220034
0.2459953328774885,0.23544871750728966,0.2684754064802492,0.21218841405215022,0.0,0.20863490280439131,0.26484286884812563,0.21524019386880155,0.23530380085614838,0.25036847116332694,0.25730234824912546,0.23435774419982344,0.21377648444191097,0.21678404188072048,0.2618454508012529,0.2607133084459706,0.2528923798662337,0.26636140071541037,0.20123056235199263,0.20382589838137535,0.2670707993779151,0.2679222522321213,0.23605651559734403,0.2291601265050425,0.22923544967918658,0.23405281207074924,0.20212349834300858,0.1865383686916841,0.22946102395332318,0.2587667618853214,0.23974031818131689,0.21461851890268435,0.21450988902214715,0.18166324604796938,0.2559256596772849,0.253404131256062,0.22698204818812995,0.2448684075939772,0.24751085844179735,0.23542484564952623,0.2501198337791217,0.26820686321522663,0.2540624206245158,0.2759228542519846,0.20283075404303444,0.22498771587928523,0.26816075102425324,0.26758243286061517,0.25068227923030334,0.259672678875406,0.27012907207637277,0.22935398968872306,0.2259281410545495,0.22776422590494846,0.24046616017344763,0.21104931805043553,0.22688018869566304,0.2934593357045121,0.2378823240394877,0.219722158816486,0.18024124996775748,0.2035073109126377,0.23338470055873067,0.22041748134908307,0.23576827383134324,0.19264911637620516,0.20286141617965406,0.24172594075091525,0.22540423484862745,0.2442488750375244,0.24708980798241068,0.22556301389203098,0.20732806542324614,0.24339234467371204,0.22032550964242067,0.18491403820880198,0.22042457084323858,0.3273145392632267,0.214734626409769,0.2007128919456827,0.22999962658975864,0.24335656227220442,0.2912101008918807,0.19087987128032952,0.2311859516467955,0.22723855088689998,0.1994399837808315,0.23284754316838874,0.19912149372246116,0.20636726500338906,0.3734699153582842,0.23980463766890225,0.3081616916866093,0.18634673853139386,0.2521446757451332,0.2251874155430819,0.16343435994173752,0.19583100113507365,0.21472282540130147,0.20426286438186478,0.1968475853200043,0.20358145944980346,0.22545139120230934,0.21766003649091997,0.2240575011874698,0.2389546860815989,0.20729823036154182,0.2480578511627619,0.2632188292061546,0.22854148078452183,0.22467831551387452,0.2588065084985601,0.2049265089783511,0.23535416123356878,0.22657516313006842,0.24844960911175712,0.20375403006613826,0.2401155580195058,0.216235768817619,0.21967693393499998,0.3343175541610334,0.21121641607365868,0.1895552761171362,0.2783981893863251,0.20873578085144023,0.22812055125263506,0.21280421177304645,0.23649410887454184,0.21731134490591908,0.22562963313066026,0.21917663378299362,0.23102823086221502,0.1783592280961679,0.2283990526292151,0.21190613322094315,0.23554132873933423,0.21848105838954313,0.26737531850939067,0.22365411865077192,0.2696138437470259,0.19135632839560654,0.23818073670236242,0.2475693751093872,0.23063960511853793,0.254061404184077,0.23773996401984135,0.2735967332719346,0.25061492885841247,0.23557496461739558,0.1838373140277536,0.21053021773568906,0.23309700893527902,0.24276427251948346,0.2684222502890815,0.25761092291638127,0.23144263206171872,0.18204139283466456,0.2746130325972169,0.19733511067240206,0.2155323636013025,0.20807322129763675,0.21696532415601208,0.21784257340134103,0.3116301121536338
0.29833262373607616,0.33831262946337615,0.3034673204157312,0.26631603806253057,0.20863490280439131,0.0,0.23030644508702564,0.28201468801779683,0.2614560772746076,0.2733171915963515,0.2922808811811918,0.31464124198853854,0.3339957422784192,0.2272539722032387,0.2520175194426373,0.28835397345780317,0.29248744679552574,0.22224563941285808,0.25622873028019816,0.27005835434140574,0.3181593883496183,0.29828162659271595,0.18383367479585883,0.23253791613480065,0.2820502956746345,0.24511380383431194,0.18362774499012172,0.2278555244167345,0.27054563074432275,0.22148583164824606,0.26599440584309264,0.3343713529972939,0.28224161914670565,0.2284505012144673,0.2580337299436338,0.2476693679373142,0.29102068711955437,0.2502310043657088,0.2541797218226525,0.24221544137891082,0.2619610032814463,0.3186906163654537,0.24252488665386385,0.32123262629621774,0.25383427055453145,0.24238681075377028,0.23246192634554816,0.27618422741716175,0.21577453314136713,0.2791971222903003,0.305775242842928,0.3391518242698622,0.2399775543674411,0.3103382312202686,0.26439609232468486,0.32600547721474693,0.2764841095039586,0.32688523114287676,0.22527216626458604,0.24142793411084468,0.316951420602609,0.24970871392197097,0.33679725318534726,0.18775382763156911,0.24790259334963116,0.2769743886098182,0.28031737967386355,0.29091224200519467,0.20438977633889266,0.25900475728882016,0.31514471299713603,0.21323078137011758,0.3035764158585279,0.3127720762603302,0.3286226038992768,0.22830803528975815,0.26446573060644973,0.2416076058568007,0.22992617623771952,0.28042421013130536,0.3416385507444263,0.28071353995651166,0.2925244183729254,0.28074314590795857,0.2845487574841912,0.28512489770173505,0.29479100398799474,0.23174676069285288,0.2515832483851632,0.2829781977926911,0.283133163593172,0.27646110985419137,0.26150747338417935,0.25747395257928296,0.2633182383287149,0.30571615884486186,0.23635048040861625,0.27507718715570506,0.20836792418374947,0.27845438859317534,0.22067949210655144,0.22487933744317046,0.22710023870983667,0.21207657344922806,0.27790549949309423,0.29550412517344865,0.2842045446244673,0.26452575405581186,0.2384320587354007,0.30271609392778787,0.293861534574449,0.2421054962193932,0.3856991535905248,0.2467736215618802,0.26172906813221597,0.3195732803174729,0.26837739718315373,0.21076853052134195,0.3639931897356934,0.23578418146742566,0.2533404315016675,0.24216432858483186,0.2953613559813755,0.29814514013867643,0.2604442728537416,0.3015818639484223,0.28538205521445825,0.2433844216648865,0.28597859123914565,0.21783171720326863,0.26713955785162424,0.3604209287775711,0.24598185527783212,0.3064571157418702,0.2700704852385144,0.2439937572456715,0.2570373821703439,0.2274956903896982,0.20792998772405438,0.2344512901350181,0.24190214769528035,0.2971267262633208,0.2723446863968355,0.2536955866619526,0.28329000783890856,0.2529404311839097,0.3181431192395673,0.264215732752255,0.2707409588812444,0.19807460160944146,0.25847946019607865,0.2518133472612525,0.20529779913831223,0.23115383389059746,0.3014066965661133,0.2729208877014266,0.2431892347389772,0.33392354712601213,0.22775477435022637,0.2836861703215747,0.22152537703829406,0.29345771596755216,0.2141189751703407,0.30023014528835723
0.2610626214270482,0.2929152596812755,0.2355485284867356,0.29965534315745346,0.26484286884812563,0.23030644508702564,0.0,0.22821354725941248,0.22900369625221162,0.29958519083084084,0.2858061590005339,0.34501768790915505,0.25422634971183944,0.23642924979361518,0.3676246556323251,0.23985569449839478,0.25181382821743986,0.2804138904614983,0.2855826615015891,0.20912729953713713,0.2665396153230516,0.27961765741277517,0.3374116924780724,0.2876774769793705,0.28822750926662655,0.2514593038518782,0.23310181090259843,0.22778165411141602,0.31600175726003943,0.25767019740882985,0.27918340030546035,0.2686608263063798,0.31195628349528315,0.2539929650839812,0.24191165844951776,0.2457806223631641,0.2857875564015147,0.23595789666123404,0.31027249458118034,0.3265197248963052,0.31306036528707926,0.26248357046167226,0.2753639264151039,0.29851721879886367,0.25631775941302215,0.28299413034989096,0.2411205842354345,0.24829504729400093,0.3858956971216105,0.23396225846906207,0.3358283151177558,0.24294202606841828,0.24106651300018972,0.31515331077015263,0.35913685922306643,0.2482782648302654,0.269283856192702,0.2626513863591169,0.2946836390147737,0.25521806687775,0.21326084199609013,0.2112745194761256,0.22752811343508514,0.21165010729409986,0.2465668022351799,0.216682748304166,0.26112180185012657,0.2598546275358842,0.21805001180205832,0.23930889486628742,0.2795718410093383,0.24062502934180402,0.19899518706952005,0.296672079048679,0.20837759931341612,0.2554102138379413,0.3176699368894933,0.3278427841663317,0.23898437550055196,0.21907508852968574,0.2538557980706497,0.2716847344353035,0.3063782932810512,0.19653316835664952,0.24464272665980152,0.24578075079356182,0.21137263049097055,0.2614982070812407,0.2543736734859346,0.2471543901312342,0.3005474472530283,0.3053259672465802,0.33294978581621276,0.2541135862502598,0.2730577458188734,0.30276519584124445,0.18378719551379705,0.2453777753441389,0.2188460735961671,0.2633295666100655,0.25130082829875355,0.25655599895235826,0.25270539590649954,0.26118307847584404,0.22486642127439035,0.2541842965308755,0.22708955937306136,0.25086958692749867,0.33004919438861235,0.27196892153089075,0.34982108788058747,0.25532809307557436,0.22070017384628665,0.22547905821234251,0.2600358642873012,0.2688556467511308,0.25218838843998576,0.2981292977712838,0.2402283278942394,0.21581645739993993,0.27177313703194067,0.22544008604152577,0.20460784143562635,0.3638986260218463,0.2134187051228673,0.3481876336834821,0.20902261781256762,0.28923197468781014,0.2465809384254655,0.2679031431476873,0.21143729007678239,0.20927269148234473,0.21144081983431157,0.23395545145370422,0.2200989746637234,0.2548400231041299,0.25150944698851607,0.30718265905136544,0.25609348131131193,0.3099396193235253,0.2642233919073318,0.23857382099210406,0.29316052984035873,0.2260698248923612,0.2843938662118478,0.27650787169400975,0.2689714929716903,0.322933944786095,0.24893892419247304,0.1764731975841573,0.2564636853190153,0.3101197141417144,0.24949090328675627,0.2946014669964518,0.3293181148248341,0.27089671750666594,0.2552615211268845,0.3106795941472868,0.28792088037148483,0.2935256043982142,0.25807432627361604,0.24618048531019476,0.24610365735486991,0.29746881255542656
0.3082910666675456,0.3361627033749522,0.3035302153506403,0.30752386442580965,0.21524019386880155,0.28201468801779683,0.22821354725941248,0.0,0.3195871016632653,0.34718588849020104,0.26129694919872604,0.2907773124592347,0.32057704029856543,0.2692565331014246,0.2714535091822182,0.29818924354937537,0.3120572235383743,0.3086932932997906,0.26390809989956326,0.2971605243285148,0.31677688231889395,0.2641792561588842,0.24027391545594198,0.21671173391475593,0.31234034146925677,0.266763014651462,0.25816888861624065,0.2804285111112525,0.2331925091165736,0.22166265287544648,0.3463594046265937,0.31447013863589596,0.2895658013087444,0.26975988453425603,0.30180518079755514,0.3428545976637922,0.29032042739421426,0.3511721579269354,0.28017292964167995,0.29815040100727846,0.27599016728176856,0.2933758548696395,0.2814400268951973,0.2579068414040797,0.3989931981941544,0.32168327126323315,0.2408987748891976,0.24574054801773423,0.27941693607312673,0.31901090537880966,0.3154145906731938,0.280132547387131,0.28044474445540096,0.2868507023357912,0.30424541479616257,0.2894581164782326,0.31142373112811456,0.32541472926600645,0.3326259141731535,0.30590558564980236,0.3705037276935236,0.24880052543324568,0.32393085324003484,0.25271017461425754,0.27610933541872756,0.30853581867461694,0.32765323626671317,0.25402770297305277,0.30129689703014345,0.4162871177575725,0.3044755426353895,0.29656566807880647,0.32281995187701806,0.3673803256223917,0.38912699299569925,0.25153579898879486,0.3003523589344697,0.24780654713723282,0.35362618114148847,0.1932887896235136,0.2598498873653852,0.3251034383525131,0.2874890810744446,0.3294886893828075,0.38473698334303424,0.4064063241882761,0.37600167834752557,0.31380239802385645,0.359142679289217,0.3057797659387052,0.28996309788524416,0.2946552021796369,0.27665044786234305,0.2606086131651522,0.370756970832145,0.27381396294031707,0.27243387009115166,0.3110215497879387,0.24018508172413233,0.39010245067076366,0.24266683520364732,0.3340727287258138,0.2809102282154963,0.27702402863099745,0.3903261788494426,0.33327867328238,0.3233671827755319,0.3236503375986433,0.291327302526113,0.2549205061727818,0.2491510965926872,0.3228651275815051,0.3455193471123936,0.31743859777350797,0.33544913075440486,0.3163686094750016,0.3187675730831772,0.24519114993397187,0.2681029830393614,0.2817015238261721,0.2736646237098411,0.3595603572062221,0.263508901225688,0.2843061548188883,0.24187762556644996,0.2753595496369555,0.2937122031298721,0.29588545961193957,0.34101540642887535,0.2889730195705909,0.3212304274202419,0.29197943741879406,0.2844879747022071,0.2912302938251261,0.2892309572099652,0.22577861646519437,0.23548090105879282,0.2814252450742652,0.3027695306788071,0.29911679271884783,0.25578507165024134,0.268784811335342,0.36177485458622144,0.30674087927551075,0.3027575622299336,0.31951822745678793,0.3058511671244362,0.2698320563793441,0.3537361375485266,0.21545571364755647,0.3306327194692718,0.29986500705076913,0.25359573407355823,0.26324419155851153,0.34531753244764546,0.32930894032997476,0.21992828622282665,0.3008079486070308,0.2271460558212074,0.2724703513994682,0.27199427098667645,0.28723637983042727,0.26452825674874075,0.27652601127873844
0.33668406266258166,0.2912201851210697,0.26744851181773177,0.2415595857676317,0.23530380085614838,0.2614560772746076,0.22900369625221162,0.3195871016632653,0.0,0.2861030772605753,0.24661780133683714,0.24986750740562894,0.2614369105452846,0.3318968092061741,0.2558002904350402,0.2677251206054567,0.2649936486750558,0.32705262039987654,0.2400422128985806,0.30874185067962673,0.26415411041335607,0.3314474138450988,0.21174858204518643,0.2016477444268201,0.28430810161077424,0.2281581681665101,0.2504746038243571,0.24601185839803327,0.2309417022369237,0.26211704076457115,0.35790791012930284,0.30813634697985987,0.25133599047356814,0.22318056331402122,0.3261328893744093,0.28967805471816277,0.24905313740192345,0.36648478743925217,0.2576094632092712,0.24181869532750938,0.2351538408984028,0.3414404035348502,0.26226033944327587,0.2641339521050121,0.2970017174864649,0.25614580188456043,0.22980461433539792,0.22979968707632248,0.2602291849561948,0.30359185616102374,0.2663425041319829,0.2395043917469396,0.28234914990718674,0.25897157369736795,0.26583627536662846,0.31730991517189466,0.2849736748471128,0.2802880815606918,0.30494461304491954,0.2463988894930178,0.25263533500550084,0.27213993941627795,0.27157505488104555,0.28877187261054865,0.307233184653854,0.27153086903116214,0.30532928023465156,0.2714632367794286,0.29566930292887794,0.31819686375921397,0.33742691040057765,0.30462096852514325,0.36399374170734394,0.2715650611809427,0.3409405068992012,0.25600277631947205,0.2300266561307335,0.2193684287293615,0.27426792182307597,0.19918178305206605,0.26137073108362296,0.37921068215916953,0.30155587854802995,0.26490200190452123,0.33290796211453055,0.34539106291914384,0.2956791740997316,0.3464174964011763,0.28539647118140965,0.33880052701926605,0.305042463288855,0.34975082894591675,0.27260338052503547,0.24469634043111427,0.3922589199555279,0.29563995039965585,0.2953109058042793,0.2925302686403653,0.3232406133932046,0.27449203725136606,0.27834499531082535,0.2440365512058444,0.28571503652044444,0.2522029086718014,0.3844676285707755,0.2608453172164353,0.24155643336171573,0.284978578142909,0.24631887232744404,0.21780397985179026,0.2256864667480858,0.3533934462235289,0.30683031270801187,0.3620321492439664,0.2740192377496687,0.2635140083132482,0.287947516300509,0.26103326100933877,0.22331137479717275,0.3086844650498529,0.2792916102807681,0.2668845851321347,0.2577135010751582,0.2674577889836236,0.3676100646463403,0.2410539084357552,0.28919246816999156,0.2380247709196092,0.25938588919372896,0.2972390778759791,0.4073758895082171,0.30285620672110747,0.25171213587017666,0.3715862077579144,0.26801603336729835,0.2714094561297733,0.2388454400373284,0.257950588821836,0.29261482821413937,0.30520261016267863,0.26671330613217586,0.31872088538847704,0.3252603451478743,0.3867139479064961,0.29635590700857667,0.3107260428132485,0.33636504957013813,0.24441965184147432,0.3335939182158194,0.22978669976351535,0.31281918998112346,0.3007022123807635,0.25745750033707837,0.24721481446011734,0.2781506158380232,0.3136650771874021,0.20449630512881498,0.2517923133270596,0.2562107183913341,0.26112880020201773,0.2398441603907097,0.3169420287831261,0.3005058959153196,0.2907784204838248
0.3265062035682193,0.40532273011851283,0.302099489682309,0.3220985421193664,0.25036847116332694,0.2733171915963515,0.29958519083084084,0.34718588849020104,0.2861030772605753,0.0,0.27341011534087767,0.26526072355664415,0.3256755173636445,0.31398042629691486,0.29345898757558936,0.2937384821640322,0.3143325365720328,0.3899421449438966,0.266486929016095,0.2748563876474731,0.28968792314479846,0.27493785603406035,0.324566691857886,0.24521006135644755,0.4189239549205135,0.26600329013757695,0.26469207862896305,0.29123467173567,0.3492032616582703,0.2427119840302648,0.3415230833492983,0.32352505268425125,0.2602487825261464,0.2653850903517097,0.3130784096615143,0.2805029336786422,0.32144868955624634,0.318991407266959,0.24218799154563633,0.33270827561684596,0.2594562608560174,0.325048897277172,0.2725279938658388,0.26629678728413775,0.32377623645935083,0.30663399887168336,0.25332172304711037,0.252407783394627,0.3864786782752591,0.2562870303413004,0.30863723829150835,0.26165479468655656,0.27885459398801365,0.2987192810891896,0.31540876830464915,0.33614158115675097,0.2960475922771617,0.26649806154521816,0.388740433272393,0.28925333131211545,0.3086006276699566,0.23550708396294429,0.2592380223545105,0.2404091522734908,0.27486696425722046,0.2849101211194124,0.3079453201071597,0.2843306919959141,0.30617853500490644,0.3960799749608964,0.28006660301341746,0.3380436210946124,0.27093981134529915,0.36852495184220174,0.31920367050099735,0.2999443241015388,0.27748480472781684,0.32708893597939975,0.2810769859859265,0.2470167250318473,0.3119066222087159,0.29253865072721974,0.37671814536260473,0.3202891769667692,0.3190485358017673,0.35357986952779824,0.29683095394823505,0.3256117693080699,0.35648413974326487,0.2935273946093601,0.2897349575181599,0.2816674234932891,0.29866983948337017,0.260922917156667,0.35457267430270395,0.30945790445483623,0.20712052653638088,0.2950931768708012,0.25366284164461833,0.3754946283456324,0.2918658192540562,0.2699155602581558,0.2720862550731679,0.3042389714672636,0.27942971150613927,0.2810796253156377,0.27170714140579044,0.42062364368859123,0.3106794392513547,0.28922070975104847,0.26665647160541417,0.28531012585122734,0.32361123606136977,0.33233516415514874,0.3210778254276834,0.343239169353466,0.3499507220433605,0.289830802982112,0.28280289359816374,0.3086903158604194,0.2711169256638996,0.28368024100648814,0.2490782497705866,0.34987608192310005,0.2570984943808066,0.3414214081324966,0.27632330654262055,0.25932674901064007,0.33774412889004823,0.3088688052658347,0.359419332147426,0.26462380225245297,0.2881768627932002,0.2772527225990692,0.25401145343067355,0.25316073164218794,0.2762300400891671,0.31519041714714285,0.31540308419603313,0.319916651690434,0.29195570253375763,0.30796474008572067,0.3579128569866686,0.2530822650844574,0.3224873997719299,0.3284606928019464,0.25468380974630833,0.36876422373374745,0.42178238719126665,0.21531392344592,0.28125473622505354,0.3897497753660378,0.24945706715528274,0.2872080782562532,0.3383233012987183,0.3327338716900626,0.23587467200854828,0.37304531309612426,0.284786778116726,0.33343841234788174,0.4022903060581632,0.35936441636778566,0.3029342280134586,0.3093437810868929
0.36659377944524885,0.29124769012725743,0.3202848946926758,0.27415859846515184,0.25730234824912546,0.2922808811811918,0.2858061590005339,0.26129694919872604,0.24661780133683714,0.27341011534087767,0.0,0.3311182112938063,0.37140532580415253,0.24173969535898523,0.27875113695084214,0.34513229893268393,0.3343195509252857,0.31042032988597484,0.26275364913165417,0.2720870893285681,0.30568332476935095,0.34327474800743873,0.25141578756197125,0.306724245730971,0.3093575154361823,0.28704574905853364,0.24424982647750315,0.2888027310771989,0.2996587333044504,0.268830878735266,0.25877897776788905,0.31047633408077674,0.24803148498530536,0.239469354443327,0.27480464775798263,0.26033553756294553,0.37461352689932714,0.2732447125240889,0.30139449638163174,0.31398275527131897,0.2535878679237873,0.30216314044767983,0.27091185489681113,0.3196008078466345,0.27875530215669314,0.275843858575142,0.20703681083077166,0.3505900913167785,0.3163362895675537,0.25636749246871604,0.35020642061561724,0.260978280896381,0.2195928919116743,0.31044213188330255,0.3540643966298926,0.2304045296645581,0.311693162132549,0.3355142375514724,0.2802095909623622,0.27072381912544735,0.2827620558684401,0.1929775880527434,0.30760797410325896,0.20232122131928879,0.21806902928137833,0.25930477033873445,0.303382094434948,0.2880581143206582,0.259531487720223,0.29677988224119556,0.30928193576773794,0.22569051088651976,0.2864807061380547,0.3694832695602596,0.29556076605383175,0.242276020883865,0.34647528490757695,0.27279490455221816,0.23828689023005184,0.22904787743855384,0.2674989961577655,0.24583715084688978,0.29643550442065714,0.26626083119555455,0.25258725228644463,0.28052824999857656,0.2685162729172288,0.24723645052503299,0.2461089225510238,0.2611691748573138,0.35405180425111465,0.21064593710908922,0.32889598046590457,0.2783029042298865,0.26436633911462615,0.26770571260062,0.18916849681352574,0.20737670705760516,0.18888569156373256,0.2712321367943502,0.2518728345236728,0.2562509187830557,0.21885736242124237,0.20413044851361897,0.25678245525676724,0.2584707770182779,0.2422915446337974,0.275168227416705,0.26188528576869435,0.33130950412356974,0.3504641210989101,0.2480604067234327,0.2840282069948558,0.24292065225301926,0.2754178900259108,0.3266781835895941,0.24966995531838745,0.2780778696184621,0.2872924067121895,0.2161070803976774,0.28172095124028845,0.20410200500670098,0.24539361767804835,0.36021771865755886,0.21736163814642137,0.340937881560801,0.20242761318871386,0.2800167429862639,0.258978792613127,0.23710943028926615,0.2204429660598247,0.27889617304585157,0.2726936334432593,0.2619262971145849,0.2948573702585823,0.23767664397484786,0.27875645883071165,0.2554763130948679,0.25828539797367384,0.2760355377720044,0.24537173067978443,0.2574414800768339,0.24945196045036627,0.23074216521921864,0.3152016182337561,0.23945413824486372,0.2709140302316457,0.25539244299486336,0.25589582897884056,0.18741376289961276,0.33170937073417656,0.24292611802538033,0.3082826313034172,0.24295782774455302,0.2717781099352622,0.30698866965266935,0.3037382166240448,0.3167466747013128,0.2543083829598519,0.27788982421957453,0.21879036429506699,0.2676437222383328,0.1913166831286688,0.4538000257172709
0.3074002648620791,0.3012524280483237,0.275322336660759,0.3104741148010487,0.23435774419982344,0.31464124198853854,0.34501768790915505,0.2907773124592347,0.24986750740562894,0.26526072355664415,0.3311182112938063,0.0,0.27019916097376107,0.199374628966585,0.3010142893177037,0.30009627398676136,0.3297713313398859,0.2637457008750985,0.3678047506649126,0.27241529759404765,0.37830570742541964,0.27554338188330546,0.2596441806370721,0.288921630571065,0.33537310663787856,0.26664425150598486,0.23277249187323515,0.25114383597589,0.25987982941105336,0.28508294200844836,0.30916953100053085,0.33244460703540446,0.29894720545826714,0.30361071096762876,0.25365999168699227,0.2916905743221127,0.306877426330623,0.2737665693675212,0.37360130255942653,0.31644561924006176,0.31824772846265387,0.2817645303493052,0.3167238156919071,0.32801891529998595,0.2895588216693652,0.325028625708324,0.27133196057122666,0.2768458921247138,0.30820461399268356,0.31285835669365614,0.44466259485404064,0.3424434785309426,0.24928832157849024,0.3594283336565051,0.37282636177360123,0.24617923594510926,0.3915035557866372,0.3766948569767209,0.2601216936426667,0.30692014764312237,0.24435782000548686,0.22405035696346082,0.3327993047573209,0.21539704156381223,0.26100528696343217,0.2880205743231205,0.24832920313656084,0.24280810806812367,0.22669107350960513,0.25027614267379616,0.293215534955539,0.2288204483023836,0.24932063894326795,0.3510390698653349,0.28526120412819495,0.2480235456938894,0.31611643164262887,0.2945737967296537,0.2710058864298256,0.21456050566332074,0.25236253311429635,0.30911366056389905,0.2921058258209495,0.2184171561591882,0.3187237803449948,0.2997707306288908,0.2379566744698473,0.28268242436603347,0.30899185953707176,0.25706413636915804,0.34006014464282386,0.2897854846972587,0.33990664372059665,0.3092329656330751,0.2681079686745255,0.2995583669692446,0.214992488677469,0.2788879462904248,0.20812453736310166,0.2948765430900428,0.22085648605314936,0.28626869185755893,0.28904040381403356,0.27193365568605216,0.2818081279145656,0.3081397062732398,0.3264734768331074,0.2555102544780495,0.2968475009850574,0.3177437393287844,0.48600157613231043,0.30815472697865925,0.2636441749354132,0.25344946889819897,0.29279222450038167,0.3182895585784843,0.2882657873817398,0.3034817710987459,0.3063490103611185,0.2168065525080838,0.2718545800255242,0.24163877830943742,0.24388216696085946,0.35304691883396133,0.19873287235742512,0.35352936191684403,0.24367026268937406,0.30492801352971394,0.2940356511416598,0.24295425589406586,0.22759281915935753,0.27569639868871937,0.21724454743739488,0.27545259302595904,0.25979328666524704,0.2208650107311798,0.2843136027522634,0.2785232237496379,0.2442913803926937,0.32201081717138763,0.2183345914994172,0.250204783605661,0.32079986451655423,0.26487786837510674,0.302659515194399,0.3374542372458926,0.35536493669955416,0.2711361212472613,0.2897311084785768,0.19644198809727584,0.32576193905175543,0.2875873345018866,0.2941902773630144,0.264583213027203,0.38315674973747754,0.2530556173395864,0.2458780125615384,0.3254250530627657,0.22619429461658896,0.294392982005176,0.20614484743688166,0.24920642029142126,0.21556830564750012,0.32249510492819283
