0,1,2,3,4,5,6,7,8,9,10,11,12,13,14,15,16,17,18,19,20,21,22,23,24,25,26,27,28,29,30,31,32,33,34,35,36,37,38,39,40,41,42,43,44,45,46,47,48,49,50,51,52,53,54,55,56,57,58,59,60,61,62,63,64,65,66,67,68,69,70,71,72,73,74,75,76,77,78,79,80,81,82,83,84,85,86,87,88,89,90,91,92,93,94,95,96,97,98,99,100,101,102,103,104,105,106,107,108,109,110,111,112,113,114,115,116,117,118,119,120,121,122,123,124,125,126,127,128,129,130,131,132,133,134,135,136,137,138,139,140,141,142,143,144,145,146,147,148,149,150,151,152,153,154,155,156,157,158,159,160,161,162,163
0.0,0.8916402789769755,0.8051305171579812,0.7696113250890825,0.8414681394517414,0.7901559612306233,0.9100181924545782,0.8245185891190658,0.9008892420016178,0.7450635036773791,0.8721912976127912,0.8891009220274845,0.8405448089787068,0.794888801774444,0.930889316026659,0.7991954278363774,0.7957321226653835,0.9380499084967887,0.8312126604828772,0.9449234878962142,0.8442367761856729,0.9234705116013993,0.8549156427248121,0.9126609276396593,0.9008843466973115,0.7864425368778897,0.7217703968467939,0.7703870492772921,0.7479704401854753,0.8104636771526444,0.9339304197182373,0.8514005889806363,0.8421723885798366,0.8776335538936902,0.9123077812883209,0.8521879722399163,0.9072196948624789,0.8968615166923566,0.8785895975537654,0.8124470565756083,0.8389005244205904,0.8614287189203594,0.8806643642489917,0.8847891575935541,0.9021267612225634,0.8949222260515012,0.8456419006381125,0.8523440589774441,0.9342866331928298,0.8816638584021443,0.8700865615767865,0.8374586347178067,0.7980408561939574,0.8246316683454603,0.8147245636615044,0.8178367813838588,0.8936722056448875,0.8322428463180821,0.8233342939130964,0.875859642471597,0.7562412824934714,0.7820997714793568,0.8029858002048377,0.7960876915342177,0.8545259630005532,0.8204599925851686,0.8415305621854914,0.8766176388456932,0.8054479141583313,0.8862956073534886,0.9592530240079471,0.7995748222185093,0.7629480466783961,0.8335030023756899,0.7914498345487575,0.9277371774071727,0.7833884514898876,0.7771077110794555,0.8852093237822231,0.6425014609161076,0.7510066986744891,0.9219061594168182,0.8592645409609903,0.7579534705544209,0.8063250621460007,0.9261905952009446,0.8654671244626692,0.8352138583332747,0.8074334370247364,0.8721897972115832,0.8898703573916354,0.9216070702354758,0.8512657238147001,0.8583725771082859,0.8468106689819896,0.8772626157303909,0.7422424038004722,0.8554653549304543,0.7943533415209284,0.8020197439453108,0.8047405250823639,0.80301168592132,0.7910077310055789,0.8255096450444998,0.8617160597519194,0.8355178758269995,0.7211752681736592,0.8030233145298766,0.8497344890593519,0.9027112217850437,0.8771780473485645,0.8667875295537418,0.8121311875588944,0.7799075382337229,0.8482129394923953,0.8272100615115028,0.8792590988226476,0.8766886020445213,0.7282666578285857,0.8044891305920956,0.8635669723397895,0.7529139418505727,0.8988007004027155,0.8974601513929151,0.8199407218175628,0.8330728237367059,0.721735482318008,0.8865025561486626,0.7871016925747498,0.8300152960085321,0.7588118049063353,0.7507402596335517,0.7667387945770893,0.8892464170736,0.8904795224162525,0.8421815467701363,0.8962509214858161,0.8656540871941895,0.8207000410996775,0.926284365737188,0.7686787912005612,0.8659365597829518,0.8936282606208571,0.7959799957332858,0.8952185532633499,0.9062005022773578,0.9436336911547853,0.737784954282916,0.8743232307519375,0.6444742550160701,0.9226769422555327,0.8336951920923865,0.8540508578357523,0.8279059513582205,0.8792677280766957,0.9595904830089427,0.8745708362531219,0.7917199764542262,0.7791684575540696,0.7400016322197902,0.6900933983645724,0.9134375998857437,0.939786696408307,0.9451486038784084
0.8916402789769755,0.0,0.8935562610954602,0.861513799946655,0.7672601915798525,0.8431807123596405,0.9014299706079415,0.9231750299755307,0.8353482239559267,0.8658763938329977,0.8796882746364934,0.9299977346722902,0.8981964907854417,0.7992849354454955,0.9014686194065697,0.8216645741209708,0.8561585193660759,0.8964446530370632,0.851365780541847,0.8915839812694869,0.8578829794595643,0.9594413127960949,0.8920032736604565,0.9421933515498954,0.9123660412906093,0.7605219914510193,0.8031633272986741,0.8880575760369404,0.8181031660675857,0.7728355120265895,0.8551963529923854,0.8411461508881518,0.910951023108185,0.9084658706498473,0.8121493972766164,0.8376574094962765,0.8513949788661956,0.8360192399580767,0.8574144724161048,0.8799190417179387,0.8761806024866943,0.8768185018726911,0.7614109829236629,0.7942674634943313,0.9495689775803922,0.9264971758666749,0.7925207222643144,0.7817282191393989,0.8878626911749251,0.812494199089829,0.8330758041963496,0.8341923226818778,0.8169839981025976,0.8804273164949774,0.8101915026691623,0.8352593055180565,0.8534051476543901,0.8408237151063991,0.8259989751026373,0.9145208520019341,0.8597665101707125,0.7006123101093861,0.7637179658344126,0.7330418507565223,0.7611984241980045,0.796606179592839,0.8909220823778843,0.8090541365470506,0.774255343379986,0.8978736924731715,0.862384010200935,0.7117550343144939,0.7250084832271307,0.8907870979832195,0.8923164368948983,0.8087068026371229,0.8163916207927701,0.7745263945289967,0.8543757822916848,0.60910227331585,0.7651579517984349,0.864806278200312,0.8656657017148168,0.8155498206148286,0.7518248377438059,0.9706937795392254,0.7932359988750245,0.7163833162168608,0.868160262811389,0.9127866734786378,0.81021682975395,0.8628534766392318,0.8101814004559889,0.8279471402572823,0.821062658682786,0.8679013862579984,0.749892986587695,0.885910796613697,0.6505282209334624,0.8866732457037654,0.7416221482220308,0.8016069112969049,0.6893622048988269,0.849344226656901,0.7750520746892887,0.8550007065981174,0.781974042214639,0.8966422055165715,0.8904015340860344,0.9437262831163001,0.8692628329311654,0.7452662272258828,0.80915270542296,0.8718372021279905,0.8227036622334138,0.9052495017839517,0.8871104622127342,0.8042530638966917,0.7778211574833572,0.8032462411537155,0.770441840121032,0.7377916285170597,0.8315955219072884,0.8882036923658364,0.685013653806011,0.8830999346873134,0.7407729358117886,0.9071600273652332,0.880041288673157,0.7917319820339948,0.802536956809183,0.7728779660953651,0.7505387161179952,0.8322979474413996,0.8706477205263139,0.7276235788424872,0.8465715458574944,0.8187725076093664,0.8756103987291083,0.8611401489632028,0.7783797321334586,0.8036029244232616,0.9257070666988675,0.7697699164243943,0.8302669319367147,0.7905333923462209,0.9001262340179945,0.8308478066052185,0.89842213099427,0.7061328302252389,0.8171888782703919,0.8183904472907915,0.8804253281268892,0.9009626522186273,0.9321605264850487,0.9311003891876755,0.9412226197976746,0.8455121750000885,0.7714586763669891,0.6921482376927912,0.7700457363517895,0.7717914422358398,0.9225331706950476,0.8679764728353925
0.8051305171579812,0.8935562610954602,0.0,0.8201193548434301,0.8307929679559146,0.9173130269721671,0.8681933194745177,0.8477011072739289,0.6969899495657251,0.8524191547760365,0.917861142097692,0.9130655586647768,0.9315301289169217,0.7166570399158642,0.8079177892834467,0.9656564308491092,0.9601955994621528,0.8060846966365904,0.7999326218619065,0.7720878503883509,0.9185811268488133,0.9185826227781856,0.8217089435671251,0.9114901514515752,0.849758461150074,0.8544624177220634,0.724858269929669,0.8355931471112317,0.8400206273617861,0.8018715054893482,0.7289183181432205,0.9221797978150066,0.8465785819820443,0.8600353820796423,0.6865738653706269,0.7907671320973984,0.8555281792874893,0.7905576607087895,0.8179945324070159,0.8681622196480883,0.8428496428866412,0.8704369735125972,0.795406637017118,0.8078716919574908,0.8546324337549198,0.9114876640047213,0.8552205555744793,0.8400967114704098,0.8370475511202653,0.7865615745946672,0.8762275017669865,0.8988235628920664,0.7536419900952007,0.870502216630313,0.8249345343075419,0.7925747981169322,0.832079268441926,0.9334462235934121,0.7443531250492991,0.8569618124144286,0.8387173605957614,0.7976745618871814,0.8503715323901885,0.6617638906835274,0.6956789460397802,0.794876508199408,0.8131844430460808,0.853223914662191,0.7637793804032833,0.8369777335637081,0.8527704665013401,0.6297269084475271,0.6919687728792363,0.9401053695538489,0.8961197838046325,0.7217996494142566,0.938457494729303,0.8804021357443056,0.8197864334554634,0.7403857312824919,0.9016962385743184,0.764883790587255,0.8773328609047866,0.8289274440008577,0.7692922179444609,0.8690038341225625,0.7633335199816924,0.6601000619153712,0.802860377633112,0.802160096640255,0.8584817714797074,0.73378464823529,0.8302048522921237,0.7811995535560364,0.7672246476246342,0.8225745810139312,0.6961328227567621,0.8057549980154273,0.591669998154613,0.8294722269692457,0.6606654497208171,0.8749151324207439,0.6544221475799675,0.7624363151145047,0.7071935589379414,0.9420213112938661,0.8716607498423484,0.8654972349126211,0.8964849450578317,0.9472828076253971,0.8923243578968151,0.7136356002021504,0.8195482603970785,0.8132553922062652,0.8055413760711357,0.9157324121747317,0.8221646022541446,0.7891589248663268,0.8833418617651368,0.7202765600293111,0.7786031205705494,0.7475910720305708,0.8051070056974463,0.9306780948612509,0.5929418399263507,0.9067512198828261,0.7759280630204033,0.9292536339678378,0.9078659844434434,0.7417741834755426,0.7388492108232122,0.9029269086538042,0.6995573971099263,0.7252178035125824,0.7848618862888589,0.6903341638356829,0.8184501849097265,0.7513331585893593,0.7816642735253101,0.7970955292585289,0.6895035590863415,0.8671190523819791,0.8201435682031061,0.7178674308101036,0.8416501270914917,0.7425633946209416,0.8540834486235575,0.9334239938130077,0.8428869243443079,0.812444437556609,0.7071114262881405,0.7445463883209675,0.8180492237839027,0.9061197382702936,0.9326076840471479,0.8253761228704903,0.8948820712029307,0.9307697188397382,0.671064961401422,0.821336562287155,0.802396844461875,0.6687939503989675,0.8270025759598786,0.8331188235602597
0.7696113250890825,0.861513799946655,0.8201193548434301,0.0,0.700032043834405,0.7512020426346028,0.8274255825919027,0.8089004495015911,0.660095561740274,0.7347467205567579,0.8531896693106024,0.7759588832543511,0.8367069685646712,0.8279831805620481,0.8181550549443773,0.7500106185500515,0.854511034180045,0.8294533692758743,0.7869570979368155,0.7722471374202049,0.8240681025041771,0.858105875808761,0.8018579471931321,0.8639167511862968,0.7415733507820877,0.7926620310050557,0.7641413568335083,0.9128382297583129,0.7755581203152644,0.6139028184364084,0.7026533830031364,0.7443961901707855,0.9458608063162102,0.8388118890764916,0.7480329836675742,0.8487433955213742,0.738549175517389,0.7884094954036277,0.7908080123567084,0.9100398515633605,0.9009029023316155,0.7228695253080206,0.7022309236791571,0.7580398285123733,0.8627453034036635,0.868118960491548,0.6695508127294001,0.7340723031219877,0.8035533844779557,0.7969858834414854,0.849954744064986,0.8462754263722149,0.8525501087673751,0.9223211968164885,0.8289911555153379,0.6626807232136765,0.8297999534467448,0.7518070570471246,0.8463210657073474,0.9114253027548007,0.9064105915330558,0.7112478181351755,0.8006035572926152,0.7119759269955707,0.7409959653731205,0.83192132476737,0.9010524972992284,0.7026980853924497,0.7534197057981518,0.7836578444442897,0.7859600730222663,0.697270401740715,0.7897073233198524,0.9142398115201235,0.8719965054243244,0.6861254482947381,0.8483600828029275,0.7142183893348159,0.8455877987228273,0.5894261917114961,0.7320227076628218,0.8006438768142036,0.7047009685653226,0.8442959255497072,0.7975123124400091,0.8357107953970478,0.7021508427634168,0.6940546415186478,0.7606293850049548,0.7363835119399317,0.7847669408521496,0.7418824251670196,0.7844345127130851,0.8311758137705796,0.8875314940594587,0.7135660331387743,0.7617038889563476,0.7539742105259214,0.623160314000451,0.9078702074416929,0.7149144542477259,0.7793913030126481,0.7321157287201384,0.7181923400648307,0.7907758886691002,0.7799386333691898,0.8318960857759485,0.761456174564474,0.8675898475465195,0.8060082668412727,0.8500611113051498,0.7525105306694643,0.8388394509932332,0.7945963144946897,0.8917181882521169,0.8433996145656965,0.7862493102603297,0.6847370822283682,0.8469207974872831,0.7712069627449671,0.7335870724807682,0.7834389325601884,0.7744435435189426,0.8011033619644943,0.6305178767970316,0.8032088937605961,0.8030186583495325,0.7868673672986677,0.8922660308984319,0.7694708164202463,0.6215476141710492,0.7392799058473587,0.7584021055226796,0.798740953069276,0.8084196603077223,0.6829274908739146,0.6711148534063422,0.7971383138409164,0.8449692672987072,0.7334448181069534,0.8110789590396136,0.7151389420687342,0.8726647083084477,0.779039038711829,0.756674432135331,0.690207094143173,0.7493207227809783,0.767153726158597,0.7155792572501198,0.6718928684279897,0.7681163085104177,0.7659026720446652,0.8567962545745075,0.7759466360864681,0.8133626731910618,0.7933402257553491,0.8739254381916487,0.751067481918389,0.825308599930079,0.752752253950364,0.7944406927789668,0.6747503979423665,0.7370822922098079,0.8010760475067368
0.8414681394517414,0.7672601915798525,0.8307929679559146,0.700032043834405,0.0,0.7562728063115467,0.8826827245729861,0.6797156349442216,0.713026487267992,0.680387748616829,0.8873584668162923,0.8342485899533936,0.7776835089593876,0.6940564653571023,0.8627933978790853,0.8767279098184323,0.8114007745932591,0.8191575882495966,0.7330679810386631,0.7564348512900743,0.8498813546068584,0.8645540417082305,0.772260798543754,0.8740861641575218,0.7649660832966658,0.8737831193333354,0.6441775871775874,0.6440610758355241,0.7944657198747195,0.8403513522637949,0.7787216501521732,0.8133604411661802,0.7905344160568121,0.7249176340520473,0.7581855134897598,0.7983963535123816,0.8646254977468977,0.8572525743708392,0.8641380817366484,0.7885185709781054,0.8421422472049311,0.7702261301789739,0.9316368423750943,0.9334055518376344,0.7462355161191723,0.8232121684755724,0.9098370027368538,0.9261275966761867,0.8658728638847504,0.8431010461974667,0.8847583982751186,0.8480555265927877,0.7253533189721999,0.7839727026087919,0.8326429786870829,0.7063951181453584,0.8320782538849818,0.8771118444277406,0.7031375338539505,0.7872307169962859,0.6500357147863177,0.8470685436520263,0.8452795008083624,0.7132009797853971,0.7641342208039635,0.7236448869483137,0.6980348544729069,0.9000509228698831,0.7551245390217961,0.7509736448171567,0.9180455267858257,0.7270519668145107,0.6282443504657387,0.7985711325185691,0.7029869135739174,0.7660442381022506,0.821578100684886,0.9213077001208357,0.8173909072808775,0.7874163349015691,0.8166300222979747,0.7706063597823547,0.8666699816814404,0.7024580345331477,0.7476351331362103,0.787906397479215,0.7037231708426396,0.7355771997999012,0.6622451271685534,0.7234636689798849,0.9609382469532336,0.7431279491827862,0.9226446310183728,0.7563412467325746,0.7594709393373155,0.8249574547717962,0.6403456693390894,0.6903612128477117,0.7326503330668863,0.6675827129996595,0.7402631288490229,0.7651289473433579,0.7067656187430462,0.7335946164734242,0.7334298016447551,0.8482218665113246,0.7088211001642397,0.6981796241008447,0.8526388343349881,0.8358053696575686,0.841893009774626,0.8276940195494343,0.6896030881118694,0.6501852295222322,0.8153482750060688,0.78360053262922,0.7165854499280546,0.8697978871941431,0.741458157719505,0.6674193358429417,0.9460280280285734,0.7232328012789767,0.7671298164903323,0.9295121093854197,0.7059662070343875,0.8559054786204752,0.6639353368258857,0.8816548185940039,0.7467816867146222,0.8093583190624615,0.6434688026712131,0.7936304850506594,0.6615219538246527,0.7568348188549168,0.7679914644977006,0.8491918083820958,0.8637606756978696,0.837345510147588,0.7250732909786967,0.8794096514295424,0.6867030477715153,0.8869376568534294,0.7410769553731835,0.7125592689791967,0.9193595045764705,0.7831177251479045,0.892178052887141,0.8057417157080612,0.764555497202753,0.6798692052466664,0.7524680888118827,0.7916459288964917,0.7701265959285922,0.804867438752219,0.8258354211634193,0.7940136505629198,0.7827592030980773,0.814413050297311,0.6968866651226369,0.8202487332122318,0.6901946728872445,0.7591906412371963,0.8016730047182066,0.909942596881998
0.7901559612306233,0.8431807123596405,0.9173130269721671,0.7512020426346028,0.7562728063115467,0.0,0.7737649020107213,0.8420543945117253,0.7246519155257075,0.7892144612975431,0.8245977363903492,0.913928903570293,0.8502201538381268,0.616571037115319,0.7230418033496242,0.887544443994335,0.8934985368727698,0.7161432410663134,0.8389944112700793,0.7551082770419192,0.8975332622256766,0.8399442476721343,0.725556314203473,0.8274708976157102,0.8438252130070489,0.7405742213936001,0.6262149415227943,0.8003113400199112,0.7092228978581971,0.8096191647017708,0.7150707852044667,0.9149031287977997,0.7482895615235955,0.8584144432909458,0.6464728174190172,0.7067194589340849,0.7947561144713217,0.6975581254319304,0.7572274854719948,0.7374263805683726,0.7403728858300251,0.930718317204961,0.7297374339143805,0.7553759134330923,0.7805543805857346,0.8218585161820542,0.8104850266613078,0.7702204727707497,0.7391815515021414,0.7233706952515824,0.8145329932989631,0.8853775666462245,0.7135953668560786,0.8093827262592251,0.7184398727708757,0.8448966467993504,0.8002034130784522,0.9338311764033367,0.6599381253172999,0.7640584072360004,0.8165667772482563,0.7508582396279528,0.8304159657485664,0.5882644578376988,0.6768418138805491,0.7835005773278261,0.7390287295190762,0.7934391944241583,0.6495119131464965,0.8089618531294395,0.8087121282971954,0.5547952331146664,0.7058398142709535,0.8570176608499954,0.8955430077363323,0.7003496882925333,0.8379277131818093,0.7736012798872877,0.7427298519442848,0.7424891589387392,0.9201617558205516,0.7728498231419453,0.8410777890620582,0.7455528845066215,0.7751409030318182,0.825105036328533,0.8189748611246984,0.6044602283847379,0.7782303097457096,0.8024486145415246,0.783575433281028,0.7443717624351205,0.7256987899665928,0.7708757041305482,0.7089576823877013,0.7807595234151057,0.7116538577194442,0.8555092106681872,0.5667389966602362,0.7799121335863414,0.5839487300191724,0.8329092175216122,0.6305403181435143,0.7293059449045716,0.6829920019846744,0.8713533166471186,0.8375388756471156,0.853226107098874,0.7586188663660502,0.9243318796945134,0.8782397277885298,0.6653089019346506,0.84596371116116,0.7632855780188745,0.7081831824781007,0.8664996515333105,0.8752061600728496,0.7124035717417204,0.8498627342797843,0.6865869754766635,0.6932746838108224,0.6984671204702472,0.8360998626314362,0.8690855297817416,0.5879148539038185,0.7994217379207518,0.7746072054034483,0.8384901496682928,0.8237182013674174,0.6236943128867897,0.7851703847522136,0.9251414183399826,0.6418574358587722,0.7311346020769617,0.7504091759456848,0.6359260722893202,0.7819599199105994,0.644492070803565,0.6632450075601658,0.7425712292959137,0.6182320448186643,0.8145456580488972,0.8016116015276956,0.6922665294035779,0.753440130249093,0.7220011548326704,0.8408922247534325,0.8246445608821068,0.810282829393246,0.7990863504661898,0.7042001078780565,0.6939663609562774,0.7692965455709133,0.7990748048308278,0.9172511153821206,0.7853915242374613,0.8206790235586748,0.9039212916980157,0.5931636391023076,0.7637088584790093,0.6816407651142262,0.68184108770584,0.8153122844033105,0.7939343119313174
0.9100181924545782,0.9014299706079415,0.8681933194745177,0.8274255825919027,0.8826827245729861,0.7737649020107213,0.0,0.8082835015800327,0.7914987644367537,0.8213817946994335,0.8988362051108747,0.8702496564412421,0.8957275626575232,0.8484531595201713,0.9434256298092905,0.8498965038312528,0.8330116024649621,0.9467187849370836,0.7471529511963645,0.8234822863963455,0.8277188602981539,0.9323342531311509,0.9382665130037049,0.9351049048741321,0.8780833155645147,0.8822211208713625,0.8159892982764914,0.7760163275847005,0.8513806560711529,0.8076031374776121,0.8473876766823744,0.8398414562238729,0.9182438583662904,0.8451721083602384,0.8372104436462484,0.8525025792816245,0.928045542535775,0.8836320394830298,0.84112611467223,0.914802099296569,0.8839908503246868,0.8279801172066843,0.8580954737388375,0.8732593695151837,0.9087517982694041,0.9271134364124924,0.892738726780718,0.8553275607101979,0.9708303316226383,0.8370017684340878,0.876551877084075,0.8369788648801236,0.7622452910685004,0.8319952862845048,0.8534807292789264,0.8001598779539402,0.8279022022823311,0.8392875865787032,0.8346988101230218,0.8872836859226341,0.7421488661617373,0.7880441129717313,0.780744994595469,0.7703693844027834,0.7596556022685574,0.7520146660574226,0.867948182013315,0.9207601797027816,0.866456985524054,0.8688846860336902,0.918416899238565,0.7875756204761765,0.6962093193881569,0.8774026717710535,0.7654281847532809,0.8621148385893438,0.8462620391008321,0.8919165171616552,0.8672135055853647,0.6657320835203376,0.7590966795383011,0.8251081359311866,0.8959341942773014,0.7891579602124463,0.7415220765845721,0.9060026162851886,0.7583660654912202,0.8110879429970929,0.8249113711894741,0.8481748881873679,0.931821011752389,0.8526963148846514,0.883981570646496,0.7749730979551276,0.8309054884448552,0.906460630227139,0.6569439525800324,0.811937291120945,0.7246550273312238,0.8388325592352428,0.7981724380589366,0.7842843049686666,0.7749053365069217,0.8427091550510454,0.7745168818774124,0.8847466514674914,0.7248282705802802,0.8256258037292887,0.9554393193015339,0.896294200127297,0.8552290560704994,0.8089244708301708,0.779393084275153,0.788817505159207,0.8751283355217805,0.8767261932108492,0.8011730099521592,0.8624086018381037,0.7654045924400847,0.8513877350682935,0.8642448473385436,0.7985881300990937,0.7961291529855234,0.9361231602875838,0.7049898749127712,0.9099921244229794,0.7176771392289708,0.939126447589533,0.8293538438439153,0.8906185513121787,0.7353990312385814,0.7353749159046605,0.7481072488619571,0.7844235447244868,0.8049961851546101,0.7883229495313006,0.8768001516605889,0.9181968485104645,0.8765682083510568,0.881501639238479,0.8088673464266118,0.8524453799494397,0.8581962737901266,0.7389733969829599,0.9070148745401649,0.8822627341043026,0.89487688220443,0.847081009411452,0.8560863131168996,0.635827197681676,0.7960810512619529,0.8237002527689389,0.8089533518733831,0.9292590146670501,0.8928928990165006,0.9065831199102669,0.8905191801073734,0.8566295340629011,0.8200946144034627,0.7925267523613234,0.8158316010397717,0.7914877976488766,0.9001708518506543,0.899451616668978
0.8245185891190658,0.9231750299755307,0.8477011072739289,0.8089004495015911,0.6797156349442216,0.8420543945117253,0.8082835015800327,0.0,0.8286396653830197,0.8691121073506874,0.7871720770840627,0.8906555766954799,0.8803264408080645,0.7193700819057275,0.8014927843353433,0.7880840398455113,0.8008669252975079,0.81768406647159,0.801223628550479,0.822050243831364,0.7858968175131305,0.8596311802244161,0.8498341412095236,0.8372100388105554,0.8994374663950351,0.7092683001528988,0.8056701855855815,0.8866565387796922,0.7205977824627317,0.7694797583323816,0.8093595446134886,0.822049675228151,0.8264085434725558,0.9081477804501564,0.7210614409463115,0.7453310630453766,0.8126271158934798,0.7533203118797094,0.7597071696046412,0.7950105523804887,0.7629592750685344,0.8672342475378823,0.7005631431313016,0.6924435510135326,0.9309558136413045,0.8851398192485616,0.7482769163080052,0.6945754801519872,0.7954633226218681,0.7218253518503119,0.7533075545487077,0.7687531382860064,0.7183637272290069,0.7888619853721538,0.7190658143170906,0.858487879620856,0.7694494835044547,0.8226137883149125,0.7369177605605528,0.8353425209897923,0.8539498925275288,0.6659495969549852,0.7114304404777329,0.6478951956731714,0.6746475788163789,0.7516786938693041,0.8517904912817358,0.7662381757282626,0.7369196070124358,0.937180106806088,0.784868848057325,0.628374984637873,0.6918563497073142,0.8390011250107172,0.8811829209971495,0.7586836012977816,0.7781814333115782,0.7122711528209787,0.81612558962615,0.5706093130618957,0.7147766954942295,0.8049209263626921,0.8288622024610708,0.7998887123105404,0.7021287551530366,0.9324687498737296,0.8420951862185291,0.6733627092374617,0.9359969667494271,0.9191778241819419,0.736806424703502,0.8182857500384213,0.7032985753313784,0.743135272950606,0.7232271402795082,0.8245121986664304,0.7123021859242269,0.9006680139769367,0.5779259781725267,0.8852083476870108,0.6537723835933763,0.8256486937206599,0.6612145627525279,0.8219954750718399,0.720822957912022,0.8400876069945271,0.762569267517953,0.9162081387462497,0.8050928510219952,0.8725924233809842,0.7881204927187465,0.6642800249961774,0.7896211686490404,0.9416811871342214,0.7456148726675997,0.8777603587481715,0.8553149039553126,0.7252592722665377,0.7211314569435083,0.8119800258791235,0.6650209938416807,0.7885101919396519,0.7625539037762261,0.8130352624623733,0.603383773402927,0.8126235730992403,0.7236960513467617,0.8725130626329074,0.8132468303280737,0.7058930734379697,0.86208416594689,0.7477684369408973,0.7399251246101911,0.7461954555883286,0.7793184351487911,0.6219972302466152,0.7986486767563699,0.7175952208640652,0.8094180074381037,0.7967143191320408,0.7144050753393548,0.7267270204016583,0.85999999622991,0.6994086949095724,0.7343951206651247,0.7711468916416396,0.8327905595011847,0.7982625913645127,0.8683985170178465,0.6714116923618213,0.7591324144656495,0.707884437891884,0.7927293062944266,0.8633107052484089,0.9034772914489891,0.8913605039036001,0.8718162998676576,0.8375642455160817,0.6810413547341483,0.6502990051354649,0.7223410140767079,0.6951917324646186,0.8917746538985997,0.7667481243182284
0.9008892420016178,0.8353482239559267,0.6969899495657251,0.660095561740274,0.713026487267992,0.7246519155257075,0.7914987644367537,0.8286396653830197,0.0,0.722167207426581,0.7119757945937095,0.841050997896254,0.7269666236438445,0.6827834782662836,0.8320743169928277,0.6766583130753869,0.6598958363019292,0.8184909193394649,0.7732874119352044,0.8728145951439866,0.7126555944132901,0.8088962344670506,0.7893282377094231,0.7821538796100768,0.8664527306771317,0.6302734182035015,0.6996504395852884,0.6919755397414202,0.6391113758781544,0.8142702830063535,0.9424692095286737,0.7433871574340777,0.7274453028581322,0.7970239937784276,0.8278850857988127,0.7222045794248859,0.7968992678725523,0.7601759845866068,0.7726450244633593,0.6803391095487099,0.7033377240909386,0.8392495317027211,0.7380795380780648,0.7244097779062745,0.8268381164274533,0.7781113197202836,0.7631763477774285,0.6905533664261613,0.7991010353847424,0.7420689963931948,0.7088988831508691,0.6913658375062569,0.693947383731851,0.6933472567938507,0.6670347413908312,0.8534012944772026,0.7549990296513759,0.7452265268638733,0.7050423418139825,0.7543560407648631,0.669645892422887,0.6447012448529923,0.6502329650763627,0.6967764072487242,0.7513984001628892,0.6860266296034175,0.7376106037170678,0.7688262814625278,0.6900217230358806,0.8487620585071292,0.8141125732150342,0.6999197085214224,0.6551779421278313,0.6942678648969416,0.7093336382921003,0.8537592189816272,0.6416309311194838,0.662517086529062,0.7503727633074773,0.5429644308141608,0.6270752648079093,0.8620858633883578,0.8158661258346909,0.6385537996258233,0.669680058063833,0.8701956941972261,0.8215758588499409,0.7462436537987832,0.7991118000367142,0.9062706301652996,0.7351930550980458,0.9273325005812116,0.7010573725490724,0.727489342674937,0.7013902803962196,0.8363723908183784,0.6860206636240014,0.8496004714122933,0.7159189811228809,0.7216142948427873,0.7046189720624778,0.70165964470939,0.6901548042321065,0.8169986103642493,0.7500257140791896,0.7253877207627992,0.6132504802807854,0.7732644386215582,0.7140091675608291,0.7985102859426161,0.7344728704144725,0.7232488380373826,0.6860903396601121,0.7601204407520565,0.681732908766531,0.742440476618339,0.8079664080119602,0.7792668548350726,0.5912106396345489,0.7640345232562165,0.7126506257167032,0.6832585638749541,0.760509474174355,0.7671962385704446,0.7580824642536518,0.7212087281629209,0.6311100504563156,0.7987283113875032,0.6594718122329052,0.7082486471958289,0.8510554584729236,0.6498250904983562,0.6741925628553076,0.8101671520056487,0.7862073599666012,0.7144767692629838,0.849293078239514,0.737797481480519,0.7290498028151898,0.8650334324125434,0.6792995402936797,0.7238903717090073,0.825984280608658,0.7078630899394212,0.7403852853127497,0.8469296565291542,0.8879150203115743,0.6534198145710172,0.8415289249145936,0.5681906589488768,0.8423066145698904,0.7344111474498941,0.7547043309925145,0.765961220389057,0.801897189763619,0.8958919774313442,0.7624650153801462,0.717382090045218,0.6750029138117906,0.5819378675385004,0.5881176285601397,0.8459767609865652,0.9348253144413687,0.8028515281451507
0.7450635036773791,0.8658763938329977,0.8524191547760365,0.7347467205567579,0.680387748616829,0.7892144612975431,0.8213817946994335,0.8691121073506874,0.722167207426581,0.0,0.7637382213902829,0.8238955872321678,0.8799105787698575,0.7337972714916515,0.7509114151606244,0.8054525780037911,0.7626343445451143,0.7770245387813991,0.6759220468523565,0.7127263642484193,0.7085049596167006,0.8004647413102914,0.8700877523295558,0.7788623147099766,0.9052851935020058,0.7240852247039833,0.840864027882382,0.7944584630066998,0.8269533252059917,0.7654200585255823,0.7397073210544983,0.8149239820968397,0.7801356516080326,0.8147303810014886,0.6713284730554416,0.6978057873067995,0.8310205267903934,0.7182045369276326,0.6821696476257411,0.7861267745629485,0.7113958630555101,0.8051699091692034,0.6802010325903863,0.6745341621001628,0.8592974918538655,0.809106116651041,0.7817607442995624,0.7034779533498955,0.8052574536564633,0.6461661774282255,0.6877471906528154,0.6928866889338178,0.6208040855708096,0.7095557158751944,0.7194455864463153,0.841480733554694,0.6600367934264756,0.7739024845887287,0.7156991850857746,0.7411349641356166,0.7411930019844949,0.6350728790911845,0.6396371777045952,0.6418031376425176,0.5851047314239121,0.6385310428005351,0.7925749494585049,0.7966213004511711,0.7901168286232387,0.8688009701132624,0.7144277415743945,0.6251461158672248,0.6108572995232973,0.776700681293876,0.7606507818565283,0.7609559096703784,0.7484187424485953,0.7785519020927713,0.7226422289617657,0.6011254486708826,0.712268596169589,0.666279567982119,0.8351252257474924,0.794722333390191,0.607433755946413,0.8316896563569799,0.7480241073626088,0.6562008283823805,0.9091962467626481,0.8330446469275413,0.7112003183761584,0.739223946508394,0.6947916312518709,0.6304696161031689,0.6483073635873835,0.8713815247749643,0.5831772671469798,0.8418082549233749,0.5540919445423481,0.8134417372459274,0.6572393487092044,0.7446961004101448,0.6322677588881009,0.8640069557664003,0.6221856625417566,0.8125494862919623,0.6821266615337783,0.9256094288752816,0.8089354496424426,0.8363984579009773,0.7171026845987207,0.600844489908598,0.7265217547100525,0.8946677670561578,0.6914127017447339,0.8163412371116202,0.7789327484438661,0.7492468887253081,0.7193809508746379,0.8289750399312023,0.6354108503373942,0.7341614508311347,0.6855269700342389,0.7853583825005843,0.5598455949597321,0.859920022690743,0.6409698588148499,0.8455507900271103,0.8187522707701487,0.7200428321394794,0.8438260639425265,0.6797735928591524,0.6946719071876993,0.6222734322214065,0.6838430719411787,0.5951561219561915,0.8014310293278339,0.7120244952394568,0.8079913948309033,0.7289241757206874,0.726923787657649,0.7473626633826185,0.7371253946987838,0.6205245429656847,0.7463718321101666,0.7638412964290816,0.7452784919604589,0.8527699071913336,0.9029250702995173,0.6718132137261851,0.6419953464590299,0.709255260225256,0.6763072227055379,0.9041096071816987,0.8640815722780016,0.8071591162825595,0.8094037716813274,0.8481669575837268,0.6750218466237939,0.660950296911854,0.8407791467108418,0.6553576524960374,0.8451429684933007,0.690019003100562
0.8721912976127912,0.8796882746364934,0.917861142097692,0.8531896693106024,0.8873584668162923,0.8245977363903492,0.8988362051108747,0.7871720770840627,0.7119757945937095,0.7637382213902829,0.0,0.8763269850229903,0.8890984524214786,0.80300125943339,0.9010638028031105,0.9122672171487691,0.9111556623205073,0.8832087973814715,0.8179094901925753,0.8411991915671144,0.9172631132440597,0.9543892149094507,0.8145576832047345,0.9497152881376429,0.8286445859889839,0.8967122372256199,0.7157872242301125,0.8019541318483576,0.8918800503513753,0.7483181524569297,0.7936390203710729,0.8662098926606284,0.9108071762235022,0.8254246328456073,0.8079628097215442,0.8938478574122813,0.889118300946346,0.924927175867974,0.920548163957877,0.8941311078556856,0.9370192388798396,0.785810537515294,0.8891880144398402,0.9341444167742524,0.8623426496931336,0.899135271453007,0.8118739550491665,0.9499908140893156,0.908513181723723,0.8834743122950258,0.934041930154457,0.9044857443486872,0.820426143539766,0.9243260482717403,0.9394044137555991,0.7104421346814065,0.9034241204190564,0.8852688978546123,0.8150449147551355,0.8962708564610208,0.8326424462597384,0.8200419652614119,0.9030420801025959,0.7678390060348997,0.7952247167591013,0.8387142110460392,0.8394531688500843,0.8595593404296219,0.820512273911006,0.8430620720386831,0.9273793008929501,0.7595266139595742,0.7367714296100538,0.9207442744201834,0.8534158800895643,0.7859890554953101,0.9154611767483193,0.869166730608009,0.9078277662080684,0.7385997966390937,0.8682290259699497,0.8184837326566231,0.836157336838215,0.8761793634337902,0.8194274184798679,0.8738693623969404,0.7891905918531936,0.7444775675934319,0.7384068316041014,0.7647685041695604,0.9184896781539564,0.7610397506782808,0.9401611707875976,0.8592337723593569,0.8642614846831969,0.8397593972057767,0.7429137342290313,0.7537746375034726,0.7004378122586747,0.7902176473157432,0.8038497571369254,0.8647288240860939,0.729788039463734,0.776833552488576,0.8097282822668994,0.8719055814936052,0.8231397079432091,0.7788495326403939,0.9156247782266999,0.9142324739772842,0.923737142486211,0.8387381334662757,0.8223578974807219,0.7843508033155532,0.9188439430219907,0.8518002404807637,0.805452523911169,0.8651436133593837,0.8679565112479314,0.7314422908057099,0.9016627464370516,0.7851846870831372,0.85186121006136,0.9409584968724609,0.7182550006371252,0.9399243866402456,0.7340901968468024,0.9068165067583881,0.912054629654904,0.8532094972540527,0.6535853037241219,0.8417545499737892,0.7951056691816789,0.8284114252696855,0.8857175690351204,0.8354421595257432,0.8312055700356604,0.8707540952462268,0.8441138204181731,0.8730812608835571,0.8012142389028142,0.9109773065170673,0.8278466431450414,0.7955904496820295,0.954143032636592,0.7587434575931098,0.8764007164754498,0.8511465738588427,0.8244901238820022,0.7652097243189235,0.8217353737954467,0.8620656762662949,0.872025375221335,0.8318057547945265,0.8950819577948164,0.8759013347168292,0.9152706462963391,0.8364888813924002,0.7958258229574301,0.8465722610362227,0.790531181327013,0.7773255204534428,0.8246551500569802,0.9331136443803857
0.8891009220274845,0.9299977346722902,0.9130655586647768,0.7759588832543511,0.8342485899533936,0.913928903570293,0.8702496564412421,0.8906555766954799,0.841050997896254,0.8238955872321678,0.8763269850229903,0.0,0.8490723037306475,0.683023375872746,0.8595682795197808,0.8771926469533795,0.8649282410384063,0.8263780779295758,0.8935104071302006,0.8626932699175357,0.9062502080851907,0.931731897323769,0.8309928113772151,0.9093663481605857,0.9247901081082526,0.7583791227458714,0.698348638242377,0.7985898378216663,0.7758762664954812,0.8732933591059955,0.8629152001585566,0.9028119655434047,0.8301576797275763,0.8968804452729603,0.7681595072275028,0.8112388251537118,0.8573240879227862,0.8146710716801598,0.8741253684151805,0.7872504120069184,0.8350790313735469,0.930713139286085,0.8232383108535488,0.8345626382890378,0.872121542070498,0.8859595628946013,0.8637641713140237,0.8230332116431502,0.8515699860878486,0.8155114127730185,0.8545799680885778,0.8709474402319934,0.7664250002588306,0.8493776935271109,0.7961864210762941,0.8563253666631904,0.8607629416242069,0.9523419059703846,0.731888971922775,0.8453862431554615,0.7891694036759807,0.751674204852993,0.8185108568191726,0.6897613581602984,0.7567347750507952,0.778808576618002,0.7721622125341968,0.8374040257418954,0.7277126579548013,0.8837402780308418,0.883592508040082,0.6541796918859132,0.6895796415132861,0.8572950771762046,0.8735548650494804,0.783313465067714,0.813610060610713,0.8084780438776007,0.8348258153551572,0.6680090249214332,0.8286316232468455,0.8625558192205529,0.9046425651877937,0.7519680713512285,0.7772213494579482,0.9254940674931628,0.8297989654817626,0.6942054130129605,0.8150253633982306,0.8744325859896805,0.8543341324405649,0.862954752367305,0.8246194890250886,0.803280832931123,0.7587509860048698,0.883797156593934,0.7380254817576207,0.9004666705918714,0.6544532746899864,0.7886572361878162,0.6804895589220916,0.844078412903711,0.6968831083819416,0.8571689603914893,0.7618371552325763,0.8804123962654192,0.7909636102050507,0.8739429224206939,0.8320875127553033,0.9504477014141981,0.9031199295337722,0.7561717458942105,0.7777583907688135,0.8089317347234305,0.770908132031952,0.8740830074920178,0.8965174091449305,0.8370382173915175,0.7869446189086391,0.7336579140724598,0.7855640405731985,0.7432897111898417,0.8422034299228418,0.9169869827942244,0.672000621597604,0.877024767513902,0.7302874431068247,0.9196463548292163,0.8489506724415165,0.7252344128474572,0.8198324359669888,0.8484376354768046,0.6696485690637336,0.8154136877065989,0.843020193587897,0.7287709359343922,0.8871632422584562,0.7583797467114985,0.7669370770613939,0.8964508752263712,0.695338846860057,0.8549633580060728,0.8698332149280092,0.7622519369378079,0.842545139277249,0.8105119474771553,0.9537581686817966,0.8245983584139042,0.9150791294479099,0.7634888811555639,0.807278064525553,0.8000888518758196,0.8510538249764575,0.8664626942626773,0.9779011027606039,0.8859430380652809,0.8578559109768433,0.8818044684583178,0.6710386956766664,0.7141974618868132,0.6887591880891467,0.7747209677683723,0.9394153426535483,0.8786059270213757
