0,1,2,3,4,5,6,7,8,9,10,11,12,13,14,15,16,17,18,19,20,21,22,23,24,25,26,27,28,29,30,31,32,33,34,35,36,37,38,39,40,41,42,43,44,45,46,47,48,49,50,51,52,53,54,55,56,57,58,59,60,61,62,63,64,65,66,67,68,69,70,71,72,73,74,75,76,77,78,79,80,81,82,83,84,85,86,87,88,89,90,91,92,93,94,95,96,97,98,99,100,101,102,103,104,105,106,107,108,109,110,111,112,113,114,115,116,117,118,119,120,121,122,123,124,125,126,127,128,129,130,131,132,133,134,135,136,137,138,139,140,141,142,143,144,145,146,147,148,149,150,151,152,153,154,155,156,157,158,159,160,161,162,163
0.0,0.32087759360739476,0.32506166764748495,0.25205947214623337,0.287886378607419,0.30375527714245354,0.25789969020805137,0.32544424378334913,0.35309563493670376,0.3393405649611212,0.343335142720141,0.2936126294714891,0.4019792305256741,0.2734249160787081,0.3055221227856781,0.3406809125760004,0.3620156116757438,0.4289047910021128,0.3066923516716676,0.4107759250322969,0.36169774661127463,0.32118428896920576,0.29292963636188846,0.2823231814654466,0.40445803347983783,0.26807575320422405,0.24921043073018717,0.34444653335373443,0.2562013358273325,0.2921303670707174,0.338325368945721,0.3770609824490783,0.249249425131171,0.2983789793646187,0.39555964998764415,0.3215177465127081,0.3814085257863887,0.3591574490224846,0.26205515463727863,0.33103033675429033,0.2806566598474878,0.33630333122200295,0.3494401551372793,0.3430142904682697,0.321642213218923,0.3674696229588277,0.2918166929683592,0.3476789299815994,0.38339111792618225,0.3897543882328334,0.3865007156467986,0.33508880665423524,0.27759942062654247,0.28757217431036597,0.32140815982133986,0.34132810109598716,0.4451346256026347,0.30374110591002224,0.31136621762505173,0.33512016249970666,0.29988829162964376,0.2570746769243767,0.3582892485019471,0.2608370831311114,0.3141036031846059,0.35184870523483947,0.30634123160887694,0.31898221453221676,0.3000636046733101,0.3393318503030503,0.4322898574639648,0.3114543903229684,0.35399389990469804,0.3507661048553227,0.3690234835053595,0.33368725917984615,0.26568012165192173,0.26688508603679617,0.3221661843762,0.2505090592078626,0.33934675742342796,0.35795766152042957,0.3349110895527979,0.33108544677697554,0.3722823389827994,0.3912587426273238,0.3180994294492308,0.3399774340184501,0.3674956529984053,0.2986254847994185,0.3772101184003785,0.2891935849428972,0.39417011080477854,0.36102217205867065,0.3712378125401611,0.2857193544191077,0.23369804559492569,0.29044646972063787,0.24944928441416458,0.3507453306740134,0.27700832643517775,0.2756905515789844,0.2731588874764546,0.25887558265904004,0.4081228645687205,0.33828370271801167,0.3332045076123461,0.34872410727414255,0.33120304403220224,0.32921616909650564,0.31381762188295953,0.3855525523101054,0.37501406971794626,0.2830698056125643,0.3553917970853157,0.33855573934252675,0.34588560044961314,0.3548709200104377,0.2893275706177378,0.2732311763749754,0.3050544214108682,0.25591877452701484,0.33431797045941847,0.3888921230530438,0.301058175520591,0.2902082183401026,0.26344647608677757,0.247618203622035,0.30579821770898774,0.3316858520276459,0.29646129948870154,0.30306799502416676,0.25785160047850136,0.31083547512890014,0.3138225476393155,0.3181820194139334,0.3187139334451018,0.3242509024948972,0.30039339137521076,0.350367776294407,0.247594121096864,0.3017518726156587,0.3563464815544331,0.3182489396147726,0.3506671015910613,0.30376182596913043,0.3335525587244167,0.2759711280610577,0.40773741362197125,0.2031456885019324,0.39040516093945754,0.3029345027124333,0.31665535794928446,0.25161013006775723,0.3365196669449459,0.3459302715060413,0.2945839185653301,0.32529277522426614,0.2617682138766912,0.36447905789256785,0.28071627571795743,0.34376876562775266,0.246602398266986,0.40502714775054954
0.32087759360739476,0.0,0.3188928337942004,0.2920070210252576,0.25607163834083807,0.3493913641041374,0.2872205377573465,0.3355690699975439,0.28516591557908855,0.39437771032090685,0.31535679847900566,0.30478862538618606,0.31524214502093917,0.3116484610605243,0.32206695370512045,0.27684223392496066,0.3274632888506358,0.29382790043945417,0.2989161151223681,0.30641378872417946,0.3113875394099013,0.3516249326655357,0.29508127145540197,0.3058374964317436,0.31962104296214056,0.2519451382127236,0.23929562098809004,0.3386150631965223,0.37952353884888024,0.23699337124069583,0.33494423725368083,0.30066902994375716,0.322303100908928,0.27656960067457126,0.3410240764470788,0.325761192703273,0.2840405777676644,0.311288458853347,0.2959173507815188,0.32355102820134846,0.3784908487820321,0.3064240750829346,0.2292920832021105,0.2861552468455646,0.3350091329000771,0.2877824314637274,0.260780399148273,0.2660833432792863,0.31947427625475194,0.3031992313000271,0.3292624607410497,0.3152276498585507,0.32929698163116106,0.36105101046354665,0.3431904302590745,0.36135019315512173,0.32849996788318464,0.2664128704880854,0.3143846215034054,0.3452074024658173,0.34404525744474546,0.2216828741764819,0.2780335964959925,0.23469032541125143,0.2688998611094803,0.26284703258695186,0.2952644175210297,0.25561431633739223,0.23693555035071492,0.2922224089219962,0.30509970716839496,0.3058800237582285,0.27374520477394765,0.3369819798833084,0.342222947657809,0.2805630207528021,0.25555967662575385,0.3222899676298863,0.27385654578140445,0.2550229536081021,0.3027613328127302,0.3142198382817173,0.34958893280771963,0.29905054766983047,0.30041993270564615,0.40653539143632517,0.2512511935118558,0.2537587658822967,0.29146702665298746,0.3339187416044119,0.27163791060853326,0.29618047300384226,0.3567220543826349,0.3286892469323519,0.3474996235188547,0.31163068578732284,0.253661338047442,0.29387506771278116,0.23674765157106464,0.36176266954909597,0.29835696172391984,0.21983039597622528,0.21248282402097263,0.2500348051326142,0.29906920291726646,0.27540996445027865,0.2708942139109622,0.34671804756175195,0.3157242929441884,0.34188234043143795,0.28198582774397,0.27873994007407066,0.3234655131803124,0.2531029603341622,0.3446495052697955,0.4262266733158867,0.32399291389524343,0.23945215165989517,0.28906947288081125,0.27372168492731175,0.2985861509571176,0.2594511572486348,0.3048164507356085,0.37688207435189397,0.2989203128100161,0.36321202642747247,0.27690340308697303,0.27323156861364645,0.362275321029666,0.28793094974501143,0.3073902637713666,0.2810333586833598,0.25509540466720165,0.35848740357297,0.28642411077995894,0.2770015519021531,0.2733784425441799,0.3294413041313594,0.2673581488207768,0.27580030603682465,0.26408048672717943,0.28164989899404785,0.3975743495055983,0.2927717388636672,0.31164552344177693,0.24273472253696415,0.3380469209612494,0.29021821996373526,0.3435283594487174,0.20401303882403393,0.29581636928682464,0.3227657273109328,0.272151755194425,0.2728222276786587,0.29038087045272065,0.2983037527862094,0.30092331585966625,0.3259851537140581,0.2891386440812947,0.295000998725301,0.30140731626240336,0.352665641583584,0.24616636566534872,0.3225822909038189
0.32506166764748495,0.3188928337942004,0.0,0.2777587813642686,0.3042632003621892,0.29577947998038584,0.2593246229885785,0.3137311693967908,0.2727326340582336,0.3545493367628176,0.37550891412050147,0.28589125887782924,0.35955808514062637,0.2550846688691024,0.30108224943673867,0.3780901398683833,0.38780055591999135,0.33635651050183546,0.2583324688907865,0.26785432147317834,0.3830812552816538,0.4509598763430104,0.26483695112160666,0.30900880455166235,0.29397600618185915,0.2962533635083917,0.24807932164691304,0.3220530919792455,0.254449695045221,0.2788267780177466,0.25779256735636297,0.3149320709252483,0.24492061028003342,0.24245021966714997,0.2598552712061061,0.2870670741601577,0.32288459098712746,0.2956953457546374,0.27948105941788154,0.32729982701498245,0.2748963993631064,0.3293194839552828,0.28906642290378043,0.27703872034866156,0.3189823232882018,0.31024006961553263,0.2590010159096834,0.3169919312745719,0.3190798389079271,0.307645474192044,0.36321035439443616,0.30694060182978283,0.23420245119789102,0.33380746951491735,0.3125977250339736,0.2585611294581808,0.3117464709500981,0.3017951454609287,0.29531935899399325,0.3000894509795563,0.30258112751084415,0.22076265844890325,0.3245044168994981,0.21772202586389716,0.25943713551382236,0.28672041136027704,0.28971102854121794,0.32490716910900935,0.29677641608384653,0.30770153601532696,0.3497064616254447,0.2447857827442543,0.28508762527289816,0.4932946141669604,0.34175057258345637,0.22280627987203153,0.32703663682063844,0.29709551678836027,0.25549473119599936,0.22148590529704132,0.27678539429789406,0.3179909193744956,0.3361405686014654,0.27512351262710694,0.28621633030452154,0.3508544120300043,0.24301455077600556,0.2504125949321033,0.2733147118773679,0.2590312819351226,0.32576199083913276,0.22243139477714172,0.3264406993386988,0.25085964503448255,0.31864730161274574,0.25461691442528334,0.21446037950751184,0.23733389559939577,0.20270957544655693,0.30961882920808254,0.22777506339199385,0.2660750534178396,0.2173260610372556,0.23096487363976212,0.2905968437704922,0.3319638969521992,0.3019357413416502,0.2855897048275603,0.2963910041855176,0.35613248343944587,0.28816376790898646,0.26834291855803105,0.2892292141283082,0.24735672350726218,0.27574398844216136,0.3654303363528251,0.23354095350642223,0.3036985527692351,0.29163951709122654,0.23476911792707558,0.29770417737760213,0.22456885108666605,0.24824990860426796,0.3393205680127789,0.21524500505970479,0.300952023987259,0.2514951128874647,0.28485170298779144,0.2906149307533915,0.279840234685238,0.26116962739037614,0.37696356210923737,0.22271792091742826,0.24446594616245523,0.29596892900485844,0.23699465252142118,0.2378315674764894,0.26665487686510475,0.28552563984093415,0.28190963867326796,0.21988262601762157,0.2581771805831822,0.30965706485731676,0.28776214884640516,0.2870007780997811,0.22103168696881872,0.34656561583958295,0.28641034399741927,0.31000948623914887,0.18672058779566136,0.2604076825324859,0.21960731195372682,0.2954679410927004,0.29885898434685493,0.28642897123208966,0.2964557110364033,0.33147680954686265,0.3565226314180574,0.20705379990603776,0.2982189207602351,0.27925447217946053,0.22427881546916104,0.2262911079336976,0.3444543277911539
0.25205947214623337,0.2920070210252576,0.2777587813642686,0.0,0.23288859657573968,0.26473241593287783,0.3079990488152448,0.2661620427114517,0.22962917200092733,0.28090674565521406,0.2925206245929857,0.295883213644943,0.2547689208047868,0.2278026560370422,0.32323891630865936,0.2324217900834744,0.25514569350786764,0.2541357001835687,0.26724434651272594,0.22442443126682643,0.2837213336191552,0.2866369119449438,0.27151108620426895,0.25552912357114493,0.28101274515279207,0.2597939585389714,0.24888926024177205,0.26859153252721013,0.25121641902607117,0.19705309482249905,0.2595768075843449,0.23165608691512474,0.4107723240730268,0.2513352337219434,0.2528555737379047,0.28345550869603403,0.2604522761096769,0.24585876924897532,0.2631162437794627,0.2897874137211961,0.30015727647246754,0.2528786189732883,0.2201164226764921,0.2887485105372549,0.27106282563019324,0.26080868019236586,0.18431318492297466,0.25188081107121985,0.2697379364537752,0.24418197600917643,0.31549010094182867,0.28648406391891673,0.22899878685550848,0.3730538032683868,0.3074246098873837,0.23449498786032372,0.26846688487957643,0.2695979825910024,0.24978012427975355,0.2660295152640703,0.2829068746010856,0.1970755849227673,0.26450224570597686,0.19333178627465022,0.24078305834141314,0.24995264693064384,0.3053920528103671,0.21968787482708643,0.2282953070256396,0.25577148829810475,0.2589835705654556,0.22162581108297802,0.24650498848115826,0.3382540730089048,0.2613400960908207,0.20382134541875174,0.2756454930280393,0.26410086423334017,0.23277110834040765,0.17910137986464153,0.2251811561751595,0.3235056856610914,0.2405961364604768,0.22912712148428188,0.2770327678863226,0.2672670520195953,0.24785602526793996,0.24080531860320684,0.24402196039821764,0.2480976483588954,0.2803468656138801,0.26595753972785247,0.2563202839410632,0.23167704473874134,0.29235065726581233,0.2817247848420053,0.20303929403246843,0.2651171711045385,0.19850513100855122,0.28022353773439185,0.22714655368214964,0.23356953895868154,0.2852799661055402,0.27527255286412544,0.25411609158979914,0.23592874596421118,0.2543542411238478,0.2506513854379692,0.2587841705401435,0.2559250229542974,0.3129400758324287,0.2562221365192788,0.28667741422496684,0.24072736210843076,0.25972774863376896,0.26742022489097983,0.2320787879100057,0.21935249379683297,0.2980460184928067,0.24477705296319374,0.23357050583968142,0.26502942461372336,0.2250213792979758,0.27559687293120916,0.20575156603691855,0.2795345055456688,0.23412027354043602,0.24150594082186383,0.2807184154148903,0.2662046362956644,0.20726015986375976,0.24789250623883502,0.2243464287422847,0.2673324074310702,0.26558240614293166,0.2021055318235624,0.18303256162714882,0.27334770545821685,0.27264805346895427,0.2551361462957383,0.3346956706756459,0.21600305782023252,0.3065318060650478,0.2668356109812666,0.24851830926180213,0.2353540507587093,0.2759493069669378,0.2311400582333311,0.23910087966123997,0.16397389202632923,0.28239185722489135,0.24337686803688327,0.26131867504327727,0.23554144770991264,0.3012200734505435,0.2649689317496515,0.26525658734829444,0.2870654236382187,0.3270145010241081,0.24715967181204723,0.24393201762047714,0.2255004476095816,0.22527356739138474,0.26933742206955946
0.287886378607419,0.25607163834083807,0.3042632003621892,0.23288859657573968,0.0,0.2196881398645336,0.31011496643190717,0.23058110824673153,0.2503913525826027,0.303903865369037,0.3184624088306046,0.25481549040479434,0.24224593918435922,0.23444255272282452,0.27496985128545554,0.2815224253353484,0.28756530122713647,0.2923722309964963,0.22140774598211116,0.2211978135928267,0.2957953468010631,0.29170963013842965,0.31429079105585933,0.2619782206424032,0.2813431694104447,0.26545401396100987,0.23438994030261553,0.23746774770328877,0.24080521548207406,0.2720418322286555,0.2622932695405886,0.23658371924096555,0.20852292783831017,0.23261850156319144,0.3046088570630871,0.28518895223452834,0.2814886084956677,0.2600698371328548,0.25804485406232897,0.26373181250238953,0.25111146065484097,0.33089813406653373,0.26192460290529834,0.30087065673563906,0.22571860477167163,0.23774318045592124,0.26456620704849204,0.3223177362408092,0.3245954301987636,0.25704265608408894,0.30096940255405724,0.24998736258983525,0.22129529939761264,0.24995656670567715,0.2858614907120149,0.2543547916606014,0.24377146098669797,0.29195953918903944,0.25400700742084104,0.23425316496664242,0.20459341774970993,0.20118311428442942,0.24677619411144763,0.23982771063406494,0.24056551337166768,0.20500824664984182,0.23494080177858234,0.26604704109916943,0.23913252277556757,0.2697584479336479,0.2763436690454849,0.24462247863781572,0.2395890976267766,0.2729208912605358,0.2276489884464099,0.2139785294922425,0.2550441844029062,0.37809319084451,0.2211829169856733,0.21751897533339798,0.25820425997215,0.27845626683719116,0.30413698225299707,0.20918665611916903,0.25796731066192896,0.24918848833862692,0.23075850443413412,0.24030381847669124,0.2264953421399718,0.2346615536775267,0.3925313949897045,0.26242614139140036,0.3384185105663225,0.2081661084174845,0.2991985890864185,0.24713631117929943,0.170870680360775,0.23235654063419608,0.2360053711521869,0.2290729017061235,0.22330823529722119,0.22312982481004917,0.24207014372497018,0.22671412853568632,0.24304545361321517,0.2517183862982998,0.2192325738447415,0.2964190379555287,0.27225323115094546,0.28334817229237147,0.2757096573783838,0.29712381340122346,0.24429289577862065,0.25373532955957645,0.23397971002370366,0.26538040386877426,0.22740267113697812,0.27722185840978775,0.24539732568098152,0.2627938559364031,0.32814685567491747,0.22720885793854279,0.22439574280264277,0.32280655273331627,0.2366327839907543,0.23995044888381162,0.2188319095937156,0.24472037731575083,0.24777332838650107,0.2414842339621506,0.2391526881135102,0.24223265433301094,0.20004007358003417,0.2545213006619576,0.23766992604477066,0.2483691038148105,0.22519423399299215,0.2901870088667825,0.24615183037579885,0.2759543089245933,0.19799501637629902,0.2552206090482726,0.28518095067426597,0.27125795575167305,0.2925333622479174,0.24809695239772112,0.29456535450656607,0.24956841585779282,0.2657557322452495,0.1876962306806042,0.24641347686921758,0.2400914907455399,0.2682357594199694,0.26736389443116515,0.27810311366803636,0.2623650899336411,0.221761210546478,0.31151376188142094,0.22370312123895383,0.26214632360133083,0.23818095407015555,0.24010858397127552,0.24307486873473216,0.36282150042907113
0.30375527714245354,0.3493913641041374,0.29577947998038584,0.26473241593287783,0.2196881398645336,0.0,0.23473800110126206,0.2885135648294599,0.2812182245269941,0.2675654332175189,0.29426744722982207,0.3564897421791994,0.3009233938868883,0.21290669546774746,0.27797975643178724,0.2900718349978415,0.2913033692562866,0.22291259330002955,0.31553079278993,0.2788088649863017,0.30709250976087393,0.2818621813249866,0.20011855515683352,0.2327026980062447,0.2980333368567308,0.22743815916531884,0.19622239227653965,0.26395845957756076,0.2701025921720635,0.25368345748577575,0.31154063594343967,0.34851386921858246,0.2965222977798934,0.2514710786019416,0.2708442011821383,0.26520939039506913,0.27474665845550045,0.26442006854651556,0.2663971208098859,0.22825862117539025,0.2961191558572695,0.29052543673064474,0.24700224770521345,0.32502513765407387,0.25126766053849964,0.2449231705918587,0.23610329068283434,0.2762301837903813,0.22512026358757833,0.2848596765319895,0.3191457613082455,0.364419900766013,0.24422289047963514,0.32685946350592643,0.29030025377084434,0.32405881374059786,0.29983529803698605,0.3533332956027043,0.21506915115041728,0.25645853923937406,0.3122503158025508,0.2485317938952901,0.3423010313173904,0.18854954686787084,0.24324558282987502,0.25979397161519047,0.24477418692157452,0.26259140226533945,0.20418007930211798,0.2619048329851893,0.3073805415567213,0.21794800713501078,0.27451127645462575,0.2915765822376208,0.33957083867570503,0.24431296999020385,0.2461093472849802,0.2439160911860403,0.23901259624312837,0.2818353190140875,0.3327909141326388,0.2996412572838121,0.28908027739116415,0.2800371707929303,0.28377289622346946,0.29580526874385343,0.2816183983623143,0.24012313862702195,0.2788631870445059,0.2668335805405144,0.2808838618232827,0.3015993387832501,0.3004908269331364,0.27736458002611164,0.257654667136943,0.31740790460952467,0.26351225235645154,0.30334446643472296,0.2107348362459199,0.2773661979867925,0.23045725239749765,0.22285308900074513,0.23356879879969553,0.2306450700047276,0.3060918692967435,0.28377853146743043,0.28758507679323325,0.26147969439891916,0.23386855507907747,0.2829699168572605,0.3070570127777746,0.2465022693929389,0.3483926393217254,0.24775605335159398,0.2697016471842689,0.31387259956222263,0.2969318427956991,0.22384946652907597,0.3186763428795244,0.2481698036133791,0.24539273264710845,0.27168828350997487,0.2818325506870921,0.32436583134624675,0.27241087397043573,0.3291118356685448,0.2666264001869422,0.23544773533842958,0.2924405682720202,0.22083985492375657,0.2826562528027385,0.36486552803302946,0.23729450465026872,0.3103035103065595,0.2628551499756777,0.2409388069700077,0.2520747332606735,0.22968909379863436,0.20408811965092916,0.25479138780847826,0.24620711409207435,0.2709071162632836,0.27991330718970975,0.2777324856043384,0.2714360348748998,0.23306944055761422,0.34524024230329575,0.2548032483924019,0.2756002471650525,0.19324872565877085,0.28852536227327696,0.2708617167240895,0.22062902052656788,0.21126571485335144,0.31107282445637896,0.2616544188896982,0.25820279212229036,0.33509605976309864,0.2348576423863443,0.2982208572524372,0.21862387596605756,0.31027125469406963,0.22210315360618474,0.28537425759133506
0.25789969020805137,0.2872205377573465,0.2593246229885785,0.3079990488152448,0.31011496643190717,0.23473800110126206,0.0,0.2211022597162666,0.22610993979572386,0.3103145063041695,0.282263457633984,0.293014337557867,0.25810895340820894,0.2607240085573789,0.34022713730340914,0.2295529227627704,0.24585465524329694,0.2695976907463673,0.2417735414510112,0.20271383301071952,0.2673978729982593,0.2885664425937879,0.35459027266189685,0.28245303078034456,0.2932326265619111,0.284823154257162,0.2277767958352538,0.23028529172742854,0.2933352278467213,0.22261957264419346,0.26125530272960173,0.2468305420687155,0.28602789576897275,0.2525176867396835,0.2680476631881286,0.26398167585345594,0.28913985726869634,0.2296584647539268,0.2545253054047672,0.3175890478197662,0.3128401293772732,0.28633775719241134,0.2534583038454823,0.32367140010582063,0.26031937431049695,0.25243265517187224,0.2602283605309011,0.2732093460113424,0.37088082509678916,0.23178220951278952,0.31467319132253985,0.26013401424464005,0.21773779802545162,0.31739603222460194,0.3241428785773412,0.2713214338873948,0.23509249160761814,0.2565904470598991,0.30358222502211624,0.23385203540033725,0.2133033667617279,0.2060828310298649,0.22596323438048044,0.2334727766686829,0.23425959154236642,0.20687807364908828,0.294582950369318,0.28302485669711136,0.23756043304987304,0.23713341290745277,0.27872593319782824,0.2380595461216015,0.23231842065903058,0.2994399597895927,0.20052335220624604,0.22521526377902168,0.2937464061497567,0.332144311772439,0.22025206254193952,0.20933763630552948,0.25543826004986714,0.27780384189936813,0.2851078772541005,0.19998660539460053,0.24523161229140739,0.24466768847539727,0.22082944062455376,0.253252165002263,0.23030533611203163,0.24756176978578728,0.32517914283736643,0.332647434883286,0.2919761375669637,0.21673772260089572,0.29376307580970124,0.3125993791137696,0.17580555261173206,0.28356382506680017,0.23050329959586846,0.2764467794122081,0.24287237885706564,0.23250860833003537,0.30022850580218763,0.2602199095922029,0.22327910606582438,0.24344071683967844,0.21588048251244327,0.271695586390531,0.31283513067922925,0.29012500639601857,0.3445963862134102,0.26262631901454403,0.2579416085869434,0.21724317535595686,0.2420000311899666,0.2632842481602382,0.2364746645896864,0.2639564143648385,0.29046117247264763,0.23888499999933088,0.2635773098653881,0.2354935972442994,0.2233774897070139,0.3222362021820452,0.2285059632156075,0.30557497379149107,0.22263262928704614,0.2619782377234383,0.2616025369675979,0.2659576745385163,0.2126907119925302,0.2076256336570522,0.19859644737723098,0.2353668034725797,0.22685294211678037,0.24809547689301775,0.21986229389249204,0.31206444700589797,0.26008169920773416,0.26504804979866986,0.26569892359475195,0.2358178251434455,0.29307066822262995,0.24667560452310947,0.2815154802216094,0.2894051912917577,0.26863156649511055,0.2735150987249122,0.2513686555117987,0.16947288794914853,0.24884153433204104,0.27102477499667604,0.23318825356783726,0.3226781671558015,0.32991129105504585,0.2675162911292562,0.2463657006907174,0.32326868058089786,0.3020404862980396,0.27888898341733237,0.2743998197333678,0.24297834721167658,0.2528940761005861,0.29186164193293546
0.32544424378334913,0.3355690699975439,0.3137311693967908,0.2661620427114517,0.23058110824673153,0.2885135648294599,0.2211022597162666,0.0,0.3238496473943392,0.3194131067584749,0.2999531481725242,0.3042919596012385,0.32725992812719035,0.24195260705166838,0.27978367136838544,0.3234101399613317,0.3268270180919593,0.285548556767046,0.28044030034356954,0.30195157762040864,0.31387139718862467,0.27160685429520676,0.25045514940838776,0.24025134617309335,0.312736556446277,0.2588212259595856,0.2597433725743265,0.33053089814327724,0.2392547089059799,0.2599058934737437,0.37542755931491595,0.3083670802304389,0.2649878276712708,0.27240249565484376,0.3005913407875182,0.32841077980530753,0.32462438742325167,0.3569922406027058,0.3139302542458966,0.2819103696850993,0.2872839141083322,0.2703895989970481,0.2831821677205877,0.2681531469357653,0.37047688015356717,0.3071702634679829,0.23575855451600566,0.28108616797750274,0.29223774177314843,0.2989328083149574,0.32485263651687496,0.2761647797458643,0.26045474883065267,0.28371871981478847,0.31615100916643146,0.29090725178102395,0.3194914900187746,0.34319462661960476,0.28100816602157846,0.2964179651242769,0.4151993426025147,0.22632506654690465,0.31796137579965633,0.23056882568597487,0.24256130676450735,0.2741234818705971,0.2935121273758274,0.2575267790752132,0.27330088500553135,0.4377511086717913,0.3147029209624285,0.27542088117903024,0.28579574820545794,0.3479215598040993,0.38552014326701084,0.2573516118430226,0.30206610491468877,0.25499972171439955,0.35418523217879616,0.21817315496401657,0.27793478163319324,0.3106873865253768,0.31503668557542663,0.34444197685823796,0.33759144769630456,0.42591552415657885,0.38663385255006116,0.2887475656361753,0.3510289295842825,0.3044000105948539,0.28252961284680933,0.2597894554378991,0.31721888005820886,0.276626628600102,0.3314540257870088,0.279675862372995,0.2731580541855616,0.2784177844185475,0.21770260080381712,0.3388334417004037,0.25731988363007957,0.3215445610947807,0.23897646800931027,0.25975375141471546,0.3560554868175508,0.3136789607676191,0.31087888880509096,0.32021100136730596,0.2764895779777911,0.2789434280531883,0.2507664038137557,0.2979050413259087,0.32648765974319854,0.3000026427004959,0.3132311700901949,0.32752800398140247,0.3041979979525116,0.2559399832427802,0.2499181004420954,0.26066598792777035,0.27042877920426645,0.3745490886161018,0.26093120087468097,0.3244998442362871,0.256165519663948,0.2988751663751494,0.2526677212070927,0.29791452698858717,0.3117774084171392,0.2715617539706589,0.31363565402902815,0.306796969055692,0.3024372289046149,0.28222125102220713,0.3022154047859805,0.23301040800961836,0.2570575319761315,0.27022186703073975,0.27461002102122845,0.32428953512503944,0.24020746825473785,0.24548451097480123,0.3414131125210571,0.2994478605952518,0.30835671400472214,0.2514067887892488,0.3490283938706464,0.2724234379908287,0.3400434621238456,0.20019366865146407,0.3642566987314117,0.28130437558990445,0.26924264329424985,0.2411114905335251,0.32178773724005827,0.3435088730743532,0.2691834143288836,0.3214953967748933,0.22708609824284975,0.2910731262772085,0.2567606376256153,0.29386639631208294,0.2543531010393843,0.30575124503412227
0.35309563493670376,0.28516591557908855,0.2727326340582336,0.22962917200092733,0.2503913525826027,0.2812182245269941,0.22610993979572386,0.3238496473943392,0.0,0.2727195193770884,0.2715080194622979,0.2766770130249126,0.2779298330196109,0.2859267966726517,0.25788078675860876,0.30420412552672393,0.2903460076519212,0.31002150896907243,0.26967224858773925,0.3158928640790507,0.28136037138526626,0.31839418771751143,0.23066749688198368,0.21985682114281938,0.29947708775506854,0.22497507661823812,0.2683628377935583,0.2862233626625736,0.23331752208602577,0.35422823638489653,0.37758216054642085,0.33284131780430065,0.23280211912874113,0.2390713444630925,0.3112936354834516,0.27385961125405806,0.2767055996943646,0.38924597964325824,0.29111910398270846,0.2457994652028741,0.23910195175478877,0.3268042749400302,0.2705726914463078,0.2717034338167085,0.2884125314575161,0.2703933686910912,0.23003458625302678,0.25274921421684365,0.2758340088155226,0.29514523626353434,0.2840751255363082,0.24002262216765996,0.2755533823668011,0.2569575424425972,0.27422673361470773,0.339535799329245,0.317846564049356,0.3105502410555401,0.267012743079873,0.2560933243549765,0.27442825437819035,0.2674834662420311,0.2670764964805105,0.25426160673552384,0.28610303160494305,0.2666389952164872,0.29936608219285377,0.27083067787354437,0.26573949499138994,0.32188726412334645,0.34475862194068807,0.28364395231113093,0.33214613868071047,0.28085366562149183,0.3601767503505034,0.2810515576421467,0.24594942512289866,0.2347207795885738,0.28633083549634775,0.25153688945578623,0.29296548357729807,0.3696379517428536,0.3324677704365884,0.2762767883811686,0.35837551417692004,0.3604702627328061,0.31667467916411424,0.33559661585906214,0.30842253746627185,0.35327683828474127,0.30993602162967104,0.31778955477180126,0.30269308794448385,0.2755698377220952,0.37209917081474925,0.2859016799602328,0.29140443358412105,0.27666186472988674,0.29820670404054805,0.26221828765059757,0.2971634673242534,0.25532620107660114,0.25938848434793105,0.23687926501037085,0.3628219768698151,0.27086869046586504,0.257286070688096,0.2927811085124654,0.2510351856542903,0.24331210213295748,0.23421757722668873,0.35230312288868804,0.31548437138007857,0.3903811126015205,0.27030574625861603,0.2802978726452587,0.29932264975232364,0.2852808019137997,0.21404502611366655,0.291069056241509,0.29188532299049164,0.28449312816411765,0.2752757555112794,0.30582088210243685,0.4079509178008551,0.25734226891107426,0.28077807162817897,0.24542557294857423,0.24695579318222777,0.277411786421007,0.4271838185839163,0.33977554647607205,0.2837969032140518,0.35311724259012944,0.28062278451698613,0.27341327533357757,0.26146346094856854,0.25224976638685065,0.2747012815767817,0.36358533062380494,0.23688535261624727,0.3070324720453531,0.3342549268060515,0.39180984000539504,0.3126168970270563,0.26309552529346436,0.3867846538647426,0.2677890840139466,0.32644458018374356,0.2291334646279122,0.3474325256110609,0.2943023307005117,0.27913391246722247,0.2366252819040445,0.28799146425675554,0.3366146121131061,0.2572869723673305,0.281793140344356,0.24876269099877654,0.30717618235059707,0.22822414178034692,0.3427574903149322,0.3328524184346615,0.3195599583474572
0.3393405649611212,0.39437771032090685,0.3545493367628176,0.28090674565521406,0.303903865369037,0.2675654332175189,0.3103145063041695,0.3194131067584749,0.2727195193770884,0.0,0.29822332774732235,0.25766837096957945,0.32139314904067845,0.3046985412786215,0.3013911223714827,0.2892251667695933,0.32166286983550535,0.3697893721355912,0.26751058445946424,0.26285163579356796,0.3017508721372603,0.29813400975523074,0.3776437662864402,0.263032297963273,0.4104270685881019,0.27208480291880266,0.2642275724659326,0.3252278598425256,0.33976749900827635,0.2580683589637424,0.32246375202030403,0.3082226043231555,0.24331377204714982,0.2700175009653527,0.33410933578538743,0.30118536384785805,0.3461242414989262,0.3049987591801223,0.23726499053359856,0.3245840589206518,0.27321188729948764,0.3264084118399355,0.27942626958962463,0.2804483620948517,0.30402289580597874,0.2951954419279499,0.27216918497446835,0.29351346924705307,0.42970818590069193,0.26179550496225257,0.3274373262021902,0.27346904102651,0.25463355196026477,0.30162987867436303,0.3417594393607029,0.34436046604707,0.28508605651397506,0.25456844887961383,0.3497176238964976,0.2877579661128592,0.2965841672207055,0.22711573457829437,0.2644200672043582,0.24237870962617677,0.26691309177501693,0.2602673501555426,0.28561686544977266,0.30577464900058837,0.31116404673616105,0.35674051604069046,0.30305276629938116,0.33810900425734774,0.2611534815600988,0.3527916420814679,0.2855004145045634,0.3004506327898572,0.27183676901843085,0.34768992676240956,0.26643375913718775,0.25109161193060325,0.3207532033484869,0.30811856460588927,0.36954074749237487,0.3044484902822297,0.3045466478673034,0.33925668464148945,0.2794486595448238,0.3037625403733729,0.335390954771042,0.2717678114874783,0.30738733432884136,0.2815093129049615,0.3420341455664415,0.25548799367574215,0.3609391745778564,0.3112182598087567,0.2009847432828924,0.29377839668505457,0.2508793346054383,0.3393015889970128,0.2852782882565287,0.25557304824287347,0.26119589425107326,0.3044675544390114,0.28620032491568403,0.2863592600637139,0.2641779598029467,0.39491612973470525,0.31519008314018165,0.318814030501004,0.27343930679490225,0.28883898850898765,0.3255248443951936,0.28388336382117296,0.2998676658662035,0.3243517421216343,0.31432998272222124,0.321925042786537,0.28758111589677554,0.30496928920769656,0.2763463706032233,0.27625695846296777,0.25913631493773975,0.36922746829086567,0.26684688356628966,0.33534572529748824,0.2544255563207348,0.2486670868733025,0.34095173238317106,0.31924077971945264,0.3315650797911861,0.2615494002815516,0.26062544321182457,0.258604618316961,0.25896511699356034,0.2639808124678997,0.2675091174128012,0.3350576157054008,0.3044328342696741,0.30491975482938916,0.2736493886181201,0.2890024621661889,0.3521346935196968,0.2709425756386572,0.31889516504668686,0.2836229114855171,0.27022421243386785,0.333319364485603,0.4273075602892671,0.19587438764000878,0.2775666449354443,0.33436802605706883,0.2550127119796083,0.29651864789990695,0.31432066172853207,0.3168326810775587,0.26172509110263276,0.36363905157812365,0.2822249680379293,0.3431749875254022,0.39791604859310287,0.338394180796688,0.2924429451947083,0.30393053743282206
0.343335142720141,0.31535679847900566,0.37550891412050147,0.2925206245929857,0.3184624088306046,0.29426744722982207,0.282263457633984,0.2999531481725242,0.2715080194622979,0.29822332774732235,0.0,0.33461641850268636,0.34519103325012274,0.23934119645781707,0.31110504489021734,0.3513420097158304,0.3320012027772093,0.3063100294564866,0.2661084799006812,0.26886481471084334,0.3354081454812167,0.37806871741924497,0.29620757275103377,0.3112058000235208,0.326609752672863,0.32210728883142864,0.27111185420815936,0.33256517148303444,0.2837575783891254,0.27442724764177007,0.2894829966428538,0.28044803734680096,0.25728685601273554,0.26265474574304243,0.29264386944602094,0.31066881663276963,0.3750343696339289,0.2993543981768165,0.317920122034157,0.301393581237791,0.2819368609948871,0.32676999697250303,0.2723895066092531,0.329327630944293,0.2991191579802517,0.2805027035091636,0.21354543839465553,0.4031135269791879,0.32913906406389726,0.2636295835536884,0.3466256082138019,0.2732194271656768,0.22093492459859232,0.33666150113550053,0.37070674375668156,0.2545844915249374,0.30252079516241537,0.3697900619572745,0.26554317510135034,0.26757470839603065,0.30199193007767966,0.19558513079975023,0.32197748720084346,0.2187583959600288,0.21925886774022685,0.2503544636309429,0.3133122759393095,0.28369161082506555,0.27488463536504765,0.3242198453950417,0.3245465053529309,0.2338050369578339,0.28873003898738847,0.3702526415429089,0.3100140882374216,0.22910277665495526,0.3384904045932317,0.3098646766511012,0.2573576795777063,0.2174451945350866,0.27860567523830176,0.2856900812129501,0.30642219236471013,0.28330709317335095,0.27588253945122426,0.31616061630754494,0.2950337641510962,0.23965950437318823,0.2518875845578087,0.28873349173757434,0.37666982660239634,0.22781748045502087,0.3334015625642176,0.2585522580235034,0.29190932476884307,0.29137839599780835,0.2027811472157456,0.23358618503369138,0.2035187390249332,0.27644653958315574,0.26036652333722515,0.25440235857819765,0.23841838467807014,0.2240800540699169,0.27737451946878927,0.2714768023897537,0.25406050920193773,0.3188731749045785,0.2652451983660859,0.3493938256313171,0.3381127260184259,0.28167919797744073,0.30040133769772237,0.26836208413200974,0.2932553612231061,0.33838966872309995,0.24908108622567227,0.2801078362497696,0.2875997151753336,0.25234506808654356,0.3025140314209647,0.23989747090081429,0.25683513236011424,0.36179974171329915,0.23534975206659747,0.33152409460203186,0.2092159696141188,0.2943306185246953,0.28834064322923275,0.2540387895833902,0.23868004766143353,0.3033640437566236,0.25996799431358286,0.2879940671754524,0.33538934991227387,0.24384538463570402,0.2511728270733442,0.2769147650005551,0.2856271244659286,0.29159347945612696,0.25079967085549604,0.2530813943010602,0.26557227993090304,0.27525773510448687,0.35177650062250015,0.24051872364793273,0.3222246647858761,0.2625839134822995,0.28378848427249054,0.1967462840867281,0.35541441720722833,0.23873236357690533,0.32943447835501677,0.25409276507175366,0.30377809070724127,0.32670435458918134,0.3192414374876051,0.355208749869971,0.24694404174893123,0.2756528350495598,0.24240392540807607,0.26336014842619654,0.21937149274047912,0.45486268442557803
0.2936126294714891,0.30478862538618606,0.28589125887782924,0.295883213644943,0.25481549040479434,0.3564897421791994,0.293014337557867,0.3042919596012385,0.2766770130249126,0.25766837096957945,0.33461641850268636,0.0,0.2494154659869401,0.19083079101174455,0.2801323679328634,0.2888451778999761,0.300744356178373,0.23497946942414602,0.3634619182741413,0.27104414007931554,0.36726281524621823,0.277111291694238,0.25594260462678253,0.2718591546857667,0.3433759759414684,0.2677442777921363,0.2277870409546368,0.2675271946050979,0.25444610105841936,0.28214071653913053,0.3284689279948935,0.2803175791068982,0.2831659680773778,0.30707031496686593,0.26899560030376407,0.303777708796705,0.2927809507564678,0.29038241994371317,0.3562960458041178,0.2624069698041479,0.34264033202328836,0.2886778254479659,0.27251559340375725,0.3620466311326739,0.2685286834679861,0.27332723585516777,0.2478931532184203,0.30758860259898535,0.2778750476735347,0.28617686238193024,0.3542928019408024,0.3573286126302414,0.2278641378216671,0.35507169005652295,0.3366058171919667,0.26662214622052866,0.33367967078207944,0.42118136441238063,0.22066684246776933,0.25885450305709684,0.25158354023435275,0.20614290589180917,0.3228252317295221,0.21472849040063097,0.23435732783975743,0.2576429740223964,0.24570618043121534,0.23023036086375726,0.21325516285518628,0.26226872209273144,0.28329872146261903,0.21653735536397328,0.2600934970125614,0.29755173730066065,0.30138727353334105,0.2299472792820877,0.2695084842677111,0.28439537446342644,0.2682223370871954,0.21860166358401176,0.27260036071482996,0.3133595370425041,0.28900926359586526,0.2373034028953931,0.3102293115686266,0.32088119089648837,0.25834966558612366,0.2448648525719945,0.2749434348995911,0.2849962353580026,0.33350316494428467,0.2990984215375815,0.29889767132526207,0.27825663478371404,0.2663104875068828,0.34573719812126297,0.21994297081608577,0.31540542305129937,0.20873904143751268,0.26205122593842844,0.22382307552181158,0.2465919710980781,0.29686190794576756,0.2927549433571831,0.2745269788521005,0.2771315982015202,0.2963320747003021,0.28098108978132436,0.2539084203026856,0.31889942521327286,0.45198792001481747,0.31650142864789,0.28340018426236013,0.2771098068155801,0.2705518130128083,0.30412457203919047,0.275119505987943,0.2770107855410163,0.32354823458940707,0.24160984567789914,0.2617998361689257,0.27701898385519497,0.25869114489167283,0.32229859320109094,0.22435483336533177,0.35092989483630604,0.23045322857766504,0.26611262263637186,0.3116814070849065,0.2293090122842021,0.24673559435859757,0.28833607050770826,0.21767367350246475,0.3228425544044023,0.287576096645812,0.2209650759437151,0.2643974505334737,0.2609753308807973,0.23720305669114566,0.31129159076406204,0.22626495881300238,0.23990165207248976,0.2967102662049781,0.29180197274373776,0.32234353703088864,0.30511445897965994,0.4110757209144594,0.24944532949513462,0.3046373942270388,0.2050125793383354,0.34353362185946407,0.27750989997456715,0.2757316856947069,0.2351664523509637,0.4379824732026886,0.257671498656357,0.2557578917610789,0.347927136213362,0.22844648796141043,0.27440356037475006,0.2045185109051146,0.265862280268537,0.2356841832313609,0.33735973834058613
