0,1,2,3,4,5,6,7,8,9,10,11,12,13,14,15,16,17,18,19,20,21,22,23,24,25,26,27,28,29,30,31,32,33,34,35,36,37,38,39,40,41,42,43,44,45,46,47,48,49,50,51,52,53,54,55,56,57,58,59,60,61,62,63,64,65,66,67,68,69,70,71,72,73,74,75,76,77,78,79,80,81,82,83,84,85,86,87,88,89,90,91,92,93,94,95,96,97,98,99,100,101,102,103,104,105,106,107,108,109,110,111,112,113,114,115,116,117,118,119,120,121,122,123,124,125,126,127,128,129,130,131,132,133,134,135,136,137,138,139,140,141,142,143,144,145,146,147,148,149,150,151,152,153,154,155,156,157,158,159,160,161,162,163
0.0,0.6095209783001659,0.5752851769338692,0.5198461143360749,0.589449892844713,0.5908447748162826,0.5523325919994906,0.5771612582091217,0.5744716084554345,0.5948138226077981,0.6133623435741771,0.540295482022675,0.6782408182295961,0.5404319557848063,0.6015985059381626,0.6406731185431257,0.6273408475706013,0.6938579800677713,0.5334619697636679,0.6936313466407725,0.6153601628873586,0.6317488024637923,0.560316288796159,0.590181010467958,0.6832229455218557,0.5513673488360726,0.5296533741750986,0.5890228597098509,0.5240458910029963,0.5009432741703503,0.6215428838824477,0.6206192681219287,0.5220433445191913,0.5747939918316056,0.6629338210254697,0.5147718173301505,0.6994078738800914,0.549532994828704,0.515752973194339,0.5999259693057661,0.5014204189130055,0.6090741090434161,0.6054631661774043,0.5840863973577385,0.6430660770979385,0.6298373497648332,0.5370368773663258,0.5956121021886507,0.6333530930395164,0.561005176021417,0.5980131235540088,0.5903378300972244,0.5258149292595026,0.5574182192175653,0.5360600017545121,0.5510018607035175,0.6206093796688986,0.5761866196437232,0.5338205741833173,0.5701660262420962,0.580946111896343,0.4691181434787299,0.5568150098331199,0.4778736044451178,0.555818015103751,0.5639853441087548,0.6047187316034298,0.6159059001173472,0.5337057485883574,0.6248409390831215,0.668549008616119,0.5493500565208547,0.5253664868698396,0.6232624632667739,0.5771823697731165,0.6168143040387609,0.5426776112470452,0.5970159971146214,0.5394333069720748,0.4912405109283578,0.5326076014333557,0.6316676041434429,0.5613067485459509,0.5166965366416234,0.5535701721931529,0.5831794977817338,0.6208036048345951,0.5367626435504119,0.6267395035587,0.4999546238030012,0.6065910871767292,0.5885384923075607,0.5691025857280403,0.5721965281741185,0.5683945826621537,0.5601603591099052,0.4829751905137036,0.5713423956898986,0.47590339876151244,0.5961676154177984,0.5276174366904403,0.5425810587175539,0.49089666925016767,0.5031786401167994,0.5643414263324952,0.6179067822777976,0.5313607727230355,0.6142555942004009,0.5975569245862445,0.6269826982425976,0.5841061648593312,0.5390040668858112,0.5870406306384883,0.5287142299372831,0.5620662953767495,0.6048713876915446,0.6271682625618176,0.5754220223876442,0.5047912667394473,0.5293016903360274,0.5670741972137444,0.5016215254834109,0.6143515441620894,0.6633319350799111,0.548905168823198,0.5649312896174161,0.4775683429732595,0.5485337211368062,0.5486553635151243,0.5638627512738004,0.5110826606681274,0.5536243514062041,0.5150725160158931,0.5353658341779147,0.5756817109264998,0.5264123610976013,0.5470091712927342,0.5927244648225133,0.5997758553974116,0.5544336112702366,0.511380681712095,0.5581331980613611,0.654562792062038,0.5140364741968453,0.5945263479520884,0.5103064008977735,0.5534496637346095,0.5395147153702852,0.6478913634092267,0.40232559958332736,0.6324430522300944,0.5211474217397201,0.5585991861434798,0.48219037598053993,0.570639664684827,0.655017261838069,0.5460251647225237,0.5925198440354429,0.5312182027329245,0.5278110816276735,0.5285238245408966,0.600738090638121,0.49324424227347546,0.6491142827234577
0.6095209783001659,0.0,0.5968674045548643,0.5146383566214278,0.5364822170975888,0.6415791626138102,0.5010824870295474,0.6539019538315164,0.5964346581748252,0.6167422751325068,0.5556460584012485,0.6307055377625461,0.5895581266234058,0.4888267276091268,0.6006060010666557,0.5954495420385663,0.5746249081085342,0.5569518196624047,0.5362082916813061,0.6074586745706764,0.580269178701542,0.6379373474720145,0.5244817645278488,0.6285640351822176,0.6268373932872436,0.4975863434063339,0.5361876218634316,0.5478942028095414,0.5642369704848812,0.5129370032808988,0.6424149107429674,0.5200080144152813,0.5754607460679656,0.5387383425363128,0.5716323924409561,0.5000726824537861,0.5810535142293479,0.5330951601906535,0.5416853107400817,0.5650933525423052,0.5503443843148206,0.5823168813446803,0.49743583297059013,0.5327016759429406,0.6243668392258908,0.586796954700836,0.5118078379093329,0.5170463043410906,0.5229860337533278,0.4947238709607109,0.5087862053761962,0.5696241321035465,0.5044275010298535,0.5534190550967232,0.4919654636016759,0.5961171616708061,0.5486619030929,0.5979043231448717,0.4511879381903725,0.5485642678355627,0.561740343079195,0.43658423525870116,0.4976511852347343,0.44073806079960615,0.47338242555107324,0.4841101352464535,0.5311151762034299,0.5181941156750833,0.45262725775293305,0.5848877098044307,0.5647938040572676,0.48877807539826273,0.44403358450226693,0.5387473706742711,0.5837855936142611,0.5240115211784174,0.4709779977290921,0.5870251634547909,0.5385193866775299,0.4683368764981337,0.5209113926139342,0.5716092007679823,0.6403266582828282,0.5231210080180767,0.49221751212969117,0.690118745864777,0.5371287745657433,0.44133795900482187,0.5925271215933015,0.5877388869564064,0.5217862532064932,0.5702117685768914,0.5198136420166639,0.5116910471225428,0.5000132210859458,0.6184048939723528,0.477474768641559,0.5983836052126084,0.4391117730852312,0.5480031542581195,0.49997616410965856,0.4738820176517157,0.43248747709545016,0.5388555134788593,0.5008829262283896,0.5980700338675711,0.49471863828162194,0.6625327767840005,0.573139393755237,0.6386651883479211,0.5204090492270705,0.4788310971213864,0.49504066970350175,0.5147845713828909,0.5292385910436394,0.7052075080903489,0.5815779879461475,0.4852259770418712,0.46732029407265463,0.5222696598556088,0.5197687394214381,0.4920504999503437,0.5431967580791064,0.6416384642187136,0.49227102910969606,0.6200791922525499,0.43890099999686955,0.5992606804264424,0.5636083823029869,0.5159573645546028,0.5728124744212422,0.5347285370704946,0.48440350778835445,0.5494771130589329,0.5493880544782159,0.47232138439588234,0.596844711878312,0.5564469310350292,0.5850266971806658,0.5495301294586209,0.4980282570169296,0.5079418139579573,0.6036019017145567,0.47776546193610464,0.5552509263134745,0.442190822065141,0.6348066742699523,0.5745643654210866,0.6565489565170037,0.4223266654476929,0.5522197194644662,0.5136674236193038,0.5341903300924199,0.496071669725184,0.6157719901824363,0.6064725490210643,0.5265635407688275,0.6609476154368152,0.499585665234913,0.4456666136506203,0.5053456081960722,0.550340508407423,0.48796533818580035,0.5889574914434673
0.5752851769338692,0.5968674045548643,0.0,0.5091409408152884,0.570884533377218,0.570015563515186,0.49416756535087314,0.5943182558111939,0.5202063271511793,0.6300961603742877,0.5460747708349986,0.5137389763876928,0.605684476461234,0.5043618084353454,0.5479898618942896,0.6036102017667941,0.6001866172354501,0.5875720864005832,0.47393008474717524,0.5602832096192731,0.6251177514261664,0.7002066762010771,0.49326714633499774,0.547508367795225,0.5846226610974453,0.548899417019446,0.5052948694984377,0.5051423053195844,0.5082995131897415,0.4521022056016787,0.5208262473411013,0.5364514009397537,0.5151644751068841,0.4884093659683767,0.5270211006770577,0.5142587600687187,0.5632234115276615,0.5213625909583357,0.47922635821663434,0.5741944102114392,0.5082431758136028,0.615170294386306,0.5447562741285478,0.5149903695440539,0.6081061269972022,0.5734086343026107,0.5432160895750646,0.530267180564348,0.5162374913683091,0.5337077056523664,0.5407864899673027,0.5788881700791368,0.4894282784269564,0.5565057357888722,0.4901832828485441,0.5357528630837077,0.5289319166834197,0.5692288534127798,0.5082136945890757,0.5192073719472736,0.555874866697817,0.454705633934992,0.5406175576353116,0.4726686714699803,0.5028931302657567,0.515064709003433,0.5648576192399309,0.5895905156038874,0.5465274499564708,0.5809405215754627,0.6110469773655337,0.48013597542488173,0.4964167943725526,0.6097555989435454,0.5688004000976686,0.4719524903128901,0.5082760960204132,0.5686343367228192,0.5059557647931952,0.42902422938638823,0.5254131048022467,0.5927700159841821,0.5327375348773917,0.4999634015972072,0.5142938108691827,0.5809798573644133,0.5402374755341295,0.47872637830250503,0.5306500170570371,0.48654141219318287,0.5686983182248017,0.5334601239039323,0.5076692423385998,0.4691140141824802,0.5415347990117354,0.5386902692873484,0.48170528898631676,0.5703056402107599,0.4423630082986599,0.5507003415923681,0.453721707117129,0.5237280724333744,0.46992892928155,0.5125587474365603,0.5166642295897692,0.6224818253775957,0.5364721325940338,0.6051495119726936,0.5801677765365731,0.5849054955275201,0.5167203248766156,0.5070163464917498,0.5360510060199273,0.5049239644896256,0.5031858215910036,0.5782649035376801,0.5204436765972501,0.4970851582968786,0.5258635225672839,0.5063473153869315,0.5141815315067406,0.49648186623567053,0.5315495712271104,0.5544896209404984,0.46606410193910425,0.5251381919341753,0.4827351378496665,0.5372079326658954,0.5583158520992814,0.5454428586038984,0.5063877269628926,0.5900734500688973,0.4458775653797246,0.4894241754071591,0.544261642523121,0.47298776170401846,0.4782287273755125,0.5314025070194685,0.6070831552995524,0.5019780925762324,0.4755218051927901,0.5186015117902234,0.5912840464558904,0.5262797465822137,0.5445954547444003,0.4827990977811266,0.5606924201607968,0.5336018990478437,0.6422916752725849,0.4050103660104589,0.5033711434819765,0.467064429442432,0.5316795408237753,0.5453370404961965,0.5655275788074381,0.5761623579097959,0.4654662283774536,0.5815539284895447,0.4588805972551388,0.45011583049893683,0.5420416947458633,0.4871460322753589,0.49111598950686736,0.5394343523877578
0.5198461143360749,0.5146383566214278,0.5091409408152884,0.0,0.52443276844204,0.5194635635331675,0.5303571231265203,0.5030955281303413,0.4329629414272618,0.5071768584279709,0.5757118228372072,0.5063518948989374,0.5034706207089101,0.4839718990935861,0.5418973553655684,0.5131306160532966,0.5578477987934133,0.5281528668436055,0.5312367529254263,0.4793097529566051,0.5784488997617194,0.5164368665872339,0.5107399915263584,0.5100951222625951,0.5361286849647477,0.5542623740807978,0.479385293688294,0.5440139847962353,0.5315111347668077,0.40593841176734113,0.5012832103769937,0.4945939090527541,0.6658463384226065,0.525850014836804,0.5481495574803017,0.5385019675809365,0.5083841324925726,0.5017842131190028,0.5008255922868537,0.5730728616883166,0.57449276238165,0.4752265198936687,0.5169589489245698,0.602440793283707,0.5224153935955729,0.5160530574014696,0.43362465463119904,0.5299857826489495,0.5291132697132632,0.5010343295283524,0.5914664869850152,0.611557931549429,0.49825053538337294,0.6748225525492006,0.5770739939861365,0.43312862130205193,0.5317324359274793,0.5588770058695266,0.4874023750676384,0.5100929786805153,0.5503013666266414,0.43557057237178104,0.5620018235005428,0.4399008628033009,0.48506229600375406,0.4923089307667351,0.5215941963123304,0.4642922067868655,0.46992270245109796,0.5330841720797306,0.5165958000637925,0.48429000712762077,0.49282909330936286,0.572705521523999,0.5215539162796805,0.47741657285725336,0.5064836537954598,0.5451651285595891,0.5162358315085751,0.44697357197966575,0.4979462055843706,0.5555531398071539,0.4463900999837853,0.48925045668101974,0.5398669799535868,0.49259514491135425,0.5130347582843982,0.47617445340116715,0.5069458116823844,0.41110646767719683,0.5874916914692662,0.5405014018123994,0.5484094771273904,0.4953941434798302,0.5543400924542738,0.5013106406550651,0.45969831735374544,0.530131960846184,0.444768599216454,0.5433393302372219,0.48034423275104554,0.49773172513373737,0.5482082771776962,0.5295912952094759,0.5300895479860186,0.49410808169587334,0.5135586585467948,0.5128867881927307,0.538458589842362,0.48319789381846345,0.6162434110420208,0.5232753856098347,0.5280391712779161,0.48994393248954765,0.5528212993444118,0.5140633485501581,0.5399696060807961,0.46470411893982266,0.5833417658908958,0.5080940619118343,0.49001558024559505,0.5451328939488685,0.5030889188683707,0.5593777119138318,0.46731181707764535,0.5576306578961288,0.45918454410202153,0.46077121262548126,0.5865217655732415,0.4947921639709828,0.4090467655095428,0.4895209960060809,0.4556719436583845,0.5202697530015853,0.49888999345485424,0.44841525757543205,0.41578368777819913,0.5571247299832269,0.5363630207155555,0.4966621569933027,0.5866636210297127,0.4734076530865094,0.5676811489666502,0.5163239204435464,0.528793516881542,0.44673094434221855,0.46226361282060535,0.4938744742260605,0.5031828119276693,0.38799171241876523,0.5655638898830335,0.5213779511413943,0.5103462817168585,0.4115213593770465,0.5742107121194696,0.49592873162627493,0.4497741133887251,0.5233356847614862,0.6148747510139599,0.5049745816489185,0.5101731577227854,0.5159099883207154,0.46924115504147246,0.5471055452889081
0.589449892844713,0.5364822170975888,0.570884533377218,0.52443276844204,0.0,0.4944080322885009,0.5584674305060816,0.5171357906896947,0.5194308648175857,0.5444818988173289,0.5643385737982844,0.524633951972834,0.5258056477479871,0.5037224675247541,0.6028930165185574,0.5705263893541331,0.5727161028738449,0.6131469851069432,0.49480540012110896,0.5417902721835802,0.6008848083321476,0.6110457447395459,0.5574437806851217,0.5405261434707976,0.5716937776431811,0.5566871286645865,0.5236797691951743,0.4998149841330844,0.511112410550407,0.4821433366363309,0.5558584842198605,0.5267675037846473,0.5233491969710078,0.5036260089941091,0.5850039493532231,0.5410029147643768,0.5547466300926719,0.5401192048414333,0.5180650058260898,0.5749321860356801,0.5279574488472667,0.5633084228767041,0.5986381114230568,0.5703114749701317,0.5559835655162121,0.5549553411079223,0.5331949611284994,0.5393499356844034,0.5835835144449407,0.5664420609462019,0.5849430564072399,0.5560388957825517,0.4946755631888959,0.5475709286292427,0.5311062351604847,0.48391417281824145,0.5547809269171023,0.586397448041174,0.5150743128795328,0.5324031776636728,0.48459099511213355,0.4571231330932794,0.5280099400034779,0.4921667235921987,0.52917088184994,0.4894063102378825,0.5242751697469425,0.5488657198986477,0.5407650746427662,0.5556507863483383,0.5930422393076349,0.5229455189818807,0.4853467798033879,0.5742823993194676,0.5151881166147415,0.4889799516532775,0.5118500662656036,0.6337923833018543,0.5072397833243127,0.4348034784957109,0.484876220459011,0.6140253212711219,0.5151619326182305,0.46439357296807265,0.5375127506469474,0.5341998965897917,0.513454178439277,0.5225281309763881,0.5177634444433373,0.45148707294507184,0.6862119071546868,0.5763406784705554,0.5832346490390947,0.4777736094238207,0.5640474687063566,0.5277327813756875,0.45073774699131075,0.5336666643406693,0.4828663772994659,0.5163364375998288,0.48335340482857375,0.5142077352207617,0.5175467666745641,0.5209869020959862,0.5373756647955412,0.5595879795175044,0.5038662426202182,0.5467425564392988,0.5806788255233738,0.517785372267953,0.5519745996325831,0.5687103346050214,0.49304340169266564,0.515084470066299,0.5153647180950706,0.5347111744407248,0.5213044266486633,0.5566870293077499,0.4920015168670011,0.5133896197463305,0.5915105707749767,0.5103610206192849,0.5105503229479665,0.5765889863626691,0.4958639496573504,0.5239705330338156,0.47115790766275545,0.5206312547579343,0.525966960545721,0.5588949469587086,0.46672547197256725,0.5241361062814487,0.4467750023191584,0.5125568839426392,0.5195102396244444,0.4959290457670335,0.47310585105401454,0.6080891632226032,0.5895921461637651,0.5532968160952552,0.48117762497417116,0.5217092639856524,0.6051306384488039,0.544175391881572,0.567367741513726,0.5048031103815841,0.5529980348404843,0.5079881570588098,0.5813877296543971,0.3989553058926318,0.5463313871587412,0.4953750737743618,0.5596268682064893,0.4926907780926208,0.5596037547524797,0.5438398862609127,0.4507959623673439,0.5354453876262071,0.4990520582527259,0.483429418064366,0.499583983892919,0.5187105492322884,0.5015016586766515,0.5949062455583811
0.5908447748162826,0.6415791626138102,0.570015563515186,0.5194635635331675,0.4944080322885009,0.0,0.4656603484567517,0.6207743129390115,0.5433400158946088,0.5703650439158562,0.5486436979299376,0.5844695712576807,0.5721419416080048,0.4703374589360578,0.51135010409779,0.5844057573283052,0.5664038139495396,0.5151281710708542,0.5393317092330421,0.5596216972647103,0.5803477920731591,0.5549436551820646,0.47036750478325445,0.5250666316606483,0.6193662410526062,0.4961517694906856,0.4651058562835518,0.5347599742912984,0.5272622688678889,0.47836487853457954,0.5828528984358612,0.5328970056973067,0.5439041038754098,0.53088491973272,0.5460193420594566,0.4892383618659355,0.5716299036702511,0.5184226571707992,0.49845979362011,0.4996184604012889,0.5139421444614346,0.5745530996349694,0.4935895730404346,0.5507568411373616,0.5612846001978277,0.5340447796899638,0.4860595176482004,0.5353041046009652,0.4879873921312369,0.47587492365646944,0.5085584306371603,0.6100170494743642,0.4858732186048331,0.548620988433709,0.48759727598001074,0.5811131372347973,0.5306305699341487,0.6219027885039112,0.4351068152472511,0.5020780383364813,0.5871650760776946,0.4455699564251864,0.5382671700912985,0.42611094277768385,0.4630967203269998,0.4939256799151987,0.511102132097085,0.5095567679910626,0.444240946054289,0.5913071637235984,0.5552931866094879,0.4649259492058981,0.46851390767423173,0.5260397505222741,0.5976358431739074,0.5201866089322125,0.46450805995805083,0.5407423838137814,0.5282155307353584,0.5006110189820364,0.567980404452375,0.5557328554005108,0.5593421058644747,0.5446791957104822,0.5092003546900771,0.6037000714622962,0.6010642485175767,0.4363094348635996,0.5714531316326641,0.5190665066492974,0.5174115073014317,0.557230685534377,0.4940748911980772,0.5076478027985875,0.49688201621975375,0.6001883570681934,0.48707296185270577,0.6280660981339188,0.43973093016917963,0.5332760424967602,0.47955345946523026,0.48101668483458415,0.4487933703398772,0.53427526393854,0.5116641142573981,0.5611411245620032,0.49918619136913134,0.62673528034161,0.5112651011090817,0.5927071998478086,0.5332923400399896,0.4760255953508464,0.5447101779228022,0.5101302148580902,0.5249387905918261,0.6095978608464837,0.6065338290539799,0.4564941514453244,0.5092689198343859,0.5355188505872754,0.480121917362883,0.5149394256792083,0.5770132689731166,0.6019190939734733,0.4977070569891803,0.5889782817031027,0.4462460460427286,0.525522500264975,0.5771695146296892,0.47366090792686344,0.5404569938980837,0.5613331132596677,0.4861434497768428,0.5519222647919196,0.5257914193213252,0.45663945118165666,0.5280483347595251,0.492373072863316,0.500327508581321,0.5099829141868363,0.5105269384161933,0.5147480714017338,0.5599031493859565,0.48083713105887843,0.5446413063064125,0.440116871028569,0.5622036753111982,0.5359572458289287,0.6151761964721041,0.4272239375171298,0.5574011303018465,0.5153198703610781,0.4865352338889664,0.43627420046788723,0.6176782531402595,0.5659046757074617,0.4841842191890755,0.6434740845884979,0.4840722207958743,0.46035100850502403,0.5001244128923873,0.5715675785076461,0.4829914407260819,0.5617488082529807
0.5523325919994906,0.5010824870295474,0.49416756535087314,0.5303571231265203,0.5584674305060816,0.4656603484567517,0.0,0.46685957495711755,0.44257814346882235,0.5614404347287246,0.5082276560536951,0.5033146213001843,0.5343700804363054,0.4742234753062612,0.5614756812241403,0.50118321772694,0.5092905587008046,0.5413396182516074,0.46296588009429607,0.47573994251296875,0.5062394529824361,0.5113663637542091,0.6517194672184277,0.5360804034801623,0.5678192705596221,0.5212578666205396,0.5192406378676155,0.506508579027306,0.4723838959997337,0.4404065870942196,0.5069603418070345,0.5448151259724955,0.5023726180724589,0.5823152733191451,0.5252834100384997,0.47389955049069443,0.5590665614896411,0.43265044665250096,0.4463634659607293,0.6001588515017094,0.4436016071193165,0.5098740075246802,0.5185609922944675,0.5132965880684959,0.5608296445911285,0.5301854512150402,0.51023139750799,0.49406758888009483,0.6642625443268975,0.48044804980579975,0.5642828660886935,0.49220551186951234,0.43403578386631264,0.5146006895449924,0.5197664786386863,0.4625179772522162,0.48421016525974514,0.4852257913601157,0.5322865033933841,0.49992368761709505,0.46112779429594236,0.4150925683168144,0.4504052062078372,0.4303955504653094,0.463255401010895,0.456129574226664,0.5423170448066108,0.5329586217492511,0.4812587175082199,0.4828855901186037,0.505914362421047,0.4644468751547167,0.46151264494805194,0.5728392077877585,0.43810217314639033,0.5005960404859818,0.5392935320285649,0.5843517202010288,0.4356419215386571,0.40273638420637503,0.4197619814629179,0.5169007766613021,0.46917845934771324,0.40470300108617335,0.46667520391423645,0.4501341169146788,0.46839149812646086,0.5281951552977658,0.5217897982007459,0.42476432356779126,0.5579874048911273,0.565835318022409,0.5133855742033929,0.457331641151636,0.4853023576408752,0.49723392194139293,0.3905857617843542,0.506151403073384,0.42202490103138607,0.5775758012549681,0.4456174960694021,0.4899988267461629,0.5122883914029024,0.4782730380453278,0.46305472909116324,0.5045999258715569,0.4639693428038313,0.4989780748731875,0.557655427993419,0.5218410989515685,0.5997265940344042,0.4697349718884979,0.49372946545961494,0.4333655157689942,0.46211570334784063,0.49414418623827966,0.4914704896894531,0.5470158291128421,0.4816743704779078,0.45089037101728047,0.46298798616301917,0.43769087461806544,0.4664556041699197,0.5479813520705114,0.4207943176652052,0.4989002201450558,0.44768595855171095,0.49906608513535566,0.4834825414377493,0.4809042391140539,0.41759995849748655,0.42815969011227517,0.4102122511741465,0.4243095230560699,0.45187276664050263,0.4178031952322523,0.43661896055402816,0.5530815649807,0.5338488732218748,0.46467974674110174,0.4572261557939588,0.4600721796032293,0.5721534906524097,0.4476899557468444,0.48299218413479084,0.5611840868134172,0.4513113178380736,0.4588451986733413,0.5094638881426435,0.3432950491301731,0.4965472542890077,0.4370246482251786,0.47392837725191034,0.504091895092568,0.4965709884767263,0.49454850273967327,0.464536014590748,0.519358621269804,0.5060495881791562,0.506273521182495,0.45960202271326756,0.45816365369288087,0.4178451572719493,0.4919032405363332
0.5771612582091217,0.6539019538315164,0.5943182558111939,0.5030955281303413,0.5171357906896947,0.6207743129390115,0.46685957495711755,0.0,0.6217082522382563,0.5905947581432146,0.5359114956039595,0.6107790239239759,0.5744289713196766,0.4637538057227224,0.567743669455637,0.6108009573309939,0.5591217998522667,0.552154633687771,0.5273630200527846,0.5777297980701074,0.5753915550612961,0.5948086774753928,0.5063122576218687,0.5513013193284776,0.6139763531268358,0.5020376811854037,0.5403073048566676,0.5315291697701631,0.5061590364291283,0.5337452409521536,0.6383675614889237,0.5136461989613152,0.5424726105255032,0.5168611806470154,0.519804677092098,0.4883456171195794,0.575930321237903,0.5501327085782026,0.5398192606710827,0.522053397562875,0.5290567503427127,0.5721651985639831,0.5181741297155795,0.5021553525471018,0.6178832838695206,0.5978701059995255,0.4959443412626758,0.49635211818899233,0.4973048698866899,0.48948931761464115,0.5048449185048147,0.5482140920633819,0.48524417076289306,0.5223753379943258,0.4780272464835476,0.5763715338884879,0.5440348461378794,0.6549044400885712,0.43471263917681935,0.5304678914861286,0.5743987415642966,0.4440393373492876,0.5138154435496981,0.4281279850618936,0.46668516705343394,0.4912633486398066,0.5193435464480434,0.5217245949114412,0.46238773121555293,0.6815855311774365,0.5696101225459215,0.47283353382099297,0.4374312792864632,0.535132425190714,0.6066477485814746,0.5055845128122879,0.47809920126555355,0.5642178385723976,0.5789879235420005,0.46029280869646455,0.5251938235180578,0.57938619635205,0.6351032614361004,0.5393122713897902,0.5006181279955547,0.706789014306214,0.5901319374059666,0.4442115852692667,0.6114154098235717,0.586698390588013,0.525445547779725,0.5448825397302746,0.5017621693045838,0.4897629501125443,0.49296682141044146,0.5933664298249763,0.49045848788381624,0.579325520951121,0.4282483819371318,0.5268755041102626,0.47905923976464393,0.5211146964616575,0.4393788382170366,0.5407695860365366,0.5082728364446673,0.6275706719268451,0.5117760414325387,0.6503322436895935,0.5486362478218809,0.5640400641089434,0.49378251704010007,0.48386304159089605,0.4844132373830252,0.5551423458259251,0.5240940533517022,0.6552097029354199,0.5598713525032863,0.4770129472050298,0.4480504396392381,0.5241100950680248,0.5027121640668719,0.5527816995547989,0.5089666355371736,0.6174098305041801,0.47013828747953823,0.5933045802392408,0.43785462346809295,0.6095989491176107,0.5332832010695625,0.5117068088843085,0.5928511489239768,0.5706056705185006,0.49969491982062436,0.5352910543810729,0.5325693512483635,0.4536736677556734,0.5709417806871672,0.5156835384210264,0.5663337637535841,0.5884242559474133,0.4872443884076848,0.49607865398925366,0.5724360882540985,0.4836089113137762,0.5473774045192003,0.4361023930832836,0.6384319931933948,0.5973339962562911,0.6404800075565689,0.42131074822033143,0.5568041698116506,0.5028529418229326,0.5213955694886178,0.4826081621216889,0.6395547227067613,0.6346989983285084,0.4963509674851186,0.6687668865902393,0.4596827249021276,0.4420085791935079,0.5015063499075432,0.5275917462703236,0.5190426674135453,0.5649006343251277
0.5744716084554345,0.5964346581748252,0.5202063271511793,0.4329629414272618,0.5194308648175857,0.5433400158946088,0.44257814346882235,0.6217082522382563,0.0,0.524754904347967,0.484031488781767,0.556738624717782,0.5095167113241565,0.4367150634873277,0.5296741970116333,0.5320230616629533,0.494653610676475,0.5239326370069914,0.47976947941857,0.5666642493349137,0.5102293532142956,0.5674029034999982,0.47752305939445244,0.516064284440014,0.5666178873152674,0.44616191216167433,0.4991169597317469,0.4726156453852751,0.45299284594594647,0.5808428254015386,0.6161405641641635,0.4680667558646741,0.46481164585103685,0.4637229409252772,0.5089871548874865,0.4414673842388944,0.5341884578536388,0.5091642074305075,0.4881254228513936,0.46581327097339675,0.4673763383372851,0.6054211167615786,0.474612239367859,0.46413427941427576,0.5319990233893774,0.5179356796350248,0.49591478776019315,0.4565116006125085,0.4683722453431062,0.45746975905959053,0.4516200187001249,0.48717327656588594,0.44871643194190425,0.4503147927478529,0.4219292338006844,0.6158538086243195,0.4978492797779874,0.5661928508565273,0.4081912646990099,0.47483425990417616,0.4735344642806233,0.4118997824634558,0.4543021429182151,0.4134862112367199,0.44801059472654325,0.4425018327261151,0.46859607912815116,0.5063715460315382,0.43649830484153446,0.5857614486458318,0.5351278693803874,0.4493787599906939,0.41366241722925795,0.4681073742420298,0.5255725065870842,0.4761468435487353,0.4232994606616354,0.5119811678098252,0.4981532649975126,0.431855594917486,0.4758284633616521,0.5508302617535422,0.6584636699145769,0.4726052014226504,0.45800922338895855,0.6472926782686494,0.5273870782837516,0.41923290419949677,0.5300331621555764,0.6206000305112169,0.4918112915352434,0.521994715617485,0.45723403451677636,0.45077279233725,0.4584347609410059,0.5613871509773283,0.442260297536722,0.53682446863109,0.42150164897972686,0.46338666733799233,0.4469813632554753,0.4485090285800913,0.4052804498020719,0.4969001028325609,0.46544824175255517,0.5462506305165284,0.44030858259896877,0.6025987472173111,0.4844613742836309,0.5375451412198293,0.4466952122944086,0.45603192025418965,0.4434154823167028,0.5085986184982308,0.461410812565715,0.5923592633721156,0.5099112318554295,0.45793115837309306,0.40206992032553224,0.4942411066505743,0.48989660204107727,0.4742800944648391,0.48890084618652846,0.5453972171534827,0.4769418586268509,0.4983632350427688,0.4071950954082979,0.5406683127869709,0.4589038858141428,0.47260850116999087,0.6741948454410788,0.5117441854204096,0.4578906893977272,0.5179470550567824,0.49433390222276197,0.44536603564437455,0.5991384887701994,0.48021579998929453,0.5040381639159672,0.5412018408227134,0.43371945797340095,0.4690342706341254,0.5277068354548504,0.4500681697824627,0.5026160287743134,0.42934223126216525,0.6923895692657883,0.5082568120000287,0.5952367053798927,0.4026616686203671,0.5124804874545767,0.4636969324917681,0.489454684343388,0.46831111521693985,0.5503562282089639,0.5857726931621509,0.46771120862979065,0.5740144602162794,0.42384533655829365,0.40462451864190313,0.4474606670414428,0.5149651207643141,0.4894178196052343,0.5573254419910318
0.5948138226077981,0.6167422751325068,0.6300961603742877,0.5071768584279709,0.5444818988173289,0.5703650439158562,0.5614404347287246,0.5905947581432146,0.524754904347967,0.0,0.5427800659108751,0.5597276367915295,0.6261054515851326,0.49290902944866594,0.5619573551353196,0.6073377975081692,0.5727149044528579,0.5920289701500608,0.4894224548861652,0.5426098037831165,0.5573243655785961,0.5918717550148808,0.5859221874105766,0.5528523206981065,0.7060304093353524,0.5224230279564176,0.5650211631454999,0.5420386955901694,0.5462894565841083,0.5038322323650997,0.5656631481430937,0.5722241726909085,0.516774608387942,0.5453473390316588,0.5308340059853485,0.4834694032381814,0.6244357545403226,0.49868582479715357,0.47352704287845093,0.5805807298670371,0.4817489422021293,0.6046554146104417,0.5357847470288734,0.5123982192756977,0.6194433758447563,0.5864315218243195,0.5524936630957819,0.5194925748124338,0.5840960111374061,0.4862782438717407,0.5277813413404157,0.5252867755703435,0.46424389298057733,0.5155989109833645,0.5021315862545458,0.5707386339324145,0.5129173240357069,0.5666942114937039,0.4988531613279064,0.5146794076307398,0.5249785466766151,0.4365298471818133,0.48689824008066823,0.44470402985379204,0.4669148969871099,0.4852648956979776,0.554342451468533,0.5909678819231629,0.515062378722463,0.5967122864992812,0.552201848041921,0.4824841397016414,0.4611768096606005,0.5765927721572328,0.5285776101114033,0.5356312373619715,0.5109526732991567,0.6307469007714018,0.49711913281622083,0.44920391056505343,0.5032166622094727,0.5366218477768195,0.584599255416167,0.48387367119143526,0.4913427776287411,0.5561446212666863,0.5422549119899326,0.4889474615673748,0.613083309325079,0.5021532153861981,0.548705734361533,0.5614443986049794,0.5158521064538574,0.47282826837594133,0.5018774045145259,0.6001303442061491,0.43028057552300375,0.5872058284024874,0.42945524622239967,0.5708467328598986,0.4704897006642789,0.5158134060489269,0.47199960864358237,0.5566552430809026,0.4881738761863594,0.6004423652134451,0.5011274500675704,0.6676136953677287,0.5902029230695192,0.6054393011830325,0.5310302134179553,0.4777038806479915,0.5158874953134198,0.5100482666933702,0.4953255948320288,0.5844695478264358,0.5639019843781858,0.5434102082644424,0.49108989317128915,0.5076710582232284,0.4827019923545649,0.4895895526575075,0.5108642086936805,0.6064597620961077,0.45521523146537474,0.582649489908399,0.4490218802610867,0.5525918964230607,0.5443060747796375,0.5235947158326595,0.5353955925945928,0.5096890476748844,0.45848510137513626,0.46253638013976034,0.49649122979403354,0.44741698615384456,0.526846272969436,0.5361045830835758,0.6004566693070569,0.5224351575093399,0.49222082585413995,0.5085424825543987,0.5820838381936456,0.47443159763419884,0.5425946205585471,0.4986507595191729,0.5224858603127202,0.5684992707329275,0.6991873094783627,0.3898700071957723,0.5111591571768161,0.4910619447947254,0.49166247438751154,0.5474547584646744,0.5943802359126006,0.5835847421786862,0.49628544574234457,0.6492482384797412,0.4820818961175494,0.47697615205259614,0.5451092927243728,0.5117111700363649,0.4869370119451674,0.5266612461801063
0.6133623435741771,0.5556460584012485,0.5460747708349986,0.5757118228372072,0.5643385737982844,0.5486436979299376,0.5082276560536951,0.5359114956039595,0.484031488781767,0.5427800659108751,0.0,0.5328261007380599,0.5883469858034158,0.515590618394027,0.5523098059745292,0.6487308773306275,0.6423010119031564,0.5990550182386557,0.5696336184958875,0.5973846212224998,0.615643941469445,0.5970694156931979,0.5355660329019989,0.567191049845735,0.6065639291483313,0.5415395253302954,0.5257567451998196,0.6423237655498117,0.6040547118896769,0.4617331709202582,0.5469564172391649,0.5556744866644541,0.5346420666112026,0.5407008999966367,0.6020436759932388,0.5179191234739497,0.6062716048782186,0.5710754207955384,0.5739268683647725,0.5861771314438857,0.5276337886140037,0.5161755007688519,0.5628816488393436,0.6057809907866596,0.553445352725611,0.5435693487286833,0.434134443191035,0.6491013084425687,0.5990338175336872,0.5270996093173264,0.5804915311889166,0.5542999609180278,0.512112742521343,0.6112612707471239,0.6099900199994487,0.45531059648638145,0.6177833556932639,0.5957556235503122,0.499580906079838,0.5404909885773511,0.6299874009656148,0.4383518575071887,0.5588838865066988,0.4638099221102042,0.5089295502000609,0.5268145880133688,0.5593939395278722,0.4994123568627962,0.5028258173292831,0.6162305055669333,0.5581779195576201,0.5319546790462486,0.5071078050929666,0.5977182726152809,0.5963070343437176,0.5360030051241395,0.5616587133723544,0.5841211234713818,0.534721616759565,0.5152738454877274,0.525362024896967,0.5509288856615135,0.4953863252821775,0.5385897083029071,0.5567213910374054,0.533812418674287,0.6063318434918832,0.48725876490021736,0.5434527315258503,0.44374453310869744,0.5799263369691815,0.5021220720904571,0.6052643731335313,0.5660251161901699,0.5665722231517184,0.5164705757188058,0.47991595809408455,0.4994701621262727,0.4549570939617527,0.5195104586387904,0.5555059335490682,0.5490170635082439,0.47447443357065644,0.4864901219616584,0.5409511925806213,0.5261428841334905,0.528471442043339,0.5682874610817257,0.5373757246916124,0.556728995274102,0.6050153790452767,0.5380157852937711,0.5447797439923323,0.5659157913794663,0.5572917661491136,0.549585316087401,0.5744213689943873,0.5702048909117564,0.5257537334984486,0.5083986304477887,0.5689433496225027,0.5136211851892927,0.5661036852729333,0.618433351206347,0.5407303747801678,0.6023440503670192,0.44464297865252367,0.4994417909132055,0.5739354186017532,0.5299006101715066,0.4471824358332422,0.5523538537066032,0.5630811401291216,0.5579668534979405,0.6024896339222792,0.5052523986128404,0.4826192112375847,0.5646246339839692,0.6052643295455741,0.5574287406540621,0.5354186293021598,0.5411674758207596,0.5697987141271589,0.521918949691196,0.6193255278045803,0.4339650060956486,0.49202671236084683,0.5287591930874939,0.570496320878354,0.4188293743508869,0.6478322423219071,0.5472783723550714,0.6021021172047999,0.41913584776839485,0.5680151319395166,0.5849256809939418,0.5673208890104442,0.5440870532104681,0.5821442496650489,0.5423157943907305,0.5037605507020644,0.5833324954599932,0.49089626827443583,0.6872062626132397
0.540295482022675,0.6307055377625461,0.5137389763876928,0.5063518948989374,0.524633951972834,0.5844695712576807,0.5033146213001843,0.6107790239239759,0.556738624717782,0.5597276367915295,0.5328261007380599,0.0,0.5007720289857506,0.4187023707516035,0.5663466348797778,0.5422958919748876,0.5135979297020222,0.49316283259551713,0.5926845484386595,0.5211831568493468,0.5406163287293899,0.5447002961679468,0.5421421744306434,0.5780439730317056,0.6210398941285314,0.45415617233296746,0.5048493782882963,0.5269150361886645,0.5060401466040834,0.5607130392252277,0.6457098887919616,0.48947337189563406,0.5336596624232367,0.5507870153020191,0.5058443304082035,0.4587293224769773,0.5360054331106784,0.47820047647120817,0.5540591731106435,0.4927225227073071,0.5014745637809312,0.5471366064003643,0.4771056948752392,0.5091354358074244,0.5428607831491586,0.5199079643761483,0.45999249156855926,0.4823542225749659,0.5092395421613876,0.44741524490295276,0.48561363432396465,0.5086611541638761,0.4452273202346014,0.5171430665247949,0.47825040650067524,0.5271599842802592,0.5090376880489549,0.6385885494040857,0.41057455393141384,0.4884431392363913,0.5003422137698467,0.3965543091872704,0.45869555536921003,0.3953586909643627,0.4327313407658518,0.43612688794644977,0.4663815151713699,0.46341968287036,0.4099334785541631,0.5650268253455105,0.4919348933551803,0.4340429273538961,0.40495021467030673,0.4914464156425147,0.5146650969452587,0.48314644793709444,0.45494817687618944,0.5553371564938925,0.49598697523427393,0.44231972060484126,0.4641206805018809,0.5321189648436835,0.6008908542722172,0.45522842524688834,0.46144422637861326,0.5677276883120354,0.5154584789622659,0.4167244225098942,0.5438051935551523,0.5346442723500004,0.4976794635400201,0.5476617765572415,0.49412652179410377,0.47054316308957644,0.44918144316003833,0.5937809577934956,0.4313443615719667,0.5541046063982231,0.402471141676,0.4847632012057403,0.45397009053040266,0.47030046496965117,0.42667267284261196,0.5554566559801096,0.4556080815834002,0.516427733188232,0.4574221637486064,0.5978356779288386,0.4954750430768814,0.5657345656808018,0.5334715645304919,0.44879197550245714,0.44292043108417994,0.4890282326299621,0.46810261664617986,0.5851311890113433,0.5367056325999896,0.48602100593962877,0.4344074560172292,0.4677107199029179,0.466141307685735,0.47830771808791783,0.47543821203273817,0.6081654892039892,0.4417122069464349,0.5959062360550117,0.399920169860532,0.554742234532911,0.5025446497215407,0.4444814998992262,0.525340099450459,0.4819755481440283,0.4488898797466025,0.5067430811169771,0.4983020550272353,0.41702167959641606,0.5542476807652572,0.4896774284296375,0.5079089012817346,0.5577618588778769,0.46304379284848074,0.45520090523412715,0.5420665311472193,0.44257586971251894,0.5058795352072601,0.42530002447716353,0.588890606644543,0.5206592615827859,0.5804200062745938,0.39055207489368005,0.5478784227594261,0.4881725511391629,0.5083348603452064,0.44703014372274186,0.6337420642840037,0.5457203776129403,0.4958170638241214,0.6360443115221175,0.46152552590708207,0.4322335425387386,0.4377230220216193,0.5072865323313573,0.46176515069911495,0.5554420237235491
