0,1,2,3,4,5,6,7,8,9,10,11,12,13,14,15,16,17,18,19,20,21,22,23,24,25,26,27,28,29,30,31,32,33,34,35,36,37,38,39,40,41,42,43,44,45,46,47,48,49,50,51,52,53,54,55,56,57,58,59,60,61,62,63,64,65,66,67,68,69,70,71,72,73,74,75,76,77,78,79,80,81,82,83,84,85,86,87,88,89,90,91,92,93,94,95,96,97,98,99,100,101,102,103,104,105,106,107,108,109,110,111,112,113,114,115,116,117,118,119,120,121,122,123,124,125,126,127,128,129,130,131,132,133,134,135,136,137,138,139,140,141,142,143,144,145,146,147,148,149,150,151,152,153,154,155,156,157,158,159,160,161,162,163
0.0,0.9351639813282492,0.8758263440290943,0.7749539277867612,0.7654165727171656,0.9118110116091211,0.8642520878213419,0.9211455837798491,0.8309301223867682,0.9259839762165715,0.8351740920858345,0.8464662005287512,0.9503542720656764,0.821511626324581,0.9408589653720728,0.8278024893032393,0.8986959911105584,0.9601958276743031,0.8863404339610876,0.846052719607631,0.8774578683173675,0.8884263207399634,0.8739671104623639,0.8837172001108894,0.9245928846018187,0.8120894447708742,0.8028716346579642,0.9055390488601676,0.8517060020952847,0.8323820165365984,0.9115231636587612,0.9350152546518461,0.83994654103309,0.851285182524387,0.8909419915656995,0.8490254052046243,0.9218970306986202,0.921693191434882,0.7805679825986641,0.942425181709433,0.869793147356476,0.8750568196667008,0.9012627180822029,0.8399568326773106,0.9325573867476243,0.9176672836246407,0.9074048540922829,0.8253827810802586,0.9375783958104861,0.8644144072976703,0.9013729126268495,0.9087977612410585,0.7885048107969912,0.8548131309175341,0.8359680623496604,0.8944646672160921,0.9020124339337645,0.8490383344342284,0.8142822436598081,0.8927180001835242,0.9031146878760266,0.7869673698049416,0.8902149218266256,0.6762361867799992,0.8298203845796537,0.8167444264733668,0.8323487615703095,0.8826013209069555,0.8633636612409767,0.9383675155016005,0.9235682981525312,0.8156638387078109,0.781899310387069,0.9209069418884198,0.925744218698678,0.8899514431030918,0.75727260829515,0.7842700202737218,0.8871084168474804,0.7528236373360356,0.879106735967241,0.9143214401498073,0.857213821700018,0.8880383379146594,0.8742435503154791,0.9441847683378716,0.9065403330375048,0.8305983409658,0.9229691594320578,0.7705164563865996,0.8686545141582087,0.8386988799728142,0.8808366217894762,0.8621350755578103,0.8632256208840852,0.8530383335615846,0.7267135791949685,0.8627266394282852,0.7491212927736346,0.9346178741914903,0.8277139548245951,0.8459892843599052,0.7633073614527635,0.8153341175311528,0.8851983701793082,0.8762319956677916,0.8329098541224397,0.894920061239292,0.9406609246037766,0.8904753892646621,0.8393867967975803,0.8138049394900787,0.8985713313692768,0.7945323694357151,0.9048318972647366,0.9353645636904059,0.922485151831288,0.8568881374109142,0.8352667240048238,0.7915222538821488,0.7419358307343435,0.8092954872840508,0.8965225970784767,0.9083312977439539,0.839100023079305,0.8926699276089721,0.8019506765453009,0.8165119911228473,0.8769209733686019,0.885741343684947,0.8508389951516806,0.7922333884531517,0.7637634823355407,0.7833174208458795,0.8492490365360349,0.7805308570680215,0.8761009005775892,0.9422582590828334,0.8623816876715495,0.9294724696922221,0.7848782090371584,0.8180391595972908,0.9172296876404699,0.7661487844636297,0.84405728474672,0.861604136362376,0.8605815120008626,0.8465137475780926,0.9438862795269752,0.6382624587034371,0.8843170762556405,0.8227861919664787,0.8128559375455475,0.8217442195681585,0.870175330404076,0.9356923512204024,0.8817414413319943,0.8813716236289234,0.7701458037388818,0.8513279946425024,0.8828936330820403,0.8910668442981614,0.9527810453221071,0.8593723937610174
0.9351639813282492,0.0,0.8584111110993753,0.8125009352457924,0.7494796054433652,0.9476349504507338,0.8763958462226529,0.9665396982666522,0.8960179118286937,0.9480805432730222,0.8276908815734931,0.904113448553815,0.8778159182405397,0.7592060792062774,0.9559725766010833,0.7743514491821806,0.8269601616224429,0.8585286938296381,0.9090692168497598,0.767301150082285,0.8458963336182441,0.905361865259045,0.8445509230015225,0.8705546862743709,0.928403449829033,0.753864208393923,0.8139774985171839,0.8618005575720118,0.8722942016013043,0.8398938121841876,0.9621443644721609,0.8583878021984623,0.8841238729919767,0.8194045508158523,0.8677012054391874,0.8310937899914621,0.8857925080690988,0.848700431103466,0.822682490860462,0.8801311610651272,0.8775382092155025,0.9020640590564708,0.7945031796434946,0.8330894955550493,0.8880436044255169,0.8280444173389235,0.8424474545487479,0.7870743251618216,0.8677097704868169,0.7685638345195385,0.8504162076700544,0.8745857846806138,0.7503722935697068,0.8770163916131738,0.8202617040104662,0.939126516438667,0.8186676561623363,0.8720051727215886,0.7271211244759259,0.8215545743552537,0.9085382273361453,0.7139227640717961,0.8272440439182188,0.6041375934870963,0.747450874804581,0.7175120907239064,0.8046623891161055,0.831818240875426,0.7414854246136687,0.9532295844247145,0.8645393539309583,0.7093493367714518,0.7243478392645434,0.8604619963815141,0.9011016593743444,0.8130448896401912,0.7111214042151282,0.7762095109590996,0.8075423047356481,0.7184469679782634,0.8412605656824812,0.9396006645760769,0.8826923992715148,0.8306534654767916,0.7922734015152374,0.9459924515824715,0.9079970667530257,0.7383152129784338,0.875168678953896,0.8427274976262419,0.8369961167805713,0.8847189323982043,0.832928765713146,0.7858934913003834,0.8192505794175908,0.9111767641153069,0.713340411601731,0.8790291977343455,0.70703478796507,0.8908498631449099,0.7962252745217453,0.7705899724759495,0.7440413978613334,0.8492018811071056,0.8159291280678423,0.7953471103841652,0.7490702233179116,0.8857344438860346,0.8601540208673408,0.8826813882995108,0.8421823770748802,0.7411461567970864,0.861225572288977,0.8251291762102541,0.8236471935201158,0.9264165176719883,0.8747081575159149,0.7757781542160374,0.812515014013716,0.8187418235781937,0.6859905277395493,0.8340776478939513,0.818114287834665,0.8988543756924801,0.8128326162146768,0.9125998028730381,0.7456259516110915,0.8179697613501649,0.8542784661439412,0.7780034164285812,0.8972875723264755,0.7562905729818586,0.7136894407025315,0.8527087377411279,0.8289347840180543,0.7050147627017556,0.8336797477500171,0.8850575649446487,0.7922207984846904,0.9209810482898856,0.8018093444667757,0.7627577656562989,0.9337329489600004,0.768817356970001,0.8106652346501019,0.8096578713024901,0.9057606242445072,0.827695577297742,0.9107758206290865,0.6177947501709631,0.8790104291899369,0.8270957189611435,0.7879652705457356,0.7965179233259567,0.8988822849666298,0.9279009463047351,0.8601241817755846,0.8989936181882641,0.7909134993887221,0.7759167818624784,0.8149456418036448,0.8806644422215403,0.9803449778453139,0.8565826101898899
0.8758263440290943,0.8584111110993753,0.0,0.7091673713242843,0.9249538812999804,0.9029899175393539,0.8580981740174874,0.7988944808649137,0.7246189756511519,0.8368202565545914,0.9188874422186131,0.866138020896766,0.9294706797378955,0.6958225813702678,0.887009471993509,0.9585480563580275,0.9479470206648367,0.8202461286188265,0.8023416171953087,0.7435868274948902,0.9638965477546211,0.9697479151145371,0.8008820761748686,0.9623446737815505,0.8208286339144546,0.8952168212076057,0.7072912323068495,0.7598431390182774,0.863212423308172,0.9127695993426214,0.7800137629395053,0.9203957505285228,0.7644040571502523,0.7661220319707044,0.7294500453258934,0.7915855521172668,0.935525873986771,0.8573435632631144,0.9023077038941393,0.9501256384888236,0.8311833099505025,0.9068813054493314,0.9101660676214292,0.8535558545341718,0.8168011521605953,0.8559354298254083,0.9486135392272826,0.9232930497086257,0.8878423878893282,0.8541704226044159,0.9170017670725562,0.8962619587713694,0.7016281987818813,0.8475646607700922,0.8377665348304534,0.8434851121732783,0.8823323887509275,0.9066245347634724,0.7003145051156663,0.8292490644410324,0.8091193081383108,0.7818814700163362,0.8724742264855309,0.6233517836484886,0.7505583064721668,0.7420854893623332,0.7708140499377217,0.9415442126936927,0.7681905124110191,0.8166492258864828,0.951629970833227,0.6722258063221573,0.6877663986357784,0.949858388734459,0.8401008965293592,0.7241679135518564,0.9080779850683666,0.9282205185384397,0.7749925778738731,0.8657499154545222,0.8750860033416245,0.8273106855366484,0.9246159836231834,0.7648714301075403,0.8163690284379063,0.8537713947944705,0.8033442834875704,0.704499579150805,0.7463997976218002,0.7602700592704238,0.9038633726702673,0.7230140881307037,0.9175146922057456,0.776140285792163,0.7964862792610796,0.811191052012616,0.6593393647531697,0.7439318644471375,0.6761202937481327,0.7809671300799997,0.7195241095223756,0.9081149958632619,0.6701841223934578,0.7081677312201403,0.7311183364852607,0.9206287144885544,0.8470630961255193,0.8106984996665376,0.91507507226449,0.9623572377208243,0.8562700963243459,0.7969780926363602,0.8026320386936054,0.714856248223322,0.7870953623086677,0.9366394683827917,0.7535267486321037,0.9088767781558507,0.8217703428857134,0.6795645006435421,0.8863075258127975,0.7197097390126164,0.8294828573199323,0.9527598233752498,0.6880909713951683,0.8773887207271928,0.7785451130713784,0.9361436046405264,0.8086134979392929,0.8241083530833045,0.7626786624428443,0.9394659375193831,0.6776771552187068,0.7311858003058399,0.845065959616768,0.7766099452695345,0.8705340964402447,0.8756503540359502,0.7618694366712319,0.9088411973736737,0.6580324062329139,0.8957289369290746,0.8174672196116441,0.7269577071157428,0.9241741809876189,0.77854294481006,0.9347853478579645,0.8796463888435705,0.8406577246766058,0.6913442595508352,0.7459463041086734,0.7036828992797572,0.8581429232335576,0.8993137460421983,0.8289325612950789,0.8692500254892679,0.9153821378190465,0.9370073761403855,0.6576999338690946,0.8696780081842894,0.7650418680485668,0.7305282024247671,0.8451626654263888,0.9188888461541354
0.7749539277867612,0.8125009352457924,0.7091673713242843,0.0,0.6997563103995244,0.8566383747579617,0.8885529011916786,0.7804037865239282,0.6811105895176536,0.8063136985459587,0.8155578880362983,0.8571233627237503,0.682392200073088,0.6910320681302433,0.8373984206697074,0.6371508151227139,0.7123357913520505,0.6991947625712199,0.8919503792408883,0.5855049539955499,0.7647666528560844,0.7326154615768224,0.8081503303781656,0.730288668039926,0.865847537744758,0.753810989556987,0.7047308676332219,0.8044198936167414,0.8575714965254639,0.6530341700360086,0.8448567103024665,0.7046381081483573,0.9631500980820068,0.8152683728508743,0.8914353027683339,0.8898665026955981,0.7600274391444507,0.7339084044188817,0.7300543099836498,0.7731539061679586,0.8917976366833675,0.7702728695848822,0.6948387626160691,0.898105990810674,0.7350876671270903,0.6365429078405639,0.6769008900655058,0.7625533691671696,0.7971250986333497,0.6477684495409444,0.8114689089625231,0.8549522617982807,0.6345199817402393,0.9219123054794843,0.8892265681828058,0.745020914095832,0.672341833702105,0.8481608870069104,0.6671607864932269,0.6479291755692311,0.7827985311975902,0.6057204711170916,0.7866198736249289,0.5755749602872744,0.6280057460031362,0.5922712991497356,0.712816564919979,0.6749581635109989,0.6573995226367452,0.8587042414987119,0.7025216194873064,0.6304869528119611,0.7917043090525432,0.7538744669943924,0.7347862415520803,0.668982374027557,0.6288808778763567,0.7187896075625074,0.7141311722595167,0.6448575753772818,0.7408191846302009,0.870836297969512,0.6842043587632783,0.7417482754389055,0.8081114469258404,0.7459808344953196,0.8769116023152687,0.6902753078738468,0.7087862896477951,0.6371627501293741,0.851154216358484,0.9259733199388985,0.7639361741003808,0.6449860572732016,0.8337643431887853,0.8937741040806152,0.5939711090258156,0.9101453163704875,0.7611689311672278,0.8070633138611029,0.7379762150114719,0.6427360041564776,0.9388367379339357,0.9351609469792717,0.7905474244704747,0.621410750538387,0.6263089368156084,0.7965704649044412,0.6994949010670465,0.7178497935960385,0.9116398579511132,0.789120885279099,0.8728774123928091,0.7301544936197817,0.7650850714274292,0.7597469222827972,0.7979800885345405,0.6327427044987726,0.9229467695505312,0.9125369356037764,0.5862146944389907,0.9607265117122759,0.7635413465232868,0.7729033913017053,0.7969106358706435,0.8596652839715205,0.6880080515375183,0.6401111308665207,0.8919794627298072,0.622640097139024,0.6645999711396777,0.6132354738752087,0.566976412044764,0.9254280471734635,0.6937750963541026,0.5763053815958232,0.6225153215040051,0.8415176496624397,0.6936018605666241,0.7292197398663727,0.9063833346006963,0.6461482673242653,0.8249746613545896,0.8375883751025899,0.7580399630177185,0.8138590935828192,0.7340750018290557,0.6436231196134248,0.7591331902208087,0.5563159083556839,0.9172429642883032,0.8222433842926964,0.6532614680612838,0.6032998333153532,0.9132235043221972,0.692355475495325,0.6411705380032301,0.7956331536329523,0.962599104907643,0.773490769801289,0.7221115956405141,0.8873537970616646,0.8131673273293579,0.8027090473351475
0.7654165727171656,0.7494796054433652,0.9249538812999804,0.6997563103995244,0.0,0.837156451369615,0.847936766428067,0.6839740583051914,0.6385590805628465,0.7289188398284815,0.9282936104410388,0.8431219823239022,0.8010277001659658,0.6131031936457096,0.8184060924221888,0.9131523016623229,0.8624286512094503,0.6990382979673094,0.7303078407101985,0.6205574459584381,0.9153467398835022,0.8907042762960671,0.7507130908777585,0.9092951548652118,0.745188152661451,0.9290398862156095,0.6401228802202618,0.6592229104517966,0.8383229454582344,0.8770807058499015,0.7055677495579541,0.8028969957006524,0.7368377169697309,0.707979017313723,0.6696514505127179,0.7505597762358385,0.8847676079178342,0.7782938857051471,0.9067748335088213,0.8700051336270499,0.7967746486640787,0.8478525092197156,0.8431306197844057,0.8717967495343986,0.7009891903500904,0.726785443910998,0.8738973949916978,0.944580733306457,0.8210876430366553,0.7564515532256851,0.8678317594451633,0.8521584978221979,0.6059788386133458,0.8099686169933785,0.8252683041984543,0.7589665036777234,0.7741350110607768,0.9089558884029649,0.6033033861874305,0.7042374451249261,0.6823128381075008,0.7097894572760005,0.8123531014910813,0.571978221906813,0.6475783242818186,0.6293230294941857,0.6848838415883379,0.8822014753175904,0.6715554138257774,0.7333670995582182,0.8679073851563882,0.5933343692699276,0.6332527714678688,0.8559742976862397,0.7089285831190949,0.6200730911030418,0.8920309275215018,0.9855361720821124,0.689900184382541,0.890704432629007,0.8024845621645001,0.7495400659272932,0.8730548528540609,0.6735282897348533,0.7574010345551172,0.7444700601031935,0.737979531701893,0.6265824658914124,0.6290697315573174,0.6953368234262596,0.915323389659295,0.6782460649800639,0.8766962015417411,0.6637461759622976,0.7349761972717176,0.7888228191373393,0.5598089240096714,0.6882210308784715,0.662339119036622,0.6735361120087181,0.6681427157338837,0.8043316620109817,0.6610863305298147,0.6741840949023408,0.6454629169908517,0.8240943854777203,0.732201112146703,0.7319192786711775,0.8064756238130696,0.8847024044415909,0.8521394723461115,0.7882925044337653,0.7301827916329614,0.6441823157993848,0.7071780697334986,0.8533939405944713,0.6547107000351017,0.8276990808696476,0.804053069627918,0.6553399014300348,0.9067438117854119,0.7059297650495673,0.7548379062677553,0.907381237505492,0.6353967233221408,0.8359802852343642,0.6998075630234255,0.8953358557065,0.749974607671882,0.7222042717663717,0.6607680085276856,0.8784823162988733,0.6003025091754841,0.7210026097067725,0.7422631329544853,0.7051187115556203,0.7803274863973556,0.8316494063185862,0.6678905193542966,0.8239516665072179,0.6213697379168925,0.841670054880152,0.7173341944347703,0.6846388796267242,0.9309640020925836,0.7358849381717155,0.8970176273828812,0.7900370668968303,0.7284851639952282,0.6674375763942669,0.6921442521057131,0.6458991962045469,0.7643289850066031,0.8108503227942517,0.7970669063903206,0.7491813434784536,0.803371005612602,0.9093834550858312,0.6421863672000981,0.8498048755210038,0.6675234714615716,0.6739048664112678,0.7478031374105752,0.9257583686703426
0.9118110116091211,0.9476349504507338,0.9029899175393539,0.8566383747579617,0.837156451369615,0.0,0.91706954907936,0.8800900152444859,0.7807396327086733,0.9037143529342352,0.9119120705376556,0.92805637614496,0.8706305189025136,0.7227801625174883,0.9619983774009552,0.8246942248196948,0.8724163835124661,0.8241458787907333,0.9183258627286811,0.6979158447935793,0.9100581393255103,0.9155716213883994,0.8239201409133857,0.9001532200647017,0.9083595972216054,0.8384074106118488,0.7298618379454085,0.8273270417776161,0.9492914828325028,0.8509568484319276,0.9010868106864539,0.865083875210306,0.9282963618615208,0.8026733595641311,0.8423400510091577,0.855699525389065,0.9155465191482788,0.8652200039977356,0.86980416735329,0.9084290281452191,0.9423476303468192,0.8929385346708109,0.8397858868446375,0.9314025567119156,0.8186521339504278,0.8037411463545319,0.8688657193303035,0.8844592651204671,0.8743323010262049,0.7734557507995046,0.9185346037043092,0.95215028895171,0.7362358742448539,0.9388728064317381,0.8945742626527194,0.8868918262481688,0.8296755047478072,0.947648070845606,0.6899538258722632,0.7850904252743941,0.8829496195708985,0.7346845029975743,0.9049131415566207,0.5761476109436775,0.731005249437572,0.7054659608586623,0.7571793921766656,0.8663948280171707,0.7241829827748918,0.930073413558224,0.8944497209735991,0.6800904259138874,0.7217260391834223,0.891511921400967,0.8834748958112957,0.7793631406615656,0.7591146626817196,0.8630398035123941,0.8130153665146472,0.8236271302024166,0.9165939285556808,0.9122089325350142,0.9002036224146265,0.8450926556703582,0.8294714003394759,0.8940086084830757,0.8999437357713871,0.7127012582161832,0.8090012628000716,0.7630652721958036,0.9190228934459754,0.8566863552901246,0.9040075516873117,0.777997136308206,0.841790598861833,0.9374649713100923,0.6741714475174547,0.8596278230039448,0.7123522530290862,0.8467295994064217,0.7890593554753347,0.7761692754896513,0.7729424850868392,0.8554422249274046,0.8039061186726973,0.8058813550891224,0.7616344774559637,0.8582673511076063,0.8730872008975986,0.8951758372145637,0.9096951453051851,0.7788929740616718,0.8851418250462442,0.7575770210723493,0.8524044956469865,0.9398759857204538,0.8579972046673703,0.7753274190227957,0.8948212323605655,0.8164510797891353,0.7401012629447183,0.8814185848549699,0.8293691953561687,0.9641629827901868,0.7979183814345828,0.9759145569943275,0.742575143513164,0.8243311327500347,0.890270007924163,0.7692337390916587,0.7991265367735537,0.8080459553047079,0.6839541046422518,0.8718107141499949,0.798415064124512,0.7275089332165278,0.8196231361183612,0.9161117721674041,0.7390691927460231,0.9114273221685368,0.8238209533198468,0.7934040682270723,0.8815603828045768,0.7715828392549515,0.8799916983793565,0.7996458172451548,0.917854752838231,0.8588023583351072,0.8644775661242936,0.6319097996870368,0.8696273169427076,0.8506323992636743,0.7640565579132835,0.7675235803527378,0.9377449423255928,0.8590635769139184,0.842262557697681,0.9586615056270703,0.8181342135290638,0.8605191188668396,0.8281959316404718,0.8861767787079514,0.9312479266068191,0.9234276613765602
0.8642520878213419,0.8763958462226529,0.8580981740174874,0.8885529011916786,0.847936766428067,0.91706954907936,0.0,0.8222785922401445,0.7571361564031531,0.8943368633287689,0.90333405987772,0.9222670922000846,0.8172476324671868,0.737549624413958,0.9248342705414367,0.7741873214269173,0.8104052218722013,0.7728896890408882,0.8437345041012783,0.6407178991961793,0.8652694008869513,0.8799031840075152,0.8847752861475994,0.8596448518362986,0.9135837484440674,0.8738440119635206,0.7845769261357727,0.7823792084347435,0.8981809431263488,0.8027525256205525,0.8796595231551061,0.8345519662152853,0.9046741818183152,0.8373077989814873,0.8580100195297298,0.8866047739079195,0.921344474475658,0.7857387332155416,0.8196829386929142,0.9020976054562532,0.8677345075907845,0.9207051457725702,0.803574787526566,0.929990038688718,0.8198232052191486,0.7292728920088385,0.8362860998065437,0.8713466818475714,0.9219101525481613,0.7350744781160361,0.9018021923744942,0.8933735539834722,0.6394984870875746,0.9167683875084827,0.914499098591874,0.8750549305536426,0.7421520688630655,0.9246495530294171,0.7129473025547889,0.7262701327326875,0.7885921857039327,0.6911827344121798,0.8185050763435008,0.6147010740021525,0.6733665347739132,0.634148787896719,0.8219438136415511,0.853024240932679,0.7391583771291204,0.8913141767325589,0.8456297607639611,0.6597528698465301,0.7807061230117609,0.8786010404572853,0.7568120914414145,0.7042804472870924,0.7820512346903682,0.8772031565244701,0.7199591659413977,0.7346900495179974,0.7898946359710758,0.9166085737126318,0.8326728485048678,0.7282488362621842,0.8233041993090414,0.8120859556722257,0.9145991932486928,0.7516691741054167,0.7473017961427841,0.7505333091405345,0.9545336917698539,0.9114708740996891,0.8531500383959422,0.674491481082644,0.8629066924111501,0.9436213663245774,0.5896471136117563,0.8833631934676582,0.7837794358365185,0.844761820579756,0.7645701052774467,0.7789965073053778,0.8590070919619188,0.861239205170472,0.7687345409989051,0.7493825821016747,0.6959631890984743,0.8425099614664048,0.8134682644618599,0.8647498594485372,0.9514842214568183,0.8369417538399772,0.9000939732531329,0.7633916433809589,0.7644626325261091,0.8673483843905372,0.7744878589116513,0.7840517554071097,0.9098944522794439,0.8640234206220804,0.7113098891041492,0.8833344994383092,0.8085781001225029,0.8933348699737843,0.766199568368535,0.9070326432305855,0.7689714724607924,0.8115916368662656,0.8677631531216679,0.7248426843593628,0.7518363463746989,0.7268488970238552,0.6066846431984759,0.8551219363838961,0.7559135817319917,0.643093549589319,0.7312121926499244,0.9250938800024064,0.7476192611166128,0.8284333722814787,0.7924052305275876,0.785485773873319,0.8867304342443826,0.8267937428563085,0.8841520742392298,0.9038265688883775,0.8742928704254386,0.741208169676677,0.8317945264367768,0.5845550256199704,0.8607141019798684,0.757720110033753,0.7292927139166482,0.7800994633715397,0.9204971808846842,0.8207143867245398,0.762842109620584,0.920247109440062,0.8383270512520177,0.8683303961276683,0.7466180450576599,0.8327519117701785,0.8935758922019535,0.9000808633036786
0.9211455837798491,0.9665396982666522,0.7988944808649137,0.7804037865239282,0.6839740583051914,0.8800900152444859,0.8222785922401445,0.0,0.917353483986085,0.9432895626571725,0.764773262292386,0.872511972837018,0.8516387206242934,0.7438066840014218,0.8970970810795397,0.7349170000398364,0.7941612883711946,0.8635732085443717,0.8923322112261695,0.8063571681261941,0.7908330184732422,0.832633394425231,0.8789833027838536,0.8269949497821315,0.9385402993031866,0.7145085544028382,0.8729626276821674,0.9050959701016225,0.8023858286592646,0.8101654563157591,0.9579562451317342,0.8210885779735039,0.8358814346773403,0.8555379168693938,0.8706272805503233,0.796946578326879,0.8438877257504351,0.8322481224803324,0.7449098846584069,0.8419031194342651,0.8279498684499373,0.8705623012958162,0.7638468253882327,0.7676156134231561,0.9249960692989956,0.82813575841778,0.805429137229264,0.7215821218322913,0.8530071771288997,0.7366193275995694,0.7834694899815072,0.8259089629585143,0.7181292106541431,0.8064326507786899,0.7571581732919147,0.9283942290946264,0.7904468289183183,0.8202247992153623,0.7263731653254454,0.8088401389897628,0.8662879804990298,0.6691070491604749,0.7744311817284009,0.6202781899966815,0.7170787013059337,0.7084950754908933,0.7894808034125058,0.7722718266999808,0.7525897736358176,0.9533836722832595,0.7991517346111002,0.7153554018282046,0.7177797374159894,0.8110636534152278,0.8822337929384156,0.8159237407413468,0.6560737820600118,0.7124898113102174,0.8283479998248882,0.653077484731659,0.7789411915949233,0.8941374108149155,0.8271810966973216,0.8294853043653463,0.7760738176844494,0.9647443790598347,0.8963470792505711,0.732014907883672,0.9131650459991871,0.8475128688802557,0.7807962971471063,0.8697215656204669,0.7627160263247026,0.7617137867865955,0.7633977926673208,0.8677823616696632,0.687157553862736,0.904120540451813,0.68195118849093,0.9001775226092293,0.7516898190688922,0.7389454758125027,0.7399313657773523,0.8559583203515395,0.8079139236447598,0.7837866912723529,0.7260313263566334,0.9301473919215509,0.827226576524003,0.8424118356021223,0.7903914606868429,0.7214764867994579,0.8190549823984795,0.8602083924351744,0.8087876591820702,0.9013747285303617,0.8903170821314254,0.751803591929531,0.7697771851989312,0.815034793677709,0.6347560106953963,0.8057183465205822,0.8226771934073902,0.8282787759105393,0.7733043374091553,0.854462684393455,0.71339347490312,0.7747272842302286,0.8413388131894041,0.753431149526701,0.9381156126365982,0.6983186425452897,0.7100930181664558,0.8023399922489193,0.8021026344365745,0.655212352963533,0.8347539443042117,0.8506299554442743,0.8490122616445249,0.891494600355543,0.7793965771485566,0.7080163990463999,0.9013449200511697,0.722110710391196,0.7559392909391915,0.8237052162379419,0.843842622612195,0.7730420876762741,0.9436150538958619,0.6166794419211439,0.8769988963456893,0.7927911782550278,0.7658514707122801,0.7779509038377983,0.8801268749122073,0.9149428947732063,0.8259702313638724,0.8468906573510699,0.7636826576777769,0.7160427856849396,0.7946909658956911,0.8683853616631648,0.9698443199452672,0.7966239138600727
0.8309301223867682,0.8960179118286937,0.7246189756511519,0.6811105895176536,0.6385590805628465,0.7807396327086733,0.7571361564031531,0.917353483986085,0.0,0.8622037347261722,0.6754360461302861,0.7828822997495252,0.779106144823377,0.7031705263692414,0.8225282103656734,0.6645598889293088,0.6820279585942801,0.7770676121380563,0.7499137302049035,0.7444524295750665,0.6872777262801721,0.7928854014930494,0.7801733084514644,0.7505276768347312,0.8288663570320693,0.6276299363856984,0.8669151984081538,0.7570979423374903,0.6980903561669641,0.7917650042986438,0.8969344640468615,0.7358490464872911,0.7328550796592274,0.7310604921664794,0.7673001989975642,0.6803104194103725,0.7808700402229825,0.7140760298451073,0.6885369641640913,0.7411023928767051,0.6978882091159516,0.8407461146159919,0.6630736341131374,0.6667535364823328,0.831480187339741,0.7428002655711473,0.7421792690567874,0.6373574250890515,0.7562848285424404,0.6570713850447538,0.6834525863585907,0.6977228154641323,0.6571936507924531,0.6954883105338706,0.6488267426426263,0.9272792119055063,0.690833824010739,0.7223039989456982,0.6659206597371061,0.729448597463911,0.763331126175589,0.6203411237340458,0.6544236822187915,0.5735627163702965,0.6600435520384365,0.6330220997802373,0.771542333655801,0.7434268474470145,0.6736691626257593,0.8552779380737946,0.7431121306810043,0.6488794543825006,0.6399713435648847,0.7172156160356928,0.7620943849582161,0.7438611247786447,0.6154960967446402,0.6621333618653809,0.6888021918978733,0.5947585378735101,0.677499478325859,0.8305185045003455,0.8105894323314349,0.6951831229068915,0.6473109011564618,0.8698273922873876,0.8074830647129443,0.6790418492890814,0.822716756289183,0.9235348743920416,0.6903687741816291,0.8070765571657139,0.666314345419498,0.6747972849232331,0.6848506331650787,0.8010620763328663,0.6406972735347881,0.7853944599691367,0.6326698613034336,0.795091756048794,0.6960193764881669,0.6685595902056979,0.6416493489662424,0.7439622186984542,0.6939484211589072,0.7079878831453881,0.6291457924893116,0.8116140111926273,0.7327087118656899,0.7790586873668006,0.6869301083785831,0.6242666653857715,0.724184079380341,0.8208226290565286,0.6774831775294778,0.8096642113483646,0.7516032942561073,0.6942149853646076,0.644809816898174,0.7476064554410725,0.5970810314354277,0.7030522227842331,0.7006885474919841,0.748483987706232,0.7253918761765585,0.7417226171766126,0.6567797991804536,0.7548384883494554,0.6887321456812214,0.6943261314784678,0.9617966466893954,0.6420881602861789,0.6890771655025996,0.737696533064502,0.7261603517168899,0.6129660371035281,0.7772572779166279,0.7424848201025797,0.7427147408242873,0.8079591848793676,0.6859593982076518,0.6591187124602316,0.8422179527941159,0.6548688366416551,0.675089909125672,0.7451755216390497,0.8176294544362132,0.7152137229690825,0.8244600404940076,0.5502986219814449,0.7594475351964382,0.6933322780632389,0.7008419279866699,0.7764627427946779,0.7571375773031372,0.902493866014254,0.7924918314587862,0.7684360265027951,0.6807288832684879,0.6289889974794458,0.6934163589170301,0.759480554694,0.8972654061630246,0.724705150466882
0.9259839762165715,0.9480805432730222,0.8368202565545914,0.8063136985459587,0.7289188398284815,0.9037143529342352,0.8943368633287689,0.9432895626571725,0.8622037347261722,0.0,0.8015320130764632,0.8706350947319803,0.8788760470697944,0.790317424177716,0.9239399100768568,0.7574427947244324,0.8032239382589585,0.8728962721434029,0.8572515761497461,0.7459356229055804,0.8045014031854643,0.8573582762465346,0.8864746724895228,0.8224780375967026,0.9575449258536457,0.7607321590020488,0.8645989892646885,0.8587513173571131,0.8653790407599578,0.8135389464033762,0.9451151366119802,0.8721059676678814,0.8620469754044379,0.8361053130542031,0.8767628098809931,0.8301720818755961,0.8985075829402106,0.8243795798621091,0.7424438084679946,0.8727980030233419,0.8308200877453723,0.8887558641670813,0.8033830832402694,0.8164091436734939,0.9049183616298377,0.8145100693983958,0.8475961206187858,0.774706769969176,0.9043695869896715,0.748966483139535,0.8335837000393987,0.8413522138568233,0.7078379303156417,0.8352989750275248,0.8218010804360537,0.9313831962829975,0.7703717791563531,0.8426080518748835,0.7690222841142558,0.7907333140588414,0.854983926118908,0.7081432129769579,0.7992791316513663,0.6334857581117601,0.7216249753531703,0.7018890101889516,0.824018102479828,0.8418046559548849,0.8080156224423543,0.9609243984916173,0.8350847459773086,0.7312773681012784,0.7485280351488042,0.8500568909102434,0.8459943844762631,0.8263550115635435,0.7047865080952217,0.7685499477027982,0.7886074757058235,0.6841469320627573,0.8064107957506097,0.8954436125920947,0.8448559236001302,0.8135677881650023,0.7842544746443212,0.8992793241968138,0.921638547032887,0.7956343615842548,0.8959509333369803,0.8006490862339918,0.8370180939151912,0.8967559193889211,0.811376754434938,0.7375358175248063,0.808039810784926,0.9151595277351231,0.6530572263004568,0.8988168350297217,0.7236591705309693,0.9109421953712494,0.7875048074531381,0.7827343013289612,0.7876544688987238,0.8740173878799197,0.8142485628905715,0.7834700148260695,0.727921284479194,0.9004244540248145,0.8547546103840605,0.8512617343149442,0.8281680961202582,0.7449490301986957,0.874587067171917,0.8328246002042043,0.8074549920347445,0.8799461059941727,0.8713861858765743,0.8042943016128535,0.818230419548826,0.8433385488158789,0.6522208962700521,0.8422451957023973,0.8066503214381667,0.8601529903431193,0.7808328724089134,0.8941670183916206,0.7475779717269931,0.7899801915576602,0.8572669031875753,0.7909074055331298,0.8887536286864816,0.7080232404516985,0.6818389224025077,0.7779515852232627,0.7708889858634286,0.6742353559691098,0.8087210885213093,0.8883389421633737,0.8241726351479677,0.8744937514661997,0.8114520167344975,0.7601366805091261,0.905551514780173,0.7604361071574018,0.8005496598378967,0.8725054128851467,0.8402507770224419,0.7961414239207848,0.9401321391051621,0.5886965302554734,0.8550517670425376,0.8102126695633137,0.726275454287576,0.8082840750047519,0.8881809155261093,0.9043353326563839,0.8051858255235002,0.8754555432946363,0.7978042710654595,0.7876965096665369,0.8375939600073304,0.8710924659734255,0.9730861493083899,0.8043672676342003
0.8351740920858345,0.8276908815734931,0.9188874422186131,0.8155578880362983,0.9282936104410388,0.9119120705376556,0.90333405987772,0.764773262292386,0.6754360461302861,0.8015320130764632,0.0,0.9229306001376628,0.8272881781462109,0.6689536601274201,0.8709830762488532,0.8815331291974029,0.8989399384182376,0.7453916292966715,0.8508374975268252,0.6683514904765969,0.954571092652235,0.9043141972149198,0.8310673189407989,0.9325821899743789,0.8508255083291244,0.9427587881450291,0.6948947383541993,0.7774881341738554,0.9211059974541207,0.8321511571723347,0.7905009867460066,0.8318492934195885,0.8350184951729066,0.8171020549991267,0.7889200895024843,0.8573515922896416,0.9182808372981915,0.8505211186543769,0.92355568930234,0.9162295515611469,0.888256833642853,0.8845022242390623,0.8533960038545768,0.953695660722668,0.7768386562422346,0.7397749928597971,0.8398464346713409,0.9751525035238703,0.8911628951977616,0.7710988677242366,0.9095687312912142,0.9293584267224372,0.6341123986071471,0.9152126181618473,0.9219744534129263,0.7943682537937498,0.8098431369498168,0.9657566369677957,0.654164303839175,0.7333495279615279,0.7820946515608521,0.6903401102854525,0.8678634873158352,0.6137968695105982,0.6702245343880175,0.6550180326115437,0.7447988788854986,0.8404291173763941,0.7106186472695907,0.8302451562155997,0.8613065924143344,0.6403844933623171,0.7328157888411492,0.8946830488858251,0.785313525076959,0.6633959047208388,0.8430378920689925,0.9320494860978781,0.7572344309655946,0.847528524674353,0.8362656357276259,0.8304233222654068,0.840573357717816,0.7607598906207667,0.8560306498458855,0.8143346734129897,0.8619632843075477,0.6648142056904245,0.6866115706302786,0.7068743525870711,0.9561042417591493,0.7687228407180862,0.9005142685733091,0.7074993351973881,0.8157582128430683,0.8656840480959733,0.5985410928643272,0.8030481255188867,0.7257949243572521,0.7568372734644475,0.7484936243826577,0.8093234004811538,0.7625192521569579,0.7796988305865782,0.7314947466666387,0.8040725168363104,0.750736167579927,0.8305990781143977,0.8167440415269351,0.9149292679045902,0.9537854829184307,0.8670353743884676,0.8346021570068396,0.7370201488993174,0.7783937988997504,0.8947517299050703,0.7455189015557024,0.8242139261242637,0.9205351417177298,0.7535152337297473,0.8277626590043379,0.8000677426154784,0.8629868975434078,0.9194728126395764,0.7385294372813492,0.9113641600178128,0.7280510517611996,0.8460111481606186,0.8787323333671591,0.723850267963422,0.6936941448926196,0.8353973601305894,0.653943742037818,0.8389209179337784,0.831021584593867,0.6894815307567871,0.7792841187694531,0.9048453166404895,0.7507759480916004,0.8513442260912562,0.7153720274145627,0.8363642130061204,0.7907214734538329,0.7743982191999866,0.9714050057294935,0.8077315248432263,0.8913443966632422,0.7642711952090276,0.8133264628447021,0.6961923655846365,0.8250936416232574,0.7212423274194549,0.8069220215572949,0.7621101398371499,0.9015973157144336,0.7914229927277525,0.8244927285322948,0.933769199768097,0.7522336855376347,0.8820482226021588,0.7129035041022486,0.785568662179313,0.8149182690796167,0.977764649394247
0.8464662005287512,0.904113448553815,0.866138020896766,0.8571233627237503,0.8431219823239022,0.92805637614496,0.9222670922000846,0.872511972837018,0.7828822997495252,0.8706350947319803,0.9229306001376628,0.0,0.7979413482283341,0.647892907233494,0.9051415029070564,0.8020557655618846,0.8267752019940976,0.7415574071560361,0.8983972623319557,0.67228380135667,0.8869706318877146,0.882998577831548,0.8997976818664255,0.9137759377927502,0.9271464804362528,0.8539798695215577,0.7911275927754069,0.81532823823317,0.894963466263238,0.8588852786615602,0.8956856928567827,0.7850457640843982,0.8825900455082083,0.8675630621283539,0.8282090585496157,0.8418778629697089,0.9020338764866654,0.8154701805758169,0.8861922355726712,0.8749839090389612,0.891557804143505,0.9292455957515197,0.7799824389717579,0.9076253729723767,0.826019765930513,0.7289422476660411,0.8115958294857405,0.8634268584332605,0.8776684349642159,0.7015511989506291,0.8387211465156721,0.8948227288692832,0.6136002870810636,0.8925366137728078,0.8590135569630747,0.8841837447083923,0.7549141246645549,0.9712199746915912,0.6281188821363773,0.7125006760624736,0.7778518355089763,0.6273841605809874,0.7990949242802781,0.579638588903648,0.6278783894853315,0.6107032987418102,0.7445158837596199,0.7940516264366095,0.672950062003313,0.9058772172190971,0.8046444404167311,0.6122117061795129,0.6994903777433829,0.8330675810743102,0.7843921419095436,0.6700780261313678,0.7349827372796,0.8685967581643054,0.7622263148887065,0.7439939773645353,0.7838024490011365,0.87374283597887,0.8636078998502917,0.7524207608627465,0.7988480940515018,0.8869756404494608,0.9036783210509637,0.6442985649622476,0.7360233593702913,0.808964880508374,0.9061600315802771,0.8552047503728835,0.818446613726012,0.6688588932357037,0.7626021347751375,0.9420562288987342,0.5818077714694198,0.8965568417264596,0.6943264081396183,0.7897631866023809,0.7184259896302613,0.7387975720517563,0.784775982666114,0.871420451813709,0.7205604769765623,0.7685644789458421,0.6854045776212909,0.9131632697892248,0.7849524355670682,0.9042297296776579,0.9302856858783339,0.7994541643652707,0.8090952631312689,0.8049656391500988,0.7541522907180277,0.919740354365895,0.7765881301998627,0.7630405495852902,0.8738865461976987,0.819536713811305,0.7161105089675714,0.8488632954215722,0.832117399588472,0.8944983962351308,0.7233895108018528,0.9237538123184713,0.6814491759124853,0.8377530661151333,0.8794200862771183,0.6776272604334146,0.7991256483596549,0.7448248726741908,0.625540567074255,0.8855214789800819,0.7996177134811373,0.6166808489188973,0.7956752254252987,0.8902681348432422,0.7798528731293303,0.8814268122636014,0.7526981303506173,0.7424344462568775,0.8320569182870444,0.7455187964737929,0.8912595082870999,0.8386299219440428,0.923794921205418,0.742748985594825,0.8687971207096551,0.6510760162587923,0.8727396959673182,0.73870157927429,0.7703606326618363,0.7655402007627605,0.969191342887093,0.8321704240985044,0.8050041313245831,0.9514602582383598,0.786204574059618,0.7769727138350835,0.6998614879996339,0.8236081535830523,0.8989580764525523,0.9395409368593363
