0,1,2,3,4,5,6,7,8,9,10,11,12,13,14,15,16,17,18,19,20,21,22,23,24,25,26,27,28,29,30,31,32,33,34,35,36,37,38,39,40,41,42,43,44,45,46,47,48,49,50,51,52,53,54,55,56,57,58,59,60,61,62,63,64,65,66,67,68,69,70,71,72,73,74,75,76,77,78,79,80,81,82,83,84,85,86,87,88,89,90,91,92,93,94,95,96,97,98,99,100,101,102,103,104,105,106,107,108,109,110,111,112,113,114,115,116,117,118,119,120,121,122,123,124,125,126,127,128,129,130,131,132,133,134,135,136,137,138,139,140,141,142,143,144,145,146,147,148,149,150,151,152,153,154,155,156,157,158,159,160,161,162,163
0.0,0.29646370343946776,0.2888450747004345,0.2494618191331378,0.27223018597979515,0.28194528578650535,0.2679401396909247,0.2752138659678883,0.31836748688648825,0.29317641406115547,0.31559231837294316,0.27062719543973873,0.3671135171222518,0.26165282891907343,0.3057818770591597,0.30438378681108097,0.3115149656928094,0.4249548050178986,0.2756675300208126,0.4266634222944181,0.3231111883411529,0.32227893600640184,0.2779615849829361,0.2867795074921651,0.384910907523385,0.25603964223937525,0.23544968184373868,0.3009100058563802,0.23270894550931406,0.2470299187750452,0.3302569705488734,0.3317347702391084,0.26796620174124447,0.3129205297380007,0.38506711459139076,0.3088915988399998,0.3810734352140374,0.3100014598140985,0.23808017795096795,0.30493005745735696,0.2639131329069953,0.3086615452782797,0.34307412646508684,0.3599491523016266,0.3301246048948514,0.3732154454022278,0.26825802684783184,0.32995956682736377,0.36419774328162746,0.3545899391205137,0.340220153835715,0.3299675984678876,0.25176447046812095,0.27985442112535835,0.3065342120587616,0.3091421514506283,0.39393153310867884,0.27055050830672867,0.27193574938213855,0.3356187370857118,0.26464212251697045,0.2507106107556091,0.3096238634941915,0.24829974863087856,0.31036840428959184,0.34608730929442255,0.3045158573981183,0.32368990024292993,0.2706168739101273,0.3037064536256358,0.4795364033891967,0.312890335611843,0.28566623323405316,0.3005275147708939,0.30328932342325937,0.34695750360931993,0.24302904480855603,0.25749415479158494,0.29330221959965863,0.21753569369357229,0.28666740908883426,0.3723103774225186,0.2811131656427696,0.2740680678179264,0.32232879786194946,0.34666557217689276,0.2920979454864193,0.2921795834724255,0.3391722528947487,0.28193144991377966,0.34516332954933127,0.327143046107003,0.34447400489625596,0.3504853033339081,0.3288574303140637,0.29763990061603224,0.23077639387177373,0.3109721148859803,0.2471930345983059,0.31674790494476734,0.27978291281086565,0.2696514610145349,0.2582694333061195,0.2736678262977669,0.3712253457533232,0.3439607098646381,0.296249715763129,0.2915552451851185,0.32455413203065303,0.3162304333085847,0.3154037361683848,0.3600557832870146,0.31942382270636904,0.23886862014517737,0.32350369958041436,0.28644734959462503,0.3092233550249872,0.3374187030404255,0.25362089699311424,0.2607482336981428,0.2905136431453132,0.23252911538693172,0.32969634192166236,0.3752147375618792,0.2751841401775486,0.2806871907860216,0.2278686342140071,0.2599536856522002,0.28876736769778444,0.34407078390689655,0.2490813999567298,0.26098519256183933,0.2352363078755293,0.2886436898351508,0.30514760112755007,0.2997598783683981,0.2974150331093494,0.3197045182286788,0.2984136425770853,0.3205598131093899,0.2553138371683828,0.29350599633587926,0.3383596169009492,0.2857325961164371,0.3387655063160668,0.27938793175814725,0.2956501993705646,0.24341785525844037,0.364763833168378,0.19051096699835074,0.3748227899513042,0.25791150283495967,0.30244389169893626,0.2232242061657635,0.3219270058228798,0.378503158842884,0.2800805799568206,0.2892154776398725,0.2747880871461486,0.30032946809904637,0.25496675230144755,0.3214211789337657,0.22569171190557089,0.365370095223793
0.29646370343946776,0.0,0.30949419047106946,0.2784374498349925,0.22467334761402116,0.3264177346670318,0.2672390146000078,0.3264029485709505,0.28157741831548594,0.3392086290864048,0.3122718807070846,0.3226523364625619,0.28504868761466995,0.2806805062940983,0.30171606241952625,0.27307495043956176,0.30092602968703175,0.28780049960397375,0.29118236534350683,0.30636641171161666,0.29288508114381456,0.36971976357270003,0.27836851788002637,0.3195662152565845,0.32020172087745613,0.22250539967805494,0.24142260802804483,0.32980030215712475,0.3460654861029298,0.24127094726761533,0.31933957356236725,0.2619803571308005,0.3380087549664582,0.26398177175833476,0.2776512622361297,0.2682667990070791,0.27081402401669635,0.29235799587983524,0.26958040195649485,0.28750902552049823,0.3330831958468713,0.30355271958048374,0.21104530015093867,0.26121618996150087,0.32790509998341966,0.2852489385221416,0.23516863034839303,0.23138627131968714,0.28398720802261535,0.2531436637491377,0.2776818795082243,0.2877234811733325,0.2917163752191177,0.3298273485763189,0.2836390751315732,0.31192709856207473,0.3115127184686428,0.2659749960249325,0.26016306506259523,0.32000432586117755,0.3062568533332978,0.1998766828883094,0.2503918053508428,0.20920324713612795,0.23706211066402527,0.2527461006239253,0.26646076185535134,0.24679883966737368,0.2266159666761224,0.2967076137582868,0.28484324789716003,0.257316493368696,0.22392107963824154,0.28735293780894794,0.3279858668077712,0.27113208271490796,0.22934550022356368,0.28572163289111696,0.26213354476588974,0.21538610049792362,0.2683214505371,0.28101058011502594,0.33479181429379906,0.26126911114983625,0.25383080245937467,0.3995724387802578,0.2339102197351378,0.20765142737787914,0.2665874682986663,0.32724121796789346,0.2428973206461196,0.27424829464416317,0.29252535995365714,0.316071417860402,0.29343047763207336,0.3397460411188997,0.25250443934377637,0.2900407678304425,0.2033900481278297,0.2933349206593137,0.27704725462119645,0.2151460292961894,0.1927930865481714,0.2828295744058931,0.25563993376346866,0.2625445008072657,0.2418985136318322,0.3442709938483214,0.289993571791717,0.356408770310483,0.2738425573963686,0.23460418865841648,0.24692687971339072,0.2340672931104675,0.3018358958587989,0.4105847095090046,0.29248368437228295,0.22567422037467386,0.24519658800366034,0.25073558396108075,0.2585636897620603,0.23144991865055958,0.2684592786308384,0.37864797218243257,0.24728722246143953,0.36838318066630554,0.22015385514759012,0.2922469586382906,0.3183426410012474,0.26104885688741414,0.2932781290928421,0.27429292383028014,0.2314786471761369,0.3035866518220589,0.2802895208702803,0.24525159864863055,0.26392550158378836,0.26547667806898956,0.26221312352461157,0.26223003819944796,0.2714812572583888,0.2660067149115875,0.3410630047860732,0.253684182011568,0.295710427079827,0.2088295190994587,0.31271356195536515,0.2729624644191163,0.3405429775354733,0.20645203815712637,0.27491020725684784,0.2804622161891822,0.2768749834088571,0.24755619064389672,0.2986277470648153,0.3202173371612251,0.32278501449191094,0.3232626167654763,0.25778643029271664,0.23266940109489997,0.26856312611278876,0.29748500884331375,0.231393468437703,0.30198796810080686
0.2888450747004345,0.30949419047106946,0.0,0.29520400601686503,0.2594360567326395,0.3074145471444857,0.2602678079259651,0.30228113812885127,0.22545043517810748,0.3662924663338914,0.32448063605661254,0.2845111134174978,0.36246266349667855,0.23483921000334976,0.27974164048731043,0.37772122155670657,0.37585807832449997,0.300741013495941,0.23849654071634654,0.25058072111887664,0.3519717330937872,0.38817555337372256,0.2645056002392115,0.2898722173643724,0.2966900437941281,0.29135776681610537,0.2474227141567831,0.315307924346563,0.2414413215536075,0.2391869862593159,0.24336233911983712,0.31599771294960416,0.25836683998942656,0.2817402671143501,0.23479068235758635,0.2677704453907354,0.3139733788644017,0.24721089108596486,0.24301954775923693,0.31755688080624467,0.24842699991732867,0.3188129376785874,0.26192156958733265,0.26431969365287616,0.34089980888805405,0.32650255176868875,0.24152701925358977,0.2816845516345528,0.2943937226528869,0.26686466567416517,0.32752444261443814,0.31769430544245775,0.21010648082809796,0.3311643777190671,0.30282487559129595,0.25001317834951364,0.2783314748317321,0.29022822913950214,0.2518032728171018,0.30275508319987804,0.286088850971531,0.22024335576223053,0.29289169257523423,0.19741099094170336,0.23248357564614178,0.2880758130011753,0.2875284867965176,0.3002984583189781,0.26197569038440327,0.27916493157495087,0.32563658056396105,0.22540974645382636,0.23821588533338386,0.45071661407261526,0.3113175524771625,0.22123202551759585,0.33095907872471975,0.305246739474931,0.23256340469474407,0.2009631090240814,0.24997395912520148,0.28723387551329826,0.28603390017181374,0.24141813031578246,0.2637808212013925,0.31073347930618156,0.22980548107042048,0.21321937124679838,0.2799275941469423,0.23691326948228122,0.2895866667546403,0.2356656546649792,0.2791645054859877,0.2359562416828721,0.2812327088822929,0.2564769155435993,0.20477129795734567,0.27259375267012814,0.18531721772827425,0.3209898741831166,0.21006467754136346,0.27805889309009585,0.20631840432582418,0.24518998935213404,0.2575273354360145,0.3703337628622889,0.306784425222447,0.26851901318498805,0.29943625914022426,0.3463320012758592,0.2994623934165551,0.23649211260117348,0.2679003515906577,0.2227518130779536,0.2556756584022364,0.34291170656212505,0.233791765161197,0.2809885057567833,0.28596330685512117,0.23354799652481947,0.25497418025381047,0.2148391116237629,0.2371309964889811,0.3362375505685409,0.18036758352983548,0.3083961784105271,0.23131294705305555,0.3041000339476415,0.31481513358347,0.25929187737241133,0.23634096286073528,0.34328960310510925,0.20496496524245286,0.2114576287052437,0.25605167473061946,0.20334886610441358,0.21275533066378505,0.24698868393254955,0.2695563455590853,0.24265009297099627,0.21322309736058664,0.2582777274571265,0.3023666588487509,0.253279264972801,0.2614928274266345,0.20380540313494694,0.2841002521722245,0.2745194515826524,0.30406726797497136,0.18488424123219152,0.23245938078503678,0.19845346452787122,0.26116612366206987,0.2778318609778717,0.29350854843000335,0.28256005340833257,0.3027744656972957,0.3542201458016473,0.1974456329435668,0.27637569275317203,0.2668301529299722,0.20163083382098948,0.2106287923479036,0.2720308250022455
0.2494618191331378,0.2784374498349925,0.29520400601686503,0.0,0.2253775225383922,0.24801011181206553,0.2733402291387392,0.26568381777509686,0.21884067929343706,0.26579488404117657,0.3068828050251684,0.26090826584955074,0.26675106766676604,0.25869068808109325,0.2932567088449866,0.26329647737089146,0.3074047387819627,0.28190015935270646,0.25501172589820004,0.23811848108965125,0.31140198996263757,0.2949556931195521,0.27855688422017916,0.24870732223506603,0.2716505620340312,0.28260774358740764,0.2863952439526621,0.3107009625903012,0.2504951103187977,0.19427489094628717,0.23886651970955838,0.24794698149744024,0.3779528922931158,0.28369586586500134,0.25000705214818303,0.2933418102855994,0.25421413088278766,0.2721551002400355,0.25733074828514735,0.30593619429646035,0.2936810033559423,0.26975728272929356,0.23085892971370756,0.2765855049251366,0.28758419076346403,0.30191129543304407,0.18067311512293951,0.24252260635711922,0.26862805058134903,0.2601315349505216,0.3256150321797169,0.30914711579476734,0.25078659123745634,0.3799947294065275,0.30595402623425677,0.23204481005845012,0.2993473585913823,0.27347729424395795,0.24993684253916298,0.31368631105576256,0.30429821048602496,0.22484245834177666,0.2871886677738335,0.2086332950471639,0.2543728793634856,0.2918182351801341,0.33153313441169746,0.2141559379370274,0.25677106965709545,0.2647771834771002,0.26707681335296773,0.23676061458460074,0.25826370742701094,0.36545463915119625,0.29989444207571747,0.22491905520267844,0.3074294340144164,0.27657635795437485,0.25469494936576986,0.18115549397275288,0.23192818362456008,0.3250335712317269,0.21767421281631696,0.24385805208348635,0.3149972728428903,0.26762268300362857,0.25684792669195095,0.23364392374958426,0.264924947052221,0.24025773958856264,0.2895409567258357,0.26115819043565797,0.2693560405445154,0.25670618129155115,0.3200387558407596,0.24452848421652212,0.22619565540946723,0.27788062504798683,0.21072837715156034,0.29127857563797627,0.23905449076218047,0.2767502199695537,0.2670065317698636,0.24597981728049553,0.2797497999726985,0.266878478453415,0.2945238819579851,0.24936360677027192,0.28634506825674555,0.25718074224781945,0.31205760232111,0.26832082797885404,0.28571330638417547,0.2711899479281383,0.2824712516484693,0.2767323140354709,0.24738153466999205,0.2235310959387801,0.27518935249385673,0.28344003343692836,0.2505896264887553,0.27544191283943165,0.24646773912004544,0.2814220729492297,0.20071475003489467,0.26718316790877217,0.25187853703713303,0.26369852057367693,0.31935070984716873,0.2950501065776094,0.21096393610603772,0.28461732936489753,0.241380186516821,0.2659622740976766,0.26705231852265066,0.2020265920397284,0.17095259079768996,0.27385010274988897,0.2891229133025245,0.24894406783750891,0.29546317062739785,0.2509519447168068,0.32310594590471986,0.2892158624402808,0.26589589251705437,0.20757886694360833,0.24613882729115283,0.23780728025463843,0.2404398527210083,0.1916985345754097,0.2744151143325283,0.23354766933622612,0.2949355966271106,0.2245473190236632,0.29424978577168936,0.271562739693591,0.2711689592339837,0.26507912978236425,0.2918995546782576,0.25856182410829454,0.2746668903283578,0.2228448954201711,0.24981477838190888,0.2602012915633382
0.27223018597979515,0.22467334761402116,0.2594360567326395,0.2253775225383922,0.0,0.19481548965656006,0.30551034535369137,0.20324687604257874,0.2215964115207158,0.2495909658176347,0.2678189140274929,0.23434561335968832,0.2235956455418837,0.21753730466057405,0.28552401987052095,0.259124324892242,0.25456100783106655,0.27998269992120733,0.20252529892208446,0.2256551965761615,0.26810125500924425,0.26660451925886575,0.2922222819043797,0.2533887165059473,0.2507675801320544,0.24843804915773388,0.22323664151874412,0.21060759261494183,0.21259958949646135,0.23581673062734793,0.2642266012097987,0.22237696538268123,0.21985979499122846,0.2362349389386087,0.30962785689240035,0.281877530963509,0.27084132933069294,0.23716825267801664,0.2586408026704221,0.2504084445623182,0.24132750000746797,0.2705080647974902,0.2701579185502028,0.3126817599597457,0.22840830411713456,0.24849316096781252,0.2529726931586298,0.3006706848445555,0.3131088747660165,0.26070228483544766,0.27677180968435533,0.23956611689335564,0.207658809442376,0.2390481180796296,0.2730746846559762,0.22010982506487772,0.23197940315966867,0.25621465936637505,0.2256677919302296,0.24694228618104436,0.18399866440693727,0.20336932578769806,0.2198859784129894,0.23963100336230272,0.24542737260168876,0.1999365541603608,0.22395617610620192,0.24951075058570682,0.2194260698735306,0.23004642914715293,0.2861971673213464,0.2521726939434022,0.19565316066251806,0.24489761516135286,0.19838166252082587,0.21449320300423963,0.23819833180622563,0.36115165262331667,0.21070037598355493,0.18704017502965464,0.21741717250927264,0.27575813556074896,0.2521061713318034,0.1828784638557346,0.23388770948703977,0.2263999319906718,0.21077689936402455,0.22369374197145314,0.2181743751185099,0.209829598666837,0.34852872472371155,0.28141349951119937,0.32569450816839224,0.20069948069411345,0.2665296787250245,0.23723018149810637,0.17012439745353417,0.23317287755408148,0.23802630744098596,0.21404258065667867,0.2260102406499782,0.22201893375422901,0.2305858195218406,0.22943779975248746,0.23430057573289603,0.2553732963056899,0.21254417616917734,0.23513863081249753,0.2828293956209532,0.25532649336875735,0.2683088317516386,0.2892955484128212,0.2061116718243252,0.21623679096804904,0.21858972849606187,0.21898960327421713,0.20744960188771006,0.2861266830062319,0.21005179054156325,0.2346199173455606,0.3409565836231216,0.20842296711875272,0.21278658025620623,0.30296351699501084,0.22327189906761338,0.2299077060746803,0.1969178003816371,0.25835437729510347,0.23045784159478705,0.2560851825433618,0.19914479737348728,0.2157728553046736,0.18068782270628267,0.22510742768526873,0.23299975777039386,0.24743750335337178,0.20974229768853028,0.31123665059129163,0.24514000103436723,0.26983103639127715,0.19295812036644003,0.2471444758670041,0.27730643671392097,0.2560932021202371,0.27851558826934125,0.22260739573151156,0.2737469346915825,0.22863866652872866,0.2413105195964265,0.1763905075151263,0.23498041957574164,0.2096704234455965,0.260932916593795,0.24031155354520833,0.25517068979687496,0.2558907291644427,0.2014671458041808,0.26245164360152484,0.2228429253910976,0.22734234849912335,0.21452029961138921,0.21448778029224147,0.22046404291344554,0.3031105146961186
0.28194528578650535,0.3264177346670318,0.3074145471444857,0.24801011181206553,0.19481548965656006,0.0,0.2087165232489265,0.2881716991831948,0.2560209440982475,0.26019428772955316,0.2926883816022157,0.31531916543026345,0.30762967188480506,0.19568055019268943,0.2521790729933469,0.30813608275008914,0.30012252580618054,0.2162733961755661,0.27974362938577474,0.2784653989821624,0.2943505615551151,0.28407432936585464,0.19356158432015555,0.23920618826577894,0.29649375195973515,0.20828052885718787,0.2017265586003752,0.2904339512697231,0.23955970158130613,0.24435157329961568,0.28020021533655937,0.31413572658454997,0.2784940322701533,0.25159386663929706,0.2235107621272522,0.22204912725590628,0.2679617442872514,0.24082086277208795,0.2380523554390284,0.21615238220693123,0.2472557909925921,0.2961390407971819,0.22326301497413314,0.2724051729544345,0.24506334111772432,0.2502830344019745,0.20855061147505588,0.2416962781914531,0.20708438979336372,0.2344459845234837,0.26710528059942995,0.3133112509938746,0.22103322755777513,0.27523531450638605,0.2369948437190603,0.30675816671912864,0.280369197205299,0.3370884317392244,0.1886109102377244,0.24021116768482884,0.32449292030446786,0.22820366104999013,0.29475679812969396,0.1700373240089561,0.2148037145590092,0.25639829478907344,0.23803104645182518,0.2512496038611778,0.19403404910752473,0.26821213757752843,0.28206730046609463,0.1918024212973283,0.23627092456319798,0.26950986210755296,0.35396087960527334,0.24096547858015735,0.23856507096498672,0.23013925706117394,0.22703216731727427,0.2708858683396549,0.3365011334392327,0.26325272250964876,0.2663270099269134,0.26612640325900455,0.2527518332649688,0.28004453992208245,0.27806798871135896,0.19582753775393508,0.28249689315286103,0.25466696587204235,0.23861182878204795,0.25508754306171455,0.2503960814576652,0.2694586795180635,0.22542629121342023,0.2967810038071384,0.2530052599516776,0.2938632606866938,0.18170079301059874,0.25867637304789187,0.21863256246140061,0.2275901778094844,0.1959554168385977,0.2341986259958029,0.25171510420672294,0.29336664533408974,0.28534245217775667,0.2835379257532186,0.2233520517758441,0.2999140879147945,0.2722106807870029,0.2092548991333711,0.2955139228704828,0.24678554384092682,0.24085924612376003,0.32306659291473755,0.2904842567116344,0.20729693059194948,0.2794281846486283,0.2383908994095902,0.21587351367074636,0.2420143929976402,0.2631316161267246,0.3290890661956315,0.23109358346330006,0.30105986694811754,0.23205285879884102,0.23800827918980236,0.2678520309153319,0.20231718410367144,0.28255523607932503,0.3985354271101322,0.22717404171433736,0.25631781859243047,0.25947317748321613,0.2189914845330818,0.23731510580651846,0.19640747439939613,0.198031910833785,0.23709490986460563,0.2315157713186282,0.2567271845131255,0.2527477762819148,0.23657773257995118,0.2590168621230055,0.19240216868232854,0.2955276375056914,0.2702275770858158,0.27209527989601767,0.21068092086301776,0.2620178011169555,0.23000972997282407,0.2200783185149335,0.19663679691427743,0.30528298689911937,0.28098555872690256,0.28086504743546437,0.3486066178912483,0.20545542237504302,0.2545503665392879,0.22258195497138125,0.26617452661285207,0.222663422847004,0.26715817987446583
0.2679401396909247,0.2672390146000078,0.2602678079259651,0.2733402291387392,0.30551034535369137,0.2087165232489265,0.0,0.209304736458792,0.22402088477059967,0.275734439505212,0.2667313563234229,0.2525092625400519,0.2664710525492726,0.2911574254134163,0.3045192485748929,0.23271481123628374,0.24457589140993236,0.2932081010634584,0.21085361212978604,0.21201901921552885,0.2487023577906757,0.30558571584267635,0.3564425041394459,0.2643304099625544,0.26929939433808653,0.27659118250300235,0.24191609973429484,0.22071870517209005,0.2556973853158789,0.216125345965521,0.24364446865337566,0.2556709718900451,0.27147580538539895,0.2526902776383887,0.25704205635909555,0.26544469607839327,0.2849351091317083,0.23107656196225773,0.22479004417087337,0.31408234532592166,0.2648742371227039,0.2839981343000774,0.25448142548740627,0.27519073657264426,0.27802857517865803,0.25595558071909874,0.2825605235916872,0.24086685778114997,0.38699697265481187,0.24542158910338083,0.30058997666087356,0.23531257988088097,0.20988546649009535,0.27293059954090376,0.2980206169124169,0.2422186405958998,0.22999005270519493,0.24156563563996553,0.3075924471222798,0.24564783269119186,0.19066911591949764,0.21485637596343424,0.21127411643808064,0.2673984927342282,0.22417703029101502,0.20000003407998063,0.2928238819859243,0.29786823722235883,0.27314090384390893,0.22805821256940303,0.28242816255232,0.2380876525084777,0.23064831500721578,0.2961713294062964,0.19388716408069737,0.21632636146271966,0.2900565760697659,0.31657650122549824,0.2068566692128031,0.1748576765439832,0.21243417411542867,0.26813899109220013,0.2518103858464116,0.18373534498714053,0.22905843798238118,0.2423075289563047,0.20648423902625918,0.26366927140680674,0.22304623150496392,0.22409004700456883,0.3369559623370051,0.34030303728085737,0.28177708143043917,0.20140237760391044,0.2811240572288608,0.27608281428961984,0.17198342109002035,0.26685869916128035,0.24338941342489873,0.272905651220645,0.22724440307726643,0.2292088923158894,0.28082140308639975,0.24555397487447034,0.22766579834805167,0.25261213361061624,0.20429775451715043,0.250637442268196,0.3187626589014009,0.26420978899658326,0.30173092783547617,0.262431450403858,0.23749729877110143,0.20700509628480462,0.22804480675531688,0.25071721590723295,0.21399369424402984,0.2722849006891201,0.2552808073047868,0.23392564385456424,0.2611969306514137,0.20337540754692798,0.21604426009931701,0.2912580879319302,0.20508055686711998,0.26167368243028494,0.224413279734612,0.2819378578405486,0.23574703575708317,0.27131023661064807,0.20442837155326213,0.200607832620876,0.18295779661517142,0.21553512513597575,0.20572716755538445,0.21954417557340608,0.20469814104372358,0.29334048091703757,0.2722670067166202,0.24415545137290334,0.23137159366362686,0.25043930302895406,0.29273202091505013,0.2463370527528706,0.26373061698111455,0.2933854188765266,0.25068002969899694,0.2392878071638443,0.2483775825830147,0.17268004077837043,0.21945400948000268,0.22727347064134582,0.24260610869575094,0.3311968339371521,0.27324380628201966,0.26459284087323115,0.2371397666618288,0.2647124975219755,0.26026663252643634,0.2588257474004418,0.23811967627970804,0.22010965126839674,0.2201859231781889,0.2680417733742333
0.2752138659678883,0.3264029485709505,0.30228113812885127,0.26568381777509686,0.20324687604257874,0.2881716991831948,0.209304736458792,0.0,0.30407241301056614,0.2995884980923677,0.27570066544615685,0.30999179950866573,0.29750660953217484,0.21684609220862125,0.2600355729353922,0.3225829797455329,0.31173796634717676,0.2646928112931233,0.2683793521000161,0.2770391528558681,0.28110894911943884,0.25578777832929855,0.24119606819589057,0.23159518137473425,0.3038621030915844,0.22479495584371725,0.27052338025354844,0.33055711980367253,0.22459639197397935,0.25868791274592146,0.3518835172185436,0.2739283245110157,0.27335913042982435,0.2767678503745165,0.2466744108449069,0.26667796077121264,0.2780019578426963,0.3255001169274586,0.26901448485268253,0.24997218396758564,0.2626232812908359,0.2720287626691368,0.23956911290784152,0.2356839444597466,0.340706483422666,0.2998745563058702,0.2108727278388129,0.22646535240136198,0.2487617619309412,0.23909380976322617,0.26459302339315843,0.2566036522847786,0.23214431531841734,0.252800261274988,0.2600065865509122,0.2737111647581112,0.28250654982894385,0.3579351829478964,0.2294040729101376,0.26968356687580286,0.3567677447423254,0.20925055720518804,0.27261543590898213,0.2027665874252856,0.20812711887290833,0.25126335542808037,0.2612117609867023,0.23113588137097799,0.24700414766646991,0.44083103758968983,0.26885204613244934,0.2312164214324152,0.22916079918375531,0.2963892793289557,0.3903596999052818,0.2404916782311447,0.2718125495911411,0.23810677885972364,0.3219048238518598,0.20023878310940466,0.2617400024853418,0.2666789786910919,0.2932936401686609,0.30977662027375935,0.28250100532617417,0.4018076394476907,0.3247687017267392,0.22124312646535915,0.33993232828180386,0.2965983946801488,0.24518300938396956,0.2473219088776905,0.2582638698530047,0.2501957516990914,0.273078894616451,0.2815609989088622,0.2581685221332474,0.2973064941615056,0.18821644823126132,0.2997979510815462,0.23357415015998678,0.30547115509950756,0.21001209223249628,0.2858891509175671,0.28398461434693456,0.3116182227011594,0.27876099798561277,0.3377331434824269,0.25091093822092625,0.2690821299112761,0.23284332000093308,0.23747540493035826,0.26091533658125887,0.2965232638875799,0.274715628645462,0.34260927023469034,0.29312283791689436,0.22538009611763227,0.22019876957843576,0.2640176016615555,0.23189897878125854,0.34759685444066796,0.22864426620575565,0.3168893929913328,0.21136848671726371,0.29489238823402575,0.21556382122708662,0.30403078564871533,0.29438635603022245,0.23568164667903466,0.33092039282656405,0.3021458741679566,0.2766712124920722,0.24704145960242674,0.2614946509069038,0.2006486184505239,0.23958910827820373,0.22529946704710593,0.2516188043509478,0.29382000728280677,0.236684731318002,0.23008584097162432,0.2905012448518238,0.24903392298538732,0.27027374791788883,0.2103137881204244,0.3084853595706949,0.27758306759422713,0.30853215801606,0.2152443795670876,0.30813203385303495,0.2544865571237466,0.2571932704178361,0.21904853487539672,0.35431798377293244,0.3332929136729344,0.27184168039797063,0.33481097224359846,0.20376502909202154,0.24117748524008523,0.24092879402097897,0.2572773242178088,0.25630687988385453,0.27494522298868523
0.31836748688648825,0.28157741831548594,0.22545043517810748,0.21884067929343706,0.2215964115207158,0.2560209440982475,0.22402088477059967,0.30407241301056614,0.0,0.239094866657225,0.23874915197452865,0.29801767067504487,0.22907911907230558,0.2326060529082135,0.2624604601757114,0.2538408675902429,0.22964926958388018,0.27118911058238043,0.2665370222064277,0.3025639395396835,0.250235309451899,0.28203817111545587,0.21777126724445686,0.23239102720793725,0.2871858041557129,0.20143180585666326,0.23575607074954028,0.24515222559153704,0.2159462918752276,0.3304903417583675,0.41675330533406024,0.262919507850538,0.2458254356079306,0.23475774721373466,0.28071647205167405,0.24290466307867986,0.25149140904933703,0.33219669461275936,0.2688776810509332,0.21849776924557465,0.237145743640638,0.2851247255065225,0.24671550573687404,0.2659021125039024,0.268999111829955,0.25220411834762213,0.21270724042087807,0.22854387977093402,0.25148939227570005,0.24846336640967834,0.2431625338602584,0.2258406244502226,0.23787493919679029,0.2350459394960811,0.24433447079935508,0.3178427014051198,0.2857087308428602,0.28023194304618254,0.2188024129560254,0.2333679773985984,0.22803573763578588,0.2278854119861435,0.23114697262263387,0.22165721813872002,0.256325244068376,0.23709967011779992,0.25022135826622316,0.24139156229528744,0.2135601375815938,0.29843215684251584,0.3109874409208685,0.26011082180322714,0.23395433185221454,0.22837176542122337,0.2885117301151513,0.26330498111715583,0.2067099269908984,0.2158156727798716,0.2728088667189607,0.21536875943714365,0.2587046016324349,0.3453783240454288,0.3351348774998072,0.23600709794796237,0.2811418301873781,0.3477902246185674,0.2748692310216478,0.25728592516753707,0.2756415975257656,0.36385650583812645,0.2566572661628813,0.3230837948381732,0.2611436225942729,0.2561424233865826,0.28525154635079886,0.30657439812318604,0.27306101301970315,0.2799975855734045,0.26054538300772123,0.2301483654673938,0.28643572456325483,0.22775761558018637,0.23156893347346208,0.2634950736235394,0.2967784012813669,0.24694845923619527,0.21374020210796651,0.2657456550989605,0.22474373744159742,0.23137158939253008,0.22255104765814834,0.2879625669589364,0.24151365105471978,0.3021180195774327,0.2511894708016632,0.2597138493541263,0.27863332743551117,0.25495693391827656,0.179878436768925,0.25571674940787875,0.2655801865720014,0.2590369249315383,0.24000645885829602,0.30571924192613975,0.3364211556902943,0.26246035963955644,0.21335784248173476,0.2521775337999597,0.22403034924712792,0.2540392167624173,0.3737105982290511,0.2754115254165523,0.25199109941886066,0.33232931485538053,0.2616680146181465,0.2443376131828826,0.27635839076005625,0.2372420548761253,0.252629425234113,0.3453903072724536,0.24264272740844284,0.2571037187957,0.28524446640429846,0.2911208925919179,0.28042214245978475,0.2341308397155509,0.40430105062133104,0.24154217492939936,0.2945917929789203,0.20822496957235664,0.35282136632272726,0.26756547927393937,0.25134306844830684,0.21123307043553238,0.2994263928911353,0.33876445613210476,0.24531121068544182,0.2777647323332043,0.24772945852160277,0.23882975192178452,0.20331010677820896,0.32924739213666254,0.2978269268896178,0.3082889534682065
0.29317641406115547,0.3392086290864048,0.3662924663338914,0.26579488404117657,0.2495909658176347,0.26019428772955316,0.275734439505212,0.2995884980923677,0.239094866657225,0.0,0.25554833572251096,0.2391628047132165,0.3172820573674161,0.28003219692274955,0.2541320979389365,0.2941465771606567,0.31592061391886084,0.33665386968511035,0.22417185795940409,0.23834740523982345,0.26240733132472804,0.2761768029369402,0.3434363765257836,0.23593564625056218,0.37377021436971725,0.24990055472232628,0.27940382604102076,0.31999112431078186,0.2921427601827136,0.2346270466027851,0.27793127263089445,0.2915273156258211,0.234193357308392,0.2800851055470024,0.2731660940789466,0.2553388092801538,0.3154020905482248,0.2636874302199971,0.19969395257760192,0.2866598107771507,0.22631678231791985,0.3240995725458474,0.24389944627813637,0.24311015221198784,0.3064428987195902,0.2915127993697249,0.2505805517867709,0.2408121203101505,0.34806066406060737,0.22282780855643408,0.2638022985356263,0.25471760694697887,0.2155848148988305,0.26602294590260805,0.29052048817589715,0.3221129554132655,0.24121968391947823,0.23880509576699438,0.2693737704636606,0.2710716069550455,0.26854151692422856,0.22005657149536267,0.2283799254628215,0.2193648552393525,0.22470135479100076,0.24621335904218078,0.2669604303857859,0.2807524711063889,0.285867631823245,0.3172337005970271,0.27161503624624067,0.28743015404278294,0.22220132596324246,0.3036794711513831,0.2731453415467239,0.28192717492197517,0.2562876155409103,0.3161713785485424,0.23550399024982382,0.21943656854602103,0.273093386710566,0.2580446299809217,0.3002479536883175,0.26812402765318605,0.2647109443818208,0.29906323348220876,0.24904725048308518,0.23949450289163757,0.3402589190056448,0.24718368513504138,0.2656381607098787,0.2684591809329608,0.2752857988254227,0.22570210368844648,0.2956805663047523,0.3005310562999814,0.1874630778792377,0.3197479074691777,0.2193764297951418,0.31969399581680685,0.24700871818468356,0.25308429021767864,0.22842278269122313,0.30547337305103966,0.24891005424666476,0.30174993646990916,0.2599938923437729,0.3820510854682364,0.2944476778012827,0.29656463966605173,0.24970908450813464,0.2427271857553555,0.27276110890866756,0.2658217180556549,0.2559854693104882,0.31146774004307265,0.27885360595511116,0.28893846766403103,0.2611165686394232,0.3017463646962633,0.230503357644359,0.24636714245658548,0.2349273935597335,0.31878776707653045,0.20831980748270967,0.3081342144255098,0.2285271399367336,0.2584668311815217,0.3296667713470753,0.28629997278692887,0.3242226462216689,0.2502440852899704,0.22949446250691471,0.20887900064683934,0.22007040926981422,0.21426106146527538,0.23309878405986786,0.27572803962059333,0.2767203338930062,0.24899639025043252,0.245368084178101,0.28374693152725966,0.3043342757308443,0.2356262928851906,0.27734991471200654,0.23971009913361632,0.22533843051931107,0.3091799105861375,0.38953524971150527,0.20369777791591392,0.22552666150235445,0.25814647832116505,0.22909163199260693,0.2702129445991063,0.29256255167782846,0.2893449523324973,0.2371261299845441,0.34813401554772344,0.23964789350742405,0.2956344955530281,0.37127681249760924,0.26180621955341327,0.26031340392335384,0.23889344121058295
0.31559231837294316,0.3122718807070846,0.32448063605661254,0.3068828050251684,0.2678189140274929,0.2926883816022157,0.2667313563234229,0.27570066544615685,0.23874915197452865,0.25554833572251096,0.0,0.3233186799926627,0.3172227163573428,0.24161639095808587,0.297763873304596,0.3486703709645917,0.3132949135788947,0.29631548608457486,0.2675262747096682,0.2902015594225397,0.3492274222874069,0.3560017797821221,0.2621509231873437,0.3198911629890275,0.3187353318814673,0.3194008794547946,0.24297669670742736,0.3072905895825255,0.29788478076568736,0.23462839157062626,0.2785764207456203,0.2692884088060124,0.3041519642168775,0.2644739417459153,0.28264452388383904,0.31158980515855733,0.36649953344515607,0.3089774631576975,0.32014534998558924,0.290295166050495,0.2977405128681948,0.2751299392217948,0.2776130417837977,0.36854710801969304,0.3050909352035981,0.2908239800093241,0.20085196617083334,0.4007537507233468,0.3134791220715732,0.25720567535825645,0.32891094400832416,0.2889189232619385,0.2307664595875051,0.3688433986659743,0.3659331068755931,0.2394787386130601,0.32731156013688967,0.3350560353031555,0.2549717685828111,0.2870082890081954,0.32068723647174774,0.20138523726414084,0.31076595884221664,0.2186232726626189,0.21964414516400152,0.26212500169591973,0.31969088634337733,0.27801965780839,0.25724024520446825,0.2966214589148354,0.33951081173231334,0.2405683137153254,0.25221967767075704,0.334281544281528,0.2916868655015899,0.2503304184297767,0.3284404588493391,0.3018870125122873,0.27158867480919546,0.21366199304681516,0.2795080702973537,0.274597788914452,0.2780789504446557,0.2801050078183853,0.2698712008902229,0.30674884591092544,0.30278725410031426,0.221976588210995,0.24319970184043668,0.28359461489828713,0.33920919587862586,0.23405340004552386,0.3248264547378999,0.2904975524567113,0.2843881228396069,0.31548876185194585,0.22815730042184462,0.24167837430555247,0.20386100617965086,0.25385667845793314,0.29228929073989546,0.2679518933684394,0.23167371564337957,0.24538808174568116,0.27793326451582995,0.2729572721919379,0.2539681109474743,0.2779964139089088,0.2726656657003803,0.3532444902300962,0.35676804489704145,0.27724187227465596,0.2755330538878942,0.2518846563293111,0.3101910426441204,0.29141984783705027,0.25165071255396476,0.271195852886617,0.2757652287478459,0.24756986175211373,0.3145696234626842,0.23822729969546744,0.27581277869538967,0.37144048887808206,0.23639582837784792,0.35692116935276447,0.19569090373335174,0.3201549766666533,0.3082779199452075,0.2700800775494266,0.20888733925526728,0.3101777911882535,0.26456845686338815,0.2847764971697738,0.37568948426031024,0.2559364748449163,0.2453186952567494,0.268622255344099,0.29556564936160895,0.28811113139365874,0.28921311919102083,0.2726941564884299,0.25838843043757015,0.2745596900600356,0.42115435647788846,0.21198804743770644,0.2900497896049047,0.2576608056769461,0.28296250855655664,0.20255878671598143,0.3633505380477659,0.23589273030195518,0.32556815620537477,0.22821899871567142,0.30774922893164725,0.3689452124592614,0.3164781085343124,0.32329415020450053,0.26695085071460484,0.2502848830368154,0.2458201054466016,0.27502864373317526,0.22366660660081827,0.4137599535803586
0.27062719543973873,0.3226523364625619,0.2845111134174978,0.26090826584955074,0.23434561335968832,0.31531916543026345,0.2525092625400519,0.30999179950866573,0.29801767067504487,0.2391628047132165,0.3233186799926627,0.0,0.22855497733575775,0.1843318409065459,0.2593106348483189,0.28389948473506976,0.282096124704807,0.2353893716037971,0.3446791739323627,0.27131818140027003,0.3370569199053406,0.2942130358194718,0.2448478267729334,0.2701857385183759,0.31660143244975314,0.2270759320370947,0.23265530384246386,0.25464270712433423,0.24333396298434784,0.3103679659667952,0.3120558868542326,0.24838984662658756,0.2798359816882921,0.27671963395738713,0.22968357146034735,0.2637857666145922,0.26448477064718523,0.2995522154445444,0.3308407948957743,0.2367079404986643,0.3033964969144003,0.29701924167766064,0.24538876884565566,0.28539409370440644,0.25945330463397837,0.26367794039106657,0.23494038177260082,0.2516158289753216,0.2505796660565252,0.25436096473709796,0.29285157349960345,0.292729873295011,0.22326243988669983,0.2970941649678657,0.2772061736269037,0.24595378676026858,0.31954210220553236,0.40864059164878225,0.19763514925502979,0.2523337451668641,0.22438271828906045,0.19080292891091746,0.2819603490185372,0.20330953897191908,0.21200123247561906,0.23557621928601824,0.21777445670966133,0.21923124544750547,0.20779705147910282,0.2688498777160397,0.26076198358716585,0.19773534529808298,0.21519249351221198,0.25921887905883495,0.3064678176241136,0.21747489592003202,0.23342821518403928,0.25980160398231555,0.2616727253932886,0.19297549630114968,0.24741495842018943,0.28439512562212904,0.2982844945461547,0.22142346653317013,0.26442965771283883,0.338110062122492,0.23444889898839552,0.20529001938465044,0.24938936354305044,0.29379344330397084,0.2936874293841985,0.26753020076276207,0.267249061456433,0.260164899883998,0.24096375917737603,0.33762876024396105,0.2232972600882348,0.2832499338944803,0.19366902318939458,0.222535225710439,0.21100191859284337,0.23416706090103265,0.23463739752774587,0.31362507063617995,0.2517962225615307,0.26450382418334595,0.2562903906624952,0.2779643226372419,0.2372369735755347,0.3155279323519559,0.3509511277006927,0.2695126098603698,0.22082414433104242,0.27279078930454537,0.24590746245667802,0.30848451931937426,0.24591352087237672,0.26215392307150254,0.24803427729208974,0.22922808061284958,0.24583994014045044,0.23948899770853982,0.23434647920353047,0.3101039207193467,0.20193130807884255,0.33412688379459266,0.19948424493301953,0.29613964645225177,0.27038376877678166,0.21203207930506723,0.2635179738992832,0.28536253976077786,0.20655123795842803,0.29865229052571757,0.26914088619267196,0.19971059853774262,0.2640768352265105,0.2228059620457715,0.23622839255715414,0.3018530280984382,0.21303599091483583,0.23646839986187615,0.27271217251458907,0.2673002432082692,0.2972975068502115,0.24117407209008976,0.4261846966938972,0.24570779641174176,0.3057657999078938,0.2228656295893854,0.2916638172990644,0.25257681832439666,0.28485825565407596,0.2212825740265907,0.4057808820301994,0.2662059403301865,0.2687203924190767,0.31533058231885847,0.19586132529302733,0.2229883691964676,0.18750578640925716,0.24594732799393473,0.23030449126170902,0.32560408963166454
