0,1,2,3,4,5,6,7,8,9,10,11,12,13,14,15,16,17,18,19,20,21,22,23,24,25,26,27,28,29,30,31,32,33,34,35,36,37,38,39,40,41,42,43,44,45,46,47,48,49,50,51,52,53,54,55,56,57,58,59,60,61,62,63,64,65,66,67,68,69,70,71,72,73,74,75,76,77,78,79,80,81,82,83,84,85,86,87,88,89,90,91,92,93,94,95,96,97,98,99,100,101,102,103,104,105,106,107,108,109,110,111,112,113,114,115,116,117,118,119,120,121,122,123,124,125,126,127,128,129,130,131,132,133,134,135,136,137,138,139,140,141,142,143,144,145,146,147,148,149,150,151,152,153,154,155,156,157,158,159,160,161,162,163
0.0,0.38222650802104335,0.3013278870353371,0.2710876592455213,0.3050965723729748,0.307518731746924,0.3012255390281739,0.3359385500977905,0.40425190784952314,0.32732696753101803,0.37215035850672445,0.29432004556480534,0.4078850885807853,0.35576447092537616,0.34640181506858647,0.33841752847271,0.3589179364480781,0.49078784538196607,0.3275736394588151,0.4727828130587655,0.3619493412309684,0.390052201701774,0.3183898957266501,0.3626241048660399,0.40067762383720495,0.2935592015134763,0.2729721929153549,0.3234979784073747,0.31736379025574574,0.2980191146840948,0.377590477162755,0.36973327530179917,0.2889449055916057,0.3167725086386229,0.4288096699523865,0.36467687223099543,0.42651711609277454,0.3843274050684984,0.2948284950739589,0.37111695708097264,0.30857737084774683,0.35480427354081995,0.4106744622949473,0.34337945303267325,0.3704846961618145,0.36609310469185946,0.3123445197795339,0.3544038631617658,0.4117405768617647,0.4064587953376221,0.4075834098519109,0.33251110051045846,0.3385766624212565,0.3221691631057087,0.35838802633013667,0.3601737519786457,0.4525717623786988,0.30522072501909747,0.3622301948323815,0.3860795509911672,0.3341620301536502,0.3044001093660304,0.3536493476641543,0.30559836975509624,0.3541061466567408,0.34736771236556097,0.3329325342268059,0.373282618071074,0.3112204256224597,0.3885534156766656,0.4547039676365957,0.38083251606045093,0.36195072480599183,0.36506958055764877,0.35094041503047435,0.3670363997749246,0.2708052211194633,0.30423169550956064,0.35722930870229735,0.2787015028700749,0.31708421083850047,0.41840734059745255,0.3690795040757824,0.3504013435944557,0.3648089721449128,0.3971290525204879,0.3583780210075796,0.393990888056494,0.35288454820413767,0.3316782877232776,0.37948764748169794,0.33803703049040384,0.43461947916459737,0.3882824570506456,0.3873829311444437,0.31020958576442675,0.27877738629696636,0.2890293646155473,0.334822045220482,0.36578243867902255,0.36901438174792,0.30002193752008227,0.2753749902356049,0.2602561325676468,0.4487786776985873,0.3295548522748704,0.30545828830377814,0.34543535170644546,0.3496787960666184,0.3451413610007251,0.3160555306942872,0.39694094405842617,0.3613633083748086,0.2860349467882202,0.4106934785837384,0.36305666612207366,0.3665340352368542,0.3398260751076992,0.26871570953674423,0.30521651853096593,0.3301518483623355,0.27555866460742756,0.3955951882542737,0.3963574320870853,0.35498014349229495,0.3165036558905695,0.28514837093012974,0.3079961853575384,0.3168684582164723,0.3642927934793656,0.30371716260997345,0.28761896270181003,0.30544672489041697,0.391021570830729,0.33438021417052777,0.310498032003868,0.39751417839302894,0.3689779440785709,0.35510782994142287,0.38982095647195236,0.28155404720641325,0.35578826990987966,0.4093453853607661,0.3333799776199391,0.3732365994867204,0.3464405382293667,0.34930802268033817,0.27820288188703995,0.39178140504947945,0.23811445668150916,0.4322996832916774,0.3454706442410896,0.35372403557063137,0.2551756539186045,0.31366487420251826,0.40562818374767945,0.3130424033166997,0.3014513529888179,0.32949736623466247,0.3494278373480754,0.2857026457444148,0.4377885016510472,0.2575033002760513,0.4889933604460569
0.38222650802104335,0.0,0.3571792588829159,0.3254294296259097,0.27803211472655603,0.3711414470238437,0.3136477599431769,0.43026832616225685,0.32545850499975676,0.4456540697617884,0.3865200119486578,0.36602432239704824,0.353522241544866,0.3768280124755991,0.3554984464176588,0.3264794578171869,0.35457814611535704,0.3715309818159007,0.3952390795801363,0.3569872411365563,0.41345347468803617,0.4257793323787073,0.35099371467751533,0.3654846029252691,0.4492186275698308,0.3096075923514323,0.2707479273035931,0.34510678917561394,0.43423785858082653,0.28085219600567823,0.37303711007351215,0.3478919411671583,0.36210142416426216,0.32500030938463165,0.35928628333469936,0.3950816611590189,0.3712516699310725,0.36619964028298374,0.31178973818623107,0.38933678851427994,0.38492653116816544,0.3633374368928128,0.3144022909776173,0.3175622496237934,0.4371185022600212,0.3361826193725201,0.3073696402742407,0.3306994513181699,0.3742163427173381,0.32831176519087346,0.40049058850094266,0.3534345726332155,0.3589179407603857,0.44138170280752226,0.38319491726868515,0.3698276801846697,0.38569229124640414,0.33480467123083885,0.3851648582282295,0.39375339132255227,0.3929485244027105,0.2760289941050638,0.35918133021643656,0.27195635922999994,0.2998920111359366,0.32694264220900393,0.33371346921675954,0.3395716838948555,0.3124909635026025,0.43233439909742577,0.35110184441897085,0.3376744061653749,0.3082668738752612,0.39520528740280514,0.37702145894977335,0.31410293323006366,0.28106043127314756,0.3573460277692364,0.3586740223660219,0.2602843678760046,0.32879515038815627,0.37374138473201923,0.45388203396681726,0.3520051055242753,0.3544326208311044,0.47610550975902727,0.34548534692508615,0.3051902083855565,0.318182059265486,0.36120506965134297,0.3294066625092356,0.3314902738704868,0.3659448845004309,0.3486167720975511,0.39304025477056037,0.37431129847210437,0.30374241118610784,0.33001376454246373,0.2797964626561507,0.376277567152813,0.3315668589377781,0.2936209185075359,0.27175019816283924,0.32030076666425183,0.36434172801212134,0.31584911363851903,0.30831679900623027,0.4304572023808514,0.367751735864875,0.4099568583229508,0.3433582089210893,0.32064415026805454,0.352797147247531,0.2815363346985677,0.4378583153291404,0.422443461680316,0.38295934068494314,0.2806194998676105,0.3212351076803704,0.3066746205734542,0.2911852125706306,0.3015504946285904,0.370834047876147,0.43411018649542726,0.29973498937220117,0.4305014397258512,0.2928292573769902,0.35207253293175095,0.4364174701861046,0.32367766858085156,0.3268540089280223,0.30880079052543424,0.2862171560178757,0.3804003246111522,0.3424276334572507,0.27036122931725454,0.3297239111868645,0.3555999217193154,0.38417541277279355,0.3380980675374258,0.32382584836865536,0.3615774048217336,0.4394803421253231,0.33224644518009844,0.3762452910586436,0.320626105169559,0.3527955557652979,0.3177310129474244,0.4827282043975654,0.2613254280274984,0.35386397843934264,0.4025406833142905,0.3108133831156648,0.3148224914415706,0.3764806809075748,0.3901223949732171,0.3296631961135941,0.3687458849062974,0.30179463275431856,0.3007402492481699,0.3318083423684765,0.41689431526782117,0.2752704539148352,0.3650527993289909
0.3013278870353371,0.3571792588829159,0.0,0.2727166841524827,0.2747547878739246,0.3404632985100087,0.24716793908942092,0.3811432232866708,0.28674131950013876,0.387692982050923,0.3304309850421588,0.28695779194796006,0.38028848950432464,0.31771074387323917,0.26049809928564427,0.4454580100665927,0.4353008095612563,0.318881633004418,0.2583341891860456,0.27124248332646783,0.3958631900485289,0.42161072901526175,0.2700012689839234,0.29658854375771687,0.30845215317059566,0.3446697100769008,0.2742328609165191,0.3170145407166252,0.3099167849264955,0.28768356675232903,0.25590189905007193,0.35413801791182964,0.25690529219137526,0.2807216401495813,0.25996946652843134,0.31473615590317744,0.31627207854216566,0.3320960946632006,0.26522614155595337,0.3483868610494976,0.28773071823589064,0.37886120700564363,0.2933880386421332,0.2628201168932948,0.35278400572639274,0.3069430735958831,0.3236222335183568,0.2974332393409407,0.2959333817901315,0.2965330520862905,0.3261106876650866,0.35164335275302655,0.2608154834794498,0.3257492259323035,0.3066662080048032,0.33789076063339624,0.2989325102806565,0.34274600314989184,0.290828101845047,0.30648864062543685,0.3379977124767636,0.292925094873389,0.35409811487731846,0.26671729816134204,0.24652652835416186,0.2847266502700818,0.2974030066836359,0.345694281092959,0.3174611657861118,0.34592561903250735,0.3374306523742086,0.26061150558443225,0.323951678209429,0.4415892921234162,0.38385023725080847,0.23785838188214425,0.3289685085930589,0.33464505603111794,0.2943481686163347,0.26231764745827846,0.33114885911150227,0.2990162506802116,0.36288954514373967,0.35612966850688177,0.32628600041885125,0.3967042951139503,0.28517187688919343,0.25352225624626507,0.3016352994616068,0.288039298457789,0.31623681498426004,0.24780396040777197,0.31449155876822327,0.24927998401916796,0.34117715027819945,0.2769749516104598,0.26101009900635164,0.30653561950922603,0.25785423293734877,0.33153686808994687,0.24575608162449164,0.2943811819057914,0.22883938541430157,0.25647716040856816,0.31619063409455905,0.38710700689467276,0.3185377286737264,0.3454132704582119,0.3166276160241629,0.34998192210788964,0.27371491905861567,0.2842680374607833,0.31780230168532264,0.2852776532790968,0.3041578754189899,0.41595903765750686,0.2804515151520737,0.2770868318732295,0.334045927082361,0.32053813469418135,0.2841015710337537,0.28133064016500886,0.3072740329409659,0.3291582215896888,0.23566708426098829,0.31367233861900434,0.31525555679035583,0.3281441663864472,0.3852091525905821,0.28372938048156043,0.3395989286966456,0.43509925178059083,0.2502704152437632,0.2709244133361991,0.2687047587035233,0.23059273796550367,0.26338998775913525,0.2682976244085139,0.309450075333982,0.26787133066972163,0.22558444293830213,0.33427353751075317,0.32632662837556264,0.32523250636348905,0.30538400491371326,0.2504983355043715,0.33949461789626223,0.3126213907369768,0.37941075596560114,0.2883935834484586,0.2439650585491884,0.24951010597878606,0.2727989959468268,0.33900024942025175,0.31057933664317516,0.2882721879616517,0.28309764462446174,0.35582568959884364,0.21097356513612936,0.3189522855133953,0.3240201593310312,0.25169105416854837,0.27409763737591364,0.29986257712022535
0.2710876592455213,0.3254294296259097,0.2727166841524827,0.0,0.23463408836599647,0.29929998301892424,0.3288571941805522,0.3249409695007995,0.24298117875760813,0.3118178909930381,0.2876568356814288,0.3250341417807523,0.2893241130729486,0.2785069591109061,0.2974076936252625,0.27500859415816575,0.3058752584170084,0.287738418596254,0.306609237494959,0.25042760192910846,0.3243987542530566,0.269856211461703,0.31780495079077875,0.2691533312796732,0.3415447255313664,0.30222898896557815,0.29166463843614804,0.292808949055329,0.2954348875148847,0.2243198129444079,0.27862632242254104,0.28048220978916966,0.4395192452787502,0.3382116462872448,0.2812416671181815,0.319741856946313,0.29048172704204694,0.28236917192084493,0.25682692785749545,0.3431922963380496,0.31520080280686796,0.3003829127010465,0.255367112512224,0.2996719349953032,0.32353431239455865,0.30058075815028307,0.2257632987976896,0.2541213840941364,0.29192790490252585,0.2592604445412076,0.3343924224795263,0.3443583121653836,0.26897326376241587,0.37781097814953296,0.32139881609245524,0.28819521752934224,0.29459096031422916,0.330801828987377,0.2867113060114633,0.31801927787147466,0.31928795056723386,0.2570118693798215,0.302229757089412,0.22944518450398682,0.24736660082568812,0.2767149555227135,0.32527460456515633,0.24324320679734213,0.2538487251223662,0.31857191437234067,0.2562693633302638,0.259689108417042,0.29026058368457286,0.3706835504661178,0.2933733141370996,0.24213121992079062,0.2946843089164069,0.31922285144527507,0.28424725065310724,0.21860165598954817,0.25046127693902237,0.3189912566584379,0.27287025133342124,0.2792425925317595,0.3500191199608975,0.3041306261552696,0.3125029682672566,0.27033355068478004,0.2998704244370097,0.27660658859054515,0.30681210956069155,0.3257927735502719,0.2698888510447966,0.25640118347449237,0.3214704785804246,0.3018620923558511,0.23296673942193516,0.3575712569745803,0.2481327332691037,0.3422204360481973,0.26200881491576034,0.2917202338136705,0.33687306754221397,0.32464199957359585,0.29586698239541886,0.28254372672293954,0.28550451863915466,0.30712383887938716,0.2972669066199307,0.2814291257396612,0.3368480256091211,0.2879248697632433,0.3235168804151413,0.2836600736239579,0.3209643403047191,0.3163684533891766,0.3186820931965037,0.2240237385391159,0.3396572154852527,0.31829461163254974,0.24353582514866315,0.3353170294500647,0.29172801722318387,0.30144063421868955,0.22560445639139384,0.305538559193978,0.283851494332876,0.2905908730050287,0.37000799731251705,0.2669224034055029,0.2527947178245078,0.26118508222004577,0.2712998060074172,0.2950544459189971,0.2521695039538699,0.19882386593684578,0.21727775621764894,0.2934582205270712,0.3006116906736666,0.272823458297639,0.3448628412322806,0.2727560003912355,0.36015994197569706,0.2864555443472664,0.2760289551227187,0.29478760019313327,0.2669205028893022,0.25946400023962823,0.281759621000071,0.2257755578947079,0.2975831682457467,0.3056809146410055,0.2657170316639486,0.25336912360689406,0.3730216413464956,0.28200800766448214,0.2573321015549544,0.3167214962307101,0.35605088595125967,0.28473077143622333,0.27358221886959605,0.2829011751691307,0.2682246991957238,0.2798650703064593
0.3050965723729748,0.27803211472655603,0.2747547878739246,0.23463408836599647,0.0,0.2304409934008496,0.2971310283886822,0.25187083755851436,0.2875364229443727,0.2560205976110743,0.31864333935715994,0.2695691303210183,0.24518135447917627,0.2685304213199756,0.3218917579707651,0.28319554597992685,0.2836996074766555,0.30012889528661746,0.23663625339117653,0.25874229249066655,0.3058735008861982,0.323477393948336,0.30465630931539184,0.29369349874243006,0.2684861450711668,0.29065548019311316,0.25220573311235717,0.23077345912589306,0.25869181095442484,0.282882181777227,0.3117519054502104,0.24085478267603325,0.24193880597665254,0.251597943677801,0.3683835368165634,0.3440383710470107,0.2896300737849201,0.2931513433240024,0.3059261141964918,0.2741647113530725,0.28461307310876716,0.3082379745793386,0.3102027981406667,0.33012636156071745,0.26271233540500477,0.24593318227839167,0.29570706089679527,0.3443717489098778,0.30547304192944724,0.3117902360371161,0.3078850798575752,0.2625563200850176,0.2504642858900136,0.2726114808509334,0.2995371229542374,0.25042149400708774,0.2609135754690208,0.32092548506819163,0.2561183821072297,0.26512285763101456,0.21529662641820863,0.2360425599484411,0.2730968320469483,0.28715682398155284,0.2677351116765073,0.21341353279655673,0.23894403116774843,0.2741972908726821,0.25171774143805137,0.28851865553038836,0.28752745159372534,0.2851711350887079,0.2486320980192556,0.27067019678860393,0.24239594230237055,0.21644482914623062,0.24498575542996723,0.370482623773533,0.24981147593883107,0.2157582554504404,0.234890237846796,0.30737351787745637,0.30550281066380325,0.22792150821630303,0.2698214834794802,0.27111241480507464,0.2548485973321562,0.2632307129573056,0.22941416313309984,0.2454765075871493,0.4067521054793724,0.29806908148844885,0.3534190639425502,0.21661143156735546,0.2897419091448958,0.25879710064483824,0.20380808232613035,0.24230116734390972,0.29757195785582163,0.2379811505020829,0.26440745177864056,0.2314273514122817,0.25469182163721216,0.22860051873384252,0.2836114746008284,0.26313364783366594,0.22863084426910205,0.28803656751890805,0.28504530114225884,0.267725287285676,0.27136681541865587,0.32379842299909173,0.24267416105188824,0.25668728820770104,0.27117566553288225,0.2783755746486372,0.239480692494037,0.2803748006781422,0.23314362405428715,0.27550567981746055,0.3772115753578002,0.24672890709527712,0.2544738623433744,0.30088401723020525,0.27646477921264123,0.24863441490835503,0.23468450343331543,0.2924311175586756,0.26230129148512116,0.2687432085717312,0.24188069529048525,0.2428626287017209,0.20979705907658636,0.30171689724598794,0.26608788455191884,0.25754661176572324,0.25827123960959564,0.3709284635028802,0.28167816970655035,0.2936960968947428,0.21208758327794333,0.28428903100335307,0.29436690429554124,0.2955819223785103,0.3063537182724447,0.290146479969378,0.3453454294220104,0.2368134932785831,0.27135569875539217,0.22412750481554092,0.28005959038360906,0.25347923949994244,0.2927344772537025,0.26076900720626056,0.271401884538391,0.26770914707740995,0.21544061916998816,0.28008194794418234,0.24294043351510758,0.24310318269619707,0.2207939240472613,0.26764286460093223,0.23089439701324999,0.3635354696672122
0.307518731746924,0.3711414470238437,0.3404632985100087,0.29929998301892424,0.2304409934008496,0.0,0.26250134186469876,0.35790916348430335,0.26217943527129267,0.3475367072554024,0.3202486837245778,0.34689346759975537,0.36025234994179584,0.24953818982406592,0.27768852624823404,0.33070587073128305,0.3460190035431296,0.25595744851409397,0.33612069074375783,0.2817130623199686,0.3633159777364809,0.3087848662220086,0.2400907513851293,0.2721657296203786,0.3649077329382338,0.2713320257468163,0.2216188426898769,0.30485742165897955,0.3078532224451968,0.2545299409825876,0.2814315003486035,0.3489709827595648,0.30784607160807953,0.2823833679655968,0.27076025412318067,0.27851816793196993,0.3109394894742916,0.2690060051082928,0.2444491273985874,0.2786095306870066,0.31000534509849387,0.3446112871972753,0.27857239885267593,0.3249676554988606,0.2831199298978216,0.2704223200456413,0.2605261929989558,0.2945119969047927,0.2506964653320701,0.2686803233694165,0.3162155904964942,0.40644757026257655,0.25427234763345924,0.3513077087884171,0.2793680614949265,0.3536001925616566,0.297536208605666,0.3921078260503864,0.25109480774875914,0.2670314853947863,0.37670727799096904,0.2734601808811212,0.3758351454199153,0.20860526491099587,0.24171599897343843,0.2806190481168251,0.2721565557604002,0.3063309063308927,0.24159700915118254,0.3329145185469093,0.29769120820248596,0.2317251412536022,0.29333099312278155,0.3358774004585295,0.3681549437760209,0.2507425842526221,0.27309672781120775,0.27912289235529264,0.2747290954508164,0.3109319701007838,0.3960294904274618,0.2881961008618245,0.3313393122010873,0.3423228229454516,0.30904805437706806,0.31342487167133615,0.33666728457841905,0.24080869944455432,0.30302489873714045,0.27213603582206264,0.2992785665287876,0.2996278307187575,0.2838992382531515,0.265429829969322,0.2780486202174557,0.33662723834314556,0.2551909227843776,0.3477986208400105,0.22572333684842305,0.3171157134033164,0.23981461690883868,0.2674464634291504,0.26069158852291996,0.2696917156002862,0.29627335450749687,0.3290667374669437,0.3247337559343824,0.3722461567474587,0.27064719443640883,0.3397127487255398,0.32851375501827434,0.24915616957172979,0.3815459912712071,0.2723636022310745,0.2984474577482214,0.36863760159487535,0.34429420868805677,0.2271535811155552,0.4321765134018037,0.29026390464019436,0.23845776753546705,0.3069367883672867,0.3207405217807877,0.3372812657118498,0.25519608113222664,0.3468035603656515,0.29239229708628267,0.26673345793537606,0.3693874376746421,0.23455138737933906,0.3119650394712492,0.3765594630375111,0.2575326385649314,0.2882259027461713,0.2737706881679716,0.2304745939053005,0.2791507930638797,0.24387502622705126,0.2554650249615398,0.2574018546300128,0.28179920284055,0.30550050581329447,0.2908313911403588,0.2659548860875518,0.2934007867953551,0.2679885157348025,0.29926367364679324,0.3174756060912164,0.33052612619351446,0.26066404720782077,0.27997024722921554,0.30455998729885003,0.23007979570882642,0.2558492689114404,0.39805446535018135,0.29043973225358344,0.2739113482883807,0.4274030072812928,0.251813560621027,0.30024203747627803,0.2894344760536081,0.321856155064139,0.2523854966933708,0.2954522455826599
0.3012255390281739,0.3136477599431769,0.24716793908942092,0.3288571941805522,0.2971310283886822,0.26250134186469876,0.0,0.2592701316230077,0.25311977461686874,0.28190538357962835,0.3262795369410604,0.3954140942497328,0.2770330538126588,0.28558767112196903,0.35519492941235725,0.26057125827317124,0.27293202658219395,0.29983592519709734,0.3279563007840121,0.2484951436513483,0.3033479320656272,0.30019506767384624,0.3936419892014262,0.3399574462084837,0.3281342427837351,0.3174992241113418,0.2707131812565454,0.2620256928659762,0.32371002746080657,0.277774258649043,0.3159292762924452,0.293227696352487,0.34450938371610235,0.3494906309224702,0.30136247124636695,0.33414422073231703,0.34743070649370056,0.2757341752079208,0.30437285229594546,0.3517154031474648,0.37007741625994417,0.2839988787577315,0.3196051878403617,0.3626946368758801,0.32555127807290035,0.2887753074070085,0.2968215868917137,0.3058202962694384,0.4396815222878604,0.2757179269528955,0.37806342456477904,0.3019883802348313,0.24996010658618661,0.37908267990360195,0.4256703016444472,0.2738586494995807,0.29131467255423843,0.309227324131736,0.3136698795298219,0.29598673412920257,0.23938678423424892,0.24676295980537072,0.2686126975850053,0.26905758568118593,0.25322273358240854,0.23311592449177382,0.29480165348174103,0.30134301155205057,0.2541295492222213,0.27478580244168604,0.3067274466241593,0.27751271298294977,0.2496310211280613,0.3214387455194137,0.2253108558749005,0.27504996496725276,0.3288773761683522,0.3618740725564619,0.2703967972637953,0.22838646390831727,0.24905828102574276,0.3104327032599733,0.30616445845731777,0.2284058514490888,0.27791604425807426,0.2830435305617102,0.2641279748806177,0.30819254089218423,0.273545943210788,0.26922184243161096,0.36315775778916315,0.4135444028714056,0.3486081162046458,0.2723971300124519,0.29478405073004116,0.3534892684736739,0.2188207635313149,0.32343814669479726,0.2800706336573421,0.306982533762945,0.29715398144490107,0.2784890860988056,0.33912150300715715,0.28790136741657907,0.2783423393823463,0.2753631255210802,0.24498857486621842,0.2781685409414012,0.33881416776696993,0.30425030219239974,0.4414250137383108,0.3083843372635065,0.2668556619827778,0.23550568288604407,0.29817499066954534,0.2847517143309301,0.27806283257545394,0.3002962584462686,0.2887528968286625,0.26507620825024547,0.2787883599269627,0.27125962099922485,0.265858056238032,0.36120538336830693,0.23873357165836134,0.3611639861268946,0.2418382273913004,0.3451453964024902,0.3022406168651255,0.29151513779918947,0.22826938452925868,0.22219578929147613,0.23444808605358658,0.27986263725740657,0.2496508733932967,0.23508452890591355,0.27993348380439376,0.3510610566625945,0.3065414911351347,0.32230924931891247,0.2859314695314675,0.2768213656772215,0.3248336266050104,0.2761404835644203,0.3267451354278007,0.37353177158802964,0.2988064410090515,0.2681291426838692,0.2778346585431821,0.2058830809561048,0.31288266864597764,0.3062591868703434,0.28120284906413195,0.3003791483279124,0.3599476351968338,0.3002214263833652,0.27262433747710435,0.32446938354919036,0.3313679455001286,0.31227513730356793,0.2519393658567549,0.29255141644111826,0.24462499454427925,0.3177591818028278
0.3359385500977905,0.43026832616225685,0.3811432232866708,0.3249409695007995,0.25187083755851436,0.35790916348430335,0.2592701316230077,0.0,0.3491215379978515,0.42099355207573247,0.30777964750291703,0.3140494873292169,0.375743228574112,0.33297237751433173,0.29917750340082316,0.37678216636027745,0.39859532996379227,0.3389031425607832,0.3293315419165825,0.32353260707239845,0.41528799531575705,0.32623681533595783,0.31059413558627724,0.2872277153913499,0.3913143286353848,0.3088862020768265,0.3141660878364771,0.3713465622418048,0.2974188767911641,0.2854214626755232,0.3680876650308255,0.3744232658244017,0.308171035365778,0.34591338197344035,0.31534465946081347,0.3772139935337869,0.3469169480304706,0.3975272757056431,0.29408198738768637,0.3584422359352355,0.3163842269964542,0.3772812990070328,0.32202714317804276,0.2732548769684568,0.4398639697193217,0.34790904884097607,0.292542121789903,0.2807131663429183,0.3307665027366079,0.31728937560327913,0.3560030496187411,0.32693018270291646,0.3179462523521859,0.3292410461713392,0.32543501272935654,0.39733404620081125,0.345619848796591,0.37671539513978286,0.3528396315447086,0.34850957178531344,0.463129837238285,0.31201024693635104,0.35690569620095375,0.2821447197825819,0.28184678222169285,0.32099506286587975,0.34738318558286296,0.3145417940729128,0.33641628106205324,0.5153141049391523,0.3273440946593518,0.31856186119428515,0.3443102884099954,0.432332960962111,0.4616246538249534,0.29194341449281436,0.3322032226297695,0.3231963837039142,0.4042708682761515,0.2671574765031093,0.35160681724090975,0.35990738876539424,0.39392809603850504,0.437773069432902,0.4227181916825348,0.4792927096987904,0.43658005910095204,0.3175795709849435,0.41937668831598035,0.35471722302286657,0.3096805932407938,0.3192776082254894,0.33029674107034107,0.290194799370451,0.40440515514464526,0.3061354810949957,0.3172146584549227,0.371370474335203,0.28585421572940206,0.42339246757470944,0.30171861358844404,0.37272530947034815,0.28381333252007973,0.30732233569287093,0.4073982484692054,0.3941964615690938,0.35898182516829746,0.4456108416847363,0.33152168889226896,0.3334149253201722,0.2811103893140896,0.3289689173601132,0.39571649703443174,0.36761418862317685,0.3863774618588981,0.41350536293716494,0.3977873835160854,0.26551485803450153,0.3053798417595622,0.36524068339147736,0.28015864170340965,0.419683921660391,0.3447641171671749,0.36114681609945204,0.28521746253740843,0.3217428054913864,0.342626638668203,0.3476406479450494,0.4297335570808044,0.3016957852332918,0.4256883643406905,0.3646818507488981,0.33575271155400155,0.3259990951562342,0.3098981482202306,0.24021527390874925,0.2920613778539205,0.3026179134319441,0.36134968542534796,0.3466620694636025,0.2838546079382742,0.3391083037492634,0.41795037232390664,0.3500297857368803,0.3481050291829665,0.30874429136915754,0.3514190869604139,0.3506611259457257,0.44248596855851097,0.29760436312786703,0.3390218801149814,0.3572813474477947,0.2900769599221435,0.30629965237680223,0.4207451451124443,0.37579308949698403,0.29036948338745733,0.37727237596708474,0.2513240643204796,0.3392002134055293,0.3509981697602982,0.3521046361249185,0.34512344153061253,0.3164599188706537
0.40425190784952314,0.32545850499975676,0.28674131950013876,0.24298117875760813,0.2875364229443727,0.26217943527129267,0.25311977461686874,0.3491215379978515,0.0,0.2757751001169628,0.2920801498054557,0.2724122240282165,0.28638305202897935,0.38381147145929784,0.28667525952383754,0.30670959931465364,0.31099929827089345,0.40080006223592646,0.2873098278490136,0.38389459585146957,0.3237596927210718,0.4021928162739986,0.26596862487358247,0.2867672429395203,0.3142796068299509,0.26746686224539057,0.2938378155029742,0.2849479332880902,0.2632530912904837,0.33357612532379416,0.38841658871992324,0.3108442819484944,0.2596041810825619,0.2646105807673144,0.3752523718721393,0.3414288389277598,0.3011974650429212,0.46151335305480734,0.3015087143983094,0.29465796104742914,0.2848535658950234,0.35993712131779476,0.3447318757941255,0.28977862230068974,0.35300558878286564,0.28894435812410535,0.2771858811624846,0.2798282682431701,0.31921591024506596,0.3609236283250165,0.30007845807481875,0.27438063903560855,0.3202356838551051,0.27857004585521333,0.28987027533950827,0.3449847750457025,0.3540870564114825,0.3034770203383074,0.3278041957375209,0.30356425117865654,0.2805971188295148,0.3031888896430172,0.3019817080761071,0.3527761205295875,0.3485508096613024,0.2917431597771006,0.3092007692690022,0.3175013585115139,0.32378290211979127,0.37282393181127765,0.3941657343278795,0.38625469368075604,0.36476444163006744,0.3028775612711703,0.36014438843942254,0.30006498790830716,0.24621758278039882,0.2563520698380108,0.3428244984073814,0.2485036757849551,0.28014405581288193,0.43939455326378346,0.34580203790050507,0.31134721656771924,0.3776794857546368,0.41585907302312347,0.3333738509339563,0.36361770158985257,0.30746596152823064,0.377298259551811,0.3412318686621766,0.3548974979111028,0.3285646608557193,0.29819126943328156,0.41811113022745294,0.2979278721584949,0.32887215302149,0.30112334548188036,0.4360344991487368,0.2882930385060688,0.36579865673341083,0.27482293238209804,0.2864526773390828,0.2678901335021249,0.43407376346454307,0.2974360403730634,0.2579265104347763,0.32253245900431243,0.28740474998385246,0.27301922345109175,0.2494534630092256,0.42074337760618696,0.3044851401801505,0.35803705487565096,0.32550418081191224,0.3183780340429848,0.3095224767406811,0.30655771239242213,0.22796563521427565,0.33868734185167015,0.34619949263522964,0.29975878972424136,0.34385970015411094,0.3060279229771489,0.4606497429553839,0.26211380062142403,0.30989847297058226,0.29676284810797365,0.28688592986271283,0.3405840975593398,0.4328977046376952,0.3192960108206757,0.30178572798212866,0.4298262062918166,0.3304584175145482,0.2879676432527668,0.31869712018463586,0.31724121178929887,0.3660818529056128,0.3837217255732725,0.26287981569657803,0.35202253949987655,0.36159342375694037,0.39482111613516185,0.350239391231964,0.32466709895479434,0.39962166546025163,0.2600708442935942,0.36576016249560556,0.28522564314809645,0.391916141843109,0.30522261476321577,0.3340225368962102,0.26699969623650066,0.30021162801551704,0.38469988754397855,0.2679290868512687,0.2718404893401141,0.28792041434956384,0.2873496183001708,0.2558955164296374,0.39149498123946636,0.3347497996608328,0.38893442435572534
0.32732696753101803,0.4456540697617884,0.387692982050923,0.3118178909930381,0.2560205976110743,0.3475367072554024,0.28190538357962835,0.42099355207573247,0.2757751001169628,0.0,0.30397267166205366,0.293380453107883,0.38006644520336197,0.3319369596326743,0.287234192283192,0.35357034913669844,0.3853024536474155,0.35267852436301644,0.2983918175572983,0.28581477027779745,0.3339731268960856,0.30407437485784405,0.3562404436778508,0.27345465845300193,0.4383021094599454,0.30561804960942046,0.2992988655944345,0.37082309276939396,0.391646139440105,0.2628459287073737,0.32759355793417044,0.37373672623426524,0.26947360785901164,0.34208836438296464,0.315256466490351,0.33538935715431945,0.34830672274444857,0.31864101638256054,0.24894307319892645,0.35293140746064805,0.27722489087084173,0.34751979681299383,0.29619814963743313,0.2661798443448178,0.3763558986954364,0.32012127306179217,0.28350951502135585,0.2922066819792318,0.35836397917196083,0.27033876980442434,0.33420212247856435,0.3045582019010861,0.278916836748527,0.3340958470821121,0.3573117987953821,0.3824069019350624,0.30090942696155026,0.30855273329088573,0.34125649486793136,0.3256642530215326,0.3874341588117969,0.28176853579664124,0.30155785440016264,0.2571939191637477,0.252977613704257,0.2882829799501996,0.312330838070219,0.30292413147044284,0.3118441533547546,0.41736350298317754,0.28733691244735277,0.3198747024845518,0.2925692528934606,0.39384932291119445,0.3597069104926105,0.2966724673718632,0.30093756174820024,0.3594499826768475,0.3058880490278372,0.2853931848293523,0.3333364933249928,0.30467254727951143,0.36922070925171663,0.3764804458039166,0.34530903513746614,0.36745462402183354,0.3358790010654611,0.30342032566847,0.4008985350086757,0.29210251037290114,0.2998990991463679,0.29515036163294034,0.323977609268559,0.26652852889849254,0.34508653500944597,0.31256480285599353,0.23942985450142,0.3437456834436411,0.269946725312877,0.4313040146848076,0.2951917983521244,0.30986924956460177,0.2660659754681859,0.30351491265738234,0.31891360528262597,0.33595507106042755,0.3308834556414288,0.48016959161507883,0.3278069260747377,0.3277495474169222,0.2833699437543067,0.28898247314196734,0.3772619943139853,0.3279521703572943,0.3493241775328024,0.4004571278368393,0.38532946409179747,0.2948003177341167,0.33220625762862954,0.35353994206517264,0.25240212600292444,0.3233244211448573,0.30633997741514724,0.35744022769730155,0.25419061545435145,0.36743519183455337,0.3181669762988661,0.3033834217755522,0.4478506862906699,0.2925751685059504,0.3764386421307007,0.3029084830332553,0.2946556098788033,0.27950521023205954,0.26011423338833084,0.22502958232446368,0.28354642687422654,0.3167127481855791,0.3380452890357557,0.297582755261102,0.2693931733629915,0.3389745964007599,0.37429780675872376,0.28633291536866545,0.31566509946387056,0.30579567251118395,0.26725130156703025,0.36349122620485264,0.46702540668787335,0.2777987502319919,0.28621167041592427,0.3517819797716758,0.25750884283747755,0.2998614804207481,0.3471735037666647,0.3158592633870002,0.26170865828433343,0.4011280883641152,0.26814194112769035,0.36511643641149627,0.3973595305595267,0.3516788964081612,0.29338056451483974,0.28663151272135506
0.37215035850672445,0.3865200119486578,0.3304309850421588,0.2876568356814288,0.31864333935715994,0.3202486837245778,0.3262795369410604,0.30777964750291703,0.2920801498054557,0.30397267166205366,0.0,0.38962640239500557,0.3471280284153474,0.30593386403999817,0.3047231321979586,0.3770087781219124,0.36234544926446755,0.3393238260416804,0.32683778428367544,0.3087158420239906,0.365197971030184,0.41078610294667234,0.33688667671567746,0.373803800436943,0.38162044938005035,0.33341249797777534,0.30423286379077946,0.338408003024775,0.3752918030689294,0.31780751451993056,0.31018996637752494,0.326865228077455,0.285711775439699,0.3184967179588601,0.32152744869034267,0.3517776552309866,0.41532360110665195,0.33533943011912004,0.33989079175618797,0.34119531710589546,0.3006412423705802,0.35789950407165794,0.3061775802373561,0.3369924497697829,0.33661970060341334,0.28396780185968273,0.25233944460690305,0.40024830774955455,0.3699189949642601,0.27883246320569965,0.37588460074291247,0.29330291069973297,0.2673737378571594,0.3811076548614109,0.42620064291784626,0.28524991334462635,0.34283453749552867,0.38768510302105924,0.3041268556603921,0.31331242218135563,0.32469428145322676,0.23217802952684974,0.33157312651887,0.2624633461361698,0.23432009664151296,0.25452877347182123,0.3161280522105834,0.3165369207601254,0.28953573335523175,0.36039974046419265,0.31676965106611665,0.2659271147061609,0.31001890120990416,0.35151116980883274,0.3144298522462307,0.2758065574769863,0.33495791338725206,0.3628218982367663,0.2794648140487207,0.25694077658373143,0.28213446966875744,0.29739006851826144,0.3457700814305847,0.3002339522799015,0.2934997881954001,0.32894037648470764,0.3334497314784552,0.27370993656956255,0.2750665941156062,0.3081928390502941,0.40115945731734975,0.2711945375894835,0.39226520203991205,0.3021452675663261,0.31221759279424927,0.32628094618408754,0.241313535584261,0.26119525468365895,0.2570886532888582,0.28874336480469787,0.32126590745456834,0.2898635208381653,0.2508770610735407,0.24626494917977015,0.30978760031048796,0.27701778720404263,0.2553207116532886,0.3448964289435419,0.2914845458553375,0.388786155695454,0.3852730484622341,0.30269696790958556,0.30670223115343925,0.28278808832944946,0.32958898874897613,0.35619572579459574,0.29681082539507125,0.2995299862054906,0.2986629040088949,0.29222088182656264,0.30044357577348335,0.2558713600713432,0.31808343782843357,0.39693117376532955,0.2650948333998992,0.37097459423049617,0.2336536259909014,0.3609472555281054,0.32872456319023363,0.26364759104578434,0.26591826058058227,0.2917571732849709,0.29967946322821293,0.33707322938769224,0.3235551957476634,0.24016616671485905,0.31507881530999526,0.3001515211239941,0.3356080784902322,0.30877799151930174,0.26995282314356717,0.32988305434874876,0.3093964218068958,0.31176473853461917,0.39433549619114766,0.2871328737209431,0.31818200360276483,0.2677136881558754,0.3250406862627656,0.25598420018322743,0.3638809901198387,0.2969315528451608,0.358196784143845,0.26840078076523116,0.3139193932510363,0.34761053624525584,0.3269644285517866,0.3282011240439548,0.2888233914662998,0.30057863364310533,0.2471750210991276,0.33553400575414327,0.23157385894206087,0.45930192645025913
0.29432004556480534,0.36602432239704824,0.28695779194796006,0.3250341417807523,0.2695691303210183,0.34689346759975537,0.3954140942497328,0.3140494873292169,0.2724122240282165,0.293380453107883,0.38962640239500557,0.0,0.26059194929797297,0.236078186631136,0.3139317219558693,0.29728367218964413,0.2997739353455716,0.26910062795771156,0.43330944455282555,0.2689097033194906,0.37891055408550717,0.31302265377499516,0.31235957091207567,0.3260020057881105,0.39049459807148534,0.2873098469343647,0.25890623619911357,0.26352413087139304,0.3405075211039182,0.30741481845090957,0.3366242888635051,0.30652719311438587,0.33220725122604455,0.34522158764330224,0.27368108592350227,0.33632252655476713,0.3410404787592592,0.29951548304221487,0.37027521937660485,0.3104737905180494,0.35877209847298797,0.3087486908414442,0.31270971510018286,0.3495136297699273,0.31201293007724035,0.284325531163683,0.2780021645026312,0.3189526177510361,0.3249513693881529,0.2743685849939492,0.39784102304832303,0.34562323549215856,0.2614161844408477,0.4244148697868386,0.42450293852158766,0.27938604467479655,0.33994120787202914,0.4147976104519083,0.2692445218040329,0.3013918612841123,0.26996610541991245,0.24065761987979067,0.319998257192478,0.24080636946363043,0.24652240834096834,0.2542217414179671,0.2594829191192416,0.2740394496416604,0.2384048638209275,0.30468667989366566,0.28860179505235617,0.24356307662980184,0.25204207465510436,0.3160804990177892,0.2790366577822829,0.26055951161265917,0.2978502247558973,0.3469156932543585,0.28872509024826504,0.2387316782039041,0.27103679335583997,0.32398614825053895,0.3391785362931903,0.2455705343852189,0.30221534542907363,0.3177784224846097,0.28595324463204747,0.27070336344696017,0.2877387966756485,0.29690943705883227,0.34903528316051363,0.3505191916405074,0.34214889686468414,0.293759698961779,0.28748695599438134,0.386017325219607,0.24861896437162764,0.32983899571078606,0.25008182518712657,0.2762503378034355,0.2674427917362288,0.29917446601863196,0.3139597910489295,0.34029023109056356,0.29268571659730547,0.27961023013114183,0.2746753852135823,0.2974085958391041,0.28548319334975303,0.35010194433331615,0.5154902379168842,0.3063572308065118,0.26922557987626444,0.2697457719942414,0.30325365771624374,0.3049466168684765,0.29921193928847273,0.29831339580459826,0.31327865998104265,0.26828477766706404,0.2613481152489078,0.2959885086949149,0.2823893988365642,0.3706729104547742,0.231255374529366,0.43083703009793833,0.24073502229199398,0.3529023761082947,0.3561578528869579,0.24523892606033226,0.25366634670767646,0.2673239446884731,0.24659756379332118,0.3246577218515636,0.2845375315699366,0.21785485401501867,0.30007513197404495,0.281228770528542,0.28903925008766423,0.3376723953238813,0.2669080303005356,0.28729043404370025,0.3290895449019448,0.3022913222049829,0.3400291099173726,0.3386055820262547,0.35858111160096234,0.2745286890563869,0.3364681350034683,0.24351011513834056,0.3399173549023931,0.3400629720648926,0.29813696271986634,0.2693819855240554,0.4478576115061136,0.29336478279073025,0.27334766610424843,0.3445971873882285,0.2677846434859993,0.2822499681708343,0.22731019578764058,0.30192757010654064,0.2509587428438132,0.34275165088181536
