0,1,2,3,4,5,6,7,8,9,10,11,12,13,14,15,16,17,18,19,20,21,22,23,24,25,26,27,28,29,30,31,32,33,34,35,36,37,38,39,40,41,42,43,44,45,46,47,48,49,50,51,52,53,54,55,56,57,58,59,60,61,62,63,64,65,66,67,68,69,70,71,72,73,74,75,76,77,78,79,80,81,82,83,84,85,86,87,88,89,90,91,92,93,94,95,96,97,98,99,100,101,102,103,104,105,106,107,108,109,110,111,112,113,114,115,116,117,118,119,120,121,122,123,124,125,126,127,128,129,130,131,132,133,134,135,136,137,138,139,140,141,142,143,144,145,146,147,148,149,150,151,152,153,154,155,156,157,158,159,160,161,162,163
0.0,0.6237837609054661,0.6226118962510071,0.50828813788047,0.5756279536516115,0.5530977077879136,0.5456859905245235,0.6227732055157793,0.5460136314963738,0.5845658232809963,0.6285044155427671,0.592972487106654,0.6495875606394185,0.5639609770131949,0.5813991793642116,0.6268789196713548,0.5927748250468611,0.7485918683236139,0.6457689725412942,0.6443103912561573,0.6646714670922085,0.590147866150059,0.5415032516101176,0.670367377653874,0.691867696353143,0.5580363445444688,0.5492850702126398,0.5408888887526803,0.5847729282198593,0.5762546482479847,0.656950766000166,0.6456022350643061,0.5277629795897051,0.48355045501616817,0.6939385016935894,0.5934263447540008,0.7064725050710657,0.6330892510994288,0.5401176842781125,0.6336171963351966,0.6007571967381744,0.5633083186729892,0.656097182406596,0.6170314765559527,0.6644388945482593,0.6397409782385172,0.6406153058544513,0.6511877549640137,0.6925531792822924,0.6296336982026131,0.620051287348436,0.6225737053207316,0.49950243803264793,0.5781747387854531,0.5764485161323551,0.5340324180642559,0.6804030613131063,0.5998239042130364,0.6137193501786994,0.6459665552677014,0.5569694856714844,0.503318905159858,0.604843827230417,0.5512091119038908,0.5755341627839835,0.5960551876951254,0.5532820481145069,0.5909773259186506,0.6214670037814475,0.6640384580869123,0.6524248098152432,0.6258455263300051,0.5605842763730755,0.6247946087546598,0.6051777473614308,0.6616243154515421,0.5229491577832582,0.5699194246477117,0.5438730533037527,0.5192708633648644,0.5477846011162919,0.5856540059379692,0.5446742925020348,0.5796599656810122,0.5727370911917141,0.6780404082099162,0.6123911586942332,0.5928545520567612,0.6225704843639365,0.5026598262163415,0.6224915585814096,0.5632563383978759,0.6069833856733589,0.639464872968598,0.533674317480731,0.5610185404317483,0.5175999572647424,0.5702866486544133,0.5317763997819698,0.6196256508758297,0.5529531741366202,0.5775652970123717,0.539843958909889,0.5789922233978898,0.6325571351015012,0.5785928348140874,0.5496337457227278,0.5249373136037906,0.6536263476494011,0.6709646203135806,0.6071631242261515,0.5689255076685518,0.5579621704036049,0.50906581166367,0.604125796062508,0.6107016497026421,0.6213061601243373,0.6702841376574075,0.5206282883105103,0.5387743618224943,0.5939309938247374,0.519204984187342,0.5668580986635539,0.6500367086910115,0.5421959868756124,0.6543983982790881,0.5025227157948526,0.6025111985719909,0.566361511909641,0.6269041091891442,0.5435597574644276,0.5569230109318245,0.5425884304455343,0.533645938994995,0.6474301460128562,0.5187759020437462,0.5837413512612101,0.6470948645978775,0.5466829546714616,0.6290915786972137,0.5179990252018184,0.5746271838887866,0.5789155302776676,0.49861464442862197,0.6198649144777325,0.5589156964021633,0.5654416016496167,0.5076874106504264,0.6657395156404584,0.4814448703297691,0.6892050095464595,0.5362815436958785,0.6257655369008949,0.5367761329455933,0.6092454185502238,0.6552274949975501,0.615474906604428,0.5762543140573883,0.5231970479563618,0.5347788696811397,0.5386902898101251,0.6752692315856109,0.5019031606342558,0.6576747319259268
0.6237837609054661,0.0,0.6752294114720965,0.561642820571161,0.5800778635787307,0.6545779573021792,0.6266717312557655,0.673936664920985,0.6597023827521067,0.69746653732719,0.5909788585638619,0.5864361498827374,0.6189458668266549,0.596418080462671,0.6314270979180252,0.5521291066542714,0.5131795644441509,0.5996139914682194,0.5459386402277533,0.4862772931079762,0.5842303580801343,0.7292901480898569,0.47518931819768667,0.5744805289971009,0.6026439498045698,0.4888091593195926,0.5873404035215883,0.4677722902061314,0.6530109051082273,0.6138690398228501,0.6716354056963528,0.5984194873353383,0.6228992456097187,0.412429161444872,0.5500571225815921,0.547232903567172,0.6702250249370831,0.563637092980401,0.5700725706166837,0.597440632034686,0.5726287699739356,0.6488347990155588,0.4993220678949444,0.5605536201689462,0.5516095005988382,0.5458765441555713,0.5655395606919947,0.542723411616042,0.5677672711090475,0.5280910941138436,0.6044084032270878,0.5288625911200113,0.5224533980599004,0.6242114008762101,0.5589373271767212,0.6612961422044693,0.5523926332728749,0.6061317581239164,0.5598209750954563,0.5903852486895972,0.6203619003145571,0.5260559024716704,0.521248092170785,0.46722231049135876,0.5311201389373197,0.5104753982937167,0.616799747770522,0.6937231990929359,0.5173846948618884,0.7074645666825923,0.6744425298885295,0.5357410788396881,0.5158268686504608,0.6159526616954999,0.5971061192361831,0.586618575551335,0.5552369140591172,0.6599681372347399,0.44983328229674835,0.5416508835049874,0.5693208320159616,0.6639184949984986,0.7427022160666835,0.5213280253079959,0.5077630616563323,0.6103999967635708,0.6100542162428246,0.556808436505879,0.5887420761451663,0.6318974626999474,0.5971956636616821,0.6514744030286825,0.5781644849333938,0.5477901626058972,0.5726278233706285,0.7004519378464018,0.5412610602261871,0.5084351371323761,0.518608167122705,0.6009494008180819,0.5637099335308641,0.5633215662823469,0.4883121251247476,0.5337884164022306,0.5544419660337148,0.4972277126655519,0.5025666987583696,0.4683582128361473,0.6024870153746333,0.6230307701333458,0.5632606858186265,0.4990295788684542,0.5787283093354175,0.554413186256149,0.5015095116177066,0.5985671489403531,0.5223652345983926,0.5402334610926616,0.47166771293522086,0.6090794132498348,0.5368489387955242,0.5799934618759055,0.4572469583380168,0.7713780558087755,0.5342102186724489,0.7049689850590586,0.5293045116199325,0.6819250043513777,0.4877367051279518,0.5836499302171115,0.6304521693031242,0.5821422694188979,0.5613176408589436,0.5890969584415328,0.5553222932508884,0.48884131437438577,0.47922697956203497,0.5520437255728172,0.4555880974832363,0.6246301648706717,0.5563273980536025,0.5819443746528542,0.6934315991032445,0.5306801751037815,0.5842951816830296,0.46608506576787995,0.6720611583365604,0.6061038218248739,0.5364320696880261,0.4465323959566711,0.5670312107951668,0.5734502459836857,0.5589971289407226,0.593235892943839,0.578138746639103,0.7243972409092457,0.628455805947413,0.6663537085199406,0.5544743686961686,0.5348968860687549,0.5538642432605276,0.616896919756598,0.5601011341545036,0.6236916118028912
0.6226118962510071,0.6752294114720965,0.0,0.5653749105764918,0.5457313337959152,0.6350603842277637,0.5623704167931787,0.7582719832897682,0.5463450759218792,0.751474457828622,0.6085325311485121,0.5818457050275994,0.7315318644321139,0.6083271803237359,0.5248393819354223,0.668338973683388,0.6202882519936483,0.6409402251859159,0.5612656433632076,0.5229687258410437,0.6797770830042443,0.6105075368457298,0.5255190844831867,0.5785964552754321,0.6582300588721097,0.5766012494416765,0.640890072466058,0.5356349466295489,0.6107820067213618,0.5814531907005315,0.5671908789050231,0.6806837012399358,0.5499960642365124,0.4620814037978527,0.5409269628463471,0.5839191997318218,0.6792373050647101,0.6149503529402663,0.5152328935218626,0.6842014429818393,0.5791090558452543,0.6730572654824248,0.5430299633256321,0.5412783791690455,0.6346497477156038,0.6212436242773894,0.6191007758070716,0.5537518160577386,0.6069972881444593,0.562387340255839,0.6259446758042467,0.6026841753801434,0.49941794117662164,0.6016282279405198,0.5616378310923947,0.6293897826009648,0.5984882104965638,0.6603098049977042,0.6064022802203162,0.6476439063108133,0.6426753849785265,0.5528576661924182,0.5750520412975672,0.5193109703720001,0.5160984483182472,0.5709697078027157,0.6475692685532458,0.6306410947262653,0.61374931708456,0.7415466159189608,0.6353352214451066,0.5533815803261083,0.5947761070893353,0.7415796830757181,0.6845727369185994,0.5814339791506363,0.6061291967998108,0.6671270968939631,0.5011551895365307,0.555684588016047,0.60095388054814,0.5931398076145562,0.5894327390564502,0.5969582253336546,0.590654812005045,0.6720835831141703,0.6509914226614244,0.5742597975074255,0.6683533690486516,0.560603852010863,0.6400744015582595,0.5822780844563024,0.565071687045601,0.5618213287797013,0.5827065333674684,0.5758598395932104,0.5288397447996064,0.5806764592393604,0.5265131694261329,0.7337067338535984,0.5281395999510083,0.6424348655350399,0.5404226000549757,0.5487410710647939,0.5988393029104272,0.5940652372566188,0.6005283369377712,0.5394729019440561,0.6711504423193949,0.6605966854787737,0.59307073834936,0.5497526028384563,0.629822328684723,0.602426164568183,0.5515455691648342,0.6913706771411001,0.5794190966523611,0.5516249018595347,0.546738053129364,0.6530876843763563,0.5387525135570379,0.6038961233719702,0.5197187134574106,0.6789367468887355,0.4963800341537627,0.6518003186008026,0.6023587048888819,0.6692874986665471,0.5691454396186855,0.5927899403679773,0.6356132009522357,0.6689577806428803,0.5764426934957945,0.5398422209458484,0.5558038485913421,0.45741856860866925,0.4906523780674081,0.551019692874114,0.5073835073030805,0.6030691215578108,0.5062167243616,0.6200454402558089,0.6502252285129255,0.5363650414753417,0.614193857790242,0.5194217178157893,0.5619970773496558,0.592058093441039,0.6090706672689947,0.5193956242907313,0.5652932133529835,0.531110124025378,0.5878373570837718,0.634061230518004,0.639804785236651,0.6616229907146078,0.6023715104190218,0.712491546534385,0.501799085277409,0.5773924995976469,0.6052744453707941,0.6013585440817292,0.5862610202170059,0.5968995453150269
0.50828813788047,0.561642820571161,0.5653749105764918,0.0,0.5354074328374905,0.568551601032677,0.6015712575114823,0.5425496483932101,0.46841329510389884,0.5715663886562797,0.6042121177078823,0.5372099289044195,0.5202185197855509,0.560918492269454,0.5095173976219153,0.5108156650492882,0.5075984471923524,0.512355587783476,0.5335484005593258,0.4273850503863182,0.5683609470484591,0.5373099068900529,0.46987463268370944,0.49147887275609486,0.5439574510523045,0.5245026160924136,0.5366492104832268,0.4708692170654828,0.6598929435950478,0.4705886213533149,0.5206076635759747,0.5389943422533016,0.6679580537811151,0.41998213998780876,0.5176196883954308,0.5877250790583185,0.5530738206419651,0.5363267586929502,0.5204070976054419,0.5711389497638412,0.5907288605765385,0.5336467574680314,0.4732121351699362,0.5933316866632303,0.4945909925358063,0.4768269237318855,0.4648373434755038,0.5359155157107403,0.5386440579887527,0.49234112744101444,0.6109245097027545,0.5432355772652738,0.4715382475538225,0.6981940609510873,0.6295997193163184,0.49503601440536127,0.5074092250450101,0.6093293497439402,0.5357131579097668,0.5278145674843775,0.5769683589570173,0.5009775774629734,0.5294289001743487,0.46671858683299594,0.47215793098385306,0.4732798637528343,0.5668374544382019,0.5139036453368911,0.4998802015376997,0.596263385341063,0.5350019320484322,0.5032758649852703,0.5582914989271659,0.5938380703852076,0.5447733418804579,0.49391198629862026,0.5578640596980817,0.6265946868767339,0.43790752708480274,0.5244905373779118,0.5334139295673952,0.5638135400592583,0.4924799744584136,0.5090607764479094,0.5392367775290686,0.5068969255072598,0.5727185233519865,0.53019914772474,0.5118075593344095,0.4641594125577954,0.6313292565426168,0.5937362139472161,0.5611961506059769,0.49266489277780384,0.5857201798884786,0.5720176262483829,0.48719760739652584,0.5068633980631618,0.5264412020323043,0.5696555917640321,0.5293697874991029,0.5448728755727782,0.5907488886681832,0.5439025635079869,0.5483973103632012,0.4505139157531249,0.49837670722852145,0.45015091858998457,0.5310013980708042,0.5082038990824193,0.6351862088247634,0.5238840031468356,0.5913195260589379,0.5515097138362601,0.4968289790567465,0.5175435776406836,0.4967217093414531,0.4833618650976592,0.5642684235249582,0.651761773537241,0.4912158418514286,0.6588416303229506,0.4510383026779079,0.5965800743587755,0.49145846836180107,0.6344877113634805,0.5422818170541752,0.5204788757379193,0.5266643822335118,0.5089612076529337,0.47209262202603347,0.5302062311416508,0.5239043379594404,0.572666136879354,0.4962252359194119,0.4293876432447588,0.39969080310587435,0.5222083961592074,0.4390155967105401,0.5353672534418369,0.5862993148763518,0.5457367659446081,0.5914793784285919,0.5527219760063696,0.5658357313475462,0.4587313186909555,0.4952027095365399,0.5116758574797979,0.4807513355314105,0.4588830695434234,0.5456493886887926,0.5511719575060794,0.5152841256053842,0.46596494633634533,0.580992298261813,0.531227956476461,0.49890636946266775,0.5717578142160392,0.6214744110860145,0.5836196021266061,0.5249403834314171,0.5719198551176022,0.5409284067564722,0.5638016620610626
0.5756279536516115,0.5800778635787307,0.5457313337959152,0.5354074328374905,0.0,0.4851071801795551,0.639392749288864,0.5289647036967811,0.5811759414338677,0.5194234293110053,0.6068853189761344,0.5723014111639453,0.49782622614354477,0.5681170815435068,0.6464755050674071,0.5082923869602396,0.47979333669027613,0.5577452675431049,0.5305729796098645,0.48431852240259937,0.5729964721330327,0.6485117493297204,0.48567962996363645,0.5601094835523466,0.5446947498954392,0.5074106038046311,0.5459517548852096,0.433933086121392,0.5857092128562155,0.53820959567241,0.6822060127724238,0.5287491343954651,0.5545326664376978,0.41460223221981085,0.6321268045036151,0.6448812249867635,0.5922261381881864,0.5805733281542822,0.677838969797881,0.5568410739102145,0.5807246408346864,0.5525253962188336,0.5328088360699715,0.6355729510783452,0.5257480676173645,0.48861642775729297,0.5138240807367258,0.5858377297519917,0.6018464831708322,0.5810763209877162,0.6060373623745318,0.4963401938539679,0.47097890843880463,0.6112211050898823,0.6212995510620566,0.49971847403510794,0.544422157338657,0.5787267289594079,0.5648165798823933,0.5619570878020774,0.4981695009267315,0.4961726422409179,0.49270792235552147,0.5463673277756602,0.547625847193375,0.4682120876130667,0.5556005568768767,0.5594660695125803,0.5240303052935854,0.576596569207478,0.6219277618866469,0.5825711643236762,0.5222576595662243,0.5539215811753381,0.4997389987147165,0.4969474814327131,0.5317499935902211,0.6329444984495177,0.4391301124468234,0.4638246579679567,0.4692729599757322,0.6802742221586051,0.5330054561601347,0.4617858066477294,0.5205891866431879,0.5399683242809418,0.5542442825059128,0.5916045962578357,0.4835409158937015,0.5122242585993187,0.6736573562259821,0.6587014482133364,0.62991392829769,0.4990883293518216,0.5776570637120543,0.590814554762621,0.5051901613060966,0.48376340006035756,0.6283608208431893,0.5082724238344103,0.5952547068266564,0.5489671630539068,0.545686794901495,0.5212383977162501,0.5677222562292299,0.4569844224107309,0.468596197892496,0.43441693745643517,0.5409761248801015,0.5347914070621173,0.5974397398512924,0.5895560241582538,0.5036185558953846,0.5242005420132143,0.4780995438064768,0.49320926106888774,0.4646427866829257,0.6178608603912937,0.4587080705505619,0.5610454937002396,0.652090919132857,0.5447818285816372,0.45492987542933044,0.5925545063807528,0.5769125730286817,0.5813228031468481,0.5059180652656327,0.6162823434427419,0.4772605260251228,0.588331661592754,0.48633176720852594,0.5104910141914877,0.5072084339464299,0.6286579400849953,0.6053902380025186,0.5039085384290269,0.44511162040660684,0.6384628164683332,0.47095937730162557,0.6451780206748235,0.49687497924882346,0.5775252138008783,0.6169661025895784,0.5868522419000678,0.6255720713219656,0.5021201037865455,0.6492833732477459,0.4709072591455178,0.5084406903799227,0.44806647221299345,0.6183494954671623,0.5107917416511316,0.624002824892249,0.5203950640001319,0.5376191746003736,0.6067143569281755,0.5089270462801984,0.5108249305932634,0.5596900479068924,0.5077862063953348,0.4588377128335758,0.5819309148953203,0.5313485937764989,0.6755750080956288
0.5530977077879136,0.6545779573021792,0.6350603842277637,0.568551601032677,0.4851071801795551,0.0,0.539272287587832,0.6332775475430981,0.5407047534920055,0.6916925372433698,0.5448495846466057,0.5356278243352197,0.6018629050236824,0.5439783266803978,0.4971685704353027,0.5378110723903128,0.5129195293098132,0.5311115939589515,0.5294692575169404,0.4474355897486786,0.5597925751231494,0.5620090554672453,0.44321636394885056,0.4884848939095789,0.5812027763328453,0.47254835512389837,0.5124905348635954,0.4718564310458476,0.5927296443422414,0.5407829031396262,0.5425033144204863,0.6031983226217379,0.5688661830915356,0.4083099503597322,0.4857688470771648,0.5011748512866706,0.5966970152347867,0.5187529216113788,0.48361986616178476,0.5305760123711768,0.5178505523103516,0.6265552255662047,0.464195079247995,0.5200680995430458,0.5023158184054582,0.5094280848293761,0.518219246967754,0.5053722748062321,0.5075913781581654,0.4753305875436987,0.566858099422293,0.5371653149336862,0.49838591074203276,0.5813301594100994,0.5193878552059396,0.6511801684502482,0.5130763327384199,0.5967519699114578,0.5146659196253016,0.5267790233362551,0.6514063501501662,0.5246339350210371,0.5324863894929117,0.43099241463330085,0.48116455126035007,0.5082063502498507,0.5712942291808428,0.6056276242726947,0.48864574221817425,0.6656826790164568,0.5780601049182025,0.4794341013755222,0.5296987084842899,0.5905721352418103,0.6159554716001163,0.5688780596883904,0.5365901170092218,0.5842037579510444,0.43709341833928195,0.5998317885189375,0.6405879772065889,0.568449157828679,0.604840235477106,0.5366673322083474,0.5099962940288556,0.5467701842736223,0.6282011950767907,0.5122822678458585,0.5905582254755145,0.5421160089596666,0.5490655541562474,0.582671722778326,0.5137172190077881,0.5254770104979635,0.5452739010395059,0.6130806678446629,0.5196634415021713,0.5162145283450047,0.4814620678153915,0.5999969285277668,0.500961301490662,0.5474302490241267,0.48808562937547456,0.517454289152481,0.5302684777122443,0.48096690066798525,0.5101417792560211,0.4691657405120751,0.5373959529920415,0.5707303744470316,0.5475194935468869,0.46797896751707135,0.6448723139727836,0.5517490336390891,0.4872561792053042,0.569847322730772,0.5413743898613269,0.47291086427806317,0.5067948014621714,0.6233613272336945,0.46245386861369764,0.5971122682827696,0.45657308628609694,0.6626813673863536,0.4900010146729571,0.6342468915807401,0.5410021975220305,0.5479438252589268,0.4926550452939744,0.49937519268919406,0.6077529307783412,0.601377233628729,0.5466751170705232,0.5379588983491144,0.4884447156275921,0.4393082330615097,0.43880382658922407,0.46853684048149447,0.41680976061721137,0.5354205713546711,0.5507886957401831,0.55879602025142,0.6083726115198282,0.5043081704488493,0.534635060565967,0.4432324948175861,0.5335975996295218,0.6023041925542675,0.5095569231304709,0.4520728014097517,0.5173407391636201,0.5680156477423972,0.48658551109085635,0.503835495572042,0.5731116675193436,0.5938767508979732,0.5534123691248634,0.6835465993906576,0.5095864760242008,0.5573535346818783,0.5780679615937215,0.5957113551458637,0.5537593923972819,0.5400143267433988
0.5456859905245235,0.6266717312557655,0.5623704167931787,0.6015712575114823,0.639392749288864,0.539272287587832,0.0,0.5400822640461299,0.5648765060976324,0.5888461361808571,0.5795811103098683,0.5611552487225415,0.5227764690819574,0.5761388451147316,0.6167423781225284,0.49188037675489577,0.4665799231497403,0.5267045321489832,0.5018586232605382,0.43601575413987503,0.533532338287789,0.64499665031882,0.4726666102796618,0.5255244856709466,0.5455086215620624,0.48206800147309586,0.5656349548667308,0.4323418652646664,0.6116792955972888,0.5332770327946181,0.6160895544167689,0.5468385111189572,0.617355220883704,0.40303918401482586,0.5424035933209215,0.5602017810504141,0.6041877219494721,0.5084655488609774,0.5698145764923992,0.5631122489486726,0.5289129371031847,0.5867683525098903,0.47294983088776227,0.5765377565276141,0.5047670221358969,0.4747476294053656,0.5029465932031579,0.5315135783623897,0.5720440762675328,0.5033204252764011,0.6029860903255946,0.4817995558641233,0.4675105204587434,0.6310729056349501,0.5984002537625319,0.5473104202304923,0.49629570963801845,0.5646113319228819,0.554147844499125,0.5342342112920512,0.5317398278922878,0.49392630131373916,0.47136213370062685,0.46530153345765485,0.4967570966693797,0.45172774554032763,0.598895880597926,0.6055640182226939,0.48983248268071683,0.5829236365477166,0.5897556559604655,0.5101801840656746,0.5122701526040961,0.5742042113957567,0.4958807714426148,0.5037191614116416,0.5654248898435257,0.6775158134228189,0.40656179157335237,0.4767979118141216,0.4775024358956817,0.6440339899793167,0.5746723712895424,0.4480318122532342,0.48445018941744594,0.5044465010447565,0.5539117457521083,0.5719384872936089,0.5002382838706558,0.5371302143445253,0.622391674385848,0.7115632359052221,0.5736906509416697,0.48127638107289644,0.567654395475837,0.6541427296078255,0.48027503203866295,0.47574088483344285,0.5397064882241436,0.546417559196149,0.5521079875691093,0.5381722601261094,0.5225486995778512,0.5076233465919542,0.5190220818415459,0.44057460958215855,0.4572915128892926,0.4265778338747432,0.5335736603324504,0.5392229966309728,0.6012290928570092,0.5017831626370727,0.5448317986769968,0.5162318216050656,0.4533947620299819,0.5036671289359771,0.45874594852637596,0.5378915096880251,0.464358329350626,0.5841978267669931,0.5209402448440431,0.5544583810907491,0.42564668443518894,0.630038227885404,0.5129279663955731,0.6061097934225789,0.5206987141897714,0.6136212563376138,0.45976059221288773,0.5320518758529207,0.50372203041267,0.49918081114337637,0.5020234934379011,0.5725672067207995,0.5152600635564003,0.4530547350899752,0.41690591643503044,0.5502738068001153,0.4325722486375951,0.5631277656996676,0.5278709763170986,0.5532391132512827,0.6612741333525013,0.5451196738042288,0.5585367115892459,0.4785573655361045,0.5921790103861786,0.5019313806572031,0.4774591497635349,0.41266938102537587,0.5441573948770173,0.5149240750262476,0.5323840411960662,0.5441934237836789,0.5273835867833017,0.5933499578551019,0.5315786135876723,0.5611176658721366,0.5925481886616082,0.5383808840530239,0.47666176057778975,0.5494738825069468,0.514931860456312,0.5890616236509505
0.6227732055157793,0.673936664920985,0.7582719832897682,0.5425496483932101,0.5289647036967811,0.6332775475430981,0.5400822640461299,0.0,0.5571884907803148,0.7322758417793823,0.5866015826345886,0.6400838585368838,0.6842758984029688,0.542333680805135,0.5185982541740032,0.6706844219580798,0.6136535126965512,0.6240075744680126,0.5988747868432541,0.533059444238127,0.6594306617138116,0.575369559174558,0.5493780005147179,0.5926173539462242,0.7006112515575353,0.552643838842335,0.6469783532150425,0.5546864833989994,0.5802335265273872,0.6554028831972631,0.5842715860290641,0.6425960276850117,0.5364585361561186,0.4788881868435926,0.5309776676163386,0.551376549914971,0.6586054526209117,0.6007894429966888,0.5102480803390701,0.6362574198793618,0.5743732602371976,0.6641955394857312,0.5388712434769363,0.5246334323834926,0.6437545892162742,0.6316725423096309,0.620554288803959,0.530879086866477,0.5975030404245953,0.535126208922909,0.5820584128165616,0.599116199235574,0.47910432279773285,0.5622964516699479,0.5313317655789347,0.6386813415604599,0.5935396368652237,0.700369755716932,0.5459137027329295,0.6225145896439238,0.5967996079867256,0.5118270305888668,0.5563546081666574,0.4920951677877026,0.49073226290760563,0.5462543709715024,0.5778198224989981,0.5800908706176745,0.5703108341993022,0.7667289770602889,0.5886835171566057,0.5265199280086243,0.5384662973328509,0.6570295563575823,0.674524661987204,0.5789137715859182,0.5546037352800682,0.6322558222051798,0.518944147805842,0.5401779355576758,0.5762769209815825,0.5659098106403974,0.6073592593811132,0.5919140319082661,0.5690050473912801,0.7295233730326552,0.6319715651071397,0.5325143298705144,0.704239190798889,0.5753295418685711,0.6054615142912375,0.567150419444989,0.5424747810190301,0.5511476679687197,0.5312012289734629,0.5785547947768105,0.5015151254524177,0.6075753066918108,0.4938162907053409,0.6800838087759409,0.5033122050600352,0.6057903211796413,0.5208040070478805,0.5821447126058589,0.5692397335977144,0.6098240392202907,0.57636993415319,0.5735858869220035,0.6406325548158317,0.6655119742206369,0.5764405693747301,0.5276649149032272,0.5659862329874825,0.5849557073298668,0.547558096691624,0.7582415030209831,0.6017506811675125,0.5452271133297495,0.5200696140300934,0.6117742027835241,0.5167272714219947,0.5849206189761995,0.518260309844106,0.6719019426224274,0.47543032732714596,0.6602458079267847,0.540119940038952,0.6704534952666141,0.5651435819736121,0.5532095923257838,0.701862914354196,0.6249524125206379,0.5560036375387563,0.5238187456876021,0.5395435226895229,0.4389740261845498,0.5285664603070084,0.5356579848160539,0.5112275832652483,0.6188776762844765,0.4910725805668208,0.5693887283423404,0.6068255615943001,0.4988629930430203,0.5859400127383688,0.5156157196204526,0.5680330386788301,0.5812953266598035,0.6416158801906116,0.5177637363796375,0.5689018893755661,0.5231971807782054,0.5771732787595317,0.6103145987678156,0.6904068400192467,0.6433952757540331,0.6019843274285297,0.767197905154082,0.48012993134080406,0.539611001687056,0.5676258201073565,0.5963827596569063,0.5652701476197732,0.5890863944258318
0.5460136314963738,0.6597023827521067,0.5463450759218792,0.46841329510389884,0.5811759414338677,0.5407047534920055,0.5648765060976324,0.5571884907803148,0.0,0.5549123724410627,0.511614653264195,0.5339105003202922,0.5033912416632017,0.5228374543917672,0.6006764953244723,0.4765726877773625,0.43865864990528614,0.5116123900886008,0.47777454977744716,0.4481361013168086,0.5027850689443063,0.684825339907116,0.4253156885447282,0.5038458641694885,0.5167052117526394,0.4270837049317258,0.5095638796442632,0.402240865462983,0.5317610735332072,0.6105660074642328,0.6709439958664161,0.5133718785824305,0.5143230387695645,0.3729012686920005,0.5052170121678016,0.4917691288072624,0.5727031069118749,0.5030543795645047,0.5724527789751956,0.48682863608807364,0.4863481171014035,0.6095105456261466,0.45331984034047706,0.5039845047617779,0.478878701266983,0.4666561628232402,0.5081487128279488,0.4878454971251806,0.49878760795964616,0.48490650680367503,0.5193746687459623,0.4458254925816948,0.4738145335880431,0.5239364830611227,0.4926188554514186,0.6224902818188796,0.485979509176977,0.529026950450517,0.4901071008952196,0.5065751181723748,0.5100273320510549,0.4847842917078277,0.446738257555515,0.43924555800169235,0.5039839285955812,0.4451424524195878,0.5389500725259496,0.6316739729091041,0.4558160129677984,0.5780536892187632,0.6127730134768181,0.48790081334856805,0.4587951721373665,0.5071299449655937,0.49754492763739566,0.5030948780517777,0.4932337848634917,0.572208163533019,0.39894645198531076,0.473802144660033,0.48308125111089906,0.6482033098296233,0.719412804821752,0.4401337100062593,0.4512366415190307,0.5262697860552925,0.5435652748470943,0.511391133347416,0.48911978343261686,0.6656236423118032,0.5273791048526952,0.6242238921405476,0.5180014498563669,0.47518517367453894,0.5196815585377212,0.6415207965742239,0.5089330472883982,0.4485110813453813,0.5082390915943776,0.4847030656507305,0.5290144154291938,0.5046522631282357,0.4373507376336257,0.46797057193957653,0.49095853526902844,0.4361470333966939,0.43577521105525757,0.4148752732376773,0.4973166758789715,0.5385974337108111,0.49154381141234543,0.46364410988235644,0.4927734754741171,0.5093000114595484,0.42811124810062884,0.4923533702960528,0.44513227152082363,0.5119407190796131,0.4031118830871571,0.5326219622334307,0.5167686691815183,0.5082639940424931,0.411279978497794,0.603761537473176,0.5335905631210826,0.5497298445589991,0.4773778031879451,0.6261312421019027,0.41829937131731526,0.5191758766739946,0.5935438753574451,0.5166271052565452,0.501053782758379,0.5740040267474937,0.5217661799217346,0.4785824667673169,0.44530828741860184,0.49280360583617566,0.40846728679956634,0.5843206801774941,0.47330141073778736,0.5382496091575228,0.6115098957447529,0.5129624743043313,0.5292465687320941,0.4319884435708989,0.7877876510534443,0.5163583815001975,0.4760669649966712,0.41002417598013174,0.5143061654313895,0.5037247067623765,0.5142900744848256,0.5465203611526335,0.4935326344918533,0.649713539321324,0.5295930891520549,0.53953652757908,0.48293756403585375,0.46502359655090475,0.4575967042928535,0.5414362099755843,0.528012813027836,0.5704127814289828
0.5845658232809963,0.69746653732719,0.751474457828622,0.5715663886562797,0.5194234293110053,0.6916925372433698,0.5888461361808571,0.7322758417793823,0.5549123724410627,0.0,0.57079295736808,0.5751506494986061,0.6908407875100072,0.5800794138799067,0.5197307065677587,0.6033956681577582,0.5617957314331341,0.5878845011361995,0.5380489713144837,0.47669118675157013,0.5987512441414407,0.5929439113654033,0.5038637523382248,0.5374361017249104,0.6352662686891262,0.5192693792537759,0.6312578492737384,0.5096004718100581,0.6083753203922778,0.6035486511128497,0.5610522391492423,0.661688132302678,0.5630557137976518,0.43986271217266526,0.5039893973988749,0.5323636472051164,0.6557130859383608,0.5512298749418055,0.49683104991963944,0.6211013365178417,0.5370190583617568,0.6852010299947177,0.4962541946621789,0.5155793735805281,0.5734192848899199,0.5732270398236975,0.5856103113855421,0.5134244650593437,0.5713643865260288,0.5081478843049587,0.5966350137474739,0.5512940455605168,0.4919390737302306,0.5805814389545697,0.5393485473895024,0.6846581361190059,0.544493242188114,0.6345041174007525,0.5627082663902254,0.5923494669068214,0.6358999987953591,0.5368650690558042,0.5307216238577133,0.46541551120851776,0.48744911521345846,0.5260283586059553,0.6271532819968938,0.6415514381811359,0.5461215223312575,0.7212151702901567,0.5971720749116054,0.5094200743093411,0.5450380784948015,0.6741568052191194,0.6355045267767234,0.5819574186329725,0.5937465222903231,0.6694788579537367,0.46168647027317433,0.5600055490505241,0.5892329725621644,0.5763638565357813,0.6359411562396992,0.5487337928823748,0.5361460763900538,0.602665758367665,0.6258385336790959,0.5512326781045516,0.6690649888181769,0.5796170919905831,0.5962503149484707,0.5959404860721292,0.5398297588429326,0.5328435479996166,0.5568636301212216,0.6057459089190097,0.5037438205781242,0.548007524647716,0.49492849242613496,0.7014825359959722,0.5107478552507627,0.601525719806368,0.5108732527502742,0.5355353895671249,0.5482980982156538,0.5401875223629581,0.5491042706436833,0.5104163883434248,0.6173899144181881,0.6222460823734127,0.56920248942548,0.49730807040767516,0.6195286608728742,0.5865456550164344,0.5096308053901246,0.6550085931654118,0.5556254129595101,0.5186963448540247,0.5124222425069942,0.6470133478068743,0.49218632004351026,0.6005575420907261,0.47417825739580877,0.699293414509082,0.47618775844723377,0.6570050842086328,0.5752948465176528,0.6468948028335931,0.5208032937017772,0.5432924512177723,0.6705873532513575,0.6147903130877496,0.5594390010403972,0.5221395820936473,0.5046645632359883,0.43649068815180936,0.4682866585252026,0.5092654432142377,0.4623623995820728,0.5750962201737823,0.5152381713985587,0.5839548723275909,0.6523556192750938,0.5113058731341542,0.5638420429207461,0.4872729413515876,0.5513418513233029,0.6247427263649311,0.5577307724568147,0.47444713570267,0.5292516840199831,0.538301027707182,0.53118031884765,0.6191324147041112,0.609105748693276,0.6357888260588211,0.5987305327071968,0.7783969638444346,0.5023685698235193,0.5777542622974056,0.5943814813503234,0.5793609906033684,0.571392905435148,0.5589300888579397
0.6285044155427671,0.5909788585638619,0.6085325311485121,0.6042121177078823,0.6068853189761344,0.5448495846466057,0.5795811103098683,0.5866015826345886,0.511614653264195,0.57079295736808,0.0,0.5981583687614072,0.5999180493217577,0.6090479325260082,0.5400732883587409,0.6260330403856571,0.5867156873925989,0.6054310205907844,0.6091971893520486,0.540372662113407,0.6891423752892945,0.5947077300441391,0.5371265165763044,0.6171683400203191,0.6451347501568488,0.6161157879907384,0.5944330034998168,0.5347026453527919,0.6820029546310763,0.5243355341302217,0.5954692144206571,0.6083531836445997,0.5505886140888101,0.4772873283296478,0.6504447299805469,0.6580783427997708,0.7077109566384541,0.6711167209848296,0.6066998961935532,0.662957878371758,0.6122891018479556,0.573714437470232,0.5679253158551144,0.6786036280937673,0.5963124315110134,0.5399617651721124,0.503542440506161,0.7322217482513426,0.6937916984623721,0.5805977463480899,0.6429198706015838,0.5800637804162895,0.4723844697311962,0.6642425725111653,0.6979211450098276,0.5115546228762187,0.6266347729558135,0.6496861120401188,0.6038687672841394,0.6086310420146467,0.6031466102481795,0.5033489620097984,0.563545645415032,0.574039109280478,0.5249774672804679,0.5373413323695907,0.6345298957392578,0.5481190706082663,0.5809551650121808,0.6738274761237825,0.6085624572393471,0.6171188446388391,0.6419996282586731,0.6574008948162808,0.593290162997979,0.5522572082585792,0.6084084980065544,0.6619426781288952,0.49928458739061055,0.568256623919605,0.5383012906689056,0.5916736474864152,0.5123778490804519,0.5735319160399457,0.6266143438782925,0.6018038856190238,0.6987743102988361,0.5774794066649608,0.5504871167011305,0.5028173248245149,0.6851668463622806,0.5707802308395449,0.6239958857579876,0.5774720980567247,0.6062532029844069,0.5665667292649585,0.515261104940784,0.5456682126633144,0.5913885471631677,0.5921227547164483,0.6295366846700234,0.6274428443998322,0.5912116142969029,0.5448554634174266,0.6177312535569468,0.5146130942995821,0.5445116706458155,0.5075917193585178,0.5799082233988729,0.6344868234138108,0.7342425660052183,0.6400966422355294,0.6084185906716177,0.5976678377823905,0.5521936525497894,0.5707159037963,0.5445966744433213,0.6284454855845064,0.5676913601754245,0.6240312852710438,0.6252664593921871,0.5843924867973201,0.5558065294250853,0.640925828754275,0.5783397201836165,0.669108354615846,0.5351110739610375,0.6000283487970839,0.5851669734910774,0.5907600383359772,0.5017702655839574,0.5821491094690784,0.6372621121637424,0.6259299410915445,0.6788790240503968,0.4833044239379316,0.47498772566378566,0.6277965881493864,0.5300533620921501,0.6307392448098086,0.5233089587475219,0.6390399795762767,0.6003358224843882,0.566547239816559,0.7689218053568203,0.5195401674525559,0.5404382095374485,0.4987780168362555,0.5757201005148984,0.5285809166731635,0.7253227395177724,0.5342709345332723,0.664446616075526,0.4974083970595496,0.6274395724314796,0.65012648379484,0.6236485178522316,0.5798303362964728,0.5940485058691595,0.6059017481482499,0.5139969827903742,0.6858793291054626,0.5602715376332476,0.7788150331547239
0.592972487106654,0.5864361498827374,0.5818457050275994,0.5372099289044195,0.5723014111639453,0.5356278243352197,0.5611552487225415,0.6400838585368838,0.5339105003202922,0.5751506494986061,0.5981583687614072,0.0,0.5437790400329393,0.47834534884855096,0.5194580932267531,0.5794655630450172,0.5426454911486515,0.547265155973265,0.6256508818186438,0.5197673178527825,0.6110942420183463,0.5377251461139726,0.6034809906776504,0.6356803446177156,0.7053246398529269,0.5490751131563826,0.5987840901659474,0.5264223384329604,0.5368070398013263,0.6361113974850766,0.6099723067585674,0.5428249396105694,0.5168460402403209,0.5126625503910204,0.5659421585060106,0.5469659831599828,0.6205135790643,0.5501601569203355,0.5234222546528283,0.5735439869209036,0.5542657271270663,0.6135709356199129,0.5243603313270394,0.556829944531118,0.6126433806133184,0.5304829408547892,0.5490932480901548,0.5465404481128103,0.6170937685435279,0.5015441083861569,0.5347635987078585,0.5617442708808947,0.4171263828448937,0.538051477298332,0.5259930004140033,0.5523751227466066,0.5423716476349458,0.7056637758892832,0.4908487056314012,0.5379424355971497,0.49433659785762923,0.4375480047728147,0.49553177846926766,0.48582508948128494,0.45130105379787167,0.46512615360414866,0.5138750416500077,0.5034964813170553,0.5086774757520323,0.6315555096990426,0.5235703402650687,0.49371893155680807,0.5015907697001692,0.5553770160504773,0.5309594282980704,0.49689777241368854,0.49707235893926516,0.5989978410690716,0.49094341875496195,0.46821992936583473,0.47258288239721075,0.5414274989585733,0.5371130214595966,0.4998542068380177,0.529778659208998,0.6395456535348297,0.5797844721868627,0.4894096351286766,0.549715502518804,0.5379112317231407,0.6027928308407191,0.5700993554209907,0.516017514968362,0.48750202870021436,0.48206946344242524,0.5833625456603364,0.4388922687585964,0.631740991543392,0.4841287002819438,0.5571149269540123,0.4808094349916904,0.5294083249717496,0.5416829809298613,0.6419738106510048,0.5175302823814395,0.5299063506129734,0.48612312735893526,0.5653746647790686,0.5375482554727635,0.6379584518136794,0.6291325997951615,0.5319083393137534,0.49617997766030214,0.5145299417318759,0.49554381927109814,0.6237538470228465,0.5316954173016724,0.5564580799957037,0.504919617481144,0.5485382668147367,0.5097286687903348,0.5220394882232164,0.5174298605871138,0.5841956506875823,0.46402695579506553,0.6035484976026083,0.4667617936496678,0.6185827028786042,0.5458654599815798,0.49272815962323474,0.5687946603816073,0.5068451412956396,0.48953750917173267,0.5230771883950484,0.5422308825106302,0.41098540157318836,0.5243814734138931,0.5527117782466996,0.5195625441502375,0.5843389538307664,0.459585182020873,0.5100709968689532,0.542482088743772,0.47095349287308097,0.5704943085891594,0.5652024714414494,0.5688224699238986,0.4642625588342562,0.6169363246741992,0.47995722723937784,0.6052764533126253,0.46875123911627614,0.5718478779498457,0.5333419613762269,0.7053149952906103,0.5731848912992049,0.5427035368066863,0.6336403176534928,0.4823376073095296,0.4860818273622545,0.4567128647892379,0.5642801361618061,0.49461184740743797,0.6191877704821998
