0,1,2,3,4,5,6,7,8,9,10,11,12,13,14,15,16,17,18,19,20,21,22,23,24,25,26,27,28,29,30,31,32,33,34,35,36,37,38,39,40,41,42,43,44,45,46,47,48,49,50,51,52,53,54,55,56,57,58,59,60,61,62,63,64,65,66,67,68,69,70,71,72,73,74,75,76,77,78,79,80,81,82,83,84,85,86,87,88,89,90,91,92,93,94,95,96,97,98,99,100,101,102,103,104,105,106,107,108,109,110,111,112,113,114,115,116,117,118,119,120,121,122,123,124,125,126,127,128,129,130,131,132,133,134,135,136,137,138,139,140,141,142,143,144,145,146,147,148,149,150,151,152,153,154,155,156,157,158,159,160,161,162,163
0.0,0.28433446472345564,0.27672484598636243,0.2945674433708781,0.2858675905788228,0.28164300599168307,0.2576972409743665,0.2944961053880418,0.3762881820207339,0.2680721877788858,0.3467763606892848,0.23478482333581088,0.43110496211365334,0.29667298354087546,0.25300085041079867,0.328450689814305,0.3246366729105808,0.41199387959718897,0.25419765019189366,0.42373747011841373,0.2750098694000207,0.2998583187914703,0.30859036396127176,0.25465927426887214,0.32599028787565637,0.2573077656505305,0.2414676212165716,0.3054887737628942,0.24486105793271076,0.2383782309614441,0.2543107122861229,0.31038281111218846,0.25066399582693694,0.23273550459136522,0.4063859359547917,0.23595356576510426,0.3397936680891004,0.3332796251103799,0.2067380168965513,0.3652028642014399,0.234758948050324,0.34163654672567056,0.27223090935883354,0.2939074395995379,0.27440323502158437,0.29772302084094904,0.2322144555661341,0.2769334575520326,0.34135825534397324,0.3149568012956003,0.30212836518489694,0.303344604328307,0.2875874118806721,0.24788812636484714,0.2580408157772561,0.3195077380259706,0.3807216496414496,0.29480341885170297,0.2941602872003257,0.2731770049941671,0.283577949289569,0.21476596145432278,0.3677314759505579,0.2563324408568122,0.2745623520025945,0.30217474264411603,0.31406294183385,0.2815715530932269,0.2382020041652799,0.35181046065842697,0.37586340686977726,0.28645106042321594,0.38274405283789664,0.3234835778750479,0.28408284647139176,0.28007430373286324,0.2764544015864276,0.24578102555453932,0.2559360925239583,0.21877476004884355,0.2914830146694949,0.30127220726122816,0.2942938360037984,0.30777805728551877,0.33615997159885325,0.338467355673471,0.34704391855098765,0.29064681372203677,0.2777813346092373,0.27079816600373774,0.3568787956024625,0.24637916383712016,0.3069950172295693,0.31013103010172055,0.38467797207788496,0.24481936740727436,0.2042801560787155,0.2589959562707234,0.24537947894858064,0.271653742713707,0.23575646242161596,0.24860228422491323,0.23706510939983916,0.20384087250972463,0.3474968876845651,0.2871480622167932,0.243062417247694,0.37204405278611047,0.2699172934265081,0.2550924600623464,0.2637898253897483,0.3389672007526666,0.32861153350183425,0.2781070827136025,0.3031131449813183,0.3504209268564705,0.3333474728106359,0.27210262280658626,0.2964424679044356,0.2593977412010002,0.33647682073703156,0.24041310954593176,0.3336869978093376,0.30110168859621045,0.33039486838686616,0.2241279473380437,0.231514408173213,0.21735790972814345,0.24155704103202247,0.2939845029071526,0.25728713654205265,0.325973490997955,0.2891944931254319,0.31741380552543,0.2513534206684663,0.3021241163380462,0.2722428383146493,0.295275120335995,0.3209297551146681,0.2614708991791781,0.2625440387812563,0.29362054674033894,0.3120553155491597,0.29119613827236884,0.28164650110046635,0.27789422724486296,0.2803494379603177,0.2227864573664314,0.30635921987764764,0.17714441742421594,0.3629174080497367,0.2809317412923146,0.2667577212457296,0.231499129146181,0.25441738143370585,0.3123182673432202,0.31209118844025896,0.28053812748823187,0.3523710604959436,0.3150933322151632,0.2404646652740622,0.3688240228702553,0.22047277478838914,0.46334133169996394
0.28433446472345564,0.0,0.2896873878381993,0.3326395551295642,0.2130557775708697,0.4729373341243353,0.24524148388653239,0.43718606634242746,0.2691142935487728,0.3279140667486573,0.28617233868027864,0.3738939328338349,0.3141328746395105,0.2612233332043961,0.2692533641295786,0.3207476595121817,0.29284677556949246,0.24026551237956895,0.3530144235318712,0.36160834098255334,0.33127886659323175,0.32390174878308864,0.24852545209710916,0.27044888197235034,0.3632102047192135,0.23895715380436472,0.21435596621300632,0.27041766525949756,0.33844012975905097,0.20469748346302716,0.3306870326255589,0.39087233934280063,0.3605246451079461,0.26944495515091105,0.3204476603011688,0.32043413002060106,0.2785157252929654,0.30961456658477743,0.31279737255558215,0.3217510262617286,0.3246296833011486,0.26958398248653825,0.24433604340058124,0.2932438382882711,0.35593427212243545,0.2599963948100729,0.2518946077075045,0.2720933266050669,0.30421743000465024,0.32414917051138376,0.29542396759183837,0.3289815313608649,0.33627156982845585,0.3664661877611143,0.3677513307748279,0.34237723145123433,0.3568128447975411,0.29298779099188166,0.30029560541733286,0.3294738129269368,0.3848171468434824,0.21724644485682917,0.3211913554903943,0.24240460956756177,0.25578767650105033,0.279115627460584,0.26813646017900206,0.23471575895910257,0.19804636405994655,0.292227244097103,0.2955002395857318,0.2880739108687937,0.2606561005993118,0.3463791734470604,0.32944084839704,0.25926612379917785,0.28821543320063137,0.29236872257688523,0.25241879203997514,0.21642381624123194,0.28900503498763397,0.28805803574819816,0.3438858493743769,0.31393165005851864,0.318981725459148,0.4236705256763767,0.31123228861103314,0.2548301861457149,0.2977367000819541,0.30204692928451415,0.22830065849363335,0.27130227305554594,0.33832807530359155,0.3314686142039349,0.31376158534831056,0.333124785811473,0.3025447141492038,0.3178260074132286,0.22813446001926188,0.2916587359369706,0.26381353032784804,0.26195391595215145,0.20346760109091,0.2514982141639788,0.3122373739739179,0.28366767685452,0.2883577496356519,0.321496728497006,0.2682165974467432,0.2967862618234876,0.30005314354442464,0.29259397541406,0.3007763516689555,0.25217337499886405,0.3215669092448763,0.32624189030403483,0.36037042389860147,0.2533783763809561,0.35478783377068396,0.22407584998378996,0.3022031795137437,0.26549572780705055,0.32082821897207364,0.3005753464664928,0.30351324905714766,0.3336973495215941,0.26355063301738907,0.28128831025813433,0.38541897254620877,0.2777911207621869,0.2679290591589317,0.33258884022840324,0.2741701977985214,0.36193271613217803,0.30878019559369807,0.2683150955523495,0.29248085933989704,0.29141284158489034,0.33405197662920283,0.26287856713755936,0.29072679408094243,0.31888630143535585,0.35331876484452013,0.3258801035324607,0.32481679979052597,0.24619326522599436,0.3651385058694805,0.2553583084523281,0.39085505856986913,0.19680486352636872,0.300573940123621,0.3439375812263683,0.2367843836422919,0.2699139924485645,0.29447306864265893,0.2790191526692588,0.28173043554078375,0.308430132033841,0.2975072342708687,0.2980706513223992,0.2518907185167422,0.3535547058994537,0.21821455846692284,0.2716775551688943
0.27672484598636243,0.2896873878381993,0.0,0.2688221837312488,0.2890263999094976,0.27985191837096485,0.22800454149348642,0.28681801278545704,0.2539206787483563,0.35269081712676864,0.32308560009218623,0.2768233493792219,0.2822011010125432,0.22773412875033083,0.2301354935619949,0.36550632533832855,0.3498667479892878,0.2931586968450007,0.2672331460958364,0.26121138525638404,0.32066204136124943,0.4087025300957093,0.24749446391438343,0.2355241248005014,0.28176983581473386,0.21423904386187242,0.21040432753137103,0.2677901221627794,0.25680214768345117,0.2234171512504795,0.20617397472809473,0.28444435720562977,0.22337331271387614,0.20070080297554735,0.23230761083559748,0.22513937453320337,0.22731198936819344,0.25929397346717525,0.2187301156284245,0.28295506616406535,0.2227285257241402,0.3535098600596743,0.24269877526740927,0.22563036652184984,0.23784608732093734,0.21837803117755136,0.21175723052370463,0.24152202952206778,0.26897823467065385,0.2585805133185839,0.25873525174021333,0.26702556860999194,0.22753955802086542,0.26857412077347886,0.2606501338909283,0.2195533588341631,0.2681623823939737,0.3211540080142274,0.2666667128058968,0.22229579688750287,0.24544630871092277,0.17575291237537388,0.3311001085402267,0.2243845278118364,0.2276321222990888,0.23273619410761529,0.20616429451995927,0.2278950027838961,0.2423809455374765,0.31874113511234453,0.2505937204998567,0.20046253622271484,0.2609053521049199,0.3403358326920126,0.30345022531765825,0.17815861890211246,0.27533980551653237,0.23640013253649392,0.1885778081036012,0.16518732800427793,0.24337728379497237,0.2500725626984088,0.2684012721421274,0.22440127664195345,0.24300980029675684,0.26812326194747366,0.22531937963999107,0.2021266206779669,0.21120792878326164,0.1860254193341981,0.27123183355345976,0.19079308554939806,0.26878175602910065,0.2035534203620143,0.2764131806520102,0.22235846127959744,0.19618666442317717,0.23047960603519352,0.18343511939625687,0.21440827642367866,0.16816736172076685,0.25538343261796764,0.18446085742144333,0.2348912322110947,0.23990639680287576,0.24129665992915425,0.2395378415234518,0.3171595183044631,0.22036699543468125,0.25734212013774926,0.25606407991264574,0.22407527701769456,0.21937933317453415,0.2386396329239503,0.20736682590389366,0.3062695440249899,0.23487030073133858,0.3169519664279256,0.31922409802624385,0.21525505373723394,0.24629410975335142,0.19433082946994934,0.21213258794299475,0.23853472020902708,0.19135676729460818,0.2364404600770212,0.2069909301728677,0.2115453152785223,0.2723537617207921,0.2236729977487224,0.24184180249344145,0.39091539438219763,0.1830000456388742,0.22359268411211436,0.23732610029424242,0.2097941006652281,0.1992932524504515,0.21106672844503838,0.2998563815728641,0.21281131158856037,0.21036888452142405,0.25950986177790714,0.24718071948970316,0.27913422769822893,0.22144066940529633,0.19683563049813954,0.27520568694774517,0.22056746439982963,0.31876190568135787,0.1884632569851118,0.21159368581921864,0.22713272814535532,0.2571604278027127,0.2582146429574258,0.2565198946478225,0.2173903230551846,0.2579223467471267,0.2589201151831542,0.19575806156943992,0.23204735277001595,0.23980677442040518,0.20085111839349867,0.19659713348467184,0.2983620633990798
0.2945674433708781,0.3326395551295642,0.2688221837312488,0.0,0.25478505902615745,0.28644783364209353,0.33787656384104414,0.38113461975683843,0.2613735002527834,0.3020005623458497,0.2545210690900108,0.3265310002872614,0.2819367999663697,0.23479902355110657,0.3278323963321871,0.2572244309373093,0.3067172941743061,0.2968938510216453,0.3597240220421191,0.30589381579189284,0.42322375101232457,0.26784204253599597,0.3313891394947611,0.27639237526213073,0.3390975125569517,0.2648769247318905,0.23449397885346926,0.27446641932174415,0.2196172645554878,0.2103213779881906,0.2811095416805692,0.29467124782025955,0.3767872032982115,0.2859843569859914,0.2822334761935854,0.297092597296315,0.2915212076245447,0.2823226280990163,0.2807608961136986,0.45602157427900664,0.31544934870442626,0.3029593150335848,0.30701336013748043,0.28727258325175353,0.3077395142283142,0.34520799448739975,0.2498398367714882,0.24538081087262753,0.358825779477963,0.3351576818585495,0.4422276429244215,0.3907086645075312,0.3559639947282895,0.3644642509224701,0.3040784114887424,0.30422266120228536,0.4397190997154586,0.2839614786869769,0.3682925945178468,0.36134131885027493,0.3497304934084274,0.24007642015114522,0.4041858915605171,0.226006891491599,0.3717985180244037,0.351602276218669,0.30839366205050395,0.25611537826141223,0.2220849806794338,0.29244206895499814,0.3286824584234659,0.2978871265047467,0.26701956566960056,0.4851935144189416,0.27885956821691643,0.25001609090845583,0.3900625366425335,0.3178944057383574,0.2829419576345759,0.19978673233807076,0.3022270605557114,0.44837007710080445,0.32634781843300864,0.2520882506287194,0.4502876499544663,0.3423242491040608,0.3475440370220968,0.3271014068418465,0.3364511177623079,0.25729661054190844,0.28059574218844935,0.3039044747704095,0.2895937771378764,0.31399597687455316,0.40689660815841044,0.24554812092752126,0.2672661064408107,0.3144266357144717,0.2418465232309495,0.3160768577730512,0.22801798334685153,0.3342841003512863,0.2961521229930925,0.259166193640434,0.33083915961290894,0.3300224280343479,0.3494094843253865,0.2893042604805164,0.31536850861666693,0.27680807829182574,0.35821215229267417,0.35715785557382146,0.32706648329190763,0.28144637779175846,0.32123404432811486,0.2826431694948229,0.3827630722210557,0.25045441871649204,0.3191309035138836,0.23590677207497507,0.3076658443718597,0.31703050348125233,0.30175599697137573,0.33376190532073463,0.2545938287532613,0.2396138501792207,0.29222680674526735,0.2611456466641475,0.30070815078267854,0.3334468574875718,0.22911981258126354,0.3424062478850749,0.25043108952650006,0.2987083242431317,0.2769061897530024,0.2773594109508613,0.22522192765817933,0.32091739502932926,0.3413026540977184,0.31816552780346524,0.29855256182426865,0.24760708844259646,0.48955605510133776,0.3384812644205353,0.27787650897335725,0.2947984245558098,0.384004137607783,0.2849434431081581,0.29504208164274953,0.17069263898910061,0.3414098177364935,0.3576723633594909,0.27532487762487734,0.28110840212862,0.33675047666496655,0.30177961750313104,0.2826201167528526,0.3213080573638701,0.3346286911322735,0.3020467372019902,0.3003051474725016,0.28926803174561716,0.29338121110053583,0.2851988044038947
0.2858675905788228,0.2130557775708697,0.2890263999094976,0.25478505902615745,0.0,0.20413543210150722,0.28122903095085805,0.23808831292450827,0.2862058941657202,0.23663399001622157,0.28367975136672985,0.21565335644099706,0.25152004613022066,0.23985442485747283,0.26030319552961256,0.2955717786918734,0.2965891437226747,0.35411498569915445,0.22611797391350685,0.23954272478949565,0.26638717837645826,0.29870823169240474,0.33280291308593773,0.21342742368672482,0.24562528058093136,0.21462709826863172,0.26977023611976503,0.23588599609746042,0.20065816746997328,0.29751632957782875,0.22224386602629748,0.2339400657355656,0.22488986110741874,0.1867495472463068,0.26853094183079695,0.2347495783184876,0.23349763284245073,0.28317248589964367,0.20473242009547077,0.2635139203885649,0.23335469202962805,0.3332567711270876,0.2843497938119585,0.23738886753992183,0.2103260791759066,0.22872067917269387,0.2510267107318231,0.2261334179977535,0.2885546519543994,0.290334023622668,0.26880879793066975,0.2235731824333997,0.24373524285043122,0.2133591230318233,0.226819657417059,0.2124825597750121,0.24857261335724773,0.349705425011781,0.2574985391270769,0.2349352078834566,0.1902168363156644,0.20073508874920812,0.279905539768424,0.24631898480604272,0.23594361910072817,0.199189679308156,0.19710028025813678,0.2288308165110689,0.2580277498065039,0.3121936312952768,0.24414444689411507,0.22366448462082913,0.23015234856463337,0.2746809414553037,0.24156678319611205,0.18207451929760277,0.2485032579762983,0.27840395788607775,0.20306912452574774,0.16741067169613827,0.22506734119883245,0.25591383837082726,0.2685925736594001,0.20577450240528888,0.24409697229976934,0.23922995309241618,0.23183308312181092,0.250347714903956,0.21616095828323195,0.18194146111809026,0.423138696886711,0.22681850575814946,0.31621207513776123,0.1847665260535275,0.26981753628569627,0.19566133572824335,0.17249042590085156,0.20793920176554337,0.2170762896653961,0.19206697463909994,0.18063495302676222,0.2378670980548739,0.22825442596146317,0.20901062662089998,0.2580715173930361,0.2421155565864823,0.21927684282583676,0.2896865748932382,0.2581678015542298,0.19875582341309445,0.22216639283135456,0.275680062279559,0.2006750036903545,0.2919090517025969,0.21750643079049178,0.26285145732957854,0.22731201270571452,0.26624470498727276,0.21616106948175912,0.2329278722870475,0.3026964696762978,0.2288127421581393,0.19519163712054965,0.24311154850108807,0.21433511463379742,0.18985917157079188,0.20683140399108493,0.21490629660984525,0.19551509332340575,0.2493541864702835,0.24304678387693907,0.2794734419561624,0.18510981898457193,0.2157092955996216,0.19591343681644358,0.2312309359820284,0.19848887611608126,0.2579343960445451,0.28098836134871924,0.27754511139452265,0.2069686379485639,0.24276774393296968,0.2495332400884543,0.28749532263707,0.22327414388785174,0.22165539117922747,0.27316978827995697,0.2269237525871789,0.23255029909257754,0.18120200082601434,0.21601859063063358,0.24194813406341747,0.28469726368531934,0.2593453021248295,0.2424185258940062,0.22719769387334485,0.22103218852200054,0.24968393194920752,0.2188554462916375,0.22887143045469333,0.2194717988167788,0.2145705655580047,0.22249384670059213,0.3061826762164959
0.28164300599168307,0.4729373341243353,0.27985191837096485,0.28644783364209353,0.20413543210150722,0.0,0.22227236030395198,0.3568035523459405,0.2352128274498605,0.27598341392718273,0.3073615169709076,0.31185796043102065,0.37692393889663406,0.2290662769793817,0.23705700805682867,0.32716046659563003,0.2953917528904351,0.2111160906548056,0.2880108078831558,0.3432076063848122,0.3047913116465339,0.2850943495963467,0.2169118557939855,0.2561530663514898,0.31320509853246736,0.22660207570727137,0.19629298532713108,0.253302464278133,0.2959922697288058,0.19665220316493648,0.2667488525960371,0.37948655728521546,0.30596640027764493,0.24026708432345034,0.29389518119289676,0.2659185315742278,0.29186812108032656,0.26782800457712624,0.2569545519268229,0.2768054593876863,0.28038632557954274,0.2594963403045953,0.22627691748499593,0.2959143675811945,0.2860640087630415,0.23060651024311496,0.2321081709538618,0.2805189967380668,0.24924411507913935,0.29051083571102604,0.2635130011417335,0.3205785303723357,0.280666910949602,0.30452290468215654,0.2913339127298139,0.3366752430105851,0.3055888576509775,0.298417609980184,0.24357636403114868,0.2695067307071303,0.4138785008031997,0.2058407594942686,0.32462145805529635,0.21618765186251074,0.2189897307140165,0.24172718122944634,0.26025316474167226,0.2409998355071978,0.18073905795529988,0.25805515588198813,0.2694226996926074,0.23832917752644536,0.26834469313839254,0.3140421780117144,0.30477745949519597,0.2347738217521154,0.2788892896801469,0.2661565959355569,0.21692411493290253,0.2516542281054744,0.315020942287135,0.24209391029073005,0.29835081005618047,0.3345444989725952,0.2759006206349502,0.33966952979035725,0.3249799695191944,0.21778668839734872,0.272113178100232,0.272444731114695,0.2225868902447232,0.23932296815164342,0.3098899669497607,0.2842012870463216,0.26967961512538235,0.29462888794790276,0.25646851157365425,0.2889808360231606,0.20693060611026728,0.2618114990401842,0.24017077365945558,0.23493245281031014,0.18470566540955136,0.20911851861721029,0.2788335474272806,0.2807137279998645,0.2710681046231028,0.296227695174064,0.2370795281386871,0.31690551321393884,0.2725517586711644,0.24526255687787463,0.3287479042769293,0.23724250436553262,0.26893830048322576,0.3166668534582807,0.3100354600362333,0.22193354634800877,0.4136737830783029,0.215024488592858,0.2851897746456916,0.24105069938295332,0.3319163483811196,0.27272740175686344,0.3076717698383211,0.27861652450164714,0.2531854320652919,0.25378297906107067,0.31576589269809857,0.23289063955173694,0.2524114440019929,0.3557256978450732,0.294144223235198,0.30779708952985696,0.2910382103919734,0.2560576025801346,0.2879213099262016,0.24381865025920751,0.2780325680952328,0.22188485409766184,0.26350774148336464,0.2954682845735802,0.2794526988282346,0.28270772723126103,0.29276851039422824,0.21400088442178528,0.32204650765791726,0.248226179711742,0.30227376308897863,0.18831752372161722,0.26093364115110346,0.2782329917484475,0.20899315193792622,0.24469284102902586,0.2697493236371725,0.26151409258879255,0.3034722838950698,0.30563853039376804,0.2839666364192062,0.28807360817233535,0.22951488414106203,0.31923306442436616,0.19794437822769856,0.2721617019945448
0.2576972409743665,0.24524148388653239,0.22800454149348642,0.33787656384104414,0.28122903095085805,0.22227236030395198,0.0,0.2700560499730693,0.2279267340833072,0.2680706464938704,0.2288104711540113,0.30727586231865184,0.2615871016027181,0.21971130136944383,0.4096537973548159,0.23386385724578226,0.2343397239786346,0.27221192578628106,0.2786021883316238,0.23234862120787955,0.3219255586179972,0.23455824223064542,0.3333090171011353,0.2986088773063187,0.30773429461870844,0.3091228291471551,0.21157014827720216,0.20766209076712813,0.20814832754829166,0.21711614153832226,0.31652049209684957,0.2891676297526514,0.36170418355958206,0.28908241634711457,0.2446844969638683,0.26028868088316587,0.3288494513147851,0.24307471371092582,0.28530387646375266,0.36733491492869025,0.3174285624195814,0.2557054875667851,0.42340654977709113,0.3322371245971034,0.3239950547707115,0.3418613957612389,0.33450884671807424,0.28276727033341004,0.41474591112038245,0.2738994897774519,0.4220607734476724,0.26891384525555795,0.24072225707941697,0.31445105034490706,0.33112172077784174,0.2785867279794176,0.2866400452760098,0.24636897494071214,0.35666065175486744,0.2585654037233415,0.23880749096532686,0.24823909738390382,0.27517060208294886,0.23115758303287012,0.3311018425183059,0.28449271376646507,0.3107725355144649,0.3561085164702609,0.22766905308641583,0.2573218546144421,0.3660035326688071,0.2626065278457884,0.21281704824731834,0.3543114344387125,0.1964364466097754,0.2668689108632982,0.41137606050145603,0.3418873436075653,0.2862355731316818,0.21150598861738745,0.3199695549733027,0.34216029050991775,0.32055183053466296,0.20765446451573044,0.29131197799531994,0.2635001360141408,0.27742180917734055,0.32772979517144796,0.29789118969594497,0.2536639225287015,0.27886008390046174,0.35417068403437896,0.28660332583775583,0.2679927989529621,0.29336535428369886,0.2913726748263515,0.23288339229031524,0.3122726029792658,0.22890137551032813,0.3072407662653861,0.24917245636364035,0.3911691365044895,0.35529145938518714,0.2945493153838731,0.2599471385089137,0.3358866260880824,0.300901040044328,0.24582519853621046,0.3895521716975996,0.2786667462351485,0.3847398341487612,0.3034483130558979,0.25932182293110817,0.22851310666189575,0.2732800015614754,0.21874523449667602,0.2900460546469233,0.28456959751723,0.2549452398177053,0.1947424149996887,0.27346001591668706,0.27398186176822265,0.22511570793190222,0.38318091575133034,0.22334689939992433,0.2785997885521594,0.22599446513009516,0.30837965000435136,0.24262676086718854,0.35894536245596986,0.19926857411060836,0.24140040280684957,0.20551029135401583,0.21474787448378244,0.25630297657669515,0.32278145905944,0.26498922056235985,0.36011747475627554,0.30586771531372386,0.38840348723490686,0.3129244391648583,0.23089643209847613,0.3131258680313054,0.2648452941827826,0.32243131104128403,0.34274134751277385,0.31175326166680906,0.33572389862011215,0.25707588339937926,0.15248228370705422,0.31415760982018415,0.30216196500453296,0.21901106405754345,0.37413036537237915,0.38583581439476594,0.3434159698679424,0.24458358516888762,0.3729549292704507,0.28612236172001526,0.29407197578192557,0.3211144888699636,0.24348771953753634,0.30737123839463454,0.2514031800249691
0.2944961053880418,0.43718606634242746,0.28681801278545704,0.38113461975683843,0.23808831292450827,0.3568035523459405,0.2700560499730693,0.0,0.31880949664471864,0.3389512318716643,0.2726929146684889,0.37241354674551846,0.3394324940483813,0.2463017703452639,0.3016825512464328,0.33520712447320183,0.3423577451615929,0.2779343964329754,0.36994678744657644,0.36015862790867614,0.37132192461877334,0.2637921751226219,0.29619063224253156,0.2526454143526759,0.3607620544757285,0.2587899239710566,0.25517057777133095,0.29344986384466365,0.2613080323683418,0.23986759714229078,0.36747468770680625,0.38040468185101894,0.37236887447786926,0.28325988021777815,0.3075085227520234,0.33750097944585666,0.2897153897255828,0.35906262100170905,0.29806347482112644,0.38653439245056637,0.3498991133731845,0.28460406567601054,0.2916308888396814,0.2991496789362246,0.37503407049434256,0.3200844719188396,0.26842298298225203,0.2531451295274439,0.34672885843263945,0.3362501238159729,0.32555484034444254,0.33208729138500237,0.33457368645774355,0.3238215422890023,0.3296251038354349,0.3257050886365505,0.38821816531259323,0.38365606720791995,0.36665963491475057,0.3283540920921885,0.38623720059917216,0.2330094505366739,0.3626668680634992,0.27173782741762476,0.2730175716607386,0.277162067455132,0.29099082941839427,0.23662820607513152,0.2371672516509277,0.34445483694116263,0.29929937971403897,0.3084478416745544,0.27264175656949624,0.39743285418634855,0.36265531821763036,0.257322019768658,0.3466772050634398,0.3239527378155088,0.3181505632581102,0.21059765602610916,0.32016068810085885,0.31342011466449426,0.36768746551059545,0.3354161902555991,0.43395890676923854,0.4835930075574784,0.36300815860552244,0.31003802001982816,0.3704580484284716,0.28654647487775914,0.2646766477324568,0.29165243229698984,0.3422916192491463,0.29072523962543345,0.38648825831004996,0.29384150189465763,0.2920518560632336,0.36174310836381657,0.24572215739140413,0.32257347061739716,0.24722455337372357,0.3256569809401694,0.24635446847750286,0.283096091333818,0.3671441865241083,0.3509345890464541,0.3424440121575479,0.3660186300723211,0.31795455671287826,0.26538845809717027,0.28498442181088013,0.3533422908430923,0.32147396660444544,0.32699690268994847,0.33892387668661555,0.32636582967633426,0.43907200707839666,0.2687639400894814,0.320737206021736,0.24955571142405517,0.33083786699797535,0.338901144808304,0.2956180565629205,0.3140656508176582,0.2920326999771069,0.28932483711843804,0.2719795772320225,0.29567860616799885,0.35501621686229023,0.33032580026161773,0.31282408795439104,0.37161465610759015,0.2819990647470198,0.3040700260361143,0.27281908299521496,0.26686105577070524,0.2905981869348535,0.3146648634894612,0.39091493095742674,0.32020270168741755,0.30260744874268236,0.29208819390172786,0.3912691853910366,0.3802225362951049,0.3317086342291422,0.2959532377564822,0.42208678772345715,0.3157409533349664,0.3913903705313809,0.20876400424615335,0.3295903966380414,0.4356929246292519,0.2552408999499163,0.3036049197233898,0.3917363728697525,0.2894341270809416,0.2752116002082501,0.33986147509139925,0.2982258109277672,0.30857553641634883,0.293534255527832,0.3455415658001829,0.27937707409466545,0.278117104425322
0.3762881820207339,0.2691142935487728,0.2539206787483563,0.2613735002527834,0.2862058941657202,0.2352128274498605,0.2279267340833072,0.31880949664471864,0.0,0.23698865294379162,0.28966401326007885,0.23296861743149297,0.27843034651324655,0.3165112127019751,0.2295500660764058,0.3082207198458762,0.3339294559215047,0.38228288650586306,0.23455780299564255,0.31642470789158006,0.2396432123592766,0.3068759500350004,0.25681786362050424,0.20170683104066342,0.24968545640637568,0.23031908948430663,0.28648615690083706,0.3216661481176705,0.2253877054052751,0.29495578333260997,0.27504494651047307,0.26293254920786996,0.2494890620875375,0.20807985606041862,0.3235288659240409,0.22125389204386445,0.23482247580362445,0.3814824964790883,0.21547721662934388,0.28057609347138,0.23503107025536332,0.349720385269244,0.228671348600634,0.2418240483464982,0.2501711580977126,0.2465574553040531,0.21412205512544202,0.20400982327512807,0.27111178102020106,0.27488255158516495,0.24604695239250718,0.2652772031556419,0.29539703034636783,0.22694410823219632,0.23191368680785657,0.28079489248919154,0.3124958099883899,0.3360959595627982,0.2603125079784367,0.2358137936304106,0.23670002758380282,0.2094862981177363,0.30096932780970326,0.25781884107825825,0.2488495978669072,0.2349854476372651,0.2545249667524158,0.22088786740833305,0.2515721562953346,0.3539374889365743,0.29269162126230924,0.27944008430867456,0.33297956020969477,0.2617257317291417,0.35579022331070986,0.23323471902640464,0.23854515518014693,0.22782644163170937,0.2623746643896482,0.19565993266627546,0.24901063932006084,0.2872356727213576,0.29821135989723563,0.26669114750794887,0.3100638825631201,0.35374839006946374,0.2788105796235691,0.27974021896015555,0.26279034118383193,0.2711700519343606,0.37360814234301265,0.25061891574434003,0.27530344849251687,0.2495394563975691,0.3668127711346606,0.23204155771756765,0.22631509176608006,0.25094157201417067,0.26067568175210537,0.24128213839033585,0.22222743703850373,0.21409330310195204,0.22239570931352437,0.20524584354937753,0.32620800203894984,0.2574025953849203,0.21177006315006805,0.3386472309153763,0.2362464516783163,0.1911661474717553,0.20895199177579515,0.3169580359470083,0.2546947808041447,0.40107760084692995,0.2792628507061542,0.37513474488423554,0.30795205808672155,0.23078422795847284,0.21901522215612398,0.31722408230938726,0.3337226261502148,0.2692703090767746,0.2473395872002256,0.26650656244551957,0.3311316790004758,0.21375851959634304,0.22979676590374298,0.21009301180621856,0.22145436429534235,0.2735612244148566,0.3846862948166221,0.3226786678368561,0.26948484941951456,0.3431965841042802,0.20753973159286895,0.2535382599324478,0.23225214434704633,0.26203375769145176,0.2918690710554152,0.2561121673151713,0.242756113909461,0.2656149221506198,0.29716564246006594,0.3056741679634785,0.24980666437077792,0.2572122113641184,0.3207956476937363,0.2227428629367696,0.27298096887366946,0.21106748423659427,0.296858958392496,0.2948887765505671,0.2760760173324086,0.2178519962712211,0.246005482664537,0.25589826633689855,0.24046096832999622,0.25067225920583497,0.296093305350808,0.276344522596601,0.22168086717031485,0.3228113467721694,0.24941264803792726,0.35861406908738924
0.2680721877788858,0.3279140667486573,0.35269081712676864,0.3020005623458497,0.23663399001622157,0.27598341392718273,0.2680706464938704,0.3389512318716643,0.23698865294379162,0.0,0.25255270612282626,0.2777172480888173,0.2917137645551483,0.2314114884582073,0.2541119546744153,0.2904960766012865,0.25656671613850995,0.28470357343977143,0.2841565172126076,0.25524276209307484,0.28846946144027996,0.26427652646388716,0.3181921251685931,0.22033542019550265,0.4164481600871573,0.23796861701739816,0.22217443480522986,0.232459946147625,0.33486275431137286,0.208268901106564,0.2706195524013017,0.3357276091016906,0.2414389988305004,0.22520596491058786,0.25835136850542273,0.2474139314083513,0.29473866698206835,0.26239910361278507,0.21933447805565398,0.3065050679379018,0.22126881961279554,0.26752780735282033,0.28848141647034475,0.24544586614576816,0.27747501547619724,0.24483911009369314,0.2356503469681288,0.267564321938097,0.372471262305741,0.240521110643676,0.26537654720521164,0.2455913839900336,0.23256814747277485,0.2770655114806238,0.31891069713459713,0.2765761966346853,0.2763762101825994,0.2512938614008484,0.31621642366368546,0.23821203890096904,0.2753364846927941,0.20177939925843305,0.2776097283986238,0.22469773891277092,0.2360438153571851,0.24464268191825272,0.23727419610760359,0.2598181752244861,0.24186586416806857,0.32894256706572766,0.26177105102325415,0.27140654880845166,0.2138282060993401,0.33508120664458413,0.2423313469789721,0.2360143689740394,0.2832782002234915,0.2910405659430417,0.22221299101684655,0.19342086147196894,0.27543550731284144,0.259633831148993,0.3348379055321572,0.26925823560467077,0.27652272954006674,0.2946674608653385,0.30157058503861556,0.2774642081355237,0.29432536374656115,0.21132996820484437,0.235827542835916,0.22471961601113197,0.28252054190142517,0.21625706133013572,0.295341207262446,0.29420428940433974,0.20021926330118633,0.2696561074345887,0.22094897307747877,0.24519939706822144,0.21950300665801886,0.2934207952855724,0.23308791809170795,0.31578443597446115,0.2561389235941393,0.2580618777224497,0.24846107917494858,0.3301811714903131,0.2511854083639972,0.2511742747963243,0.25603424485536225,0.261516701411282,0.2540694429852798,0.2588337515016605,0.24756166736086463,0.23850760626774034,0.3034700598478712,0.38554891558196436,0.3012140108142136,0.2222902853418191,0.2431138784731761,0.2532937506207237,0.225931507828001,0.27091883525154903,0.2363108751270156,0.30484761581527015,0.21447276753166877,0.23009839109285032,0.31322745771182897,0.2923330537968158,0.2516516252287057,0.27439645055800455,0.24099090809273266,0.21789652904540416,0.24251431791528913,0.23646122193005095,0.24537574027966805,0.26721872832586524,0.3907256702003803,0.2702710588886927,0.2927700098063039,0.2784234222858041,0.2720613344698755,0.2617542891947664,0.27785412112468605,0.2587275896028934,0.2525096809482001,0.2832494224712999,0.4909152845697243,0.1748625744537388,0.24417778441925045,0.3339530886614925,0.20947109768801656,0.28050296701017247,0.2960824217257834,0.2640614501687789,0.23436744761957487,0.3014114101424188,0.2626134376689746,0.3024275822691567,0.32893457643290774,0.28062942119694717,0.2497163962571725,0.23565151236371398
0.3467763606892848,0.28617233868027864,0.32308560009218623,0.2545210690900108,0.28367975136672985,0.3073615169709076,0.2288104711540113,0.2726929146684889,0.28966401326007885,0.25255270612282626,0.0,0.2638565850377047,0.31946883024917594,0.23807535450534245,0.23172361172110675,0.36532778787655124,0.36340921753499944,0.30098778696956147,0.26810387974074334,0.31011538175565995,0.27853132812837084,0.3957867742765695,0.24938857280444152,0.25438058214550874,0.31702813293497395,0.20598644893787818,0.249292869701121,0.33532802116702387,0.2576434656831446,0.2685172420119864,0.21981097840620317,0.27891649039698097,0.228859660102509,0.1978493773546795,0.26827050567282634,0.22308066830359072,0.27680552724024715,0.27110734483126836,0.225116488589431,0.27446495528823117,0.22036392226476129,0.38258217212080675,0.23219074123641956,0.26744753691730316,0.22949680384472945,0.21381880134094777,0.18817110492297667,0.2831793891786829,0.27755204224517804,0.23504687788945408,0.2505429618009084,0.23330145408391423,0.22536004664572998,0.2585637436944037,0.25396323285467,0.23034360944937798,0.2778941261323019,0.3633885079723213,0.2537642353240841,0.21328797878882094,0.2787928699430045,0.1629310886320682,0.300760913458227,0.21808089858428448,0.20054058982671108,0.2192308460562177,0.23351577634161574,0.22954878692450276,0.25813354210211115,0.32292953547828596,0.2524385663746113,0.20155016533211575,0.28602479800280767,0.2850777336499061,0.3313492495746042,0.2048209192289149,0.26817966261937415,0.23077094048957889,0.1918548491612983,0.18567769610321894,0.2668163382995933,0.2202247073442155,0.27232205111019725,0.25144714074432967,0.23619477884815276,0.2607473709451756,0.28051433520188923,0.20455568655180537,0.20927447672897656,0.20996320015467118,0.3086764339931116,0.1878953519209992,0.2923111584791226,0.23349842885240063,0.2598008337705837,0.24443418136258913,0.18720737253601594,0.21163123290064265,0.17917283824359423,0.1981070665605056,0.2034195346950833,0.23878593862645928,0.18438614994610283,0.20203125743916311,0.23566295847245927,0.2163150377145683,0.20987546815722152,0.34586065529596177,0.2118230654968073,0.28374659522324086,0.270329165079049,0.22419365917241088,0.2412934645932824,0.2649677897285272,0.2178161549593185,0.2998132276797529,0.25144048122773016,0.2614502837931786,0.3084855250917693,0.21592040693785433,0.2546314106945342,0.19110893509577728,0.2396871994930596,0.2591069364264918,0.23274926140017335,0.23402429691550902,0.17833369589918374,0.21297165983838373,0.2382167151398871,0.21551571313595663,0.2632451966401164,0.31759954592849654,0.2261224515961199,0.24038709396698713,0.2705828702256451,0.24255586781650457,0.24207385254841152,0.21306820483075606,0.3009403926709627,0.2275678726860035,0.2488302709128116,0.26263490298066805,0.22368088715193069,0.2562729948167586,0.26679641926108855,0.19624265756826473,0.25369420601449555,0.2170813532490017,0.2768056058000894,0.20745272288092545,0.26665092444943,0.2472464797836507,0.3295869759392454,0.22966033418635265,0.24824364719403424,0.2581161058134764,0.2965350257916826,0.26267350205698564,0.2528063975699167,0.22804300401631503,0.21127936621952592,0.25374021020263876,0.18556614197905277,0.3815466019875437
0.23478482333581088,0.3738939328338349,0.2768233493792219,0.3265310002872614,0.21565335644099706,0.31185796043102065,0.30727586231865184,0.37241354674551846,0.23296861743149297,0.2777172480888173,0.2638565850377047,0.0,0.24704094344987101,0.18437550708887857,0.30334822532618116,0.2741966142711246,0.2774615124331767,0.21599010016652148,0.36620972388651407,0.2735030753409934,0.3584218444694397,0.25825451580895165,0.24950794760422448,0.2853474052924199,0.30843604786940315,0.2493581635139935,0.2027049770958899,0.22720429929209168,0.26123278349033824,0.22249867043521995,0.313423021297554,0.29096147218856727,0.3680297856826775,0.26578531700794894,0.22983254169909595,0.29202895847339905,0.28536670995434055,0.2583682184638293,0.41287762981836507,0.32324365858900894,0.38135434566253146,0.22936500444165667,0.30047607118373887,0.3090795934227264,0.3074223312235992,0.30070965793885757,0.2695409190897162,0.2907931637535719,0.28528093066501675,0.28203718232900926,0.3667193177752437,0.3208288375759025,0.26794267098857466,0.3913073538819538,0.41500542411527463,0.2624623627439411,0.33531524137604823,0.3266895723701537,0.2612564548406384,0.28017400175645474,0.3070790108569687,0.2104035263184745,0.3029284307767958,0.21461064232315843,0.26185230264504794,0.2586942242237808,0.24324230699952892,0.22571267180071672,0.18726220779897879,0.23583601440986826,0.2813413767363438,0.23701086192115572,0.20581967563247439,0.31091597328473203,0.25877429020097586,0.22936635304221467,0.32882729242164066,0.32943481110599404,0.2819327828044341,0.20215736787114252,0.2865653919124328,0.29796720325919346,0.31259698990990886,0.22671478598233488,0.31195932964029915,0.31326191568314404,0.2602197597329029,0.24789990670144227,0.2935187006041947,0.25466260934041046,0.23698980694751454,0.26887528111049896,0.3103520867042671,0.29477552553513964,0.2628744369116931,0.33388474416138914,0.2603023513968914,0.29709183183070254,0.19651198285480864,0.2619312177275587,0.2215214786183838,0.3073754291405291,0.23490674161957067,0.3191633591549122,0.2568561798713597,0.3155043203224329,0.3337914647214886,0.25304264229241563,0.30340833539123563,0.30635656922515436,0.3533910733149289,0.2848884325276975,0.2366186570798448,0.23686716396758062,0.27971274739868623,0.261668222674451,0.31191519188288724,0.2764905615583528,0.3050494961433234,0.18559209654739595,0.26933021303545135,0.27402384009411423,0.24130086137278964,0.31447172762884557,0.21423245708451588,0.36919549673421226,0.2146179072491698,0.307638493373574,0.3506421045143049,0.28534733288210995,0.21410810578444966,0.2898770903321834,0.21014803168581547,0.25171324174531234,0.28944938046065405,0.24905420003961626,0.29867138853614406,0.29235336544339874,0.2892311740242324,0.31378353033818024,0.26143895834210895,0.23015227178214553,0.3207300940685669,0.28584302811775153,0.31212482366214644,0.27674294862611737,0.40319985687699655,0.29956401167669133,0.328984371899428,0.18306184118284863,0.3019895799006685,0.3217481812775479,0.23784740538785057,0.3179210738282001,0.37115679791751516,0.2526523197669855,0.24314397793572634,0.31716741009432514,0.25088297111378877,0.24110006722800453,0.23631657373797352,0.249631708595673,0.23860965782094343,0.2469851743992425
