0,1,2,3,4,5,6,7,8,9,10,11,12,13,14,15,16,17,18,19,20,21,22,23,24,25,26,27,28,29,30,31,32,33,34,35,36,37,38,39,40,41,42,43,44,45,46,47,48,49,50,51,52,53,54,55,56,57,58,59,60,61,62,63,64,65,66,67,68,69,70,71,72,73,74,75,76,77,78,79,80,81,82,83,84,85,86,87,88,89,90,91,92,93,94,95,96,97,98,99,100,101,102,103,104,105,106,107,108,109,110,111,112,113,114,115,116,117,118,119,120,121,122,123,124,125,126,127,128,129,130,131,132,133,134,135,136,137,138,139,140,141,142,143,144,145,146,147,148,149,150,151,152,153,154,155,156,157,158,159,160,161,162,163
0.0,0.5676114852801224,0.46290814518998136,0.4867853111537421,0.4293971633057407,0.530231175120367,0.5452485733528268,0.567026457878167,0.6185607916840038,0.4979115483485846,0.560823376586313,0.5169587399838109,0.6108968409540738,0.559569889912647,0.564660411879617,0.5320838355284596,0.6047257304000178,0.7046645171319134,0.5452263478862259,0.6327768544346424,0.5865202152124522,0.5472975832219519,0.5946813503196526,0.49632937533356447,0.6245784821524725,0.5161228443926437,0.4837571562303388,0.5816929762392092,0.4390586237701652,0.5191424427044291,0.6245990212438833,0.6088880200921015,0.46822199801398695,0.6271243523663209,0.6513262006491629,0.6019307362889801,0.649956443645534,0.6376723670610167,0.5381639980961846,0.5184320460905335,0.5319679719487848,0.6382336473557212,0.6133965009964263,0.5430571695596399,0.6048824483016775,0.6418040726751878,0.5076176113288717,0.5047266239787275,0.6589580296389913,0.6454207009222662,0.6511508032730117,0.5529334783961136,0.6121248377086753,0.5312092328340985,0.543507255947173,0.6172417680935858,0.6816526296207133,0.5475330953508503,0.5595446483675686,0.6360638423051171,0.5523698206075199,0.5811558914617037,0.5832700453756683,0.526777181963805,0.6168282010440486,0.6032259016466446,0.5835458163427298,0.5653885272556839,0.5627592796567998,0.6231529901334638,0.6588528150327155,0.5815447140030429,0.5877091831038919,0.6239945840108884,0.6110132820528729,0.6290442371563315,0.5367153917490187,0.48255305645766433,0.6206402374020265,0.4725001670163377,0.5614142612853921,0.678118064355853,0.5467239852697028,0.5790657130262634,0.6422066750611615,0.6493749098396833,0.5968532179193753,0.6069035934265095,0.6285384126287953,0.5907273200288224,0.6403079724732229,0.596390352565187,0.5996331853362482,0.6329053028378744,0.652508273463171,0.5160710781191639,0.500138538344731,0.5574087486244218,0.5763634561226934,0.6045523613028592,0.57609286290046,0.5295962626669465,0.5362364664490726,0.4541328511482425,0.6462081008980101,0.5814548820950423,0.5661379965741605,0.6176153207325097,0.5765304688286775,0.5600550328792618,0.5747669674682943,0.6686235811444742,0.6522208168427026,0.5657947253508663,0.6534959494325718,0.580420446327616,0.6284471477902037,0.5250499802744175,0.4934592253247052,0.5822883364712622,0.5479182917144787,0.5513281521999011,0.6731622651699389,0.6050747908214985,0.5856560060308559,0.4975343938400181,0.5773713524325665,0.5241664567966442,0.5408483917093426,0.5529985435830074,0.5687516896529644,0.5261678894605647,0.5491020442843778,0.6355922084862302,0.5614389208751761,0.5663763319295989,0.558556655629322,0.5575245977035707,0.5033265236998469,0.6455898976227776,0.4673754183301213,0.6006088014542671,0.6881069874412565,0.582295357523926,0.6301648617798634,0.6096093669813114,0.5771687774991678,0.5419662570558129,0.5613927399300718,0.49102639214034133,0.6563970728980815,0.577001421750958,0.5788815414107084,0.47111999249025,0.5838171133588411,0.6548031160635118,0.5312852671320198,0.5308076146259066,0.471722882038617,0.6088988579557901,0.5425787492223191,0.6260002404960264,0.5423469327323351,0.6775439755975561
0.5676114852801224,0.0,0.5289733882061161,0.5182192533770453,0.4073594517111465,0.5361542487502122,0.5459384187634233,0.5807123877371163,0.5049944444324932,0.6262222181610554,0.5802066327205978,0.5780685821600612,0.5859063264633281,0.527604147568797,0.6106712532454949,0.5121524678786189,0.574291950365383,0.5762804515928983,0.5441757777932245,0.5529613425392769,0.5610624762257149,0.6352832126545509,0.577750847756578,0.5504279930675738,0.6263519318758545,0.4715280117533534,0.503570820713477,0.569343618283659,0.5538202151641787,0.4560550660990866,0.5767408368360484,0.5300742860184041,0.532223586099749,0.5618052697824065,0.5698971698352788,0.6133284620895553,0.5613334488880828,0.5570158640521377,0.5655575347368006,0.551446364970725,0.6140406831751549,0.5501468487431165,0.5048770103746084,0.5186022030529663,0.6191893005274142,0.5664802718086934,0.46354033753136736,0.49907205618179196,0.5880352964121314,0.5353612598735131,0.5421445190615606,0.507867517453676,0.5583609563178797,0.6157510144653868,0.5798387267294959,0.5493692103708582,0.5418832197140141,0.5206118665981119,0.534744877239816,0.5805929219482964,0.5786352313692854,0.46439271129880555,0.4999986293361669,0.49479012952069534,0.4932921236808077,0.49522449364907234,0.5433345853165712,0.4924098322017025,0.5113131956452631,0.5592420993676815,0.5236226326236135,0.5058282336350357,0.47548714273420134,0.5850690302900879,0.5918124552424832,0.5062153192804246,0.49015084032393774,0.4794480644179408,0.5403701624003917,0.41824591435128394,0.5248410620225787,0.5375734146065538,0.54332630335104,0.5652018957031877,0.4999587796696383,0.6458291717565872,0.4909074416820059,0.47733937443878477,0.5488634952276237,0.5711766342136769,0.5144773919263207,0.5316090815147192,0.579133687435382,0.5197870017604364,0.537339867184545,0.5743447440888124,0.47289111130089295,0.5472667642156157,0.46192686804082583,0.5642094951581873,0.5407450621944774,0.47488084491150506,0.45969974372195715,0.5099543474083503,0.5120448036521266,0.5195326210512164,0.5265543600470907,0.6554623297966449,0.5890518399497345,0.6183306095626934,0.548854603943107,0.5068409403853203,0.5308107227042019,0.5010656619019983,0.5576642638654394,0.5665617266791293,0.5480798086678761,0.5117320554208761,0.5229470637171681,0.5038446025305686,0.4771478915015289,0.4829353620325665,0.5346131904822902,0.5580182504706256,0.47876037373390523,0.5918455163599365,0.47732832052441254,0.5295865823162703,0.6533266719793014,0.533664631677833,0.5315418584605118,0.4787903123373086,0.4728974578598085,0.5361704666222167,0.5893437737787883,0.49874374477587297,0.5403462400589362,0.5576138086606908,0.580990492383944,0.5604898360589327,0.5015106394849734,0.5256553037497762,0.5925479243647732,0.5271178474192807,0.5825155543461782,0.4861184566256425,0.547387556875563,0.5714809141726912,0.6212155731108987,0.48158187968182653,0.522722791081694,0.5676251954236595,0.5684398491405273,0.5236358729337978,0.6151597089307709,0.578259120080084,0.5441640761546206,0.5372923036074315,0.4889011957501161,0.4755386968648615,0.5724013172094663,0.5106026690407882,0.4801281596654129,0.546458988145922
0.46290814518998136,0.5289733882061161,0.0,0.4164485729272345,0.49041051023362464,0.5392071827002609,0.46912399395476256,0.46825499773145174,0.40287151540311067,0.5067441628095049,0.5893863414907172,0.527474289610419,0.5491537508649265,0.42242815364851555,0.4933103211450874,0.6181844366132285,0.5746346305504703,0.4594236849835691,0.4406816185515123,0.443135207790374,0.579315117348863,0.650288449386169,0.4408115915549002,0.5329684498398968,0.4799593486657732,0.5018229011874412,0.40362371406775266,0.4318000482587376,0.5191238387102275,0.46573250653168585,0.43641457111542503,0.5056072113546383,0.43855944483874854,0.4370090136570223,0.4198833151038289,0.4966110019095866,0.5217904481260197,0.46941561442603447,0.5174561862339307,0.48308723636328404,0.5039976522672475,0.5000436660085141,0.5127844271430257,0.4993923129162585,0.48049559660546004,0.4869193605594877,0.5195018722823944,0.58397277599036,0.47396909340211424,0.49160186719875043,0.5119439461338443,0.5006841526391366,0.4408705813254994,0.5354759686546868,0.5197955179398769,0.45768331362801085,0.4705675447118557,0.5486539357340391,0.4273184056935134,0.4708806527258188,0.47637067641179914,0.4463803133856351,0.5161123799641001,0.4194259231838176,0.42091138903496095,0.43633013251772107,0.43688203157860755,0.533419426212321,0.4659566499633438,0.46233061949477033,0.5043844829477231,0.4051818368663138,0.4028417044914372,0.5499815914727366,0.4977764936815036,0.4025550663391286,0.5195052682651847,0.5503073646433042,0.4491989745253236,0.4336184591207711,0.5102032158533119,0.4357102267011875,0.5536746561393507,0.4714463566654888,0.4289592001421902,0.49224625796417937,0.42730678513947823,0.4044192419948675,0.426066292216011,0.4484545702915261,0.5030399576081152,0.40722908518683076,0.5463669705273432,0.4282074603865317,0.4369083202260891,0.4947728706128155,0.4111366522446589,0.4276995726135472,0.39028508554842256,0.43562759276486146,0.4218853227698906,0.46459363859739533,0.3852812461920214,0.41266858595655775,0.4217032290746854,0.5424339943280431,0.5033322534289172,0.49137654388488744,0.521402186204745,0.6019743405382508,0.4955228761574011,0.43540125034541216,0.44993866385447084,0.4131190216100929,0.458625529127406,0.511249687343817,0.4223975533441404,0.489840032898408,0.5215521833360012,0.40304444972643205,0.4871985343486959,0.4153223409271927,0.4496931516214232,0.5260022728894578,0.38516230865482237,0.543720852973125,0.4302635680066249,0.5792956274517953,0.5297348361700629,0.463615728670042,0.4356857178776606,0.5378922226333482,0.3968873846825149,0.41965524819177824,0.4886026591510279,0.4595192912102938,0.5092403071568957,0.4600083838363976,0.4564288237972618,0.46388977652852126,0.3923813239096992,0.5021997883354011,0.44507219531692777,0.4421560479498442,0.52276834795689,0.423723564522186,0.5407655346729465,0.5445714100577944,0.5044036067359264,0.4517835232893524,0.4087918260313523,0.4297904433201395,0.48554453332746594,0.5621946591677326,0.5027965157005009,0.4654791232047174,0.4708078000809978,0.5565679336428787,0.37476037311380356,0.44108561445379724,0.46891709687749433,0.39906615037853543,0.3996594234082095,0.4859829645653356
0.4867853111537421,0.5182192533770453,0.4164485729272345,0.0,0.36942674610977166,0.47228470749080415,0.5382753464646678,0.4885594757612044,0.41952397259819746,0.46158807320751627,0.49345637613858173,0.47589817343112,0.4733130047542344,0.4637697748098651,0.5338340759054965,0.41158704761025994,0.4644971992817987,0.4848855983790265,0.4819727071524966,0.42236366230440836,0.4610413602435862,0.4625200336912782,0.5121082014987339,0.45463835050143503,0.500834808113894,0.4646447723696467,0.4538935508594677,0.5181928825756708,0.4492120935196616,0.37879805267925165,0.4810069257278241,0.43185899846112835,0.7004121690931017,0.5147887839818212,0.5189633775009546,0.5245907356072474,0.4751123685048213,0.45789891155010254,0.4438754677204682,0.49845348082337726,0.5745491261140198,0.4430182321823043,0.43436404773808523,0.5033218788284229,0.5008256482885286,0.4655282673327018,0.39225762341109893,0.4334311436492558,0.49111389699072194,0.44117615299283663,0.5036146097684662,0.5086093506503069,0.4654103015194142,0.5794205755935533,0.5131078938992664,0.44292010531241627,0.4519165008841594,0.46626869009033545,0.45505005933564346,0.4705053994136177,0.5009405710216668,0.4095056874670877,0.48024637156793964,0.40470223947610934,0.4237444973524073,0.42991110567822965,0.48196650310195865,0.4230857891611803,0.4377402387740944,0.5005910416311478,0.4490790546764845,0.4357150994663299,0.4552666812934817,0.5015550986224219,0.47287409762332155,0.44151217465419257,0.4293924904333649,0.42134715919404964,0.48809248879417505,0.3769584830563466,0.44548010759319634,0.49140900663039044,0.4276029394385654,0.4905360118447028,0.45427079670732734,0.49361974117730284,0.450452079311436,0.439021752560878,0.4754416490157947,0.4432360823911476,0.4968356899817883,0.5091629865001763,0.47302545630569254,0.4471363813340663,0.48511517062036585,0.5042338843237257,0.40455213451359595,0.5079468766692078,0.4161970655164507,0.5427512170844444,0.45574724008002904,0.4118928107212701,0.5139731904305629,0.5016298126062857,0.47262540138916753,0.42785711373020746,0.43606457214283145,0.5002579325022732,0.4846392975565039,0.44778898592020216,0.526564963007287,0.45615911536770426,0.5119557022446194,0.42631581475265395,0.5404856170462936,0.4963858677637012,0.4819984749603897,0.394995322685416,0.5310638447417706,0.4942139342932293,0.4000456446702929,0.5092807643326435,0.45570650208475444,0.4812872448353854,0.41937128346312985,0.5014008746306959,0.4333652108367286,0.42491338024782094,0.5358985165725515,0.44490553592293847,0.41331536269043617,0.3944642797718155,0.422296386749507,0.4970965776136823,0.4423649947175244,0.4028669634271611,0.40582178066342545,0.516449023943564,0.47034323829111124,0.448154090178601,0.6115364261883522,0.41395163716121564,0.5054345693113614,0.4510367971701463,0.46110834561235914,0.46828555003776307,0.43732010531761806,0.44590617528903137,0.44445535350030846,0.38063857220100217,0.5019594616816716,0.49994394328396574,0.4424126019754422,0.4004851926822297,0.5398099866423324,0.46157273650001535,0.4448376473481736,0.4755491055332279,0.6115792951195177,0.45589599830586003,0.4890374493530536,0.46547896668318484,0.40989664528895936,0.48281339412874485
0.4293971633057407,0.4073594517111465,0.49041051023362464,0.36942674610977166,0.0,0.45165240332597173,0.45778142202279415,0.3667056055620735,0.36291042537893176,0.3774826092575638,0.4932651162096885,0.44688518381383124,0.43682634173321266,0.3618188649110323,0.44644271511725975,0.5101234673103523,0.47692050126466695,0.40600759588621127,0.386049175146905,0.3765137026437912,0.4971037993013781,0.47833353944590085,0.39828594451498145,0.4958538612668838,0.3988415828442549,0.5026262288874922,0.3436309307938808,0.36437010600195036,0.41110002181509986,0.485563837220497,0.3831256079305912,0.4236865992210278,0.3915951924845349,0.3828329491563044,0.37895475499858566,0.4047645471753312,0.4648062857455896,0.4045251454773291,0.4419063191923752,0.4277865107042482,0.44223236046607,0.4429621522573579,0.47691665247432274,0.5092352710112448,0.3826450952239272,0.42207919338169403,0.5598883258466175,0.547461345519685,0.4275402562850906,0.4323768532031283,0.4773346858615227,0.49640226636352697,0.3869981080550358,0.4314930341288534,0.4261079606796806,0.4057712475964025,0.4286709389249585,0.4918572999260033,0.36022510371956135,0.4004276017726994,0.3671507230563768,0.40611075524242934,0.4781863124720707,0.35554613132942864,0.3881510493099371,0.3812501728724872,0.3676106927086761,0.5157794517069236,0.38341238170378256,0.38560278945767473,0.47169774598369785,0.36491917480048597,0.3555896519782781,0.44861641409612485,0.39350615584646226,0.3711059640671524,0.4487265713457698,0.6034869889431158,0.39775913937613,0.48165926996685493,0.45337377870270196,0.39398071310232646,0.5274958402453738,0.38498710144564463,0.39001575577758046,0.4086768931748451,0.36804295818901406,0.3647455764625879,0.36500404356279786,0.38669576784619186,0.5149346784634142,0.3683380332951018,0.48883159730084974,0.39204679637358153,0.389512350953178,0.42511362242757267,0.3416042364089502,0.3685138092025656,0.3667272338226493,0.37011728257329196,0.3718926634522312,0.3808119439851608,0.35765408502245294,0.35482375813600836,0.3718823408331246,0.47760181428436815,0.4048690975625344,0.4002484562688881,0.4519726268642043,0.48460889112975913,0.45660988736937297,0.4039542365052771,0.3895976187613902,0.3530293487805367,0.41641802235357595,0.46676851282488907,0.3760244805465385,0.418136188523616,0.4368093788503281,0.36075906245762424,0.5187447114200477,0.36950199908269366,0.4076126045394631,0.5147332594770454,0.36097647676784583,0.4415715384264881,0.37808061817787475,0.47986922176475433,0.403851585250425,0.4023389667981369,0.3694042463132563,0.45893440035571786,0.3513594496513191,0.38601401587991335,0.389326957138054,0.4411640297310677,0.47791413550378997,0.43094886427526813,0.3655500144689652,0.41185074938062305,0.34562286040204676,0.4268087251458674,0.38776116273797323,0.37112200326640615,0.4538152543676862,0.3973319508419384,0.5058795990393218,0.4521466817390689,0.392171891077917,0.3742150119490269,0.37319790762722277,0.38243149113054536,0.4055114833451832,0.441988093326315,0.4279525687785637,0.3936949137492175,0.41130665636714103,0.5131409121213917,0.3477829590914469,0.4294422951429361,0.3900772276234059,0.3736667855098743,0.3557899483132452,0.49416242629011714
0.530231175120367,0.5361542487502122,0.5392071827002609,0.47228470749080415,0.45165240332597173,0.0,0.4919783847075929,0.5160554313794217,0.4625727183764267,0.501207680712581,0.5626323504612143,0.6621511107696594,0.5121201227026362,0.4158155246374203,0.48666691048315763,0.5460404576483046,0.564810721669691,0.4687157673329416,0.5746820258245656,0.4629813567178261,0.6311894176732112,0.5288190514648384,0.4616872667792308,0.4755628575249162,0.578103073318125,0.47779343619857606,0.3875729701389855,0.47267951580239786,0.46301609431976865,0.5139583761962435,0.5146769332530347,0.5555828202674765,0.4681188564575974,0.5200321830179374,0.4695119635247746,0.5220962142031008,0.5444749612969749,0.49003276738663015,0.5201603181519749,0.4368731365573001,0.5197154735332912,0.600860102662759,0.5354430392325882,0.5879658808642987,0.48010780172587875,0.48877961162665234,0.5065693010663965,0.5537490268035233,0.49060683948325995,0.49116313184272825,0.5684464100897366,0.6031421913627506,0.47189932441873655,0.5657843384681267,0.5272382986349515,0.5454804200086559,0.5119154965290786,0.7250231862947029,0.42528050917509563,0.4687822419419843,0.5013748600718633,0.47780584508625745,0.6143780291527665,0.41275121397242903,0.45596960885250776,0.4693141509521576,0.4390864426782663,0.5118837407743365,0.4432852242574561,0.5281815563818778,0.527454654482472,0.4151374336938472,0.4544277011374104,0.5352293888731198,0.5484582331688941,0.45934787318456255,0.48276406480354367,0.49999618233245474,0.4950571625814666,0.4813957860449695,0.6109973447820197,0.5152515828575931,0.5548035049560464,0.500126152982843,0.5013222698740691,0.5222246411097805,0.5155950650287365,0.43496875463409174,0.4795177126078943,0.4767586977245444,0.5596052293579687,0.5031581115400013,0.5385925201845402,0.47644764299351017,0.4733193075484054,0.5686210308894648,0.4453974452030211,0.5426174451694812,0.434393063161117,0.46960074315180106,0.435322513912146,0.4819684940237715,0.4660594566660036,0.489130906609753,0.48131015605900856,0.5152614156152096,0.5159400198008013,0.5543999157221119,0.47901444164951856,0.580776176448725,0.6199398314218503,0.4828494040651303,0.5336320341713395,0.4512660063126189,0.4959080287975931,0.519680531944885,0.5255302879137181,0.468361103952612,0.5991733718382938,0.4637389425863521,0.45329531142401414,0.4925339310644777,0.5269430868000125,0.5783118445946696,0.4366913739891967,0.5489973376840256,0.46608075339660415,0.4998784659365434,0.5675552133325803,0.42708529200799084,0.4951486505568587,0.5509427960004354,0.41880658158212947,0.5036950525607653,0.4890926384573617,0.45385246000020246,0.5121614937996684,0.4413333611627149,0.4134551967971082,0.5137761908423949,0.4397074366768483,0.5187769193855986,0.4995179180400026,0.4868119475231983,0.5396848601413412,0.4827978962973276,0.5813158989961352,0.5232541516750571,0.537102433998362,0.46854141437205943,0.4921351097037918,0.5131299442400793,0.4742945559958301,0.4376034573386797,0.6583143191935323,0.4903692799695726,0.44516618170010364,0.6157970401407692,0.4017669750811299,0.496961585601767,0.47301597226160674,0.4867565535438266,0.44780731215242076,0.5394584483899603
0.5452485733528268,0.5459384187634233,0.46912399395476256,0.5382753464646678,0.45778142202279415,0.4919783847075929,0.0,0.45861285422814047,0.4287283623837942,0.5014139253406708,0.5566803364752279,0.5246132736188385,0.5433182543483548,0.4768451405490424,0.6132214838514534,0.48518324746750785,0.5273578638658637,0.5287529379728816,0.472333479114202,0.4478588995479821,0.5150602382018437,0.5225824235588046,0.618311193192337,0.5578155164380375,0.5396857551232291,0.5395714557147065,0.462550167979088,0.4982210995579513,0.49485423180565996,0.4534039021537661,0.4981376634220275,0.5001112276745056,0.5514224293823953,0.5520605381355118,0.5195959844943095,0.5228765077117863,0.5774980862906757,0.46959090512286683,0.4840372502741322,0.5798719155895808,0.5518506168965875,0.4979068012996628,0.5063485587909983,0.5755299405025268,0.520692692147771,0.5261809956899178,0.5028605273081984,0.5169137003316228,0.6253610919333108,0.48615060965131307,0.5810884792044212,0.5338911932046438,0.4706857637766659,0.556979592035327,0.5592311952715447,0.49057886876300943,0.49180619883989246,0.4992055801618387,0.48629638442099954,0.5101428513345165,0.4632212232510928,0.4434084484017302,0.49116102638383935,0.4256258273430474,0.4499743206928227,0.4469431673285961,0.49624953243865283,0.5276239533951061,0.4643309317387198,0.48150703617109886,0.508666341105723,0.4620442552558687,0.44252039906018176,0.5640955456319576,0.45998278344142524,0.4878243133347213,0.5032984726626767,0.549559167524313,0.4816335938710873,0.436899567545881,0.4749986891369601,0.4858298023988174,0.5263094346566208,0.4649838176595893,0.46280522345520303,0.49890590706630156,0.4407790360302646,0.47199880747543405,0.49126837338560875,0.47313175612828146,0.5762346079120608,0.5056853630550697,0.5689546424079176,0.47589184579226324,0.48966284027628887,0.5433076792365819,0.38653801035157714,0.4867955362317893,0.4345263166997868,0.5394753070181758,0.48133593539043656,0.4337045018573109,0.48089056622594445,0.46446066416275683,0.4587004116315768,0.5003755587045906,0.46075653418714313,0.5214508214087183,0.5878710236048436,0.551281862001832,0.59760111966072,0.4775318280836817,0.5065356738606468,0.42314906019867465,0.5386709172097883,0.5511188099905894,0.48869525307373307,0.47569302003609604,0.5290779537443187,0.4648960974371813,0.4757515277759738,0.45562898595093865,0.48464476511055093,0.5969727569968684,0.4276700812935726,0.5532756359474282,0.44857536501284334,0.5084886853145038,0.5275642853713113,0.4903650908333582,0.4325001756604301,0.4258359996775415,0.42350771029788775,0.4643560384513021,0.45509379604076394,0.4577229258489886,0.49568430605987523,0.5956534322429908,0.4837500286215684,0.48573021150391327,0.4831838872876425,0.46794013268310464,0.5218759305456562,0.4424443036374887,0.5259000745099754,0.5346006729176864,0.49202946363930844,0.5117185606239976,0.4802552154187585,0.3920699491802366,0.4818906789820851,0.49346495081804265,0.4657800494206674,0.49644618815833197,0.5455652106090784,0.48951837329878345,0.5062489404107027,0.5638112753721243,0.5153196411918779,0.5280272402277686,0.5090541680459036,0.4700701270446184,0.4165191954292232,0.5440063269666799
0.567026457878167,0.5807123877371163,0.46825499773145174,0.4885594757612044,0.3667056055620735,0.5160554313794217,0.45861285422814047,0.0,0.5658966772866891,0.5425438237354765,0.5170533158313907,0.51486664789523,0.5763427810379254,0.5119009410295714,0.5234077618475373,0.49268017110076767,0.5187114077507949,0.5659333334792728,0.5239680509303994,0.5668258132620191,0.5115266603870124,0.5242443872933821,0.5134596981218439,0.4484957034104723,0.6062907518896903,0.4560452946746922,0.5032305297809466,0.5630741957649817,0.4446883009881436,0.4489064623789922,0.6198820725073344,0.5386918482221841,0.475131498363187,0.5605258606035952,0.5392187633537998,0.5824762610364399,0.5646407775091097,0.5904704317719954,0.5319437590959767,0.46893666373306514,0.5084060371153991,0.5202077086037997,0.5218479359936407,0.46361497125894086,0.6640979581280307,0.5688119922019227,0.4233611639621179,0.45730231572801544,0.5250275822812253,0.528238801549893,0.5213459192774871,0.4684829285855071,0.5222607848753776,0.5245810090640712,0.5329821688602406,0.5391185660976001,0.5378256243666789,0.5187013856770224,0.5035115759025727,0.5644361631288733,0.6790702611085206,0.5019102442877916,0.5126472342379337,0.4853360449274722,0.49545391026870217,0.5363766735080469,0.5650661337533829,0.4815396044398984,0.5366779061369187,0.7335366953079555,0.5307857087741252,0.5044291751803478,0.5056451831333133,0.557748832661061,0.6397817488059117,0.5200796616426698,0.4938823924790713,0.4246473172157735,0.6063003587391796,0.40097295337400024,0.5033408932632795,0.5682334656607815,0.4912424728592893,0.6327146298623295,0.5271880735389857,0.6491568695724315,0.6365032827404089,0.5183471564892699,0.6217710826931653,0.5930768288659468,0.4934669735886517,0.5307025101557138,0.509476537918702,0.5144611273655945,0.532911011543548,0.5234545768574862,0.5342335041238917,0.5408582993106051,0.4695725677500788,0.5699243815878187,0.5372056524732627,0.5746589691299373,0.4857146332935255,0.4812541384466694,0.5737281245488645,0.5164677263062397,0.5524094324377904,0.5981991214459791,0.5111097543601645,0.5033751653556334,0.49203637830722996,0.5247661604856563,0.5631100975232683,0.5751492541409834,0.5604535441691535,0.5082649347336097,0.541760683132365,0.4826460925581594,0.46157613008654996,0.537473135069419,0.44093862806088224,0.5929862146602268,0.5168271978812342,0.5060819557443854,0.48199609224467044,0.5165972959503101,0.49810641777582504,0.5198459779774772,0.5586736382290298,0.5155961307520589,0.5638410478193384,0.4891439769172637,0.5475070759587869,0.5458613768128076,0.5752458757043386,0.46348669431344597,0.49534863510363286,0.4859493895124612,0.5321140992112534,0.5977623302747335,0.48991989026246635,0.5191382772429723,0.5690748531069751,0.5548356931495941,0.5511019216426575,0.4927170854795111,0.5146159529858157,0.5280062742783949,0.5804392713335293,0.4802093105089719,0.5842298479745314,0.5321281543636704,0.5282923648623447,0.4543490099220623,0.5778619281000138,0.6546541325231886,0.49598644594502517,0.49276327368043793,0.44578022181769106,0.47985930484142086,0.5250925649144866,0.51368347196221,0.5142243117545977,0.504567399681315
0.6185607916840038,0.5049944444324932,0.40287151540311067,0.41952397259819746,0.36291042537893176,0.4625727183764267,0.4287283623837942,0.5658966772866891,0.0,0.4576478035458615,0.44847937709394686,0.45300903918551805,0.4913644836393828,0.5041037889421872,0.46695734332388517,0.44423935641827683,0.4791700478562888,0.5716275282452561,0.4929201826569041,0.6121742221109998,0.4763774528691209,0.4650121195121359,0.48694313165444464,0.4088224638490896,0.5499590075999689,0.41430254716626813,0.45265773806315374,0.5060634123113675,0.38600974176372504,0.4694194824835147,0.6048879310759174,0.5051742196636153,0.4057557486527851,0.5150380256851831,0.5734478958843668,0.5143120805665493,0.5079284763389159,0.5842740634932737,0.4696547793652325,0.42220897385143286,0.4502180080420505,0.5639306276378387,0.4939615742375361,0.4369273905602913,0.5300283058497267,0.5217905051457347,0.42828737308261505,0.4124479708868235,0.5021884565079685,0.530816920668349,0.4846409735883902,0.44625345134407873,0.5431008862409281,0.4390924472866996,0.44505821532370343,0.5960462378214749,0.54748028483575,0.4688832117744499,0.4913928507740624,0.528315634049972,0.49979454260932293,0.5172630390646672,0.47398732853896214,0.5086362085413051,0.5535271225071281,0.5315258963934638,0.5103537537550378,0.4626189683214056,0.5057146932889031,0.5881625042172903,0.5294071963584112,0.5350164929601328,0.5390957152250542,0.48266938927626163,0.5659390461340559,0.5592174960600876,0.43316175634727927,0.39600526132318536,0.549683995261027,0.4050707075776528,0.48750608870169426,0.6148038544907584,0.47030289512943146,0.5327929679827982,0.563737255793273,0.6017805749567179,0.5862168472602721,0.5398060917022345,0.581385016884667,0.5966646008399646,0.48772864082425527,0.5629939323339074,0.4709183400722906,0.5296349234542415,0.5593513716279154,0.46196988377779347,0.5138746082056879,0.5325966052433874,0.5601470791982631,0.5102532163472157,0.5201563714390744,0.4809326041510902,0.48172239202486106,0.43413969001500424,0.6011578813110777,0.4811082437324864,0.48834031836315783,0.5563940580893476,0.4623772938225961,0.46176601318297683,0.45151657559921904,0.5722939291853221,0.5392598441646738,0.5921088073830982,0.518498049962056,0.4759024273325001,0.5699801768433698,0.4577188490317279,0.40973079546888136,0.5698660560409535,0.45411861023367056,0.5243093888518061,0.56619995037099,0.47230480320549445,0.5984525145522854,0.42500593421763044,0.5159727118553096,0.44643929658597503,0.4658503077980635,0.48333522819502234,0.6550939391381281,0.47140227381446836,0.5296591693964526,0.6092370328721445,0.5168870909600106,0.4932959041517208,0.4907830484418975,0.45528563259453625,0.4551759838169525,0.587070003165792,0.4285268002358716,0.5252467985829262,0.5874804017312144,0.5649794239124121,0.5186055381992484,0.5142286638757986,0.5130989272204063,0.46516205644268177,0.5319724672678372,0.4905698272729175,0.5933911800797868,0.5283321252571804,0.508129915063141,0.41330927464872835,0.5065628970802386,0.5982815522569552,0.4465659715571062,0.44026430020911717,0.41575957584444556,0.4705776045612218,0.4772499605162317,0.5969983108248715,0.5714285563727356,0.5210515888129578
0.4979115483485846,0.6262222181610554,0.5067441628095049,0.46158807320751627,0.3774826092575638,0.501207680712581,0.5014139253406708,0.5425438237354765,0.4576478035458615,0.0,0.5216952579516425,0.5292714546140723,0.5461990431048218,0.5028552758574921,0.5006059530726358,0.4954234469278367,0.5146116837948496,0.5162350648791684,0.48550329623749944,0.49190317596245775,0.48664407467409426,0.5251348237257392,0.5462155248544792,0.452477660381705,0.6423840492182016,0.4357357235113861,0.4933522442437797,0.5211217703813332,0.5855688270684651,0.4388634089499442,0.5309007220577471,0.5418699002476713,0.464843248698821,0.5273616721249839,0.5080594102416301,0.560773848254317,0.5345907192635975,0.5133305257267052,0.4873573243634127,0.4779284406368504,0.49689770704099745,0.5023026071107682,0.4839086899000006,0.4699071959725887,0.5638909180037838,0.4993966921949272,0.44400294329005285,0.4750444654583824,0.556025049183899,0.47546716076282386,0.482815373976687,0.43938089475714703,0.47235244134683363,0.5125933600378774,0.5714005412787818,0.5128058113816663,0.46743447934408183,0.48880706982516825,0.5167569321437017,0.5036504325148266,0.5218907545416056,0.44873057667151767,0.4512186414195784,0.4898517673694459,0.4365293160719416,0.45153903229201026,0.49574821758610677,0.46960926779552,0.5311045868376648,0.538984824033537,0.46176860707090833,0.4794958818716002,0.4502941849151073,0.5179298322707045,0.5311395418907175,0.4935855963444448,0.46549185207848875,0.4580442995456425,0.48162239978789567,0.3975674793099055,0.4891693888252897,0.45893850067474723,0.4906302064351609,0.5332445109885737,0.4621691127438927,0.5302485050011138,0.48384002833476947,0.4765553518922335,0.5409705136227877,0.4880892092528129,0.4685535560587359,0.49736067213522467,0.5323231771942925,0.4521721657007574,0.4786527392583343,0.5729486170774701,0.4278740908350513,0.5274839032860477,0.44168469930361326,0.5140866077049547,0.511795342817454,0.47708307390149546,0.45371326407906526,0.531696781519813,0.4758638048019014,0.47502407305855754,0.49132162624812326,0.620552132862241,0.5191758704145828,0.533641999960772,0.4920058977325758,0.4634327194750706,0.4985505548110205,0.49616728553551315,0.48721131999080924,0.4722001809231726,0.5179134046966483,0.5377017224311227,0.5024867061214168,0.48706102537883444,0.421273890866747,0.4678399775642266,0.4790207238926044,0.4899852975043779,0.4401475247461423,0.5802651611730756,0.44772779927633477,0.487182254579556,0.6392846643585546,0.49447045348686747,0.5215389954381449,0.44295141495284956,0.4498274251994426,0.4514719958388584,0.5060737445116734,0.44485443597747065,0.49640253112785276,0.48412936336320433,0.540948819607803,0.5132908510779018,0.48512854709516307,0.5247782714020915,0.5056788076158566,0.496714146810526,0.5430672354876606,0.48010848939407713,0.46083763045995396,0.5373733644656171,0.6795610488552113,0.4779488157754498,0.4655653006407106,0.5409704202036152,0.4751578026714877,0.5015433874612635,0.5637022778620518,0.5170453075307092,0.46921020461576096,0.4925965581448711,0.44606751286362156,0.46135331116996736,0.5664975049654875,0.4777332747430338,0.46474476305204954,0.4554586252957791
0.560823376586313,0.5802066327205978,0.5893863414907172,0.49345637613858173,0.4932651162096885,0.5626323504612143,0.5566803364752279,0.5170533158313907,0.44847937709394686,0.5216952579516425,0.0,0.5858670950443176,0.6211966289321464,0.4766721296761578,0.5923043132563696,0.6420683884302478,0.6538092095422502,0.5482843529592409,0.5233343752119246,0.49900815006524535,0.6161242396444236,0.6648656944007791,0.5366926580049904,0.5802019840509547,0.5555110771921132,0.5439986942104529,0.46271138614198387,0.5299829775902462,0.5564223208281305,0.5128752987253185,0.5104838520416183,0.5618188501820636,0.5064355402246258,0.5179525237983809,0.503143885673106,0.5643710028841621,0.6248492233271914,0.5453111477062892,0.6103457475368916,0.5474099598872266,0.5812556168794448,0.5250951895786685,0.5849128854331535,0.5888267008155125,0.5380314353084522,0.5498107214032677,0.4915899991894596,0.643350566404716,0.5904439855864317,0.5490415088900997,0.6175480440863736,0.5477689790926005,0.5045210063159232,0.6210241072233926,0.6555143153113202,0.4776821476129403,0.5593326746731031,0.6183730303660013,0.47455619703886476,0.5470472955468048,0.5430879948184612,0.47610449119379694,0.5851739166946468,0.448176444154917,0.47018715261242977,0.483106811729478,0.48929535534413476,0.5456388321753625,0.5092154330132563,0.548386809175975,0.5530525406296931,0.466888764242869,0.4496849789292563,0.6318659301064158,0.5639646214859124,0.4731949331721155,0.583943216007117,0.573379978452226,0.5226923305524472,0.47362867183931373,0.5365392758427533,0.4934301034389862,0.5804988575070354,0.5394821336275735,0.48742923737779037,0.5490209480298258,0.48837020665871794,0.4634670066298954,0.49290219214589964,0.4803585747153845,0.600255526870734,0.4582060899165662,0.7086899880865356,0.5092472592286611,0.5001056267107212,0.5409128016213123,0.43615116030922757,0.4610910517115274,0.43394875963931634,0.49422650698374915,0.5027795456890016,0.5072261751908026,0.4379280341492661,0.4475375791343369,0.4856684154091413,0.5546209271609405,0.5331415000905734,0.5474697257256605,0.5767201367859571,0.6075838158468712,0.5926997565973592,0.4989612048332511,0.5093417679680606,0.4682802405766937,0.5596693181053889,0.5787223243845697,0.4893960017553368,0.5518213618969396,0.5476167491820699,0.4571033730304901,0.5396471846751928,0.4775123323176474,0.5026968267420936,0.6305491756278159,0.4404924796486367,0.6306525716671125,0.4565846322224599,0.5904314409498982,0.5791214473050339,0.5126583000612606,0.45999196018570243,0.527304350210325,0.4683549906709869,0.4927649626679654,0.538050345970821,0.5065712598025462,0.554617232114267,0.5446811165101515,0.5074057966957489,0.5490727090674798,0.4584748449555398,0.5401232003485316,0.5092875438221717,0.48351795149189,0.6015320199448481,0.4654295848371696,0.5583339570104467,0.5831104939499928,0.5299074260787162,0.46382124629973925,0.498277542902194,0.5135464461067387,0.56269304945903,0.4981310226978565,0.5716547147387165,0.5312213850360982,0.5700566702576774,0.590006921555207,0.4512683118268815,0.5373869846070467,0.5044408875332982,0.4696519605346702,0.43331486548591314,0.6086641067258359
0.5169587399838109,0.5780685821600612,0.527474289610419,0.47589817343112,0.44688518381383124,0.6621511107696594,0.5246132736188385,0.51486664789523,0.45300903918551805,0.5292714546140723,0.5858670950443176,0.0,0.5019855924327769,0.41052010323103366,0.5354941640578506,0.5279261502142115,0.5332601692327817,0.46653072239521803,0.6115763549957806,0.46563736104430414,0.5822869342995128,0.5490769909857037,0.4915703119112173,0.5118459066016713,0.598155385013777,0.4545112167286795,0.4025283945901578,0.4796838703245798,0.50634946005294,0.5129436286364986,0.5487013894621663,0.534598914266352,0.4889334285755853,0.5337311276861041,0.47857908513069586,0.523230620258863,0.543031657328378,0.4758063924663422,0.5752998226107786,0.44715371806949905,0.5342899786425195,0.5371760921376967,0.5231644033726106,0.5847035142012103,0.49406030850877525,0.4848296859080215,0.4774742731670222,0.5588308268738829,0.5164236540198659,0.4777788355936839,0.5434635239109847,0.5308679702060156,0.4595364155873878,0.5871658600374406,0.5688443144543976,0.5031328115230649,0.49819044255087064,0.6500586339343227,0.42657228715333667,0.47214737387457906,0.494025354803098,0.4359300272072268,0.5308238776236467,0.408118253752403,0.4411589956567584,0.4434413335444094,0.4332061513285308,0.48359002265324375,0.4319044883396805,0.5165195006731785,0.4935282481523056,0.41562334757429326,0.41999861241301584,0.5182906654578397,0.5157052405515294,0.4571681353359899,0.4748789435321231,0.49931558795895314,0.4820076124729027,0.4432818493725937,0.5246002009009493,0.4909545019376447,0.5592912353755056,0.47615350111579696,0.4618333137366327,0.5141649714102885,0.4831524993056604,0.42687371917819555,0.47502961308125435,0.47565810327648794,0.5194924797603528,0.49603093201815046,0.5640117578238643,0.4689780150056624,0.44833395792680486,0.6061684750537425,0.4278484751490569,0.5149071646451208,0.41304222795068357,0.46049918609346574,0.44760843102807835,0.4719710259544951,0.44445005092326834,0.5152491830266326,0.4568780178445625,0.48668258759597977,0.4868498515445695,0.5434974377804112,0.4849218797472153,0.5969793493605466,0.6252916388546027,0.4573941148314533,0.4803275160514283,0.43487146345059563,0.48099486995885277,0.5031075890547344,0.5053230505046137,0.5067525122932375,0.5420096256453064,0.4351922198608467,0.4459092085457446,0.46156465326249857,0.4845299729161504,0.5765033601399616,0.4228605860768894,0.6188657147893971,0.42518665388444143,0.5179969048907537,0.5701535519644794,0.4301778228187901,0.4734291020433451,0.4852850218308481,0.41171936090277894,0.48046353376397255,0.5063903656132471,0.4483036302065979,0.539961905874604,0.4600820885475621,0.436247745685299,0.5267650107427155,0.45098557329610645,0.48981002480047114,0.48912771231879104,0.46272842043804513,0.5320587225592093,0.4643986396148973,0.5688206685678951,0.5185419586851036,0.5525547215042049,0.4394410768761738,0.4930831528592751,0.515534442647755,0.4869033658294256,0.4480285330231651,0.6502560502834254,0.491232712774959,0.4681684597772478,0.5862536919825121,0.4165587697538231,0.47006601483191696,0.45718047499703207,0.4695892297159518,0.42453039791495367,0.5249763203909377
