0,1,2,3,4,5,6,7,8,9,10,11,12,13,14,15,16,17,18,19,20,21,22,23,24,25,26,27,28,29,30,31,32,33,34,35,36,37,38,39,40,41,42,43,44,45,46,47,48,49,50,51,52,53,54,55,56,57,58,59,60,61,62,63,64,65,66,67,68,69,70,71,72,73,74,75,76,77,78,79,80,81,82,83,84,85,86,87,88,89,90,91,92,93,94,95,96,97,98,99,100,101,102,103,104,105,106,107,108,109,110,111,112,113,114,115,116,117,118,119,120,121,122,123,124,125,126,127,128,129,130,131,132,133,134,135,136,137,138,139,140,141,142,143,144,145,146,147,148,149,150,151,152,153,154,155,156,157,158,159,160,161,162,163
0.0,0.6058324215239633,0.5529727375159562,0.5124499246583377,0.5141919045268158,0.5877761102957052,0.5392719904062413,0.6035801947798275,0.592853165793766,0.5641171551754608,0.6143607135798331,0.5313100096371942,0.6895046903277385,0.5851999734381089,0.586292104512485,0.6163157586141182,0.6454541150028681,0.6985828000545704,0.5600025435384925,0.6581649401632717,0.6395379016909014,0.5927409026109313,0.5438289823267778,0.6026769925489219,0.6714023887043876,0.5783041888706134,0.517965701823483,0.6198031930544179,0.5055239544307687,0.5323737401118618,0.6354343029709127,0.6412163626291798,0.5006912204048217,0.5665379268673184,0.7056536525361305,0.5518935435230012,0.7078526964953156,0.6074252067843923,0.5259646286035098,0.5959471185816891,0.5293806297519873,0.6336955760601974,0.627106457317772,0.613087185509399,0.6481490626014758,0.6262358406060783,0.5540419676927337,0.595245129768869,0.6566893334663445,0.5906889920018228,0.62672614459161,0.6214652809767616,0.5413943866001367,0.5768257752396174,0.5688888421838045,0.63115943698046,0.6691944765055811,0.5547679761240641,0.5757476749716794,0.5851799559995625,0.6183894486382867,0.51569342405595,0.6330502606398811,0.5235085508698749,0.6069148665106054,0.646785547846402,0.6095644584856771,0.6243018623539278,0.5745116197259498,0.6522631013122843,0.6916011087732186,0.6228515945103343,0.6057854466244668,0.6483519048256452,0.626584165564882,0.6847139730953005,0.559847768845179,0.5533779035564952,0.5729149407220239,0.5433957909006234,0.6035545337364822,0.6185345291652655,0.5799569511260341,0.6016689543852637,0.6225751329750888,0.62953623761998,0.645206087362602,0.5649431025704068,0.6537302881324937,0.5644767582773584,0.5911787732042728,0.5638067702384266,0.5789568611214476,0.6670952804923249,0.610230695380163,0.5514778377288798,0.5374619710456139,0.585784537087492,0.5387276514071512,0.6428650619380889,0.592070107193367,0.5673599426379942,0.5197642143012863,0.4855063459121648,0.6311858990035546,0.6077869862209802,0.5768369971935371,0.6093672269679417,0.5945327209483436,0.6348488175242907,0.6054168938009185,0.5868131296611039,0.6413168203710907,0.5425065394774528,0.6323035236030464,0.6349486311835975,0.6618385975323872,0.5634327255406425,0.5452352096265803,0.5699129729752906,0.5833718678945082,0.529790265467712,0.6391622541410852,0.6627199123525155,0.6007094340285181,0.5606862275190047,0.5182559324489238,0.5591776007205473,0.5723457652911503,0.5958523777749203,0.5816393928306407,0.5806477768071768,0.5620111118215261,0.5676136329510566,0.6105724872858785,0.5916922508572553,0.5821933302689523,0.6106429275379118,0.5485668055922608,0.5598868054725864,0.5161711979778963,0.5943453238581635,0.6169717041252195,0.5345224876580555,0.6403186243181793,0.5344178343745577,0.5717689235577624,0.5393267983686343,0.6105316473184607,0.4631658295525048,0.6921635738013321,0.5516536112806217,0.5705521087152591,0.49690812332701567,0.5807814424911751,0.674696652436821,0.5679465414402146,0.6148037199649105,0.5338759244454601,0.6162490269239769,0.5906354591454085,0.6638595454296912,0.5202716244973916,0.6619212522533232
0.6058324215239633,0.0,0.6197122313890381,0.549527040488631,0.5163457328000752,0.6305164573105645,0.543048915039473,0.6663931315904551,0.5964800276935028,0.6696452283961593,0.6265783816136441,0.6017404168204522,0.6073586321293876,0.5657010847313559,0.6535695131923162,0.5909538851319474,0.5929811989791313,0.5912634600626603,0.5714751917109512,0.5542995092301124,0.6129472968696493,0.6929485494550822,0.5165861276658896,0.6074735361529282,0.6387715320411111,0.5137338717396728,0.5501102571948393,0.5629288655344069,0.6403043028037616,0.5383753599729424,0.6768615172884787,0.5707719815511457,0.5816259839511243,0.5000584848462737,0.6133240320735001,0.5769192481198453,0.6080447791624142,0.6015297309078043,0.6066778704779402,0.5841966202348858,0.6042245765345553,0.6022687641425105,0.534121233597917,0.5951268310968562,0.6045030520427062,0.5645987172990846,0.510409195206165,0.5574733753480948,0.576561154763166,0.5396117723442139,0.5742830692014735,0.5614684793675495,0.5523145314058236,0.6602910688270128,0.6084144726656241,0.6250144080686882,0.5796633044284695,0.5897163993764748,0.5225494777550517,0.5724356583465035,0.6482512477174891,0.4905652009461412,0.5608305795549208,0.49517249591998463,0.5306290972163866,0.5291677981735035,0.564018126241148,0.555879381104075,0.5160060797995345,0.6487320305870635,0.5979498826140511,0.5622480897985789,0.5027612472829568,0.5977544886218055,0.653037439242219,0.565007163175249,0.5291713251976612,0.5878609866561565,0.5283207899676017,0.5078754009954642,0.5966060485164567,0.590487134779398,0.6601432990546169,0.5937420983849973,0.5399490459384034,0.6515334155351344,0.5679979513365165,0.4970565295020053,0.600922364501485,0.6123315344164039,0.5499682348384347,0.5720415075449502,0.6052408316768764,0.5644581354150693,0.5752414577965741,0.648955925699718,0.550863999410792,0.5614777731670108,0.5038327665926345,0.5775995321380931,0.6036240218692982,0.5340445237164939,0.47378418447141685,0.5298078593707753,0.5640686199550412,0.5423549217716364,0.5442139035478042,0.5860889936785202,0.5883538106768224,0.612903755678129,0.5701370488270217,0.5245142067943073,0.5443855948468117,0.5589098278777701,0.5679336445160891,0.6271938112559818,0.5825816868779291,0.5385228216663146,0.5230894039393328,0.5717662457405566,0.5491717772753517,0.5473017466144776,0.5150764085287157,0.6691708248907354,0.5462392973356971,0.687792360425752,0.48473455976813085,0.6058216657547535,0.5995058407113081,0.5801763048671795,0.6203819766327155,0.5716492211113952,0.5316276731102165,0.5884697644926272,0.6040523455953751,0.5497228964171823,0.5517399396053757,0.5953199758226236,0.5438686387080847,0.5815042540265539,0.5587338618946976,0.5752819120178891,0.61470575841162,0.5491828542346033,0.6280054814811747,0.4559767580580464,0.6359865561246069,0.6129888048726261,0.6153246604485831,0.4826519090483426,0.5896494067206035,0.6050338483219586,0.5772806232489917,0.5221407023213318,0.6180969725965912,0.6351643940985515,0.5492141269065798,0.6540990312011427,0.5524719343051919,0.5284045577068305,0.599264534393387,0.5944775391500452,0.5317107154487573,0.6041957729679693
0.5529727375159562,0.6197122313890381,0.0,0.4962802244610378,0.5659729849136289,0.5676097025902592,0.5257537399363532,0.5900137473080537,0.5044282860732364,0.6495040935187311,0.6049461838703725,0.5574827115964814,0.6054663881845572,0.5268415243971015,0.5755266646111539,0.6474631477205293,0.6232447289859684,0.566738199611826,0.5108271051290751,0.5260914659562423,0.6536402036688175,0.6950512418835914,0.5027535499922753,0.5877103544743646,0.5878752605266221,0.5559269921414118,0.5094271263992349,0.5153273597666441,0.575559030010583,0.5112654067485494,0.5482653014805848,0.588858625200586,0.5033441608652741,0.48658479950804734,0.5325874319096715,0.5716758170142131,0.583404463928866,0.5568744894427318,0.5478280584626682,0.5794286629525108,0.5455724790300681,0.5932944505650255,0.581638525358142,0.562194798397235,0.5943986282008671,0.5594076825075668,0.5651038074168035,0.5810386598030183,0.5649651485126364,0.5627053611307746,0.5838969608415987,0.5580169342487261,0.49769536592777514,0.615350191947776,0.5928629606291869,0.5503228859275827,0.5511610457213948,0.5811030100909185,0.5370162900867275,0.5444523720353145,0.5720771830572732,0.4931319030764817,0.574448278658897,0.5116190940174709,0.516730654720201,0.5267757736119055,0.5380135567847263,0.5893110817548378,0.5701204459452335,0.5771590690317122,0.5930368309053898,0.5190311583958479,0.5011149060299619,0.6366634467486632,0.5882140345162512,0.4954446524541254,0.5683995440277054,0.6103235788477207,0.5017557543928578,0.4701223065459138,0.559896690017571,0.5431653699380005,0.5818684796174807,0.5340509521686887,0.5293298246450782,0.5712640770106566,0.5261236830678078,0.500047762141858,0.5357758787465694,0.514664217954266,0.5640823379263404,0.5108864558979732,0.5900860070246009,0.5043997793338281,0.5430611133553731,0.5592268745748056,0.511456187631696,0.5299732095114317,0.4786108257489024,0.5466563002379983,0.510562984100559,0.5736432614317266,0.47386957182067463,0.49535132102397805,0.5329628323242033,0.5825948226762225,0.5803759186573357,0.5581068560699906,0.5943691591147855,0.6051725055072131,0.5610990788146709,0.5237807654330895,0.5220744639114567,0.5097461793368548,0.524202992803988,0.5697407848525129,0.5170191546347045,0.5712036407799846,0.5572753668494039,0.5044170336389147,0.5505131318815504,0.5034550123368902,0.4989992516554544,0.5921554273602984,0.47400043147486,0.5946894969581652,0.4973733432699333,0.613134620703957,0.5941467496786913,0.5727000552856032,0.5381243322172589,0.6049373795512538,0.4671690896784925,0.491210509317774,0.573859756310239,0.5205510534647593,0.514730620575151,0.5584751064674693,0.5495687432546612,0.5312020992601199,0.4755636735816329,0.5743194707366513,0.5540117555580816,0.5401689662385819,0.599557440497147,0.4790782972477912,0.5844906161193867,0.5663330759214205,0.6143616971911232,0.4706497279862834,0.5123908160168149,0.5023113481288982,0.5656939518385047,0.5973496493982136,0.5708844929452896,0.5662069191069254,0.49388580795090936,0.6145186883926412,0.4632291440049694,0.5143071973100598,0.5720826030814117,0.49630660282004285,0.49412228887958487,0.5420831850692887
0.5124499246583377,0.549527040488631,0.4962802244610378,0.0,0.4995743902534543,0.52259598722764,0.5980973938078351,0.5332202840345373,0.4762614474273337,0.5245070365400681,0.5467558025148375,0.5436186043410304,0.4885509881186828,0.4949502205577731,0.5839126610267369,0.47649199760424255,0.5103213683922471,0.512372699469436,0.5271543383469462,0.4406845375490888,0.5346741454963773,0.5215660712238585,0.5213307653798337,0.5103901417005567,0.5446748798408535,0.5232707341463827,0.5107896670868652,0.5178863900624157,0.5174037121861906,0.4527086200898429,0.5431304527097981,0.4819049367885086,0.7050702992368105,0.49208050783726004,0.5564805349516964,0.554450047548299,0.5100176018053182,0.4999601688905401,0.4979212262335853,0.5472309014771685,0.588703935130113,0.5155138575709788,0.48458021423311914,0.5944354327503989,0.5159855396798798,0.4831620602706138,0.45454874527237943,0.4866425269098538,0.5331529646870314,0.4785576474197293,0.5658544108927842,0.5654074704010664,0.4713433227419903,0.6516633472932893,0.5771494414176496,0.4941971590073843,0.49240870169918693,0.5582573407432201,0.4827559573903207,0.49169319072876955,0.5155477074544731,0.44203806506701704,0.5306932739395174,0.4425595558430026,0.46562719591854984,0.4548514635454171,0.502136371825691,0.47600908790394036,0.4736312435794012,0.553839916368253,0.5027063325567044,0.4828152669928519,0.4898895320698303,0.5444063713655068,0.5084536424840372,0.4701277019111217,0.4852989150230972,0.5375876022109037,0.4781954714743887,0.4334639573185859,0.4875999087624936,0.5551325792748028,0.4920762292070275,0.48704451586867614,0.5112044826226727,0.510706924722497,0.4971048372150598,0.47887811041708295,0.5074081346931204,0.4695243243886603,0.5828422659270265,0.5833092559791156,0.5337458621521715,0.4691476458463018,0.5383900827674076,0.5655209536167601,0.44987430436076586,0.5497372343166901,0.4724465181955772,0.5511968424320383,0.4900882778609311,0.47491512174127426,0.5660849505172247,0.5555613695897814,0.5208271966173936,0.4636750206304733,0.4748392317737906,0.5081383979849634,0.5163414651959868,0.4778916875722645,0.6010630845641833,0.5080051498962678,0.5101911770710259,0.48308219825951687,0.5255326033735725,0.5370140953445688,0.509430896986291,0.4528776350566288,0.5598209898239481,0.55773240348891,0.46829964977564825,0.5753372202362617,0.45658776084814706,0.5551855768177012,0.46216486403791424,0.5606761187576086,0.46563694209994616,0.48703141650967735,0.5472803177675952,0.486879709361263,0.4685196196047001,0.46287042481755203,0.44467802665697514,0.5335448402875927,0.4720310993120215,0.4386244457091527,0.42636978915316043,0.5663719740387074,0.48276993700351545,0.49275402797542533,0.5961862289646958,0.467678956958751,0.5562086773672232,0.5094575666359202,0.5147612730786638,0.47416810265700987,0.5072823430111237,0.48280868779580155,0.48633783751670606,0.4084834395392401,0.5481398073281104,0.5279560391125971,0.49191241243270833,0.4472122723687147,0.5875479086301718,0.4936099101949819,0.4457577125255851,0.563824110160294,0.6311593269930768,0.5150219383793346,0.512210758650909,0.5159649895813349,0.46888693782519314,0.5360127060979636
0.5141919045268158,0.5163457328000752,0.5659729849136289,0.4995743902534543,0.0,0.4906548556062447,0.5734122088981093,0.5028949260150669,0.49285515188255374,0.5044221905951599,0.5458143221288853,0.5427918796802153,0.4953736424358695,0.4809443620228236,0.5765102885881072,0.5566082711845249,0.5525827909791965,0.5258788705458525,0.48970349716536066,0.46027707026170267,0.6005351016051189,0.5713043713460886,0.5173463521233642,0.5415597356087538,0.5135896995879952,0.5607185237749984,0.49266897995876785,0.4649082547131407,0.49156167753551694,0.5513361181507056,0.5264211859580162,0.5189033146316979,0.49819998463387194,0.4667744253248931,0.506750649478194,0.5509426845060393,0.5237675451438704,0.5245434989133964,0.5466553658326211,0.5451370068825806,0.5423848009492662,0.5618707285076904,0.5635888273516831,0.5685045303759616,0.5073308916928108,0.5174575663208195,0.5673051703952235,0.5151935688743923,0.5525368759321306,0.5480146593712794,0.6034466122637571,0.5450883758514301,0.47464760769776543,0.5580846083144982,0.5544742743283648,0.5037934491038984,0.5303641092267589,0.5945954750198406,0.48581909883674784,0.5200604641286967,0.46606288682078034,0.48938835856146834,0.5375339285018192,0.47818548845660763,0.5023727526758666,0.4698090852457034,0.48281608189579334,0.5409188907641148,0.5039842554456715,0.5166749059091776,0.560982967349334,0.49681472351645223,0.4662922102595806,0.5676586170458567,0.5001192997238317,0.46099820467614366,0.5453115624647111,0.6906055606725333,0.4749050470516276,0.4603781380405951,0.49394008005892437,0.5533632373952326,0.5582038344880963,0.4572429386942288,0.5259741520381999,0.5114327146545128,0.47294359715652606,0.4983734059261347,0.487723244554405,0.4795322339873111,0.6580155241173953,0.5281366484960658,0.6015500116109485,0.46990595607586294,0.5364989354891638,0.5136244072289803,0.45422835975804504,0.48999035349899495,0.4986275303488784,0.4967607425162405,0.48017196279423646,0.518962870449565,0.49871654467880183,0.46837231838625326,0.5122469853105353,0.5322337892090019,0.5138378678819022,0.48915596563493535,0.5580352742792977,0.5018129889516973,0.5617632765887833,0.5508916753096893,0.4660951145281018,0.4912919049922028,0.498375042438146,0.5384761844330955,0.4756996983644399,0.5258404727381519,0.4924765468453664,0.5006449112573772,0.5952181044106949,0.5143635833631852,0.45457187967409246,0.5883804618188163,0.45677716177319844,0.5218019986066408,0.4915243086054349,0.577941439604135,0.5011421769048411,0.5248128695767519,0.48592115810481856,0.5379172096804713,0.4339684696563708,0.49708872547693367,0.48282760657727436,0.4873831707357766,0.467637858651544,0.5647116881375088,0.47746336129804173,0.5405200547645863,0.44124187212699656,0.5237592339629373,0.547526302442892,0.526949201839921,0.5548169275917166,0.48350888539717934,0.596118449163075,0.5178850658536942,0.4999738706646881,0.4390288362617027,0.5000485970394408,0.4825452826913689,0.5423045269324763,0.5355912665395932,0.5412369936010213,0.5011519719240927,0.44145045900554897,0.5741858848903562,0.4551069669114378,0.5258001186156624,0.48872804014121385,0.47957945057596896,0.4925470904615795,0.5590158050719888
0.5877761102957052,0.6305164573105645,0.5676097025902592,0.52259598722764,0.4906548556062447,0.0,0.4986115279487954,0.5800026402295393,0.5424731075862299,0.5731231882560659,0.5951655701894367,0.5759454515345657,0.5636704552741899,0.4931936186676447,0.5363623790501145,0.5567286615078675,0.5485054296043499,0.5146039949483006,0.5615548613980832,0.5053905215636301,0.587242715920274,0.5756766214513072,0.4550666049818797,0.5296577637365899,0.6176390612247535,0.4939490859972532,0.44858534598261823,0.515586296867435,0.5539243141326257,0.510310588257393,0.5981866589074339,0.558570835878666,0.5314883961637249,0.48142232151061026,0.5604748623951405,0.5126025096945852,0.5958925219615075,0.5305565468810658,0.5251121018825867,0.4920589371443469,0.5254476265953044,0.5979922519574182,0.5094154260951252,0.6311648455194744,0.5212245066131911,0.49670934274559836,0.49091297221921865,0.5874255057344959,0.5130645554978979,0.48524329359408946,0.5444341306098142,0.58673284763168,0.4927498397453539,0.6028159538049764,0.5510219816575361,0.622003402981702,0.530304506141631,0.5934471429600743,0.4652004259313617,0.48680200905209325,0.6062559588006793,0.4695314115097561,0.5873129157873954,0.44201200965578447,0.4919387141210561,0.5065328884913688,0.5071498138496018,0.5491594260296753,0.4669004327406081,0.6056031272987017,0.5708749675391924,0.48785062952582015,0.503932369847725,0.5414378425443287,0.5950054686915454,0.5413082944275603,0.49103016993628334,0.5385920571072341,0.4900772875299917,0.5548141283789768,0.6447859241360079,0.5505724804215145,0.5977977839814642,0.5641751791099846,0.5194996202108749,0.559922052841703,0.6049152292084768,0.46097760048317576,0.5400510173676265,0.5385799735290252,0.525204570135708,0.5427844391274242,0.5303764765064422,0.5337618054658804,0.5228737707115471,0.6485969433323426,0.5151222544748788,0.5644070654637029,0.4752837532320629,0.5233640542704868,0.5254941876306537,0.5013887712812094,0.4695592653061967,0.5151622925067493,0.5282512913870159,0.5005090197052096,0.5026485406773721,0.5475939958106039,0.4981884245831745,0.5971499137087644,0.581300197214546,0.4875448881374524,0.5817452738263764,0.5012814331180432,0.5237837502294377,0.5605447693512908,0.5749925235555504,0.48475192784341353,0.5615307326928862,0.5402615251981965,0.4889175145703498,0.5258048692005363,0.5288139514052542,0.6239170850684052,0.5352762694175854,0.6198442393390045,0.4606668998957813,0.5208246293228507,0.562564081365667,0.4865467885528416,0.5655904156900319,0.5654763613510151,0.49804169945465876,0.5640513177996467,0.5466257336521976,0.5096927166497979,0.5176781868185023,0.5000839857389713,0.45507902379353293,0.5096479477591203,0.5466369197958705,0.5456531421794819,0.5375851663781841,0.503642536150578,0.5768380199634094,0.4484279380423949,0.5799930424392924,0.5344388847218141,0.5612800732543113,0.4552442666872427,0.5714704157772404,0.5657778297589688,0.48965062087487027,0.44596541919059235,0.5996077080318247,0.5674587630676358,0.5014252232442231,0.6550677059094137,0.5115245267563789,0.5242935726059147,0.537495932167552,0.5997481341651069,0.4871806208127062,0.5771565837315247
0.5392719904062413,0.543048915039473,0.5257537399363532,0.5980973938078351,0.5734122088981093,0.4986115279487954,0.0,0.5040565387235459,0.482899344123132,0.5608572294937385,0.5472418791840552,0.5276037002707641,0.5264025921605917,0.5303180929072465,0.6078864680622085,0.5050885744036148,0.5260365996622347,0.5426667365405008,0.4877607985342593,0.4512120995111977,0.5413282048916461,0.5566906719445232,0.5678999522362308,0.5326153160162076,0.5515998382866486,0.5439210501222372,0.5368540554928095,0.5005901377763492,0.5082393815820748,0.4848676458265287,0.5398803582232973,0.5450330861655919,0.5574450584797643,0.5028698886294405,0.5517629512275166,0.5527522497280734,0.5528078727734937,0.4839391398182014,0.49461098976938445,0.596137529559825,0.5107927863807226,0.5583715118210616,0.5198792943290296,0.5722736228567579,0.539965494193593,0.508905350018925,0.5229844107507552,0.5032797515623038,0.6250137431859496,0.5143974618537006,0.6248097287447586,0.5258426486140447,0.47038595657994703,0.6018342995963972,0.6017370595242463,0.5164743459089116,0.5020954544618169,0.5300921012033751,0.5520576687606538,0.5211526914389073,0.49431781764196775,0.47050480946624446,0.504549959198678,0.4708752726504097,0.49316529160961176,0.46832487345025897,0.5436411698703615,0.5500045025543099,0.5166720419622576,0.5240809724589665,0.5380958882873833,0.504499326074582,0.506927722799542,0.6038491116615938,0.4830167969524533,0.4934934386548895,0.5655323731022145,0.6156579609688065,0.4465914738398426,0.4336173703234989,0.4670195231689651,0.560789770357904,0.517783643923526,0.4477678409208193,0.5082488761610188,0.4850314768988876,0.48599353045787996,0.5500090263114463,0.5189924681663545,0.47599911362255903,0.6253166167633994,0.6001225367585183,0.5740869801678555,0.47554123931252285,0.5532319749428036,0.5442314245096169,0.4371819783254245,0.5154716410633833,0.49312730775412056,0.5853472198310947,0.49671503875014045,0.5109250474244625,0.5563330363802196,0.48868487948139316,0.5144203018181323,0.4892564157018942,0.49089611841037406,0.49094581144571453,0.5613295852433082,0.5081225234474558,0.629507974556395,0.5181934720126739,0.5210046304562128,0.47388233341916164,0.4964707900890462,0.5267407523232076,0.4905324514521113,0.5223567035696013,0.5308998008308958,0.5249771705619178,0.5012098249285821,0.5079471158186795,0.4544433394246239,0.5780093623154735,0.4568317915532084,0.5330662588189484,0.5046543806891276,0.5384372774339609,0.5122194574477432,0.5165873443895274,0.47207289435010374,0.46907720324285074,0.43705650173433336,0.4840714200081655,0.4714151551251339,0.4563877540509159,0.4358615249962798,0.5905758918476481,0.48826629244069336,0.49391316904881855,0.49779289388255477,0.5057012302366436,0.5971841560584015,0.5151349909761122,0.5256449364833363,0.537561003278557,0.5134974333920361,0.48991237542911203,0.49368677588309384,0.39678680360036667,0.5171736901183245,0.48840457240206686,0.5083688198156864,0.5329048180174784,0.5291653841353418,0.507019544572794,0.4623789525229547,0.5628696954849305,0.5480562803558212,0.5758938206024747,0.5068564478535004,0.49041568044559625,0.4605014049864677,0.5284272551682361
0.6035801947798275,0.6663931315904551,0.5900137473080537,0.5332202840345373,0.5028949260150669,0.5800026402295393,0.5040565387235459,0.0,0.6275354361899137,0.615708279345299,0.5858476253973602,0.6070822621435015,0.5887726957634137,0.5372182552704504,0.6032216790419448,0.6173271123927274,0.6184917019142682,0.617344298478519,0.5991388449416726,0.5841901895680209,0.6338370853464429,0.6049851987527788,0.5445793428113154,0.5622014482310149,0.6473911421601505,0.5310111732141088,0.5789941156709094,0.5961666109439494,0.5392503284962052,0.5764164811825558,0.696582021236093,0.5761300426740938,0.537946672705472,0.5333805820292674,0.5913967223916059,0.5918331599922112,0.5885245096002995,0.6669482028318003,0.6025763056690923,0.5600601025819396,0.5994975913856284,0.5987944130699423,0.5839639457048934,0.5522053622045661,0.6499885797096888,0.616814365322711,0.5154356500557494,0.519928448915165,0.5735300164788669,0.5685437193698342,0.580435275557929,0.5685541908298624,0.543268284028124,0.5963350508676138,0.5802762666071334,0.6028100284930842,0.6209481327207945,0.6411779265205043,0.5138729602599146,0.5998039708609877,0.6283332381546257,0.511186453249067,0.5931125583314931,0.5122832010361178,0.5403863209032828,0.5603192059972786,0.5479975068485751,0.5318002132320427,0.5483228263600325,0.7544981864864158,0.5960960807257907,0.5730121307135596,0.5093321403208043,0.6027455385845412,0.7160953428131978,0.5623337690622962,0.5337205064573868,0.5593126604458127,0.611755563347587,0.48799211338636794,0.5820976520701642,0.6106028253846272,0.6137019296095938,0.6283448754873026,0.5941020554186309,0.7266079693797355,0.6072576691575858,0.5168779564085174,0.6677974347564534,0.6047530546650888,0.5709495724374715,0.5690524262844557,0.5927736770591554,0.5644421562180765,0.5748100800703174,0.5804730204111253,0.5745243179976101,0.5916160582064365,0.512964860828793,0.5851882045101866,0.5698754638723822,0.601074390347318,0.5021914978879701,0.5408513981290799,0.6150686452749149,0.5977757254455855,0.5986622932195825,0.630408248895719,0.5910258938157623,0.557052194703734,0.5505899760652441,0.5704396552573875,0.524217194871875,0.624804333769069,0.6024922943132319,0.6372080232964997,0.6111364834544104,0.5430269681220945,0.502378511518956,0.5900788238346351,0.5524410074607302,0.6220485214537768,0.5215599722989659,0.632760742796059,0.5242548316815191,0.6192422663457214,0.5011149749280488,0.6183748321737271,0.6011070053658474,0.5842443490815769,0.6721556144525291,0.6058194774084361,0.5467066309854504,0.5822364736266964,0.5905751244691655,0.5208739740157905,0.5629295402951399,0.5768518839159984,0.5690958192112313,0.6541797234428343,0.5193602719912448,0.5675683606646328,0.6102552406459836,0.5684087408529996,0.6221523647315711,0.4736731869850501,0.631581922025985,0.6080351838430799,0.6460062516450393,0.5132326894868451,0.6284727862652879,0.5847127856510907,0.606939217589848,0.514231348478897,0.6611281976020398,0.6451572969476838,0.5121467583124755,0.6349555662781178,0.49708167539982706,0.530035753292435,0.58379743175299,0.5881155489138642,0.5800474639988317,0.5909312301152302
0.592853165793766,0.5964800276935028,0.5044282860732364,0.4762614474273337,0.49285515188255374,0.5424731075862299,0.482899344123132,0.6275354361899137,0.0,0.5274055931197754,0.5222276457527274,0.5224450695678305,0.528633060583012,0.5298771581697348,0.5598957722341421,0.5302235745679411,0.5262619573998816,0.5696447754890255,0.5243773275770912,0.5461535962344818,0.5588152455275975,0.5717148121633301,0.47918931350001326,0.5030828723418118,0.5639316404690273,0.475192870245824,0.5126514636028315,0.5010277443611806,0.4745936494349351,0.574599507211343,0.6738631928915952,0.5325104660214733,0.4801293764255666,0.4648651657433716,0.5672804236443394,0.5230559491566628,0.5575431776249574,0.6079241381685985,0.567250326467611,0.49622680225991755,0.5146910002845874,0.6257956073075989,0.5194100503970692,0.5176360301048245,0.5375563723196553,0.5384320448122094,0.4893815494934952,0.4815030900941009,0.5236705109655755,0.5334395073794044,0.5388150336584375,0.5064321546037325,0.5421373826580138,0.5215027036595209,0.5055236992112715,0.6628519585754715,0.577807220469427,0.5531556395540854,0.4893337402924256,0.5423384989303707,0.5585779332569605,0.5144620330014262,0.5249083118806588,0.4874227599699629,0.561606774882343,0.5304737470988389,0.5401878225020156,0.5401685608523267,0.4931036766744576,0.6397114530006033,0.6119933225360826,0.5600726093916937,0.5067428870533127,0.534700991352031,0.6045454219636819,0.5588046564111172,0.49946781883496655,0.5221135994186229,0.5175050695243537,0.5020082468584104,0.5617406176489866,0.6534605096918115,0.6229392046949226,0.5397471932839518,0.5647862112263784,0.6204122225795659,0.5960929295325682,0.5098845738660887,0.5811926439743988,0.6735208970636729,0.5384455010554513,0.5785883015795844,0.5362312733255634,0.549818155702223,0.5926357579626645,0.5452190421697705,0.5757759555459158,0.5250351768253698,0.5471925734166798,0.523570230411504,0.5737309528202842,0.5366849809784573,0.4703051753512701,0.4685480154300207,0.5801811636465338,0.5201628581060259,0.518919030739513,0.530386665849165,0.5189437222914308,0.5212070214512017,0.503623401129668,0.5544475908128269,0.5197495679689355,0.6233036945750341,0.5232407439531305,0.557667234803366,0.5517322591130565,0.5000037937571817,0.4431829396894351,0.5938767666447858,0.5560636474129347,0.5735014585294125,0.500566613443104,0.5970257394165691,0.6020250734273341,0.5177915805642026,0.49932544241512333,0.5530592289489697,0.4888302238870414,0.54571966466179,0.7032505142103701,0.5836096113698673,0.5545837912774264,0.6408297928186127,0.5546951464053229,0.5486067106315089,0.5168866873606565,0.5212538251665596,0.4755208686377573,0.620104605834087,0.4780527495580422,0.5662559521032724,0.6184502145468431,0.5721641891604079,0.5883145726292106,0.45009844377681923,0.6635754021158639,0.5589289679452051,0.5421564228795481,0.480516044763983,0.6025803435461298,0.5638259395233501,0.5538657588619563,0.47521512089444257,0.5533824038729587,0.6506407325234637,0.49164358590414264,0.5616704726398604,0.4765198605929806,0.5151437068238554,0.526338793475951,0.6152742967417706,0.6220920074590969,0.6013658978984352
0.5641171551754608,0.6696452283961593,0.6495040935187311,0.5245070365400681,0.5044221905951599,0.5731231882560659,0.5608572294937385,0.615708279345299,0.5274055931197754,0.0,0.5897632684586109,0.5762722609228004,0.596325307823762,0.54945213832215,0.5871198684156136,0.5884000736878255,0.5819693620104155,0.5789619220202356,0.5366702660534187,0.5216842413973227,0.5846823537575766,0.6269560205151296,0.5379463452438672,0.5456979549079252,0.6653365396438876,0.5095626545614544,0.5515704014871072,0.5485851378515998,0.6294213381086959,0.5172627564157408,0.6033562135507881,0.6091948044348134,0.5266553454691535,0.5072971779640323,0.5667787561775814,0.5727344261588362,0.5923327105840843,0.5529666945886418,0.5377910913337989,0.5649918701258215,0.535401181830167,0.5885499930613008,0.552200619136483,0.5564425028392925,0.6030217673212236,0.5474871036869425,0.5257595012383491,0.5448287793144204,0.6031869524356382,0.5300523220780571,0.5691074317785004,0.5212646147189675,0.5031090658632965,0.6064860437720605,0.626938504037353,0.5743783542619756,0.5354734988534996,0.5671592978591198,0.5588523195521877,0.5431807902855593,0.5846039053308641,0.4833402277244366,0.5338921763210114,0.5080854164312406,0.5069416691367056,0.512480325518183,0.5481506371792753,0.5590266492646373,0.567140064410076,0.6154530000561076,0.5533143436389888,0.5390594522659687,0.5042443835278744,0.604252135570597,0.5876226347245875,0.5429623316745463,0.5439697736791519,0.580874525918298,0.49472934723292405,0.463810168826183,0.5473278305434492,0.5424962503559639,0.5775348934569993,0.5382560213754188,0.5254503855025774,0.5627422956970394,0.5464160266448531,0.5250228360689192,0.5915447082093961,0.5226869449479898,0.5461119900863428,0.5583084556609526,0.5933887646429412,0.5100429007656714,0.5463037294550503,0.6143474943853411,0.49895008054922146,0.5609188885717404,0.487633165636904,0.5752134145086205,0.5445181406591726,0.5649663874212483,0.496873895183622,0.5474330544112354,0.5422530544734364,0.5328173260291647,0.5487781780148572,0.5809809435587666,0.5793616136374705,0.5790403748255682,0.5685024032598875,0.5128838567598214,0.5333726250144553,0.5362786785513035,0.5233791580728657,0.5488017857929527,0.5577980662383464,0.5940975781525456,0.5440103766459249,0.537636065690881,0.503343271253449,0.5237137182451926,0.4900499035545238,0.59309968578941,0.4900204669719397,0.6414691520584227,0.48755699389903506,0.5720951886852366,0.6069407626199176,0.5614120880648455,0.5748384318184434,0.5373336156239207,0.4833044263751824,0.49735828480535,0.5521562492809414,0.5011934450528072,0.509746298922179,0.5578410553718647,0.5509983507730928,0.5458679764021668,0.526997281189256,0.5704749257995219,0.5776566306988485,0.5427433225648972,0.5910811804604639,0.4864764040451356,0.5444257261596294,0.5738046070338871,0.6545452619717802,0.46102578667543603,0.5353009172847792,0.5552730687017374,0.540767612243067,0.5562362453779363,0.593767256303654,0.5764362464779336,0.49863797286352396,0.6035949226109187,0.5063985492185689,0.5326422971353137,0.6016434734051238,0.5341670072588246,0.5095623706030087,0.5260265240226807
0.6143607135798331,0.6265783816136441,0.6049461838703725,0.5467558025148375,0.5458143221288853,0.5951655701894367,0.5472418791840552,0.5858476253973602,0.5222276457527274,0.5897632684586109,0.0,0.5985763538175025,0.6264450969213265,0.5350497597488933,0.5864770558047473,0.6502384568396444,0.6226281941009756,0.5704789703722936,0.5667310649555625,0.5584836054439607,0.6441616599170272,0.65048534573597,0.5342381678976882,0.6613259331349101,0.6585035799970381,0.5789293358466506,0.5281085630087343,0.5930136510097177,0.6133649196795966,0.5208211402961865,0.5984950688091347,0.5772049509829424,0.5253593159964309,0.5366653322101838,0.6114412825358078,0.55179070060986,0.691973634758802,0.5855779253971819,0.6027722202021973,0.5940332289332445,0.5492957634084041,0.5906007787833464,0.56207155415401,0.6619317642795592,0.5934289483056363,0.5341571890710654,0.48148074307578953,0.7059394355406238,0.6264363083922163,0.524916607718932,0.5821949887923208,0.5660284985980867,0.48057706411946777,0.6460416545411551,0.6523113273580273,0.5517348859262751,0.5838616384899097,0.6000070156554009,0.5136697935146358,0.5315290613326707,0.6344460542464399,0.45896023458067814,0.5673227791859826,0.4911973034305938,0.5034209443259937,0.5228480682226512,0.5757092473193977,0.5572986450510872,0.5192688103665651,0.638386729189293,0.5845909376323779,0.5429598076860633,0.5292556166426547,0.6170668641698217,0.5936617574622157,0.5352538084802893,0.5810105158679891,0.6158430209254042,0.5197364893163876,0.542987533945165,0.5636199406738059,0.5475442277659592,0.5822954814291337,0.5765019709183505,0.5532258478104851,0.585792898633741,0.6155064616220156,0.4881893600181008,0.5457561103423719,0.5451454695034228,0.5663837597426584,0.5148137411517689,0.5919404375515895,0.5557977985556133,0.5580974057159329,0.5982460691161348,0.49651737713714,0.5381278894331419,0.48809140207359697,0.5457188981551473,0.5970830668270318,0.5601622323947434,0.48363798098954325,0.49747379973840344,0.5370110910865379,0.5373377359772644,0.5343986794166705,0.5946229391255955,0.5446313814027721,0.6713284675400462,0.6506865093622092,0.5413731093298044,0.5667317818355163,0.5423452762355808,0.5488460034792516,0.5976888595823737,0.5494429147807081,0.5781510217239875,0.571713608712698,0.5336094296505913,0.5694721267002034,0.5188568006264248,0.5584207416733065,0.652415894608716,0.5424018356346616,0.6543226276084714,0.4642810179813923,0.5830274900352047,0.6021026334744098,0.546609836814317,0.5254465705216067,0.567244319768032,0.5547385585449742,0.5643818318513681,0.647485197971181,0.5265580638403198,0.5430595688684546,0.5903853519955706,0.5596811510001982,0.5506155999851173,0.5187003820815678,0.5754911486977364,0.552630637265056,0.5227559126227189,0.6917960518273556,0.47139012433810756,0.568280430664505,0.5348288148806128,0.5934267032698872,0.4712471442448846,0.6285098354521336,0.53324714533174,0.580246598636646,0.4847120337202292,0.6096669756687036,0.6288349217670626,0.5985796778616997,0.650140190246732,0.5519476993524546,0.5708263769634969,0.5338363354202591,0.5799274340543263,0.4980800944331228,0.6796570567989872
0.5313100096371942,0.6017404168204522,0.5574827115964814,0.5436186043410304,0.5427918796802153,0.5759454515345657,0.5276037002707641,0.6070822621435015,0.5224450695678305,0.5762722609228004,0.5985763538175025,0.0,0.5020733693373025,0.455092126744877,0.5643338335953569,0.5703543743746197,0.5642733345236672,0.5092384199234955,0.6575927537594636,0.498874285071659,0.609232506181483,0.5551259943427814,0.5511119230340639,0.5649333678810967,0.6374987278786164,0.5020827511490189,0.5063061810752828,0.5478794251282902,0.5565216109293275,0.5850231497545357,0.6284364517488018,0.5264181274463087,0.5360215693647077,0.5442618959293226,0.5454532954151468,0.5524543535260829,0.5392166158530476,0.5421194024884569,0.5978168258622203,0.5086673168249407,0.5774248956708411,0.5705513876808743,0.53225696815948,0.5927986195984807,0.5463375369692599,0.508093348066347,0.4875304323222072,0.5303430379875658,0.5536133734112502,0.49547002309220206,0.5421428993469184,0.5542787721413568,0.46026145020442083,0.5980821046466507,0.585760624197543,0.5330329007137988,0.5354421555030837,0.7223546689046882,0.4539425230033297,0.5063433170256696,0.5154958942281217,0.43972697346242795,0.5325451006000113,0.4573965233810377,0.4629280953562435,0.4620122791804687,0.46814977346267334,0.47403232123434375,0.46957630510573173,0.593306016535815,0.5052734854419662,0.4799935164321226,0.45630909908319406,0.5325037372108637,0.559854530770644,0.48321181797079094,0.4912055102401327,0.5763303460047736,0.5156485240840877,0.46477662814203297,0.512226100596975,0.5342001390549437,0.568791361750742,0.5082496942986704,0.5241338388443847,0.5737563200122332,0.5274669480913674,0.45526548489327057,0.5337248946405004,0.5146475522085436,0.5569696539429233,0.5490631170716903,0.5694650877196911,0.4879418253949352,0.4935685453807155,0.6049923538142152,0.4674082178011252,0.5865763116128161,0.46442717447761883,0.5024621210157745,0.4960140512633169,0.5167471268310107,0.49390042615107455,0.5937808359997228,0.512441910539077,0.5119600698582967,0.5080165052632988,0.596169127557464,0.5119565258325524,0.5480541915367187,0.6124002709656451,0.5145473408904278,0.4702440721289325,0.5189203571056002,0.5105808870648519,0.5679143677854229,0.547774761617947,0.5332859910009861,0.5238623353080741,0.5148274429643057,0.5015336687617337,0.5349556925491523,0.4865510382280666,0.5936118293747544,0.4663124452709103,0.6371465378625129,0.44262053667815504,0.5601484946451455,0.5940376966101243,0.4775568221505863,0.5517071436128247,0.5208278274412929,0.45833092382925944,0.5330310576605733,0.5287363105461171,0.45225595271042845,0.527501735588951,0.528907856454672,0.5066135068882479,0.5731120928714193,0.48905416742278923,0.5081411115565841,0.5322630511784853,0.5051394326309028,0.567614452283337,0.46388378057832114,0.593294728739318,0.5165769961667824,0.5983985673745876,0.4754772353136034,0.5708606186801838,0.5350021920862682,0.5515641523848739,0.47064237472252735,0.7060317568038137,0.5245849449801671,0.4705456839326368,0.6347399316633568,0.48076079393381066,0.494608453617878,0.48326541683501545,0.5323445662542942,0.4926237548079909,0.5668750572355573
