0,1,2,3,4,5,6,7,8,9,10,11,12,13,14,15,16,17,18,19,20,21,22,23,24,25,26,27,28,29,30,31,32,33,34,35,36,37,38,39,40,41,42,43,44,45,46,47,48,49,50,51,52,53,54,55,56,57,58,59,60,61,62,63,64,65,66,67,68,69,70,71,72,73,74,75,76,77,78,79,80,81,82,83,84,85,86,87,88,89,90,91,92,93,94,95,96,97,98,99,100,101,102,103,104,105,106,107,108,109,110,111,112,113,114,115,116,117,118,119,120,121,122,123,124,125,126,127,128,129,130,131,132,133,134,135,136,137,138,139,140,141,142,143,144,145,146,147,148,149,150,151,152,153,154,155,156,157,158,159,160,161,162,163
0.0,0.37808088310628246,0.36537197820683437,0.25245103931774804,0.2849816334454846,0.3769035093804661,0.30014068725936593,0.3725407973197211,0.36048350410772423,0.3746171487216444,0.30442471458518244,0.27426597569408434,0.47215807068178467,0.2651840666656361,0.40096889524177964,0.3347197741611138,0.3674044407589012,0.4102435680615168,0.3734873527554969,0.4890262534469765,0.35101449023358444,0.36450847238868217,0.3006707653839183,0.3341817370989161,0.3846438000127531,0.26844152006902217,0.25905036604601583,0.4064735589920307,0.2727780913729578,0.31482115193430205,0.38791166666868937,0.38895965819132206,0.3202593626720567,0.29427310992344363,0.32861423616112884,0.24826863249808687,0.42879401058114835,0.3121073503989576,0.2830155685858552,0.37559924099233255,0.32331413931408975,0.2925223536365943,0.392974713885499,0.3138453597228187,0.3528946161978708,0.4164872744624751,0.3292783085358562,0.31900891959995326,0.37768407839591533,0.36094236146893716,0.41075205313034124,0.3904387424536717,0.2527323894440206,0.31583230168764154,0.26755331372643054,0.3077773563445737,0.46539218727704423,0.30734166156647375,0.3452422569192326,0.32094882574278405,0.37059001655685087,0.2361552015630481,0.3290783685568359,0.2109949562879169,0.30411432044723047,0.318316181227785,0.32131556083387347,0.44383374634830014,0.3549842706999571,0.3853578830135817,0.5396801010803309,0.2925847194574096,0.2882122970403686,0.37317851004426056,0.40025071845907434,0.34011332303843506,0.2727205242165503,0.28752535374070065,0.4014780820486625,0.2975493339844204,0.3597306051360152,0.4081363427611751,0.3969170762894361,0.32742884303194064,0.29678922916317124,0.41980999509214884,0.3333534964204217,0.39490820922723663,0.3936224941679978,0.25728132366430845,0.338457345005163,0.3139509645926092,0.35492274870052054,0.33728292576230995,0.3305672638091694,0.32080163403539863,0.2759260949544843,0.2944630259813457,0.20423189233087738,0.4016496250969365,0.2580638806746173,0.27617121736135486,0.25662273265291624,0.30867789998253725,0.34373545121650584,0.4218311401772447,0.34394212023869564,0.35602067678835825,0.38350558716654637,0.33376168973412473,0.2909055362235849,0.2725913980585763,0.3557950758634074,0.25932693610625934,0.302655717492116,0.36159710371386683,0.3613517266162707,0.319431081439281,0.2733033009317975,0.2374779482905193,0.2708069747549774,0.2758071644614674,0.30891409799211644,0.5367853803484816,0.2935509579721894,0.3714106205466013,0.24655777805543458,0.23672167927512197,0.2694957927085376,0.3883860596020748,0.29091799217912545,0.33340872290843376,0.2550874861280222,0.27734264556860855,0.3116647168209183,0.30457183473918803,0.3846198464781994,0.33251352492671393,0.32886916983538134,0.3959829275724911,0.28425123726562557,0.24622449368207022,0.40867014369085886,0.26291761104771283,0.3049542120902482,0.33767068895410063,0.3526793602737708,0.3560925652304596,0.47524451146310176,0.16342982838377307,0.38214970914756236,0.3259892282442796,0.31634359579411603,0.27205660186485553,0.3432818685445154,0.40036860555085013,0.3458600161770619,0.34739874789979736,0.2829160673982493,0.30949193637904804,0.2863405529259709,0.3746008397302926,0.2683358104771792,0.35675832359401227
0.37808088310628246,0.0,0.35899276545355663,0.24345272625454928,0.25334612056204936,0.4105764155249623,0.3000372593798794,0.44512727646676,0.33543583872101984,0.4578903362256944,0.27739088397750883,0.31873153881520194,0.40029888807441244,0.3097495040620912,0.3353959058954608,0.34168766161489805,0.36495389223735814,0.2908872924679717,0.3307962173199998,0.36317607157925313,0.2973089151960233,0.35116344605555205,0.32016705652519944,0.3337635135202139,0.35845008807467127,0.2753573028268524,0.3052350390936827,0.39107373640914445,0.3623014698611453,0.30888242288180445,0.4419648217287926,0.38341277261695106,0.3507977417226005,0.3246610407827906,0.35556075959554323,0.2772061878027706,0.34001534317460774,0.3275845810992774,0.2735581349337044,0.3406547922203433,0.36735064195184086,0.2985366754918774,0.25959169113338504,0.27973236366040427,0.46570228609549874,0.3078872259009129,0.37265951215733684,0.2670207731910658,0.3206946960668799,0.31166203022106576,0.3316189745849682,0.343181107936773,0.23781396987516792,0.32726069998837454,0.30844495286605705,0.3859022351313944,0.3098895898527094,0.29773733452342777,0.2989905646496035,0.3250096014531049,0.3425949207038521,0.21337704716386321,0.25249095534360927,0.2233740994739398,0.22224422564007668,0.23412030100269593,0.28764865646185456,0.3345190232516081,0.2990882187630547,0.3302990883455707,0.3382939824742758,0.3079139281321291,0.26450273730289586,0.3260544297117874,0.35024658098288797,0.2883810042573383,0.24235320319072812,0.32818147437306816,0.3150654498939987,0.29611084013279176,0.26304099643547224,0.31050728658869386,0.40581951076783446,0.3062196377276488,0.27374929941198867,0.5271545850494654,0.26647365902278664,0.295374338702523,0.34777328073645414,0.3092517626181968,0.2856521451203825,0.3457567131178595,0.3560154566708213,0.28016941857810324,0.2849915214152058,0.3777212860451969,0.26076591201896065,0.37630248149221573,0.2044505727223102,0.44056457338700467,0.2638272654278783,0.23420960484960504,0.2209903579460098,0.29739347792727333,0.3082364135608285,0.3789144352062641,0.2785882402084189,0.39916268996221277,0.340397837626312,0.3595452824911024,0.26158052376034513,0.24625164573811467,0.3272781253897818,0.2450744348253161,0.29764041179452905,0.5804233111200581,0.31853532048201555,0.25625536537466964,0.265770591732324,0.2568762694386143,0.27613764724314455,0.2740441086933169,0.3173169876641339,0.4178816620184824,0.2767577868843245,0.4525382930312865,0.2578853898237779,0.3092885380253574,0.34054185658769265,0.30189390064751015,0.38257717246828304,0.2858338981191876,0.2548549477229155,0.2898718640479333,0.25850001617131346,0.22270157275598082,0.3666075355381928,0.3734908232719262,0.29651339310109703,0.29509281157439554,0.23765707883964254,0.2642229020166611,0.39207384740434026,0.2542643260661001,0.2860509140717543,0.3273809196941066,0.35260997540260597,0.2829723050406347,0.43591402890597597,0.17706111854724116,0.2880657167318833,0.27400675355999965,0.2663275647591269,0.31025215103507925,0.30137105765678374,0.31160287152340255,0.31095268454961117,0.37332402716824487,0.27534653671294984,0.29927850764758673,0.2476375751885352,0.3828198226592984,0.23301549970438587,0.2759353202265965
0.36537197820683437,0.35899276545355663,0.0,0.2797487451852472,0.3204132460669508,0.3277182624552416,0.3457618264855248,0.4107438543596691,0.3220196411954875,0.4873381834742632,0.3306408990487762,0.2925599905323126,0.386684917021782,0.2591092628909332,0.3793093546302277,0.4025606890782837,0.3976084973300686,0.3399566875655427,0.3548979170641543,0.3127895426677679,0.4375157655495467,0.525263921123531,0.3363804097084892,0.4001376406021314,0.4180608620977366,0.29488421341148274,0.284661227159261,0.39805975669076343,0.2870062716535819,0.33114874674424755,0.344231462976182,0.3337389780659723,0.2783773218047575,0.2793522015358827,0.2707948042560875,0.2402148847214859,0.4003013650516385,0.3015436295784643,0.29394016372625215,0.4028488282517115,0.286173592190003,0.3399241341121915,0.3305148598728413,0.2792625741357584,0.39661150851783594,0.32719962431794225,0.279771515890515,0.3109896673763014,0.39290008947246546,0.2726611259373592,0.3609139547794587,0.3112730774500547,0.20280995746007568,0.34567493831792084,0.27272804584539184,0.28705966040418507,0.3188305544678309,0.32917129438137865,0.3335138450627542,0.2642019306477894,0.3416289781059242,0.19943489273101211,0.2714679642468003,0.2026048856221391,0.2471325745289603,0.25980594794470646,0.3143977102191973,0.4376625528151087,0.3704241467262733,0.4367683870451724,0.38955815440320496,0.24274054813364482,0.26060169192552274,0.5106296986158564,0.32930516787230896,0.23375797458492997,0.3218396486466458,0.3204326605468272,0.30180504090141513,0.26500966560856215,0.29030387541505276,0.4059462262916598,0.4043434967377746,0.268683603433855,0.28301219844174164,0.44178007060913793,0.2921918737565939,0.2885778142164402,0.30275791456371,0.2505406129227983,0.3138621505168464,0.27317198981960306,0.2971624731914671,0.23473682607415772,0.31351274080235675,0.3171870125854447,0.2270738192874096,0.2992508327382364,0.18666556090842906,0.3360210781542724,0.23280655481865875,0.3233274284858913,0.24474509425146573,0.36732391927490365,0.25882496126367166,0.387471994529856,0.2909234457143808,0.3777937009348254,0.3126994109128279,0.41516636273174223,0.29289744842422233,0.2425558593111074,0.3143062170963187,0.2585937724775978,0.2385522071835102,0.39204544518962503,0.26174094839584156,0.3590444749268202,0.28891620104758187,0.23063988485628248,0.2682542788885808,0.2695558363269642,0.2709513671825444,0.44033733583624934,0.24047310094765348,0.36321165784876674,0.24815070206847858,0.27109889200747217,0.2930902038770356,0.2915522734079638,0.3019715470912916,0.3968089603340167,0.24059463934044562,0.23679788690324619,0.3302177778873962,0.22613979924480654,0.27841126883364,0.30478515245313714,0.3779875488228978,0.3841268379854483,0.23881362893183342,0.2410479033357465,0.3728380589470467,0.25634099250124864,0.2849977396735895,0.29482413571596516,0.36091493665633906,0.33805397358553085,0.48934618373707583,0.1695875871959657,0.3020703825906736,0.23879232972057987,0.3232323085815806,0.33697554396467955,0.3976755490336271,0.4248986173379058,0.43113319528321514,0.4225242985570665,0.23915612511250203,0.29784858033822564,0.2833330971978084,0.2702987697621655,0.2980440722068258,0.3436627753390776
0.25245103931774804,0.24345272625454928,0.2797487451852472,0.0,0.28806638424915954,0.2374560218586567,0.3692906750378086,0.26197027173871096,0.23625222750536018,0.2702298126802389,0.38400265080091156,0.29377715844057106,0.24588411609155034,0.24788039015245475,0.27005333339197707,0.2751559866181525,0.3014062507095089,0.2515706547150133,0.31364483823692874,0.23590655224471127,0.34136293731628803,0.2776764014733992,0.33259653278553597,0.27133098497842595,0.30569927444283157,0.35803142547363404,0.277817124057062,0.3196662520833757,0.28755423888103104,0.22324108542296325,0.2583581302949697,0.24576223233539743,0.3539512106187213,0.29548772047369853,0.28087045485024176,0.2890691784325578,0.29732975970618913,0.2983122094808774,0.3208413145632659,0.3352853240811661,0.3209450522917979,0.2697700810847904,0.2645067704282792,0.36598783373929994,0.27216732150676803,0.24366271399812142,0.18660380591064168,0.3406212918242275,0.34524952901090045,0.2508608099795565,0.3468622255576502,0.2990777749548253,0.19820666503237372,0.4057759518582999,0.32418415728908295,0.222194588883204,0.29263255442977193,0.34977074510482864,0.2844424798789936,0.23735184749864766,0.2923715706728631,0.1872258170399977,0.2603260712025425,0.23220307284253922,0.22389052753983835,0.24049523552302998,0.3503700401563047,0.22961905085020048,0.3092374732349786,0.29406564321143047,0.26968406264136724,0.22994046096507947,0.3195486062661536,0.36625736548691185,0.26858576747933366,0.2024722495393841,0.3647727546055399,0.30166310053041,0.27828158876491255,0.22352567481234992,0.25018311985306024,0.3297386059480964,0.23450715270292818,0.2413310504874309,0.3258346707084678,0.2633731639980835,0.32546317675365244,0.28002705430394464,0.22290028593766736,0.22382248158297052,0.3868514530224024,0.2876644444448334,0.26265986058812435,0.22150181783452907,0.3440551569895026,0.29668446958710565,0.21007503469284325,0.30484709675580246,0.21769348949857226,0.2642547392171496,0.2502364104740817,0.3182061416969494,0.43993098839769307,0.3133398473744251,0.24972927585659987,0.23817093663474587,0.26283589394913043,0.3160931537109502,0.2539355211396978,0.27418449196031036,0.40797707482142953,0.29853389559727594,0.32450466695004065,0.31882039015933344,0.2351976730089228,0.25394908304948066,0.24358890668018146,0.2679269789312654,0.38650002816814083,0.28055252042639844,0.2839493504846727,0.34887048159387424,0.2827000688696623,0.2903093365070797,0.24941549608000768,0.2904248538282478,0.2519195656142862,0.23040910250259714,0.31232004943972114,0.2776146657901766,0.20606756252928485,0.29073408375784365,0.2721917232600164,0.30674044591075256,0.32790090836414076,0.20182222105561723,0.1861548773100628,0.30627781975948065,0.34212101075251494,0.3073208843704341,0.3209173233835437,0.2530462295243389,0.3086663194754267,0.3089178409034871,0.3217099639866004,0.3089152917019012,0.26699609996828394,0.24017443977721303,0.26839549893717113,0.184036278298942,0.3663950599967561,0.25637032126350673,0.3559409150411875,0.23443795398427728,0.3781469984956241,0.27753612340022676,0.2590360701208554,0.30060275067605347,0.3639579878702138,0.2786809592456281,0.24246003621468046,0.2714079751746084,0.34909558304973654,0.33345298148218405
0.2849816334454846,0.25334612056204936,0.3204132460669508,0.28806638424915954,0.0,0.2230590144309252,0.41689889777287964,0.2589756349009177,0.26192009115827447,0.29406638366583376,0.39637877848128,0.3236157549302053,0.2426214218375714,0.21401415587255385,0.30782754970853243,0.293666647607609,0.2829770429856421,0.2731562979484461,0.29495920534730274,0.2575483754548583,0.3680798756585433,0.33406780792474533,0.44229441628085375,0.34305950429829657,0.33979082710811676,0.3435748147607593,0.29986867983099064,0.28217200348826693,0.24136649385135164,0.27292097883438005,0.29323672387470334,0.23911279459155177,0.23642850535945942,0.32629825801766493,0.29580921430941887,0.2708648698264584,0.33452202721424423,0.26247735326694355,0.3642867481766457,0.3190440223721841,0.26368944707510095,0.36645941318231134,0.28234701438282833,0.31249463293113705,0.26616328224876323,0.2487560072127001,0.2326196445957243,0.35096617534923785,0.412331257819191,0.2436027855297074,0.3026270127615282,0.254034599309683,0.18501120876208413,0.28370824171960163,0.2739023844698079,0.23850848520182683,0.25573455869541456,0.3670914274317342,0.26821887537870326,0.2206422543833584,0.23047218042489864,0.17294974190465226,0.22404903942527157,0.2402061515147265,0.22607409563113795,0.20108428639265324,0.31472031815752394,0.2834923759815977,0.2744746116815991,0.3274342912057295,0.2945570873665464,0.22096405302537503,0.26374563960531916,0.31467439391279906,0.23099760680481696,0.20224106170699774,0.31813402556065234,0.4521830711164505,0.24307302431839312,0.21836057016227023,0.2339985183718529,0.3818343326062814,0.2792636159803157,0.20152836091831589,0.2705835623687295,0.27304010039773113,0.3096985998992153,0.2523299395865507,0.22246857308729592,0.2534241863359289,0.39509895503928044,0.29968247912144913,0.27091982783412105,0.19784235852079757,0.2964566661363048,0.2801875896381502,0.18410881002528792,0.27671286691291663,0.22782317763894422,0.25026007839312653,0.2301969236218636,0.2826361020466147,0.3169874107870383,0.2826394011692189,0.21968836596851438,0.2553935430880218,0.22326757759730623,0.3482323401813944,0.26334807923483655,0.335873333732256,0.38303868339131214,0.31980428998532096,0.2587129848425411,0.29923396153332626,0.20286173560343385,0.2575004549811882,0.22743814725300168,0.32830169041472196,0.26475521191371626,0.2656498364408114,0.30862390741295176,0.26617179732034574,0.26273895285692345,0.34156095020959726,0.25025316033416956,0.26668808126281024,0.22089464810991125,0.25093799732863653,0.24805915864136074,0.2423342119306839,0.21837755828300634,0.26023359526981743,0.22106111727712294,0.3100619729317925,0.33331069025157506,0.2112292822357351,0.22094825861384318,0.31606868762486073,0.3505893577794495,0.35113269661956603,0.20375330478470638,0.23564601644517286,0.33009507629938195,0.296231876832129,0.34558277459067366,0.36513623241401316,0.32978537386895757,0.25518268290726787,0.30070932137345296,0.1841614839605656,0.32559092660188105,0.22264997054895563,0.35433673131595816,0.2639942218626597,0.38726244938555876,0.3234217777847172,0.26758514024185787,0.3189270804649647,0.23955247111735659,0.24222296942357036,0.21970261504638783,0.2524806709692667,0.32874996952942126,0.4823343124042947
0.3769035093804661,0.4105764155249623,0.3277182624552416,0.2374560218586567,0.2230590144309252,0.0,0.2678959662108861,0.3464110932074955,0.28063000495122215,0.3233478057052604,0.2566897731231682,0.3059294201214074,0.42686954008249584,0.2418284227498154,0.3175024114311156,0.33614166879441554,0.33312905861793757,0.25274291979463814,0.3354852315455559,0.3429962907714687,0.28111933761457486,0.28843229009180454,0.2397417092802592,0.25791649133188943,0.32938796812408516,0.2493110142052732,0.24696320060970006,0.33134769135361386,0.2989495718882714,0.2745092173277482,0.37050995708320617,0.4294395287659505,0.34971990033070277,0.30389781426501616,0.3066117251769579,0.24213127409601498,0.31928879396992343,0.28443550756055525,0.24557758322780554,0.2685907919589806,0.3340705930468532,0.2584878866381457,0.27140416784569055,0.2986910831854776,0.3543475584117356,0.2884789521099026,0.3173988524495575,0.2615054773979957,0.25233780235064546,0.3023717464896298,0.3033688097572216,0.41722561234577515,0.21337289690808822,0.30679008939649094,0.27289770339139274,0.32798623084083356,0.29875639277287247,0.3426601516555944,0.24341306681389194,0.28626967789863017,0.33596398054236615,0.2325094296355342,0.28212889526542245,0.19400867953878367,0.2155249928766052,0.2378697940534993,0.2564693734995652,0.3297208711036642,0.2630382682794753,0.2952455869193465,0.32900733921699277,0.24940051787443115,0.2597986448460963,0.2922307864633628,0.37189353280934206,0.27589281427395945,0.23246978149866368,0.2707795519082936,0.29625882802636894,0.32775848952998343,0.2970289066720022,0.28407891003668345,0.30585877024868424,0.3218206471945777,0.25848332221472053,0.3752718215852784,0.27824046124038726,0.27885909985320234,0.36721144430236674,0.24893898264680112,0.2775320419831422,0.35447413172417,0.3100762558665444,0.26573835601507884,0.23764625588526458,0.33836780093804225,0.27163446009003633,0.39885746502214625,0.18830212684864814,0.39583785134777844,0.22745634558007613,0.22869839606084014,0.23093948246488474,0.2826340684339924,0.3162130343776822,0.4100102740983786,0.3047713297787071,0.3097397381340723,0.29299521221077707,0.2880753865037651,0.2709032845655251,0.2222826283366551,0.3437102472372941,0.23910566028799507,0.27167630155028544,0.3952430087925876,0.32394842103083804,0.23219060583575532,0.2938844546535315,0.24645963211245137,0.23806486975712463,0.2837044904948243,0.3038894998577586,0.36466858447461503,0.2592329549252901,0.4179231554882069,0.2534000887972049,0.24721176902496259,0.31056052410079377,0.2628516847842157,0.32486707739837456,0.3147590328396482,0.24586940944376678,0.2630318996924124,0.24055067690978904,0.2146197001773585,0.3230615457885676,0.28307805678423364,0.2389558846923572,0.266794501595654,0.24541990202859984,0.24994574576036246,0.30768532214208755,0.23472217034245607,0.2553708443566337,0.29934652292601577,0.298279292713385,0.2826261578323475,0.35026079924539694,0.17380712713091925,0.2719315701688815,0.2649594052952671,0.22684326284559925,0.23684646486757144,0.32046922795777044,0.2781904962860942,0.27877668116321325,0.345652803266778,0.25322586437967465,0.293358047518036,0.22653490081462233,0.3478528873727512,0.2194250389446584,0.2506177977872674
0.30014068725936593,0.3000372593798794,0.3457618264855248,0.3692906750378086,0.41689889777287964,0.2678959662108861,0.0,0.2860575184036167,0.2817244583735497,0.34554761113396665,0.3655003369806365,0.39495464103306677,0.2718643883153662,0.22475501404585735,0.36266766939717415,0.2789534755706014,0.27857080891299746,0.27898267068361676,0.33468654590258895,0.2499817639093028,0.34585616876568537,0.3945403235344004,0.5408732835007211,0.4022730752599401,0.4223787746052276,0.3101667948636409,0.3225300729727775,0.2979574439265581,0.2780900808426276,0.2874054669072365,0.31590387987197593,0.24263276532002917,0.28484456620020704,0.32411555934076214,0.28136104131011974,0.25427193637090373,0.37868564096093227,0.25822852323090145,0.3105911108031184,0.35250507242051465,0.2976527151012404,0.38049668573262985,0.2675485501398425,0.3316896649911134,0.31527681915057526,0.25422744932506314,0.23851593767999235,0.31051797246456975,0.4453929266953256,0.2267845041773315,0.29918830381937145,0.274888314570818,0.1825662763926165,0.33174420465964727,0.29296683393198053,0.26707192036486693,0.2566115162344063,0.39267615160314434,0.2802972922648452,0.22058916848646107,0.23351530057739583,0.16675726451117834,0.2229680890170436,0.22822913392238736,0.21243497740012707,0.19935549249861811,0.3210844137250884,0.3033025219138126,0.27633862822105665,0.33447038087069436,0.2864432166169281,0.21618841670668057,0.26088035496286144,0.3275617170707507,0.22748056156758042,0.20579475748444329,0.31396421186087314,0.37826906690025375,0.23961308757577737,0.21056200404585904,0.22992876251602926,0.36385634771423486,0.29935578415700836,0.20163035618509415,0.2663156435627316,0.31042682247729736,0.30281299421947994,0.24769033392703094,0.23542570238119645,0.2579241846729297,0.3844844940065581,0.36895369402275247,0.2571731202258301,0.20065971740364813,0.2926158403773748,0.373461357033918,0.18201894366145938,0.37366221487662377,0.2121300976176945,0.2615302470740728,0.22952802071646156,0.28143400141491903,0.3385091811588066,0.35661778134530847,0.21605895540770886,0.26795793394846695,0.2168799175280136,0.40967219251713394,0.27130914591928174,0.3855889209715709,0.4078454403599437,0.274630247137951,0.2566409029185924,0.2654957868857453,0.20636086173182605,0.30533323336960627,0.23431042540314237,0.3156307850891963,0.3024114756500291,0.2618262238777157,0.27464253756211954,0.27132020929746925,0.26403001481983507,0.34302324480653984,0.2360988836340576,0.312791890586591,0.2120980487658876,0.2856484348531482,0.2619796229045528,0.24909799678159122,0.23739120435263777,0.24874396059611603,0.22418067961962246,0.2728097785329404,0.30630846201187184,0.19924967907267593,0.2358552617305137,0.31016547674163086,0.376737161873027,0.32846827054006655,0.2386369593247167,0.23217034274195392,0.32506451018032934,0.2689123110327607,0.3067188393230095,0.42683228202112317,0.34088098776860026,0.25643551267754566,0.3343275253236811,0.17226478956500732,0.31875200634114814,0.23766830242843193,0.3415624452019587,0.2974238038833209,0.4917875361144527,0.35185997091430843,0.33195606187175947,0.3807184529335331,0.28606387032981984,0.2478850915331148,0.22943223719846356,0.25972759331162476,0.31743274504385577,0.41500749517853375
0.3725407973197211,0.44512727646676,0.4107438543596691,0.26197027173871096,0.2589756349009177,0.3464110932074955,0.2860575184036167,0.0,0.40493277502110153,0.4451931508920641,0.27530525006159906,0.3330419602205577,0.40077961937558615,0.27162199654932206,0.31991908231910676,0.38682118258422366,0.4122715926575868,0.28757255226904643,0.31596794412854534,0.3541200792166733,0.33287206172370715,0.3430961771913058,0.3133409017218351,0.3144686126211627,0.36869161404308004,0.28616103356645156,0.3338823084676241,0.4332681685105745,0.2738171714737483,0.35574478210740046,0.4728128881080132,0.35377751127195395,0.3048257054527581,0.3134456538577429,0.30880848941317324,0.2650922163348495,0.3907547310279609,0.33507997098747433,0.3089305209906305,0.34848151007049116,0.3000742565442276,0.3181868042919243,0.28911677787945544,0.2813054376719634,0.4617059276084321,0.32610233949805195,0.31421010213731604,0.27596125334533833,0.3299676831959627,0.29362554701741883,0.3445603231142371,0.31497820123743775,0.22160882887215977,0.3222372085982217,0.28487140750068424,0.3560289564945397,0.3141616214832853,0.3610792362680558,0.29089239589772525,0.2802243376653343,0.4101123763697008,0.21156735604042637,0.26627010797062745,0.21823123211803278,0.22433392136591312,0.24228855198794247,0.32184277092805486,0.34543326560242177,0.32843884950695346,0.43118869782791786,0.3531533810994248,0.26747545744717627,0.28287319856641757,0.38423177975136447,0.369379871772881,0.2593759018209221,0.2975257711310811,0.3117258295284834,0.3568684620651041,0.2626232892985556,0.2638323957048416,0.3541925791406788,0.3951812900138988,0.29638053431011124,0.31456766918403783,0.5282432967839795,0.3531965797847235,0.32995965540572614,0.35852879777913116,0.29293262980747464,0.3095976956522049,0.32070199810077726,0.31730856084556774,0.2506386675259255,0.3174586575189648,0.378103437009893,0.2600731047775538,0.3545496329146025,0.20018719249354883,0.384851219356413,0.24557946049930354,0.3083796690772779,0.24422484930832875,0.3159151519617091,0.3023278730383783,0.40123704440722496,0.31721597729051976,0.42036213673906464,0.32123989240954537,0.3507649814191793,0.2591809760214832,0.2622392076911337,0.3568646929255553,0.292767464490128,0.25874158630802385,0.4723450030879599,0.3053625833870174,0.279456732408632,0.2665976471844427,0.25821831769731507,0.2638570566572394,0.3492777416874651,0.2849543061587152,0.3942528745833096,0.26110273128010414,0.3554682720193547,0.26499859177270835,0.3163929134729292,0.30471384168422344,0.29986167573773576,0.3970263377706466,0.3498417496635535,0.2735024542843836,0.25878600330622864,0.2780219067739353,0.2127286022362293,0.3218663319853227,0.3246293399116316,0.3189775551511399,0.349458481138501,0.22779089508363284,0.24835268364342686,0.43993474301247426,0.27966896792849366,0.29527151951094144,0.3562164923444212,0.41763538201278766,0.29690379161102604,0.4690641824928297,0.17546911991197767,0.3229278633427229,0.26449582844222325,0.2892233547121547,0.3209980392335447,0.34115067225440726,0.36506531624568533,0.31828087358757257,0.4076149001700708,0.2579133170526458,0.3095988807642791,0.24370538425492577,0.31850199238656324,0.2694472486040303,0.2820325259095875
0.36048350410772423,0.33543583872101984,0.3220196411954875,0.23625222750536018,0.26192009115827447,0.28063000495122215,0.2817244583735497,0.40493277502110153,0.0,0.3266382924501144,0.2571340651248233,0.33557550204693287,0.31161959428370106,0.25783437901544365,0.27816553088570456,0.3434574346001104,0.31667982912581427,0.2771385833376527,0.28438947748309434,0.34548979223507026,0.31858810603405296,0.3588028251172739,0.29251675285682716,0.31784301393235465,0.35584796760867415,0.26367573460768734,0.3146508369628163,0.3267183980486408,0.2419492842492572,0.5010942004036368,0.4333212290410798,0.31662879864694576,0.24772426606817513,0.28571138085252074,0.3155841208092248,0.2480139672523635,0.3630241814061886,0.335411328842295,0.2980069012091775,0.32619246377886657,0.25208790563706773,0.3524561399919584,0.2761365504595627,0.2896094254096206,0.40039030632061534,0.2880306806816934,0.29796824588588855,0.27303932564930344,0.3327379677023077,0.28095609485636547,0.2922337611195827,0.2673386683657829,0.20612405458373692,0.2964783738286361,0.259435738572912,0.432517443036359,0.30700267749037286,0.31381351046686295,0.26816590667366136,0.2475082168537459,0.28460145849163715,0.20334113036768592,0.23187265919015757,0.22947006472269885,0.23583779781725758,0.2331369869540585,0.32551613687243824,0.31765122252052314,0.28310723244414737,0.32825322223353515,0.35440129886723787,0.26350972828655345,0.2933884134598184,0.3208903321842385,0.2974863989729337,0.2532776228387734,0.2643756781438077,0.27460303055993446,0.29070829332401843,0.25010671642006577,0.23625530418903556,0.395338975146118,0.41070752225618457,0.23686894436250497,0.3285909991453396,0.41846184899407,0.3195119450562768,0.3312187948036245,0.2932321974992176,0.36316300577076066,0.31395040960387477,0.3415153930876468,0.2718089046216758,0.24335945754739297,0.3314101896040287,0.3685999289709263,0.242819782065487,0.33827546281857296,0.23098438958456943,0.2939036248324227,0.2626417262831872,0.2751260753419221,0.25872544773449474,0.2774727954005952,0.28042544136892206,0.32085832048240515,0.2608423364197758,0.3627210011177912,0.27789917680953663,0.33803780245349635,0.25643594331449737,0.2956349122340729,0.31694309747971977,0.2908873235646515,0.22469485642113274,0.35104216681416883,0.26731943771424954,0.3105172012454847,0.24098370496966448,0.24385170227675013,0.285352973881696,0.2842056344016381,0.30259271929682724,0.33012794165761233,0.3263067415137761,0.28080283924004884,0.26865792054268917,0.29434591063652177,0.26177203708015645,0.29002935992847806,0.45110004347159766,0.32214707908118323,0.25980336091460876,0.2778798962755609,0.2936485302834679,0.21762586712866816,0.35580315437916676,0.3102771780168224,0.3337447391138179,0.3705701297162453,0.20514335547879833,0.26027630269566193,0.39233429678998577,0.29519159125594535,0.301880112214172,0.37635365388086334,0.5060771407362751,0.24929036056302273,0.4068868395441199,0.17495149167555915,0.35157377455034283,0.23469913220464447,0.30103375824424805,0.37641840488818396,0.3093814453455894,0.3770190766221615,0.3012728593429216,0.3751720617060997,0.2632339765430161,0.2919860093988145,0.20723843802364117,0.31103044771544536,0.2924835466195595,0.29849511973662457
0.3746171487216444,0.4578903362256944,0.4873381834742632,0.2702298126802389,0.29406638366583376,0.3233478057052604,0.34554761113396665,0.4451931508920641,0.3266382924501144,0.0,0.29608425784590736,0.2967021747211185,0.3547220160194543,0.2566875550515786,0.36621033191706426,0.32291657098080817,0.3675881604184544,0.3353340806839954,0.36222057242152156,0.30960269600402657,0.3451473266086806,0.3805446231129025,0.3925424105572063,0.36217415068251807,0.46298666784262055,0.26050338713945964,0.28848708757577834,0.42315112290974144,0.3010788613884162,0.3177989680116851,0.3804592771897532,0.3163725480391042,0.2758479129718,0.2856142686382424,0.2895503731691686,0.23638584027504883,0.3598297206056808,0.2796280862891291,0.25151393745375555,0.3615886868890097,0.28795056008016356,0.34800466175519223,0.2956741721266839,0.26485776920022885,0.3569153014863636,0.3073049059292203,0.2905340450704098,0.2800399067600278,0.3957813213176712,0.2533666782625607,0.34383696840499756,0.29838328909608836,0.20564009044702203,0.3129518280654157,0.26500615280286927,0.3223588099341185,0.3006056385967273,0.2958339148699467,0.33621826534147364,0.2559132110201971,0.3306450049441535,0.19140557185939738,0.25531073574785973,0.19913114269925955,0.2386399738500684,0.24736826103357296,0.28280804199435566,0.384589144261408,0.3592096604535686,0.4286693137796131,0.33765981662087585,0.25914157236798335,0.24450707088644164,0.3937406960596995,0.3118408712522627,0.250399783541088,0.2700827932054573,0.30327499939468716,0.291431141666411,0.262767728406962,0.29720037170088864,0.36178074746495187,0.43360067049729345,0.2676069523501512,0.2683762152976921,0.4200525068185853,0.28393514248098406,0.2919406759526164,0.3144267957913279,0.252530725952398,0.2956003302897451,0.28825445138775,0.290048823788868,0.2337342316538408,0.29986228776076185,0.349345186550719,0.21399713957162533,0.32559701163381194,0.1854482346327331,0.3583598688606616,0.22931074109548974,0.2810341746402738,0.2501807414147658,0.3800230366169792,0.25185989757494215,0.33632630623322285,0.2743192076987276,0.506480660864055,0.30496947620372755,0.401355458155092,0.27889977799117716,0.23039425118340978,0.314870379934335,0.2536028342850322,0.2419867615266312,0.4409267945703315,0.2994105794268152,0.31765937577252223,0.28292018264875896,0.24184295981121112,0.23937805356613445,0.2713755639211651,0.25720005416021385,0.4401307554323158,0.2383724732444655,0.36736065422528874,0.23572830825103513,0.251075331886391,0.29902622439930643,0.28450860745556344,0.3449931312408798,0.3108479444302837,0.2318621398699364,0.23575524099628975,0.28271736946866177,0.22316267377946666,0.30147370944011986,0.31142873645238334,0.34636838224272887,0.34795551241867423,0.2529192838035712,0.23081947725671115,0.3636609107556434,0.23438321899408324,0.2652581439925105,0.3255781220595109,0.3248007778129616,0.33499166449790063,0.5110402423957312,0.16720010461945445,0.3003047889747855,0.27515327279914525,0.29031879352601475,0.3282767993621147,0.3750835176341029,0.3662224174793872,0.34247283656831284,0.45314890571264227,0.2559093635071157,0.28076310688879486,0.29858246192101523,0.3183238703812047,0.2893170721777269,0.3079260498640075
0.30442471458518244,0.27739088397750883,0.3306408990487762,0.38400265080091156,0.39637877848128,0.2566897731231682,0.3655003369806365,0.27530525006159906,0.2571340651248233,0.29608425784590736,0.0,0.3448438418933883,0.2888744515380247,0.2535919871698735,0.27919319261911046,0.3361871244092803,0.3363241018948093,0.2735822428655984,0.3223326668044652,0.2731716019478459,0.4099555286462396,0.35011642730459175,0.3877242349816049,0.3346824694414595,0.3525978507135322,0.47726149316934086,0.29776500989484617,0.3445727706288621,0.3154755764488567,0.2531933569571188,0.2886466273932303,0.27944995689910784,0.2645763704921837,0.34059717987998084,0.31315091951037455,0.3089981755352498,0.40428883780606434,0.3128960255824865,0.45534679253205534,0.35370209715643647,0.29552216247936686,0.3382961506706966,0.30563086090274233,0.38243208503452447,0.3009465204111091,0.25391032625917154,0.20455903734925024,0.5076406524460478,0.4256779428076586,0.260087215391757,0.3781482412454927,0.28968301281316505,0.19718961992523334,0.40680815424648076,0.37327587752571656,0.24348952819046185,0.3117018998572954,0.37573079981006463,0.3035431725827343,0.24640754417931296,0.3351905013242474,0.18587630834434532,0.27431295451088356,0.25361635660224585,0.22503849137590087,0.24567108768882215,0.42924726330276886,0.289793934186869,0.32711119140779,0.3303990394823646,0.3341223915838021,0.23742780606893021,0.34713626864378716,0.40538679920587917,0.28103165310312644,0.22565736139410045,0.46734005925966293,0.3948121914867779,0.2882146441168031,0.25538260729158907,0.2839389177246989,0.34821527720915857,0.2782283678264081,0.26067407726664593,0.3120196537484203,0.287235852997228,0.4011783706490414,0.2862101097736975,0.22551486935544468,0.27572878340610013,0.4390763121692518,0.26725212448180685,0.30343547333147386,0.24043668707517882,0.34678720480015707,0.31079200039621646,0.21885279708522148,0.2714067101988349,0.2352957073991994,0.2670309854350028,0.2849425992603076,0.3406378081065385,0.35745467315367796,0.25554050713673304,0.25460060166804066,0.254279009607187,0.2617623203537486,0.3543520041785575,0.26207288124318123,0.36854934964413993,0.5316248015475669,0.34587603456388927,0.35266489718978233,0.3506410797532961,0.24148962644748684,0.2696541155174092,0.25154596860198647,0.3273077247012468,0.35064555777895595,0.2877594579427338,0.31707443912147915,0.30371601312494606,0.3325367593117186,0.353597437071029,0.2824270436156208,0.3253947137161826,0.23752632966359533,0.26788610864778856,0.3065905209403259,0.2790401769372604,0.21203683994615252,0.3300664887040651,0.30001457306610435,0.3789721693476526,0.4484218195931967,0.22919336177347535,0.22828531128200094,0.32210061963225806,0.3822953065119151,0.35122151652118144,0.2612526914902335,0.28215679205222804,0.31283452061858624,0.3449567612939248,0.4788408950445848,0.343632333371526,0.3094024398259628,0.2620774653083697,0.30873945661466334,0.2004898682162097,0.45400245660735333,0.2513243474979689,0.41286953253706876,0.25317896549159924,0.35854866603123103,0.3460146144141091,0.30158682175247475,0.3299473788024121,0.29640705716458193,0.29530326808233104,0.2432280395421252,0.3111955027031669,0.3358921716932409,0.5120939236583419
0.27426597569408434,0.31873153881520194,0.2925599905323126,0.29377715844057106,0.3236157549302053,0.3059294201214074,0.39495464103306677,0.3330419602205577,0.33557550204693287,0.2967021747211185,0.3448438418933883,0.0,0.2567776550716127,0.20070983576326387,0.26455561910068676,0.29361022743305165,0.2779099873169993,0.2149190009139154,0.2940950198285327,0.2560576459833478,0.2979074449629097,0.3024021471992646,0.3611335816312247,0.29682664958425775,0.3527385929393088,0.3219404554976047,0.34428489800333134,0.2751229308505437,0.2558920120116959,0.33437511833070566,0.34695601366192197,0.25853560380579566,0.267225541297063,0.3659181432282035,0.2605990665677488,0.2566034051673514,0.33966520213325524,0.2585558093790713,0.36123362864014574,0.275152679646129,0.26712602712257927,0.39430807702286536,0.2287536816371354,0.32517060492481675,0.3024379381501507,0.23742879713754247,0.26282245423161993,0.2918439305428538,0.3023428016064604,0.23029955337245606,0.27973673026892554,0.2822226405169285,0.1781943553529977,0.32476747482173024,0.2951437227259829,0.3008479595767458,0.2503901807957647,0.4549786991437094,0.2137638841504688,0.2145460761171125,0.2393855977012873,0.1700319634268572,0.22119956007420585,0.2205687376573171,0.1845616238415011,0.18956047950264826,0.3042129370960402,0.25281612480365956,0.22833871126880526,0.27488918673661794,0.2609981845007061,0.1981848547682037,0.2703831542805005,0.272640273911367,0.2457417862756534,0.2018269272907368,0.2919909471073015,0.38124681565137863,0.23842342534919847,0.20737579787431876,0.20782156057506132,0.30318793777735326,0.30193686229383954,0.19918044420596318,0.2723974608257525,0.3148585854971256,0.30021196526527993,0.2455197488731728,0.2379652053542027,0.33021470011173115,0.3554272066942054,0.3524565580397553,0.2510593907949043,0.20428477055342478,0.2627299549609109,0.4599841440512274,0.19318137652332237,0.37231117761648486,0.2111546730275471,0.2483095086733726,0.2146676931779333,0.2494369493530608,0.3060859734215499,0.2939705756141136,0.22344969695823774,0.26647645213306437,0.23176836674582488,0.360143783096112,0.23898125208137205,0.34973203886905735,0.42572684712880515,0.30181654590153206,0.269754082514096,0.31186094151679083,0.19981518435267356,0.3132239541539095,0.22977401293286495,0.26786703806127954,0.2886958385831764,0.26572507001680334,0.2526857983263057,0.27917256554627273,0.2617469987496429,0.2983222350862518,0.2252207462420374,0.3164719332914906,0.2169521844466581,0.3215480680304452,0.2671531080949145,0.22208284651844054,0.27236239989853195,0.25672297708481345,0.22136310729482658,0.3161388348982246,0.2662502001041753,0.176855866261476,0.26346313841257085,0.2646825675196431,0.2821608644332593,0.28317701374718895,0.197528139969658,0.23711671273883114,0.31882475408223204,0.298393975729373,0.3333490170658715,0.48270938766639304,0.4450726630214075,0.2216531187604142,0.3297001502427127,0.18761444838765323,0.29940787288741016,0.22590393717875729,0.2869370130206452,0.28519388326289563,0.38543765995520274,0.2742218231843601,0.25295641575772565,0.37922068893265387,0.24233525323917865,0.24892295342808637,0.17939220539247036,0.249632797971856,0.25329065571009735,0.32596664593266894
