0,1,2,3,4,5,6,7,8,9,10,11,12,13,14,15,16,17,18,19,20,21,22,23,24,25,26,27,28,29,30,31,32,33,34,35,36,37,38,39,40,41,42,43,44,45,46,47,48,49,50,51,52,53,54,55,56,57,58,59,60,61,62,63,64,65,66,67,68,69,70,71,72,73,74,75,76,77,78,79,80,81,82,83,84,85,86,87,88,89,90,91,92,93,94,95,96,97,98,99,100,101,102,103,104,105,106,107,108,109,110,111,112,113,114,115,116,117,118,119,120,121,122,123,124,125,126,127,128,129,130,131,132,133,134,135,136,137,138,139,140,141,142,143,144,145,146,147,148,149,150,151,152,153,154,155,156,157,158,159,160,161,162,163
0.0,0.353491679266482,0.34191782454423975,0.2983947499801311,0.36822150219611727,0.3230720792290217,0.3771270954256772,0.3281997234050013,0.4270279441708209,0.3175157010291684,0.3934713549381054,0.33830737773311687,0.4111116701455867,0.27954423364808895,0.36623429437127814,0.34234022238635103,0.34264575373826245,0.44226621317859444,0.3712850777201266,0.5080593396097459,0.379563413008424,0.4231516326444801,0.35781905293596883,0.41853973592632826,0.4134048924480149,0.33568540096995475,0.32052438195707655,0.37194328289690326,0.272176351952817,0.34379301461860845,0.3966133915544646,0.34245042151001337,0.32761208605817094,0.33456560940824365,0.35655605942006624,0.27815714518153456,0.510368292213407,0.3406744404780075,0.3261187085960259,0.42492205909677233,0.3272312583336041,0.33835816380191513,0.36299085440022105,0.37058057115111415,0.3705229523357118,0.4322068225868319,0.32925377154537355,0.3808403891757026,0.4476998813810446,0.35120233764568104,0.4080330396004249,0.36171496452603796,0.3056909427099539,0.34391858696993155,0.2932557037349248,0.30364489126699595,0.45537654983154985,0.3496600749716091,0.3368753228992028,0.30842288722543454,0.31645013654573173,0.22419874953182187,0.33929814899962885,0.24386316598358213,0.32711341583168624,0.34680441711559595,0.405218299955735,0.4265694216911921,0.33409468583826574,0.3708826318868022,0.5410422781396755,0.3026627016690515,0.34178718770603844,0.37471568842012754,0.33580661413614205,0.3949522180719211,0.305202989353785,0.3630610537274584,0.36940971515589416,0.277096307770956,0.33717738543877734,0.4730550110289236,0.39135884275947763,0.29022362841701227,0.32397675287891503,0.4291840132215076,0.37252519513952176,0.3990569424986789,0.36666471640846443,0.3146603375076039,0.4256063908239148,0.36886761187906997,0.3488242408331341,0.37166742627625454,0.3627400290157071,0.36765665509013024,0.27279611669942444,0.3135309662087713,0.23880850298891362,0.36439595530079316,0.2982616812886012,0.2675269445861365,0.3169758528043522,0.3131325303676648,0.329518840984014,0.369459872817038,0.2876895759227062,0.3605417558874815,0.38203479493234505,0.3727199070477481,0.3751254659040563,0.3528690816129967,0.34928545955535595,0.3036867502581101,0.31993806253156787,0.3549540612833341,0.35525557338471675,0.34023523153694113,0.27956196555233453,0.264013083046992,0.320736310885595,0.2724228662124471,0.33586035683445037,0.5221525809679005,0.3201367851313309,0.35335762666612647,0.24339829455737447,0.2668499615503628,0.2603010100070271,0.3958270112242923,0.27407250520067306,0.323644304216016,0.279822222205808,0.3687688579631247,0.3577889411801009,0.3147221072228325,0.40458996108557,0.3666892153863526,0.4103245685020386,0.43150024137591386,0.3217751331038938,0.26815906473868173,0.4305993831542648,0.3131868580868871,0.39143949812119627,0.45976283835096465,0.403193802993186,0.340489886722508,0.4385767301816509,0.17067635562595596,0.4754988515984943,0.3360025457378693,0.39963036991299034,0.2844923644164613,0.3729368765964732,0.4530500421527115,0.37598642954930006,0.36168183075555393,0.3433093088537906,0.3066158753140381,0.28649349317562456,0.397931084753791,0.2933030090754687,0.5153262887179595
0.353491679266482,0.0,0.33894410065066527,0.2646574682258747,0.2898243945445458,0.4009931465061198,0.345173357346932,0.3857860898443983,0.3355237575213444,0.4041408434740552,0.32362145143375165,0.41540301066021484,0.36065082208350874,0.32253815987357876,0.2917115242331422,0.35462901058041507,0.3375769044252401,0.3001016443557579,0.32288046274545945,0.34693673522136004,0.32357844463698904,0.36295641535531603,0.3641619854956776,0.3546863399711839,0.3973713777996283,0.3113812161495809,0.3600064504493168,0.33016415238557884,0.3844306834936388,0.3317013171197517,0.4045036341493037,0.3777332008956186,0.3514103647214073,0.36388013517319634,0.3384704848352631,0.293685821676222,0.36759578088786754,0.33450334184540653,0.2974409908439041,0.36038031156475414,0.3458651275952851,0.36338486933002884,0.25112590762974546,0.297898730958049,0.46781017382060264,0.32562301574611113,0.46034347342469906,0.28695600751944267,0.34373543743861734,0.29549949200740466,0.31252942955505136,0.3419047400323543,0.3131999888648179,0.34806139151719157,0.3280134553496797,0.39974628773644294,0.3055085037045411,0.3415642163091361,0.3042824606135273,0.3196221085042438,0.2972696765171246,0.2181418521068582,0.27429695815493976,0.2532787712667102,0.2351917459456448,0.26113599505993135,0.32238680005453957,0.3320923643306199,0.28635463386522164,0.3123341831882089,0.31480949688186916,0.290271652923571,0.2938622004843547,0.3088127595337462,0.338324052166028,0.36976181355770343,0.2615212943560899,0.43409768461377235,0.3079284310694412,0.278901387022628,0.2889410202164283,0.2998667369095164,0.40910786951143346,0.2908346261450513,0.28966117978601397,0.4949082879652059,0.28831722055406356,0.28509644650498506,0.35451762619438165,0.3681011337806309,0.31189949017006285,0.3937622637836455,0.3354940821216983,0.3203672772056637,0.3070803876698528,0.4368848601555073,0.28318534458462413,0.4357351442231026,0.22708334284833423,0.37339298011488536,0.2724455698092693,0.23497944551848465,0.2519264584165378,0.31285313503957657,0.3015927220018383,0.3518976696139435,0.26530095524253056,0.4182786059047093,0.3764578660222544,0.4299947524912124,0.3272611530888453,0.2809641110631021,0.30842680604632294,0.2826208892571546,0.3212673755068945,0.47964792186616073,0.3586958230173971,0.2584334352070476,0.28477578961884936,0.28170373016642647,0.28868748787674386,0.2629131634506197,0.3459109073440289,0.4003100582009685,0.2785090656027886,0.4319330506606316,0.2526961912825785,0.3540646294015296,0.34453505087430525,0.29594567274395944,0.37365283977879044,0.27979872953749363,0.26118036664456473,0.3344652953517885,0.26987938947716744,0.23922437451114886,0.40070788587097617,0.34501001343497395,0.3335250461608639,0.29167459559341224,0.27140084838798506,0.3128789803456773,0.4126768122456102,0.3002947039460715,0.35233455669527064,0.38770300479708986,0.362612709288863,0.3072316147954779,0.4578068032004904,0.19676685796492432,0.28362578531559274,0.3344656141109716,0.28297158898066765,0.3455406320420804,0.33145719789031836,0.3163120705845662,0.305756741021771,0.37283668882009474,0.28352850745973707,0.2890506660547432,0.2764786615645077,0.38023969804649344,0.25828524397467373,0.30168057319239433
0.34191782454423975,0.33894410065066527,0.0,0.3192674988038945,0.31146107161337533,0.35560316450112917,0.332951452740351,0.3945091001761956,0.29897807134939647,0.4926684437133244,0.35395135096252717,0.33791731263690594,0.40060755452850944,0.2398356502290515,0.32775782633804085,0.4069510624978652,0.36715134124546056,0.35061331263005313,0.3531662000085095,0.2955207365857737,0.4192006742769093,0.45559463882032586,0.34931994587525234,0.3402875486116524,0.4390675928558325,0.3172551015952423,0.3415135678593245,0.36053584722194454,0.2690042032727039,0.30579500206215654,0.2998935186332163,0.3607474905598451,0.28389610111255903,0.3082310189711954,0.23663754281088817,0.24002096448430985,0.37738690870543945,0.2889793926653547,0.28421601165842586,0.36728421795045174,0.26838584876533816,0.3968204097270137,0.3081526110581934,0.2591223358671528,0.3656397239994451,0.36790163119098274,0.2899798622813233,0.2946874059923447,0.3579658159164192,0.257835251153831,0.32870364610751,0.31389948106617815,0.24140273389856984,0.3307114077935144,0.27043644368582526,0.2863534685505861,0.30642231475271714,0.37115532235030324,0.31913339197013196,0.25763192483426034,0.3334170106144281,0.2145723583672812,0.3092480501520115,0.2075626938161477,0.25544317009532025,0.31431232382332414,0.34810690191447974,0.4028587975185604,0.37594957410725743,0.41532466390100947,0.34755514278531374,0.22198978151969884,0.2847169905485135,0.46666446244297777,0.377003888361728,0.2718800459963057,0.3475374516651031,0.3464189823960722,0.3083246455454163,0.24301405827249767,0.3416735077007773,0.36081610103449085,0.3652996976070581,0.2930970976666597,0.2879878508499348,0.39591663727474485,0.31564306062663944,0.2788432925467127,0.35058620664315565,0.2689934114584565,0.3083031618488731,0.26799043171880144,0.26798622448030834,0.2536310902172024,0.29787824616586805,0.32516827317972324,0.24774147266340538,0.3312909558307064,0.18708153521308618,0.3346982168164765,0.21716609143016097,0.3262210495757945,0.27032851030113225,0.36979625579151193,0.25877859648458673,0.3982410164080001,0.30832183223208953,0.39651675171198186,0.32664434189786606,0.3950074837572305,0.32476539822371325,0.25191029284951777,0.30875842818801363,0.3105976975721212,0.259038564688885,0.35540830338506313,0.30696861527180314,0.3345335984292776,0.30314970633005933,0.25744311552458393,0.23790501830603394,0.273279325456844,0.26079250864315906,0.3950623712051628,0.21498845014171952,0.36460989255932885,0.2429744320679438,0.26716923845468665,0.3010272689178768,0.2894912525027118,0.2997975220426535,0.3939799693147978,0.24368072083820427,0.2458384337349024,0.3215952678965806,0.2276376319765099,0.273408622966579,0.25729170716763405,0.3926942698837358,0.3436308600567578,0.28129418260034156,0.2521965140216695,0.3324970747614584,0.27788542435957403,0.3032913380870495,0.3127843971470327,0.3262905407213999,0.3949598440672991,0.4654034315578065,0.1877170895308108,0.2804244943942844,0.2714678134480043,0.3152331726587743,0.33209390770565156,0.44542233327570835,0.384701521258332,0.38116226462171554,0.40674367017083574,0.22205555407171923,0.28196557434157726,0.3578722865458962,0.2501286531273469,0.33331062245249204,0.329800709842445
0.2983947499801311,0.2646574682258747,0.3192674988038945,0.0,0.2865080958077082,0.28837667568975356,0.3370835121510273,0.29539966193575834,0.2492105095288621,0.2921530604021492,0.3861644573964505,0.30093948238877277,0.3065486446534804,0.2731594254949204,0.29066634550274667,0.3208157602698214,0.36322700347426734,0.3213327084749625,0.3693533229389395,0.2698823722460148,0.39330387783083476,0.2776926487717591,0.32574246766462817,0.26461818921499414,0.3243785886812144,0.39423117508536976,0.30889884438276516,0.3575762337560805,0.2843350425164645,0.25493732198290575,0.2665102630871981,0.31712730796815025,0.42073061255381644,0.30989441328965583,0.2709984644942844,0.27583363737014016,0.3143960390443301,0.33152408819451545,0.30070865060940527,0.38630184609914353,0.35483968967853796,0.2959231275408898,0.32448425666478853,0.34880196154538956,0.28972358300063755,0.3516743709909153,0.2362897031275584,0.32131087168957534,0.3393093734386514,0.2977617989688987,0.4578702901782046,0.3917244307062269,0.29134767541960693,0.43645161988021186,0.3117227891748198,0.23774017139211312,0.37810222293518303,0.3708922294153404,0.34355243349915915,0.2900915795844137,0.3460046449575225,0.24392094580405163,0.39094548484291747,0.22245179617201344,0.2851100445309252,0.37456782495102153,0.38037419077662055,0.28343976384236996,0.3854725542103244,0.33175375291505166,0.32452830888541134,0.2543391701584881,0.33671429320471163,0.47888499397101836,0.3579130046198458,0.2838789454360772,0.40598660564000366,0.33610266443819103,0.37069411714670003,0.26437396457478174,0.3619219412714051,0.34818261387010657,0.2822247798374236,0.3049376986262211,0.3638802552296568,0.3001799421454547,0.34066568051828305,0.3563902381469047,0.3041892471110758,0.23468862028221782,0.3971418747903816,0.2891816947153482,0.2954490597906978,0.29772423803867604,0.3638794109736471,0.2881207801429703,0.26854548936061307,0.3106515381655146,0.21371460068052828,0.320473602752636,0.2477716744349968,0.3471082626475018,0.4537117554473947,0.31903971672986464,0.3093067424999022,0.30998672669249616,0.3466400294297307,0.3070103027599296,0.33584646575622573,0.2755325237397874,0.43193169119408026,0.3061511800407455,0.37656074186925104,0.37627022734694743,0.3201426044040633,0.28766672025542167,0.3498461903814039,0.26418160200521523,0.3778182008028964,0.28898346986753576,0.27614040839220666,0.3756405765231412,0.2856259215286546,0.3701197413242003,0.24153357622051266,0.33379683892106843,0.275120411238742,0.22978006830352932,0.3251655231756796,0.33849757652788176,0.23150204970952437,0.37212827618505245,0.2957638327964417,0.30230077280079176,0.29888633541343396,0.2467680801137023,0.21968992170388574,0.3014017386976019,0.3344631069410668,0.34805701790451254,0.44883214250050707,0.26882464959397023,0.3451204970860621,0.31676041363466845,0.33349048210258964,0.3101033007424638,0.27087365761197635,0.34129212742145126,0.2899172608187906,0.18797042000106226,0.3583730892893162,0.3592070338996449,0.34654969077870196,0.25365887429631157,0.4022651444855197,0.29706349625936734,0.2883464761498809,0.3359986701353686,0.3521797811208626,0.3229789274718151,0.3473664173839634,0.30546896392433803,0.3733961920319442,0.3220693074232846
0.36822150219611727,0.2898243945445458,0.31146107161337533,0.2865080958077082,0.0,0.2383821536840475,0.42666425846612693,0.260717780512882,0.30343258583324006,0.30041257315012926,0.34078650488946866,0.28989838730397655,0.2659853943524619,0.24431560955727574,0.4310989976513639,0.28055723522150083,0.29898589184043795,0.3835845163623016,0.3576436881669965,0.33639468805279277,0.38327406338586245,0.37195930100000757,0.3968980953994976,0.3812628086269178,0.344380776730894,0.2854090110154299,0.2859175244606511,0.29199914958661916,0.2480931200275291,0.29514627751715616,0.35210395858315197,0.26409292812882945,0.29490284154533103,0.2810764220874225,0.3655211592228894,0.27634488466656876,0.3256621349281766,0.28954482318759134,0.35273770050272535,0.3551050379622201,0.33260991118708794,0.3315281349727654,0.359793913488988,0.3462518378571715,0.27739108086202413,0.3207331242234262,0.29459531150485735,0.32978660918276664,0.4437716836159434,0.31761581737162414,0.3473654403543116,0.29003437559223616,0.27684774064155915,0.30297628409652216,0.2671602761499262,0.2359176136075269,0.31519593454848266,0.3309876384319365,0.3430880722453974,0.26437032011017464,0.23844050966117505,0.1987397097716676,0.2789892412262494,0.24998591584081167,0.34819187422293024,0.2597251654217371,0.29133149880171827,0.3250763184643882,0.3240833271626625,0.337537195810033,0.3544503422523015,0.27586669277994946,0.25447262128516296,0.3314359011301085,0.26655810392688656,0.2801112133938897,0.27365787419736287,0.3837068635052263,0.286305199561737,0.22052705851872845,0.29067879175093475,0.4468409597482704,0.31588891955418896,0.2234360340971438,0.27425584730186203,0.30288322578800353,0.2826621451993694,0.3151981185986661,0.2646320816969478,0.2326482734971578,0.39485838215572944,0.33994107660544437,0.3287400501586295,0.2580399526812262,0.3126145782554775,0.2843243704058999,0.2278327546610041,0.27462773078376723,0.23348102962745396,0.27387690672355997,0.2524333567643672,0.26525342329087587,0.3123125229401546,0.32381761451017843,0.2628160691179499,0.2783862897591499,0.2482972051462987,0.31569550650106176,0.3559808610523856,0.31667258638934115,0.34943180347031344,0.31151395407873506,0.25825161217499454,0.277829399556658,0.2525456683228366,0.26948515661825617,0.2909127595420771,0.36489444245407376,0.25062220333595103,0.245844918705378,0.3490860315334819,0.2546485201396125,0.2584177604122626,0.3916453435425007,0.2904684932018802,0.28968409837972886,0.2247126856646459,0.23550789490372984,0.2433809650773354,0.3269647819622829,0.23671124778355923,0.272760368135628,0.21312727601958886,0.30383379933731375,0.3537188505073834,0.3100020343180016,0.27884240949827865,0.4046403604034907,0.38280955543374506,0.4210984729359331,0.278537048671364,0.24127392581157592,0.37229382729743865,0.298647349187612,0.32397248786837485,0.35250531732819695,0.36209040314788005,0.3225312169145888,0.327338562346944,0.17011187834038696,0.34800230039408386,0.3052741190169678,0.38905448965800243,0.2809701099500671,0.3736770669332734,0.3459526738189414,0.2901491201037539,0.2989684670758459,0.28867584774621985,0.2388355466908824,0.2904783283700752,0.2962677041435483,0.3210257683843099,0.46425074742024536
0.3230720792290217,0.4009931465061198,0.35560316450112917,0.28837667568975356,0.2383821536840475,0.0,0.28290430881741757,0.36896082821110193,0.2764221720169271,0.34260362319036525,0.3028250004209355,0.3523548050651295,0.44627713765351495,0.25264665455672264,0.26733105200897683,0.39457532163840603,0.34085487435749795,0.24876784364136612,0.30568080531454694,0.3079952449238397,0.294978932873112,0.2987856347460541,0.271005706377347,0.263343717825146,0.36449396367178344,0.30201937306535753,0.33009239855611144,0.3524556774501637,0.29533531594569584,0.27309780686311635,0.3435895750256995,0.4288664226242415,0.34060107564369047,0.36828927980416876,0.2861789956023732,0.2607780135262724,0.35367501701311654,0.29812795442044926,0.2619994383822093,0.2851834170180496,0.2952946677068577,0.3035621480990091,0.2380173842412911,0.29316497741884145,0.39247487473607956,0.3084746308497545,0.3085761202523017,0.27648439535974517,0.2630811306156178,0.26654486798227783,0.28346285844566943,0.35976923888235807,0.2458625895460678,0.32480560763536676,0.2909457441139234,0.3610443354981928,0.2671585652316998,0.4002684433184353,0.23465901290734245,0.2719712402060426,0.35994754494890646,0.23387383918928661,0.2830343352910871,0.21010191840483233,0.20770352955223761,0.2627241800464767,0.3313280215999861,0.308197025580043,0.26188181865104776,0.3065986451340678,0.2913445123007904,0.23249591884444806,0.3038077738003545,0.3166886297389685,0.39924167538369654,0.3063114275669095,0.28027423986088856,0.3422689023957186,0.2862104336102245,0.3249756636533347,0.32300708106580334,0.27597382594492853,0.29735901303756473,0.3480462617979904,0.278128612898971,0.3826078910336245,0.3241507580114089,0.26116136491288494,0.42348877233188914,0.30730559477736424,0.28825220978038885,0.3583261308763756,0.27950343967335667,0.272578064779929,0.24974359688729336,0.3697917290144933,0.27213403970499606,0.4582102350639141,0.19636160349736537,0.4034169165493328,0.24039961886339078,0.24451602013407508,0.2553727925587737,0.27794143266051136,0.28678490598076506,0.39945013104407084,0.31474278587376325,0.3746359883858822,0.297068275294742,0.3191598418462714,0.3086624541187945,0.24392199140377357,0.38774391957155097,0.31868177370768347,0.2864210998281279,0.4009260505170167,0.3386682262746485,0.226487284972755,0.33930821009488815,0.29335692283660186,0.2378448130804699,0.30264991112853123,0.3184523672069792,0.33564065588841874,0.24663004682930864,0.3924621469928678,0.2763764895621374,0.28033286430393284,0.3356244479030342,0.25298588194287863,0.34814416195931275,0.3394351588278083,0.286225365880121,0.29160367626263567,0.2585062394097581,0.20732753693131378,0.3025743116573802,0.2682537200967994,0.27496095447078794,0.26523244930187895,0.2728093609023246,0.2821797860684852,0.3130358444118126,0.26676108531419124,0.3012512217433218,0.33185900936881424,0.2964220922636089,0.33183942558915636,0.34868221177994907,0.2034996641809121,0.26839185529114656,0.27518252624473044,0.24161631169788184,0.2604676581027462,0.36399779075515937,0.2957894948991082,0.2952330198939332,0.4071990635333021,0.2572240975373707,0.3114994445511122,0.27180799177181325,0.3156913554973845,0.24838350285576916,0.26331905810789324
0.3771270954256772,0.345173357346932,0.332951452740351,0.3370835121510273,0.42666425846612693,0.28290430881741757,0.0,0.285626834571369,0.3083072611389492,0.34947756914987066,0.34335972790463676,0.3833793717926868,0.2906877362410441,0.24697092404247495,0.4140551411352304,0.2730641360129961,0.29256988835179243,0.37781011941441106,0.41735124831405535,0.30666420797857924,0.3643285393853185,0.40100548111684076,0.5220539319691678,0.43303654989260343,0.4265312621043825,0.2834240551885991,0.32098543399935836,0.3071055536998283,0.2774957989745403,0.32351810218746396,0.33856316791728436,0.2713050129472069,0.34494383187010136,0.3116097054988688,0.289495623086144,0.25227766714339384,0.37081216340157264,0.2793919489419107,0.29160230701464307,0.38498089897628507,0.35091687138589694,0.376430586194731,0.32318653538864667,0.32716227132000125,0.32193653380782355,0.32766887716489057,0.3227723165615059,0.2892667132684344,0.4911538331563255,0.2682146150252741,0.34820967211238263,0.3125974261762781,0.2749453329919009,0.3407946146343115,0.2857752235688131,0.26960015585652486,0.31962081956465904,0.34054160594653676,0.3626504822946657,0.2602492113678215,0.2413155232892859,0.19008202816049471,0.2756352860747839,0.23242008665046573,0.2858738525471198,0.25813451378551433,0.3004308334600512,0.36669143291955536,0.3126461807171445,0.33756492879746414,0.33981586970366073,0.2522256768019495,0.24682762479961137,0.3381807437448956,0.2563696569332314,0.29800348936327586,0.28952084416404095,0.386471926470904,0.2823641398201662,0.22848457119141402,0.28745849589628275,0.4057983870949373,0.35664920082594465,0.21953292537848443,0.2685660945841784,0.3415133200450177,0.2772459515852316,0.30767709045572844,0.2890421858910694,0.2560635328005419,0.36809743547750223,0.41497916740057567,0.2962856509039602,0.2709156684215207,0.3086386147557402,0.36808043298854903,0.2264769628935145,0.3585540410728528,0.21930578599027123,0.2834424210929645,0.24038524045581453,0.26843474352012203,0.3276579054278966,0.40140156978070535,0.25480893631014245,0.297296414627959,0.24046599199342458,0.36343944272953743,0.35294594861657574,0.37735172360304403,0.4160085042662989,0.2880448603569461,0.25506553535403365,0.26535727195069964,0.2529531877860422,0.30631990744432724,0.3109754956391762,0.32179695985143686,0.27217107041428407,0.24409948719873228,0.27266819574322937,0.2532371839877725,0.26287237487167986,0.4181547631351553,0.24670796189540212,0.3305513727042162,0.2129467181976889,0.26635178897993805,0.25105333613582165,0.31043173838691573,0.2541145304459779,0.2610048219281949,0.21733106267862468,0.28161344792589527,0.29139516159084183,0.2560718150219488,0.30241565665567954,0.3222293638626655,0.3874102633626068,0.38571421548006923,0.32256170553852304,0.23489201413028923,0.37160094277550976,0.27797073528217187,0.31371087550659416,0.4317625919873096,0.3459381556574271,0.32500284549217195,0.36311063892665335,0.16769114150188646,0.3225950894458503,0.3403044659201646,0.3548992475657062,0.30656817803482156,0.4462406978007248,0.3814010549273647,0.35918918814873296,0.3590381739278739,0.3155378179408974,0.24934540422462378,0.30416853300248103,0.3103007868669089,0.31651875569546245,0.3960754535211581
0.3281997234050013,0.3857860898443983,0.3945091001761956,0.29539966193575834,0.260717780512882,0.36896082821110193,0.285626834571369,0.0,0.34183967150226596,0.3787933291004015,0.2978655154237256,0.3770659592354634,0.4303528158893544,0.24349366172504583,0.28260244612734453,0.40871062836322225,0.3797687140746564,0.28512477616429366,0.2960543649456096,0.31111258848158097,0.333131733352971,0.31131307954328696,0.32154518059025866,0.29355539919307017,0.35725828731696085,0.3348962240612236,0.4032163080092747,0.361670439351837,0.24468686272960333,0.33972505313513507,0.37771981856290404,0.36844115089933854,0.31039720681184885,0.3364422026442509,0.25320744502697207,0.25434373967361695,0.38860549399140276,0.30685514524243446,0.3045140350373767,0.33442912805723796,0.2804863931061989,0.357451800976503,0.2839465859165389,0.26659604882859234,0.43709951989455437,0.3676524639966706,0.3369811434282006,0.2694913480487731,0.3050837895609028,0.2727393806966785,0.3138952495239819,0.3196655807301392,0.2572559793958418,0.31024266247798893,0.27628478488716984,0.33969271632752135,0.2971322688728709,0.4413637920328609,0.2690003280989999,0.27124121625753617,0.41626186234190404,0.22390879616253975,0.3132533961898894,0.21456503932712737,0.22379846526754765,0.27963776637380044,0.3512812228585317,0.33120613049025643,0.31655526054951694,0.41899796728072475,0.31763936929638464,0.23420021105166186,0.2942288791651246,0.37708815160085457,0.4022913892535908,0.288365501052761,0.3570940371421043,0.36683039878523666,0.3624897883665013,0.2464457794962103,0.29544584251714784,0.3061431769723075,0.36651121724500696,0.3147390244506176,0.3147746690817959,0.43508448269140887,0.4115799954981708,0.3006257821852369,0.39681681567600074,0.310683166909161,0.3073736796087006,0.29959762224465464,0.2799157615604038,0.2639434789424616,0.28941287057762827,0.36287503907594454,0.28114315181708455,0.37000281023763065,0.1936675410729476,0.3652399560213641,0.22408117361200425,0.3367389872624476,0.25868054169528154,0.28049786684250444,0.28630447343309,0.42672121548331093,0.33862454006553677,0.4134172836098514,0.3454007910977091,0.34429143940069956,0.2874627121607985,0.2681146095024534,0.3343054422587294,0.3392366681441773,0.27939531905406445,0.4258879568289053,0.3400392569277015,0.24867476048474899,0.27341302923203337,0.27198043117108633,0.24498490618062055,0.3694153192679082,0.2698774471323497,0.35968981185227117,0.2219886359673499,0.3361395001844941,0.2527822326022218,0.3597085337996215,0.29137703196333736,0.29220103503959954,0.35899444589168755,0.3534225558225579,0.27983269039382186,0.2563924737010522,0.26264585417083686,0.20977852329512484,0.3182148150294762,0.2765475591929198,0.3172556128384724,0.311333415992399,0.25519176679879724,0.25678811069987845,0.36981276793481815,0.2891798695050107,0.3155124489419867,0.3715909166204499,0.37833675602786626,0.3480303848754587,0.3870763692972455,0.1866981914108775,0.2925415791223819,0.2857229162328126,0.2797702341909585,0.32586558661210985,0.3684984367957202,0.33552229951683493,0.29617406498789783,0.4158624239906674,0.23312353889752901,0.2932695945664167,0.2829321692940142,0.2710583340152202,0.2807875984322962,0.2704979546724484
0.4270279441708209,0.3355237575213444,0.29897807134939647,0.2492105095288621,0.30343258583324006,0.2764221720169271,0.3083072611389492,0.34183967150226596,0.0,0.28329204289851534,0.27993811300589,0.3654385956142883,0.3125724500024352,0.25639011109200366,0.30791353038255764,0.30249354711105175,0.2927919244112407,0.33094180738379414,0.28194893052068365,0.37619135565639383,0.29741904150912696,0.3715826306915807,0.2954300542692946,0.3336836033078593,0.31276103247706105,0.29517064126177006,0.3345171910475069,0.2887167316104005,0.2267581887788868,0.4505448506465277,0.4051092601767673,0.3025186170745508,0.28619510771994006,0.2776707029318659,0.2939613969116047,0.2514762264781657,0.35349083251706653,0.3232729596792417,0.31200858644778395,0.3157009455564466,0.27571792758486546,0.35589080433229087,0.30156481213392355,0.3013131963934837,0.3539423959514205,0.3441172173543988,0.3527792086260278,0.284536614698466,0.3262793614234762,0.31944290147589327,0.3073559533314771,0.2944194964456516,0.2725451894734718,0.29491236205240273,0.2575974342718855,0.3584150891161214,0.33694848636961244,0.30995317501520486,0.273729462771107,0.2626251099806912,0.26097590776447366,0.21718369532196857,0.27276670468560127,0.23724208462516497,0.285520684090803,0.2770461248445351,0.34081622969381503,0.3557671474587844,0.28862280661574924,0.29371008492650125,0.40788194312723103,0.28016450753555033,0.28705005909942694,0.3028036538895067,0.30189078433689165,0.307118843483065,0.2639480338130471,0.30243232711798107,0.3204241519834524,0.23298376181413644,0.25316173574933637,0.39842527316974286,0.4439104850799716,0.24094468109952796,0.2982452564441053,0.4124158239771456,0.2947621045846861,0.3549430442531095,0.31044988637552823,0.40546502158789266,0.3412960889519122,0.3366191493879818,0.29071105752849674,0.2891638065372818,0.31691500630860214,0.3803443891216959,0.26717147091129223,0.3015823967283493,0.2421692381686104,0.2910067688543884,0.26313373229433945,0.23606349222036893,0.27141444958444894,0.2647395870705794,0.29751064193858345,0.3345269378559185,0.2560483060569096,0.3119715487554744,0.3179587968432642,0.3142827351846667,0.2775071807974564,0.3260867052839571,0.2854546771420909,0.29351917707536457,0.2697841921259578,0.3453137878601053,0.2855025590108745,0.2875784783773183,0.22209192399726763,0.24378474018720975,0.3034142460972505,0.2554837724581595,0.2765894307466528,0.35050064228253397,0.29859178308384715,0.28727444549687786,0.23558367838660071,0.3001704000104497,0.22999544541516323,0.35556791992833553,0.37271514016300195,0.2990102932815195,0.24488249704267223,0.32090409766660294,0.2925035884350246,0.2571244608683359,0.4327273622273531,0.31552941884109237,0.3375590344192351,0.3525734590938399,0.2523808160282416,0.24911214062134548,0.3614552829674443,0.3033192094517345,0.32681114571510494,0.42509253542553815,0.551540169927919,0.2765258988474379,0.3518031340236496,0.1663333716281078,0.35063574561630767,0.27020269479152226,0.3165888951323273,0.3436854853502548,0.2916355934273852,0.35108168755728886,0.29412634826417994,0.3358943137631339,0.2785046449401343,0.26369220998273535,0.23415939997210689,0.30504298112426154,0.2708044334374122,0.3465743775580344
0.3175157010291684,0.4041408434740552,0.4926684437133244,0.2921530604021492,0.30041257315012926,0.34260362319036525,0.34947756914987066,0.3787933291004015,0.28329204289851534,0.0,0.30976647157453036,0.34055658144176787,0.3416594763616634,0.2353452664808978,0.2939666927856651,0.32963465970771133,0.34983991487999255,0.3153926895579669,0.32645988185770636,0.27298523797741137,0.34530433379489445,0.34468320851474715,0.40363104656050647,0.34356790957354716,0.45421585412741067,0.27476805778628594,0.32430349888759247,0.370112581206553,0.2935703441567886,0.3017786122336096,0.30395132694791943,0.3146088952765315,0.25812037637276275,0.303789778054976,0.24465112985382162,0.22301673371352632,0.3316890155545293,0.2510351505496442,0.2455328937391041,0.35479872355615355,0.2585485079231989,0.4185831132077502,0.26188854747665635,0.2496561565501041,0.31618150846188825,0.3175745490716686,0.3021628595842565,0.2673412365368115,0.36528508271895216,0.22686943852773805,0.29527985591461975,0.2911304311997046,0.23831751492205655,0.2955885219621692,0.2538826986362002,0.3216435049579296,0.2768871424342003,0.3219345681391485,0.3092262884337947,0.23745283242355003,0.30261133758869563,0.19187568616605968,0.26691456645352113,0.19962017641707758,0.23573899175713417,0.27053719534610676,0.2978233046276242,0.33513895529620885,0.3098224532520078,0.3614665368312283,0.2846200472129375,0.22519547313198304,0.25581959258269166,0.3666370076441239,0.32094215003862886,0.279702473693146,0.2945244321337652,0.3554636813980577,0.26687780352879187,0.2578687494837547,0.3544936805726914,0.3018063068811299,0.38672319580149656,0.26043495287686935,0.2691950754495967,0.3464220974711856,0.28571648518158865,0.2562456959937865,0.33654984635320623,0.2608804321418344,0.2838536243505912,0.27714854296779434,0.2553791134033638,0.24348994467387414,0.2852552936526948,0.3379888187642604,0.2129209130379327,0.3480329789578489,0.18350038734372612,0.3360879708013016,0.2108520822982407,0.2744479236698642,0.25702903397692783,0.3544541293062789,0.2280707433919877,0.32389234008407536,0.28171546089012917,0.5550920368632417,0.31510968797244904,0.4243480712590606,0.31258374745095857,0.2328329411621887,0.2955205914679597,0.29584057484174836,0.24157840233302502,0.39797847438619155,0.3339656903434194,0.2935811383342187,0.31713875967239263,0.2566942436767307,0.22448816338637134,0.25232346236220193,0.25048950651802526,0.38293502179262623,0.212152409500558,0.337549569008273,0.23596085656812055,0.25327546874126167,0.30028781723595566,0.25850635419993434,0.33786418883587166,0.3148280765328913,0.22516476098164195,0.23551351982790825,0.2640760412594546,0.22072907170598227,0.29263176601156027,0.2600000874209695,0.3428623052357402,0.3013613656758912,0.26587370241014796,0.241932918449779,0.3319544390352708,0.2423367839123466,0.2788893826679487,0.3255352322217628,0.29317984877361203,0.4068037483297565,0.4640226382479973,0.1874914572304632,0.2622884610568387,0.29853545811175514,0.2792626250347293,0.34408895804561146,0.398490893982815,0.31721965942463093,0.3116652886939828,0.4776344087600102,0.2353039284896399,0.27134668533191203,0.3700763773398037,0.2714689135426044,0.3154598238506077,0.30091439372551426
0.3934713549381054,0.32362145143375165,0.35395135096252717,0.3861644573964505,0.34078650488946866,0.3028250004209355,0.34335972790463676,0.2978655154237256,0.27993811300589,0.30976647157453036,0.0,0.3438130853374464,0.35069873152118114,0.2863778948159036,0.31373509615997425,0.3733171038769556,0.3647471766818388,0.37459175734714467,0.441555860178381,0.34495541116704354,0.4431937984760626,0.38114920868462443,0.3392945677452178,0.34357249082731434,0.39916602118895145,0.4071951054287316,0.29294625107538425,0.36857378018146186,0.3361834723800242,0.2843822707401062,0.31927006869751323,0.3520727733402661,0.342052175896333,0.30074485395837947,0.31943283142936424,0.3159030454066691,0.4425065866799661,0.3647120054130611,0.4009752506886942,0.3838550147801682,0.3484593678893748,0.3020656740165509,0.39013489464444595,0.3889480719276576,0.3352251124007719,0.3342138718095048,0.2520990284933288,0.5140166495849685,0.4419225329564045,0.3139583921615747,0.47451576851675,0.34054555872151376,0.2920104807421331,0.48966629490628727,0.394170500105439,0.2389378031362541,0.41615143790211956,0.37415299254329626,0.3912319230627483,0.30023504754927566,0.39312464461470376,0.21864903348262638,0.38444892410524345,0.24732520702058253,0.28963392097276636,0.36045203273402887,0.40240671340422685,0.36305039297082237,0.43580146090824734,0.368874760583363,0.41293289620214213,0.26838995180174424,0.3396061645265766,0.45432500051716296,0.3628489878022223,0.3342665947417033,0.40453297798310034,0.354090137845155,0.3717534167542731,0.2702583257203077,0.36918687536857897,0.3738533623680174,0.32553156264307737,0.32068941625050307,0.3128907134126269,0.3243795022565477,0.3897125205401163,0.3709990646977073,0.28229412358774364,0.2581397003666563,0.44543749874227934,0.2780150394271383,0.3633285154908687,0.34548484564124765,0.35477323382418113,0.3382841800991749,0.29816703428149566,0.2685913243203073,0.21952204020154178,0.2947408364832794,0.29523173777653805,0.3514245940150265,0.3575280062002933,0.29899666043061385,0.3259573608723124,0.28536826077882216,0.3143394732007486,0.3265965183411238,0.3351538241790982,0.3689693071640543,0.5218764391009486,0.32317191986826793,0.36830015313276837,0.33159893290178477,0.31844567596190315,0.2761588733669726,0.33220724564293036,0.3487568489113881,0.3439979442312,0.26087033229159406,0.2955272759111921,0.29626187372496515,0.32541302113521736,0.4236207468411739,0.2801912908460514,0.40397293607349116,0.23584036980887849,0.26515078039414486,0.3105019918425229,0.35716549347231874,0.22728486747331061,0.3743291311935316,0.3091615251792596,0.34507740358428257,0.46908020490192726,0.28668343403976987,0.28647333742749653,0.3251646619801269,0.43690574070546584,0.4185868702991325,0.4207279518848091,0.2985716814660633,0.33759298672393956,0.3507466706985706,0.4580827118666154,0.3278315798558701,0.3033998763682217,0.3319778246107735,0.355016495257039,0.18865621406943023,0.4808303551549879,0.3639702334359722,0.44234873662641705,0.2663244149414154,0.36395263836710307,0.39822787989494574,0.3454099722443315,0.3255887069109021,0.3308957418752166,0.3010841911626225,0.3215858631939168,0.3752241755346236,0.3133963698839973,0.44265227681291347
0.33830737773311687,0.41540301066021484,0.33791731263690594,0.30093948238877277,0.28989838730397655,0.3523548050651295,0.3833793717926868,0.3770659592354634,0.3654385956142883,0.34055658144176787,0.3438130853374464,0.0,0.311467484158543,0.2282831207291079,0.30836929614526043,0.32687467119357405,0.30649317668862464,0.2833844581194308,0.382376260935347,0.31346514203233045,0.3247145803355187,0.33708258481162323,0.3460911849897837,0.3212439094813206,0.3969246702748123,0.29977774043000616,0.3559971293341967,0.30120665526359913,0.2864041420314053,0.39460617781222035,0.382316724277191,0.3217756310968446,0.35410126504204525,0.33013888255970214,0.26562662224482436,0.2709653978290231,0.3716756410961482,0.29814920604254785,0.33424455372819645,0.3161524969125403,0.3217223891973175,0.3387021558463573,0.2726018520729778,0.32264472155347235,0.3604187154356223,0.3343392696106757,0.36690666139794015,0.29893039474329436,0.3275486307430539,0.2754045943927709,0.3400791647301277,0.33235578607362504,0.25745953060231924,0.38818880588133386,0.3269257110529555,0.2951878559155298,0.3162764024509766,0.43222178519707083,0.26518027121347704,0.2703595118364626,0.2711700435652904,0.19937276366257903,0.28449516393813945,0.21952908469135585,0.22667791878667537,0.2512369951058747,0.30341110902147206,0.31260910444035894,0.284784751887534,0.29683590659271014,0.3030623135378491,0.22696021930117755,0.26085946108590363,0.30652189087926823,0.3002780559675673,0.28644827060507083,0.27813178891495616,0.37536994155471815,0.3054280638397884,0.21815104772186478,0.24997213595951598,0.3214160690360841,0.38017544240538026,0.23549107485694723,0.28102211715437,0.38682001115902337,0.28632005145971307,0.30506573123902275,0.31730817840092146,0.3150720433762106,0.35979149734836746,0.36286138237211135,0.30101955067247216,0.2772232460647764,0.27499634385445954,0.5311055966248839,0.24838762237975323,0.36339230598448474,0.19914385395607456,0.29221674151050175,0.22707078878056758,0.2557107622393253,0.3051832351402833,0.36942108068729645,0.2740299344941589,0.32395946579591894,0.2758544582970555,0.3396996927795062,0.3261140873833235,0.3666580071343892,0.392958084819103,0.28488340026797265,0.27795226489468094,0.2905083810943935,0.2677910971718896,0.34258832729557515,0.30032554064920075,0.29329842270731776,0.280597008076663,0.2433536249539255,0.24869637148058515,0.2705478646476872,0.2578613556650256,0.36959097030491445,0.2204108159446751,0.4234237064046763,0.21778454812027737,0.3420534866643443,0.2891321413669091,0.285629361518977,0.2958821335681227,0.27927797581866254,0.22705107791507276,0.2800310960416788,0.270793850120755,0.2098091180094371,0.35470698380707655,0.2853679600688107,0.3303612717406951,0.32427551033150515,0.2751915533706348,0.24853985445230517,0.35931371535104717,0.3027327342594459,0.32900588767253464,0.4544824736949809,0.4377359424049459,0.28859879014396717,0.408055682558652,0.175889197952979,0.3021861709780653,0.3133444156631942,0.3066741092600341,0.33158463481119776,0.39121001637733865,0.3040910868642502,0.2922331547517078,0.39136005833274395,0.2654897846567435,0.25546759017707477,0.23020546209462842,0.28271001602084017,0.24463163961344597,0.2944211172013437
