0,1,2,3,4,5,6,7,8,9,10,11,12,13,14,15,16,17,18,19,20,21,22,23,24,25,26,27,28,29,30,31,32,33,34,35,36,37,38,39,40,41,42,43,44,45,46,47,48,49,50,51,52,53,54,55,56,57,58,59,60,61,62,63,64,65,66,67,68,69,70,71,72,73,74,75,76,77,78,79,80,81,82,83,84,85,86,87,88,89,90,91,92,93,94,95,96,97,98,99,100,101,102,103,104,105,106,107,108,109,110,111,112,113,114,115,116,117,118,119,120,121,122,123,124,125,126,127,128,129,130,131,132,133,134,135,136,137,138,139,140,141,142,143,144,145,146,147,148,149,150,151,152,153,154,155,156,157,158,159,160,161,162,163
0.0,0.29862575918869455,0.24562687214857526,0.28393786320179254,0.27190442260720454,0.2826366913212634,0.2813990541271323,0.30989208061086704,0.38783949826472275,0.2634087302463019,0.32493672580982597,0.2641149868791848,0.39478747261534364,0.30996146706998984,0.2942082460060326,0.3131569827013522,0.3356295771378358,0.44972441649609907,0.27847441479703655,0.4184970592656252,0.3166481638456043,0.2889237165690639,0.307754023816506,0.2757498658183524,0.36585839066424364,0.2829411871468471,0.2503822648657827,0.31786298159844584,0.22694364069626852,0.2662066079247287,0.3264044074203132,0.33827049886670846,0.2607313954088158,0.3188070772024699,0.42059676105958177,0.30066251679023864,0.37226577304335534,0.3714386998804393,0.25250728749957463,0.3398686317181703,0.26539109079704887,0.36052756679236475,0.31903216499317305,0.32836947373783126,0.3191801692285317,0.373482199371332,0.27245410913941825,0.2843936580033847,0.37466369750219036,0.3681031115491415,0.3618372945279599,0.32739679857866216,0.32205267218736366,0.26118456255942096,0.2853412261418845,0.37652031796278,0.4385586205461331,0.29726214967094206,0.31189629418322234,0.34082263884956737,0.2893910160671317,0.2918829400668924,0.3470733241454455,0.2779443887941231,0.3367063058836548,0.37835133950873406,0.35141583698395923,0.3169091136983004,0.2724324329368153,0.3652211683924249,0.4270582015064459,0.3263063886953818,0.392797335909899,0.3444054909916803,0.33716058481207356,0.3575886808543692,0.2779479225114937,0.2574951092640902,0.34079128963663874,0.2592894331754249,0.32039614471200606,0.3641746774679961,0.30824789600292657,0.3361963369036722,0.38473714849095364,0.3933005097195514,0.3476279463184314,0.3460375281223263,0.35163831685436137,0.3580093960361335,0.3902848406198668,0.3118961132264544,0.3262652959746045,0.3947708469126871,0.39054040003680107,0.26737084184726845,0.23258575319602973,0.29523314716607213,0.29798083150201377,0.35861461283370394,0.3010741451476256,0.28615095553011044,0.29270793758871533,0.23015396475463118,0.3968273438416023,0.3266255559250527,0.2941010660949408,0.35827876817252996,0.3101027744065558,0.2917331230279391,0.3074311244036861,0.4123052699540157,0.39913928341555055,0.3075310286832601,0.39127903397952307,0.35681867957513574,0.3666126144717441,0.28608569814308804,0.2744323825999701,0.31104209336103344,0.3418554442607425,0.2835435838430219,0.39443475763561275,0.3586811697133906,0.3424121813345315,0.2493287789883919,0.2945435135836263,0.25817962588211846,0.2776532237486218,0.3092406875675715,0.2941410370662206,0.2879411185287179,0.31572673428266795,0.3786840679544949,0.2925177206018308,0.3322974081302292,0.3141858984490512,0.3297509804724241,0.2844191815891801,0.3489513546218617,0.2536357164656773,0.3225235445742427,0.37269088564335845,0.29997972120869515,0.34334613592809066,0.36158754004491445,0.315982903888692,0.26028211804101303,0.3139871133563969,0.23126186384376893,0.4336267585049596,0.3088007689044309,0.3071680831399957,0.22891362238197543,0.3245726195709837,0.3847350887717491,0.2995861091800858,0.30574522461483744,0.30425814277138236,0.3706290363444109,0.2719776894214794,0.4004538510306013,0.26488111083525395,0.48179708369034574
0.29862575918869455,0.0,0.31734868911148645,0.321206453935272,0.2356624688032887,0.3606058114210477,0.2910832449912204,0.3752248314699335,0.26097848190906286,0.37400072577737103,0.3449518565543355,0.3444119122059799,0.32349058918319296,0.299340899181784,0.3240612632699135,0.29612967145609426,0.3130506011023928,0.2949790961380531,0.3304579231165452,0.31965562769864414,0.3261391225346468,0.4137727517138023,0.2913948004597099,0.303298508294163,0.3777441678436055,0.24127626341501468,0.23225179960327136,0.30541865971932514,0.3197302686765264,0.21720661325671842,0.3277947731217489,0.32632204899148914,0.3315901095071667,0.2863078203251207,0.31666906380823595,0.36327350337339437,0.2915645095008594,0.3018221424714821,0.3390030874312594,0.3091603060552331,0.3426329973067862,0.3125526074213979,0.2510240496556402,0.29128665380571167,0.3731367782855853,0.28763156736764917,0.24351775090013628,0.2868481841763659,0.3309332556541719,0.30235793215477313,0.30398310021956926,0.280843495935674,0.3241554498029133,0.4054846968769967,0.36481846193561024,0.313302039595294,0.3115357855893181,0.28668080622893405,0.3373362923223611,0.3407700130360839,0.3687047003578888,0.2272036746888376,0.2840975521951867,0.2613904406758247,0.27170200196377103,0.28526791448904404,0.29917429999125245,0.25502351124861145,0.25627978065338597,0.3201340411960626,0.2838549865613968,0.27948455640609493,0.25867216424019235,0.35630891999417175,0.35459871517425745,0.25765695983577913,0.28055372932264344,0.2976922061494991,0.2686130751709959,0.2049281374652048,0.2886955782642938,0.29220052931248675,0.3308970846506149,0.3069096160158272,0.2821387722583263,0.38595699784291737,0.2736806693782477,0.24635674730818255,0.2762362041204519,0.3178102810918042,0.2514638427209059,0.2800364212849708,0.3326762413723144,0.30223536535362944,0.31242376507226327,0.3470985714345104,0.2625800871540869,0.298899033637208,0.23131741752990073,0.3206412559738921,0.29260961531010926,0.2712462786767479,0.2180941017921344,0.27309989535795265,0.2777943956608482,0.26503999032010356,0.2907621665938337,0.3714982089402608,0.30259173616236595,0.3650618685386074,0.31265108439547185,0.2692606890932018,0.29686077179157483,0.25347734463306487,0.3232363919378648,0.32900437466957566,0.31174767173895385,0.2619274687722573,0.3436016759538726,0.2455093726970413,0.26622787910029483,0.24359714591573867,0.2911716082466026,0.3159224619644053,0.25372576312977696,0.3515056965705916,0.26503287485753246,0.31057064288069874,0.40633670339377953,0.2882405562816149,0.28078252527541403,0.28086400961564056,0.2450411305332345,0.32449001229362523,0.3501134359907576,0.2743936920789652,0.2826968613125925,0.2965570409730093,0.32731347782436293,0.28414445120506276,0.29733723658683037,0.32277639516301465,0.34879853550993273,0.3023301828016537,0.3293170448623281,0.2600545623672809,0.3200656504091062,0.2999133682540336,0.37133369120705134,0.2519101108317068,0.28172917917033213,0.3376983941171159,0.2864675615755266,0.29952858093160956,0.32944718376000176,0.3164315454398859,0.28864017923408464,0.31370458083933017,0.2649803304212405,0.2561496953194142,0.3138839463138378,0.29319089120809944,0.23130611770177453,0.29264772779340237
0.24562687214857526,0.31734868911148645,0.0,0.24074356236508923,0.25824313511388464,0.3003057219774573,0.23234430015647234,0.28345284300577583,0.22141402280012626,0.3301381834195428,0.33871863998865104,0.3058139473129309,0.2953429074279445,0.22740324396097192,0.25272268095195655,0.364998636997395,0.3327060469309035,0.26102065175937256,0.2357043664099073,0.23800182382917698,0.3202047748092258,0.40617257209349056,0.22214005269050693,0.26719790267075105,0.2605766161730066,0.2550320707063267,0.20704714486175527,0.2520649176071604,0.26697616482970954,0.23470799697391648,0.22477170182446862,0.28430083335237094,0.23440918941617944,0.2197398597761396,0.22281000178948648,0.2694231358517428,0.2543343550084991,0.2573506883345196,0.2732602163540224,0.25976683463693545,0.2598797074016597,0.28818819834718257,0.24834429904132152,0.25430145148189576,0.27093519345809175,0.24854393762754964,0.2499447693252774,0.2922397457256148,0.25622176112606354,0.2608149515745454,0.2710090712235967,0.2746528373219888,0.22186838456329264,0.3004210016184083,0.2982504662056346,0.22713919800630405,0.24965645613525678,0.306100007888286,0.25112876790516975,0.25069325739203746,0.26248468501033556,0.20613601810155152,0.2970703638805946,0.22632750862487075,0.2148521501318032,0.23145935981680704,0.22780738709693316,0.26539858967317537,0.25266368699988967,0.2657094685323757,0.2653264544866792,0.20750619485572994,0.23124762350888325,0.3440914403508009,0.30559289602781853,0.18943974853896114,0.28865824189834044,0.2752181210724034,0.21798981920789437,0.19117460850088513,0.26141734897684216,0.23292584836222377,0.2961011938036578,0.2555877749009391,0.2270484732724589,0.29222000354712097,0.21339665127136623,0.20065551278270516,0.22504124865149935,0.22376112319355385,0.2602272751152019,0.19976685917290596,0.2876901385421902,0.21015122026947386,0.24554679420857367,0.2586292574580553,0.20825013771698941,0.2317025690206349,0.18936288167381635,0.24424153189445444,0.20218934247491163,0.2438747043299704,0.1851913948236837,0.2405667596277108,0.23249478522443642,0.2807269147673072,0.259120272776379,0.2715875657966015,0.25172944115274276,0.3080503419608695,0.25986248297478337,0.21983616438789905,0.2273907069761725,0.2212340733184218,0.23577862340458905,0.2980730176666509,0.21742090224899555,0.2884669442361575,0.30930175867371307,0.21432999922912382,0.26022511851324687,0.1996174439127189,0.2161146102477352,0.272584087628491,0.18450270411971706,0.3063071300297018,0.21981486410400494,0.2843332546320599,0.31362691730880426,0.23562045110604055,0.23677029384301643,0.34098936094161236,0.19061024210404628,0.22138447590790966,0.2609482199502872,0.2226023396711915,0.2336494249058446,0.22170378224895262,0.25803471400623834,0.22718350787653457,0.21014526470792524,0.2617199630341502,0.2395831704498573,0.2565565084032122,0.25856591468279977,0.2027683042781066,0.3062576080243766,0.2694292579215754,0.3060176223136031,0.22689010146519462,0.2065351912609516,0.21746795234726413,0.2502529764126009,0.2888217994026433,0.26830973355579457,0.23516167011469702,0.24877859872290384,0.3019851503808336,0.18025820842041065,0.22791015976120135,0.2562555544280442,0.19236445181877979,0.19620012293440378,0.26888186524222407
0.28393786320179254,0.321206453935272,0.24074356236508923,0.0,0.22813223872376862,0.26572011061349265,0.3266229804052671,0.31582461484039803,0.24884796413941795,0.2636876445929944,0.26559668448896917,0.27350980996113267,0.2943530061369998,0.28760203135436646,0.35539513668035355,0.24059529264146315,0.29594723448955546,0.3204449118985746,0.29013712030184047,0.2788805570065026,0.3071634033393485,0.2712066096540518,0.31018594317540754,0.2697492762011314,0.2873280925241557,0.2683851677604619,0.26676956046316624,0.3029871195997363,0.22898475085603529,0.20629955062119326,0.2838772864729268,0.2621396624809067,0.43725629879275435,0.30269132628113593,0.296120714548545,0.3094879712298981,0.27221505414845837,0.2959523747128208,0.27015947512959704,0.35482650196207066,0.33893924934140496,0.278949001873685,0.2588651418030714,0.2769413331754381,0.32225654573383167,0.33076191970280444,0.2197879444865808,0.22357467092361702,0.3019405282948117,0.3082993552143871,0.36810031623701084,0.3164443875885918,0.3298736756018865,0.347234723343849,0.2888449975254548,0.26708283411033046,0.33708109230553157,0.265581466493867,0.32324456984886535,0.37479893649793056,0.32801304474541493,0.2504153431112007,0.3172362447860232,0.22694402284096668,0.3095091565973476,0.3163507547126564,0.33837898770000807,0.24427384759057297,0.254943103999845,0.2962091709917641,0.2796752737797803,0.2806785238139688,0.2670443053520834,0.40442877642613845,0.31001441168493216,0.24849287753707833,0.31057419007076703,0.27348617636719824,0.29235255494756446,0.19460363787080615,0.2576289340533725,0.3488640360666374,0.26462741231326303,0.28277623837907145,0.3260883135029324,0.3323296400290743,0.28188382985743105,0.29358064069357054,0.3144202917807433,0.28058767629447257,0.2803456984823302,0.3063922712356721,0.27079356526785614,0.2903020513927891,0.3324461589060777,0.24833434447371658,0.2475746400839367,0.2900272231251388,0.2363329393022405,0.356619145101659,0.26438018374550554,0.27162474733960185,0.28968030086795404,0.252014981493386,0.3096647501913554,0.2856814403963463,0.30810753926585444,0.27479829742850737,0.3266679318720772,0.2513735170190407,0.3122518433362551,0.2919369671009151,0.32309983770942063,0.2831898587845072,0.3330579468962239,0.3024999917014396,0.31520315680832944,0.21381273731652167,0.28377682582547575,0.2641633047449911,0.2626865711277588,0.29805322581842875,0.2654658105207194,0.30802233650251115,0.2287559495293005,0.258187519093321,0.2909990082599704,0.2658875294820352,0.2923278412368048,0.32660609415585906,0.2398072886330891,0.27111433237419513,0.25813452942046805,0.3033415051190579,0.2643323548680616,0.245281495644222,0.21337854847720938,0.3233405635399663,0.2896288734008399,0.2912855966248503,0.33610046161818935,0.24525546316907357,0.38635840194167653,0.28828314647044795,0.26461125117338674,0.27610800972474797,0.2928742776954988,0.2710807174183331,0.24259882233423025,0.19910279480799645,0.30651793994101073,0.3085049275565095,0.2796881484834086,0.24631064585162618,0.3090963368723083,0.3069333128379631,0.2872599497093344,0.2895924250120733,0.34224572341005893,0.2695361491968459,0.29951855900459945,0.26646043296702504,0.2547752298808621,0.27737240386993256
0.27190442260720454,0.2356624688032887,0.25824313511388464,0.22813223872376862,0.0,0.2249124510756746,0.29294485251388697,0.23773604188129405,0.2429254009782304,0.22772062643056387,0.2732538946042718,0.2271256317318023,0.25677661274402175,0.24347121832300161,0.2804605334314914,0.2945344763096698,0.298713688504286,0.29442933759781426,0.21076295142187032,0.23582174898578243,0.2830765970344994,0.26839168971616884,0.27764348822411294,0.24811034640639182,0.24012729883192396,0.24993284098591384,0.2275149949102505,0.2284482987637934,0.20541014928285933,0.29293382845243066,0.25402952062274187,0.23884705507668935,0.23232144966482188,0.22018693561364514,0.2903983341253755,0.27047149606164966,0.2679081601737716,0.2814857692190363,0.24148838662482996,0.2528627280940691,0.26492385806713586,0.2912898115995135,0.2881509178378791,0.2941314973056534,0.22976717810941272,0.2508647184791301,0.3130986034859756,0.2751319891243127,0.2889477768656118,0.2902363728845965,0.29486061242238415,0.25346353281626227,0.2483750669366556,0.23080485436108505,0.24489011268667482,0.23588666187792162,0.24658737590337088,0.3076138389322701,0.2515834800645439,0.2540573110157076,0.20141072421130382,0.2295983051344582,0.27292254087202183,0.2438326084025264,0.23680904538451938,0.20857377323743365,0.21401109071228414,0.27365011871349065,0.24329300475651924,0.27747590132614847,0.2674471428665413,0.24496029758272164,0.21529277927030457,0.27762048153411983,0.2430059454923479,0.20861122837291263,0.2579905184504773,0.35051418321475863,0.2361366589254451,0.21525685333328345,0.2617867917515984,0.2446888557314359,0.3187834623580328,0.22919375184207427,0.2371904853476562,0.2593553049211634,0.22720505634294583,0.24388979475487174,0.23440811090737018,0.21813161880243162,0.3755212515138322,0.2536601298681123,0.3303560176091058,0.2053850892503106,0.2585701238442361,0.22408049291791557,0.18358160055784756,0.22343007930001393,0.22774133680907085,0.22289957399076785,0.22250808306962513,0.22235718052490372,0.22530661137826016,0.206231960108129,0.2487460012619775,0.278305382005787,0.23285358781563786,0.2760851064668654,0.2930102879637457,0.2397450215988743,0.24474496729094802,0.26400400945987057,0.22390212415530808,0.2538797536069854,0.2484242279890874,0.2647167286439019,0.2364309310467174,0.23573894054591918,0.2271868960644419,0.23790539620132192,0.33489418146914635,0.2289540380147309,0.2130645345514845,0.31131856035174793,0.21854898190923788,0.22178541471616783,0.22037321260005413,0.26266214345679434,0.22456401216971852,0.2522160833961761,0.24288291129828796,0.2608565256146795,0.19607607325136683,0.23071864871893455,0.21113719575271928,0.2668255301326775,0.24512169075820217,0.2813470403527414,0.23145517581802844,0.28538884933403097,0.20556968022066116,0.2580202977308085,0.2599746944737765,0.2516956546843408,0.26862425590919325,0.23996589665511853,0.304705186564125,0.26749440665577995,0.22838349907819963,0.2033849634045867,0.22415392386896918,0.2501619388645308,0.2594939427966019,0.25937171816537063,0.2621545932508153,0.25438833254629967,0.2144628943630326,0.30974809071869597,0.21068861735622246,0.24014856189953057,0.23609769004701905,0.2277789794063073,0.22047922469934164,0.3038560499189001
0.2826366913212634,0.3606058114210477,0.3003057219774573,0.26572011061349265,0.2249124510756746,0.0,0.24947032417630594,0.3124841221644436,0.2505470886771118,0.2617477936037471,0.3466026160726872,0.36298256523778955,0.3220180321414489,0.21825890809713916,0.269359106905358,0.3285597236234983,0.3145530079871861,0.22331874636260302,0.32251569428186555,0.2905087586395972,0.3539586804752388,0.3298403813882535,0.2104489718819341,0.2616361981071269,0.3357874870591458,0.23024605636751538,0.19087971462255948,0.2503638401886728,0.24794104046542112,0.24161116040463385,0.2889419466191134,0.3696938691800662,0.2797617512115778,0.2565841202623522,0.2620569187399005,0.28589993814150055,0.29762634670343857,0.25477776594464957,0.29244719799449703,0.2424143813899477,0.2822917000167114,0.3289891138993029,0.2692587247319858,0.340889653678535,0.2657042123252955,0.24125538512929945,0.24125640769885592,0.30402380140686946,0.24345548603582004,0.28022228924905973,0.3010392784529517,0.32065200395112387,0.2490153477355474,0.33607523648299337,0.2821748835094362,0.31006367711635846,0.28298654323210887,0.38212125259051777,0.23574498028425486,0.24888673565452787,0.3364775752760461,0.2439194184226713,0.34977050064178916,0.21582172757355828,0.2439510606552764,0.26324022282224735,0.2498475176712721,0.2741650241612292,0.2144886236055764,0.2775988327892681,0.28954554586980996,0.21142297987886732,0.26822631301047617,0.31440650337081383,0.33419239705120235,0.23106229230933412,0.28351285911329427,0.257009507128137,0.22700285131082165,0.2541421890543332,0.35989966458643463,0.26863238605715567,0.3018836697726392,0.2845526813149088,0.2712368040450674,0.2882885655880496,0.3054765646713711,0.22236301840386605,0.2528371632107107,0.2600316730085562,0.26839398124551544,0.27311509377750076,0.30387282486624856,0.2587789386225593,0.2503438519024507,0.31866814238759616,0.25474882294486206,0.30249400036725604,0.214106822827694,0.2516069527311015,0.2322675255005897,0.2669617478239644,0.2221643631724006,0.2319636213022811,0.26563696814397764,0.2818906073644674,0.29806810478599305,0.29940805822373867,0.2410679402512632,0.3630184864566452,0.33878344298313046,0.24058194424745044,0.32418442755035326,0.245686002717367,0.24830918734811389,0.2903730862925042,0.2903625003074,0.23646817151838007,0.41076827767413265,0.22777928014355364,0.2487705259678699,0.2402571224773027,0.2948467658538719,0.30046079707729906,0.2541099219781557,0.29624077445928665,0.26102228384237464,0.2734924526421859,0.306579104116783,0.2188118023196974,0.27151767072736555,0.384336335191098,0.2315444202609551,0.28619980170669396,0.30530498621010627,0.2595375344874615,0.28451738547539057,0.22458464728749117,0.23886790022191984,0.2537699238710748,0.253382375279961,0.32471317281387985,0.2653446507962411,0.28387271221475374,0.3029875721419801,0.2419195506431144,0.34277338276451325,0.2828732638980797,0.2888306644914964,0.24388211925211467,0.26437985100602285,0.2799226457434029,0.23258454889174393,0.25286646545043906,0.34303096484912965,0.2741536254368605,0.2679666944820395,0.33751123671178096,0.2218447080008358,0.2678485522144361,0.23836712401427163,0.27835556056605487,0.2202188402032561,0.2901652273363511
0.2813990541271323,0.2910832449912204,0.23234430015647234,0.3266229804052671,0.29294485251388697,0.24947032417630594,0.0,0.2576400252697682,0.23594296679133828,0.2631538524425442,0.2832478574025062,0.3033946702936093,0.3118963749890526,0.2791757884720943,0.4152747129744928,0.25684447491454554,0.28368162227570964,0.3065811231679642,0.266085721988778,0.24067823343593348,0.290371930042369,0.2809172608976493,0.3763355197265163,0.3102415678254164,0.2899944155185407,0.29688344630098146,0.25403468412481683,0.25818397148188155,0.25741260000379573,0.2604448292924839,0.30178443981454534,0.28807234343389265,0.3554553433492375,0.30298026403030914,0.28405613975338767,0.2786680604656125,0.3381835329251338,0.2740612073857735,0.2898665808663272,0.3554847564212488,0.36450370725733244,0.2859970756646599,0.3265186721911774,0.3367461681788225,0.3107764853038394,0.3249241704143656,0.3044835385885071,0.26193669846641526,0.41216269040030684,0.2801287526987012,0.37335362081049234,0.27714740843271524,0.2623760441123492,0.3189278564125658,0.33372052454531115,0.28175605512168744,0.281707757297756,0.2732482492266783,0.3237038755398637,0.29667444395754944,0.23773002270086893,0.25356750254482063,0.27073279664613087,0.24502571407132392,0.2632041618450528,0.24243745472432576,0.29663517832642966,0.3139877637965997,0.2479064217518832,0.2703488030172802,0.31626925997949834,0.2715280882159495,0.21686922923658278,0.3517079252723416,0.22963990313438642,0.27108655242195434,0.359051424622896,0.35148366664758407,0.27506465496858706,0.2240171954775773,0.30046454241505166,0.27742814481282924,0.3294888565288603,0.24130590225524318,0.25789116902333176,0.2916820150679935,0.24779885819762984,0.2842025996201171,0.29233095600098297,0.2701263434860053,0.3200072392767544,0.34031687756753964,0.33706714407211347,0.2628163497535141,0.2811049722737471,0.2984435348195556,0.2101407721187592,0.29266702425811464,0.24040221469642578,0.30749460172595455,0.2838725157573064,0.2765728288821633,0.28057881063824,0.2516964237513698,0.25550615604666527,0.31120140975030575,0.26413360993924034,0.2768007305340647,0.4104379680675818,0.28165011884980784,0.36343467144251584,0.2749370467406265,0.2562804139470503,0.24325907891754403,0.29925171063117273,0.28851677723949887,0.2860290013969186,0.26532790100168735,0.26510242035685605,0.23423795637022138,0.2902152494584192,0.25501421442605077,0.23430487625202356,0.3898015721271251,0.22657012108015592,0.3194772238763272,0.23209306415238012,0.3303751336467769,0.26103944433447746,0.3275377943806087,0.2339081093651316,0.23638927170427745,0.2233131107986627,0.23962028726056722,0.22912868539905987,0.3047003338763048,0.28030025881471116,0.3585486574975094,0.2722931793438481,0.3296504606050625,0.29483112737966727,0.26102950662118746,0.3039589724253995,0.2502344951823786,0.3158906052289794,0.3056127561060355,0.3063899336572304,0.3460997940232703,0.2443733430522277,0.19498647736239252,0.2701912069692297,0.31224863957242444,0.2530660657018774,0.32242548685288985,0.3457600984363895,0.31085271074071413,0.28624319082820515,0.3599910854989441,0.3009149591909573,0.304817551676852,0.31055960329169296,0.25608766371276886,0.2533062177016429,0.2890174421149186
0.30989208061086704,0.3752248314699335,0.28345284300577583,0.31582461484039803,0.23773604188129405,0.3124841221644436,0.2576400252697682,0.0,0.3135050775697252,0.32072783071809385,0.2982307913120336,0.30830426162573465,0.337650103391381,0.2781864696056969,0.3100631150029637,0.32469139404078323,0.34054403548679346,0.31342115688108774,0.3108106250998633,0.3402533774158543,0.34643367143903464,0.28696208505092036,0.28367370166596206,0.25059371461372154,0.3587027819310169,0.2496083325879835,0.2720573860888165,0.32457231361602495,0.22477441746631258,0.2411186748932936,0.3998915500715209,0.34571748884343423,0.3090358282430648,0.31944489189022857,0.3299380024636427,0.4002326903752796,0.3124868781648474,0.37066293657172633,0.31143185299937964,0.2980854882489323,0.31005835068220317,0.31003327534832653,0.30522099822169957,0.2865899927076779,0.4298305947097764,0.32229014090024943,0.25609642614086886,0.2637245924773973,0.32745825920744775,0.3254713424344998,0.3186494573272896,0.2767861531796502,0.31156467977160074,0.3034150146549442,0.3172370521719264,0.30590098031759216,0.31979275730498946,0.35418754074172654,0.364777375885179,0.3307651208855364,0.4185572044182385,0.25591441270957166,0.3240002210966863,0.30612088140115246,0.27666096203907176,0.2973258546702412,0.3155167878346485,0.26339351583185844,0.3171171520681067,0.4384770268615614,0.29833647247980716,0.3036867707113565,0.2928928371949648,0.3698925206820255,0.42148055826243525,0.27199646341926703,0.3251676035555128,0.2761999670419323,0.34232364774100477,0.20078701188253636,0.29932755557044066,0.3127112922261509,0.32530187489348866,0.3727065415636021,0.3473573091992894,0.43034849637713474,0.3777408723430628,0.30231574903725683,0.38022590830650105,0.3174658051415906,0.2756089553911764,0.3069918055494602,0.3254320147746276,0.27588727861585377,0.3553605947282314,0.29006632130726917,0.303299563394322,0.3534201460526757,0.25448273789852666,0.36108336835274824,0.28641974433392725,0.3626099396468989,0.2659383211205428,0.28738575601621486,0.36974634103988885,0.32551125801009734,0.3413276275418865,0.39484607222948526,0.2987600591562946,0.2950278146497176,0.286113158163518,0.3119576011977117,0.32956834797509627,0.3308730875891461,0.3292498616186094,0.3016507875209287,0.3566125321051565,0.25832703883953445,0.28926572454716126,0.2854708716904574,0.2746934765672336,0.34171421215365405,0.28102498788760755,0.3074510640865915,0.25933816074959953,0.27506753366647047,0.2813320710134442,0.33424008873797906,0.3559290606331244,0.29589844658282843,0.34429509016834486,0.31041288100172315,0.290659319833255,0.29939069295408427,0.31867562998646076,0.2599359893117104,0.28256033362407157,0.2804713938833713,0.33912854982197577,0.3332356576882644,0.297258817237695,0.30727264163825335,0.36061074508805996,0.35767406621135334,0.34158494493042496,0.2936194789720232,0.3433606668166209,0.31696689782634907,0.34935581360920626,0.2589197875112934,0.33718249931230987,0.36648348408607806,0.291454887383284,0.2735711171952309,0.397455828899841,0.3524206065709343,0.2588151790199993,0.32428057068032606,0.2415183986683794,0.27386126278236655,0.3147408289597018,0.29672453161168866,0.27884316809591203,0.28689294366691087
0.38783949826472275,0.26097848190906286,0.22141402280012626,0.24884796413941795,0.2429254009782304,0.2505470886771118,0.23594296679133828,0.3135050775697252,0.0,0.23292403541679507,0.2425448790604108,0.23123615747087023,0.2684299315871486,0.33625963111760465,0.2516929113166226,0.2593337957524348,0.2761080682436367,0.37151812295056713,0.2468228825721763,0.32595905657184476,0.2580691775169359,0.2728112325354795,0.24681966848473225,0.20766276742886297,0.27433372730024447,0.2394401978226485,0.2664198237562374,0.28283540127433193,0.19260322854937256,0.28585650748269725,0.3378343666581991,0.2952190501236689,0.23923985221087762,0.25635394673371065,0.3467783006480471,0.26740631930907116,0.25412217411042043,0.37033326531006105,0.23646769266022008,0.2520926206515089,0.2342658675460301,0.35918546006097535,0.26878396162532947,0.252116685499279,0.28596608368437787,0.2836729182515785,0.24198300032423115,0.2120826966554048,0.2732517588006741,0.303219833326279,0.2748843115079747,0.26417734609197274,0.3179792288005158,0.225381004752585,0.2352150998380728,0.34572689555000036,0.3229271574287789,0.2801794044632239,0.2933034185923678,0.2722340504549212,0.24909122778288215,0.30857912193259285,0.2919723040019145,0.2880258788365816,0.33638717008451335,0.30445525390921646,0.3098627747894447,0.26804507718744375,0.27385968620442946,0.3351753985882722,0.3491649532003689,0.3264718730074555,0.3849348251161177,0.26957674013605787,0.3368337145460038,0.306056333736958,0.23750054425019734,0.2180425917765528,0.31311371051504255,0.22973147505714336,0.2811295475645142,0.37700891639029016,0.29145911853637874,0.2851239464474642,0.36945700092716527,0.3579337766655415,0.32107878838224085,0.3529899969207192,0.32410089875216974,0.36000386255879113,0.32865851068197977,0.3515242123962028,0.2631755985252447,0.29154101993292225,0.39561138183788747,0.24385451973872296,0.2919242094651407,0.3026652331720769,0.3731619431393079,0.29832142949890705,0.2828103203541644,0.24739880803713662,0.3033914486907854,0.2252938866528311,0.4182380485985183,0.2805949766581751,0.24324067363159446,0.3002092651529306,0.2534911716341741,0.21442171931858597,0.22926547851431275,0.38534128723288824,0.3194479957876175,0.3894225180603014,0.31214608425984347,0.2983056640899387,0.33913589089369467,0.23438756277077166,0.20911226866133464,0.3551033824067241,0.30566711395255325,0.3009989127640825,0.3040035581534805,0.28281414691393053,0.419910723167473,0.21234910183403066,0.3074473547090851,0.23617447514240614,0.2333490821162846,0.28235365419082215,0.417253780750021,0.2995891022853964,0.29692040631817235,0.3975760853864693,0.2448554960325877,0.285330983739897,0.24851067119225606,0.2634395325876002,0.26913807368973575,0.3118924727752512,0.2524009770693375,0.3024134070981834,0.3409302453306327,0.35756987591225137,0.28124599607486817,0.31992376504807063,0.32347484522033637,0.24317838198835243,0.2785396564544299,0.252696601170386,0.36099766450036447,0.3022865695592687,0.2612457292281185,0.2186308159096176,0.273051419806351,0.3231019555368802,0.2315759040884504,0.2543959139434086,0.2701204986380383,0.29611373839173827,0.24734263116048105,0.3766921157161054,0.34014433728438914,0.32880532480454466
0.2634087302463019,0.37400072577737103,0.3301381834195428,0.2636876445929944,0.22772062643056387,0.2617477936037471,0.2631538524425442,0.32072783071809385,0.23292403541679507,0.0,0.27202754344111635,0.27889591598783975,0.29038573339626494,0.2677089660699077,0.2618404699682757,0.2825553125912045,0.2707553550357022,0.3025023582020635,0.25414568252468134,0.24964623208291237,0.2569845087033851,0.2743504024967739,0.30377741335532304,0.22350380482102267,0.38640985185603915,0.23045498450766955,0.24158497640062565,0.26321842162382825,0.362527716433965,0.21680197522543976,0.3008328248035682,0.3041046784583759,0.23661089863670054,0.2573246225252818,0.27764241114040566,0.2954692502833518,0.2910886900011872,0.2822000150886498,0.24575512578275147,0.2611925838231408,0.23952360325920885,0.2659643823200988,0.25628701138729404,0.24629251352245515,0.30187882972114277,0.25777977210651337,0.23480687151105248,0.26645192730777345,0.34045471591954196,0.23520856721704927,0.2530762005760785,0.22329095209438146,0.24210586477986074,0.2824016823059727,0.3483856756294877,0.27912485073667875,0.24298237280690765,0.2502156557913448,0.30775199758688565,0.2616604130343433,0.287892416950337,0.2177342477773472,0.23367043091206843,0.2503168558607629,0.22674802794140597,0.23399057662867104,0.2517189963970094,0.24955865354608087,0.28150145981898456,0.33017307541679275,0.2374112075660967,0.2820999521611592,0.22056256231110352,0.2958942168234735,0.277294946480787,0.2555377478560076,0.2556436441479247,0.2887916910597334,0.24298355290875792,0.20052275182556717,0.26505821957505743,0.2394007973625181,0.3039223146034482,0.3020676532338705,0.2523423172232544,0.300477910393675,0.2672252175528765,0.26124160259518303,0.30279615256307096,0.248323280194275,0.23966021556687117,0.24581567253209946,0.29331849343141364,0.22240485286690248,0.27283177653402135,0.31993579181919796,0.2020089953752958,0.27534364841994585,0.23015392689557565,0.2826999280346359,0.27115247570055256,0.26499873026892584,0.22851642656070825,0.32765120124941655,0.24599789422885734,0.24912927928194165,0.2482641070437047,0.35958242724622796,0.26486849302644067,0.2728853514265803,0.24613353414081263,0.24525691880246714,0.2625217674972531,0.27155616707703195,0.267219613130863,0.2536233176080614,0.28813561844268554,0.33736219855236216,0.27727061917689244,0.25788406228538124,0.23090268164486832,0.2487268101243812,0.2263245356324982,0.27549383090064317,0.22336851093024715,0.35106989302472563,0.22720927915440706,0.2582945111984063,0.36721281916487664,0.27527034453281873,0.29135209175604326,0.23335531663858242,0.2442376611537733,0.23031089972488453,0.2572607729789788,0.23222065010464413,0.2600556392864742,0.2678751398479804,0.3078799241406942,0.2715267158223151,0.27303261196921674,0.2942443879929216,0.2756132384414822,0.24921280856519282,0.29585335812279057,0.26474244655413826,0.23527320113332728,0.31010310062239294,0.44740991978717387,0.23248933443097022,0.23643909777426744,0.3284661041564805,0.23125494533293448,0.2705752475465261,0.2993504539669424,0.2803570285754517,0.22050345311334554,0.2966544557445524,0.23931642397906847,0.2667990120761969,0.34445871240423087,0.2720228742557148,0.24464408430989304,0.23805836075456044
0.32493672580982597,0.3449518565543355,0.33871863998865104,0.26559668448896917,0.2732538946042718,0.3466026160726872,0.2832478574025062,0.2982307913120336,0.2425448790604108,0.27202754344111635,0.0,0.32493105256238425,0.37290471482809207,0.2554089466850523,0.3020988451164719,0.3965891895380899,0.3712677613259279,0.3045457535998887,0.28571292145413435,0.28874032040408426,0.32629190797021285,0.41142192249894016,0.26387287688090705,0.3113078273949066,0.3375763298612448,0.2651552796235115,0.24332079312070273,0.3159583836576417,0.28416620590089375,0.2690616989697566,0.27280450623393404,0.3308301591486993,0.2688549566338221,0.2510334549986811,0.2849868831892221,0.3086993451885292,0.3461885248032126,0.28811365479055717,0.32037468562424193,0.29391931730258525,0.28593424143324503,0.3096468854975212,0.2867214936511053,0.3336747281197425,0.29848695398838915,0.2730254674191386,0.22506062235248772,0.3662843271110259,0.31750213216574563,0.26925956600521267,0.3213116308503057,0.26547249642333387,0.23920217896434803,0.34780947160392967,0.3586035869017368,0.24132736169595903,0.2923628683524784,0.37189867779210845,0.28670971874146556,0.27863021791299314,0.3183847274902731,0.2053137483116784,0.32012110137006955,0.2367215854722095,0.21751243315312072,0.2436482120638097,0.2729399564931744,0.2820449034938508,0.28115483004374014,0.3127596365814802,0.2928663199790412,0.23149157647215565,0.25711714839200384,0.35118673426734254,0.3287227003545299,0.23546888082259634,0.34007057672629587,0.28926607157320294,0.24086880750212153,0.2169729547885613,0.2941769015612963,0.2357035039274591,0.3117807436084778,0.29622264769626216,0.24240971839607983,0.29744616841257876,0.26851230176375696,0.23045946044813712,0.2482918787663235,0.25343409397244904,0.324151140578224,0.21820268538749907,0.3828949225872007,0.2613976799984095,0.2573515964423336,0.29233996781702,0.210495500200769,0.23107162472433762,0.19635771622208112,0.25978989460533064,0.2649349595982389,0.27733266624416586,0.20497786364590215,0.22097009838785472,0.2567344632100692,0.2711339339987557,0.2598577079278229,0.3146859744730551,0.2735794610695472,0.36852594013165524,0.3317113911237218,0.23878168504836897,0.2715986148335693,0.24752720100795336,0.27875647367195067,0.3188818323152768,0.261357686528931,0.28071488225684676,0.3307627473128673,0.2245565744752079,0.2823840329942176,0.21260443504132806,0.25098414136021613,0.3406263575088788,0.22014398938543103,0.3353764338235936,0.20466335443588965,0.31631195365879455,0.30146352053512154,0.24898681954550017,0.2434563954178751,0.3042717028759984,0.24826684527605264,0.25168705023706356,0.31741561098195115,0.26261695632778714,0.30228920975887347,0.25750108554465984,0.2912931777822827,0.27183855448769234,0.2678289943677998,0.2940184461872188,0.24647748945872777,0.25735837031102615,0.32980496241200863,0.2229461710656238,0.29240484663301786,0.2896271542772804,0.275930119472626,0.23787599468514992,0.28856933516208805,0.2678172958483968,0.3186307833169609,0.27816776188982273,0.29747205780358454,0.297500825101434,0.3083814808744868,0.3214762066798783,0.24380621042636064,0.25924658639909826,0.251888944353818,0.25357379275260744,0.19560638921899787,0.3720522348140516
0.2641149868791848,0.3444119122059799,0.3058139473129309,0.27350980996113267,0.2271256317318023,0.36298256523778955,0.3033946702936093,0.30830426162573465,0.23123615747087023,0.27889591598783975,0.32493105256238425,0.0,0.2575728769182218,0.19422559481681334,0.2984933332853727,0.30149225617929415,0.3095048074831919,0.2352124146785176,0.3746516055421724,0.269459720949838,0.36798518337792974,0.30725470344749845,0.24219407523465797,0.2781725769919963,0.34576930114004456,0.22861417511702906,0.20539081526121658,0.24299087990931156,0.26192358903275287,0.25948101251961375,0.3112430527024592,0.32194029639918376,0.2917844000230977,0.2862624872687376,0.2421750999830471,0.30913936973721934,0.28380263587457644,0.26166079185551233,0.3920265543760216,0.2659250373614052,0.3258673343591134,0.2704423914390947,0.31237667195855684,0.32189351167702435,0.2791849813734691,0.2782925026011421,0.265187131935929,0.30362374680420795,0.2802233766881991,0.2894614515428188,0.35965000721235413,0.3073066094252156,0.2473397591605348,0.3658394179117305,0.39668332555070607,0.24723494354537948,0.32080811875687393,0.3701289366669497,0.24758703376755892,0.276184665430865,0.2641906253937583,0.2228396615590338,0.3181607048571823,0.22571953059980507,0.24612038069465866,0.25917330869007665,0.2206926535931258,0.23817563136207684,0.2208040793875037,0.25617386405452364,0.2725555564311331,0.21613958549992643,0.21754246160036947,0.3102592536644297,0.2934251721741559,0.2311556258448442,0.29035108047591746,0.27482507015828195,0.25278099258967063,0.20380685358587827,0.2805799403244032,0.2752111513265489,0.29461314134962174,0.2315504339048562,0.2659781896462093,0.28680688149834077,0.23725632793691867,0.2404602942819243,0.2744906916925835,0.24160869556089587,0.2762524744577957,0.27125446742888715,0.3384256248841352,0.2737617598926857,0.2405051328739722,0.3416334823576121,0.23326673826878222,0.2858077273420023,0.2003631054265242,0.25233025149178967,0.22248699718818218,0.29588324937349125,0.24196751960463292,0.31649925259448347,0.2564385445465258,0.282606484728845,0.3159169918614124,0.26772496416582164,0.27086315445533243,0.3384228373198984,0.414123404463097,0.2590665318893719,0.24538207909441187,0.2369820447919213,0.26023743211179845,0.27214842438590653,0.27664846318082637,0.3209394479729975,0.3374607930562022,0.20593965819536766,0.24471562368320365,0.2381196302518299,0.2376714765510721,0.3134229829906577,0.1982274943863278,0.38451313904067597,0.22530501685191012,0.30698583912950905,0.3544191652688276,0.23253812609696012,0.2337830311074755,0.2844355190682804,0.20109795786364174,0.2541498598747137,0.2907417067470123,0.23779969562367803,0.29517533077411884,0.2480090993793299,0.24914863095807574,0.30613499744375416,0.2338284566705655,0.2632460813216141,0.27978911908243437,0.2688209440165523,0.2977977487926143,0.26959368675701595,0.35959307643788935,0.28823400868551674,0.33241992877856136,0.23064100678995667,0.28099406910621255,0.3002874162713189,0.2698942472437556,0.2756713507373137,0.39385225578230665,0.24965147030644974,0.24585948270509647,0.31200759601862293,0.20860349491043587,0.25268915705813505,0.2229202854842651,0.23440804549248634,0.2137853507179417,0.27594368575714057
