0,1,2,3,4,5,6,7,8,9,10,11,12,13,14,15,16,17,18,19,20,21,22,23,24,25,26,27,28,29,30,31,32,33,34,35,36,37,38,39,40,41,42,43,44,45,46,47,48,49,50,51,52,53,54,55,56,57,58,59,60,61,62,63,64,65,66,67,68,69,70,71,72,73,74,75,76,77,78,79,80,81,82,83,84,85,86,87,88,89,90,91,92,93,94,95,96,97,98,99,100,101,102,103,104,105,106,107,108,109,110,111,112,113,114,115,116,117,118,119,120,121,122,123,124,125,126,127,128,129,130,131,132,133,134,135,136,137,138,139,140,141,142,143,144,145,146,147,148,149,150,151,152,153,154,155,156,157,158,159,160,161,162,163
0.0,0.6311221289171784,0.5598215516215757,0.5191596168582583,0.4656135463373128,0.6196337164139953,0.5271099101980808,0.64174954713488,0.6397076612902844,0.5907209535085336,0.581096783579187,0.5221917100765182,0.7091730507866674,0.6002726152140987,0.5507337281592163,0.6069274184518205,0.6628468960202026,0.6967019049841395,0.607721598693295,0.6917053415499138,0.6093436364646719,0.599084022888695,0.5536013279769938,0.5226079754930374,0.651578850011926,0.512453191982842,0.4893088560216589,0.6464355673685507,0.5280756168468577,0.5412777182793448,0.5813213916286963,0.675979674822968,0.5007072924316511,0.5259151859558177,0.6860080648219303,0.552571601257813,0.6320504786386048,0.6648265489833749,0.5078669410929202,0.5645806570908559,0.541619399794137,0.6127180099040936,0.6027372508292587,0.5532970389248589,0.5866881949221369,0.57054618796921,0.5368305060711416,0.538801008650348,0.6472468028750358,0.6301921953124,0.6171059750130191,0.614667303650071,0.5606560208755237,0.5642375907241907,0.5648540377593728,0.6474105778585058,0.6999464551727896,0.5605855970085581,0.619763832509981,0.5899682633734914,0.6365649151060068,0.5340706808110949,0.66005781656897,0.54083636775254,0.5945468956466805,0.5845819825260002,0.5473197967789,0.5976595167512618,0.5844873824756541,0.7003984985005558,0.6479273462250771,0.6156466793904147,0.637573881959304,0.6596255609987179,0.6780792224154651,0.5798265797895845,0.5542022652721666,0.4999385595071976,0.5658221651165012,0.5236072418933262,0.6178872542337676,0.6152036053966432,0.6047723960570451,0.6913411091836162,0.6282400206295812,0.6903319050265802,0.6184312235330133,0.6096398631498283,0.6299474878444644,0.5376359785941914,0.5888102574621984,0.5277450614414682,0.6078280091852759,0.6348029657930826,0.6501404295754567,0.5422035015740816,0.5347527477007593,0.555129223246851,0.5394410118964554,0.6023243003925597,0.5506570992487012,0.544966843099474,0.5002474111111664,0.493856553441823,0.6577492290695991,0.5905101261129216,0.5705389017112075,0.6559970587824805,0.5472859505173611,0.5560089061447241,0.5432905737276252,0.5787363729264682,0.674142854098969,0.559839178713989,0.6284070588598399,0.6532665516976365,0.6603741784227942,0.5863131818300565,0.5842753439700411,0.5694550636381563,0.5771118857356151,0.5573280872781937,0.6368887994748261,0.5890289994193864,0.6323315097363227,0.5354466913452642,0.5703749541980433,0.5044210825251038,0.5793434623009703,0.5807365396337112,0.6312264277061146,0.6186858334045123,0.6004750550672635,0.59785045086039,0.5678279620637829,0.5875261280249972,0.6000157281061012,0.5653354013211435,0.5407634818056386,0.5703551085812939,0.519704143088639,0.6040038796992862,0.622788223321641,0.5600797043221543,0.5731983428036541,0.5684983724305391,0.5915533396862067,0.5362006103478073,0.6324214158493879,0.4752410895033336,0.6228458698248733,0.6094069589901873,0.56916919948513,0.5048469796775273,0.5634532534519904,0.6012346665458342,0.5960336622849141,0.5699540071303072,0.5315514153790045,0.6746466960093865,0.5617773845100033,0.6886576603178957,0.5192942977620205,0.6453365134043255
0.6311221289171784,0.0,0.5988819673198481,0.5836264860132541,0.46236365093752996,0.6203957046614356,0.5910194580600346,0.7049247956780696,0.5691072881283817,0.715917027306699,0.5775883029395438,0.5879728608327831,0.6670499335607625,0.6108609388875357,0.6431454482065807,0.5822547020541015,0.604985387579022,0.5976087899851042,0.610704017771087,0.6018245068621744,0.6159416340561593,0.6355547610539947,0.5688705937930604,0.5739000996609791,0.6572509109190096,0.5292704755326627,0.5078547426526845,0.5805673872591874,0.6619272896744717,0.493939394326124,0.6450766870014232,0.6386680493244684,0.5990718555637281,0.5453686061680751,0.6626282694144384,0.6395909411381386,0.6268439406255439,0.6359100274869658,0.5933031521047267,0.6258274103806588,0.6453938463666895,0.5509888252958559,0.5727437471037085,0.5899194900668152,0.6594486562102104,0.5807040593549408,0.5292802474440688,0.555463963805223,0.6570664720239017,0.6096784040906802,0.6291244807629972,0.5917038123419338,0.5528172299445478,0.6983110524972072,0.6876932301675157,0.6377432974179863,0.6255163542987199,0.5552773963314459,0.6311505324765913,0.6291926391908749,0.7075249377623564,0.5314098357652544,0.5838986728918,0.5501105132894655,0.5569530537465676,0.5464668099762683,0.58686946622124,0.5767840941496677,0.5281438278830607,0.6380819053901932,0.6210393846555732,0.6203607230408914,0.5521889764551489,0.6791453645125979,0.6134126677668759,0.5513960147847498,0.5806622833487887,0.541324673782821,0.5676659086646928,0.5000879959637452,0.5935793599282204,0.609967745865398,0.633555603178532,0.6677398547845494,0.5819197262356514,0.7126796070635839,0.5735193556153438,0.5811302532781222,0.6239665066198771,0.5880921758357284,0.5532516511462657,0.5710122923234849,0.6562856149105833,0.5908056363751739,0.6325868795740248,0.6327841810490437,0.5599112997130847,0.5804489372316837,0.5311005004269866,0.6496418639580324,0.6164763642311751,0.5634366139245793,0.508759899707801,0.5483246503025576,0.6106981186806547,0.5797404867092898,0.5901771813208091,0.6190745504231132,0.6042594760321862,0.5889087094465784,0.5773846296306635,0.5612577120956134,0.6169756225699908,0.5433726971340281,0.6173073431643906,0.6213036671030189,0.6010856823051512,0.591745697606036,0.6046664993061207,0.5590203931587832,0.5665888303736957,0.5827870803684335,0.5633706133080596,0.6239391895424943,0.5733979469927282,0.6583221293831307,0.5620984450379867,0.5756489632338634,0.684213518393436,0.628439443458032,0.5718555552459038,0.5710386712857881,0.5724729375549324,0.5959273948932642,0.6131429720749052,0.5713807925538358,0.5843800591151311,0.6418331135555152,0.5916937040897636,0.5995179189107268,0.5713613202235946,0.5961133239813641,0.6566253293714024,0.5801233614971405,0.6146768152543345,0.5440068277930025,0.6259788007678156,0.5913594138382452,0.659214835481288,0.47437421688697945,0.6038743483641429,0.6309678964967901,0.5579555333389148,0.5749719913962495,0.6135350396565893,0.6187430218397929,0.586986326876687,0.6098915645122589,0.5883783019457552,0.6114752681844351,0.594933786159775,0.6125524240971069,0.5312829814744402,0.5829651090094771
0.5598215516215757,0.5988819673198481,0.0,0.493464261814787,0.5738815382891034,0.5741303781900029,0.537179342579544,0.5572214804515928,0.5016226212794629,0.5994863704434473,0.6471429614817276,0.5639616635884727,0.6123914664032933,0.5045207289385406,0.5472829991495156,0.7011420318982517,0.6654896000506617,0.5539630017947779,0.5397901790454117,0.5261104545845613,0.634286224812125,0.7364602999736996,0.5276536613323154,0.5627565181994757,0.5590055530135535,0.5219506527768125,0.47770442824420556,0.5290116937414571,0.6119757624973104,0.5615176557439793,0.4987714821682066,0.5896113208925344,0.49090711732949016,0.4657984283785386,0.5177780292276314,0.5351724121221343,0.5678379363247094,0.5685686216891278,0.5397921859932207,0.5698683526252267,0.545749917434772,0.5740363805345146,0.5698425123287879,0.5418443338391986,0.5246401600747076,0.5087578687126142,0.5450786407944015,0.5743466358431177,0.5845820232368313,0.573302028530432,0.5817379720645472,0.5615835048938345,0.47863667615604116,0.585585625084443,0.5887279971728745,0.5252852618286562,0.5684855900372279,0.6119768857526598,0.5257177240244133,0.529146598763958,0.5402449118693656,0.4745016356911336,0.5816072731499699,0.49400405585985335,0.4876119550925584,0.4746520276895913,0.4810221174987201,0.5716661370864002,0.5427578888723696,0.5710961344149464,0.5620833564361344,0.4946249625860807,0.49073426139161636,0.6410712041262434,0.5743311248828046,0.44869781042374657,0.5890442914104396,0.5827212735652993,0.48227013126761564,0.4803667748277663,0.5373513364171223,0.5155317846430246,0.6337486409773702,0.5384758240757852,0.5136349079051379,0.5745153022204414,0.496264691563602,0.49599636675064845,0.49278361030883633,0.4815994320389627,0.5890006236721358,0.45901248015996143,0.6440064465859181,0.49033689269174424,0.5350226601514514,0.5330162615205918,0.46163416521645323,0.47703445773294695,0.45896275540322967,0.49481908521360385,0.4767302923053115,0.5256981401904205,0.441592838911016,0.47230579497029035,0.5072169007047679,0.5655874225655437,0.5353890767390038,0.5713968920231913,0.5341030104425196,0.5589095213622653,0.5345524869301002,0.509585109831714,0.5086155113476177,0.4954730498966619,0.5098288285114009,0.609422669225533,0.4914645511277387,0.6237547021865636,0.5893394276115554,0.4755026122971502,0.5937630366316172,0.489402488118596,0.49729896773036886,0.5648530887964132,0.47212433476016497,0.5598699587707682,0.4975960604025994,0.5488627641171422,0.5611548735015867,0.5331364294341862,0.5251548896220924,0.6301709960741683,0.4788783595281249,0.49803102666372917,0.5291413092180071,0.510147628014301,0.5481736320386825,0.5367749896374246,0.5310684847234206,0.5284403642269746,0.4520304051922348,0.5611891498751751,0.5263374463850555,0.5157716579464597,0.5491468376372574,0.4918919606033692,0.6154835372454537,0.5351059477956326,0.5803174534356401,0.4639294075728261,0.4885086355580998,0.5053169442430706,0.5791119323153904,0.589226648870028,0.5401583204933759,0.5136571200243187,0.5491444324415141,0.5904223032857012,0.4602979152776766,0.5552098757300518,0.4952926803925907,0.48955165234761683,0.4600046015611989,0.5859429555144762
0.5191596168582583,0.5836264860132541,0.493464261814787,0.0,0.4526503123875679,0.5128031911011642,0.6549156255712569,0.5737018158537429,0.49460446598846497,0.553910834845981,0.5257178679821336,0.5719425350605849,0.5067970237312452,0.5061526263649284,0.5952127923755642,0.4760578005404918,0.5034941063078627,0.5053354181565725,0.5507183201032823,0.46941810312332777,0.5385938073767378,0.525785905657393,0.587025681591076,0.5233032054806109,0.5734569573364805,0.5307726028854195,0.4945334307589192,0.5179122310428225,0.5327447203727984,0.44149303809445534,0.5604313233100479,0.49421461768860603,0.6741355269492729,0.5330258402052627,0.5806606895932321,0.58082592111124,0.5343495329313824,0.5236640875536845,0.5258453296223995,0.574308414763714,0.6139784715025869,0.5059624536404101,0.4940943450827804,0.5730347813694684,0.5547083976343541,0.4860386336984046,0.4554480857662981,0.48898788534806015,0.5838831729447156,0.49916737343400464,0.566581466176363,0.5508651618358732,0.4522469750649235,0.6487615468988362,0.601232445433571,0.5306793554587973,0.5085030236658119,0.5321225603643247,0.5268589412078603,0.5084521250699396,0.5365129989252899,0.44626981520804937,0.5034772100664582,0.4747178444997031,0.468534352921283,0.4509340660787116,0.5322832596179504,0.48840616857845576,0.46383156318100155,0.5631038015357073,0.5139084943402392,0.5061172210088691,0.5094243715252448,0.5703802399180763,0.4892037513417983,0.4537921694717887,0.5142526708808706,0.5140944222862445,0.501564326074471,0.4313187930317335,0.4797200025688031,0.576696217371214,0.514661775748927,0.5114998769336736,0.5302261710649422,0.5620170422667425,0.5133636353347976,0.5121698676838625,0.5089853970208984,0.5164121570665472,0.5531262599356751,0.5773871693965653,0.5367494503270717,0.47052815057343966,0.5671476304296303,0.5932261534233647,0.4538275387116925,0.5730980889648849,0.48653826382080123,0.5702763987122007,0.5107165322028393,0.4927648831957753,0.5790160023723401,0.583325189149216,0.5223826142179735,0.48248619278527716,0.48514252402567465,0.5511315273554483,0.5130982860204667,0.495926807602313,0.5926841260745511,0.5364336645375828,0.5370158451028313,0.49215907509070533,0.5224908938557492,0.5423740243227813,0.5020677745822779,0.4843570897537565,0.5919198019376789,0.5421099880978236,0.4867996560800254,0.6003985087166782,0.4884553398970221,0.5396677051843565,0.48868153701817946,0.5570539744611468,0.49883210371550274,0.496611806034644,0.5788682015627558,0.5093683895561715,0.4747131637473201,0.4662535855647963,0.4800052026639137,0.566101710991099,0.5043708750996778,0.4467911424115872,0.4577009957989748,0.6010478348454746,0.533553396461796,0.5240998662858757,0.565708345140766,0.4771094159640788,0.5807669927454713,0.5298746179056761,0.5325775665803796,0.5569907236654469,0.5428967208477102,0.47942755682538035,0.5192618380473053,0.410658318509542,0.5703437004106862,0.5251035915841852,0.49205101526657635,0.49329501076346827,0.6114256615900909,0.5200884279369717,0.48364467810961626,0.5603810492149395,0.6547110324699845,0.5374938947085838,0.49354285935858283,0.5282518614547526,0.4916679906428863,0.5459228931495392
0.4656135463373128,0.46236365093752996,0.5738815382891034,0.4526503123875679,0.0,0.4780914532725907,0.5129889846160288,0.45099715051447836,0.4439487869682077,0.4557192887530559,0.5462087346219571,0.5163500789210068,0.47223643051321795,0.42557367768500726,0.4687313928144738,0.5727187282349758,0.542441026074831,0.45661111537265664,0.4587546318486301,0.42438024189785273,0.5490881601184446,0.5421136182546178,0.4877965337023131,0.49148316977878026,0.4615770101200521,0.5148172822775912,0.43196109574985686,0.4393082587343217,0.47564880021713624,0.5750763435276706,0.4314899436887012,0.47998664105129585,0.43688092785131244,0.4235657492487305,0.43948200306996926,0.4688707731867572,0.48428235833148486,0.48294227578170557,0.48476771655929946,0.48990705002066737,0.47889358093754025,0.531461458461388,0.4940890583000525,0.4995794431553577,0.4346767064170061,0.43559702933431194,0.5104592492253941,0.4972083961746617,0.4999934345356383,0.487475774147008,0.5198076060402643,0.5096530445211334,0.40547343650114237,0.48745072345368035,0.4924104446963669,0.46236315230761243,0.4816894885411632,0.6000134942441877,0.42855553339831154,0.45152447217485464,0.42354815583554273,0.43341676383096317,0.4950982782935681,0.4309910771294013,0.41994171865928365,0.4010192318829786,0.4177885959268448,0.49694971489509326,0.4524990195780963,0.4714186228507951,0.48671077548001,0.42290317114618287,0.43275597322462317,0.5211862448359483,0.45859871079641173,0.38425469378212396,0.5314171033916673,0.6205660215615997,0.42084998061641576,0.45567631294377875,0.452198290833504,0.4637775606852958,0.5486707385654447,0.43140542600957826,0.4682856515381812,0.4727412528733712,0.43125671956824846,0.43468792248155275,0.4154647700691105,0.4316933469113347,0.608241707603575,0.42376817061810385,0.5411102807344874,0.4132665596019142,0.472356939885103,0.46261796811431344,0.3883615063657632,0.4256393727151675,0.4336051344269037,0.42211103875736083,0.41170756334164754,0.455294939698822,0.42171647774668464,0.41575747385529976,0.43795739302522196,0.4941037919991906,0.45214141374967415,0.4771145879387596,0.4587009071929508,0.46812019619858203,0.49761917755476515,0.4825919376959062,0.4332532312452526,0.44838266811208755,0.4359507083016414,0.5320972043940342,0.4155614036458957,0.5001091716679735,0.5000480760048742,0.4408493215391802,0.5726932839282086,0.4543839895798474,0.4350966516461679,0.5045788954833986,0.4141338755116368,0.46239652197689585,0.45679289085671754,0.5022314120501942,0.4579199396840388,0.4439765845194596,0.4515885263198898,0.5401525272946054,0.4141260595087331,0.4587739109195445,0.4303234492663054,0.42671210748285043,0.45642687886073136,0.47323150612299686,0.43460904946664003,0.4719585589771053,0.3833029796173724,0.486003540362695,0.46164176498034226,0.4606244700733087,0.48543292417872674,0.46242691166995037,0.5657012847146242,0.45479078572866927,0.4554336676991448,0.42870302067122784,0.4307572684093885,0.4257357997133631,0.49824082123505403,0.5072018786798371,0.48217029923463356,0.43349668329770313,0.44633834983153686,0.5384922347323888,0.40512794541645986,0.5092517022661377,0.4087704538640472,0.427987059057705,0.425935947598096,0.5494289840091108
0.6196337164139953,0.6203957046614356,0.5741303781900029,0.5128031911011642,0.4780914532725907,0.0,0.5290859918705526,0.5732013342025647,0.5299590664543555,0.5727688776633605,0.5618848585969265,0.5828824932973677,0.5923725310613364,0.4976237179137516,0.5368498581593188,0.5774967462570744,0.5720171047229202,0.5182568750343104,0.6101161305784532,0.5393968837906779,0.6142860512312852,0.5652824637100758,0.4799785459243018,0.520886106981743,0.6146837715799999,0.5023861284640261,0.41869163885322075,0.5113296211310266,0.5610455921330998,0.5106956811199,0.5760561695200616,0.6343545546981851,0.5203603925371665,0.5041334644301032,0.5743156504923663,0.5374970940229117,0.6072511380462816,0.5490460116752504,0.5313229723252735,0.502182740618481,0.5450031817340473,0.5620078428410873,0.5624441839173898,0.639626272122529,0.52719210793753,0.5076614246468041,0.5427746986369696,0.6044899548938624,0.555475953680584,0.542014750093096,0.597607548215586,0.6412440392750376,0.4981875806443911,0.6084839860787346,0.5863908675018294,0.62881646521284,0.5759558210657845,0.5841999885099352,0.5073942334230929,0.5132457722405385,0.5918383567535365,0.5088328568251448,0.64030816334944,0.4697136087213991,0.519258138296488,0.5156416177668878,0.4928442550361882,0.5861953505747188,0.4713998726463173,0.5780242033153111,0.6049183595839426,0.5083781769057264,0.5262327032611016,0.5825104283115344,0.5664131873041824,0.5239123817986937,0.5277729867422444,0.5239287594972034,0.511203011131367,0.566944788686815,0.6539564948040186,0.5610443220878284,0.6253376593188721,0.5860183811174343,0.5472163528887656,0.5814343046202992,0.578245384633873,0.5103838598708375,0.5377777251125153,0.5147624065281841,0.542947074996595,0.5280760251235622,0.5834622927070969,0.5569541024256687,0.5434743671059161,0.6186502711315996,0.5139308494761766,0.5557953000856509,0.4934275858863665,0.5332744883174501,0.5154693889343125,0.5178092349118055,0.48239386973713233,0.5146937594889371,0.5515827591660728,0.5395089078680688,0.5336347386191771,0.5581023583095079,0.5076373086133881,0.58415688545939,0.5866507110232771,0.5121423041113258,0.6212396741683819,0.48113087780404346,0.5477730610065039,0.5645797315826248,0.5829328012278606,0.5382342858874707,0.6458201494676108,0.5073475925926232,0.5259806408017053,0.5299363114690893,0.5728287162677254,0.6112980705150066,0.551299287222203,0.596899671532244,0.5124664386125106,0.5153167512169357,0.5917935992268216,0.5031281810824375,0.5369833696372095,0.5954116046004041,0.5066874119610303,0.5594272109214535,0.5449593177286334,0.5476573507855714,0.578015986300082,0.5154949238375147,0.4632118223624313,0.5294368925728911,0.5173837065670278,0.5728181227593122,0.5495623716919051,0.5163336354314606,0.5659874159892097,0.5201210415079481,0.6181415587484033,0.5299261610204641,0.5874436122450067,0.4528777885069621,0.5643295648321518,0.5797379573737548,0.48907667470234995,0.4794283282696639,0.5858217069044428,0.5434624202790369,0.5223682821447866,0.6226295552231785,0.49969435027477604,0.6010305443088096,0.5162284016691254,0.6030984572754009,0.478844809651286,0.5766648693484766
0.5271099101980808,0.5910194580600346,0.537179342579544,0.6549156255712569,0.5129889846160288,0.5290859918705526,0.0,0.5634095185647104,0.4870462036586279,0.5792617574443364,0.5381912181218871,0.6172326148828202,0.5364164162318021,0.49962138150221874,0.665846526079878,0.5216143112874762,0.5240835194968879,0.5085732947367057,0.5411503450063424,0.47722020173615076,0.6058241594388467,0.5528123749554504,0.6047632165875163,0.603122101677709,0.5899888629974521,0.6218772738558408,0.4754612742556101,0.48480944442062057,0.5519976165600655,0.46886130275539967,0.5848220153258114,0.5376919947735082,0.6192756482131515,0.5532199467395301,0.5497434991319401,0.5913098870084836,0.602513575202384,0.5298464226631558,0.5994478023214309,0.6306708617402557,0.6291051903846578,0.5230757009904593,0.5576878656328679,0.6460442297555328,0.5807250177249893,0.5311333432888904,0.525871000853795,0.5528581598214112,0.6526304034241955,0.5318243857062589,0.6483856370923926,0.5778490103604783,0.4562234033702795,0.6785119396855618,0.660434000276987,0.5720697048278962,0.5393386537086848,0.5493690082183231,0.5480151092239287,0.5329595455390381,0.5369711600540776,0.48028064259529685,0.5204147490994642,0.4826553687019252,0.497378286466043,0.4782157930322901,0.5673979449587131,0.575557615892022,0.4616206310783374,0.5470196232118962,0.5812364567036744,0.5238178976969324,0.49528681275125075,0.6332072610858506,0.4772753952778841,0.47642974853049197,0.6116417006034156,0.6375725545799279,0.5213164854335082,0.48650589196245914,0.5175936207492592,0.5939102111815695,0.597891759376391,0.5035215246167977,0.5520787816100934,0.5673870813307491,0.5206389615525762,0.5387856563462788,0.5202838217604221,0.5598359296121183,0.5793372816285892,0.5835387165403224,0.5876785379058318,0.49247000168059285,0.5815798485502205,0.6357088464399433,0.4649728674167883,0.5631452755507768,0.4971832029977136,0.5814237797705972,0.5388085641619518,0.551473284197543,0.5779066383109707,0.5539214704553861,0.5160548481537073,0.5437476036343221,0.5311633437041741,0.5412439515760276,0.5774459788738353,0.5629033276690811,0.6658191416624922,0.5657479955202951,0.5453614420543885,0.48940563833787154,0.5282104243452381,0.5520431220916882,0.5018064415933502,0.5401343638643856,0.5946255757324991,0.5107381277728856,0.5529016125538481,0.5908342549594289,0.5016271269678233,0.6380921726851907,0.49188771931428854,0.6135361632884533,0.5222839226563342,0.583373289427182,0.5809139876674724,0.5561056467636926,0.47027532222438173,0.5057436219593185,0.4878957823444343,0.5427319069947227,0.5338205944688091,0.489415925003514,0.5040971261317401,0.6566805159416669,0.5345250850323736,0.576504260902172,0.5179223662033731,0.5120013636086855,0.5993626890778866,0.5343591545946184,0.6065385339845873,0.5951903008752863,0.6126237439594886,0.5409688088372522,0.538629396757642,0.4124727100040637,0.5679856370673588,0.5218058580252802,0.4938707587180019,0.5888244261240301,0.6488416366491455,0.5642070247626723,0.5081573112656966,0.6649299468064034,0.5706524591584102,0.5970981027333763,0.520279270476258,0.523600549211306,0.526724263940467,0.5696339428428545
0.64174954713488,0.7049247956780696,0.5572214804515928,0.5737018158537429,0.45099715051447836,0.5732013342025647,0.5634095185647104,0.0,0.6278359671514278,0.6765695014428761,0.5487711942174567,0.5891868281323593,0.6232161042724433,0.6004683327155321,0.610386385053107,0.5743644127732473,0.6036131767203881,0.6256298319015334,0.6534559249218999,0.6439530412325529,0.6218489063206952,0.5858961495074322,0.6097534550365925,0.530699879601565,0.6902338454856005,0.5252569474511807,0.5269230367304558,0.6049789478080932,0.561271709958709,0.5102990386861894,0.7008217615282901,0.6562309094342795,0.5532605149098815,0.5831079119365258,0.6797665035298186,0.676758350533963,0.6076230934538265,0.7031265111136477,0.5966563122206322,0.586652574050793,0.618703532317431,0.5652502787664069,0.6146526277920488,0.5571057302417866,0.703651832206362,0.6058094466054356,0.5216655652703996,0.5178587661986651,0.6781185642151369,0.6565991231943225,0.6412762895264225,0.5748776343522788,0.5542793773167641,0.6346314709591179,0.6604737057998816,0.640065008340923,0.670385452775648,0.5725924675700097,0.6611852838933865,0.6597885315339016,0.683729449736414,0.5571197539729563,0.5902962565667835,0.594881508145162,0.5903076244532903,0.5737056272494574,0.590502475224145,0.5531825392189826,0.5600873151592491,0.7167983260034854,0.6221181259811137,0.6634018592816627,0.5877422905617002,0.6780549842237555,0.6374887007733959,0.5612327307053327,0.5840314496494853,0.5157792399801674,0.6214982164582776,0.47763661955787695,0.5730766656108872,0.6744051347471045,0.5915205165622166,0.6718487102210178,0.6621322759749318,0.7690020375109679,0.6241844961536677,0.6588032889252433,0.6893901279465733,0.5941576198254273,0.5713486146185551,0.6085093557548548,0.6435974928688437,0.5950284706346476,0.6768333133897144,0.5899159105417748,0.5949649266962181,0.6211442920258317,0.5704525531311695,0.6673732864599746,0.610050286788465,0.6359158760461503,0.5605741832051641,0.5666134060628589,0.6995164171483033,0.5976374073369681,0.6358459952097618,0.6533493792158136,0.590058706727638,0.5458783087938329,0.570635816929836,0.6327215121231031,0.6094250836976792,0.6096538681666632,0.6275622814799899,0.5964196658354096,0.6352996051854476,0.6171334885271127,0.5678124527725009,0.5920070727630053,0.5648923865420457,0.6694511473550143,0.5736786298320525,0.5939202021494542,0.5893323648325132,0.5940585728984664,0.6069998046127042,0.5650967047766365,0.665502642524183,0.6315034993252955,0.6121181949895892,0.5842324132059324,0.5966712396688282,0.6202357646582985,0.6171171548567937,0.5521011627424202,0.5695208044375077,0.6173800779651881,0.6094606112665005,0.6819852223867962,0.5441779089721546,0.6039014276395968,0.7069179050154468,0.6457048547963888,0.617219680047749,0.5928049432034223,0.6235732934092449,0.572774001513063,0.7017643819419731,0.4922824536419133,0.6700271941498301,0.6348540830750636,0.5861911976073451,0.5574838348270217,0.6408926075474655,0.643394732691835,0.5423562187925035,0.5773565880082948,0.5467455259865658,0.6260068585980658,0.5787363163031047,0.6394862181505462,0.5953156573372622,0.5783831300297309
0.6397076612902844,0.5691072881283817,0.5016226212794629,0.49460446598846497,0.4439487869682077,0.5299590664543555,0.4870462036586279,0.6278359671514278,0.0,0.5506643884169524,0.5334843576701601,0.500272831073273,0.5572050745966193,0.6009219343354497,0.48996584077225513,0.5394251539658362,0.5765413152407591,0.6063678380391564,0.5633792750597229,0.6069173532891021,0.5402130732682141,0.5568318804722435,0.5375302599705335,0.44829895296015765,0.5855241695253167,0.45504724609521835,0.5220624167021294,0.595605710506294,0.483226783742637,0.553216121155215,0.5621547942786617,0.5949787836403927,0.45545333624160905,0.48835784380413777,0.6341442800097582,0.5535873714633798,0.5359552449991674,0.676537721075334,0.49737694028083357,0.49417212605816385,0.4896744540558145,0.6458577004100436,0.5186648118192009,0.4816900350145596,0.5315325937816114,0.4955844535679612,0.4668473790594959,0.4601687602112625,0.5771364593457101,0.5898538523218038,0.5443680072716435,0.5027124362080249,0.5243886998609589,0.508324565926827,0.5255643240182526,0.6137784935233574,0.6029451001958472,0.5542463892162338,0.5762967400731493,0.5587260246321096,0.5628276876432379,0.5253713998401862,0.534440639114647,0.5825483166574723,0.5439246595540326,0.5038024104498434,0.5211406241040816,0.5026257842479225,0.5805263862151749,0.6847878195914257,0.5530896542936062,0.5888963102326379,0.6608154268194275,0.5699407564654626,0.6548328162019573,0.5022935717072211,0.5190239431605865,0.46450133386783854,0.4963775968347015,0.4540084528120934,0.5140926563446614,0.6237411582152234,0.5335611628097403,0.578486987790199,0.6262541210817753,0.6205190231878644,0.6065365401065926,0.6087324583884395,0.5712621123035196,0.5334750806805574,0.5744691715837036,0.54103478717238,0.5599860596251394,0.5312923435594596,0.6748439387342307,0.49865638683406005,0.5253616915137528,0.5281413105238056,0.6051980174527556,0.5353494200436796,0.531209429128367,0.5320426116282042,0.4962046323449065,0.4688127188106665,0.6553394809956069,0.5054869219171331,0.5204827778624285,0.6043021588378963,0.4785317754410323,0.47702569081854046,0.495712782625413,0.603633507920984,0.5810044987803848,0.7002161177492058,0.522275181259735,0.5588701290240997,0.5640014477821719,0.5563516341241902,0.49902971000652313,0.6461908491099232,0.5406674635380697,0.5776375533698146,0.5506587070423781,0.5045193704004014,0.643475978317544,0.4697492092435481,0.6018080228420822,0.47607789326103805,0.5196864393529295,0.5214515683452928,0.7536101672255424,0.5838010926185749,0.5943540242095824,0.6577660808641165,0.5249698162447093,0.5013682228736001,0.4905443295741925,0.5014917975361296,0.5033014467355479,0.5711201789804703,0.4636712739542012,0.6154509556850767,0.6367547697051623,0.6556209165146757,0.535763672937384,0.536002271919425,0.567740777694953,0.48100795374161953,0.5780582772091526,0.5194090653812892,0.5836679717649829,0.5648021250647701,0.6001742464065442,0.4722788010885509,0.5211007371347817,0.5528788713558813,0.5050992185862857,0.49370726730831105,0.4862739856902121,0.5988268531868791,0.4838935389661697,0.6383818827789692,0.5616811085919392,0.5925718374516997
0.5907209535085336,0.715917027306699,0.5994863704434473,0.553910834845981,0.4557192887530559,0.5727688776633605,0.5792617574443364,0.6765695014428761,0.5506643884169524,0.0,0.5629971667830974,0.583331777776794,0.6126274745338284,0.5668167592429324,0.6076611859665519,0.5679380268252802,0.5773245027978664,0.5892989241180169,0.6018481237204045,0.573588451143936,0.5901103484468442,0.6114865454466054,0.5808364989976401,0.5329103575793744,0.6949462602253141,0.5034062457926793,0.5076489941023883,0.5630907438906964,0.6584135186259625,0.4942359519284847,0.6236813018601758,0.6304259972168894,0.5492101934718115,0.5283986619473964,0.6151059266542646,0.6109064542413438,0.6008567422848603,0.6096036219335033,0.5657294351264552,0.5758028651679117,0.5871547747570243,0.5465181789028949,0.5823478492983107,0.559222790291624,0.6219564215591149,0.5498705401720327,0.5141768367514085,0.5403947827495272,0.6628256104716956,0.5794786034847995,0.5946208346053129,0.5379573419020623,0.5151260412927441,0.6298614503023575,0.6771824775942877,0.5918954001399273,0.5808612845131715,0.5508490246607877,0.6421187901170566,0.5717197554778237,0.6297686410846652,0.5010133990987916,0.5519826460979027,0.5482648673653826,0.5357186371628117,0.5204533802135025,0.5513478946104359,0.5604080669307447,0.5529290330306882,0.6505362058851584,0.5730617868174144,0.5878362542723414,0.5332268141638227,0.6361480214367528,0.5834936930221659,0.529771659839314,0.561004606945213,0.5252349386341011,0.5403065124233946,0.4680165803557311,0.562986867716037,0.5760708588173875,0.5947539828067518,0.6077322259821892,0.5614868521931021,0.6347402866612811,0.565628388841218,0.5888784674332832,0.5996079766415633,0.5370150689712778,0.5412621663166061,0.5537928145121168,0.6337477786393892,0.5356424073049858,0.5958425705874536,0.6276438837405658,0.5224213285150227,0.5710610613972625,0.508682240574858,0.589081337545692,0.5710591496783691,0.5798619578119526,0.5183049057581128,0.5880891164733739,0.5802034625183216,0.5471915160163673,0.5695040564007531,0.6243084112780555,0.5691223001862946,0.5587663073932533,0.5589690707327132,0.5478103790347995,0.5722588900788049,0.5464017768062222,0.5577919060474598,0.5534441548959137,0.5799987287195093,0.656331054845026,0.5907832831433352,0.5331009243335686,0.5276022552358492,0.5712943416245532,0.5269181491021848,0.576660336615255,0.5402033949292105,0.635599214052431,0.5284402842871799,0.5370575658626248,0.6566858972616707,0.600385413116012,0.5646969530121138,0.5467718053139491,0.5337692724796618,0.5397891631214121,0.589366416375218,0.5376206688103778,0.555765682967343,0.5895411110893798,0.5980314248554407,0.5997664650008706,0.5583714290516546,0.574964836171189,0.6066053250784994,0.5790047651261708,0.5948956284488675,0.5503443587871842,0.5773619733232546,0.5702919291706066,0.7204766051960895,0.46029158116395147,0.5739556512584065,0.6194538752671007,0.5423135472410935,0.5718695188683509,0.6160422649192686,0.5937325956272504,0.5400642457557233,0.5750421711368692,0.5459315509560003,0.5784545445255957,0.5877073323164614,0.5786334128507631,0.5350213214467364,0.5443849061419602
0.581096783579187,0.5775883029395438,0.6471429614817276,0.5257178679821336,0.5462087346219571,0.5618848585969265,0.5381912181218871,0.5487711942174567,0.5334843576701601,0.5629971667830974,0.0,0.5622674432393187,0.6073252668360062,0.5307956359301529,0.5053319118062103,0.6569378547547357,0.6403303731549137,0.5398878598455473,0.5285518814268017,0.5307228730692287,0.5866977453588054,0.7044441259752591,0.5554060348135408,0.5421234982005065,0.5841049170281297,0.529063742993831,0.5173519532969608,0.582067366779358,0.5957953673406956,0.5515026168248847,0.4954455440402267,0.5538031529186828,0.47897385961826344,0.484299768141146,0.5673459003497056,0.525873948038805,0.6007855496583138,0.5851215481003106,0.5193495726831546,0.5584545767016155,0.5055070332480781,0.6407389087888018,0.5101313648798889,0.5457619461186864,0.5182889765377652,0.46122748249789197,0.46794045286735586,0.5848477755842479,0.6042835353454193,0.5225525673096142,0.537510035300075,0.5321463583873784,0.43718730071754636,0.5610172401325226,0.5787185903463828,0.5397520297457785,0.5411818179792207,0.6230923002673254,0.5077323061605438,0.4968565395866104,0.5433467265491556,0.4410009592276675,0.5275906068371404,0.5071355796642575,0.45214783277568965,0.44312142282979433,0.5060190314705157,0.5294856881221788,0.540036700572151,0.6116437670819479,0.5292965343795671,0.4938167716831636,0.5524494101368688,0.6042256651034253,0.5656078702469618,0.4323909433705266,0.5755482267629368,0.5598781986330327,0.45774614667657537,0.4767008665260359,0.4938978942913313,0.514408654777887,0.5731651495064017,0.542916962559978,0.5240089380978398,0.5738212135662171,0.5469532322910479,0.4825556237114965,0.4742725267492961,0.5013319445350627,0.6075926373693571,0.46192508543021676,0.5730877951898893,0.4697825682053128,0.5541238162228631,0.5395442835470263,0.4340074525735712,0.48910001837906614,0.4811073759996651,0.486777391334772,0.4943328320267369,0.4980876553475547,0.4512973409654404,0.4629738646353163,0.5022388689338286,0.5076673334865911,0.47996172364226225,0.6317241468070712,0.47526753971401103,0.558238695887474,0.5534937997061808,0.5290605586959848,0.5459014056391306,0.538329248014895,0.4857299551880297,0.6221337263395766,0.4775724810841168,0.583654082534103,0.6131285093063896,0.5275088545137117,0.5771415675865856,0.49446948019283304,0.5401209824751281,0.5274969631943084,0.513925451817757,0.5217922675271288,0.48760173657768774,0.5150342051430948,0.5530432974535798,0.4953436030425003,0.544244278497181,0.5776267221570623,0.5285625180177691,0.5602650961868548,0.5380721076435192,0.4656428370514301,0.5080031176810189,0.5297578179061427,0.5417143278435228,0.5020870455531711,0.4502369522914576,0.5723686973335994,0.5230089578900315,0.5255954248004902,0.5669413763126496,0.5110006695476157,0.5811234638266065,0.46630294268165473,0.5611810340141148,0.4826276697296473,0.5201336165495167,0.4814274875550342,0.5923534041977214,0.5076993107684338,0.536453524283032,0.520997530793616,0.594639394101543,0.5675139061807086,0.5024299961276111,0.5719269744718353,0.4523603221242564,0.5205818907440856,0.45827435924100157,0.6996504483029232
0.5221917100765182,0.5879728608327831,0.5639616635884727,0.5719425350605849,0.5163500789210068,0.5828824932973677,0.6172326148828202,0.5891868281323593,0.500272831073273,0.583331777776794,0.5622674432393187,0.0,0.5162349940093918,0.46872110117021865,0.5597956640832996,0.5632242693626639,0.5476233195459792,0.4808257430039935,0.6281643116183384,0.4993029653260641,0.6622993724299403,0.5471104520981058,0.5733136066369025,0.5605790919107677,0.6360752775169344,0.5645460113895721,0.45023893631581724,0.4944468219906718,0.5605517969894772,0.5057160018815132,0.6056890549145809,0.569566961450692,0.5358321670811298,0.5941840651220197,0.5491851855116473,0.6187134967051428,0.5816832947083755,0.5473288477259058,0.6513402997797013,0.5300606050889332,0.5934892199283403,0.556903111927423,0.5677263729785268,0.6578701293564092,0.5665432657259581,0.5005831857479281,0.5172049126331957,0.5815084109282624,0.6092665193781043,0.5350562683592631,0.6071456589938696,0.5826234078193137,0.4405160913847055,0.6592627945379919,0.6786491375353935,0.5798367109478607,0.5468904058277427,0.6464358413443415,0.502761627773471,0.516570415265202,0.5319788559379995,0.4776729241992469,0.533020688312371,0.49992434030346394,0.47921173340202017,0.4667997187061272,0.5086949684694686,0.5220270591112087,0.45628311862392745,0.5564466428650329,0.5489588839781194,0.49866804540907017,0.49970676382009016,0.5898555389682965,0.5020249644942124,0.45888409723922713,0.577198590065465,0.601004560053949,0.517903290783549,0.489368880437837,0.5235872260722899,0.5752234458841317,0.58075839302987,0.5107424014650084,0.5746971973784265,0.5778640074527452,0.5531367420928202,0.5069063459972277,0.5082213113622692,0.5426894388843201,0.5720242879237597,0.5765109862638317,0.5913037241559187,0.4846188650617704,0.5438114179007335,0.6438737495154052,0.4782343351960267,0.6161780961269189,0.5080385345043538,0.5274854167343982,0.5166072944277045,0.5718857291473173,0.559058574613289,0.5851983334153209,0.5230686286407801,0.5398365319639011,0.5434653595942781,0.5835509672316676,0.5146977002002171,0.5792246966499208,0.7165043608294113,0.5785605873583763,0.5305884347634917,0.5074481410444576,0.5032506879621432,0.5362352648006284,0.5155923040949564,0.5783944266333527,0.6388073424170951,0.5090358837297635,0.5433034097947029,0.576127962432872,0.5340423124933726,0.5927581911781641,0.49593554370355075,0.6140161918111777,0.5159149471846358,0.5830376090719135,0.6472284680568675,0.49824388872468256,0.49993802777906365,0.5474095378414693,0.47968639925378626,0.5634534165939192,0.5629181783768308,0.47080933594648633,0.5268242670064064,0.5543839024682242,0.5109886693723138,0.5911386794871177,0.4735037758339476,0.5496243776368276,0.5657662901542566,0.5590767203906926,0.6243520472554296,0.5869210207192159,0.6551232544446286,0.5078292998647311,0.6029910291259999,0.46467032129246144,0.579424856954782,0.516586679831014,0.5160185910368545,0.5329839759820425,0.7241479348334994,0.5397854296104952,0.4815583031945562,0.6480091860144407,0.48994849581684297,0.5691474690483299,0.47349258154856255,0.5340484337589667,0.5249269658565089,0.5699143905431606
