0,1,2,3,4,5,6,7,8,9,10,11,12,13,14,15,16,17,18,19,20,21,22,23,24,25,26,27,28,29,30,31,32,33,34,35,36,37,38,39,40,41,42,43,44,45,46,47,48,49,50,51,52,53,54,55,56,57,58,59,60,61,62,63,64,65,66,67,68,69,70,71,72,73,74,75,76,77,78,79,80,81,82,83,84,85,86,87,88,89,90,91,92,93,94,95,96,97,98,99,100,101,102,103,104,105,106,107,108,109,110,111,112,113,114,115,116,117,118,119,120,121,122,123,124,125,126,127,128,129,130,131,132,133,134,135,136,137,138,139,140,141,142,143,144,145,146,147,148,149,150,151,152,153,154,155,156,157,158,159,160,161,162,163
0.0,0.8913154656957174,0.8189493385501115,0.827375268238071,0.8757950441759443,0.7572036916531311,0.8882658705173038,0.8280263275326867,0.8778001607555208,0.7878970006439439,0.9010031591432781,0.8231147779756857,0.8568039739375309,0.8822719198236292,0.8663541847267334,0.8167122603766039,0.8407946774296797,0.9689922304697878,0.8604919678236159,0.9568433647655081,0.8656442058709389,0.9396956444223743,0.9170997480056676,0.8220174601131827,0.9321617825403202,0.7978180637157191,0.7925142772056236,0.7806384899612175,0.8222323188874194,0.8081590697181141,0.8374516757693142,0.8645037429585896,0.8208305716245284,0.8029059548129543,0.9341108801418352,0.9347465116405559,0.9146766077036576,0.9226578768503259,0.7704635420587201,0.8482203150300355,0.8094463810938447,0.8824999397526758,0.9159498606308916,0.8641865856447074,0.8674919949297099,0.8519345764233537,0.8489336662832265,0.8593665512138099,0.9513893573469383,0.9702763923380231,0.9020763785824354,0.84648689458383,0.9504825924629674,0.8841532745353228,0.9052436233492779,0.8446540835658253,0.9640283244442203,0.8194471308067122,0.8513428244095539,0.9416348466295712,0.8051011118336908,0.8482987266427091,0.8879870947829687,0.9050841393495194,0.9112786484920022,0.8489203109571625,0.794607763055309,0.8682930464198354,0.8965462548152056,0.8957347075302806,0.9198033104540879,0.9076757330270806,0.8332156292332387,0.8634589400709692,0.79290891361236,0.8824278915154465,0.8064020589217151,0.7944184472786595,0.7889049512151136,0.6139407718221457,0.7133247984464497,0.9549798642232795,0.7935600793784628,0.7770425179419186,0.9211997373759021,0.8860577735715096,0.9388908845417663,0.8743838530855123,0.8147489310764133,0.7734956297989457,0.9471398513952105,0.8643731897085521,0.9442205602742435,0.933765446057828,0.943329504527279,0.8556228897245126,0.8255470188187604,0.8213852793295366,0.9190222954687162,0.7608908407680549,0.8367401084419385,0.8215997582552854,0.7993074771682066,0.8151530438747608,0.9496421704322927,0.8043388175984826,0.7661952404258421,0.8023238192711811,0.8427182958545758,0.8283197103530386,0.870429541057782,0.9611918787790241,0.8167935940124704,0.7392461462488149,0.9167815023153008,0.8036717424658061,0.9059013634861259,0.9524014021560447,0.8009926036495651,0.8347871173688659,0.9029715528547605,0.8776732934005063,0.9481972040310837,0.8073858286584861,0.8666028588313288,0.7671723321683985,0.7836956293436501,0.8270885306458929,0.8416288376555371,0.8995509429583239,0.7564094521018089,0.7723906251345111,0.8121792596813433,0.8725542626915629,0.8661503167702905,0.8581769070662977,0.7962766536800225,0.8952912221631081,0.8675414129360791,0.8498473545073228,0.7976304694329706,0.9285131029996562,0.9391765299348801,0.9288076582840931,0.8894085853926911,0.8610086608595917,0.8638382733803757,0.6625115114471015,0.9230592056006445,0.6928618119049542,0.8847121306232721,0.8411771792281972,0.9447730731214788,0.825944844175255,0.803548624964393,0.8985367838059218,0.8483742456163377,0.7097828392938581,0.8410878675808522,0.8338888449235381,0.7368696991735392,0.9260300008261867,0.9417599222331293,0.9127186565893066
0.8913154656957174,0.0,0.8555755857393116,0.8749571555938812,0.842631657067951,0.7828028948838832,0.8623710951576622,0.9206758892005306,0.8066805209381444,0.8503891509516532,0.9130851483562326,0.8876099317371156,0.8595500935725143,0.8188666922622263,0.8930778146416624,0.8258917198778369,0.826361777754559,0.898634460415492,0.8599748627080289,0.8757444430626866,0.8499508912223148,0.954290859125991,0.9039784350598611,0.8867781616895617,0.9178166811549514,0.7909416161221666,0.826792111631826,0.7813482429536248,0.9432404245694076,0.7959642293443536,0.8208151127416465,0.7877726717864353,0.9245098927103285,0.7646749821112251,0.8446340848926297,0.8761499159850031,0.896549870767468,0.8975993474048235,0.8149027359257891,0.8845323157427099,0.8989353804533698,0.8143193875679419,0.8368974562771009,0.8400248328270329,0.8678405163417063,0.8583530485613834,0.7997054145245062,0.8496217602931497,0.8900131936677104,0.8593183766095372,0.8344594214123011,0.8241508441911009,0.8931309818999702,0.9157660968175043,0.8963439214406949,0.8271040217547864,0.8926086252337091,0.8241605700010542,0.7699782571455203,0.9061821652254008,0.8777523650217199,0.7411234869959186,0.8301053884201405,0.7938163750161619,0.7881321776936371,0.7635700759472043,0.7730454901924858,0.8265493033558456,0.8082968412362223,0.9010613979601947,0.8526024450602062,0.8255061298400401,0.7085600644548444,0.8366859212167458,0.7995536547900656,0.805225754114608,0.7833307961151557,0.8236063517227865,0.8426155392814443,0.635150982210562,0.742373524467487,0.8451746012523407,0.859166872882309,0.8597439006352787,0.7849357884265153,0.9575368541744781,0.8379606117500719,0.748217953591035,0.8075172608464415,0.8739599498820992,0.8605990687138572,0.7765442400526907,0.9113751282708183,0.8657606209580572,0.8371264027593753,0.9251438412252396,0.7733065764798905,0.7819290988255221,0.7613677444786306,0.7364358518126332,0.8348824902829434,0.7730949305231398,0.697401205004493,0.8820659619211636,0.811748608378234,0.8071464731415104,0.7467021967332685,0.8395008088418002,0.8678453634460047,0.8673058945252581,0.8271346371694708,0.8222229242840869,0.7357925877777515,0.7258535487013952,0.907637218971015,0.8526393866175189,0.8433107968794713,0.8834515033610686,0.777440057006944,0.7732609832300982,0.8589299759282933,0.8815155270709496,0.8303099742767615,0.8439628887532427,0.7624252588331805,0.8889151553964892,0.6885551844165734,0.8739638495789136,0.8830873753873731,0.8902040971658935,0.7540151185638666,0.7571897765008472,0.8445507315996941,0.8283251105347115,0.861469866273717,0.8074857880794961,0.847231786236874,0.8920020790805723,0.9150079125743291,0.8643097426066028,0.8625993746895892,0.8362824808822339,0.8593507954819541,0.8100346175563689,0.8882628456496915,0.7469029041137549,0.8686995148193866,0.7699820872816072,0.9239422825090658,0.690261588432489,0.8130846486268322,0.8739333819429328,0.9009555138229044,0.8487315041173735,0.8872696864371091,0.9122817530982563,0.9366486998087693,0.7753117182634641,0.8609703523374366,0.7529616236908246,0.7949705209934962,0.8325526921484346,0.928306177556913,0.8823884883441928
0.8189493385501115,0.8555755857393116,0.0,0.8259572501987636,0.8906440663944801,0.9400746009399971,0.8443159809435522,0.831433382543914,0.6667470744851877,0.8773649428284358,0.9236408906938419,0.8561837267806708,0.9463974297348499,0.7596952281897348,0.7397417971458943,0.9809034126297481,0.9654223854078746,0.8201367973804516,0.7615769748857324,0.7381343109010934,0.9426936541403591,0.9035705644857461,0.8505334989016853,0.834125786650123,0.8658893011025911,0.8872973306841007,0.752564985965028,0.7824879423331496,0.8910175002530192,0.8468329307716063,0.6449739651693279,0.8938667121323436,0.7933765663972546,0.7695771321835331,0.6908159397754365,0.794408063221991,0.9032594132572603,0.8000527119989281,0.7009628155544246,0.8829090443438894,0.7828177771545265,0.9081110066531637,0.8365563715173765,0.8060779815835599,0.7865105495885991,0.8619636626070487,0.8998127975519865,0.8668053470895353,0.8410904896325431,0.8192400349571131,0.8814248336166567,0.9303221289709934,0.7898280414584518,0.8772824467445304,0.8504683615392404,0.8854056885173087,0.8575500357815228,0.9224714396287075,0.7298212825966944,0.8490712668351627,0.8688251938716612,0.8382616488233421,0.9310805283110495,0.7200847026256441,0.7028421820193317,0.7873824602542784,0.7451482192904332,0.8954056760914652,0.8143675493664914,0.8333249616101903,0.843436176684936,0.6883369686473919,0.7342006281987317,0.9274383523616233,0.8340025491147188,0.7170393424415161,0.9182868099310949,0.9359020355867808,0.7348955742276125,0.7730087986868829,0.9009684482655805,0.74239882629394,0.8796521341242222,0.8389100986412511,0.8384814850668483,0.8217837396004377,0.8202622405848734,0.7136246905405483,0.7915762622843269,0.7318437967901893,0.9141996490834653,0.6820341259906536,0.8772120061223716,0.7901916592979824,0.80527177870184,0.8230565586423909,0.6522383079566615,0.7619586423644155,0.6947172594923341,0.750219992513174,0.6601634104209466,0.846996896439667,0.6813447128891513,0.7189002883914904,0.7423771464156036,0.9406554671489201,0.8890271111348985,0.8757557511226917,0.870314232593468,0.9099112003452264,0.8662133687994052,0.7761724970510866,0.8086635459741197,0.7155479503168529,0.8434579413095845,0.9259035591565681,0.8177302916771839,0.8286850273257644,0.9223003891441008,0.7561691869938612,0.824393494398239,0.8520302791146163,0.8520201419185113,0.877778548218668,0.6209461496455974,0.840042553992154,0.7794368447986435,0.8924355571717604,0.9087994285758442,0.778015251627894,0.7508404359884102,0.9423510549821242,0.7293014109512359,0.6802408087564243,0.7090792672527164,0.7046260149348881,0.7789364763142663,0.760948167791342,0.7668530177694691,0.72612748999047,0.6715587051693522,0.9030954987273464,0.7985629536741345,0.7556743592869269,0.8486832624825598,0.7498991152069097,0.8026231376027116,0.864390113561227,0.8568582830742729,0.7650085401504012,0.6530960798244825,0.7173352523998241,0.8198456979342137,0.903307619385634,0.8812970957606677,0.7648435473791448,0.8803889972652703,0.9102107271560664,0.6802651657762016,0.8883656518412778,0.8378502240362536,0.6909334152617718,0.8096384205893444,0.826793503711657
0.827375268238071,0.8749571555938812,0.8259572501987636,0.0,0.7572114856060262,0.7466266975962023,0.8884598913155263,0.8564109796893203,0.681183363685914,0.8743182391533871,0.8353332918080391,0.7503700147699557,0.8966581732488622,0.8762508959516591,0.7904630815648191,0.7804129330402259,0.8274167827234657,0.86990868636641,0.7199185906677482,0.7643923939462972,0.7995522281261346,0.8457865042976583,0.9301958691087528,0.7956580796016082,0.8676622206615054,0.839185947092582,0.8523570200939706,0.8193115787957803,0.8467986704665252,0.6772742654674947,0.6961423917642495,0.8123129571151094,0.9067292811779397,0.8361933294908643,0.7865234020176185,0.8639640555930678,0.8602566279267609,0.7866129102738979,0.6709517928140222,0.9343430563811822,0.7982872993846376,0.7895099541641265,0.7810779810329788,0.7705549964533394,0.8908629306412792,0.8622067374547572,0.7810259956179603,0.7748014145922786,0.8857011391929712,0.8177747189832664,0.8489810300959947,0.8229186011257608,0.8282778068171485,0.8955259812800275,0.8733119800291215,0.8018055992928736,0.8077568739081896,0.745658918495415,0.8379124925841872,0.9019800992937443,0.9313269268847572,0.7859707934680092,0.8063198535646064,0.7930550929722363,0.7417456541992379,0.803355572396067,0.8742333382327102,0.8162211684861534,0.8434056818262317,0.8313190912240971,0.8029872129805374,0.7947010137504372,0.7956138156362229,0.8978327464310403,0.7566907377895622,0.7896783090756563,0.8413507804603003,0.7924682018022546,0.7585077218256617,0.6002727520987317,0.7025961104634457,0.7967252000935158,0.7307756022755915,0.8226091975276468,0.827894091446897,0.8150767273015703,0.8188925261283819,0.7965558440271986,0.8725791799647288,0.7441236653882266,0.8488961585025517,0.7798592538373701,0.8273023069634204,0.8030433635414569,0.8804635912290907,0.8084597918642333,0.6936622932049384,0.8267495598775229,0.7517588653160315,0.8673199180232293,0.7586629078945628,0.8022023230057014,0.7888492580430657,0.797024220808019,0.8124069661747302,0.8070786229988454,0.8045442719777561,0.824374904734141,0.8828682837121642,0.8040505628156415,0.8357705815047346,0.8084045547990258,0.8466964633033858,0.7079673219216098,0.9005349812776031,0.8266521284577275,0.8312752489530096,0.7923554230842762,0.863018551162625,0.8341017898117449,0.7563061444976014,0.939454027229979,0.8266248211371772,0.777033922684489,0.6712154419642075,0.7897765601255776,0.7905838575904869,0.8052219872938648,0.9145533376554832,0.8524403351934691,0.6809760300415849,0.7119121413880563,0.7896176239946511,0.7116173477315708,0.7383004079260417,0.6963758396984946,0.6811762910021749,0.8451497864994691,0.8908037399683293,0.7011716091824053,0.8526894475464526,0.8082956504307536,0.8839805402174153,0.8016324355842134,0.8018737535320817,0.8037030916173483,0.7165466347362294,0.7246355514119763,0.8243018640940241,0.63462983908223,0.7322922072823247,0.7424575476390858,0.8029767917864357,0.8617155956056037,0.8062085893628078,0.812196794725396,0.8515597873093649,0.7534884917486079,0.8714353575645489,0.8340132322588267,0.8912792840335124,0.7346237606116639,0.8152235569415013,0.7688359484460325
0.8757950441759443,0.842631657067951,0.8906440663944801,0.7572114856060262,0.0,0.8536191018067542,0.854469157466302,0.7348054731653533,0.7362281023086941,0.7206892078504401,0.9350322219809112,0.9148244178455928,0.8265230605846071,0.7155927912266289,0.8495211178142111,0.9125808931165942,0.862984340802951,0.8216712251615161,0.8405848236069006,0.8006034244825015,0.9636628461154296,0.9314228237796732,0.8018253833039876,0.9127743965812515,0.829754796629942,0.8723358070706244,0.6710198349155073,0.673591524120873,0.8632920003185346,0.8860511214076282,0.7563369848720233,0.8152841129259045,0.8166448507761968,0.7200132792690301,0.7639402312913424,0.8218939302159042,0.923063801415874,0.8550231857976835,0.8465968253628562,0.8307491942968512,0.8724258151376709,0.8437793258574201,0.9246008226614633,0.9349938846671372,0.751598965479755,0.8417433751203892,0.9071862461013492,0.9614055118480912,0.8528674319965117,0.879534216873879,0.9030752605024117,0.9372546041362663,0.8312134246591539,0.8928432721301077,0.8745357222086171,0.8168206261579419,0.9412845290712932,0.9161224031423532,0.6959362173949079,0.8362707059438774,0.7355004322587151,0.8103058513046919,0.9484523505212651,0.7296720979571267,0.8018000574303884,0.7783439950609848,0.6910536143552771,0.9072240213894244,0.74835316278616,0.7954598445071733,0.9305387055727282,0.7486331698865847,0.6792857065862404,0.8390918671670053,0.745129273189422,0.7547349125641248,0.8373850554656838,0.9404527762103968,0.8182701642984392,0.8069312255487062,0.8727176566454158,0.8287599707512561,0.9356799206436986,0.7560656549225906,0.8272899488928072,0.8519282302102166,0.8062236120301487,0.7135056207707688,0.6817646927174817,0.7767922764086361,0.9332717210536086,0.7207217865318517,0.9504219861423342,0.8775499165283317,0.8018750960763961,0.883795172567907,0.7220542869616111,0.7082563869928008,0.7577630112836218,0.6590903015870803,0.7499237801244794,0.7942620851879304,0.6789226900979918,0.7411320745703748,0.7667092693239044,0.8807591291465322,0.781001592116202,0.7476926838580978,0.8508243140402879,0.913091653505905,0.8889924475288906,0.8506757112090666,0.7227512394623081,0.6446859071774969,0.8733676226180129,0.8504972906976099,0.7738746663544135,0.8849087329822966,0.8061054835853598,0.6862327752846905,0.9681164115038073,0.8130755887097458,0.8660093878295896,0.9420215819543667,0.7393452096309067,0.8677266563752216,0.6942202844347395,0.9161921752675479,0.8074264080605863,0.8273294851036865,0.6812383155613018,0.8894533224600225,0.7266267305216539,0.8018633132251745,0.813882237088452,0.8604420961340568,0.8967954899936487,0.8430375681773559,0.7477775022470126,0.8686368522645407,0.6957205870908545,0.8823097106100359,0.7867448938367213,0.7686793464204832,0.9423117226816934,0.7403937914460892,0.946255041250121,0.8021745163337173,0.8255107104523368,0.6995056044334295,0.7683418176600593,0.7886672764246324,0.8564237417639651,0.8262782709499742,0.887235680615746,0.8353519087383963,0.8695730837774047,0.852457244005265,0.7204842521784268,0.8201703812141528,0.7151926759374188,0.7929583169202109,0.8595649582735815,0.9498419892988889
0.7572036916531311,0.7828028948838832,0.9400746009399971,0.7466266975962023,0.8536191018067542,0.0,0.7654452959778473,0.7813723125778147,0.6413623348894896,0.802667624640353,0.8568993931896615,0.8632704097994828,0.8523312081907873,0.6592603900935112,0.6763274342461624,0.9440836969775825,0.9089008846980171,0.7288026154574605,0.7721948749229112,0.6729139306993214,0.9083436203378682,0.8208722608963015,0.7545897382162243,0.7723826158489707,0.8144237282616322,0.8129826712273824,0.6618683986757413,0.7257604582011706,0.8116755684077913,0.8702667886876043,0.613992453394321,0.8422799940867578,0.7253393410509,0.7183432252575129,0.6278957696847683,0.708791840948482,0.8300239051069308,0.7321723878879178,0.6712689396968928,0.7681964963539172,0.7291465131995641,0.8860761604682332,0.7799843728600202,0.7707165841776865,0.6929871153715081,0.7785360268662007,0.8606788553485624,0.8186315068347584,0.748970540905631,0.7383745767057049,0.8158684550577129,0.9098233554520618,0.7178855462391154,0.8013102228639479,0.7648304604597459,0.8774191555218744,0.7971583906746516,0.9425599623031674,0.6409668452919361,0.7448749353805467,0.7797285073066277,0.7811843657122326,0.9047583775057806,0.6343927276286928,0.6461129677987718,0.7200697166036351,0.6510744600859104,0.8322885738362492,0.7217657996775627,0.784041999929654,0.7817247498521496,0.6068253784620686,0.6714700929576094,0.8352677343914033,0.8052052787121566,0.6667385834194494,0.8367087781206101,0.8920561594593089,0.6919936214427889,0.827888687343364,0.9461081726140596,0.6905378992494309,0.8751102615064185,0.7795498239756169,0.7825807233796398,0.7642540056561422,0.7856603182927759,0.6421990170047556,0.7306402132972254,0.6947504473542438,0.8517286189961861,0.6410532301378129,0.8042504051338056,0.7333055195615559,0.714681985346149,0.7897547113507316,0.6106780631488781,0.7359463978618123,0.6358120298977108,0.6758557343796507,0.5900801672524685,0.7813759770110851,0.6333681180429895,0.6934787917342382,0.6776530981862937,0.8859901035044307,0.8297915385035101,0.836136257150457,0.7735308179011336,0.8630684074586185,0.8227258127531241,0.7043897625091643,0.7495228956310132,0.6771725662223806,0.7594237099414238,0.8832173554926176,0.8019429908054683,0.7541109231693802,0.8721135202282944,0.7000347501046958,0.7607181261335115,0.807641609699853,0.7972787742117774,0.8537663464470332,0.5824041876900952,0.8022579584662497,0.7194076526176106,0.827745005660973,0.8284539559260288,0.6750679294495371,0.7524239519916937,0.9525653189780555,0.6551593169214843,0.6519871402989926,0.6483020102922527,0.6546746224771618,0.7666110752717852,0.6734795267241501,0.6567203242030943,0.6949323236018008,0.6136415440697369,0.834488661133373,0.7205682542461606,0.6858151944557616,0.7810473569209704,0.6899888232452085,0.784247863545868,0.8506658760561123,0.7952342614721851,0.7625717770592325,0.614542213791967,0.695747404762596,0.7443903068805989,0.8044283446331311,0.884561039717145,0.6934705282067033,0.7957302495225373,0.9229899016397943,0.604434856416953,0.8324121304193042,0.7491732720852222,0.6656350548704947,0.7633389439296072,0.7854194146798489
0.8882658705173038,0.8623710951576622,0.8443159809435522,0.8884598913155263,0.854469157466302,0.7654452959778473,0.0,0.7736396671772052,0.6918057698108755,0.8349527909943547,0.832990867732578,0.8172111550158111,0.8936266711445564,0.8437910225599116,0.8797430528450465,0.8050026965299131,0.8092503613384505,0.8643488300132735,0.7422457760560845,0.8100819825603055,0.8925169899818807,0.8763712135185314,0.916480316681585,0.8839604718692279,0.905754045283624,0.9313128681992247,0.7302719246687785,0.6953110951381173,0.8191366706209182,0.7001565802658909,0.7863379579709148,0.8924403943712378,0.8833598879157892,0.9122311486055888,0.8261658009468328,0.9323514568573864,0.9711843928822524,0.7707436824540757,0.7568825041172155,0.9387144279972631,0.817151237193563,0.8088351944719031,0.930070757551945,0.8996717292583002,0.9411751916324539,0.9551882920619986,0.9272263597316384,0.9008431809192895,0.9681428578649043,0.9188458473311925,0.9696854570062932,0.8900486295060804,0.8369240214225783,0.9543504018923363,0.9529162851950927,0.8720255187279883,0.8811297477252757,0.7551112549941785,0.8814724585109371,0.9403767885660825,0.8453122103755484,0.901347924497857,0.8614018230273349,0.8368138530362568,0.8715256168872274,0.9235485654616652,0.9119331527201343,0.9599054013809833,0.8206595887943096,0.7640678187322392,0.9502988833075163,0.8501710543114215,0.7967776199527267,0.9368971913559481,0.6736127998178657,0.9095742530839618,0.9194463929892271,0.877239275795356,0.7989671241190583,0.6568019837128899,0.7489651942564318,0.9004350972090922,0.7919644059584691,0.7063478117242895,0.889778195924094,0.7930087486383208,0.862840966083872,0.8782274634947073,0.8368876923223324,0.8016601402444422,0.8987631079612564,0.8863976471866816,0.9020347948336388,0.9022707710175579,0.9054007868127147,0.888933799673274,0.7783645659625754,0.8730768624318412,0.8352449398216912,0.869906511504583,0.8221130303240468,0.9218952738902787,0.8718441183844743,0.8085411956195964,0.8463174706725006,0.8876320605880095,0.8737717648452976,0.7395660820064539,0.9647723246600785,0.9215996307867643,0.9640957888897305,0.9057157828634336,0.8784689836405175,0.613629512039226,0.9100234439433705,0.777227896458964,0.8273889932720657,0.9021502079680787,0.8770051370790292,0.7415306549985212,0.8553357483824024,0.866100505129085,0.9128796873617339,0.878273730489615,0.7277602439347318,0.8335194416375046,0.8296380996579905,0.9203474245217088,0.9016180053661711,0.9272688412493695,0.6273691186904661,0.743523864204488,0.7024252589264515,0.7180699225265744,0.8312995945590694,0.8180725845281959,0.7621406058441906,0.9201180210886816,0.8536445047578475,0.780823140620042,0.7970286617702544,0.8829196848415891,0.9347317541009825,0.8410165808771839,0.9222241595605344,0.9150018787436371,0.8105329117780921,0.7427056938244958,0.8625057170475044,0.5841846962169703,0.8035441623846983,0.7220644280636318,0.7984636667195293,0.9488338110150939,0.8437351907262794,0.9117084222728487,0.8297674970665952,0.7924429467798949,0.8302076027013018,0.8900668231901563,0.8637557120957637,0.7643298572029642,0.9086449755840948,0.808849166347073
0.8280263275326867,0.9206758892005306,0.831433382543914,0.8564109796893203,0.7348054731653533,0.7813723125778147,0.7736396671772052,0.0,0.7818555092501902,0.8941474221790294,0.8466691955889679,0.7945715895001128,0.8644825840979533,0.8125257540901328,0.7462784440864896,0.8024301070090998,0.8327393452086485,0.8642210791624855,0.7910895607862293,0.8115204240826746,0.7686700803716288,0.863125647670752,0.8879166056739202,0.7526357968386983,0.895994525179753,0.7213644154078866,0.8875953567932328,0.8771989041718955,0.8522517171326305,0.7723002483292903,0.7094393697946019,0.7812664891388116,0.8128839257225722,0.7536367995371385,0.7654224881451751,0.7906469190240908,0.8101906864735586,0.8364359624819083,0.6714262341739692,0.8219196130238968,0.7579524951829405,0.8344603101001642,0.7332449151465179,0.7054738275737783,0.8273409748303598,0.7897858640283554,0.7312951255784989,0.7258589976063397,0.8154285045420565,0.7716092483972133,0.753109212854632,0.7587504928394507,0.8135969774946247,0.8038731360875649,0.7902620411180418,0.8332681830376408,0.7981685094347606,0.7996317327443017,0.745793724382855,0.8442115933936492,0.9058992763520082,0.7073416034098188,0.7726719815002598,0.7542399868703822,0.6880766583045153,0.7143730267092688,0.7493549739813756,0.7478342215245202,0.8301300696670231,0.9358407686782213,0.7430891936430611,0.7393481829098791,0.7348442115581503,0.8120401107841728,0.8640773206570147,0.7352021038506801,0.7486461464030955,0.7386911702976536,0.7384560963338611,0.5830562456933105,0.695305154807718,0.7563625908090642,0.7695811476834833,0.8921710015072974,0.7625000746245962,0.8979767010518893,0.845195428237406,0.7182502194827896,0.8729466177354956,0.7918544665477822,0.8063248528146505,0.7173620093592369,0.7963942071294253,0.7570151689917272,0.7934763739633637,0.804910423395836,0.6863139484431652,0.7915182469333051,0.7017675896623694,0.753375884451544,0.7085805905966936,0.7422992869163563,0.6701791889067281,0.813558940889754,0.7789019580044615,0.768006247578119,0.7329807658820339,0.9246973082141289,0.7799711478807647,0.7741599715511961,0.7432528010259123,0.7425045652659618,0.7487836603554687,0.8138433263977051,0.8214989120728341,0.8559389198950138,0.860857365293948,0.7891984261572651,0.7706357238704536,0.8387742340324841,0.7281003195040999,0.8844797560880484,0.7858786777387161,0.7346122921351459,0.6722707006750399,0.7717288660923254,0.7070420426668387,0.7727288772258201,0.8573768462595671,0.7745429151898291,0.8484104680135068,0.7420926432891233,0.8440393353181163,0.740283508425641,0.7297166253974294,0.6653328831951336,0.7338512614842573,0.7606641370354456,0.8629207721893565,0.7334632808364342,0.7822828495780195,0.7960382297681158,0.8194400002896495,0.7713305837578507,0.754665662929254,0.7204183657988464,0.7446758629477818,0.7185072957325759,0.8936598827986239,0.7367752622024862,0.7137108663116716,0.7852310116809792,0.8459340657740106,0.8002702689252634,0.8144663811766293,0.7972756057104624,0.8693154126204337,0.7375423784279572,0.7715659283839855,0.7384621999089508,0.7807686915754632,0.7588597407602907,0.8394017446455655,0.7790315608816578
0.8778001607555208,0.8066805209381444,0.6667470744851877,0.681183363685914,0.7362281023086941,0.6413623348894896,0.6918057698108755,0.7818555092501902,0.0,0.6625180265763969,0.7859048915317661,0.7329347500616011,0.6814475582003909,0.7636789908524942,0.7651936522294686,0.6770007253380607,0.6951286359647022,0.8549410806135165,0.8438401744360732,0.9153715791742159,0.6894458673776394,0.8241837309934559,0.7625327710562195,0.6844037077849056,0.794549050384079,0.6033247179091761,0.7572893769148556,0.732805894548498,0.7215751954107953,0.7826496246023882,0.8223102082121126,0.679468266179666,0.7001948315385267,0.6283044756075439,0.885150283175059,0.7742998445715479,0.7240665273713967,0.8937009832481965,0.7231391788764364,0.6670178373904526,0.715846889732482,0.7707840236596991,0.7315963790764985,0.7116638987651763,0.7050791143927205,0.6581549302046782,0.6566404152640972,0.6945856288152416,0.7650590508169078,0.80171034517361,0.6911445667725611,0.6630886258737247,0.8522375963901077,0.7056408755839969,0.7255082220736196,0.7086902290811974,0.8172597404746276,0.7321683585005321,0.6986619318462314,0.7646762914273344,0.6685592359290955,0.6517878354471731,0.7141253988404979,0.7979202266112195,0.7834935281817401,0.6489818866738899,0.6330284759765676,0.6706972124378793,0.7748665151320174,0.8702205457918633,0.7358825886155516,0.8122192511223514,0.7064740560051535,0.6635603154024718,0.7702430439179335,0.7280116781450173,0.611086472972857,0.6308057378923206,0.6864560929246675,0.5239927711096983,0.5879256244266475,0.8376607145857015,0.7030603113741684,0.7217898551036637,0.7328875946050412,0.847512410838478,0.8171513028682704,0.7240947862807442,0.6821889264736907,0.7280159729481415,0.7759148843739265,0.747606222427301,0.790810443157912,0.772368798045715,0.7811947033736789,0.7465749066063786,0.7633690410906911,0.6806867345426704,0.8187229717169372,0.602578763450014,0.7706061343540543,0.6317235248663458,0.6441526683137386,0.7598483856543441,0.8359594088981771,0.6223505894035062,0.5792721710353422,0.7327731176205402,0.6493698313152094,0.6588594230898847,0.6715082851194216,0.8021432060622313,0.6403901605045117,0.7788191585831928,0.7457519160652694,0.6988567923632993,0.7807796379141728,0.8106027878133154,0.6165244405120955,0.7826232849399455,0.7776987194594017,0.7453411225605769,0.7613183788862029,0.6548481607703774,0.8984033632189153,0.6522602221715736,0.6222601900981884,0.6650117566007492,0.6684093129199443,0.7473851722667791,0.8095701666890376,0.6557134985656056,0.8129558064635346,0.9292027480600257,0.7937647159801143,0.7696419583310349,0.7368211389418048,0.7559731389832351,0.7670145874338772,0.815253345002322,0.7399563058291532,0.7617910789689564,0.7795927067240821,0.8245190551210323,0.7292658018336332,0.6874609630722648,0.7962335088869131,0.5546186491295957,0.8140875853154131,0.7015404405426598,0.8458048004863145,0.8538966139027803,0.8927721620380277,0.6431449772850191,0.6814370692999736,0.7833591460750646,0.7444830611514074,0.5812151887383346,0.7686891473054582,0.6378722902877516,0.5755489651012645,0.9351273338318509,0.8306283335898583,0.8400200289404912
0.7878970006439439,0.8503891509516532,0.8773649428284358,0.8743182391533871,0.7206892078504401,0.802667624640353,0.8349527909943547,0.8941474221790294,0.6625180265763969,0.0,0.8033422731487969,0.7464592096425955,0.9260666689858947,0.8440820828757561,0.7003881516634981,0.817326265195699,0.8557350607879693,0.8262612587374263,0.6979044450645401,0.7386404339407463,0.7897658707098769,0.8171428482110873,0.8979543849332886,0.7262314934256122,0.9050610627707936,0.7874824776690416,0.8351352595588224,0.8374940923611593,0.8297629655341814,0.697899315030704,0.6465249188896405,0.8861555378195313,0.7738291530994793,0.841475376741783,0.7172714699241175,0.8142901991244799,0.8355689153623189,0.7387598883059474,0.6141996533634607,0.8614709195176352,0.6938067939438672,0.8455648482993926,0.7530085074044989,0.7038550493331798,0.8665934840293043,0.8280173137562489,0.7960699951070349,0.7385996963332042,0.8490956958976912,0.7790607412426693,0.8101786968415252,0.7811786938897831,0.7647057539663925,0.8255138091089564,0.8284277672653881,0.8693731499106764,0.7568798425524117,0.7592323954423118,0.8283031224097996,0.8546639577670851,0.9396376888904985,0.8045081222645313,0.7809669148218094,0.7798556356706107,0.6881175006149839,0.7872811543908622,0.8383569674980322,0.8092175499151897,0.8672516578936983,0.8287897565651077,0.7548545228543792,0.7228350264795909,0.8075531293119431,0.8989611591696827,0.7929931079729547,0.7617627163610655,0.8548406573781827,0.7746806275480431,0.6661760700722291,0.5941142357841847,0.7196782420041926,0.7330315271819942,0.7199263314456639,0.8006441292169195,0.812390318827246,0.7645263357547195,0.8417133417892204,0.7838780555326037,0.9260334358349271,0.7054053584972655,0.8139208380960096,0.7460464206385254,0.7833219022247453,0.7336734609822151,0.8230454379799033,0.7765365367579754,0.6603576680509438,0.8603585829099671,0.7131065679728167,0.8656256609399,0.6723390707346698,0.8481555227759529,0.7545039661234937,0.7716134523192025,0.7743937413230442,0.8203310182559402,0.8534292672475664,0.8867476884696318,0.8328086017293709,0.807655068833243,0.8053394959726156,0.7489851216638184,0.8673196740500985,0.7421485207005055,0.7908915304119803,0.8065405926120018,0.8551766034458913,0.7983572623845695,0.8901916527324637,0.8258464054034503,0.6914790239349214,0.8487906825205949,0.8122515557738547,0.7333235979727794,0.6111232294131306,0.7533807958771649,0.8279290957328319,0.786631281566261,0.9339228098398233,0.7721615293494855,0.7559219221041368,0.7533876207201031,0.7205984748947413,0.6289603535254956,0.6848921121649408,0.6338113000930824,0.6593333360508112,0.7381905992558583,0.8276102536796465,0.6511234617697307,0.7323125103112231,0.8476161581409366,0.8493900751307828,0.7895796621712068,0.7539863169028447,0.8035753825890314,0.6761012336144617,0.7335018516554686,0.8866559937252445,0.6911233549509433,0.6493669956127212,0.6887992449709464,0.7677767457599346,0.8904062171248935,0.7878166204436002,0.7545388407352304,0.7975492809886381,0.7614437644857814,0.7266287456964309,0.8403395243312248,0.8938443905181884,0.676038871710741,0.8053095921920492,0.6986182627769618
0.9010031591432781,0.9130851483562326,0.9236408906938419,0.8353332918080391,0.9350322219809112,0.8568993931896615,0.832990867732578,0.8466691955889679,0.7859048915317661,0.8033422731487969,0.0,0.8895048353737133,0.8835064719475668,0.7944297124441198,0.8204317915222309,0.9366748083677846,0.9295694706324739,0.8982457676748296,0.870243177371665,0.8449911402528323,0.9198608402146022,0.9764048710229946,0.8740797588216267,0.8639299354336225,0.8804204606077786,0.8246500525981763,0.798399226206465,0.8081170555430827,0.9409583581135149,0.9027902166652254,0.7340443774418122,0.8272426667467399,0.8426290147398556,0.7222744260009779,0.7974648294469271,0.8437305237747451,0.8993562308653062,0.9388501588685616,0.7916559876051509,0.8645764458878011,0.8666061240503067,0.8893769329026445,0.8624208026274145,0.8545217048638227,0.7804100826834338,0.8228861598304156,0.833534651940102,0.8902420050427158,0.8717919025934269,0.8759617463923478,0.8648480405431205,0.8933793417141559,0.8860936583341723,0.8941669429048237,0.8840634642730547,0.8120606971181185,0.9402136353952298,0.941652339689387,0.73019426532643,0.8791711623266362,0.8328369466738066,0.7812405649756613,0.9325967629954626,0.7742310782059038,0.7650685595438892,0.752634257251023,0.7126425947340848,0.8463346701154397,0.8351867470904315,0.9176465787595028,0.8634596876041002,0.7737011021500131,0.7289071096042656,0.8636280173070869,0.8742084224515505,0.738461364222159,0.8279484073475828,0.8858745105489585,0.7956493021659957,0.7218696742281017,0.8237511427393888,0.8111642974995216,0.8926712651243448,0.887348798052309,0.8407033140266459,0.9191193352541273,0.8484817261831715,0.726029165176556,0.7492055817703305,0.7595153217832817,0.9471255279490771,0.706999620008479,0.9535114228181704,0.8560386657423715,0.8463037383342653,0.86148043872682,0.7113039463958579,0.7230508872342448,0.7618243355692076,0.688728072726541,0.755083491625152,0.7785376775552583,0.6704414335908231,0.7718008697378429,0.8091217368335073,0.8479474979291819,0.7741652550205579,0.863821868041496,0.8356686128784105,0.862068645629816,0.8423854453976806,0.8432098819142729,0.7458927161347512,0.7747523550217061,0.9019157193314997,0.9161748700308023,0.8339367712067429,0.8896319772140677,0.829834899751075,0.7907818166020159,0.9159762109915739,0.8836330256196051,0.8651281184276832,0.8671281108754362,0.7425142405056229,0.8535040841092266,0.7120893852527814,0.8643666947452197,0.8675634340159556,0.8327816267847704,0.7801421093645928,0.8872379365122898,0.8478946532619143,0.8329754213023428,0.7994210287483684,0.7956289390154476,0.8424722517151935,0.8350570760433849,0.8298669596819392,0.8381349126090877,0.7503870909407664,0.9050249451577541,0.8184774019342596,0.8142411530108763,0.8943123629151006,0.7286666506546526,0.8831090199043212,0.7845650329871904,0.8850332767738772,0.798369058178645,0.7606400037249748,0.850160095885427,0.9413807792543679,0.8213174383303682,0.8753577349347,0.8229035280689437,0.9360315589369468,0.8164098734194482,0.7740410347670285,0.8245962599172743,0.7508181168925726,0.8216619601679045,0.8570433332733504,0.9506833343887837
0.8231147779756857,0.8876099317371156,0.8561837267806708,0.7503700147699557,0.9148244178455928,0.8632704097994828,0.8172111550158111,0.7945715895001128,0.7329347500616011,0.7464592096425955,0.8895048353737133,0.0,0.7792555436144631,0.66251200602976,0.8534041119784719,0.8594930897242624,0.7998513441751987,0.7649551025723024,0.9077266057201681,0.7845383115120117,0.9172721888015577,0.8942097669676531,0.7813941689844494,0.9128659029779363,0.8601982104599516,0.8036006485491723,0.6543349276332401,0.6595640810791216,0.8854414963212569,0.8610353306243951,0.8015979839694076,0.7674201960992214,0.8397855267418994,0.7293436664927703,0.7417563329840829,0.7918552853787684,0.8861900647507399,0.8153145191006581,0.8815366587304426,0.7832505281339746,0.8901256841152737,0.7944853277415357,0.8679268650728814,0.9084608777254507,0.7527715764513623,0.8127137524255333,0.8443290432687097,0.9232137574968672,0.8098032346018761,0.8053454758423858,0.831910918550264,0.8775938585279316,0.7768383475877874,0.8839229257992327,0.8530735561447008,0.8186427424990426,0.8772692286751469,0.897079782880194,0.6539317215698089,0.7882480556868616,0.7464472590506246,0.7229191392376567,0.8679767438127527,0.6823422599810949,0.7476341818603485,0.7246073228792397,0.6604478829312364,0.8385990181834422,0.6876728218591742,0.7963214197991314,0.8605009568235615,0.707475482668397,0.6212223149349216,0.7787971978081922,0.7258823379076985,0.7435807479077184,0.7694281756295227,0.8880468988290704,0.8480093631441701,0.7722025025183056,0.85191938251778,0.7933268831917731,0.9424480218354773,0.7572856562926303,0.7513879227593291,0.8756325457902766,0.7972426195045678,0.6619234261537289,0.6871858551789264,0.8424431791287574,0.8393291579743548,0.7202552075139024,0.8940000319350733,0.834607005208018,0.7257936867129902,0.9479004233187133,0.7289305820869579,0.7399012580632486,0.6942513837600555,0.6372670201350744,0.7462679086865647,0.7662144119687481,0.6497307382497001,0.8433191027895874,0.7159593575094861,0.8305729272564975,0.742003846388616,0.7610353018291269,0.8123792922744426,0.9197989305137112,0.8614801781272343,0.7752128351139218,0.6723447072656992,0.6266234065155356,0.8245427093587201,0.81561931562522,0.7852784118878615,0.8540989496621804,0.76418894614011,0.6478828572954028,0.8804213975275623,0.8041439006883918,0.8094678868280528,0.924839109089434,0.7101688798406948,0.9333075809011471,0.6300217805296843,0.9061910185572656,0.8209092673824551,0.7826482570988197,0.6905580498515923,0.82390552464101,0.7038384656553968,0.78727911723737,0.8311115773311004,0.8157477680602733,0.9379391233537047,0.8106680233311924,0.745638962235036,0.8985022327200968,0.7281188001062144,0.8084212132251025,0.7489189177201147,0.720892747753143,0.9158391054200218,0.6977023636469275,0.9430350146338597,0.8182033167684127,0.8612670742672006,0.6792782241149817,0.7748736937490177,0.8215902552145111,0.8120735860273818,0.7947964898711798,0.9711920827100855,0.8480105045667704,0.8563258951335238,0.8584532210085288,0.7126114789933097,0.7339695843391937,0.6997913214462167,0.7841150116734309,0.8897596931562846,0.8921039974896295
