0,1,2,3,4,5,6,7,8,9,10,11,12,13,14,15,16,17,18,19,20,21,22,23,24,25,26,27,28,29,30,31,32,33,34,35,36,37,38,39,40,41,42,43,44,45,46,47,48,49,50,51,52,53,54,55,56,57,58,59,60,61,62,63,64,65,66,67,68,69,70,71,72,73,74,75,76,77,78,79,80,81,82,83,84,85,86,87,88,89,90,91,92,93,94,95,96,97,98,99,100,101,102,103,104,105,106,107,108,109,110,111,112,113,114,115,116,117,118,119,120,121,122,123,124,125,126,127,128,129,130,131,132,133,134,135,136,137,138,139,140,141,142,143,144,145,146,147,148,149,150,151,152,153,154,155,156,157,158,159,160,161,162,163
0.0,0.41077194704963593,0.3815946880257446,0.25926113272094503,0.2641666449375681,0.49505897746953864,0.2743449380322239,0.37650580108033566,0.3660553956712433,0.37987545423885455,0.3433897888910064,0.26273214874929895,0.6035940537480372,0.3783509951922494,0.3681674777482877,0.40982184641168123,0.3787435486844572,0.425500882822701,0.32630624220211335,0.6037235612971121,0.31609275797216985,0.35706313496682707,0.24679557809205893,0.31968297708798415,0.41228536102088015,0.25827016652272805,0.22023354064658673,0.37837739577551016,0.35942609556486366,0.26764697978238994,0.36495797030648036,0.48058951694132496,0.3344158523340879,0.28271591106010313,0.4668558424254125,0.27429627481160385,0.3529453391987814,0.34774062084787544,0.24601339550619583,0.3336916093960581,0.3046485705268053,0.302396133832439,0.38531232401874554,0.381907810243816,0.36109485316417234,0.3340894892081688,0.30693520376026906,0.3219192104755273,0.3333620629840589,0.36458189270368613,0.34435339550997757,0.4131338804491736,0.23679924859134985,0.28387858915629655,0.3069592914603951,0.3687457559503661,0.4219891683938355,0.3009671074156143,0.4079853554260979,0.3531203091957339,0.3975881821220766,0.29989560673368293,0.35365950958408915,0.27944439937512494,0.30100398212432056,0.331642249787581,0.3256422217991792,0.46658356721971894,0.321295525121008,0.42067698978264406,0.5013860536418989,0.35922717858345815,0.3519447797961144,0.3486161682160525,0.41604597888642036,0.3320531691976648,0.2769694340266054,0.24958565001607377,0.3409690109935607,0.3274921167335756,0.40455412663096313,0.30720440904457536,0.3918036756328319,0.48857930741088257,0.3021230313145767,0.41811537408865146,0.32673262671403674,0.3403373738536727,0.37019235876294343,0.29937344689314926,0.2926883564733884,0.3001522364444024,0.36604556835283397,0.36317325963086555,0.32575649918553207,0.3300418534864019,0.2817615773140208,0.32762167302999295,0.2547251609525561,0.4057587916035381,0.32424492435807617,0.3017492562399708,0.23469548034781051,0.30980695089593835,0.4171948288556288,0.41585819038639465,0.3282640389342965,0.36509369954359655,0.32431486086140604,0.3132066284943049,0.27605558920449386,0.26579708542075947,0.3770042063728814,0.2550164638444295,0.3408840224072134,0.3915841285461101,0.3962123483928986,0.3433763039887206,0.3534166030742433,0.2780768327692256,0.31943886576382347,0.2565963358448715,0.33275107628750505,0.4422043416931522,0.34970767033138617,0.38979566978911645,0.2729501665927643,0.27884260598288113,0.34460169154187026,0.3457748046015822,0.33454568236474463,0.36020795920820914,0.32152866993936374,0.3005589173027214,0.3111630826572301,0.3643865164875407,0.43813216079836503,0.3100173985053221,0.31015684292786444,0.3046885936811056,0.3412507282498321,0.342925902886809,0.31568315289613325,0.25323212327283834,0.30342506521477175,0.2741158772309593,0.3053777240798137,0.2887180256238052,0.4165119103973673,0.24595310666664966,0.38081882504898273,0.32137811572111896,0.25006013455518195,0.2632869684338334,0.3284218327382796,0.4287062630866387,0.33816388134638975,0.35998507308796224,0.36126385674815825,0.3464831918693152,0.27022749009907115,0.46622900878957035,0.23660599150353248,0.3806124078820317
0.41077194704963593,0.0,0.5318976776062955,0.3647821419851926,0.26412511745457695,0.47156559317349617,0.3239012668114753,0.5076981307454955,0.37516572459303665,0.48751448079330756,0.314291787144207,0.3341485250009597,0.4224659921647771,0.42584721746502363,0.4272871052221252,0.39160782708887537,0.4437973396736385,0.35481818177135777,0.41514186271154196,0.4766596971950684,0.40271156044802836,0.5208688280826516,0.2705328295949735,0.4091953247836604,0.3953267118986445,0.28910138587696377,0.23447281697399341,0.4780036579392837,0.40616975579669834,0.270256999803943,0.39873656227006776,0.44181590142138355,0.4372688606104342,0.31307481122568126,0.40030953666484737,0.31096138979953397,0.31749876454122883,0.3382914445075841,0.3125844860918506,0.41928277824624094,0.3965307355319046,0.34907229143787083,0.322076257367765,0.35108674470929596,0.46171443312265154,0.3266342680246321,0.28789245948087033,0.27982867500161246,0.3621138531164027,0.3742981902195925,0.436185108754278,0.4618592986657176,0.2559900769326645,0.41432142555547535,0.3430944912085183,0.3657192476069404,0.45852674572730023,0.2975314501639427,0.4684649211980931,0.4160697045308915,0.46640210615100824,0.27638057285944817,0.34804561532463824,0.2661784439757856,0.32153893144484214,0.34968291351079894,0.3337431884480043,0.39547668757894155,0.31066864387523224,0.41849289996022043,0.5098037052512109,0.3857334292371914,0.3145744271858338,0.5153614992245328,0.415723342866268,0.26613124930899507,0.34233123142959115,0.2886813074051786,0.31668611615911774,0.29049985992889,0.31696881574564395,0.3929534876177766,0.5115798689303538,0.3489494357578775,0.328520679795082,0.5383629710417506,0.28654613273585716,0.3271027098399395,0.3249367971018939,0.32445967829650435,0.28331673577627775,0.31892293289140355,0.36377762465384356,0.3474567500594429,0.38163547463424924,0.35535950178993553,0.31158810378453466,0.3501146807164583,0.2580329284417353,0.4956663559121203,0.3176534873152199,0.3140389004137172,0.23823381220875234,0.33164926363094877,0.36970896216092247,0.39593261668655444,0.3471937434782202,0.38036276135548014,0.31981130546533104,0.36081629445267704,0.33674492636884146,0.2653351567051021,0.3496398276421197,0.2523350109168611,0.3308048848421539,0.5642681912205069,0.34309730451680887,0.3240521565437579,0.3882711081968715,0.27810822960975856,0.3389726374116213,0.27524148274301385,0.31249601092938506,0.5054112337275551,0.30168833149102026,0.481997698405784,0.34322077477045737,0.3442268985362464,0.4160486091602885,0.33769065403817805,0.3496068918323243,0.45031321994238854,0.29548694260056924,0.3659361801344791,0.32618242787396245,0.2942993929586965,0.3332637613869267,0.34742400573483057,0.34571123729753567,0.3124599037933433,0.31525381406686764,0.34342640782662226,0.4315751359332412,0.2840129009054875,0.3023130450606004,0.2831433865585423,0.414895346852945,0.2938516946381539,0.4453770521100454,0.2386546743768179,0.375760249614425,0.29951984770216544,0.2840447031028748,0.32437222899750545,0.34409629898168226,0.3905767779470367,0.3791351171112761,0.45070509969953826,0.3451977140437336,0.3589741540204189,0.27554650179022055,0.38759111301101246,0.252499677709326,0.35164071576097583
0.3815946880257446,0.5318976776062955,0.0,0.390446128237351,0.31194062731075894,0.38795206034430696,0.3362996912263408,0.5504397552432644,0.44348395549429537,0.48536972500517317,0.340721476525295,0.34418766470524553,0.3895726561929556,0.45509235555205974,0.3826938899021266,0.5026843694637266,0.5825667762943743,0.3870413388374217,0.3798798073350016,0.4132905434534138,0.45045997919435177,0.5482903174206845,0.29740006323192464,0.3624081262687653,0.3790816552521916,0.30982280892925357,0.27104686128784045,0.5399888100808783,0.3921000174798567,0.30958844702955074,0.4187347129831917,0.42827903692149044,0.3931251883296167,0.35339613058382346,0.41438369736106634,0.34830035732227244,0.312810242682849,0.4276181488565384,0.3245541613090466,0.47438671026565576,0.37476754506037413,0.38308772802108865,0.3144074553508212,0.3417338015934937,0.5105688936871128,0.32174267065488765,0.27514703229681875,0.27566032050897354,0.40335446925505103,0.3804526656027205,0.42098188178205287,0.4451973026578919,0.24380271409881638,0.43797692360674717,0.3769628288613017,0.3461967345033896,0.4266201346206405,0.3702717537898854,0.4413053949684061,0.39984887541003666,0.3752963643731367,0.27454795459620224,0.3618888042518974,0.3195383648851093,0.30069766158750566,0.3034876277999993,0.3216789953861231,0.3283609311706638,0.3456451373152336,0.4989429857347976,0.4155546218365749,0.36865385839554665,0.3593799966907735,0.6367276314836573,0.4653687613217033,0.23597623153967837,0.38819036671891344,0.3068386115019276,0.30891520635690994,0.2573966236381561,0.2832959991405742,0.4245290416132431,0.40482174369701057,0.32708557061664284,0.37304873213637,0.6117667284502442,0.2831710672848815,0.3125930704480763,0.32419554500445547,0.2995147139575873,0.3468358408090524,0.34110329189886524,0.3632813759036564,0.2904775249430454,0.4404256149370786,0.32218440827533745,0.2939314360204521,0.404750796076661,0.2848742686985787,0.48989768531395794,0.2997194356033864,0.3562178168663521,0.25858121473258067,0.3682563579749483,0.3784515016484456,0.4049923640247941,0.34220212505461045,0.40956875835892326,0.30724781359297587,0.32908892161182945,0.3326658980013737,0.29189936874342653,0.34940002579644147,0.29993723180382875,0.3178727964097812,0.6580392898383328,0.3186261797638573,0.37975927132576826,0.4001665577789475,0.3455034610371479,0.39034493504403567,0.303252606274096,0.31061812416420875,0.43484347749735225,0.29070514043650314,0.39440588928514825,0.3911364316398391,0.3541445144096948,0.4897579662325615,0.3270243438136949,0.4261888999720345,0.6009769300276997,0.29205582121160006,0.3559084753208058,0.31257610444830214,0.2551832994162496,0.2744104132695419,0.3776423207446641,0.386523505415141,0.33762597331679733,0.26412483855309155,0.3718876521932185,0.4601308011194359,0.326645745562297,0.2961493327435233,0.3047600126104377,0.4379451480722873,0.28382068439440095,0.47073692218486196,0.29200718613116255,0.3604950579461614,0.27731630146227415,0.3355101635373682,0.34642021075578483,0.3871195087504383,0.3691726725455229,0.377112660182011,0.4261723260245176,0.3182122015607419,0.40117176813987127,0.2734594243270667,0.33762013548229564,0.2758424124291488,0.37827651391128375
0.25926113272094503,0.3647821419851926,0.390446128237351,0.0,0.35285155705356996,0.27871742197118543,0.4729337386222495,0.390355864736251,0.30993384640205685,0.3217073385382546,0.3567504647693114,0.449291877272805,0.2712111677214687,0.33232095478828805,0.3564558714374484,0.3501107531123048,0.38437127819568573,0.2832794922717521,0.35747592747533485,0.28941562896659817,0.47639620762021173,0.3912039141074842,0.3567273409118006,0.3673813688721343,0.3283282135952481,0.38150902599662667,0.3105332991495614,0.3364085721442585,0.34244864335280883,0.2581184746703237,0.32876937075676466,0.3109189716047944,0.3971874154989858,0.39266462787698964,0.3336872125256305,0.461231317006268,0.29308051055737083,0.36853211144620535,0.5148702760003453,0.4478964515538471,0.3740837549498162,0.3516847304733582,0.2998362738160925,0.35800182731801433,0.3888175753327076,0.2871144281199396,0.23433638698373818,0.3072634446383392,0.4065981175024385,0.33816214877163087,0.411489498053909,0.35635697717478254,0.2398684098003436,0.4532166704792481,0.48261166542616557,0.2952729265065867,0.38453744657908795,0.4231990175977762,0.3818108443228296,0.3676530525580785,0.32515235681629334,0.2642166683043189,0.290025444073494,0.3925627962545515,0.303366006514748,0.2623767648038026,0.3906432438788629,0.24747439943067936,0.2853723328629315,0.3193021574861062,0.31119590893355115,0.31911267345553274,0.3732722534817988,0.48715899972929905,0.3179122932968599,0.20303058415243264,0.5415088635535562,0.41409148994398254,0.29272374484913605,0.22699951692520462,0.23962601846654985,0.45574257708246635,0.2949703414314558,0.255618801717598,0.47826501091050416,0.35878361200364645,0.3208211754086103,0.3072676508007316,0.2765097922775738,0.3166106846677321,0.3893200768853935,0.38307497663965556,0.33025619289180996,0.2604007477348936,0.47098618183806246,0.2997604454210853,0.26878128665892964,0.3837635664616503,0.37559327821075217,0.36288752538499497,0.3176773611829401,0.441277012223552,0.3519847446004978,0.30831852665580584,0.3357033013908341,0.3288159850202773,0.34048632740754275,0.3406501623561142,0.2959835062742246,0.32437504723299115,0.4260033524009788,0.4006930706665221,0.3097468126318404,0.3719738114837945,0.28915100810072697,0.3608655591291757,0.2634066289706436,0.3569247269760304,0.3998291547933845,0.38045077679923683,0.4836672958572565,0.3506313373271723,0.3234313861362907,0.32495466420086844,0.28103670907189693,0.30973850013738735,0.4215492429247264,0.4733997119860935,0.433155746243851,0.31793282477304874,0.27474930726020164,0.3918601325889565,0.3119720134276102,0.4249339147056849,0.3644810582819981,0.2220703784172788,0.21700036238352977,0.3898588835905175,0.4230359915175498,0.33147281053284233,0.24378767336815943,0.3755181219532839,0.4803530376396683,0.43357932865777793,0.34824894294683556,0.3591609572277829,0.46111681591828285,0.2606936895161038,0.3086487124243877,0.3397135354880905,0.37966419094717735,0.27021150342805617,0.4048354214962176,0.34355851698485534,0.4329382280530196,0.3151980334905025,0.2886158363056925,0.3468314534450923,0.32791765539914997,0.34837788968170613,0.235710167865951,0.2792419169640724,0.3764804080579192,0.38305760620973206
0.2641666449375681,0.26412511745457695,0.31194062731075894,0.35285155705356996,0.0,0.2238601991655947,0.43340334063169095,0.31996815956606967,0.3429401242836862,0.3021076971986148,0.3558276168732688,0.3872350370950298,0.2514915597073781,0.3092977415116628,0.29016845455067736,0.36740809923413137,0.31171915492673274,0.2976685772198292,0.2585341333343976,0.25150862025104853,0.3069096010124314,0.31019866532141055,0.5181966368028179,0.2517044868407159,0.3101994441412098,0.3537018567927265,0.4520210591625904,0.2734863049988356,0.2889277402320045,0.347431994462373,0.3290080000016832,0.28408758865455414,0.2800502057614408,0.34977645597816226,0.340714156768239,0.4526263889040147,0.2804512644407995,0.3695512361906626,0.3958842804985923,0.30743269843164067,0.30371350580109,0.37750935800278934,0.29103136378281236,0.3137924597702645,0.308236690536867,0.26071733992980234,0.2668188440399075,0.2842774535235608,0.3801117634287116,0.3173809778479954,0.31154373406813,0.24820200981624338,0.2106600735026687,0.27412393303276,0.3753949598601043,0.2799573986013613,0.2666603687136214,0.5107509087773883,0.293477793774349,0.3121485111540673,0.22119065267268237,0.285885742925726,0.22908607840192913,0.4914829245624945,0.227909245558357,0.19779325572545758,0.3125544387619333,0.24207878135554686,0.2984750919708041,0.34220854446657006,0.2762610031274324,0.29053538784289884,0.30822341831063005,0.30652744971842716,0.25893993366470575,0.1925573124390388,0.37718915766842753,0.45607502430987856,0.26877229916117124,0.20472748659314652,0.21309773371742136,0.3276700466752346,0.28344718823394416,0.23383591416579308,0.3468607737155263,0.3098788923688857,0.3018037291897309,0.3197163366881787,0.25935314597962367,0.31727888357840717,0.5802919259486933,0.40418413296814587,0.38017172656175624,0.19568054712309585,0.3579377162597037,0.2903050201149481,0.20123511799982083,0.33094069258176945,0.4381998433071832,0.2720871452919114,0.27926081432209265,0.3535934237128964,0.42734628484993337,0.329231806039344,0.30472912126374385,0.3012278986294986,0.2607230745404871,0.3674957256000569,0.28702194786192053,0.24840268771741253,0.32577785980219637,0.5017705942403403,0.24433132569361043,0.48704796913505843,0.24542682844567495,0.2923315005303025,0.23159504566395456,0.36986332923680443,0.27368449453942756,0.4347342352395662,0.4384000120746731,0.38193802327212345,0.25348313792962834,0.29539129218147164,0.27238262772014976,0.27355657108912323,0.35173548299764595,0.40580907732669297,0.3129893818754927,0.26620843679104444,0.2989200613800606,0.28836131920405406,0.2731784898106403,0.3601760179574596,0.264210182030787,0.21018795149361275,0.21538829999943102,0.33521324209589803,0.3698923195785503,0.4087742783525123,0.20720754629548702,0.3603841495025984,0.3493834359215057,0.446903103149047,0.3607473694773524,0.3975804183473845,0.3498448591322784,0.25309428459081723,0.30618944270166437,0.42830199605516384,0.29951320988549923,0.2437386731679461,0.3704392582005448,0.3686460251717764,0.3786418547048199,0.29948227579006476,0.2210384206012247,0.3179270101228817,0.2649370152141758,0.3053055107501688,0.20410138142215395,0.2602643984857929,0.38358322409883244,0.3846846201338086
0.49505897746953864,0.47156559317349617,0.38795206034430696,0.27871742197118543,0.2238601991655947,0.0,0.2495255106447817,0.37387061517006365,0.3236361339009802,0.3533848903904058,0.3013814997824339,0.27649141483431977,0.5243235511000809,0.3103302105253533,0.3430524294970337,0.32669354457935246,0.3566228665343899,0.3024189473835209,0.3582220649267389,0.5370229152109917,0.33290802160160293,0.35699313145806105,0.2172708055242796,0.32196623211276393,0.35954700990201693,0.232554064884223,0.19515018269548273,0.36414415335367145,0.3106394721451857,0.24211868586441446,0.32628788782892515,0.4384597767307189,0.34035186355045927,0.2710310314574252,0.3503120790351938,0.25523478462741167,0.33154471497609755,0.280042007648299,0.2544427598369368,0.303777849509441,0.30502985065496996,0.3106325299289489,0.3082784402159592,0.32487370676337696,0.3244516839146109,0.28454818446918545,0.2630650404144579,0.296326412453885,0.2774830933607715,0.34914173473717564,0.3434315916092303,0.41988440855752396,0.23608329554619956,0.3028417534428558,0.26868009276184,0.3668375134682667,0.4164911450089854,0.27435729989071556,0.3576731283152243,0.3412965579743505,0.527457752558811,0.2820972623061153,0.345993960908527,0.22961587432680866,0.3101785533782659,0.33374826947598,0.31488814313468627,0.4118040607834995,0.2631291534400581,0.3411483714785356,0.43048730987963263,0.2983240225899937,0.34673171964852983,0.3696967892223507,0.4019741185744547,0.2815823954060193,0.2761678512050076,0.22963617777234563,0.2848106297743203,0.3546581159204478,0.37922634063735766,0.33114462226803165,0.356666669122236,0.38762774637365377,0.2996159030752545,0.3792185954969773,0.34414070799863583,0.29493947597513726,0.3086554225249818,0.28411490171670634,0.2442848062425109,0.28480001044641967,0.2997918608575929,0.35253668400573823,0.30969378420706795,0.3065276276387081,0.3080812301985852,0.31553529967559163,0.23806363590191504,0.39136737337305993,0.28294550604903607,0.28067361991602496,0.2191464665804279,0.27728695798019637,0.36447729265950946,0.3574413539063513,0.3374000291193027,0.31248458195130085,0.26995892800133814,0.3596874731790325,0.2843392419498018,0.2360441787649839,0.42450085713570457,0.2326762808651857,0.28234797873175754,0.37570606963393655,0.34762606601478785,0.2782977481215963,0.38928606500069896,0.24729563402132687,0.2717251237475111,0.24529508900544542,0.3709310227313471,0.3818438829171849,0.35976164850401904,0.3417802824695808,0.31295501862077724,0.2537187624858652,0.3268360259664545,0.2829523972184961,0.3127965197112808,0.4162103574771421,0.31703482254420334,0.31375001604805763,0.3480648837766169,0.3047416170433891,0.3397576737006117,0.26223336669536373,0.26497100444423577,0.2678871356215326,0.2975007247748534,0.3091834229301227,0.3332667154305299,0.25877950809867856,0.26832270082659904,0.24887666243986437,0.32581461007850193,0.2647912032280465,0.3657487199042377,0.22889366890369614,0.3465090164641071,0.2818550392326744,0.23448121784352108,0.2452155769961298,0.2961015650425584,0.38017404586903225,0.3828992358150213,0.33937603322612037,0.32260435331054643,0.31547322089981267,0.24561912527718952,0.41834565702185,0.235727624451548,0.3245599846278242
0.2743449380322239,0.3239012668114753,0.3362996912263408,0.4729337386222495,0.43340334063169095,0.2495255106447817,0.0,0.3740591092740923,0.3506757179496718,0.3621418555127303,0.33054994202743215,0.44754804278793464,0.2872925107837203,0.3393750866139404,0.40274994084274623,0.36678412473959443,0.30641460483938976,0.3031626108127013,0.2937666249105355,0.2602723830511802,0.35023270040165966,0.34375812897937574,0.47347428717750634,0.34047068239231315,0.37616354969305443,0.42221171548106134,0.3633782897509016,0.2857290540366425,0.3390372353073021,0.30665477949445535,0.42216878838859295,0.31992279178377764,0.3815216502996181,0.4137861725566061,0.34320191756182417,0.4182057642662491,0.3462294780111007,0.36842589556431843,0.4532919216702077,0.39700140213227114,0.33560698359020463,0.3389413447390239,0.33575692791531003,0.37671308183059443,0.4406470158030758,0.3078597556504318,0.28613403488974354,0.331338618467782,0.48590934820806353,0.2858984848332464,0.3598771291280472,0.27772105666747954,0.20592290546411102,0.3487106998927439,0.5056200905429317,0.34231672184900075,0.2939040190429417,0.4358732549076564,0.348738740620547,0.3137566301403905,0.255221546165096,0.2806813990136859,0.23870855377148115,0.4441816603704469,0.25664797023234603,0.22459156558029467,0.41026601015229547,0.2996516329301221,0.29742786321198933,0.34495703654205173,0.3286419455529283,0.3284009267415325,0.3062901106459099,0.3626655397606147,0.2521709369200347,0.22330210773843412,0.4843872979120295,0.532093396899128,0.3181822834906532,0.23778672445828394,0.24269216574731106,0.38905278384604175,0.3419911874586377,0.24831502544573184,0.39642803903114876,0.3645576015533284,0.33736021367725505,0.32919447235594806,0.30993398668131866,0.3701912310636056,0.4292849859246383,0.5027994082544734,0.3437347707188975,0.2267589646465018,0.3982908872809361,0.38116761162041446,0.2314820376509201,0.4441390162944496,0.4197973356898374,0.35385112021251947,0.3545714366890903,0.45706978804850473,0.41311587749816975,0.3934590943080109,0.3170528172190372,0.37488466213403526,0.28065835764076996,0.38534414036972203,0.3326522885183381,0.30860076488222865,0.36614657184420213,0.4213546924859561,0.2743635725710729,0.3855835582865523,0.2861033381546697,0.3266125132227757,0.259878988112648,0.4060217707787621,0.2999821898973903,0.39584854090013727,0.46691553934558905,0.3672817747596165,0.2796939525182586,0.3754677251275591,0.2897049076566994,0.359647970931398,0.3262369881976649,0.6713492056890503,0.36896997508811524,0.3338568598283283,0.30239776022478804,0.2929667422545185,0.3058645781735094,0.33482482151622084,0.30371939778800866,0.23573893151833566,0.25430170503165267,0.4378408203680752,0.4560416051937427,0.40617158151919736,0.25674558124908176,0.37497293782830105,0.39474365850838866,0.3780312107664551,0.3940971329852732,0.4788433122826823,0.4213952771849797,0.3024755381601841,0.35032939112680717,0.34127241929275653,0.36413167675305047,0.27470386355036297,0.327564829798214,0.4251749939760152,0.5064252482823043,0.3816049250452172,0.2637451647159509,0.42793706171493306,0.33243423603710426,0.35408992646796283,0.2439799253718937,0.2850096521224878,0.4253539688646435,0.3567372709333982
0.37650580108033566,0.5076981307454955,0.5504397552432644,0.390355864736251,0.31996815956606967,0.37387061517006365,0.3740591092740923,0.0,0.43695208475493696,0.5263156782745873,0.30457933587623615,0.3910712679572722,0.3724447463750546,0.38747411514892843,0.45411501688017597,0.4591385431585358,0.5247182847087754,0.3793653121590121,0.4319693541755737,0.3868514667443249,0.46432932192337073,0.39718186286900137,0.3186278323601224,0.33742675700831987,0.411908606398754,0.3033792701792302,0.27686728421909834,0.42912178311060106,0.36505444680755306,0.34059345893758275,0.49301648553254185,0.455582899905316,0.44444587111742967,0.3617458937776905,0.4111619201401511,0.4079476839862056,0.3208825483772014,0.46683086592830064,0.34680724381568817,0.500061033061256,0.399619363276792,0.35450586352473684,0.38312643539506996,0.3569136986600535,0.5134057885133246,0.3736996745652781,0.3323627773411122,0.2861505277723631,0.4193028127423225,0.402954166833617,0.48493279802746775,0.4233620304350076,0.25411936383347977,0.39275776236872345,0.42099058599301814,0.37570574825432945,0.4623671201379422,0.40036276312366265,0.5102178977751138,0.42383333020680963,0.3563878689071544,0.3167889248569257,0.3559968291964073,0.33629386332034295,0.3232832021502331,0.29674932660533127,0.31629225445615045,0.3518300939931103,0.35763623261682004,0.47089636652725203,0.4432123306740281,0.41704435631954406,0.31085188964407584,0.5675637538605228,0.40475404309602514,0.24927091078215757,0.4037507815454602,0.33551258456267147,0.3792260069960852,0.2744205324774341,0.29912885927264526,0.44984944020559,0.4709941734170023,0.33074935121094845,0.4563530928720697,0.6752416381495852,0.29985930206562683,0.37644235720692104,0.4012846354765427,0.31907796029044017,0.3602759999225804,0.40446935837736486,0.41823157292088636,0.28729306756227885,0.49355783770698713,0.3501925726414163,0.29814993109999616,0.4328250564719175,0.31290052868524754,0.507168790636106,0.3016502374694291,0.4302797148755027,0.29471236670571765,0.4466652994164536,0.45477976585947755,0.5085538489502786,0.3756498624999144,0.40657191524407965,0.34848006217063165,0.32285088922974264,0.3149660515356136,0.3360221511277148,0.36367258783942524,0.3165723455695013,0.3587681915851158,0.5498553342639361,0.35026435481529544,0.42480816137153404,0.3613284415744555,0.34355797572213803,0.44012606226809065,0.35748201452258777,0.3126719480495243,0.47765211002029245,0.3000433831160712,0.4050186448546302,0.4006342221855995,0.4207486587688392,0.5099719549400978,0.36613277781771647,0.4495067800687262,0.4893524736028702,0.30021309934328455,0.32174968980332397,0.3008840617554104,0.2680493285159881,0.3096487117544404,0.42788150772888633,0.39412965720381743,0.40777509146126123,0.2706501425920874,0.35726765968844704,0.4942564681924045,0.33322355382712604,0.3095870290318002,0.3639607381340576,0.4991908167479302,0.3233927280607196,0.5069232758884816,0.3025372700438929,0.3871007214638756,0.33346297450298384,0.31635059150547123,0.39614181754524536,0.48734528786524917,0.3901711925321679,0.3269153736298058,0.4706159650807789,0.31607855143048513,0.4143662335013283,0.27321753029903334,0.3717530178296535,0.31472198912475974,0.34845313617328116
0.3660553956712433,0.37516572459303665,0.44348395549429537,0.30993384640205685,0.3429401242836862,0.3236361339009802,0.3506757179496718,0.43695208475493696,0.0,0.41281669331930815,0.31902084868268044,0.3371088544039665,0.32046747432309886,0.4033801815536935,0.32742762410442305,0.5069961077094881,0.3981886426704935,0.34943136227504834,0.3247145737363653,0.3382484674603079,0.38879768087290717,0.46011935866928183,0.2935706269533045,0.3110087781804542,0.4260302159206644,0.29600110486384473,0.2781026852701769,0.3605618195880874,0.36375092325587743,0.4197510931714341,0.48870699688207886,0.420498239915864,0.3108963005552945,0.3265064433363491,0.4483302705330723,0.32926323991432266,0.3171784407194852,0.4559765330894525,0.300565197550494,0.38327411429047714,0.2819607948774626,0.44371924921401423,0.31845175065390824,0.378582457581745,0.4391616183811213,0.268243107102474,0.2802146315489352,0.2902038990492529,0.40909562485244105,0.3055623706928971,0.32994286978443865,0.32299269760246896,0.2129372407901458,0.34388712089394796,0.3828025154291017,0.45767185894436596,0.33634771848965933,0.4077996632883441,0.3531757578643786,0.28793216061036603,0.2754229906443053,0.2840713922119787,0.2949663624746033,0.3452903403779446,0.26958104165209135,0.25025097079592873,0.29943120054991695,0.31786495152023736,0.316137872705467,0.48410180867338687,0.38208587136445166,0.3422215512622918,0.3417320050825105,0.3826798933852297,0.35678043595894593,0.23501781670588492,0.3364698909226695,0.3020517873403846,0.28854946075696325,0.26330980831003414,0.2815998326386555,0.4191802722200232,0.44182925127670936,0.2857890509416915,0.3928806060566565,0.46851383232413524,0.32280102520319853,0.3177288852500055,0.29878963082420423,0.3404281843255374,0.38830498939459673,0.41325478154277767,0.34285592174615453,0.24514230906045886,0.43379001986695487,0.37428579923212946,0.26691437735744333,0.4493570976992255,0.34529644768904566,0.3384085807255423,0.32124992469692204,0.3794609958833639,0.28893169954045117,0.35060388633158013,0.3616537911497719,0.34777693109957,0.2676118697926845,0.43852164326821846,0.269564377620179,0.28957956657890144,0.2978935910702154,0.3324527152319326,0.329375735230457,0.34501994609381337,0.2827154686501663,0.43310274054516507,0.31866609903465914,0.4342695010767355,0.3220964455106633,0.3750744936013848,0.4157875220846306,0.32836478476322106,0.309803445778544,0.3968879849625998,0.36919146896940724,0.340029748245303,0.3565966540580023,0.37612154386494795,0.4199033577924963,0.29537679362911023,0.5460308590434527,0.44491048320117244,0.30204894009157046,0.35403708968961023,0.28300630265188914,0.25846019423766414,0.29232737452322916,0.36297181508428283,0.38516804340990674,0.37120444010621945,0.24856125511275382,0.4440702690692886,0.3835294925900437,0.3334592396085754,0.3155351681331901,0.353254680271915,0.46196554502196485,0.25908950254641855,0.4517321921794056,0.33855712362225676,0.38383814605248096,0.28480375001932406,0.30468633000055767,0.3721294493982326,0.420602668806963,0.4011847074840636,0.2844836560489974,0.4528766588723998,0.329056579526542,0.4176326265768593,0.23835309655239204,0.36285416226899714,0.3192126140662246,0.3642372545161182
0.37987545423885455,0.48751448079330756,0.48536972500517317,0.3217073385382546,0.3021076971986148,0.3533848903904058,0.3621418555127303,0.5263156782745873,0.41281669331930815,0.0,0.2852222873079655,0.29989072667385697,0.4117475185455303,0.4802172470351215,0.3896993616690766,0.4715937987763127,0.43318584315496467,0.41182160952093816,0.34098440047136347,0.35638588098803664,0.3550430577529365,0.36765521206417723,0.3369634422255819,0.3097607734194582,0.46085120876562724,0.34791841375662924,0.2927596613965636,0.4031715557591094,0.4818775592009684,0.34704758561539434,0.49264901859393184,0.4880367819202472,0.3670674683264859,0.3182007665272429,0.41002205646758766,0.31289346257043327,0.380500401781102,0.4473667133888318,0.277576067891152,0.4158024650919489,0.3283225055528785,0.31932863449666,0.3926261957315414,0.34698635120339094,0.46763341243300854,0.3279692786297247,0.3525169141893629,0.2941768572425757,0.4814253975666884,0.3241784077626406,0.38842558778953745,0.3804286221863782,0.22457360621521782,0.35085752867089504,0.38793408954515995,0.4062303010110476,0.3749008621013978,0.3175133457140905,0.4572817286125956,0.35437817351921624,0.3454972263230003,0.3178290879244941,0.3096396959487373,0.3149453752212511,0.2751540688538925,0.2762215025076475,0.3051444918592436,0.44794394180532665,0.39886111411444214,0.5437715360070944,0.4272430700303989,0.5185279123266678,0.27859342561769435,0.4597040698159487,0.3571863702464153,0.2936220376031479,0.3512650660683887,0.37031009318647534,0.3497255366654435,0.33477584291419676,0.31276232499859086,0.3412839248328219,0.6139391800543731,0.39655651570867956,0.34061805625073727,0.5685452393147868,0.31656084340649604,0.4209362027355869,0.42958851858916347,0.3026757710502925,0.33235766643028913,0.34043777099504213,0.3959751947440277,0.2684318341700234,0.38311599597368057,0.4131924965845995,0.2633864490309139,0.3935990316407723,0.32488858428083445,0.46227603787721433,0.36652010274393,0.350235366772091,0.29094853773921847,0.450225940870555,0.372779200189186,0.4446941797560111,0.3098133093637158,0.4278559153989935,0.3348695881325379,0.29075833015776587,0.283869791938306,0.2912580293976538,0.32867203592910366,0.32978411701127586,0.3477186238221912,0.5077755068500129,0.3544725919279478,0.4520316421738567,0.32516276168529407,0.37299713260097306,0.3792769782502791,0.35896296440423975,0.2780217737286504,0.5131427617719873,0.3191039737035518,0.532621563346607,0.320651153306691,0.37077538668346055,0.4405358459374709,0.41697412878862156,0.4953770016103372,0.4093376238685954,0.3543927077149534,0.28896206063909585,0.2646630835948633,0.2788294852658737,0.3685576490953164,0.4357387991393616,0.39740594486266817,0.3788026850286972,0.330919475173903,0.40494472615220317,0.37596196084273675,0.2721850503521674,0.3453446314345046,0.3699107694371688,0.3590376367020893,0.35893065909777183,0.5890658585080897,0.2697285294886697,0.3324553018791428,0.3536671428196232,0.2603183909896712,0.36047128973266784,0.3895280316895521,0.39168069566073105,0.30295481585141415,0.4993252681696465,0.36660988514132137,0.5048969079605963,0.34053862924508826,0.4669553081930902,0.32089647971903495,0.3104967013426153
0.3433897888910064,0.314291787144207,0.340721476525295,0.3567504647693114,0.3558276168732688,0.3013814997824339,0.33054994202743215,0.30457933587623615,0.31902084868268044,0.2852222873079655,0.0,0.34544717339677433,0.34317081764639673,0.3479702473120326,0.25692659803736667,0.37383444730555604,0.33926980944729507,0.27594567172493656,0.2548064313565061,0.335192912909732,0.31604861775664106,0.3768051364752202,0.31563833653223045,0.34114603808243865,0.35748835675804996,0.37816162772693895,0.3042637468885379,0.36216617305515403,0.3486370157905793,0.2458805425609761,0.2833610171304614,0.29687531714278537,0.2634647156798291,0.3770429413714875,0.4042620260323616,0.32861418801347153,0.3669933422023027,0.3254539834507019,0.35023045017943066,0.33185941690813686,0.2538815168180202,0.45156711096420943,0.2402339289293752,0.39592249327574275,0.3371960005336804,0.22906202819515675,0.19645864379422592,0.38662456741820767,0.3599350285871693,0.2514819014239197,0.27952385217083686,0.26970712225308635,0.18500128730470927,0.30645593865907483,0.36420237369003566,0.32059549684893884,0.2804947423920903,0.3660045065069624,0.3068660532463494,0.2634806101410037,0.3304406521218106,0.2070557988040211,0.24276148767962605,0.3463403067967147,0.213319983364133,0.22961607176686052,0.5197555238759426,0.2810389575744002,0.26290639755105083,0.34062984551924247,0.3087842495520051,0.26978605209638024,0.5080921198168367,0.3357192450576125,0.2915602104449084,0.21962831953304457,0.43094488043320966,0.3370812862067044,0.2336439015880768,0.25653697620070404,0.2549857063326227,0.2809867457684005,0.2728367370917895,0.30258572975021397,0.3274301892221225,0.3284307223159782,0.40832783529692257,0.2400703377308112,0.22716918239206582,0.41465620381300466,0.3462498984850961,0.28277038872657945,0.2728615201059487,0.25003777878730027,0.3565313026102639,0.32696436641380155,0.20867727078612922,0.3206896779685203,0.31680686831168864,0.29007136253045473,0.3609597712309533,0.31258905055235914,0.2802717528923533,0.24443185439804485,0.27226243976825215,0.253058089236013,0.22929395308558084,0.38514243017758626,0.22514944768060374,0.3567947238365864,0.40610422271307794,0.34288798048175334,0.35946812901141884,0.35823825932616316,0.24155875335859364,0.32671124763659376,0.24494466910984836,0.31350208371577876,0.40231632679849344,0.36590558625871544,0.36743957303364,0.2560838807903025,0.3857827188122931,0.2974887974311483,0.34427344463727266,0.2947320296732066,0.2682872544134962,0.3342388239561864,0.35824581335521016,0.2419001721790479,0.2722379201648522,0.3144185532079864,0.3869890817472567,0.4512106006872796,0.40304613968736325,0.23692150211833596,0.24799673357521082,0.28704968073536635,0.34241233637164853,0.2617390264390527,0.24602038535379345,0.37647110261230604,0.28693673144445175,0.33588262584356476,0.4449967664606745,0.31517271755853465,0.3050150318528614,0.20849120374934524,0.29933289308041866,0.3485451835860112,0.4224208717529731,0.21949146417936366,0.3233552964688041,0.24928787989541246,0.32450059392017905,0.3893505061063886,0.32222915542889097,0.33264473802293437,0.36615416665749534,0.3092573551862915,0.20550963800456679,0.3359294442664207,0.27132466123060944,0.6061993803290161
0.26273214874929895,0.3341485250009597,0.34418766470524553,0.449291877272805,0.3872350370950298,0.27649141483431977,0.44754804278793464,0.3910712679572722,0.3371088544039665,0.29989072667385697,0.34544717339677433,0.0,0.24262971304914818,0.25534278220305423,0.31851461650504675,0.323520110929933,0.32839692868438386,0.25383618507165007,0.3453644366087042,0.28882925422517025,0.4240114715047291,0.3273332863253916,0.3793590460525581,0.3368134116605905,0.34872858103603166,0.3615244641190592,0.3211617413986916,0.29346645441420843,0.2644516296826729,0.2918515110888917,0.35943277207680435,0.2954562578489241,0.32257290741245725,0.48979302099009303,0.30131622188907253,0.39278109877103773,0.2905321790263949,0.3233619370207968,0.5282784952193964,0.3473793852873357,0.3109737348739267,0.438406471291797,0.29673356686559577,0.32515247913848233,0.3673495372390293,0.2743260971534557,0.2673129948381078,0.28213642018349666,0.3649746067304808,0.30924315057427854,0.3717800648821348,0.31177855295259227,0.2115091836090183,0.34080663620839474,0.39515569937960354,0.31597903815597983,0.34094464098407556,0.4416347184668688,0.3052146750700676,0.31487219597850813,0.2607321756216865,0.245337214420309,0.26690099070178896,0.37993173994426843,0.27080744374501814,0.24561912148940154,0.3381630835275792,0.2469959393127356,0.2508517942077927,0.30322218569074133,0.29692204898079155,0.2718530792964493,0.33268693364414326,0.36996929698167064,0.2846884451969186,0.20192443209826377,0.45264525788356086,0.43813711364172564,0.274019141452489,0.21366685895283605,0.22378946268435607,0.43290107655199794,0.2990757251992849,0.22241911285407764,0.41878113229167696,0.35156620785814463,0.3063707644166143,0.28086687183452996,0.2787334262040948,0.38465537489148316,0.3520745516370043,0.4093443185591816,0.28901369967558665,0.2447897674564354,0.37237030436323276,0.3142641779430021,0.24516453968253854,0.4164592914662299,0.3753561656360746,0.3199097213432085,0.27091303436121805,0.40834948231942914,0.36682549953177235,0.33751739797247027,0.31036719156488135,0.32471505490934266,0.30932298832041893,0.34459433313522353,0.25907780970373795,0.3405373454002959,0.5066861198667126,0.4567683928585768,0.271035831428422,0.39879651741227895,0.24970471400417943,0.33227066474748307,0.25342982968599054,0.35264189003971647,0.33121710383650593,0.34971052904808403,0.38005566472162083,0.31423613370500597,0.30058791727861905,0.3111833329229996,0.2549864726493373,0.28145636552919945,0.3515231056470694,0.4850299113597445,0.359548957458898,0.2554442785706053,0.291296997079682,0.33430184909076627,0.26030381414536297,0.44880235759808945,0.3259703997931357,0.20684742576467585,0.23892394013515444,0.3177534032681241,0.34066379619701914,0.34189636942489166,0.2052585188531908,0.32468895023351085,0.41359849801688336,0.4216963938131283,0.36382283862788556,0.4643458277549551,0.518680596317038,0.24006102262889376,0.32509031472572414,0.38113187976533086,0.3754457887683676,0.24688907462534737,0.3491960904285286,0.3275736718488733,0.4568580019380614,0.3082161405959421,0.257112471867291,0.3556756450377405,0.2518129692890015,0.302694271315194,0.20050583570836028,0.26027225125970516,0.34524581289074385,0.38132084974733926
