0,1,2,3,4,5,6,7,8,9,10,11,12,13,14,15,16,17,18,19,20,21,22,23,24,25,26,27,28,29,30,31,32,33,34,35,36,37,38,39,40,41,42,43,44,45,46,47,48,49,50,51,52,53,54,55,56,57,58,59,60,61,62,63,64,65,66,67,68,69,70,71,72,73,74,75,76,77,78,79,80,81,82,83,84,85,86,87,88,89,90,91,92,93,94,95,96,97,98,99,100,101,102,103,104,105,106,107,108,109,110,111,112,113,114,115,116,117,118,119,120,121,122,123,124,125,126,127,128,129,130,131,132,133,134,135,136,137,138,139,140,141,142,143,144,145,146,147,148,149,150,151,152,153,154,155,156,157,158,159,160,161,162,163
0.0,0.29894913748754154,0.30704505038364527,0.2580648645342866,0.2899975320684101,0.2888038135428281,0.2440687596306991,0.33695686598853036,0.33399968105000233,0.3094343557738193,0.30516305766713087,0.24257881213622678,0.45595192976618387,0.2655104618588488,0.30963386045517044,0.3323121239101614,0.35902657604598887,0.44490936997802644,0.2819692920393609,0.38639691941287657,0.3095459721664039,0.283165953893316,0.27278524458966474,0.2743236069195698,0.3259614864035633,0.24646248397063103,0.24925827564685366,0.31221989942828665,0.24834622683027952,0.2845074304130102,0.2924845621648219,0.3468932472329392,0.2666017986831012,0.21316984565415273,0.367611584797352,0.2531551019656835,0.34567027186258587,0.3206468844571339,0.2186961740496551,0.40620404728359594,0.2907806516527198,0.2865636764910573,0.35206046361242094,0.29635816438286583,0.2981854415099718,0.3579882820664881,0.284842578592089,0.31856903855887525,0.3340450228447872,0.37911052885502783,0.3758197063371415,0.3350279462685809,0.24777649689683862,0.2630430026574356,0.2706214286829334,0.28249649065269394,0.4491201679442293,0.29783193189578977,0.3410234159926783,0.3276809496962064,0.30305833252882575,0.22481602072783222,0.37493202695200667,0.2280833236383705,0.2828461947954748,0.3123334887333694,0.2735770644413022,0.2928045260740679,0.2879928110186422,0.33202466611540365,0.40323314399623583,0.31374663454017954,0.3068225589784063,0.35161201560699923,0.3303806197977361,0.2746161086284353,0.2534855791239129,0.2517627510967744,0.295751665990207,0.2528247884639208,0.2991757533118705,0.30235747732090906,0.32705052836519377,0.3045081533414732,0.342656925868258,0.34660550619186214,0.31020955303798625,0.34817792154901306,0.3294513734682508,0.2321370089055952,0.356683488293358,0.25407132305473273,0.38067704904778216,0.3025889721352772,0.3399465267716562,0.2330680436818641,0.2166886982677663,0.2501896016829422,0.21388118610601953,0.3397167163666588,0.2277708691332473,0.26739363835597535,0.24961071770146886,0.22833064567680844,0.4110195800543678,0.3375310295144072,0.3201347915041087,0.30650435839168955,0.359323097632717,0.2921311437497438,0.25263214625824726,0.31628280686841503,0.3189726643421539,0.24607447509265748,0.31310944608372954,0.3653334688648393,0.34681147003333357,0.2834517642188338,0.2638796921599034,0.2203510932275716,0.3085597450059251,0.2430493397802335,0.2865456176966837,0.37176660744206225,0.28662274182208514,0.2717878641848919,0.22813848061575764,0.229040389580662,0.24721834667763304,0.3421895119228004,0.27131588159105147,0.3123976955398034,0.246497588514519,0.2427670833212329,0.25336849341284734,0.2774598683328105,0.28922870973694403,0.332820266476341,0.2984735320892395,0.31111132936092545,0.2465154255788491,0.2488813336922125,0.3255380586962051,0.2643123012153605,0.26659887602930255,0.2504107773546621,0.2801507178355249,0.25602110220889285,0.33626720719777337,0.16286075641019368,0.3649525345465766,0.2878556967598236,0.27796397922995786,0.26838482426358046,0.26986565631239257,0.29883725550862694,0.2985741605303264,0.3062906815794571,0.2952592201433402,0.30138491473897344,0.24788746182790958,0.349767753039687,0.2213638721841732,0.35046167763956987
0.29894913748754154,0.0,0.3085366845528368,0.28677628828985896,0.2425543497997932,0.5080177429172728,0.23773965335304306,0.41512565406716767,0.29354948840283923,0.34363463304268793,0.2734249784715416,0.30087941678434943,0.3217823620621908,0.28049518187310934,0.3077310801727366,0.2986748169479348,0.31451359374837,0.2397315359838392,0.3145350301581875,0.32286141800131835,0.3138019043095223,0.31738912765519467,0.2196051020735867,0.2655470389216479,0.2979468440541577,0.22302264800006602,0.2245599248759011,0.2743760161708866,0.3618452936159637,0.24348988446457326,0.36835619458975294,0.35688481618364315,0.38304687084745676,0.2237889810772321,0.3227882884429806,0.3078212783356884,0.27855950461731616,0.30787414719112255,0.2992118536102281,0.3128388363019393,0.37814348166721806,0.262844267231665,0.24176013003867153,0.2930449046981411,0.3269173892664272,0.25220090594241756,0.26338373217074995,0.2821210164547636,0.25813244656795986,0.3414634085564291,0.35609061475761883,0.3193593439912901,0.2869214651217251,0.3669223569146128,0.34256121349409524,0.3530956836668891,0.3351737391645551,0.2948481481530628,0.30136740222745767,0.33153861168687304,0.42159648210792267,0.2236940327221066,0.28986456383791315,0.21424102250636742,0.25054117395590647,0.24369236792969076,0.2686009059383477,0.2542494062916977,0.2185239042448074,0.29607601811948714,0.32093640251502287,0.3034360077971462,0.26526818916495165,0.3347806463334876,0.35077138773842365,0.241082692646097,0.25387326882181227,0.2955113954319315,0.24815508359615196,0.2896253261161402,0.28319836541479193,0.3088660271169149,0.3716379095909507,0.28666553950949364,0.3026784309837717,0.38376599250096316,0.2899848699560209,0.2836488490142625,0.28269300203246106,0.28669956359323573,0.25886101264843303,0.3025256187157946,0.39935219465371197,0.28941327360070784,0.31646607962824613,0.30721860502062664,0.29149098849145527,0.2771130397412262,0.2191851412159108,0.3300906380967089,0.2667643044039253,0.24535318703198064,0.2043298914521278,0.23980864125308932,0.3412305069542399,0.28254438839326623,0.29707129064210125,0.2729491281321223,0.2898262783127821,0.3059049455732697,0.2520682075997102,0.2605684889891006,0.3500635252780035,0.2508844503147016,0.28945165528968364,0.3830486712182667,0.3027969898069737,0.2249198208427367,0.2859093925444129,0.23167174152244885,0.2980831142245833,0.29006884971902575,0.2919976836340515,0.3635712363817429,0.3252303044480581,0.36696940101403547,0.2827543158793949,0.27334405782757915,0.32193553102399786,0.2760537204551656,0.31117284530594486,0.33956738999764313,0.2669209494880738,0.31986836303738797,0.27662583029518234,0.24693869547958433,0.2606445545445316,0.31455705578880255,0.2595815056311258,0.2818730660556352,0.25527879375671964,0.2840562764995793,0.3925657250249278,0.30570613246460804,0.284555213960175,0.2168993992322795,0.3616847871578642,0.2593850851587827,0.32959041987603616,0.1735837908430155,0.29069367983401806,0.3081974160898386,0.23769833298049228,0.27919395870967356,0.2682218555732355,0.2877048187965016,0.2897337388420213,0.31426144248622717,0.2996745583650059,0.2984465434308891,0.2279252423725734,0.3963728368983772,0.22692516957069753,0.269608963846652
0.30704505038364527,0.3085366845528368,0.0,0.2699590080572656,0.29553463258764523,0.2881682578198859,0.23078878497029673,0.3479970322890261,0.2821822200331997,0.3771925632400739,0.3112951644157013,0.25342942457630313,0.3131739700462845,0.24793355538586115,0.2634772914626286,0.326709843061703,0.3511900696732475,0.2923791349593761,0.2740065426960646,0.2683951920355049,0.36513699494759394,0.41155081066290206,0.23805199507970753,0.2690191309414618,0.3063501130952298,0.22195648915957217,0.22984837102407665,0.2845510686208915,0.2550143376879551,0.26011274444533755,0.24726803873829759,0.29349214912730526,0.23650600757838897,0.19260865131962482,0.2590354054519169,0.2579909687205256,0.2794898806758699,0.28431108414446776,0.23126459536528252,0.33055274466242535,0.26556887825341247,0.34642859350660155,0.26576533590766815,0.254896234518307,0.2736221530647529,0.23724242988161884,0.22706301791029287,0.2806245130433082,0.27964348036210157,0.2913948222957444,0.31847365812237816,0.26864407157403686,0.20414015223848503,0.29109714501232803,0.2656202810642268,0.26176378567004166,0.28641744927571156,0.29838321871951384,0.3081717919861179,0.25006475292033814,0.2988522350854922,0.18994621824473437,0.2995775620235321,0.2176117031131179,0.24616906665869634,0.24858457189696512,0.24535492634864325,0.26851187077344063,0.2843638490726832,0.3543901519621423,0.307357073385255,0.228150608414505,0.29909869987058973,0.42566723880214513,0.31746733109273756,0.1903105031559307,0.26415181573863,0.23625625462731603,0.2111099037099816,0.20389676598730486,0.2642604017344819,0.31705641432382475,0.2851773024300394,0.24180757408756276,0.2856575001191355,0.3150613149733417,0.2664649785528727,0.24081855811729808,0.22610117652022438,0.21114182372966173,0.29751836069200077,0.2198006516522763,0.29048224803430495,0.2144392130553867,0.3173543020657344,0.23601500391227528,0.20919774090422505,0.24123418763723092,0.19410369160990157,0.25465464601016885,0.19220772923191246,0.2972390861464543,0.2151114761937692,0.2616351568765478,0.2826942698249888,0.25782028732227835,0.27612594150948927,0.28864503315020196,0.2530269451374489,0.32620308676969423,0.25351625037370623,0.24827008609559234,0.29007877124291964,0.2367656077960094,0.20830433262404738,0.31680687488170506,0.22562505145078543,0.298894381277434,0.30823755905767686,0.21539504211536417,0.257366791251054,0.2315822422183085,0.24481010023593233,0.27389434748256686,0.23220859725132115,0.25655609186561285,0.24525226804604028,0.22386685911410378,0.2701973332603364,0.25742907061622416,0.28373456404554803,0.4140931279778153,0.20600616241235317,0.22445386337609521,0.29107341570015044,0.2144617331586712,0.19903584775625074,0.25019296602253743,0.2911399286269266,0.2761452422448271,0.20929543455350635,0.24706026211832982,0.3020093168452361,0.29787673808456955,0.24617906957500305,0.2012865026898894,0.305435931622632,0.2269497449349469,0.34162214585336664,0.17432645158334226,0.2540559218121912,0.21426396544601004,0.27493685724870803,0.3130001827414572,0.27825352172627305,0.28125930807120164,0.32522405654122066,0.29951303043623345,0.21904871363633122,0.25467320208620287,0.24661217997456272,0.24242942931449643,0.23796455406634184,0.31029706358128284
0.2580648645342866,0.28677628828985896,0.2699590080572656,0.0,0.29064240675079595,0.28131165551944887,0.335893722403982,0.2896902223704374,0.24892036737200965,0.2779709873179942,0.3023649904689627,0.31608909841700794,0.24835695429453974,0.21219552458189175,0.2816200374067898,0.24483354144729141,0.26292470617054364,0.22648127784057726,0.27263804592150687,0.23403835797621111,0.34348187389049495,0.27956493000049254,0.27233962711871157,0.277494035122066,0.30934211098961967,0.24966585635708718,0.24041183359744897,0.24170960924217458,0.2340679569067248,0.21921048877034077,0.26830393136018776,0.2385919350132307,0.3298872084427763,0.2360144722069353,0.26121383933327347,0.2696092866918826,0.3033522810190878,0.23605674713051947,0.28249578921001683,0.3410518093023415,0.27022120744303607,0.3189779400288018,0.22900313570392308,0.3263972305549693,0.25586540255378815,0.23624067410101118,0.19233274153228364,0.2968617663666456,0.29234147581493986,0.24793447701591806,0.3520039325875288,0.2888283846414022,0.21131957145472957,0.3637781061887057,0.29875541576947995,0.2768457991513591,0.2880967994047949,0.318328524482793,0.26962749448747236,0.24817301305168787,0.3061104610125988,0.18384929008821552,0.2695499966335202,0.19708851421868798,0.24321112924563762,0.23883364306819274,0.3195989357480972,0.22767222621659772,0.19983524698237892,0.27267590466022584,0.27713559370723634,0.22254849519687178,0.28484262682426,0.37114693120083064,0.23780725572926717,0.19124993711662364,0.33573147062664616,0.30826758290801903,0.2041987472889196,0.2093012732907825,0.24132576771244524,0.35347783669091265,0.2729734645271978,0.20038039161913782,0.3294156489612554,0.2564716436654426,0.34658985781196827,0.2557282259233164,0.22489936032571514,0.25108427534574995,0.31059263515270485,0.29687895852244245,0.25624168617360715,0.22317095334854672,0.33274613915297235,0.27698887395408456,0.20090568113339013,0.28297111636597977,0.21261067180950066,0.254423510468614,0.22336888902790758,0.2911401221481243,0.3119611878973879,0.24979354575670867,0.24746679642888678,0.22913053769704553,0.25817183617412054,0.2680015826900697,0.23854908494216076,0.3201629009761989,0.3652606669509111,0.28380552041294327,0.32005799556967646,0.26331459326209844,0.2132893183696903,0.2555866663758109,0.24095892626859944,0.22292885146774094,0.3304578046059001,0.23550010997193005,0.26801848147522633,0.2909049641876525,0.2646701941475052,0.3014066578999165,0.2467392806810086,0.2446310089991981,0.24624668074725534,0.25636544154911,0.25613599833061507,0.23696057526835718,0.2145578829280499,0.29292664283304504,0.24625070683680594,0.2798933153443602,0.28989355173186526,0.20688139549543444,0.18274644376706897,0.2651250086060642,0.2746328902242148,0.2833452292906545,0.2622400511462137,0.2364230653093632,0.3610034910511961,0.30375895196907504,0.2717470036692162,0.24782284590798664,0.3264539359404521,0.22022396578079426,0.24450499523634156,0.1547483155730244,0.3302081887627307,0.24307065847620174,0.2757938356104084,0.25835313186062975,0.3217194647647398,0.2923731369019242,0.27306806876196743,0.33156718906767874,0.34260367793283764,0.26376194172114065,0.21128218695787707,0.25779170197975737,0.27391710152175347,0.3167821556788847
0.2899975320684101,0.2425543497997932,0.29553463258764523,0.29064240675079595,0.0,0.21844906539833947,0.33297747311517073,0.254583789995967,0.3041936291580242,0.2906861293439865,0.37738018328305645,0.25593787295323656,0.25317713792778496,0.24496767109207274,0.2763832010241967,0.27657843306317237,0.2620062292859213,0.29111152912842136,0.22211191824046714,0.22655658986963204,0.2962818812826622,0.3196697358266132,0.3381372951795246,0.2553449710592193,0.30277818652400873,0.26724281333718547,0.2979099772623115,0.22948354356412762,0.23226691700423374,0.27291476690009037,0.27541950098056595,0.2322794041711428,0.22034866110907392,0.21442766336783023,0.30866587678959206,0.2634765610657915,0.30397165007228694,0.2728706088440865,0.2568882584296387,0.2867165205158891,0.22836738265070636,0.45147538274170645,0.2594771882373761,0.2999472641979585,0.23399503452370057,0.20813400652511663,0.21109463249300087,0.3244274006327481,0.3236733564437205,0.24794646270364326,0.28418250817787627,0.21269816000907163,0.18841280444663988,0.24943869031887014,0.2788611434719704,0.26281481374760585,0.2331791439825574,0.34392701209649584,0.2691814431888477,0.21131060584061576,0.2192818836522321,0.17951697507775416,0.23534599724556338,0.24974929298239854,0.22886105103916066,0.19527249102283165,0.2784438024717556,0.248088709612398,0.24617665738541905,0.34045922645302207,0.2688374288997057,0.23255964646852365,0.2879951562824427,0.28807029792695077,0.22816466580009506,0.1834313475547283,0.28456299354176323,0.3482412506838979,0.19595539493059963,0.19784215785276868,0.23335337403352477,0.3019773075780907,0.2776701783251219,0.20060387844566924,0.2771001076800187,0.24292811396683725,0.3278411530161049,0.251316059184054,0.2044726372057337,0.24685056311535214,0.4274515420285764,0.2688838953662118,0.29020608197273434,0.1820676359238719,0.3122133474475781,0.24388959766146884,0.17029145982262575,0.2368602859100623,0.24984527202085519,0.21073525268842305,0.22061118778985309,0.27297055818051114,0.27851397430397223,0.2203642827856215,0.24829176210354859,0.21948670963886344,0.20887995094262163,0.317943283138437,0.24061472232841682,0.2729023103960671,0.2857952582026138,0.3305791924971014,0.2634782459504512,0.3284423647043918,0.2007643175598983,0.25202176990096875,0.21305978501127149,0.2761028286453943,0.2403342740642348,0.2684704982019121,0.31614075941240266,0.24992528590521146,0.23263189640891443,0.2762202819690978,0.2727052084857667,0.21907249093329687,0.2112590805089275,0.24743129155776594,0.21620383046433655,0.2452968222533236,0.25351684993092943,0.2658749185321331,0.22312171556072544,0.2747726485594225,0.2653371913656388,0.22115179084193748,0.19022634105576763,0.29416726758803413,0.3030742719007948,0.29604940596695123,0.20770729824032516,0.26868140079309494,0.2754914562750755,0.3187029677689087,0.30843102776992953,0.2625204698977607,0.2982277380917526,0.2117886280164866,0.25701558257255075,0.18207286666401867,0.27917253061908226,0.2237444310199872,0.2846935952666531,0.27276776761730026,0.2909786539343066,0.30259573638873555,0.24998173085309694,0.301479529491519,0.25992790578670544,0.2503470985624403,0.21409111910549508,0.2548808800489984,0.2727575885473666,0.41164934365400985
0.2888038135428281,0.5080177429172728,0.2881682578198859,0.28131165551944887,0.21844906539833947,0.0,0.2232233288198627,0.3638804348894824,0.2622064020871557,0.2938220102370257,0.25131509191045825,0.2809159948314701,0.34059552355361106,0.24539852256678457,0.29435689332479253,0.28583616469491424,0.2936190561067923,0.22268702847326705,0.2882919988331345,0.3000985075583171,0.2803467311771949,0.27393723955563726,0.193373831414992,0.22822682610582906,0.2704816127277121,0.20798272177773636,0.20682858853731198,0.2567250861242393,0.30886823963829585,0.22176391821807392,0.3099782444838793,0.36052266437777986,0.39292565218267234,0.2102660052840794,0.290096435900734,0.26967455801954227,0.25349266344297955,0.274310585395441,0.2511380791980698,0.2630197225662924,0.3549501367028739,0.2453188074967119,0.23269973299896038,0.2911586445975116,0.27856581543175013,0.2398179118190491,0.24605637080056922,0.25353844061935726,0.21909509735414673,0.3285257952484651,0.3058719715234302,0.35241972254120024,0.2595198302981239,0.3337899171335765,0.29269552539510885,0.3266805328356834,0.30883303088492847,0.30126244463957663,0.25685540096373505,0.2998349081154579,0.40171775767217593,0.22887208806202633,0.30525684380631557,0.19426055208222767,0.23386776318606717,0.23427517332694917,0.24578924677984587,0.24840479960828452,0.20567131808050285,0.2658424721224916,0.297665151758988,0.25603873366083113,0.25445361928763394,0.30067987921547584,0.3592093390248212,0.2251071195822316,0.2386960635503742,0.2549117088306874,0.2348049414610104,0.2845772133501095,0.29387507869329593,0.27125013410064897,0.30627246413799625,0.30390968870758095,0.27323653384829466,0.3226430838340424,0.2748663052660757,0.25669080795224836,0.2865399537549294,0.25592580481441723,0.2467100841380287,0.29625396319756175,0.34568160137151605,0.26395740418298447,0.27418936734787824,0.29330453667170914,0.2799061382653287,0.2823816985100199,0.20079043466678684,0.3164614459127998,0.2348860558563064,0.22746582981425886,0.20301168166678535,0.22352266394863024,0.3377942087444982,0.2900472548339679,0.3024025129614911,0.2517363204986373,0.26287981037412084,0.2665769284209606,0.24321267586875306,0.23026542861133137,0.3454477928409209,0.23861720945484885,0.27003002244718943,0.3380856408064732,0.29157501873379604,0.20048240671866904,0.3078350823758294,0.22849274848445186,0.2638137038678757,0.2891270783866442,0.26886864713515174,0.313817912291123,0.2890742921926874,0.32895260406801896,0.27525808484970166,0.24099855827379296,0.29917877441579477,0.25436852385884723,0.2929615383887557,0.34223525988633696,0.2549046164797487,0.28505484824021854,0.24669423245819536,0.2345934073837415,0.24322992526503362,0.2608570453211913,0.22675547034500093,0.24392311549738122,0.26551349750275105,0.2621991894268468,0.3116846242021245,0.2744788036031741,0.2522125749164493,0.2032676689688157,0.31367163119814595,0.257405321803643,0.27639833337964415,0.16810755965973675,0.25727141385242525,0.28735345238554133,0.21010779504688712,0.2433286801157426,0.27019912660169026,0.2548163013150734,0.2640777209063433,0.31073689006014266,0.28259467113102393,0.2811964416361709,0.2229420316997701,0.3304291500995969,0.20938700124738208,0.2412605447309459
0.2440687596306991,0.23773965335304306,0.23078878497029673,0.335893722403982,0.33297747311517073,0.2232233288198627,0.0,0.23421817406666123,0.2428917123416881,0.27294536355767446,0.2779554929655693,0.2894158974265427,0.23657027958600077,0.22300802591553745,0.3122735753103069,0.2255423382258674,0.2128074163242938,0.22996438572158634,0.2483068896669973,0.19927695854630273,0.27430607608961466,0.2548308859197368,0.32175259750385293,0.2800000613993267,0.31403575081140545,0.2671927796501602,0.23576370357632567,0.20845242133505518,0.23105500319215833,0.23428834087333872,0.2866355343034377,0.24795993901296118,0.272578570319275,0.24750924106897265,0.24990692376764106,0.24699389513172781,0.3233268528988759,0.21938004092939584,0.27056605485086377,0.3064838847875165,0.24999559984759773,0.2877737758423521,0.26189887288731484,0.33282936211795516,0.25654074148543726,0.22219217178096545,0.22572521076809302,0.31513754899009827,0.37982256121910823,0.21717347432874662,0.3197280820695663,0.2197149153143409,0.1803396785298682,0.2955700297127165,0.32589234249307575,0.27398412438061387,0.22699533311444067,0.2697368126747012,0.2919894392041148,0.20825378294178307,0.22903577947605488,0.19109960509640056,0.2091256189673687,0.21499906559476337,0.2280137221376009,0.2028589389942172,0.32946961369769795,0.29209042694750753,0.213016976916905,0.2595009093240821,0.2827239193076653,0.21769916537321726,0.24740445142379774,0.29575039223865024,0.18330899085915642,0.20876795728625394,0.3673446091606108,0.3215904416070471,0.19966128559064017,0.2179845699852284,0.23753260699030523,0.3099842919587788,0.2822315145047199,0.17976961606371591,0.2572772706757278,0.22215978647984033,0.30230647656067644,0.2749245652937525,0.2183891493277025,0.2550023176806699,0.31018000044986244,0.35323355445026267,0.2593450345347451,0.20515632586880952,0.2949605508574132,0.30781737406130844,0.18176291459274407,0.27625018998926054,0.22204114715233075,0.24692287177406913,0.24796761890532623,0.3136476186991734,0.35311015600077045,0.2477413098137069,0.21709974730377782,0.21983956730455687,0.21501115272694557,0.24969644726057902,0.2553646594418516,0.2962651426882401,0.3708612705986399,0.27006941362042514,0.27766226036707614,0.23326823362056243,0.19652979403608745,0.20815038447691203,0.2190930537707037,0.2694330958737865,0.25854559948374717,0.21509218640414213,0.25020831683931777,0.2646207129828043,0.220521530178242,0.31977452814819485,0.24836874594588237,0.2597530636278431,0.21421590930982642,0.26632899840104757,0.21941516561910923,0.2448155435070322,0.20099243121955962,0.2171461620733852,0.22192010679656654,0.23211444742863213,0.2580646629808194,0.22544563507003684,0.19791667935797014,0.28294307220842685,0.2699030695201283,0.3137487227522702,0.25211561205074745,0.23107443902892452,0.29158383024693313,0.271446429975137,0.2921311533601055,0.2920614225134634,0.28150659453579474,0.23559719675581545,0.23364240558254526,0.14590068216584898,0.30497403462830425,0.24404660095160957,0.2305267567362075,0.30595188558499004,0.3393782489059591,0.32093442042093784,0.25538303673946644,0.33942375833116695,0.32051130801356836,0.28226499636783664,0.221136391992523,0.24369618525882622,0.2993701733330092,0.29036313783914824
0.33695686598853036,0.41512565406716767,0.3479970322890261,0.2896902223704374,0.254583789995967,0.3638804348894824,0.23421817406666123,0.0,0.33623136336187986,0.343693210090692,0.2987435381647139,0.3158887415051243,0.3839435659575529,0.25881198438342345,0.29431880370342245,0.3616264554887424,0.3771556661591013,0.2672841908955885,0.31219152691295926,0.334900320124803,0.3708571608315607,0.28493033777484233,0.2468536721295206,0.2768508386184488,0.3371088085093283,0.2617559442455182,0.26354810106505616,0.31702820430133216,0.2820552080302726,0.2940784937651585,0.38106945383208024,0.35899068484924074,0.32687618872376306,0.23404085142492984,0.32354035792829494,0.3218877505214831,0.33485279655770894,0.3643915321789533,0.2838639948442891,0.3891207764940828,0.3720293285480927,0.2866922383970516,0.28423527301573587,0.3255477539979211,0.36941117687620717,0.29678769140028455,0.2664395345366229,0.3097508463043211,0.30326124367548185,0.34149851849234886,0.3519504743676524,0.31831179956903505,0.2421777804317652,0.31667143059637193,0.3068271589400863,0.3377934890583765,0.3515770657367413,0.39616955279160104,0.3204344464247745,0.30946544443386703,0.4152014913725764,0.21688794821833945,0.32365451965145114,0.230276916932646,0.2383581506131443,0.2576960633190696,0.2926049507257499,0.25695814303474696,0.25716357196931344,0.382151920047586,0.3274746354419314,0.29939359276252053,0.303389511112694,0.39996325193276794,0.38821780923264215,0.2371799964643945,0.29190655550864997,0.29286037975779167,0.30720086382259715,0.26641136758084927,0.3078599493142412,0.3059502970774244,0.3685352051044051,0.32637572079950544,0.40755427494259455,0.4888518011855999,0.38094848198849734,0.302653367096931,0.314176150073477,0.28004670340678695,0.2994041734785469,0.27797875115282006,0.3573945144184098,0.2721442790030631,0.346742114078654,0.2942957306489575,0.2538725129795571,0.3039437385783817,0.21333183344382903,0.33878249071111727,0.24612400418864555,0.3139284505097926,0.241500645586121,0.2708291401310586,0.3715431528773744,0.33601677828060184,0.34247863059090516,0.32985179732775505,0.3268617615986936,0.3151537956736662,0.2598806899421075,0.3133572349494785,0.38328882216375637,0.2898196478904195,0.2885098493130851,0.3925029941053839,0.33484672853092157,0.2533363267199626,0.3013469643919656,0.23022698465454336,0.3205738429953547,0.339191825066898,0.30311457066297826,0.3491332518482519,0.3058645626596937,0.3268946335867915,0.2650348549840611,0.28450089224674247,0.3292107474084166,0.3054035789995283,0.3511327831605843,0.3950962979270459,0.28127794669875283,0.26745124311584617,0.29742751742098894,0.2397559156622341,0.27331455186509584,0.3320181156841004,0.30621637611696984,0.3448245778355322,0.24848233995197527,0.2680130970022839,0.3715186098943821,0.3128361817845075,0.32911342814044564,0.25307273228748295,0.385711779976604,0.2759506461512141,0.3938159112578979,0.1868124831612403,0.35192854778644156,0.2961335247594683,0.26131144083671487,0.3192141350256285,0.3469099369463372,0.32062409506158496,0.31515350097388145,0.378687889847745,0.28601988826524216,0.3079876528936077,0.24797386253472506,0.3744872975680421,0.26054466009525723,0.3010600549298935
0.33399968105000233,0.29354948840283923,0.2821822200331997,0.24892036737200965,0.3041936291580242,0.2622064020871557,0.2428917123416881,0.33623136336187986,0.0,0.2574858366919287,0.2832441152393474,0.23906119860153718,0.2901541010211931,0.3099892233520399,0.2565533175497531,0.3221064937670212,0.3048414064483156,0.28848333119905606,0.2237575993238809,0.2803545594728298,0.27167351629652137,0.36308071992424484,0.2259252906591012,0.23214498713869178,0.26487917096336044,0.2340005333506532,0.2731374252994417,0.26733846354435625,0.25977232628338714,0.3494804970991247,0.32187916828373025,0.26867752181443244,0.26300879859041426,0.188156747265659,0.3155610371329788,0.2480778324998357,0.2863648266706946,0.38682398661463474,0.26552293788008124,0.30024409516454514,0.25904987666793816,0.3180213705461306,0.23754381275305506,0.2894750814386876,0.2729627070665794,0.2388011918494178,0.22091433462044613,0.2616184711771331,0.26570069322126866,0.2802311447598344,0.2773336087811902,0.24170266969899293,0.24468226730691756,0.2683381531840139,0.2618003616333331,0.34210000993156625,0.2881253587136003,0.32832384692328115,0.2577358211394674,0.23523232323225063,0.27967011805656905,0.22118960901964768,0.2517846105201602,0.23309178302008957,0.23657275687215273,0.21491517782923494,0.2999701794119035,0.2687207132235004,0.24864456092673748,0.3363836926618413,0.341509021299552,0.2682557383642484,0.31478519835943086,0.28514025781403884,0.3131016049247727,0.21550168757307284,0.2524493481894861,0.25588751177940317,0.2523337318153325,0.25480262920872027,0.25956048202957027,0.3481553473369911,0.35474020598570954,0.25053966475219913,0.3296355499413795,0.34584875499977213,0.31220752092159304,0.2980155173742311,0.23867192834185516,0.3228722684584848,0.3652559110816561,0.2920627075390214,0.30547171506680126,0.22806380539908638,0.4179092039840701,0.2900308156155071,0.23359861982308855,0.2413728949086421,0.2546812371431025,0.23779066339347435,0.26790040888339317,0.24803005400665518,0.22912620726213828,0.21538720228919178,0.30861539807522353,0.25951427868715093,0.22917351384321172,0.29188217583836346,0.2551132461394108,0.2414794836353104,0.2100073887132632,0.31788845520923636,0.31937514204742823,0.35014714940542657,0.23522294745262862,0.3226363010193589,0.2464066142076851,0.24503979652148866,0.22803303937873987,0.2693632360494089,0.3492821445996376,0.31255547590847527,0.2631562357794396,0.304718326364344,0.4257595425009418,0.24673088277913333,0.26662546421223443,0.2448141414225886,0.23265355291833303,0.2844242011373022,0.38211637879327837,0.3440493412538615,0.2888788827672927,0.32271868613539995,0.24997627734330263,0.25563427677892736,0.23025714389668536,0.2881751479070926,0.27496622769967594,0.3264169214246338,0.22813343895764235,0.2789003646566278,0.351385730371157,0.3419506849871564,0.28794327383827395,0.2364849071014284,0.40224506508639163,0.24817459265762679,0.2874833310517397,0.18837677780882,0.31190550347622775,0.26507974967669695,0.27227201554534985,0.2839801873124284,0.2640574204300879,0.3303129346079439,0.2754598725429877,0.30261476206789695,0.31728179509015025,0.2930161019415251,0.20474415602830012,0.32780667953389314,0.2935140677069238,0.336968582914402
0.3094343557738193,0.34363463304268793,0.3771925632400739,0.2779709873179942,0.2906861293439865,0.2938220102370257,0.27294536355767446,0.343693210090692,0.2574858366919287,0.0,0.273325654823556,0.2450284222589421,0.32248323429849984,0.2546559220119504,0.29751651637528503,0.2932431158382978,0.288716663953283,0.29376825224144415,0.2752465149495659,0.24981613278554407,0.29962958901861353,0.28330361232989104,0.2892556787928925,0.24552713066032902,0.39339107723291644,0.23554591064725033,0.23933910513717674,0.2550770725004855,0.3464009795906389,0.2644676164827807,0.3122491719483538,0.32072647817017597,0.24979234067045095,0.19809638148553987,0.2784113962681169,0.2474595191307859,0.34255745245047303,0.2685052789153544,0.22042096403870978,0.3267806114925389,0.25098887426056427,0.2859259932936269,0.3019373827187469,0.2728939100112928,0.26975359456118847,0.24798178530404713,0.24863609432818684,0.3149980042869102,0.3395016323842992,0.2520602891198232,0.3385147481320706,0.24576388050382383,0.2029157835100406,0.2900986709018968,0.309732805000157,0.30213994689219303,0.2743375477904848,0.2654806806050457,0.33418911946872176,0.24480060468606704,0.309146158637762,0.2044805974007344,0.26044931337073646,0.20254193026595524,0.23577064375273335,0.23314006564081927,0.25213599310714885,0.3049027539709223,0.2778999699212901,0.37181559855902047,0.3010018364473151,0.2853546070812183,0.23071798744208924,0.3583732336180486,0.254213766827521,0.23386679313336473,0.26144322994091534,0.30841206528967646,0.22405750540154423,0.26219752896114884,0.29455718845908363,0.28657400300566294,0.38082071177473237,0.2574176479775561,0.2764403773996491,0.2859619533015695,0.3142701725125506,0.3190060658059405,0.281984378955459,0.21365830272142963,0.28279307619004057,0.24580870696302123,0.3315563250763455,0.2114427940227812,0.3006460059014265,0.2930164447521328,0.19222716075400897,0.2452282914456906,0.21069530061742503,0.2741795895125817,0.23406038650934588,0.298750916064803,0.24619746278018895,0.30270447737825207,0.27249167301702787,0.2613707703969615,0.2625905716113566,0.30794407380131067,0.2787667635176288,0.29738999404157856,0.24482623450026733,0.24599405498475768,0.30938874657711996,0.25871131258411684,0.23182728574710967,0.2796023779941654,0.2711668779869085,0.3296169582041349,0.2747922274006945,0.22680884419323608,0.24881453169247422,0.2764901049166099,0.22819253314813664,0.3420648955862156,0.2587789345885043,0.34194662435003964,0.22419296608877723,0.23654474824146418,0.2736815647512934,0.2999462804529136,0.29415410629297,0.29512156795875916,0.24957006785027697,0.20859357916921148,0.24772200766906322,0.23100955110453503,0.24006203377216503,0.3018185470567599,0.30864955451055537,0.32195253541142344,0.26978667845056775,0.26249555410709274,0.3034773990320992,0.24801086696007416,0.2752064325827083,0.23655808516476423,0.25989779103295796,0.2933453118429014,0.41070475127727374,0.15876548944641872,0.2659725243124907,0.3001440548382185,0.22381253829513895,0.3126817579524549,0.2919357080184056,0.3041099519417268,0.2712162421812926,0.3557227158595881,0.2845676269073992,0.3164590524195543,0.2976976677484139,0.3418370350098256,0.26780576721236604,0.2642547470411278
0.30516305766713087,0.2734249784715416,0.3112951644157013,0.3023649904689627,0.37738018328305645,0.25131509191045825,0.2779554929655693,0.2987435381647139,0.2832441152393474,0.273325654823556,0.0,0.3436855791597293,0.27777765388849723,0.21814399332037218,0.2518461184607772,0.32490512520440024,0.3063994887776056,0.2624527150957378,0.2703870547483593,0.2541447040247166,0.3090425338098145,0.3275055712098861,0.3140586456726112,0.28724468114696716,0.3392522848011882,0.255585163552546,0.32632265128577226,0.29880869554607176,0.2537562706014968,0.29519013491540347,0.2619455533267522,0.2646560507368093,0.22718731376606568,0.23729705521644767,0.27583318341367347,0.2767599428717424,0.32152928513116746,0.27448927794407224,0.2924353644644268,0.3128194027314981,0.24124186379687784,0.40197195985859924,0.23259886087374498,0.2949405231436118,0.25459338534336984,0.21776136945768987,0.18703365404981714,0.35567810058277866,0.3210010268364268,0.23629772858273956,0.2906849788786859,0.22109855507021992,0.18641968270185158,0.2795595849547118,0.3121572360605049,0.24023779341395834,0.27614884246368027,0.41484977930128286,0.26106776317110714,0.22560619869966625,0.26475021942067517,0.16015510027659943,0.2554740030209909,0.22936086136083864,0.1946278462878423,0.2075187176821581,0.28245516398413695,0.21495274177696186,0.24608742271435802,0.32587680626497734,0.2515692407025573,0.21136671930280693,0.31312617482343047,0.3146048255584325,0.280178985124198,0.19241927298294811,0.3155868118684434,0.2990664375008971,0.1972245868903832,0.20132508785460906,0.2293442977862197,0.2599501844200896,0.2630011470172004,0.21557392404267292,0.28445124005831324,0.2638405378881741,0.3373857565710952,0.22622696561366573,0.21500392319713207,0.2490753097311853,0.3654841329294138,0.2272330532158489,0.29636544615087956,0.21632621211708977,0.2876806009359917,0.25225539102285177,0.1783822732839148,0.23491595956088773,0.20503756196955775,0.2244529961114782,0.22101474307340518,0.2878704834295243,0.250828727336816,0.21735650843955096,0.24840679244597969,0.21099794102763517,0.22127527295296187,0.3333863755071111,0.22343811290539628,0.33363805284142617,0.3502530075296899,0.29118278907813444,0.26626345183137057,0.3015585013013537,0.20719779910078012,0.28353932198165144,0.23230147689198632,0.2749557359247748,0.2782374850762855,0.2384975201722535,0.28123436126709106,0.2282766821035806,0.24965088204814487,0.2873918887677268,0.2416655327075399,0.25164446217454933,0.19531195461615825,0.25386955786976684,0.24574293032955483,0.21729862176413242,0.24921530865478367,0.28592987449513163,0.24341135371550293,0.27317340833021936,0.3119659970009225,0.2002441433504314,0.20411544556925373,0.24864837364384623,0.30887470178241666,0.28447367438253585,0.21069667054768296,0.2496617763477946,0.25631153701091025,0.3002635603497469,0.32844509475635525,0.237051996830427,0.2802847248473179,0.20632619958647216,0.27449915087125776,0.19903507531822712,0.3468399758403408,0.2224879000634877,0.3696314597447816,0.2553031960551265,0.29522984072581243,0.2830684143486938,0.2977144011777163,0.30657344104564876,0.25315272612772044,0.24320383108535534,0.19424439901432086,0.2599664990230323,0.23120665540204385,0.4408813925323543
0.24257881213622678,0.30087941678434943,0.25342942457630313,0.31608909841700794,0.25593787295323656,0.2809159948314701,0.2894158974265427,0.3158887415051243,0.23906119860153718,0.2450284222589421,0.3436855791597293,0.0,0.23838386979228224,0.18053205125951027,0.24180942130129465,0.27154069784551327,0.26382230921229516,0.19949716669414433,0.31200812763710123,0.24908940385460976,0.3159742176703688,0.24140550885525644,0.2682300671245348,0.2933641516571643,0.3175466017480388,0.2746396558286069,0.25494039917477673,0.2432079741285201,0.2515390148273259,0.24317072599529688,0.29230485794824446,0.2478580585636159,0.27146611536043175,0.27639658410843954,0.25565150938240605,0.27901288682901076,0.2952666141893721,0.25211740011695793,0.3713934668195792,0.29723298631174244,0.3188118206306644,0.26249849409707565,0.22604689459793392,0.3284567074132256,0.2785116397078512,0.23210166495714368,0.21052628317105218,0.33036812947852673,0.28102165981623484,0.24302516447969147,0.292368104201246,0.2767123637379928,0.18685283491363383,0.3314848957494278,0.3503887673932758,0.24700265226185053,0.28283317564768484,0.3807146194612753,0.22088861868844029,0.23715826890871844,0.2688366119071747,0.16505093319142605,0.24389960813590142,0.21280673773198103,0.19388262222647132,0.21108224884926163,0.2687200934459637,0.19384456414166323,0.1849493334571493,0.2395490187272355,0.23209849998152376,0.2085969126577945,0.253168043658184,0.2757521158027417,0.24251874310182944,0.19390970936363758,0.2911223367225988,0.3182351172067388,0.22330714934112714,0.20845115965245467,0.21754652990889323,0.2587080919681376,0.2516343879020347,0.20790155579085431,0.30459327707354766,0.2845700117164018,0.2934598107117327,0.22059458650622013,0.23587111166315267,0.2751703908803247,0.2721482308566966,0.2691528595188543,0.263875147911962,0.2370277022214422,0.24851096074766937,0.31058532428573526,0.19552199276667862,0.29730632329341383,0.19519232122064517,0.24267725485825115,0.2191543281984085,0.2624848286681167,0.27750756936430804,0.2646886976484714,0.23003284421475179,0.23357948338568604,0.2626444769617807,0.2662893886763555,0.2397596161868956,0.33882520419570805,0.42062822437962166,0.3120863156925149,0.25219062852343854,0.26189842228041527,0.2174430087019204,0.2661825714058155,0.25001106626382713,0.2473875440183102,0.3071812829250977,0.2049793201722585,0.2539480686721439,0.26122491376450363,0.255867367302486,0.2750781534151444,0.22478599738511743,0.3159567870222502,0.2009927554738414,0.26977260941747516,0.2943981789119164,0.21857918023793174,0.21509309214528904,0.25155379889826873,0.22708362072605098,0.2850283599903571,0.29873274487995943,0.1852700516576488,0.22998253539138422,0.27026350082764644,0.2618555004415658,0.27930917347974493,0.20660047054924477,0.21761064150081097,0.2818926693380363,0.28293616213722567,0.32620550706475226,0.28376507206349555,0.331084122723274,0.20653000720645442,0.2805205306001673,0.18457043787691585,0.34438757553201543,0.23245881582912048,0.2635114931808687,0.2543232649238595,0.36310020515093766,0.24733070083094388,0.25303102724663606,0.31304910396663743,0.2599429480244484,0.2300180735175371,0.17835945966184863,0.2547752696192556,0.2284799099830751,0.29830769763384474
