0,1,2,3,4,5,6,7,8,9,10,11,12,13,14,15,16,17,18,19,20,21,22,23,24,25,26,27,28,29,30,31,32,33,34,35,36,37,38,39,40,41,42,43,44,45,46,47,48,49,50,51,52,53,54,55,56,57,58,59,60,61,62,63,64,65,66,67,68,69,70,71,72,73,74,75,76,77,78,79,80,81,82,83,84,85,86,87,88,89,90,91,92,93,94,95,96,97,98,99,100,101,102,103,104,105,106,107,108,109,110,111,112,113,114,115,116,117,118,119,120,121,122,123,124,125,126,127,128,129,130,131,132,133,134,135,136,137,138,139,140,141,142,143,144,145,146,147,148,149,150,151,152,153,154,155,156,157,158,159,160,161,162,163
0.0,0.3285276441209932,0.3143139165492951,0.30594253122786025,0.2729526460063982,0.30607961605213646,0.28920163232167984,0.29009959635691124,0.335198946544572,0.3521221035051087,0.3343128488935353,0.2936903801560396,0.41273097885684407,0.2735128645498674,0.33771256476675343,0.32974736129652454,0.34496446504025124,0.45923915627952533,0.30098996318420124,0.46140503943561656,0.32086441446091674,0.3489379952405674,0.3198544600833243,0.27388772365549396,0.41799809106338504,0.25365021924779463,0.25756950924965644,0.31856943226195367,0.2708540838919777,0.2522127797935915,0.33323661888955636,0.3657718907175641,0.3196950458926793,0.3181411285038696,0.3944436269266692,0.3295897277470949,0.38528918606401485,0.3313079506283448,0.2499561532819567,0.3385816020145298,0.282310725229226,0.3325695917996453,0.351655840178592,0.36787145208441324,0.344820632563418,0.41323236419813336,0.2529860668825602,0.3351642890873526,0.38462965111628294,0.39300394722670257,0.35571624135635715,0.3309180397537225,0.27991347908092556,0.3165780014701845,0.3503684314176389,0.32273214916057247,0.42240781481596706,0.29683440519156257,0.2875402190335052,0.3707434152448233,0.28591411016929824,0.2668474419536916,0.3271968316867276,0.26392782382123603,0.3311193932891219,0.3607854189145271,0.31679895556474147,0.30261632662024457,0.28567344937352107,0.3182293878488488,0.4614466248640868,0.3191178169505914,0.287661479578195,0.32875402196958353,0.32173974469459005,0.32532404992051134,0.26552980661546666,0.2619085654779164,0.2998526734430521,0.210491675595821,0.2889449645528793,0.3832402084999283,0.28821390213863385,0.27951505536788057,0.35591131849923563,0.3567086631442705,0.30587025379758065,0.30278657740759823,0.3364689006789031,0.287113981389681,0.37133126932043214,0.3391117670741955,0.3882664903381098,0.34710974416827584,0.3688757075863446,0.3265628533313451,0.23671949134381057,0.33247110647163214,0.25115736039026754,0.31170597781823606,0.2780603203620298,0.30545971753169904,0.2715064576188169,0.30524180639488285,0.3821730273298051,0.3620571545654578,0.3322891197615036,0.33562549002780884,0.34951388429941926,0.31785384083295287,0.3246899152768109,0.3910982334290837,0.33729365988923216,0.26102467047700184,0.34337991369934107,0.3011146059107546,0.3280250343005132,0.382531298536143,0.28698578217139636,0.26495821796503954,0.30782097500423733,0.2466930297686851,0.35089208682096185,0.36430218814722454,0.28397234571688046,0.2998547302725199,0.24455474930112847,0.26766612302221016,0.3303519035130216,0.3876298101959612,0.26278265831580255,0.2886584664889931,0.2466334577370516,0.2919035406726784,0.3165973973408583,0.32188836146437105,0.2931377867482895,0.34481704607731506,0.35798516062035207,0.3426950703598412,0.2840466013772969,0.3302233259635702,0.35830046608963917,0.32645196792154946,0.341629581852744,0.2851293785056321,0.29563007906185507,0.2642635446840379,0.40972289767519277,0.2034367119517241,0.35903431879058323,0.28389136339936843,0.33693823709862075,0.2541541371781122,0.3442927754147491,0.3746569276934772,0.30711317911540087,0.29674561851418596,0.3116442847380878,0.31290499743552563,0.27021655761807756,0.3152361730411975,0.2356997466132638,0.3636764146930357
0.3285276441209932,0.0,0.2908649033893533,0.3295587972856891,0.21361932841877,0.3669614990159275,0.2639759106801792,0.3543065499559798,0.3059656954863165,0.34607208739130124,0.2958285016457079,0.3492730707777899,0.30590557694012604,0.2783459483437633,0.3079468770743708,0.2815619728638513,0.32408235552348774,0.3024124319706061,0.3267801349441816,0.3761721101301307,0.3078666627129167,0.33753234772549734,0.29683262480524836,0.3116098708821061,0.3364442009388612,0.22678191875411033,0.2516324601557211,0.33952625375425294,0.365064475657774,0.23997227355405332,0.3346387450440154,0.2841664847690361,0.40574683223803204,0.2879912810274791,0.3057652541805279,0.29015986469600286,0.2770300046447378,0.33360058548514165,0.2800570462830485,0.3169265349219672,0.37481543033485387,0.30636579502348577,0.2260890519313595,0.27777881816881156,0.3459699028864186,0.321592352184718,0.238659891156578,0.23391805556809817,0.2969664336900624,0.3037104895953452,0.2890471923503216,0.3229780174185998,0.357134081128649,0.3332319296041935,0.2965546273734823,0.3530909913983587,0.37792957269071514,0.281199648877901,0.2673095871590321,0.377773134860994,0.3330511490555438,0.2232423991251193,0.27219019047740284,0.22642459453943117,0.2728613870814455,0.2920591629615694,0.28144835125900597,0.2364930283370235,0.2255096717982852,0.2974988548028708,0.29620813311451977,0.2891965899976769,0.2443788509177457,0.3047749261686905,0.366037008628688,0.2902992462203868,0.23644176298101827,0.2705244537436354,0.30053613333816037,0.22846790109440096,0.28262692585857024,0.31106911616442345,0.325606128088303,0.2898249712242379,0.3128126330662955,0.4577620613569327,0.2616751807554732,0.22424053832048346,0.2941750890030411,0.3638181410956448,0.2542091063779417,0.29908337110016797,0.31187510796281775,0.38135627475656364,0.33097497762588907,0.34737883930664915,0.28042275634901054,0.3283515641523765,0.22253430812912245,0.3070309422154231,0.29004947092637645,0.23144512046066162,0.21131431396374628,0.3130294684828251,0.2903001473831419,0.2948820498757608,0.2823880438819701,0.37594387665311096,0.3123614735839901,0.3547931000720645,0.2802913398134305,0.28411658489850533,0.27793494702883337,0.2579178650752737,0.3533352137181499,0.4449275652599174,0.3388606754414193,0.24047692785953972,0.2719253919586661,0.25717290916678615,0.2980183163008155,0.2606184374956084,0.3410206026728462,0.35663728544206247,0.29693779799943865,0.3552219878435273,0.25462534653468305,0.2834940906764082,0.36211153489357417,0.29106023793657554,0.3142907610067373,0.30176427526512384,0.2632307764490564,0.3451862192990905,0.31184081915821904,0.27687425259953136,0.28393713574400475,0.29795099529293606,0.29351369576994246,0.2913911245656384,0.28911322902843606,0.2843360990997412,0.3850252621044057,0.28509494228141186,0.3159231151325033,0.22815988622837235,0.33000407775558244,0.28101209820821793,0.37824155800752085,0.22340929655804076,0.30409383532023154,0.30453055597502854,0.3010996197503304,0.2555225839454928,0.3230568030580894,0.338520893331692,0.3542358754911146,0.3168609153311385,0.2982111519887527,0.2541180895924568,0.27427256153799856,0.34440343352273706,0.25451150232614705,0.31881301033826964
0.3143139165492951,0.2908649033893533,0.0,0.3244670309298749,0.28923987046355787,0.3379382628429703,0.272076639395091,0.27675336007512613,0.23593011819102483,0.32949053888992935,0.3430714851766777,0.29146658791470303,0.36507462812156427,0.22986788328020125,0.29176115293459626,0.4016508887247685,0.39753468221204835,0.308836259448338,0.24519819607971047,0.26898996446312495,0.3759779751433539,0.41371358521002843,0.2743777600369948,0.3058936563019074,0.29377694017638845,0.3117887642695818,0.23630603565763966,0.3008340291253458,0.24262167598607673,0.25178083353139097,0.2303810380989208,0.3024397327024747,0.279493413598072,0.2672540944444526,0.24109777149748926,0.2633344934427844,0.31303611798893605,0.25064539283541115,0.23782457283724728,0.3296375812681449,0.2597775177904586,0.3512534902063879,0.2834615719368474,0.2901017625897001,0.30460433876786713,0.32584553675332895,0.25382469723433765,0.3098471510685785,0.285724585580035,0.2943340707506627,0.34981090521641706,0.36709643281844634,0.2220068371102891,0.33039650454738856,0.2896827334651506,0.25561792607598777,0.29761132274559887,0.3207557135534704,0.2412674851161485,0.29718501949438897,0.2706900911960807,0.22970359889428368,0.3410921991973445,0.20134990006897646,0.25357010933352037,0.3037969329504456,0.27842984562957734,0.32048386866210204,0.25727337561795477,0.2742385089867793,0.3556410052281633,0.22021654199391782,0.24739940073778977,0.4358300682670183,0.2969541944225654,0.21044019810637446,0.33581450468140994,0.30196529094482505,0.2303018942842932,0.20925915191608813,0.2638182331910318,0.31130984702897624,0.2982831675988551,0.23365991884502496,0.2770614953482617,0.2959000453782163,0.23262726682502893,0.2132290209192737,0.2547829776490822,0.23320235695947705,0.3349353850819743,0.2377317521098173,0.289742526178816,0.23892664825637377,0.29777293831516116,0.25967326209475333,0.20390507824557313,0.2712478563732435,0.18999080774237492,0.2848500227913389,0.19838815085667014,0.2754917867597732,0.2177568451372758,0.24648302332700267,0.2620307386751146,0.39289193678224843,0.3180883231138561,0.2786018660127824,0.29995333916807715,0.35430994871447996,0.3144461153832928,0.2548829265928055,0.28015567684446924,0.22324364059386806,0.25629772188007,0.3628666264720125,0.2328752448862918,0.2845402681513435,0.3256595122020886,0.23084263878322675,0.2881270551874676,0.2190500025313844,0.2570716757275024,0.33373549706401023,0.19147612653886859,0.2817598305693784,0.23944606652101894,0.29073882610979007,0.29773578989836014,0.26507814363894405,0.22851843547447495,0.3972121707174143,0.20402617239496795,0.22259720352448964,0.25872885268955415,0.22486001139950135,0.2204077308051942,0.2563348413020386,0.27800884131680337,0.24178093171251516,0.22142134643946082,0.26505793947935974,0.3018426523349026,0.2710079114430884,0.25656102617209514,0.20971535382096101,0.3134224180187305,0.2682163483727394,0.288761165304792,0.18287110158807993,0.2364976403712384,0.20015054685022668,0.27060043602191375,0.2919566618150726,0.295327846792863,0.27625488918117586,0.3236331697393533,0.36351972862446763,0.2127184344811841,0.2775328814532096,0.25440427386013187,0.20471784786652056,0.21307767269954164,0.3076449054742375
0.30594253122786025,0.3295587972856891,0.3244670309298749,0.0,0.2242680890922149,0.28041894942621737,0.2751177571994354,0.3106441120976789,0.25339315844805327,0.3301600325231156,0.335055477932476,0.29730838489979694,0.31078782948076306,0.264484010392292,0.32313905044635777,0.2931986153909899,0.3447905459666253,0.32757053791696206,0.2992940256247891,0.31288134145961666,0.36101374446988876,0.33598569961521274,0.3214474735548163,0.2749628163633544,0.34358004631140415,0.2862707568189456,0.3031350352117683,0.34826133058661374,0.2699258698918932,0.2035409015707775,0.27313533560137465,0.2870345269858806,0.3774186157388135,0.32391323885939,0.28165641488306487,0.33933098031734604,0.2952884608000434,0.3019400115199964,0.2887807105382631,0.3537801006299145,0.3054785733475482,0.2991671589827288,0.26624085467147235,0.29396296888492557,0.34122831942198445,0.3643906998190733,0.19048658887669398,0.27926085021486724,0.3105518436594877,0.31158332990669196,0.3607132189095101,0.33497858228581784,0.301273346024623,0.41901035253117197,0.3441490376637775,0.2696304153047288,0.37473686959976205,0.28663863652883304,0.2832666188496499,0.3757930874932011,0.38062192718323606,0.2487762121510037,0.32030083123394504,0.23149090850360307,0.3167403273759972,0.38112469915130703,0.38407226523713506,0.23083087605873034,0.2769317433662661,0.294383923844359,0.30996578801485863,0.2708745349546494,0.2905014688975148,0.4226416131325333,0.3418866431384037,0.2564100651759689,0.33585374343184793,0.27525617847663314,0.2892784986196581,0.1911442947492786,0.2558875142833117,0.4135412592674488,0.2411387751929835,0.273581311463799,0.404813820904452,0.3083365821689784,0.3138565469318236,0.2655756882849079,0.3019985389464867,0.27775688900882706,0.30094688185801066,0.2795880831912915,0.30205230667392474,0.3149698407650548,0.3866955714694647,0.2679152598236959,0.2594118895024491,0.31074768903116773,0.22936788567977714,0.31929331717953435,0.2641789688857906,0.3275423236425708,0.28708056108934227,0.27133065698092823,0.3215970956000909,0.30491309807916994,0.3674228007712638,0.29976103366751444,0.3119375836144724,0.31247397660157733,0.3422746506802455,0.3329439319040598,0.3421388913576766,0.2923550278073414,0.32276076333916087,0.2968386706154845,0.2916183023401074,0.2688053653331918,0.30582322482552904,0.2803766880862741,0.27771684640956457,0.2950276666080248,0.313803304704922,0.2950225370269372,0.2380181743091095,0.28213089327035534,0.28813958023025216,0.2790166679074047,0.37570609706007835,0.33617199614850685,0.2312562611154546,0.32282510102346623,0.27510393206116507,0.30190536663301015,0.3502991173558534,0.23908380323358866,0.19685316555067364,0.3021526543839471,0.37713775766379953,0.2946393390600141,0.3059712423215616,0.2805436784170549,0.3967296196041994,0.3468700247979074,0.3016194088197571,0.23309816541807993,0.27606961539994895,0.2605810002175115,0.3097752658842164,0.20472006839623139,0.3310887612256465,0.2626127957677487,0.34696321999381335,0.25341031815019827,0.32251997952464473,0.32668769926730545,0.3190979611016909,0.2808743245034597,0.3174536867762259,0.28144741462789435,0.30251798287658943,0.25468699120036237,0.2788877694507467,0.2926477724196703
0.2729526460063982,0.21361932841877,0.28923987046355787,0.2242680890922149,0.0,0.20478601818370995,0.28231725414579245,0.19144231563500744,0.21707030518761034,0.24995801357708206,0.27516434819769736,0.23054987951371989,0.23290108171466578,0.20846059578630655,0.2587504003469703,0.2828923320232015,0.2647084753515528,0.280147666034975,0.19637272378139276,0.22482560582718406,0.26731371539197646,0.2785116882652467,0.27259308645611807,0.25223873281749387,0.24837507575666107,0.2502530563859357,0.20914923160381904,0.2033073270117755,0.2201240865103223,0.23399008855652687,0.22537556061528458,0.22152317904771504,0.2148599771786296,0.21363437497558382,0.2743175958006301,0.2406023137231693,0.2612158806068797,0.2249307772025595,0.22867907759515688,0.2527111502120093,0.22210706574119035,0.27814347679182816,0.26736047277801844,0.3048409936071054,0.21426091532532232,0.2393090813896017,0.24651898585029447,0.3143109191047063,0.28646441956236834,0.2473998574993243,0.2549986276822391,0.24557678825591628,0.19878758428468712,0.2296117994502582,0.25269890843630965,0.21592499096340267,0.22983047356941544,0.2627745780935536,0.21065663821925484,0.22653456178719303,0.17946523107701656,0.1948329787458159,0.22628708189285324,0.22202253333497904,0.23441020230929666,0.20235456838053834,0.21356667655113906,0.2494272112337176,0.21227785123541262,0.21970593474575345,0.276901808461729,0.23023497967575263,0.19488860759974597,0.23890878199221308,0.19509711841481484,0.19938247175051643,0.2346786891698464,0.34287140263118177,0.19921579403937928,0.19555199654904754,0.21725206268241892,0.2504241564692527,0.25414319486470355,0.1785794752178417,0.23242630208657933,0.21318954541066865,0.20530192863290284,0.20316065041433062,0.2012060548701297,0.19868544297823468,0.34360021383397465,0.2424979521402583,0.30007559568225495,0.19463826585053184,0.2566552217817643,0.23185315337833995,0.16016519797529238,0.2218256744232667,0.21404115524841327,0.1949764569459029,0.20107812633737954,0.21726253054826397,0.21498359009668844,0.22475454570417247,0.2196089952373242,0.2615576674644576,0.21037023025521456,0.24080255385449723,0.2674484509806883,0.26200757354763726,0.256383747697114,0.27401555399664806,0.20170397551788755,0.2077928200598968,0.21096760729446315,0.2288839182019178,0.19972509636521416,0.28839361367300614,0.22672890364518108,0.21460994573576067,0.3411419563584651,0.19104573655506193,0.2187305547774395,0.2770038272495109,0.21514413733470406,0.2220840205610619,0.1868307163441335,0.24382525014585835,0.22553186111400605,0.2424374910997091,0.19411023028722646,0.22802661020720788,0.17658465608947083,0.20710655796000207,0.22392819656015533,0.2458642973109861,0.21254760034891432,0.2829842461950232,0.25329846785072957,0.23952778436333294,0.19167444185125868,0.24802378823074425,0.24784270893604798,0.2383061034836659,0.26076112622874514,0.2092071069006521,0.25338591420647005,0.22304518304878618,0.24439364874498787,0.17347580402659246,0.21458641398224737,0.19764396464897696,0.24568575240971316,0.24710653267350424,0.24682691827929482,0.23823990938210302,0.20970681603446245,0.2633436844023339,0.22105170018731027,0.22322295516330562,0.20543188779922644,0.20307488163063148,0.20563031484900376,0.30109693173546537
0.30607961605213646,0.3669614990159275,0.3379382628429703,0.28041894942621737,0.20478601818370995,0.0,0.21844747334696252,0.31189383923913483,0.27358993311901314,0.27213316971044305,0.317213473523694,0.3572182207451545,0.3439559447328683,0.20656392756850378,0.27742561622042144,0.352931371069267,0.3544944138732257,0.2361278046942014,0.2860772765617532,0.3269288122257597,0.34048040841953814,0.316355214444165,0.21318060177937018,0.2675757080327908,0.2944644674362057,0.23772734444317514,0.2174849253564807,0.3005358907138312,0.276435951332356,0.25992723705789667,0.28758531955665173,0.3398712126241459,0.3330924345910255,0.2647196547359757,0.24171513739212003,0.2445187505946477,0.2881625776042343,0.27776277389328063,0.26982707280824964,0.25523696245671185,0.2871959681526791,0.3032060890923725,0.25407180838615656,0.29767306640758,0.2711897485343908,0.2945654134542991,0.22987875940598385,0.2628819744084461,0.22481307299109132,0.290615515497133,0.3034123832894032,0.36633522051159373,0.26270731208637643,0.29418071577658206,0.2650660995447015,0.3246180970005774,0.3470160998812027,0.3650425403987295,0.19936896794691866,0.28615136257391743,0.33372717786504474,0.2524009373303735,0.35002142753553295,0.18534580012277582,0.23932690784631605,0.28686430572722543,0.2511310322769867,0.26220211085179396,0.2004693997643429,0.26955554661437264,0.320433733041189,0.21647984894626932,0.24432573203058291,0.30918083352268905,0.37963367757994065,0.24783027238357722,0.2698677965766478,0.24818769037782654,0.2606284828118717,0.28091051962598174,0.3501572420986655,0.28571597427124795,0.2974281215818293,0.290184824673216,0.2941305586884598,0.3277735116012069,0.28509552798386256,0.20941176978046747,0.3021874685103687,0.28414327140926143,0.2720003178540605,0.25614803289446564,0.29700304851351783,0.30854283887420886,0.25395603979333414,0.3098833379160839,0.27182171272419337,0.2951707528277944,0.1948626790799724,0.27321585674396565,0.23221981398328354,0.23912425287138797,0.20208971275158122,0.2471545094557593,0.28357060932009825,0.3737983812795792,0.33175912049392664,0.30201014254086694,0.2611576492820435,0.32811974519338477,0.28046321134067453,0.2459593826311415,0.3056781535618723,0.26103058767185777,0.2899284319476422,0.40757822921458103,0.3088916646215023,0.2315414465216735,0.30740853843398036,0.23798628099136185,0.27844068463941624,0.25640688828328484,0.3065854511052984,0.35975442296721216,0.25597399629834944,0.32539489510976743,0.2569459962837025,0.2712220657145765,0.2976604529909771,0.2325958741626854,0.28769638119148483,0.4770727495715066,0.2515255902744222,0.284220424590311,0.28295950663837355,0.25373823398047635,0.2763028612357787,0.2306261148608481,0.228767716019951,0.26050016332513887,0.24059055013775457,0.2776404510248594,0.2793883426291834,0.26055378828636977,0.29116765571053593,0.20328932082905748,0.35318419537108275,0.2996201729772403,0.30038999704350716,0.21746263993276552,0.27821593931495253,0.23774180835302788,0.24671848330482166,0.22877399053219158,0.3129245767152179,0.29389415252662016,0.3279832020567479,0.36611287112717816,0.22417674757944506,0.28373938113406033,0.2293914367744074,0.28015521276055744,0.23098102119431022,0.3077395756835701
0.28920163232167984,0.2639759106801792,0.272076639395091,0.2751177571994354,0.28231725414579245,0.21844747334696252,0.0,0.21112129126502316,0.2210423071023235,0.3010213321411497,0.27771502980505075,0.2692144735413687,0.2957669824953817,0.27246502211308393,0.3102482541468717,0.2514153071680734,0.262511778686566,0.2992923775527,0.2216426704812653,0.229700623097315,0.2717938535753616,0.30345405406408016,0.37288223503887963,0.2835864283118766,0.294612377708325,0.3006916793723892,0.23243655226235893,0.222090702046793,0.2689781234796687,0.2188978597071062,0.24548520155905348,0.2958453230189304,0.27063281118023014,0.272015490591818,0.2547316117280459,0.26613979582045477,0.3204879109517597,0.2290825418336941,0.2389226127509999,0.36038723474735507,0.2641805016108164,0.2981106890927174,0.29827052172533725,0.29386305870050655,0.29114373677702826,0.2885602118000754,0.30174211152319685,0.2748683987780521,0.4293289720026216,0.26688944322841246,0.3350686642010733,0.24604565079095145,0.2150020314503573,0.2800209904820077,0.3216430954611172,0.2607710276001844,0.25430239642125674,0.24076267111356123,0.32388766259146984,0.2550437382364885,0.20198199157765698,0.23476082824179054,0.22523548868770468,0.2720670704870284,0.2521873056143416,0.23108026963129397,0.3139916327358129,0.3270260904775202,0.27517217750341444,0.22603010003703816,0.3208710584964621,0.24546065529058564,0.24319414309916762,0.3271399312464952,0.19555773570165713,0.2355931853432246,0.33686312349457825,0.30345210206897777,0.22137319125295696,0.19157120063218921,0.23969844301467683,0.2745767537648867,0.2598103760960865,0.18879992137063079,0.2528630606934005,0.24156422541246095,0.22136660164351166,0.27843009788352513,0.23304020307979428,0.23218205045531118,0.341346977149362,0.3145198802289837,0.30338155588211513,0.22708403472474248,0.290729744926537,0.28440947370963526,0.1764200240738259,0.27188822865951967,0.24113198516244466,0.2849048225047369,0.22874983763689807,0.26596547669341364,0.30164026248171744,0.26161803964239366,0.2301166759693894,0.28702654028767705,0.23499021137948795,0.265312787410612,0.3560020163029034,0.3099274145187084,0.3384774721314089,0.28614770421799973,0.2618852277050882,0.20486993851407162,0.24082203331168078,0.25514709522471324,0.22964576042829732,0.32772193909220104,0.29415572594972217,0.2152410125418139,0.2789778498855733,0.20373607262343138,0.24599649401707574,0.30765185217156593,0.2170592439525117,0.27588236272001676,0.23787275388358306,0.2861397248059792,0.2517736279008664,0.2880665528965641,0.2018348110580773,0.21506940563334997,0.19325955658102884,0.2093793698311413,0.23147291535551254,0.25635811384790946,0.23119727709412766,0.31466187637777643,0.29910038880727247,0.2648103709349094,0.23404505364538794,0.26768501615686785,0.29303178913362976,0.24783484450406315,0.29194387175764325,0.30858977775909013,0.24979347376685662,0.2603127727252008,0.2746607985864401,0.17463607366109607,0.2352892573697361,0.22692844671879336,0.24620419649751404,0.40612156195789334,0.2900904643667972,0.2829361441729078,0.2634332345480393,0.27922775901976415,0.26441009713328945,0.2966914023301854,0.25302513176228514,0.22642514171610192,0.23326764106843387,0.2847181566304342
0.29009959635691124,0.3543065499559798,0.27675336007512613,0.3106441120976789,0.19144231563500744,0.31189383923913483,0.21112129126502316,0.0,0.34649071163999634,0.3138520810816553,0.2714477124256831,0.32376010897865526,0.3041556518641623,0.2269106446706817,0.27111119802271255,0.3029385677351821,0.2964984318941886,0.2703369249559849,0.28573874465480553,0.329862166298189,0.27005301573231044,0.25435411063151164,0.251297917861004,0.22523944171129345,0.3195538789634739,0.22531259532134468,0.2717751267835193,0.3357833307590179,0.2472397273139226,0.2419471373897313,0.37472038790031503,0.27322238945842964,0.32101843031934735,0.28197532154866717,0.26902780471873544,0.27629313928630483,0.2765525030639766,0.33961348244349204,0.2749756281047668,0.26075108387968393,0.2819390638155685,0.2643826185478923,0.24129181305627484,0.2473645068865005,0.3526017769053116,0.3131097218144967,0.1997368043564895,0.23087153188678122,0.24835528392745207,0.25881555914889914,0.26406551815964946,0.26734006031519214,0.2641239621404738,0.264794897623113,0.2704398504085958,0.2895037356429065,0.30630336466500735,0.35112636169334865,0.2375708669328723,0.28654873867257413,0.3986462173943236,0.2205123372331237,0.2818850042126549,0.21053684875626752,0.22981847652353182,0.2733413219402752,0.2917817621204528,0.22376389946669697,0.23937720734557427,0.43644415226243694,0.28060158192041207,0.24973669206960322,0.24427059798875825,0.29018639586191447,0.38573850059694925,0.2545591757843125,0.26840038327168125,0.22449689521778776,0.34892082248874945,0.20318209925799638,0.26802315291102247,0.2917217585500315,0.2864485136265541,0.3290734335890673,0.32095937588549905,0.4263178562377076,0.3738132353186199,0.2394020555699619,0.34150169097619215,0.32731748993309356,0.24636865803210004,0.2702605660641526,0.26047633070796905,0.2733454220715323,0.3050238818824377,0.3065697801534553,0.28474906925043914,0.3209534965547034,0.20262616267510022,0.3013860018665632,0.25240861525063674,0.30631959659615954,0.23006217716142008,0.3265401528050585,0.30945931497219337,0.3122330229129855,0.290850944296271,0.34892457510895875,0.25608133158486546,0.2595452173068738,0.2309141290166057,0.26811048786469094,0.29452227744857234,0.3204089570003979,0.29756252976901126,0.33572401732744883,0.3304252493114572,0.2309701373991955,0.2352812056242219,0.26563279674295653,0.24678649570603867,0.40317587266789634,0.2608479403998393,0.3017892984449697,0.2536603421454812,0.3045245512275857,0.23124455943286798,0.28166842941279446,0.31488874307276604,0.25608389347189797,0.33353001161714246,0.30707485038675597,0.322592400988211,0.2829992554877071,0.28650512969589115,0.2230583679404445,0.24571257125529966,0.2403741435663687,0.28884751397464536,0.3092806759403084,0.2779833038439804,0.23681871643578253,0.31606375364740963,0.27911591900398236,0.27761390843025036,0.22216342244390783,0.31343032174591895,0.2746447263906522,0.33834644398989333,0.21536276163275722,0.3540901666720649,0.28220562215388295,0.2573947120506845,0.22283164736023908,0.3550246132545132,0.3571978055045721,0.29274197729471385,0.3151127812182419,0.24889615823139805,0.2450374541998804,0.24205477720743843,0.2997975702079769,0.2796017173124873,0.28353027980972817
0.335198946544572,0.3059656954863165,0.23593011819102483,0.25339315844805327,0.21707030518761034,0.27358993311901314,0.2210423071023235,0.34649071163999634,0.0,0.2672760083095474,0.26461101810053533,0.3196101157804187,0.24929047358829187,0.24889429569616225,0.267302447956478,0.26967088263781447,0.24849369576948405,0.2906839487979564,0.28694303882347183,0.35045658781834627,0.247776126719827,0.2894985661581872,0.2406974330389129,0.22610683029111642,0.3154340014869429,0.20325852678097014,0.26940916554929834,0.28894365139926065,0.24679480814750085,0.31097246605275475,0.41955305736310167,0.2630059776843329,0.2805390634431143,0.24260553430386406,0.3194117734293952,0.26139142421569295,0.25460107427586653,0.3740086145741475,0.2628676929998267,0.22872498409371947,0.26306789674547915,0.2866713447920173,0.240791207559056,0.27573666246492895,0.281835471934301,0.2624913462505631,0.20062045458533187,0.2373081058849108,0.2547281415952888,0.26123809692377964,0.23957085719073837,0.23266354586385415,0.2527312244682578,0.24777814905189882,0.2593255976216418,0.31101152912309,0.29237186585893504,0.31422984946210986,0.22941391654431084,0.24467937739548298,0.2509814341507245,0.220332408411769,0.24229183627170345,0.2440187241338671,0.25102020460070495,0.24313640234602088,0.2628638848937055,0.22099430603715348,0.23344754729597858,0.3329674342197985,0.2875472489485201,0.2726386471531649,0.25696001894578246,0.23135687436188765,0.32569983036591893,0.25945579293962207,0.20507319026709647,0.2103116694311522,0.2948673283140257,0.20318508278086225,0.2657172124582167,0.33085873559905926,0.310986968192478,0.26946579539871407,0.2964723681718769,0.37558365158985013,0.29996464954862384,0.2624010420273921,0.2910769023775845,0.3552705952129889,0.2739956390149043,0.3260000634153616,0.27375328596567194,0.2587047698221636,0.29737224040028515,0.33145120878468315,0.2746633915285291,0.30806044320589576,0.25304993625795186,0.2377246741985122,0.2885077973567261,0.23146524279726705,0.25139108431273843,0.31970705002130234,0.3184297802905338,0.25439981835706066,0.22735360140545816,0.31942920018896714,0.23210896482990562,0.23235445732000787,0.2229690946966373,0.3026514757145233,0.25919382937622404,0.3562939139783533,0.2716620344729823,0.2790349987289414,0.3089297449611885,0.2631821505280814,0.2034517154993447,0.2768612175807376,0.2695092994699435,0.28479611082803824,0.256810715167791,0.2885585483101375,0.3582721587234267,0.28287179614578817,0.21511177810576018,0.2389145711943283,0.25405224270742716,0.26962367763954237,0.4004263327039768,0.2824815581722806,0.28028911867317735,0.3448361107853456,0.2807274360564786,0.25295205792176456,0.2752916881969367,0.2507059572602715,0.30039237071641267,0.3458724907919297,0.29056741520669155,0.26090252234638156,0.28861216909354803,0.3127329901752931,0.2846747777795537,0.23836274488877493,0.3720961722094683,0.24482640345720347,0.3365313021683606,0.22760207551730416,0.3693032688481688,0.29611115115723974,0.272783918249522,0.22014441392642345,0.3289724698682122,0.3391941644552398,0.26433318635783887,0.2787099163715294,0.292685591364851,0.2332250025447549,0.21452754325678006,0.3560432702272928,0.30416216408056956,0.3168582738102961
0.3521221035051087,0.34607208739130124,0.32949053888992935,0.3301600325231156,0.24995801357708206,0.27213316971044305,0.3010213321411497,0.3138520810816553,0.2672760083095474,0.0,0.2598930993823603,0.24775745206032943,0.35412313234025516,0.3019229674084614,0.2786389317677979,0.2988624527918122,0.3297479481236467,0.4075115637121927,0.25072449754307913,0.2906413526114742,0.27975047188146485,0.2804209056160152,0.42676974052086136,0.24485476743051612,0.4466481388953256,0.26244253800780515,0.30252401448923677,0.329142077538343,0.30108664657713635,0.23950241549132717,0.29377956128613913,0.3149711526925912,0.2680179918454981,0.30289486526726445,0.3145224755165397,0.2773593950837352,0.352900434363843,0.2965780937932922,0.20560925262993715,0.33272532691362866,0.2436910913538728,0.34337085779446425,0.2826203944141398,0.2656923306787509,0.33397457824386273,0.3363666678193443,0.2579595535075499,0.25631399522008064,0.40387172421103634,0.2606339221662093,0.2849108724655159,0.2756325517456548,0.2533955340857016,0.278857028015032,0.29956700615688747,0.36077234059230623,0.28446527010776196,0.24694053556566445,0.3010909099839377,0.3137437122090327,0.2908180218086878,0.24770045101500354,0.24993403183684873,0.2441777991702783,0.27296923816687385,0.29718031105674375,0.3030962672061175,0.295712235944212,0.3113792955121602,0.33989939870873365,0.3034919778754323,0.33903585236217526,0.2460244108169172,0.33115869696297406,0.28202000326547044,0.3200866287378638,0.2685957776328587,0.309490623446005,0.2655995807987824,0.2280026256036828,0.287599099462555,0.3046149547823564,0.3110420467689567,0.29356092731895705,0.3283210733445623,0.3239670114466485,0.2924631577216563,0.2796175867923681,0.3747362981697485,0.2696061968892194,0.2918451081981456,0.301815944887273,0.2957014492485745,0.2585452306078683,0.3615267607609938,0.3192022349935927,0.2017508569461933,0.35861309028510496,0.25159476288540916,0.32937534676633146,0.26980035003600256,0.2847768164605167,0.2734126971480323,0.35331896616132275,0.28755526611059656,0.33218019466798876,0.29476613161145027,0.42753186338214233,0.33087888162409473,0.3128752702260574,0.26839069001676596,0.3032389958989458,0.31466896868552324,0.29339451995630644,0.2890124995130622,0.3139576939488763,0.3200525640318623,0.3275040878814754,0.2896172109293789,0.31055488650539104,0.25947622646113244,0.27842201890752055,0.2870069670730732,0.31573462550803216,0.25128423599657523,0.2986699320042236,0.2581003443369561,0.25607497010184743,0.34614262467537077,0.34508896802460326,0.3353774853737746,0.26198034844814627,0.26449306204250966,0.2310545949547182,0.24933021712671463,0.25095020301805593,0.2546066471573364,0.321355361376564,0.34806039504731,0.28663187216229125,0.2895019645527875,0.3129760012547178,0.3563348652389958,0.2731336024277828,0.30353912516501314,0.27683511154711365,0.23550975618896047,0.32238493237181154,0.4557614588668008,0.20867676558774298,0.2572118595525325,0.29637377971283935,0.2523591780657625,0.2923139373326916,0.3185457184138044,0.3318318072379521,0.26776969142304985,0.33929360143744236,0.3010592729688039,0.3262550202551188,0.40319950617757444,0.30770727525321806,0.3022366995809242,0.26172140489076373
0.3343128488935353,0.2958285016457079,0.3430714851766777,0.335055477932476,0.27516434819769736,0.317213473523694,0.27771502980505075,0.2714477124256831,0.26461101810053533,0.2598930993823603,0.0,0.3510494999923037,0.32839736277462844,0.23288646182086337,0.31379000287802106,0.3848389078386287,0.36135730214680867,0.3105286243980567,0.2727422002999058,0.30919797692489615,0.3623511435516955,0.38663146159603584,0.27469852363774855,0.32037746108379755,0.31138158047231523,0.3084049967819898,0.25762076706620235,0.31956993983340815,0.30817998086220927,0.26655603067296185,0.26699204870425625,0.27612516340042553,0.3260376159173567,0.25703351776683264,0.26944599837575656,0.2817167654155362,0.3551659702165205,0.30988631898934127,0.3193784907618118,0.31243678524086843,0.2945700412285601,0.31101739224665165,0.2957537423267047,0.368272297110828,0.2859904631381614,0.3096798299710326,0.20342676268178736,0.37352464724505935,0.30674124513748413,0.27545923268714917,0.34277583246302046,0.30864385139489015,0.2473251985943443,0.3486980676499504,0.3480784328813584,0.245104794488407,0.36302299893943896,0.384506228468673,0.2427511927480542,0.2876960672044995,0.3032179947446808,0.21073741860249165,0.3459472929076141,0.21433773002158418,0.2325989778456538,0.2729172423672416,0.2990298941729032,0.2763996987170124,0.25596537239352557,0.29492314497022837,0.35790399762438047,0.23315436074405013,0.24890521873864935,0.34367573829800335,0.3040491835548465,0.23952808462163533,0.3539316203875233,0.28896695582963766,0.27162817287412994,0.21908624586953873,0.28745034510387535,0.28309935892997456,0.2946869211469988,0.26436812399810894,0.28838561811096625,0.3036703892486223,0.2974804983326521,0.22373286630965006,0.24470416256596694,0.2772500360100249,0.3846905515910372,0.2317650025032521,0.34726242877178015,0.2929195688726749,0.297148264294287,0.31185056793860516,0.22334427882614458,0.2403946189701394,0.20248528357517073,0.23858222549730718,0.2642362829170012,0.27420311433048955,0.2329763727083766,0.2519749881479052,0.27608273984177084,0.30429232862890776,0.2696165642318939,0.29502115586647726,0.2797316762520945,0.35213444093037644,0.3528568581672325,0.2894469346263864,0.2704929712569747,0.26753190242215297,0.3079743994747955,0.33177752308996694,0.25679506467546453,0.2920959109528271,0.2884545451201226,0.24297833129981464,0.35122372575387684,0.2415532062068903,0.2834604846593999,0.38102017018177325,0.2416690381780514,0.342589759158765,0.20319468731100387,0.3137799816468057,0.29675300745335553,0.270428972290115,0.2218557974954756,0.3598948815222177,0.2647375053229246,0.2787101208092548,0.3460803729065456,0.2778917183508838,0.2580361152678648,0.2681601570850517,0.3062159632217794,0.2987052947525289,0.2814164681399074,0.27632744145990096,0.2629942556207623,0.2803428701475139,0.38432210107261167,0.2124128790803919,0.3147606713537684,0.27340174464040773,0.2901187972779239,0.2074968366629635,0.3477132921634932,0.23695835798211273,0.3624716829655393,0.24631767706171337,0.3121532549532526,0.34908385539218945,0.3476360419728783,0.331983340976612,0.27429814102307165,0.26406298439963577,0.2356835589859666,0.2618790198480109,0.22862451733128633,0.4540616345464994
0.2936903801560396,0.3492730707777899,0.29146658791470303,0.29730838489979694,0.23054987951371989,0.3572182207451545,0.2692144735413687,0.32376010897865526,0.3196101157804187,0.24775745206032943,0.3510494999923037,0.0,0.26291032944803394,0.19113043357382611,0.2913976766064748,0.3078624938297443,0.31982630753202035,0.2441406549039413,0.34589186385778375,0.3111563769115224,0.3657193096617553,0.3211390324814397,0.2566006130434168,0.30722668478501103,0.3142441685048107,0.25248355763904556,0.23950613461135853,0.2699710458679405,0.27212626548508567,0.32071468580418067,0.32268406718796755,0.27121394920866854,0.32846131656153355,0.28842924517867174,0.23496025287651942,0.26801863111098445,0.3061188634559018,0.31450816209435095,0.3939407374433779,0.2778241389192086,0.3437552726718041,0.30743742019916515,0.27187526350668195,0.3167189110060131,0.2756776725224678,0.308093254788414,0.23767918576721417,0.27581925102807153,0.2643953126557255,0.28575208301142857,0.33954938400533113,0.32316892849522444,0.25438547356446917,0.325601120633917,0.2994260674231062,0.2755043506950086,0.3776418606985108,0.4117453436951687,0.2056811484687506,0.28339802005960435,0.2613730126540618,0.2130887403703945,0.3087672491580608,0.20131350436225998,0.23988680011312244,0.26780406394716305,0.2489331462797615,0.2402780626043345,0.20127738314268928,0.27026257340342746,0.30971513132802925,0.21361207713685665,0.22482994521016753,0.2951419711671104,0.32378537114492,0.2355944375010874,0.27836011246405246,0.2768964726205267,0.295762153807732,0.2252973231045736,0.29487294674329834,0.3094328526214908,0.34086150897468726,0.2399793622155146,0.2968584812538797,0.367884359044643,0.2596783227738006,0.217746226047455,0.26700820495014305,0.343635746738938,0.3071786004187841,0.26377909374478403,0.30404839903451336,0.3100571271558524,0.2657133555833962,0.35788186692955104,0.2436849110591848,0.27889682128205345,0.19883621573414806,0.23698169579992318,0.23376612144795353,0.253277991221229,0.23246263452694288,0.3010552756698546,0.25899368348481266,0.31414573887128067,0.2963900948216639,0.29085575911148115,0.27255737642265926,0.35744901345331026,0.36828724473435137,0.2948943066379368,0.2476509486737455,0.2878471135236774,0.27791825516918806,0.357759184996908,0.2699951809359787,0.27174714786709103,0.2702987658081915,0.22274153722797302,0.28967070746949614,0.2588204220038074,0.2708812059140616,0.36091484071630764,0.23081168482311848,0.36864577175465,0.21640167900039953,0.316713972959921,0.27935632868057486,0.24276105782862833,0.2656701111588166,0.33594230988553825,0.24075614788194327,0.32542737627689367,0.3016736956587483,0.24261436739894954,0.3137947869257855,0.25067251638004184,0.25793502424460585,0.34064316418938767,0.2337325391801371,0.25180382415463304,0.3001534118210714,0.2828555740652255,0.33943971395697936,0.24352890235815847,0.5045683865262564,0.29381570148722863,0.308361834114243,0.21920979670791219,0.3218492113510276,0.26549201501001324,0.30150988263230954,0.25076519669845637,0.4046360175287421,0.29827074206524207,0.33670605941310405,0.3477965297016714,0.22587466651969798,0.25225470434578506,0.20216469455189778,0.26799042879980217,0.25265520946779,0.3861378609632535
