0,1,2,3,4,5,6,7,8,9,10,11,12,13,14,15,16,17,18,19,20,21,22,23,24,25,26,27,28,29,30,31,32,33,34,35,36,37,38,39,40,41,42,43,44,45,46,47,48,49,50,51,52,53,54,55,56,57,58,59,60,61,62,63,64,65,66,67,68,69,70,71,72,73,74,75,76,77,78,79,80,81,82,83,84,85,86,87,88,89,90,91,92,93,94,95,96,97,98,99,100,101,102,103,104,105,106,107,108,109,110,111,112,113,114,115,116,117,118,119,120,121,122,123,124,125,126,127,128,129,130,131,132,133,134,135,136,137,138,139,140,141,142,143,144,145,146,147,148,149,150,151,152,153,154,155,156,157,158,159,160,161,162,163
0.0,0.6632362139686758,0.5732458328188996,0.5697785811559221,0.5190549593358788,0.6531302601458209,0.5663566234195327,0.6935688314864601,0.6168330007151425,0.6618844421175542,0.602470429508737,0.5851140932506619,0.7563465647170993,0.6122203993252193,0.6503499087831195,0.6691377658388192,0.7140137325239423,0.760260738103296,0.6175031460163181,0.7144087744745437,0.6450480729034744,0.5896603429554675,0.5401938728928373,0.5874816821299343,0.7129909627838324,0.5450470996380434,0.5272856285320598,0.6080785312282638,0.5839465109611638,0.6002599068560487,0.7182522181601566,0.7349129952438679,0.5756329375096573,0.5430110947292203,0.7181622312227407,0.609039141653245,0.6757374109699227,0.6581353277204852,0.5835962042177287,0.6104517954426023,0.6119169433254513,0.597521387847633,0.7110767764462297,0.6492299277403834,0.681117403318902,0.7237813633984274,0.5887625691977284,0.6167667355014053,0.6342619394402863,0.6996696036986152,0.7172368955311968,0.6260784526857978,0.5600871984271879,0.6001065004394586,0.6249600959129182,0.6129844518375636,0.7597017237301221,0.6218491393813663,0.7065789373918098,0.7065155853442311,0.6591991337944901,0.5936689341986169,0.6439628217925194,0.5532620801059874,0.6484657800713649,0.6897670089020672,0.5979826059293962,0.6079479504489737,0.6396474681219231,0.7125953046984704,0.6594881207705011,0.6770502454458267,0.612275401852235,0.7082536849984531,0.7345383674679727,0.6355007427550774,0.573462047611741,0.543167161264056,0.6516876106933911,0.614505058815743,0.6159367151609219,0.6103517306979969,0.6351960703822485,0.6542484661014059,0.6651679786905292,0.6634835029346307,0.6282946881504055,0.6903595051240395,0.7263282051946218,0.5708694149651798,0.6412985802908286,0.6114083562531691,0.6839458875690747,0.6689336698604129,0.6173409781739803,0.5851273045388882,0.5395098394340726,0.5892689000904205,0.5431827514791814,0.7480356250828551,0.6170253855090573,0.6496666347116231,0.5851820113786671,0.5844237151120399,0.6965664984340917,0.6644425689085819,0.6993685364582537,0.6327834650084435,0.6738836475841656,0.6503946975416974,0.5872396470778274,0.5929977929322618,0.6833932126289638,0.579834061703109,0.6919645992372495,0.6922603102704828,0.727893656827204,0.607090984602843,0.5981113258077175,0.5517313969152173,0.6200346164460785,0.5779535479385769,0.6227432395905224,0.7090974966451403,0.6045786160325565,0.6670056394575452,0.6002251410846394,0.5982624087157682,0.6354770868325333,0.6104449367663225,0.6469134307215533,0.6022932747553462,0.6239620875173006,0.5626927943744634,0.6201086694818546,0.6100038734502818,0.6664194806734574,0.6308807683610013,0.5571062475217716,0.7084581561475517,0.5739502032071755,0.6272394815026812,0.6532037724914643,0.5374439166158574,0.6127769206862348,0.5987099365935281,0.5719794187934621,0.6278088305232066,0.6668102160611198,0.525516914988546,0.7059910232076622,0.649300875962571,0.5961617900023176,0.5681846204625742,0.6624038888415564,0.6938645942867839,0.565484830033434,0.6621447169996328,0.5702567087794266,0.6226216336800353,0.574733758722061,0.722044158131138,0.5504915217244173,0.6470195714740486
0.6632362139686758,0.0,0.6445819208318455,0.6446988023023579,0.5305595727460881,0.6669249042981179,0.5893039665232377,0.7024382157947825,0.6288444638441518,0.7007960285124804,0.6057408156505898,0.5814753957449075,0.6884744589059878,0.6648091692540563,0.7448291987843176,0.5992405480372701,0.6359336909974045,0.6485545683733765,0.5589160637644734,0.5984142130805215,0.6404672239935437,0.734517200922665,0.4977363386182346,0.6056741014799885,0.6209764844876293,0.5317451651713011,0.5361136125565947,0.5375077536397626,0.6463951466128242,0.5292622768492391,0.6782318344530228,0.6158693506546011,0.6891395073508112,0.48408925360915117,0.6669635233310997,0.655655146652645,0.6169810383957784,0.6257842329269432,0.6301447365201401,0.6437734619865226,0.6809556632931647,0.6142909069348313,0.5761183958294939,0.639181068701775,0.6510295041066303,0.6191793095255064,0.5469150332577722,0.5911718620320309,0.5701216671042851,0.6632769558704203,0.6837222736869888,0.5978843329955352,0.56994406534836,0.7219667270344174,0.63439194817007,0.6285022654630122,0.6353836849962314,0.6014129240446491,0.7070751683611113,0.6789769985534576,0.7308213819134307,0.5778418954174215,0.5872197419789695,0.5517503078525161,0.6187701778648302,0.5942079394103853,0.6565622523963013,0.6054624932375683,0.5915741021129242,0.6585315772838549,0.6663514593529041,0.6188524596981348,0.5993646251885122,0.7248073352174735,0.706563378882145,0.5298536392299976,0.5737936646509094,0.5545342786895503,0.5550301961095395,0.5424938944946841,0.5924338677958564,0.6623872599477354,0.6555010576546876,0.6052115418994971,0.5981233000968948,0.6622746689999988,0.5804661266684709,0.6095305641617601,0.5954530151300954,0.6334350727730649,0.6220395490127069,0.6413745260842914,0.6552893836166644,0.5782762122748419,0.6693464915713808,0.6260592050605561,0.573769738122415,0.5640185651651898,0.5429965400551231,0.7170095560221939,0.6175175344309386,0.5998749382635318,0.5496673622689833,0.5711044434199849,0.6359457337376928,0.5860402564641782,0.6400815174815028,0.5742123780891308,0.6620683476292968,0.6562890448828366,0.5760817686114126,0.5681599450263342,0.6792314497403027,0.5724887444104012,0.5991752616279259,0.6771600613642834,0.5764337110901022,0.5421570377797927,0.6058613972447201,0.5656657692381474,0.6155755835090494,0.579263506636639,0.55264633080084,0.6699597093001324,0.5941635838152193,0.6728047671171059,0.6318801591802227,0.6313361876486039,0.6250431660711666,0.6211280394634655,0.626100582790465,0.6081458164310044,0.5794743907317109,0.6103800504622697,0.6560271562766847,0.595175465822286,0.546151928492138,0.6425683637942426,0.5507779690434468,0.6409341207341948,0.5955473501238998,0.6169377813103741,0.7270535724981364,0.5842038549656484,0.6059850352396724,0.5382419444773291,0.6333314926921776,0.6325764622375799,0.6021995073004235,0.5157020005161845,0.6166106602854647,0.6126454431070223,0.6154037234596043,0.6424594317462049,0.634370357835551,0.6942253901599662,0.5518744989063221,0.6571125794145319,0.6130566059111657,0.5508005983676861,0.5700138954046916,0.6158487000218658,0.5542866337030647,0.6355914163176332
0.5732458328188996,0.6445819208318455,0.0,0.5500205958176472,0.5977788549580887,0.6329916774151063,0.508377049027762,0.6239450521702664,0.5552156186039695,0.5905812840372071,0.5716275353497174,0.5497510881153324,0.6083167419931413,0.5615995438414243,0.612363321245229,0.6161955419829349,0.6172959299188541,0.5651632239456394,0.490793505096772,0.5483234981639974,0.682565291495914,0.7244931421923532,0.45133006197400505,0.5866047843129719,0.5551447786198543,0.5928740546019823,0.4719493036912288,0.46644553874826034,0.5786318563224544,0.4989022086686458,0.564799864090224,0.5406252281304046,0.5907783317397679,0.44794830534885194,0.5696691568249886,0.6344162651624113,0.575116959771789,0.61633276597795,0.5741611014836269,0.5792565080660167,0.6858096028094516,0.6063400306887348,0.5850656124231505,0.6414994466989963,0.5918621121720439,0.5635693932684279,0.6033199659063693,0.6323157976432472,0.5001638975257795,0.6369715404682998,0.6038442200384728,0.6473010569640701,0.495053811333053,0.6319798097939682,0.552588322379045,0.5990789269390774,0.5665118689259947,0.6212318623645082,0.5666201626244138,0.5637373668942626,0.5842431142101154,0.5589444171702421,0.6140206899205685,0.5515821394465281,0.5535364401764657,0.544323210217582,0.5651517233039306,0.6259107945858421,0.5852152770574796,0.5904404583880146,0.6769492504520985,0.5429979801253217,0.5577081482803634,0.638812226172575,0.6228544834741773,0.45372241744160263,0.5250188043708215,0.5673091442550481,0.5529739366689065,0.5238030991349112,0.607709736786092,0.5984639620755291,0.6244839729662643,0.5931808722293477,0.5722198020971409,0.6617580132208924,0.543502370026689,0.5199748327507902,0.5028464279908399,0.5854299693471453,0.6275375129491138,0.5498639543177789,0.5740398797477199,0.49081609934395004,0.5956688699289582,0.5998543146239304,0.5369720177906414,0.5608734045536238,0.5223143370564813,0.569500384971001,0.5220497688763884,0.5558951017996553,0.5257225056227905,0.5570385742691084,0.5749020966212627,0.6285115431693331,0.607881050857951,0.5629048694986685,0.6080851478521154,0.6398632946798345,0.5289128768933985,0.5689974668691331,0.5986871707786904,0.522265609257543,0.5558787068627805,0.6382804571090933,0.5057553550681045,0.49338345617407886,0.651692333179753,0.5324674457518873,0.6496678375160644,0.5586109766417574,0.5538517611594765,0.5904128406331672,0.5366664405777747,0.5965431449684859,0.5927831288545237,0.6264292505903487,0.6226258129592802,0.5978054876512062,0.578311739384102,0.68576450314519,0.5007053223301813,0.5639484645507864,0.6257367465478769,0.574727814619643,0.5366433935976519,0.5987998234613939,0.5336647759055818,0.569101098974701,0.5129528038211758,0.5917987743999249,0.5738383492886617,0.5647317834928207,0.6078221497014926,0.5353723130898138,0.7012572631443527,0.5730757431438597,0.5935662585208991,0.5431870345134274,0.5335737668463347,0.5142924059619329,0.5532995324178177,0.6901978836845745,0.6271763535403994,0.6070107595190308,0.4744775333838002,0.6595652275228806,0.4990875616132394,0.48210592144254727,0.5424742114391534,0.5337835304231242,0.5366566027949612,0.6029846829033498
0.5697785811559221,0.6446988023023579,0.5500205958176472,0.0,0.5268629112645978,0.5595839752244545,0.6376127539357668,0.6123883457745335,0.5515008103521126,0.5907299880198752,0.6366631659944046,0.6031626436651097,0.5781339788447655,0.5873732487865595,0.6445672272993188,0.547546115014591,0.5747744345879005,0.5539935014951864,0.5416384212671835,0.52225124920545,0.5888908406373067,0.6213805932257849,0.5285305510092433,0.592214150202309,0.5889948535702417,0.5471574511201514,0.5669854876908234,0.5370813165795435,0.5940871263048836,0.4962461866559024,0.6095312084063381,0.5403656920064042,0.6788963558062298,0.5065565429537264,0.6275566635482807,0.6314907607177636,0.5847848921513483,0.5666214279654069,0.6327126884737326,0.6331455830708193,0.617116209639989,0.5777013504176398,0.5176471056151166,0.6274407701522089,0.6050169800512732,0.5282798964576038,0.46664819120986484,0.5666960675280861,0.5751793498631421,0.5609689594692003,0.6246934229646105,0.5437546113349984,0.47441793827642725,0.7043516750124369,0.6517393526120739,0.5445742501709406,0.5615610674830762,0.5975155074502175,0.6019026832619271,0.587080669453851,0.6226471237967058,0.4922285896001135,0.5112093742038317,0.5217141709606484,0.5127054541029361,0.49935950857317635,0.650333792972334,0.5174387525793048,0.5277829729009287,0.6080337022498277,0.5558439528745784,0.5506182505996359,0.5854025954677285,0.6537187451492198,0.5714133960092987,0.4661683345567955,0.5842036148619337,0.5556217959427834,0.5051237483143046,0.4937873329935997,0.491785571862991,0.6065402758048358,0.5510818425229974,0.5249626732222489,0.5735111788106496,0.5747608070693525,0.5641359484857768,0.5531799120261939,0.5236895028113951,0.5872242953865738,0.622429662943854,0.6160394653973184,0.5901784693851554,0.506192185981097,0.620661763070018,0.586413570527013,0.48806625516614544,0.5444455947584756,0.5219606570593357,0.633045746637556,0.5854749888364944,0.5714130163759377,0.583136160016601,0.5505903256819236,0.5594125883017151,0.5136368501182597,0.5493204444826139,0.5533307346150761,0.5582939262148098,0.5925641725961105,0.625968277817653,0.5694507013101967,0.6096016916304206,0.5661133209766109,0.5286622074745049,0.6098476695089009,0.5062441386365064,0.5158383204539286,0.5987840987328965,0.5591111245275219,0.5692336368557201,0.5713579006183169,0.522746691417113,0.594658014382578,0.5396863512499998,0.6067013984369745,0.5683597850408998,0.593869707815299,0.5893744748588435,0.533147968138991,0.5291318327094625,0.5235261591189204,0.5607557935151457,0.614014684123383,0.601327725480199,0.4823165801003967,0.47580942290648964,0.6218237045833273,0.5465715484791064,0.5873095315506303,0.5455918643574338,0.5515002172146882,0.6501419207439578,0.5603223644594357,0.5858808077423877,0.5416097300203093,0.563107040668301,0.5183642263323587,0.5321025333228956,0.4866693467008294,0.6230540651008403,0.5257406069478437,0.6035106156706531,0.5542654052287846,0.6223460422012622,0.6094360304225055,0.5350012279184447,0.6090488220992973,0.6689403980775062,0.5448837986006385,0.48095130927635116,0.5585306132059653,0.5213258547349254,0.6448132072168699
0.5190549593358788,0.5305595727460881,0.5977788549580887,0.5268629112645978,0.0,0.5461085572168322,0.5669035607754234,0.5169201091629689,0.5083125484225208,0.5280969406246073,0.603221818514193,0.57691895743953,0.5353520559951676,0.5006031185256306,0.5476098797427057,0.613045679233625,0.5602808740606905,0.49669058673667943,0.4677406188316597,0.47331110848182034,0.5996802742584741,0.588241458482168,0.47762284777265956,0.5605727694601529,0.5330279124321896,0.6082640296974067,0.4792840582287952,0.44681725581220616,0.5532192372255883,0.5619641814702134,0.529765415015929,0.5225354079015077,0.5152604241436196,0.45481141557529825,0.515921280676975,0.5536925161105635,0.5873062460532089,0.5455250248282832,0.5905016848037706,0.5446249299851267,0.5455318821363752,0.5972383620908503,0.5408743948413874,0.6446035641322141,0.5141324532850219,0.4914218506970888,0.5382926583321049,0.6430076053351659,0.5231113349142857,0.5331974479770367,0.5786125473867285,0.536831764184261,0.42434385421521253,0.549864619967355,0.5620589011581828,0.5476656774402967,0.5166682895817339,0.6518217630529722,0.49567711210740706,0.5063346212526908,0.49198586102902603,0.5001671186884356,0.505275265062986,0.49552822463579743,0.4706272732097463,0.45854501794742547,0.5285722038812559,0.5772284929895429,0.503316063468191,0.537073825482141,0.5665843675876828,0.49593423690558974,0.5067021914345754,0.5758058082556762,0.5053318744341243,0.4295880668056786,0.5718119147366221,0.7268733123452585,0.47508999302923605,0.5689813260162094,0.5042392407641412,0.5277144735880467,0.6132630135546698,0.48491941973354563,0.5378058590753824,0.5293043860492362,0.5224239659534787,0.49650340660626546,0.46354158587877753,0.549245430717412,0.6683997279298336,0.5241278987895052,0.5680335647270957,0.4495428993099875,0.541296709980005,0.573781523158643,0.4363895391831934,0.4986896156935364,0.5106436321039659,0.49972068744248055,0.5133336000557858,0.5416634578142344,0.5176916332010204,0.4952769891174234,0.4953144062826449,0.5421145313565731,0.5143805554672901,0.5181656438281326,0.5258788601814731,0.5926651353065582,0.5619706211394659,0.5556729385456117,0.5292984664811545,0.5230759921109053,0.4784045802220855,0.5691153731829391,0.45597570911008156,0.5141153547257787,0.5602792019937286,0.5116267798757084,0.6658965461878739,0.5265346774207402,0.5032783014688151,0.5929492711993922,0.499108058563173,0.5622552591386206,0.5271398694261125,0.6426689945773312,0.5266537276258269,0.5076019373037846,0.5149314826496045,0.5743775263145965,0.4968432697973464,0.5330033038208059,0.526349854654584,0.4837919282355846,0.49838184116173423,0.5550272254159471,0.4779033004151073,0.559937339840814,0.4476727552340192,0.5776871297935349,0.5272990283850884,0.5144282679180808,0.6122321710644738,0.530941429106397,0.6138870769805587,0.5169359093853682,0.5132754241757524,0.5069092250993047,0.5130205589134876,0.469706038418685,0.5189846929924056,0.5921402542310096,0.5847159085033836,0.5467300441464616,0.4721048963687219,0.6674163494769917,0.48152554480971,0.5215951069322925,0.4535567252503152,0.5055537596613495,0.5146102641937128,0.632163924017337
0.6531302601458209,0.6669249042981179,0.6329916774151063,0.5595839752244545,0.5461085572168322,0.0,0.5321786542485869,0.6339847314355141,0.615176006830889,0.6071195539809017,0.5688973658083547,0.5757365854630271,0.6178212580936917,0.5573639890206444,0.6152374543538373,0.5979911607148686,0.6105248944039717,0.5811833122474599,0.5648541249735294,0.5669647841206592,0.6614601460239177,0.6411701236825632,0.452446430002205,0.5421043578923295,0.5989249745574889,0.5121397320128388,0.4545491821515638,0.49202874710687466,0.5644459113353871,0.5475746608368012,0.6440770211688528,0.630937998671768,0.5873833406667198,0.4637828230738787,0.6016147909238586,0.5991989307636445,0.5942109428839868,0.5890013634981128,0.5874012239517129,0.5314095022109859,0.6072890042230579,0.6321712772178857,0.5972356911819843,0.6761657967555639,0.5641233277603652,0.5726646313664582,0.5818188897105431,0.6145317995337817,0.5206969458891886,0.6378425611033248,0.6764317125789265,0.6407825586362569,0.5506973533535116,0.6471487259268108,0.5805955700102994,0.640743968829542,0.617747996880732,0.6414690633823297,0.5863260624529675,0.5842544240108455,0.6411555492331811,0.6055191446205208,0.6578779923179756,0.5102485236995536,0.6235454433545927,0.596756129776446,0.5552565129661263,0.6256233507501278,0.5477165698858588,0.6252829783649783,0.6917144049942502,0.5524674166004404,0.5852159102005764,0.640131992473189,0.6815998188320997,0.5223369030975005,0.5379602706185731,0.5364248251914857,0.5387001335956523,0.5955028789026972,0.6681986576953867,0.6531380428121649,0.6534674048962572,0.5796881057941394,0.5988035482497195,0.6050920246932573,0.597016334876405,0.5749020882220509,0.5581492536419426,0.5708603594853349,0.6205286386681045,0.6223376712057207,0.6164724942821775,0.5655261555861472,0.6110181906556549,0.6159011521340937,0.5826502750968571,0.5641178293721724,0.5360911501586977,0.602231455956828,0.5468717651703737,0.5896320093256097,0.5438171974510517,0.5584263465504916,0.6270829918258147,0.5764067158693066,0.6277344649506312,0.5413889667833865,0.5782747367075884,0.6289804396274459,0.5716094901374262,0.5527887411181883,0.6879206213113844,0.5347958193088626,0.5681860829214356,0.6069898763401108,0.5818359823471728,0.5199227597765599,0.6219092212342824,0.5378951878987452,0.5880803917160533,0.5714127527977807,0.5597390722886911,0.6577293229579391,0.591252964773549,0.6205931405758576,0.6179773235229339,0.5790964990205272,0.5867139971210642,0.5474104877933255,0.6172622764937142,0.6780329943342239,0.5308986792863702,0.5930685920253524,0.6049804058001447,0.6060184696414583,0.5454559239148247,0.5458762772301834,0.47365732325362137,0.6081633990867804,0.5518213387936717,0.6218680564389284,0.6338896536095349,0.5680766460960385,0.5827013368736589,0.5308808920916009,0.6576439402384918,0.6003239050683156,0.5842989001791572,0.5136683070864092,0.5945134021643873,0.6027327415955951,0.5512169185797006,0.5516041280446216,0.6272033749182112,0.6246953417516962,0.49481904318243897,0.6582536640778262,0.519468461950673,0.5444034442305717,0.5386609944196598,0.6207899525290067,0.5406746624346478,0.613184898647371
0.5663566234195327,0.5893039665232377,0.508377049027762,0.6376127539357668,0.5669035607754234,0.5321786542485869,0.0,0.5458731750998824,0.526040854453139,0.6058236242801268,0.6800950231551385,0.6246862365883994,0.5859126601677638,0.5504949113206181,0.6288456505562352,0.5821838047670697,0.5631461237184642,0.5450609148635809,0.5359262868033424,0.4966934745986009,0.5432068014917093,0.5699535102985827,0.5919733659878116,0.591645070402698,0.6008895002661724,0.5218955292350542,0.6099416066299276,0.5445513020440508,0.6355280834081116,0.6010241487674332,0.6054616342085187,0.584686871827172,0.5722539520914216,0.5163327021187241,0.5704295107200329,0.5430880951416697,0.6400662455352645,0.5293163578606891,0.6519208700274358,0.6228049665115037,0.5274216655873077,0.556515793365406,0.5211346811301233,0.6041187098788774,0.5555457088106742,0.5216424067247442,0.46738646002737966,0.5788935816968496,0.674515141174618,0.5202732643640999,0.6238732382288353,0.48629899672979077,0.4517780360986928,0.5882262204778811,0.7049779958333768,0.5252532799611703,0.5525407200684717,0.5905459337486408,0.569880685038497,0.5742636415620734,0.556478706271001,0.47676011447794947,0.4711806446947685,0.4772168650346298,0.48134358357703605,0.4725288649275125,0.5990389065979863,0.5287392594275463,0.5008134880909826,0.5820103555141592,0.5232977251903278,0.5393709396663068,0.512747460937411,0.6239977083608316,0.5215190262917064,0.49822162325437813,0.6807314489557127,0.6480419596284668,0.47055371060241935,0.5577797349456867,0.468052335051277,0.5293798071081317,0.6024776480076486,0.4812570454311241,0.5308128846311341,0.5119430678873325,0.5418825383857873,0.5671808467648466,0.5394185855960056,0.5571977873691449,0.6109815917131135,0.5666756756286039,0.6473827366104529,0.5113433408923146,0.554910871084258,0.5769110908149743,0.43356967342051506,0.48338576426084784,0.49150965567109633,0.5804368779891499,0.6139059075017712,0.5851032391413445,0.5273610493160181,0.5015216358390531,0.5066711525346731,0.4994882754688469,0.5164396134030002,0.5255975182882627,0.550379528044446,0.5919146994964158,0.6380470264468449,0.5242312131924284,0.5495342079707807,0.5625067182100442,0.4973315199244046,0.582045255673513,0.4987173296638554,0.6076901454021608,0.5173318965684978,0.5143511759897852,0.5740636158545963,0.5220944701977657,0.48351739385842296,0.6637630723294657,0.5099645659310148,0.6458609497058854,0.5106606486223897,0.6296045158468438,0.5222312194998807,0.5095336604480419,0.5154107078882891,0.4924909514035275,0.5926322541190069,0.5325839333280356,0.5308922813354711,0.46908752240861795,0.5014673278855438,0.5917551868846599,0.5085073401729067,0.6175330099020367,0.5017243255827448,0.5575637338057199,0.5988641858896345,0.4965130497899937,0.5812420657644585,0.5192970091849551,0.5219629305665646,0.5433086539615158,0.5102962384377691,0.4566243252766969,0.5896880338178917,0.5288285980450151,0.5690596300114461,0.5477473420152785,0.5751873503041757,0.5896159738167168,0.6083751856037758,0.6348408366341296,0.6289130442984961,0.6520919251192876,0.45869285810469046,0.5511598303460448,0.49801551542311134,0.6407484980200798
0.6935688314864601,0.7024382157947825,0.6239450521702664,0.6123883457745335,0.5169201091629689,0.6339847314355141,0.5458731750998824,0.0,0.6728476952523958,0.6811665376310849,0.5921318467901868,0.5896706480102742,0.6811186803086169,0.6505435145144858,0.6541854665555143,0.624594133753346,0.6505596381197069,0.6733767976934277,0.5637587779618268,0.658916056525416,0.6537866447896873,0.6434307310540499,0.5142208565442479,0.5668434896409672,0.676735130284237,0.566198113113324,0.5476008742113494,0.5515760932859967,0.582530660055379,0.539579092086063,0.7366712885204828,0.6280728359107854,0.6126854634802174,0.5161878988318985,0.7238118246992179,0.7136254273227823,0.6399113323936162,0.7150196631047212,0.6075381832517508,0.6024381520949889,0.6591035433233976,0.6294922094168354,0.6409756310301553,0.6340802464035354,0.7453145669236542,0.6416538637361682,0.5597318589708896,0.5962760322331517,0.5762564264833459,0.7050357344111186,0.661717298626365,0.61023987099402,0.5306421567117696,0.6372301003198082,0.6193998166846909,0.6467086876622486,0.6511068177905981,0.6418429108166607,0.6948783375034835,0.6700138226223246,0.6912651669384436,0.5996852238135649,0.6124664152607402,0.6147201913012954,0.6139603665085442,0.618896829365553,0.6535983254997769,0.5980423911695507,0.675851975059153,0.7740272128630298,0.6748976444697949,0.6601187113721854,0.6578681399541395,0.7006492550456503,0.7406658657930483,0.5311988218611015,0.5595591578327254,0.5381242208309178,0.6325282480596961,0.5266652403114513,0.5889833662237762,0.6762235131291678,0.6100329933552758,0.6702129146317674,0.6745832095895202,0.7496978261537861,0.6642999985680207,0.6546804472318724,0.6301464595718389,0.6405527418703882,0.6530051822546159,0.6634803288521359,0.6230799377714966,0.5600588908443345,0.6683298223275423,0.6247144863400241,0.5781647230270563,0.6398949141885687,0.5815731652583283,0.72798044037343,0.6149058187599136,0.6691648544949669,0.6265192352631123,0.6297189636079855,0.7247232350530918,0.6386222053864572,0.6809330761953436,0.6415745717312714,0.6380818527834768,0.6277269403912991,0.567802840370626,0.6386595848963209,0.6974396116430159,0.6257202443067073,0.6290864731205392,0.6619716394086672,0.6034589963639174,0.5546021964906972,0.6191707614016222,0.6086660498433957,0.6174640090420903,0.6531326498499412,0.6053705039178403,0.6225033442596472,0.613269525643885,0.6370932137953793,0.6576499648209837,0.6340716805011307,0.6776116156529496,0.6352676687181061,0.6904113433717256,0.6265682355620796,0.6060244455262771,0.6190714956399641,0.6829107677938772,0.572853557858095,0.5709064905185081,0.6438029826557206,0.5916289454876159,0.6930945301975789,0.5763106703096108,0.6407746137313379,0.6821645287401975,0.6128485634429274,0.6406399610484659,0.6170879530861137,0.6297838167354872,0.5889817063017779,0.6854102539904878,0.565481975838278,0.6816426781701169,0.5902134789541889,0.6088971652800882,0.6198452112654325,0.7017483294255301,0.7413849348535808,0.5148177503478316,0.6440062901293369,0.5680633650576067,0.5459408890272792,0.5645216052042896,0.6510089767279373,0.5980709336859027,0.6322481397885498
0.6168330007151425,0.6288444638441518,0.5552156186039695,0.5515008103521126,0.5083125484225208,0.615176006830889,0.526040854453139,0.6728476952523958,0.0,0.6187823792074095,0.5346136854659249,0.5363879554079672,0.5766620279396103,0.6389106475472766,0.5811393170385383,0.5472577048869645,0.5474141256018957,0.5812574566595167,0.5059487332143859,0.5601286652344137,0.5820143043252789,0.6032205857515867,0.4630556403209979,0.4904620264799241,0.605327255695594,0.5086757268551318,0.5014838055845251,0.47545729042379975,0.533285269594658,0.5314425098484589,0.7092699770159607,0.5849723005773938,0.545381820440748,0.4589378230111327,0.6423208036386953,0.6337257773647164,0.5967661361948128,0.6511602762656292,0.5777808283489199,0.5167860662546322,0.5597460526364656,0.6817634751146241,0.5559814245704472,0.5927921986709396,0.5799632925522956,0.5395626232485107,0.5287384356203426,0.544757849697405,0.5235688725780708,0.6126905364651052,0.6008553878588225,0.5345441871598798,0.5130815345052663,0.5675075067192886,0.5583017292810419,0.7589467398381381,0.570276603197578,0.5938726632619136,0.621132687703522,0.5732262495709647,0.6077699354168328,0.6312418341489471,0.543367362815143,0.5864482032127158,0.6015993508749344,0.5544117985770546,0.6370130108825439,0.6094682675967955,0.5872645266110329,0.6845886578027892,0.6692729153690959,0.6171802700166897,0.6638483983304048,0.595913894859081,0.6299911090985563,0.5105027660312945,0.5290317756002342,0.5249402888276992,0.5254582573621777,0.5361088994263912,0.5833285353387545,0.7257005735901385,0.6116952867146248,0.5753677295667674,0.6393775958388794,0.6249831240614664,0.681828779962204,0.6454557265770108,0.5638147554149257,0.6945446104601749,0.6189303954166325,0.7508932046758505,0.5664089785913511,0.5137933918930231,0.7151821274529487,0.6308597652824515,0.5783245460397983,0.5905429235125326,0.6636912275110375,0.6029073899567806,0.6146220478064225,0.6121456238970718,0.6061547047271932,0.5634228174984082,0.6666507043803711,0.5409881350904067,0.576734232162482,0.5524422825558878,0.5454167777461958,0.5658424256926029,0.528471067326383,0.6245087626540888,0.7087453706193999,0.6700517780656949,0.5308326023202495,0.5573399181641182,0.5452521471401146,0.5143857065362145,0.5421306541447439,0.6644693734347649,0.5889485328825795,0.6694413900647848,0.5543158827886349,0.5826595934986727,0.7268299483296276,0.5558490905465502,0.6971775151685838,0.5763527855554463,0.5553236655024203,0.5781924646011802,0.7602389383109215,0.6200662121915805,0.5968197503272582,0.6813663103120418,0.6074773304338181,0.569701854356381,0.5025681512472594,0.5536182594047466,0.4910520606415465,0.6550113175455354,0.538605474384373,0.6799551320880194,0.6897372668858524,0.6799486974934268,0.624929786843625,0.5724830355585407,0.6499346393936702,0.5607814399078827,0.591239255005946,0.5523288212530304,0.619825587223959,0.5827047671019501,0.541931372612917,0.5636406241084937,0.6140651278192524,0.711189789069284,0.4703685428648277,0.5898160646180347,0.5342019818908816,0.5329979210602812,0.5310859405210158,0.6719680185560692,0.7007216446900821,0.6045321523258582
0.6618844421175542,0.7007960285124804,0.5905812840372071,0.5907299880198752,0.5280969406246073,0.6071195539809017,0.6058236242801268,0.6811665376310849,0.6187823792074095,0.0,0.6058547363191259,0.5797387706787841,0.6884730164574683,0.6670722089586444,0.6801844825279428,0.6254529302580418,0.6118144844797619,0.6708176318560454,0.5381635708408362,0.5847062417454632,0.5832177778814956,0.6188370243596422,0.536589460082537,0.5551684897183198,0.7019030629490032,0.5402859634451629,0.5821889958658348,0.5423402722728518,0.720437483152759,0.5765536362690012,0.7288157456954856,0.6496293203322255,0.6128576233910772,0.4979673769641725,0.6786008603404935,0.6306235779902348,0.6828798649741243,0.6570436496900974,0.5962110685782072,0.6113941667821252,0.6091782047689281,0.5917735365449166,0.6156180325993666,0.6351271175119302,0.6500600433593793,0.608456076265667,0.5561316179764499,0.6080320796249541,0.6216027592361203,0.6116405135547306,0.6383222413817975,0.5429830499189902,0.5164453644745334,0.5948220304761576,0.6652910745884052,0.6270741347638876,0.5985977429626114,0.6078277998421863,0.6953080364333855,0.6306771994888778,0.6257532121394812,0.571089299280268,0.5512822446048352,0.5669523566463451,0.5635574815069215,0.5594239175911649,0.6264023695370101,0.6234405742697363,0.6532371776598489,0.7280503665648589,0.6170689535926436,0.6730832749073773,0.5732308026500033,0.6534740954375873,0.6397874821118774,0.5691956961572947,0.5696134361868055,0.5868408242000542,0.5661519488084866,0.5676099602569867,0.5759279342954234,0.582962152542227,0.6674250417783145,0.6206790821564199,0.593385987259444,0.6297386918126495,0.6131647606093057,0.6727000005698032,0.6468672510442758,0.6017210944037085,0.6310829259001303,0.6342330349869709,0.67471827751443,0.545085733116918,0.6215829205599024,0.68578399941105,0.505048195070725,0.5700552192581464,0.5551608587309597,0.667456163171138,0.6754879854898223,0.6266948281091389,0.5838976473130857,0.6312712302863092,0.6216973017499416,0.5837028500944407,0.596829247936604,0.6076358627726522,0.648355112515133,0.6141343922769354,0.5557798852041126,0.5737222496998232,0.6376430987503943,0.6191477249858393,0.5929440406592792,0.6174085677710649,0.5937580729484279,0.6091197844338695,0.5733663698937063,0.5908292155326985,0.5986049480851144,0.6117919153707201,0.5426578220737085,0.6641942599252768,0.5966256419327451,0.7437408727320602,0.5744325556691685,0.625799417285295,0.6235454667977327,0.6423234295094169,0.6627974840176718,0.5612168409835415,0.6221199562271164,0.5587288443936144,0.5928468289141353,0.5720667728297444,0.5855360653905197,0.6550851674946753,0.5702577175306136,0.6979514198109676,0.6144023992589476,0.6446688309222259,0.6349956526638169,0.5582892649399656,0.643528058519368,0.5761718232581733,0.5731069378618564,0.6481075847009481,0.6636822112761878,0.5227541755769852,0.6183343347191688,0.6471331789417001,0.5547623020049302,0.6269128748865092,0.6576726178865395,0.6991349704456729,0.537438135410151,0.6617635718721411,0.6190720009117313,0.5840502807590788,0.588084300774113,0.6616604383551957,0.5813878894498964,0.6065934988199961
0.602470429508737,0.6057408156505898,0.5716275353497174,0.6366631659944046,0.603221818514193,0.5688973658083547,0.6800950231551385,0.5921318467901868,0.5346136854659249,0.6058547363191259,0.0,0.7066221889065062,0.6366899326046291,0.5566637175031298,0.6070399079429825,0.6885712652270806,0.6488067404502118,0.5587528664090651,0.5677294253093921,0.5581573165528304,0.6345182626336715,0.6180666707866296,0.5914175827953823,0.6779691215544693,0.6541163149616013,0.5991873167696504,0.5819199106684438,0.5766252265647196,0.6335415134157114,0.5876848494493869,0.6157999320476658,0.6134812842309046,0.5560990944425658,0.5684782678825034,0.6152176667567006,0.5990666095753897,0.7046660761992087,0.5800560984107002,0.7234172924770851,0.6522581002032691,0.5603744827294443,0.6076700918196833,0.5717374901822596,0.6795691779375971,0.6254018993676107,0.5451550743178163,0.48740843292211394,0.7142782996629584,0.6825965357282645,0.5683166309627942,0.6522981955513273,0.5376229346403907,0.44767361906918884,0.6377053463383335,0.74839436681302,0.5449076195422703,0.6021580543999437,0.6714900915320162,0.5853305751328676,0.5951363385968477,0.6006745491918353,0.4882503318411845,0.5107021355071102,0.527790627541856,0.4977084544274521,0.5038745840374613,0.6382836336172611,0.5429970643487668,0.5371019072734439,0.6183641948141272,0.5593784399838456,0.555792224456056,0.5732267503073645,0.6965388014302567,0.5650913840805234,0.4838805373256878,0.7298502822136603,0.6560083448566064,0.5122725409409437,0.5751279006114066,0.4920557524647478,0.554087738881871,0.5925084822709193,0.5226666503548375,0.5924520197496909,0.5646643741300099,0.602319737254229,0.5590944215774134,0.5357514887484633,0.5842451455457368,0.6573616827620209,0.5616275667348715,0.6475091139656182,0.5251628693753972,0.5783600231476661,0.5844408334610306,0.4588452904534266,0.5306014933958756,0.514140404975021,0.599123276670585,0.6134594569279832,0.651784224074,0.5572173761086123,0.5224163058120038,0.5381552852411106,0.5547830778440268,0.5714075246728835,0.5945334613629111,0.5613171428425274,0.7194973912564352,0.7292068288252889,0.5855280206536287,0.5974379845107051,0.5855972672070765,0.5223405059003745,0.6352771712679022,0.5146085802091388,0.6347060381663743,0.6028796589957781,0.5269346939592087,0.6448700583598498,0.5341723298717521,0.5624051210349026,0.6572997039688592,0.5347988134298285,0.6559161859279293,0.5409871895382204,0.697015752047523,0.5992004390551365,0.5255636279612173,0.5328986734388311,0.5506333148029623,0.615967840115719,0.5697292865229895,0.6323655311205987,0.48515925119047637,0.5383779396219247,0.6185876955603422,0.5646759924258591,0.6344489031499736,0.4869954363320963,0.6079260018387858,0.599906042331951,0.5276975482893295,0.6627843520668794,0.5709062236607436,0.5616124261864764,0.5274521810638779,0.5667988894620009,0.5161051618352596,0.6507551483194677,0.5083692284685709,0.6422049228601987,0.573138826383692,0.6432550403452014,0.6362284196544492,0.616827797918951,0.6855942375969118,0.5801309853122972,0.6260495076423154,0.46168634342150583,0.5668454278153217,0.5132006701658511,0.7500176910336019
0.5851140932506619,0.5814753957449075,0.5497510881153324,0.6031626436651097,0.57691895743953,0.5757365854630271,0.6246862365883994,0.5896706480102742,0.5363879554079672,0.5797387706787841,0.7066221889065062,0.0,0.5723044778402958,0.5065129047834311,0.5602539056400974,0.6439158307362255,0.6331379928286889,0.5281568419821717,0.6242298356462425,0.5574907382354383,0.6459827858319707,0.572178187773983,0.586220465975526,0.620333173939261,0.6639810862781552,0.5503903946496055,0.5313806549824674,0.5728475738799265,0.5613132270677718,0.605255424168187,0.6184443866517261,0.6096451081600452,0.5233212813449533,0.6074178688229616,0.5963923611454334,0.5925922584669002,0.619379813786378,0.5517671976581449,0.6821150583603331,0.5702379174530426,0.5407014075074168,0.6290505024420946,0.5627583759560681,0.6452421660964568,0.6026162995765082,0.5276459409014848,0.48634385963500304,0.629968716328767,0.6363649731654177,0.5595387205810893,0.6278100191890562,0.5423350074261494,0.43831173101118637,0.6136270485674505,0.6676964256474694,0.5428534998947039,0.5941516614336515,0.7213252292068488,0.5500293415664363,0.571411812766455,0.5598711520018091,0.4767734112534787,0.5066408031718942,0.5175742164480436,0.4906025618747293,0.49307541618309797,0.5656172995476308,0.5031157508821029,0.5105408220475127,0.59021759048508,0.531044348152268,0.5188673682349083,0.5644134747982756,0.6386435826293697,0.5579596993532449,0.4697748916254306,0.6319572745297829,0.5886498555960699,0.5049069496928942,0.5309547243523335,0.4789949086500005,0.5576668299450283,0.5574587606604383,0.49570612253851454,0.6003937185910253,0.5528667480737637,0.5877936672059809,0.5385786633327679,0.5261477548376848,0.5581998164893736,0.6355058107176559,0.5804218152666685,0.6072974983775568,0.5130656441122164,0.5470283137401983,0.5611096169707802,0.45744750605666457,0.5625024836438429,0.5080527404820818,0.5752629816981205,0.5455754489543579,0.6315359502511129,0.5721994772853876,0.5401701186218772,0.5349702309750218,0.5420296146975144,0.5693917492048742,0.6048385249123096,0.525275150394359,0.6790957993800673,0.7844429866824102,0.5818300774674554,0.5670757904971009,0.5630339514898225,0.5012723497821164,0.6033245998307857,0.5238111823554333,0.6153151010900193,0.6042870922144327,0.5112686039454878,0.5841032847916408,0.5193409450029822,0.5685437599766135,0.6084612549622547,0.5127466839084294,0.6004375300085906,0.5388870191846066,0.6342220842605998,0.6006045943028168,0.4823208520173038,0.5406779066417214,0.543915307835054,0.5441945426060251,0.5612448755073307,0.6074930178742106,0.4589007329999722,0.528791171933668,0.5556585738557234,0.5283639262213807,0.6213332243209108,0.4602129293695597,0.5821259164278771,0.5922421235870938,0.5255844029182677,0.6070078049617774,0.592632818642611,0.5614210670160167,0.4948492602729972,0.5765398611063902,0.5253952495677002,0.6494744600130524,0.4949967989284721,0.6433281482055982,0.5387342185503369,0.6676625060329715,0.5834794089154617,0.5450333321007417,0.6457847154842782,0.5177943813025089,0.5832702300831886,0.4382699537955256,0.5557880640166856,0.5032207061061555,0.6765778303974863
