0,1,2,3,4,5,6,7,8,9,10,11,12,13,14,15,16,17,18,19,20,21,22,23,24,25,26,27,28,29,30,31,32,33,34,35,36,37,38,39,40,41,42,43,44,45,46,47,48,49,50,51,52,53,54,55,56,57,58,59,60,61,62,63,64,65,66,67,68,69,70,71,72,73,74,75,76,77,78,79,80,81,82,83,84,85,86,87,88,89,90,91,92,93,94,95,96,97,98,99,100,101,102,103,104,105,106,107,108,109,110,111,112,113,114,115,116,117,118,119,120,121,122,123,124,125,126,127,128,129,130,131,132,133,134,135,136,137,138,139,140,141,142,143,144,145,146,147,148,149,150,151,152,153,154,155,156,157,158,159,160,161,162,163
0.0,0.8185510609378683,0.7639903704773643,0.7881537860136493,0.7927301092657275,0.806320147558927,0.8410607522648272,0.8400313782596418,0.8471152554389325,0.6953482026483201,0.8069486289346567,0.8015789635919484,0.8862991253032196,0.7874048390353665,0.872729901996353,0.8054695408055456,0.8622976494602288,0.9464696225947816,0.8242703686962766,0.903638910965376,0.8425553462026218,0.8168706321931262,0.8471259100227406,0.8825660347105247,0.8180132791155165,0.7858838988281285,0.7433695641157585,0.8579669846190009,0.6604661255914794,0.8128455866305409,0.8518398933238469,0.8227223120496099,0.8121553380624296,0.8453612275057255,0.907822278988595,0.7844966230117543,0.8576187994619201,0.8566448167105194,0.7589362215425829,0.8569786698566654,0.8314110271699979,0.8586137656932957,0.85444576070175,0.8252472544719882,0.8768870502284823,0.9225452981268212,0.8518650485491243,0.7692610455289627,0.8821133322866523,0.8815134919627889,0.8795778118310161,0.880186987571042,0.7905155387848483,0.7802513833817927,0.7259710659113165,0.8287200657320128,0.9056431214309419,0.8194200053852486,0.8191500904816285,0.8953111812204227,0.7757943061158541,0.7831768593068976,0.8563483196533095,0.7345579786065691,0.836169937615215,0.845950579233281,0.8223331309370324,0.815295346331685,0.7751245616926263,0.8625993283298679,0.9188106229367672,0.8042789914819134,0.7995898035785254,0.8708151149259795,0.832316825384911,0.8449323507616054,0.7868803590426707,0.7399232833041474,0.8545172539385554,0.6880700098518305,0.7911982427684655,0.856959055119447,0.8138587121520624,0.7992909486901091,0.8469910421826944,0.9207279633722811,0.8468091357454738,0.8340158958695695,0.8717518216294212,0.8070849766046931,0.8898773019985647,0.8495520647108266,0.8029115690120295,0.8641923063947613,0.8268577673585542,0.7323042054942497,0.7195918988817611,0.8356819217697211,0.7644155078505506,0.8875532963700393,0.7277273604384997,0.765724690988943,0.7700491072532583,0.7227121805873001,0.8864650458907757,0.8870537841352836,0.7953145407252906,0.8297287013855162,0.8771969676321966,0.8496682967913932,0.8321537313704407,0.850558782103244,0.864919413308623,0.7469099016469,0.8766150152942137,0.9041085989096451,0.8862078591965967,0.7374143372215215,0.7674553969418322,0.7724764124313561,0.8384658530506526,0.766076625838251,0.878449696576032,0.887631973860743,0.8060698489187195,0.7383790016915697,0.7786378885348323,0.8207757256631767,0.7536230197225913,0.7992701343423719,0.7954735286961889,0.7889766185655264,0.7786756487967134,0.8053569210285849,0.7897229393642734,0.7983120737402176,0.8531457543866909,0.8556805723786246,0.7891563407434178,0.8695583529572114,0.7219416234946338,0.7566671560409128,0.8658865578690155,0.7221660307697871,0.7877634891964973,0.854989403260001,0.861325876371502,0.7498736828005111,0.7572511245944702,0.667305959928474,0.9098318284798429,0.749041813071227,0.8249017140362424,0.7936486317369553,0.8284644068983815,0.9021579497665947,0.8763804847933455,0.8337943274680732,0.7538936619634724,0.7978841863959814,0.7312265621455816,0.9110426392783965,0.8590332083103231,0.9063712481807629
0.8185510609378683,0.0,0.9317258021676326,0.840364269804294,0.7616267770553581,0.9196967185061723,0.8608686020932589,0.9482099595088426,0.7867998971537808,0.8860011941914828,0.8991136741589079,0.9326610905911704,0.8978281054710745,0.8026296764508807,0.9156326098780522,0.8530837931569509,0.8594893915425829,0.8122824360470795,0.885119569217725,0.8478905877375035,0.8784526386750006,0.9656300990307302,0.7858741626465788,0.8982078223568788,0.8961484477563508,0.6810431833363306,0.7718331004349881,0.8274792261720707,0.8460334076676944,0.7659955191764778,0.9063584847992736,0.8849988176715249,0.8992677549339099,0.783130087937925,0.8335168888640371,0.8949914886324192,0.8350490314136763,0.8373197919620121,0.9070481944172132,0.8383418562845911,0.8943732092674742,0.8668249262042632,0.7822221964623642,0.8372985665877963,0.9050509891747391,0.8201112114414673,0.7691738212288298,0.8351668519789403,0.8516569424254647,0.8334775001667373,0.8395242017870987,0.7797858721080508,0.7886654100503782,0.9179649263051752,0.870799667467237,0.8184966278201268,0.8051799854969611,0.8804747854180023,0.8641619296449228,0.8730476712287963,0.9206031293061445,0.707600084818237,0.7845165020665836,0.7744132889415868,0.7484793400469595,0.748785312962934,0.8395713683053857,0.7718173380210793,0.7725459421439691,0.897916674361287,0.8169719995319655,0.7160621151588025,0.7083870819993736,0.8950793961208913,0.9117921274708315,0.716931385493458,0.838767476920258,0.7776460784684532,0.7211360235974821,0.614134314859743,0.8293130613908429,0.8026715006227538,0.8555432521071042,0.8146352179539901,0.7168345725221423,0.9001525106366266,0.8445816690148206,0.7273728039450004,0.8139192559168731,0.8225777123166658,0.7647367662243815,0.8635401566022884,0.878098226961803,0.7670259201560954,0.7796592101308844,0.8668948199914964,0.8009207660124942,0.844526693138049,0.6435375884051414,0.8327281251997918,0.7906837013157566,0.8660992828553845,0.6675771577325884,0.8385086345143337,0.7853167879293583,0.7870011782712522,0.8408429913234878,0.8447579192424722,0.861938929475057,0.940716464495276,0.8726519193746206,0.705052233700517,0.8222915485313125,0.8370872752638193,0.730639670047202,0.813463170878057,0.8095627153027396,0.8346976045440972,0.8491134512455029,0.6969545067864068,0.7374157924151888,0.7341143924925951,0.7460128357707444,0.8673340881994879,0.7032198250746178,0.896157465582922,0.729773924709373,0.9019676155471801,0.8800195433681944,0.788642440116535,0.8298883386505451,0.840146525576898,0.7010595820555316,0.7689312068894345,0.9086413413644984,0.7638427047600489,0.8055649109413601,0.7905439223173282,0.8416373742845565,0.9010917994304197,0.8007567764148589,0.8565464804027815,0.8689234978297476,0.8474940672731114,0.8558825233858443,0.7042517089460509,0.8907359160624417,0.8645935669271558,0.8696192099411107,0.7656331827774806,0.7929169751743509,0.8372574839206968,0.8727639076506017,0.9000681987479061,0.9076074977565528,0.9221294126873245,0.8894862696147734,0.8624568204332691,0.7490831779358628,0.680340742447991,0.7884366677321711,0.7594919147641478,0.9387924577052728,0.7841422506967595
0.7639903704773643,0.9317258021676326,0.0,0.7786775490685747,0.818941008663479,0.9280047335014124,0.8212260533088939,0.8925931326545975,0.6892758005082891,0.8989313493748334,0.9363999650260221,0.9302014278726678,0.8999361578257862,0.752685414850888,0.8442597461377129,0.9418095528191673,0.8978762639938327,0.7672251472103028,0.8474260995356084,0.804622557558533,0.9042767052434759,0.9492195553923855,0.759296132242465,0.8723315271521321,0.8864311364096771,0.7257469494158636,0.7279911751739905,0.7879847971848565,0.8884726529623089,0.7816317759767383,0.8255116287981749,0.9227032023335124,0.8310774315011689,0.7618670478650656,0.7615917468801102,0.8963581236634873,0.846655944521312,0.8509411143155621,0.8972196575254557,0.8121468607578786,0.8708204307090285,0.8467236729515223,0.8329542060135269,0.860917816432095,0.8631534058796524,0.7914089433422921,0.8070562520799835,0.911024443142571,0.8380591325490424,0.827617236230915,0.8365034410810349,0.7812901557141878,0.7270414544083885,0.8957191169222894,0.902725702383798,0.7673292842656935,0.7796208567591126,0.9308854055717861,0.8211317629550396,0.8231069602068836,0.8764788441536671,0.7354881402848855,0.8125455982464072,0.7906529733717982,0.6983497315346291,0.7257978331285477,0.7681792321803137,0.7945306489008056,0.8101256943233247,0.8677149267962787,0.7981138677983689,0.6826844076482382,0.6819112409441759,0.8931652485188925,0.8963449462692398,0.6686083201524721,0.880700204908706,0.8448047154864384,0.7114708380517605,0.668443923806621,0.877517663582084,0.7221628236059178,0.848258196323017,0.8298859578973913,0.7147827918200192,0.8466844043746306,0.8309896545212351,0.6968691452585007,0.7609772384560233,0.7357064061137215,0.7856601254497458,0.7635944052107237,0.9085162128207761,0.7162291616429001,0.7285110452621243,0.8616193783063859,0.7548548534900748,0.8127046460071974,0.62156383427942,0.7627565172071075,0.7518136203870878,0.9137564589281933,0.654258941156635,0.8316115415270142,0.7450142533593062,0.8164880976750057,0.8680750123426966,0.843730776081878,0.8517270648453866,0.942019100194687,0.8688136756941358,0.7050470951790827,0.7897986268069401,0.8271180342337169,0.7102593319473699,0.7824450378126996,0.7708968127719432,0.8779412044620526,0.9032900572126635,0.651651553360485,0.759618523699102,0.7192539471364082,0.7400593364910202,0.8569942094119795,0.6362703313226674,0.9218982969970092,0.7121441981668319,0.9167330062372196,0.9148433598501933,0.7792722577260461,0.7858143818690742,0.9030912735589953,0.6605794653829802,0.6919173259640402,0.8820764762495141,0.7551270099866895,0.8112537651979089,0.758856241914428,0.828194509842958,0.8747622890558727,0.7464919502399633,0.9288828529679966,0.774892512444414,0.8321703862516792,0.9073047750067738,0.6951298579733339,0.8571514212063926,0.887754523312596,0.8926892137939588,0.8464009304229836,0.7203192633241856,0.8005032431766184,0.839013366022871,0.9110854025296468,0.9115190990577698,0.8490586860156368,0.8351132206037603,0.8820793108939236,0.6716880447934912,0.7037742273468881,0.7964230521626838,0.6963968535277346,0.8904616653146199,0.7554155146829761
0.7881537860136493,0.840364269804294,0.7786775490685747,0.0,0.7227062246890744,0.80576516327393,0.8482622315059849,0.813624574769496,0.6861636827072584,0.7023191720171061,0.8379110577202444,0.7992463255345791,0.8051531444200969,0.7923636404559528,0.847461058848632,0.7350405144222101,0.82347399809859,0.7817397815610635,0.829750483058618,0.757779810667292,0.8388719859078085,0.8334168275708205,0.7652874186116244,0.8559831743566677,0.7522228303504558,0.7443019068923784,0.7284714342891004,0.8393469311963903,0.7094310835082198,0.6409381654149593,0.7586310941197592,0.7465484917488793,0.9423437472429428,0.7859161698663871,0.8202288572525043,0.8446858027048813,0.7405681667448487,0.7649721987233934,0.8008899004728803,0.874402347565848,0.9002634029398063,0.7743802708458648,0.7101580585282078,0.8221720126202581,0.8206049157280694,0.7855280621332272,0.6710514247653321,0.7472332358286913,0.7935444417510502,0.8057393811455408,0.8734181818308524,0.8448108961687255,0.7894314530830246,0.9076599263147359,0.7948981104822135,0.6981229790556731,0.8129614212636694,0.7955725349350249,0.8216930564782499,0.8539389379798099,0.8707907628278713,0.6839027671404015,0.8101670573778116,0.6989346788105131,0.7551113690876916,0.7611591845222689,0.8711219561482034,0.6814989476265934,0.6916761767834027,0.7898561114447549,0.7892066981487136,0.6934808388946375,0.809575906686975,0.8901268241175855,0.8283689974526862,0.6546981206546272,0.8216790100982495,0.7109030469509333,0.7319308073599832,0.6074231626708767,0.7470357032882433,0.8363930064029423,0.7083497721516384,0.7588187504215135,0.7951820266519598,0.8172811994160402,0.7656570545265957,0.7089196691009737,0.7327762371244951,0.7272812526362872,0.8125270626581697,0.8256783204832591,0.7910011690889154,0.7912693052735201,0.8843274899946135,0.717532766921709,0.760624651258288,0.78578858481501,0.6725753989561714,0.8773131292457073,0.7209379583723314,0.7565737106872077,0.7736795715060337,0.7212671892975833,0.8141227702359071,0.7347568692897181,0.7997153137404124,0.7517190399775062,0.8146381376178526,0.8083260494499405,0.8856137066329295,0.7781887490412034,0.883575490162175,0.7370630360500758,0.7913181562309947,0.8247480004847224,0.7642283012473067,0.6745301456286613,0.8525525417739093,0.7504475355571982,0.7330046154250642,0.8007489466047888,0.7628237885910096,0.8155873852242838,0.6964706513587241,0.7580598085660014,0.7978798111454306,0.7668098977310466,0.7992178478438631,0.7236341417211143,0.6584468881808775,0.7601900374800361,0.7114196015316673,0.8483771468737464,0.8068806815273212,0.6911295836412378,0.663297330424631,0.8036723106974967,0.7706969858794833,0.7617489914575494,0.7913043939758323,0.7085844407473456,0.8812626013583545,0.8052078799380931,0.7534742274584916,0.6993784377804515,0.7821641637799205,0.7235551496194222,0.6945218371932173,0.6602099887687635,0.838323069171937,0.745185502995235,0.8418271059500282,0.7407682612341882,0.8193109910597969,0.800249568226521,0.8401978852011729,0.785395655144007,0.8601140234281632,0.7512090725514767,0.7131604005475586,0.7448151949335727,0.7630230867113772,0.8276819326689083
0.7927301092657275,0.7616267770553581,0.818941008663479,0.7227062246890744,0.0,0.791935738755928,0.8633388085130451,0.7166518693644217,0.6929366647659417,0.6958298108057346,0.8604195613889144,0.8067372124705284,0.804060065338863,0.6942534237817328,0.8352237328575891,0.8574823516266858,0.809472557852648,0.7591510328790582,0.7229246275552456,0.7132359411176539,0.828368151913859,0.8348760552452972,0.7470306523769672,0.8515381350188214,0.7503816301647448,0.8349789572625186,0.6761916946331556,0.6810822448867563,0.7328814276442015,0.8409856192307976,0.7577270157172947,0.7828368208849549,0.7755778731695453,0.698874734756036,0.74399487751396,0.7644370611836669,0.8608134048810689,0.7982150861094044,0.8077086976406495,0.799643324684036,0.8064445328987616,0.8094165658172677,0.836311972388132,0.8960245268082152,0.7398175800090319,0.7564381934450476,0.8650402382034057,0.8762926163422387,0.8188473556169235,0.7904590610087056,0.8437072129835502,0.8001426767986616,0.6641944876807007,0.7686804433799235,0.7726731965732471,0.7433126342613672,0.7642548463384062,0.8692368314332763,0.6971055829498123,0.7512298842219531,0.688743101832208,0.7497416356453227,0.7939297211048011,0.6839196463572361,0.6926690814176051,0.6692426727682396,0.7105713014674827,0.8733002524275805,0.7171746424804034,0.7619733461880194,0.8648992348395166,0.6846079160393332,0.6453406343283891,0.8106209329885999,0.7223248728381352,0.6580555366847584,0.8373515567235847,0.9271476242159703,0.6949277564697013,0.8000140472185576,0.7898417594168632,0.7245147182048606,0.8647763533360079,0.7009121249344235,0.7089683304204524,0.7718263239048213,0.7386925483391491,0.6964011968487851,0.670351752151489,0.7211443525398035,0.9220523011770113,0.7273893403420126,0.8513839420709766,0.6890926021076978,0.7286363800771724,0.7794418351346756,0.6281009537074844,0.7029097478087317,0.7039458094646609,0.6894783508427279,0.7140912467793564,0.7512463780193598,0.6712119105440325,0.6957210954062203,0.6969905119858465,0.8095550122340679,0.7209542744037211,0.7267256980653755,0.8154094365242743,0.832498417350061,0.8164079924646656,0.7685591410494665,0.7270801638823405,0.6865646674827706,0.7190693066771927,0.7949418583886724,0.6811032965631046,0.7675709300244471,0.769239518411752,0.6687798354449772,0.9143499646780764,0.7208666321067788,0.7212262498995775,0.8979699505726435,0.6849129445307339,0.7848673019228658,0.6763520162736495,0.8726397359237267,0.7260255932651875,0.765546186922171,0.6909861279120062,0.8124120506141097,0.6576842046467152,0.7146149716600024,0.7376418506275049,0.7827544271206054,0.7979791085263734,0.8134180622673186,0.7119270414409606,0.8278398636215352,0.6640091963784113,0.8145347510619311,0.7235861719856153,0.7018529831528134,0.8662524017730596,0.7366606608092673,0.8722744779259867,0.7839304743694404,0.7170261280828173,0.6810880306705427,0.7201745262666095,0.6968718695510989,0.7481601425415865,0.8158154558525162,0.797964535484441,0.78676395815232,0.7870395333212923,0.8685840829243984,0.6828873153546395,0.7856430212564302,0.6810458102277546,0.719575276900083,0.7800361049072163,0.8696934889900938
0.806320147558927,0.9196967185061723,0.9280047335014124,0.80576516327393,0.791935738755928,0.0,0.8174488078042609,0.8960902225654294,0.7480168603296335,0.8320719099433944,0.8806787789734104,0.9302311897602316,0.8664976735416955,0.6994056347131733,0.8312117191854158,0.8762400930732144,0.8762414865985725,0.7534690979334752,0.8966410468008231,0.797215765961517,0.9124604908664858,0.9095753345785301,0.7248960551473932,0.8519462231882692,0.869345181499433,0.6883142646038173,0.6648066014101518,0.7911303320694073,0.7935152088909132,0.8001933427270059,0.8425485650176207,0.9133251906591661,0.8399146449776872,0.7701000568560032,0.7602373733023944,0.8406411333870653,0.8178159969169987,0.7874757366766398,0.8632992171335965,0.7682754091757763,0.848762598343785,0.9007875149026643,0.7964661939090015,0.8603647679450134,0.8226086150857379,0.7913774920390636,0.8028265369640796,0.848297124812345,0.7936695284214401,0.8130081708230246,0.8648592909807175,0.8329416782483342,0.7689193865155513,0.8950748239239287,0.8331448395258017,0.8285488584981556,0.807720046514535,0.9404797395451112,0.7753775340839811,0.8129626529980761,0.8837793329347345,0.7599536677722619,0.8515120955203409,0.6991063054131292,0.7386106757739032,0.7593428092274677,0.7525642345425282,0.7854757992821859,0.7222360374685931,0.8640374279878758,0.8281457601581554,0.6354919095942797,0.71501587665212,0.8822261739769343,0.9101804191776737,0.702341790127293,0.8420231076530591,0.7879138169616684,0.7070969203068784,0.7014324300682762,0.9185463990994236,0.7932814167968302,0.8553199783458869,0.7886546004830849,0.7498253910753918,0.844435025455696,0.8702131402524524,0.6882438630921849,0.7801961133162336,0.7648989737256782,0.7943302831925629,0.834406095727423,0.8551229452361447,0.7671056479795036,0.7508317702481326,0.8372851327626767,0.7906929734734657,0.8433193559595547,0.6262017808576958,0.7880111090763027,0.6911694490188951,0.8692281115155568,0.6759955254362842,0.8044528750037372,0.7743879546790245,0.799093948186643,0.8589685667241128,0.8188317199957783,0.8079212930523401,0.9270028751200178,0.8977897341828535,0.6986350137370879,0.8566068141521757,0.7797609649948709,0.7157406430525469,0.8064405728807083,0.825646158267904,0.7944721664064898,0.8869018691762207,0.6723166594244229,0.7243209663827017,0.747795271694669,0.7647942087913479,0.8861546548010526,0.6695999081191518,0.8622660743578436,0.7546910495777648,0.863604950912208,0.854964021130722,0.6995967797987452,0.8125124097806266,0.9186282679405441,0.6450899770126984,0.755494735509548,0.8475897087494307,0.7393434718076966,0.7884382295484911,0.7090979220875735,0.7327902245850423,0.8564436164605304,0.7425241689557812,0.8655621188688133,0.8288769375996193,0.8192599825428188,0.828096133019647,0.6983368529387208,0.8892133292665628,0.8555016730424284,0.8318730258946836,0.7752484679809436,0.7678130788402475,0.8175031078236573,0.8259790979927477,0.8306107740516052,0.9131682825157856,0.8449472460881785,0.8252236018727136,0.8977700481593764,0.6673453271180099,0.7301283949837293,0.7510439065450937,0.758812453836579,0.9000406816890025,0.7852975117322953
0.8410607522648272,0.8608686020932589,0.8212260533088939,0.8482622315059849,0.8633388085130451,0.8174488078042609,0.0,0.8123378960364505,0.7570666648002597,0.7828779230316847,0.8667173259656407,0.8470252750578192,0.874943830991378,0.8139221695752107,0.9287438432695875,0.8157288178992533,0.8028389417869667,0.8272929172739878,0.7621949155399576,0.7459303935592799,0.807461429116441,0.8705282599034132,0.8494347702075943,0.8861128411050484,0.8322361577474675,0.8006121624209424,0.8057698380943543,0.7627289370271108,0.7736646548578531,0.801534958235464,0.8538349745230229,0.8183948884228339,0.8992089961445716,0.7709245123927312,0.8299917724466124,0.8131167409404484,0.9098759052850779,0.7922232800985319,0.817124277629926,0.8856799328292763,0.8413071784573707,0.8360792688994274,0.7937370699598931,0.8765792596488977,0.8438240956029187,0.8083174523210184,0.8253545228132857,0.8310327826227393,0.9081165263969382,0.7831018003795776,0.8620393101126748,0.782478606795464,0.7023987854298532,0.8241893274570207,0.8202598572991696,0.8178219005433854,0.7639424411207412,0.84073630283285,0.8071833497774631,0.8196797591398588,0.7718829652701467,0.7208558881454471,0.7525539981034106,0.708047911460744,0.706183984323781,0.690172745729333,0.8586934725904537,0.8706177379232222,0.7516758098187502,0.8470731365359931,0.8526798583397917,0.742737508889598,0.692129041836747,0.8657440347264779,0.7551130972711925,0.7404001163636184,0.862571435824982,0.8869870725177568,0.7062310151193769,0.6906115173797756,0.7564653289528078,0.778533771783585,0.8776194642807449,0.7331834384580064,0.7055548870938823,0.8258275330245173,0.8003883336416637,0.7902662563121644,0.7851692569567537,0.8136544733100414,0.8828296966718513,0.8653457020805413,0.8525655813114735,0.7201111101703855,0.7864858201131472,0.8512608780538056,0.6534253812121569,0.7822074298757452,0.7043555925701491,0.8269512307376261,0.8008719535713738,0.7830011188524101,0.7477874233545048,0.7701611864120643,0.7376197854659208,0.7939319131160887,0.7340893635669138,0.7834839183104105,0.8791021710273476,0.8688869631761887,0.8573150371555175,0.7456092533779697,0.8142661653538233,0.7569351333103145,0.747867740785013,0.8309964642122123,0.741075710600521,0.7828992696787672,0.7890450296637945,0.7757352668524733,0.805428027630219,0.7984877706427251,0.7208433140854636,0.9209031866249877,0.7031841466348334,0.8381251090667536,0.711402452596558,0.902280777378965,0.7699749560588102,0.8150473028803497,0.7506198805035921,0.7444703004137975,0.7297681609475603,0.7433019118671583,0.769398662704708,0.741144705177515,0.7910039141154074,0.8800602516736353,0.7895220871508872,0.8559199735709686,0.7833442612033895,0.7947906788390784,0.8277592166420547,0.7344863906799964,0.8559458207627432,0.7957028208117347,0.8588013516118177,0.8188381395107619,0.7579222676764702,0.6391483724026256,0.7853872758533873,0.7599134984016171,0.7700922086823276,0.8811353792565291,0.8481819311215202,0.885868542814709,0.8692839580328029,0.8951038326400841,0.8301014392755617,0.8022511176799867,0.7537662835077048,0.7773216567546798,0.8592107630575143,0.8441283327194915
0.8400313782596418,0.9482099595088426,0.8925931326545975,0.813624574769496,0.7166518693644217,0.8960902225654294,0.8123378960364505,0.0,0.8051383749279227,0.8662197807840654,0.857666983493116,0.9204979996512461,0.9088419985511983,0.7660550440973537,0.8617916039376348,0.8542090850360929,0.8632409768416576,0.8300422945026734,0.8803693115556352,0.8783447069937135,0.856113974252116,0.8966123742055009,0.8255173986329852,0.8696036753403864,0.9200563387469745,0.6942270932566683,0.7971302692970479,0.8730729340575166,0.7849493248427726,0.7845771738178255,0.9017113109956063,0.8799808430117606,0.8490026797124622,0.8420111129164722,0.8284066811106219,0.8576386195833924,0.8408176988665126,0.8454612021524788,0.8381567060719697,0.8182296641592414,0.8500530069914184,0.8689568127089448,0.7947669303962066,0.788693804649611,0.94457474925234,0.8508095791059979,0.7754151046323506,0.7936691440158917,0.8485058567489702,0.8129582260950556,0.8062551410469432,0.7836011105368296,0.7431073327107562,0.8532921228226894,0.8155105746646643,0.8392265486628392,0.8052471897181598,0.8810525414658118,0.829862508445874,0.8642154434001479,0.894589526611337,0.6915469368125624,0.7829781255472935,0.7653364706455736,0.7194500506517929,0.7614307712909406,0.8244268678678646,0.752637140644498,0.7938694436212428,0.9443793722594016,0.7934706816450235,0.7072684127201075,0.7199827502082076,0.8765825668046526,0.9145024798801572,0.7352252579310472,0.8050620109855146,0.7398674383029801,0.7774600156576725,0.5944305738686094,0.7990212961591642,0.7843834627641798,0.8295714226075933,0.8479166020301531,0.7401986412164505,0.9366643561318216,0.9011516077005338,0.731460479423058,0.8791055250156352,0.8338891093166486,0.7572122214872951,0.8478394210745139,0.8175778451945213,0.7577636301632653,0.7362807504574449,0.8367122616192492,0.768533591856092,0.8987952738445166,0.6228132283150609,0.8603125755446873,0.7378271550704125,0.8750095562817205,0.6970993797429273,0.8478851122785276,0.7997401192546529,0.8289469256929047,0.842143968150674,0.9053547483707745,0.8452040853037704,0.915061344974458,0.8418926552754514,0.713780536055572,0.8178151247703332,0.8698995899548567,0.7515453999469278,0.8356683656852318,0.8494132392005391,0.8100687501116112,0.8279222384263106,0.7255044045152238,0.7002042087062627,0.7725537805835461,0.7797600562961533,0.8342436763349287,0.6639165271877873,0.8562724292030137,0.7223210325858145,0.8862458917558901,0.8742471477095909,0.7638387786052975,0.878558181529485,0.8187213583585342,0.7236405439069807,0.7376481584049402,0.8702124965291924,0.7014899612026698,0.8340840527075395,0.7700031634843318,0.8607537849262097,0.893350654030359,0.768117638223819,0.8131302532794108,0.8391503964748932,0.7917990176996871,0.821320606438556,0.7544864272322253,0.857017109642039,0.8236774001509113,0.8868230044266823,0.7710307289742535,0.8134073040373974,0.7874629217225529,0.845783910206359,0.8790889812967365,0.9229620636794775,0.9235203364594264,0.8687732838534926,0.8628564480764471,0.7080707759415813,0.6712795772545704,0.7717290228675823,0.7676310779112603,0.9404609264004083,0.7653820281938175
0.8471152554389325,0.7867998971537808,0.6892758005082891,0.6861636827072584,0.6929366647659417,0.7480168603296335,0.7570666648002597,0.8051383749279227,0.0,0.6687205899696739,0.687141176956135,0.7497233196640994,0.7441566821294431,0.6894973932212362,0.7962292549423841,0.6717882975016818,0.6857353522436341,0.7718194807124128,0.7255150221426901,0.7684129847114317,0.7060137188525458,0.7715874232352302,0.7140979848197353,0.751228350213372,0.7418693576717905,0.6081141820814495,0.7041942410282312,0.7019372590639879,0.6030203824004816,0.7947332752999254,0.8419716955782044,0.7068023058970746,0.7214748583231028,0.691452503616514,0.7780972058474197,0.6729390100202967,0.7474635502099838,0.700798815713143,0.7025754154372451,0.695593317694109,0.6880122779253995,0.8567757887606208,0.6689581040209814,0.6801206064819219,0.757562016628999,0.7369861073824444,0.7326623473760312,0.6410785842297065,0.7233436508511633,0.7162957431895841,0.7102991503185696,0.6968115809823567,0.6954125781328878,0.686605746759372,0.6252608551436757,0.8851796455384603,0.7262850896003066,0.7288970101804925,0.6880632639713475,0.7405367091411345,0.6989854235071827,0.6518959007305524,0.6669604096105598,0.6279840511555701,0.7204249918767672,0.6703902707704232,0.7444352434116543,0.7433283529712881,0.6475445142712968,0.7971168247003189,0.7935889244910991,0.6500525142892739,0.6735814864153482,0.7190169966539985,0.7284493569686584,0.7069084043120393,0.6629374541102053,0.6495212283053001,0.6535962384313302,0.5638726682056298,0.6570243976304392,0.8309131557629008,0.803152807163069,0.6408035406660975,0.6588132080429451,0.8196901407342275,0.779449607124858,0.7027747087288561,0.753334724571402,0.8961003997173099,0.7262771133198205,0.8586481792968367,0.6703883746567153,0.7013287988498896,0.7118014716579601,0.7230019592472828,0.6772385450916366,0.7490143286501026,0.6796621076729434,0.745729801931973,0.6454857552976815,0.6669845031189132,0.6262401312355852,0.6711989177794999,0.7206061832848327,0.7091202347906123,0.6462634219096522,0.7249292273864925,0.7039115139946486,0.7570870799248538,0.703767672343858,0.6695977480703704,0.7289300821565338,0.7163619230415876,0.65415715773569,0.776239805913616,0.7175436741799289,0.6581806748422279,0.6236705533211975,0.7388890541096436,0.6841179625324063,0.6792285842654653,0.6944968091767724,0.757227623015835,0.7528138441910561,0.6574779267361567,0.6833088926372178,0.7590003410135591,0.6312261954609197,0.6667657965228886,0.8655622723574219,0.6910325681266238,0.6687682580795143,0.7806044779508351,0.7114275179702458,0.6736904438067808,0.7449348816833122,0.6978988708112248,0.6675059663599602,0.7777241738279825,0.6441163853466542,0.6710839707366464,0.8190915252487786,0.6812031465203041,0.6669269885935128,0.7332422081395933,0.8583401541108283,0.669407774353054,0.6881439242547569,0.5866800831251241,0.7755348546939981,0.6641408680669368,0.7323917010048868,0.7474874188118003,0.7252364496776711,0.8513030113037199,0.7659486002434089,0.7438108090895205,0.6590051012302619,0.6133099759528945,0.6087804938975878,0.7751450264905869,0.8348389444004142,0.7790837541839369
0.6953482026483201,0.8860011941914828,0.8989313493748334,0.7023191720171061,0.6958298108057346,0.8320719099433944,0.7828779230316847,0.8662197807840654,0.6687205899696739,0.0,0.8353917002478682,0.8715317795415367,0.8354582549033589,0.748230672060752,0.7838116119443594,0.8477115509453924,0.7639714266013042,0.7242794838005084,0.7610327804652269,0.7335937404824338,0.7423442853692055,0.8370091108313247,0.7643531725789069,0.746603002222666,0.9259333039268018,0.634710834539258,0.7801030551726981,0.7368016990480124,0.9395491566306019,0.7544327924930079,0.8434901339879217,0.8792915671754812,0.7722130330578888,0.7188119793168922,0.7358122601257316,0.8261674676997165,0.8283999722935349,0.795621471884641,0.7939342850959682,0.7210801299399915,0.7605588341191846,0.75121893308836,0.7654258175077723,0.7646986436582728,0.8283914466314461,0.7087025439972242,0.7449001798100786,0.829568447592667,0.8206044339281211,0.6984802594155152,0.7002955034098256,0.6429205938071433,0.6338319678063695,0.7736459301330145,0.8757143773625744,0.7496944546247161,0.6526292355532878,0.8269648323160348,0.7867914276388246,0.7209865740601267,0.7871737027881937,0.6420147375676105,0.6735011817794183,0.7759488883324144,0.5979678365504053,0.6224876485243981,0.7042472167662299,0.7467557975691449,0.8322114542631563,0.8781337232104722,0.6715858421257929,0.6884332875762494,0.5961937074207356,0.7581905402281038,0.7934098934170429,0.7009482212015938,0.7497366139573776,0.7860770869856964,0.6541548214896546,0.5908035927898504,0.7698724945099961,0.6183758216873275,0.8047249567025345,0.8073783429733421,0.6043978930862692,0.7704433097251956,0.8127735944677819,0.7064100414125283,0.7934527799234873,0.6968071498545237,0.6761052117866891,0.7482248246066878,0.8333757488415389,0.6159208260180622,0.6189057887222685,0.9237275863731962,0.6526410381857934,0.7981837384511479,0.5825544209258815,0.706110585891355,0.7881330903379479,0.8460421470978235,0.6419708283157888,0.9190957262140185,0.6690641615887551,0.7146206020089059,0.7375557451591017,0.836767044372932,0.7760171053390692,0.8372548308360361,0.7486570576001337,0.6042624465418627,0.6958030076331717,0.8599926808041094,0.6403692642724993,0.6774092453982198,0.7442835441369113,0.903972516561072,0.79866157927517,0.6718697485855122,0.6275496959458302,0.7163798031721992,0.6436869445900426,0.7550666522549914,0.5968565459380162,0.940216522198193,0.5957226716467192,0.8377991700879908,0.8795714312986838,0.7617708632406831,0.820084171761415,0.7252933539555295,0.6499803765960975,0.5891879497635882,0.7833787832645898,0.6714693075584901,0.7971537022948685,0.714697654469411,0.8269880758569309,0.8324643020707048,0.8030821865984081,0.8752020127245114,0.6808527531554608,0.7436930652328049,0.8521976383790333,0.6835829568324717,0.7361267085673502,0.857344548947432,0.9398658159687656,0.7890456463496567,0.6537647203162653,0.8313197072169372,0.7089662699092575,0.8715486232310178,0.8669564691497208,0.801428698193062,0.7468599023627355,0.8031778386407388,0.6745270395674096,0.6340211342824906,0.8280324624391364,0.6901110521523796,0.8899829670121843,0.6312739015581115
0.8069486289346567,0.8991136741589079,0.9363999650260221,0.8379110577202444,0.8604195613889144,0.8806787789734104,0.8667173259656407,0.857666983493116,0.687141176956135,0.8353917002478682,0.0,0.9225502228365555,0.8960377275433357,0.7909818532040984,0.8738981905761336,0.9367011121595,0.9163480668684852,0.80587147052333,0.8679355862682689,0.8271337262081406,0.9121078512342241,0.9360749255189983,0.814558673349139,0.9064125023767653,0.879816709636889,0.782129966883389,0.7610476304448128,0.8351389387790468,0.8745452973690429,0.7784459168711628,0.8358946801471435,0.898688499860696,0.8626055183023211,0.8043065522517575,0.8350687497303998,0.9228622937574859,0.8760821438269184,0.9045179608133274,0.9256328290124866,0.8594266533906582,0.9049199639079972,0.8263531842748156,0.8613746106817138,0.9242785177726879,0.8697291498088591,0.7971790324560725,0.772821942563072,0.9478793244735771,0.9041769127036167,0.8580583145531087,0.8796081675704964,0.808365372426869,0.7296598487774654,0.9127526034940805,0.9389990121401866,0.7228103968049754,0.8246781956058157,0.9370128589646316,0.8391280271643391,0.8505237669113616,0.8679527045935581,0.7181153412829849,0.8347520853626657,0.8176107771394876,0.7195981356308075,0.7347858809851564,0.7994695896471354,0.7766835608154155,0.8185161012518383,0.8792029819069959,0.813826931214467,0.7436130035167774,0.7287578731335507,0.911083239621852,0.8802651946500842,0.6847864102952081,0.9134557651463228,0.8609656380119127,0.7448329836562413,0.6947487400407422,0.8341506805091865,0.7437103055807432,0.817024350179384,0.839437677027283,0.7677425368837185,0.8488423143960963,0.8577895414188577,0.7349086313790003,0.753345834936641,0.7191344670213199,0.8538585312453766,0.7713999302950147,0.9479024302653721,0.7534870250887742,0.781194760919158,0.8379549294803404,0.7359611554685079,0.8007091097910688,0.6845462438823591,0.7756356871648766,0.8204606880381328,0.9016239691505676,0.711638295246888,0.8126959495928391,0.7864775766636491,0.808362584482025,0.8493684709986359,0.8401775586594491,0.857270767748055,0.9254661505752174,0.9186633006760907,0.7879275930430697,0.8126945804598813,0.8575850314509542,0.7599337741039198,0.8027087259692761,0.7791586714029277,0.8853559799173377,0.9142643773815814,0.6897215705727244,0.8304235173512154,0.7553598268085011,0.7827843874013032,0.8788189421315826,0.7042174342183153,0.9102864392562404,0.7116518245173731,0.9018292856224661,0.9092119056790194,0.8019528694896049,0.7317169168110887,0.8673554057948156,0.7444731461283199,0.7517125747487214,0.8981607322279884,0.7781627500312656,0.8061986293751108,0.8292428828961118,0.8586158746101453,0.9020863334449283,0.7709900181628009,0.9172102095167686,0.7893592516558265,0.8394891601153763,0.9495915055458252,0.7239615709602142,0.8463964585306314,0.8308037033423321,0.8540784895840687,0.8294564139953131,0.8006673216752291,0.8076355804273975,0.8769311252145017,0.8511984051892689,0.9099248532673174,0.8599984452124512,0.8815954184246828,0.865331747227889,0.7547618682641648,0.7783115246773415,0.7584264550583552,0.7593446203516855,0.8510508449985017,0.8383847549691215
0.8015789635919484,0.9326610905911704,0.9302014278726678,0.7992463255345791,0.8067372124705284,0.9302311897602316,0.8470252750578192,0.9204979996512461,0.7497233196640994,0.8715317795415367,0.9225502228365555,0.0,0.858416686551676,0.7004251640146693,0.8548821630672047,0.9017183932966315,0.8724679891910105,0.7583883456936416,0.9129308689094963,0.8375022434327707,0.9060245528639788,0.9158039558287737,0.8123949947725013,0.8886027476004508,0.9388811460114814,0.7117753681366655,0.7283156914926402,0.8168968083406146,0.836847137391517,0.8216819420757123,0.9051217086256235,0.9068666547778782,0.8300638097322092,0.8417608084634988,0.8123828188428578,0.8898459683324359,0.8568594141709126,0.8338282500841085,0.9156723583284004,0.786576698229316,0.8611644547853364,0.887644773614299,0.8285446479049304,0.8807420738466256,0.885229191821522,0.7863250695046745,0.7913728750718566,0.8884602664691138,0.8670621720552363,0.8103948111603326,0.8298899194483766,0.7905828499774381,0.6983902171346728,0.8852763117079504,0.8810003883880496,0.8088988530081827,0.7941650251896297,0.9600419650972024,0.7875584204276638,0.8135002020025586,0.8492604859506011,0.6744637568838002,0.7888358535055597,0.7722455895828436,0.6976050739745643,0.7111810850205776,0.7596092064451663,0.7564585683635038,0.7552112826806149,0.8908590077573756,0.7849130954194741,0.6718872391519184,0.6920548152161424,0.8634267692667956,0.8719267770541307,0.6848305598953711,0.8376079961541217,0.8145710307928996,0.7299280478043687,0.6469514041990286,0.8198148488036385,0.762573670223255,0.8465961683917516,0.7880939549574972,0.7419862264348223,0.8741343165711587,0.8922407046540961,0.6940249943758033,0.7814830038103554,0.7836190959305899,0.7921916513752858,0.845268789421947,0.8750644279004827,0.7271242845967385,0.7129617062870002,0.8809943230347533,0.7424115310007403,0.8913510823590659,0.6441505925144357,0.7719078780478636,0.7440958993039817,0.8962491499361039,0.7086103352761375,0.8746524071372201,0.7558178737149394,0.8023553985191675,0.8331596569839133,0.8839759638592192,0.8106211886551146,0.9572499578233239,0.9182011601754757,0.7361869489214754,0.7847879701793284,0.8336337924631131,0.7021479888904953,0.7920751930556104,0.8103854576482797,0.8745527356276883,0.8818872127524814,0.6721105810832707,0.7412227848202145,0.7334160694220226,0.7820228121197578,0.8620843649200179,0.6698124044737662,0.9026570510486125,0.6920803544723587,0.9093719227390882,0.9043764677076243,0.7235384541577502,0.8206636903542842,0.8529102071711216,0.6580278579413483,0.7418165566582999,0.8954736100115053,0.7146613671732759,0.8391056535594734,0.7585400883797202,0.8221102663613901,0.921106311527564,0.7358602847351874,0.8799408895084052,0.80083875782513,0.8203413693545957,0.8996957666080799,0.7505368964844497,0.8896898364580933,0.8143205948558108,0.9052847682853431,0.8210698719271172,0.8029456906287592,0.7913293597122218,0.8501660927420858,0.8667809865647659,0.9683563441109149,0.8749495836491165,0.8360950641582513,0.8904129403583122,0.682633842627774,0.6933240935523995,0.7189724776554406,0.760358246766049,0.9270327299213023,0.7923818177253475
