0,1,2,3,4,5,6,7,8,9,10,11,12,13,14,15,16,17,18,19,20,21,22,23,24,25,26,27,28,29,30,31,32,33,34,35,36,37,38,39,40,41,42,43,44,45,46,47,48,49,50,51,52,53,54,55,56,57,58,59,60,61,62,63,64,65,66,67,68,69,70,71,72,73,74,75,76,77,78,79,80,81,82,83,84,85,86,87,88,89,90,91,92,93,94,95,96,97,98,99,100,101,102,103,104,105,106,107,108,109,110,111,112,113,114,115,116,117,118,119,120,121,122,123,124,125,126,127,128,129,130,131,132,133,134,135,136,137,138,139,140,141,142,143,144,145,146,147,148,149,150,151,152,153,154,155,156,157,158,159,160,161,162,163
0.0,0.5777604595717739,0.5529403907064495,0.4755536885065095,0.46471911513153275,0.564147989203866,0.45021679476349574,0.5147005684730409,0.5636902031526835,0.5275278209476099,0.5506424066147403,0.4463818205553291,0.6455514586689111,0.5961888973792244,0.46231977963127574,0.5863100149250484,0.56308829920832,0.6297170603321293,0.4997300691972205,0.7129618565018061,0.5306882471582083,0.6101375173476061,0.46845801021062816,0.47644478771267673,0.5875408969080803,0.4463667937646144,0.4270839640648432,0.5426910690205249,0.5242470131174756,0.4349471780221339,0.4698766824979779,0.5815146600291581,0.45673210189024227,0.4393787579991343,0.6719988094346238,0.46013958574363123,0.5551992131074089,0.5463585726149676,0.4016961084277942,0.5282383558893755,0.43043042747565324,0.5376242481338012,0.5008549371275425,0.48881090536266536,0.5035835381331965,0.4531852478432322,0.4543796396984647,0.496536279499929,0.563879576721879,0.5095217434287593,0.4976061426471036,0.5566744461982395,0.4687430939371872,0.49215698912820066,0.4902040648175525,0.5327822975649604,0.5812477064563178,0.47934035208196235,0.5092748656885181,0.495583885640405,0.5327812604913854,0.442622105142109,0.5751102618469504,0.48146666046409803,0.4894302517186071,0.47174985875475856,0.4668849230379436,0.5428070831899835,0.4635341271956951,0.5934865274110678,0.5641646748254613,0.5475700418897784,0.536012304145042,0.5510290606191697,0.5256845155750055,0.4790387943247632,0.4727800071112265,0.46824112839992826,0.4298339362852212,0.4241832557176767,0.4876229779969362,0.5211027138500252,0.5355170712403956,0.5479681414829316,0.5070368693470126,0.5586373093392899,0.5378226572646425,0.4757429129009867,0.5087312923329775,0.4311960065213668,0.4963127584771616,0.44189086629017094,0.5127882897840765,0.5226672633347792,0.5598921774118434,0.48238410662500536,0.4437873223924571,0.47367773168230587,0.4854775976259254,0.47941863846800387,0.47571944741695044,0.4371168670685032,0.39584397591068116,0.4311873941561207,0.5586591123139428,0.49794239784969113,0.4361156329658274,0.5559373379081153,0.4447788756071048,0.47443655170286875,0.46636498348885647,0.47492034461735566,0.535853721778783,0.4594930191711624,0.5242812086728712,0.5680277244546444,0.5473968168284705,0.5430477715690446,0.5157401445615523,0.5151554728576769,0.5329462688951206,0.43215255711188216,0.5624775694464503,0.4940539764290465,0.5649073809989933,0.45543253933332273,0.441101912229723,0.44059669488223996,0.5093194759930711,0.5044180165218334,0.49347312319003284,0.5503281302595397,0.5113856351634802,0.5174582498383171,0.47989468571890087,0.48510955063941524,0.4992787732386996,0.4937633961343733,0.5421163679635829,0.4321627827379564,0.48791523271155657,0.5806178394732183,0.5229003835894943,0.4780423794976673,0.4843594333438413,0.4368875394912605,0.5053469414188918,0.41700621829052326,0.582943233176276,0.4077286391762149,0.5205559295626355,0.4874525712696807,0.4731007011210267,0.4194685192047791,0.45277231113259125,0.5031018352443696,0.5416272386907001,0.48248420980122797,0.541080495838397,0.5419102148881858,0.4491894614423181,0.5966693779938192,0.40361273189299585,0.5885667374227961
0.5777604595717739,0.0,0.5782242683993556,0.5471213457071649,0.4567322838897682,0.6136786047662266,0.4840629542421761,0.646753464558345,0.5330274453886649,0.6219017310040271,0.5043947347791526,0.5731711978515868,0.565556678707112,0.5052554844708241,0.5422132074773766,0.578464372432841,0.5342056452786977,0.5322863562677892,0.6065587722533461,0.6256716678012552,0.6265898535868732,0.5801924416982187,0.502848636840968,0.5795894211476668,0.6618192722884584,0.47771200993795054,0.425429465890807,0.4994758783936366,0.6197317823255549,0.43084253336137257,0.5630889706498056,0.5519589116853891,0.570362526273526,0.49958895600518716,0.5739852656324679,0.5088574032462402,0.5517621980681711,0.560681082827545,0.48892725946973636,0.5835553171279604,0.5371235234712218,0.4955759587884895,0.5194060547648877,0.5361755573478756,0.5821106473706823,0.5178296122611572,0.4734410970998113,0.4976221019987051,0.5644991522660366,0.5016457238977724,0.5268869229644793,0.6139533994315446,0.4849841127474773,0.5964318196418361,0.5485196371644314,0.5990223979859777,0.6146405278230435,0.5138262273772868,0.48097040242019695,0.546871566915764,0.5912066923250422,0.456424502580088,0.5524310234573002,0.460395286128586,0.4927958407745048,0.4903502061098049,0.48871595887497715,0.5198084060290139,0.4002738996991631,0.5864604768095334,0.5782206989822023,0.5488938166863061,0.44674060716606173,0.5653026988007446,0.5108533067934068,0.4967416547958914,0.4938094827088856,0.5421245291277453,0.5087874913572286,0.45463721618448943,0.5472767923871998,0.5678338088250944,0.6820430929519031,0.5777827528918942,0.5355772559513213,0.7120620426510392,0.5306768591475863,0.449511347157446,0.5739148244819425,0.5201743996231339,0.46681362198192533,0.4984048152874733,0.5399488552435419,0.5505645265389435,0.551867141408568,0.5857753274551925,0.5088471584537659,0.561530929230044,0.4719515558363204,0.5168876871190264,0.5267174557628568,0.482703845816649,0.41694759707511936,0.5343047875567591,0.5429892192759648,0.5687936854163478,0.4949645565958935,0.5918780953010375,0.5089524445167322,0.5285110725723061,0.5156608305834494,0.49130887258006534,0.486825042501251,0.47673467318976237,0.5663621397262173,0.5912570300657134,0.6019163092941668,0.5314297199594006,0.5101004131777221,0.5024135096391077,0.5411710633844237,0.4931091194267535,0.5290260070887216,0.6050531593781517,0.5155606004685337,0.5862759280523273,0.4390413322682131,0.5324130631242915,0.6242834683271368,0.5432715715049539,0.4905656356413323,0.5734911684020217,0.5133925911251431,0.5535025140186596,0.5341592413560198,0.4877671325771455,0.5802385060920872,0.543018888289592,0.60871962420291,0.516424229455132,0.5398213044698372,0.547182622123619,0.5779077791628651,0.4958038472596135,0.5508362360472431,0.4203595130089748,0.6140185703257118,0.5091968703378947,0.6940863600577022,0.4224606319928868,0.5675619289334205,0.5553610076169208,0.4660967352124494,0.4675383163755846,0.5790048448265227,0.5693828901430824,0.5279046253459676,0.6077483023075042,0.5522269543769999,0.5089159015919156,0.5009949221889102,0.5966779091746284,0.473910675527737,0.5525409390826311
0.5529403907064495,0.5782242683993556,0.0,0.5169802407501896,0.5053060612638043,0.5356218767530264,0.46055903412729615,0.5651059180502994,0.5170910908799176,0.6294441940654215,0.5505071012527657,0.48302672005980624,0.5840782946058878,0.5683124793190231,0.43998374214917635,0.6901023014516409,0.6705657866858415,0.5810936147219985,0.5039528968980364,0.5460233297805107,0.5667311234112514,0.6570558691857187,0.5247626645112514,0.44989663234214,0.5633612091680142,0.4497126660454106,0.4937304714399838,0.5743931192953332,0.5604589421347074,0.4654418730309994,0.4356033043745255,0.5932570114945145,0.4623126945237375,0.44233216565199335,0.5226600969668416,0.5014173568978656,0.48303427367620877,0.5518593345995065,0.4043480016057374,0.5544791451222522,0.44449210657140326,0.588852490426308,0.4844767475867074,0.4424992444036098,0.5058288343092159,0.45036000058993375,0.4627786935437888,0.43914660441144127,0.5505271620726756,0.522496584139956,0.5068003846491518,0.5366165857941921,0.45547503473519274,0.5130466491966286,0.5125631055029101,0.500899977993148,0.5430554471133223,0.5643303812644411,0.5094078899794959,0.5230690873318598,0.5071373392653235,0.45407407724111004,0.5495592636664758,0.5114025163414646,0.44199079484564635,0.43230378706344613,0.446098421257266,0.48079767606159074,0.5059042875539332,0.5965605617058906,0.4940164137864318,0.4892469935718279,0.5100357177756081,0.6099163534073805,0.5677162127859579,0.4104669315719167,0.5155051273520478,0.5110718122156129,0.4151539483154918,0.3804854597721882,0.4526103319894152,0.5040709677709924,0.5174416738168894,0.5060995782334298,0.5183910581024925,0.5491548912709158,0.48068643026458535,0.4705514723151288,0.5016492668842374,0.41256502067944384,0.5480230245824934,0.44153212724120605,0.5440333884934833,0.4458594899155436,0.5618361225153728,0.459993905038253,0.427731665601914,0.4808516943668451,0.47329252385208687,0.48076124014629545,0.42485175193963504,0.4653079069079998,0.4054380729425117,0.44977376350001974,0.5430191865319651,0.5189370411170569,0.4695920281778509,0.6114770517032027,0.45604581968029745,0.44011824202454614,0.4663057047435153,0.48584470938750696,0.47298864387846784,0.5103276563782779,0.4836863878371298,0.6042517366730384,0.49825801385748847,0.5578334078837526,0.5496667663376446,0.5430675783052527,0.508960528889243,0.4576921544443502,0.4727947046987692,0.46734101778601933,0.4399695280067152,0.451209554033539,0.4870139295410835,0.46567976232897773,0.557418060249522,0.4802115978836835,0.5259830794315257,0.6196431783790557,0.4507064948240031,0.47833939203930664,0.4374450534725383,0.4060343361238112,0.4356178747216919,0.4662843465819689,0.5854660492251988,0.4388283484410891,0.4354481675604023,0.5946398244948624,0.5449745276511171,0.5332105546140782,0.46309467277689065,0.4352982773989937,0.5019031332435197,0.43017461983050637,0.6077680801724552,0.45883600647106204,0.4522334982817236,0.4622094621148058,0.5291046094142525,0.4801989437078954,0.4716337065965623,0.45138361220954104,0.46332629143411325,0.49340774207944155,0.45873953389324446,0.5281356527524229,0.4406456171825549,0.47882659012580486,0.4166680414485458,0.5151538488475617
0.4755536885065095,0.5471213457071649,0.5169802407501896,0.0,0.48032513576092584,0.48833939941824217,0.5578695264852165,0.5621611563632763,0.449732050695111,0.5387247238238804,0.4707458746639357,0.559864099833759,0.47716612024332605,0.486441945182184,0.5063785520504634,0.5127282992629162,0.5065751835690848,0.47817187342420114,0.5426651070918823,0.4726742655163826,0.622583836883779,0.49307252019183345,0.5700184096758055,0.5039862207445188,0.5606692338305741,0.5521875981819359,0.4387511335210067,0.4664455518343916,0.5141463190883602,0.39672249216455086,0.4995036898183569,0.5146113392420195,0.6081337922777361,0.5485640909788045,0.5142644329214611,0.5876211199652532,0.48929293419594944,0.5153740908945385,0.4784226626067169,0.6144767750016914,0.5448620391240363,0.470747636095434,0.5128866043827802,0.5286457395079923,0.5614477065544512,0.48940072494479386,0.4545867846481566,0.4517387012091722,0.5778046222645777,0.5045888319737211,0.5867803056012719,0.6016171021630004,0.4375666544158589,0.6456974464138656,0.6081531187044786,0.49798417425283464,0.5445133603128721,0.5258220948405654,0.4947976840343558,0.5427949746503807,0.5061618140532348,0.4722446426207235,0.5183462085702563,0.4807751061591629,0.4629884400253734,0.45214285269844423,0.498024135867197,0.46867512849451637,0.3997239910967432,0.5201195222112864,0.5194759103908001,0.5158156120430841,0.46437224156909773,0.600583225853244,0.4499351787110313,0.4277526781616649,0.5580648828008793,0.5951738133007506,0.4808899318078984,0.4036684120469588,0.4603946887233962,0.5900141920911384,0.5004702086299726,0.4741709015195529,0.5989999518173589,0.5433765131338286,0.4894106814663573,0.4817711166540347,0.5156983199682605,0.4542264164426986,0.5202287018942175,0.54976482748131,0.5375211346483297,0.46392187197613083,0.601054943772885,0.5115185318854972,0.461784474506995,0.5809399022764231,0.509070033271816,0.5407027677681847,0.4804145925363741,0.5225081323468406,0.518086831995318,0.5393980429686343,0.5470346216974483,0.533118403321266,0.5127678228210378,0.5204436419416586,0.5057880910061773,0.45005487864226895,0.586238753393336,0.5687897716912482,0.47002566359532805,0.4822779552607692,0.5228898465386583,0.5146499607658035,0.5047520656433172,0.49495388652756017,0.5534385744449681,0.5290041221941316,0.5187965007554124,0.5724081686320451,0.47164180510982207,0.5394200523879877,0.4436416362949667,0.5122944010859555,0.4980350289774163,0.523955803075171,0.6281595193658279,0.5076146193132044,0.4204804380847843,0.5144138967836623,0.4514857127151936,0.5238185277263386,0.4640564616775785,0.41101752614291115,0.42486974363910246,0.5517460308667181,0.5789375247174383,0.5021247314006602,0.48878257842575856,0.5134685395440162,0.6138852736237002,0.5591464145204653,0.5279272613673552,0.4664830228471832,0.5252798266126812,0.45962305986692975,0.5376837570785582,0.40919344905794147,0.5354752007244625,0.4815868938019123,0.45803954915912204,0.4735541150130565,0.5860847718672513,0.4875104693133698,0.4260055809469543,0.5548682619514479,0.5415023424156888,0.5539791997560254,0.4603235426051942,0.4965997822613243,0.4933630028890883,0.4995745408912994
0.46471911513153275,0.4567322838897682,0.5053060612638043,0.48032513576092584,0.0,0.3971615682866159,0.47053433658013044,0.45848006762385135,0.5141291382078749,0.4544442745073071,0.48075300936495674,0.4697663152926082,0.4184518189161428,0.48810190478621746,0.4390275098026262,0.5100910875797043,0.5120983466835993,0.5109014024056646,0.46058935219896113,0.453976419028584,0.4930853290435425,0.5390720464017409,0.5794678103978246,0.4072684627710865,0.4595920421398044,0.4245466931730514,0.5186236679768977,0.455700577912453,0.4596003356075213,0.49612493363185206,0.4251264406526233,0.4603637125503037,0.43086141114890675,0.40793340326093064,0.5057136644274038,0.5284624988926663,0.41069583460784753,0.5334736912554467,0.4152189166523104,0.48378295563569124,0.4407461375006435,0.5129287448829966,0.46714393863745757,0.4212518979061541,0.43731921291137715,0.40228039009670674,0.4353836262794917,0.38679239255415937,0.5262080423709744,0.5342264167582138,0.4794457558486509,0.4527386070099288,0.41271619999450004,0.45256663169041045,0.4850480585192843,0.415758405547916,0.48789909703811557,0.5635755456147177,0.45436361744290216,0.4906375588283185,0.3846706199182593,0.4275727981400961,0.4541048905736298,0.5575146228694977,0.42078547362511337,0.36748362513717114,0.38794730695891555,0.40756694981906766,0.4781526715134331,0.48949065703292105,0.4388571270836113,0.4769003702993044,0.4411491236045353,0.487373124484087,0.44863207021563506,0.3573920876649327,0.4554262458407128,0.5102181577520614,0.38488085317501336,0.3315252018683866,0.3693995327007933,0.5029719986638927,0.4497276916306786,0.3994188299989175,0.49175111826760753,0.47342316662868145,0.40458315273681295,0.47088692083064443,0.4189977623469264,0.3760854687250545,0.671295888261322,0.4497564461003333,0.5699202933085806,0.3825967515661689,0.5293017200211847,0.41264025341192684,0.37800606163443834,0.4281077691557019,0.5382693378465311,0.40588117726505846,0.39923573989575495,0.422277919298809,0.421770790091196,0.4308583013414446,0.5107971485911733,0.44170040750861544,0.4075250016316596,0.4775794640575428,0.41953498739859113,0.36798973437172555,0.4353813919321214,0.5474764175145308,0.37963699956606645,0.49806832702241055,0.4273497623505132,0.4847177847262033,0.41278738580102964,0.5541825178374823,0.4288359562588737,0.5204265763330489,0.579996429929504,0.4523111540130227,0.39850947281618215,0.41732479360353064,0.4143039690062822,0.3946486277018865,0.45893237212308596,0.44270851388122334,0.4534142610708204,0.45013361443882566,0.4547363392911516,0.4792692474131361,0.38873523022127804,0.47925077072104816,0.3916599535506103,0.37762995392552756,0.3838640468056302,0.4810845647693691,0.5245324694192809,0.45341411881607746,0.3782316088423248,0.5111984466896891,0.5129745150051334,0.5729155375594731,0.4319524979823743,0.44086652536124654,0.5111183915260059,0.37615963077475056,0.48131749626448384,0.44424269124898813,0.42924073715715005,0.41953757144827225,0.5726965878533891,0.4489226736706185,0.4336151069523493,0.39563043412829646,0.37573878377974296,0.41412329773310197,0.4237858898674804,0.46337408259627766,0.36766694729130406,0.42940199552621433,0.411153797906394,0.5036559441757362
0.564147989203866,0.6136786047662266,0.5356218767530264,0.48833939941824217,0.3971615682866159,0.0,0.4222693933940758,0.5593829696560341,0.47868775056340246,0.5578059388482914,0.4962239720891676,0.48457316679841167,0.5967120994399797,0.47118253206102473,0.4372816854993322,0.5528994171022351,0.5088289442959966,0.47764161902043406,0.5282971620045672,0.566488978282262,0.544054203854824,0.5064671400996323,0.42647190278498526,0.4896615389324478,0.6189989027711394,0.4457498117519357,0.38137088469545244,0.49624884853761575,0.5384040345395622,0.3989408029883879,0.47463996431343447,0.5416053469231585,0.4761050900247782,0.4638213051592945,0.5089209226556735,0.43302393158905056,0.5532729359029775,0.49124436416233586,0.4145370141422896,0.48683366037032727,0.4407272792818721,0.487672367191965,0.4584797628834004,0.49687372788149337,0.5008585510904717,0.45340146580494656,0.42488357808867483,0.5054380266544131,0.48566756141449274,0.43307858115467496,0.4677102828646134,0.5780355629653833,0.4350802952306474,0.5132396344355549,0.47691210273341583,0.5954690456502894,0.5271971488070428,0.47311513703827585,0.4364483154674795,0.4561054530406094,0.6401638178925482,0.42285761859835347,0.5427628164463406,0.4080494128037914,0.4388029912783578,0.47879543482089415,0.4698080274168275,0.507948581188354,0.3824461051445452,0.5619893757685603,0.5244327550210639,0.46769159066185734,0.46275932062933234,0.514520788922431,0.5044900746233324,0.4866871801130412,0.4608964346370851,0.4660259258954423,0.45442102005977675,0.4974209327473781,0.5857368935709779,0.48313483439081073,0.5635637458392069,0.6067790958443151,0.49177871431460174,0.5669873305596868,0.5845175321041676,0.4092615690055796,0.5240074778843885,0.4741088895236659,0.4234920065130549,0.43608543523828913,0.4523767436950294,0.5270385355870776,0.49258582533992606,0.5330490110415188,0.46923025306518573,0.5219552393754754,0.4238133691159008,0.4823596754074871,0.4733520421787853,0.4471178535810073,0.3866533149665094,0.4615821416859056,0.48723574580589624,0.5029546122392055,0.4549286050845389,0.5699611435806949,0.4342943296599086,0.5315412984400705,0.4824397243157739,0.4320777521448125,0.5493552952792538,0.4449037653157433,0.5063884984623865,0.5416325137000999,0.5844770518574065,0.45741625375387696,0.5422532846445579,0.4778652354173014,0.4504872467500999,0.4479734322128134,0.5718195600449111,0.5313969984128402,0.5042336631341054,0.5171887708224152,0.4127882261804657,0.4499173512511945,0.5597684006837851,0.45429576692657625,0.47329718421184924,0.5635197299645149,0.5290541856130367,0.5027367109804824,0.4923197018256577,0.4457015777245793,0.5225663967419782,0.4418191188485548,0.482379807053443,0.43253617334237215,0.5154820540546513,0.5194830717772931,0.4868829418328025,0.43867590191829253,0.4995410659850284,0.3949949465996403,0.4914389333018897,0.4573688932056863,0.5883114408891816,0.4051704647196251,0.5178638901775805,0.49851975058701653,0.4108919777395135,0.4002043369233316,0.5106885221347368,0.5271214207461191,0.5431038278190169,0.5746891059027553,0.5036746414256662,0.5031424843763302,0.4757147498241584,0.587704260398425,0.42564308220485064,0.5119968649998526
0.45021679476349574,0.4840629542421761,0.46055903412729615,0.5578695264852165,0.47053433658013044,0.4222693933940758,0.0,0.46825605293977396,0.4063201345335533,0.5142009879356843,0.4056116661207356,0.5034543573001573,0.4494194890867517,0.46252447035379907,0.537068336355181,0.44702207798206217,0.4315390449703574,0.4426638730898201,0.4479064214777635,0.4402013005258488,0.5417830545543133,0.44418833335815905,0.5651876595387318,0.5107789332146304,0.5241950212350505,0.5984211808022732,0.3955865870751952,0.3905316880797553,0.44723281244900503,0.3604949649153908,0.50784426064427,0.517114362251883,0.5230395098970185,0.5963965813078167,0.4918472292452459,0.5730601288476224,0.4981052886827889,0.43373855788994553,0.45440574658966787,0.6065866069923739,0.4715064493243785,0.4284202488783518,0.5477476589163364,0.5309426035216606,0.6058030917325172,0.5004570060112365,0.5344439296097714,0.45187458179747797,0.6396555247747936,0.5010719616167215,0.6042088980828486,0.5152123720950692,0.3985054684818146,0.5616241248400616,0.5918756867372895,0.4886749257983563,0.48113558870952705,0.4295082860499093,0.5558840137528266,0.517285824734237,0.43695493598935703,0.4803988285583592,0.4451223386462213,0.48913505152343617,0.47974843972034925,0.45000269586027924,0.5329868435834921,0.5268616593520629,0.3821824080352236,0.43212924933328195,0.5373134446876192,0.519837453086144,0.43761295689084445,0.5694337885515027,0.3737958838472705,0.4376869703529583,0.5809051748930902,0.6106713300035838,0.4416461354533822,0.37544430257143346,0.41242845199579814,0.5687615105950696,0.46543199188560164,0.3969261320171742,0.5241908901862442,0.45980333208506374,0.4436068120474629,0.5509514045824405,0.48715769859809593,0.445520822943294,0.475133227025756,0.6383767849219993,0.498838528279195,0.4366019508507997,0.5334268165559527,0.503242287138586,0.42739123202953877,0.5699692362509474,0.513621503944444,0.5762545187896183,0.47433109802732837,0.5361395365683016,0.5961748580382222,0.50516431216814,0.4920286170649878,0.5291254038119848,0.49186741300268,0.43956220305107874,0.5424694397959169,0.45771896459346617,0.6109949943895465,0.545914294428886,0.45501268323872546,0.40188075681437896,0.4666542121122404,0.42930763346174267,0.4521409210188273,0.5258742891023395,0.49465045183702955,0.44546368551077553,0.49371870150199487,0.4765463018980199,0.44509731627712384,0.5206125968067588,0.4153167204063215,0.4776899579960791,0.5031163253777742,0.5659042883786829,0.5353464643386183,0.5314310493075053,0.37227232152418666,0.4301819584388968,0.39427104917792505,0.4309058655527704,0.44895955394688153,0.41602308226876805,0.41394390768347306,0.6064355948990776,0.5408584066556525,0.46845975804229306,0.4403300182694455,0.48214317191799766,0.5915827276911723,0.5019088978129221,0.51322314455328,0.6173851891941005,0.4878522190219024,0.42918419169854727,0.5035655599457867,0.3484723613438482,0.49467663738276657,0.4182291127588799,0.40080346433255687,0.5846369947330018,0.5091650919777294,0.48104001336566954,0.38962234900868215,0.505886333772683,0.48992364161023044,0.529067037149795,0.4457466119980041,0.4416446353971449,0.45567005930778326,0.4311731799723195
0.5147005684730409,0.646753464558345,0.5651059180502994,0.5621611563632763,0.45848006762385135,0.5593829696560341,0.46825605293977396,0.0,0.5359466556302389,0.6006028118367783,0.47320039127139935,0.593232969997019,0.5194989949732597,0.4762047513344252,0.5133266327181707,0.5899156760011399,0.5370124035196777,0.5189877936873679,0.612579401238394,0.5455218666319367,0.6246209408057848,0.5256194898813199,0.5280777663876799,0.5030760716475245,0.609567602584982,0.4804793337935905,0.4497505965155723,0.4956433033382835,0.5368273363825179,0.45848537472846185,0.5494253438529364,0.543789432685497,0.5577781947896134,0.5013015018108741,0.5025809861702881,0.5238806964890966,0.505686750275277,0.5865721086280156,0.4937211594163205,0.5498543224155507,0.5453379872120082,0.4901371522612553,0.5325110942151725,0.4856744095392796,0.5736311366497082,0.5370283408807297,0.47312132801212403,0.4431972781712406,0.5355206417904649,0.5077474828435965,0.5367955128970955,0.5858246717237507,0.47979342893214416,0.5590963962829598,0.5370114782133792,0.564252223735783,0.6093865488914997,0.5735256139680927,0.4592971550857583,0.5711087598772111,0.5565404612523203,0.4867788953255368,0.5586946009424639,0.4555350031964055,0.4746816107464162,0.4798477357844938,0.46618645650910573,0.4859607827983792,0.4054893459278431,0.633249056864554,0.5446913341373185,0.5230548673297535,0.4311439689400297,0.5677010705650402,0.5249180546043618,0.467166501065515,0.5116805499292106,0.5552738642861145,0.5414757347482801,0.4313347114334028,0.5220003231699704,0.5769874693264536,0.651795210747908,0.563368608241381,0.5704083878833414,0.7170314642813457,0.5254214174269908,0.4595907941644457,0.6176887070917262,0.5078195774840646,0.4877039646929799,0.5051501114826604,0.5445266538759312,0.5053106200310385,0.5500864343386327,0.5377023972067226,0.5125150453581885,0.5599515153378225,0.47277832777197204,0.5130700113548466,0.4870177088399384,0.5354014012320307,0.4354696465573462,0.548652789828949,0.5647220229765569,0.6106076109131511,0.5333805729898294,0.5871243848596649,0.512372856697116,0.4625150110363573,0.4924961879107025,0.5142399165277628,0.4523005633112224,0.5301255480638305,0.5636805663863159,0.5886629954275261,0.5784590113786285,0.5134183974476428,0.4756456588324495,0.5270130096328665,0.524924024772044,0.5926994689298398,0.47183492210687805,0.5821749494196585,0.45824422754990296,0.5555017791192028,0.46150660416327016,0.5601609498508549,0.5963693726411067,0.5279512708529158,0.5103050427223378,0.6160012511035401,0.5029136697936475,0.5346387417083425,0.47826297338587154,0.43849344951711366,0.5209255350437288,0.5085280520613886,0.581361927585146,0.5713786510272064,0.4960003972819208,0.5325042517379014,0.5868035980324335,0.5226801040899337,0.5255993827270663,0.4180078134374141,0.6120597180433459,0.5399415040994983,0.6422056015523783,0.4431052620845339,0.5415583586469416,0.5474390729679051,0.4721230543504803,0.47536660798960245,0.6147316364870552,0.5364851383565268,0.4630258496152598,0.612979435657208,0.4797769222635222,0.5146640882288103,0.4907208216752228,0.5385852724335821,0.5234529332039612,0.5124367240532882
0.5636902031526835,0.5330274453886649,0.5170910908799176,0.449732050695111,0.5141291382078749,0.47868775056340246,0.4063201345335533,0.5359466556302389,0.0,0.4768623487812296,0.5308238256550423,0.4756284997583244,0.47678061122266263,0.4924548040860749,0.4298320898775307,0.567122434654977,0.5418051434641905,0.557208213699571,0.5113483170869386,0.5656639282938698,0.49147926498403627,0.595188110273703,0.48735885345155006,0.42389568450350734,0.5137135182483594,0.3953768585413702,0.49189390021717816,0.534590057709782,0.48656671586099537,0.5733656516893737,0.4529812914157194,0.4702695104928248,0.4262053086709731,0.3990727237124263,0.5429978156685841,0.4467786489546182,0.44904063604052297,0.6070011535165053,0.4110243942029712,0.45621142065251075,0.43058840759489536,0.5759412083601437,0.44271313304185717,0.4201992836784044,0.4407899645382291,0.4089708878812674,0.40897943229531225,0.40551115592269305,0.4855717484020029,0.4750429154487534,0.4374855491280609,0.47055028689029665,0.4374973444922497,0.43669643727556984,0.4394960287211015,0.4854827928088833,0.5293624994477409,0.576707692977712,0.41638183192351014,0.4698656337843197,0.4401709702637394,0.4066604761349262,0.48560189437510565,0.4650234822661054,0.42077793483707876,0.38906686346017516,0.39386814634687006,0.4242759367250651,0.44774939807522096,0.6282606315297965,0.4602153074254715,0.4754105480490326,0.44551896457149026,0.466930978945213,0.5548384657981529,0.39377939053367444,0.41967238038073956,0.4567822127071648,0.4094624436319902,0.3748374280876434,0.4208635331648544,0.49548320104488575,0.5399306535061156,0.48879252332530543,0.4796052461327222,0.58573193630257,0.46985370388650965,0.4179486205780599,0.458302384453085,0.4271927240242023,0.5203308035371618,0.4200735299879727,0.5014343101763876,0.4278414760233988,0.5062840944026238,0.4450451487105524,0.40587763673844496,0.4384335766217179,0.4738084927471668,0.40359717984507604,0.4221195147144002,0.4053608440827692,0.3687506698726779,0.42896824288101987,0.5108572443058861,0.45207870331232347,0.3989180027700235,0.5799787389550509,0.40090106764138483,0.40208778590762334,0.41181370487458385,0.4725123736284171,0.40916013953748775,0.5476404230391124,0.4546741043268636,0.5919443620877975,0.47223683569398983,0.5018154330801322,0.4195991873752743,0.5520224546484742,0.5360827441691566,0.4479211152533306,0.449347284313467,0.44242922027365145,0.48670813531036405,0.41704992404474295,0.40999094880194564,0.42970193749599356,0.45379758010776955,0.44155847707049695,0.6270111195402893,0.5500138340420633,0.4716509032263869,0.5623846984433781,0.4240563235731444,0.40574014549540627,0.46212900734631485,0.4435264817812143,0.5095257009330323,0.4587153752935365,0.4114480280089566,0.5238119161744196,0.4911634267368509,0.4916676672508008,0.4438639025300716,0.38811915467684854,0.5598272550150168,0.3991232553877437,0.537808317763323,0.47779089724357754,0.468896017068476,0.46904766644486556,0.546648209457253,0.3997066507367667,0.4503531291349467,0.44309534348215146,0.45480281833170133,0.44936199491820117,0.4437996157556894,0.4509101777268076,0.3858734210450535,0.520191678806138,0.41787168140800196,0.6036913699751135
0.5275278209476099,0.6219017310040271,0.6294441940654215,0.5387247238238804,0.4544442745073071,0.5578059388482914,0.5142009879356843,0.6006028118367783,0.4768623487812296,0.0,0.4779995024250289,0.523153163350306,0.5797104090118457,0.5258242315534195,0.4825469117444014,0.5973041334755338,0.5476233975627719,0.5297004430510279,0.5148726458065921,0.5268632397603615,0.5819474422652524,0.5301523744156801,0.5449419925132984,0.48824539303305503,0.6623376195294733,0.4942639685396906,0.44720913511053134,0.49557184882336347,0.5904022126654672,0.4261702157372759,0.49427777056907146,0.6300182642099192,0.5133368388588314,0.5091135674234882,0.5141810766431675,0.5161183688440139,0.5361862132655272,0.5205518155464799,0.43107094245203986,0.5893019505846565,0.47631935268655784,0.507496265564113,0.527660484979002,0.48730353181143926,0.5816040095253415,0.5100915835853355,0.512544969025021,0.46536006467157576,0.5971240830676067,0.4980241757513673,0.5385446226840177,0.5593958019936653,0.451530752478859,0.5428509384044582,0.5577322264749431,0.5772696969167954,0.5400832846967379,0.509124531893503,0.5269795572944507,0.5366473478632736,0.5340313197233291,0.48302488612838024,0.5275249852081841,0.48337906762851013,0.4620741286964989,0.47355283084798533,0.4921318027277922,0.5396204406762986,0.4372882062392592,0.5639441613787276,0.5334982251961643,0.5265135434981405,0.4663916293927238,0.609591646769471,0.487628514282252,0.47668443263459154,0.5389355569843085,0.5729330417372712,0.46528892774702857,0.4208822135665171,0.5055246555995689,0.5194332839372138,0.5748763339623909,0.521566351414454,0.5380658555799794,0.5657033399268739,0.5084126609269569,0.4936509281563622,0.5955848240542598,0.4591554742734222,0.4880932644070522,0.5004827134825377,0.5336475903553474,0.4789166217675374,0.5498287648334712,0.5416953986428392,0.4524297436774552,0.5692955408156313,0.4756029833014224,0.5508328930946096,0.4751238854441921,0.5153367806447944,0.4476203129025389,0.5314105081530544,0.5352004862388956,0.5842517115368229,0.5132163125543515,0.5940194949710972,0.5183459893988025,0.48530670563441664,0.5083314240696812,0.49090599766503157,0.49550768097768105,0.4818210957408981,0.5208526966904866,0.5421067077496281,0.5635831518543261,0.5626876716541325,0.550539899118692,0.5186904321026661,0.4890722814297921,0.4985391232106339,0.4887633763512701,0.542367239856588,0.44813398208426464,0.5344567798983538,0.4807554773745348,0.5198414252495366,0.636492608429245,0.5303457132539356,0.48484447326447216,0.5515911497779242,0.46535666870738956,0.4631044521460891,0.4586686526113322,0.43099183002937,0.48598796459548177,0.507538732377406,0.5975553714753947,0.4790590451155568,0.49365544569905334,0.571493087126106,0.5695287514488552,0.506054551515619,0.5160628164628513,0.46374123575256293,0.5075138620994267,0.4975844053866538,0.707590325703474,0.4177601283789777,0.48760599820857575,0.504008820018996,0.44174818654029235,0.5241375819719912,0.5454314288572332,0.5065990180708285,0.46096682390849886,0.582851434775799,0.4924881702677058,0.5576667846938073,0.5192508692424399,0.514667201161463,0.46730562384973273,0.47609995945060946
0.5506424066147403,0.5043947347791526,0.5505071012527657,0.4707458746639357,0.48075300936495674,0.4962239720891676,0.4056116661207356,0.47320039127139935,0.5308238256550423,0.4779995024250289,0.0,0.44585588494976053,0.5252846216258781,0.533758532219694,0.3938402250635768,0.6057959646420942,0.5601944001293357,0.5039442200532063,0.46339771337001745,0.5412190579619601,0.48280953233443896,0.6393710477091105,0.45955091044564755,0.4298583253385989,0.5215790748612054,0.415273725784095,0.47469596951519616,0.58554380252,0.5537862304574506,0.4494045786113321,0.40747412637748903,0.47451022260699766,0.40829423614965926,0.40229052616169736,0.557328802883179,0.43253506325145563,0.48491920350632267,0.5456105134657846,0.3916569970285677,0.46920450303939837,0.39512932128923434,0.5781393408272449,0.41295415115148026,0.4372129063089575,0.4322403951711719,0.3727269148970393,0.3667577604953188,0.4671404770053488,0.49619274007218583,0.43409193132816615,0.42278317117892855,0.45559990632325037,0.3864506444525686,0.45219196733263434,0.4653127990873562,0.45367013427951725,0.48105000903116707,0.5256207119530392,0.42348185536197874,0.42563246504045854,0.47794347903115925,0.3740861920147884,0.4642762145740286,0.4682686969109441,0.3855535919327384,0.3760516636444734,0.4220000423113411,0.4242625353136375,0.4536971404925439,0.5910299664726181,0.44005242174625153,0.451104590670927,0.5215550584474654,0.4815808642201739,0.5242258574750631,0.3728772626627454,0.4485516043158974,0.45397790634702617,0.3727063290861222,0.386948300021504,0.4099215483416604,0.44421026394384205,0.46407238629377034,0.4967647299505404,0.462496211658796,0.5010002670672625,0.5132822798150878,0.39782350530166205,0.4131650637733223,0.40119360137922533,0.4943117884230595,0.38642908036504087,0.46616231972195615,0.4117041977620281,0.505263188008789,0.4402990540363463,0.37941098950775143,0.42140059847807043,0.4519217771621852,0.3978301594516782,0.4317284234640346,0.3992056271123835,0.3614599926384981,0.39551236549210034,0.4657466462460649,0.4151541271168016,0.3817346406782545,0.5873665364479733,0.3735015620693674,0.4305177049105291,0.4373608393609544,0.45228501898016465,0.4612061617087331,0.5170418264595097,0.4230698425675909,0.5423704269683213,0.43351181258472105,0.5011418804844776,0.4984477538229891,0.5391961389877116,0.5001920692663459,0.4090600251189359,0.4996302517679131,0.4195083209521375,0.5042989847311821,0.41310053384320194,0.3978186487596019,0.40621186067071063,0.47624074684055706,0.4162075211326109,0.49353043310850775,0.5287728037696313,0.513756340806156,0.545580496187563,0.448458688313379,0.38648333093899195,0.4154114411065287,0.428305887735559,0.5249844232307996,0.39824720637819333,0.4111826037300475,0.5574008316119411,0.4507698522528166,0.47432107264544043,0.46085684248706155,0.3859135191501812,0.46337916183009786,0.3648787956710875,0.5117967146158237,0.47022835183639844,0.4614097327381593,0.42096661536366903,0.5192760793868414,0.3756262708822525,0.42640462614502317,0.4376492042470242,0.5252380426187129,0.43871603170941065,0.49102648933369025,0.47711506551408356,0.3712396404682149,0.5029007393804689,0.3810833373491408,0.6560862173441518
0.4463818205553291,0.5731711978515868,0.48302672005980624,0.559864099833759,0.4697663152926082,0.48457316679841167,0.5034543573001573,0.593232969997019,0.4756284997583244,0.523153163350306,0.44585588494976053,0.0,0.43306432994001437,0.41609473559724475,0.5238285338701588,0.4923859131468407,0.451752235657381,0.42979591372130854,0.5940560092969664,0.47336350864013615,0.6012052138804176,0.47698604251740945,0.5267200786422674,0.537253434716577,0.5754975838441646,0.4855344094488769,0.4081654252461777,0.42021237115406457,0.5073082135937511,0.4187439083125622,0.5908183595846679,0.47153500526597164,0.5462063957281713,0.5417667578854706,0.4797716172392632,0.5325623601265324,0.4822285211971871,0.5001470745642648,0.5863499136246979,0.504449429396403,0.5455120920285863,0.4550411560639906,0.49442880936640377,0.5251443132651822,0.5407207948066912,0.4717693107497005,0.4391419301945863,0.4510689053270114,0.5232187283193424,0.4595379255715,0.5060000099770061,0.5176336330001791,0.40695256623793413,0.5724902595390312,0.5535921283636664,0.5236790183639819,0.5176070967103268,0.5336321146794354,0.4227013938021294,0.49577733232554727,0.473850664632958,0.4301526005806654,0.45625216739523233,0.43865891797235124,0.4376298993827498,0.42201092520400724,0.45460843655751276,0.4441838523814385,0.35652529606152256,0.5036946409195951,0.4962373463956592,0.4764158107736553,0.3966762242614819,0.49695797834256306,0.4247126938330905,0.41914802212077396,0.4894605000802972,0.5910829024113623,0.49125058834396873,0.4110978926425474,0.4520907849588077,0.5653620473589169,0.5716985996404644,0.4501583532294535,0.528114664562078,0.5744424961973537,0.4869405595952956,0.4236503333439888,0.49136268256862253,0.5303683034680442,0.45488083188154377,0.5478817929343788,0.5026552767382232,0.44681604675771824,0.4979910229428395,0.5758160736182623,0.46653550067309785,0.5852858271199756,0.4691045160486938,0.4628533640276565,0.4891606412761792,0.5119210147398545,0.45637494235975085,0.5978194042004965,0.48118415212109794,0.511720099606092,0.47680823490929786,0.5110080258035263,0.46965790977614064,0.4723526524739351,0.5512147324749131,0.5195719907622839,0.41448371539590595,0.47210715541596837,0.46788728769820026,0.47946097140276156,0.48347077201838035,0.5014602049018746,0.45369606263106643,0.4690537232011331,0.5103379351397739,0.5398462589298693,0.4500547275548271,0.5584632534474103,0.4423269497363671,0.556093484512034,0.4236099868785798,0.5884137394296871,0.5673471577618173,0.4728785616834741,0.4329474209203627,0.4969541531106557,0.44479764125743076,0.5356979538027012,0.49620629199538097,0.4107263914520774,0.48200726725994336,0.5112406655484718,0.5349914726050129,0.5788826986472111,0.45044998899664657,0.4840957864381374,0.5465542157397417,0.5080321699137449,0.5536437525881491,0.4237263858486879,0.646778652226712,0.47178590218686856,0.5712938499337258,0.41106778846632636,0.5524422459468716,0.47743440677921883,0.4410402369827449,0.46240116142152454,0.6786857844427997,0.5158358730335724,0.42101708607070387,0.5859300517595626,0.4676172576028773,0.4617684701298832,0.4229795201114266,0.49359827421577523,0.5287946274828694,0.49296153311780005
