0,1,2,3,4,5,6,7,8,9,10,11,12,13,14,15,16,17,18,19,20,21,22,23,24,25,26,27,28,29,30,31,32,33,34,35,36,37,38,39,40,41,42,43,44,45,46,47,48,49,50,51,52,53,54,55,56,57,58,59,60,61,62,63,64,65,66,67,68,69,70,71,72,73,74,75,76,77,78,79,80,81,82,83,84,85,86,87,88,89,90,91,92,93,94,95,96,97,98,99,100,101,102,103,104,105,106,107,108,109,110,111,112,113,114,115,116,117,118,119,120,121,122,123,124,125,126,127,128,129,130,131,132,133,134,135,136,137,138,139,140,141,142,143,144,145,146,147,148,149,150,151,152,153,154,155,156,157,158,159,160,161,162,163
0.0,0.8924466432471151,0.8610128881444309,0.7929746078560074,0.836346976016964,0.8899602885484241,0.8276801845370504,0.889613674242846,0.9166942438599266,0.8359684354101123,0.8453265321031055,0.7968015486022174,0.9468922375251788,0.8009165783156672,0.8347005732425079,0.8865350637249141,0.8913966766286967,0.9311552344093589,0.8678629345924416,0.9527262198636762,0.8962281392683753,0.8956400415352774,0.8640144259262506,0.8275583841061299,0.8913558094224855,0.7669990840255319,0.843374684531483,0.9047184935933357,0.7706692079652122,0.8742263722785223,0.8430412522104241,0.8808161727674548,0.817016240201242,0.7652306885221531,0.8897573426380362,0.7157572429552174,0.913793876108256,0.8388266241148855,0.7150623425750084,0.9203021167341039,0.779839796460483,0.879927575786933,0.843669019859411,0.7902297446336936,0.8543758595227553,0.8536055706521033,0.8689118805184487,0.7895533260601644,0.9286271231677138,0.83581720747696,0.8646862048850583,0.8899885885775242,0.7874631323922335,0.7991885774975241,0.7221658079680578,0.8596051043600962,0.9297551875456532,0.8593681629045236,0.8299122584846994,0.8008047465699432,0.856428175906734,0.6866990654070605,0.8413183770494023,0.7175388948197594,0.7851912091175542,0.7725812418147404,0.8249673490919286,0.8879790600377957,0.8429209337584703,0.9233546439273413,0.9387839488012316,0.7735875102851839,0.802190374365403,0.9207010459472054,0.8782873494203871,0.8353024176299416,0.8103120902451134,0.8186576767273189,0.7914444651641018,0.7207268231183624,0.8180288879662708,0.928982988065983,0.8780937090628133,0.8123246353880706,0.8034485097875895,0.9199348497580043,0.8993243652155047,0.8419783521353146,0.8710552864742919,0.7786161446817957,0.8754422058979809,0.8012309199778358,0.812671904046561,0.8228673388098781,0.8552842324083284,0.8294048484816257,0.7202539641366708,0.8244655207609335,0.6848352725097157,0.8356360863037011,0.7021336549253457,0.7678450678059764,0.6837217452544692,0.7638763012082868,0.8082370195955855,0.8754737116380704,0.7510583525999872,0.899454175008697,0.8402318428475959,0.8322285420246458,0.7944992039739096,0.758533296241166,0.8610974289644022,0.7911010820908277,0.7918257169548861,0.9236705025175188,0.8941606084185517,0.8185667067566235,0.7715244064035071,0.7762150888981164,0.8238840861735128,0.7832329134534101,0.8519349966504951,0.8893044880799523,0.8201997702862972,0.7884659069396381,0.7296188271051997,0.7682809461213318,0.7526395386625621,0.861688005258409,0.8853615696099961,0.8880966877863108,0.7817430333658292,0.8019574700781587,0.7926242878019477,0.7661308184102408,0.8786555908662199,0.8518311643014296,0.878628669568481,0.861277132389671,0.7835492134379107,0.7699529508812815,0.9191514515007896,0.7503531857977719,0.7963026705890879,0.8460126973153413,0.8786679964761573,0.7901281842047337,0.8831535459522633,0.6551638651607359,0.8949119916228481,0.805178878727142,0.8448365906168183,0.805923394819985,0.8153097845737193,0.8693805468325969,0.9126353375091542,0.8454234739579112,0.8174773199226368,0.7888138524918553,0.7710223881428504,0.8912294328503363,0.8881923595407724,0.9119668110948065
0.8924466432471151,0.0,0.8831861823823355,0.7928969978740618,0.784995033188417,0.9605320959642357,0.8433266791481824,0.9752740000315661,0.8925176065255036,0.9140585924417776,0.8043433825723599,0.9264462650043944,0.9333504106367005,0.8034645914697047,0.8375899050693014,0.9087688434739235,0.851694740039781,0.789527501521891,0.8766763410275351,0.9142224622991978,0.879216501715669,0.8612116295915924,0.8590777750087895,0.8453906878434531,0.9132775897091625,0.7801899776290562,0.8546659006921994,0.8424774016821184,0.874244315201782,0.8685176014902675,0.94573087892263,0.9145020667668247,0.8955321614539755,0.8622377565152229,0.8772506552593898,0.792573697958689,0.9225643407819492,0.8355258510076186,0.8443077939255769,0.900283130908551,0.8537762138366444,0.8356130764630881,0.776652051515007,0.8167330210680972,0.948093506050009,0.8649040748643951,0.9063043734908456,0.8012544288083328,0.8880385716312273,0.8053105246540601,0.8210083690697273,0.8652916439228753,0.7489549869751703,0.8604223739668445,0.7943888616527636,0.9285605403497778,0.8476399577228282,0.8932785938563853,0.7466514114859073,0.8516414198497226,0.8925822125594498,0.7272243100050417,0.7570518838035063,0.7455624103299048,0.6795904397903033,0.7078977345013452,0.8449836826858168,0.8332980152441407,0.7419388695446638,0.8595471003910767,0.8824076746948822,0.7757632514233701,0.7196908430653688,0.8730111361538592,0.855190546210867,0.8334088460455173,0.8183908037944813,0.9113692983132037,0.8142202607002551,0.7365953261714541,0.8002579601117988,0.8634385243615752,0.9232430230223321,0.8360016694497733,0.7613838274059553,0.9714043170079789,0.8915153641031021,0.7789506217010802,0.9223783016207939,0.8750259936185089,0.7974807232001672,0.8927771658251543,0.8311254271039232,0.787703957968783,0.7624026938780862,0.943578999049701,0.7679114757895933,0.9266362828678647,0.7117416391299397,0.8832048794875408,0.7705347669573626,0.8010858586576549,0.6665015430505196,0.8360813136355808,0.7895020380064646,0.9145884046186191,0.7898988111934088,0.9076426060984489,0.8807766009247608,0.8835323970556439,0.8243704243057096,0.7285831959978585,0.8198871448879241,0.7948946848776031,0.7861135072819598,0.9205613721031678,0.8848924897785257,0.8045958087348064,0.765527860020482,0.8061849287281416,0.7956279388813632,0.8332114234541955,0.8386952095551391,0.9255017757962956,0.7700540983874891,0.9243218587006402,0.748670255736616,0.9061058517046454,0.8547493007717983,0.8503161022044141,0.9202968556738823,0.859686093295446,0.7838111786029228,0.8155085303867154,0.815731483832164,0.7100638155040326,0.9388971947647288,0.8752563982325994,0.8850885578516451,0.9189180541313646,0.7722692919869668,0.820546093759836,0.9315303654526759,0.7592130217270511,0.8698074092989599,0.8355211632042524,0.9363200851582114,0.8606159639038569,0.9520350510582066,0.7188436349663688,0.8564987842675647,0.802552152056449,0.7882775612707915,0.8802426854571612,0.8920954940947866,0.867953617317076,0.8563000532021937,0.9150112169276493,0.7915151791817335,0.7497063380394319,0.7519746680064286,0.8667531258114143,0.9793338882027454,0.8015594972178074
0.8610128881444309,0.8831861823823355,0.0,0.7822811239391619,0.8609633612429229,0.8688333866029029,0.8302253537310658,0.8892249234305278,0.8296479621391202,0.9559190987080158,0.8865081728732785,0.8591256892908531,0.8932299492973979,0.7159719691229534,0.8105638712442115,0.9127922055646008,0.883180186948162,0.8573224205211524,0.8929312922892042,0.8505304447406508,0.9418499542445792,0.9581706971373829,0.8766950625322444,0.8315345713543333,0.9280457586831595,0.7068541327869918,0.8411530377874208,0.8695529588073979,0.8296653103097734,0.8708731963021197,0.7826516754720858,0.8596769562854744,0.7704320924692414,0.7192040783842976,0.768858317509056,0.6912636289798368,0.8604861156649458,0.7708068087623523,0.7405713310033611,0.8752959335813646,0.7435333757708102,0.8930098720628735,0.8235655889423299,0.7419290441948594,0.8115794879987096,0.7743480956299408,0.8139311933667432,0.7988862852528672,0.9104402724926544,0.7626740236210952,0.8081337823382913,0.7861805952904428,0.6980379854997585,0.824219602270074,0.7448173649577271,0.7974727696878299,0.8146077173400245,0.9015568688150801,0.8128123679829569,0.7246679155756982,0.8343253172446581,0.6160826171318681,0.7712521545080178,0.6810293994059522,0.6847291651691155,0.6767352202500432,0.7531807584651556,0.8451395926865504,0.851427500955078,0.9258434605805704,0.8124674011937585,0.6663393918656663,0.7162912641774756,0.922156293781474,0.8514053115247503,0.7054805823110233,0.8506473669060107,0.840870058062043,0.6870035069683281,0.6325575451193078,0.7719177112296259,0.821503205899852,0.8665959688049202,0.7370714817965844,0.7073479881616116,0.8444232224290398,0.8325785044423458,0.7500909699724929,0.7850634157002659,0.7260743151822328,0.8261200069190741,0.7304863026340221,0.7986424508794927,0.6893822684980443,0.7543284156405997,0.8412873535953937,0.657897787400571,0.7855877428369568,0.6060029267771379,0.7455787979142087,0.6295615833856167,0.8652654339742933,0.6413467213714149,0.8326872958763725,0.704664464676556,0.8131228873713132,0.7502770989797866,0.9191376028708109,0.7881858244610969,0.8535266404749919,0.811477600732941,0.6756313941683932,0.7592913911920928,0.7808361244111846,0.6754999315306306,0.8460359705249834,0.7921358460886775,0.9229996749259218,0.8087268120584004,0.6954970157625234,0.7299175148510624,0.7154523958204065,0.734494206256096,0.8294009123410964,0.6745459491084758,0.8196418620836197,0.6633881226139896,0.7512964670301541,0.7615577792713852,0.7763471482620644,0.8531777093673217,0.8995505409948633,0.674718849247386,0.6927450818081121,0.8052933202797287,0.6693832282702576,0.8181031682702818,0.7521360812147312,0.9202096637550612,0.8487109018629585,0.7323346892170088,0.7344449534905135,0.8317141512820854,0.7458671783885147,0.7728195065711887,0.7807944418376236,0.8444635370442924,0.8051778365038998,0.9421863911355213,0.6367559943906123,0.7534952811601606,0.7549178384117378,0.8650374590012979,0.8614390806841116,0.8675187759425531,0.8202090486798369,0.8725515669668156,0.8541272784704413,0.7081289308426225,0.7034494690351634,0.7492620855419696,0.7404187460513881,0.8490118547343096,0.8238402528501646
0.7929746078560074,0.7928969978740618,0.7822811239391619,0.0,0.7850346624971473,0.8154088615514139,0.8332363267523971,0.775032854770406,0.7254193938918974,0.7705559104000577,0.8212957390338482,0.7825141456252496,0.784317256274496,0.7457237667108377,0.7521027663212625,0.7753069227731193,0.8006952359483895,0.7498145773053645,0.8277909656151992,0.7391849683980595,0.8376263464872301,0.7772641346949637,0.8060485255997702,0.7333309265619651,0.8023661684556964,0.7978751206497249,0.7662916016525609,0.8127788271811976,0.7921289462689816,0.7162234707853421,0.7519208588242144,0.7778331249966912,0.8865789279903457,0.7599778384061164,0.8215125610848746,0.7571436278954968,0.7852159012120677,0.7585761410483316,0.7135597613508584,0.8472805996500722,0.8211957686869065,0.7565735777834843,0.7374969204536681,0.84351118631697,0.7669378696231439,0.7033902116523015,0.7320280581580753,0.7781590098479034,0.8358986101079435,0.7455431988034956,0.84352337783259,0.8574614590630807,0.6899185187798237,0.8860245882035694,0.7957469271319304,0.7264661882862877,0.7658234968637682,0.8370975871510175,0.7566243309815399,0.7245154690037618,0.7901297308502112,0.6507060839015657,0.7867468666988378,0.6979250770546446,0.6566134140891475,0.6491484711206639,0.7575999160231648,0.722656978001818,0.7482169195169619,0.7963352751168021,0.7629693457389735,0.704092277503298,0.7786991321192461,0.8412611405876892,0.768903337545453,0.6911638597482817,0.782151959834238,0.8044753201763116,0.7069275422446747,0.6570761841760898,0.7263653023869031,0.8142456672932722,0.7200444606353902,0.7432630088263684,0.7874352470753011,0.7719018693599453,0.802810235870369,0.7599881454782432,0.7412154964285836,0.6666476601050146,0.8506401772078266,0.7912778432009604,0.7872282638320932,0.6941431548047271,0.8195687548819065,0.7978954615404533,0.6584395650715155,0.8105389460878492,0.6786945727418967,0.7782223793619203,0.6795830912706721,0.7206563335652894,0.8362121335109493,0.8024590402940266,0.7579887052627734,0.7264886733267332,0.7048833923110294,0.7934735885568215,0.7475596174275463,0.7268112665530374,0.8807587128848975,0.7644756923744691,0.8136399680047214,0.7335862663179472,0.7373832295303017,0.7876309310132086,0.7778345663407351,0.7219309647584615,0.8857248751098865,0.7629220051089096,0.7236199306962378,0.8448816210640832,0.7643191402651738,0.7802864178935722,0.7227478490199397,0.7866681736260596,0.710981992695983,0.7035063251749621,0.7964818893423581,0.7361976476129349,0.7256797955277634,0.7528916886487851,0.6871930794853395,0.7779568453573023,0.7165219425956689,0.640126686155009,0.6944588684668892,0.8108685980117492,0.7952094088148517,0.7375263202207154,0.8211201888207619,0.7211268046999805,0.8229232228414627,0.7791342990850552,0.7708359500044133,0.7960588658295659,0.7490220464560076,0.684363991251104,0.7748952151300614,0.6460759915106407,0.824486808989444,0.7622862576211736,0.7539809143628161,0.6995675352654568,0.8209208111588497,0.7061164520061279,0.7295384496900262,0.771796857074188,0.887508377427728,0.7752312888020075,0.7016902649795872,0.7918637228558447,0.7720664040700098,0.7961349193188417
0.836346976016964,0.784995033188417,0.8609633612429229,0.7850346624971473,0.0,0.7576975662749459,0.8414527170070749,0.7822005797281939,0.8347689430406054,0.7817238470285813,0.8721172312728507,0.8065543329579649,0.7858744218037204,0.705577719440465,0.7881522793136638,0.8361050437592834,0.8279384086140865,0.8274462713906997,0.8088977911856223,0.7870355420968802,0.8722891825663736,0.904728231921771,0.8869864325641268,0.7844410484173939,0.8173578875795848,0.7304708062622788,0.843206504800681,0.8057539860219117,0.7393559988731501,0.8721966236480225,0.7459435404400412,0.764271521377562,0.7378204366859796,0.6853913809816081,0.7849533642196862,0.6913562726031519,0.7980991076417411,0.769932632226201,0.7286042780374881,0.8377585649381601,0.7242609148633653,0.8766508577079204,0.7843423316304794,0.7448007755052717,0.7405566919283,0.6958325765642543,0.7708790247667089,0.7494669299864202,0.8891622524568784,0.768106037248149,0.796807483139303,0.7618588577768161,0.6559251416051126,0.7623990286889745,0.7101957212158819,0.7406687273298161,0.7887475971448689,0.8933245288282567,0.7489307471918224,0.7002516478590906,0.6926922215625302,0.6038940844707845,0.730640665387666,0.6923580123637367,0.6684996817513883,0.5991225873890903,0.7030630847812087,0.7795345660737867,0.8251764129082624,0.8534912270801831,0.7850017856807555,0.665853330788818,0.7257139432246834,0.8430235394253291,0.7717242028801683,0.6317709845972705,0.8002139096585213,0.841246199786472,0.6371182125290492,0.5896940829041751,0.6527641085650461,0.8509393838808241,0.8008985752510038,0.6645701766842698,0.72110258923172,0.7921061410788399,0.7646223494477924,0.7482122872544784,0.6965211989231248,0.6926288817086947,0.9187578337677611,0.7286980565547494,0.7888909308941144,0.6360502280673531,0.7847163692640357,0.7692589517141104,0.5941922104669239,0.7292106125959305,0.6434155779396148,0.685233536535074,0.6153105846921474,0.7350588821513877,0.6805488507168566,0.746960298638165,0.7011813869452312,0.7443022890446703,0.6477562694201854,0.8328321409180702,0.7206944287374386,0.7491439289569409,0.7937512851266745,0.7563028485572846,0.6996969977677885,0.774408949029441,0.6504087074454843,0.8174016574657871,0.7003604372190433,0.8532290280249295,0.7391014060060691,0.7111950518370059,0.807390557090874,0.7158444450896169,0.7077490407307627,0.7658802933918957,0.6946585386706962,0.7117165692687872,0.6627825267801523,0.7198372155210749,0.687765043106608,0.7351405990190665,0.796128588036516,0.8153838298211815,0.6476342403670745,0.7410494930290887,0.729171456272324,0.6418128244604123,0.7406565219427531,0.7780743279487827,0.8471317511571425,0.8172911403343741,0.6601226824123533,0.7111833240802632,0.81441198293459,0.7661494489510513,0.7443920094943587,0.8026172318265039,0.8475630973715897,0.6696134276716595,0.8063100514481247,0.6280403119483199,0.7621070157126016,0.6837058734968966,0.8910043553338589,0.7870122029828936,0.7835790311069019,0.7417043235599242,0.782817490986684,0.7706522867847339,0.7177090540446541,0.6994992308963249,0.6224787144630902,0.7233380005414248,0.7785373482648833,0.8989568781805336
0.8899602885484241,0.9605320959642357,0.8688333866029029,0.8154088615514139,0.7576975662749459,0.0,0.8045818557086871,0.9371053288841348,0.8462987712860466,0.8843162596943157,0.8161526069031617,0.8798468093533461,0.9429648635969495,0.8120725658939275,0.7799105742071111,0.9163264906028139,0.8738751961677911,0.7781013096085919,0.8735748210264995,0.8916459536737699,0.8824332714994566,0.8263562506789284,0.8078491053378364,0.79941085856988,0.8933685376711569,0.7950836383414696,0.8111193462406043,0.8606131903241208,0.8760708333344794,0.8336483820719502,0.8893065342756108,0.9298052173004838,0.8898185689459605,0.8522742647475091,0.8697844747295608,0.7860351259190725,0.913755564520831,0.8377756108924405,0.7918369787399212,0.8750421261134682,0.8428726657420652,0.8196878327950042,0.767050408750055,0.837183189940868,0.9050804758130994,0.8403410586076403,0.8784450627872886,0.8224652317939427,0.8560568025557517,0.7953038177546901,0.8345949534317134,0.9092251831924603,0.7615790992029703,0.8688962136072517,0.8003972352651075,0.905319932702509,0.8536102849952097,0.8926395289480138,0.7382972111188909,0.8364964317947146,0.9289452254067363,0.743642922116093,0.8062166636030238,0.7359804825991846,0.6761561221747322,0.7337575084274325,0.8342098108757854,0.8209316262394335,0.7413354978295242,0.8528895563323026,0.8748456734099083,0.7722819174149876,0.7583712741293088,0.877848488004457,0.8780114821223372,0.8482972687274462,0.8235831445747163,0.8892589304932489,0.8167382555261868,0.8072935724542448,0.8626095694023153,0.8306927138249885,0.8806871263151573,0.8771181521236129,0.7978149384541522,0.9360937699496394,0.9221168917538928,0.7729547807443891,0.9174533184788131,0.8241367694278455,0.801290444053765,0.8625455727868655,0.8266949069513377,0.8147737645521884,0.7820766203393743,0.9130815677868431,0.7778269711806596,0.9175170458818774,0.7170469663184962,0.8859201920127121,0.7699035403187101,0.7875699301460706,0.6795000429774835,0.8077392971088618,0.807435291438764,0.8985176743597527,0.8088139363396095,0.8945209092110078,0.8532497469775912,0.8615414229042797,0.8353652965164571,0.7295909641810053,0.8805595501914334,0.7969265222148919,0.8116387850966194,0.9131763208146326,0.917339100923546,0.7650973179800017,0.8236882886863843,0.8219767243637173,0.7786919568759203,0.856809075139329,0.8750568685952245,0.9168875005956775,0.788031730595627,0.914644975452894,0.7654962574511542,0.8584083869309019,0.8733577918708227,0.8196798028829922,0.891646134279621,0.8921145974122124,0.8113653060162599,0.8232336695094985,0.7881450100766743,0.7121942128964106,0.8983836939842396,0.8377141935411336,0.8260062765742016,0.8496608791989566,0.7990715756709744,0.8337830599329732,0.9026420816942562,0.7590714848531275,0.865569557447454,0.8112215328608747,0.876565914147444,0.8515319739930158,0.9178469510672753,0.731510957457144,0.8542554273677259,0.8270592442059496,0.7602715319761838,0.8099651982806967,0.8743739762122844,0.8295812410804762,0.8454856424277736,0.9055855215230357,0.8103525782925263,0.8019108071430788,0.774328526700564,0.8989382324479165,0.9343377309020864,0.79933753785689
0.8276801845370504,0.8433266791481824,0.8302253537310658,0.8332363267523971,0.8414527170070749,0.8045818557086871,0.0,0.8387188528318285,0.8088946935742581,0.8550548057972519,0.7497033082974204,0.8766937519910536,0.8116188503523355,0.6736229082554583,0.8976710125572166,0.7631818465520562,0.7319910876138529,0.7635088945416116,0.7969891058375554,0.7649821166940457,0.8663054623525183,0.8414110868819002,0.9046376208533188,0.8970634478008497,0.8968925758234032,0.8051463340982301,0.7726926172343876,0.7277414321807377,0.7183309831327435,0.7883773087671881,0.8538977639543514,0.7810986728328748,0.8322716974057621,0.7957319378318661,0.7709556257578999,0.6857298038867107,0.8905427057845513,0.6749705523821381,0.7499603885849085,0.8917796960314298,0.743814810708257,0.8399124259305287,0.7958542284437411,0.8021683088352124,0.851076488327107,0.7888921053515151,0.8571612599102095,0.7716326702278572,0.9198274781144795,0.7109142316236011,0.8252831464493311,0.7927886708180896,0.6251601986984283,0.8112892589587637,0.7109944418667344,0.8443548642733905,0.7355405371504213,0.8029410715257671,0.768268127155705,0.7008815770002662,0.7356632048771339,0.6071822503011278,0.6821445176584178,0.6404749451898699,0.677014543607328,0.6478218913084092,0.8365919452679506,0.8924258398735564,0.7053216718185621,0.8102707165773886,0.8537987982477568,0.6531196475610905,0.6742774495943268,0.8606483985407519,0.6847279727800611,0.712824635850893,0.8186917690454839,0.8767018564948434,0.6922128092161374,0.611572179703183,0.6850139312651649,0.9134801210269968,0.8626557451186091,0.6456854954715038,0.6799968266316908,0.8129031935641683,0.8035311181380811,0.7605425658686091,0.7669109288305634,0.804349480529427,0.794358988468966,0.8517803805661034,0.7174768182100529,0.6574548423171095,0.719767978439721,0.8950865533060551,0.6172403494427086,0.8578377738653237,0.6159718299154996,0.7966180909723029,0.6374263006694584,0.8091853760409596,0.7853509244565279,0.8608329145258838,0.6672244596863822,0.8065975462702459,0.6803653139630089,0.8287898811885694,0.8111402225741002,0.8740717912277004,0.8995865898755245,0.6902276433989062,0.7556171434326069,0.6578736122831491,0.6558529448719234,0.801937724948424,0.7380448617573849,0.799657404966431,0.7453580026903702,0.680206840687563,0.7043496302488699,0.7327669828564801,0.7246128091006023,0.8770144750657124,0.6588478914591682,0.7979549325171894,0.6596324543339204,0.7934144248832486,0.7124031869277715,0.7639839232856281,0.7771406320386389,0.717363305611473,0.6204336076281105,0.6910689744583511,0.7690883189593647,0.6390360104654521,0.8042303156630924,0.828217365557065,0.8477123724672131,0.8335025146678623,0.7272873644279205,0.6712194845282978,0.8669479501250037,0.6825861128451264,0.7759692552278152,0.9248084769432593,0.880726998826459,0.7414563648050682,0.8432725823220076,0.5669454909539529,0.8176688638008006,0.6688274874015735,0.7204866965261583,0.8982270865748604,0.8979486262520713,0.8627184309902189,0.7941656063725689,0.8930461141054873,0.7542725473450343,0.6769932950647747,0.6958542412710655,0.721334072730924,0.8724668709745799,0.7898733305366858
0.889613674242846,0.9752740000315661,0.8892249234305278,0.775032854770406,0.7822005797281939,0.9371053288841348,0.8387188528318285,0.0,0.9196321605485986,0.9228055113765269,0.7828426623412431,0.9259222876088569,0.9224073869032126,0.7602559301262939,0.8294079909885788,0.8948147476355587,0.8435044724313092,0.8045018768441878,0.8706622653586795,0.8931945243973528,0.8641005678224921,0.863815869342385,0.893521669577044,0.8409695484512524,0.9238941232950308,0.7471295080656667,0.87761490827639,0.8524849918062805,0.812912220539016,0.9094872130483745,0.9168516294732393,0.8834856619725732,0.8543985721168222,0.8400900751755674,0.8282120858644336,0.7399853106996146,0.9033142833672724,0.8012968116031275,0.7822312142927172,0.883662262257694,0.8025203187200672,0.8714406270362461,0.7619670102266725,0.7517809818544139,0.9281648094699918,0.8647004571392742,0.9053416218320215,0.741999736970497,0.875374537379292,0.7688444579242429,0.7882940131919749,0.8382972787153604,0.7197538978275659,0.8015746363266566,0.7308870722116404,0.9396102168998121,0.8236684772921914,0.9004095474213246,0.7253410625521632,0.8159142266102052,0.8496786348686536,0.6895469075824762,0.7348672405297303,0.7021930031898008,0.6579407784563124,0.6852239683239489,0.8127609881740117,0.8371429573797261,0.7470325319354482,0.8893094105823831,0.8550365199551149,0.7225240215137,0.6949567615813221,0.8652331431596387,0.8475400335309529,0.7993801699322349,0.7918430593479194,0.8822733133544046,0.7917980582643325,0.6867582356098312,0.7685189806142727,0.8639391068302283,0.9435509133847095,0.7960470812291366,0.7293047784301219,0.9709934025136987,0.8716824839690362,0.7541283886338642,0.9185743510276834,0.8822322629718222,0.7951542199076822,0.8639879524849527,0.782450142596224,0.7442791215003893,0.7284592576487063,0.9197399852074654,0.7143733246069506,0.9150949800463851,0.6686558959396238,0.8615612653343528,0.7032529565775293,0.7910712986252346,0.648510657156808,0.8406915197218348,0.7522415216484207,0.9170542442646782,0.760385080860333,0.939316879856359,0.8566011312653298,0.8723010696152409,0.7880174235308036,0.6926401055211232,0.7816168004926154,0.792733130747017,0.747862087841666,0.9378087800171091,0.8658714918614102,0.7912629840866665,0.7297002119484753,0.7828004130159233,0.7489323709219857,0.8130498805875745,0.7963132782787969,0.9044592103182683,0.7121063867220858,0.8723845811561931,0.7212878815139967,0.8806858986519293,0.8013814331889855,0.804609724848197,0.9525520383191484,0.8489691971170344,0.7434040070636164,0.7720604448313285,0.7669299009338584,0.6597740243352515,0.9338252139418657,0.8233771101414586,0.8805959368121618,0.9115925479539111,0.7347267292108786,0.7715472720066721,0.9167671203058165,0.7187637552516637,0.8029533069022465,0.8387117902476571,0.9385068116429989,0.853055587720662,0.946793510286213,0.6869609840713913,0.8180166026908626,0.7641453061186322,0.7870150245712916,0.9028574822349505,0.9010768515816509,0.866818046921708,0.8567154875767206,0.9314935759542118,0.7362989366462881,0.7128570777021749,0.7354091377457838,0.8199876711735871,0.9704145141758435,0.7958925223482226
0.9166942438599266,0.8925176065255036,0.8296479621391202,0.7254193938918974,0.8347689430406054,0.8462987712860466,0.8088946935742581,0.9196321605485986,0.0,0.8246927604304304,0.7903534864475824,0.8477626824133566,0.8700471624953326,0.7417969276474693,0.7974976342911342,0.8474738196956404,0.8170793207663554,0.8389487805972083,0.8097098536566807,0.8821142525713311,0.8065078281622697,0.8798397938382861,0.8949847492888884,0.8042542002561485,0.8695714502240028,0.6944012879786335,0.9034644188641875,0.8467348232795446,0.722324741307351,0.9602513040635275,0.852418026971941,0.8040744840031022,0.759485931329369,0.7510855750412798,0.821352892514498,0.6777082368956369,0.8644762087658668,0.7910717882447352,0.7126061556572804,0.8356517371785283,0.7135896912464702,0.928446030396175,0.7169308113084287,0.6930689222921497,0.8332017189193007,0.7807769718068662,0.839976001925489,0.686923754073681,0.8567895604291019,0.7444565935048321,0.7354312925697624,0.7755239471033857,0.6874328652776142,0.7074813310109305,0.6516497494119105,0.9077230603832336,0.8085804805214,0.8783438562754493,0.6980131649781348,0.7581891467824287,0.7530471445741516,0.6410717969140614,0.6962537441391194,0.6801786736328327,0.6543902524716527,0.631356617511159,0.7685174318952354,0.819349223884485,0.7649109889698334,0.9032337521830995,0.8333188230264827,0.69382930043731,0.7094930055023548,0.8143377243655374,0.8216831494616749,0.7310512085215002,0.7363241625161623,0.8206106335245513,0.703327709482788,0.6362966570432577,0.6879877918468289,0.8905913515792251,0.9204075408006227,0.7296115568834024,0.7063269774703446,0.9314867897839796,0.844351686045224,0.7342262337577643,0.8285444328667382,0.8602785788319289,0.8311499023261503,0.8047484378341153,0.7347884885017627,0.6965600454701121,0.7441413088985133,0.8357083604759205,0.6415580150401264,0.8201288255324966,0.6604812107206305,0.7738506298972893,0.654876539616004,0.6929474204820477,0.6082573033145364,0.7489043245721555,0.7230158297008346,0.8349976243139579,0.6524075793926581,0.9167236715026319,0.7598426069403923,0.8104826577188008,0.7238052248196792,0.6991800287457789,0.7403381375070222,0.8143924920741644,0.6907976890669065,0.9325677016135302,0.78819744708572,0.7686942451339304,0.659420442494613,0.7759852925833909,0.7705408673196905,0.7475785640888297,0.7677201133754152,0.828841962938372,0.7360856124872821,0.739789726827321,0.687916297128183,0.8021974502242307,0.6933100323645601,0.7512696502664158,0.963132994665858,0.8214495138308906,0.7336486047207752,0.7932238399475973,0.7221572048448928,0.6393170535213589,0.8747056466464375,0.7810558487396396,0.8362626951112336,0.8620495624924582,0.6650485726716099,0.7335316654345863,0.8911601655985882,0.7046051327675532,0.74038987240536,0.8223803782608976,0.9394391053610137,0.7380559752794059,0.8604684525493761,0.656716836122202,0.8058461729727535,0.7040913605536575,0.829602942355802,0.843547270314305,0.8079597207274396,0.8439412089123124,0.865458597233442,0.8542472609682435,0.7116225843439566,0.6838830374079988,0.6477090164638446,0.8053606309946642,0.8953783281788473,0.8792619860074935
0.8359684354101123,0.9140585924417776,0.9559190987080158,0.7705559104000577,0.7817238470285813,0.8843162596943157,0.8550548057972519,0.9228055113765269,0.8246927604304304,0.0,0.8053971321778716,0.8954215713445243,0.8810703612475344,0.693986817186467,0.8382007955839583,0.8601521859110176,0.8122439468141182,0.8057534651857701,0.8788990559651072,0.828788735709761,0.8912921409845802,0.9027603122596654,0.8702047407897491,0.8473333614050033,0.9586071784977411,0.6984789007163239,0.8118953713563998,0.8149026962272696,0.8232738729691224,0.8419340067083301,0.8371814289997643,0.852298154052701,0.8002226299182796,0.7557194743279586,0.755717446520409,0.6858679500599243,0.877380357840172,0.728007570174832,0.748989366935829,0.8545910309013037,0.7464340166035547,0.8593621834657207,0.798875463737089,0.742356281136982,0.8515955824955503,0.8011417546008825,0.8396045906119637,0.7792836554049329,0.8908048010258525,0.7208164492103408,0.7785687984798325,0.7701587632302884,0.6753564056458313,0.8157238028194204,0.73400176052912,0.843243035993913,0.7656524084760769,0.8569296799466654,0.78276999851489,0.7190542330022603,0.8341003217166408,0.6146660211777699,0.722004691748729,0.6561590592976487,0.6627937318381214,0.6737992033733623,0.7744845825056611,0.859287360555847,0.7754179314669739,0.8946820856100303,0.807686603759078,0.6567884049373999,0.6680387602830505,0.8774796601860668,0.7995040297136126,0.7396108822022447,0.8045876812022397,0.8381365213816837,0.7074694829000373,0.6309843342610039,0.7723862910399313,0.8148601403707006,0.8944964606967905,0.726211216429258,0.6690789082815889,0.8548274755895082,0.8334669779221825,0.7339314407995503,0.8214841128946468,0.7760762417544657,0.7573737787497102,0.7761268147949191,0.7579387747131786,0.6829595147184774,0.6982287532534878,0.9033582040744358,0.6627764860905536,0.8401741982129592,0.5947531527485471,0.7770114915074379,0.6395168268705207,0.8646336096710936,0.652970345103548,0.8983895680182665,0.6821781752248747,0.8251405231759951,0.7434479906456019,0.9123876901464708,0.8106856656020297,0.8882061845796282,0.8113834483234857,0.6360586891985364,0.7518332369886587,0.731536875086843,0.6693915070044455,0.8270175669534926,0.8067437665209237,0.8816994896793424,0.7748519049578889,0.6844660869763575,0.676291144645345,0.7218853001206351,0.7228074882159575,0.8571514669465794,0.6533194035036226,0.8665856474551737,0.6483534387219068,0.782179991135968,0.7697060728239189,0.7727002248132825,0.8575947221862481,0.821637853312057,0.6579927035827932,0.670052846569059,0.8007580003385678,0.6540763893026479,0.8551302634708143,0.7553003280183178,0.9018514619845529,0.862761806002891,0.7566466286972955,0.7126876944230442,0.8329408304400674,0.6997473229464708,0.7728370234167262,0.8002997819492573,0.8544838609202796,0.8437483284689548,0.9673285646639733,0.6168547927674002,0.7563899595701423,0.7523676935416718,0.7723827822831169,0.8983340269641079,0.9144175607130928,0.8563138590296802,0.8486252967353101,0.8953395940836564,0.7059589938062347,0.669829045818053,0.7742532501042177,0.7373127295664418,0.8976260245328498,0.7575324425052483
0.8453265321031055,0.8043433825723599,0.8865081728732785,0.8212957390338482,0.8721172312728507,0.8161526069031617,0.7497033082974204,0.7828426623412431,0.7903534864475824,0.8053971321778716,0.0,0.7755560453420794,0.8420977648569157,0.7748807922952905,0.7092676532340237,0.8990505023209103,0.8976481015344249,0.819462828324403,0.8371701767202238,0.8386159745192893,0.8790151183962451,0.9063472284913675,0.8095173484167363,0.740943105485157,0.8353364371833363,0.7299666655121814,0.8373839990234653,0.9013052330871554,0.8483820575472348,0.8027510623071026,0.7189475759281548,0.8104943066199752,0.7378630144105697,0.6932535981453752,0.8362109004299038,0.7253256407846618,0.8199380021134172,0.8443616888726652,0.7314467237863462,0.8266175689582004,0.7307882303160462,0.8453966909799361,0.7504257898889314,0.7826910891928195,0.7407141723354446,0.6592888286276141,0.6965619213855032,0.8469756878481085,0.8729414764352128,0.7709942233106322,0.7760818892427459,0.7742987696003316,0.6800673967760928,0.8195068759016231,0.7856300614689553,0.7179778338063101,0.8125432717920008,0.8967118868223306,0.7762723994525278,0.7086422326867203,0.8175653270014333,0.619691511858868,0.7817085631695174,0.7466284033209415,0.6503739240492394,0.6290359602924349,0.7384036214147017,0.7343892015617639,0.870616450923452,0.8863463917645391,0.7591459534778714,0.7095550572968835,0.8303230941973199,0.8590522900035968,0.8630162042104175,0.6532456338500446,0.8277547107848959,0.8002188988067468,0.6447919727521428,0.6614120046724684,0.7211241514358702,0.7718174910259995,0.7451888616964865,0.7723944552341934,0.7768370976976736,0.7937754014543754,0.8674255070370218,0.7352439981808148,0.7032514387778576,0.6603719934059261,0.878886394709536,0.6888830352797001,0.8182754221753701,0.6832150808122511,0.842124207954193,0.7676127765341209,0.6443756786424398,0.7299855370274098,0.6720690269659134,0.6920160569105092,0.6785964476164418,0.7485811222520983,0.6544746479218319,0.7276696657646945,0.745179213622442,0.7145029727916938,0.6799050869047772,0.8643471568536514,0.6861882126571617,0.7612030420536522,0.8091048050947346,0.7701576821555498,0.7975108200644605,0.859957024129157,0.6866720991380704,0.8090041310451995,0.7436302415930938,0.860920233074507,0.8607241208653452,0.7570785052677258,0.8034059386312291,0.7303099118365772,0.7956553794480751,0.7356870007809191,0.7878587863858857,0.7518143612228283,0.678134414476642,0.6918792469397441,0.7713797730203066,0.7391752104268139,0.7886987738050975,0.8863378120964912,0.7608587149289113,0.7979239710945354,0.8082194240843984,0.6704905982124402,0.7242640272410669,0.7578379646723034,0.8779809885176608,0.7521641168747475,0.7234791155973733,0.7833399272615418,0.7816404696947556,0.8277333254922374,0.8131877925438659,0.7373742044044126,0.7697214633160067,0.6608371883500639,0.8399480923748455,0.6975185781192784,0.7982784476434306,0.7425600383296406,0.9134836995726264,0.7029405653981314,0.7669103755392208,0.736801319149684,0.841816107506539,0.7403713767945087,0.7979278566986994,0.7626135252284109,0.6547811400854984,0.7985466306362955,0.7509787928398337,0.91390196363027
0.7968015486022174,0.9264462650043944,0.8591256892908531,0.7825141456252496,0.8065543329579649,0.8798468093533461,0.8766937519910536,0.9259222876088569,0.8477626824133566,0.8954215713445243,0.7755560453420794,0.0,0.8183421429028507,0.6879077466537027,0.8278259438837822,0.8327152995714828,0.7598589459911121,0.7046350060492451,0.8520741125517327,0.8011260240581228,0.8568812635853827,0.8377912905180828,0.8821994929145329,0.868146418221907,0.9170732550379229,0.7571007334973227,0.8127863620919761,0.755814105769245,0.8077248848348357,0.8525130390575938,0.9168857295646506,0.8073504136241814,0.8373687615660997,0.8481472979921887,0.7860312311492097,0.7330959661430204,0.8806337400423002,0.7333645235513861,0.8549172770425022,0.8239333361478118,0.7853727347458754,0.8407904679830438,0.7269164815738245,0.7908151931659857,0.8875475698459596,0.764453317213968,0.8416676917152648,0.775611369653123,0.8547816689509087,0.7016837284464822,0.7446425749775258,0.7777610263811047,0.6205540700253918,0.8153884662768102,0.745329725560836,0.8925876184981668,0.7295395323697568,0.889642508518404,0.6658519544405088,0.7362526999234685,0.7709613100633906,0.6302519885484211,0.6586710955939951,0.6748073897252869,0.5957752986319347,0.5999392042736926,0.7819834918273586,0.7908503109260289,0.6716106289090962,0.8202952895518121,0.7882635583593487,0.6620117188512734,0.6434816103922568,0.797254821658805,0.74069606915067,0.7027219289431887,0.7724922944577727,0.9132793739476646,0.7173494861522188,0.6452039348307885,0.6913380893888899,0.8279507487579043,0.9027691712109351,0.7067224988515668,0.6765017840226863,0.8913716723714964,0.837442689192993,0.6821772876231738,0.8002324664713198,0.8737915439381133,0.7575729768610834,0.8648968990981084,0.741985585239468,0.6540619283618885,0.6667265234245222,0.9587826032104749,0.653050499046274,0.9166146680013763,0.6445291901475783,0.7807804458061965,0.6840210780004216,0.7819828814563631,0.675076515694451,0.8887879879817936,0.6774284054190691,0.8266741363245416,0.6900094752575903,0.8910123983479775,0.7803673445925705,0.8913474375375832,0.8564650912252071,0.67940131409518,0.7199077243723828,0.7315473743596905,0.6647009553930614,0.8423985679169633,0.7595708461586148,0.7943356147915301,0.7293650152520825,0.7296863279102689,0.7165624628560663,0.7667057414688841,0.752396939065533,0.866444704418213,0.6711904772414223,0.8803859975517668,0.6618479524992203,0.8789956208587749,0.7893321316517005,0.7278373192211679,0.8625270742664536,0.7646313236740466,0.6722119385112426,0.7500376189431094,0.7936297251423112,0.6089989424940913,0.8778551186117209,0.8015536173333095,0.8541301856596882,0.8910349531976268,0.6948882028733181,0.7312202070519441,0.8452928668156902,0.7018833610190606,0.8297065153825423,0.8389110620276542,0.9391462571765006,0.768082900584596,0.9198937863365261,0.6568766058956655,0.80521057821293,0.692020213139347,0.74380749077627,0.8859444408858648,0.9487696184293596,0.8399632357232643,0.7921250005244955,0.9241316322418163,0.7138450829730222,0.6528860036258276,0.6509093730860831,0.7526409220707718,0.9290212820055559,0.7742444482212469
