0,1,2,3,4,5,6,7,8,9,10,11,12,13,14,15,16,17,18,19,20,21,22,23,24,25,26,27,28,29,30,31,32,33,34,35,36,37,38,39,40,41,42,43,44,45,46,47,48,49,50,51,52,53,54,55,56,57,58,59,60,61,62,63,64,65,66,67,68,69,70,71,72,73,74,75,76,77,78,79,80,81,82,83,84,85,86,87,88,89,90,91,92,93,94,95,96,97,98,99,100,101,102,103,104,105,106,107,108,109,110,111,112,113,114,115,116,117,118,119,120,121,122,123,124,125,126,127,128,129,130,131,132,133,134,135,136,137,138,139,140,141,142,143,144,145,146,147,148,149,150,151,152,153,154,155,156,157,158,159,160,161,162,163
0.0,0.3686149192342502,0.26945169311696265,0.3448455315611334,0.29702782017703183,0.32858739248958846,0.3475723367221762,0.37090713298323685,0.42973872938190677,0.3193673535826986,0.3375404663834044,0.33738980633861365,0.411071990603065,0.34486496305132197,0.3626592680707894,0.34298993339069933,0.3954247891339817,0.5255110568711718,0.37924549550586767,0.5170194721769945,0.39900181147588276,0.34099520134536415,0.377992324509457,0.31668013965431585,0.44400836034733077,0.3133001369182289,0.28945815062529956,0.35812520666685804,0.2642540001892022,0.3260724764114184,0.43369692270230886,0.3879260249399963,0.3278077653579255,0.4250891003076019,0.44164677345048936,0.38796571725102746,0.4637965619404364,0.45256312727588993,0.34166788191928443,0.35194898480821774,0.33672097403683143,0.40243419137871017,0.4329832557679295,0.37727300904237704,0.38180903062284516,0.4838839457064577,0.34702682919816213,0.3244837748154142,0.45332274835315595,0.5093595937825491,0.4765328237672688,0.4092526455233044,0.448619006764282,0.350948221357744,0.34418106434129375,0.4351158956714636,0.5947091079946073,0.345185346083286,0.3642077582022573,0.4586793762301595,0.35934030781108867,0.3979402336934642,0.39381864281659085,0.3359841918526433,0.46285922456961576,0.48959616056389776,0.37880322168203,0.38886903122608735,0.3603752763435361,0.4491761214421507,0.519158615323063,0.4137264769733173,0.3932989790742108,0.40879243646231156,0.43371812899436496,0.46181935720651923,0.31952994617224717,0.3052597888850604,0.46537637840803836,0.31422323639058725,0.34632181538317736,0.5259393469869267,0.3564745459589653,0.36957800373051625,0.4410689654927987,0.4493243840690512,0.3975708929118711,0.47966045329837387,0.4435567555600186,0.40800662206811356,0.4726443700127271,0.41506482585423443,0.3940125930034338,0.524890765646246,0.4581597891151269,0.3513979177181045,0.32592237622277104,0.3530973468255472,0.3707222390665446,0.4227161108517581,0.37870930293300337,0.38163061473867005,0.3827878553431232,0.3237715965758902,0.4601558507369523,0.39395955900358964,0.41329233643690044,0.4050317168852728,0.37293003207998554,0.35813797757526405,0.39665697338445766,0.4975218585481562,0.46632797213157,0.37373799085942006,0.4645836288929275,0.3796668330700619,0.41677359656641927,0.36180519121295956,0.311445083624485,0.3865767421265685,0.37372050499726756,0.4015420372183889,0.48715360482320125,0.42133421176160546,0.3841701583439151,0.3086285860782561,0.38761262497301463,0.3137662647548693,0.3391618243263283,0.3907557158797198,0.35092510927918935,0.3218792449965043,0.37892596078261137,0.4654823742474992,0.38632072345157703,0.3871795038193053,0.39731519932356874,0.380773018211019,0.3077846021375463,0.5248746437875172,0.3011357874196698,0.38450427049172053,0.5260500909578438,0.35954125204992643,0.42139260327257694,0.49906483518323314,0.3909484776903834,0.33087765130128277,0.3910352932533086,0.2852836221790798,0.5058337875547066,0.40684933548339586,0.4613234720767392,0.26211055657722593,0.41889261900135855,0.4752250224716366,0.33532846466788496,0.33385390548945393,0.32500780723914013,0.4285204374746959,0.3328750960981552,0.4636117749758511,0.34687406372117036,0.5038904707679399
0.3686149192342502,0.0,0.35431661170593653,0.3732918092535011,0.26678769715228395,0.3578791616946283,0.3689153782154241,0.45248422452041104,0.3018330948733562,0.4875917894469735,0.4171882923069767,0.3758218476874433,0.42823655711297726,0.37832820382669086,0.39863614284617194,0.34614825440593694,0.36006474924899406,0.4108996553918092,0.38129104207300973,0.3666178394419035,0.3541325810001475,0.4796206487549673,0.41724922971424594,0.3443984690013329,0.46621752815294454,0.2970939608233307,0.3125266873532012,0.3594189255077303,0.3881830645277545,0.2749522059347312,0.39260246439270785,0.3546305995122221,0.40362212019572136,0.33875490247186807,0.3604717594400178,0.43802292022674016,0.4030138149453298,0.3979147655724481,0.377830725542259,0.339628900076411,0.4139899374595747,0.3367890577454997,0.3175778685837519,0.32855254973867654,0.5056759617573574,0.38874069274062156,0.29770290058010496,0.3441854400592235,0.418793138111316,0.3501900117360577,0.3453976115257632,0.3037923261804591,0.3720947683329307,0.5061213170925689,0.4294248116946975,0.3550418068203627,0.3451095673660016,0.33527891760227474,0.3964024738354972,0.4345230869465388,0.4424914305494406,0.28303725106210365,0.3000809450399891,0.3187713874040146,0.30029613658957194,0.32225703687363294,0.37464516481661475,0.33547644161941553,0.39873843284058424,0.425865398069842,0.32260088281363936,0.35365381390359585,0.2790928194379626,0.4012773814666993,0.40629804453370444,0.31752866442377486,0.3160452915041415,0.3637867545160354,0.3756578937249872,0.24076410748333885,0.30792649433775465,0.3322168974017492,0.3930152976154931,0.3962159123329109,0.3131800461247146,0.4818582422392948,0.330667875129763,0.3082180272194085,0.34102876003234583,0.3984060001813881,0.32012656117413363,0.33172265936579504,0.3940625321033358,0.33528363026964414,0.35269211442913556,0.48216182598435636,0.3060174689921246,0.34223628193785804,0.26635596783299653,0.3859836622865334,0.3843092274427691,0.34350448668807626,0.2811236510573569,0.3916791491107926,0.3169973320594246,0.3334315353592297,0.34570649508378065,0.4753003883061406,0.39935207549659435,0.43784254718631826,0.3373532774048319,0.31630928987360524,0.340685635085012,0.3124766080249237,0.41962288630290706,0.3851606477498914,0.3352445324722936,0.3231760111010961,0.3557267400384469,0.305040500283774,0.30137139175856387,0.3196176466985359,0.34078121764202646,0.3696354155036057,0.28062918816411303,0.4689322448586578,0.2934176311407061,0.4145850881207419,0.4805225882851297,0.39147708609640314,0.34208527592233773,0.28652531588840485,0.31705208385669276,0.3252167150483775,0.4333691166163213,0.30589737412049517,0.3619216672491984,0.36499153729871303,0.4027533880994238,0.3796052392987976,0.3892484522572562,0.37156316893151975,0.39399011880945634,0.3252984324340334,0.404172379748423,0.34051755223793967,0.32972141415183437,0.39730638975824495,0.4623077374900614,0.31444101854038525,0.31243035816989106,0.39573851938804455,0.3994698217876358,0.3745631278485372,0.41546014295631734,0.4316443205149399,0.3521373375885911,0.36264221252517703,0.30728389556796804,0.28468769693912965,0.42040097184427816,0.3348092893585779,0.28529832199165556,0.3294331861398277
0.26945169311696265,0.35431661170593653,0.0,0.2661020279229538,0.2947505501815621,0.34456283635827883,0.2905423147190121,0.316200458441167,0.22798585707596358,0.39178841926484315,0.3891226474886063,0.3331098788170087,0.3671284825888963,0.2624175470813623,0.2904128377630313,0.44143159105931445,0.3671216492294141,0.2915569761168777,0.25354008332694394,0.2540335704691211,0.36115438926328125,0.4419800532734242,0.2720352540279484,0.3282541764552141,0.30128675444735126,0.344595933654007,0.23972502836588971,0.27269580911322966,0.3325777543976796,0.288861392998995,0.25309548362033296,0.30431345136642474,0.2714223431877491,0.25279927558689774,0.2460278967059313,0.30590186933490354,0.34204673961409504,0.2917835887425997,0.3109566019913222,0.2813478761745401,0.31208496576160505,0.3001778968686563,0.29913491577832224,0.31210860917971345,0.31646189660292795,0.3075420349119887,0.33919088163855476,0.390443216687068,0.2959963894301692,0.2804323906837583,0.3032196339084096,0.33022685427267456,0.24637452789474715,0.36642130555192026,0.33916222855844097,0.2751554367433325,0.26469379764359424,0.3503276353394918,0.2707746959202596,0.2885248232668878,0.312274775669277,0.2547585431346158,0.31041934572845775,0.25507587078034893,0.22728297200511127,0.24972329410263755,0.27040075345529874,0.3774667180919585,0.3164656367354019,0.3001297174528764,0.31121238592934486,0.24446212825529232,0.23552515542498342,0.3745026621500413,0.3084436147139661,0.2254240378113104,0.3402400212275926,0.3837610526984267,0.2718736932090414,0.26025156934254196,0.31316353141930514,0.25298492471765865,0.38042222664392944,0.31558390275108766,0.24412143331632646,0.33149347435648374,0.2482761770990362,0.2301220547793288,0.26193016282739084,0.27222780938982016,0.31178532707796563,0.23308841753184278,0.33387356674024476,0.2321657270659618,0.2642327152467116,0.35096327448852016,0.2375614349219216,0.26869764629371606,0.21481851471503158,0.2795857500064641,0.25407315952941106,0.28273308545492093,0.22071457612020412,0.3113898567399183,0.24351997599517122,0.37503553016568003,0.29807059922906115,0.3143590782091958,0.31575433909649353,0.39628427746746064,0.2918722384528077,0.2444282351936577,0.2662532319107535,0.247336935502049,0.2804436267137325,0.3364680813516021,0.23845459359779567,0.31678204433292056,0.361659106230216,0.25477839339050284,0.3112467189581565,0.25681047697223675,0.25450408628082016,0.341428299849807,0.20971045014952233,0.40518466808625536,0.24740419349558476,0.3810171597431426,0.36774348109328703,0.28381507281020196,0.2651636125378426,0.3528294330476155,0.23804707733591995,0.23367353751171036,0.2982058627050785,0.26097418120263355,0.30931783754878683,0.2609820831012776,0.27468258213578883,0.2690334634391732,0.2539131351296964,0.29651617024452454,0.26720249634883764,0.26226641133323103,0.31786959856150115,0.2443311273361061,0.33517032579662315,0.36986492232698553,0.35083127576034917,0.2662007213116215,0.2228896348883266,0.24778382382059375,0.29147328309598564,0.3704890154659145,0.3229438500561017,0.2883011669982392,0.2841865133041825,0.3984428437409698,0.2085691477657064,0.26141918671501957,0.32019208781791636,0.22179334968942221,0.23929313576857142,0.2921770051729224
0.3448455315611334,0.3732918092535011,0.2661020279229538,0.0,0.2484110842722116,0.2774002581333423,0.3861471536608626,0.36028880353107695,0.27972390571512107,0.3396300242620873,0.33508871445665367,0.2764212064567199,0.3986328537854448,0.42275324458465224,0.3983187292906851,0.2933311113244547,0.3501383551147113,0.4313042279284255,0.3053853846408909,0.3342793864191639,0.31888012777315283,0.31492478562742765,0.44157959543381015,0.31951422058273554,0.358975533485615,0.3546160901251436,0.3831633714789061,0.3876192979748199,0.3169988012633004,0.24295237814852474,0.3266859691598674,0.30017592035951063,0.47011966336846367,0.3779658861514899,0.3667584294736133,0.3699113167353429,0.3659626058497121,0.3864184106958019,0.29429091212654906,0.406096697897365,0.3987623148827241,0.3117803591893769,0.3004643927274854,0.31630555909126873,0.4229709779594954,0.4066150407642888,0.24993176565261563,0.2752431915355178,0.3784651894812098,0.33864276560922846,0.37458866630427357,0.3245277766309621,0.37530120932047334,0.4028643956159931,0.33774313063815736,0.3184991429629231,0.35359367606372766,0.2960894655540236,0.3828470826465108,0.4552074864274879,0.4210323147942088,0.302385668820829,0.31731417424988806,0.2865377391840372,0.316270646628556,0.36063157736115076,0.47807135565410575,0.30201268533109765,0.3725019308417157,0.3960229870464799,0.30938789026171165,0.3628023299672105,0.31962995316063414,0.439897070134601,0.36436469891773204,0.32501177023425093,0.3524567663556257,0.32803293594889427,0.38178666165725056,0.24596333254593683,0.29123457739138187,0.35161221365325657,0.29876421724480695,0.4012070847753562,0.3599210752680913,0.39584002581186234,0.360211359838315,0.35101194338010433,0.37564684400324627,0.35896295257378424,0.3369749981770271,0.34216786972829466,0.31532571649994695,0.3331740383350371,0.384984324686368,0.3147489105724698,0.2849985380241109,0.3373703233646615,0.2810694779807136,0.4372688572291522,0.38336822011616023,0.33247208646352444,0.35252560132721916,0.3109938611833919,0.3396738557739553,0.33001599171590185,0.34221924169901313,0.36810053834906703,0.43206759083784957,0.30520631258412984,0.33283415867356314,0.3381758857171387,0.4025330488229069,0.3615169441880679,0.4138089981220004,0.36505395259614065,0.3637384464341274,0.25490150102809594,0.3170184348667982,0.34924859679837994,0.29848240959299877,0.39355199060320517,0.3366730312528511,0.348327577168847,0.2798233573313877,0.32970194074290493,0.3305687322527299,0.32237831056025495,0.36652346029876165,0.44674238830714497,0.2954356222550055,0.27723358591654224,0.37956682533776026,0.3383379547651255,0.32979343170119374,0.2836509032163581,0.26715948688180247,0.4092696354981194,0.3740048279650048,0.3525827676424099,0.44491263577750345,0.30845576205309655,0.4116534023698137,0.31553562199981416,0.3430034320008974,0.33529385750498764,0.27851031746280486,0.33678273070952536,0.30248132874594647,0.257286785791052,0.35125499192764176,0.3612156667101673,0.36505386935778483,0.3002554418884177,0.35773393706397677,0.40777269602713256,0.36963943583039105,0.3281467244252782,0.44394425490836753,0.3165614404567257,0.4186903112638908,0.3334447478954913,0.32434430718120166,0.3259481481809854
0.29702782017703183,0.26678769715228395,0.2947505501815621,0.2484110842722116,0.0,0.2681197880190924,0.30855590837066765,0.259119354417761,0.24163867372626519,0.2387019463650347,0.3191319505150466,0.2684507390466057,0.2851007422258378,0.248397533557302,0.3061334316448431,0.3323998557347297,0.33413953574522237,0.2893477495682539,0.23791091682482762,0.2780784520953226,0.3437947324279809,0.3157639882907182,0.2707350324093729,0.32167037543236837,0.2604584857065684,0.3038948418061727,0.22066468883433452,0.2468831169473553,0.2301350193519474,0.2989128816822634,0.2761027268296209,0.25127574636357675,0.2567583531351425,0.2593518227458734,0.31458323905492075,0.2921490309141989,0.3437512127531389,0.2955047428060928,0.31178544577241774,0.26228568122805,0.2884386925997728,0.2982030401769924,0.32393379298804803,0.3707293113617648,0.2626050614322089,0.2801957341408945,0.3517644270435706,0.37450783758371803,0.30807112216439647,0.3169115059664567,0.3273372450207802,0.31549257422933386,0.26792641009930596,0.29020006105373475,0.2700411704998728,0.2522762506099072,0.2801623814785178,0.3191806901002618,0.25935786428875884,0.2753250888328683,0.24620965509284118,0.23897319050870997,0.30062386754327314,0.25285511662864585,0.2630027086634176,0.24267097268553664,0.2479569677509147,0.3575604666205649,0.2648193963354496,0.2908450929527584,0.3180832470516631,0.27184871850621173,0.22978870544718324,0.31298027798357303,0.2650226461729585,0.23516970497527337,0.30088951646851303,0.4217447036604315,0.26865988005972363,0.27629551853592726,0.2775770506907394,0.27655713404493876,0.36737203475232655,0.25528590209885665,0.24600101418506767,0.28559488443995623,0.2536739398540319,0.24951094074478672,0.24642421865486566,0.2587079484319752,0.36735346224335824,0.2646327771489644,0.33340969613585214,0.242908706006939,0.27177386563026185,0.28373513876669504,0.220109986873227,0.24206893729929227,0.23606177692513963,0.24593452433537025,0.26777563410971084,0.24552064770004706,0.23649589099929935,0.23214224717037793,0.24964515084863714,0.32346691076207684,0.26545092053849073,0.2873856726086409,0.299100563288218,0.32777592185627646,0.30511981716358316,0.27011444847800603,0.2561575491375159,0.2501817725216314,0.26639673307692907,0.285576933078561,0.24125148097383067,0.2616563352172421,0.2755991028430985,0.24735137607476426,0.3871465077149689,0.2449071091318307,0.2586580804286993,0.363104534147224,0.24130298833710442,0.26210340527797565,0.23251903187279124,0.3114605749485739,0.25907930320982536,0.27240263475433324,0.2380750777859513,0.28823398949256407,0.23159639473303453,0.26371159781567804,0.28277048995103193,0.30510603525907565,0.31256906337766804,0.2992751237697314,0.23616367977740468,0.29436722884134725,0.2292221899350233,0.276229031831254,0.28603920641284836,0.2518626374671535,0.3264964105758931,0.27014191673790067,0.3584810413367867,0.29258973796044074,0.24834647404197438,0.21509804959806886,0.2568463027982281,0.25346622042096123,0.3112526562372755,0.2610078490090119,0.29123158426509654,0.30213673488504306,0.25186920833056364,0.3560103972322708,0.22450633667504002,0.25360015592106977,0.2505487662991249,0.24612494292882062,0.2284816559384934,0.36058797669259046
0.32858739248958846,0.3578791616946283,0.34456283635827883,0.2774002581333423,0.2681197880190924,0.0,0.3003191824726729,0.3632452080910393,0.30148475013759357,0.32156884598264246,0.374666336419055,0.42704309565706483,0.36251061225549186,0.24849938099227561,0.3034177495563229,0.42490150930341725,0.4021127238833637,0.27380174697961257,0.39884455004165237,0.31817588584614637,0.4589540625981355,0.3704812467302449,0.2622272565517041,0.28854966476413474,0.4098001362557547,0.28220452610214947,0.22976450442490967,0.2828835333813686,0.28344718262182367,0.36099317166461986,0.3465138105315387,0.4672013600564253,0.3002597762047656,0.3111108931180688,0.2807626519542079,0.3260335828589843,0.3693086810264008,0.31416429471981994,0.3381276429587205,0.2655101591463958,0.3192844019936507,0.42788130124045537,0.38873986771081637,0.3979891721864852,0.3039315744838674,0.30518939390264965,0.3368502066539232,0.3513276786594457,0.2895443144745233,0.33135245804830504,0.36211302101187753,0.3869132266125023,0.2871835810677629,0.3788161161622989,0.3132711159139924,0.37966773673473353,0.3310450140495942,0.5459909230419835,0.26388269215832477,0.28617155032640845,0.3462159397748376,0.34469076907706625,0.42143029330384896,0.26103529889027943,0.29126458242918174,0.3109522194280364,0.26472770755269986,0.35922657959106247,0.29196451584509664,0.35258691051070407,0.3498172830013459,0.2524288740971569,0.29229862420639807,0.34967527666785575,0.40070593835859364,0.2884671526325245,0.3339917619421017,0.31858706477257204,0.2960856549399646,0.3462329537074944,0.4708858840528506,0.31700097019330753,0.37571339562867706,0.3257665196319805,0.3356591567359424,0.32426022048914677,0.3658459443687393,0.27843086087577484,0.3171705265320747,0.28707931819898985,0.3664446890450769,0.3412602127215277,0.3705710855403262,0.29035833218053203,0.2817346490663802,0.3945185798513,0.31895314547459336,0.3820446426902613,0.2648084500173782,0.28538786189582493,0.2643724208155329,0.36271690631149056,0.2943678853593365,0.3165888496703278,0.312164850319254,0.3908799887126134,0.3951707494530841,0.38397433083501753,0.3043673822705488,0.426273598892162,0.3985145262179651,0.2944361999699207,0.35749461119338743,0.31701751796576727,0.28994994761026366,0.34239198480587874,0.3587085199049245,0.30284852519898275,0.4458924391840808,0.28655699326013573,0.29347511514996505,0.3170683011847898,0.34988975244353415,0.3758182512042414,0.28185410916095066,0.36050785848697553,0.318033918982457,0.34392476275351663,0.35476399103930173,0.2620078582790707,0.3706296025415265,0.49070788284337064,0.2610233243354091,0.29854253640707745,0.32958418196962097,0.301726289029897,0.37578290453567864,0.2579181600082986,0.2600142456463136,0.3379964874217,0.27628003907897686,0.4276425927271983,0.3049728496591993,0.32247950376060197,0.3746241187999938,0.32280157801950765,0.38651977074885635,0.3990519729732296,0.3723583109766549,0.35106204506693117,0.29148994056915745,0.33978722080354845,0.2988730684324872,0.318403135595584,0.458161718393511,0.3187662008863895,0.28068057482517034,0.4187106195525946,0.2227492323561108,0.32912550770646215,0.30070034424568365,0.3290219103393858,0.30468679313811736,0.3276706625950104
0.3475723367221762,0.3689153782154241,0.2905423147190121,0.3861471536608626,0.30855590837066765,0.3003191824726729,0.0,0.2950165326999275,0.2586722076224914,0.2985991793346,0.40527377018176275,0.35898484986277746,0.42293231556133,0.33816542199940125,0.45841182468557445,0.31115464913251356,0.36778304220776825,0.36604931064201207,0.3170603155695864,0.30548919676028996,0.34725643152223334,0.4106680517694224,0.483509929978604,0.4275323922002722,0.32913261903196506,0.3591193571623527,0.32043558523673876,0.3391900097471082,0.33085026092895137,0.31768311317141457,0.3151722912172252,0.32165364149102765,0.39156361261994466,0.3620444171688553,0.320430949932187,0.3239174307524319,0.47333624855366235,0.322342357545425,0.3593989568154093,0.40926471844453827,0.4421412519888067,0.3357669325898887,0.3568149818195182,0.3703310377003269,0.38065881556385506,0.3800984278746657,0.3207681771209148,0.31379732795268317,0.494313222997381,0.3396592592311891,0.4222870585145695,0.32719045904129074,0.3045789754697958,0.4208731895918851,0.3848005824007874,0.29749143952422,0.3435016606652693,0.31924900990469446,0.3474360766895593,0.3757598395814881,0.3046569446975469,0.2714925388021328,0.3097201139555788,0.2724843474144315,0.2780749055990861,0.2776905836574637,0.3613450359664449,0.379129702018752,0.31229148367952314,0.32213330113888333,0.36389241057034555,0.30739016640423,0.2538192137795515,0.44759814767131484,0.28217367655694997,0.30715057368962173,0.436077135741237,0.39465401680285267,0.30614225314888627,0.25850030135126156,0.30490796299430256,0.30678336711834014,0.36684268916342344,0.29218229299250364,0.2720507737051397,0.3522951359779718,0.28334506324431963,0.3072431556380687,0.31226945408147816,0.3179051338206689,0.3793952913749173,0.3333105346654277,0.3985214578541567,0.3179579043114185,0.30547972411550817,0.36618715703193044,0.24548596693818586,0.29861601739862553,0.2534404112522851,0.3475570102959561,0.3454510614236931,0.3023880577787995,0.28801760597049336,0.27878830578769487,0.27235410315876063,0.3524775068842422,0.3059404615519793,0.32593190668371685,0.46468908742067405,0.3821976211829692,0.448815522094192,0.2949290176906604,0.296068658997867,0.26889668418619295,0.33716206164374607,0.39616792832216186,0.2919211339829741,0.3182156429335246,0.3277958937413078,0.26810313065101105,0.33173894734991377,0.28051202848775963,0.29106604639388384,0.4295921671749659,0.24704296129142803,0.3999874189372827,0.2626272327101942,0.4053014994639312,0.302815163558627,0.3737290525624589,0.25980046624243436,0.27458510499498595,0.2853743711159611,0.28303054998951693,0.29657577551061537,0.3189514110218278,0.35485653295293906,0.39064459495046006,0.3121284689871918,0.35743892329870025,0.3305860547975247,0.30280459483428407,0.34273824074300135,0.2726712039994161,0.3756347693615186,0.3396259834368853,0.3465736486006781,0.37962445793203686,0.27993484511394606,0.22603693386711132,0.30282288456024237,0.3092050594861212,0.37265707368966106,0.35758268397150567,0.3609015505242129,0.3676007492817128,0.4366103322160782,0.3790432148223941,0.33035220568085716,0.3421761682457482,0.334564144575609,0.2834068118092144,0.25742874835329627,0.38293190168869917
0.37090713298323685,0.45248422452041104,0.316200458441167,0.36028880353107695,0.259119354417761,0.3632452080910393,0.2950165326999275,0.0,0.3690343065868571,0.4212800261686726,0.3295447754473474,0.3333031744160251,0.40336857586821023,0.36087683191073294,0.32629817848034326,0.3739696770895224,0.4006695492886771,0.38246765721380627,0.35538651052836884,0.43084010683108453,0.3814816998463786,0.342065740156587,0.35615618945504,0.28659221271515845,0.4598414648191339,0.2801551959900646,0.3402259485354575,0.4204584514368169,0.269060357496334,0.2849214480360066,0.47745290906866295,0.3714134879704969,0.3353002463210797,0.39870619484221803,0.4079713573320085,0.4526303240733164,0.40565398103550054,0.45295186213175603,0.3470514529330245,0.295387257774272,0.34061886834302635,0.3647902287118208,0.3383293417908216,0.32466795757115385,0.5033898733581615,0.37379312174283447,0.29847339159231484,0.30835174260270476,0.37415653478857136,0.3665000972280148,0.3472169697084865,0.31814836984943917,0.38892241704699926,0.36706289667029,0.33745948307861595,0.38565770243316655,0.3489100876964934,0.3705814912432907,0.4044048792455749,0.38627179990717786,0.5633890352379489,0.31048496035894385,0.3274749054669088,0.3769032851254335,0.31790314963578836,0.3588123722494894,0.3948753724334293,0.34377318721581096,0.4556546742822498,0.5906748287639911,0.3354451968239051,0.37706305138647894,0.3515698946555628,0.39981897144713135,0.5205350463343152,0.35968359421690854,0.33575034564252343,0.3075618960720359,0.42781610678251175,0.25012395151764294,0.33814003873871823,0.3713159052208368,0.37690074522796363,0.4880888009838763,0.3644575846345393,0.48477105976271706,0.45672673082789544,0.36706427829174504,0.4725808425054828,0.40709888087046914,0.3263811877012828,0.3796398985037972,0.35635087209598776,0.32977576529889296,0.40648348514923094,0.4024727193985521,0.3783286370214409,0.4431696996709064,0.30141120946214156,0.42770870155762947,0.3896840122747063,0.40400498909586596,0.3389080933087629,0.4114770724352914,0.3955217468721533,0.37964383521655515,0.4041070127555695,0.5645827654694938,0.3346270355785388,0.38676465020144196,0.33043996660997216,0.3413423833500343,0.4141258432729664,0.42290049765035603,0.3658500712176419,0.3448195066029656,0.4101820030135408,0.29438104844918495,0.348691015695979,0.3905613473325911,0.2890952171777408,0.4539878938498294,0.349478411903836,0.35293902217781925,0.315541095575037,0.32664879388910817,0.343019310755853,0.3606646661458557,0.4271041469374366,0.33823038329466437,0.4591894654544465,0.33134937551907656,0.39951505478888233,0.3561590402658257,0.4242444177684066,0.30049978171005465,0.3580777316656015,0.30224077402858834,0.37285258675325655,0.40227792339316343,0.3814555568832222,0.3696289038788209,0.4541221897492891,0.39565907535073147,0.41977712833258907,0.3629159905237904,0.34844634391155155,0.38501591484966946,0.4420155347154159,0.32136897942444786,0.3757640382068729,0.43417700940209664,0.3922975217097552,0.30671915384907417,0.47000993678621994,0.47929617084212317,0.3074376011884647,0.3770262305518081,0.2851280463457648,0.31013702161589474,0.4007720110774996,0.37075647043934307,0.36860334835954295,0.32809174769163724
0.42973872938190677,0.3018330948733562,0.22798585707596358,0.27972390571512107,0.24163867372626519,0.30148475013759357,0.2586722076224914,0.3690343065868571,0.0,0.2647533900223005,0.25169065828165355,0.27941868166196304,0.27925452340313867,0.353048233856284,0.2732349462642243,0.26031761637805817,0.2835224348703746,0.3732052068400238,0.325905428396434,0.4235158453978488,0.30694074445633235,0.29064587532960695,0.2862789638864149,0.24396451632316182,0.3401357989848679,0.25432847987207563,0.2866841901939118,0.31066888611329063,0.21079217106189937,0.32829475289633714,0.4238719535075829,0.31583700717453767,0.2639377071014613,0.32018122596799187,0.4046516063923138,0.32685871880485495,0.30714607497453583,0.4016117561165947,0.2768159098985093,0.2528831779653672,0.27315242827204533,0.4025009780715714,0.32325659489920516,0.2864022575850163,0.3314282571411823,0.31654591517999797,0.28816985890622876,0.24701294659185588,0.3006862605915092,0.3631692033311003,0.3104682356875377,0.3028599838356508,0.3749882128076129,0.2677730018941806,0.2538639397160456,0.42932055094712546,0.3693812893001259,0.3029673888446749,0.3283798584793384,0.3195539772961398,0.3045440954021235,0.3742271293765066,0.31714005391208394,0.34984038531437167,0.4352095650311485,0.3755814236256389,0.3479007274376495,0.31036629252462916,0.3254698101851413,0.3809801457389234,0.37921404635639155,0.3962316663102422,0.461718391035744,0.28779999244356547,0.36113175209976167,0.3957452227889494,0.24592814743360789,0.2335999194483546,0.371863255889809,0.27518605213001035,0.3093579943749028,0.5156212482059306,0.30407114405931746,0.32107977192529713,0.436516239772652,0.3843067498024648,0.42003262678113185,0.4411702630996005,0.377777571435525,0.4167778151253635,0.3396603318212012,0.4925263835219596,0.2778168973365551,0.35785871680760656,0.4223970460108833,0.3063396448708703,0.4212626828316499,0.39545904772438223,0.48804865672228454,0.33827968865341485,0.35335867862121256,0.3005015898006123,0.4293235705706927,0.3115966061029991,0.4948831266884299,0.3010578334082816,0.2979839263441605,0.33809008228375864,0.2713816247922388,0.26992864378257003,0.2786376721711725,0.44501724585951846,0.3929517188524625,0.42379879806302584,0.326782181081943,0.2964197907142224,0.39644833672367186,0.27093193227862394,0.24609969780387778,0.4103240545864563,0.30411346548792956,0.39005033907520714,0.4198039393952771,0.29264372706464153,0.5587949806530091,0.23742770440887506,0.38685175727607346,0.2597203168133197,0.2718561369160584,0.3134196510200616,0.4914596383381774,0.3194727022356362,0.36076908067130903,0.48444245978367734,0.33084325029721673,0.311098790196406,0.30625223572080384,0.28457255138674276,0.28507643900275575,0.3868500125088259,0.2987587952328253,0.34256041591007047,0.42316684858814774,0.4304343769818775,0.3257617813332484,0.42622946930025263,0.3648718361014378,0.2618115380501724,0.34121518874663687,0.29678021011028194,0.4717826331534466,0.349746856967364,0.32559176836022086,0.23982255580890088,0.3205876964426425,0.39379456926020123,0.25857824477696717,0.2705872069944537,0.30186644106149035,0.3064535141894917,0.2776806997876052,0.510005384697431,0.4628658461651664,0.35012249234243004
0.3193673535826986,0.4875917894469735,0.39178841926484315,0.3396300242620873,0.2387019463650347,0.32156884598264246,0.2985991793346,0.4212800261686726,0.2647533900223005,0.0,0.33074779447298164,0.335700696482087,0.37176934313476423,0.30777595256350015,0.30876965532400436,0.3253328063020824,0.3486704046211597,0.3691662750367646,0.3168178135349637,0.32409967935535716,0.30501683469612395,0.3450801953085082,0.35905331577137595,0.2733304832287969,0.43682752653109347,0.2527004975525218,0.2895865413733711,0.366255124088098,0.374604025200029,0.24285719846728301,0.3438554839762044,0.33155212889220614,0.29205437166411136,0.3360678646587961,0.31976269523280704,0.3735738396475094,0.34938632161185945,0.32799653402969,0.30833367103269455,0.2871182262954862,0.2974611343157048,0.3092339280392985,0.2824345502051746,0.276677155633545,0.3989188545467466,0.34249772088143715,0.25487920177701134,0.3013933920654853,0.3668311910612833,0.29226021429855215,0.30250893556560554,0.26793355732683904,0.31504176828201025,0.3778033641771097,0.3956171191910216,0.3176464625090765,0.29262608220247316,0.2953215196622835,0.3610559600062372,0.3575653101717926,0.43936228556532064,0.2575005615495839,0.2633633277908605,0.28750642870276577,0.27194028658125374,0.2982813079840627,0.32634663766054534,0.288650955494567,0.3701794916148489,0.392209972228271,0.27489084465847957,0.3153100346801213,0.2674716942593812,0.36944777712184684,0.37300805467467263,0.29204952866758305,0.30695132955287247,0.3027704310587829,0.3118154173750459,0.23012728658219042,0.2876216115557622,0.2993461149802701,0.3198137492097848,0.37657911477992934,0.29440585918771667,0.3760583885241379,0.31010444325090514,0.2902213470916855,0.3530756525239892,0.32568034379430416,0.2782986706666306,0.29522650855985416,0.33167565315172853,0.28108086347811345,0.3204663319237207,0.3826359329465298,0.2624018767621065,0.328267674807948,0.2438904514474359,0.3748713862059563,0.3285311312516227,0.32920446394903485,0.2642596660072021,0.3977624951664537,0.2845096245106436,0.30936936590980396,0.33641483349524465,0.4591323261484108,0.3155592867871459,0.3701482945793088,0.2957914102633202,0.27906301212737256,0.3390046243011948,0.31172936854882755,0.3210465244970259,0.31984017155198985,0.3231790173561872,0.3419180123440249,0.3422509093897423,0.2987411348999259,0.25492048745910173,0.30431348448348566,0.28851255302778556,0.3133923463567833,0.24550502444726546,0.3963179755404324,0.29346504080347036,0.316553128734393,0.46455313296505363,0.3038952275772363,0.3326160284700992,0.26836796389698353,0.30163636852604797,0.27607876526962943,0.3552083265369122,0.25609223421696675,0.29854705186462105,0.28578018751865353,0.3329680726930408,0.3214555912339379,0.3080189646271517,0.3167442833946609,0.36029106256435417,0.2914440868602156,0.324759739328669,0.30075363725902676,0.26813198313459546,0.3684463115776479,0.47869140401332033,0.291454277143193,0.2815252754249201,0.34600098417854896,0.3356942966641348,0.30687375199510225,0.35878878215792537,0.36646248210894816,0.28194752217516234,0.343226124018432,0.2623429500687496,0.2791125530869362,0.38716338376753245,0.2926205753403563,0.2771214565010596,0.2814178203076236
0.3375404663834044,0.4171882923069767,0.3891226474886063,0.33508871445665367,0.3191319505150466,0.374666336419055,0.40527377018176275,0.3295447754473474,0.25169065828165355,0.33074779447298164,0.0,0.4278420189097034,0.42011107940191805,0.30502357647070905,0.36852993050674693,0.46782055966341973,0.45318622754757787,0.36617262682017304,0.35432085012460035,0.31560063281204453,0.43381740380874234,0.5003042582492551,0.35458901291325934,0.4037674406600234,0.38217437858804176,0.3635610488052052,0.28911650816843404,0.34725519235062036,0.3757407231007159,0.3298573650722002,0.31830795171041626,0.3723896033223558,0.3388912735559002,0.31284666011911905,0.3127434358377197,0.38428715981107986,0.46626504026394533,0.3538846776128535,0.46933965405035644,0.34314730071664296,0.3892073931400603,0.3200132809811701,0.38752941224603826,0.4178685427471221,0.3661260190974533,0.36015822601038877,0.29364203245302084,0.4592924659624163,0.42045828702150567,0.3353005935125134,0.4246696480235396,0.34288563713209835,0.30501410941096674,0.5400168626097085,0.47906950090734673,0.27183596344110766,0.3652515401067944,0.42416599836062713,0.3428619088879057,0.3792514296391164,0.3851839130938423,0.2634805392634496,0.3657945190236834,0.28914180575980636,0.2611456203392825,0.2845997004173626,0.31763861729581805,0.36921844506785834,0.3638441332375432,0.3517414927605231,0.3495159005367549,0.29644682051770305,0.260928623778022,0.4517340831357952,0.3497008097632494,0.2873512186822717,0.4669470618887407,0.4213382913862154,0.31932738196926097,0.2785685441502626,0.3297427484801348,0.2852781207309954,0.3982011036287955,0.3386967704709349,0.27503841116622685,0.3439193751045983,0.29877709686053183,0.2899490351895599,0.29973294381592425,0.30301126233168735,0.4253689092125127,0.266791785880283,0.5276931398963745,0.3151135901840034,0.3002256299177092,0.39281220723551935,0.2654950615795315,0.2671914928192061,0.23980199347849177,0.31218529745436124,0.354327032977348,0.3548167177082407,0.2612527402378043,0.2924022631717722,0.28409640736111896,0.36150932590722357,0.3345873870597813,0.351043980468511,0.371971108649858,0.5008588000549288,0.4511503102826013,0.29076155840011286,0.2970595610316813,0.2905977923134576,0.35616132579621207,0.37346838328490345,0.29005973894916437,0.3549741693852155,0.3936753081737368,0.2713796212869693,0.3666160167112989,0.2796160582297572,0.2954288817125983,0.4548711789679558,0.24556556177347702,0.48141844000572737,0.25137541060419316,0.46754784794214277,0.3695236298503177,0.325543613940503,0.2628700823802569,0.3438102991431069,0.31147023658233475,0.29037670017199413,0.38737794182410157,0.3080537380624389,0.402469837366487,0.3266495636881261,0.33636906787202114,0.35733731334246854,0.3255274970257616,0.35702932363879525,0.31199811665129484,0.29715764624126867,0.4432363571027654,0.28427796395543337,0.3537084251595758,0.4231952275354793,0.3233061070087013,0.2814664481498274,0.31372765065037983,0.3282405348304893,0.4467879950056545,0.3683621021217264,0.3717992869849696,0.3539052020187182,0.3627565715583793,0.39262955505080693,0.279749280187382,0.31806130130735194,0.32511657544258554,0.28706860966851666,0.24899635125494185,0.4195932673514161
0.33738980633861365,0.3758218476874433,0.3331098788170087,0.2764212064567199,0.2684507390466057,0.42704309565706483,0.35898484986277746,0.3333031744160251,0.27941868166196304,0.335700696482087,0.4278420189097034,0.0,0.320095452118689,0.2356432899598906,0.3126290337044657,0.3832061970475708,0.3663629732259999,0.2809593986955817,0.40883550708000793,0.3206550903739206,0.42500848399600283,0.3775369563345035,0.29926124132616355,0.31960308647559993,0.4496443798100497,0.26995584369060704,0.24665134439976447,0.2733665983116357,0.3314622254946302,0.36489551422752753,0.36971463462891163,0.39069637245187583,0.29218356412224095,0.34110000673816854,0.2810466433536297,0.33428905211676946,0.40308843744466444,0.317311110560636,0.4413206852629048,0.2782102816787595,0.32486106941400844,0.3520431091880835,0.39332253131141887,0.39019615053286827,0.30928020922811517,0.309228382554882,0.33306367013325694,0.38509672421987357,0.3381215852005303,0.3215333392007369,0.3981240562405072,0.3364170180452923,0.281373358873437,0.4056202370853007,0.43109272137547083,0.3129956757563367,0.3624060741036147,0.4545202494465168,0.27088008684018244,0.3014536525996666,0.3010707951730543,0.2716583622548602,0.34957539642249047,0.2683681150120032,0.2663162678361508,0.2894387750543271,0.2552558408907184,0.3256822598656053,0.28064840197637325,0.331648259803606,0.334266044004029,0.25194582536706034,0.2533569113160271,0.33562355669199423,0.3339415926631553,0.2991025445545916,0.3338984104032873,0.3244729056621686,0.2917236010112679,0.27482884585415895,0.3399851616008148,0.30326958744120897,0.37505638089405813,0.2764940394007454,0.28508730211737365,0.3202115768733251,0.30131340805602014,0.29257466408735605,0.30898669098449655,0.2969991720507102,0.3622576612392763,0.31202774983954273,0.4146803841191288,0.3189532400020202,0.2738282154924307,0.47440989817921014,0.27165794275446215,0.32133413577631753,0.24140498408116925,0.2643229595641397,0.27940542704908194,0.3612123822057906,0.28503281669745006,0.3877407489156618,0.2830071569997176,0.3249365114924524,0.3448408903569798,0.3416221506384009,0.303661922685671,0.4444153108715844,0.5131525272951979,0.29921354952514073,0.2974984988871089,0.29466961349864035,0.2830439700925322,0.31342638261764066,0.3072720442490144,0.4194560235468047,0.3863693525712973,0.25977892289900173,0.28418864817986467,0.2896231567537672,0.29921464475520826,0.3848432226337732,0.24416231146929682,0.4718070366795907,0.2570694882553742,0.376439143355097,0.375840778842027,0.259025384230708,0.29619502830265826,0.3224186453430051,0.2627366954456626,0.29678027682173413,0.3480918062734697,0.2880255175982259,0.4131783641718001,0.2656922373238431,0.2695713680557698,0.3860043606584571,0.2656548120996181,0.352700621849715,0.3110165922435608,0.2984675987988056,0.39080185622501723,0.33429764662716016,0.40015271639220484,0.34934286770488143,0.4245428221695827,0.2898912681335357,0.3177749113243608,0.3540281738387356,0.34705599085724465,0.31464963153375236,0.4519492273202127,0.31836486652380214,0.2973060160137716,0.3672143446073977,0.23310570487468343,0.3206019436408501,0.2569388248509012,0.29176172375927256,0.26059251677940876,0.3564255997650195
