0,1,2,3,4,5,6,7,8,9,10,11,12,13,14,15,16,17,18,19,20,21,22,23,24,25,26,27,28,29,30,31,32,33,34,35,36,37,38,39,40,41,42,43,44,45,46,47,48,49,50,51,52,53,54,55,56,57,58,59,60,61,62,63,64,65,66,67,68,69,70,71,72,73,74,75,76,77,78,79,80,81,82,83,84,85,86,87,88,89,90,91,92,93,94,95,96,97,98,99,100,101,102,103,104,105,106,107,108,109,110,111,112,113,114,115,116,117,118,119,120,121,122,123,124,125,126,127,128,129,130,131,132,133,134,135,136,137,138,139,140,141,142,143,144,145,146,147,148,149,150,151,152,153,154,155,156,157,158,159,160,161,162,163
0.0,0.5790431039695282,0.574315913804577,0.5487564140146123,0.5216870285665551,0.5894444266184963,0.5014821085068424,0.6065347235284144,0.5743184063612506,0.5684518357600608,0.5622047435550196,0.5114042221769934,0.7345354746728421,0.5552306786758968,0.5311564225755179,0.6329648503608625,0.6635425785286406,0.7428727272177386,0.5838906838149399,0.6618237274123517,0.5965321141844657,0.5536546344668768,0.5473766112373384,0.5072174164559629,0.621709875766587,0.4862133919455298,0.518773693501583,0.5829775699911157,0.5063338226377742,0.5545795285245201,0.5335618805512379,0.6593465260619716,0.5206035440029124,0.44725393216232184,0.6743462355314707,0.5470364853237368,0.5870409438083476,0.6488376623820274,0.45891293128632277,0.6130859806340325,0.5562266604303862,0.562259469128526,0.5887237564243698,0.5361265661000729,0.5529903020754795,0.5662807648317751,0.5520104142894431,0.5355245498359699,0.6226532493656819,0.7001616560768459,0.6107601950041465,0.6128506099416705,0.5168908504303062,0.5236153176482675,0.5361425500774677,0.5560296324782941,0.7119775229895183,0.5875837954975592,0.607358848425665,0.6267549844935725,0.5556044324209735,0.4971443495026152,0.6585192478908236,0.5278602767573463,0.5585071063385356,0.545019364395099,0.5006858950018952,0.5315980922043603,0.563049356008106,0.6323481660790126,0.5846528705298885,0.6040569541526094,0.5924152359706706,0.656493412961295,0.6385552780117697,0.5206315051513205,0.521721024667498,0.5028997094903749,0.4982454966744058,0.48683022640906415,0.5508903595677166,0.5578720675606609,0.5539587869235304,0.6144388916447875,0.6259421190190299,0.6523738193187038,0.5585056527928217,0.605589073128287,0.6225647075133757,0.46626224610195627,0.6376408361624871,0.5014156075356835,0.6485464759892118,0.5763879706116896,0.5880354747913045,0.4949737901791872,0.4673930166920507,0.5225007083091192,0.49200081115169503,0.5766241464304896,0.48423580426145674,0.5031831881547808,0.4991577020365567,0.5104894189457746,0.6837461230915047,0.5842680937755933,0.5674395446694998,0.5746289084711694,0.5658240218918973,0.5254745578651032,0.5095582778795235,0.5751573302202692,0.6073803194065304,0.5393528878800495,0.5985057417635402,0.674553239305048,0.6241100884253484,0.5845622984717536,0.5731660656645802,0.5190417672437048,0.6094067235535987,0.5249949607420316,0.5578992821739255,0.5508278360667379,0.5609558919119456,0.5071056698492585,0.5408056510414527,0.4813647186085551,0.5378998461563067,0.5834295378482509,0.5842796327778566,0.6224724590330009,0.5512465250219702,0.5157509010536198,0.5181286404286403,0.5247621103535138,0.5319012487712269,0.5796405149999603,0.5391843765327807,0.5661184834742148,0.5109529622553856,0.5552682758792846,0.581998841576679,0.5305617484320623,0.5223459225714702,0.5091797433932028,0.5483856237579559,0.49581640427811113,0.5941907898816146,0.4263934780598636,0.5762127718727673,0.5495547181635708,0.562389814692064,0.5325650405115656,0.5409925628892037,0.5385764943517126,0.6155974944212775,0.5581378015085088,0.5467727014902573,0.6084662580803084,0.5105300820736882,0.6314900326069617,0.4798660824890579,0.6077028911801817
0.5790431039695282,0.0,0.5816835769746083,0.5985424701635508,0.49773329259225946,0.6944487635863769,0.5448609278688822,0.6057384221311105,0.5598628315861809,0.6378447227687567,0.5259755703348923,0.5649632125717025,0.6095460053636305,0.5589859507504676,0.5999383580615604,0.5438560613775582,0.531913977171285,0.5289529370985561,0.5637777165470653,0.5351998507051269,0.5875880317072468,0.5904520041112893,0.47312644273322774,0.5278300318076797,0.5760987695725202,0.4592859130194631,0.4733526534994647,0.4681938329276572,0.6198783678197023,0.48206587134426415,0.6066217470950583,0.6106144911183555,0.645992658925729,0.4251041773747334,0.6010782677203867,0.6029646853189751,0.5674245915448195,0.5751671368612045,0.5556692771821284,0.5931662961801328,0.6383119877818638,0.5269064122604721,0.4991023108059609,0.5816887165659652,0.5393020842492691,0.5254407051478358,0.5133951749174582,0.5465425550285306,0.5516447612844516,0.6031923100748631,0.6068702963511403,0.5501369085680766,0.5405223483367768,0.6479084869818194,0.6091100640446087,0.630146161913071,0.5925687304790763,0.5465410916631531,0.5711895434985577,0.6301898997764075,0.6372409078848768,0.5223684278493123,0.5382999487801239,0.5011760251280659,0.5480602107536023,0.5080075008460865,0.5472770457053979,0.5303074710631756,0.44551162529885957,0.5447776366824832,0.5957156000096996,0.5781704788181746,0.5146457147962706,0.6142600918955117,0.5636945503103028,0.5072462240009014,0.5386387761075196,0.5465212673837788,0.4563517812375391,0.5180792608085888,0.5824797937234968,0.5964048453448427,0.6297021772198393,0.5561221819793543,0.5576879689846171,0.6133496704174327,0.5366347240348748,0.5424353743815574,0.5694793162289655,0.5514590218186384,0.532005059782741,0.5821617270832998,0.6664473621400774,0.5628404279228821,0.606616412790447,0.5907246241395129,0.5414139657532092,0.5189022513566929,0.5085356828981724,0.5769797120061052,0.5608821630170293,0.5034440840057077,0.4744798183683953,0.5216173314698761,0.5933831421583208,0.5134974978117367,0.5622099883010612,0.48948135770579543,0.5742844777327691,0.574247795158123,0.5360262421841661,0.5299010765058227,0.6073704960267584,0.5252397906344003,0.5260875325317241,0.5661738556391199,0.5466633682368298,0.5337426134517257,0.5437505327614794,0.5148716673277283,0.5870429767063685,0.5371924726244798,0.49588141811077596,0.6075329339278623,0.5938624822617545,0.5993659279843432,0.5558776718481967,0.5454602443042019,0.5505499773149904,0.5841995924706969,0.5447358670583675,0.6063392405051133,0.5480573389544905,0.5748116132996655,0.5705875901963988,0.5561703310437163,0.4911484790297453,0.5771061268392698,0.4825462838126124,0.5931327866182441,0.5541520851138584,0.5857615562249596,0.665511780976433,0.5848810515666089,0.5632230942539318,0.4465824336734481,0.642680602512722,0.5649833231914574,0.5509659133454332,0.4247520766631904,0.5523431985916359,0.5984412235225357,0.5172776290022312,0.5823489574598552,0.5555032748258569,0.5728126504423986,0.5957166856676018,0.5991619826313968,0.6061695507795026,0.5595406663375936,0.5212291132664103,0.6076621805277511,0.5231506049754714,0.5522575286977363
0.574315913804577,0.5816835769746083,0.0,0.5365743892376086,0.5806581169182244,0.5938930287358068,0.4908359968338028,0.5664142178976797,0.518685150730944,0.5979418376502961,0.6177949401662485,0.5347837698105933,0.6159163226172395,0.4989531031177047,0.51311820309532,0.6285989610276146,0.5995501694649196,0.5559404602857291,0.532457031108048,0.5288446806880291,0.6011578155030918,0.6842444827386842,0.4819055627255671,0.5042147698900475,0.5640614559183385,0.4611103422592012,0.4893011519027851,0.49567904161127563,0.5528428813109807,0.5204515505764912,0.48594298931466084,0.576789306742578,0.5046073283311381,0.403494162330251,0.5385018398817462,0.5313616795102082,0.5402020744137358,0.5602640637205165,0.4766675394559902,0.5574193043046157,0.5261184849313575,0.5781433050334872,0.5175379208866601,0.5194734023072043,0.4993099460258745,0.4747452293508342,0.49349308386156304,0.5597649701941241,0.5400554262230911,0.5863644954983317,0.5546790710879248,0.5319412345429071,0.4569714237171825,0.5556034471766708,0.5452074984652142,0.5084973981409069,0.5543812423075225,0.6187802816074913,0.538502703108987,0.5223578447373034,0.5429626678339519,0.44546686534737207,0.5635190388116724,0.49219630475672005,0.4834190944084162,0.4609366782947009,0.47571843577039086,0.5127792241757899,0.5250164066730245,0.5792257333736238,0.5332198765366166,0.4875334299746225,0.524227511668683,0.6225646265407109,0.5824022557550697,0.42355487007533493,0.5303022766991776,0.5170840716949721,0.42658202676314405,0.4403597005285913,0.5051586571381836,0.5210251174504569,0.546454186291789,0.5163014943825573,0.5208182691328005,0.5586302386608426,0.5155231228331485,0.5006458982250576,0.483719768040647,0.4489691085229895,0.5905396596502603,0.46198772077119366,0.6064992823717129,0.46782849707914775,0.53708587902512,0.504633065152678,0.4481663052817624,0.4721108363396593,0.4447252686885079,0.4849407425525252,0.4444933495251826,0.4962959492817785,0.4486901687024862,0.49202748274311675,0.5330115354017746,0.5043683007983977,0.5174916254578191,0.5211683630719195,0.4991681477028423,0.5332591550062613,0.5051445067321237,0.5093821326576836,0.5369742846866501,0.5074519324596779,0.47283629277546635,0.5685967550533532,0.4809622345956925,0.583073084334705,0.594479357234677,0.4690915460505369,0.5620416905678393,0.48099538255888186,0.4773683439012685,0.5072348108509045,0.4870695703448486,0.5053786569320493,0.49411683978258036,0.48516126371024343,0.5178251086625311,0.5152716379705441,0.5291945874881889,0.6531457680914181,0.47720277271877787,0.48832590866085857,0.5286959741376831,0.4732615090403225,0.46217346646945967,0.5091173247707853,0.508571253523701,0.5131835247245323,0.4664101025611052,0.5378420997568492,0.5285408200944911,0.5407359958695228,0.5075887768559556,0.45338387080970827,0.5714138899090117,0.4713153827878977,0.5597898563448788,0.4173176200433412,0.49149032727750774,0.48275965735402615,0.5736018246658678,0.5674279894797616,0.5191107886941598,0.5030424662343203,0.5640437772456728,0.5446749947965448,0.4863226968750055,0.5097100771036301,0.4588910670854368,0.49775010187489077,0.4492796877912016,0.5667899969383815
0.5487564140146123,0.5985424701635508,0.5365743892376086,0.0,0.5173005379071184,0.5690811599783595,0.6113787360992363,0.5905949415008721,0.5270804349428193,0.5527768749648404,0.5566221419556547,0.5784983469543703,0.5617030069352676,0.5133716178330772,0.5942057163770446,0.5165066820257065,0.5057645380571156,0.5046158048607441,0.5461328430789679,0.4967245688491818,0.6070127498532165,0.5657766313584285,0.506016832127684,0.5483396984014164,0.5804131962988067,0.5141438675974243,0.4857469031585786,0.4640485571720073,0.5146145716851573,0.4522620441410948,0.5787164328222661,0.547975813573515,0.6301674666278747,0.4461481030376983,0.5796534686638779,0.5909444038569984,0.5983691242638459,0.5443107176160934,0.5715618940592775,0.6210333251115384,0.5854712254582337,0.5379892471430155,0.5024829849381586,0.6122526227878686,0.5461468609686456,0.4951990099913633,0.4585874722927313,0.5699165394051925,0.5842102055462783,0.5589666995369148,0.6359007211235227,0.536781938374106,0.45322790401343993,0.6761719535495875,0.6243113217076384,0.5664466442156645,0.5638027299818732,0.5574641353346567,0.5642219586254212,0.5539766080095526,0.6168153015334741,0.4678945442375138,0.511822244916106,0.4853277294244193,0.5153358904706198,0.48424414534900845,0.6255490355240669,0.5242687791600118,0.4388194885102374,0.5643571581819947,0.5860073871717718,0.5318299605403908,0.5581100830335692,0.6555285536008258,0.499774094004286,0.45397293762297025,0.6179333648499817,0.5599179915007386,0.4487450084945397,0.48253245990424165,0.5052853159180917,0.6559096603930262,0.5469632666201577,0.4992433631083722,0.5922525339723783,0.5640211538841506,0.5965544723894481,0.5469957733579474,0.5111190913321177,0.5523237703236755,0.5701610589826133,0.5862284155291372,0.5794918202008758,0.5045194052008116,0.642171435842817,0.5671050856524923,0.49163173070913796,0.5231000422814859,0.4966078853736837,0.566624185090761,0.5336702472737489,0.5538962466026687,0.5533933803660859,0.5162732763440604,0.5590093553860654,0.4914704329049759,0.5383179364377003,0.4858222642582967,0.5247357855801704,0.5688097638596115,0.6255033040181177,0.5887616907876343,0.640220016496506,0.5363787213642448,0.4870048369413001,0.5326003209053328,0.48641871675185355,0.5237422822979315,0.5709499598767606,0.5100140569453672,0.5766279407473117,0.5832766668034497,0.496373142656956,0.5805791889068512,0.5616450346395435,0.5417556893485943,0.5464238996568312,0.5359751708059064,0.5200233971245819,0.543113420587542,0.47629155833932324,0.562745145632038,0.5547324350389892,0.5965506604714301,0.5968335378427306,0.4810516411760011,0.43931480883222396,0.5848950077410245,0.4984450640493804,0.5871302466854899,0.5229313428722915,0.5294849731077371,0.6550118660582408,0.6080006671131697,0.5866712011499474,0.48544277089724425,0.6093078432054438,0.48890087427502804,0.5060278803302228,0.392735630544267,0.6223847685318469,0.5013134728788071,0.5222897380488762,0.54831318773286,0.5849296502154389,0.6040201019069789,0.5926525039878594,0.6026661627452674,0.6541393955507888,0.5798321493590528,0.46701849434390336,0.5573757848301643,0.5375784094863189,0.6045741849651406
0.5216870285665551,0.49773329259225946,0.5806581169182244,0.5173005379071184,0.0,0.5082623338064892,0.5191497376659154,0.47575359241085285,0.5154428039700731,0.5039751694162939,0.6204506887140089,0.5050288335726806,0.5230249450225462,0.48405762194197915,0.46946025503614763,0.5713823946793791,0.5333186978316546,0.49661125752585367,0.46214877883386296,0.4572729465931538,0.5375803983715377,0.5895056906499019,0.49025407521125175,0.4732023487055389,0.5130645342714047,0.4712241488716617,0.5012585813689812,0.4522583144900957,0.5045086772671389,0.5576036539978921,0.4536777798652901,0.507730749047571,0.45945154546207173,0.3893545921350473,0.5091225164844815,0.48951354108402756,0.5307639301546682,0.5292301130613827,0.460517711456062,0.5271577230493171,0.4706994609829077,0.6247530781261306,0.46470938855761806,0.5116311562347708,0.4438288506884073,0.4220562062673407,0.46017127316212325,0.5317405073133302,0.5348278705978984,0.5076034673229637,0.5157493175903206,0.47906686776495,0.40492055667466503,0.4883048283576901,0.5058805766800253,0.5057962567044691,0.4959937042656021,0.6078834230936614,0.4792245637520483,0.4679646266686252,0.4570947226122077,0.4234731501099551,0.4749904360959094,0.4736506303157369,0.4343132723066471,0.40463155906729437,0.4667120991678874,0.49668278378879244,0.47693760251952766,0.5245967431947824,0.4979473238434322,0.4647472399741553,0.5162968745062706,0.5464738990873302,0.48687564557800017,0.39341437670892015,0.5313534798099211,0.5860628425766395,0.38840308942265067,0.4562774261480161,0.45281330884580473,0.49710956121749816,0.5352693259456703,0.45042007761598707,0.5072190960568568,0.49546295944117463,0.49464141492141095,0.4749472296237847,0.43390334206704817,0.4507216389552037,0.6603127523565775,0.45516322862445435,0.5537134815685569,0.42073040672859596,0.539331956694808,0.48593558292434874,0.3909808773643925,0.4413744848043317,0.46833987476751204,0.4401562845424394,0.4399874489553312,0.4531383804588111,0.44708857344632746,0.44049322311569855,0.47863337209157036,0.45589746335050757,0.4442373410164715,0.48807966931889013,0.44949178449524213,0.49374882675320686,0.49922241978722587,0.5251079558129365,0.5046426304567031,0.5292393587486746,0.4249432898847187,0.5352173684157937,0.4291400191055165,0.5344916693884576,0.5228611179367497,0.4937128730874244,0.6078539675972627,0.47086380544208556,0.45806918322580903,0.48948971989981155,0.49652501556271295,0.454191631744447,0.47929933770536454,0.46904933381287006,0.4537573341225373,0.469378844577235,0.5044777092738743,0.571098767160604,0.4771829818147245,0.5076999529798296,0.46638526797863855,0.43238419172078657,0.4226921306765007,0.4921359804928543,0.4561553157086893,0.48939904473816975,0.4174804966174215,0.535609492787565,0.5054623035954836,0.5269467919010759,0.5119523287450993,0.45372402404531476,0.5557765194104057,0.43126366760428986,0.4782603334461369,0.4127621253459258,0.4690549606900757,0.44194862360284337,0.527936760736348,0.5174851345863178,0.48607387993245654,0.47307828659103385,0.5246361366812557,0.5293803312367894,0.4835316488623995,0.5306294539606775,0.40987200623701997,0.4891158404940414,0.4572244924929971,0.6329913392846677
0.5894444266184963,0.6944487635863769,0.5938930287358068,0.5690811599783595,0.5082623338064892,0.0,0.5122941759278798,0.6174856945195291,0.5594996201987552,0.5840951656930218,0.527190486298389,0.5545928455362721,0.6150357235840963,0.52709922326595,0.569348836657838,0.5628027315735276,0.5343856109435291,0.5212357538765193,0.5653371978861862,0.5225317817915366,0.5911831722802992,0.5775463383328833,0.4472456473332255,0.4976437083370337,0.5581230051765388,0.4576804640246988,0.44780845442923245,0.4591450982561469,0.5649557969444043,0.5001342526004848,0.5899733048573905,0.6391424787536125,0.6116824027082348,0.41440986012074066,0.5676612920886931,0.5777201902663859,0.5694313832111426,0.5688401631078986,0.5386550280100538,0.5398551312528196,0.5962477940667718,0.5252771190979486,0.5166419828338892,0.5847238139651587,0.5183755108387711,0.5182422307586092,0.5239844568838126,0.5593924602686948,0.521730989980697,0.6085582449857697,0.6244862576639338,0.571697443951714,0.5358418845351349,0.6246535684390566,0.5922822483100423,0.606492609557999,0.5945816982854949,0.5818576598399204,0.5300226173869351,0.598799695430674,0.6441473350643927,0.5462676734465804,0.59661328456912,0.4752864776921911,0.5465451134368997,0.5154283510949053,0.5139410369414847,0.5472647782657352,0.44707098669007006,0.5620915531784494,0.6187605837537448,0.5409482942505667,0.5121658451566982,0.6095095210181076,0.5821934768154781,0.5016400635973152,0.5410558228894264,0.5344203611939974,0.45621999993661017,0.5326722774212638,0.6081302726253573,0.5939604007132037,0.6325475399148167,0.5629202045489847,0.553186818035049,0.5901677790106434,0.5608724445860686,0.5404494319816545,0.5619542684951553,0.5189298374865408,0.5462866207970178,0.5559343352982477,0.6614587676233944,0.5594394992216134,0.5777717888631596,0.5764344032399532,0.5531190515192139,0.5021566403757537,0.49444070276299873,0.5506218018267736,0.5237502808649216,0.5197479089411776,0.46900535914421865,0.5031557961766006,0.6078618166757024,0.5187591516345667,0.568276971519943,0.4734292275410075,0.5451626481530143,0.5450669254762646,0.5268893059795294,0.5181914254835783,0.6186988227952114,0.51237197619791,0.5284637108288384,0.5587103416742234,0.5405672814146537,0.5215868363350025,0.5445076277543014,0.5046616629704291,0.5736973690680514,0.5558499338576505,0.48677517013368254,0.6059649219889652,0.5666390222162879,0.5840126281373017,0.5554559998906492,0.5421640222830129,0.5289267394383259,0.5526876241959021,0.5407464590458971,0.6701242587817724,0.5398630149358855,0.5599023534729086,0.5439839891199789,0.551389599412949,0.4876497860495243,0.5335894748454367,0.45177865021635855,0.5792489904196613,0.5426989051441176,0.5853107439394297,0.6143036477327051,0.5695616599677358,0.5418954027882864,0.44186459950372237,0.6563400480526718,0.5564586176698452,0.531373065443725,0.4204108072887943,0.5474384871781364,0.5836010215584274,0.50293725224301,0.5358631897763634,0.5427100357722623,0.5560026732514088,0.5620842067545536,0.6028310982080173,0.5459240756927607,0.5721098961965005,0.5026454183586284,0.5900689615124027,0.49931592351654835,0.5473248208809265
0.5014821085068424,0.5448609278688822,0.4908359968338028,0.6113787360992363,0.5191497376659154,0.5122941759278798,0.0,0.4935554646722128,0.47218869517353707,0.5629319618673168,0.48741210180922073,0.5321904833745323,0.521629945003081,0.48630120710933733,0.596663024183813,0.47653520972541524,0.45339424460953814,0.4672303723507269,0.4731716239013732,0.44596195908366854,0.543985468024654,0.5061836598495941,0.49540023357295754,0.5368803084879968,0.5545373099912672,0.5116811519725095,0.4452113535698892,0.4093911966706223,0.504717947564041,0.4312717288789383,0.5601908185928527,0.5404766685272135,0.5611392650453679,0.4338526086076329,0.5175595075079392,0.5303920559560702,0.6127598746838318,0.47627736272092547,0.5390263284468828,0.5985023177288705,0.5175020791197771,0.49995440129576296,0.49281006433522495,0.614383530274768,0.5092541001241339,0.4833040014745315,0.48797192828403335,0.5682661495502442,0.6028812626373525,0.5059569344375208,0.6151633403345966,0.48299268590900984,0.42542812051235845,0.5798450707141918,0.5994601101090742,0.5796719081931873,0.5019472976930466,0.4819316253309058,0.5721005606619836,0.5076718551487942,0.5175012613487654,0.4641766923348179,0.4535144723307464,0.45718364476317835,0.5009216650895923,0.46367734167788593,0.6368486957265346,0.5848940360945338,0.4094967166952851,0.486250910911985,0.5744929248401702,0.5185794152065659,0.49372475421928885,0.5919816834405834,0.42775438544495387,0.470217206863755,0.6318875565803815,0.6351298540871265,0.4181750035937528,0.5097669233142996,0.49135349585030674,0.577398027395986,0.5606754709647064,0.440182646360782,0.5301093446305919,0.4868188424099293,0.5270556977441387,0.5616416710113431,0.49171295489708705,0.5448256591818287,0.5202528056682098,0.6051020941509628,0.5501305911447736,0.4761773783411885,0.5824839497474049,0.5882553401835574,0.44364585853718347,0.4948270846953763,0.4847509657385557,0.54649263780624,0.5402842881867066,0.5330955819055649,0.555501747945867,0.4957735392560768,0.4904868391024672,0.47294508666891444,0.5018287160603103,0.44304452983963044,0.5369921368594229,0.5820936643627201,0.6161046420920824,0.5373500830545564,0.5932901041724559,0.47747093480749947,0.447893577202869,0.4684619894940352,0.45984538218615767,0.5354427142751791,0.5165508005834883,0.4665875376357101,0.5465063455049197,0.5183966266402275,0.4605333694265337,0.6057273743392138,0.5285637466628315,0.5394477569116084,0.5172408044654196,0.5364771515055197,0.475839265765841,0.5427343448742269,0.43705201285898937,0.4933376762122655,0.4985918939934628,0.49947403484101327,0.5289720548976877,0.48713120936107374,0.43280644058716095,0.577164168430463,0.45724298847975003,0.558303809553302,0.49556092690779496,0.5126944838823095,0.6074626043285553,0.5356042828805652,0.5886963626512164,0.4989115598483677,0.5521744723106712,0.5037323239791298,0.47979286683173644,0.3597054922054649,0.5412005151819381,0.4820553903210947,0.4452221645971167,0.6170376485722396,0.5434540198250556,0.5847530772058245,0.5389852828811028,0.606151518822436,0.6063143685704933,0.5941367672645425,0.4772995861466973,0.5225553815052898,0.5419191027152187,0.5252355083569763
0.6065347235284144,0.6057384221311105,0.5664142178976797,0.5905949415008721,0.47575359241085285,0.6174856945195291,0.4935554646722128,0.0,0.5551453136618528,0.5759554786127069,0.5431220394884403,0.5844768946000367,0.6446515455495694,0.5071598976216763,0.5696865250630775,0.5888988837846001,0.5427947391545451,0.5484292657499541,0.5882602227581019,0.5871553340796795,0.5992942465212926,0.5407973749073721,0.49925468979163395,0.5213708948527195,0.6249305479838269,0.5041481758362993,0.4923509881925885,0.4993791312207869,0.5161688874648301,0.4905370133061281,0.6329171724623693,0.6062222766437695,0.5799267103913844,0.45951205802058054,0.5979715071284333,0.5958949777695355,0.6227110012183706,0.626207008077613,0.5472149721237842,0.5669867720850306,0.5968145646686565,0.5056212202741123,0.5751803054198411,0.5653396332977392,0.6203864496344601,0.5579990635400558,0.4929680988737999,0.5747574526538188,0.5616382151948731,0.612064687996773,0.5966681305590547,0.5610279890303178,0.4703407576671395,0.5822584544335003,0.5980506705764109,0.5625824766731676,0.6195381868493423,0.5984349959266713,0.5341487160977205,0.6043072562774041,0.6715532595520755,0.4976891318558387,0.5879701037022736,0.5003566329780799,0.5203889742983733,0.5324604880133869,0.5444796920703534,0.5234510528310053,0.4755027575252614,0.6627139981520459,0.5968574531915123,0.5646366915989062,0.5252235056021934,0.6278887503268082,0.5753088702135266,0.4930017289689826,0.5547959057101244,0.5114907646754178,0.5227669889804465,0.48217481614710317,0.5402984904132075,0.5838183642626081,0.5646943280041965,0.6256937713503858,0.5950622308257753,0.6846137388592439,0.6669668119604374,0.5557999286465211,0.6055260426810882,0.5365755865693219,0.5455618259752333,0.532666563538316,0.597766151785706,0.5401595667657965,0.5538555276208886,0.5623351121002528,0.528417204131203,0.5447202227224203,0.47826141894595625,0.5750620311126914,0.5284640688419056,0.6008740422847837,0.5136773664014077,0.5528842555862187,0.6341050865760613,0.568753747935291,0.5993947889332782,0.5270731928219206,0.5486666132683857,0.5486679778756602,0.5318198949215337,0.5664295625146117,0.59462006301308,0.5457956407673892,0.55892260184067,0.5687101439384966,0.5453898301038048,0.5542437678222868,0.5407436739596763,0.5037598997916154,0.564134037950982,0.6214114041104423,0.5174677492265414,0.5692360260734433,0.5384257633422049,0.5823274739663621,0.5180954606613093,0.5663036422358314,0.5630980560455793,0.5838736780877168,0.5324685546644785,0.6131698290917836,0.6010745216172558,0.5415637571694384,0.6050062013887934,0.5019191047548504,0.5197194566832537,0.5745704472572933,0.5390392244136956,0.6417041134030421,0.5363275172193127,0.5420725003653409,0.5715526501837357,0.5527377989749078,0.5719201640041899,0.4827550825811365,0.6074010650146277,0.5161213758241159,0.5892095545961654,0.42108671850667256,0.6439506180208613,0.525059529112405,0.5199490820784062,0.537724142931278,0.6017243561805456,0.6221065366731251,0.5886330375712312,0.6008366934874669,0.542456928585748,0.5474867868814439,0.4902363951929678,0.5786094506892245,0.5139989429188424,0.5569443419334704
0.5743184063612506,0.5598628315861809,0.518685150730944,0.5270804349428193,0.5154428039700731,0.5594996201987552,0.47218869517353707,0.5551453136618528,0.0,0.5222129280788153,0.543946140307352,0.4725860886964189,0.5438082027395009,0.5655339323049883,0.48372964607457986,0.5180930192940851,0.5056052589990896,0.5409344976445287,0.4809581053944757,0.48768265756044754,0.49406346301416554,0.5897061103204039,0.4493990477994251,0.4254442201429934,0.5124864339208557,0.41455308856443046,0.5333750917121438,0.46821039492659733,0.495730200696938,0.5680628793690958,0.5065336519837035,0.5272390816751178,0.490326443035618,0.37370020086431394,0.5582452946563056,0.5010211111098671,0.515139740954003,0.5945640602200513,0.4621474230369344,0.4878599167241299,0.4771212351490106,0.6157838039840667,0.44607944878535266,0.473066550823678,0.4510434802402487,0.4351157950338765,0.4365731366259877,0.46207641120067444,0.4959559636305005,0.5297601762146893,0.509369759310536,0.4623935011635613,0.4771465059605258,0.4870204185270627,0.49186537832287885,0.5701982823844267,0.5207934108368147,0.5715825248150397,0.49727924808758095,0.5103048585652548,0.5253002272967617,0.4743767776107041,0.4916386456777956,0.4800333212246667,0.4777682675190559,0.43179595465173065,0.4860748724811038,0.4902759632282661,0.4875469747645586,0.619140068408487,0.5242522837590057,0.5130741773186076,0.5516525751194564,0.5297011240398577,0.583620689198208,0.43470316351664245,0.49065044813733705,0.4859492707697111,0.3999279120905434,0.4528070455359456,0.4837982744735368,0.564700998829683,0.5617516600409258,0.5065242267858928,0.5202856363610591,0.5434448559543337,0.5535390505601973,0.5223963477798624,0.4909103443443254,0.496689974847568,0.5879423200279907,0.5005262450716719,0.5570712601811321,0.46087432735644357,0.6099641845212883,0.49916131402514163,0.45519033702052575,0.44449071704404397,0.514212493697193,0.4679080444810777,0.4822414373705181,0.459585938634505,0.43815031245360625,0.4424384538205651,0.5619751722403937,0.44198798949166407,0.45290369331633235,0.4741252151929583,0.4489542832832997,0.4533506504604527,0.451413143393912,0.5155677300985918,0.551939151737875,0.6511973592746628,0.4523561050574415,0.5413974178891915,0.46703015598733544,0.49241109043089976,0.46135850496578157,0.590150521588933,0.5526928314242657,0.5413178190015651,0.4479545313789525,0.489847922252547,0.6109458120689564,0.45534094101408734,0.5236766357520393,0.45892395518704326,0.44214748782764357,0.49526573212161534,0.6692962678257823,0.5973866867806387,0.5745008672735422,0.6123397446046291,0.4714641605086106,0.4662254018109062,0.42150673460639476,0.4769209543934999,0.4362678548700075,0.5261203788194949,0.472680896972127,0.5673537041149201,0.5775457859123865,0.60201257509702,0.4906863778522019,0.42262594320038926,0.5839704007899027,0.4605397057246902,0.47833679112099775,0.42817759346319617,0.5030443753847309,0.5196492412253494,0.5346655866439999,0.47232154241162083,0.47165845050561517,0.5117784754186199,0.5356790208695617,0.49667358210613516,0.5296699284855725,0.5341182626761766,0.4359308432960239,0.5739656170212941,0.5009979337457027,0.5972763099756758
0.5684518357600608,0.6378447227687567,0.5979418376502961,0.5527768749648404,0.5039751694162939,0.5840951656930218,0.5629319618673168,0.5759554786127069,0.5222129280788153,0.0,0.5324667053078792,0.5448533801887079,0.6088993465895024,0.5283241558870821,0.575190743077966,0.5552894532551523,0.5198750641301019,0.552166642486271,0.5276684356596755,0.5169702886636787,0.5568188499100428,0.565612498221239,0.5076027384925574,0.5031463410068846,0.6526445294265698,0.4657048730009005,0.49026548001092346,0.466100099242182,0.6386982019435016,0.49039473993246835,0.5751809734466554,0.6217531366522958,0.5537104105997847,0.4227833498552631,0.5718535957625679,0.5541786506659586,0.603662066606257,0.5593325229585178,0.5035754183923197,0.5750518509025708,0.550911583042139,0.5255990202431613,0.5370442710537605,0.5633388538584301,0.5319440861935933,0.5095234031707045,0.5199915845472799,0.5717118344646519,0.6050044818230284,0.5574226536478593,0.5738701672926972,0.5011669720783081,0.4713193029333626,0.5565730374106737,0.6089148048727956,0.5799571023291918,0.542572185044619,0.5383848963259564,0.6090255286343796,0.5417668516508407,0.5576486928019918,0.4760831625490032,0.5132070667281858,0.5017794362295633,0.5122147900260902,0.485721777901264,0.5277357726555835,0.5635366084317149,0.4891870964488359,0.5772438921159533,0.5569998265905572,0.5638332577626437,0.5028698027810578,0.5966029208967324,0.5200328927842726,0.5026855303538336,0.5364903716860884,0.5568151495916251,0.4483361206812787,0.4882215341105856,0.552194695330454,0.5342665280850241,0.5998858636348366,0.5318039119607189,0.5349048308318004,0.5583123871664942,0.5464215924245956,0.5756214906803819,0.5610601905695424,0.49391381034863174,0.5365943275723313,0.537580665153766,0.6349428357595445,0.4969734764235599,0.5616558632926961,0.6125003977246073,0.4626545908749867,0.514042699831255,0.47630281039407285,0.5357814042801813,0.5258028339684125,0.5260152927102125,0.49999441866358724,0.5854586686523745,0.5483510964161807,0.5051997291651444,0.5309784188732636,0.512496222659203,0.5569907551266777,0.5598623342147833,0.5215756949159313,0.5203942792206697,0.5733918442742804,0.5254344118339813,0.4929575902743778,0.5130886769171881,0.5319305124312096,0.6417356525056102,0.5524035296724774,0.49101619463356583,0.5402865561177435,0.5275037138793629,0.4773759838023536,0.5680399540964766,0.5431903970435501,0.5982331514508434,0.49771779484059636,0.507052838323575,0.5388787637827421,0.593859489222108,0.5308247609082839,0.5528824847415768,0.5191718831398244,0.4881849282074283,0.539784770128563,0.5227770690569316,0.49335389661067536,0.5637427124039744,0.5140878698133868,0.5873133309127551,0.5586672045290646,0.5599097116638834,0.5688061266319366,0.5488353306150034,0.567388131062219,0.476637053249539,0.5514451591476395,0.5469839927967494,0.6133828376376176,0.4010068050885035,0.5282079771080419,0.5732684061728124,0.48473552207068493,0.6147872727250432,0.5678147764126333,0.5684686093681077,0.5613979441276911,0.5865893981737386,0.5716082710774884,0.5552169425671835,0.5430031472580932,0.5741254386450855,0.5224584025519632,0.5230646755558678
0.5622047435550196,0.5259755703348923,0.6177949401662485,0.5566221419556547,0.6204506887140089,0.527190486298389,0.48741210180922073,0.5431220394884403,0.543946140307352,0.5324667053078792,0.0,0.5475133024739932,0.5721704438391368,0.505669695967195,0.46630732333847097,0.6531916457111996,0.6072430452469566,0.533810780809447,0.5235199106086769,0.5175153317232699,0.5548448249644348,0.626151068547354,0.5350594250200846,0.48006744707611526,0.5618313678925492,0.46435826524100565,0.591260868033774,0.5488868704597056,0.5358001266686756,0.5851224635664739,0.47062015980630006,0.5378906289344312,0.4679175014526783,0.4153983341838393,0.5620004280281776,0.5210970064928923,0.5419456247779543,0.5945357995868453,0.4757420308954605,0.5410345033613109,0.48333854376111157,0.6277760931991662,0.4769743335047028,0.5001519831181805,0.4802753529870602,0.4326573115085677,0.43063883320696433,0.5403735828703297,0.5658061125818797,0.5346602010341919,0.5135223577323068,0.48549078831982295,0.41177664385168705,0.5097928229168451,0.5441177358557021,0.4863528926121512,0.5337373200566874,0.7178811370278098,0.49356744168379674,0.4989687176651111,0.5061138680274747,0.4162490893114063,0.498197205342364,0.509370193164214,0.43237332532284756,0.41571307001322755,0.4725338625586494,0.4588559816765,0.5272788889036313,0.6118535402555549,0.48181113092710454,0.481295031437827,0.5616895130810668,0.5767324811904477,0.5674125964793126,0.3978826424930589,0.5405311362735649,0.5252734034454101,0.40775402301558245,0.4319378452612695,0.4442482330023905,0.49691777155953865,0.5059131031129042,0.49860338753569705,0.5326485626611349,0.5413927604828762,0.5440775091595913,0.4821017913265786,0.45954429034316846,0.4478175920872585,0.6594910583106678,0.44845146210579784,0.5804128802641012,0.43840581049188887,0.5379825466081858,0.4805489952106,0.40601274443724455,0.4588437687133589,0.46388359567143467,0.4562531557545388,0.45059324859309424,0.4797964895605886,0.4491769858586907,0.4610438719818755,0.5157277335604095,0.46558659199647406,0.4651863845158265,0.5533093458101657,0.44655716264351497,0.4974198632876234,0.509823206272403,0.5416147689801573,0.516230958966508,0.5975093182342569,0.4466198883113969,0.5818744126765288,0.4526651728812746,0.589411330970271,0.5556892687546819,0.5130201605153653,0.583592429606422,0.4862057751199205,0.4851249911389686,0.47546009581569765,0.5011055945956804,0.4693328290386561,0.4771707745310874,0.4734799651432441,0.4958599831099157,0.47054585119605397,0.5449985279300983,0.5930116615434351,0.5268536687198906,0.531444195500255,0.5056940717709542,0.4206050727064871,0.43708368075862114,0.4972724736438249,0.5183649588065405,0.5065188411700653,0.4305899657082758,0.5505006244935031,0.5104195797804146,0.5477996692981186,0.5144494579345334,0.45559162491183075,0.5371580565139977,0.42253961647416477,0.5249166489110191,0.44999492989037493,0.508817665151441,0.45168522919678433,0.6508340586071332,0.49094061460005045,0.5056563228016652,0.4854332137332696,0.5962046043188265,0.515172007967592,0.5015454394584851,0.5339783750136728,0.40533421897090804,0.5067187947219919,0.44640809794429,0.6727863167785466
0.5114042221769934,0.5649632125717025,0.5347837698105933,0.5784983469543703,0.5050288335726806,0.5545928455362721,0.5321904833745323,0.5844768946000367,0.4725860886964189,0.5448533801887079,0.5475133024739932,0.0,0.5288005146370124,0.44429169630524307,0.5237123027752567,0.5617280316250459,0.5132983665972884,0.45843010454999855,0.5978394506295057,0.5246507610442825,0.6401823331305563,0.5027444842431198,0.5366922165969976,0.6015990584731976,0.6343807647953303,0.5327281331546072,0.45391090608902274,0.4656796457335393,0.5209838890331369,0.4652801594915198,0.5865100975484564,0.5435054592028099,0.5238369639463213,0.5170229873376334,0.5471485011394618,0.5819599391852012,0.594038247176232,0.5310519906702601,0.609724120159655,0.5583056922278208,0.5726791899482032,0.5044080181322609,0.5226208585723325,0.6238644932319194,0.5806597446560606,0.4937203417890969,0.46922147422172283,0.6400818741126495,0.5823022090144624,0.5243201825957323,0.5529799763998957,0.5356070015064928,0.40320451597626994,0.5900521730152448,0.6145014430456056,0.5409578246643436,0.5492417461523341,0.5904229702771296,0.4853110772199438,0.5251711161953969,0.5373017943913162,0.43288738244696584,0.4846538707292656,0.4879768576752925,0.45598717906004743,0.4606778083995763,0.5252911267579444,0.4717347607426896,0.41283338725371144,0.5193724386303943,0.5171178790039808,0.49719357353134264,0.486180898690388,0.569929978051119,0.47384131648610733,0.4383400624372836,0.5581162284141026,0.5672979823127817,0.47602328811290434,0.4868589569107591,0.48285590534183137,0.5277073782854682,0.5262209393994678,0.49667353925651186,0.5742545965587306,0.5803259634647685,0.5724238951536575,0.47468305963267454,0.49947806474957723,0.5403442098941992,0.5132885832219719,0.5286117594755034,0.5478801012628272,0.4817071702010152,0.5046029722732648,0.5663924138485544,0.4538443970289108,0.5834955108454256,0.4635345553149073,0.516252984158655,0.5065944247637997,0.54955418769031,0.5224638845269886,0.5646638441936106,0.5069012206470136,0.5263266784437858,0.5441962178076943,0.534146662603072,0.5035725360645829,0.6577535284992112,0.6583120578412494,0.569812184420912,0.5276996432565263,0.4987483272471702,0.4737113378111565,0.5201585525106133,0.4920390690357169,0.5637350371601481,0.5798627526870824,0.46065637399866516,0.5574522205652648,0.5142446781245216,0.5400575009664864,0.5550210740781788,0.4974826055199007,0.5778535384960642,0.4749627046291588,0.5782958778883874,0.5920356974287829,0.4931839233235321,0.4669730133312898,0.5397623896902075,0.5104977118607761,0.5230103296384608,0.6364549264387254,0.4455980601370198,0.5042315359172204,0.5548947016285264,0.5294567711751506,0.5950972408915074,0.45277312718703444,0.5177399691544526,0.5311414079612783,0.5180847043598421,0.62145432172086,0.49739230719959404,0.5886749261468336,0.46436013688498956,0.5790585249409543,0.4220880578007171,0.6090325775915445,0.46045154025962687,0.5028716285882716,0.5401155822876902,0.6746408593746352,0.5600325782589554,0.5532707103108688,0.6317648828120465,0.5037804290019217,0.5149016899332325,0.43200605437270945,0.5266536850472863,0.5034722192225849,0.557438785648167
