0,1,2,3,4,5,6,7,8,9,10,11,12,13,14,15,16,17,18,19,20,21,22,23,24,25,26,27,28,29,30,31,32,33,34,35,36,37,38,39,40,41,42,43,44,45,46,47,48,49,50,51,52,53,54,55,56,57,58,59,60,61,62,63,64,65,66,67,68,69,70,71,72,73,74,75,76,77,78,79,80,81,82,83,84,85,86,87,88,89,90,91,92,93,94,95,96,97,98,99,100,101,102,103,104,105,106,107,108,109,110,111,112,113,114,115,116,117,118,119,120,121,122,123,124,125,126,127,128,129,130,131,132,133,134,135,136,137,138,139,140,141,142,143,144,145,146,147,148,149,150,151,152,153,154,155,156,157,158,159,160,161,162,163
0.0,0.5901234227831205,0.521786549133194,0.5530543929089945,0.5209454403134358,0.5877802177505528,0.5371019211396814,0.5353705642509562,0.642987820314689,0.5066811968184877,0.5408885109836435,0.49303138679439856,0.6666985294869012,0.6470720862357938,0.5958795416341203,0.5877231638402279,0.6319761568767298,0.7628795086799538,0.5998713352921522,0.7302198137711389,0.6108569872454741,0.5913395196751686,0.543705275208542,0.5632846401965113,0.601250215710801,0.5151100400100096,0.5233588447867361,0.6101203425456302,0.47170150819449724,0.5721001340660181,0.5807598817182276,0.6299716233303017,0.5790432679088027,0.5181465886588309,0.6781784282106814,0.5610390230014208,0.6076647554262794,0.6490789784296402,0.4823408687728923,0.6191673877871959,0.5782936163140213,0.5526775239119496,0.6113758708737976,0.5706540160347333,0.5861360690076437,0.608332386988108,0.567803435546941,0.529476675472883,0.6188936548341469,0.6808744531367571,0.6489073298116439,0.6541657243305544,0.5382876216873025,0.5640970095959342,0.5256094757706178,0.5785881935811668,0.7296381481319305,0.5415404037012596,0.6077904781963696,0.6771815380965638,0.5474387056633686,0.5930843160211801,0.6193453121738263,0.530548840970852,0.6166202836815206,0.5843842955395391,0.5448931791033447,0.6327571411194728,0.5877025514921312,0.5827686341657881,0.6663057724699079,0.6548378609958018,0.5804899459630747,0.6410754512456138,0.6156622381007715,0.5762636816613436,0.5170215406963586,0.5221689657032806,0.5703454037385806,0.5260170913456054,0.5656005401129016,0.6389745455578724,0.6196716059451884,0.612643220602281,0.6061356135136615,0.669409471048875,0.5216981876182408,0.6403983845509105,0.6293033945860623,0.5174256616083216,0.6179370972485672,0.5666234431932431,0.6254416471704032,0.6275345813446992,0.6201583724037837,0.5298537959609985,0.5355971931457988,0.5460448814285372,0.5417202557167254,0.6165653332001276,0.5718880534454663,0.4681822826610353,0.5197402886241707,0.506695860488886,0.695085914326511,0.6238983166135772,0.5647615312726504,0.5631253195721916,0.5987850903624247,0.5387648350604989,0.5301542274606762,0.5618715958664743,0.6245248032644328,0.5290536491969289,0.6454879697519451,0.6542227005342045,0.6063700345200902,0.5386872634454161,0.5311944405741682,0.5634022876402598,0.6036303260056982,0.5149224316651632,0.593741596161541,0.6272906405447213,0.5929713564593623,0.5205085064918259,0.5702656476709138,0.5084430498263873,0.5359869445235544,0.6396291222723003,0.5833821643169349,0.6007232933346071,0.5636474147542784,0.5620867571068389,0.5348243066936081,0.5589687408261682,0.5976278995758718,0.6198683089486667,0.5718490200488967,0.5897543982115477,0.5604489480909934,0.5913204134787102,0.6403321229152745,0.5484425274994312,0.5445299036339327,0.5439597842574112,0.588973176379728,0.5331984296458739,0.5598902560102881,0.4670558056899825,0.6008185513833473,0.5669797201859863,0.5814695402871269,0.5217013542453772,0.5500864476198571,0.5937673365343127,0.6319595291406043,0.5672966159307352,0.6013582647356888,0.6168347961380766,0.5201420211331007,0.6542886988381693,0.5115373555721096,0.6105379305262275
0.5901234227831205,0.0,0.6064943166626705,0.5565375525785858,0.5147338933147694,0.6397036419956467,0.5714193239082748,0.5241335452778049,0.5561454867278195,0.6785680516125066,0.545877227536524,0.581703644235826,0.5956383697882016,0.5919737852852524,0.5980470274095746,0.5891161297086334,0.6123499161697504,0.5801327527929014,0.6536171212520699,0.6271663729214368,0.6488309740886297,0.6463341375038698,0.5549999293415393,0.6233677934838622,0.6892583745156762,0.48147821108133787,0.5110104306336359,0.5607372767396179,0.6265810182145364,0.540237447634171,0.5929670700578087,0.6195489106257375,0.6124789463528604,0.5250598798853228,0.6080812461667767,0.5996757852502667,0.5693172754047396,0.5963711928699508,0.5270948100986766,0.6214510379112537,0.6506250468194683,0.5612231022274295,0.5402714247093726,0.5937803212365971,0.577264125016744,0.552221833584341,0.560319352982718,0.5520586067075851,0.6178517783747111,0.5811120002690588,0.5801413756322626,0.5836876610413574,0.5094963337719671,0.6405500078226428,0.5757387015922496,0.6171132836320176,0.5992202804891328,0.545716859138788,0.6039889523203107,0.6154033999120557,0.5395837005575282,0.5227550681252972,0.519697948459061,0.5465486343669075,0.5340475597003483,0.5096073925513839,0.5275161016941169,0.5647346167205647,0.5189293990789797,0.5280133637389427,0.560508733507396,0.590885655830333,0.5072776244222074,0.5989961937138001,0.5826624335354229,0.5295380252834957,0.49910681230458004,0.5753803185423578,0.5152865342140039,0.5226186043651025,0.5906153575710105,0.5626880881129716,0.6804748603352949,0.5717260945084921,0.5529609396546841,0.650073748565905,0.48038259558626895,0.5336030653299272,0.5779443692808206,0.53715790110831,0.5355958121379997,0.590487164180322,0.6483575062247886,0.5481953546990179,0.5720678073575829,0.6364629360261403,0.5195782875498443,0.6069562661093121,0.5146140631915398,0.5718245134534247,0.5897532006931415,0.45302094142397487,0.49383495925309817,0.6317744188469739,0.5617021254649588,0.5681994346007823,0.5617247269479587,0.617750739731995,0.6072457273040022,0.6455081677114917,0.5628953728358944,0.5187159696338166,0.5573254415431323,0.5242324024025453,0.5387876528255247,0.5879221969080624,0.5953100839665781,0.5880916761625843,0.5906066210170156,0.5308128181643234,0.5515967298172653,0.4772585642419095,0.5629500210052756,0.6305499543229741,0.5518311535910679,0.6296635696751305,0.523560518584561,0.5227784123134767,0.6597466140636755,0.5965337282005531,0.6007538180804473,0.5816102924285262,0.49999156769293984,0.534113076582922,0.5749688552319893,0.5306444293782461,0.6154461084430107,0.592699342865867,0.6107640864996745,0.5953953069913578,0.5658922144943831,0.6221087057572277,0.6262498432160587,0.5645270508013676,0.5864124647087022,0.49890208333000224,0.5985861593427333,0.5914794222982521,0.7065380248472793,0.5128136149143673,0.529861791350445,0.6137673420529014,0.5669177118838139,0.61332496756531,0.6338906187140408,0.5671835752393223,0.5966589008535841,0.6151026137214065,0.5842135788537022,0.5349122797684951,0.5529292454604139,0.6085287360528666,0.5426385515597922,0.5449208646679546
0.521786549133194,0.6064943166626705,0.0,0.5238427165737076,0.5142506980616256,0.633511194648178,0.4950224916331031,0.5550745409171126,0.501716193059865,0.6396782528117567,0.5952448398957709,0.5672626935041474,0.6070010493397198,0.5304352824546911,0.5127874449235488,0.6856891598351011,0.609743327052659,0.5214007336807509,0.5615214156493759,0.5443336426125482,0.6080185778582767,0.6779519300982014,0.49627047085966086,0.5238716482325257,0.6074670827336284,0.48359891246725506,0.5144786097784001,0.5357276109369261,0.5847143293794426,0.5350370295737046,0.5153833049888289,0.6216816876485066,0.5344179888596096,0.48146341848205365,0.5103804249784833,0.5791378316919122,0.5556109407722097,0.5660206575058219,0.5039680808359831,0.5362820927089028,0.5337668638230724,0.5368620768372269,0.5387690513162378,0.5267322881295298,0.5601173871651581,0.4926806241802114,0.50126233422074,0.5682917464640059,0.5381351261678099,0.5473507888117941,0.5430908231409737,0.5248006187265896,0.4379936775697739,0.6024040336571075,0.5868957526018751,0.511911567233795,0.5252726681010967,0.6111614847600848,0.5225662435581818,0.5403594495598775,0.5545133127029399,0.4982916465687829,0.5263668959243532,0.5151819842825639,0.45752926561574714,0.4650454651367869,0.491889925467124,0.5423898891600468,0.5721713912892994,0.5588968983648288,0.5182534030192854,0.49094271759676583,0.4928703109510705,0.6013049733180219,0.5927657479005527,0.43964576641257463,0.5326363572354373,0.5469155475347417,0.4716318917292779,0.451966989758883,0.5104424780807736,0.5024401583498141,0.5738260653717098,0.5533759577130405,0.5024887151990168,0.5669303785428549,0.4993069252336399,0.5005056324016323,0.5102513903629957,0.4731913017254415,0.5351563496721645,0.49091104092052334,0.5938367630520339,0.460342217167903,0.5037582524883937,0.5756234323314846,0.49022140741887665,0.5209761620024838,0.45701142221123303,0.5063874615500024,0.4965544435234022,0.49398029961968726,0.4632056493526803,0.550583838035487,0.523427791527628,0.5454839947657849,0.5514273881728092,0.5657988750001552,0.5150917486504264,0.5541433695188084,0.522486308962636,0.4829468993799075,0.5249793486704113,0.5158927149886374,0.48175286497202247,0.5359340115302339,0.4834237190016632,0.5922279072088923,0.6006262053268113,0.49409608028057184,0.49965254768872974,0.4816481367024008,0.48924767655846235,0.529089591273885,0.455428524629998,0.5847421375070727,0.500030162309873,0.5448846158801013,0.6204978410651052,0.5255912907979454,0.5497261757286757,0.6256862260136778,0.47848091069627746,0.4740183813221741,0.5406193571657572,0.4479936512543441,0.5131939715997468,0.5019232384147315,0.5842468181914667,0.5279987681849557,0.49307694514313943,0.6044342019803465,0.5188947800477363,0.5483626888889664,0.5365819163477817,0.4766853085415133,0.5516304625754879,0.5151086240610447,0.638687604847937,0.5153098860249319,0.48045656571213036,0.4882655300933506,0.5601469071393692,0.5863852549667788,0.5649633579840216,0.5200711731877095,0.5351838438183213,0.5694779838081397,0.47575688849324094,0.5034750001106578,0.4722758236470052,0.4822863070824273,0.4678396820803788,0.49633921652168916
0.5530543929089945,0.5565375525785858,0.5238427165737076,0.0,0.5221098252278319,0.5643648528592935,0.5999766438490137,0.5622588885925289,0.5443239144853862,0.5137075836788694,0.5837477698579577,0.5763615833737197,0.5691675414493663,0.5702823793406819,0.5551059711576851,0.5699896999981598,0.5662493591334958,0.5271813056053251,0.5789300091003867,0.5347907505538311,0.6372918940771523,0.5623910817553198,0.5829530763133666,0.566257052947371,0.6168195874431153,0.6106690897789121,0.5646932773988705,0.5572323554023031,0.4838707141859846,0.5037519591454529,0.5768806032553905,0.5648639213207313,0.6430683270330249,0.5981045767435021,0.5816327398173616,0.6423660946219848,0.6206284479165037,0.6036142249688554,0.5472235681994015,0.6222836853761299,0.5865235517039319,0.5536999426640438,0.5406239824533364,0.610788739291819,0.6155919713854517,0.5184090542857843,0.47206584576834126,0.555207830827809,0.6101752967008898,0.5555152673548195,0.632250471720922,0.5839886607510124,0.43361171090988193,0.6610949169235097,0.6071214525825651,0.5581875925602275,0.5725342000010774,0.6080666432408457,0.53971904613129,0.5832192786664493,0.5685066103570011,0.5280425192972322,0.5213146328730599,0.5266120994167297,0.48562639590357204,0.4882892727630671,0.6316861933046225,0.5494103090931638,0.5078174349921221,0.5847484359435091,0.5719855913798808,0.5489861963131217,0.588043534724725,0.656285798170682,0.5328193464668534,0.4622699904075314,0.6059231936947405,0.5987488581820092,0.5261334501950793,0.4961571924357422,0.4970028240990489,0.6348917902944813,0.5537147781442937,0.5480780109530118,0.6305005970740495,0.6066002963847541,0.5755488843576116,0.5633478664696618,0.5401685745485793,0.5643003363726414,0.6263867683327137,0.6198055512051809,0.5680062592425568,0.4944643353186771,0.6215311193169962,0.5841355385355337,0.5019877486393174,0.6039446583524853,0.5445522890715228,0.6008455506339236,0.5875799254492378,0.5181540621978827,0.636910345193169,0.5478404027658791,0.5883781101258406,0.5557244016339784,0.5563997280527903,0.5670256435398444,0.5315174095714689,0.5484068956304262,0.6510254055667205,0.6135211899661087,0.6277482774654825,0.5903782040871007,0.5262367922888005,0.5745045219045,0.4986583806312362,0.514166434743576,0.5959059962385137,0.6148316983972776,0.5534895642145237,0.6073930043441118,0.5551456226073849,0.5941268155882752,0.523643882593138,0.5473903234855867,0.5825336808941209,0.5695177465509793,0.587094941786732,0.5481221421261021,0.5133008236010066,0.5732645821896561,0.5758745216190565,0.6104732792132151,0.5584296619201385,0.4438081062888843,0.479256649498149,0.5938988278103295,0.5934135875428613,0.5962044048203037,0.528156089917859,0.5837736405383821,0.6299989565876815,0.6209483439778798,0.6134058853535985,0.5694541594434018,0.5827766468001306,0.4943029528735864,0.5339370644673661,0.48485146787067973,0.6246025212450201,0.4906992127631331,0.5624865580080937,0.5257823627494096,0.6498421505214125,0.599725418454592,0.5650666517796552,0.6248513941057317,0.6266369245257397,0.6150928597199278,0.4623633655715241,0.5578967394743474,0.5630048175887086,0.5956028810032707
0.5209454403134358,0.5147338933147694,0.5142506980616256,0.5221098252278319,0.0,0.4805350411026358,0.5735684063504152,0.4461978762016922,0.5323140193323896,0.4685835084861426,0.5763962566062035,0.5344622450213282,0.4882627194964507,0.5287216336527781,0.506844876569216,0.5492008755857426,0.5458695045955895,0.4997908001623551,0.5031315347996674,0.5074266937011903,0.5786076509460086,0.5903410640522841,0.5613071278637162,0.5515720802749806,0.5307478252423533,0.5191154933596575,0.5219381578874257,0.48500736894851887,0.4836060927580387,0.5630552697283501,0.4972426716190333,0.5016824669965706,0.491050584361364,0.4866742247665692,0.5625817920526646,0.561091982204521,0.5274719109860432,0.5554661851125362,0.5062960741037227,0.554761722595058,0.5189749596402651,0.5873656203417034,0.4931916354015281,0.5654386145659521,0.4892599472328633,0.44731366090935465,0.48698451287666567,0.5307291620384326,0.5822347742008678,0.5369145079746647,0.5332199333466209,0.5118202158917968,0.4092330901366001,0.528195423087392,0.5216425780747556,0.5111755253833125,0.5195538714871081,0.5650442398382648,0.49641631032446676,0.5106321207093447,0.4357762939957709,0.4640339003193039,0.45745771652511985,0.5541092419168074,0.45588711133746235,0.4172623870319431,0.4897068034898126,0.504737675989703,0.4954200848005639,0.47956216615337804,0.510091269648031,0.5130510209625069,0.5152417547881609,0.534029599652564,0.4738445117782453,0.4118433827670091,0.5051392239575907,0.6276172320472195,0.4359273326239952,0.4599254126939502,0.4437541745314747,0.5365668300585197,0.5405119635914777,0.4524657761621471,0.5331657059535178,0.5273529547677152,0.4564985926430343,0.49283989192306327,0.4433330263287173,0.4897474582409827,0.6450892954932623,0.5262899397258778,0.5680681097049499,0.4389082381498849,0.552374060696103,0.5145967986703195,0.4204051103672879,0.5028165394597065,0.5569238576178449,0.4651933616938016,0.5099970651752319,0.4261028899664718,0.495872941114725,0.47570533793923186,0.498384527817052,0.4906885013431081,0.45806648847398795,0.5259086775855989,0.47922333176037224,0.5206623480070307,0.5548463259064617,0.5747012065939349,0.4878141325947784,0.5185096932573499,0.45030174562791464,0.5329297993011255,0.4433945593486922,0.5390955959891618,0.5190363889225422,0.5336496452068725,0.6512104668216566,0.455094634998937,0.5182654958806758,0.5180586808015113,0.5183765747357898,0.4706213503026243,0.5048413199074356,0.5054538589860169,0.5029428791059382,0.4982157284594346,0.5013956442845856,0.526191145271244,0.46488657604102107,0.5568323626860238,0.5013034491738247,0.4440001126487175,0.47292640085189613,0.5626887822708679,0.5335602274541549,0.5232640262362774,0.4271279240906492,0.5819302375704404,0.543737803155818,0.5639082649558126,0.5606141010721817,0.5297510124670314,0.5944545078849445,0.4365720537338009,0.5058609446226549,0.5018229324353487,0.4990442106865223,0.4481142749157768,0.5908916036361495,0.5291746748022534,0.525082307023639,0.49020974449562077,0.5029584967610686,0.5220071963121976,0.512525276168333,0.5176793019165071,0.4098954924757689,0.5088676219841608,0.49033140574171347,0.6240258215911739
0.5877802177505528,0.6397036419956467,0.633511194648178,0.5643648528592935,0.4805350411026358,0.0,0.5065560029885049,0.5964523457536453,0.5380573665337388,0.6014618403283097,0.5532371420453335,0.5567028781360038,0.6679173178184381,0.5386574699026553,0.5508989574914063,0.6399631693369934,0.6088173041357042,0.5578339352504683,0.6324241455156472,0.5806884806454454,0.6362466506132222,0.6000874052166918,0.49201110434425177,0.5448711821873705,0.6460788252228441,0.49789480466667724,0.48548416325089716,0.5614855986138312,0.5330337508269233,0.5397778744409905,0.5687076671034469,0.6650383856078859,0.6064136786420807,0.5087484570185649,0.534131436625546,0.5563449234039537,0.6030661316822992,0.5824946491214398,0.5059382954250282,0.5525818005798379,0.5758973668212479,0.5335401306406358,0.5704550953414746,0.5668193415188083,0.5829254566636981,0.5594716656960086,0.5295792623735869,0.5663679721688544,0.5453799103717205,0.55865232977055,0.598261555293109,0.6105867937748939,0.4852204538758162,0.6272615850389958,0.5652232146578484,0.5774256335168444,0.5891701140097642,0.5944859075687577,0.5303564340504432,0.5802183403517811,0.6316833906083179,0.5530430198830509,0.6022647581169535,0.47751741359953603,0.5080260992830333,0.5392062145347206,0.5226043540041105,0.6042699525593604,0.5246236876299868,0.5989353736332133,0.5851097967381066,0.5222006300169405,0.5094533881141001,0.6302140174510885,0.6374349018235169,0.5174512703821543,0.5327983939700316,0.5381090345153257,0.5405275080419554,0.5344913820466299,0.6208443371128151,0.554572515717165,0.6525571600676422,0.6425508573966137,0.5445810060910993,0.6266929049345618,0.5431556479452696,0.5297840310296588,0.6039819394719621,0.5160798525324102,0.5351659678389035,0.5344014865095472,0.590206068314077,0.5412257707858291,0.5347202469446011,0.6094372074099379,0.5538342050974905,0.5638376810898408,0.4672019479158058,0.5750841500637738,0.5338519234606904,0.5035970311159456,0.4902524591367267,0.5705014156532102,0.577034423548435,0.6009770197481321,0.6046310534341374,0.5709850903127696,0.5592137351127031,0.579928441004487,0.543529492605266,0.4931647775382124,0.6063563747204603,0.5207600990560993,0.5554196073299673,0.58576157451497,0.5679627809536745,0.5342861440942844,0.5940710478928087,0.5184787495713156,0.5031009817229959,0.5295523737480647,0.530486232723697,0.6257008141781566,0.49546418480381865,0.6285141313333302,0.5235468933465839,0.5411595561378526,0.6087028017941759,0.5545188134040896,0.5753484529107777,0.6642968968289943,0.531608054362753,0.5087656441612073,0.546235675837351,0.4895369874895927,0.5730826804667674,0.5197360475679335,0.5405475179602761,0.5722691586336097,0.5795473029536066,0.5872304931497728,0.5641938756011549,0.5337239158509126,0.5495757294892889,0.4825345085564212,0.5755595471432849,0.5947165237090875,0.61296877104161,0.48159712228360435,0.5378828318157655,0.5597848673322005,0.5233508012567173,0.535628784119181,0.617203756632762,0.5813109262462075,0.5907540851603335,0.6576786159256688,0.5236650205470114,0.5584089312232534,0.5307256982663983,0.5560121989948505,0.5058899401257635,0.5215232284822339
0.5371019211396814,0.5714193239082748,0.4950224916331031,0.5999766438490137,0.5735684063504152,0.5065560029885049,0.0,0.46212486721362134,0.5082518109383983,0.5259754964119163,0.5221500932380366,0.5617766329646284,0.5198557469986596,0.5638769956791827,0.562925676638478,0.5208014789536265,0.5336027120382187,0.5088513829939852,0.5347544423918572,0.5214635961350869,0.6073113865826828,0.5424364314305498,0.6449312409574499,0.6341530630971026,0.604277068773992,0.5608547867565467,0.5122656691698991,0.497399192672703,0.5007532001838212,0.49321867874959,0.555327734315454,0.5513740583202809,0.5595300168141493,0.6027645506666343,0.5943197092764196,0.5995688627414346,0.5804937052149961,0.5280994171811525,0.5213608212202637,0.663880554427708,0.5590691963520384,0.561495221631585,0.5125125078556437,0.6305030736680542,0.5590823261060601,0.5036672942576977,0.5290162486667208,0.5430225514910005,0.7072562321764845,0.5410007780557888,0.598509661412127,0.545833742412688,0.4306378758909547,0.5935845601677084,0.569294395589636,0.5905314661256009,0.5424247375108713,0.5122211918000192,0.5878246969796828,0.5630156698461544,0.4702200748709306,0.49870512212218066,0.4574741006213878,0.5550229364325411,0.4953067669782167,0.4624876872293432,0.5927657685235995,0.5538304233920295,0.4703834469245604,0.47457340657729374,0.5445615396921547,0.5687771545026741,0.5381417151388167,0.5887034937655852,0.46201787964289065,0.4754266908471531,0.5477480726620795,0.6772071820216979,0.46930324221564174,0.5044614889203058,0.4792493095701925,0.5815930117258954,0.5639435037262024,0.4650931155539134,0.5783963786387104,0.5419534572050345,0.4729708898508296,0.5544723338810194,0.5044493349696026,0.5513644919726499,0.5790947726568192,0.677936973089187,0.5725487473562029,0.4883504968858907,0.5989342854945999,0.5758586268609678,0.44797578568914365,0.6047688636080608,0.5783730009004939,0.5732385121425468,0.5900236067571186,0.4505273302604264,0.595497385139254,0.5348493290950191,0.519192774694373,0.5280644010504362,0.5074613190471832,0.5448430251426248,0.5572635377664651,0.6114932342187234,0.6816232329473717,0.5886934968117696,0.5597586293478124,0.5066433808140426,0.48303127428334164,0.5332996235084401,0.49691865551738396,0.548109806059977,0.5675367781612581,0.5434609268688764,0.5833407634208141,0.4739425325132951,0.5671919433858287,0.5998515677829215,0.5397976478244444,0.5230042208306352,0.5582532620151416,0.5348396408873624,0.5598029743557589,0.5439638011037722,0.4905373192261849,0.5019879355180438,0.48314374212639527,0.5453146276591347,0.5306181608346536,0.4654587991380931,0.4974997217893115,0.6426392720018191,0.565371682184018,0.5560755609527087,0.47730840428250093,0.5853353227232367,0.647352069522048,0.5665012229159568,0.6133293195208227,0.6227394762233609,0.5639247071183167,0.4842329511625871,0.5390425993588284,0.4596725040506671,0.543911199143635,0.4850879233556999,0.5273168546146766,0.6086094452214165,0.592844310658143,0.5452432125700563,0.5382325994767124,0.5896575952731955,0.61142141218875,0.585906431082238,0.46417646520463357,0.5580377060621925,0.5495633188174468,0.5683012713603374
0.5353705642509562,0.5241335452778049,0.5550745409171126,0.5622588885925289,0.4461978762016922,0.5964523457536453,0.46212486721362134,0.0,0.5461203591955219,0.5073632726562914,0.5390323856359102,0.541472262739547,0.6134900353130135,0.4942452388565289,0.5430237126999518,0.5990188632066002,0.5238401349493298,0.5181206980912918,0.56391147815288,0.5455869608226499,0.5600059020632787,0.5516605104003224,0.47252025566554784,0.49445561441481706,0.5733350274250291,0.51489112281136,0.5180628753050853,0.524640355191257,0.45177673106460564,0.5117108684160317,0.5962735763713671,0.5786993076734748,0.5745333478348623,0.5040855972918715,0.497070876872541,0.5545369104014224,0.6080048531656453,0.5844298797686492,0.5374882358752237,0.5029230438223993,0.520335107178929,0.4760380711566368,0.5901860391783493,0.5078333875680943,0.6526319076060974,0.5401018481867597,0.4523538973673076,0.5314510383583961,0.5047826332092608,0.5397776462594283,0.5649226501195929,0.5183891948910216,0.4279224539324154,0.5755970582848348,0.5622064111093585,0.49601656514242687,0.5469966715807357,0.6091320590325228,0.47631772852944454,0.557123514152964,0.7006119528918273,0.5312623911092904,0.5680310562036726,0.4571363849044429,0.4686996770078871,0.5119019770036657,0.5351247871986312,0.5558918909839462,0.5231064347241237,0.7471732897040649,0.5684713626160259,0.4907660198408065,0.48576000691113924,0.6023836327865139,0.5851820226398121,0.4584931327159081,0.5709005092189126,0.48891416742162236,0.5695789055934903,0.4456688365079775,0.4903045805047979,0.5600573842296518,0.5541997616968826,0.6175330216383653,0.5184703944270439,0.6094955507417585,0.6514851830311529,0.5340920918270933,0.5738507301290328,0.526809211016274,0.518833450206175,0.5017032724745981,0.530551690987098,0.482455190685899,0.49578331778943313,0.5579574596664112,0.5767492984430098,0.5078949774929884,0.4422748840553809,0.5415854845381218,0.5186450790472135,0.6335174185259235,0.4977562268809138,0.5199742980206117,0.5775194669866291,0.5780450002583915,0.586438695221834,0.5080704979750503,0.5015119132873526,0.49196428478238685,0.5029471574203811,0.4947394858936629,0.5454849634319014,0.5385205475844222,0.5261707378860724,0.5242502976225958,0.47459276978978826,0.5112118579736191,0.4901366324153502,0.49934255214315904,0.47758457036756286,0.6481297493940106,0.46772073427762456,0.5452627299918396,0.4501065041934842,0.5697941495395016,0.4952358050986237,0.6202769693540029,0.5293777588400951,0.5393532316459944,0.5165523203250054,0.603560555030258,0.5856125466809546,0.4973371587368526,0.5549708039716489,0.4355015227075551,0.506579280776685,0.4996816031554441,0.5581921060507378,0.6009837067221027,0.5313667377690908,0.5234606959207554,0.5164801982330826,0.5278158021921827,0.5251989499119478,0.47752563757702243,0.5669748341002371,0.5136267942004057,0.535644870955258,0.4463187651769198,0.5796150707789979,0.46949916070230996,0.518720560352867,0.4947751974646013,0.5722898378843664,0.6289788276229884,0.5481164613455975,0.5732359449027631,0.48082122863422416,0.5149354807221027,0.45056227143745037,0.4828262333357816,0.48403951178923166,0.4949793734608005
0.642987820314689,0.5561454867278195,0.501716193059865,0.5443239144853862,0.5323140193323896,0.5380573665337388,0.5082518109383983,0.5461203591955219,0.0,0.48141798974934835,0.550108579075831,0.5090080560662599,0.5615880429492222,0.589518565571413,0.5428882519804912,0.5567209980477191,0.559682852445237,0.5984250324817191,0.5519356222188327,0.6108465308156196,0.5653662107735988,0.59862777243011,0.5318220634127045,0.5173255459729885,0.5699747240486318,0.4925750806671502,0.5714345774192373,0.5549535895215394,0.45193043496856794,0.6152862824488142,0.5753893788044177,0.5406009271284669,0.530608911317047,0.48871478841598087,0.618897854492305,0.5489731193976272,0.5715628080460583,0.6565425853173757,0.49861064842980796,0.543391492881968,0.5294009469098547,0.5948829642197194,0.5251844072163983,0.524755285492818,0.5459302854363309,0.5064126701113925,0.4829404684056647,0.4946747842436381,0.559941114370462,0.5788459867793967,0.5546325371941078,0.5382847713369995,0.4627154428720893,0.5255948267546522,0.5005887871107316,0.5779777462521747,0.5957966777469675,0.5753369161996368,0.516554260653347,0.5754954291381468,0.5132969262489178,0.5227776318094948,0.5172161584261316,0.5263228855819349,0.5135275601324536,0.4809946964435015,0.5320768476639695,0.548620325450243,0.5444267525555849,0.6038924685788257,0.5821830096856083,0.5677476052126933,0.56047210764587,0.5660757840522864,0.5761843099037325,0.4724776023581495,0.5019395053415278,0.5167278031330962,0.5046633348657725,0.4730403292750872,0.48856927799769256,0.6405543395990202,0.5977014650099073,0.5468325234039493,0.573513776068661,0.6541185153680358,0.5394109948896344,0.5547167422923379,0.5352048266449267,0.5650128462004409,0.6160089038706181,0.5594886334358274,0.5554418205013789,0.5035382558466237,0.5978264810070064,0.5297806679187405,0.4989905461989686,0.5261536013475574,0.5535125137537588,0.5247237612522829,0.5490873228719425,0.46163484140604344,0.5008272819204053,0.48904851440480335,0.605210249156403,0.5365071427188679,0.49709613223515586,0.5568808130304004,0.5008362926394587,0.5035172703945414,0.5059974227497247,0.5705476966761355,0.5532870335571963,0.5978698605888172,0.5189031771256847,0.6037400759482291,0.5034045133802502,0.5108241960784293,0.481595563581866,0.6114618839802924,0.5878582715000559,0.533238872498731,0.538356859022327,0.5498164669964292,0.5832430702635568,0.48279091598944057,0.538047178114595,0.5151179225267879,0.49513753818600087,0.550035355729898,0.6359654509443191,0.583379105248645,0.5745658235856869,0.634250123424337,0.526800449862259,0.47655251437863755,0.5197622916159975,0.5547913651600028,0.5483879482902281,0.5907450424257682,0.4900658699954969,0.5797077315073752,0.606461549397659,0.5825658879017199,0.542189330522196,0.5165730561775701,0.6424019491490038,0.4774936157509439,0.5282219137218561,0.49267304955766256,0.5855948453890674,0.5011148211570421,0.606117284624667,0.49868051109586603,0.5413265763368028,0.5839509035769475,0.571432517208305,0.5396416715219694,0.5475692753853134,0.5404932183102534,0.44612739588158024,0.5922486035531098,0.532024146637024,0.6401304651394009
0.5066811968184877,0.6785680516125066,0.6396782528117567,0.5137075836788694,0.4685835084861426,0.6014618403283097,0.5259754964119163,0.5073632726562914,0.48141798974934835,0.0,0.522272235534217,0.5624085257254925,0.5638897799670752,0.5367929666319712,0.5096039234118769,0.579473398804334,0.5713862425218086,0.5116107603402136,0.5739476552131915,0.5367566197431755,0.5743849539332134,0.5787852584742613,0.5244089488229016,0.5273167663325071,0.656532694671414,0.45439611497242327,0.49712138634797076,0.5304363121503402,0.6658619340002024,0.5004771099480052,0.5232743086277263,0.6173482185055632,0.5342266832980165,0.5042902257844252,0.5179205628144496,0.5624139996187221,0.5295313907916666,0.5306365498045745,0.4849584860974242,0.5464996271798048,0.5424371523871413,0.5223584508129956,0.5040719899828239,0.5232783860186455,0.5453286568701308,0.49829513453706514,0.5148590644789577,0.5249697542042546,0.5650255060324494,0.5151120252945446,0.5226349724364235,0.5068089448579071,0.45257782410109887,0.5802138754559317,0.571742260894582,0.5460193902461151,0.5121730244749599,0.5265660219814996,0.5628823053884007,0.5398158736853629,0.5180531605695854,0.48634201984453873,0.47771994532628276,0.5210344556543499,0.46296488359329635,0.46518438945933543,0.49175626414357354,0.5165841380347899,0.5167757540496865,0.5030849927990222,0.48994271840166326,0.5129270561931638,0.4765898134319072,0.5595076853442571,0.5435306889822389,0.4780838890455992,0.49123454413693096,0.5428823926380205,0.4652032382040084,0.46961907716235335,0.5312793489859978,0.4853587229965538,0.5711786632907524,0.5289939239683817,0.5004507632490516,0.5478981207686046,0.46296837117018963,0.5001479382939611,0.5376875939082829,0.47737030595466373,0.49032645092780286,0.5252272356512936,0.5813093981635746,0.4750755212886286,0.5042401252672001,0.5985385442593402,0.4729722687657512,0.5666850513966021,0.46534805094442855,0.5278962835586302,0.5204576370430667,0.4553693517704142,0.47056150294490723,0.6242666557545197,0.5038987966642265,0.5218103714117415,0.5397373766219831,0.5893832539973533,0.540788053266129,0.5848542168884955,0.5272064867197945,0.4710038761236778,0.5180954052919138,0.5016383727056509,0.4776144965135817,0.512739007571319,0.5314670418839658,0.5934649764803883,0.5975187882738833,0.4915544471257321,0.4746426775996162,0.45382133779912487,0.5005166302783924,0.5395627265175994,0.4693553827198339,0.6117193788231392,0.49236199982775175,0.500579882291235,0.6703933796983955,0.5249980788736611,0.5554394247247288,0.5400326786624094,0.4607697423823421,0.46093012940198164,0.5207252774392253,0.4572782223143557,0.5309766423723091,0.5071528082308177,0.5760917231446756,0.5264380818381909,0.5154598793139104,0.5920654772601678,0.5379054559093664,0.5282335512429951,0.5378367948581649,0.47706737493426116,0.5083126128934009,0.5488363227474866,0.7175706621013215,0.507075721839861,0.46952528480110894,0.5392155405901914,0.5112894465338574,0.6061741853049988,0.5846950398143091,0.5078390417202038,0.5229695681325164,0.5654205273114721,0.5008255648852326,0.5022610701555027,0.5216050366152648,0.5131730554048729,0.4956499326140055,0.4697401570475406
0.5408885109836435,0.545877227536524,0.5952448398957709,0.5837477698579577,0.5763962566062035,0.5532371420453335,0.5221500932380366,0.5390323856359102,0.550108579075831,0.522272235534217,0.0,0.5987099816083243,0.570130395240434,0.5474654487744568,0.5045215519166034,0.6763517613027576,0.591658574634326,0.5119301402723768,0.56406725931387,0.5523336297302547,0.6004778792489563,0.6740643900497808,0.5499148417392022,0.5406493776313124,0.6112580882332578,0.5268488498788803,0.5998561478944345,0.5743780216260049,0.5327079393707146,0.5701347653289257,0.5319377268038599,0.5636297115463584,0.5170378436154719,0.5193633860830266,0.5669570906252327,0.5934694932711677,0.6090830383155161,0.6174136029369434,0.5532280218105178,0.5450629228624425,0.5098936189420133,0.5794977619953846,0.5183291878235146,0.5617096163001446,0.5549096419436382,0.4556736256994262,0.4382586817795755,0.6147874104921952,0.5882322633132917,0.532701290807867,0.5410872510751815,0.5027437743810271,0.40332253690394,0.5905678157861562,0.6179780211725554,0.5010976431709409,0.5344192738764285,0.688500405925116,0.4973979451356724,0.5237587806343817,0.5393082135267485,0.4647097098853853,0.4909110318416703,0.5428593319928423,0.44005240039956406,0.4354847726957853,0.5319795469299603,0.5104418220590617,0.5511589861864544,0.6008998848433058,0.5138263680902844,0.5043085232190672,0.5524435636473375,0.5915164488441262,0.5539115883952742,0.4176891690254014,0.5816898937198285,0.5772224355753499,0.4595068955980595,0.45788823123412004,0.45546842130117404,0.5317140013954098,0.5404739289692176,0.5270741156848241,0.5383774117516616,0.566212874182504,0.5654196073611486,0.5023901349609071,0.4763474423535788,0.5044943680276813,0.6071803554118433,0.5014599741304528,0.5801767512345029,0.44985349334250524,0.539136644177196,0.5626199094138243,0.45846000304901724,0.5115991585101664,0.5021495586085727,0.4855298860331872,0.5445408147246901,0.5001164882011904,0.49320162292381403,0.5036230258913734,0.5278744039022718,0.5022269426051578,0.4954237541610917,0.5776543837952208,0.46614378337602713,0.5444611741934883,0.5793865135729626,0.5488408982886922,0.5408538827925966,0.6011808947089932,0.46457467457375123,0.54426440728941,0.4524777138765214,0.6024596002447047,0.5691254130907877,0.5514283780287123,0.5585562817087009,0.5072021934810028,0.5236140809893483,0.5200712006528321,0.5042056949530135,0.5313874574046447,0.49546265611313145,0.5552484731318983,0.5639550840033423,0.5010548791772685,0.5311258276116111,0.590022849022271,0.5592008361480223,0.5658102449152855,0.5805917562037836,0.42672187452067506,0.48154683066106324,0.5274818213006811,0.6138335365567984,0.5486441546267903,0.4657705855036725,0.6298664058262607,0.529111188017167,0.5936851246315594,0.593247867985872,0.5044086028943866,0.5739120421857853,0.44933961388966237,0.5605323739922958,0.5395281874176185,0.551835066635127,0.45636185229021237,0.6568992736335553,0.5028367078770695,0.5656187569671915,0.5485852319058901,0.5989387574801077,0.5513810932334953,0.5289709182893333,0.5437243118382433,0.41378009038259794,0.5100989979128095,0.4816409642124704,0.6150977608947762
0.49303138679439856,0.581703644235826,0.5672626935041474,0.5763615833737197,0.5344622450213282,0.5567028781360038,0.5617766329646284,0.541472262739547,0.5090080560662599,0.5624085257254925,0.5987099816083243,0.0,0.5147426424808639,0.4810328555810581,0.5371457420585855,0.5864708259365321,0.5251521887748982,0.46464482277103175,0.606630131304611,0.5209192622413074,0.6231847534667954,0.5846943758272968,0.5595112067395288,0.5989341792304204,0.662642974195203,0.5229067967652293,0.5139114477215265,0.4996496028786982,0.5452851041610864,0.5246529633971645,0.5995483195198313,0.5459205612048551,0.5462581976299486,0.5844441584313378,0.5296931249822687,0.6102672784272195,0.5906079887651013,0.5470164390937664,0.6396052636655161,0.5328254204153583,0.5480412137700963,0.5360263765582581,0.5185667468182485,0.601001469451349,0.5842746377076853,0.4698973922385206,0.45817310385885907,0.6090056897407368,0.5821357193609811,0.5031092112482606,0.5358581591791943,0.5007821593539274,0.39433557564905714,0.6286209748535665,0.6356341645107992,0.5306791436648104,0.5114246020869323,0.6288843605964836,0.4827310955363832,0.514025223797643,0.5162035543328846,0.45487374480723397,0.45957877031726063,0.5102229313707622,0.43713047080703205,0.4335033032320744,0.5266337542974331,0.5022745646440052,0.4621231034499921,0.5340045675514342,0.5036128248158163,0.4875073081526623,0.47833968482844835,0.5556404439786796,0.49141416281770167,0.42579781433674696,0.5501707384714598,0.614447408031077,0.4756665231962871,0.4628951338558181,0.4636686192622778,0.5323128754137965,0.5691487243552601,0.49083233224358097,0.523649427787848,0.56514779221211,0.5297140570117063,0.4795382662359621,0.48329622170144787,0.5560426096863156,0.5276691418480723,0.5586034806937612,0.5567378620006777,0.4457385619362162,0.5022647553736012,0.6686156327217929,0.46629437450702127,0.5841451943038823,0.4825339032217448,0.4935912739476893,0.5523343523898897,0.5062071572839534,0.5184559251773161,0.6097480890036904,0.4933914933575787,0.5109510715976324,0.5107069941823834,0.5688543137486651,0.4860904583076067,0.6131973068819948,0.644791006477982,0.5291833753080436,0.5041315765184089,0.5341885356931785,0.45187870227081667,0.5048118158615164,0.4610355915349175,0.5970399478122207,0.557334559227451,0.5006002755783869,0.5186864564300139,0.501641331610772,0.5101065276112676,0.5532859030476661,0.4777821710446614,0.6072957831596042,0.47436811997967204,0.6115929074616985,0.6116036639280409,0.4936771268856765,0.5054557843245758,0.5386307892962454,0.49671035426071347,0.531130600749109,0.6109023387457608,0.42440315205138107,0.5131700084000227,0.5330168013491076,0.5969160101015247,0.5954587344641025,0.4695444553713346,0.5728345230788643,0.5333110279486877,0.561573877424886,0.6279294723803496,0.5138180410690445,0.6087756647009753,0.476120160521235,0.6071306178101047,0.501055633842375,0.5516259041968968,0.4631646477234848,0.5513585280466105,0.5506337637504086,0.6853836525624473,0.5634169200830035,0.5366998531064247,0.6097992380594065,0.5064688210211861,0.500590774699446,0.4238828793123988,0.5002526159015594,0.5156280143982941,0.5385893110286036
