0,1,2,3,4,5,6,7,8,9,10,11,12,13,14,15,16,17,18,19,20,21,22,23,24,25,26,27,28,29,30,31,32,33,34,35,36,37,38,39,40,41,42,43,44,45,46,47,48,49,50,51,52,53,54,55,56,57,58,59,60,61,62,63,64,65,66,67,68,69,70,71,72,73,74,75,76,77,78,79,80,81,82,83,84,85,86,87,88,89,90,91,92,93,94,95,96,97,98,99,100,101,102,103,104,105,106,107,108,109,110,111,112,113,114,115,116,117,118,119,120,121,122,123,124,125,126,127,128,129,130,131,132,133,134,135,136,137,138,139,140,141,142,143,144,145,146,147,148,149,150,151,152,153,154,155,156,157,158,159,160,161,162,163
0.0,0.31312712475489907,0.32592524688338403,0.2612213578481255,0.27134904255651654,0.27652729277792265,0.25475589415423183,0.2718382370475504,0.3286521447228203,0.3291393098520361,0.3382004380566772,0.27032539983007753,0.3822431975057153,0.26247642265181065,0.30240935048465484,0.30539375371158767,0.32619296601337294,0.43966049810024294,0.2989163220717924,0.40159959028603254,0.3285859966374191,0.35537106659745205,0.30156837919013896,0.2918565717479461,0.37495364708208406,0.25402543103841213,0.2636573012480574,0.31610446150964117,0.26160957773814425,0.26404335460355904,0.29497038565038913,0.337051235236671,0.266676671043645,0.26582176444814104,0.3635970265765811,0.3062730767931425,0.3738469371455779,0.32489016594615405,0.23211661675259643,0.3552204942183489,0.2726081663359782,0.31398125878112354,0.3227142523747443,0.3182933424778991,0.3091790579822243,0.34964832298159976,0.24916217788100528,0.332912082638926,0.3809369545427999,0.363450444058425,0.34310617376785685,0.3066632539276222,0.2586492515453978,0.3019205239026817,0.3181101452735358,0.2968124607359692,0.4045289867824265,0.2707386051094814,0.2747615929685957,0.3283602016856864,0.26920036574504763,0.22810105078880286,0.3245415108248358,0.23887668591521027,0.29785954752220273,0.31629195547559513,0.2902313334610534,0.293211307822281,0.27675785771882133,0.2917307503817846,0.40873867596134983,0.29973560623116213,0.3021926979060195,0.3231816815616042,0.3028293402662457,0.3035571631238234,0.24069011022499306,0.2612864810479247,0.273039663408972,0.20478733510139882,0.28183989690406064,0.3604773735562169,0.29661830319561167,0.27882387832161365,0.3409278308104414,0.350977203289422,0.28813839019099324,0.2947476254277275,0.31296654378207434,0.26138961960656787,0.35329577568875553,0.2755396173537872,0.38594844520620963,0.3225406485924347,0.3461615871260754,0.28546320287113075,0.22109271999216507,0.2706162450206179,0.23379692793562448,0.29978243269776755,0.2612157409764696,0.24127343746388824,0.2466228152511278,0.24772522319962356,0.3719741997692468,0.30930063812590075,0.2898432275996348,0.3059648831914305,0.3298017589581278,0.30534996628677025,0.2964139470516972,0.3683007933889221,0.31125715382337754,0.24422181338564908,0.32516080348760795,0.30798950025173305,0.29796789688437203,0.35190732552774734,0.2600476871022516,0.2436623704797858,0.28267968323065246,0.2180300379010102,0.31053553775158554,0.34517683132193483,0.27135695377146496,0.2770353058994665,0.22311998873988054,0.233103058296871,0.28437192575078646,0.37732821294555063,0.25258588596937814,0.2799668434392084,0.22501545234690995,0.2824299415726111,0.29586536315031986,0.27726969837231197,0.28332731573554093,0.3447288573047092,0.35720875684927605,0.3067180180532819,0.25326439195778677,0.2889912678393932,0.3304347847059612,0.31938061197043777,0.32733982126480704,0.2669145415557425,0.2961432649984718,0.24410941830549474,0.38890479986287074,0.17380722720413663,0.3410240642678551,0.26125139478813103,0.32811429058846364,0.24555606164285523,0.28871593183245464,0.31768236906537556,0.30543346827513823,0.2819217496420503,0.28556057021596354,0.3076485255537745,0.2610515479523848,0.30753186270255156,0.216939253088245,0.3711470980408308
0.31312712475489907,0.0,0.2685263593865177,0.2724794601061074,0.22292708901301903,0.354397698082335,0.25423723616167293,0.31094080024164217,0.2951903538157188,0.3545508916089593,0.27962157885366024,0.3158955498705671,0.2745539446492477,0.27910344448761937,0.27695350518391015,0.26273062140000947,0.2970886017742265,0.2702564812774815,0.32132403616663996,0.312750596441194,0.30544112925723066,0.2973152362437271,0.2862631148025576,0.2922198337332224,0.330067591481555,0.22739059470196682,0.24311473096532923,0.30262318019360784,0.40350818364740476,0.24691047763003746,0.32835048508859244,0.29226876461608037,0.33247691828600817,0.2678535770834821,0.30907554240781204,0.28696835976164575,0.27103203559596334,0.31810694989742927,0.2547531453155937,0.324898757739304,0.35012972460137476,0.30334142291774335,0.21420990312046345,0.2671405924981897,0.29911196364830994,0.2705927320398045,0.2564496321592359,0.23580031529935894,0.29726350625791614,0.27828753477979085,0.2950546101031792,0.31397955617609424,0.34198023031883323,0.318182648925627,0.3018869901042569,0.3893815234046542,0.3426332183744406,0.2651631716707697,0.2631036274331054,0.32314033683176674,0.2970551221984057,0.21358901451431975,0.26876316670350675,0.21570709394039286,0.25313780767939914,0.2522669421829163,0.25635362432520603,0.2339525101072643,0.20766031398538792,0.2760837196309682,0.2850184331351637,0.28837999429565253,0.25186242376408374,0.280647381109431,0.32012891426092227,0.30660646397488056,0.21786241556918143,0.29919724364967903,0.2670610731284985,0.252730791340553,0.3026947207648449,0.3039765349127168,0.3415258640301924,0.2763189126075833,0.3152895764078476,0.41392596549088534,0.2552356730065043,0.2329409356952543,0.28836727951782787,0.3276696688931252,0.25406529305179515,0.2984673530057099,0.32631457533027775,0.3568345357319608,0.33667520255731126,0.3186357819892553,0.26649826110716845,0.31291649786014997,0.2335476494181593,0.294697044669064,0.278848910979139,0.20125430722880178,0.2048839983463886,0.26417505930928825,0.29724493738953706,0.2616962047361817,0.2479876252535917,0.34505745618174893,0.29882982949614434,0.32099673540627743,0.27117865582834383,0.2844746908055727,0.29005567544514627,0.24940954804298426,0.33580136890814477,0.40493296141862783,0.3572569504717099,0.22740411987508752,0.2537476782442992,0.2674676257594273,0.2826999842034362,0.2551280841559754,0.3302518293273182,0.3692038977415085,0.31913961137086594,0.3404299539633524,0.24818662142371092,0.24556517722841584,0.337345985264534,0.273577693013142,0.31960720617184135,0.28049582339682416,0.24608503797407386,0.35793244576963373,0.2637252746353277,0.2605824980109893,0.27289912301797936,0.30894755310977073,0.2686075453144907,0.27116403339013584,0.25615065514276963,0.2845063606806654,0.3896995376329507,0.29157706663337896,0.31485016498490787,0.2285845924469181,0.3250840691679747,0.2611943698160688,0.3769372164118726,0.19616694231963058,0.2918176636841539,0.33254182954018663,0.25903499004522873,0.24646001999742928,0.28828199385139064,0.28689967905492586,0.3033814535050534,0.3025219018352718,0.2948677100080631,0.2812679848676407,0.2693454500815718,0.40651890661880874,0.2554784420197149,0.30603480135279665
0.32592524688338403,0.2685263593865177,0.0,0.2851142813182464,0.28048191205107303,0.30252811508072586,0.24083074924887962,0.2784925677000952,0.25745651207467846,0.33965628263630643,0.3341533745154995,0.2660373088859636,0.35961252699834095,0.2307300139956273,0.2672213766519717,0.39405909410408607,0.3804686596885667,0.31895994315717535,0.2547635670508859,0.25142480207594414,0.38295648321732784,0.39964920596896447,0.2681233196547075,0.2834518249763231,0.30080944609056753,0.2901280607642617,0.26370615640704514,0.29841759107035315,0.23356355826506517,0.27750158085537985,0.22894093813380645,0.3290055774579665,0.2363596956728368,0.24308306975995275,0.231213219612803,0.25049049598301476,0.3154761252133489,0.2664057637311052,0.22540817708365438,0.3422300264372052,0.2313410762335033,0.3613658127481928,0.28344489520659244,0.25360972172374996,0.2879455316009688,0.29833675142369476,0.24248816029006437,0.2892213312554591,0.294533091204879,0.280313394643431,0.347245601786572,0.3095438468727654,0.21534947348180475,0.30404221139863596,0.2779252710430139,0.2568145322098416,0.2982628117229056,0.3069628164114532,0.2462583525164334,0.2702543951389316,0.26856286671631857,0.22003686627181843,0.3287729882570458,0.19199555838018917,0.24693604374797645,0.29542274592936085,0.2729235102147804,0.31374163702352514,0.27026011352688495,0.2928063089128793,0.33877483034673567,0.21761142973912204,0.2737134789155129,0.45667819110474145,0.31689984201777815,0.21888388752467317,0.3098149098217462,0.28572423886061743,0.2273748674677246,0.21007428250315174,0.26665536717027544,0.3165086325600072,0.3024386448379161,0.2428784118984099,0.2948706033690052,0.29884381868679427,0.2439630780146725,0.23270132282918787,0.27104306217585683,0.22522295520429153,0.3285615109872637,0.21581646964931336,0.2906246977769553,0.23618256266543575,0.3045931134404946,0.23544075541704476,0.20100393351615656,0.24199986040350224,0.18991130097468112,0.27585301139489027,0.19436027810457415,0.26328738340538166,0.2144024224325276,0.21815131015498257,0.28251470750628893,0.34227140663489214,0.3024711421546533,0.2755188355323496,0.28520971346913465,0.32318826267516093,0.2880664333792222,0.26153432415933503,0.28491461370641097,0.2424448732097195,0.2483038687026274,0.3451447016432986,0.23390106126260143,0.29390864911851117,0.27682555033073336,0.2321664598771538,0.2584769999048573,0.21460923874574223,0.24480461641152512,0.3162293064122252,0.19507908429617166,0.26339470472351323,0.23417609604218467,0.25164375675536377,0.2662855251371506,0.26428587197903414,0.24866361170240672,0.3997180208167412,0.2043780922467162,0.21780436582228876,0.25426376242803655,0.20667852918082205,0.21106244797965815,0.2485968192850712,0.2902771275274533,0.25537083327591836,0.20613655905192652,0.26081249440839366,0.2968497158367528,0.2818982202280132,0.2603399585617364,0.20647572374697118,0.29951386594237667,0.2566412638802437,0.30016850708374965,0.16973666358756864,0.2385747861418123,0.20146690529811928,0.2714890466070155,0.27769341002819364,0.27696450303972164,0.2687750888574582,0.3254524365737862,0.3364870367326524,0.19957096985653042,0.30779757145868164,0.2586028748464914,0.21162606554649913,0.22157520249801654,0.30962660077220494
0.2612213578481255,0.2724794601061074,0.2851142813182464,0.0,0.21419504110914694,0.28008250243174104,0.2649039023249573,0.26685382993449713,0.23176043554251752,0.29651329324948217,0.2864319091440515,0.29898109916323723,0.25331263909515545,0.2097880004800884,0.27794965916119346,0.24807720412640266,0.26410937823783703,0.2545304808031671,0.29073501703096755,0.23183888787171586,0.3144100116400487,0.2696143097298315,0.2703269278796676,0.22932324723707664,0.32045430190116414,0.25353372315575823,0.2598596050023741,0.26771940349064793,0.2371244767033521,0.19985193924489117,0.2527647474811319,0.2567853021978824,0.3762211303886007,0.26515763790198504,0.2388210602256354,0.28095091873777694,0.26950704086698596,0.25072600007550094,0.23916780562405043,0.29301811832205493,0.2629335570631295,0.26956259007042027,0.2314436718182423,0.28413433070721206,0.26402654936509307,0.2769045784116823,0.18055373846125755,0.256309217789031,0.2685119112673117,0.244214960172624,0.32532185315683476,0.30982491920179595,0.23211886749621988,0.3817909568543237,0.30745547907248344,0.2504246936858384,0.28869988821380116,0.28247987791435486,0.23202131800812287,0.26677385349419885,0.28825389488499836,0.21252117858342,0.2919683529441206,0.1859715496657063,0.24846469485718456,0.2840078203037915,0.29777320399194285,0.2183987329724044,0.22899898707238184,0.26089870213443556,0.27065039766836263,0.21947853081658925,0.25327844613206996,0.344779831607316,0.2701253404840923,0.22133894010228347,0.2755979151508145,0.2628278015968895,0.23691529730080332,0.1786560661005393,0.2394198943246306,0.3588763893264186,0.2350955910976171,0.23012852770777767,0.3336001376235162,0.26139413748691237,0.2814704403615484,0.2447037446164672,0.2642981157790657,0.23672027517807231,0.2827533743622429,0.26534206356313467,0.25838179991283317,0.24431628490105514,0.3101590946279297,0.280937910549713,0.21629472009567852,0.29250681138765233,0.19999187323523973,0.26258419814037404,0.21543108590071097,0.25430409234070495,0.30031321440922093,0.28423368965585155,0.27607322948765844,0.25154225570694777,0.277884087607958,0.2548826129533708,0.24681730760410184,0.2571105871175035,0.3249167161324128,0.2790190153370784,0.30514422455878304,0.2531012141725642,0.26506536948109655,0.24646467274329875,0.2558030532005017,0.23096104206810325,0.29338815010041003,0.2558132060507428,0.22349484189466517,0.28052971657583803,0.24645488781340757,0.2743585127234579,0.20688871073582848,0.26875320509994405,0.23429815514842484,0.22793880102181086,0.30328960272772243,0.26233749982959503,0.21014503083377567,0.27601443915959095,0.22674085794292134,0.25848107870959686,0.26732315227479797,0.19663096437033434,0.1760480317238177,0.2529824633679593,0.28958365923468116,0.26122423200057304,0.31727163563660526,0.23238367017428413,0.31680846911543337,0.2929002239397169,0.2586685955401593,0.22740263802172794,0.2646181485109807,0.22676417368061236,0.2694051942472257,0.16224318302519192,0.28922611661753156,0.24693099796000742,0.2629417515900309,0.2207667216087888,0.3169377206032069,0.26565215101967166,0.253845462449723,0.28034881040920245,0.3053682780808795,0.2641635685973666,0.25078902537123177,0.23407834953541198,0.2458770057522725,0.2539523278424235
0.27134904255651654,0.22292708901301903,0.28048191205107303,0.21419504110914694,0.0,0.19334469451603528,0.27579882622766,0.18328882599879232,0.22722868929839016,0.2614886274781011,0.27994907871736163,0.22433961244318934,0.2111355330052939,0.20724830853982038,0.26075092428149516,0.2403791797539165,0.24897387069589427,0.27433256759059044,0.2091852759743816,0.20910329795284713,0.2681998364912189,0.28573948502217206,0.28907551055480135,0.2584813846436884,0.2495528765898024,0.23037573946085002,0.21974616109333048,0.20480768967690485,0.221717832762804,0.2406514833562554,0.2261842134827839,0.2098477615843863,0.19669022633919447,0.20092296374266935,0.27584004284649444,0.23978909886381627,0.24237330766635204,0.21771023182140375,0.21965877585387208,0.2601832264174353,0.22370351219971146,0.3017268134118679,0.24356777792455367,0.2712456990498549,0.19731494306972006,0.21181433173519856,0.22984486548541713,0.28342176893699583,0.290689151977858,0.23649606059661477,0.25763831026173023,0.22731485373294294,0.19840335466178638,0.2289923802892077,0.24692189166632864,0.21533470513029332,0.22415207692521286,0.2514188555804388,0.21448404757640113,0.2110104669677397,0.17204815227553072,0.17623409934243023,0.2221072627720858,0.21003525681251575,0.23822426403911803,0.1874762239715723,0.20185679141700594,0.22739364993241096,0.20599286605870148,0.21813653226439206,0.25214208824734413,0.22168689351108167,0.20669132567005846,0.23313910589704984,0.19137781358651187,0.19550153927793115,0.21144614851426524,0.3315271033562495,0.1806801911498347,0.18301165821128584,0.21675421593182373,0.26666697273781464,0.24537362780705407,0.16944835903337,0.23384817576412678,0.20713031577781124,0.19824807441814682,0.20669310880930933,0.19068989401980654,0.18838692247535396,0.3383869706629799,0.23758409318854926,0.2971986996072346,0.1903400386061112,0.2626407136628388,0.21344588028004655,0.15617265170992342,0.208095979818788,0.21655325136597234,0.1905259464487613,0.19319333154457935,0.19332398462493242,0.21047541295261168,0.20579561125270107,0.21957446561449126,0.21589917615321946,0.19245943850815034,0.238011919473633,0.25085615765244373,0.24701720889927017,0.2518694709490804,0.27293609533079977,0.20220631582443888,0.20813483890103232,0.20022477144073117,0.2311782946834847,0.19953137033180995,0.27612868253719125,0.21156207297529336,0.22039067833212111,0.3025135355416114,0.1848650841284196,0.206838174678648,0.2627225059996714,0.21980511096077643,0.20683463704712676,0.18476153719790658,0.20881501641847763,0.21061215132186684,0.23382580211643927,0.20044128495511865,0.21734788449481918,0.16417557626969473,0.2207904806762681,0.21645219045108516,0.22543157257558655,0.19596243371883718,0.2930316113088398,0.24776827646009966,0.23384756697114967,0.18051322142222387,0.2312072046393437,0.2538650312171148,0.25150803565493807,0.24601961671812153,0.20972541187753307,0.25842382908593886,0.20552345376288095,0.24153957496592246,0.15828456942407657,0.2187251854976827,0.20312541547275828,0.25002014083559065,0.23925484675303682,0.23103960931918988,0.2168679542526933,0.2078500596301099,0.2409098137064944,0.22059481108751475,0.22171671375957286,0.2060004055272446,0.2121109810499076,0.20831875283091428,0.3162285460030623
0.27652729277792265,0.354397698082335,0.30252811508072586,0.28008250243174104,0.19334469451603528,0.0,0.21628264292956348,0.2839524760591487,0.2462441954466466,0.2746843467634046,0.2922897286475172,0.32834051011738924,0.3243641329062489,0.20275831579027997,0.2639493875597692,0.30336581575259874,0.2914622448391289,0.21471286470612377,0.2756181033067261,0.26108602366806627,0.28565691241932484,0.2723928888552269,0.20323746579395044,0.23685021583690039,0.2809298772954581,0.23363281196846514,0.22134299896260137,0.2771849421099099,0.29366999356009915,0.23290704974856025,0.27304547012021263,0.3148759988552105,0.3277876074711774,0.23984965773683217,0.23840234525086956,0.23622707882507896,0.2728879217722899,0.261167549231111,0.23439219454691865,0.24433407313184596,0.2850309203453625,0.253871452853505,0.21710921558792096,0.2821295531393193,0.24992693477437597,0.25192341000702795,0.2120075982359473,0.2501881437174896,0.2133758070761041,0.250579372829357,0.28301133367434966,0.35033965058579003,0.23454838705301054,0.31271215768256533,0.2738998491579581,0.30917144595143553,0.28752409097458803,0.32560610165778764,0.1884789973358851,0.2533113306047459,0.31849065924941056,0.22246659474641828,0.30983912904635763,0.1667559240429523,0.2028323496764318,0.2390567087805989,0.2436733023610935,0.24507311860129255,0.18798887168052808,0.24995592381542317,0.2798097404240642,0.2055763265716636,0.23340130945177007,0.2855882532021199,0.32936407070683343,0.2332806167353259,0.23983907469332655,0.25049612370031454,0.23406464468518381,0.2656415295320336,0.3115434861089718,0.261090997207174,0.28221927113948153,0.293252194365768,0.26061831289330745,0.30478693757727243,0.2612434850651595,0.2080228636589051,0.2957845867264564,0.26642211757687606,0.25671649485718023,0.24934279229409667,0.28123484555581185,0.26695696318352574,0.23788309013544756,0.3153765616293339,0.2397477260684798,0.27693736874780955,0.1810753491529512,0.2732208744774236,0.22425783810078218,0.197972441941396,0.19951333657808343,0.22117712589931585,0.27158823773194724,0.30517634928299603,0.2762478043946191,0.26911515373883615,0.23825910435813838,0.2670196460071437,0.26620950724299614,0.22398377788603532,0.31277303165012077,0.245597902097405,0.282140138689976,0.36184722319797025,0.28060937525351126,0.2038739778425262,0.29075460521171453,0.24315534037134826,0.23737478435856274,0.2649963111281412,0.25769562726933465,0.3272169100802554,0.23710671175063325,0.3445584725078708,0.23375057402297658,0.2334801594202711,0.28725607444486767,0.22334372742329564,0.26410121016556526,0.35924070607480146,0.24510298492640334,0.27147248614589276,0.24108296752847858,0.21328796044705134,0.24032231530334208,0.22919763893489067,0.21662197889786716,0.23234576923066144,0.24915710630137977,0.24182239286791138,0.2576002770226161,0.24129163555537356,0.2644365288051066,0.1973447129193496,0.30883734669925283,0.26727768600987023,0.2667455663739902,0.17583886060775866,0.25664828029447856,0.2394721431866282,0.21258524312950344,0.20845764055208238,0.2914264195351509,0.2546968424856976,0.28961892599006217,0.3611268796886858,0.24215577593365262,0.28959990551799863,0.2238966359294753,0.27583328335687,0.20639523162280124,0.2675572820670162
0.25475589415423183,0.25423723616167293,0.24083074924887962,0.2649039023249573,0.27579882622766,0.21628264292956348,0.0,0.1907024885199435,0.21083544024764647,0.2843365221316462,0.24427019876189643,0.2751570619607966,0.2272026284979673,0.233187501676091,0.288458381969777,0.20569586193378606,0.22414249584157575,0.251995263191074,0.23747604549650697,0.1984029153269554,0.26714376119463007,0.26462558073054837,0.3203801903131181,0.268060736408623,0.2839222682073766,0.2589708754363198,0.20357017420490786,0.19656708827264416,0.2563201772260007,0.20355275413204182,0.23485924837217376,0.24838275411816713,0.2603032142020187,0.24098909235819796,0.23917604637974102,0.24923570800423195,0.2735307794089294,0.2053626543061175,0.2203737281285828,0.3225433314577874,0.2687338059306961,0.28669460416539383,0.25900333021479166,0.2973250961798425,0.2392714266238825,0.23629754483620352,0.27967442635284107,0.25567455552808993,0.3687970475919026,0.2314339401569929,0.31674953036281744,0.2503731384898397,0.2085270049897348,0.2939780263342966,0.29472195094181586,0.2561943294137895,0.23103488017093843,0.22877933370494247,0.2986402598049775,0.21514924161722832,0.1858308696605208,0.20278853066685368,0.21602877852114072,0.23147209838614302,0.24621863822520326,0.20796016987544405,0.26598361760899525,0.29029902300607663,0.22980674162502734,0.20557502047867976,0.28399335665818176,0.22272401697434902,0.23199289170111834,0.2792778370904954,0.17782563734693943,0.2217576947360652,0.2678670599028805,0.2927688495085971,0.19608992210707404,0.18798728907408285,0.23755307479699136,0.2878369044013395,0.24946032716348757,0.16883006533013756,0.24331174352536983,0.2158262098660408,0.20538422113643973,0.2590288572333273,0.2082806600010685,0.21318869491662176,0.3107755779913161,0.3445623454834539,0.2667134917104037,0.21247616904995723,0.28432167530071706,0.2901598159413564,0.1721615051921634,0.27937248108653373,0.2317441098401845,0.25260529231197054,0.2102783768313281,0.22261547096345702,0.3179004044796609,0.2569403920195586,0.2165793145964736,0.22856058316000288,0.20773678677805082,0.23907402305942405,0.29360757551623945,0.28543299680659534,0.35796739641636727,0.26688717331402295,0.24905693768866352,0.18924598936596765,0.21385444774378262,0.22024012429642534,0.22430480778109363,0.2703512171132351,0.2847145958934468,0.21033499371239206,0.23698595407047632,0.20314698409024864,0.2257547257300974,0.2875270205713688,0.21449726354497875,0.2562784135867591,0.2182971229992893,0.2272596457348402,0.23719143186409616,0.25206514331298885,0.1901399029835774,0.19672167765825818,0.168959410430317,0.21439084540696937,0.21627040785470747,0.23111735382190823,0.2052568759032334,0.28845491752517377,0.25669792116802137,0.24658030897298816,0.23184069138064015,0.2311724401834293,0.2902494019127492,0.24661656977223298,0.26772774072732775,0.30180653922059636,0.24599680143670108,0.23172599017602158,0.252032516741959,0.15078599038778323,0.23235546376542382,0.2426027276217815,0.22037319792147622,0.32897488041587775,0.296152918431033,0.24584383329105503,0.2214728780846565,0.2679678369347744,0.2704677024544844,0.26428752045776227,0.24355897271678095,0.23323584537862863,0.23926500915894428,0.2653496335379047
0.2718382370475504,0.31094080024164217,0.2784925677000952,0.26685382993449713,0.18328882599879232,0.2839524760591487,0.1907024885199435,0.0,0.3039378643185614,0.2894154221380551,0.2601873931047453,0.29172827656986716,0.29865820944413446,0.2071172484440791,0.24211456504781448,0.29021892440614067,0.27573507856862484,0.24413499143774126,0.27413544856435035,0.2694649881383561,0.272751950501585,0.2359859350578384,0.2318151551478214,0.2188614141426348,0.2879871206531125,0.23551908815264283,0.27047292652249577,0.30037295007622344,0.2330140473962455,0.2449977450209692,0.3293447607282731,0.27644914399761894,0.2656260405993671,0.24342747492973268,0.23476655329979917,0.2527615339270574,0.28108151564868966,0.3117972343017072,0.2589669620586617,0.2659504274943881,0.25794937317152494,0.24268539194002822,0.23984592839113084,0.2218941835078754,0.3217163190797155,0.2779840406115059,0.19770736582053086,0.22867344866128814,0.24250126054553608,0.2411069362017159,0.26349007469133495,0.24992261057431533,0.2331751525852639,0.25461758900224324,0.2652163821290467,0.27272795793300464,0.2885978078532567,0.33495095968631544,0.2186993940526464,0.25810475387879267,0.39906922731314953,0.20493027777602804,0.2895584183662963,0.18473694927425183,0.20694099098621088,0.24791978795061487,0.2639839154928496,0.21602590284536702,0.22382690254874288,0.4113389310949652,0.26288198524153455,0.22875356280986603,0.24149683771577862,0.29696360727356763,0.35327625343383534,0.23829947913891772,0.2649128734238379,0.2306000121570258,0.31919510894514597,0.2019102091506327,0.2600870895484593,0.2743968873813884,0.2777679481747008,0.3190052631486977,0.31277620453248556,0.3814624615859837,0.40229814588514357,0.23973047089130167,0.32393074222264223,0.2761349554048618,0.23448709844621995,0.22683257386001018,0.2547361380687338,0.2534903588879995,0.27417098177095806,0.2584006069568894,0.2696490930108028,0.2622977905358468,0.1882313813262152,0.28408784397586523,0.22458043249685838,0.2896463301723556,0.2100266113393912,0.24626518834714128,0.30344278039437655,0.2828596852599829,0.2764722926006406,0.2871037563134876,0.24799287091079414,0.23543827679732957,0.21715686535154544,0.25814779347884126,0.28001313905008535,0.2911108822111079,0.28302414201115794,0.31484372854357395,0.29870090101265473,0.2181008754062128,0.21236845622521258,0.23877062470553978,0.22449231883444398,0.39481233715023256,0.23523184001233918,0.2827390435979235,0.23012560949265942,0.285957179726322,0.21637984505382177,0.2653513031706101,0.2701487088280836,0.24736989400028872,0.2988932080006501,0.30027301013007096,0.29457224559564615,0.2528518291828176,0.25441839511204767,0.193763052838954,0.22434093645924474,0.23749462446990402,0.2678876722497179,0.28683873334954707,0.23308410676563748,0.21699649169560709,0.29111641912866504,0.26376705304673753,0.2634460114517689,0.21032319483615808,0.30483141643544576,0.2518761537498383,0.3128519274158479,0.18096489832114188,0.32419519202493835,0.2547699782628177,0.23299646673558616,0.2140482306424827,0.29710165131801525,0.30063290850929286,0.27171889592613246,0.29081674735271074,0.2200723576984468,0.2581991632880503,0.23160502955225215,0.2785087037201093,0.2500980131955923,0.2564012447099809
0.3286521447228203,0.2951903538157188,0.25745651207467846,0.23176043554251752,0.22722868929839016,0.2462441954466466,0.21083544024764647,0.3039378643185614,0.0,0.25375449815404516,0.2776003310726683,0.2838799698691031,0.25501310981525077,0.25840572410771556,0.25995450811617665,0.27754731473938093,0.26238262156532355,0.2995729633227885,0.26433910480357276,0.3179378077874699,0.2505379371045109,0.3369100254019852,0.22692948901040264,0.23258541905623342,0.2753175980287467,0.20588653557627234,0.29567533841283855,0.2816720318434442,0.2473741519143512,0.3274955490778664,0.35704421709891143,0.2634313198844727,0.25418791424700266,0.21168376125247443,0.28432262361161215,0.2502388916410486,0.257899402710563,0.3881613377005313,0.2778930744539301,0.24459485760856045,0.24957367729577487,0.26804984765607814,0.2366686886009408,0.25098712087828673,0.27001621997813957,0.2535425998576011,0.19508549971616304,0.23712128325136236,0.25808792058387825,0.2678487361519738,0.24738513074048712,0.21890713380886642,0.2588702810367569,0.2577269700769703,0.25918418841042445,0.2747802412996335,0.2987955691623288,0.2868858382968456,0.22930021015179003,0.24096520686524772,0.25345638087851063,0.2070638569134012,0.23504917275712556,0.225768791674253,0.24243141781295002,0.2288256134363602,0.26787315665727524,0.233150230571195,0.23867012898374848,0.30107057356433126,0.29852169425026276,0.2667257090643564,0.25757880816718104,0.24870902417548008,0.3349910202650448,0.2483203169563635,0.21177876732020595,0.22117792838797265,0.26841100184617744,0.20302215498103435,0.2455618316440901,0.3280905566113753,0.3233289586761884,0.2589118326719299,0.285344948415813,0.3648164243167792,0.26618485882308285,0.2759679903096127,0.2755540819197245,0.33364237345752407,0.27855406510128855,0.26568797536350414,0.2901716156353678,0.2554102391652435,0.3118234511624853,0.295850899806346,0.26213015470631545,0.23661965138462485,0.24173588127299006,0.2276341185081079,0.291661509411839,0.20696514249225503,0.21533378731900324,0.2390585258640698,0.30391404753352924,0.2407351993230536,0.22035367046563667,0.27533082699528627,0.23645737491239238,0.22493930457476347,0.2113886283648679,0.29690100358829596,0.24894100275979,0.35298909049542615,0.2593910867760513,0.28070966415247806,0.25794429685925946,0.2657726104934164,0.18736237348699533,0.256717334576453,0.270741314136969,0.25177102610861235,0.22993202114986058,0.28421468267608263,0.33651722592530875,0.26927360944288226,0.2109400259538921,0.22823903759335049,0.22611423077763634,0.28779669642929623,0.36182188809042415,0.28784574971103993,0.2654819597695106,0.3318080469950994,0.27505347743966685,0.23920760482870682,0.26191008459531634,0.2539663105595924,0.3071068511493709,0.33774081231888353,0.25309135370802427,0.2512104179205612,0.29224758277121526,0.32717067049607834,0.29116809293363627,0.21835106027092546,0.3883468419665722,0.24747264151928686,0.3047496634266637,0.19214283150627495,0.3262509713237574,0.27170680625065496,0.29325017118123037,0.219614380190295,0.26841023271150544,0.31288976290516507,0.2795247466039463,0.259226191484018,0.27286111401431845,0.2458605901868002,0.20797289344587644,0.3075522409160117,0.272919306714582,0.3237111976206081
0.3291393098520361,0.3545508916089593,0.33965628263630643,0.29651329324948217,0.2614886274781011,0.2746843467634046,0.2843365221316462,0.2894154221380551,0.25375449815404516,0.0,0.2578533857052825,0.2401790456190162,0.3118815782267683,0.27277820561555366,0.26308836235494454,0.2708522619047789,0.3196575058596176,0.3430379504989576,0.26755336126355694,0.25351507535614204,0.3039329865020785,0.27242653101992453,0.39083015892595585,0.2533033959529862,0.4162832066850303,0.2523059695319447,0.27353933268494407,0.3161103430792828,0.29554311331934985,0.23800600093269605,0.2713406684789993,0.30911156860700395,0.23708832999731386,0.27445138528566687,0.2917948059129887,0.2634559154099082,0.31421470224631937,0.2639801620038273,0.19580648126596842,0.35930563621040434,0.2427189210758515,0.36415354120448884,0.25613855044493145,0.24947603950494918,0.2814630249356171,0.2847932761290553,0.250518754003938,0.2504085419282777,0.3868123093499932,0.2432643092700841,0.30142362264300643,0.2794317678235209,0.24520795197093767,0.27917296458547475,0.2852336871413273,0.36165787681392125,0.28052472696049,0.23959429707118843,0.29611519766672206,0.2733568635966935,0.2731223934667723,0.2204021300532492,0.2606413660907054,0.21426253706735152,0.26482687542389216,0.27098972543467226,0.27321892788068486,0.27356908991540224,0.26574374774651577,0.3097670548369802,0.287245820525013,0.29524164441929296,0.25494504642878396,0.33527567914147516,0.27067496766724236,0.29865794342501095,0.25115407059916356,0.31982576432462434,0.2342666224477005,0.23474350583092943,0.3223832648774604,0.3126420583793358,0.31341247780131914,0.2636571234803669,0.33186395872319224,0.30095352334293135,0.27420588029249177,0.26574609941352817,0.33199830644738787,0.2403619246202608,0.2822557842568401,0.27731793792062176,0.2920408612332583,0.2516907279798651,0.36521937501708385,0.27251528754465115,0.1942157227454204,0.32135917704757133,0.2357818213397621,0.31797928841115947,0.23422566295704736,0.246725628839853,0.2499268938404503,0.28310486464081835,0.27887524061354,0.28413610137025297,0.2732652221941125,0.3951601366077057,0.3110667916730013,0.30646094471105223,0.2726066684826941,0.28854373180045756,0.3240183604918335,0.2687657748207725,0.26808691073374835,0.3174534453261724,0.32626413516468306,0.2913072598218897,0.29035075765739676,0.293860090111732,0.24039965760784698,0.25401237020907674,0.2722705369332401,0.32522453745334673,0.245136315383242,0.2750652176510625,0.25538891671003555,0.2193480850444043,0.3213342507399477,0.3027104250118666,0.3222451345578009,0.2705788244191015,0.22861075536814005,0.23580195702061044,0.23121721448550436,0.23213340553734138,0.22970281629664363,0.3106973266852079,0.31799304893034286,0.26642518625998124,0.24837898007092649,0.2836545574296075,0.35939219388596616,0.27340869494469094,0.281398407801277,0.25566032993694415,0.24132922833763942,0.29769582508616427,0.4251401693567381,0.18378210672734344,0.25200986913771695,0.2952743886432256,0.2367463473070237,0.2867877001414444,0.2988622624283683,0.281030184389796,0.2612420110184426,0.33551817274325396,0.27626185031475076,0.3403447346089971,0.3959210346873167,0.31269279128756994,0.2941330323605919,0.26706569410471415
0.3382004380566772,0.27962157885366024,0.3341533745154995,0.2864319091440515,0.27994907871736163,0.2922897286475172,0.24427019876189643,0.2601873931047453,0.2776003310726683,0.2578533857052825,0.0,0.3246455019834281,0.30197674699606425,0.21719123029952767,0.28067778913127917,0.33987818299636813,0.3100515597915913,0.2911023714084972,0.2765537404409749,0.272363760511092,0.34113409304367553,0.36360323471017075,0.2677788541784618,0.2965946990438687,0.3149330536866105,0.2932804769672152,0.27075722070196506,0.3021148599384177,0.27866185370952545,0.2800590969557697,0.26689739288332004,0.2617433192929638,0.2670665666964211,0.23308507278286536,0.2574532146552399,0.2681522914181803,0.35326250132785186,0.29887429811421234,0.2757620802547704,0.29106178701597335,0.2588328279345703,0.3193888107180925,0.26876934634690725,0.31000570947058215,0.2597254651418895,0.25773082172301437,0.19581394560323462,0.36921345772101327,0.29180900051536884,0.24898527042290428,0.3268078342269583,0.2714323912246276,0.2212518193286498,0.3179464066160392,0.3234705725932104,0.24021916132908352,0.3221020246619523,0.3730819734179613,0.22344143485664555,0.2421908672094501,0.27353292967814,0.18801368012069267,0.3385572241347018,0.195009768435505,0.21300284701610614,0.24873535446147949,0.2719962033961743,0.2678452133847248,0.25294247341512316,0.30616853616000395,0.3234775980305516,0.21270673909245996,0.26432258285743465,0.31819070116399506,0.2982054763278243,0.22705466133394417,0.28631587699738087,0.2745751222871081,0.24405050960874144,0.20186998204452275,0.26993022983738907,0.29026327354427184,0.2842479132905689,0.25400902860193125,0.273277514096148,0.2864460406583277,0.301198704147286,0.2237340938596133,0.2327706381616205,0.2540695473064174,0.37985111086707474,0.21487143938188524,0.3056725238399527,0.2633715258604412,0.2763742018007684,0.28552008947121266,0.2109066480777024,0.22027880768358254,0.19282637228099458,0.22330681565825464,0.23349293279641453,0.23308400538680382,0.22817692912553939,0.223057582268403,0.2777542878472356,0.25267734946733733,0.2390295673805659,0.28858540171091585,0.2451763301173684,0.31189813641999575,0.32433198845298333,0.2774234860079304,0.26777469233957646,0.2607471477439239,0.2765799677240274,0.30693380458101344,0.2429045427070602,0.26972881344235516,0.2533133950055472,0.24014561986014377,0.28174381329217313,0.22922240656742673,0.25343144524802447,0.33996228659224315,0.23052331911088303,0.3036021232411949,0.18785699433435013,0.2587585138555383,0.25488533065708774,0.2476987872189948,0.22638664790261023,0.32706373978318143,0.2386477369629413,0.2771968912248514,0.3217857650675619,0.23152888510471734,0.23210430769643559,0.25587225289692683,0.2944691944591397,0.28357849626456205,0.25233060516391087,0.24804888777835535,0.24859478118489672,0.27739909248822997,0.3497024118643831,0.21611815324198183,0.30672869282640153,0.2317375928294895,0.2856569344293884,0.18036006323360643,0.34767808198068495,0.22736095135219744,0.33705200661890655,0.22392690041148472,0.2833399296452659,0.3172666578260771,0.3197991770820598,0.3096240885720855,0.24623733786921867,0.25430849940967204,0.21795859229698106,0.26580408778622955,0.21432852427381743,0.4331067248169703
0.27032539983007753,0.3158955498705671,0.2660373088859636,0.29898109916323723,0.22433961244318934,0.32834051011738924,0.2751570619607966,0.29172827656986716,0.2838799698691031,0.2401790456190162,0.3246455019834281,0.0,0.24068170615768375,0.182409139013226,0.2804216790613039,0.26966090502332163,0.27112118255848494,0.22940424160958453,0.3626027032582429,0.2557288086291682,0.33597905736434386,0.2752708728466674,0.2528529303614251,0.2845732987818945,0.3100577590565191,0.2667650103014133,0.24259360420856127,0.2483807374958879,0.27179653570049034,0.2887254029123158,0.305283195062033,0.2497913425093384,0.32843895968139,0.2660807336179492,0.23422358499391957,0.2700985714171862,0.29558683940710573,0.29951582942472615,0.32706299637150754,0.2783997613745914,0.366700371820768,0.2591486561104626,0.24780122996116505,0.32311977565382743,0.2633752055539677,0.27884133064312105,0.22740384587887869,0.27811211850446943,0.2613116874553545,0.2545242548345772,0.32446791247110146,0.33282481755117704,0.22440874056037957,0.3596253016398813,0.30963134965558486,0.25288752442062085,0.3233466658560667,0.3918035143703947,0.19740286169510007,0.2520544148654199,0.2389495405204434,0.19239015906118856,0.2931379967023535,0.18592153389172836,0.21308603523497158,0.2357117261400524,0.2394484807866424,0.2254774907492336,0.19521017562572712,0.24804895219276313,0.27395056759560366,0.20654328751686293,0.21946254129227527,0.27259139356755874,0.2766039776520908,0.22233399227686107,0.24460902905038215,0.2886241054920138,0.27853011989021187,0.2063475654222326,0.2661161764997608,0.2941367826595696,0.310464947349549,0.23202421958951172,0.2910063561420885,0.3466047423932117,0.24687899869878044,0.2168066656163965,0.26038159977462166,0.3024385885505375,0.307214088599996,0.26834765043230374,0.28011729574660416,0.2723801379350144,0.2490914917824323,0.36898212738577374,0.22107427615616787,0.28328694333717236,0.1886445424617844,0.2362158275379235,0.2207442344963697,0.21379846062365004,0.2593986012027313,0.2924040762029875,0.25390830279251286,0.27681742179198643,0.2606660921370165,0.2619697757895217,0.2634201418921504,0.29999561984506906,0.37429360216970214,0.2912903308132899,0.24277451241744588,0.26232129144645744,0.28183145940451354,0.31330409838199347,0.2606489656583785,0.24353401581049677,0.26206449291474126,0.21988958409901888,0.253282949198815,0.26439365643139656,0.24100927126190033,0.3322745611402921,0.21376784174168337,0.3868668791091883,0.1946688793612563,0.26891419726747207,0.27896594084037774,0.244382670739959,0.23608208336118772,0.2777243318741334,0.21594133097112939,0.2994958887511785,0.267887500639754,0.20647823289965414,0.2710293478082586,0.2667550066028028,0.25778035700207247,0.30476774436309934,0.24232400494648684,0.2209485837293879,0.27729088419946485,0.2703608671797655,0.32506624759422065,0.26136406510258325,0.4163689215665308,0.2564013691798255,0.288119528909941,0.1818646907891761,0.3135998670586678,0.2637313629468071,0.2645769321694596,0.2346225207230071,0.41396522274465647,0.2606557269397824,0.2859930557397497,0.34356000116020263,0.2403315261059918,0.24141498043835,0.19848149192141304,0.26649086126199545,0.23256198751038754,0.32920748396246985
