0,1,2,3,4,5,6,7,8,9,10,11,12,13,14,15,16,17,18,19,20,21,22,23,24,25,26,27,28,29,30,31,32,33,34,35,36,37,38,39,40,41,42,43,44,45,46,47,48,49,50,51,52,53,54,55,56,57,58,59,60,61,62,63,64,65,66,67,68,69,70,71,72,73,74,75,76,77,78,79,80,81,82,83,84,85,86,87,88,89,90,91,92,93,94,95,96,97,98,99,100,101,102,103,104,105,106,107,108,109,110,111,112,113,114,115,116,117,118,119,120,121,122,123,124,125,126,127,128,129,130,131,132,133,134,135,136,137,138,139,140,141,142,143,144,145,146,147,148,149,150,151,152,153,154,155,156,157,158,159,160,161,162,163
0.0,0.5376969793743314,0.4282030211164945,0.6065481068055195,0.42570835458912987,0.5379879722595047,0.5976677372360857,0.5822745597094696,0.6382919019870936,0.43654800347672956,0.5409006543904368,0.47209668175506564,0.6914490332310056,0.6257335318797154,0.6117738540842698,0.5214312806040037,0.6092085037501005,0.757597352352395,0.5305868910433148,0.6543079289709297,0.5616138599189999,0.5185089498167662,0.619052427398003,0.5399313635248119,0.573210657333868,0.5626717774895676,0.5675309673956811,0.6289423604773349,0.39653381148578964,0.5199469778003429,0.5923194564352748,0.5908061326593361,0.5845278139012701,0.6084028126365014,0.6806981935457896,0.5436649070377806,0.6427815649679798,0.6507813332638331,0.49562269150749233,0.7090872287150377,0.5667022007366864,0.6757394069643057,0.5858595696670017,0.5599959313410595,0.6194674334543501,0.6723509707535013,0.5080788598849096,0.47042082779253347,0.6651374286911433,0.6279531847465826,0.6247696428635633,0.5886379363009173,0.5905091910853878,0.5090580569676693,0.48921772385084994,0.6772452096448414,0.6924344529788447,0.5353509431320811,0.5838443610804356,0.6498352496141636,0.5629144016027544,0.5998003573382309,0.6103471367927095,0.5321343986001895,0.6308876736467391,0.6535748481019032,0.6613997975468286,0.5729229346181657,0.5588062676547266,0.6515557031692925,0.6771106453160143,0.6110798730473835,0.6335657831750557,0.6543829464972885,0.6116363681823968,0.6414554433135673,0.5778212409703927,0.48158552841333313,0.6279498406750422,0.49961722564061195,0.6017444894810171,0.640631739115167,0.5431697395609214,0.6358915392866765,0.6721124492005919,0.7050654598775251,0.6606965778384417,0.5981885810626905,0.6455404220430465,0.6300085903561987,0.6189819477095746,0.5958305847085208,0.5399605385075062,0.6650514497299106,0.6550555979933687,0.49347374777740355,0.5089864050655601,0.5974433023351143,0.5983179863327217,0.6741506978416913,0.5811655749529612,0.5489052870743472,0.5655969815578251,0.44677144585524325,0.6461936606523079,0.6139231735841543,0.5696457703970932,0.6215385677959895,0.6262075710223275,0.5274928279729101,0.5718425221578449,0.6511153875951953,0.7023059308155466,0.5862157081502541,0.6957859471488671,0.6739542143672737,0.6806176027987791,0.463190986038776,0.5128757665915786,0.6040626774393151,0.5866105791753231,0.5799010708631895,0.7067738081725647,0.6086595325305864,0.6262546162415142,0.46384089819370516,0.6039759200029409,0.5291328439975115,0.4954023738999451,0.6306365274937121,0.6013506279432088,0.5639963602063542,0.6200987419813798,0.64905213987923,0.5233530687506924,0.615413927506197,0.5508061513354644,0.6893929318555881,0.5545715202167825,0.6032748167357548,0.5316690844552908,0.5883136249696547,0.6439698750541275,0.5510298975090526,0.6010408017354248,0.6380451645718963,0.5702357389882318,0.5442222394429178,0.4840561914899785,0.5089820826084835,0.6835220010211331,0.5667396923465545,0.5506359946584162,0.4955941088228555,0.5803443547248409,0.68277628477315,0.6469407396102279,0.5599573585373858,0.6117528219020023,0.6517444899256953,0.5869207563740285,0.6796515988111278,0.5674355846063841,0.6949923599520927
0.5376969793743314,0.0,0.5447490209218393,0.5654013506286495,0.40784295221997735,0.653173647407205,0.5595931524663416,0.6694133329002185,0.5189416519984777,0.6027244677380751,0.5987505078211126,0.6430059985496934,0.6063273199346584,0.5228701827747267,0.6406287401100506,0.5467943728065296,0.5767115883357716,0.5331915002426466,0.6633588066871413,0.5953089909228049,0.5874647602126105,0.6723815559583577,0.5310307827761233,0.5505330267482333,0.6796655242704658,0.4455149190732519,0.5130754729441919,0.5546905244755657,0.5216658919794128,0.4827482062585913,0.6478043185855177,0.6538975798678112,0.6225005017593781,0.5458896756030096,0.5644401479990554,0.6360119551358672,0.5541002459906792,0.5597475716159737,0.6379863399875727,0.5616516278427962,0.60437676339276,0.5991329190307907,0.5394408157933013,0.5563398780783025,0.6322769761238242,0.5337606810640406,0.46674926917158654,0.5140332502595482,0.5879136815603639,0.563216992681279,0.5420437877796298,0.4887476862717971,0.5358234539655805,0.6543966867195131,0.6232852263688415,0.5615913514463015,0.5396629582910947,0.5788255789514042,0.5722221840776427,0.568318829519297,0.6562440187050621,0.4899475813204281,0.5238522101891383,0.5424067506249937,0.5131845034437647,0.512550877123805,0.5307461514541858,0.4910755414117664,0.5283715784047303,0.5991364346532081,0.5191511428275429,0.4971728782291013,0.4830083778346909,0.599047818413364,0.654437948843315,0.5002768361607238,0.5439821581200478,0.4709059489473859,0.4959646822591427,0.417961971005731,0.5720853428857252,0.5238018513459025,0.5388085407498652,0.5697367177858473,0.5023283991638328,0.6070252431660219,0.5628632567645883,0.4912359806533434,0.5420154113275715,0.5390032536370377,0.4863722395701988,0.5591431240313453,0.5967753812963291,0.5155886395881151,0.5069823066478268,0.613677950634677,0.5571106188310967,0.6041849469574567,0.4736227726480485,0.533570977224659,0.5433396841506094,0.601864260914576,0.47179775804157775,0.5665912357465562,0.5225650647411587,0.5070440492911645,0.5904744184739298,0.6205090137249866,0.5627615846443391,0.6136341410200998,0.6032850680280061,0.4927251512713356,0.5325608901595312,0.5237719318212638,0.49802667596702593,0.5063335778471797,0.5736756112744245,0.575574445963836,0.5908337651656961,0.4723579645810262,0.47519315020322306,0.48655822705518753,0.5162756169881335,0.5382566426475962,0.4890584583289585,0.6026675679376275,0.4884791194429143,0.5699053662498773,0.6536520082458083,0.5450556817536332,0.5826031006352385,0.5596562321945308,0.47184978906481495,0.5136124346877596,0.6748800453938587,0.5438748070610641,0.5379184330393535,0.5432630262587094,0.6107167922925636,0.5871203991123071,0.5535974154737809,0.6189513241584111,0.5553743814615045,0.5890744768722725,0.5952752179414694,0.4890525807136725,0.5756087202229313,0.5795419201785867,0.6387241309149947,0.5743004217690048,0.527946466626591,0.5979515121301983,0.5888268135037156,0.5742659306879864,0.6602388257354161,0.5892418953229526,0.5653475238394889,0.5388430515647283,0.5072866295277524,0.4779849741314355,0.564902654724782,0.5117573886598831,0.4953124753023393,0.5000594373292987
0.4282030211164945,0.5447490209218393,0.0,0.43082245645555484,0.47675654881334445,0.6044160759602948,0.47693894647720053,0.4704764073322122,0.3914660644139161,0.5197235303858365,0.6024088262862318,0.6218329703237585,0.5077874959703889,0.402777541950931,0.5032418448777863,0.6175909600152384,0.5385856237240364,0.42304342608087203,0.49778782411994504,0.4431497555702124,0.5605042616187834,0.6566252759798258,0.4275128553465082,0.5309476447443787,0.4986573470015854,0.43053700478515516,0.40250644724023255,0.42321023340859587,0.558228083110927,0.4807479013436529,0.4525645724818509,0.5473963375879355,0.47836094356581876,0.4253329172702958,0.41592666993973737,0.4962721902424612,0.48078301460032485,0.44902423664644786,0.5640933429192299,0.4701878870634327,0.5048387895534091,0.49374159031594195,0.5071289173830007,0.5262621664204892,0.46314085834427043,0.4383444344916711,0.4856839256948516,0.5907855348425943,0.46985625362742983,0.47406100518595473,0.4755555127119695,0.4543116548543149,0.41585373877081666,0.5531528076127995,0.5583165765202035,0.4358037979599589,0.4434336343690821,0.5940948361375533,0.4278405186945457,0.4430845961986917,0.4701927114785952,0.4202100595823454,0.48930476244041377,0.43107148724877753,0.40677196365262025,0.41065516437789484,0.4025596134748309,0.46991905696002606,0.4517908621234708,0.4545048823753921,0.4497897359321267,0.3897177784006002,0.38186910718353656,0.5064891909702349,0.4940730316699776,0.3879685883193173,0.5101676305468381,0.5139678406669425,0.40686018726657,0.40674879805980885,0.5044614014966933,0.40563226823796766,0.5202467777323485,0.44834580404128926,0.4054354632330246,0.45811230081204246,0.4293086061894301,0.39094444012342944,0.40750603875604957,0.41082631929379265,0.4497747384671335,0.40850753947626695,0.5606260617790283,0.4072163728212517,0.39972145631969913,0.5289114017227768,0.42210574426859593,0.44112024942390504,0.3797217794036945,0.4032365533822296,0.4138980688115854,0.5020215951978043,0.3793610414224223,0.4642029311992805,0.40473952139940206,0.4727051588819699,0.4967058230081178,0.47814181268810446,0.4808825596284337,0.5776642179535586,0.5213150562311675,0.40498603273335404,0.41643400018742605,0.40464647252904584,0.40969854658188215,0.4451864487087408,0.42459075597762275,0.562995949381173,0.5798952931084038,0.373672103164607,0.45328185998988013,0.3936846583874928,0.4189865793187579,0.484755529606275,0.3773473326118441,0.5874362263230527,0.3999841129767726,0.5648081743069124,0.5463492871842466,0.44460213866867143,0.4401668514030321,0.5542336487930336,0.37430579394066804,0.3956843240877984,0.5063098583022438,0.4636717962254206,0.5034328913842905,0.4461950255775801,0.46960509938144124,0.46115585440464124,0.4151010728970726,0.5261141477234599,0.41465886782368966,0.44650608179355805,0.5046462910948638,0.40640453728612935,0.5259429231061198,0.518009272352512,0.5261319771944171,0.5016079644231829,0.39799067212986977,0.44447293205307353,0.48456697694435935,0.5822029408917484,0.5201654009480102,0.43948559243388235,0.4639915128459885,0.5226640253483696,0.38381196457360317,0.414979375520593,0.44798160655902636,0.39149454247400856,0.3879214375059031,0.4357535442464675
0.6065481068055195,0.5654013506286495,0.43082245645555484,0.0,0.4035512477715146,0.5395240662258021,0.5968292054108597,0.6035803924269236,0.5603230480745205,0.449711159191418,0.5229913950351677,0.5015190132196297,0.5636124934175634,0.5747910538709912,0.630161613523518,0.47893284296862215,0.5636505371336388,0.6021443369440325,0.6073457288576891,0.5731962115590474,0.5672560617352139,0.5185914717885204,0.5738670553721339,0.5108277238772592,0.5612603019387739,0.4972845103298781,0.5311686318060895,0.5992510854234137,0.4092306782375404,0.4586485948668549,0.6072081877343929,0.5640194073985227,0.7273855532770838,0.5999423272981814,0.6394604965844614,0.6210638539815964,0.5352869990965913,0.5919365579977585,0.5358019046286187,0.625553590681069,0.6395568866768193,0.5882142219922647,0.5413431166603687,0.5585662131720566,0.6035915237765451,0.5924936879525179,0.4561222361382553,0.45063163162343467,0.5986160059500184,0.6177379761494897,0.6319743002091945,0.5632250875092693,0.6272913257912035,0.5950984913787393,0.5315583922675846,0.5631654554299047,0.6248038429644234,0.5387627702681194,0.5984320664570422,0.6422498573808948,0.6029942480244128,0.5645904484554742,0.5887238621109442,0.5318021126144546,0.6204030658430619,0.5996248056646031,0.6071053128611741,0.4866085659168968,0.5179127135084355,0.6055178461449471,0.5755700027682694,0.5572033199047806,0.595920975462682,0.6355641467337603,0.6156655720484928,0.5494885255918853,0.5525202955876276,0.45235386594906934,0.5760897913284652,0.4363651248405835,0.5614097271645012,0.6754935310887329,0.4868846563188727,0.5760526882172204,0.6398785254237013,0.6225061227293253,0.5961422445651813,0.5728564725800726,0.5901922146978341,0.5489325279468131,0.5661327668647056,0.6715609630865708,0.55190690329169,0.6064295799892103,0.643836780375001,0.4976194387699211,0.5716944700293214,0.6265643579156362,0.5689366919401346,0.6589260789611936,0.5558805991930367,0.566266430598747,0.6136929027793626,0.48667456450253244,0.6510522806941159,0.5234880963392063,0.5974581891517236,0.5645642385418769,0.5868344946113955,0.49665074228057493,0.6210450117490767,0.6162996154411541,0.6288455913802187,0.5639986221788346,0.6152117966297931,0.5568416814070533,0.6418843497360808,0.45732030899588105,0.5473415476866342,0.5644934752319681,0.5103995784812447,0.5999906640554729,0.5743652630908983,0.5562625551271827,0.5573018306139409,0.47881839862396747,0.6102582929651584,0.5033845648685111,0.5338681450963877,0.5663560491543593,0.532256794847119,0.5337543033176855,0.5262521654535651,0.6560653988363795,0.5439226643657954,0.547752145575367,0.46929014456886675,0.6171426085422261,0.542447179814639,0.5986800810237689,0.5826114078008893,0.55124746464736,0.6867170424893653,0.629183823990084,0.5607888851703037,0.5622771885410454,0.5455988990981576,0.5268414197751281,0.4831821239208409,0.5055380729379753,0.6633836862777094,0.6028172663305795,0.5764662717080629,0.47512807801351686,0.6114415288420315,0.5951983850945979,0.5372022637359078,0.5165143050628618,0.6324477273205599,0.5685266280308577,0.5646043247050205,0.5949997702443526,0.5578210114461882,0.5716898713650985
0.42570835458912987,0.40784295221997735,0.47675654881334445,0.4035512477715146,0.0,0.47437773636542463,0.48782935638930464,0.38796168895040034,0.37565417174551835,0.37050345786866384,0.4896881415830117,0.44981835113287844,0.45592373738193853,0.37451138308604803,0.46477953686038276,0.5430868984931237,0.4998859127116328,0.4140074114351643,0.4018764380894759,0.3839544491848678,0.5087109778962311,0.47372019511760605,0.4146443865430851,0.506915559784355,0.40268840818551666,0.5178169718771227,0.3737840545866814,0.37775471583091985,0.38802918509539736,0.5506178785161533,0.39188465945939804,0.45103575032409676,0.4363225087029106,0.3893669904220453,0.37992779735766713,0.41003740251655557,0.4633450266192196,0.42035283581894434,0.44913224627693815,0.4752628555753659,0.46292526979890714,0.4706896044489518,0.49543853667877025,0.5127840222018047,0.3937315217237862,0.43839320156226363,0.5883471396789914,0.49524002851559046,0.43905469912946826,0.4494267134372172,0.4919042977019679,0.502604579315973,0.3943794561449546,0.4329731316937357,0.42480449833301037,0.422354898933294,0.44188510900104844,0.5401440894302502,0.3731851965733631,0.4184150691711838,0.37896960570517896,0.438233731798874,0.5030524268157699,0.36948056669323426,0.3985431777593478,0.3955777947296066,0.37866036234289274,0.5179667119823625,0.39803921438017265,0.404693244322087,0.4773486209928227,0.37367031114197546,0.3644832794567932,0.4725726586067456,0.4126083070138945,0.3773647601532303,0.5036761091908014,0.6421154393915658,0.40420268951550115,0.4975979068195561,0.4801489541533134,0.3991007690083094,0.5453055322278942,0.3988056149176549,0.4070135231054287,0.42093995549834207,0.38752425505882354,0.37858115531231923,0.38037207015185776,0.39637468390111036,0.5267643398312964,0.38118759509217043,0.49529296792523886,0.39872644971494703,0.39676765103211753,0.4240727212852504,0.3582228718308549,0.3846719227092172,0.38041524908944974,0.3826425354639943,0.37726279306755095,0.42073476835783596,0.3739606579884049,0.3645913910866816,0.3840697862454658,0.5075379942074829,0.43466277983364215,0.40967759249898295,0.4778886826589399,0.4623470132292101,0.469147519135322,0.41391726675207424,0.3943465959325846,0.3758022901991122,0.4197953085709226,0.48686852491289195,0.3907701078200153,0.41777887803834857,0.4524400210314591,0.3708971334004571,0.5469661721667111,0.39286032200081655,0.4036402387045634,0.525621143390631,0.36455806156054815,0.4352488560227271,0.4011234013952177,0.5207151653087732,0.40056712485840806,0.424566317852365,0.3934803442549567,0.5243925552422358,0.3654958654350321,0.38999244499729735,0.3857898863678953,0.45252625440298033,0.47372530991410133,0.45190909739880764,0.3826355118192639,0.43204246203986213,0.3623484277463113,0.45134138147929986,0.3951197627559951,0.3864143552399759,0.4577760125078571,0.4077772291202248,0.5239693781393512,0.4856008333879808,0.38530211102741896,0.40856720548991243,0.3793048889025889,0.3944353628820187,0.4172929157188069,0.48935344990424073,0.44570652925396703,0.4025366498392876,0.43169427792329745,0.5506045994237065,0.36706407038269806,0.45461435004816425,0.40676890527881043,0.3809614128661385,0.3780373173633444,0.4825324851986251
0.5379879722595047,0.653173647407205,0.6044160759602948,0.5395240662258021,0.47437773636542463,0.0,0.5788183386599762,0.5568520374350578,0.47117029992408865,0.5140019547338383,0.6960598658518593,0.6429936485862578,0.6375808733941073,0.4732778527795067,0.6293193233921411,0.6287401790747125,0.6186368724439723,0.503815296518507,0.5847873396706568,0.5261986933849113,0.6604967181351024,0.7186107446043835,0.4898621109351293,0.6394199384578911,0.5877347672232853,0.498409676821148,0.4527416110582914,0.5010203122262639,0.5057404905253604,0.5192713081477764,0.5484763927827413,0.6321684752629357,0.6122135134623491,0.5052156365462694,0.5056907375561807,0.5516278093958482,0.5985805256942881,0.5246353286434167,0.6232541541071716,0.5761041901024192,0.6011167383396664,0.6127078435685861,0.5671464302695309,0.6598410299093244,0.5470355320789329,0.5228427917338221,0.5181672327022644,0.6221954368934827,0.5567147937942489,0.5435498969070853,0.5760153401502617,0.5544828340665436,0.49417318698759977,0.654228879923551,0.5893189354180491,0.5481033426335148,0.5385721160342282,0.65588939344727,0.4905301866531033,0.5215305125939863,0.5817837523895958,0.48668627985906077,0.5923288328226707,0.46619489772340644,0.48726453983183154,0.49716028900192694,0.4949933076437253,0.5563438537742916,0.4847153742797908,0.5501841568245186,0.5589628158574463,0.4536265240340928,0.4570064550420777,0.6197072918552073,0.5869914891200044,0.47033768772265433,0.592814154278562,0.5432564901369286,0.4822800316688355,0.4801813044248133,0.6412881251759516,0.49773322420247584,0.6146311282660637,0.5409550295550464,0.48461766860556077,0.5638830147020217,0.5341966925526782,0.45070875897434554,0.4855843937629051,0.5122380956798906,0.5226565896356344,0.4930931831473574,0.6052217177254005,0.5046338825769453,0.48142036375320646,0.6053160739201459,0.49133548056372695,0.5296362234427254,0.44266911600109266,0.4917293755217632,0.4931227214335233,0.5611243220421467,0.4433004980342422,0.49167268403798553,0.47979126102259784,0.5446367364920032,0.5651199080972312,0.5606379929707251,0.5634708045812492,0.7085281862690419,0.6567430222756153,0.4752437687422656,0.5292817214337094,0.4668174373518721,0.4961568114923145,0.5463339668783813,0.5196284478098931,0.5335889169651002,0.6584598455855963,0.44268316289345694,0.5192393839090165,0.46549598500744543,0.5181384394782267,0.6098939302082826,0.4599132232972777,0.6129459755864561,0.4676230282278159,0.6217776997428133,0.5807955642873132,0.5161839540685,0.5126482767770107,0.6392575130752289,0.452070869285835,0.4930964311390966,0.5888587502069951,0.5601245445676937,0.5741998532939773,0.537455699338669,0.5156034510632714,0.5387195798135845,0.5009866863918144,0.5985986558663443,0.5037958728364278,0.507803892594941,0.6041271143084717,0.4738393448219873,0.6404702690017839,0.5962349639633249,0.5410385299725188,0.5199150327625031,0.4948459458070587,0.5284971675224429,0.5391908703086921,0.5705082317301349,0.6336345095571938,0.5510266270983747,0.5970384016281383,0.645441633654669,0.47645408940964495,0.4995533324139068,0.5266143863477636,0.48291415228764806,0.4526669862630898,0.5462155280012755
0.5976677372360857,0.5595931524663416,0.47693894647720053,0.5968292054108597,0.48782935638930464,0.5788183386599762,0.0,0.5455218081764653,0.5162598605768883,0.47547753565719614,0.5666469812552091,0.54720266656195,0.6231644624874805,0.5279091996720486,0.7144664010071778,0.5626777258062695,0.5949286048129468,0.5803952282084404,0.5363284341873307,0.5205861783042388,0.6005841778632056,0.5546902046647423,0.6089967035970261,0.5811580641808799,0.5797363241744321,0.5735125977446641,0.5176553228229959,0.5154292992369869,0.44080508332288076,0.5612627092386503,0.5917566166505024,0.6365368391799834,0.6515789556217926,0.5669142750845871,0.5522711108307027,0.570545188687173,0.6407567826464623,0.5635934695778293,0.5611649654943989,0.6894728155761237,0.6105695477855364,0.6301815697331017,0.6298798091962389,0.646719106750571,0.576103587411055,0.6158626550586755,0.585917643217536,0.5193018437444784,0.6802059770882367,0.5955220828540063,0.6825781342644437,0.5723044765091512,0.5300855724772311,0.5599099180106843,0.5585949169204194,0.6101069009764664,0.5866626086671856,0.6037153350833091,0.5437308218237893,0.5948033829890317,0.5194269508931297,0.5826352721612463,0.5865018762902618,0.4955658683905466,0.5466273513882629,0.5383897237296386,0.5559438201108001,0.6173891058827323,0.5167488314293995,0.5714389106755691,0.6263073016833967,0.5247735195796253,0.4955017618668621,0.660903649994477,0.5405926931451956,0.5518481883704893,0.6515206108331387,0.5901353145385944,0.5384857252945126,0.5045740070269514,0.6040834380873251,0.5614612742622918,0.6194130520995651,0.5326013556260518,0.5588156287578029,0.5817170296148267,0.5510441210147763,0.5509152056105444,0.563586495433079,0.5558270373010442,0.6334894194377871,0.5916951686487096,0.6279504531203248,0.5433886373997301,0.553278740379394,0.5624221304496695,0.47129046322045415,0.5637685426554807,0.5238460944551121,0.5745432798808664,0.5411238910402295,0.5812865210210202,0.5426906032334863,0.48268256059293263,0.5383531641444185,0.6036611780304539,0.5757300082487838,0.5588038264927336,0.6870761377626452,0.562269585262827,0.6544819363307097,0.5637854232915073,0.5624315827704859,0.5144912825103206,0.5687915773258384,0.5855121900157594,0.570855564426751,0.5138368138173384,0.5501562320216986,0.5100336445908804,0.5813256745341753,0.5453626923963754,0.534365066017102,0.6955193911836832,0.4981658451828889,0.536252128325932,0.5442455952000232,0.6275153757916898,0.5199595099816477,0.5965270626274803,0.5322103436815933,0.5678399114155929,0.49145572643597374,0.5273974974088128,0.5047295815639702,0.5820542949050451,0.557472893903493,0.6709041874151779,0.5216266928496808,0.6197606270717184,0.518355454555134,0.6018834787850234,0.5812183933278638,0.5330797364687514,0.6265298320205925,0.5934847065703233,0.6166653194875785,0.6304403054431811,0.4982416974709894,0.48845745531892604,0.5475993376596472,0.563759344611916,0.5198352551675542,0.5908103689370104,0.6342837001931536,0.5875128640932011,0.5627326860337503,0.6504134149161698,0.5391308730450766,0.624265439564381,0.5784375350679041,0.5416057193392424,0.5250982923734896,0.5883993916286341
0.5822745597094696,0.6694133329002185,0.4704764073322122,0.6035803924269236,0.38796168895040034,0.5568520374350578,0.5455218081764653,0.0,0.5973135829166492,0.5427154523757858,0.5392592645796163,0.5537599896117332,0.6101752892988306,0.5787728448208743,0.6335527848549876,0.5138042653247838,0.5599467383545654,0.6039602253073176,0.6234681174790515,0.6555327983786583,0.5473341866568265,0.5616623010760232,0.5907831517219017,0.5036087055330227,0.6816045532509776,0.46140775359615543,0.6014166830874856,0.6134136874082408,0.4544092216773575,0.4820818976582887,0.7407699552262575,0.6251533459321453,0.6239092307997738,0.6023416367147754,0.6319246678149478,0.6577699238134289,0.5629313904337275,0.6348146112551086,0.572656972941577,0.5757052276954736,0.5966273383755939,0.589805347751872,0.559905102194201,0.5205350437273227,0.7467809653879242,0.5900766913781784,0.45815036422734945,0.4641329793945708,0.6154107958481352,0.5946905859484806,0.5494575788589956,0.4883945905602568,0.562003883873507,0.5683948742945261,0.5686145852618301,0.5897649120595261,0.5727887982256598,0.5533907955812295,0.6157926667389486,0.628318868373901,0.6591261674469735,0.5327228536381746,0.5309231194838585,0.5919595802337899,0.5514206545875254,0.5609680185829694,0.5883628113469984,0.4882371150265807,0.5832784580808072,0.7198204276230667,0.5385873466330743,0.5637510369657639,0.5316182629196283,0.6016507834180308,0.6845113446761452,0.5535420753863651,0.5361222380382785,0.44848931373777473,0.5732681629051368,0.41110193593202504,0.550564692547033,0.5759030362363902,0.5115060329142143,0.6394102843048516,0.5612932704199207,0.6953401687621881,0.6496792813824843,0.5631945470689231,0.6486630534482356,0.5867461628888678,0.5069421615774583,0.6271350373796091,0.562397307235303,0.543723406060572,0.5545014706696972,0.5628777463943133,0.5838615019478284,0.6750834337418153,0.5274194440374474,0.6073131192326259,0.587395916470159,0.6511386679144272,0.5388536347221831,0.5629265729989451,0.6086605777626389,0.5300387499122102,0.607519773113656,0.6648677128517789,0.5819285184692425,0.5274378806180822,0.5567890138820324,0.5528579005791365,0.5645356368028329,0.6127305257831637,0.5563317765379883,0.5226470118096553,0.6405837738585025,0.5306549928517696,0.5260558753232208,0.5395181365638096,0.4795274620326109,0.5726228598215366,0.5422945471970971,0.52763654829001,0.5294768256575917,0.5342077926938957,0.5325635137419086,0.5501569744196757,0.5995579032971634,0.6010101532543874,0.6507705614907511,0.5351897457730135,0.5330916745426224,0.5576784855999803,0.6166713183567833,0.5378267186594906,0.5269477623172559,0.5848599470278045,0.6793850939765961,0.6579327312491412,0.5905677052550463,0.6005114630266359,0.6056542976190393,0.63432767953608,0.5925675441392978,0.5461200731751192,0.5517127869591149,0.5630206697865113,0.6050132074326461,0.575588958198791,0.6068400597490555,0.622514115058971,0.5828708951204019,0.5351009279987674,0.6609548501568397,0.6588521353788043,0.5479115158420828,0.5161213266009568,0.5475072164553576,0.5028944691347974,0.5969743090754558,0.5658132860789088,0.5632945082600781,0.5108256915391635
0.6382919019870936,0.5189416519984777,0.3914660644139161,0.5603230480745205,0.37565417174551835,0.47117029992408865,0.5162598605768883,0.5973135829166492,0.0,0.4297736564891014,0.4620516049243921,0.4356238722406796,0.551079935126591,0.6300644259177671,0.5493955782364106,0.4454345399888631,0.4993223872002301,0.6581626114571527,0.4880394520689899,0.5856774922881205,0.47378743727254674,0.4750480549828827,0.5624343043511778,0.4505990832420499,0.5298074944158826,0.45616860811164445,0.6227491608803029,0.5690371156541695,0.3753480712451036,0.4756851240260589,0.59399814943059,0.5107771136519917,0.5372442818023644,0.5231140671732041,0.633498825074334,0.51430258767152,0.5262483823329812,0.6043036989798442,0.4582413796647907,0.5545618544521451,0.5061898939876749,0.5979702027856024,0.487545314594673,0.46266683742704146,0.5714166842081656,0.5650213274157903,0.43948192624446075,0.40080345505368026,0.5556302386974586,0.5454375268886026,0.5152387093116654,0.47469270338022446,0.5720999147529795,0.4591322478225408,0.44566554609250336,0.6466758314705842,0.5623590403022967,0.4743824182005995,0.5597804189980354,0.5898292326148422,0.5281949471385938,0.5487816985222179,0.4923688637973819,0.5253711790698943,0.5740198226423969,0.5530568515769853,0.6193778522779105,0.4856506226628689,0.5332035390027084,0.6374077367689311,0.5524884671054425,0.5926616718540341,0.5868204016681192,0.536863469727072,0.5732683011671681,0.5826563760872422,0.48461223576105195,0.42022297047036267,0.5490340831657298,0.41872843726550213,0.5044557345319892,0.630736383117022,0.4870170964912289,0.5693541591601325,0.5852209349837426,0.6472583294097415,0.6091170570991293,0.5879740483419865,0.635295196518165,0.656487367042368,0.5217943518540815,0.6255054640407854,0.4774502888009125,0.5528507510503423,0.6230490687114197,0.46727127169802307,0.5096943211914982,0.5673658598055573,0.6013279389048972,0.6166215362972558,0.5584437196104783,0.5036032368888617,0.5391536642144372,0.44191144021330486,0.6230065899828674,0.5023880098910106,0.5003084087264666,0.563747189228662,0.5309874601633823,0.45119941015341547,0.47656452189220466,0.5824061589540337,0.5850750424236639,0.6408114519089733,0.5678375650403156,0.5496536933975678,0.6012768874060059,0.4283481758898238,0.43638468398268,0.6557431281359304,0.48839836702398115,0.5908175327333968,0.5468572770794525,0.5029265885651363,0.6159184537962425,0.42481822500482147,0.5729993414423081,0.4723440976344421,0.45245955021329987,0.5737989301925811,0.6793395792682565,0.4861336326971518,0.5987414723536147,0.6432060230151038,0.48281980276315395,0.5204351231552558,0.472281171824433,0.5696948741121978,0.5237962135006179,0.5758431615374224,0.523148870672782,0.5254683481694601,0.6438131393006038,0.5627204078044744,0.5172321433866016,0.5567213568170657,0.5172459836592426,0.49511648157273536,0.4626997863607028,0.4863432764719997,0.6172281909925693,0.5540302522714873,0.5146765120797135,0.4606578911537361,0.5206221599528065,0.6302052565844407,0.5279176575508908,0.47488547482225174,0.5818356400635426,0.5248786745452032,0.5417114644765708,0.6336488930064614,0.6034554228690491,0.5492101286985547
0.43654800347672956,0.6027244677380751,0.5197235303858365,0.449711159191418,0.37050345786866384,0.5140019547338383,0.47547753565719614,0.5427154523757858,0.4297736564891014,0.0,0.5143625673537651,0.5624548662608583,0.5011776077083117,0.46042311378835205,0.5022661370780223,0.4957053356360707,0.47043751877714096,0.4507084533083127,0.5071948386131907,0.47781197406606846,0.46213144176069076,0.529828461266883,0.4745923114281701,0.43856408511406253,0.6240726560627414,0.39056301459052445,0.4793699053658134,0.4613412636622573,0.6413178025911339,0.4365524769539669,0.5454001857612784,0.568220394564201,0.49021170244867485,0.46126093147548086,0.4739294969365762,0.5469934624550388,0.4870467022676684,0.4842499440019076,0.5213913405701989,0.4515973986509892,0.4807844758528014,0.4686705569491323,0.4819082625790325,0.4725287883257335,0.5252148085726936,0.4388884633409561,0.42120927295962496,0.48234513121989453,0.5120279785464261,0.4557052532190384,0.4392442304233386,0.3949625114116351,0.4243381693914711,0.5020176861605635,0.6090791646214266,0.46075345457465555,0.4265800366786749,0.4964709332820986,0.49771310601356195,0.4554916530275964,0.505511106295871,0.4229631727736802,0.4276641595985244,0.5107837227364346,0.4116403398706694,0.41580080277415327,0.4383636382062313,0.43474184354958584,0.5164047498175374,0.5182856448527738,0.4217887763660004,0.44582743906264083,0.4052092406180597,0.47083111544890893,0.50709589743386,0.4424849833858365,0.4572042054372598,0.4359642886349559,0.4235166385041453,0.36987892140156503,0.47277081515102276,0.4112193796239252,0.46492863108416055,0.49642231199573095,0.4163150962431436,0.47687581148244956,0.48249513905090524,0.4443126355397712,0.47495622026944484,0.433421887768424,0.4157622697180179,0.46704303279640147,0.528020800936479,0.4089481335704134,0.41698067620498835,0.6222396195128768,0.44095495692961617,0.5091557338215007,0.4156540463875872,0.43738619438216286,0.4914284382520778,0.533503900687686,0.4230084561264885,0.6443707411889167,0.43895307996618044,0.42922613922857533,0.47735939505058955,0.5364165290764312,0.4716900360683176,0.4986332182850301,0.4754627521986402,0.41710564975030906,0.435567560088055,0.4696390864527031,0.417757535228228,0.4066145569472654,0.4761048864457426,0.6537941797873467,0.5091546525683989,0.41892297004949386,0.40115628898187083,0.4323794783962309,0.4214694226281391,0.443762630370654,0.4162835332655018,0.6240454045712686,0.40315760909680826,0.4932783213505241,0.6179329558253366,0.4829720793372022,0.5073713075279177,0.45091248162748054,0.4134544674674008,0.40625716010738877,0.5272537185680712,0.4523703224930505,0.48459492151731076,0.4606104018280065,0.5687693502190972,0.5001029965315968,0.5153671452655095,0.5491886999728215,0.43637961406048204,0.49424701688579203,0.5204717554543058,0.4359795945009007,0.4509358083486483,0.5097651104614652,0.7232129726417346,0.5312724402889631,0.43073304323123,0.5307857935356325,0.45738130751270895,0.5276028260927712,0.5467945492606903,0.4797274075693977,0.4476263662827068,0.4569696266965108,0.4378590413103148,0.41367920421149335,0.5152543794683102,0.4379431669267139,0.4371585881581248,0.40262669572686066
0.5409006543904368,0.5987505078211126,0.6024088262862318,0.5229913950351677,0.4896881415830117,0.6960598658518593,0.5666469812552091,0.5392592645796163,0.4620516049243921,0.5143625673537651,0.0,0.6135046319982622,0.6514550049088584,0.48653141210628126,0.5890992672429083,0.7167985721595886,0.6761073247231077,0.5211116342613894,0.5777759454557958,0.5370354661177573,0.645463219917183,0.6949530837460315,0.5131581178175563,0.599626262618636,0.5920463896345645,0.506388767125896,0.4753421784640045,0.5268947247682736,0.5271568135147168,0.5453683573309623,0.5297625672979257,0.6689265704245235,0.5623622447069989,0.5083962791830011,0.5136378018258779,0.5618102501412182,0.6061413824189952,0.5540292145221367,0.61499775576814,0.5810594370721781,0.5798026654647144,0.5973847250112718,0.5999489159053699,0.6470500618906799,0.5398613470029282,0.5161996543631089,0.5076418730649555,0.6538684668487712,0.5913818846068937,0.5598761493657398,0.5749685953626383,0.5328962206444467,0.48622964069658836,0.6102405021603079,0.6290137019819163,0.5110638087751529,0.5479897420561486,0.6904411048516678,0.5000795870112861,0.5270909110679594,0.5605324878051337,0.4892133989842178,0.5963521425974039,0.49173251476740365,0.4797715765104656,0.49083516679939515,0.4851603443813887,0.5412142549081501,0.5267341653863244,0.5627698450542433,0.5400588555339095,0.46806048035806885,0.46417789263604176,0.6226748889621149,0.6029715078260905,0.47029796977730115,0.6221812964060084,0.5570792101452245,0.4835086540759202,0.4832340906076145,0.6094047403224255,0.4771110214267622,0.5803776672268419,0.5557695452217235,0.493272869517453,0.5495149204581459,0.5365716208499014,0.4625729072026817,0.48579432674593226,0.47712311264594826,0.5448007790301415,0.4724637444344075,0.6649339548872795,0.5003188229045789,0.48342931499562,0.5702011442425475,0.470364198166829,0.507670594680867,0.45181810527595,0.4789149380476306,0.50423157581713,0.5786968831707185,0.44477992704462854,0.4826500849901517,0.48663128045700527,0.5440560011776224,0.5659778980106964,0.5749171255057147,0.5577377325075247,0.6394107827294273,0.6365091601724838,0.48897564691482825,0.5171089896756337,0.4869995134308947,0.5016997591452064,0.5382381977882308,0.5184699974115121,0.5917826402130273,0.6618614709080219,0.44751155679701055,0.5429147933354012,0.4656568800103036,0.5201288422329889,0.5861060957433541,0.4624968776063823,0.6059005419651352,0.4647668196591869,0.6030613961975652,0.5912522225764467,0.5267217599958878,0.5081313406146155,0.6439975914536384,0.4655166930006867,0.48380567299773614,0.5758392000947793,0.5597229855892795,0.5746758340460892,0.5452931594466297,0.5411351534369535,0.5470681443983888,0.4897501389187367,0.6472798156778918,0.48928890158094707,0.5140992946088275,0.6258852023491677,0.4762390145093063,0.5827559547164155,0.5796333036224073,0.5525237820639324,0.568691432011619,0.4927217833152043,0.5324660022579282,0.5645627272047047,0.5509156709287628,0.6085351726630734,0.5344773663387733,0.6027412593545696,0.6006583012889313,0.475165830637381,0.5240459756767654,0.5200959784434759,0.48571780992773084,0.45147944305973053,0.5548212836049502
0.47209668175506564,0.6430059985496934,0.6218329703237585,0.5015190132196297,0.44981835113287844,0.6429936485862578,0.54720266656195,0.5537599896117332,0.4356238722406796,0.5624548662608583,0.6135046319982622,0.0,0.5422320046185523,0.43349143422703884,0.5933910298122312,0.5943572538425625,0.565163553676195,0.4640528043380332,0.6172174688086254,0.4960688242181971,0.6005669365532659,0.6405002148285325,0.50061690852483,0.5854867112623687,0.5901772073330258,0.4503665834043737,0.4512532764486074,0.4823782328236018,0.5447964978349936,0.5064919358677926,0.5434561761232403,0.5988916271939398,0.5667013664874394,0.5092724543042697,0.46997720658790476,0.5610956753850528,0.5227328960967139,0.4905580786440238,0.6626145705142394,0.5215318864123843,0.5822466686418366,0.5332971964194801,0.545692899185204,0.5710432534265204,0.5413315070071331,0.4933336884398163,0.4897001839454178,0.5598871221230105,0.5385619818545557,0.5108899046370797,0.520702890447112,0.4849344506493175,0.4543933024845279,0.6253123949103837,0.6225863523217324,0.48481077282916124,0.49100454140104804,0.6432023402868199,0.4709618799362558,0.4992873318611235,0.5249725729414969,0.4449261475357427,0.5106053972483976,0.463262707858309,0.44435416951715573,0.4493940357184417,0.44619560422063237,0.47688147683926857,0.4695144150806454,0.5125325965610469,0.4780308234966722,0.4285247652103591,0.4113457491689685,0.5528536671039179,0.5405633810425943,0.43553018011197775,0.5385989414614466,0.5143733207918199,0.4598536497221581,0.41614447096178353,0.5291998867249329,0.4537759921416265,0.5495426124526581,0.48973209365334064,0.44817552158412977,0.5219735906933066,0.4789766551701844,0.42977751205697584,0.46745324370937397,0.4658047709950683,0.4758430332928206,0.4748260993193219,0.6025915199999788,0.4532244953381901,0.43484721963296924,0.597340626913497,0.462657385193687,0.5205767844053956,0.4121893753692701,0.4581795095809545,0.46147531203226655,0.5621087903219822,0.4283525480936547,0.5461975068951866,0.4480612740653511,0.5050716324435099,0.5482384366230206,0.5496798207015905,0.533962830978716,0.62125741818515,0.6086245904378416,0.4448838159453231,0.4516279089154388,0.4469606250575695,0.4535316501702615,0.4837362187417178,0.4893990815765029,0.5929246298959961,0.5971006205374615,0.409441421024638,0.466245139577398,0.43947571589765655,0.4580140548069537,0.5351349909046172,0.41072258587998156,0.6630888028710158,0.4300235656785738,0.6149803497843054,0.6202730854401018,0.4811770611739457,0.4885807323183281,0.5458538684424946,0.4093690014076213,0.43976720775442507,0.5646367616058783,0.48404331815510665,0.553218582077383,0.5007468436955544,0.5353982685074722,0.5363442602155507,0.4705439217047048,0.5464570834004211,0.4688592674715458,0.4881265716738272,0.5524606313399455,0.452618372810354,0.5694246675746737,0.5636931211375823,0.5876285893548258,0.5221746689409331,0.4578469349671748,0.5053446487339018,0.531201961156196,0.5971822392993301,0.640097089742261,0.49623858828089923,0.5100824348970748,0.5692175709658744,0.43358892209486305,0.4477465170221884,0.4882462968878256,0.43788137041507985,0.4310043270461416,0.46965147881214436
