0,1,2,3,4,5,6,7,8,9,10,11,12,13,14,15,16,17,18,19,20,21,22,23,24,25,26,27,28,29,30,31,32,33,34,35,36,37,38,39,40,41,42,43,44,45,46,47,48,49,50,51,52,53,54,55,56,57,58,59,60,61,62,63,64,65,66,67,68,69,70,71,72,73,74,75,76,77,78,79,80,81,82,83,84,85,86,87,88,89,90,91,92,93,94,95,96,97,98,99,100,101,102,103,104,105,106,107,108,109,110,111,112,113,114,115,116,117,118,119,120,121,122,123,124,125,126,127,128,129,130,131,132,133,134,135,136,137,138,139,140,141,142,143,144,145,146,147,148,149,150,151,152,153,154,155,156,157,158,159,160,161,162,163
0.0,0.41472691853607985,0.4630044534995845,0.30413679231858026,0.32783292063468444,0.42649680261190975,0.3020993032157787,0.4025952378972946,0.4049118791387882,0.4345363306552879,0.4258346941201881,0.3141049171502828,0.5696301387405015,0.3418881750507599,0.3324993322087323,0.4293493475966853,0.41220210752017233,0.44565563966170907,0.37910374799444296,0.5199514671013856,0.37427827847375,0.4286790987582807,0.35845617368828814,0.3397674961092375,0.4514872965183731,0.30271644166400463,0.29701739560280976,0.43450198321394756,0.3673951623540579,0.30969031155147414,0.3388064720854458,0.4392774744326558,0.29686073573450467,0.3002297768048609,0.44239927745498936,0.28590783819798193,0.4356211481894695,0.3978485922081512,0.282069519630044,0.4140999216034934,0.29818562894101613,0.3904610780000771,0.33536804656789654,0.33560395151310646,0.348592970895823,0.34458028251537626,0.3039230483473392,0.34744194370981113,0.4283042880533672,0.36442103024547373,0.36022101905551274,0.371987119757267,0.30511720813418447,0.3256850513578355,0.31430628787609405,0.37974496545009884,0.438749211306469,0.3678821605156345,0.35851993386179604,0.31993303673967305,0.39804746023762355,0.24962697416283056,0.4035580074596402,0.28679827823464776,0.30633454666077337,0.329982176676606,0.3577643026640174,0.3933721799600354,0.32901900954530067,0.4673726280388362,0.4306267730523266,0.31520442731854703,0.4378861311284385,0.4122534139946629,0.4149084853125565,0.3443478973092707,0.3234074825873555,0.3126284098083654,0.32053796062123757,0.28617555347723306,0.4000453700640631,0.36741518294751646,0.3943077159474273,0.4358996602102007,0.3540443033988042,0.456847201987182,0.40816140261388456,0.3496670550316314,0.37775963636241794,0.3022374950409635,0.3699251315831731,0.2836561403173633,0.3752891812222534,0.3622715705498825,0.3932586549888779,0.33845313541174693,0.26669720933425045,0.31523437112259906,0.2629907018749119,0.36242002813700586,0.28797726400356694,0.28745375477214824,0.26102931724200523,0.287333908512702,0.3745724468685794,0.3590967063463143,0.3127537501762986,0.4925410768266781,0.3283762610792749,0.3412618545037218,0.32489625844423825,0.33033316784314887,0.39868147217930916,0.3324779344479585,0.3393347900166382,0.43815516569315865,0.3957114034662466,0.39366765017085475,0.3824235733994189,0.31347810087786737,0.3331191538990977,0.2837930362344106,0.36423510918213514,0.3991596258512048,0.3610962061562805,0.33792683849745164,0.2871925115814266,0.25563155469584775,0.32474971993533513,0.3543992118672721,0.33785432733739384,0.42375850047556957,0.3263328318794947,0.36676608223387774,0.34600214359413045,0.3427566375920936,0.3692934246858353,0.34485643701506513,0.39386490865424667,0.3306797968535514,0.3114066937739714,0.3455122641586429,0.37617626830417866,0.3301291908359569,0.3515873148342472,0.3454673650070441,0.3671604588307237,0.3150045908732422,0.4998643873517496,0.22104630590252003,0.3953071856517229,0.3468251711691488,0.3341557869034303,0.2902120373296105,0.3416341677300056,0.3825462982868155,0.40626446092009894,0.36599180527242575,0.33926756997573077,0.3816713254072343,0.3192905152167356,0.42442521929582505,0.2708361573330826,0.5008738613525329
0.41472691853607985,0.0,0.3811073330061759,0.3415692134171128,0.2864738021561066,0.4907917558709747,0.34804178642830685,0.5031165684111932,0.3704923915121679,0.5419508916296971,0.31295958673682306,0.38713721680708124,0.41658975202162946,0.35379888346203797,0.3618287636948455,0.36929152905381873,0.3629792751864988,0.32357668603615325,0.4049607601245764,0.40832952842763937,0.37420326505531,0.3794660276888467,0.3608514868490306,0.3591288719339645,0.44617918579780685,0.3318985011157971,0.2919792717438326,0.3748449731951807,0.45290760842647937,0.2771961661507738,0.44498417568310694,0.48200257461873214,0.3734426441168901,0.36419460046801727,0.4445832725386889,0.3502660108809253,0.37113539189360023,0.3690337495638138,0.32652213631586596,0.43088722310813443,0.3739638396008409,0.36044410176530983,0.2994271534995449,0.33775093758317626,0.44003621136576193,0.3281979661829949,0.37034516330431194,0.3054660112948895,0.42603191112756894,0.36880763966444285,0.37509092750791,0.4234031483704455,0.3411822111495819,0.38454095547501127,0.39788127533889983,0.5003387766255977,0.40565652143304654,0.3215533640218886,0.3755569173670528,0.3796082573536958,0.4046857133300893,0.2711103926140284,0.34839229340402067,0.2817954052426761,0.3078017642241875,0.3101532671089301,0.3421517553263591,0.35006569285831995,0.2621415547275912,0.3714030458137492,0.40784633076090593,0.3827750794066475,0.3377046550126243,0.42323588161227427,0.36643184402518797,0.3531367462811847,0.3339201042622354,0.3891622255550902,0.32204388451889926,0.3106658507745182,0.35748937745497417,0.3940635875643278,0.4583537468630258,0.38612139085373676,0.3792673375869305,0.5756663377759302,0.3522423191883492,0.3540569973639867,0.4163721321486675,0.36957410981669403,0.3036733850457875,0.3612967758717088,0.39239155765906414,0.3821081094050841,0.3895297761084995,0.40054981082130864,0.3151508024529471,0.4138676227167324,0.2983034912438685,0.45201027827965906,0.3219158006781184,0.2784111638631051,0.2559968384110379,0.30192906282170334,0.3777248946363007,0.3830017918988702,0.3146631900222873,0.44056558383166755,0.3436798265794066,0.3475797270694878,0.34105429828539235,0.3493252789657173,0.40872089093644476,0.3013127492928575,0.3895438898015562,0.5072006420050423,0.44806422970563115,0.32857141916468957,0.36309965563857477,0.32266764198225,0.3693834087899605,0.3330300323270568,0.3889749179210143,0.42088463758964373,0.3863571054514786,0.4213704137524499,0.3471636781846288,0.3238656712071323,0.42314640466732845,0.35835007357132215,0.36777013892595084,0.36013787508560857,0.3359836832898008,0.4519909036490777,0.3137528026489482,0.31549479306829553,0.3868310404415196,0.426608373604154,0.36653512457617843,0.3236332536307393,0.30414947212574966,0.3523535714953802,0.46501486161611183,0.33681825835962603,0.3650476523319531,0.38499715702573784,0.4602162085815035,0.31757338928236967,0.5040675282322845,0.2183105061239348,0.37603375650822285,0.3826335290854432,0.27953252876740314,0.32811084950086883,0.34228885465877784,0.34145111867750316,0.34382899715029985,0.42284441459822397,0.3670732058114325,0.4382525235324475,0.3273524163381662,0.49145543871987396,0.28384037720813127,0.35792473359605437
0.4630044534995845,0.3811073330061759,0.0,0.32771707755038676,0.4234309845277962,0.3519351228599389,0.3464460371711304,0.4020765489780084,0.42516722190513606,0.4649740225660134,0.4178809016100953,0.33656681524267906,0.4113741559464137,0.33151809065784343,0.36410128363293487,0.5061944831277501,0.47462917429431706,0.4674205912737393,0.39052175837779385,0.3676690555048888,0.45475896201593125,0.598994710594589,0.3744070612748818,0.36501291592866747,0.4005264264290467,0.3186707216304921,0.31892538873386495,0.4117519891692397,0.3412449000091351,0.36095753854888246,0.3306444178615647,0.4024410109648943,0.29011083342217203,0.28575352792695347,0.34276101853497654,0.28107164559207837,0.36207612573306025,0.39514592903614004,0.3101461071029157,0.43663710132669076,0.2936238235054861,0.44832471327843393,0.3529847763760995,0.30047841292066835,0.35806545154992603,0.3209668606723171,0.3047681241747688,0.31101861807431735,0.4447693364455385,0.3448718026388104,0.3792275626636754,0.3617784530282313,0.2870244693858387,0.3534992601555491,0.32084192469129336,0.30368341629377904,0.4009597410706357,0.4165973872058935,0.3800434068747356,0.30531197524905207,0.32632257731040537,0.23526245738295476,0.3946095559765804,0.27604786301533407,0.3116619015485449,0.3005986766158342,0.30125570307706195,0.3787854434765814,0.35717994266280395,0.5112145950086038,0.3925533568021248,0.2957639238342785,0.35842695833293214,0.5211095376987802,0.4136930421583936,0.2668723710929557,0.37129225478011835,0.34627690538357986,0.2905835043999163,0.25355904074081104,0.3194761318899549,0.4068549724336149,0.4271236105512441,0.31557861511032714,0.33798121893317495,0.45270931921401847,0.3128640988446172,0.3244730523534139,0.33315941301105323,0.264860648288,0.402048460122375,0.27002361390074897,0.3690352778425519,0.2890381866304767,0.38967386312890334,0.29901905621118363,0.2562408851177839,0.2974695726189702,0.2545870346241312,0.33384458293367647,0.24856550646911676,0.3148072217878378,0.25384163079401917,0.30008419185186846,0.33703793919342157,0.36135795824978567,0.29967175779197414,0.44778764260905674,0.3120172578481204,0.33838634875313256,0.3324956346215269,0.3105778075037113,0.3096832674105782,0.3416702986537478,0.30022091431056813,0.4994991108918257,0.31979354393999077,0.44071432058773224,0.3322136771208,0.309542945039531,0.3661825081439405,0.2733878077619629,0.28846991401236916,0.39402327239883456,0.2839311614264981,0.3274736246516344,0.2895358374531065,0.28764215600061793,0.3128141985570677,0.325689889353816,0.3493108582934471,0.5088172103898752,0.2724656057758991,0.326996730004912,0.32051719381718763,0.2797861858780423,0.2985961783000495,0.33134750108631034,0.42284511319281515,0.3459433018729885,0.2665938646299223,0.32571617460558727,0.37654848692023846,0.33110973777568276,0.31380236425624874,0.3210016021547816,0.4174188509271789,0.3211217000345175,0.4447987656826142,0.2216347902918083,0.3275855302776488,0.3012425906693062,0.3767789250034938,0.32364849188771916,0.35667052753290146,0.3456787404571016,0.4091598927299863,0.3898007510931323,0.27178463929435154,0.3718810055007449,0.31814518275918247,0.3082102321208605,0.28298288677392847,0.49939146830152226
0.30413679231858026,0.3415692134171128,0.32771707755038676,0.0,0.30519521647522335,0.3135867907486373,0.42092356564528866,0.36617742523097335,0.28619730744159416,0.37546442693673354,0.32668035473981766,0.4023751144913236,0.2844198160416453,0.2709089699271014,0.3678851302436781,0.292724647113895,0.3137070148296436,0.30801081043948936,0.45021493677260505,0.2893319572274571,0.42514301319642306,0.30879353670519494,0.35878865120682735,0.2954756854181063,0.3804770962814988,0.34216235457793337,0.26541428377568343,0.30315406724106164,0.33077280295126676,0.23936048229334456,0.33255264805294416,0.32637707693122087,0.46228398437734436,0.31223647818771405,0.32782989447051614,0.3710729098318947,0.31962245206474416,0.33820962906006624,0.36708485305150845,0.4186722845102048,0.38539229261726393,0.28984670568161924,0.3454421628113477,0.3751642290587871,0.32157342636091346,0.31195244987296716,0.2582750833023467,0.3265350635930875,0.41891246939613047,0.33305932213113076,0.44348178310502756,0.3986555289543149,0.3014171070691598,0.4719616453002742,0.41620144260008746,0.2891585877719032,0.3989435070446438,0.3472780467315441,0.3844382945656694,0.3249615132457352,0.3480120700441981,0.25743337500601216,0.3628022718707935,0.2759589831404559,0.3475570220853309,0.3102951946283627,0.3333029393845754,0.2805644905179033,0.2900944724851784,0.3243111127672146,0.3466804274602554,0.3184330875624404,0.30926107086994165,0.44722219416153003,0.30243224066666097,0.2628961224385065,0.4112047687642611,0.3614793607486807,0.32613604694045856,0.23798664068407682,0.3227096933484243,0.46809386722560503,0.32470175560521547,0.29260427408369916,0.42919507020909825,0.34540756260522876,0.35244906476557575,0.3820207062560751,0.32341830074346667,0.26255665314958676,0.35717485379115704,0.34118277867686886,0.3390389415518922,0.3007968576592661,0.4210253088676353,0.34150610963525974,0.28135192581007734,0.3488158609005217,0.29249399309477114,0.3317584007209523,0.27614062731407313,0.35144927802322945,0.4104148715075161,0.3883655279749975,0.34436613367865276,0.31189535130410473,0.3305764795309756,0.3232789906427465,0.31094088339348547,0.27977533664885357,0.4257990763745599,0.3915964693141883,0.3623001287644072,0.3287828336544073,0.3405026429616415,0.29151734062021584,0.34536678309290453,0.3471754095536275,0.41242476223107244,0.3050352760045999,0.35023162372087463,0.3966673638481138,0.306814691921231,0.34227845928449235,0.29797721434992175,0.3356880955012351,0.3245728816590463,0.2778334367051154,0.37810283925186233,0.369315248649088,0.2449718600929493,0.34666396034908425,0.289703930371749,0.3666640778437992,0.3396587066394977,0.27996413495209127,0.24327203393227617,0.3817931522403021,0.39251023093223597,0.36408995572318154,0.4028370209848519,0.290806195951732,0.4233733341313894,0.3698826750622965,0.33983036150450796,0.3812704978355814,0.39498297220495254,0.309564822352307,0.3512916487681296,0.21010649071906834,0.39840626020298386,0.3956976231798152,0.32543370484099793,0.29515046605653217,0.4157773005295716,0.30718499138939215,0.28171233018129904,0.3465849616394943,0.4186974431878953,0.3557587157160374,0.3254945036655754,0.3349675190467798,0.3508936360207274,0.33722030263013936
0.32783292063468444,0.2864738021561066,0.4234309845277962,0.30519521647522335,0.0,0.2607718175088885,0.35521418077322603,0.2968063588865501,0.32382064520262777,0.35047355704207617,0.38157902614281713,0.3127753286317234,0.2837325153645397,0.275132528093568,0.30303245848250376,0.361967683760734,0.36370934708762637,0.37605375073409686,0.32618438724213455,0.27148907060207866,0.3531272855470892,0.38278640473442466,0.45721828742516624,0.2795969510707034,0.32362612845372035,0.29090041054402,0.34700120296573506,0.3179783277005308,0.2936435865156082,0.3571339623993419,0.27069902859529377,0.29325519783183274,0.25771567300975606,0.26215379256522964,0.3020841479885432,0.3016859694395407,0.2825842300964726,0.3234636781281406,0.28948169834614507,0.3366202388746443,0.2944166650659739,0.4043758552123459,0.3027066055543862,0.269071430621861,0.2558350097173699,0.2748038241563223,0.29255638288702523,0.2788088574282853,0.3751187957507439,0.30980579917821605,0.33366503138343395,0.2867945774454422,0.27064208908256704,0.2829783093363897,0.29315038494158846,0.25886660331795397,0.30122478015006476,0.4670449918468176,0.3038150724087458,0.27777649025665596,0.24179010082751676,0.23197024837213384,0.30395616347731147,0.2859916200433474,0.26426080391531914,0.22691518689246268,0.25663317386706347,0.27514100974818223,0.31457637384210824,0.37631728937378434,0.2899417208343586,0.25085838413335576,0.30326047772780734,0.3424327268445734,0.30076719969946564,0.2248667041127488,0.3124679096417598,0.3973832172169013,0.2514379850912314,0.22154927286841664,0.27120465952184014,0.35180880350208565,0.31226446370613065,0.24545293185197853,0.30456796188240914,0.2998911112689027,0.27636802390059556,0.30304094483753446,0.26802038738544726,0.22931711962295814,0.5089715268363496,0.28248701978419505,0.36534820041730864,0.22793496447568376,0.33478139313162375,0.2552576325928284,0.20709793062564072,0.2621586261707072,0.26770827117471774,0.26399617102430123,0.21752365403557544,0.28199323489208294,0.29189670762166375,0.28264213369632596,0.2865052952774444,0.2842087935996224,0.2601281729738352,0.37764065962820165,0.2978116263351145,0.26337450852698285,0.30351822010663315,0.3342257566891876,0.2588357814195012,0.3694000326336232,0.25426104873241584,0.3487636510626696,0.2740977983061013,0.358653500932623,0.28429486400022175,0.3321713060136487,0.3369113514224357,0.29999137052357877,0.24546634466910838,0.31629434397023626,0.25022651603153295,0.26454155856234995,0.2850330016642557,0.25582305998365584,0.26655367144527203,0.2707692451701114,0.2878450401850719,0.3353642725843694,0.23326937935517408,0.3060019419356996,0.2552707475771613,0.23697745473894094,0.2346261536942803,0.3042612938763205,0.34024277521881957,0.34343842491142085,0.22677454176626197,0.2836267153164738,0.34217384038218074,0.3461611409504012,0.28285079673250507,0.31218418735421216,0.3332195848939428,0.29246226302495343,0.31940141681229217,0.23666273500243443,0.2774652934302052,0.2859467242868913,0.37780916654294705,0.3157757165891382,0.3282356483516574,0.2662863355031154,0.2728889733696519,0.3086761207342053,0.24660589592129106,0.29745526610577266,0.2635772935329026,0.27014413683239574,0.30841670800750043,0.42915677091137516
0.42649680261190975,0.4907917558709747,0.3519351228599389,0.3135867907486373,0.2607718175088885,0.0,0.31565352891054815,0.3722708133973918,0.3120470206365295,0.37170223328358737,0.33680597432731557,0.37215821327872906,0.4780176653808882,0.28760800889043603,0.33111611809564423,0.3514823382164431,0.32342397847320753,0.2792987805903439,0.37019736978622764,0.39736478748651444,0.3343509456301945,0.3393422993521882,0.2825520866084542,0.31379613838822495,0.39225506134632604,0.29815979190194664,0.2483335339491999,0.3097723904188996,0.4047710595664429,0.2567443396957098,0.3640623674079514,0.4559638737321834,0.3559671697165695,0.30967751685358197,0.40026254017289903,0.2941970542773724,0.40004985256694137,0.32096921126019884,0.2915991586328942,0.33492340666400733,0.33727108164685027,0.30004276182007855,0.2878689162080505,0.3676199322469466,0.35053120871950966,0.2877067942955768,0.3112172616529573,0.3373412871002278,0.325307031023543,0.33758667102258977,0.33725110249030904,0.43808176866986287,0.2875469552693978,0.3611526216378111,0.34828022570629363,0.4034462533904901,0.36014927247435724,0.3429692836199482,0.292698567822496,0.3155171650243695,0.4082592936409637,0.2574909966019393,0.3621652255667138,0.24153769009531165,0.2668031803443447,0.2778741472348823,0.3234301439275511,0.363737875147176,0.23615387035763336,0.3226409484511749,0.3743463435372593,0.3003484451604147,0.33235362223065174,0.361671561614007,0.3314940299263802,0.31714713488690716,0.30342909894852804,0.32322974197540166,0.2809755698083491,0.3334865839316315,0.35635696361809205,0.3333843302985262,0.3641821652508042,0.39306606165651736,0.31384581803148603,0.4318701690712125,0.37231310329656003,0.3079361523932826,0.35822203490401333,0.31555999059798123,0.299929309662583,0.33476514801410334,0.3516843328292453,0.3373437249085619,0.3154803807288515,0.3922735126106424,0.2883303818839869,0.3700446777164188,0.25975941540399927,0.3603701054325409,0.2903125016750349,0.24978037302281195,0.2483470751139744,0.27659641113523153,0.35102297035621155,0.3578526714849004,0.2881241188773306,0.33183597006224247,0.2907957844365753,0.33404100837985407,0.3370356039664741,0.2913230050411554,0.4243279342832959,0.2697413113192588,0.3303361376759965,0.39285911936231316,0.36549087478622966,0.29715232212431913,0.40407078434553484,0.2877352490128392,0.3259821959329265,0.30664544173946034,0.38363530927422707,0.36636785051881254,0.3847073755573117,0.4003330925810292,0.30160868938643937,0.2802751119724319,0.35300387342392797,0.29785911326274694,0.29843035150113395,0.35552129458386056,0.3544309031480339,0.3852922060621143,0.3165116768894446,0.29485752757521466,0.36552459563452855,0.33035504277335254,0.3043379595064873,0.2810967132461755,0.3099087138203642,0.31560019858171656,0.34869447089132927,0.29732937117076497,0.3250829141140038,0.3305233682014099,0.38860073312567983,0.2837288431316118,0.3878777220796088,0.19729446170015782,0.34259691425701466,0.32780871386777544,0.24558878710571874,0.2658248110751688,0.3274571342962447,0.327707130317392,0.3660494837347322,0.3720506302879968,0.3692227256356953,0.3841830096136256,0.2642119141315038,0.4434636216005559,0.23990283096276022,0.3520954407509153
0.3020993032157787,0.34804178642830685,0.3464460371711304,0.42092356564528866,0.35521418077322603,0.31565352891054815,0.0,0.34453526617989944,0.28595086949634274,0.416157570704015,0.29130996314082364,0.4779465638841164,0.28900748160982126,0.24796761081896393,0.5123709053052058,0.28521064915606054,0.2877234280560413,0.3019197707093429,0.39007361146400665,0.26264184653251443,0.4090250877726526,0.3336763697283836,0.4229716629414597,0.3904207079361834,0.4164233347694791,0.37047838738467964,0.2669822295575364,0.2641102709811807,0.3172522998897801,0.26113883879662225,0.3941693511778731,0.3094033962885193,0.4153782417527625,0.34927393840707655,0.2979335182353958,0.3126538679757232,0.3715024779860962,0.2826988226162286,0.38775218129653305,0.41843143883507794,0.4068987820674362,0.3328800535987008,0.38526614571486023,0.394912576768753,0.370527803602994,0.35960543331199146,0.3462386970121378,0.3347049650434048,0.4342265594327912,0.28395335704308744,0.42038272771065294,0.3618448054375285,0.2628498475139469,0.43199529927073305,0.3810240917627722,0.34143632306848803,0.31948801878958694,0.35098187472695286,0.3541643946393635,0.2808723827297079,0.2865603457722169,0.25396372139217277,0.30034969683522733,0.26050014258597043,0.3424438269162234,0.2869355103207196,0.35102041760706476,0.3793694724673758,0.2638350118984812,0.320662490159503,0.3886473623305262,0.286595584229613,0.2610970893108869,0.38459179859304504,0.24950263263306707,0.2839263384312557,0.3862568294518342,0.44997417915953586,0.32646496245444423,0.26240616722404,0.3535506985903951,0.45993897965889174,0.37192354302897784,0.2459205380182978,0.34600880431193687,0.3399410931646881,0.31196375512031316,0.3223497764585776,0.33466946586169427,0.3063915510568853,0.3455204806585508,0.4468262226573288,0.31557367236370093,0.28475478635114365,0.3504924247996899,0.4289603385612648,0.26017121058503334,0.44273491922442215,0.2734856129590938,0.36283384204282315,0.27899056676701267,0.37691569265196606,0.4042133562603219,0.44964440898362235,0.28280308607557597,0.3735772312237978,0.3181652022538135,0.34659489553401424,0.3846435923940111,0.36737083449471786,0.46915375246008295,0.33753211097856145,0.30021537330772013,0.28389784473680124,0.30018371919669407,0.3075970315736398,0.32427894565030413,0.3524774166956245,0.3390136185864525,0.27970941883685063,0.32334365965730344,0.35534891356324494,0.2765792658479969,0.4344090319338655,0.27133358575749505,0.39483103262892466,0.27731306624798124,0.3512025558280871,0.336975472608602,0.3567874995239365,0.2533309973647882,0.2929737024504397,0.24358936257429342,0.2985106682969298,0.3321142050963675,0.31047552770146575,0.3002854978304428,0.4220825690990602,0.3656003469163865,0.4110070289959979,0.3372877081670549,0.267734889807882,0.3970084233894075,0.3081635605170163,0.3675561105534227,0.46103715628091824,0.40860964519765847,0.39590954916016274,0.366059597946802,0.1991449952218494,0.3726086167167464,0.3501198506043401,0.2825398127495262,0.3988975554755914,0.5849921646352293,0.3719398112484535,0.29185835278448186,0.47416542843897064,0.3300299933185027,0.3208392714396236,0.362375431039521,0.3010183872979821,0.40501260379809406,0.3436524912734922
0.4025952378972946,0.5031165684111932,0.4020765489780084,0.36617742523097335,0.2968063588865501,0.3722708133973918,0.34453526617989944,0.0,0.4189197461666019,0.5037424871843247,0.30495042761360946,0.43293414159362803,0.3993933148097533,0.3022024990696629,0.3777985544711126,0.379351602442759,0.3854630328015902,0.3521780191523207,0.4302765522088712,0.39468157062599757,0.41362899363345124,0.34550761917870004,0.3790112685065259,0.3268336085991235,0.4243278351062972,0.33594243504774435,0.3288407202605771,0.3695538700899973,0.33437852699320986,0.3156329008292771,0.4763455558871342,0.4380068071025116,0.3596411358804354,0.34341916262031896,0.37688813139197475,0.35994572158279414,0.38995280958864026,0.40547255554131084,0.3713265224002243,0.45524865563409533,0.3549789381506327,0.33243211206016526,0.3611088063130933,0.3178480625687733,0.4629045253935406,0.37378610698480447,0.3570334369072607,0.3045770903794349,0.4499496659975014,0.3818124648466105,0.4103598184595151,0.3853277583439882,0.3301374257109145,0.37653979738831667,0.3954137475979267,0.38565386130131524,0.44429607851768543,0.3862998368969954,0.40304239253047836,0.37284819338264347,0.4195131481567595,0.2730836591781699,0.38003141154014486,0.292205873960331,0.32167807020554157,0.3058961763257773,0.3450366883936131,0.3382788445233688,0.3038181803232753,0.4282410200425905,0.3950469214691705,0.37050355170522165,0.3291195561309417,0.4793794473088174,0.37456909579008746,0.317490051604535,0.3867407589131666,0.3809423995968015,0.38786794847830186,0.26017949466309637,0.32208935034280184,0.4443360785204812,0.4348473906069076,0.35962959932238414,0.4467930354242375,0.5889660202936955,0.41793397775450675,0.42786298443699605,0.4644905230542067,0.32399572556322903,0.3363448314743444,0.35060480460606863,0.3912773244795362,0.33208329647835244,0.4325117380321364,0.36644871031521425,0.32378147786335953,0.3824330122513949,0.29952534117750323,0.4297650426745594,0.2883407593878797,0.35701009826083,0.29251240265465783,0.3401322808043837,0.4233662245147604,0.42124345142690534,0.35838039236201863,0.3997273840956736,0.3648028932318366,0.31833411035108794,0.31970481019563235,0.3955253198984689,0.37448032317685903,0.3483176908461871,0.37885646854167515,0.4307883071881735,0.41866029639455143,0.38274705392411684,0.32320590048519826,0.3129437224720379,0.3745088384508552,0.4035936101683682,0.32785098910028765,0.39305535566247185,0.3356088017143851,0.3663576669017358,0.3391493269137546,0.3561828064567738,0.37115766916406995,0.39530418006502227,0.3637139583243636,0.3884810792831132,0.3315595711592393,0.3583971489540072,0.31822733270737824,0.2838903926705919,0.34589522255956173,0.41641557245352134,0.42742495166433536,0.3867847107623239,0.28760466702767395,0.30739557354022495,0.512624014104697,0.37704497417185473,0.3502539996186601,0.43927993736695975,0.5400141733226099,0.3349900689232541,0.5198066964946572,0.2187104064348334,0.4021701782623253,0.3939052238900704,0.30916634067196813,0.35054476373286414,0.38496708684595343,0.3578596628782314,0.32965123901883764,0.3971644816483662,0.3256199722308633,0.40676911919966796,0.31730561125903517,0.39865963451189046,0.31307388009899106,0.341177964448263
0.4049118791387882,0.3704923915121679,0.42516722190513606,0.28619730744159416,0.32382064520262777,0.3120470206365295,0.28595086949634274,0.4189197461666019,0.0,0.39341267735153423,0.34599179609739333,0.32995844830363597,0.3636680693345965,0.3599371936704671,0.2872681266110517,0.4284618919895549,0.43611055625845024,0.4037095963229541,0.3156564770502817,0.36578387083304637,0.32216694587344175,0.4471853578489698,0.3256889945561902,0.2723284131786058,0.35008827367972073,0.2727577857474015,0.3893042981349462,0.4220709076418682,0.3121509885542481,0.4365396181952987,0.36015840374920033,0.38414527654861974,0.2704456827913755,0.28039303980874675,0.3568769580971662,0.271387149113389,0.31540595952207673,0.41540509118314256,0.2939430884377021,0.3502044230001938,0.25987126306186487,0.45156300236579294,0.2811508281915773,0.2725811233076842,0.3528179587814598,0.29264261472080405,0.28425092466576096,0.2560947336530746,0.36148499009208807,0.3150213622604483,0.3021774291567535,0.2962368641646075,0.29257374079670045,0.30741863519148693,0.2994256834570759,0.37045917623666336,0.352576856753767,0.39220858222995963,0.3250528387210311,0.28353150324737786,0.3123708282446996,0.23999580695947378,0.3102417519504891,0.2940019425848695,0.27341417456176276,0.2642195348333398,0.31412402085378643,0.29963174676151155,0.335269256845942,0.41723967635592785,0.3382024485081598,0.304871481640625,0.3798522784617401,0.36348124184878305,0.4410441110691101,0.27782145967097005,0.31317918413427326,0.297522694612718,0.2827759589083056,0.23938731975326305,0.278320099091351,0.3535086502370305,0.4056753376731972,0.30537992880252723,0.3493278338273139,0.4354513817647651,0.32298762042279777,0.34915454340749197,0.3415987899089204,0.3236806310786575,0.38237819931627826,0.29630969261969325,0.3261999286780105,0.2796505094251182,0.3942607525873797,0.31723957750109233,0.2734302753354447,0.31630105207039655,0.2842410379213533,0.3136737106181197,0.2684654819853468,0.2764806103336912,0.24927936347221913,0.2646482454774996,0.34085477558675514,0.3161974690862279,0.27420419739371904,0.43398746589183,0.2844337264935353,0.27356928441906697,0.27026431425296915,0.32501107352751735,0.30986108183143773,0.43701808659736935,0.2833977551955648,0.45118644920638756,0.32996913116037996,0.3559541586534724,0.2779816248647765,0.3533914903424525,0.32957936327449094,0.29125865330196005,0.2831376311395036,0.32151643195645363,0.334417651005533,0.2886026384052989,0.2987841594600421,0.28164448962639027,0.29342930978346865,0.31399918280307704,0.5377015810881175,0.40793245758916136,0.2969781618322451,0.3465645025303164,0.27521058129583315,0.2614405073216042,0.31300535356391895,0.307314872230055,0.37965300658200263,0.3205142940528436,0.25094905377067067,0.334367298434779,0.37758386424863005,0.3634781376967594,0.3056714955054024,0.3346168081075401,0.4257381837541121,0.28354532708376595,0.40955510771181597,0.24728514105616542,0.3217221483209239,0.31150989453098854,0.3556598241461564,0.32080960125244684,0.3011091122236101,0.31444542437026257,0.3116970418193911,0.3359242123096873,0.28737656193262545,0.35345730912349543,0.2658204147546035,0.3274569227887497,0.2896071867793641,0.36299066650770656
0.4345363306552879,0.5419508916296971,0.4649740225660134,0.37546442693673354,0.35047355704207617,0.37170223328358737,0.416157570704015,0.5037424871843247,0.39341267735153423,0.0,0.33248960354057294,0.3688305081525768,0.38487666294913864,0.3222501284016221,0.40952756285919867,0.3580230324903741,0.3630852519447112,0.4114993464446904,0.4555337798133802,0.3687243377622399,0.4311813216543142,0.3994710498350643,0.47981293685255544,0.37023128430113095,0.5544006618263873,0.3336689060175304,0.3018441770201575,0.3692635351553613,0.3896296821097723,0.305350653524529,0.4323676149405891,0.43128658019248656,0.32656965245895125,0.33380228747986773,0.3924535133101864,0.32239263751174463,0.40123199604394966,0.36061793810747744,0.3050813026504034,0.47714973187667664,0.33069267999743857,0.4007162657753081,0.36523363202145276,0.32536382618114185,0.39652800664894056,0.3420320917914912,0.34658604752196154,0.3211997351327069,0.5790466779913552,0.3356138275177306,0.40735425879309756,0.385923249870573,0.31103750954686926,0.37985188743633375,0.3673991808204238,0.404290986524238,0.4230662312813945,0.3302249979588061,0.45539849931173904,0.3301109060751313,0.3586496068152098,0.2560493835172169,0.3744863213221429,0.277638623287741,0.3453223440098758,0.3192771597192483,0.3296836375629499,0.4034010892870748,0.32699504310859484,0.4736738110677868,0.4114077744568384,0.37192161862149437,0.3118826359381378,0.4983200555528006,0.33858183807558745,0.3285214965210344,0.36059666236605403,0.3920860483049646,0.32487515598814787,0.2735915647184198,0.3766901221254043,0.46361982324013107,0.5180875463665773,0.34749515508642514,0.38233410460199885,0.5305996447193122,0.37162753110691965,0.39343351476014443,0.4003209241939384,0.3063311738092649,0.3412010945312363,0.3343150558972046,0.3716165417516281,0.3181432839112215,0.441192275462223,0.38250774581941743,0.27432246183502085,0.3818814432963839,0.29629224940211313,0.39579127907050593,0.2902839205467549,0.32669372126812407,0.304173286276544,0.38063060897596696,0.354097853130724,0.3645475870987198,0.3056374123938413,0.49581505698435735,0.3454089968266938,0.35849474104361817,0.3572396097269676,0.3516948297252767,0.3699982958402884,0.3190209407857066,0.34912400564146473,0.42875483251529845,0.4270125682066009,0.43802208645257873,0.358864414992185,0.3213877535661187,0.3512706603102588,0.33728006798904164,0.31938998923843515,0.45459194284257287,0.34436180340958306,0.382042075539544,0.31492070138425016,0.29571266147770714,0.37772852509330074,0.38693976148484843,0.3603687442655403,0.37839954280665594,0.31094378551603147,0.3581447611220541,0.32842562793449237,0.31801508680039203,0.3488214381233558,0.41196248197727686,0.4801886133495059,0.38821159367977437,0.3340708362688574,0.32558963006958075,0.4477639036974155,0.3316212419183949,0.350628394909947,0.42836160969533615,0.43545264632911973,0.3612175031876698,0.6227040240674349,0.20896844437350875,0.3836033070213563,0.4190266036599717,0.3078432291108517,0.3628948895455723,0.4108823725987837,0.38571557476065443,0.3635739568572903,0.449906211573495,0.3505886185878693,0.4274628622747749,0.40720961326998145,0.4313910003133081,0.3439646993339212,0.3923098021663444
0.4258346941201881,0.31295958673682306,0.4178809016100953,0.32668035473981766,0.38157902614281713,0.33680597432731557,0.29130996314082364,0.30495042761360946,0.34599179609739333,0.33248960354057294,0.0,0.3020832383359639,0.3805648284236021,0.3120123676142577,0.2779358738319592,0.4000353523241028,0.4238987191714461,0.3585667362241055,0.3176645281310488,0.33810011420468705,0.3605646224189507,0.4378099933925813,0.3279270068621666,0.308980649029753,0.3569301046799565,0.33712934602609196,0.31289976204322373,0.4280380669068327,0.3537979520689842,0.302055891595893,0.2743022727136545,0.32498255412877447,0.2574815907780744,0.26941501943563934,0.36594960472339827,0.2801260982359917,0.3670739692428238,0.3466529995408026,0.3007185047216039,0.34551070872226186,0.27158283196871513,0.44915730503552254,0.29265313372936463,0.33725941479654575,0.27857496490800315,0.2558738971773004,0.22890739876359426,0.3833711742775895,0.36562078710634943,0.2884450193104652,0.3313805891033611,0.31370327384982816,0.24852597872470286,0.32460950221780654,0.3202896465888923,0.287713898687833,0.33183974032848496,0.4062770816952642,0.3045742414312949,0.2570981556097158,0.3453245265664174,0.21041645392978187,0.35761311306947724,0.2686024120987435,0.25352725434994905,0.2724629280543805,0.34073152906477416,0.3112129700600172,0.3417704621492697,0.40053780489199653,0.3388781776120248,0.2594204424593744,0.4375398939929399,0.3863285445496373,0.3919693592402934,0.25725945964769265,0.35973184010265086,0.30893887591727226,0.26083157251663897,0.2577184908111919,0.3383301977334112,0.3168532416155324,0.30910781371966034,0.3376851449736005,0.3099920149477609,0.32082082152286856,0.37539755371331696,0.28010112008771376,0.25819761495782384,0.2665535092613768,0.43767952410945987,0.237470380768459,0.31906566195991104,0.281134773057937,0.3437986149215496,0.2938844117339449,0.2275817965871391,0.2600858791415328,0.2492501417634132,0.27325295712651465,0.2665226161629991,0.2777810188513986,0.262322912220838,0.2386814832784777,0.29477988082320594,0.26922733329779797,0.25797731831657567,0.41162264089172457,0.25652281834765245,0.31684853398602786,0.3596696392637555,0.30738044079801147,0.358660422275693,0.36607102646798734,0.27704940483147644,0.3719671929685784,0.29752749868877815,0.34012692304525394,0.3794637154969516,0.32774909487443876,0.32997910246689643,0.27082845297554875,0.32351480869252286,0.32132703057472844,0.3171478435967056,0.2976564402973018,0.25332656487968247,0.24356737933719058,0.2994135832553946,0.280455640420822,0.29635080191891117,0.3941739072930157,0.31391868518717,0.3732252199451494,0.3582155867559897,0.2817993299982468,0.2698828954874691,0.30125935529613795,0.3441509562362799,0.2875138246768913,0.2826110284915007,0.31606274312845684,0.2934218481337325,0.314987090059855,0.3550562590837151,0.291572636170368,0.31957802387346634,0.26115520211913057,0.3307508042522372,0.244957538156066,0.3793892149707965,0.2815674160228107,0.39683528855238004,0.25186803811052194,0.3020822570721276,0.31975877962808047,0.34406107661015345,0.32751879571429127,0.31564413358647436,0.32792260417331,0.26960349974835035,0.3485039741489013,0.2633671116754735,0.565452634153542
0.3141049171502828,0.38713721680708124,0.33656681524267906,0.4023751144913236,0.3127753286317234,0.37215821327872906,0.4779465638841164,0.43293414159362803,0.32995844830363597,0.3688305081525768,0.3020832383359639,0.0,0.3044130389646058,0.23495223343380323,0.39196879417306607,0.3203101445183192,0.3227379823433613,0.27311096379604255,0.4064326600945829,0.30111756910256476,0.41594057062476253,0.30949571363533984,0.36657036045629815,0.34767082335248856,0.3934295079980454,0.3819146755223353,0.29267796987290634,0.2869258704908376,0.3080071198796907,0.2982544303639562,0.41454383874038786,0.3382668850605744,0.39852013730973856,0.3806086482295717,0.31225849550429996,0.34502534832066595,0.37679458642286595,0.313920475769398,0.42337939516544165,0.3946887013212629,0.4096364764276678,0.3336210803280682,0.3508600157333413,0.39296273981498275,0.37730639511603237,0.3544927106309235,0.3767315361005729,0.3302513054323402,0.37575990576702084,0.32184804726685295,0.4275548538990857,0.43329968665788066,0.2693209629477333,0.44095938384426675,0.41075057060771136,0.37127193606802855,0.35917607045264976,0.4228753250199829,0.2970245691239774,0.3060321297621494,0.31520573395332085,0.25937624715431845,0.3361353985275639,0.2644364507970058,0.2997384037586537,0.2823927702464379,0.32961448456901876,0.31481838242511306,0.24550775764881935,0.30153993261807127,0.3629852344917855,0.2890069539415756,0.28383840862742693,0.37550257593524367,0.2896220204862764,0.27522780054816703,0.3888425315143713,0.4628529232661576,0.33959835137740363,0.2519629760653867,0.3152353068174867,0.4306245866181732,0.3824827580328547,0.2681330672702164,0.3943293335056689,0.4008127945879033,0.32791132126135975,0.33088330406287797,0.37541480970686913,0.34047915638009096,0.3528340641742579,0.40361040607612475,0.32877166583523526,0.30400607491805376,0.33369254520912084,0.4493737569088011,0.2721699040629345,0.43904107498495276,0.2722825161116037,0.3602604120091099,0.2635509880596784,0.32383602177846593,0.35919450420404486,0.37167786080611687,0.31342937611022387,0.4100694569835175,0.3493315479929427,0.34614831543473124,0.3511699462958347,0.3481636387705493,0.46302780343174904,0.3876123740065246,0.32366974361726425,0.3175189828953426,0.3284789286399228,0.3634170525318721,0.34884126796284975,0.33128749412891967,0.3565601489311331,0.2879453768596207,0.3381802103345648,0.38214002154469756,0.2990899718249649,0.38383613079809553,0.26989898547280416,0.3951840940472806,0.290703057811723,0.37548622539074256,0.3738100618605813,0.3447046727870748,0.2836716309437016,0.3268565778153367,0.2559133984337118,0.34598370908735077,0.31250708189983784,0.26852453607031646,0.344637102299618,0.40457357598275034,0.337936742914129,0.3669471155136517,0.283017183400838,0.2733706575188447,0.41229995416830106,0.33751068625558606,0.37747774414034585,0.5403251687356556,0.5584117125381673,0.3308388486723822,0.38032176311066734,0.21471588147372794,0.38108664523043984,0.3371829895577771,0.2875036971925333,0.3777304410374843,0.49161391265177234,0.31060887526189174,0.2798922548069558,0.4649434468955427,0.3111508751467841,0.3334004697384655,0.2787251563354259,0.3115313051989512,0.31482995526522,0.3330315336968531
