0,1,2,3,4,5,6,7,8,9,10,11,12,13,14,15,16,17,18,19,20,21,22,23,24,25,26,27,28,29,30,31,32,33,34,35,36,37,38,39,40,41,42,43,44,45,46,47,48,49,50,51,52,53,54,55,56,57,58,59,60,61,62,63,64,65,66,67,68,69,70,71,72,73,74,75,76,77,78,79,80,81,82,83,84,85,86,87,88,89,90,91,92,93,94,95,96,97,98,99,100,101,102,103,104,105,106,107,108,109,110,111,112,113,114,115,116,117,118,119,120,121,122,123,124,125,126,127,128,129,130,131,132,133,134,135,136,137,138,139,140,141,142,143,144,145,146,147,148,149,150,151,152,153,154,155,156,157,158,159,160,161,162,163
0.0,0.5238637254079263,0.414390484874565,0.398480469652405,0.4977816334071356,0.3573873702354326,0.4315112265903667,0.3932633479802091,0.5955590062890769,0.3604528630241919,0.5547206723236139,0.44841428362086666,0.40620540510759034,0.5464726889199806,0.36000164057978623,0.41660290023902097,0.37892604367283705,0.6473597212087107,0.5375182422813247,0.7609992321725647,0.4423362011852912,0.704943259079166,0.5025143818350187,0.3922587095129206,0.4646430743574034,0.3499072940038791,0.38108740501237204,0.3428878296862788,0.5588562645121442,0.4102468335084687,0.37589508010728123,0.42217196077530617,0.414482938782095,0.32578390383315425,0.5337991220275771,0.4782749170591625,0.4590772355071312,0.5918765139259261,0.352157497987156,0.4496746592064354,0.41568247765670185,0.41234646614462356,0.44242461019147894,0.38329646440481197,0.398925436861157,0.3507998281360272,0.4183607813988886,0.42978680895963567,0.572316945575433,0.5578768066416602,0.43219080438038354,0.4198515450201428,0.5170704043201335,0.4229608800006066,0.4457378007227665,0.3555966306437128,0.545017867084833,0.45457028876925787,0.504369185777609,0.4807590551528921,0.3516738640477929,0.3705212676683013,0.47088616312771137,0.5711696371035974,0.40820434534431355,0.3394633248221793,0.3503918695624205,0.43045538741263006,0.3994186847154011,0.4907610915031856,0.45038730281885236,0.4800890539303159,0.43304711585952327,0.41014151455943243,0.36646245697846835,0.3630555434259477,0.35984309839454615,0.4146901955909793,0.3439360854237766,0.29225636864302523,0.3252780263806119,0.49590652583864203,0.4622132334942826,0.38478407258877495,0.3991550830929292,0.5279040044600413,0.4290356548526831,0.5056466469364295,0.34481390788764343,0.3412055461018334,0.5566196461674385,0.38830183415028213,0.5716898245530145,0.4141776313100232,0.49228348359767654,0.4140273348664449,0.362664575150616,0.3485756631380143,0.532350419969611,0.32418243682385844,0.38296707108446115,0.3374426215748161,0.3464895611161999,0.40211361295780573,0.5364248979855005,0.35369895838200316,0.3040985297428112,0.36895146038060206,0.3669453009402273,0.3696307585578648,0.3917022087934215,0.4940753555405178,0.36136351822633916,0.3672211225752449,0.4375822280293015,0.39134163364207225,0.3923546580584816,0.6122530500110602,0.3529756358716197,0.4026955497041393,0.5100028546177447,0.35669639628992733,0.4605389952202222,0.3738847172778365,0.4874255241432032,0.3675517612076919,0.3501192657163534,0.37695581444847875,0.37763028257625597,0.444080071512981,0.35043148212292125,0.37941516654649643,0.42362807859898605,0.659267049232671,0.39894734590692393,0.34281145511638217,0.44538153938582303,0.41336829952025844,0.6203522166444231,0.42826121896088976,0.4200044403204562,0.5163308420055699,0.47635239337476937,0.5223462907111123,0.411021892111307,0.47798238622414235,0.5069272222389893,0.2990853405866191,0.5147797861988315,0.3293159739887792,0.43342387349412875,0.4759969651527185,0.5173373345575345,0.3766864135007544,0.3599631642004677,0.3974895786650072,0.5285599845184471,0.31569439029952334,0.49671578516805237,0.3680738152392756,0.30296193698278395,0.5535637211230612,0.3215722229324666,0.7769910571780652
0.5238637254079263,0.0,0.4708782623324795,0.5271603324922702,0.36416332731556506,0.4660732326943868,0.5510035453367791,0.5625643320837307,0.43039155297881426,0.4841772152321974,0.42518237586631236,0.6722013690319223,0.5065601096075851,0.47466544584975456,0.35813982400805483,0.45905775019543893,0.3958007352589429,0.48113347901018766,0.6619745947110399,0.5323830560802408,0.6092020093674033,0.45516743701218665,0.6552471782846764,0.4599423645195866,0.7454787514298324,0.46307133058902594,0.3645798959136859,0.34826669533369703,0.5798643212013582,0.36432308761816473,0.40098337641559545,0.5594874842359566,0.5410890405074291,0.4475092698093952,0.39374924915214976,0.500255625466034,0.6516321632752532,0.49644193057097735,0.36716512563490833,0.6515234429812312,0.4840331350001476,0.421469126429378,0.4739222506428582,0.3997265024217445,0.5789744183829235,0.4874676199560253,0.6023565348443154,0.4392091891357064,0.6403566018150114,0.4634085315492766,0.5425941620972714,0.5780284589022578,0.5242524371551393,0.5267201859316012,0.4901554926914415,0.510004004583023,0.5911208433456645,0.47123120279389263,0.5689551258239115,0.6209479559855725,0.46214223302834656,0.47548516396925955,0.5180714942108284,0.4342465167692853,0.40284226645518406,0.43781872239155006,0.4790449104477172,0.6065783783369493,0.338430328407337,0.5248505655458418,0.5308208605357917,0.4501475635330951,0.4337478335212598,0.5474835769779149,0.3694545263465591,0.47633460801239896,0.4790604615240441,0.594499631866098,0.44537089194580864,0.36822488177900947,0.4237816321974827,0.5441280457729604,0.7100897280875839,0.4617260461105097,0.4989426631086616,0.8426691088180076,0.5915593826330614,0.5341850922197235,0.476715086832673,0.4708373856900662,0.45091400086054845,0.4891138236866233,0.46961221689391774,0.5122803115983653,0.5372885148128604,0.5440698796094294,0.43795394846634034,0.5001963335968032,0.4542968014106005,0.4438520199191889,0.4084713331254301,0.44989390783756666,0.43244241761885205,0.5497966844466939,0.5265736748422971,0.502260315544392,0.39206911887008516,0.43172511110585965,0.4988348906650626,0.5154339965733952,0.5136292699839097,0.49911402994737786,0.46532215828761325,0.39307435372618843,0.5451153887472607,0.4423487392401454,0.5397049400550262,0.4609007953716086,0.42690331373743157,0.43147692622669676,0.40333632569105277,0.4695854838599829,0.59788356135733,0.5143466893285904,0.3956001524096087,0.491068097105233,0.4339149829019331,0.520113178593667,0.5028460572086328,0.47753521804429344,0.3638476411737206,0.44153285087057387,0.5139011627841721,0.5162337185561627,0.4074160185080643,0.31932120802433955,0.5309933336052616,0.39956790511546747,0.6462017117838349,0.5108556446390312,0.4982721477559296,0.5393739721682524,0.6931802700221761,0.5016653468106864,0.5015720616068479,0.6410750239351269,0.4901490214362316,0.39765526416769736,0.8076988432311105,0.3305477909972624,0.4571463341340412,0.5567425137061391,0.3794068294403366,0.5560981584094924,0.5145344882493919,0.5206548754274902,0.650347363509835,0.4334785502430941,0.4663600009283474,0.4476111462001849,0.39366389771977295,0.5919330176496612,0.42435710272996,0.4712251737634709
0.414390484874565,0.4708782623324795,0.0,0.4828063459689287,0.31904959867435456,0.5581276235222202,0.35108134522427004,0.5414579238844178,0.3792500003468628,0.5464120094618423,0.46674847442654244,0.4011482489500459,0.6713086165104606,0.49978617058620395,0.2608664620636138,0.8120039754312665,0.6558711727091977,0.468291918508789,0.4438818078420437,0.3886499893843716,0.4551581082156402,0.41005228034131896,0.5532476261270018,0.30906180105303155,0.4882820360792195,0.3644447703384655,0.5082343781306367,0.5333999181702268,0.5031811864911533,0.44118506061425067,0.2791570920865032,0.5793499264763595,0.3601654434933386,0.35276313219110317,0.30847796674174466,0.3632935567918055,0.40410340989368754,0.46878179057432146,0.2681811266126664,0.47707459148901815,0.34070323856290385,0.6391736243418094,0.331657340168148,0.28898470583569164,0.3776046486811981,0.3652301812594822,0.39499354578735557,0.3153075435803471,0.411797768705199,0.36018649799931746,0.39120017892232545,0.4705099555912497,0.4374642436935332,0.3709246711699424,0.35738236480319396,0.44336403188240986,0.43353985929165056,0.7140415837637298,0.41576406712164155,0.4514242769894625,0.4485981924499133,0.41688427787769594,0.5073200990496335,0.36798646777962446,0.2940360382148248,0.34815273818554726,0.3670502250701316,0.38451012135767065,0.4212156255092311,0.6728777243859804,0.3474746049847449,0.3302104751935501,0.5469823463606184,0.5463334084708561,0.575576757570164,0.339938816795611,0.45319732111933003,0.4446254763006685,0.333813534938313,0.3427352981447855,0.40191983483528587,0.35336181638535413,0.4458919432658161,0.5495046629462136,0.4573639819194708,0.5029675368779198,0.475632091891784,0.38376898708828144,0.4512956438977308,0.33412025248382743,0.48056032456571246,0.3251807370915774,0.3776297526504475,0.36523644730555777,0.46765170478343315,0.3449240097174217,0.3230553946335512,0.3909351427063605,0.3534993225180222,0.39398006723246126,0.2947757885940387,0.3683905984573526,0.3294617258144862,0.35859876830788207,0.4316294908860755,0.4385288282211328,0.37076229268181865,0.6877704644805178,0.36175348221031406,0.359450193738742,0.36048243248167977,0.37504858507892075,0.4636362621429082,0.5962866893418349,0.4151882509908797,0.7870403928227394,0.4829593943425743,0.3478405910437019,0.5050476603602521,0.651561651499089,0.3166648432309527,0.42999718353823413,0.45417761005316454,0.3610921052648278,0.3038006631478391,0.3470653663915413,0.5060717128861814,0.3497294009892927,0.45108392196985947,0.33054730818595934,0.5203856501220865,0.6661644378832866,0.4975576882019076,0.39024778349767675,0.289081101643051,0.2465079352279826,0.3385769036316844,0.28774045254505637,0.428930688935479,0.34284978100737107,0.3492249973173765,0.5456126761873105,0.45623586630951235,0.43134886746714307,0.34797277360729106,0.38162544201746584,0.33336763427050226,0.36407073974052817,0.4989095706738611,0.48514981937656204,0.31450552866208337,0.42695022130947646,0.38742732289957493,0.4099743480698614,0.3936227520140793,0.3401104612034935,0.5285612139099611,0.4018904385923921,0.33502331809178204,0.49776419251057963,0.36585261301625394,0.4122368896914599,0.36102593799483174,0.3946196640825899
0.398480469652405,0.5271603324922702,0.4828063459689287,0.0,0.30522677327538844,0.5398979718819513,0.444387436040287,0.596051140587969,0.3336682780010016,0.5518520515163389,0.3876693175922237,0.4867329855614078,0.5485166357164926,0.4611908076301571,0.3013376789579639,0.4937772963566536,0.43859637734785045,0.4132782233079909,0.5605483855011281,0.4068514726659211,0.6792653693605836,0.36241493289797744,0.5504527111016912,0.37490467894551643,0.6011000974248087,0.543290599834319,0.3530425044561397,0.3730535415480954,0.5515927248394802,0.31972338972200753,0.3325314838492877,0.7150484073520061,0.5008820467510952,0.5029409999585983,0.3257732819587049,0.469468810859147,0.5118852461566694,0.46500534999297927,0.3275226212315479,0.6962262522415198,0.46037171537223787,0.3924695820036235,0.4201395576695855,0.35894653398168624,0.518973089371208,0.5301125297047349,0.4795851148964393,0.38562115617408704,0.49541692481161137,0.40505929996515544,0.5695812686199776,0.7398759413288679,0.5349575073025716,0.5333747396513862,0.4838509126196619,0.4855343420551615,0.5401473747679908,0.46639739491115195,0.5586639173090407,0.6232584653182135,0.6504159123622162,0.7047095584137755,0.6142316803410498,0.3930889471204067,0.36138172817119757,0.5326880263225114,0.5405821482246511,0.48596539194368205,0.3300990424731338,0.49906330552574324,0.4439594004045512,0.4039600583821312,0.48920217838899765,0.780564414390434,0.39826001399454153,0.48425161569012576,0.7164251467241755,0.6058299823345691,0.4901211146527816,0.4615995348822962,0.5849678486028406,0.4345815197560359,0.4753779189751395,0.6267000305258803,0.7942937851618501,0.558424772182375,0.6699176197245279,0.49256766866890633,0.6084134546225821,0.40350310272709405,0.41376771729195444,0.42635825421592066,0.4174297026898166,0.5288505914339975,0.6031418568188701,0.4277887608048739,0.4636407960759863,0.5501225856052899,0.4116848172274602,0.5631900723657189,0.37914105317322067,0.5727646051069113,0.49017757470518897,0.48451034578420826,0.5214618458865931,0.6002598259167855,0.5445528134664197,0.45710513531177266,0.5253893326141837,0.45756719255614126,0.5194553026108372,0.4788802045192694,0.6385443118321072,0.45510538658647254,0.6380089026006477,0.4430855792907331,0.80019929615043,0.37178172513039937,0.6117637093385323,0.48109708031002724,0.3442854839513537,0.7240676329723922,0.6201743626614309,0.5022354738969662,0.34095894109029184,0.48707501698944095,0.6466027250522197,0.4455568527920983,0.8057792489848198,0.42204192168357885,0.3467194177984537,0.5473738795775448,0.6547180377668467,0.43099310986857864,0.3526663552706167,0.2860180320071229,0.3880009255129432,0.34019825900187445,0.49178047924027624,0.4487901372335514,0.4892142387855825,0.5622657678837756,0.6269590030818173,0.5093465740163862,0.4798756101635673,0.47498921113168024,0.36091532011155353,0.4958929363634615,0.5783806037737055,0.37227390062042987,0.39498472302883647,0.6059736128471325,0.33899762196312333,0.47524476940532806,0.5772471447589163,0.4458025606059593,0.5106462043547211,0.4855062306642703,0.40849320001780176,0.6804542088480268,0.52647231603023,0.5135916086580793,0.5522042673981478,0.38152397378758585
0.4977816334071356,0.36416332731556506,0.31904959867435456,0.30522677327538844,0.0,0.27440654683320514,0.3511272640018847,0.29637932794751776,0.4970312379187872,0.27699914944815607,0.43063036429521795,0.346697191610511,0.3012750300449549,0.3936072493048441,0.3530742084244964,0.32079221868543456,0.3040310502228357,0.46151969216127675,0.3875900139694901,0.48124839947861164,0.3361645088544339,0.5420034072908559,0.36520717275998565,0.3336773431538015,0.3318143527734674,0.2833849632483043,0.3183704949782697,0.28013758468723543,0.38978108380575277,0.3671321988379193,0.33941479608435454,0.3143344180736726,0.3325426579099806,0.262107503176526,0.5322908752889887,0.39371919453778254,0.3380147171741489,0.4310320218360924,0.3320677350888027,0.33446766123479815,0.35065756998455677,0.32297432358057615,0.3805297618108085,0.3444083597859179,0.3093169767907581,0.2829716433351091,0.3353498200401322,0.3644581011754921,0.41003771269095557,0.4918002708809419,0.3438050721439994,0.3202976138724662,0.39480149848797974,0.336367243154026,0.3636047181942926,0.27377650538823844,0.39914872137166385,0.3534275309898653,0.3734826532316837,0.36187994874856616,0.2706875362594089,0.2970130862295198,0.356829827143162,0.4892352533612682,0.37469791605600666,0.27431749032967867,0.27467372073778046,0.3308522659026959,0.35564265193371836,0.3517134207176315,0.36185390978843507,0.4081881262169671,0.3273620452557436,0.3103999217661676,0.29733643257509584,0.2898601706240813,0.2832944550723819,0.32408823825080557,0.2830308017185602,0.23922403499925513,0.25924067395621114,0.39788376530092057,0.34612535149280715,0.2921293295299793,0.3096291526347655,0.36606849436685535,0.31135285708286226,0.39521992927800376,0.26906084491598353,0.27427866171593834,0.45335102882808886,0.32186347608266735,0.49556282042479727,0.3247088339232401,0.3649167670480749,0.3286411568825199,0.30025296952849595,0.2734733602498141,0.45098859154798,0.25738440308094607,0.32982732627843786,0.2728649046105231,0.28847596058294056,0.3209360443218254,0.4005134854163467,0.2792744303878386,0.2494172960560287,0.28508369683422935,0.29840764878548603,0.2896937163503419,0.3130813533790921,0.39982207087384625,0.2753723957946963,0.2926853796887604,0.33699632218889963,0.30430202708943815,0.296656133890302,0.546741629792378,0.27668025141312863,0.3108194688146962,0.5416798171474393,0.28334577972547537,0.33024056654569717,0.30011043494429424,0.44218703633611006,0.2968420002495743,0.27829419181379433,0.3080550836347781,0.2920253489548334,0.3733902020289242,0.2863067635366972,0.2967964744720581,0.3104876566871606,0.4670811563217445,0.3502140268926201,0.3471262308344453,0.3594335451911823,0.3913297089224847,0.42028200755701034,0.356401920450617,0.33065137105342557,0.3708150756412582,0.3507872597253475,0.4021511038235089,0.3295171740494722,0.3652281652093783,0.44711932212910216,0.2451726150226756,0.35824188019995035,0.2778963112461685,0.3629677564175655,0.3587895093152192,0.49722862113803556,0.3003765842177692,0.2844340462655232,0.31404422260143655,0.3541054933982644,0.25301072906651795,0.398880223872831,0.28840757643005704,0.24565043482437732,0.3867516108644625,0.26140036336290934,0.5480666375884593
0.3573873702354326,0.4660732326943868,0.5581276235222202,0.5398979718819513,0.27440654683320514,0.0,0.36435474664652245,0.640613500887753,0.3170558339807052,0.7304234793507807,0.3647889821317444,0.41857905517955435,0.7018725340556478,0.40387904404944386,0.259411094736446,0.5417441160571929,0.4723371176807943,0.37158793799622114,0.4242874042869099,0.34977146193851216,0.48274249822445886,0.33639511066941447,0.4833646319839457,0.32375780535769216,0.5284326289061169,0.429179923844278,0.3733731151335735,0.4154930130827541,0.4477566733481,0.33380126008342165,0.2840876074038079,0.6219586600118423,0.38391205760447716,0.43557546373206507,0.28131438175608325,0.3516934054242859,0.43813177438769624,0.3881933532974949,0.27246470854320404,0.5087924916925327,0.3488762416555219,0.4465598608424114,0.3309496588769822,0.2953385019881636,0.4253357891585895,0.4288295906462591,0.4170593980470896,0.3203045685663105,0.39340643912336565,0.3257137774950998,0.40627623520544826,0.5225347444352125,0.39679193215099906,0.39210971088022684,0.3597748953405463,0.5742687515724547,0.407456794414197,0.46983306975233197,0.40485827389834406,0.44154842656639137,0.598896854954301,0.4632187128633788,0.46326221746070334,0.32247312860995964,0.2910625053870335,0.4088720490658002,0.44955374021836697,0.4199292167045522,0.3228590614071945,0.4974910213213117,0.3576606687077427,0.31860719716564545,0.45385623901156574,0.6033772730651639,0.42806694483498964,0.3887905450077417,0.5604086630589994,0.4886142130929625,0.3796797589793314,0.4390416004118698,0.527224794647175,0.3475501218050928,0.4573380966815361,0.5980062420514722,0.48989585626555393,0.4827806017715165,0.5522623814064557,0.36835101398146025,0.5994481355238969,0.3874388224841266,0.370147491346912,0.34525612619574997,0.33602867433015166,0.3935342971916928,0.435901767821324,0.37038447154367565,0.35102815643065627,0.4898338171573654,0.32566151166480073,0.518292369779017,0.3050774865795346,0.44052441390414737,0.3643913436869486,0.3876874400223897,0.39205248972734963,0.5591276117308784,0.4611731175465274,0.5898729391534012,0.40772717561348626,0.4230914130010092,0.399356690636751,0.3579590536389147,0.6110918547750017,0.4738250487217001,0.43278258534044073,0.5395856414090213,0.5819735747468293,0.31413899695043135,0.5947536341778763,0.494559196633766,0.28947079371131906,0.5025704490777649,0.49206413368524515,0.4121739958942174,0.2871330042215465,0.39450486074025065,0.5615338096940481,0.38550915277855935,0.5384605067515905,0.33176806091523425,0.40589143457067317,0.5918990816329975,0.536523953524272,0.3527771268836295,0.2937835724093707,0.24314041953109475,0.3465810541789279,0.2827508579248016,0.3965604925206601,0.34988205442951237,0.3705705772718005,0.465809672228653,0.4623723286500887,0.38493158285033974,0.372230597037437,0.3889961115966561,0.3165597897448013,0.4679416255392274,0.4914676822223996,0.3884124597116524,0.31893288950888193,0.4220312243187474,0.30970480632559005,0.4574342412704709,0.47703075856022475,0.37370585725008076,0.5064291226127211,0.5481360790933221,0.3275911584828222,0.5545943260054782,0.4700535363923498,0.40113368286488715,0.4365833371307588,0.33759385135182585
0.4315112265903667,0.5510035453367791,0.35108134522427004,0.444387436040287,0.3511272640018847,0.36435474664652245,0.0,0.42223162086250626,0.3602792996227057,0.3772959843547635,0.34241981777547514,0.6865076485536692,0.37366710939105474,0.3747479692183056,0.4639446591136666,0.34815544038832946,0.31078917866791816,0.38249614358751705,0.5583710840985693,0.4696264230894333,0.5384771305802188,0.377336207870849,0.46229475559993255,0.6588364077637099,0.5192712476905008,0.5048541806277957,0.2882701384057744,0.27672786108892017,0.4545395744613405,0.29390906690939306,0.5486805047794392,0.42539399937305605,0.7311679423486409,0.4682750487526688,0.3997952334050634,0.5588191329955531,0.6221378218774329,0.4062592515076324,0.49879806566527785,0.5308833352792163,0.650459669043789,0.3173712210088625,0.6340823055896676,0.5352397319411668,0.6429372298696728,0.5359823246748613,0.6568329764462089,0.5396570655254861,0.5980982963355057,0.4677091947608169,0.596175296974245,0.49764300957506036,0.46238341715492554,0.6117038192905203,0.5679338972155394,0.41714015531445964,0.5262783786491035,0.35624175018697346,0.5277062857615986,0.5415330561056311,0.39459623398443006,0.45555820617238957,0.4275167284501542,0.4053097643788311,0.5112960486967615,0.4736837228271739,0.4890310147223753,0.6728071826337387,0.27958425099891326,0.3785198676576399,0.736698362911231,0.5117243003145051,0.3418321506102044,0.4318694531720786,0.2919910927280132,0.5698185048204722,0.4250966932760056,0.5523098030356852,0.5380096969628283,0.36218937015257513,0.3918574971441731,0.675312238434034,0.5480326015648974,0.36831300532216016,0.439579726687847,0.5224569805626964,0.4691363959371257,0.5533438977477475,0.4073499490901544,0.5068512061664436,0.3674925393392512,0.7420009430230138,0.45698940244691777,0.5758245539551838,0.45252846421713666,0.7374611837332053,0.5396929630560835,0.4781835961938447,0.4631172583272086,0.4119495531065602,0.5319414907071459,0.46754307369314435,0.5221768473339442,0.7294607122302098,0.4638667877532257,0.449250840294294,0.37884932178194697,0.3269526233913902,0.5933917762600496,0.5481162145201747,0.6217383042774881,0.5226151974260811,0.38977926411023855,0.31146596705631874,0.5299391067734559,0.33143225784816327,0.4453714911284286,0.4641327863519222,0.3555622243141901,0.3326610845724115,0.42997254876107177,0.4306913141946976,0.49050787502515125,0.6167912240276092,0.4213406246464358,0.611742948004649,0.36360041553285477,0.673729878720814,0.4432810201111647,0.6312760776496312,0.2836286803878201,0.34669847738580983,0.41214945092242417,0.4719227253653115,0.5242390119199586,0.38710140817063815,0.6600262553822672,0.514882633257507,0.5416376638956176,0.7433011382842288,0.5898494150777793,0.4170835624419928,0.5645762094620761,0.4427403219975244,0.6381090672893359,0.766620857860535,0.5520245410779774,0.38777482807745095,0.5247060040790287,0.27117476370763177,0.59652736617734,0.5140202082318321,0.32384088441619574,0.5112536204355617,0.5135849679346497,0.6839357857228129,0.444585715223659,0.39190846708189875,0.5162667620804754,0.37827418501628257,0.3792394643060775,0.5329993743259761,0.432876095499699,0.4091844002610459
0.3932633479802091,0.5625643320837307,0.5414579238844178,0.596051140587969,0.29637932794751776,0.640613500887753,0.42223162086250626,0.0,0.3497673546627068,0.7542512297187662,0.37536572462440504,0.5022791547845918,0.6317333316140392,0.42845028641720206,0.2874792954520928,0.5179718317216141,0.44657307447158445,0.4050325798740769,0.4932521512608208,0.38925610808203726,0.5468704300707844,0.36433466037954754,0.5982744775496308,0.36071303448141445,0.6441424157609248,0.4601003163651982,0.3828134510451761,0.39183127709957005,0.48575671158570727,0.349251978186878,0.3187746456630575,0.6710240330961561,0.4419394473697662,0.4795065533344575,0.3075021222709975,0.3981412776871529,0.49445016616971094,0.4227335289153327,0.3004166720593741,0.5967630438080894,0.39461966841252283,0.44808411540222876,0.37119527699255367,0.32202758867034864,0.5016379123963723,0.49008318688819713,0.4964655111050094,0.34477382471156914,0.45320371669648135,0.3625217050407002,0.4594467432011914,0.5744319971889319,0.44347334950552947,0.43809498013258047,0.3990225014548094,0.6440125922580646,0.45934261177332875,0.4896745816124619,0.45999569561317927,0.5223596293651427,0.5671762146924958,0.5088213689047207,0.48799992808953324,0.35385579044347937,0.32205514621847997,0.4373123337970071,0.48829696901085984,0.476491747318588,0.329056790461108,0.5316234889335192,0.4026637967816171,0.35415274635982646,0.44698136571709124,0.652154210076064,0.40954153318849673,0.4321347442678414,0.572275204426883,0.5625815823344251,0.4220470629168708,0.4134488512980125,0.5038046546757062,0.39987524349787334,0.5448967554815456,0.5537295631978664,0.5286546470513426,0.588494292913903,0.5976061516561568,0.4216887008060712,0.6683614641674435,0.4397267659996866,0.39781021644070985,0.4001187366293748,0.37176274582249014,0.4338059333411351,0.479580854866689,0.4235648864904812,0.3873694021343652,0.562954315710128,0.36109738658279295,0.551213651618119,0.33449589232112653,0.48081708025779424,0.4066071643320505,0.45872363211915734,0.4380025743927553,0.6254837908606354,0.46701976353691815,0.5484736311020671,0.46723221947381716,0.46231203056943265,0.4439400513354703,0.4012587806930341,0.5580020045876348,0.4596301155816462,0.4840100581618806,0.5221602546909269,0.6486680621154682,0.3492688816296434,0.5183953254631182,0.4923313158435196,0.31631440468988686,0.5553689211038008,0.5250306847453714,0.46305738681076625,0.3110001908819924,0.4400349224979411,0.5591037703206834,0.4462735026005066,0.5723176392075704,0.3735541016035409,0.40419725138182744,0.5377889618415712,0.5405828117283645,0.3905422457713067,0.3220488244153345,0.26230980829209444,0.3933164698918919,0.31397722458569643,0.4595574863804944,0.40417794351286773,0.4117239771738982,0.49669717853356676,0.5644212465628651,0.4278631017076286,0.4126286849276258,0.4609821924658551,0.3592146912127194,0.4811878694124859,0.5977489615791127,0.36866797733355305,0.3553032971461985,0.4761830637034217,0.32998446531616515,0.5620608201530823,0.546264172407227,0.4226648205542167,0.5367846800919557,0.5487930339292745,0.36020642157892024,0.5299638417776026,0.47095154103956866,0.44785108179440064,0.47533091658425186,0.36534698538566446
0.5955590062890769,0.43039155297881426,0.3792500003468628,0.3336682780010016,0.4970312379187872,0.3170558339807052,0.3602792996227057,0.3497673546627068,0.0,0.3248494377494767,0.4868385235663635,0.3810100874829392,0.3566780273146492,0.4509972719188038,0.3222334374463918,0.3735489338226077,0.3506097537939836,0.5569284401049247,0.4171383049789543,0.5254554911150424,0.35730136845947913,0.6756412639707962,0.43691522096721486,0.33318943466898004,0.38554374810233133,0.29315719817691444,0.3980577801686035,0.33169036303959454,0.42551461546649405,0.47345243617986205,0.32967633403858415,0.35649640768531554,0.34077399670408937,0.2821902266104606,0.45947831116136223,0.37872765173668904,0.36921988643106235,0.46635629621211355,0.3035435395988023,0.3664177222846559,0.33942112331564034,0.4123228488136841,0.35709071144705357,0.3173572632193013,0.3361228531668968,0.30048336198963266,0.3604917653057835,0.34174338747853966,0.4330153910303012,0.4383274943380714,0.3471119630288476,0.3437203658903815,0.40559649175554174,0.33908362435195366,0.35124619656465345,0.320481553495372,0.41276889182410875,0.41924757472598306,0.3904155311712375,0.3873573683307545,0.2998732998281538,0.310820867783172,0.376272003050216,0.45715006678421993,0.3387194294699765,0.2845692869141493,0.2960425411206914,0.35458087607695726,0.40715381378058435,0.43509227125298994,0.3610107680708125,0.37967052210173585,0.3719799589439554,0.3456111838366485,0.34869266709609537,0.30332823048544794,0.3053638144563304,0.3459042634008201,0.2903543651248833,0.2517610786059867,0.27852056967731487,0.39892771493391055,0.4019491079628826,0.3284995528353979,0.32994388582753215,0.4326898146168623,0.35085603565815876,0.39627620922055734,0.3036737347961216,0.3046659722184446,0.49658692786530584,0.33089238063425636,0.44371514526348854,0.33125157048128423,0.38753609283590545,0.3493837699162971,0.3001511639862006,0.30276748101178974,0.41534593917937435,0.2833071579817133,0.3149413816481698,0.2871978161941897,0.29174227726433677,0.34045281568035074,0.4145569494070717,0.3075271556633224,0.2645823468689265,0.34602943648273904,0.3101760700657498,0.3142431334145659,0.3206987745541444,0.38513751859738865,0.3060459809457012,0.33935117492812783,0.3490351313629027,0.37168843195375667,0.33085220632067813,0.4854714669772045,0.3028676539309172,0.3676325466765513,0.42155818293716824,0.30520476110879563,0.36284702173476147,0.3137936853962705,0.3940531870989516,0.3076746428988605,0.3068031136206727,0.32546529817738495,0.3162484591589606,0.3579611316440787,0.36410692145244566,0.33494360833282133,0.3466095394880077,0.47100180574383105,0.330944943050458,0.2987924085345099,0.38048954740694435,0.3508019178544025,0.4645581064145961,0.354051604690013,0.3358906859151708,0.4120361125512314,0.3885178260787223,0.41177627513960413,0.3308525310117861,0.39318719003533287,0.4443510093985588,0.263673924227451,0.41939191682735033,0.3125456831548825,0.35142107859490074,0.37406322056337854,0.5274529145514882,0.33920009114338395,0.30801919163272923,0.3310604453672629,0.4254773140181844,0.28133130006790996,0.38350736206889724,0.3123639048978077,0.26357870161456975,0.4111822705896759,0.27745317599589947,0.5595184731019168
0.3604528630241919,0.4841772152321974,0.5464120094618423,0.5518520515163389,0.27699914944815607,0.7304234793507807,0.3772959843547635,0.7542512297187662,0.3248494377494767,0.0,0.3587337279204757,0.4381023929279632,0.6559500218631771,0.40492484967864933,0.26498294191846866,0.5254345100124027,0.45971662628572096,0.37706546926662765,0.43469088865271627,0.353851640880317,0.48721567823343453,0.33840486037716877,0.5218291416860945,0.32857087293339465,0.5527957045615226,0.4322000348763337,0.38234012069243184,0.4079102312892675,0.44667754248058295,0.3398313513366832,0.29180365885199466,0.6284451879442943,0.3958275102921339,0.4515415606423807,0.2844664878696966,0.3603976749491255,0.4430587385751203,0.39254586515746587,0.2771401128180385,0.5230270843987617,0.35743262575389406,0.44773987413604444,0.33761182331614314,0.29736082109512074,0.4448768405921356,0.44846450116047437,0.4390643408083964,0.3185268220760487,0.403681502224412,0.33123999162891776,0.4141418771882928,0.5203087663924617,0.4036748203774988,0.39603894737858447,0.3641755535438747,0.6194861313630754,0.41273368172453634,0.4747568885642985,0.41397541673382926,0.45994294466151564,0.5719959588147702,0.47756761534609965,0.4563904300257869,0.32744313390734375,0.29562847946627274,0.41176238460463904,0.45652530583240203,0.4278985242554943,0.3234579484233138,0.5063895879684692,0.3633882321821062,0.3243156324951406,0.44093527705978436,0.6069225538908063,0.42061587781349896,0.39797648716516976,0.5572243638087729,0.5043263771942589,0.3906109075680739,0.42118974735576614,0.511113274920002,0.3575028222651808,0.4782964138614695,0.570366006958381,0.4959004351922076,0.5054321342330921,0.5489342222291428,0.38021738227819196,0.6693856745266472,0.40434475708540957,0.37421017311933513,0.36004054730696217,0.34094011101415095,0.3954286397622165,0.4400942663150916,0.38158250187742965,0.35631037300863944,0.5199458975978098,0.33142393352294314,0.5419804452949483,0.3088736077901087,0.4533978975545121,0.37644654243164294,0.40855057054177274,0.39945369371553513,0.5908872045072915,0.46723063757209665,0.5946304122996418,0.42426057204946277,0.4248492586059851,0.4035273863845324,0.3650599507369124,0.5686875235859686,0.4770652322942834,0.43975966103938763,0.5385135508781188,0.602056326735757,0.31961312082401366,0.5440088161610145,0.50039131247536,0.29212779457896243,0.5311374981592512,0.4805781836398803,0.4215372945666268,0.288313130295167,0.4030852360766431,0.5746322159092729,0.40159906651030713,0.5422459291678776,0.33947794510671647,0.4146271107824516,0.5614551058509196,0.5214761517359999,0.3558972066022421,0.29614813606295043,0.2448778447983187,0.355290882630632,0.28819084206530593,0.4088721974484705,0.3630476881119438,0.37614039443047853,0.46407322294440206,0.48601941749383804,0.39221654887114654,0.37662857264061506,0.4065329494228437,0.32472472612348785,0.4836688010998509,0.5151420119799455,0.38213569613653214,0.3239161966673871,0.43151923975062545,0.3118344127820806,0.4978859056796469,0.4995196789490763,0.3824940681214655,0.49196875077502217,0.5613798946079283,0.3302160474318207,0.5376176048755299,0.47708231427224806,0.4051764937258536,0.45628235864347355,0.33782554342472415
0.5547206723236139,0.42518237586631236,0.46674847442654244,0.3876693175922237,0.43063036429521795,0.3647889821317444,0.34241981777547514,0.37536572462440504,0.4868385235663635,0.3587337279204757,0.0,0.3625165828150176,0.42631039503645785,0.6556962606791923,0.284972554506214,0.4864348221650001,0.4694526977339199,0.6857407607713247,0.44620041617357703,0.49384815453923175,0.3992722291993926,0.5935989205899044,0.45908976450291594,0.31087050509382613,0.40577975393194,0.3171240089220712,0.4632517646789468,0.4249345291693836,0.5345819397716003,0.4664634128679512,0.2944919664306065,0.4218083813991542,0.3439460486931737,0.2938188465171761,0.40590006957003194,0.39574103717617204,0.3767335053646019,0.6170415558947335,0.2868288707867018,0.40486629349573366,0.34561689609257384,0.4781518030129051,0.355006705710422,0.31203958547961463,0.3355178925688827,0.31076441135497695,0.34782226174661274,0.34714822998308886,0.43888297905444873,0.4481801187006641,0.3755019748702577,0.39179124734327203,0.480380673920429,0.36174832264807044,0.37761441586140776,0.3274119403875808,0.4634971509821786,0.5350950806179423,0.4337492173851433,0.42275800312765505,0.3467009707133088,0.3537996940119158,0.4881380966680908,0.5025323464970629,0.3292706593245439,0.30935359455374406,0.31450396628537886,0.3535904967872733,0.5474232101766805,0.5407983313789524,0.35638357426561484,0.3841042472965394,0.5329485474524223,0.4069108616431672,0.4632451789408943,0.31257688951908386,0.3511150137185426,0.37077469897601023,0.30285287923572873,0.28295428672677986,0.31747430187773035,0.37713014368591324,0.3822012466281349,0.41214797850526097,0.39169992107008555,0.44496758537882214,0.3982679203057006,0.41599051607721604,0.33099016481597987,0.28915825970331666,0.67626875904456,0.31470215678845415,0.4769984009076988,0.3567000332370786,0.4768453959785027,0.32964049085044955,0.3145308461605671,0.3144544976885899,0.43737297008006093,0.3059707287829814,0.315021102939619,0.31098647661031736,0.3067864333960406,0.33158090482580016,0.4885886324997056,0.33119630463694916,0.29586153750980726,0.40448058849933977,0.32002527796623287,0.3157424794373323,0.3363211918327312,0.41782806509487785,0.3608105986365742,0.4375170345603839,0.3940558609152167,0.4374868930879789,0.37618038646710444,0.44226235097466693,0.3772885331618938,0.47563856767013585,0.403958618005348,0.3441284951889787,0.417923791460327,0.321538455389597,0.3845900834299085,0.3154531890697727,0.3668063970575752,0.3138436373851,0.36399133789725824,0.3541125419267307,0.39557212276297915,0.42761387041557786,0.4264348633268775,0.49738019045381654,0.3170446445214478,0.2837491042575922,0.33964892159681254,0.3235957670131947,0.4691765376906878,0.34501156290031915,0.3528824720236868,0.5467499880353875,0.4096246611545758,0.49483374707196676,0.3442887957749047,0.37194525609217755,0.3671637226401501,0.2844952820721805,0.4387904435329094,0.414805075790972,0.3411607338215506,0.4266236509428531,0.6056999239034174,0.3280209022076937,0.3232601416971127,0.3241275837178833,0.4796915384169351,0.2988486191635703,0.39076064874187155,0.38642583131806524,0.2921928361863615,0.44981649164270315,0.3000374080632598,0.5738494201089593
0.44841428362086666,0.6722013690319223,0.4011482489500459,0.4867329855614078,0.346697191610511,0.41857905517955435,0.6865076485536692,0.5022791547845918,0.3810100874829392,0.4381023929279632,0.3625165828150176,0.0,0.4284506122816151,0.39737248219668647,0.3946148114193994,0.39110425071059485,0.3431143649520158,0.4063819188850136,0.589627650023274,0.4697785014784101,0.5855368623092851,0.39669973444881945,0.5401507443903184,0.5430047411178217,0.6199013239972371,0.5030279820118173,0.3171816819045794,0.3037555046595757,0.4842510304091166,0.32225731816168024,0.4527153886376879,0.48356507509692964,0.6308678402126459,0.4903334517087585,0.3757204445643064,0.5036751883602497,0.6608668227836636,0.4237072320358729,0.40946057326410873,0.5992726429556179,0.538844732740728,0.3586215575126511,0.5153530735755109,0.4370281532192739,0.6759556702828946,0.5541809524715096,0.7929300196430746,0.4598246617591562,0.5934635645077331,0.4418693699418722,0.5678551201349148,0.5487378478441961,0.46987076201506095,0.5605198592669207,0.5020440061823375,0.4953947009892297,0.5323738063470737,0.3998879954289085,0.5218844412467576,0.5758613452534774,0.431579358852047,0.47271143537938537,0.4536339046027282,0.3954824701608212,0.42736974654932697,0.46345247294778474,0.5045737789634437,0.7010896925248129,0.29674891388998337,0.4265930950935206,0.5918541968425532,0.4487818781767281,0.3678250343286927,0.48760817464128653,0.3203352844958887,0.5294368266000636,0.4639815129152265,0.6245329007111935,0.5008265973233829,0.37445620230266924,0.41838968056909925,0.5798947813549808,0.7042218777290068,0.40390855100315093,0.4641581612972412,0.6229998998615361,0.5189969918027255,0.5174336933791538,0.46073498765416415,0.5469816396083017,0.3902958350510075,0.5917697986951681,0.4403445659324385,0.5308497768099166,0.4701649528152779,0.6615533694470987,0.4762093201427753,0.5314797863744979,0.4312260335835283,0.4509443209650148,0.43822155457118966,0.47829230573121,0.4761979949401898,0.6725400493319384,0.46771694361006966,0.5121966048633488,0.3988380357151926,0.3730218880318252,0.5797491843465976,0.5803618471605226,0.5750445587336959,0.4848311685231103,0.42542383987352766,0.34220812299891756,0.5282692393340653,0.37946288505984443,0.49611741063884984,0.439260068885427,0.3872768047678406,0.3681253480961733,0.3957028299605206,0.4610950413838839,0.5235956813146841,0.6059663098807179,0.38287152688603765,0.5708022580277886,0.39944960383297734,0.673805178634113,0.47875944292336076,0.51325476802243,0.3185389169040912,0.3867392328848188,0.4440179103084967,0.4624961801507863,0.43642371307967043,0.3350446717189311,0.6108762265798228,0.4291830739649595,0.5587334101086796,0.5868693082837251,0.5183848138821892,0.4499516149800104,0.634146207386705,0.4477485008791907,0.5467571472226931,0.7373641479236663,0.5181365075689778,0.415989422020854,0.6173530880361104,0.29290285514000997,0.4881395901351552,0.5150959340476273,0.33609181424085066,0.6312305513654386,0.5606608287691066,0.6039889927886918,0.5066915603840174,0.4432569958498198,0.4573521602132128,0.40828817036845555,0.39944633863833956,0.5261201695010701,0.44573499102927605,0.41543747701398875
