0,1,2,3,4,5,6,7,8,9,10,11,12,13,14,15,16,17,18,19,20,21,22,23,24,25,26,27,28,29,30,31,32,33,34,35,36,37,38,39,40,41,42,43,44,45,46,47,48,49,50,51,52,53,54,55,56,57,58,59,60,61,62,63,64,65,66,67,68,69,70,71,72,73,74,75,76,77,78,79,80,81,82,83,84,85,86,87,88,89,90,91,92,93,94,95,96,97,98,99,100,101,102,103,104,105,106,107,108,109,110,111,112,113,114,115,116,117,118,119,120,121,122,123,124,125,126,127,128,129,130,131,132,133,134,135,136,137,138,139,140,141,142,143,144,145,146,147,148,149,150,151,152,153,154,155,156,157,158,159,160,161,162,163
0.0,0.8939325384854985,0.8613273730907981,0.7644160411257962,0.8037506368863588,0.9036940800929696,0.814147499475932,0.8930263213487543,0.8927349143678045,0.8460638232583493,0.8727925956317661,0.8465054154105742,0.9242913976175403,0.7772412777457086,0.8008259659454587,0.8931231559965754,0.8838036756741998,0.8736185707880842,0.8066788390031263,0.937089696420872,0.8633461827928223,0.8792346657545501,0.8125174590320189,0.8245393776553345,0.9170285390404773,0.780378812064247,0.7785705622858341,0.9068426905535171,0.7690876567454132,0.8202868143635325,0.873857452767835,0.8706855639304146,0.775841661183127,0.8451093011451339,0.896639378545749,0.7209261634419265,0.92681868692449,0.8331793826345011,0.7777305205791526,0.7681859355569032,0.7444650779552406,0.891780269871425,0.8152514395100239,0.8220885075377493,0.8589259142812659,0.8296774676766869,0.8245920425747361,0.82852103094428,0.885828022982171,0.785744297713702,0.8304771949999251,0.8736758653460838,0.7524754766739006,0.788925779452888,0.7424275118256305,0.8851659019014314,0.8923901335778394,0.8527891134756949,0.7852441600372773,0.7712146547717615,0.8545653600087064,0.6390299862368641,0.8129032284272074,0.6921281731116865,0.7745285407862412,0.7968929892478464,0.8330022309604546,0.8958149944603984,0.7997005601334077,0.9161843541311796,0.9357507876716749,0.741215797853757,0.8221944314117008,0.8633385126616084,0.8925046055807127,0.8662503792622666,0.8049600269798469,0.8096690493775343,0.810092099226494,0.7497127710091213,0.8549535105647209,0.8890914510640379,0.8989154237449627,0.8381946162516513,0.7786804396722472,0.9256728851449074,0.8617617150035535,0.8306160786983408,0.8843830183968453,0.8701936774614567,0.8477563407715154,0.7944874911798312,0.7703442917148746,0.835827519632067,0.8281381338354302,0.874564912592543,0.6894096972501068,0.8444109128336077,0.6430238869182142,0.8488780960395893,0.7393827554144476,0.7264593159089826,0.6763820932510047,0.7638758025063809,0.7728775979028136,0.8686220808435464,0.7423076288600201,0.9404237167845407,0.7659911319004326,0.8943564047096766,0.839472955970025,0.7679971838144802,0.8957410358635541,0.8291436073178674,0.7841504842941085,0.911339758387883,0.8879275976079966,0.8064528830077592,0.8016072110943149,0.7999554050049805,0.7937730501950218,0.7492019265148513,0.860611035280332,0.8960353678580512,0.7981768176514469,0.8178058236373436,0.7118332037854171,0.8093741723409728,0.7873014427619205,0.749527871084292,0.8672121138090912,0.8416318569282818,0.8112843353656987,0.8579694771907405,0.8311796379636994,0.7814526789561383,0.9047301209048598,0.7671789688892858,0.7681956296888925,0.840726311688168,0.7665067908528135,0.7627382103771122,0.8868587316623908,0.7221521384583264,0.8488667295795019,0.8913453823673838,0.898486332133469,0.7981275234842735,0.8865037794654861,0.6377701533675139,0.9009546655189618,0.8021109870436047,0.8063264315534628,0.7781884107816653,0.8592534935934482,0.8952642155786854,0.8741315565498246,0.8997239691874849,0.7600497116241852,0.8066059176388013,0.7569495162665646,0.8643777625449152,0.8952367615975587,0.9418305533195733
0.8939325384854985,0.0,0.9190200257427298,0.8376303090993763,0.8205266838915494,0.8505553347889527,0.9109676411280191,0.9228619328990797,0.8092288771878241,0.9374827851901314,0.8712784231802095,0.8953580780026142,0.9401384723469459,0.8453521677248763,0.8933863370452025,0.8986796761085907,0.8999540807437064,0.8671532478774336,0.7773002273684985,0.8934264278783943,0.8663988440291168,0.9184168383012301,0.9022480151478286,0.9031125630922138,0.8908885213977655,0.8410026400147498,0.8694051091458317,0.9086570854928748,0.8909935413586463,0.7633779134253084,0.9006868356476398,0.8460086615006043,0.8882203539214605,0.9009381988108922,0.9089687855832134,0.8249130877411643,0.9041496014224389,0.8565537101017618,0.8875593311146895,0.8732590495535371,0.8730160270606524,0.8033868031575242,0.7840131542648986,0.8355954706596838,0.9565351522839703,0.9151329421848272,0.8611649886270799,0.8170501480960493,0.9473067920260234,0.8313043445630499,0.8633008091802671,0.8685444164342561,0.8053253153932142,0.8825077770281516,0.839079410670772,0.8554140958624936,0.8675947327194252,0.8256714914514002,0.8675970301888479,0.8761834013934641,0.8771907912192778,0.6604748977469955,0.7494942614534726,0.7626549180243424,0.7269133495279783,0.7559743419737189,0.8959598508308914,0.8587211261387638,0.799099066752608,0.8512538243925404,0.8976923169400537,0.8103272223139385,0.733357956995012,0.9164244218286138,0.8685785631709564,0.8380193581562606,0.8593811325475674,0.9084208804615629,0.862296842150445,0.6900241064429008,0.792480401345206,0.8474129613877189,0.9153830191459351,0.856307013911795,0.7320534786126124,0.9740908415221168,0.7430716271303348,0.8387949617873193,0.924597810977445,0.9074868443591367,0.834489616560075,0.8363139521000273,0.8576153867011538,0.816177051628589,0.8457074137717255,0.9199473675575085,0.6996893962127613,0.8599670686541342,0.6526096445291494,0.9414400433922004,0.8132307956283277,0.7230224430887968,0.6811076205307973,0.8202217730146923,0.7615670133532065,0.9214114010100929,0.8068952988995761,0.9386625661898983,0.8982047618886354,0.910949341306185,0.8538631333869116,0.7724769523179511,0.8185427747508378,0.8156456023101052,0.8382026896851924,0.9492891921580098,0.8415122301491795,0.8267983995272064,0.8157784890356191,0.8118303952493148,0.841590978397248,0.7660277821972195,0.7881062302881988,0.9362521175917797,0.7139056519729943,0.9277255583199272,0.7409371341196427,0.9121821104694935,0.8903979350979125,0.8501844437037327,0.8265963371206302,0.7713506954479853,0.7903036314289987,0.8301510850109005,0.849557124907772,0.7791814029103081,0.9101512163786295,0.8805384749339424,0.874527701822845,0.895625639357007,0.8152489907236913,0.7669278376418199,0.9526758575309295,0.7477086909164118,0.8978283711564478,0.8672678306735614,0.906232023136398,0.912482328093718,0.9138884586668371,0.6612113562096661,0.8291146514921728,0.8323834321599417,0.8412731155009292,0.90418844992399,0.8929850798709636,0.8838766979660634,0.8852576462203864,0.9287215231799261,0.8259252869673492,0.7749327531354756,0.8443578420904084,0.7815217512496774,0.9275159380970919,0.8702406581232038
0.8613273730907981,0.9190200257427298,0.0,0.8180719850051259,0.8987445096540375,0.8117142624796747,0.8815887010999185,0.8930720002482996,0.765827990003328,0.9354963830076056,0.9275160796253124,0.8729637265489681,0.9126442610450557,0.7608264031670215,0.8948062269705459,0.9268692684556809,0.9161873736196894,0.8982187444944586,0.7962914082019672,0.8491439514258124,0.9231289602612364,0.9790941972657969,0.8780664621599417,0.9043335018429085,0.8823361843561975,0.8162772772768665,0.8399349928084385,0.8921318612912196,0.863225886655084,0.7770519790325154,0.813302242849725,0.8141488651050575,0.8345058008075821,0.7815603126150358,0.8075016406539821,0.7544911928341594,0.8796925072093811,0.8225334678217283,0.8825484707374939,0.8515711026626303,0.8314451871615192,0.8129253612875134,0.8760361129135632,0.808606274007047,0.8765442145574984,0.870066891482022,0.8059293870408516,0.8451340579736137,0.9367435172845527,0.8164438695377579,0.8769022113056373,0.8280647790692705,0.7601334527793722,0.8757867268700926,0.8236842508268528,0.7622948088731154,0.8661225648493575,0.8546467240702591,0.872263272393781,0.7923573530237936,0.861160327504455,0.5952574808990513,0.7899613846685862,0.69472746008222,0.7477206030899703,0.7478500857866033,0.8314840223842681,0.8801118682546688,0.8639090217059301,0.8963757220654429,0.8813722177352734,0.7209684416183896,0.6970811564553586,0.9424725334690162,0.868172198589418,0.7277697552190553,0.900246839523786,0.8877568546570952,0.8073786338300731,0.6505523318180211,0.7922043993915882,0.8264924986919372,0.8988178541990776,0.7985876511508626,0.6922911271263363,0.8992530981797546,0.7317615797169383,0.7953326128450716,0.8174594187797354,0.8065340545496767,0.8550075305152743,0.7176025490488983,0.8570201612935523,0.7508585039511448,0.8146498915257607,0.8661037320155301,0.6639568047100063,0.7548593452569331,0.5711041933011326,0.8234805103914429,0.7179699801185156,0.797422240927765,0.6478081259660484,0.8097442488929759,0.7021064047261608,0.8780638364257226,0.8100794437064265,0.9104202365467169,0.853225659608076,0.8912838478811654,0.8462227340470384,0.7295268637998339,0.761097685673891,0.7948757129190656,0.7659527449080133,0.8945753881787625,0.7576667202948948,0.9319054629054624,0.8227153700654831,0.7082549555233164,0.8239240381466927,0.7313727499822184,0.711219381428124,0.9054617570130351,0.6449787715673554,0.893885312605262,0.6624404722720124,0.8437409815391447,0.8206714433390123,0.8238013266626258,0.7706919398948168,0.8266768476938703,0.7343114765498354,0.7432477409543956,0.8661194148179469,0.7725603470915317,0.8535649989892744,0.8214383834971524,0.8752234192930894,0.908364857486888,0.7878647916459677,0.7105532765281914,0.8618114757181824,0.735376034223838,0.8561882063090415,0.7903201369851609,0.8803420061095873,0.9075807487261085,0.8978397468074658,0.6067642534231121,0.784450567377014,0.7920985550059525,0.8932241016656938,0.887643679679516,0.8869981217598849,0.8718201368298224,0.8896780757626486,0.9055389080798604,0.768231692671193,0.7368458601238708,0.8275103869849729,0.6938156344687897,0.8487291806779904,0.8882929944912074
0.7644160411257962,0.8376303090993763,0.8180719850051259,0.0,0.788374363820822,0.7111060133102476,0.9034857679211646,0.7942969952061775,0.639120106509718,0.7944975690662085,0.8665417541220921,0.7565680588683708,0.8210261458170617,0.7937298432798616,0.8988878025208185,0.7605918303943134,0.8215059202220362,0.8417936959689488,0.7247707507976117,0.7115819529232185,0.8083515677733006,0.8409721089320559,0.8579829212895338,0.8549668877599154,0.7553601700013219,0.884735802491582,0.8324397846873456,0.8659131299385919,0.8478365695245349,0.6117174098823522,0.7397866807830175,0.6767984618156161,0.9692271295593577,0.7702614557841821,0.8282597505842945,0.7991421384200107,0.7888712372175212,0.7930744925071167,0.8235729471566394,0.8977174235642588,0.9408527846872492,0.655624675799981,0.757888065511431,0.8480922321777896,0.8355533872090057,0.8237843331931478,0.6797475477909428,0.7826597065534405,0.8831779763255685,0.7712329799964903,0.8989300432201748,0.8574628413961367,0.7789978009419629,0.9366148559229375,0.8648114227967637,0.6521902726204728,0.7963411919955132,0.7472125619455349,0.8762507948699806,0.7914741339635831,0.8407883199844282,0.5892849099647226,0.7857801982734332,0.6798919302827345,0.7062090588362212,0.7144844569103038,0.849111780237928,0.7498630296668855,0.7860227777604664,0.8012089966632345,0.7956699437824578,0.7630486663887027,0.7072492615289803,0.9026979054861702,0.7715314669464365,0.6903266243281304,0.8411071613969996,0.8349387326218126,0.8559903056495696,0.61733042716083,0.717715945605668,0.7894464379400935,0.7435184819266731,0.8059113483857113,0.7080019356826414,0.8226022190985506,0.6611623167621311,0.7943430955724298,0.7649602632609337,0.7158367428400225,0.84933103680576,0.7192551129862294,0.8377243040570711,0.7394587686884929,0.8866871160789644,0.7998651238429153,0.6382927747966463,0.7218198519559174,0.5879130907194595,0.8655794605707702,0.7569627281407083,0.6883828018640928,0.8048600804502606,0.7985831158896767,0.7253033270872242,0.7718027593170008,0.7530777675252145,0.788073383090164,0.8661222479532403,0.7524727223729238,0.84583713265222,0.7753422344406872,0.7609829923604189,0.7219033919613538,0.8560930926594501,0.8437529312685572,0.7152197847439966,0.7042644082933955,0.861012368474929,0.7394280430762656,0.7845943764763718,0.8240638035767611,0.6699332012750927,0.8482306377874435,0.6340360553625286,0.8730816485415864,0.6654765465608419,0.7619602407958046,0.8347260166769008,0.8447326649206588,0.6285562407563674,0.6600007668209751,0.7333740334768447,0.7708098325646979,0.7735369411889429,0.7228371121091588,0.6977844287740788,0.902486752350836,0.8721059973858819,0.784640522848126,0.9314419522767226,0.6323096368028053,0.8381949818195119,0.7221466169214289,0.806297992435765,0.7408399834766541,0.7388663626279975,0.8248911775041693,0.722384293473368,0.5696801768109988,0.8050888802257756,0.8228735191145489,0.7982772249132619,0.7681748500598333,0.834233107022207,0.773411505452114,0.8167403523773054,0.8146697273077589,0.9355044853959721,0.7665301653748202,0.8643836840832151,0.6862013685087556,0.7386684963157213,0.8360123288408652
0.8037506368863588,0.8205266838915494,0.8987445096540375,0.788374363820822,0.0,0.7554847072353988,0.8674894617970512,0.7932644043039317,0.7360099073121716,0.8170767228031425,0.8514431444531124,0.8259687864191823,0.8114657279611417,0.711691633461865,0.832685766350576,0.865589476540428,0.872322629298287,0.8409448109249991,0.7410539988403743,0.7354296092694891,0.8624745008982857,0.8803101317363446,0.8629420729476168,0.8278292645988742,0.7906484430463125,0.8014885923220139,0.8022599431774741,0.814743456308577,0.7855716355303718,0.8117165562357213,0.743153048174917,0.7451426931714631,0.7980891654152008,0.7288148735787441,0.7534351957777858,0.7203228235743737,0.7959999548960723,0.7784530319335468,0.7905645460545193,0.8032663421912554,0.8044213946377197,0.7973541693089664,0.8264692907070609,0.780582286024289,0.7757549044957978,0.8011774733040209,0.828395474858666,0.7613409251108624,0.8685477967209672,0.7804911659980883,0.8539452641308064,0.8276808171722022,0.7186056429500118,0.7951423503745157,0.7542512644073134,0.7275029436284759,0.8065724191062498,0.8657945258201554,0.7588044181085041,0.7486418052943606,0.7229388031171565,0.5972058322605387,0.7710949426391264,0.6559554335657354,0.680995213753952,0.6486626607833254,0.72906153045095,0.8203540002971524,0.8087769297009317,0.8137807988197598,0.8156654099575075,0.6758593314229836,0.6535168160080626,0.8583517542997247,0.789998280484522,0.662069652144169,0.8198958903244554,0.8986980009789676,0.7491643006474794,0.6417098002242464,0.729846794506144,0.786930799749229,0.8606016105803475,0.7204726464391392,0.6848098902427272,0.8263213313547991,0.6557013830710631,0.7525070718267396,0.7511043165684415,0.7413259439292855,0.9243804778518001,0.7062814105924852,0.8347860510059072,0.6764366707290786,0.7756235741655544,0.8002374125454657,0.5824940925118551,0.7178351995265791,0.5813992902716356,0.7569592014895066,0.6533263523926574,0.6910155569587275,0.6671548833251565,0.765007761542893,0.6753945280171111,0.8346311530111634,0.723023175350091,0.8411256927444243,0.8075784922101434,0.7838724265131103,0.7984928768992865,0.7413943410578989,0.6876536661979653,0.7514538436683865,0.7359922405037582,0.870833165462183,0.7097908073857054,0.817691361255082,0.7713508458354941,0.7095767704158952,0.828157214480741,0.7286879759757914,0.6618687577549717,0.8614455754990104,0.6028419736182068,0.8055222555648345,0.6598022765190615,0.7916850592812057,0.7472385289467751,0.7564107433186835,0.742523015058805,0.7788509787400442,0.6605947972672269,0.7197910467445694,0.7113519411703932,0.6925425768561525,0.7878302891226199,0.7878736238131857,0.7811440772480196,0.8489145430754832,0.7212860723612232,0.6755314671955509,0.812271543174526,0.6952048594200845,0.7748316151640009,0.7872687538027072,0.8531347611872957,0.8338874375875194,0.7867759739399035,0.5988235852676443,0.7110180213008088,0.7466982408102414,0.8296933077378935,0.8314033152069132,0.8344940651245357,0.7509586890739881,0.7824631939940196,0.8659464949162964,0.7249889366902204,0.7365405873888458,0.7467963150872785,0.6650079493106753,0.7867152579769807,0.8671857402870959
0.9036940800929696,0.8505553347889527,0.8117142624796747,0.7111060133102476,0.7554847072353988,0.0,0.7446679839140572,0.8545077559628491,0.8467608164074159,0.8059240374464466,0.8006541812493982,0.9076108668924036,0.8219923809341163,0.7107422112791585,0.7149830130270275,0.8615376528031972,0.8243067206622957,0.7182650031250245,0.8840633468985482,0.8732146957548714,0.8711880554596672,0.782271123650218,0.7088017744447329,0.7331584857832056,0.9015477783823418,0.7154394052683208,0.6658974365902792,0.7982984230850263,0.7490909725560059,0.8044850994700496,0.9109046968561273,0.9449636427122677,0.7298720959681709,0.8843960919921341,0.859335432765799,0.7570681337506351,0.8562959065821582,0.7847004729688396,0.8053081926583201,0.664186731603815,0.7132424616088107,0.8621981635407792,0.8036952804186133,0.8682600222397907,0.8011204548262822,0.7465011821660998,0.8311720813161207,0.8362652506643868,0.7831800876795714,0.7703079305776132,0.8177101205671673,0.8816444104833433,0.7203916733488687,0.7851453607406499,0.7620013384018774,0.8900828867487219,0.838774459589929,0.9019110870797197,0.6843789658800495,0.7351591172299866,0.8154569594774379,0.6986643376849181,0.8312223956224928,0.695067929299839,0.7402469665642826,0.7668948203676569,0.736601192691031,0.8056674225053834,0.690183016046949,0.8254580233858891,0.8735361606364335,0.6919692243209742,0.8101568848453585,0.7775373855844544,0.86232928177962,0.8567154175479164,0.7469885184709071,0.7704763129195228,0.7630202443261779,0.7946421261625269,0.9065264410612325,0.8650059070094924,0.8360504065971439,0.7985142372131192,0.8288332705621831,0.8477993046327523,0.8942434273149684,0.7870742502900385,0.8479587443897326,0.8162663200162932,0.7947690635193417,0.8737782271353725,0.7637192885420728,0.8189563673531358,0.7496529830541014,0.8845519401119629,0.7616657879003278,0.9241225188390524,0.6972687671502444,0.793335513864832,0.7228092003516045,0.7464643758902869,0.7277245962273533,0.7885128943012549,0.8015353726025902,0.8104311868131483,0.7711471796808087,0.8616652630478345,0.6917461382370832,0.8568576251308537,0.8923020337809152,0.7742115931154507,0.894574734514685,0.7819232916683185,0.737534844457069,0.8062258500334122,0.935719673775268,0.7809568054131062,0.8336375227016309,0.7916741659968364,0.7278894365916702,0.7587064755641718,0.8870390107052185,0.850183527923212,0.8092945115407979,0.8144809555100814,0.7518525756170801,0.7937581447596556,0.8264047162252021,0.6565802768144495,0.849118190697816,0.8767269026921165,0.7407552236892424,0.8741623106200882,0.8067775817208094,0.739846305542764,0.8638204612396878,0.6852375099777157,0.6617000387939922,0.8213580501657431,0.717684759431514,0.8260565857174955,0.8429404147294465,0.780017236413944,0.8424837676912129,0.8859173616230935,0.8907777582221497,0.7413895681918997,0.8972678088221915,0.6985973107836645,0.8932788338542119,0.8217535324035369,0.7312824613587343,0.7017384836014414,0.8744402815603525,0.8001876623934235,0.7417408498111375,0.8596083691565333,0.6825751661384026,0.8060791709351651,0.676602807675795,0.8962301939907177,0.9141484023456115,0.8278748834546578
0.814147499475932,0.9109676411280191,0.8815887010999185,0.9034857679211646,0.8674894617970512,0.7446679839140572,0.0,0.8462704352498175,0.7206237715848505,0.8987525748377375,0.8420140996486075,0.8427462908663732,0.8652484515384685,0.7579195672564909,0.9672173243869061,0.8012601787245239,0.8159430313646694,0.8723402263711401,0.7175792261220236,0.7433350807322815,0.8237226990505064,0.8980018744844017,0.9536382959957405,0.940829279072497,0.8426998240290658,0.8762494089122308,0.8708181550924617,0.8402932078608161,0.8447483631567324,0.713268395326425,0.8131538284394759,0.7040813727832091,0.9342465062074145,0.802728340299655,0.8073538651018387,0.738763640767807,0.8630306247995244,0.7581034074152396,0.8238724279276628,0.915283264907585,0.892768533449187,0.7448312691923727,0.7763042406892876,0.82130153058361,0.883268577820795,0.8888662076239792,0.8102706951224619,0.7781402039806091,0.9499876895906734,0.7302828779998876,0.8525045022158726,0.8340212680392036,0.7173956251424336,0.8646877846507917,0.791001381935071,0.7635965130756346,0.773882964769434,0.7728746045407896,0.8451765772825964,0.7798864403396882,0.7895118237204217,0.5670676754015633,0.7074257023730403,0.6444376010771499,0.6696985490990475,0.673634439001519,0.8597345628056896,0.8665891050141687,0.768367139390422,0.8294079758118091,0.8417749872199767,0.7256906114946606,0.6343838078880909,0.8987722075242006,0.743291788871881,0.7320932332649339,0.8312013289487503,0.927016956598833,0.8329788770360896,0.6287260005605114,0.7229625717586075,0.8092371782023067,0.8944263031430527,0.7587445496249421,0.6385745087130299,0.8896719775129553,0.6603320846777392,0.7602893482188768,0.8200663784714521,0.835216326503702,0.8399187672263793,0.7626669427234072,0.8019616823336015,0.7031991005008755,0.7953752932438964,0.8945477921122437,0.5832078823156229,0.7763080908071915,0.5597319773608948,0.8759451252099238,0.7258859426111307,0.6773379298047925,0.7201050245031025,0.8582782427239808,0.6547132439815553,0.8562550248792047,0.7111211604769404,0.8795420152345902,0.9127306627051647,0.8557158400367284,0.8346558540960362,0.6988071896516159,0.7259491067913675,0.7065313557593992,0.7907390286954343,0.9100718287997535,0.7299219102942847,0.7706192021447495,0.7859565993897591,0.721747535589849,0.7865874440756876,0.7575100445549945,0.6692889616302458,0.935587577859386,0.6084971488659522,0.9053616515259097,0.629837727258193,0.8384511628962263,0.7954260215820527,0.8503723641023858,0.7196835025910628,0.6650592376558546,0.6997994321999133,0.7244188325017368,0.7669276961471624,0.7089225382195486,0.8272987625101753,0.9066129848559565,0.8921851305940365,0.8593356361470598,0.8582313812621478,0.6300087607970131,0.868516928307531,0.6439289767759007,0.8218673870643941,0.8298197489317628,0.8460208003089502,0.9150601280715709,0.8092495960639439,0.5501319228612641,0.7687581891199269,0.7782839257963744,0.7762775754412141,0.9103016253008098,0.9060326705752797,0.8503312398704919,0.8654421886565551,0.9356424694594614,0.862545064220516,0.7081052664672588,0.8776860046814313,0.6818232324759611,0.8353819752793274,0.8571656024503626
0.8930263213487543,0.9228619328990797,0.8930720002482996,0.7942969952061775,0.7932644043039317,0.8545077559628491,0.8462704352498175,0.0,0.8693528622035676,0.8948585753600561,0.8324226441624821,0.9119232588247531,0.9055600469108464,0.7683969718385046,0.8621625424946959,0.8886355117080417,0.8481849378564038,0.8438502335922458,0.80003855820851,0.8783923702518311,0.8469411159082857,0.8838644760773666,0.8590188446376543,0.8329431250690477,0.8970089151973049,0.7976610901544521,0.8395385930274273,0.8699117639080268,0.7874088427493569,0.816098090601687,0.9402419908460858,0.8592609932708545,0.8310756468850045,0.8810903477122771,0.8469198405249893,0.7856954532619961,0.8977531727719319,0.8339862952493805,0.8742412290300672,0.7901034271964882,0.7960914674769898,0.8194396557825119,0.8472227688306173,0.7815329281109238,0.943149237570216,0.8972412639088291,0.8435153512261248,0.7776352672659714,0.8837786464074971,0.8159001156331764,0.8509432621456438,0.8263318163396958,0.7407409134574252,0.8250907277237378,0.7934772065347987,0.8509025660849058,0.8500769025707225,0.8769287679116625,0.7842100195257307,0.8304227543377092,0.8670862594022327,0.6619165651907679,0.7690112654315091,0.7068393952025199,0.7191156774620617,0.7566662835556126,0.8441534148572357,0.8632515891749148,0.8010347762177115,0.9251744260031166,0.9040604252736919,0.7390706151050177,0.7144516781808311,0.8858153939909977,0.8698405353290861,0.8017115522922978,0.8527930506150664,0.8410559887038035,0.8675389235066684,0.6390857630527981,0.7493734718910565,0.8954877851827256,0.9079602341140373,0.8197336072936166,0.7268364347283817,0.95339064944396,0.8166330410854435,0.8757036788752125,0.9342122043360794,0.903229724599207,0.8346478030141474,0.8375851079226834,0.8048693320386816,0.7656846500498975,0.7782277312450281,0.9022868817146208,0.720089692467591,0.8510512379649032,0.6255211718697832,0.8902217683645013,0.7443156164761835,0.8355627274932267,0.7053550908054953,0.8201148633481918,0.772858848956552,0.9156768306244074,0.8094267164346842,0.9075542961168341,0.8246368947172179,0.852924943539535,0.8200334325503937,0.7588577877175011,0.7918611239758797,0.8371244508165422,0.789377116142517,0.9012521685412443,0.8082907365860169,0.8323054782799587,0.74965598467464,0.7847906649898942,0.7737112995638368,0.8334984101544439,0.7376602793835174,0.894644165899218,0.6674459296019879,0.8746915287820061,0.7261651022053084,0.9121002194670208,0.8158777958734735,0.7906024539925732,0.8540855056980874,0.798563391134218,0.7744559930760032,0.8007817798473651,0.8234224273489712,0.7024004735095264,0.8908565377049138,0.8010607309562695,0.8187807804252177,0.9598422426568838,0.7692508393735821,0.7375517133677932,0.9122452367969598,0.7472565300565551,0.835636807339862,0.8965515672427126,0.9329099881629679,0.8617009854711046,0.9022238939360356,0.6353423107393753,0.8620431929093745,0.7674461599734312,0.8220656648366439,0.8636477670263374,0.8950952979175314,0.900292040790551,0.8317218703428068,0.9109089076127611,0.7423978487786753,0.744072698469239,0.7563347852947014,0.743178129758693,0.9429613101541372,0.8355851223148378
0.8927349143678045,0.8092288771878241,0.765827990003328,0.639120106509718,0.7360099073121716,0.8467608164074159,0.7206237715848505,0.8693528622035676,0.0,0.7852266814931922,0.7140746337488015,0.8450300554443623,0.7855794668652167,0.6703350319835787,0.6997378447903951,0.7953582922343637,0.7593327059538219,0.752778222529144,0.7692077528660338,0.8504108337718308,0.7496562204458288,0.7722817931858301,0.753083587951111,0.7016195889849255,0.8587494606849614,0.6411061779140044,0.7200037768644705,0.7766616749785027,0.6475302164338989,0.9272084681348418,0.8688200146990578,0.8296870526431875,0.6590120566709915,0.7915445142440938,0.7737610131513817,0.6525631887652036,0.7996021472565665,0.7294058438289189,0.6910117619040496,0.6445205877899262,0.6297719967906378,0.9374672935819788,0.7122646837816564,0.6707204889048269,0.7752998018077243,0.7389825661945006,0.8371486057091176,0.6638001991333388,0.7551774685116129,0.7049072019129983,0.6984034831619161,0.7370595137863191,0.654908712193245,0.6538499311964093,0.6235821444322085,0.9281912940483923,0.7614614089775668,0.840549138192408,0.6464395207892164,0.7018712214521681,0.7063858595081522,0.6286405392708009,0.6792891179448495,0.6410455231184343,0.665219445316436,0.6567825331154864,0.6983308039342901,0.7929487089692693,0.7077317301569629,0.8389116956215119,0.8039427516536961,0.6352280368880666,0.7096269521201239,0.7236064475120768,0.8049585554402756,0.7662945546786899,0.679200453760417,0.7153354262411638,0.6872930114151561,0.6300721601272093,0.702774887951756,0.8549437626044305,0.8685532430515023,0.6953893297438177,0.6950248140069042,0.8504238737691366,0.8024642230845702,0.7554239166225638,0.8423318233841885,0.8678520990068963,0.765190383884335,0.8215050587452799,0.6670025169041427,0.6923038784147092,0.6780891462416603,0.8060820272362048,0.6407337601074853,0.8416664160520462,0.6326918421957086,0.7465516328624084,0.6279673622875356,0.6806987890701373,0.6177547193016768,0.7261200185673244,0.7081542978477823,0.7983355218377871,0.6556184028064778,0.8765357728418146,0.6628948869544723,0.7874499224435445,0.7177766252760036,0.6815364588236323,0.742078734572899,0.8002321395546239,0.6514612113867012,0.8187117099128405,0.8124207115257884,0.7468752713651781,0.6474775066486836,0.7582344935102628,0.6765635368682208,0.6921343501128459,0.7514508836496909,0.7703534222425964,0.694894531071411,0.69690161890427,0.6936066996250161,0.7724572695012166,0.6763951683131318,0.6304760041694101,0.971439667686402,0.7840051144090409,0.6845597892594267,0.7718106216750468,0.6963454401319912,0.6158861636453262,0.8601396002178285,0.6465402987028139,0.6583180685951378,0.8149773340035472,0.6209339331923823,0.721336329664249,0.8305531336312956,0.6795499321416579,0.7049576552098668,0.8951821087212906,0.9061621849758388,0.6993745341438585,0.8522195729853534,0.635547923815478,0.7747678633926718,0.6800932937788016,0.7334762412511058,0.7484110158849173,0.7882810977315627,0.7917427966440324,0.7263042395291364,0.8159203971454154,0.6127203798926311,0.6714999622266405,0.6145249188998219,0.7716010117562182,0.8996321927298768,0.7895663649802396
0.8460638232583493,0.9374827851901314,0.9354963830076056,0.7944975690662085,0.8170767228031425,0.8059240374464466,0.8987525748377375,0.8948585753600561,0.7852266814931922,0.0,0.8555543797905527,0.8865912066622936,0.8876349145526496,0.7523065508495722,0.887234322702517,0.8616900788781187,0.8328862582625892,0.8621513962260055,0.7640762332834715,0.8214543420518794,0.8261356940989679,0.9183767503607947,0.899705811045409,0.8728511061552015,0.9315296342961107,0.7754697444548714,0.8446232164435249,0.8544681803160007,0.8721291669895973,0.7762419515420758,0.8622994993713229,0.7963293150512794,0.8325114501354326,0.8024830050435233,0.8171500812640183,0.7347167576656747,0.8854056908879625,0.7837070520799038,0.8240248895370674,0.8223790520512958,0.8023808316673154,0.8056992825933958,0.8047793244833543,0.7877916889550278,0.8843442876765364,0.8442077212303821,0.8221860634272743,0.8031243457061162,0.933825720430927,0.7340261045848446,0.7914711913741778,0.7741361713289879,0.7031061391366487,0.8188528652038083,0.7920640319835602,0.8122199183234915,0.7712048195307762,0.8123935531640581,0.8398363721606084,0.7589563045093807,0.8121358916063749,0.5778531084430099,0.7020198508869618,0.6815229060559614,0.6653131721409248,0.6803250263041504,0.8194016766385185,0.8731185240665639,0.818905454112892,0.8824319302356959,0.826628061075812,0.7185145677389168,0.6558263612689376,0.8622636701692556,0.8059552766826136,0.7706145214491831,0.8042969817672737,0.8724231556386154,0.7837585216516219,0.6317314839057832,0.7617217782783515,0.7844173688862326,0.9157612455237369,0.7814055432131579,0.6380706450014745,0.897265627707759,0.726108916313011,0.779850434546362,0.8536366768424682,0.8424980584196395,0.7919227645081218,0.7646247007019186,0.8008855416425757,0.701216179085799,0.7487123385648905,0.9314580201906628,0.6162470260315001,0.8096879988582883,0.571036276833777,0.829032807933143,0.7258615521504675,0.7315627703646104,0.6612191327749112,0.8893731092055989,0.6702072594373529,0.8443949684935681,0.7255410660935901,0.9393810947030998,0.837687617133619,0.8898832269078399,0.8069872348653372,0.67178668197025,0.7426063181483128,0.7716462682904761,0.7376941446085538,0.8671704615533142,0.7806719799709613,0.9061975614621369,0.781890195992106,0.7240376901574566,0.7436937247369463,0.7231919435697712,0.6990374363286299,0.8862236520578867,0.6434963102713587,0.9112104130334869,0.6269985235038434,0.8358937021284333,0.8180486039761209,0.8061728623704421,0.8091035430478607,0.7245811786987504,0.7139102160389602,0.7139479491301696,0.8146978989633419,0.7200784437819437,0.887193587448099,0.8151766662291484,0.8658055652707586,0.8883731469892168,0.8114517156139867,0.6936311139077689,0.8415975436040553,0.6823512865171728,0.8403850857220944,0.8339741586739079,0.8609202217358873,0.8988746222085215,0.9479565187026957,0.5940370209889684,0.7654499920174348,0.8091381965445453,0.7886217726005291,0.8983080552059798,0.9099246053556032,0.8717994167649705,0.8540224015658584,0.9123521681900212,0.7762307475068118,0.6903562952243387,0.8443869885526665,0.7166283863110288,0.8958313690504214,0.8210804583033526
0.8727925956317661,0.8712784231802095,0.9275160796253124,0.8665417541220921,0.8514431444531124,0.8006541812493982,0.8420140996486075,0.8324226441624821,0.7140746337488015,0.8555543797905527,0.0,0.7887998984270576,0.9242522096707928,0.8260862858247634,0.8442546236610756,0.9155938335360483,0.9322664850272827,0.8982363685843726,0.7624000199616456,0.8464498903862504,0.8873395852589252,0.9354668727234454,0.828927730666066,0.8634643638392199,0.8398119893431539,0.86398582644321,0.8286520768903403,0.9358222430976135,0.8920918242888712,0.696917776150212,0.7635676138272222,0.7980493047460605,0.8482268955192542,0.7705908831506663,0.8711424979945209,0.7786914592601907,0.8899751405704972,0.8792172361949666,0.8509308987627616,0.8584601300536437,0.8385666644292202,0.7563094481501982,0.8438337513324999,0.86764609475446,0.8467367517291174,0.8107280443081527,0.7141615304443629,0.9130155544882222,0.9296781427122348,0.8198956084131942,0.8873967164734282,0.8517945202517507,0.773139706913291,0.8994013471803115,0.8756128811930579,0.7099623108468265,0.8812343632786483,0.820624188247023,0.8951955725129744,0.7861070508262837,0.910709597242265,0.6083605123524555,0.845429761470791,0.7336786290403831,0.7462462659028724,0.7760075987285079,0.8663550532836852,0.8396071293251538,0.8934438023043563,0.89273488253315,0.8747578170487806,0.7816776919575766,0.8050420840352583,0.940895789074231,0.8874952363936933,0.7412802432913741,0.9145529874443863,0.8589323197954855,0.8174522349933766,0.7112680477058207,0.8208036533996179,0.7894404774062527,0.8085794069963144,0.8770190042467191,0.7545631927684262,0.8641226848357864,0.7745148360251369,0.8207935763913085,0.7854151046731269,0.7490289944085199,0.875605034585996,0.6847083869748813,0.8720277950918314,0.797081288270514,0.9060961309537034,0.8304869042926086,0.6741398462160365,0.7247298430934883,0.610417124551833,0.8244725253444983,0.7851050113029794,0.7649612744730153,0.6847401741352817,0.7552358463063247,0.7523910206247181,0.8178632994766828,0.7874844472851451,0.8727644924177875,0.8175477919059948,0.8467977810421007,0.8597743881604505,0.7982713662449267,0.849013164504638,0.8324523641969931,0.8232987552640395,0.8731761578034459,0.7615055364872735,0.863560723772027,0.9006178916897115,0.7567342079450375,0.8587658531451388,0.764428991284038,0.7697835217917417,0.8705107471244248,0.733719432985566,0.8820996511137152,0.677676893501618,0.7888619216635223,0.8508685888142715,0.8379734071301677,0.7093559078122875,0.8139405134991071,0.828634788671341,0.8093684020377504,0.8832527558060858,0.8259737141299084,0.7864613292609663,0.8434455069646322,0.8715058779160291,0.8148592209624738,0.853052881594639,0.7413494204729191,0.8264844648735723,0.7713986857528592,0.9037012652253069,0.756684889122813,0.792367404211002,0.832631433481743,0.8288837324986156,0.6301369444028974,0.8411767193178644,0.8296329679853122,0.8771232967123531,0.7779038883460376,0.8318089477495225,0.8481190161071184,0.9067022698374605,0.8467782592757492,0.8557798906418006,0.8345553215167375,0.8362212246999005,0.7563574941143321,0.7769989292300077,0.938847635068864
0.8465054154105742,0.8953580780026142,0.8729637265489681,0.7565680588683708,0.8259687864191823,0.9076108668924036,0.8427462908663732,0.9119232588247531,0.8450300554443623,0.8865912066622936,0.7887998984270576,0.0,0.8101208895473315,0.6828993638352364,0.8074356004978145,0.8472181713033071,0.810815065715601,0.7466965660594895,0.8812101795503038,0.8136299910843703,0.88526910269506,0.8356925677103085,0.8161608846331513,0.8005496194944649,0.9241904968908207,0.7353366704562636,0.7341936911467587,0.7929641236582347,0.7659277367223107,0.8443511672297868,0.9393635808666909,0.8631676320665007,0.7858962098825691,0.8909187417773541,0.8057621340511032,0.7612962014442747,0.8410276749232235,0.7508937206496269,0.8573244442482673,0.7169085057433485,0.7665433573346735,0.8667063323332749,0.8200680291052748,0.82217271089808,0.8499272701672236,0.8043417987231867,0.883145174708651,0.7766355270335892,0.8362974919973156,0.7586528204555189,0.8292892870387176,0.8451648522935786,0.6907536884618337,0.8109498914155848,0.7653425167940038,0.8772975695440733,0.796772296583354,0.9225403614564992,0.708750189713616,0.7514322474730996,0.7757959765264868,0.6371194742199691,0.7524651641990198,0.665485813806041,0.6894382307261123,0.6863507405673152,0.7427481465001744,0.8190714461662832,0.7043616693326541,0.8409308451334885,0.8423620925521812,0.6600387372033407,0.6806932941946768,0.8114014469193191,0.8097112139604683,0.7621240084042161,0.7686965416410252,0.8336780111107913,0.774404014321294,0.6564922960362278,0.7800086991285788,0.8870744412214665,0.8998040860982309,0.7326635863663187,0.7248307441877698,0.8799590357637179,0.7810765963085875,0.7696083651377179,0.8532500813126189,0.8565397000086854,0.8171790592563895,0.8945361641278041,0.77815618005699,0.7190767645399478,0.7141550119910466,0.9258884878161395,0.6847359271457407,0.9239291722230224,0.623274046338743,0.8109903184640993,0.679091266787139,0.7662526485184913,0.7417057019430309,0.8881951105438353,0.7229658486496655,0.8485651999457662,0.7653946533310033,0.8971257179144991,0.7566319477922898,0.8674259334744694,0.8909545025691259,0.7301405415168903,0.7603607037950455,0.7536131487321741,0.7118999782597139,0.8393953200334199,0.8388857915016077,0.8290003301276492,0.7855428216657009,0.7435228026957728,0.7188591944197409,0.7661570237501169,0.74635073880257,0.8812415128327468,0.6553996253619857,0.854960731174251,0.7011037729590568,0.8521039679838239,0.8142702559505524,0.6886054188320403,0.8519833817959832,0.7967236049656161,0.6655026217820043,0.7841188682394498,0.7845302105213486,0.6617651377550394,0.8770092755734615,0.7298318614421386,0.7265452574400487,0.9202466584101034,0.7213846013063766,0.730695530451294,0.8785831175110643,0.7402928670545543,0.8088250457119741,0.921982855487803,0.952733923553802,0.8073351010599948,0.9270371146953055,0.6359651496248645,0.824084397172758,0.77607652398613,0.7674520799006301,0.8173056251832936,0.9548365004505603,0.8154688942904919,0.7483160251401824,0.9178106935721075,0.6852199584143734,0.7084741440401308,0.6984690325054209,0.7532846070521264,0.95462634010598,0.8044599866490998
