0,1,2,3,4,5,6,7,8,9,10,11,12,13,14,15,16,17,18,19,20,21,22,23,24,25,26,27,28,29,30,31,32,33,34,35,36,37,38,39,40,41,42,43,44,45,46,47,48,49,50,51,52,53,54,55,56,57,58,59,60,61,62,63,64,65,66,67,68,69,70,71,72,73,74,75,76,77,78,79,80,81,82,83,84,85,86,87,88,89,90,91,92,93,94,95,96,97,98,99,100,101,102,103,104,105,106,107,108,109,110,111,112,113,114,115,116,117,118,119,120,121,122,123,124,125,126,127,128,129,130,131,132,133,134,135,136,137,138,139,140,141,142,143,144,145,146,147,148,149,150,151,152,153,154,155,156,157,158,159,160,161,162,163
0.0,0.8108552722493731,0.7050957852890077,0.655491850827221,0.7520209702499195,0.6895536136897411,0.7328850402329496,0.7273926292466332,0.8012621778277152,0.7202451769156317,0.8304458298719922,0.744109741231334,0.7508814310320618,0.7440997657173827,0.7686084526214364,0.7419081521773304,0.7369101891247858,0.8362250395816878,0.7440108043812035,0.802859070913256,0.7855764690944866,0.8111909192997613,0.707641134070188,0.8517496094059483,0.8014724640516951,0.7445095452720135,0.7131066580312264,0.6913133334364787,0.7724613393523786,0.7400631503914166,0.819613654189244,0.7487140014217456,0.6757269993968091,0.7066126320815295,0.7933032485516698,0.7227451162911119,0.852227912032153,0.7602029668265257,0.7682593181633209,0.8049427677285217,0.7220831074847336,0.74215426811648,0.8149458552847603,0.7647861420600452,0.8056983110320477,0.7595845864358151,0.7275225508311596,0.8392115421529749,0.7921983971672547,0.7559213877751244,0.8138354856981661,0.7197610248120144,0.7534014873303299,0.7777714269179902,0.7903353300295524,0.7093414505367043,0.8163352039047003,0.7289976061910428,0.7966603795352744,0.7318063993496969,0.7328203593429139,0.6489640229842698,0.7567679676339205,0.6785399411188103,0.7642217688923368,0.7508628548021836,0.7664653072859741,0.7862275860802804,0.7415350108912787,0.7731105986222021,0.800231681737943,0.7727941928697342,0.747725405229567,0.7640438537493848,0.7247915782303759,0.7882813934599247,0.6963770230501442,0.7685762822891555,0.7664784252077925,0.7031882485842234,0.693423477160546,0.7864629232744769,0.8195855391761605,0.6980402278015787,0.7531267535158653,0.7586726303060185,0.7698427841891876,0.792848348651558,0.7178856013869781,0.746516721113441,0.7721656417052825,0.7411999680113648,0.794223083303114,0.7855225480653637,0.7745576889859918,0.7317659244732521,0.7057899441638774,0.682788292768136,0.6841067122111176,0.7260530655597679,0.7787853838269915,0.7094890668622363,0.6953057891770394,0.6459402050468622,0.7767081999563461,0.711107698225984,0.6848879917941427,0.714678843143011,0.7768993227114322,0.811315446936682,0.7572115813984471,0.7608512840592335,0.7264520750489958,0.6899575204646716,0.7834267515619849,0.7382065008240594,0.7618273331421601,0.7347576028829632,0.6579848496146928,0.6660766614832946,0.7414884112823815,0.6718899837875201,0.7679125337022246,0.8329587722231333,0.7673978462782929,0.7847179647421357,0.6501034598970727,0.7390062212238853,0.7125245308500566,0.7561438028487475,0.6976096046253148,0.6802271862283717,0.7134775874197086,0.7622635618462257,0.7858386065404089,0.7095532735449201,0.8324439716304608,0.796806138896701,0.8142154170330315,0.7822160560968312,0.6868070914341325,0.7276662837169793,0.7956173500561576,0.7217983605471666,0.8146332064907146,0.765046538982513,0.7470976699082262,0.696371574233174,0.7999036220823352,0.5816832950138959,0.8630560675267328,0.7808400544787232,0.7595039198593752,0.6969661309263586,0.7227005774175163,0.821889293905369,0.7061934501634554,0.7130893475207696,0.7276317799311265,0.7023422374685824,0.6786192342663971,0.8390023041611333,0.6739087449168873,0.8641070826574615
0.8108552722493731,0.0,0.7603676393065503,0.6957784320214129,0.7223889825726634,0.767115982383518,0.7136215257155476,0.788668104857279,0.789073191280703,0.7753005469895596,0.7870976874204704,0.7753518457841553,0.7645835335539127,0.7806824641107003,0.7115552704255276,0.7659903922602523,0.7829623627786625,0.7744775870941103,0.734796327406392,0.7419910921973747,0.8220851967098008,0.7845205299394837,0.6964376926047023,0.7714263945067631,0.80654264189862,0.7869013239416252,0.732343902799705,0.7019236421208565,0.8430727634711009,0.7310403332720558,0.7764345355347264,0.757346600504291,0.7209784901559485,0.7231881646232085,0.7558214904142673,0.7742699619486058,0.7955738885878174,0.7893155507711215,0.7270559521598887,0.8183365657250667,0.782195214921158,0.7944066866098146,0.744166564825854,0.7533708662706426,0.8296962983414747,0.7637396526188593,0.7719217990423994,0.7653714358166396,0.7302884968750978,0.7385372537457136,0.8049632423378454,0.7955224261695237,0.7744688668178615,0.8255302276108576,0.7789556610587719,0.7912393509958223,0.7764220791849208,0.796942918508435,0.7565424304449458,0.7492397566865814,0.7640705218971071,0.6922359448544649,0.7973520208976512,0.6901186071258033,0.7085974659722355,0.7382428805965824,0.7747903232998415,0.7594241965328998,0.7385151771167527,0.7841509315179206,0.7775480491000565,0.7455213080910968,0.785495888679249,0.782102639192511,0.7914008566836463,0.749135987234111,0.6875820249302874,0.8205931953265939,0.798581990371799,0.7279049487173084,0.7502456464028706,0.7834240271410381,0.8491174616925763,0.7602379392963303,0.8018916871987831,0.8265746502495913,0.7763268027411007,0.7483293674491215,0.7515182341390991,0.7965331550953466,0.7999559554287401,0.7964896613183371,0.7684369012092751,0.7433186917333428,0.8083855956667031,0.7697078810220825,0.7289149750432597,0.7638139652053905,0.7116714608898552,0.7879150010519824,0.7488073251102463,0.6958122320846037,0.723817070462105,0.6778950010643618,0.8136800944231551,0.7497383807009647,0.7175586655149576,0.777559772651118,0.8069345350140198,0.800805014985326,0.7539176969586565,0.7707518259658653,0.7710681585967807,0.730971750777799,0.8348226458871817,0.8242432411196449,0.8115682341502747,0.6625543904137117,0.7143086236947779,0.7477353724171952,0.7079049060087502,0.7317534862766624,0.8012081363842014,0.8320177646212371,0.7307880581375931,0.8255417006666115,0.7070133537963212,0.7644119542293919,0.8115697619433794,0.7354632953748805,0.7750293284840015,0.7217016057349785,0.7063396132991432,0.8082099509000985,0.7252675954615118,0.659865024642147,0.77358033605328,0.7609456134236456,0.7827123038994394,0.7532741674546624,0.7031249892420641,0.7641934064679008,0.8445675896906085,0.7631372209281309,0.816852201236395,0.768271614750904,0.7600164484459281,0.7382576932370817,0.8448456933371385,0.6337339321992327,0.7756122764745881,0.8171502120415463,0.7258625514576322,0.7262909824606528,0.7812279720599257,0.7688985400442018,0.6610570269125409,0.7773217313486391,0.7180444624324783,0.7041529460641373,0.7248538563930192,0.8536832101628631,0.7133029506149636,0.7906356216625184
0.7050957852890077,0.7603676393065503,0.0,0.6543637229818341,0.6629306557960976,0.734390634771197,0.6307358195726576,0.8192253201755754,0.7278346089759327,0.7848411371219527,0.697065165374817,0.6711525436414295,0.752699165586272,0.7231245254238088,0.6381295686068148,0.7535700732300634,0.7724262270613038,0.7403737750241803,0.6467695637982344,0.6859608385343948,0.8280708172546873,0.7562937655969102,0.6355316408558458,0.6848760005831762,0.7372945030157783,0.8063505117687015,0.6900992664603832,0.6539229376633924,0.6995176028749899,0.661716197326875,0.6613475927150787,0.7057798105322578,0.6499024967006661,0.6448022624245883,0.6439788357646148,0.7041260537368106,0.7233764141708103,0.7609960639535286,0.6424392797284192,0.7563060350349845,0.7132110230056767,0.8402218372183796,0.7136787184001961,0.6565220526784639,0.7670428898197994,0.7492801061966919,0.7642760500843596,0.6861485867707988,0.6512325396659008,0.6998361624556572,0.7314870529485332,0.7640735148800095,0.716895849537466,0.727235358849334,0.6676655820643593,0.8042480977798833,0.7121810152208852,0.7494444748716006,0.7375067657828063,0.6835608802294859,0.7638487147109833,0.6918561920465582,0.8032552180744125,0.6694732695144273,0.6818109088514898,0.7615738636131089,0.7789211121745192,0.7915148576824154,0.8013724416724364,0.7906615256688952,0.7668298055508098,0.6740092582861001,0.8032259698748182,0.7869778454444456,0.8115269415299068,0.6606772124638849,0.677003890877165,0.7431725862136493,0.7851277498314014,0.686076115024728,0.8258083555008358,0.7471511238188857,0.773675942547075,0.7775284621181606,0.8041606694310243,0.8113491371091264,0.768753759731343,0.6989432672957375,0.7094388595974244,0.7688208258443294,0.7420690203754969,0.693578455680192,0.665335850000581,0.6612679897273316,0.8099669479190236,0.6928059737006962,0.7396635959099626,0.746182427863375,0.6573860179852201,0.7478433340943706,0.6479932645135013,0.7197099948124568,0.7020508915079172,0.6505823383126823,0.7532080888080097,0.7991259281702916,0.7640618821871401,0.7956826547708391,0.7678591141718946,0.7480724520689108,0.6665929734961744,0.7419785161267642,0.7755922512185478,0.7574597614876927,0.7398053547083004,0.7762346736174266,0.7294245690354115,0.6107118359136375,0.7208079442392026,0.7284830416141722,0.6574680729805524,0.7551904374903431,0.7497592293504564,0.726276637762244,0.6598248536081436,0.7021648674283513,0.7409454954998699,0.7020825116809177,0.7585838063868929,0.7233387019068642,0.80015735584311,0.8313256657307364,0.6703762834728568,0.7078084624503231,0.6874739558404286,0.624138004006722,0.679023688713415,0.6644000859346324,0.7560590488562703,0.6988383180341384,0.647456557777729,0.7226829204758141,0.7616965595173362,0.7765469046391884,0.7567683605638771,0.721209958231275,0.7150590935898399,0.7644873812599785,0.8176770111543785,0.6337531645233718,0.6725946257916045,0.7085898656166658,0.6760303971279701,0.7878838170220898,0.7601158424808443,0.7525192157845156,0.6128038434204511,0.7696587020194059,0.6172320406685017,0.6506273869782911,0.8149540040099232,0.7107040066021973,0.798783599878024,0.6995204449121143
0.655491850827221,0.6957784320214129,0.6543637229818341,0.0,0.6404525239127685,0.734959935486606,0.7251084519052884,0.6834815871198063,0.6216652326340874,0.7039167775555961,0.6941217443235177,0.7627856713708188,0.6339663662357883,0.6111582405843423,0.6414077407895677,0.6313838440751356,0.6612160720985366,0.6386564552993467,0.7195956893102917,0.5797705819753737,0.6885627045010305,0.639372381791525,0.668879292654447,0.6511550813858964,0.7338857454346054,0.6890704075384235,0.6444199763096444,0.6633060114190048,0.7096513430456158,0.6357127166944397,0.6552742517099374,0.6394177170676147,0.8056085948246132,0.6811376433466244,0.6393023962395162,0.6550445316673815,0.6628316237366928,0.6225357363177145,0.6109665660160722,0.6813259939986761,0.7074185206560784,0.6859937030483968,0.6305427108320051,0.7099579982277064,0.6564681065827787,0.6260162505646026,0.6319774909939866,0.6521695659008216,0.6478798632721421,0.5945072086681245,0.7058518971077082,0.751488755696347,0.618350700782632,0.7708720071431714,0.6969204520917074,0.6563025335615897,0.6265907903729462,0.7746621524218309,0.6260367652211214,0.605985755961707,0.6563240791300287,0.5751089467202748,0.707196609258392,0.5578948292859561,0.5833165511553206,0.6026189918115161,0.6340732061421392,0.6309285679661778,0.619540621309226,0.7058374144696027,0.6219672197046741,0.5876512838544361,0.6611613011070716,0.6750984171078004,0.6551324746249114,0.6234437207766733,0.610132277933969,0.7018479514843915,0.6569623908475594,0.6232284128681285,0.653474862557532,0.6686493599312209,0.6703509824715548,0.6357918064439947,0.6665647177589101,0.6486625510545861,0.6713988104830135,0.6292064531467082,0.6522010419852223,0.6201244413594064,0.7292808880200498,0.7300746683793431,0.6475259951759454,0.6076892863993884,0.6570931012434099,0.7395572848337261,0.583098768755158,0.7416210152558459,0.5849499491975411,0.6918909667466188,0.5957139915758269,0.6116708244335218,0.7845965352095935,0.7625249336919748,0.6536576781658895,0.6150410962840759,0.613082918739576,0.7005148409944261,0.6512061951444946,0.6517384383692615,0.7646906483045063,0.6347655437579772,0.684037776830521,0.622190765942778,0.677381142689233,0.6970351867967091,0.7061698883105321,0.5742059513422936,0.7721141351316484,0.6709325667550022,0.5674763210219196,0.7172546826396109,0.6382764917630244,0.7048937034320367,0.587237296649002,0.7483887728086428,0.6064644522881375,0.6135141786564507,0.7214763516642598,0.5879598637541134,0.6337920277792366,0.6031306355319223,0.5849204725631288,0.6635361009361849,0.5891506903656409,0.5385105360146887,0.6030111076429401,0.6392070079951978,0.6348134977650031,0.6300300487000591,0.7599056576290003,0.6003566641907739,0.6834231521925537,0.6351137195464808,0.6423762374528352,0.6999807893256209,0.627187018947584,0.6348596974269319,0.669034251122205,0.5380400276548546,0.6757722596871855,0.7184170352154626,0.6031238859370919,0.5991527695563226,0.791614806896378,0.6215185483424436,0.579538707171447,0.7467020742750305,0.729785353648475,0.6484428297158636,0.6442442458553408,0.6857403910041516,0.6110045630568928,0.6646866132407917
0.7520209702499195,0.7223889825726634,0.6629306557960976,0.6404525239127685,0.0,0.614571742707551,0.7206058248245623,0.6649698677682038,0.7804238417081009,0.6521988577837866,0.717043574168261,0.7169157109878084,0.6320512518517813,0.6771899055758751,0.8362089832640951,0.6502641946041502,0.6535911215839796,0.7502227368265624,0.6906761735510478,0.7006436655263764,0.7317442611294128,0.782374920541457,0.671527495490344,0.7572947266014173,0.7051429209401162,0.6997973552994,0.6633265556285622,0.6045992649047022,0.7006678433843819,0.6872327080187497,0.8072463706566959,0.6461995314835145,0.678437985333293,0.6323839466803923,0.7784431398187702,0.7449766732542655,0.7025882446617827,0.7251996850037515,0.7751480889617975,0.7152172819602562,0.7556928860743692,0.6890964710154455,0.788313043963353,0.7625249424178229,0.7117557392055819,0.6791841368955047,0.7132606827694127,0.7361115512367561,0.7163336985298454,0.7540444188965989,0.7521211445760858,0.6806352027488293,0.6992930560341204,0.7407416082365126,0.7342938639025802,0.6464067378796112,0.719063967170977,0.7018030979427822,0.7302276218733641,0.6733105165523411,0.6262155374533923,0.6172520762714325,0.7008028772977118,0.685834827989435,0.7559934109330931,0.6545634344212251,0.6685071864781388,0.7103249202394969,0.7086818431228932,0.6978456266826641,0.7484038459828968,0.7319103915784034,0.6710916974165653,0.6797955548037099,0.6458252744612939,0.6560050351950169,0.6235525578680704,0.7238725220068385,0.7082668883949614,0.599663154291615,0.6293047831641266,0.8173719647525752,0.7296833662431401,0.6232104235418351,0.69855114468694,0.7091895583445544,0.6665803988189377,0.7488895299100964,0.6302788583018324,0.6785510832492678,0.7906332607384394,0.7616279227924239,0.7669520935497691,0.6588304885008276,0.7367234118349817,0.714188293244099,0.6653872858354137,0.6585483342759493,0.6966280017595207,0.643415966830953,0.7015079811644181,0.6488938663306286,0.7202313969553851,0.6710679522580792,0.7362319942911806,0.6481358489094575,0.6259669616711928,0.6474757331604462,0.7195396433083378,0.6813262177343219,0.7015150941584682,0.7816983777830148,0.6324513997697717,0.6413431009700068,0.7016895230138089,0.6564148155664742,0.662592174382547,0.6973328088386013,0.6188617437477327,0.6378779050172545,0.7512973565890609,0.6612601167694687,0.6662464151563305,0.7192210530747586,0.7291830227183603,0.704490682465758,0.6177941519053244,0.6865289891575673,0.6619784102642154,0.7398470446078275,0.6415858751716897,0.6287299481883639,0.6123550443433259,0.7498782580936576,0.7329447435880121,0.7015580211575363,0.7067086025229795,0.8402532612161605,0.7629151078997494,0.7685170983568674,0.6644747037182157,0.6631516153518736,0.7409482202218783,0.7428045376879202,0.7455100907177377,0.7650575788457108,0.7952035156688918,0.6332123456711634,0.7278454364439806,0.5553975260630174,0.7716513643652292,0.7216368660244314,0.7332631367165059,0.6806650736269241,0.696327340226086,0.7167870573688563,0.6000529876796841,0.645328700032274,0.6968450713134099,0.6183267561333547,0.6284092376988096,0.7292134968286862,0.6592959256262121,0.7872438023618472
0.6895536136897411,0.767115982383518,0.734390634771197,0.734959935486606,0.614571742707551,0.0,0.6532194953987397,0.7682606534862242,0.6603598995685687,0.7741741910927775,0.7084658991689501,0.7135282336854398,0.7364503849364487,0.6851993122567646,0.6125807864617534,0.7100985095892973,0.7359454307894673,0.6656693134346189,0.6775573762756691,0.6295867711157794,0.7292379383791544,0.6672554923649264,0.6396923340989867,0.6581301766930703,0.757621100064324,0.7465521944821307,0.6689143614106515,0.6954310110784412,0.7514046063326442,0.6489026242171831,0.6554261717438173,0.7035223304341667,0.7144909260782472,0.6960850978497308,0.6450760401676853,0.6743179913043059,0.718990171777235,0.679346225068122,0.6124610533493102,0.7155960279137644,0.6968468769929359,0.7507035709599331,0.641316154296931,0.6810561483604836,0.7199250509949312,0.6784289502858064,0.6817463250885907,0.6804371174596213,0.6424721021627641,0.6222909935467756,0.7055990627878886,0.7997628697818501,0.6626988174188742,0.749205616413456,0.6865675238185885,0.7819255435933327,0.6620126032024665,0.7726813233720833,0.6542820990957887,0.6499366206332533,0.7675657537894572,0.6434697171195892,0.7607785497737739,0.5982152040998675,0.6030430489598948,0.6718530046716246,0.7125869170573197,0.6890037471154812,0.6636292500999016,0.7511685534848209,0.6713674498751668,0.6258744102647766,0.7487361394035533,0.7262045022341219,0.7603822333833175,0.6739377996189516,0.6468064971638968,0.7289430383016177,0.7142721242637053,0.7277154655000457,0.7693802927397797,0.6741012212177453,0.728066642750766,0.766671392805924,0.7255936983102329,0.7255614539240341,0.7613093548723221,0.6456367500968978,0.7232054285071725,0.7075005171529825,0.7087728222367533,0.7097899567481825,0.6475191033427892,0.6546456190913689,0.7045218502800279,0.7375789380972622,0.6485205325271757,0.7947855472706528,0.6216312597878206,0.7783054370125142,0.6382705795947764,0.6487643316941611,0.7042620177295641,0.6769433326557173,0.7015973594185372,0.6958198345293315,0.6800583834981191,0.7902901698461168,0.6947181745147298,0.7241614035210554,0.7101805749933323,0.6584326313180116,0.8220449319982372,0.6885742755552607,0.7397312688410748,0.7977202947783939,0.7757993582493637,0.5762250479428473,0.8063366065877116,0.7534944003310405,0.5934041387989091,0.7447790402197425,0.7368154962111271,0.733876109371965,0.6266007968804229,0.7649137291157118,0.6777995009653444,0.6665614356275739,0.8119816117670059,0.6278684109256698,0.7402066103689168,0.6901180672888274,0.6611122393585347,0.6975634298029738,0.6230231672242409,0.5666548879567506,0.6547155415838373,0.6373380359938914,0.6647689245986356,0.6404780459314202,0.7090905240030787,0.677819589088497,0.715631620201277,0.6691789711902071,0.6961769677426509,0.6945608445904081,0.6486020726579067,0.7055371443677415,0.7351255192453063,0.6109913766958973,0.6732669738481043,0.7299577085325643,0.6160133064805948,0.647128722028881,0.7786117901843742,0.6744791350570069,0.6162628733756422,0.8331512134446578,0.6757163087613737,0.6809818123861109,0.7265149886740077,0.73653820625695,0.6645973859516282,0.6744054270519696
0.7328850402329496,0.7136215257155476,0.6307358195726576,0.7251084519052884,0.7206058248245623,0.6532194953987397,0.0,0.6580901596661076,0.6650113233438464,0.6969817851722672,0.7651216702558832,0.8059904605184925,0.6538668425471811,0.6389754790711193,0.7291299070170059,0.6587443226681996,0.6750002761473232,0.706872710582611,0.7973680574507299,0.6405835191676628,0.6989689440794199,0.6821752688092632,0.7912242917849791,0.7453292636711369,0.7692348345866994,0.6714952937568403,0.701565318601916,0.6956089072493371,0.7372406812242185,0.726216917893895,0.7330349096336654,0.6897672515114822,0.7061219848156522,0.7306455459215074,0.7022125087296279,0.6654254581827452,0.7183999728894218,0.6426224350813097,0.6953324551572474,0.7393524926312831,0.6828815109949368,0.6816939986969572,0.6991114506704222,0.7346645396861047,0.6900498618955181,0.6678609890424857,0.6480293164480202,0.7016128594799195,0.7941971435403863,0.6466615312836006,0.7733704742945895,0.6753145952095693,0.6562163334687832,0.7587970692555398,0.790391650635305,0.6337649267358735,0.6952597314112163,0.7263308433924748,0.6989416984327851,0.6587771371889225,0.6478027094006157,0.5798145212720867,0.6720911593375754,0.5905623090172205,0.643876093406896,0.6306318920942827,0.6604787381194721,0.6574332161392058,0.6454368061779738,0.7000537914599148,0.6509783455787882,0.6488938542028656,0.6556378688625877,0.7014666254825844,0.6419810916722647,0.7005066300422256,0.6629915900508441,0.7449429278798614,0.6588097506190004,0.6339061951038515,0.6148535457968135,0.6960222132401898,0.7089529229081075,0.6057400255306752,0.6747654712092201,0.6449794241715209,0.6673335282933633,0.7142701184339811,0.6746636926903892,0.6336352834287515,0.7523624522836481,0.7380227834213874,0.7495638505645233,0.6787608874485836,0.676341948096544,0.7062523659783146,0.591511271876845,0.6588960785434742,0.6099735736720606,0.6867071687121673,0.6618832116357084,0.649421864271515,0.7269356341153889,0.6747490699739468,0.6710274093428285,0.6229332380697278,0.6210374857638085,0.6713138089665375,0.6924226545720573,0.6907497587622673,0.8430008423285166,0.6691005428110484,0.6520052401703076,0.6312003393279667,0.6847271934372253,0.6816257630835939,0.7150122124950523,0.6927622862213615,0.6536562354193004,0.625233690783305,0.628834123581555,0.6458479738501883,0.6454101866297383,0.7694332843245161,0.6310329154906532,0.7646096026259844,0.5978890474744324,0.6549051058905541,0.6705943375348152,0.6295970409824707,0.6236653428460041,0.5942863606676037,0.6186960896014496,0.6690925699280162,0.6387925254357616,0.588958994976199,0.6701154707391672,0.7108336458347959,0.6902908680517269,0.7047127412657831,0.6894617936488197,0.6287548398611085,0.729959390259042,0.6432896922776622,0.6797173899442462,0.7339297617100948,0.6488033905199563,0.6411499627081199,0.687868804849006,0.5290931155164539,0.7572572889662025,0.7451624744667239,0.6828819812255896,0.6273962017889436,0.7184310951424956,0.666290412485973,0.6504799344421834,0.6934301329532,0.7618516552367665,0.7034817995415762,0.6166518424417731,0.7209845015273285,0.6089614127634483,0.7358481204145704
0.7273926292466332,0.788668104857279,0.8192253201755754,0.6834815871198063,0.6649698677682038,0.7682606534862242,0.6580901596661076,0.0,0.7372085222109157,0.7991494162632982,0.7346765343445655,0.7244237280831219,0.7886006079002511,0.7340458239038355,0.6509403162661392,0.8071913544079622,0.810912029213577,0.7465887517547792,0.6915655661638895,0.6952817161123677,0.8153531591038841,0.7331591192423941,0.6763784626296837,0.6969716546111622,0.770348561237056,0.8122391566746147,0.7532727266694628,0.7062266040039599,0.735562863687649,0.7206336611343963,0.6969340648651896,0.7582750688480245,0.6771604856339872,0.7024731875666381,0.6591310322530758,0.7243236323848995,0.7585506239805329,0.7759091297126947,0.675202508674128,0.7819280904142829,0.7240721121713466,0.7992543504560174,0.7271020975477218,0.6698501230757563,0.8205311075160348,0.7878425302797033,0.7455264428654917,0.694709400410531,0.6831424380933773,0.7048160232076099,0.7718013904011897,0.7669745859895862,0.7302176164111415,0.7543671324039879,0.7182897572686282,0.7878230742859563,0.7443254004650803,0.8223554222886797,0.7233330908492783,0.7299381809964022,0.8145201790291241,0.7109119621843578,0.8129721001344868,0.6585685570165146,0.6683191700522183,0.7598376444876572,0.782965160069745,0.7534485904477778,0.767337618573818,0.845151707117781,0.747042954349834,0.6878003000051639,0.7783266352391517,0.8173801358643876,0.863421296931719,0.7027988772216375,0.718050961481817,0.7884552140986244,0.8315459403841108,0.7188538292402702,0.7766936259896647,0.7396052411656374,0.8062728944557823,0.8008615406700437,0.8224800702049192,0.8162098138123354,0.8138614251255885,0.7251192828701641,0.7821759008714592,0.7837213723710427,0.7670756232954183,0.7187816208289293,0.7050319955084556,0.6979732928465363,0.7841148067951095,0.7083851441196275,0.7328719175573274,0.7470091018579469,0.6616771424152363,0.8032729673498284,0.6793907430743564,0.762855431553074,0.712285527836109,0.6541935819998721,0.7823918078409174,0.8151472321890711,0.7867513631151405,0.80682877377905,0.7899866491343157,0.7438298562982222,0.7004894087101765,0.74171362122565,0.7731807028251518,0.7965668817267064,0.7937776543183503,0.839399713707159,0.7753640292379337,0.6309049766978798,0.7078050499972404,0.7509231948783893,0.6604486686371828,0.8046301401463479,0.7419783772848707,0.7783332258872465,0.6532753263752177,0.7617359240729229,0.7415496715709365,0.7620257016662284,0.7867040127732073,0.7103717120835061,0.8173853839070342,0.7923765223175395,0.7168175635602285,0.723171242274947,0.6782485360317189,0.6103785782448742,0.7085034360162675,0.6786780890664152,0.7580281770653396,0.7367696914605703,0.6615944024738869,0.7410503085425375,0.7906689718437865,0.7528877423370266,0.7641571918910769,0.7251538736189209,0.7095712853808857,0.7958986658915198,0.8098580647329198,0.6456530471591199,0.709025960189212,0.7442278018180556,0.6961800708579892,0.7488202406113466,0.7829187986356277,0.7568406595130538,0.6408956577650342,0.8136565553480789,0.6402353986851381,0.7026642987217343,0.7585480904943623,0.7380219718133988,0.7594094482902325,0.71398298292423
0.8012621778277152,0.789073191280703,0.7278346089759327,0.6216652326340874,0.7804238417081009,0.6603598995685687,0.6650113233438464,0.7372085222109157,0.0,0.6884640006879854,0.7347277707111167,0.6991919554802382,0.7041782305105991,0.7580145136875844,0.7497777914050415,0.7190132603560403,0.7059913072108933,0.7942005798611458,0.6723032431619846,0.7896647935988763,0.7805813049178053,0.8476078245590153,0.6509012845863118,0.7633846186622856,0.72551996683988,0.7499841162954561,0.69222172497839,0.6271167791716697,0.7227571064279805,0.7090447885623861,0.8022672701706877,0.6934020706169931,0.6565047689884316,0.6440893440194922,0.7652471154001279,0.7624617979801197,0.7625246055571083,0.8331126147258946,0.7731667216811587,0.748573831153965,0.7481983158256722,0.7436467083847473,0.8010859730828178,0.7249968546516785,0.7897948034409752,0.7424030054810233,0.7675828343778155,0.7641304216789199,0.7026859577437374,0.8050544543228576,0.7552564439617193,0.7076754805080194,0.7576570112394366,0.7357481416779457,0.7216379209664456,0.7264764210062951,0.7736554233107752,0.7184883266666432,0.7579060973868766,0.7254227609124043,0.6956330479023218,0.6836108753028747,0.7477775422069698,0.7398917473682944,0.7877925031774206,0.7330116172244192,0.747436721139879,0.7929140638564068,0.7667201950629988,0.750670141275354,0.8660622531420854,0.7967861031824436,0.7348389082552186,0.7249415954514722,0.7222853055404694,0.6997261344489419,0.658333635048135,0.7495342909945804,0.7867899617162893,0.6600962857132157,0.6965450601379309,0.8373085972805973,0.8163820706054338,0.7062105666105324,0.7581419459837033,0.8204407540281413,0.7416749908429553,0.7650859533967939,0.679184529910381,0.8046683105893266,0.76972899284359,0.7423219511090255,0.7535860241983515,0.7082550545559313,0.8045753200094474,0.7193885166960553,0.7686308988582309,0.6833225015898509,0.7400718559683318,0.688170906390118,0.761676477320946,0.695049904293525,0.6827136099543575,0.638521159288784,0.8063678799399918,0.7280874420746268,0.6837275194245508,0.693771746214103,0.7712663910890983,0.7449008634880266,0.6782436761845596,0.8254326535800014,0.6908212233748552,0.707321766072652,0.7601569969868753,0.7156075778221438,0.7002659125958088,0.6850342996067045,0.6308762967278297,0.6868170661321766,0.8047431601857402,0.6936833757368814,0.7446579719259737,0.7524450239811521,0.7982959097068554,0.7214618066311335,0.6729249457370202,0.7630136254127309,0.6992214341706777,0.8293304608150487,0.7280577687979638,0.7127532481140811,0.6876313941421329,0.8094131529000412,0.8024740236822994,0.7459807858921526,0.7898176527781894,0.7995402698587919,0.8162114956112123,0.7958694937997174,0.65173067470341,0.7477746183017182,0.7826185686319438,0.7988276687415246,0.8382090655300393,0.7465861225379162,0.8654357021414861,0.6915723360730637,0.8012063678613063,0.6122731252593829,0.7728618796074284,0.7346920419879857,0.753145805025326,0.7418904146663877,0.7060831100987228,0.8192318036649485,0.6350142311531659,0.6839197371137836,0.6644298875350709,0.6407371145526952,0.680349276925225,0.779378728467121,0.7245882993054666,0.8072572906438644
0.7202451769156317,0.7753005469895596,0.7848411371219527,0.7039167775555961,0.6521988577837866,0.7741741910927775,0.6969817851722672,0.7991494162632982,0.6884640006879854,0.0,0.7433425961521308,0.7297254801266317,0.791069711757283,0.7052939396781042,0.6385399230697756,0.7883358225783952,0.8243457187319857,0.7440279426727398,0.7083787051537135,0.6669070737178968,0.7912574731267221,0.7059910604758844,0.7204557423438455,0.7011892060472721,0.825592230011676,0.7678935869975669,0.7603167308095613,0.7517817358907098,0.7613732108749142,0.7279265249315544,0.6693518300912682,0.7747522307638609,0.6699697034810488,0.7261598702069906,0.6427291598857008,0.6761272704695902,0.7593808092293248,0.7119728253496215,0.6432156839400573,0.8087637767568716,0.6904118962134127,0.8244097000906355,0.7000493130968827,0.6643864246563838,0.7615783802663003,0.761872078862597,0.722581655686191,0.6847581089924143,0.7130842823292295,0.6612814846579704,0.7669653167517754,0.7465850902378165,0.7049558539264501,0.7413047863325455,0.7151447063202327,0.7787221498122858,0.723045006734227,0.7908791737742505,0.7383864511079319,0.6966772169316408,0.7804333359213158,0.6592254030376539,0.7576726454406133,0.6231530772399321,0.6455509140797947,0.7317914038866301,0.766945893632882,0.7399853393499446,0.7395203371988043,0.8094675292217187,0.6990283400602635,0.66086893989366,0.761520717015603,0.823630478159544,0.7999273932822117,0.7257746815119996,0.7257297387017813,0.8096915871454841,0.7498302740813646,0.7510676180685706,0.774757132850597,0.6991003375972143,0.7970023928419524,0.7411044660729553,0.7877793653175447,0.7398373832713788,0.7683711010668959,0.7130921616095488,0.7959069362503293,0.7255441656181573,0.7496088513518903,0.7048974843438776,0.6950124559894759,0.6958966552235543,0.7577551996130625,0.7048438754211444,0.6586393523790676,0.742581046068518,0.626784002330458,0.8143572238120441,0.6570181267072166,0.729792911227111,0.7164709976277207,0.6641166350820116,0.719660062282666,0.7595715621649192,0.7532225897380609,0.8656632235739156,0.7753368175046262,0.7670211274918658,0.7317364516089805,0.6980751634407472,0.7819331516389664,0.7671271646189507,0.7469354082900633,0.8301910717038589,0.8252602827383336,0.639093359561906,0.7386084144342394,0.7198264674148841,0.6276437381884157,0.7391800906067747,0.7285218807441566,0.7992437113952204,0.6319980386953225,0.7709491706371467,0.7036041085260364,0.6987347930320577,0.7730563466910659,0.6716563059333497,0.7820003924823885,0.7343384676653215,0.6942751667000508,0.6774505850763366,0.64664228424599,0.5885602842762482,0.6922940981311821,0.6577527996388214,0.7337711679882134,0.7082291786677448,0.6695251560856417,0.707689356429293,0.7781280882628554,0.7000039378960352,0.7341798734273526,0.7227918856042013,0.658390864496941,0.8108030723991857,0.8000873748772653,0.6100707372696346,0.6902306392957732,0.7662663251823411,0.6733135359820086,0.7300558805035361,0.7987382188626713,0.7254644631719581,0.660979201922895,0.8708259976554243,0.6546365399284942,0.7414934135049949,0.7858353244157581,0.7392458685465513,0.7351659188273298,0.7038369730301891
0.8304458298719922,0.7870976874204704,0.697065165374817,0.6941217443235177,0.717043574168261,0.7084658991689501,0.7651216702558832,0.7346765343445655,0.7347277707111167,0.7433425961521308,0.0,0.7976154428015011,0.753172527931847,0.7043308316887584,0.7248747477708465,0.7530307375707439,0.7481950779309684,0.7725372449501485,0.7898017397625741,0.7346997467295686,0.7798085910462417,0.7629004070542649,0.7481557198786063,0.8352278866403935,0.8500110834657838,0.7416798089604466,0.7399707625710071,0.7407354395177215,0.7904846076740047,0.7528258572200567,0.771397285858824,0.7587837734369565,0.6813362242495771,0.754479365753645,0.7352371828793121,0.6948342185882599,0.8616182605074656,0.7198123276487484,0.7543539963851844,0.8089533863653625,0.6979587584704152,0.747697335415319,0.7558375432170742,0.7500847752951404,0.7813047670661891,0.7308425655203853,0.6735488541144301,0.8160561524138559,0.8147584177753827,0.6949038485223479,0.8099551926825148,0.7088597824573533,0.699334557651988,0.7960161160583004,0.8245342243078487,0.695793899339653,0.7805073310242383,0.7614705492464104,0.752966102768103,0.7074193588390256,0.7577334881102801,0.6214348841970067,0.7313016354263686,0.6363060023597245,0.690845624660021,0.7146151183324576,0.7665410410114171,0.7346523527670262,0.7036218585295587,0.7935619217319037,0.729032884106591,0.7068963718847353,0.7385966617035787,0.7789597454137415,0.7224837196233199,0.7618101268132956,0.7302956037988817,0.7890660946131323,0.7322612137014813,0.7211484378810615,0.6801377194862884,0.7408247006029689,0.7917081240054614,0.685442253280098,0.7459080503952736,0.721961056143796,0.7941438596071639,0.7477052050945399,0.7247629112835126,0.7249303773453374,0.7619728205313668,0.7235109979714506,0.7681409414334708,0.760648020628597,0.7447203469522705,0.7300324355596549,0.6637577058469811,0.683341832776162,0.6446526813958223,0.7332122743739952,0.7415975019391738,0.72661107825294,0.7025556535135244,0.6501078363174588,0.728924623661243,0.6895585539637687,0.6824375947911746,0.7361275546020367,0.7375942676350848,0.8185428592916142,0.8297840576828469,0.7240056149934839,0.7343431257066697,0.7027834594424499,0.7439633912550867,0.7466368067001569,0.7635731805074542,0.7260158285581858,0.6783094753782105,0.6629171508745473,0.6849906700983331,0.6785099976405013,0.7429511478621194,0.8509259454380079,0.7025070385511417,0.8177520194670638,0.6378018329101278,0.7240499777073309,0.7192583251259766,0.6896788161896252,0.6845959013693387,0.6695476403613464,0.7246419553586598,0.7357050567167166,0.7384640308402258,0.6391684768409023,0.7588083215244219,0.7338645557484332,0.7785651940906172,0.7603581275627285,0.6863502022904161,0.7037250249992651,0.7779777604136568,0.6945318790970512,0.7854879888567857,0.7391900475715022,0.6973850462019836,0.6951796394777804,0.7701423685817895,0.5744284071345093,0.854114165433899,0.7677992515944857,0.7445706629838501,0.6692870416895964,0.7485708141161226,0.7854358293315178,0.7371540859401355,0.7463511646989145,0.7386405950680026,0.7407070030354158,0.6616597935559476,0.8018589139306085,0.6638988760477413,0.8416410674825523
0.744109741231334,0.7753518457841553,0.6711525436414295,0.7627856713708188,0.7169157109878084,0.7135282336854398,0.8059904605184925,0.7244237280831219,0.6991919554802382,0.7297254801266317,0.7976154428015011,0.0,0.6835887554852387,0.6647654140979745,0.7178033330848074,0.6992546272977144,0.7152709470453603,0.7102757936017503,0.8344279800462929,0.6611849533701799,0.7435793953999081,0.7051278607864466,0.765223462477799,0.7527564129828482,0.8067863885900409,0.7135616558390317,0.7284995791957284,0.7201747044692026,0.7890829795264788,0.7497636386478738,0.7643594349794433,0.7120469214979541,0.7506657854482196,0.7671461966577943,0.7160474723352388,0.7104444179531562,0.741581923601077,0.685269636751321,0.7222576025458763,0.7571872616392717,0.735722675738338,0.7182590818823877,0.7066208399818755,0.7549049293132517,0.7373856815023513,0.6934796603810391,0.6718341236535696,0.7205712196250162,0.7559160228874077,0.6649298074626748,0.7893393433027196,0.7292626681627604,0.6782215316421014,0.820552557344443,0.8174646610358267,0.6779600302872242,0.7174804438029627,0.8203276706158569,0.689131421540076,0.6875273937343448,0.6937087713343696,0.6105177000708917,0.7181299132034733,0.611525924550268,0.6441429679144897,0.6513241600964577,0.6854545896055548,0.6689935031229498,0.6610672698584911,0.7490329576681957,0.6744958989523996,0.6627618765194084,0.6861131843538936,0.7283271581091414,0.695039100556834,0.7026641353087056,0.673479626126725,0.7842735180230902,0.710854123273839,0.6637210111779618,0.6524507791762365,0.7232937700903473,0.7507588228405233,0.6561089771590979,0.7164574389816698,0.7000940817316804,0.7150547081325392,0.7065945411551415,0.709510551625002,0.6821684059616555,0.7844654023212291,0.7787552987065344,0.7582780714325272,0.6916585230815766,0.7027951789696125,0.752596007901229,0.6289545980710063,0.715289118773229,0.635254481356705,0.7250645917022566,0.6826820044235202,0.6720293255170392,0.7463859693696793,0.705297600219419,0.7121587501203599,0.6603223568879765,0.6540800736414351,0.7227725303662662,0.7163999249987735,0.7189502128304275,0.8514605975882407,0.6985723350772624,0.6856459935327148,0.6718130323899892,0.7328031756925226,0.7416890039269729,0.7560344789523678,0.6677782830520148,0.6909393710450529,0.6746946179696529,0.6424869713269925,0.7018906135394395,0.6842614393095358,0.8029476276830133,0.6468177641582947,0.8397055132716761,0.6294806003310097,0.7009089054440819,0.7361322010705691,0.6451566461112735,0.673026606636564,0.6329376578833239,0.6487727053593231,0.723191977757565,0.65994336434396,0.592253678431163,0.6983555681816559,0.7195370385790091,0.7156732936206457,0.7299837498495761,0.709551363443456,0.6623002215916187,0.7627592300832687,0.6784042709745997,0.716260733556672,0.7428645496661473,0.6877707156516224,0.6728627662918378,0.7332314055989051,0.5690362427704853,0.7832641262105742,0.7789225011003387,0.6992978529579393,0.6469257017034024,0.7852386189855651,0.6907661101567703,0.6506213258671428,0.7491641212729244,0.7537412523777519,0.7072345991066565,0.6404587145232438,0.7590484505858976,0.6403004771177219,0.7569866082058705
