0,1,2,3,4,5,6,7,8,9,10,11,12,13,14,15,16,17,18,19,20,21,22,23,24,25,26,27,28,29,30,31,32,33,34,35,36,37,38,39,40,41,42,43,44,45,46,47,48,49,50,51,52,53,54,55,56,57,58,59,60,61,62,63,64,65,66,67,68,69,70,71,72,73,74,75,76,77,78,79,80,81,82,83,84,85,86,87,88,89,90,91,92,93,94,95,96,97,98,99,100,101,102,103,104,105,106,107,108,109,110,111,112,113,114,115,116,117,118,119,120,121,122,123,124,125,126,127,128,129,130,131,132,133,134,135,136,137,138,139,140,141,142,143,144,145,146,147,148,149,150,151,152,153,154,155,156,157,158,159,160,161,162,163
0.0,0.5682119923648987,0.452095133779314,0.5506927247785752,0.43653861960879414,0.5418180835943742,0.5867897213396557,0.5410652154053651,0.5983883902351412,0.46876396518418717,0.5572624523455798,0.4991442679683872,0.6534347056062821,0.5559338222010881,0.6130045553247072,0.530701026761038,0.5787504694066022,0.7055410119968322,0.5639425007176627,0.6788752476415577,0.5755720535695382,0.5625654494464045,0.5675504352910987,0.5847943318738599,0.6072026960889694,0.5468892225114929,0.555224853787833,0.5837269341666457,0.4308409292089603,0.49925944902008423,0.6171720421115938,0.5840917996733777,0.5637336260895419,0.5963710352510375,0.630377857495293,0.49647852045878577,0.6852430533377658,0.5828770664889152,0.5227817976576771,0.6656774778500795,0.5304246696238883,0.611366201280136,0.5645375450268116,0.5509542920953208,0.623647799554823,0.6443770225796377,0.49310366907914555,0.4877884843133972,0.6458716771362144,0.5589428959594994,0.5856416398454752,0.5666826547171709,0.5404292823924205,0.5418687881702609,0.4827459090841474,0.5604119539240255,0.6440558819972455,0.5326080761892775,0.5530264411623933,0.5773208062643606,0.5496567277039659,0.4843868028560851,0.5339563775318679,0.47063001432053264,0.5727690536532685,0.5874465746060336,0.6582996976663654,0.5986189392572034,0.5507536865836953,0.6143656662756973,0.6561569533977035,0.5470278873567471,0.5531183275587885,0.626391949248764,0.5863531793693629,0.6514829904336127,0.5340849927874902,0.5058296407502784,0.5945030521072856,0.48186009489910836,0.5429818281131662,0.6509062806027225,0.5428755219902927,0.5513990083856024,0.5576271944680096,0.6545676949159713,0.599135758693612,0.568915306617572,0.6065557896747648,0.5565873772629965,0.5800040998314706,0.5823473160126128,0.5156192318212295,0.614513524580631,0.5645885502360436,0.5321857653415815,0.4996700172412272,0.5623058880031068,0.48806759405986294,0.6263976945037193,0.5517844664693403,0.496748097824992,0.5146916143745599,0.4650560454208639,0.5494427062178471,0.5814736001378875,0.5196426251720699,0.5967287270043716,0.6024571738669842,0.5567490622944052,0.5901387763529092,0.5484189029404587,0.6088888960656632,0.5479095999186847,0.5862576218093399,0.6194735342937867,0.6210610185656612,0.48870043130468444,0.48221743842385006,0.5386912220340223,0.5393208810469524,0.5060328798740525,0.6242526370979528,0.6344497850177461,0.5529239370127575,0.5080820438347046,0.5091590739510642,0.5113754405408115,0.49170572417766223,0.5971835430974005,0.5277910127704347,0.5298877944091227,0.5575710166909555,0.6159691605539608,0.560253725900374,0.5341790361405999,0.574006366135503,0.6473167216874937,0.5846348985848108,0.5967410249658762,0.5209245547533974,0.5458228747665997,0.644222376310415,0.49860641079040946,0.6058639583845392,0.6638330780845932,0.5549401750757729,0.5470318512780787,0.5252240094146875,0.42029962704092333,0.6583608388560249,0.5418242421083723,0.5851880330493455,0.4716641106586873,0.5846175323201221,0.6950149238553203,0.5976126486300793,0.54928155958686,0.5617804885649905,0.537115710886571,0.5365873153002132,0.6394110153159999,0.5242096985137624,0.7039963211904167
0.5682119923648987,0.0,0.5349050565055572,0.5047460457607675,0.4206926952801145,0.6097182504143247,0.5633929949709623,0.5745711120041863,0.5447993709894428,0.6516076457301986,0.5366760946812609,0.6202841892537779,0.5961814776750862,0.5124295063259099,0.5786411863889648,0.5422012136229107,0.552819061006214,0.5462568831723048,0.5773874566793867,0.5891533245568629,0.5527368586517355,0.6263613134195678,0.543902822814529,0.5583224673128218,0.7046053932846124,0.46211759110856127,0.5533900486504194,0.5292203145980903,0.5360545063524566,0.502820347849878,0.6369393254303618,0.6009624875407479,0.5685462709534114,0.561236049228586,0.5517684957389497,0.5212470886160591,0.5818330232210766,0.5305196947455523,0.5381688800564934,0.56874398953884,0.5356084753296392,0.6149257717991169,0.5014612791673108,0.5139505455353028,0.6332697903290646,0.5472747435230214,0.5090378055306614,0.4784181003273777,0.5756202475489367,0.5024139469924375,0.5019168227562631,0.49601324302066385,0.48945167322078437,0.5627650341978926,0.505186670444412,0.5863331280868835,0.5124055582506738,0.5560322448885859,0.5194878699517,0.5318007499289873,0.526469448758484,0.4479872020012598,0.46597304072353996,0.47929832739786493,0.4695186828997727,0.4754081783367561,0.5352396692772957,0.5259521015759644,0.5281701443674678,0.5592120649496414,0.5189895473381588,0.4820271399684994,0.46226416812358523,0.5539839220166951,0.5829478342658044,0.5310763845918797,0.4792711980725689,0.5129664081836941,0.4989205029212378,0.4224282534710513,0.5189181972632512,0.5250430391465742,0.5703390279174981,0.5194745709459301,0.4726045694919358,0.6329278868088709,0.5135382590221368,0.4858750714741594,0.5668306744835385,0.5481326968863094,0.4955223098964485,0.5855223143533559,0.5155912978972785,0.48518718384911025,0.47789481156302366,0.6823653327279393,0.4764838356934949,0.6333056796240971,0.44659763502864624,0.5534165292986949,0.506714795905005,0.4723042325702332,0.4579411341281526,0.5757152689289046,0.4812169413650334,0.5327398076547539,0.5000132972793019,0.6786204543723348,0.5731059044785034,0.6087778382363082,0.55275537511015,0.4660028427341702,0.5063208909832481,0.5137745349704964,0.48509203147712415,0.5492831731410462,0.5726107975816234,0.5283148693975801,0.5021021046217631,0.4978170432149399,0.46190309679020114,0.45808983019652333,0.5198933320959407,0.5570702089131563,0.4652254030401118,0.6083409332663796,0.46435963526091334,0.5442429180885949,0.576865886716885,0.533613746741986,0.6076895427417935,0.5062353596629645,0.45469344730216144,0.5078387867183409,0.554863952554827,0.4683897869754851,0.6001175091790258,0.5510171950871134,0.6167915633528893,0.5557785331342341,0.5067142058762346,0.5616496862796168,0.5708908991452422,0.49209957157366296,0.5745654345157748,0.5672682213333331,0.5615371413381688,0.5760881274706813,0.7186631892343547,0.4583137319433781,0.5023210623349866,0.5414493737317128,0.548164752225441,0.5615295413766532,0.6416277945934016,0.5735488937766059,0.5086211488609583,0.5584070013240034,0.4827062100389767,0.447833165604509,0.5374914254187543,0.5280403065264175,0.48896012218085144,0.5111366365284804
0.452095133779314,0.5349050565055572,0.0,0.43558699824017766,0.47939137000986437,0.5881620842171191,0.4705632870201749,0.4841970643952866,0.41559731376041414,0.5425963289101278,0.5438868435228205,0.5615610740865827,0.5243215274245203,0.4109202203066967,0.49672384536912023,0.6089327536902549,0.5343144202644265,0.45251925914694824,0.47873503476643015,0.4537058762718264,0.5762622329627242,0.6423589411725437,0.43003476603192387,0.5268153386104744,0.5174496502183785,0.47548189910609595,0.4262121157099126,0.4231869936702998,0.523351254138633,0.47477436963489444,0.462088436539184,0.5258105257162445,0.4825584610124314,0.4312288889919086,0.4168039061118759,0.4611059433659895,0.5136107980826473,0.4647974960082807,0.5140953211396111,0.4892240260714046,0.4942070798896305,0.5163469776550469,0.5128278504949899,0.4993238056449482,0.48554952804408663,0.4727646738385583,0.5162770073179102,0.5321737997623683,0.46492139736690274,0.4623310025376454,0.4774820748100878,0.48439059187900896,0.4168528804229458,0.5340986422940311,0.48052145063579876,0.45370099086540516,0.4521554799201935,0.5944282543101184,0.4297097114589272,0.43997567795658293,0.46738006220288697,0.4161015009946941,0.48567120241842027,0.4104385068264741,0.4137693058591739,0.4281127253046268,0.4339197141269623,0.5368173794616465,0.48669553625333006,0.48526785055285565,0.48755922990078254,0.396064428927933,0.3958876995104794,0.5217141967915064,0.506755084414232,0.4090074266561673,0.48570500677060185,0.5545836313360016,0.4435182723946065,0.41865249316668607,0.518729898800331,0.43915392786225993,0.5427916028106176,0.46092712852129697,0.4181156567789704,0.4946986532563423,0.4478634244727207,0.4094523400971361,0.432965706816931,0.4286774217797513,0.47664165160478045,0.42830459475477706,0.4922971281720183,0.4082879924084394,0.41456196723868066,0.5615357390462945,0.4276318225359301,0.46582949857197264,0.37647433844570066,0.4292950143310868,0.4100455675774968,0.47431545543970277,0.3993546457127213,0.4858188972254644,0.4119489788283437,0.5213834503858699,0.48792989323411673,0.5083945519682248,0.5072145442685567,0.5577811723300844,0.5006609839565986,0.4154334078549343,0.43437970098865186,0.43049746382945636,0.42479707367525116,0.47710204194843453,0.4385343519858371,0.5014380732841529,0.5190812516956331,0.40122368029902344,0.4500098557487705,0.419037059857487,0.4324529651657127,0.5124713564408582,0.3816478187502543,0.5854243912672121,0.41090199314183135,0.5340460380443928,0.5153232939578611,0.47106713844086323,0.4548854857627142,0.5662477110136446,0.3878719004522152,0.4141844086657641,0.4930581344946957,0.4373004297284321,0.5144041667937602,0.45860182944085603,0.4944873947122731,0.4785935516292068,0.4254952109721053,0.5001049624069199,0.4395658597448524,0.43871718355418277,0.5209411531291188,0.4515344091879101,0.5336440986355453,0.5628504227963317,0.5593853914190857,0.42362514742871704,0.41105417990942067,0.4434872447059133,0.4809303592082074,0.5576260700969046,0.5551793752580592,0.47201001448183016,0.43978666556018975,0.5588170095617696,0.3857379465030542,0.4083706545490008,0.4782311529930839,0.4102996872110394,0.42153867893316543,0.4582842290084907
0.5506927247785752,0.5047460457607675,0.43558699824017766,0.0,0.40746639315933036,0.5094056235730707,0.548656944952819,0.5194553318068552,0.46837232639704357,0.46498451677985253,0.5295497548391108,0.4805708699273419,0.5218572699992721,0.5324063534760611,0.5407017790501836,0.48447667796552024,0.5535443901384213,0.5821186873456341,0.6028290091987983,0.5109795178943222,0.556693325942643,0.4876474529845189,0.5323321288567724,0.46979810075926354,0.5523092224498725,0.5253295412483583,0.5224855076165645,0.572940235366451,0.4471371356406595,0.4255932780775779,0.539304961234377,0.5454743412298473,0.6915143758488757,0.5638562403950353,0.5623800158145982,0.5574364110331564,0.5234029956968222,0.5743159681743847,0.5119018523582455,0.5836247609414549,0.598360235258479,0.497063403977709,0.5444736280854326,0.5526602690349575,0.5454833332871748,0.5560434397975361,0.4313130998235536,0.45704120536365206,0.5678796031425992,0.5431295937026478,0.6128810798821829,0.5627120089687316,0.5557662960266572,0.6195162820067527,0.5399171965683424,0.45377503896138005,0.5745400602264191,0.5471415757133347,0.5564326509110357,0.5505130537137662,0.5548057681042727,0.4962779447795445,0.5721733804534801,0.47348423061248723,0.5352950993937406,0.553405204019948,0.5605370342373035,0.4769783196045491,0.5570233115196158,0.5872239313103678,0.5314229153345229,0.524678357891941,0.5576589144980105,0.602618539274258,0.590835414695931,0.5479709481752609,0.5188062607772105,0.47487227450973885,0.5968977674598117,0.44152091933871174,0.5381393806336796,0.5935909814430649,0.4450857913133229,0.5581297157186343,0.5945814309701741,0.5394653698420833,0.5548198596012753,0.5828522019014137,0.5659781962351154,0.43489281490850773,0.5870362834962507,0.5871196118359856,0.5369482830564608,0.5426517579710027,0.5843285274853746,0.499309435669758,0.5160895984476549,0.5610742197211475,0.49011952148113497,0.6012888598743048,0.5242198658913889,0.5164749814726769,0.6741557178080438,0.5190482682022339,0.5893961779011471,0.49862867487797025,0.5546653275086858,0.5313796474203046,0.56252003487178,0.45219328292588407,0.6115776161405625,0.5679293408386042,0.5780023134828604,0.5709862497024261,0.6051372399622036,0.5056479638238482,0.6118537182891988,0.459480137015568,0.5502362151626616,0.5591872060293069,0.47358623380183296,0.6162531373264538,0.5197265215182169,0.5460869144871328,0.49258934410597255,0.5194940896744645,0.5316424565642212,0.44881282195831046,0.5459318924767326,0.5483349223210788,0.44876665947865074,0.503279716082971,0.5050482012656314,0.5829742529346843,0.5021427581981704,0.47257068611376635,0.43687306916655005,0.579197455377336,0.5441904648500085,0.5741114375620318,0.642281240949392,0.5160737991494965,0.6007174207103292,0.5580613400111732,0.5598489487919925,0.5665180997009017,0.4639007018843305,0.5332281341289399,0.4930648228392794,0.4315052975379642,0.6079404943099896,0.6213579868487005,0.5471791747329602,0.41627576626019264,0.6140501485993789,0.5295735529954066,0.4593644943845677,0.4911268804705826,0.6131329552811497,0.5511914087209623,0.5698271886223044,0.5812407988612548,0.5441268027292592,0.5423301950809469
0.43653861960879414,0.4206926952801145,0.47939137000986437,0.40746639315933036,0.0,0.4481995800342317,0.4913583922277057,0.3829966359355189,0.38376617059425966,0.3833467349690753,0.4757032838492679,0.46017461963367023,0.4341717499500024,0.3753596710123541,0.4881751104985853,0.5053903091744075,0.48659429163251594,0.4314620368854971,0.426919115998601,0.40029060549558704,0.529692902482572,0.49600376801040325,0.4187295649874165,0.5303548690773062,0.41265436659145394,0.5042368170225279,0.3803095791399647,0.3784568647792536,0.40537591876557966,0.4931546111060512,0.40833233244437633,0.4400857836023801,0.4459179528511497,0.3957949863945993,0.3930831270902196,0.4115562780129531,0.45367338913135336,0.42360677655327666,0.47203393439555846,0.482330065292102,0.47834593052200836,0.4570805759525357,0.5001823859937241,0.5079356637147274,0.40301593796235974,0.45145077137836626,0.5560042902903383,0.4759298133129095,0.4462369089608777,0.4578983401330389,0.49474533829140044,0.5090378915134127,0.4088711503965666,0.45964402040199337,0.4208909160325057,0.3999680832755481,0.45503219264186273,0.5193406533196409,0.3871289819872217,0.4218068962375545,0.3756713015786339,0.4078376353820236,0.47622614523138534,0.37014931145503893,0.4187998151899015,0.4014694738524883,0.38646553665252215,0.5069832670921102,0.4109470381288945,0.40325605601602593,0.48479754581207696,0.3818280319176428,0.3669053348478808,0.47110230310934187,0.4147414857715781,0.3877257680381151,0.46022581351742126,0.6184758005240739,0.4196731394451325,0.4472864492981089,0.45534908253949763,0.42865022895711613,0.507251480521652,0.3868926486561775,0.40840016558026576,0.42903619745774296,0.3789300174619229,0.39273595547640905,0.3839766749031201,0.3841986519076887,0.5313279488149303,0.3999991817600825,0.487853233351082,0.4050147791371762,0.40400273185660174,0.4339188128149469,0.371361664201298,0.39281407378349065,0.375175808544429,0.38987818277603364,0.37946173804637845,0.40071679651275827,0.38656647966878804,0.38675924845241094,0.38850168964895926,0.4935563390920437,0.4279239751545181,0.4108889909173497,0.49177709366924705,0.4562065031883106,0.4805958704408189,0.42030275660309513,0.3869013290320206,0.3797223040195094,0.42079545448275185,0.47136118082735196,0.39896001285640675,0.4315277638786541,0.4326998237865893,0.37218686233507886,0.5337565068175311,0.3874175399439108,0.40385317295472434,0.5265348034854342,0.36942405437930165,0.45038112615561027,0.39509618132887553,0.4745623820132258,0.4050184987611406,0.4385890316605747,0.380327077340879,0.4898572177540643,0.3577767813920368,0.4051519030833409,0.40531652301659277,0.4455205476607353,0.468284799149508,0.4726336652217258,0.4050933711875119,0.4509449791963246,0.3714744177443265,0.43373999356898163,0.417611900278252,0.3923088016293395,0.46278572002311547,0.4321984436758338,0.5195546103020944,0.4819018891987483,0.40610367639633493,0.36801349862980076,0.3930014622773452,0.40496745361049163,0.4514475541126235,0.4621798298080451,0.45812542062563777,0.4096832341557974,0.4067436525511749,0.501810567288736,0.37339510901258116,0.4202214090446981,0.4078244092960494,0.39140044526777407,0.38897341338996594,0.49636695871185454
0.5418180835943742,0.6097182504143247,0.5881620842171191,0.5094056235730707,0.4481995800342317,0.0,0.5275210310391023,0.538658786235374,0.4675117058090621,0.5408285899235419,0.5949489460331795,0.5873138806696795,0.6480386176766452,0.4662685950040409,0.5251413655098749,0.6179074610117415,0.5790765361908321,0.4969736538021307,0.5289209327454693,0.5080463955718633,0.5882082189956812,0.6030871852212661,0.472442403076241,0.5650713053045089,0.5990451545243813,0.5264151639496276,0.4704174245457236,0.49509848251435357,0.5143307393519048,0.49405613589454467,0.5267266326105987,0.5955584864278369,0.5678720384762084,0.5176818409662056,0.48271823129544644,0.4824690460936712,0.6354554532489659,0.503569627868281,0.5162944973430994,0.5506644020934369,0.5187757992646944,0.5806538215307984,0.5129716522673501,0.5601844784382364,0.5556010900634412,0.5214272484826469,0.5146488333153735,0.5516465214223937,0.5175207736851993,0.4760924952483521,0.5193481539943422,0.5581093657941055,0.4498930029372587,0.5773980662985694,0.50157956925805,0.540539216146117,0.49915630328471616,0.6230732168344554,0.455010500073161,0.4848762684426311,0.5444973398807169,0.4498499979409531,0.522581857571821,0.422765000324715,0.43807080723097286,0.4735742640204344,0.5107698226636257,0.5843175821820271,0.490612791288548,0.5513551007315922,0.5414737216763243,0.43485429250426794,0.4533834339316628,0.5756990631390689,0.5680568304748537,0.4863308293061663,0.5180663002614567,0.5662048723799803,0.49343648175680116,0.48304570739223734,0.5760502250817744,0.4884033584754238,0.5836246329851219,0.5366992874845555,0.46285249692308256,0.5676974509326903,0.5357692236832379,0.44564360974971123,0.5089076604853734,0.49887930493787214,0.514065722840595,0.4935023211993387,0.5000234510897664,0.4717192287272276,0.4559042316567627,0.650015985366554,0.45493075406219646,0.5489333200952122,0.4135488623114507,0.5151626532808891,0.4670688468356905,0.48230284318916145,0.44031664507883295,0.4988364682543208,0.45650061357754046,0.5615459286712596,0.5038819881980685,0.5879646485402987,0.5400122672779002,0.6297321638698189,0.57888046354369,0.44665795902697797,0.5352900512833971,0.47296607498169513,0.48764407922134506,0.5713343098096374,0.5178129596542961,0.4772417069332413,0.5655013690102426,0.4701307143322712,0.46489201284365395,0.46503108264763565,0.5181951114275063,0.597252234652493,0.43285068859546216,0.6317996260929667,0.4514697375981871,0.5614167131497,0.5551310498353382,0.4937526581822287,0.5094957664367039,0.5669210173136551,0.45512054868343643,0.48456681168162885,0.5164418891433105,0.45364768152958823,0.5695849917890442,0.5081781912637395,0.5122941599967401,0.5018101519917038,0.490322862123438,0.5458314419510424,0.4987442489330894,0.4535972251889357,0.5742084709461247,0.5177149798383088,0.5513071389923265,0.581525398691882,0.5652659785326489,0.43982564817073233,0.47966749863722913,0.49042982301228216,0.4914008109998342,0.5054288124044981,0.6227755019165095,0.540985438704981,0.5165330266387963,0.6630178455682401,0.4574056290125233,0.46953599776775723,0.513175920694991,0.48937984665252277,0.44825359777490315,0.5272390159176117
0.5867897213396557,0.5633929949709623,0.4705632870201749,0.548656944952819,0.4913583922277057,0.5275210310391023,0.0,0.4853649674776166,0.4919683347153506,0.4955597039546737,0.5462811355573035,0.5852367381043314,0.544978800126761,0.46525975636114997,0.6419372874170113,0.5307707571316848,0.5681125185896161,0.5721040367561084,0.6069963781927536,0.5141165748721149,0.5793025679327937,0.5542273660272967,0.6516271237103848,0.6248747646306678,0.5892319867955103,0.504936531535,0.5287273710068604,0.532680734191735,0.45996814131211605,0.5616274662993751,0.5604954862219237,0.5708009647602812,0.5804348991762683,0.5783170127083658,0.5153792309893949,0.4786765332989555,0.5733276891168431,0.4943619269403398,0.5377912014954364,0.6499284995281042,0.5394482406396741,0.5820463347564245,0.5428817911573768,0.5516486054732078,0.5348952220554558,0.5811140900703571,0.5277665819816307,0.4732435222968907,0.6727334171012284,0.5114986609991387,0.589698414689544,0.5389744097021133,0.4964198221780997,0.555497086173972,0.49927872735571355,0.503648483542873,0.5608075013248596,0.5723624308472439,0.506175292260733,0.5345378411583401,0.4679130637000418,0.44176242422484113,0.4899233655487171,0.42638161557715754,0.4948413709409852,0.48120490253008236,0.5060089760002752,0.5406872987955395,0.48782990183265684,0.5192227747688801,0.533833408553053,0.4673756482583929,0.4480861898892824,0.5906135851480184,0.5106849167756051,0.5424115396457544,0.5310401499853143,0.5848665300201642,0.5008817996810813,0.45735633836537243,0.49717400360090863,0.5443086338685282,0.5709264809383164,0.45442701438472605,0.490149751456758,0.5354200529139268,0.4715962209407754,0.5068248406833955,0.5379782275219165,0.4795770313473067,0.5831606029363453,0.5584895374449255,0.5542463077537387,0.5171893570902196,0.48826503468073024,0.5416032563454193,0.42786854627160137,0.5223045864270771,0.432625023537114,0.5398852581419856,0.47283560585674467,0.46912604310350914,0.48778873925606625,0.493834669897871,0.46918537589766135,0.5394506012246068,0.49479095559787317,0.5550899715043776,0.6128060882715783,0.5474143930855977,0.6572448634270198,0.485021833917299,0.48225819028263234,0.4796270352390576,0.5019239288400902,0.5774550450368001,0.5573603576619864,0.523746620285748,0.4831016186211253,0.46205192098961506,0.5044118119438915,0.45741590129194587,0.489300098852109,0.6701082538085769,0.4428475821080096,0.5464754569948045,0.4606404251935857,0.5160094136449442,0.48509925530964776,0.5111624706518666,0.48299721210492186,0.48916568795850135,0.440088319183146,0.49460077230958166,0.48099911590467814,0.4671800989309235,0.5510258753561106,0.5893519292907671,0.525890129430658,0.5811703223202822,0.47755235827316334,0.49793546841435493,0.5831437055874331,0.45823488483396174,0.5414760526239746,0.5891324824585772,0.5405196901456736,0.5751757143941667,0.5124677282070068,0.3963652380820721,0.5198038155910052,0.5303012204479273,0.5619823125133615,0.5095185224658705,0.6085340536727916,0.5284757751409681,0.528118749679337,0.5844840770949704,0.499788465324767,0.5156659640644203,0.49765650395077315,0.5151151450764444,0.47289364449512394,0.5858760863259139
0.5410652154053651,0.5745711120041863,0.4841970643952866,0.5194553318068552,0.3829966359355189,0.538658786235374,0.4853649674776166,0.0,0.5705820231032344,0.5352810443344868,0.4917968800842251,0.5337757507776668,0.5832610465956163,0.4885819576944484,0.5429295622327535,0.508558884711084,0.5065234501515481,0.5451534848267757,0.5345255278686868,0.5542906052900184,0.5087668701686451,0.5389826832446303,0.5070919239401298,0.47331975962051126,0.6019154610529356,0.46638948098762256,0.6016336989571269,0.5263534497655828,0.43177560882168303,0.4741498164331253,0.6300588117399223,0.5579519236352354,0.5498414970120126,0.5421912902993044,0.5016511296870996,0.5048481430475322,0.560769192546518,0.5366632735694497,0.5106063048151238,0.5152940918236433,0.4926773790607811,0.5377464155923982,0.5129059988328791,0.45531530889329086,0.7118090821301201,0.5690752777431641,0.450085486769557,0.43266530755518867,0.5132833606611733,0.4970330990565719,0.49723363156516015,0.4694519334417893,0.46560047004785027,0.5187205864335515,0.4768101556303774,0.5224626835254121,0.503380230612509,0.5525468090612206,0.4895881127222937,0.5291334326316475,0.5830428267623012,0.46195702464073607,0.4796008676894063,0.4505605737584877,0.46244769113339196,0.49754264802033943,0.5595620003960027,0.5066942591050356,0.5569173751309207,0.707104147030208,0.5213577797779401,0.4639525094157278,0.46846298101912953,0.557578109154633,0.6017716387619483,0.49988387667565265,0.49502385210361555,0.45145154476640564,0.549392104047034,0.3865907531099347,0.4749864506740654,0.5543049034879649,0.5032316046386921,0.5402326858270455,0.4783180377736582,0.6330273621895158,0.6051594006128717,0.5141315351122232,0.6114104607264674,0.5462378050311851,0.48841996621086553,0.5535892466335154,0.469293897130799,0.4659263649749864,0.47186633554274254,0.5593577848638778,0.5163936821638048,0.5733253430716956,0.42767461712140886,0.5740375819521905,0.4769627745392547,0.5616939091612695,0.4821038546603489,0.5233209385713369,0.5090701208636799,0.5384895602635638,0.521414915231491,0.5830013469063563,0.5282210430587274,0.48544504424539103,0.494462821955259,0.4699652931809919,0.5055940350985884,0.5538056921142276,0.4938667510496376,0.5189373571274628,0.5210006198786795,0.4733117931066066,0.4492555239207429,0.5056797765797582,0.4296239283375943,0.5467872172594045,0.4690622534351078,0.5076146697039313,0.4321330389160991,0.5257988443731528,0.4759562927432496,0.5487230510851998,0.5064794809841443,0.5265089498356429,0.5748662802674401,0.5038140474385144,0.487930427982195,0.4966732155562723,0.5230868067039666,0.42521449589298466,0.5023555331789447,0.5043308751872395,0.5976172954769234,0.5731669957029841,0.5022782970417501,0.50093990068625,0.5501645699827395,0.49562683807561914,0.5179464280051848,0.5613607396366826,0.5253518700144033,0.5359550784084139,0.5732437360035307,0.42505056005969477,0.5308112189195343,0.487128194475787,0.5268984788211433,0.49911364893422916,0.592169326317128,0.6147253743648691,0.4750337901037069,0.5150503116711082,0.45176079880486925,0.44158372095249,0.49895291458531604,0.4839265860296561,0.49565723663973715,0.4772728110568122
0.5983883902351412,0.5447993709894428,0.41559731376041414,0.46837232639704357,0.38376617059425966,0.4675117058090621,0.4919683347153506,0.5705820231032344,0.0,0.4551274294669812,0.4367315313237937,0.46499454261600326,0.5202256354243635,0.49397757533969033,0.5433253023602561,0.44152303995502606,0.46241207172200843,0.5714975313583524,0.4730313681559056,0.5696803752339781,0.466031391122649,0.5028161381293432,0.5121547030641407,0.47696946059825696,0.5356478713417056,0.4416607657823099,0.5744546509565427,0.48538703483757106,0.3814563192759232,0.478911439576644,0.6088243813295275,0.47826142644090297,0.4952641499808585,0.5025228329340067,0.5358078882682588,0.451110831044977,0.5246392834491408,0.5045780013587564,0.45084832454996515,0.5113409577016236,0.4613809760511537,0.5806876760607911,0.461104322706788,0.4327433203012848,0.5894146070637805,0.5457671026193116,0.46323084681343946,0.3931878903887722,0.503124923521615,0.4781494839623991,0.4625995260769116,0.45742064458539383,0.46901475786008556,0.44787457962077,0.40685455488116395,0.6021853339716611,0.49510923108305993,0.4677902785379052,0.4786048438830761,0.5062984134893563,0.46951596816156144,0.43807375904583534,0.43279793437363046,0.4405412778422832,0.4835679794153441,0.47405776713257475,0.5524275407439441,0.5063248689766976,0.4950465027410748,0.5627255954335654,0.5299036723382363,0.476459174800288,0.4680492833279696,0.49473386824268556,0.5086088846048491,0.5147765484892659,0.4323486075528952,0.4288309185744224,0.5074875121994346,0.38132465786500847,0.4443249394592136,0.602292585450419,0.5114741283450444,0.472525654525207,0.4670459779007519,0.6442761266836153,0.5157208337266,0.5000420317253705,0.5624174689176532,0.6628214907325447,0.48031135378331413,0.5898108390199112,0.42933038825609615,0.46763186231146964,0.4815801434501871,0.5036759317812325,0.46136964377898687,0.5558328748016664,0.4502296830926276,0.5535861700759805,0.4640836277273948,0.44060992623738576,0.459919520455473,0.4598336607127916,0.4872545260991788,0.5076862835990691,0.44447529656519563,0.5543727085539635,0.5077769406569953,0.47167783469130403,0.45379127927472335,0.4720394673880628,0.48472850401111595,0.5091751736363672,0.4753127751102071,0.5417821916869391,0.5119252452797625,0.4251937977697512,0.39868874501500434,0.5194113761080357,0.4435103409794517,0.47575434269793593,0.48744178026309254,0.492393224820608,0.4732610555455223,0.4376458508796624,0.46619746826114666,0.4843511767054177,0.4312040232587675,0.5151813565440242,0.6317650760938862,0.451295403520148,0.4674791810441412,0.5318151976621777,0.4773114231324544,0.4381200717390517,0.5137830234468327,0.5230039558869307,0.5321804968065142,0.5302705477129451,0.4552407651046865,0.46243708937649997,0.583742189082351,0.46097800075595113,0.4819053236770613,0.608734577060223,0.5495074579477034,0.47520016090521044,0.49933674220434743,0.39218126657549895,0.5261651908915332,0.4616374668990564,0.49936513079805184,0.48599795607010354,0.5145580014180086,0.6028227386574282,0.4708204798165443,0.48005351908014404,0.460851182207489,0.42001257241340734,0.4674710915715909,0.5156667142417908,0.49801060655908713,0.5100337972168695
0.46876396518418717,0.6516076457301986,0.5425963289101278,0.46498451677985253,0.3833467349690753,0.5408285899235419,0.4955597039546737,0.5352810443344868,0.4551274294669812,0.0,0.4992778350711456,0.5852677458568775,0.5205463235383223,0.4467337644172045,0.49593192952706583,0.5037690580798673,0.5008606640212935,0.4786690330289224,0.5466737264956394,0.49848829580641074,0.4987454585000523,0.5576958526889544,0.49907406225415807,0.48259436996648014,0.6478455813538376,0.40953433400479144,0.5073247844612302,0.4957710485776826,0.5543281515797818,0.4538491010010511,0.5269570029605882,0.5529076599714198,0.4933771063506515,0.4973074336515733,0.46072897956407133,0.47347549549133255,0.49897188603309717,0.4661179253738524,0.49121970555493477,0.48960503898769286,0.4719826347151248,0.5228993798719468,0.46120278627561456,0.4515453222848302,0.5427084997472449,0.47747548027722053,0.4423139039160675,0.44553509149045106,0.5140640655007824,0.44462441134082087,0.45119369794844444,0.4300021229825925,0.4362949116407439,0.5196587651700876,0.49094528810863725,0.48366948350986577,0.4498100611307789,0.5106107604161562,0.4881674068469224,0.4631017784085475,0.4995847082513837,0.3998300990080106,0.42460948705325896,0.4384483062632232,0.41813319723597836,0.43114401679786885,0.468390814986489,0.4590098089146992,0.5026122696114674,0.5171383967983267,0.44115590710745106,0.4245695151046716,0.4166789212482981,0.5020812699952817,0.5304591454641016,0.4619556712984614,0.45233368337111773,0.4605748791086449,0.44170907595040304,0.3808100862509778,0.47102070480230795,0.44938856675605315,0.4908809981653456,0.4678937681192966,0.4253935947250335,0.5109963799062684,0.46738586806308724,0.4420975669084241,0.5044282532440478,0.4551126419237731,0.4355578583330943,0.4891867503084157,0.4749509240753953,0.4269982174857407,0.42644975532762924,0.5907364125248679,0.4373395073621913,0.5394908679956041,0.39019412725840336,0.4800142090863884,0.44484509763564356,0.4684027515999376,0.4235188947449015,0.5931805273130115,0.42905930609014303,0.4640183213329558,0.475554593010407,0.5997940618076713,0.49643833822461786,0.5369936717274514,0.5004957020594822,0.41406401303566726,0.4489332327940562,0.476568997531399,0.42362202197771076,0.45975567880378987,0.5043152310490258,0.5374911247274515,0.48529369320465804,0.43173223529849336,0.40008202875479204,0.42207981030012903,0.44204406276109626,0.4791283488620823,0.4029483336633533,0.5860891346129125,0.4152967935622461,0.47639452178869374,0.5539119493636384,0.46624009683163226,0.523543903176353,0.46405563049307824,0.4096480222162416,0.4260772605365257,0.5071994954013123,0.4120712465551248,0.4989439088770412,0.45805730575407066,0.571314911632089,0.4985195284920467,0.47398578853828466,0.49473325753012254,0.4856179250696044,0.45706607483786404,0.5002336748780497,0.4773395579919471,0.466297935176635,0.5352804867178994,0.715049800995673,0.42738435575492606,0.440151721535223,0.4991795257359587,0.49652307632506865,0.5233457766727312,0.5806174323712573,0.49645400137537754,0.459280164755479,0.49636921066313733,0.42678379849406683,0.4100230748206545,0.5050918586101736,0.4495885911020869,0.4491014284103918,0.4332277059796666
0.5572624523455798,0.5366760946812609,0.5438868435228205,0.5295497548391108,0.4757032838492679,0.5949489460331795,0.5462811355573035,0.4917968800842251,0.4367315313237937,0.4992778350711456,0.0,0.5485076952576552,0.6168617252298403,0.4815200347165064,0.5583632043077521,0.6633390269760808,0.6319000243206764,0.5386883683347267,0.6059599871485297,0.5417646119567099,0.6456020942787443,0.6158309512758623,0.491963242500134,0.5834096044178892,0.5796208276077764,0.5420919958310461,0.4705041905156371,0.5317205605655628,0.5462537798773492,0.47434577621305374,0.5214789089539245,0.6467852753637263,0.5482467822940986,0.5215736877244709,0.5104695880316302,0.5117428082813997,0.6380361323791013,0.5437540332587665,0.6275279163047036,0.5861201973168906,0.5411111141228058,0.5097151750456097,0.6169168343628395,0.6427707435676263,0.5333832121578532,0.5316349607384471,0.4601955392692134,0.675894774279424,0.5996823763610633,0.5361215179957878,0.6010476750210368,0.5401474896329578,0.4867876740566031,0.6658282605323158,0.6203203268293956,0.44265354712218435,0.5752203374818844,0.6102754459900842,0.5073307922503422,0.5136940233198842,0.574780509851889,0.45638440048964174,0.5778930436063832,0.44989688329175387,0.49172073661992155,0.5207337184559295,0.517555097952965,0.5498366155013745,0.5381799370430226,0.556064225896624,0.5540592412811378,0.47554137884260067,0.47678907866187714,0.6363346443954402,0.5813693038581175,0.5122523196475733,0.6190354126542686,0.5659400192701061,0.5148928341694163,0.5068952747651984,0.5680248784166312,0.49611051746849866,0.5080954424196757,0.5365603173429543,0.49863851221923455,0.5144470830138768,0.5455504228024028,0.49265402479990533,0.49392659709853226,0.42967982946495176,0.5498995275218826,0.46749077587108123,0.6109141301817385,0.5347911871281475,0.4898614109660715,0.5429751477026767,0.4814555576995597,0.47623751298606143,0.427815579192258,0.4929052410037091,0.520734306671428,0.5500624768572822,0.462605359103285,0.47020556474863817,0.48628957856744626,0.5266838663276245,0.5508395521857561,0.5227332447439667,0.5535091388287208,0.5726832445346794,0.6864519772961278,0.4885695947936091,0.5317010532526479,0.494286331161165,0.5186621994197217,0.5064631684739364,0.523721280956465,0.5910534612150656,0.5832858936334849,0.4451488851836079,0.5251915765119086,0.46736168600213673,0.5189560080391212,0.6151599291481383,0.46273246349850494,0.6528354097096167,0.4505145601110888,0.5177153523934761,0.5565257566601148,0.5362527726326348,0.43416945742479274,0.5807236289965333,0.4925373275134672,0.4965412434350559,0.5962093035679052,0.5216537846763462,0.5258514048145552,0.5508854801042603,0.5515781039842689,0.5557928842305035,0.5118518683703108,0.5792527903964683,0.5013686635452373,0.4874105537247029,0.6481120717151295,0.49341219246460105,0.5002943569147535,0.5740990963919591,0.5382242138199904,0.43708970134441416,0.5323104670835165,0.5370174160702675,0.5846470119176277,0.4516305653417311,0.5828231473431037,0.5466540913134892,0.563695246724258,0.544910055409489,0.4952402689357876,0.5377097138493492,0.5110080087438544,0.5076633316216024,0.4553393403971514,0.5833290990992367
0.4991442679683872,0.6202841892537779,0.5615610740865827,0.4805708699273419,0.46017461963367023,0.5873138806696795,0.5852367381043314,0.5337757507776668,0.46499454261600326,0.5852677458568775,0.5485076952576552,0.0,0.5362044964754313,0.4218342467578029,0.5819407105326521,0.564983647404705,0.5250160118013926,0.4811711846677226,0.5837132165919305,0.4857510488225918,0.5425459852812542,0.6008693537828572,0.5330774385154458,0.5786038824165778,0.6116757826948529,0.45409616853068047,0.5003335610184101,0.4817826259415347,0.5188168788378424,0.5666636148610195,0.5666080310005676,0.56734705342297,0.5461066221792377,0.5261426321374415,0.46065905215342506,0.473227079014859,0.5513655337645985,0.46378793553633324,0.5607020502269886,0.5211937963414383,0.5030313140531982,0.5408328552707935,0.5093545737460068,0.5069060585362264,0.5481374400562233,0.5084989898253075,0.5085789647326717,0.487723383874975,0.5439326183969618,0.46356836353464814,0.49725642656648733,0.47544148191194907,0.42836118418353375,0.5483565683872812,0.5085760221751252,0.48665528302653205,0.4749259503043951,0.6270219430345978,0.4445156299495206,0.4801082466274157,0.4724703019242926,0.40907229404237516,0.45505119828932467,0.40832628718385655,0.4196478665063144,0.4255314956666347,0.45216659547633903,0.5059720384209976,0.46884913206668016,0.5191783297845604,0.47643900502253844,0.41342056495680507,0.3969997952386805,0.528638999255269,0.5057490787867444,0.457904266384892,0.4921515011532739,0.55325293124367,0.45813405525284906,0.40533071000870197,0.4642495269956493,0.4684582577951182,0.5881699619822595,0.4470117785452533,0.4240920250251349,0.5233999987416118,0.4636374544263208,0.4391259839308488,0.4957512188693914,0.47355466377703964,0.4902811319488715,0.4979056439913448,0.5189522848313596,0.4366017710907822,0.41653393695808966,0.6444580119941223,0.4183274378222998,0.5134543112620501,0.386292367589032,0.475292239813699,0.4360231130106675,0.4782146939041431,0.4240880574860557,0.5483833825709574,0.42577587547532064,0.5128054513827421,0.47249319363761055,0.5553856092696562,0.5300492218959039,0.5700661003235379,0.5652117997181773,0.42135840334092195,0.4348200818472851,0.4460817272885534,0.4405556264822723,0.5159925640129482,0.4839135011854505,0.5517219150269903,0.4752531058182264,0.42025248376865476,0.44010645643398116,0.43108103978009404,0.4368183922232394,0.5612478744922571,0.3905675179764631,0.6550554373857658,0.4109893795103926,0.5869481380322064,0.5137794447507144,0.4651040058549681,0.4994637877602954,0.4816312633773312,0.4040726044049211,0.4355132423361212,0.4887019058232132,0.41823980071460787,0.5850977655185396,0.4979374385082364,0.5274867553900929,0.5329568293447009,0.452174163093706,0.4861779149075297,0.4872443205031726,0.43238689348696313,0.5111462915693364,0.5078943746340304,0.5539962509513928,0.5536188346599342,0.5875899637613979,0.405079569634448,0.4569245494129705,0.4743992327276008,0.5157385390463086,0.5574949105865535,0.6148248886631903,0.4998620335036725,0.48551538181344217,0.5885290410008067,0.42544597197390355,0.43127716639139035,0.4547400415204062,0.44161311329475855,0.4217497882737401,0.48051676163121243
