0,1,2,3,4,5,6,7,8,9,10,11,12,13,14,15,16,17,18,19,20,21,22,23,24,25,26,27,28,29,30,31,32,33,34,35,36,37,38,39,40,41,42,43,44,45,46,47,48,49,50,51,52,53,54,55,56,57,58,59,60,61,62,63,64,65,66,67,68,69,70,71,72,73,74,75,76,77,78,79,80,81,82,83,84,85,86,87,88,89,90,91,92,93,94,95,96,97,98,99,100,101,102,103,104,105,106,107,108,109,110,111,112,113,114,115,116,117,118,119,120,121,122,123,124,125,126,127,128,129,130,131,132,133,134,135,136,137,138,139,140,141,142,143,144,145,146,147,148,149,150,151,152,153,154,155,156,157,158,159,160,161,162,163
0.0,0.6354215367309304,0.5550455557926751,0.547084557004808,0.5202053356174186,0.5404909787504967,0.5593666382660699,0.49278085391131715,0.695491627517382,0.5258907618815051,0.5846529007798963,0.5519575991646634,0.5850097899869939,0.6448423406608402,0.5840562154836882,0.5649547847008014,0.5641232544729602,0.7608673869901036,0.6469220141656484,0.7987981975028315,0.6029244026733577,0.6707163819254351,0.5457230882916373,0.5680918422244717,0.6239959187332882,0.5072901175018879,0.509715977827168,0.5391066365817191,0.5675894065939057,0.5866882298312109,0.5910209913772956,0.6116568223751155,0.6221938249732674,0.5103289190285258,0.6508381192844606,0.6162188191670502,0.5972536846530988,0.6882197618181876,0.5112850261493902,0.5950348073531881,0.6193914365000538,0.5286761285529743,0.6169993020161907,0.5996852579476665,0.5817085762940895,0.5800659925142877,0.5579581776899554,0.5758539971509701,0.6446583769088557,0.7254386140806961,0.6507772970313653,0.6124486406930199,0.550316914049403,0.5982394221107996,0.6016578312507832,0.5331401939470929,0.7352433949202772,0.5420881325048154,0.6330735610458862,0.6638394157200163,0.49641827193688065,0.5705117730830757,0.6001415032280879,0.5695356814947331,0.6227695426961017,0.5643389641487144,0.5325407765583098,0.6242436725504082,0.6014469992418932,0.5407742471755015,0.6756013843116768,0.654483986138189,0.5718531073193809,0.5884626083455013,0.5604023007013508,0.5612045796126895,0.49417388408092605,0.5178668755079536,0.5671165823668789,0.47548696411648916,0.5226747162821405,0.6514495743408668,0.6438507031425021,0.5621193974225214,0.5855555342871445,0.6813177675572462,0.487998947942529,0.6685331390639557,0.5444863682584942,0.5336985756170959,0.6354611695192677,0.5816073060603729,0.7139777449229582,0.6279387495366656,0.6323592860292767,0.5957486851834544,0.5367247346454056,0.5287510533860695,0.5513230078567671,0.5388000057233546,0.5922996818242542,0.44052393289716996,0.53591674141195,0.5860049579764937,0.7096800226727531,0.5628686956721844,0.5125570519835922,0.5170925265182795,0.5850546726832538,0.5471710424074162,0.5472488086172993,0.5963641341754794,0.5615566886458919,0.5018556254396671,0.6444867947891414,0.5685732323031716,0.552467910374744,0.6488183863803461,0.5195595140461162,0.5254182341240805,0.6101023878555928,0.47767771745246795,0.5746439051137721,0.6128092118902643,0.5911077204201751,0.5815919255433224,0.523165583559505,0.5093376204788826,0.5593355298236228,0.6673312674539831,0.5397343927216299,0.5487334024186774,0.5393589282416887,0.6006663135789172,0.5676291495984916,0.545229658636179,0.6430827916959757,0.6090951425961749,0.6377226785543038,0.6208060607659213,0.6129810718857195,0.6137006602433871,0.6208732685138145,0.6008280512540688,0.5732890051039766,0.577314707166376,0.6232911918969668,0.49774191972735815,0.6390833389729644,0.454152283841965,0.6016059201162427,0.592894812262503,0.5990931493595057,0.5481221941080546,0.5533617404148343,0.5929991172248363,0.642858645049892,0.5113170600615731,0.638092373708972,0.5665429273394602,0.47659378582982026,0.6415449496236272,0.4943687170795102,0.6364891326477737
0.6354215367309304,0.0,0.58406291902756,0.5886912217053551,0.49132410359760675,0.5788270883435415,0.6164023718178275,0.4715184438395263,0.5742288117350977,0.6264436206440089,0.5426468510964173,0.594892676647059,0.5711367925013565,0.6549707441230397,0.523270334835754,0.5614759938918774,0.6206476903389202,0.6261055235008388,0.6837754416849491,0.6660833427551652,0.6775712681656931,0.6091778418856773,0.6118231772371292,0.6218104745725894,0.6751072774082331,0.5102298376431438,0.5076929456895178,0.5690836480707879,0.6836523279894676,0.5445199831844453,0.5331239765861867,0.6188499498218202,0.6315410027549703,0.5766947692789645,0.5791044356674399,0.6173161909581045,0.5501258904868419,0.6192142345013516,0.49255393130809344,0.7143189900939609,0.7015636820011215,0.5819156184511941,0.520830799858356,0.5820330555597526,0.5688536708919301,0.5943379762405997,0.5950804905760535,0.5279148577675158,0.6656112677023468,0.6122995817405557,0.625582711749869,0.677074246985864,0.571443968439376,0.6381618848556714,0.5788099254381726,0.6396416052072431,0.6936616878452599,0.5255103383378258,0.692490625408259,0.6938824494335254,0.4907240554730939,0.5633685033281175,0.5337928997597451,0.5833404256993284,0.5704719140485837,0.5579266523884318,0.561351615097237,0.5630687282474302,0.5205906920921077,0.4847741357650592,0.5847550314098371,0.6215904555317441,0.5821852095481662,0.6075448721757458,0.558897744355101,0.5716967994955433,0.4942557566372042,0.5719859893646257,0.5467096403852527,0.5375598249960718,0.5911145819349412,0.5992695154268244,0.6732904742607535,0.5532793055813862,0.6478135942917307,0.7001062544072679,0.45234031460702484,0.5702046907111815,0.565851111894477,0.5810548138134886,0.5793217657747672,0.6346707068499816,0.6500492355620068,0.6460972268771779,0.6982926643532748,0.6002866168641204,0.5145456151901118,0.6402649726502647,0.5633480665688445,0.6012403101546924,0.5816326163146872,0.41759657489486623,0.5447406133124586,0.6471822668631336,0.609110767486361,0.5877059673065691,0.5507647068041521,0.5995551403554563,0.6574480267789243,0.6614809006416049,0.6033224633805907,0.5910885430626963,0.5874153065155021,0.5208482750035149,0.608365020455263,0.6301651482255948,0.6372154921203802,0.5731347796018591,0.612349596496463,0.5565929446539207,0.5682467268604522,0.45648484185353094,0.6708574789718359,0.6604447916097606,0.5683989397933621,0.6055426260264054,0.5836062098129395,0.49432981638524465,0.6951557973744746,0.6005551604129739,0.5800398555047369,0.5643046962281886,0.5101805046563399,0.5973658127863176,0.5395753451927674,0.5021548108088072,0.62009318416442,0.576062214362539,0.6330823235957502,0.5880172666474057,0.5673992081876257,0.6513242262355248,0.738921730060448,0.6118391042319671,0.5995014704872619,0.5620562569468518,0.5746105698164873,0.5567603328411672,0.7299634580946279,0.5128435696028752,0.5338953242998238,0.6487249789952014,0.5728822303071958,0.6490728254106308,0.6312099460035571,0.5538730333067984,0.6411128929393021,0.5708992818346691,0.6323037176398818,0.5878297245419454,0.5369157421022439,0.6805129391992356,0.5717008359665475,0.5910941473052802
0.5550455557926751,0.58406291902756,0.0,0.6200989424615992,0.46828737475544374,0.6853751850002225,0.508293940177925,0.5546377192132622,0.5236234749711374,0.6063127425251331,0.6107765366629715,0.5812113884621304,0.6868185488149594,0.553826823627179,0.45495533269333815,0.7607648591956253,0.6951396130923332,0.5613206870497559,0.5877032120337462,0.539518803103183,0.6542477820324966,0.6004115855461498,0.5373552958258243,0.5087087343645816,0.6156762645660965,0.55334611988854,0.5518451715055274,0.619116638983522,0.5562417668010698,0.5908878157573323,0.46939551611923513,0.6780600511720825,0.5674500908351146,0.5374309726166895,0.4632343671583552,0.550168394231766,0.5731683101774085,0.5947858834762269,0.4613376575363251,0.5968171373658354,0.5367778351859458,0.5854063812655571,0.5202788384692668,0.4965373595954779,0.572590254868114,0.5562787801481237,0.5107237839399951,0.5199075018571637,0.5470382431831513,0.5428796700724481,0.6097348157460463,0.6275200763514657,0.468118551731163,0.5983395838403932,0.5683114066685703,0.5535699267707808,0.5933642523863747,0.6685167915786259,0.5306249081295227,0.5946305338710043,0.5670832908864653,0.5658965447584909,0.6005837948525924,0.48200802855015784,0.46069345529433336,0.5292953331740626,0.5514320601744378,0.5735818057434489,0.5795595701400116,0.5735884461820531,0.5515436093562367,0.4791246233446218,0.5840104036874127,0.7142016286030225,0.6542415999257358,0.46842191110163417,0.6015293822049913,0.5599179687022335,0.5272227440093882,0.4994060668887871,0.548714007280265,0.533191129783936,0.6164326924451262,0.6038402310104041,0.5956428139984077,0.6284404560973862,0.5133903698606098,0.5291695124498863,0.5589599526577758,0.529459504160189,0.6077799588228393,0.49791604690730606,0.5613550383817287,0.5157262580265509,0.575475411497925,0.5441175038934958,0.4966520246272252,0.5422897535007415,0.45832366458743984,0.5740010056448844,0.47595253077133587,0.48341056644357666,0.5109671272010956,0.5347318782938132,0.5710763458367141,0.6385954009905563,0.6011324770735759,0.5899755680907641,0.5442243888251619,0.5547074889631053,0.5547850753851975,0.5247128591930419,0.6155388942387722,0.5676704296930143,0.5526389562667477,0.6694751275182355,0.5168079705079234,0.5223830638283858,0.6435979703504261,0.5491018234078878,0.48586549619637465,0.5170116787240293,0.535213884521406,0.582526969320743,0.44036379502615014,0.5762368443833439,0.5925885703913734,0.5363811094546798,0.6237760152166166,0.5125942744887879,0.5813522135816991,0.7475565235202095,0.5481678780176433,0.5119993915729774,0.48537163537443334,0.4080670540214089,0.5066412257204843,0.46789666703405447,0.5703338666456793,0.5343228606598707,0.5041112687742488,0.6100526132305806,0.5704103935263612,0.5677217979756574,0.5346837499738332,0.51582196375725,0.5272576747584021,0.5415294110249375,0.6029808116479358,0.5107030243463678,0.4924702192119938,0.4994334254414938,0.5497148891328529,0.5970581236460017,0.600599436049564,0.5367150423607683,0.6322140122661793,0.6282374790367574,0.4856732417371298,0.6261830597982884,0.4787978887074908,0.5035435401249765,0.5043426622612621,0.5343976427451449
0.547084557004808,0.5886912217053551,0.6200989424615992,0.0,0.4565619155276936,0.6015501072414243,0.5617563369280855,0.5825987710305228,0.5448409844461112,0.5780443208905263,0.5984927680281776,0.6532911664912865,0.6180020664283866,0.567908209479958,0.48003430646073647,0.6252884710925104,0.595164185964383,0.5357586943672317,0.6139313730572785,0.5490492236776885,0.6774283583434134,0.5698385969347229,0.5912158083759601,0.5423067413891575,0.6629291478816445,0.634091939500155,0.5786833940885152,0.5889793524307466,0.5311656850894796,0.5248262630123826,0.5192052112324121,0.6286908652921588,0.631149126129346,0.6691690420987239,0.49170284113271306,0.6262159418540922,0.6169743089428139,0.6142406775896582,0.5138194247495373,0.6381080442369502,0.5707409451331441,0.5705013270898618,0.5258105232157747,0.5335523680215396,0.6705894465376752,0.5674571006939598,0.4792825697720562,0.5355965819322716,0.5916201037992618,0.5478380874269356,0.648291703900797,0.6094623143175338,0.44975149436829864,0.6733728253403678,0.6332012325290225,0.5786938539381108,0.6042593520874363,0.63565807991156,0.5542247573735354,0.6242133349519038,0.5942984263972735,0.5668966789713322,0.5471122838381771,0.5132923820241844,0.4732063219783158,0.5382243721544466,0.7074560363119877,0.5618694327442277,0.5276542797094299,0.58051698854911,0.5752257066634475,0.510423128175045,0.6418459100712256,0.7355523970109786,0.5714279655576828,0.4741489005066498,0.6654065422646926,0.5764669528807269,0.5671294173398145,0.49292523364671387,0.5160473564615067,0.610430945519736,0.5847731169793542,0.5818634680808854,0.6902745667459687,0.6686617694028154,0.5660993225459794,0.5668345771288353,0.5672688601891842,0.6464392604945608,0.6067354404806107,0.5800087795695199,0.5503334394980224,0.5245758861349888,0.6436947863632824,0.5895499286271703,0.5287291661211804,0.6202800550478913,0.5006197162032068,0.6379433359263892,0.5373823054528813,0.5198410784185129,0.6345611873551115,0.5810786468212505,0.6032004183154227,0.6186289657260481,0.6139521315328591,0.585361442102609,0.5502739061069102,0.5821553270019542,0.653167565387529,0.610069447483018,0.6714269646999385,0.615387075084323,0.5555305202584819,0.6097062110092951,0.5096418972172436,0.5248547759964185,0.6272453297575614,0.5946314091398941,0.5006001089994448,0.5793566076009733,0.5723632748252818,0.6056201660266965,0.46963015912315703,0.5955121314568285,0.6368771204204204,0.5867424226519459,0.6610677518922105,0.5340641955517501,0.5404771564767643,0.634452235911426,0.6165807989576351,0.5875327189998825,0.539791576215947,0.408126582934137,0.493266145443558,0.5052516795271791,0.6374374921048779,0.5943131896780779,0.5250726691307205,0.6112168359290785,0.6439431558171117,0.6527137245823724,0.6059143943412246,0.5859237216786792,0.5528121210734628,0.5190128921761127,0.5994663073443106,0.49936922512343296,0.5722556550911947,0.49294444904074863,0.5567407195023993,0.5974156123416933,0.6956386164245549,0.6154730745013045,0.638416978808786,0.6368685479488453,0.5440274728465668,0.6508926155292994,0.46592224841876867,0.531079038952893,0.5782811180954293,0.5620020080196487
0.5202053356174186,0.49132410359760675,0.46828737475544374,0.4565619155276936,0.0,0.41778600882493416,0.557027889489244,0.388876995587259,0.5285473865701698,0.4278211220885655,0.5424581518613754,0.523404275361051,0.4300420127268696,0.49037888621604253,0.5027129042858625,0.47298467523400306,0.46305894972543127,0.4917093949186969,0.4859062544790979,0.5089570686847439,0.5123755634614351,0.5803493458393036,0.5150381067846252,0.5423626517123892,0.48742180269249613,0.46906549522019597,0.45315981623041074,0.4210408789460605,0.510133689204256,0.5355937179021253,0.484023892486677,0.45201173891010743,0.4733896323481647,0.4419358266212125,0.5524114526004155,0.5327792277847277,0.4839824327233075,0.5224397801297346,0.5008790095325232,0.502090515519597,0.5121177718355531,0.49384672726673184,0.48234934197978735,0.5669341083470288,0.44895972020189573,0.42468524185634854,0.47680367749214764,0.5346281685558729,0.5602901051922443,0.5335964650702263,0.498787166858774,0.4729728380919552,0.41090803504039897,0.49123831507103266,0.5137539179375659,0.4469925251437529,0.5043567452884327,0.4857118669753537,0.48049672679833133,0.4780418211050038,0.3805693171266382,0.4288821131706406,0.4326305343563091,0.5467364986254376,0.46663716091076324,0.4006008950829297,0.4399930533287135,0.48032910605837514,0.46443942535397886,0.4222599512920521,0.49791799896441213,0.5085860981851144,0.4640363192161765,0.46043945944664,0.4175803958416651,0.4060262407786999,0.4334052551193947,0.536265175825786,0.4204810736669455,0.4128400948305034,0.4054020996396534,0.5131623173606439,0.5169077029437156,0.40740654203729804,0.4775690903219084,0.49234716340476525,0.4013582032091873,0.4792599087070809,0.39684680048408966,0.46215915896823767,0.5890527806435345,0.4981220197615017,0.5745482014992679,0.4364375670622216,0.5121871519484777,0.5072295821028655,0.3995738581571279,0.4463745112657254,0.5393004680966225,0.40909964018091555,0.4974235575493245,0.37461581560117957,0.4656125252056037,0.479019845022798,0.47436232680646734,0.4390065562861696,0.4010802615354127,0.44404793921360397,0.4563773081786252,0.48720325469044007,0.511480018950388,0.558519909213237,0.4264631797705863,0.4357709761282557,0.44009214543092967,0.4607869203934205,0.41280464695554725,0.5889397819573375,0.44873996070679156,0.4518203792640368,0.6846251097213762,0.3952838042896629,0.48347742025488094,0.48622549809013343,0.5238062786629715,0.4623697521522452,0.43206764238270806,0.4587844550679494,0.45849851038526956,0.49472855089919116,0.4372779495054799,0.4452173797354507,0.42205604657022455,0.5454214935088159,0.49295762745473576,0.4610303879152284,0.4934177396474211,0.5601923748170247,0.5217861222837917,0.5054310743328061,0.4245314114863824,0.5217748115294966,0.49335187250068013,0.5245159284668489,0.5296315326302655,0.5225434274143536,0.5871499067996643,0.3956711108067072,0.49430140906789566,0.42864883441010315,0.4814757393826062,0.44241171314642835,0.5515131826946407,0.49568313326247054,0.46996114461930005,0.46051574070084533,0.47991340609550964,0.4376650017334346,0.5139822490979056,0.45496347649849433,0.37553555878868977,0.49253138628607224,0.43546762473351874,0.6270586716739855
0.5404909787504967,0.5788270883435415,0.6853751850002225,0.6015501072414243,0.41778600882493416,0.0,0.48100119001410585,0.5717447623686259,0.4968577517549706,0.6104753190699274,0.5316844840871734,0.5474030091994573,0.7199918024766446,0.5304730221952688,0.43993022416350935,0.6733087439346713,0.6467631167650573,0.5359501117647516,0.5883236641651254,0.5278521071100902,0.6244698988589265,0.5231614432919975,0.4999792992831753,0.48829025250761504,0.6102816003743119,0.5364598361992643,0.49695670104832146,0.6084544086179702,0.524242010591502,0.5318169239900956,0.4666142544412219,0.7109642890784584,0.569257222175774,0.5544624703276723,0.4437526788772013,0.5176004311680747,0.5650405307698556,0.5589549382328604,0.4430993638657681,0.5669914636993978,0.5276112131935187,0.5393618246515859,0.5075812100769771,0.48227848699459597,0.5748852223637239,0.6011151464098319,0.5112369207585685,0.49589934631542043,0.5144319969205922,0.5132226216199336,0.5984674397216374,0.6602813864273631,0.48413116330072636,0.5790388026734793,0.5358283557858162,0.5859668873178957,0.5898017710213894,0.5935576090625043,0.51601221531345,0.5936493363722424,0.62207824017538,0.6106529453797807,0.6222705675207988,0.4493293467011905,0.46286086758312917,0.5936212482629645,0.560004995576854,0.5733969128744669,0.5189527814862183,0.5596958447850833,0.5504766174733171,0.4717613127589108,0.5637134504576129,0.6861115334973963,0.6638735158258425,0.5119354456931038,0.579148010824987,0.5232657385435359,0.5684144101491811,0.5546668046859949,0.6321974645362886,0.5187865134771191,0.6089327901527812,0.6764866666621256,0.6014773730101743,0.6242441516886988,0.5243134857381343,0.5181367311568792,0.6359622609727523,0.541968745023296,0.5338256026544245,0.49791789035154593,0.5213970407356393,0.5583495714491663,0.5546602319728687,0.5363291859883629,0.5298664573165066,0.565708107112632,0.44178437099911433,0.6369375475871601,0.47490375985764494,0.48796355337517117,0.5072516252954266,0.532143230327491,0.5707508767501261,0.6867601001380746,0.673986246878978,0.5774202911156882,0.5570545360999346,0.5566851718658067,0.5374204740418729,0.49539454254697596,0.6848178329227077,0.5462305533540625,0.5888746820603993,0.6530399664165473,0.5672344911835787,0.4775721738745881,0.6344412969568644,0.5380193416438281,0.4511129360244401,0.5310410170246841,0.5452636527885734,0.6069217875956674,0.4336356364214746,0.5926519288328406,0.6044653805811482,0.5199385636614521,0.6337107477202073,0.5021489693844248,0.5759824831504192,0.7457494243810774,0.5697960365747776,0.49225194022036944,0.470854615530873,0.40729146289251233,0.5155993739508614,0.44706288618176643,0.5209611620090968,0.5245562423441186,0.5291766888517584,0.5783075014131887,0.5637873283360317,0.5268386098595987,0.5188753751993763,0.4918649651898964,0.4952088567820443,0.6037745258869854,0.5876743388479938,0.49331332111483,0.49016660248075095,0.5205990674470764,0.4876364680927653,0.5534624175723206,0.6113877989186481,0.5439281622195784,0.6212333779060907,0.6729779597224701,0.47548311569518475,0.6490053161602262,0.5209118283125077,0.5150832091837568,0.5200817338155226,0.4925838926835865
0.5593666382660699,0.6164023718178275,0.508293940177925,0.5617563369280855,0.557027889489244,0.48100119001410585,0.0,0.4298059816003252,0.5313776059329933,0.5399140144225261,0.5274135397562898,0.6088320102356547,0.4941780654397599,0.5802554219323068,0.5355690058738862,0.508985239543042,0.5185901740262965,0.5349877719448959,0.5594139024499803,0.5619903018199779,0.6197358628487767,0.5598711135612194,0.6693589355083235,0.6645094439706427,0.6243931585455997,0.5596629555013789,0.4898036866456773,0.47470465921512783,0.6044700782377788,0.5071379553089082,0.5425529325396613,0.5382813262686849,0.5728063138426125,0.5967164925403535,0.5830690916233394,0.6289615832091042,0.5609064947013338,0.5625162240673548,0.5226093637006766,0.6790300343510141,0.6249794717533103,0.5493620813947644,0.5164799853931743,0.655170508640882,0.5455848972992184,0.5207080373623693,0.5675723049591763,0.561916523283042,0.7590511760706375,0.5657422286448514,0.5973317550048944,0.5662530626962775,0.4610420512376007,0.5894606455151968,0.5947039160397064,0.5851276699155231,0.5802043375290376,0.49685288907908076,0.6311906022526651,0.5786116360048351,0.4342364929793223,0.5061952387048172,0.46231820207637464,0.6150160756052402,0.5258998250968064,0.48061519346478204,0.5734212837394043,0.558893528834677,0.47554729363619147,0.44833594946719035,0.5645283335809711,0.6129641922318344,0.5443787944598429,0.550071457654522,0.45231608870936185,0.5023797352044025,0.49767265197514915,0.6616094737244774,0.4966735217200374,0.5055533542814784,0.4908353145893047,0.5894531147334177,0.6047231328531855,0.4648705321386909,0.6082133410927406,0.5801626277158631,0.4402176783880307,0.5644754491837256,0.4845786155880108,0.5919289422828838,0.5892202485494216,0.6960865674204474,0.6090796411871382,0.5250666339234168,0.6537052461451218,0.6227217588982584,0.451719194093231,0.6112564736289826,0.6234126938882586,0.5310474496407102,0.6162167849855164,0.4118028048501299,0.6158591440591616,0.6236814737353302,0.5359144818475019,0.5278576754749337,0.48498655848061445,0.5317794303436861,0.5886913083408117,0.6518505462500636,0.6715064977325238,0.6659451271253939,0.529200434295011,0.49093975231593506,0.5143258673651901,0.52338417438164,0.5104627581224437,0.6050389932248169,0.5539661324720718,0.5268956263619626,0.6256100936303188,0.4426812674640513,0.6214921264142796,0.6188082541621199,0.5767423448149006,0.562162283868721,0.53343760345767,0.5085048825123669,0.5942024312927675,0.5827262867188422,0.48781950008335406,0.48903395849985165,0.4785799417565036,0.5909689393183823,0.5430492226720603,0.4839196105317676,0.5595799403398686,0.6454719305211414,0.6249306258768582,0.5863748398105815,0.5007975993826732,0.6124928777888127,0.6527694222671812,0.6048558681200625,0.6760104966341075,0.6800304723390589,0.5829503048120028,0.48244468309317673,0.6179272272618062,0.4650833316745398,0.5398762191601852,0.527153041189484,0.5290042368466131,0.6690431193249735,0.6093399828603074,0.546161859639102,0.5536330977711623,0.5397817799791258,0.6456534115540797,0.5591490159169753,0.46573582279154174,0.6087772275743755,0.5760619542769214,0.6072701685190459
0.49278085391131715,0.4715184438395263,0.5546377192132622,0.5825987710305228,0.388876995587259,0.5717447623686259,0.4298059816003252,0.0,0.49735606629257834,0.48592877611244606,0.5195564360819491,0.5210603117511723,0.6098325214853718,0.46714999896486287,0.44562959911749905,0.5801800480689515,0.49310338408556176,0.48551820482901586,0.5206192397069047,0.48659156652503865,0.5173535440930549,0.49110046251257844,0.4462832083655018,0.4354749783022142,0.5306644925738582,0.5357439610907913,0.5056590011104467,0.5106245417494615,0.4349437697585872,0.4818319771141656,0.493440405826671,0.5737613513120496,0.5520938972745385,0.5049513223666556,0.42110276009110553,0.5111373263944332,0.5750552036075451,0.5426722315382625,0.47173811904934304,0.47404417827749046,0.4700483390780885,0.4462037970213212,0.5358029645261511,0.4491236890657871,0.6312029886910568,0.5381102686492869,0.4189680151699342,0.48680120821450334,0.4628743723392421,0.4907293945838742,0.5527249775449601,0.503160238509448,0.4109202992488533,0.5389573597949772,0.5508757538389538,0.4609448314835448,0.5179679718882989,0.5977116743299539,0.44812449311682573,0.5307010534445327,0.7335325472071346,0.552249038310534,0.5896388809287827,0.4170979058082152,0.4280829016058091,0.5325160327603307,0.5506467014718099,0.5337783126375945,0.5137385633962691,0.723661459374989,0.5373710938829847,0.43786680439507303,0.4995554379173857,0.6003641786039794,0.5664713219569253,0.44067287826749907,0.6203918694716034,0.45324514307091246,0.5861921715141875,0.4243603862093114,0.4655505997665354,0.5188992733918949,0.5068253491721327,0.6181195837681964,0.5155018313307506,0.5639808475794589,0.6802623809096966,0.525262466232284,0.5590123698014409,0.5206609063265141,0.5011582385904252,0.46046410695717543,0.4768615516244556,0.47044866853255546,0.48083727852223607,0.5129252373968441,0.5652774673684038,0.4745760489905648,0.40640669167220894,0.5387700705723162,0.4624891906659056,0.6711411363719854,0.5085560008428597,0.4900748569425958,0.5655297410120207,0.5726293608573145,0.5878166502971174,0.4663786240505815,0.47118429923975463,0.45234801371055344,0.48197745194952885,0.4765883623960284,0.5607839665989848,0.5289785213855516,0.5313031527614146,0.5016827893160215,0.44428327254266525,0.4647990235842834,0.4771938298063749,0.4838635122935915,0.42030807818079546,0.7144667878548323,0.44219176645287284,0.510495867246468,0.396757653090611,0.5526220402165999,0.5037099518654081,0.5915732258569402,0.5084766753871226,0.4866796715796633,0.4766174955557732,0.5896788150207973,0.6399930154999531,0.46859936573989536,0.4822277372028118,0.3758193785066061,0.4530657011709867,0.42916517026198386,0.5171487220349731,0.5388571996982677,0.5176787497320067,0.49219386636910234,0.48395172093953975,0.5086604275106956,0.4849018790111931,0.47205957353833133,0.4868448731480457,0.48697269292690076,0.49789730631403667,0.41861952794554336,0.5308348243021529,0.43584070782528195,0.46685844693392897,0.47064925206957453,0.5368901670410375,0.5870232561892305,0.5391705920962069,0.5353414598234247,0.4420987930682173,0.5345573470390135,0.42265734742382927,0.44011989872716695,0.4600856669755046,0.4559694285528916
0.695491627517382,0.5742288117350977,0.5236234749711374,0.5448409844461112,0.5285473865701698,0.4968577517549706,0.5313776059329933,0.49735606629257834,0.0,0.4923792504331757,0.6152638157500135,0.5669256971304655,0.5298375124368999,0.6084700354435806,0.5457606455766392,0.5445942838854613,0.5260967759859307,0.6362115823386302,0.6040682510256435,0.6889457669684623,0.5621339131114412,0.6664689539199427,0.5469081026776904,0.5236044225206682,0.5957894561009681,0.49529409583037665,0.5503404129975403,0.5221558017691096,0.5305191902274886,0.6060799665498416,0.5923634893688094,0.5498037102763708,0.5659953856625842,0.49838424092532074,0.6473734512438595,0.626462836618168,0.5743888517361847,0.7180592161016663,0.5298028442739235,0.5393131410886053,0.5616130438533884,0.5367432686040142,0.5632185870767172,0.5620068567984855,0.5613615057005482,0.5050627025092853,0.4814652310473225,0.549480773640631,0.6079822615270615,0.6451387801846205,0.5792209231584836,0.5305678500395344,0.47692431897183724,0.5612213624876302,0.5921686245820494,0.5062338882175474,0.6277659641363655,0.568018946480113,0.5565923065893913,0.5914788439832855,0.4770619599980213,0.5176637303211569,0.5301645018772647,0.5910568343914544,0.5369880654123262,0.48818569034022335,0.5216366969417695,0.5458602420350082,0.5931721700562134,0.5586669972126925,0.5964322846168897,0.6004885835184522,0.5734874082563003,0.5459949834733024,0.5356963541049861,0.479695063394077,0.4877783298447852,0.5030150737212085,0.5191789684946154,0.4333069012216937,0.46026049561381066,0.6489034196224184,0.5786737998060766,0.5231250659050508,0.5678382842854297,0.6484607405080127,0.5048406705119856,0.6159543265940349,0.4956989826130508,0.5421577307897604,0.653585782656424,0.5701102757846137,0.637686922517683,0.523516759747351,0.6094939634491379,0.5793840409302138,0.504720583055962,0.5099386124292283,0.570773666681336,0.49084058480217163,0.5797511677080139,0.4424792398602864,0.535142571113172,0.5600822039998448,0.6590014796029376,0.5076428170485754,0.47240381474109217,0.5083480419872743,0.5040092624894563,0.5045072080177954,0.531360893204274,0.6276624457455013,0.521565243220822,0.5371949874543911,0.546084868335849,0.5320474409539432,0.4864143399156414,0.6389077864308685,0.4846650451515975,0.5468204418920205,0.6028948878312368,0.489145567385576,0.5376115183956445,0.5397854112616046,0.5855590391394704,0.5311034571498318,0.5019947595948996,0.5110306343436696,0.5243588322828648,0.5854178492726828,0.5408975284323987,0.5258525065419252,0.5507207613379613,0.6679293374362897,0.5695885205485915,0.4813178116522212,0.5501066396005104,0.5733833333588757,0.640070018766395,0.6199232531841574,0.5373557939747536,0.6025916171625334,0.5859580865087732,0.6503716658378268,0.5699200735965202,0.5719436613347905,0.6403039102006445,0.4472614480015877,0.5953164114529308,0.46855888931843415,0.6161370661340926,0.5210354420824015,0.6454038555352347,0.5091725062039382,0.5372657453074526,0.5791835302063129,0.5847886832577757,0.481190428275513,0.5982551999531495,0.5267920297047318,0.4228429662984944,0.5914623173226626,0.49179777320051105,0.6674748808567326
0.5258907618815051,0.6264436206440089,0.6063127425251331,0.5780443208905263,0.4278211220885655,0.6104753190699274,0.5399140144225261,0.48592877611244606,0.4923792504331757,0.0,0.503541981145522,0.5336229316772492,0.6094003057582705,0.59944765313128,0.4340663880833594,0.5957413126789672,0.6434658481147396,0.5539026407529761,0.5509242044742314,0.5208257733797831,0.5889712556548836,0.5050775628643102,0.604384504994311,0.4917222093574892,0.6752289491464607,0.5147723592844313,0.5408523009365593,0.6089809464948466,0.6297450366116996,0.5314375072873296,0.4580800882981474,0.6552058106577325,0.5404618253547718,0.5764891694619279,0.4660586299550831,0.5271334389234437,0.5338214051060108,0.5622748423930447,0.4237536116212999,0.6333757225050647,0.5402629787344119,0.5841442069385503,0.47559900895280466,0.48255015084149555,0.5396401651977366,0.566614580012356,0.5518289410991954,0.46984613187618235,0.5791151457820174,0.4984438540514836,0.5535629092159879,0.5912244658537539,0.4885713954097766,0.533117415063183,0.524000496509726,0.6805220455703761,0.5563553254583056,0.5291392672035964,0.594516643951968,0.584266361397728,0.49960186798671485,0.5664045212530082,0.5055554016133696,0.5059771960971692,0.4600218012429176,0.527186753218253,0.558298471880629,0.5424075515368223,0.5320902959551278,0.4976687030331064,0.5052433362125717,0.517747931125512,0.5748373855121094,0.6087491321234791,0.5724325399154794,0.5399166406693561,0.5154056859843618,0.5741659443680198,0.5198664688459249,0.5705728449166648,0.6227784869490887,0.4951673557479604,0.6085796813986646,0.589928282016163,0.627578199193133,0.6034866157090433,0.4624905682021181,0.5312307807662388,0.6283769865856542,0.5399610659626168,0.5362606247436716,0.5401259065480947,0.5329732097152723,0.5301518581382744,0.6055274626233638,0.5528356665059226,0.45770964967264455,0.6502699526020943,0.48917667748642857,0.6359513192934687,0.500338137724014,0.4296712197912961,0.5382775802615545,0.6082702142879657,0.5411492103808706,0.6115806245871505,0.5777928199744838,0.6951001295796856,0.5966859076951825,0.5784139256609226,0.5358526478675973,0.5197770199682699,0.6224942435671802,0.5786983477827727,0.552311631134548,0.6295558788629936,0.628094023583861,0.501895324871246,0.664098552499737,0.6028578840419889,0.46243157489216946,0.4817502074285196,0.5864567277494923,0.5896225735681168,0.46306068687325785,0.5734270291281234,0.615109631096321,0.4729011202750003,0.7082597138280549,0.520633477135071,0.6415111579503092,0.5834849660528932,0.5227653656043117,0.4903509576706722,0.450444695806767,0.41355105086024113,0.5224355761010958,0.4719008596001805,0.5625633557468692,0.5212652587655662,0.5237691480981305,0.6244935213696711,0.6035567102448791,0.5451919854067396,0.5452178639092153,0.5305802844448387,0.47087703972655504,0.6136960444601085,0.689107525487083,0.5420489120482312,0.4637540320257194,0.5789145875764471,0.4786829751538658,0.6447800221491335,0.6345020676620718,0.5104733075997412,0.5699107637498878,0.6328489632385614,0.5162858378400094,0.6511772269007846,0.5944682063287215,0.5722253798525347,0.6107346720938376,0.49094357208382805
0.5846529007798963,0.5426468510964173,0.6107765366629715,0.5984927680281776,0.5424581518613754,0.5316844840871734,0.5274135397562898,0.5195564360819491,0.6152638157500135,0.503541981145522,0.0,0.6236950272265709,0.5676431629289945,0.559023117690483,0.48692169015603626,0.6430914932441626,0.5634388041700941,0.5467422678350202,0.5686341187554812,0.5720543343604914,0.5970279327077499,0.6958325152985799,0.5502837900368072,0.5289172676397307,0.5995001364666867,0.5598145191499825,0.5903290553828042,0.5469197312648584,0.5399866730439306,0.6115843979247396,0.5172715806563047,0.5632241293054354,0.5441726295631584,0.5215562927094907,0.5323346074689168,0.5964831138126488,0.6173477889277039,0.6529628460110367,0.5283521647907996,0.5524548652150115,0.5193052391256029,0.5736216882528302,0.5300263277543262,0.5463452391955366,0.5663119047294466,0.47907070917883354,0.45238637620292715,0.5989035743860446,0.5848946662215885,0.5583223129214712,0.5730852230984321,0.5304395193885346,0.4212130703147139,0.5857721730405102,0.6255050165988103,0.5001867666977086,0.5714241347303236,0.6837320699707988,0.5058715067101214,0.545892575259263,0.5087054372407532,0.49132184289149367,0.5239250675448468,0.5339257870359515,0.4562611208025293,0.46098728685400603,0.5516134157972516,0.5439838416416107,0.5770771600051108,0.5876234809109528,0.557287996692498,0.5032049603164647,0.5961785248556221,0.5953800609175044,0.5435462031494216,0.42959975420147056,0.5729044484124646,0.5533069771074213,0.4888078652902827,0.4450683511883501,0.45172097331873073,0.5734075118510976,0.5691122091275852,0.5249413685041039,0.563781076529447,0.6075566236382234,0.546261465480832,0.5367837331271446,0.47374813950921374,0.5477496864266164,0.6846394920011354,0.5102903216409399,0.580603467878966,0.4741539935768992,0.5758296463559831,0.5741489435788325,0.47040562631148425,0.5025235411790384,0.5052724443202605,0.48709259535103555,0.5264061377322053,0.47459663991495776,0.5226328751153749,0.5187496342532371,0.5678337138315321,0.5195904649075602,0.48459645789252453,0.5329542156426836,0.47696246156518834,0.5314368472609331,0.5754343174807748,0.5947696642481658,0.5482112353740526,0.5720314945415639,0.49967978979534144,0.5588654746336733,0.4494195556013604,0.6003128720730795,0.5382834947744962,0.5495730484303978,0.5585285613133191,0.5046291146061458,0.531442760402705,0.5338717177180783,0.4938668589998933,0.5397024527187436,0.5088135325852371,0.5567366588334188,0.5453889423907776,0.5163146119327203,0.5241263780166366,0.581478289021796,0.5804552977975919,0.6140715860028731,0.5548154587302059,0.41743236895783753,0.49739223696917045,0.5128334079287906,0.6322456659396078,0.5620720383991131,0.48413805169612695,0.6175218316921466,0.5448823540093848,0.6250033677378971,0.5855647750398267,0.5543646170189503,0.599437152327814,0.441770058966571,0.5679021980799949,0.49122821313580317,0.5659293906079985,0.4598161529589733,0.6402434419910983,0.5221931463863885,0.5576549037953189,0.567824964059299,0.640927427562901,0.5259693369619602,0.5349176042325898,0.5577123495097738,0.4043909697111736,0.5137845473199729,0.47803121334921833,0.6692832953662172
0.5519575991646634,0.594892676647059,0.5812113884621304,0.6532911664912865,0.523404275361051,0.5474030091994573,0.6088320102356547,0.5210603117511723,0.5669256971304655,0.5336229316772492,0.6236950272265709,0.0,0.5388605502794982,0.5310747898028172,0.5252726006052523,0.590078765317927,0.5396243706902636,0.5127946471081483,0.6369973738258683,0.5693532058606136,0.6981575140222965,0.6097039431765199,0.5863680159019499,0.6184410369554131,0.6575383873453864,0.6190349820005716,0.5200429642175225,0.5054626290618559,0.5560939454620828,0.5432803951811598,0.580707901047423,0.5778968564751237,0.6115191658792916,0.6423963150735222,0.5297779421704361,0.6793412798382381,0.6313054584703501,0.6116834125233619,0.6164442628254844,0.5971809728447834,0.601353710332821,0.5543170708570959,0.5521834252094413,0.6253776190952499,0.6320876525568956,0.528540139051953,0.4909436384917386,0.6223916003216791,0.6266856053402564,0.5685161704201972,0.6355774354848658,0.5769186404799401,0.43414682069104055,0.6917593429186013,0.6968503592266104,0.5552884165607785,0.6005131245887358,0.6256719001214381,0.5324479806455682,0.5881192277932542,0.5143647861776149,0.5232657259319762,0.5115928609637107,0.5423297615495642,0.487312386035041,0.49601877505207487,0.6177315832059793,0.5628752824196668,0.48920786660565235,0.5303062642422307,0.5941004811179679,0.5274550078495833,0.5614083518841709,0.6156772428129427,0.5037241717706871,0.4614856112296278,0.5961849479777075,0.621995430564769,0.5404668157294136,0.48488804656388057,0.4854116428021389,0.6384697348279277,0.6147920888415324,0.5129279987790845,0.6278873871467933,0.6438901623099029,0.5330128898248536,0.549119987181419,0.5009077969382597,0.673023884167445,0.6119560261742579,0.617263537409099,0.5916293927508927,0.5108132659539129,0.605074942395011,0.6659341737864569,0.5123984550768781,0.597011428403311,0.5331463831095846,0.5362303171576035,0.5833529933940984,0.49276851568108887,0.6149935734658373,0.6121823985588745,0.5703832201705435,0.5649739023899927,0.5377725318042389,0.5384263662950566,0.5327447145833472,0.6283738231519287,0.7351037908955805,0.656897911931716,0.5636269836112244,0.5474770473314605,0.5191451911289297,0.5444276634985776,0.480191110919585,0.5985928060992411,0.5669137105562067,0.5349197068760325,0.5689730921356451,0.5201721299207321,0.5737717563013711,0.6190672161107291,0.5066475013181413,0.6212857938380675,0.5424922083967969,0.627075324304141,0.6212572012052112,0.543664305039708,0.5027351506635994,0.5727317375012374,0.554057616220291,0.6387657672320152,0.616338494960261,0.4360153841217976,0.5353626034912302,0.552057945785047,0.6422889279939753,0.6524257866987114,0.5028092649607928,0.6208153207878558,0.6136331926309202,0.6629188778115093,0.6935120683436566,0.6097549201045595,0.6602771037672943,0.4840795770748237,0.6153190564042412,0.4852914458481797,0.6132067852734452,0.4861880568846314,0.5786364587799518,0.5969037056799583,0.6936412598968488,0.6261071046966384,0.6057387761747357,0.5926471326970829,0.5531269966141841,0.5706508501539166,0.4313668734997044,0.5416986878000747,0.556753119756965,0.6214072646277865
