0,1,2,3,4,5,6,7,8,9,10,11,12,13,14,15,16,17,18,19,20,21,22,23,24,25,26,27,28,29,30,31,32,33,34,35,36,37,38,39,40,41,42,43,44,45,46,47,48,49,50,51,52,53,54,55,56,57,58,59,60,61,62,63,64,65,66,67,68,69,70,71,72,73,74,75,76,77,78,79,80,81,82,83,84,85,86,87,88,89,90,91,92,93,94,95,96,97,98,99,100,101,102,103,104,105,106,107,108,109,110,111,112,113,114,115,116,117,118,119,120,121,122,123,124,125,126,127,128,129,130,131,132,133,134,135,136,137,138,139,140,141,142,143,144,145,146,147,148,149,150,151,152,153,154,155,156,157,158,159,160,161,162,163
0.0,0.3180975162143343,0.29764503605300874,0.27598281410309117,0.2941068635749782,0.30572918195586096,0.26341127982018686,0.3211913592308721,0.34788131098709885,0.30579856828815494,0.377031376474028,0.27881432833681663,0.4602402914352763,0.31092765258613525,0.3098173030973477,0.3587143338752647,0.35569021356470043,0.46299772793945154,0.28354433374976684,0.42194155067334765,0.3366956469518729,0.310610168766525,0.2669918505541884,0.33468981263685915,0.3899112922693607,0.2879924631805216,0.26462221590679313,0.31189765512520384,0.27761120245117404,0.27896707978586466,0.3285102960620089,0.362458556366918,0.26668849566536684,0.25890880252509824,0.4497141135913617,0.29376914992831454,0.3905027328487216,0.3476576374662398,0.2468833927135854,0.39886235255379815,0.2814973796539099,0.3315177728284774,0.3410866192999285,0.36346573385255326,0.33611520055770194,0.3587430661083152,0.28242314806210056,0.3552038621960848,0.36017287772383316,0.35616916731294873,0.3586491942805887,0.32952724712714254,0.26698556856879546,0.27924238423195485,0.30794420536841083,0.32903934959109404,0.42577770862902076,0.3056046758310282,0.3436940824047328,0.3396064381389892,0.3106854844404955,0.2490988994966286,0.36121791611444787,0.2667661470140458,0.30634329392800097,0.3659088049486846,0.3380699539556832,0.32280867141777964,0.2835305928180127,0.34876270072439397,0.40187347966702647,0.34776521681754496,0.38202202611883246,0.35812799789159105,0.3363236292575763,0.3397737268487761,0.2692283505969411,0.27876415995101655,0.2957594054959384,0.2742743393423133,0.32478360695351316,0.3107294931255377,0.32956943473240197,0.34572879106619003,0.3649306665860336,0.3670647017562386,0.3411440688426289,0.329815504840138,0.35124091228407345,0.30639040424637043,0.354422536097448,0.2819780038048529,0.35396038895768955,0.36543480468314177,0.3385433409290975,0.2719718280511282,0.23014678290441146,0.28177137746540626,0.26186344901552866,0.376347269266354,0.30709813324123586,0.2802468941223576,0.27304574930784165,0.23907125524115325,0.4029420959268078,0.3226529222260365,0.3029319016094104,0.3228845762554184,0.3423800054942722,0.33719999714460863,0.30762456892930223,0.35794247334843166,0.3475751055968064,0.27338652667869423,0.3619615090863142,0.3772340184890232,0.3687732043855212,0.3069613445222595,0.2918404495918607,0.26481698482061866,0.33820015806676157,0.24003232133208208,0.3281206574881565,0.3791150850506294,0.31797923863693556,0.2980658306487478,0.2471010143052413,0.27567647953052665,0.2849011382888292,0.32712746046461544,0.2897661322302158,0.29655591630096145,0.2920673321542766,0.3053456853758403,0.3077776668163177,0.31192924364868785,0.33887345587273493,0.35614440935303004,0.3122027213623887,0.3158142993621012,0.275325492351543,0.30819209778426,0.323074696354313,0.27327601419558495,0.340881341414493,0.2884211744878847,0.2907167726961051,0.25782153642276917,0.33581590283010837,0.210791215467813,0.4403277729484984,0.294421890580298,0.29742103747381754,0.2543512071743879,0.30725338228729854,0.36623314707690097,0.29940197705359645,0.3390438499206346,0.3358749842320968,0.32894961814836854,0.2679966841421388,0.4088328763944394,0.23252015139398435,0.45389937986879497
0.3180975162143343,0.0,0.34621261887140403,0.3320550827378918,0.2795973440573168,0.4395009354593441,0.28080908204440996,0.37622470448008155,0.317870889697511,0.3843148839358188,0.3314816116643299,0.3291003061967341,0.31495602105532433,0.3474376542354945,0.3421768601901254,0.31237200761540856,0.3277036439458264,0.29251410771667696,0.31484700730334914,0.3212677276036353,0.35973191081131517,0.41323175467667794,0.23705921330667648,0.31669369973278166,0.3446180932872764,0.25437905497317836,0.23608892072256282,0.291745380751375,0.3992905342721813,0.24741337172465838,0.3656875894767197,0.3447093407454852,0.37204385976375254,0.24777905791949623,0.3452714322891821,0.32861098312147113,0.2933381964694729,0.3126901141545823,0.3309856698182991,0.34232517513628785,0.34953167263982154,0.35448334582212,0.2574066083044879,0.3336153019804007,0.3401731128512301,0.27511449845475855,0.26112662537683046,0.2945523541569562,0.29391164871305386,0.31572805671098764,0.35786905246529416,0.3238148449315965,0.33616427483115496,0.42144365370735676,0.35631732036021085,0.3628584388361091,0.3440652631590629,0.3086513321016223,0.3526113553246043,0.3304658853001931,0.3923359213440196,0.24594113738141618,0.3209439154940084,0.2453484200668682,0.3069952785880032,0.3077472610938942,0.3194509325729046,0.28577286709800015,0.2431686116229828,0.34472369381728935,0.3514932650665861,0.3178644545999093,0.29921524529284416,0.36667061531808726,0.3788372310406334,0.2777945744507538,0.28841362055399034,0.33274683199182664,0.2571665264553815,0.26862477184581246,0.3322383389356976,0.33423220698511147,0.40676914240513967,0.29378231262117477,0.3163634945181286,0.37215215479048896,0.29914885060670715,0.27691441057190036,0.2840355526977107,0.3363351421065755,0.2813333380943618,0.3187033482520133,0.3533254490546511,0.32587716474170697,0.36271382902178073,0.3441813611039018,0.3015754202523207,0.2939516389220172,0.261136479553438,0.341368666225531,0.31302957023718797,0.26647068706638743,0.2283505109851052,0.2601679722715287,0.3272547890053062,0.2726138674805855,0.29555663899945034,0.32297055310706535,0.3095781470835698,0.34666306435797417,0.3175804583981598,0.27755180330340146,0.3344631632388513,0.2830108117843353,0.3219476609356979,0.3806727491854994,0.3314969965046113,0.2491452770641075,0.3204404165733219,0.27848454699164926,0.3110783416432657,0.2699228522233582,0.28579357486286067,0.39980914840511655,0.31065322013865565,0.3844410734693524,0.2940566808744504,0.3115264710909732,0.35407524521802497,0.29258105112420507,0.324488507425337,0.34972385197310785,0.26769808234647124,0.3850724714855242,0.31823547715946826,0.29963646817994255,0.27155549769172277,0.3172625567776678,0.2924426373390252,0.28857559529211063,0.3110044286466581,0.35772743876651775,0.40038640564599093,0.31926260354481634,0.3421800738940339,0.24177531351004009,0.36597749134872337,0.2992399066112669,0.3530344119419056,0.22472366396990717,0.31907551325250477,0.35746790655894056,0.2681076923004987,0.293943126592122,0.31391663339085674,0.33745324882196254,0.2842208539408447,0.36376669357513325,0.31239196693213533,0.2979775745410788,0.29182808121270853,0.3763396305094057,0.2571285058024542,0.3354513788232497
0.29764503605300874,0.34621261887140403,0.0,0.2964910234336355,0.28585829196467993,0.3164022627199053,0.23708608261513722,0.36587489195776235,0.2991948506840039,0.37970029992771087,0.32516724316172385,0.29540698768559187,0.32307956890293665,0.28537616010661,0.2781722980583022,0.35963517227505704,0.36756008412341695,0.31469191451942097,0.2654128380437035,0.27036662385370236,0.3796013351700705,0.411321069335532,0.22715630023956612,0.2741382107619654,0.299532155453952,0.2764713255041203,0.2503465528388907,0.28246305279016626,0.2773230321438221,0.2577564504018554,0.2751889014048343,0.3385465538156925,0.26991979076578443,0.23045770049505754,0.2744415145472853,0.31567094867879975,0.2793455837286019,0.32177647080551997,0.2666949895253943,0.33418410601968335,0.29429032768208313,0.3711007667384725,0.2730176908197026,0.28308133201038266,0.31781020192108367,0.2737440734818444,0.26397618015605123,0.2801965049530028,0.282990283545716,0.31261144005086644,0.32683826237320873,0.3196142132645087,0.24184810219456046,0.329897561346115,0.3118408291994641,0.28943887101443266,0.3040693595785757,0.32131833656130926,0.31798203073812004,0.28937689710231707,0.30059190010430037,0.24169971686770647,0.35708608963966615,0.26187975577953815,0.2750612237468631,0.29775983590099947,0.2760006264983104,0.28274183322279595,0.2982955711343719,0.3413519935664809,0.3331389029585371,0.2646248045214403,0.32678071944067827,0.4388575305681783,0.39234942600203976,0.22336485547915927,0.298420180362734,0.2753677095721229,0.24360989518998027,0.21076921737372364,0.303899553532669,0.31345869891985617,0.3058993420728918,0.29074676179136966,0.31091360424972975,0.36505331620369125,0.2667717657275188,0.2493709216392505,0.26929224068090757,0.2598844295126125,0.3060629166857489,0.24464367954903155,0.2986293279064552,0.24784764084047625,0.33248282879824226,0.2654370738765832,0.25840558797211294,0.2887527943126537,0.24108524829316283,0.31209048476924844,0.2253799571769448,0.2960472424813562,0.23288473096485948,0.2659875859428995,0.32508898448622514,0.29964635294237385,0.30679020831925397,0.2912106103434924,0.28422632934390313,0.3099622925601617,0.28639579529966663,0.27939870052006793,0.28962496848932656,0.26997796368095867,0.2661812480366185,0.35215283713537543,0.2592988606251845,0.29253254812846324,0.32678295354053216,0.2755260609545255,0.29216930867927865,0.24697465873545238,0.24947524791800305,0.3003037870631813,0.23123686129715199,0.30327055393477576,0.2823839936852609,0.2845705841012322,0.3364013365131277,0.29557961935429605,0.3227327918616969,0.4487650945384525,0.22076309095737148,0.2706858286019383,0.29522319971628347,0.24356600583826585,0.22080501882855558,0.27110346066000274,0.296339394348171,0.2688379144716895,0.23700535859766664,0.3042992100894952,0.3034468910264337,0.3259975442860699,0.29382929341501834,0.228185894981141,0.34550634542459263,0.26138546669766166,0.34341046115550683,0.24150032288007098,0.26267825612774237,0.24151341305420929,0.27584671822418466,0.3212832089186472,0.30452406158181206,0.2819945507322943,0.27081172347465093,0.3334094431394843,0.21904415455999038,0.2780545130614391,0.3069933231339584,0.248974799147071,0.251635086317742,0.3112942785188433
0.27598281410309117,0.3320550827378918,0.2964910234336355,0.0,0.28987401486111314,0.30827383580705,0.34020239142354974,0.32594539105603804,0.27366429751119586,0.3028216054078097,0.2928167044626612,0.3414043122516691,0.2760022682707405,0.2611991659326435,0.3539379377037562,0.27269719843772455,0.3040432225511864,0.28480273257245287,0.29743443315157997,0.2508034438481095,0.3523257098141329,0.3026279040061798,0.26256375845906194,0.279109471341026,0.30201385754632665,0.2665539298038942,0.2744434052044458,0.2617063860696957,0.2618605811877205,0.24043853737777937,0.3120712220892122,0.2808468298629744,0.4244918795051057,0.26184464694505943,0.27861075848973876,0.3055395388557119,0.2827231248745525,0.27682297007484924,0.3113804390412052,0.3563546106511727,0.3056897551813188,0.3318729487325663,0.25989047371624746,0.31531418989096655,0.2950011075201492,0.2985004063885442,0.22445116118016958,0.25608604255030165,0.2860367794840165,0.2882467350165236,0.4009865501051421,0.3214657154372651,0.27961630630089696,0.39978054468873786,0.3343493908875786,0.2829002575598101,0.32828066052555616,0.33495744893458484,0.3123981733559242,0.3180680457909038,0.3165485443375314,0.2422034579272712,0.3178124904475792,0.22354850851036615,0.3059017828786637,0.29061606998556494,0.32641479978170956,0.24704146664379817,0.23626786329849314,0.2994566770684401,0.29520924490968964,0.2648800629191295,0.28480473771864695,0.4170414601258251,0.3031110845624347,0.22935581787483914,0.3391847392680548,0.343821947831781,0.24556666114896034,0.21619147250936738,0.2610688625547201,0.37484118619565004,0.2953048574382227,0.2342636265264947,0.34794390192012364,0.29147694755594983,0.29612404662698355,0.2942211359583991,0.2907730485935291,0.27773533032743014,0.3195370348581673,0.3321408353884376,0.29362051427951613,0.26293650709989225,0.3446505903751837,0.2798078765612093,0.24504153175355914,0.29482448913777437,0.2519002620727726,0.3279589502143309,0.25415243220371303,0.3056977155578673,0.30443325880399313,0.26786632392355175,0.30860059559084624,0.2755749679330071,0.3067698634008203,0.26110768414684504,0.2924838333041312,0.28318887752078853,0.3507357119739468,0.29337415681050316,0.30828788047794786,0.3062281011094854,0.28185685017438344,0.3061415576224064,0.2829504597331282,0.23565820890602177,0.3009972929030281,0.2854069633778935,0.29030315570595966,0.2987255279689061,0.24277974586041234,0.33895161601747303,0.2327620758667297,0.2881967092017032,0.29062858899307953,0.31572254237796826,0.28889414140398706,0.2822593856006326,0.2574329530902615,0.31797575246458737,0.25393949318099285,0.3037196684585624,0.26805280653653984,0.22907431396106084,0.20386057936229418,0.299807935092411,0.2759423001358661,0.29929710710804175,0.3023367719312306,0.27358618706822313,0.3999160279288725,0.31008026630223817,0.2769382061562413,0.2622886660871212,0.34049975760978646,0.27142241385374666,0.2510560252178312,0.19843532375074796,0.31265866739781556,0.29902241801468565,0.28762265517696844,0.27018534881355827,0.33978820159327244,0.29963609435722927,0.2582746361661325,0.33993458269227994,0.3283215651536764,0.29013137439678865,0.2580218428396633,0.26840574392776667,0.270665648525242,0.3086681766906589
0.2941068635749782,0.2795973440573168,0.28585829196467993,0.28987401486111314,0.0,0.23502416941181303,0.33468585409296164,0.27522061858973235,0.3133286715644696,0.3018430804791739,0.30266495336066085,0.2658838228289515,0.25712248241832353,0.2910243856419175,0.3305610710622202,0.2833707527440175,0.284586667711996,0.3292187892926171,0.23264175939560638,0.2390824169479826,0.3045630882473367,0.306507717211942,0.31588723024214393,0.25571210207464656,0.2812429464907851,0.26663598461690646,0.30602623730580936,0.22747587940529956,0.2545433189463276,0.31179226301804647,0.3235862838274118,0.2606500056356896,0.2685848263627286,0.2232167556854582,0.34271887695016623,0.3432396778885129,0.27806971759725774,0.3097232888560026,0.2829988966760228,0.2975124719164307,0.2955907252656834,0.3738544321128511,0.29870601928391244,0.3228203044004636,0.25794062064111356,0.25883150381891507,0.28576869203196015,0.28796216759417204,0.3131896117058916,0.3217151769026862,0.3325848271984854,0.24467049463493135,0.26236930056762214,0.2726271866449152,0.3093100570810725,0.27543036192314924,0.26288218388285894,0.34917838720103817,0.3025581844102284,0.2815856481845324,0.22098389202859975,0.25559806476177555,0.2700430674703598,0.2951773093415155,0.29056283785020104,0.2269961163024242,0.2636985321456364,0.26140729188541345,0.26998963082005095,0.31929058558610823,0.29149859541713646,0.2958741985509583,0.26803846260301833,0.29790722016934124,0.2630804400573436,0.22247875775717388,0.27311085674445074,0.3809486632537652,0.23691259955349922,0.21124864879624275,0.2642909187790717,0.3131058303158705,0.311318284515898,0.22559555586546906,0.3024830512139509,0.27051215512711696,0.27530383370721173,0.30577265211978616,0.250706214045426,0.25685950339746194,0.4680363298283304,0.3387883577045174,0.3802613437715441,0.21436212331960877,0.32890378281567234,0.2555479162610653,0.2042200909747297,0.2545915390628526,0.3108513467013852,0.25182399744422307,0.2553124711900866,0.2715620642018368,0.30172880457825196,0.24855395871159291,0.3094637074064603,0.2626081412978535,0.2525716199412124,0.2915305105066869,0.32227541198304493,0.24941128572356724,0.2717499981846568,0.3568242721946153,0.2552578339113069,0.3320486117822634,0.2616064860267235,0.2773149751226133,0.24900673388124894,0.27744740969721043,0.2356569588655365,0.3011272693188474,0.37822011098263153,0.28255975031685293,0.2242580372070493,0.3132223891313229,0.2706062481738734,0.250620123103533,0.26730850920158206,0.30099567563590435,0.2492161717917795,0.29601137343865924,0.29284605464327995,0.27577132435366325,0.22076583656767146,0.28409527204050017,0.24707998266551787,0.26830291386084193,0.2205097640642912,0.35330635656328546,0.28555208945581373,0.34626975433610274,0.23407547368054124,0.3116321888353656,0.31859553913012106,0.33819078729904933,0.31232883411485185,0.2746466049441931,0.32694802038175647,0.26870640451752764,0.26813388333065324,0.22818809859426703,0.27005653770415694,0.2795845735399554,0.2959733368616134,0.32444935459911706,0.2996013141171464,0.2935844105633636,0.21711064166262056,0.31349858032590133,0.2641028833417049,0.26882746609858515,0.255930136500462,0.27477538716559224,0.2875191319573865,0.34573680518554484
0.30572918195586096,0.4395009354593441,0.3164022627199053,0.30827383580705,0.23502416941181303,0.0,0.23857128881371353,0.3355864062436364,0.281601124799027,0.3027449393618565,0.31940039978360524,0.3006725493496226,0.35362339180921964,0.2671922827189255,0.2958052098764926,0.2972193466043451,0.2922401043701958,0.24033887137898613,0.28053882035274186,0.2966192598636513,0.31268479380524905,0.32667238544582344,0.192732856990016,0.2618617084489852,0.3088429943315149,0.232234275918218,0.20994575728878387,0.2604500063029923,0.3023471865383502,0.22460754084319126,0.3050001977569675,0.33390803959303483,0.34437989144751757,0.22410921809578582,0.2919115450564965,0.27417520669150575,0.29354600292120914,0.26741985014324954,0.26958271446416293,0.26305354712707907,0.2959826247991516,0.3135903023453775,0.2378542400183663,0.3336129045443759,0.2733077138117253,0.2431984289910045,0.22713958458929304,0.2937456260962725,0.2290601635788527,0.2824660534623371,0.303693401245978,0.32451420313805235,0.26283805934417015,0.35499336730230013,0.28870260517372637,0.3482218400880638,0.2899912141940712,0.3157861148005711,0.26126254258430176,0.2669565082902545,0.4312845065922458,0.24475040451066618,0.32328823924814926,0.2056219298638052,0.262084286412879,0.2788776764322927,0.3067293630834405,0.28919885547355484,0.2177200757578486,0.29775852631528504,0.31641242554727206,0.2437045932842176,0.3045085320248074,0.31927558595904415,0.3665976222904235,0.24608593444555832,0.2678983466197269,0.26499994903723045,0.23055111631999992,0.2920191583271161,0.35241428525366203,0.29027957592943116,0.31747144807337324,0.3144613883728078,0.280437290283523,0.3005015727227733,0.3266601001145835,0.24257627219510752,0.2709112482576841,0.3033493074142456,0.25910024431855355,0.291143694847228,0.28936600584589456,0.2788776483354746,0.2866987091876034,0.33394659317411757,0.27577531341898454,0.2829018804593561,0.22319176464874352,0.2992240586721708,0.26888325103951516,0.24681648474294415,0.2229502826923596,0.22987251290380512,0.3010404279279998,0.26926245551318684,0.2910656590736001,0.2794790003352363,0.24974480473193192,0.31930368244177704,0.2899666847853185,0.23776763969788184,0.3897956371381687,0.2662307848640938,0.27016835670367106,0.3188507359321733,0.290073761334071,0.21404406459597766,0.355467881751497,0.2600838989008893,0.25848054010330185,0.26877077025225965,0.2819724655275045,0.3224303329298454,0.29926702686683027,0.32392532846536026,0.2789866315871183,0.26146734421091244,0.3041346623853767,0.2460597727995668,0.295746817718168,0.3677437742879389,0.27703025952876054,0.318751510551927,0.3118588659078432,0.2691349776534089,0.25078585816340315,0.24619778412174442,0.23741795626789414,0.24661913511818898,0.3095338366467776,0.30877222723040926,0.2953238944339472,0.27875588404132934,0.29649872547462175,0.21951041619465742,0.32162034566915815,0.27558493347255536,0.2793405163517615,0.20964094670719227,0.28642823280718804,0.2902386425496823,0.2231851942311345,0.24281011885897427,0.3075603599201327,0.313528301491919,0.2789268531764097,0.3556364034405874,0.2929787768699324,0.27846821930236926,0.25564349560442134,0.3267638312613253,0.22982316948936046,0.2956364306972957
0.26341127982018686,0.28080908204440996,0.23708608261513722,0.34020239142354974,0.33468585409296164,0.23857128881371353,0.0,0.2505277722121515,0.26699402358765845,0.2902935753649465,0.27666789330112834,0.31453480889932617,0.25388321279757287,0.2836068543504928,0.3635277202434033,0.24751849382610544,0.2480769450819874,0.2819457150867768,0.2757163882162079,0.2158479958101727,0.27596897811960774,0.270153802667475,0.3247684736940235,0.2749574325338579,0.294370949212995,0.2657641691101956,0.2681746874805394,0.23302616244172883,0.27457817852433947,0.2751278347336025,0.31552351448709953,0.29230551528788185,0.3325266699242891,0.2692838859796101,0.27627830477260906,0.2824484116315312,0.290388440450979,0.2566490856372516,0.3005976387398959,0.3302120748038765,0.2900650811570998,0.2918635346703542,0.286183906254784,0.3236618282523665,0.27329797864372113,0.26752684812434885,0.270868295113926,0.26418298512326766,0.39312416819224966,0.25493904110492777,0.360684322719894,0.2448274610098546,0.24655740443015955,0.3156967654378802,0.374552015694495,0.28312141284979114,0.26462610669635045,0.2817784721119606,0.33670834914147746,0.2667991817436262,0.2315131819009313,0.24787599532502338,0.24026616597773728,0.25616745455734186,0.27132927585453837,0.22745486674304713,0.30341941982655457,0.2878764972560019,0.24196725286153528,0.26472434919048704,0.2920945892642294,0.26908678973543015,0.24242673171092974,0.31254000640604745,0.21860299483708742,0.2620273137329896,0.36662624978947866,0.3684901227980802,0.23151282755051805,0.23056654928262332,0.2575641182563703,0.31300636071164817,0.3133479856037455,0.2042158235712311,0.27651213847466444,0.24710325256051335,0.2556143530522666,0.31816912197206165,0.27350977565303247,0.2672379814646598,0.32824670320519483,0.4028751005774245,0.32764206423331316,0.24809033899658323,0.31957023243042465,0.30178996033786765,0.2132089684200084,0.27949299989225657,0.27991511961328897,0.29107482277789626,0.28637508654659877,0.30208884351566057,0.3190807143056979,0.25634684414269787,0.26671555015321846,0.2511681611412123,0.24063549980048543,0.24827818559030398,0.31524099738959177,0.25877200234952996,0.35816615709785793,0.2891135628860302,0.2601888975092707,0.2663754123838839,0.25229911870472016,0.24506014052312997,0.26331524362030356,0.2906549203558661,0.24747523209956382,0.25768000795367435,0.2872312259245433,0.26598366525781486,0.21377504643327053,0.35914617618244243,0.2491356846828058,0.298039081724729,0.24961344426933096,0.3157092431654053,0.24636177627930017,0.28624589714062354,0.23990771085563806,0.23189630353728347,0.22917796570944501,0.2578871866640224,0.22721484099979566,0.2594750763934411,0.22396953979262318,0.3200895183570272,0.26545737083709037,0.32143909896695255,0.28023945234904135,0.27354227149927557,0.3362635152216633,0.2859408946649201,0.2930559164627923,0.2940032607399366,0.29765743085122776,0.29307835922368114,0.24287587193278493,0.19072147358415062,0.2844323557668102,0.3228606809707644,0.25304126786894227,0.3122137023632592,0.3233548154791581,0.29433362116522405,0.24143747474635524,0.3269850614411715,0.3334381759410658,0.32460789435017057,0.26128169996239947,0.267762804483471,0.2878384733343314,0.2822254108875774
0.3211913592308721,0.37622470448008155,0.36587489195776235,0.32594539105603804,0.27522061858973235,0.3355864062436364,0.2505277722121515,0.0,0.33340501166107533,0.34017357373843876,0.3185449167976022,0.33614571027204976,0.3529925299275735,0.2831906306170329,0.32218052531562424,0.3674089583321576,0.37265566432757147,0.3205117495216562,0.3137101067885158,0.30343461993468235,0.40621606908026997,0.3027803394708317,0.24939474156244776,0.2755710817401032,0.3357305473376985,0.29017108047630813,0.28644015746848706,0.29938723966271474,0.26970952043584945,0.2847788588259146,0.38198850380424915,0.3637133680830412,0.33944964826436813,0.2632558671856533,0.31906674681869895,0.37335604762906804,0.3131661436601541,0.4004563192948574,0.3098375916464936,0.3722180920299249,0.35193031428165816,0.3298261034538602,0.32150694529410534,0.31656429524755086,0.3960807731862077,0.3316626933912061,0.2784466679431204,0.2901230818715225,0.3089614179013143,0.3469945445432206,0.3564267452656751,0.31901810983851187,0.27717913990624665,0.32434718991139944,0.3368498878860639,0.3161433021437436,0.35679169788397774,0.42701250419788106,0.3506569942270442,0.33519137414455935,0.3754657949416206,0.2608918282091635,0.38176320243047884,0.2717168397574716,0.28461816090085834,0.30841041490513516,0.3025298029922519,0.26719589740992455,0.3009762336255992,0.4385181746416403,0.3276134559731671,0.32287973896476346,0.31590216559789114,0.4185802089132261,0.4496603802440675,0.25681564459371614,0.3304101503020909,0.3117174814169554,0.3391654954955274,0.23666373631859425,0.3192413580440113,0.3234309106798593,0.35262230387622073,0.34928535273339617,0.4158893257456418,0.4470638426402944,0.37424551551984375,0.2990015960330549,0.3628189326210608,0.30549192089193167,0.3178935675671446,0.29797122098172857,0.337677162913976,0.28321611812248876,0.36197880839158525,0.2850220855789279,0.2924080850621007,0.32361242976106835,0.25434350310115905,0.37895818953401467,0.26345632109102873,0.37246409934080366,0.2726142413444397,0.28565741784719095,0.4165685503063958,0.35795995744470627,0.3600194261337317,0.33513253850812813,0.33746391522764524,0.2958373614741076,0.28840562581561724,0.3333219724644734,0.3304599389731861,0.33218811898470996,0.3500758597313545,0.3800291234350538,0.3432562854088908,0.2719725544887677,0.29425237556088063,0.2857554138833823,0.3370604308256125,0.3493553546709077,0.27433240823235655,0.3452728946025913,0.26424439570020586,0.3231418183998745,0.287624329658498,0.35832588278872135,0.36069079351031125,0.3216341583787064,0.37022438596890245,0.38665671799328366,0.27958063708948977,0.29213374838384043,0.30923810315402933,0.25339432027167386,0.264469594007417,0.33286874474567224,0.3217453428638008,0.3402582985702398,0.27519463353948603,0.3094666033648306,0.3474739241273439,0.32255469437623674,0.34808921686466937,0.27830818331009755,0.3736340165988191,0.31179154845031615,0.36060764568192477,0.2531223294052723,0.35155489872693985,0.3236729649253279,0.285641728466141,0.3105166875316118,0.4106511484723659,0.33419831070576494,0.26577558563605697,0.3799042983876963,0.2513346574351173,0.30043087442336625,0.29835734863246427,0.3220646940850083,0.2817004589361953,0.31773836600584066
0.34788131098709885,0.317870889697511,0.2991948506840039,0.27366429751119586,0.3133286715644696,0.281601124799027,0.26699402358765845,0.33340501166107533,0.0,0.27876185039118023,0.2846570781929365,0.256416932295096,0.28503962616740114,0.3704118318806294,0.3046563079695703,0.31256812472943646,0.2977510369550112,0.3477325635243746,0.24204381376535108,0.2886258599834696,0.2984595936210412,0.3915116985214279,0.22183074310267692,0.24421792389296107,0.27759460015198895,0.2671184806441765,0.27068979081585515,0.25468378396147245,0.2668296054912483,0.31007040743850933,0.3678632747408618,0.30658761272074153,0.2997437361007476,0.21679893024921457,0.33185470321369787,0.2903311150259108,0.2761342282559222,0.4108856183435464,0.29390599151092184,0.29957560624888346,0.2733712718846616,0.36130359687337804,0.2759867404717115,0.3081272951098799,0.29830715340762987,0.27216091023020106,0.2480572036759281,0.2577597986299561,0.281621612840405,0.308806564385723,0.3027285850917954,0.273886180688657,0.30543589430220064,0.290091293495836,0.2912892686675503,0.35305480882223295,0.31675454682172993,0.31615260988743377,0.300848422553788,0.26740027006244227,0.2745108356044542,0.2974151591154594,0.30213314023081717,0.27394565931212683,0.3155620114803945,0.2731266443254946,0.32394263169284643,0.316410196398276,0.2763522123846125,0.35332092108069174,0.4030109044825178,0.32524232506624207,0.33346773031925214,0.30647521705263026,0.35566737733280357,0.26060471819385406,0.27394346857890206,0.2765883172529557,0.28737956290859407,0.2551288275490138,0.30438564276036867,0.40299193706196706,0.3924771118909289,0.2814085265817432,0.34754123906565526,0.3759642250287891,0.3053176619848963,0.3231118491415799,0.2826947706476414,0.3911365266488042,0.3535830486754951,0.3424967896616564,0.3147171133004742,0.26581020391185717,0.4522601665949314,0.3113789262902865,0.30116055790899127,0.2738790452345226,0.3389995536419847,0.282511906667507,0.31848855811491406,0.2644208661245231,0.2633513411444013,0.23731699868123424,0.3747052604009604,0.28743582911177235,0.24814146408157103,0.2848972247908547,0.27889851985372266,0.23767223784479244,0.24037461588748193,0.35887875295883376,0.3137004947086812,0.376962802380578,0.30034441437578346,0.3258730731253814,0.285414148518313,0.2620764705858524,0.23008930908559955,0.3347857006056317,0.37389841972287763,0.3091542639268639,0.26106485261933376,0.3440484697255038,0.41245172058412716,0.27311397679918015,0.29944275949275423,0.28725183293547857,0.2617873043021636,0.32810151228844736,0.4121862772842123,0.3630516531048132,0.28865599671266867,0.4093481448671528,0.26977063744453356,0.3158562510603032,0.24829860551957686,0.3062028973580943,0.2918907745905182,0.3347104518858637,0.2823273858160666,0.34173042159865763,0.35433756701750857,0.37501533495315215,0.3268177756974403,0.2683668195821258,0.41635818471062197,0.2917318471020354,0.2994106029861562,0.2412251841911043,0.3319439532649578,0.3157991826660833,0.2742328395795395,0.27356214671977996,0.2979610168597803,0.35495747168784825,0.2473809753235478,0.3129972602815192,0.3091927286114625,0.3113357427778808,0.26070624621847843,0.34315877012490165,0.3297766929345424,0.3604156507880823
0.30579856828815494,0.3843148839358188,0.37970029992771087,0.3028216054078097,0.3018430804791739,0.3027449393618565,0.2902935753649465,0.34017357373843876,0.27876185039118023,0.0,0.2921071633777272,0.27632449662110153,0.3253186477580385,0.3180139348100708,0.30385701049946484,0.330545620477647,0.3186914173576282,0.33796480390040834,0.2641447393146263,0.2554026671387896,0.3093974915277764,0.29815858003912643,0.28282869101350855,0.25572282534265234,0.3918437438539397,0.2742309710450529,0.27145259411365164,0.2690934246038958,0.4087586967867477,0.26945958932106295,0.3488439346648568,0.3579692978713147,0.26854463650408505,0.2400925347882612,0.3102080661308286,0.2876122003425988,0.33016452571570953,0.3040423741155452,0.25024642262551366,0.33986270937311536,0.2605240220873105,0.33318671260242433,0.29652140997461374,0.29668986792962165,0.3079990376890308,0.27574994251267543,0.27118066175329586,0.29760033046458334,0.3534003980302985,0.2592570086336256,0.32788315836204335,0.2680948610128855,0.24531051460312944,0.3194700456099265,0.3642573220638969,0.3327001703586567,0.2836155349388507,0.28879894683607693,0.3582210970832556,0.27632068228513557,0.3041532119569637,0.24602053260545698,0.2802314417430842,0.24652831675422807,0.2640781014911111,0.2659634631626979,0.28201221354484274,0.29713510497154505,0.2878010164713545,0.38228024603228794,0.2975859784554835,0.3384395478489309,0.25970717755317635,0.36100453385086484,0.3050991172618177,0.2849741686258034,0.29047060275559566,0.37435598191048725,0.2444918196512976,0.26991022743797466,0.3235097352401521,0.278183858834661,0.38866567366320487,0.29197307698702546,0.3016031556194521,0.3077922470306199,0.3060541559376589,0.31847179015215815,0.33601674345757243,0.2568235209191865,0.29695537630450464,0.28021747159815674,0.3395874456211182,0.24365869453813457,0.3243926169135972,0.3182415182164016,0.21915457448941542,0.2876341149882118,0.266597952048457,0.332115140488334,0.2880229418923032,0.3006283442370678,0.25928499499106744,0.3034263630738045,0.29542259617028016,0.2792217437275155,0.2790534534400375,0.33736299952557197,0.3090456032770097,0.29097373193943465,0.27630833243503855,0.2715954773346249,0.30251758556532043,0.3171577607428291,0.28560005078667583,0.3187785395920593,0.3199456921587189,0.3329919055447292,0.28907128599726983,0.30319936157771327,0.28169879504298884,0.2797564770116586,0.2347718160319542,0.36437134723534764,0.25910925504268134,0.3891705644399042,0.25629883552137606,0.29353129094876734,0.3391624731127067,0.32057298566453246,0.3574716213431752,0.306197616607673,0.2700981436002589,0.25005480867515106,0.24989537570524462,0.2560139617087213,0.2629185089811424,0.3266794056231557,0.31140620311781086,0.3065976184514307,0.2927309621803842,0.34482252237502403,0.3212149160820576,0.26614448214732506,0.3273425355469969,0.2669462798318425,0.2678801893881169,0.34135125790912735,0.4105184466399033,0.22099673929801147,0.2720725079723863,0.35305139075185943,0.23802061878597508,0.31191884637283523,0.31825006324262983,0.3070803992292747,0.23882860014580007,0.3857990947326194,0.2910187937928276,0.3535681202885172,0.3752798537293835,0.3490970947985193,0.2846068476373703,0.28680787989843226
0.377031376474028,0.3314816116643299,0.32516724316172385,0.2928167044626612,0.30266495336066085,0.31940039978360524,0.27666789330112834,0.3185449167976022,0.2846570781929365,0.2921071633777272,0.0,0.3525621810077907,0.3640344162373026,0.2628318194561146,0.28951793790694436,0.3650275141460475,0.3225511249646264,0.30651622900202297,0.2893472840822759,0.30394153683624847,0.3178381968613885,0.3498373551036146,0.2667560339733651,0.3374667185842661,0.3783322907656567,0.2721766757066662,0.29962272020433295,0.31362722348728583,0.2981654500148321,0.2900565982518788,0.3059226195954313,0.33126704931800227,0.2622273552737586,0.2589825510578509,0.3220542399154252,0.3042105730907263,0.377555830984883,0.29751979216039287,0.3033223315360548,0.3263740532026056,0.2625141327474321,0.35553199056376356,0.26090078399593397,0.34335554469308327,0.3037706785795112,0.26045713783068897,0.21398477702131727,0.3804077259867058,0.3252650121601742,0.259490557196884,0.31820858647778316,0.2525641310134918,0.2226239103956443,0.31289162775879975,0.363432887621162,0.2717167586422721,0.31154772380597434,0.37206229627798737,0.2950939608173608,0.2751866938362977,0.3189842769321818,0.19557327792993975,0.29814767331978503,0.2385460687719624,0.22593548431929766,0.26111783278819134,0.32269109705505533,0.2680842670897075,0.25938867041798314,0.3462204064950647,0.2933748181656641,0.2514813040461155,0.3333507386425832,0.3422100078549966,0.3260745294171786,0.26171287815790145,0.3179385117253682,0.29843179141491344,0.22789666515459212,0.2376620606399365,0.2766468073381066,0.2603988106503092,0.2962670797799751,0.28189099820706875,0.2842643390794799,0.2999514888081895,0.3391160679063337,0.2479253471857497,0.2685516171415857,0.2909738322549602,0.32763437224210457,0.24136358121557314,0.3291724370259311,0.29089321359331427,0.28149480309735253,0.29144942894150744,0.21322059115933575,0.24906930511907677,0.2201962957026603,0.28006922600882767,0.2851670967994262,0.2918654800429983,0.2369037528483101,0.22822430718252715,0.290041805707641,0.24249253275659818,0.24944708649090097,0.31500281984814704,0.25865603436561413,0.3624850542973644,0.36329726199167817,0.2745056413255107,0.298846025056195,0.27858415833425115,0.2673123902153988,0.3184806261407401,0.2798369364656855,0.2868566280608934,0.298834583208062,0.25041991294983784,0.29027355262808396,0.2234619121434799,0.26747890728678664,0.34242827279264115,0.2570384920244903,0.32495392546076085,0.21007003292211315,0.3034487102968936,0.2839806215501668,0.24690086140777093,0.26772651140419024,0.2953598090484066,0.2886721548380677,0.2877515551262928,0.3479633167838481,0.24525025049937735,0.26670546895745106,0.27132427392828945,0.2987153678284301,0.28769962810849786,0.26490228660606174,0.2919001581466094,0.26403384149177933,0.272323292139132,0.3598285596654077,0.23914324699536127,0.283247700748565,0.23827265899494035,0.2900335656570451,0.22598895176183503,0.38485138797328455,0.25814502331939304,0.32817176802518677,0.25473662947753933,0.30192547421676713,0.34397292700124477,0.32167522238516216,0.34089033434697363,0.29331552791646337,0.2739956934658911,0.23229449064422836,0.31219344858913234,0.21536813740906838,0.4426936619555941
0.27881432833681663,0.3291003061967341,0.29540698768559187,0.3414043122516691,0.2658838228289515,0.3006725493496226,0.31453480889932617,0.33614571027204976,0.256416932295096,0.27632449662110153,0.3525621810077907,0.0,0.25767606949020777,0.21172162306718195,0.30162546060916534,0.3087496149453111,0.3127752409644666,0.26416242342705787,0.4044471459810912,0.27203538966267127,0.3739039592797007,0.276049905955763,0.2713508871579124,0.31333393597612624,0.3490193418116077,0.26685488602318796,0.2702084279366217,0.27002901622847986,0.2751594375844134,0.2820441744233033,0.32430466004040587,0.30506314022038117,0.31708836996173956,0.29484593201246173,0.27765920906456293,0.32517132666222887,0.28204813198419193,0.298968560062438,0.3873690167804605,0.327122081906636,0.3529566963907026,0.27620646474760907,0.28706964211880326,0.32352862214345585,0.3076127122901616,0.29620227728065696,0.2510793002902783,0.29946941667603816,0.31258507520997697,0.29572616193895906,0.3617510554790025,0.31457158544886465,0.24041741175426667,0.3617899040235422,0.40056779943824355,0.24249305745771996,0.3604058340309411,0.40180895924081167,0.27061267622916785,0.3085507230807036,0.263980308307562,0.20937543364163766,0.31325253880816323,0.24668699540370298,0.2496653522277027,0.27102600570804203,0.25173986793158043,0.21641559819962072,0.23389788526251581,0.2726709809804004,0.25607434799738016,0.24673356122107779,0.25487023709503986,0.3274873890141805,0.30284765252327,0.23603903866503567,0.2990739203442354,0.31908318877858277,0.26586567419305385,0.21275562442823628,0.24517831672075016,0.2942247118467174,0.2804764644462469,0.23776097648696712,0.332681333747544,0.31617819698833594,0.2592327671207719,0.2578494276014515,0.3068071457695398,0.26458802552135696,0.3023910678913627,0.29433569319662733,0.3223240607474958,0.28880337574656356,0.26829245762973286,0.2985936136038069,0.23165908890980447,0.30351065527812326,0.22556006353837976,0.29417521048247824,0.24098927521066407,0.30250933484247367,0.29636244579538845,0.3126604287448636,0.2920786060473633,0.27614717250732607,0.31567819566429306,0.2703273552766052,0.286323896312268,0.3201014416838479,0.43761512438567424,0.3177861335512035,0.24481621723362387,0.2791001329517306,0.28545915862132953,0.30641680557630824,0.29729267423405187,0.30515322768964637,0.3056841209860489,0.23332977364723279,0.2783616194421944,0.25742904756467194,0.24177577439685538,0.32089846953863144,0.2135292921522592,0.36472768921739057,0.23274509731860074,0.31850134710015554,0.3347181057043984,0.2498913173611573,0.24770998048999754,0.2805289852552659,0.22860404615419155,0.286188259285948,0.29366916077161304,0.21179887167782183,0.256943342334599,0.2972635819870554,0.2818703795692243,0.31768196978740604,0.23854632438023954,0.25356559561519104,0.30734419453495854,0.2875779078208789,0.3106001525446274,0.2879639676935958,0.33862096239417666,0.2558945863689194,0.3060169422665587,0.2370547712213574,0.3496774750768445,0.29098895391144985,0.31290478058120313,0.2662825839512724,0.4144941353608272,0.2593797665387569,0.253102811940465,0.325422446115551,0.2499168958649147,0.25891907070310727,0.2171020063991577,0.26545072276794746,0.236032284517455,0.3079782284524677
