0,1,2,3,4,5,6,7,8,9,10,11,12,13,14,15,16,17,18,19,20,21,22,23,24,25,26,27,28,29,30,31,32,33,34,35,36,37,38,39,40,41,42,43,44,45,46,47,48,49,50,51,52,53,54,55,56,57,58,59,60,61,62,63,64,65,66,67,68,69,70,71,72,73,74,75,76,77,78,79,80,81,82,83,84,85,86,87,88,89,90,91,92,93,94,95,96,97,98,99,100,101,102,103,104,105,106,107,108,109,110,111,112,113,114,115,116,117,118,119,120,121,122,123,124,125,126,127,128,129,130,131,132,133,134,135,136,137,138,139,140,141,142,143,144,145,146,147,148,149,150,151,152,153,154,155,156,157,158,159,160,161,162,163
0.0,0.9383470759331415,0.8358299609388291,0.7956095152894508,0.7180864119916548,0.9168308347510009,0.8075800194026965,0.8692438762276417,0.9031422420900692,0.9198082028269935,0.9329189101075184,0.8183966614384787,0.9617786515462597,0.8547771978105533,0.8551467125121878,0.9228800549335378,0.906669483552263,0.9269672753811381,0.8454775988618012,0.9703122101702145,0.91664555854695,0.9171465244745667,0.727533186379986,0.9296434224163358,0.9561402996706154,0.8376573418121372,0.7281467428608721,0.8850727748529341,0.9112144099928584,0.7644369849506172,0.912118559157104,0.9120264912152255,0.7986352954185704,0.8283912232811552,0.9354826393190036,0.68244499105615,0.9548923573373362,0.8611536110552405,0.81417897060563,0.9102146002692034,0.7153680293892452,0.8841972275005205,0.8680312386555122,0.9165294515056966,0.9148529965873433,0.8375519344986211,0.7187971435760406,0.9243024753505829,0.873160324514798,0.7711011955946108,0.8559001253584358,0.8545904110695504,0.7641841151394284,0.8850748442775742,0.8516625476465903,0.8562397558518935,0.914477349997433,0.794193699181842,0.9230007337410524,0.7614051796340963,0.9357157828411802,0.6384133005744902,0.8584934119676305,0.6738518689832377,0.8433481773215366,0.9073045116640851,0.9149714152806199,0.9112530390258929,0.8274450643533476,0.9405262453324517,0.9236968701714648,0.8666658127493786,0.886730449595136,0.9226342725856633,0.9021071322617893,0.9252197962934112,0.8239827579894493,0.8191013792277008,0.8482423081908949,0.9042290742535553,0.8516938457604029,0.8561553382170428,0.9425636869985031,0.8597184854488741,0.8882524570752592,0.8806421916734053,0.9118232636447499,0.8212721381653371,0.8582357859388795,0.8509442480918866,0.7783617062845304,0.7693563377861257,0.7929669176810745,0.9288796712923626,0.9280108068630314,0.8857777183225625,0.7709262141646647,0.7975251886206178,0.6665437647359763,0.8868577681845353,0.8883201345307277,0.8025930927070233,0.6900555499903069,0.7211768974094569,0.8218706036857552,0.8473788175299327,0.7807415129530946,0.921430392063348,0.8037331410932647,0.9287510713033366,0.8742724494923875,0.7720064923719115,0.9055959298537175,0.809037307104784,0.8620484257004811,0.9106308852028335,0.9242628834518547,0.8339746949397923,0.8481546883310724,0.7228983609470483,0.8418231172984137,0.6640857077252879,0.8923692432779036,0.9409211103130861,0.8878706826673817,0.9264504475278129,0.6553686468644717,0.7832232327019604,0.8423763270177,0.8482334765072003,0.8317050081155754,0.8504867201019616,0.9035583738124023,0.8480369012054793,0.9071228014183585,0.8675542235325363,0.9610602888190091,0.8703435355334264,0.9150225255272904,0.7770404397663276,0.8813257432237378,0.8450334770602902,0.8618985113730807,0.6894347968661335,0.9162266647174881,0.8540342627535934,0.7966113976535185,0.8128938316942089,0.9593496695058195,0.6034757800681091,0.952020083880933,0.874527230138991,0.7863946659981799,0.6904122794390629,0.8685807771824902,0.948162230560393,0.9269949928559027,0.9148584924704588,0.9251779734194375,0.8513937262540564,0.7916598646372588,0.9595152421343177,0.8768031098125404,0.9498063923843754
0.9383470759331415,0.0,0.8647320964907903,0.8260416013968512,0.7253931939914398,0.9393177687663327,0.7990944813313234,0.9129855939100514,0.9122489194501603,0.9186746635354275,0.8739801773357545,0.8499247321370408,0.9267737375349833,0.8980674613928452,0.8412103622149877,0.9069860618063124,0.9109006739943987,0.8610255696034276,0.8233363283176852,0.9242798705248175,0.9126362113372058,0.8957215757743524,0.7173001585972345,0.8926221593280279,0.9033651641242644,0.8575686534495143,0.7467195347760076,0.8523456751978147,0.9379445881996931,0.7561650413620942,0.922654504586857,0.8946518395608518,0.8729139646668747,0.8402894980748477,0.9385413061515407,0.7712279144550584,0.8928220052513813,0.8915676549739506,0.8207702333920759,0.9134074080902321,0.8006003397269369,0.8767226804089557,0.8052978124698117,0.9037781884659721,0.9509690528101937,0.8434432755378666,0.7866825339959476,0.8624458098089198,0.8223645845622696,0.804138454660868,0.8487067819283701,0.9083092666563228,0.7917537252992307,0.9197733066871151,0.8540030037049327,0.9030518689500484,0.8807036712004885,0.8335768099076184,0.8699639427890771,0.8125799506586999,0.9077947866306126,0.7054967930776493,0.8532447073633302,0.7336304379813363,0.7990481244249343,0.8554544868230124,0.8892434830728867,0.8504639886434566,0.7911922628197977,0.8772519381133614,0.9011553135298798,0.8751337366250204,0.8685077800381776,0.9032137463890705,0.922806163304058,0.8773613966963667,0.7883498551242307,0.8521775593268972,0.8661796913095615,0.8569483809363967,0.8359922160218181,0.873121443186592,0.9391038226109356,0.8749066360187808,0.9054486339999358,0.9439178936779385,0.8538365914054489,0.7983538929810367,0.8684834813615189,0.8946534167324459,0.8036630640419672,0.8561726713245356,0.8036644446978142,0.8879598433744446,0.936039269751922,0.9059583225054542,0.8107896626989283,0.8817679206344233,0.7327079219527471,0.9378150919749506,0.8832415656797157,0.7524098047092287,0.7116896469095655,0.7526611645250875,0.8659972004615377,0.8940946800138302,0.8054544783593883,0.9198704325942436,0.8462514517033544,0.8881912581884368,0.8523581657574665,0.806817114358421,0.8792032788851984,0.8173309427601795,0.8950518118794234,0.962364554215646,0.9134278936325931,0.7636038303269276,0.8614551076851187,0.8041535307883215,0.8511595944797026,0.7185670981020373,0.878371183853677,0.91614956460657,0.8510240082481698,0.9349428925101103,0.7461381262828699,0.851461313581401,0.9233388050882245,0.8512371433049827,0.8943634284976025,0.8610923119211187,0.8534261501261144,0.8931306662222688,0.853877028089336,0.8186081837597387,0.9310075010321613,0.9016238795896152,0.8940673878586236,0.7634230612360953,0.8624058017337649,0.8801284681138928,0.9121525433612432,0.7563668365054015,0.8961186349687358,0.8755932851028725,0.8582053018002317,0.8228970925991866,0.956449417774738,0.6767839637792874,0.8943640122192488,0.8651034038875874,0.7791243968603072,0.7653751475534857,0.8865060558696092,0.8770659773715516,0.8493793050144888,0.9245882263659057,0.9041808151620045,0.8173146406263986,0.7865861153570475,0.9299325898559633,0.9423119869979879,0.888498303100703
0.8358299609388291,0.8647320964907903,0.0,0.739985348541203,0.6940852922829682,0.8821801503494724,0.6649096680495459,0.8592364969150871,0.8430916008052077,0.8257531885900297,0.7890103350349047,0.7160585476293695,0.8435670048912518,0.7659426559827593,0.75796792106725,0.8049077429965185,0.8079669708447488,0.7978390256364417,0.69909161794373,0.8164403682775554,0.8804268033568601,0.9220621907309904,0.5977222084383703,0.8040713063524276,0.7987732054795998,0.8202160958856928,0.6289095396488849,0.719838923207707,0.7818121876797245,0.6495512283228955,0.7557922350896419,0.7414157553308696,0.7808196493384091,0.6664498804265403,0.7902997458783336,0.6686562471979942,0.8010524111023148,0.8029788266901418,0.6789616119938561,0.7834778261240587,0.7407271188126658,0.8761771399484692,0.7482195003085943,0.804690205383401,0.8119954389021354,0.7335282647173875,0.7521253866955439,0.8098717379999889,0.6782910965023329,0.7186260435451207,0.7303790537282553,0.8860239624885143,0.7018544251476638,0.8203050858795822,0.6931304845851094,0.8465160458434579,0.7509885025882019,0.7636913996916666,0.761750927299231,0.6608468910425833,0.8366285572148341,0.6254659872215792,0.8697099214696082,0.6503553597625408,0.7488681466014067,0.7953786728776512,0.7973290970963077,0.8756073655441535,0.8240677907981523,0.8536852459206943,0.8923814673467393,0.7080537047415405,0.8193597568637502,0.8155486742407374,0.862345862944789,0.7147799621068777,0.6772520818485511,0.715630424740668,0.785527135256133,0.7434995227167802,0.8596245506623128,0.8378232921665059,0.8554845112876998,0.8349204061365797,0.7680804423984089,0.9008292557699736,0.8040049618679518,0.662103345803876,0.7100640755843782,0.8108139051884744,0.7349472600888394,0.6998908883943736,0.6621380419763825,0.7356590468732193,0.8451148702863289,0.8367809287300422,0.7798728143347531,0.8117415690458142,0.6232551266465525,0.7743096338365589,0.705812856059033,0.680409179362409,0.6406566380903342,0.7346833412889986,0.7548811634261796,0.8296156073394716,0.7215578225935948,0.8571055873098291,0.7315628439076396,0.8260353419958502,0.7235103119032468,0.700348692573706,0.8307498292803875,0.6936861418453392,0.7700122307527154,0.857702920211762,0.7642442451775843,0.6506144205264295,0.8593937821237527,0.7149228578638372,0.738182255459199,0.683877752283892,0.8054770810831094,0.7754199066704446,0.7676743287602243,0.7862715052036918,0.66490564486771,0.7148754614878489,0.8052401959171056,0.7944728238490849,0.8313913722046317,0.9242220603484919,0.7280088610458857,0.7912419444480983,0.8158906344375592,0.7796826980086433,0.8044807176093032,0.7563606122298483,0.8155155463998064,0.6437419232862295,0.808415741675524,0.744773637310039,0.7512743711680674,0.7196620899921753,0.7901076664903346,0.7715135171855597,0.8577040700387858,0.7367564805673128,0.8810722487273347,0.6073888562261968,0.7603799093676575,0.7278736797974441,0.6889180349200944,0.7535368000438286,0.8227185103532253,0.8247917476634363,0.7481429740016933,0.8519534833584711,0.7628938738215076,0.6633764688370283,0.8001922268837142,0.7826891768893125,0.8559762090313024,0.8110224050290169
0.7956095152894508,0.8260416013968512,0.739985348541203,0.0,0.7693764951779235,0.7991523865624289,0.8848298776475545,0.8236369425286172,0.7368146226808262,0.8383126103239427,0.8390338280771009,0.9012612830600666,0.765490779247464,0.7172531958035591,0.8343819569420959,0.7902859364887459,0.8291712948186974,0.777565372042429,0.8779850794678961,0.7321527421870396,0.8614526517934552,0.7780305831184589,0.7993341381562274,0.8205204694968603,0.8477268891721834,0.7944445132045972,0.7734887699117847,0.841871165791155,0.8367522983002041,0.7514526272976338,0.8327649913956874,0.7986330157918436,0.913882249772536,0.8409830755398505,0.8043662686659919,0.738087808744393,0.775964155291061,0.7363435635424861,0.8155998457785293,0.8668520323635815,0.7971848491443446,0.7798223886212925,0.773119647662168,0.8487322973725409,0.8149418840127658,0.756259369960107,0.6530527865793347,0.7559794024528871,0.8271060736653031,0.7155452316722648,0.8782651810239491,0.8223425597193234,0.6998313064597321,0.9301232371827025,0.8754854452409839,0.7029184607224563,0.8024230743383076,0.897937591774222,0.7944143188236767,0.7429264523510761,0.7878954801346955,0.6032968492151155,0.779384678010873,0.6088636137900338,0.6984467254736955,0.7143409782144908,0.7591840645258618,0.697786936438491,0.7064362400235872,0.8325162568991842,0.7236878308735695,0.7173508877821521,0.747417286760221,0.866881958492686,0.784825525946844,0.7539879293159972,0.7964346685251013,0.8423657568534418,0.7641851449568121,0.7214908699371447,0.6832236958901945,0.82947410069921,0.788983927217062,0.6999596284417847,0.8464887466345209,0.747911062682563,0.7516062327244664,0.775557426910232,0.7853866648947665,0.7041046483559742,0.874429665969271,0.8402686960266853,0.804161601071536,0.7721752429563867,0.830018558798453,0.8102990963099981,0.6554778236400138,0.7936841773384207,0.6291300831742457,0.8414187145676498,0.7418481070673549,0.7728882121829173,0.8879528879575709,0.8283710346297896,0.7626553197615538,0.7277767139163829,0.7489420633781692,0.8183137709516646,0.7685063398891029,0.750096821960248,0.9074281675831176,0.7771393320902295,0.7454595086197344,0.7727131280551989,0.781683478242094,0.8373592394985091,0.81350259221213,0.7556026053797464,0.8284716636088914,0.710796122238389,0.7147152043849093,0.7791363142632488,0.7100740418372098,0.8545991172868376,0.6807425910832658,0.8762459573917656,0.6667809742816958,0.7490956019039053,0.8247834398048325,0.6832431409298924,0.7006005239657275,0.6950790405586366,0.7254820022819058,0.7781223770564836,0.7216134305385369,0.6407837728630594,0.7366915791932876,0.8206250473978849,0.8119019922171005,0.7790432247429055,0.8271863776679989,0.7059418470286402,0.8642381399460789,0.719559760701546,0.7606404802333336,0.8401028822428884,0.7285679917508164,0.741397329003568,0.7849022585305434,0.5754722654981337,0.8500175348267638,0.81853928808882,0.7832396624286462,0.6623700941301452,0.9304972465281551,0.739514958710165,0.7630758010492322,0.858213296428109,0.8768080302519843,0.8113267213650988,0.667891063735906,0.7857227827302699,0.7785550843491325,0.818935442606411
0.7180864119916548,0.7253931939914398,0.6940852922829682,0.7693764951779235,0.0,0.6491118414032508,0.8261533082646347,0.7086145933143133,0.7500482365273261,0.709733033547163,0.7389853877752849,0.8291908907016484,0.6540573622249471,0.6519292509567963,0.8393092282850744,0.726747276186613,0.7396399943534682,0.7495619377035811,0.7741613310968352,0.6821553320728284,0.7787718481037038,0.7616841126457916,0.7793124287121146,0.7538661564254047,0.7202446331103872,0.7001897382213439,0.7612965150750962,0.7073532928660684,0.7290832277885907,0.809475501944042,0.7841175002927512,0.7065354871962516,0.7678575053681981,0.7157676304849688,0.7370534163344492,0.7313598550972353,0.677905055135825,0.7195606068787084,0.818570802969702,0.771972074983383,0.7651268641078715,0.7226485937505446,0.7900987520581985,0.7456317499428413,0.7196155833800071,0.7099929267579617,0.7084999846108693,0.6697282332391626,0.7725745823412302,0.7716286587082875,0.806175899980235,0.7009356509892444,0.6719195535850174,0.7741938709680468,0.7790037993470503,0.6215390849910422,0.7507394142852032,0.8467037186003492,0.7289848050778551,0.7232035894577613,0.6287400513027259,0.5971849330957064,0.6867738760629495,0.649001882177309,0.7015881581222376,0.6213227381468382,0.6350053942153856,0.6503680932047934,0.7251018821500254,0.7175117099159822,0.683142428179753,0.6970845058683465,0.6255283190684428,0.7496157406451134,0.6794981193718735,0.657795081468283,0.7153966709761508,0.8266824527240534,0.6851655268629593,0.6093752347415545,0.5788841355712214,0.799109586143238,0.7564734460442665,0.5901705203061208,0.735348705785521,0.6914072722866565,0.6262043985378124,0.7646763928995275,0.6810604507930438,0.6414103200327572,0.9130780882650872,0.7789842921079422,0.8167732223221877,0.6742130626823823,0.7397100407391025,0.7074410398339727,0.5973209145536728,0.6621305238144244,0.6434581044873543,0.6864327712008823,0.6676852535390363,0.7036570573770858,0.7715902899614915,0.7394223836592216,0.7090587718089751,0.6921043522468905,0.6673607696603635,0.6926032689724422,0.7447191553162872,0.652407700159892,0.7656318981298251,0.8114400981676034,0.6008827483918536,0.7056784648684925,0.6886753703917847,0.7379610814420299,0.68083099621972,0.7742618774520879,0.649411789952232,0.6327307287962313,0.8066810441664236,0.6831518113469145,0.6102943217256563,0.7544621193848703,0.6247985986858717,0.7419679809095108,0.6283385164862797,0.7438113694444051,0.6806737579934774,0.6945131120996858,0.6662774203235361,0.6423794172104846,0.6200288837553612,0.7001987188129719,0.6560196565038345,0.6386734562530381,0.7014837666202158,0.8148932450069302,0.7698058689587353,0.8188904542489873,0.6653626854623069,0.6627077652188854,0.7914357205450931,0.7344702909931525,0.6894116889190427,0.7991950590647834,0.7869355161268013,0.6734178300280115,0.7141939625116517,0.5653503746269022,0.7343717068662949,0.7177479595868086,0.8177205283902932,0.7530769579329829,0.7724695062908331,0.6574333443590447,0.6638651465667764,0.7155277478162881,0.7170596489368163,0.6996606371493838,0.5730941866081819,0.6744773851289824,0.7331239239706828,0.7585356620466481
0.9168308347510009,0.9393177687663327,0.8821801503494724,0.7991523865624289,0.6491118414032508,0.0,0.7236041473777179,0.8849629824200007,0.8560029053864099,0.888912448506411,0.8656764683192325,0.7812440859369287,0.9365039055394268,0.8606626695695739,0.7514201158527307,0.8804026707003533,0.8655664030434967,0.7992625795749474,0.764063521268194,0.8850974224351159,0.886143590884666,0.8624806636222115,0.6409055462725524,0.8409664887786598,0.8954106150948449,0.8780924353037382,0.6612547871595109,0.8099926279442725,0.8959726087814688,0.6812904324208356,0.8450740559426368,0.8541853770158008,0.8221395492676963,0.7865150782238784,0.8915092474172112,0.7031744441458058,0.9078568817654523,0.8470815487981379,0.7323433168394313,0.8305034136129201,0.7302829379710986,0.8854003435696718,0.7530271665401074,0.9050668615330233,0.8887027481844244,0.764609680751829,0.7291359194063546,0.8993795518983582,0.7535320996204572,0.7116482390681323,0.7805933996577393,0.9225264030391193,0.7200128480769095,0.8768511348968664,0.7906154161987669,0.9356767612490503,0.8099273724385236,0.7933197016079078,0.7965921631325268,0.7145384175131698,0.9393902310631138,0.6711740320565737,0.8733101146445329,0.675772972531596,0.7410991790155951,0.8521653223162123,0.8993474247892694,0.8863158689156697,0.7564380667106178,0.8890276125461403,0.905213456482705,0.7978298403174724,0.9187216579286537,0.8590801113681189,0.9083174296301796,0.8424541243432905,0.7477043546764699,0.7861348251307639,0.8276479260310712,0.9034300871015764,0.9146546716915598,0.8167341626517542,0.894397690809987,0.9261311163722353,0.869913220038596,0.9139887510237928,0.918736028006075,0.717206675915032,0.8112715936605711,0.88457670374962,0.736685960657026,0.778915031495834,0.710711761969564,0.8441403289766867,0.8970542090911017,0.9208257974993569,0.7998872131672542,0.8978667434876952,0.6916566244657031,0.8868368961024412,0.8435993696605054,0.7219502531646778,0.6867385923511246,0.734734511963574,0.8145172669179803,0.8466705006345384,0.7569565931713195,0.9259633487276415,0.749303611099942,0.9071523194175088,0.8212134575636434,0.7368369647068133,0.9559270078469201,0.7762362125870059,0.8501190650690891,0.9136333337774413,0.8841823909448142,0.6946794937402799,0.9345369042259781,0.8052765505386932,0.7603835473616882,0.7143812586956934,0.9246524283655142,0.8688680186111589,0.870413172710976,0.8977681606319244,0.7050845100486175,0.7725484719715251,0.9130577700542998,0.7852902589941059,0.8693981479753192,0.9020844290975858,0.8641840724268556,0.8819374733294837,0.857747889378783,0.8007901288644738,0.8875973411237902,0.8011037920207057,0.8114193750588089,0.6724818874712047,0.8832689375208379,0.8593915071386949,0.8098920316698419,0.7083514320063536,0.8975908230614635,0.830497686739304,0.8047446954697423,0.7730264558000731,0.9346288568903226,0.6615476721971547,0.8682761980587087,0.8156173656539496,0.6860597182011243,0.6671051241780042,0.8758102714468555,0.8854783114742423,0.8348008942087375,0.9358936714753419,0.8828103479834071,0.7846585395781177,0.8104304466236175,0.9332721344505951,0.894350757128425,0.8704265535631748
0.8075800194026965,0.7990944813313234,0.6649096680495459,0.8848298776475545,0.8261533082646347,0.7236041473777179,0.0,0.7658808378169533,0.7361587548634301,0.856229835094535,0.8459451136614471,0.9430072695941834,0.7618777203800786,0.6886037312201989,0.8786181913751905,0.8168166096807081,0.8306721910948413,0.8185517195064578,0.9273429523860822,0.7509659741583495,0.8207521809036904,0.7527223951370096,0.9436251697924243,0.8655222876747451,0.8695764741809244,0.7249516217885947,0.8620950798331798,0.8860317407861122,0.8280795744125896,0.8824946461588714,0.8645394386107983,0.8503913908291442,0.8038019599363194,0.9005008795819031,0.7817525381342318,0.6793440709481595,0.7915465316640244,0.6960327435856422,0.8854316001139171,0.9077257075294131,0.7085407111139235,0.7570832658861617,0.8225367177851927,0.7995607238182337,0.8088323900402598,0.8072936407836468,0.6529066494810255,0.7360079393636514,0.954453800133189,0.7210205915391825,0.9099447421384856,0.7090883226384302,0.697758838309296,0.8499011584243514,0.9088463124948013,0.665864904843561,0.8526322247449822,0.8546991915735846,0.8461072056422769,0.785459438204439,0.7412516048889238,0.5790908193146405,0.6882903754552087,0.5882866504814979,0.7156085669728661,0.7083504989863646,0.7463155528335952,0.6885560223697416,0.6858688303060806,0.8013466892924677,0.6887935576064828,0.7419865896833215,0.6765079020252935,0.8753110413989659,0.7285434388901505,0.81491803292139,0.8822036690013003,0.9105268623784749,0.7239737141747309,0.7312897455002744,0.6186884020837626,0.7739898587447943,0.8282452929145887,0.6283044725605655,0.8062856027908972,0.6873335471443135,0.7130822350056527,0.8546832263567419,0.8306318850058,0.6918657137937223,0.8543146833870281,0.808787189472554,0.8767442677374964,0.8141970028273218,0.7697800480003243,0.756367126653421,0.5938719580936493,0.691475068815737,0.600490891668201,0.8224911760600226,0.764647681926569,0.8354194009210508,0.8013748343675626,0.7428215763721057,0.7095599965910675,0.7234663918229993,0.7474510434373862,0.7885041632886733,0.8043882389959782,0.7543199403983778,0.9317735074270113,0.7488337877928172,0.6828800347632132,0.7901863343363063,0.7417663339992764,0.8114554717518442,0.8189289866641911,0.9086843441760974,0.7023728227425896,0.6315177816216142,0.7533292958171461,0.6658205724165163,0.6692414409332541,0.9074488467826887,0.6566466511879674,0.8763126863758716,0.6165935122273727,0.7820334062021617,0.7330789869178699,0.6809606993046915,0.6817695968506108,0.6331285317416302,0.739905426387945,0.7016515637816256,0.7040869403724697,0.6401531353987869,0.7870690285685861,0.8309315705098861,0.8328213366959483,0.8944827517516507,0.7408016434269871,0.6984290311876308,0.8850529186725383,0.6355453835141108,0.7512679309392309,0.8307810390675961,0.6881091565823413,0.7810971277328913,0.7715583730597679,0.5395523858917146,0.8592923795717905,0.8241492409026134,0.8495306413503969,0.7080855202416987,0.8637226074540056,0.7477691538773701,0.8212947370743896,0.8360314411063919,0.8416097993817055,0.8834377497629781,0.6214512306189951,0.7703839186067822,0.7385616267611336,0.8256720313369892
0.8692438762276417,0.9129855939100514,0.8592364969150871,0.8236369425286172,0.7086145933143133,0.8849629824200007,0.7658808378169533,0.0,0.8865014965835218,0.8839383492281737,0.8182245082145654,0.8457041485217333,0.8777467959832757,0.8167732015795823,0.8243774034630549,0.8874436482231778,0.878739600814871,0.8390661571186763,0.8124016170193428,0.8501354579086672,0.8737801496087692,0.8428707726166637,0.7171682463732055,0.8162882559999776,0.8539122934609039,0.8272958367106251,0.7728323268099018,0.8294582675300306,0.8398703868890831,0.7786512706325333,0.8938055236598477,0.8684051630194517,0.8637186014211591,0.8140899687153038,0.840410803069919,0.7661082715094583,0.8343444319340044,0.8630545443441509,0.8022531955651897,0.8558006033586721,0.7859366663485318,0.8221042229517661,0.8265964307186395,0.8152447861179752,0.9407454492134737,0.860454306529716,0.7776962009471464,0.7817839989165497,0.7809895833228052,0.8034240546229369,0.8473651244027381,0.8642083031880333,0.7679936192560135,0.8770045792755942,0.8268010002949693,0.8277534707579249,0.8487266347854759,0.8816279381624522,0.8076887451719269,0.8123920098931762,0.8752990231960919,0.7180736750022648,0.8601314839161238,0.6856490488824895,0.7593561269535287,0.8256284537262768,0.8210210079540707,0.8046308768463286,0.8187014870970484,0.905889188436057,0.8517984416474152,0.799954328891126,0.7927020914040669,0.8940636523370099,0.9182006833785178,0.8176501336013463,0.7905084895460877,0.8134556339828447,0.892083570231466,0.7645309520741048,0.7725142944620094,0.863899284237212,0.8965674050810379,0.834547190316174,0.8691526397514278,0.9119317305596457,0.8268905245907875,0.8085175682305396,0.8758406878061147,0.8369207124510114,0.819764036454934,0.8299960484353376,0.7896584350466846,0.8246892291058496,0.8512691929178079,0.8468730356736508,0.8027990967991607,0.8361805346367621,0.6799648708424638,0.9126092156394722,0.7955183644419948,0.8209760028367183,0.7337682468966733,0.7593612452978749,0.863378883582821,0.9147223283246685,0.8414804285542976,0.8671583896059837,0.8371404304179548,0.7952540387883252,0.8024787483704322,0.7794848696092849,0.8045628051340049,0.8299063270886368,0.8716359460210763,0.9275349004219742,0.8576524812944272,0.7427163848792084,0.7915950154935513,0.7732680281292014,0.7786560511760436,0.8135621251186385,0.7746636326759677,0.8689181199994354,0.7367984250139589,0.8932713562348317,0.7521372879502238,0.8685670064968994,0.8646962779276521,0.813570311120615,0.8798278810152034,0.8547751016494822,0.8021151024111789,0.8106428651186927,0.7792279583505425,0.7298935540462418,0.8622613889975067,0.8355000635891559,0.8613667587125785,0.7903675644353625,0.817873870509853,0.8087559875318595,0.8783140841480044,0.7502752396666311,0.8069802010413011,0.8517948400202158,0.8397967857312166,0.8299648444415016,0.8970429149657951,0.6534619473388193,0.8473663079895342,0.8156121323377626,0.7732420890994943,0.7847778519747566,0.8770233037646485,0.8291654414003742,0.7878384901851944,0.8945963107966844,0.8103915131308176,0.7867665289412356,0.7466706191593347,0.8245867066258079,0.916264428092637,0.8090425523441077
0.9031422420900692,0.9122489194501603,0.8430916008052077,0.7368146226808262,0.7500482365273261,0.8560029053864099,0.7361587548634301,0.8865014965835218,0.0,0.8343697071107722,0.8238698845852912,0.7946412601111276,0.8539669290735721,0.8379199656408762,0.8190868943312927,0.8413491197743665,0.8177415208118622,0.8383890500078092,0.7544125404686943,0.893061761962942,0.8431200787761484,0.904853324186831,0.6730782114324314,0.8267585062052017,0.8475577239196701,0.7957205721188578,0.7205160218009612,0.7680737579264337,0.8272904611567111,0.7540860437046719,0.8980238215592332,0.810807562780571,0.7863275480415589,0.7484600855556627,0.9010546271761759,0.7330008086632949,0.8493033798237138,0.880653615413462,0.7806784502493481,0.8079208396880185,0.73633210230134,0.885089080543896,0.7908932562936704,0.8382461429148688,0.8842901956374606,0.7692149759451685,0.7688128604708951,0.818201321565478,0.7634877463798863,0.7851628289178678,0.7722057449556712,0.8211934855701628,0.7267305620299673,0.81691580620869,0.7688603780239945,0.8748689339865154,0.8135203568919175,0.8059679809662913,0.8000974016830751,0.7426000489412398,0.8223800988775056,0.6691605583813607,0.8011900059444991,0.7344853966734045,0.7791910201639574,0.7813625393067373,0.8242525180075562,0.8468711793521952,0.8223636984248884,0.8741981105141468,0.892733475533153,0.8233928632979559,0.8246259794799118,0.8162827285959174,0.8573370135216236,0.7904858618803583,0.7208216107573402,0.7792120467841096,0.8005347074505096,0.7614890354293892,0.7675147063684931,0.8865365509572981,0.9085114367416894,0.8121549223324275,0.8198446409996898,0.9245371840226269,0.8333576308253843,0.7658050374699692,0.7821344284836466,0.8843475140005852,0.7925989114555295,0.8117349874883152,0.7447982312898562,0.7925259311998161,0.8745864039245523,0.8731749097885353,0.7759662730265446,0.8224364920843282,0.7239360869876786,0.8157913938189454,0.8139524075056053,0.7196208302835276,0.6751473205729074,0.7294652432107277,0.825361426464271,0.8296419914441918,0.7129348694725143,0.8615560952613908,0.7585486390737044,0.8264464522746244,0.7673628237827842,0.7997197101097574,0.8112229993485593,0.7919047821918053,0.8022876212972656,0.8777993485483297,0.8071519779866428,0.7403050912730963,0.7670122333875086,0.7745068747980194,0.8429830190845383,0.701876558950314,0.8202447035687259,0.8244357423298049,0.8379199508371428,0.8295261454873372,0.6930884171684802,0.8114347879065684,0.8066738123041979,0.8318493254981787,0.9092432628887572,0.8339883876742299,0.7969050113174143,0.8702642062836616,0.8345935394180614,0.8029151966266662,0.8864006156112837,0.8491980730009341,0.8585114100790413,0.7451171182338037,0.7923687205798712,0.8288315065621987,0.8376340560415326,0.7674872768497696,0.8468774764068469,0.8688421648925971,0.9130278377102647,0.7310293166968767,0.918701700272601,0.6494742560088217,0.848980587920251,0.7773643581861218,0.7598466811360902,0.7604568014577233,0.8178844164060834,0.8604838383404227,0.7867802304095098,0.8374504745521926,0.8166461067180357,0.7282010615337413,0.7106241773011686,0.8635753898681789,0.9264294485268089,0.8664263799459268
0.9198082028269935,0.9186746635354275,0.8257531885900297,0.8383126103239427,0.709733033547163,0.888912448506411,0.856229835094535,0.8839383492281737,0.8343697071107722,0.0,0.8838507283324016,0.8577021180384117,0.9198615521813153,0.7913471628214526,0.8401402041014686,0.9050487310892782,0.9045134147429784,0.8978211218655477,0.859903504925011,0.8613511089023556,0.8730757859057475,0.8505584873941088,0.7900616352717112,0.8888134418171697,0.9544907343692666,0.7924806722736732,0.7879379286017049,0.9064009980390879,0.905794345631247,0.8133121944019583,0.8720354040533204,0.9060705280503477,0.8223002945374359,0.8470126216211287,0.8428771553129515,0.6617783204181892,0.8961803606893591,0.7838869084937495,0.7748631883687499,0.9202451026818019,0.7123002808837507,0.8682958024131134,0.8258757783654579,0.8425836212066191,0.8875089325710972,0.8494211897490764,0.7300378521412278,0.8279967433782904,0.8797413864355201,0.7178942724079488,0.8537266195134628,0.8193927791059428,0.7426236361134236,0.8600389325254233,0.8424193768621064,0.8290656508824783,0.863898435126084,0.8303039873527082,0.8844458586499082,0.7611946789391861,0.8782081700368163,0.6202138662467671,0.8049859917111324,0.6139459813682651,0.754311256581457,0.8306749532093037,0.8475269108845302,0.8452763532974686,0.7988824381403347,0.9231292975310266,0.8152038787035144,0.7868405252979592,0.7916522640828287,0.9199114599565223,0.8729281602219473,0.8970902788976749,0.8289142093949895,0.8563208887656848,0.8126761568177009,0.8465767872906064,0.7971159734640192,0.7919155205166735,0.9457885977711062,0.7967352813814388,0.8335420436502556,0.8288057235341156,0.8346935018665839,0.8092401920402955,0.8942700280941219,0.80414316877311,0.7878571370895322,0.7770229167329245,0.7943668214386406,0.8696759285991431,0.8386048859484714,0.866530357822716,0.68480684127477,0.7964102440852437,0.6128268310980998,0.9020759555405424,0.8085033979452644,0.8015947663046472,0.711844813764331,0.7715114689898399,0.7654175613542524,0.8417090746641794,0.7843648745997586,0.9378992000908791,0.8285186303857263,0.8703725421826494,0.8678379611162217,0.7009222756114413,0.8314723298722704,0.8123117512513952,0.8267979281452967,0.9233140446562873,0.9221566648015316,0.8251900502253032,0.8216763564537118,0.7086731929861158,0.7422547568047602,0.6857657650560559,0.795229396889276,0.9387837623707128,0.7561852893273678,0.9360808903665918,0.6465618371699255,0.7805361829356695,0.8282712801759478,0.7744884711163675,0.8432584085922689,0.7816273263943462,0.8311448571809658,0.7548206633087094,0.7860501737767337,0.7400252250941793,0.908709303414766,0.8224143797903256,0.8835602216448242,0.7854026026187685,0.8580532862710818,0.7796607344148754,0.8626230144085834,0.6371833816704306,0.8263645579263912,0.8413976106757503,0.7413154768418373,0.8689497099950337,0.9304872537309686,0.5823509533253909,0.8724294465092355,0.8770948837342535,0.7634396386087042,0.7444400787175369,0.9073196971946618,0.863585672565624,0.8865265660510712,0.9519367597669619,0.8825731672587062,0.8561857553966639,0.7937252983327111,0.8784631649457323,0.8540919990231246,0.8637067467596886
0.9329189101075184,0.8739801773357545,0.7890103350349047,0.8390338280771009,0.7389853877752849,0.8656764683192325,0.8459451136614471,0.8182245082145654,0.8238698845852912,0.8838507283324016,0.0,0.857392657619029,0.9194733180837611,0.8037016622688812,0.8054796494306121,0.9243887517357642,0.8922173202871854,0.8459026941499613,0.8520986094433486,0.8987020233657724,0.9004572022921905,0.8884801621426279,0.7713548903808088,0.9357237893148114,0.9534184676452644,0.8532046842855052,0.7671057717145926,0.9097732734489592,0.9060537988288767,0.7670405832621799,0.8618667328405178,0.8862941332585867,0.761112221608238,0.8660503385160226,0.8900194996411525,0.6621163808754585,0.9525065865943633,0.8031320237588436,0.8475766311952989,0.9111810146731462,0.6628461981762234,0.8870601260520123,0.8042421544388806,0.9043602971087302,0.873814144739959,0.7559521994814844,0.617608458569883,0.9306992518398334,0.905603245659545,0.7040394110449771,0.8390447249573151,0.7816219855630442,0.669518341048139,0.8857709064331195,0.8867218921631972,0.788924714105362,0.8721789273927093,0.8193722447582701,0.8687989234402561,0.7247304610651577,0.9136790082540115,0.579439255708543,0.768474282393188,0.6441562028611005,0.7361387708186338,0.8050611873507487,0.9243941199266039,0.8300793623114168,0.7584879881426497,0.9204254355180066,0.8250520887801535,0.7956175497342882,0.881351581982982,0.9201319580754868,0.8346187285131329,0.8471797209033132,0.8904691785360993,0.8582502683246231,0.7478597097943703,0.886493690348154,0.7529157606851326,0.7977354380082945,0.8739723564299743,0.7844798878483514,0.8707257940655501,0.7934737494152622,0.9169796640691493,0.7759777675570291,0.7973848395028301,0.8190751764173702,0.7844240091206526,0.7318159271690433,0.7788769462722861,0.8723091446642677,0.8895257901294186,0.8503492472614741,0.6815557494231028,0.7507692960166835,0.6387996741430987,0.8365622865551199,0.873531876945372,0.8305217855511788,0.6982787759760606,0.6818311282060803,0.7444870020616025,0.7591103807708881,0.7336294890176794,0.9115262727942653,0.7255660371509447,0.9227137532783386,0.9373085578002571,0.7731613058444387,0.8773134420113962,0.8544954158917635,0.7723674866037853,0.8709331059071194,0.8416867973182135,0.8591405617448682,0.8489363877057882,0.7022974618569329,0.8152601989945952,0.6424607206842147,0.8623805418474323,0.9115731750661233,0.8386740118375964,0.9018053054248095,0.6212436672696685,0.7760969290525617,0.813874733160708,0.7399507260093714,0.7543021128975831,0.7927214877408112,0.9151329531659981,0.8396582668369891,0.8946962359561988,0.7522282917294909,0.8712856138158194,0.8261220488879025,0.9089871290854313,0.7613911173862423,0.8101961573051204,0.8216284413885473,0.8296597990039986,0.6751072995203313,0.9222878171224997,0.8328673882050692,0.7373797642475343,0.7335088622901993,0.8816392573648042,0.5941188517575446,0.9555874609303987,0.7948124198911811,0.8146557242504648,0.6415291647664729,0.8639333908760545,0.9141362430696311,0.9506482567078162,0.9025639026480639,0.9259001288437241,0.8813960128948604,0.6780939915496431,0.9031671447773416,0.7763023961486388,0.9777911305760405
0.8183966614384787,0.8499247321370408,0.7160585476293695,0.9012612830600666,0.8291908907016484,0.7812440859369287,0.9430072695941834,0.8457041485217333,0.7946412601111276,0.8577021180384117,0.857392657619029,0.0,0.7835080406159667,0.724832151661859,0.8525604906707521,0.8572731305577398,0.8615928408081894,0.7876495413696154,0.9232048989638448,0.7798620422829381,0.8659027617258667,0.7799454426845723,0.8920260083164463,0.8622663540989851,0.8762890852301644,0.775673640721521,0.8578662937690602,0.8803347139619687,0.8467612298648786,0.8813937379644514,0.9054222010487649,0.8681490383497567,0.837545058272712,0.9322371562466159,0.8175955581424078,0.7500482483837838,0.8054978503774466,0.7526585588980931,0.9178167669797006,0.8910396935569717,0.7497187174239592,0.8061998151244545,0.8071048015759456,0.8270005528881854,0.8687702421434876,0.8057108326537498,0.6861178621256937,0.7552814047047387,0.9058844780214126,0.7544082188687502,0.9029864801314981,0.7641870276399703,0.6984400703632848,0.8917054949553298,0.9196844757065148,0.723472707366911,0.85601339532227,0.9366541874760012,0.8039206651922368,0.8145120038397979,0.7749514935872284,0.6241953249725192,0.7209049054608234,0.6401180702510425,0.7017134861094458,0.7126521900030921,0.7708796066732431,0.6939468535817288,0.6903996338117161,0.8226193019075677,0.7204158278558872,0.7554810587911871,0.7199030517710552,0.8849553274197073,0.7805132026837212,0.7942848904122974,0.8724944499716154,0.927875714072813,0.7599887239886881,0.7390334678170853,0.638907793790259,0.820981788730681,0.8486863588446987,0.6720023067165873,0.8630115663422527,0.7574624371956897,0.7533921969891896,0.8288806197566944,0.8398549359077058,0.7579654571693051,0.8839166274805246,0.8730006588435523,0.8672489384569045,0.8096353517687592,0.7976548988984905,0.7995124981428036,0.6470020346547923,0.7715669294330457,0.6553611952448324,0.8584887515820653,0.7861985456580589,0.8406336616274291,0.8174026394776248,0.761944548893398,0.7616392352979073,0.7758678917571025,0.7790074726876082,0.8320054763832246,0.7985449373608685,0.7757133735140189,0.9387086294241993,0.8111919209510513,0.7149234259040802,0.8408824435407283,0.7691725823912767,0.8650686320969277,0.8247841675330018,0.8559331655004181,0.7433817160585433,0.6988862008951096,0.783980097884422,0.7255502827311818,0.7122077180303895,0.89955580491998,0.6807723183448576,0.8943681793594069,0.6820348324814641,0.8585794781829476,0.8047379739819307,0.6863045841187716,0.7507471646211158,0.6951956822801283,0.7595022396127913,0.7744881076632737,0.7333658133305072,0.6390247563493818,0.8066044145897567,0.8422646674050004,0.8407103053055052,0.8799839134526458,0.7369410291905528,0.7564143956105133,0.9177024187728171,0.7076185637339213,0.788747811452961,0.8812325940751887,0.7645804197681736,0.7642672713430834,0.8156690266910567,0.6055462996399977,0.87659241428941,0.8030013754831536,0.8622142383030925,0.7368563142018145,0.908029788808559,0.7618169002877614,0.8042470027176462,0.8720959878063584,0.8310549671115993,0.8633019730791274,0.611296331097477,0.7912118701120685,0.8020158460941403,0.8394525137887086
