0,1,2,3,4,5,6,7,8,9,10,11,12,13,14,15,16,17,18,19,20,21,22,23,24,25,26,27,28,29,30,31,32,33,34,35,36,37,38,39,40,41,42,43,44,45,46,47,48,49,50,51,52,53,54,55,56,57,58,59,60,61,62,63,64,65,66,67,68,69,70,71,72,73,74,75,76,77,78,79,80,81,82,83,84,85,86,87,88,89,90,91,92,93,94,95,96,97,98,99,100,101,102,103,104,105,106,107,108,109,110,111,112,113,114,115,116,117,118,119,120,121,122,123,124,125,126,127,128,129,130,131,132,133,134,135,136,137,138,139,140,141,142,143,144,145,146,147,148,149,150,151,152,153,154,155,156,157,158,159,160,161,162,163
0.0,0.5544740123348655,0.4323304322862223,0.4595343217038804,0.46424489730131263,0.49521223739601067,0.491843897053649,0.4887655128973318,0.5409510513605787,0.46830833656577847,0.544225120106781,0.4785352086149716,0.5835604041185348,0.5096459739763158,0.5555791107488844,0.5287555832377562,0.5430191673040415,0.6527516996322532,0.5044913769384635,0.6434155821978034,0.5559639448393755,0.538446185472657,0.4508829807938191,0.5884085019928864,0.593804489945362,0.4873736376792082,0.4685120353419773,0.47807506210542317,0.4453559997091739,0.4695561315068306,0.6039581326834956,0.5407675222649042,0.46859980258305484,0.48373230869538575,0.5982743493903461,0.45296635890202075,0.6571246715127581,0.5122780502062563,0.49697335453963964,0.5660185444208634,0.4608998025330907,0.5174551349446983,0.5578126654432172,0.5370016724314386,0.585017895620368,0.5733431023995721,0.45902743322122846,0.5193205900048294,0.5429710697018626,0.5122480377726143,0.5719506303855164,0.503075680939609,0.4886710361369278,0.5309180822131678,0.47851265184923425,0.4738877902219962,0.6127455377103466,0.49505072461509103,0.5394441957665073,0.5232155215127736,0.5147322685427663,0.41945732470741803,0.49213582768693354,0.41510287679395697,0.5272613010265855,0.5431325567597444,0.5642907019496143,0.5567712473564639,0.4945023893242259,0.5562414178354367,0.5651532278246979,0.5319751960905668,0.4973868979838953,0.5729936623451307,0.5277224303469953,0.5760440674575531,0.46344816494304036,0.512452297428253,0.525855165334758,0.4763798136590573,0.45987229481187075,0.5541567926569032,0.5549241688483619,0.47080102469461504,0.5083771809082059,0.5276342989997169,0.5283039620231804,0.5459027868576469,0.5419264407697176,0.4873046074741227,0.5313429304398278,0.5197168266769306,0.5081892227454273,0.5574115974407635,0.5091168827595339,0.4924761337698251,0.4450593200440623,0.462535271110774,0.42404688550086866,0.5585392242100619,0.5396460558312254,0.4542971331253365,0.45455670462916925,0.41775378393186546,0.5154281972866639,0.5147002675062305,0.47416022705963756,0.5156739819072476,0.545968400687698,0.5626692388941086,0.5314873615496017,0.4831582279495896,0.5267297805677099,0.4775127884058865,0.5444816025742389,0.5530287488785368,0.5661760560813058,0.45822349263379203,0.4309651309079186,0.4462837314561564,0.5049343986186816,0.4271486848934872,0.5370103735823077,0.6396021935738717,0.5004655153080119,0.519297208447463,0.4287098547538221,0.4889720142046701,0.46453352886339344,0.5086292412451511,0.4663721922224601,0.458531746306476,0.4992098017686078,0.5132269825202267,0.5355010114759791,0.46971496531047696,0.585747433675591,0.5615693353545269,0.530954542628801,0.5476356811217483,0.46805825348380015,0.5023638241969721,0.5896837508825332,0.43517563686774663,0.558532629937178,0.53936021447903,0.47946739437336183,0.4920508050347362,0.5212356071074782,0.35775502027220973,0.635360660454712,0.5175174027466729,0.5360453769757861,0.4266205918541278,0.5156567411791582,0.6289726505334626,0.4602323812963589,0.521031736629872,0.5011389323580391,0.4636263341643876,0.4458661611432542,0.6155468564229652,0.4341208713572046,0.6495759928536681
0.5544740123348655,0.0,0.5193809762364185,0.46458066381236246,0.4595310427098573,0.5581589455607929,0.4725133165315147,0.5252111477070301,0.5284208592453077,0.6153356714681384,0.5043654398160629,0.5303806960695736,0.5478822949297522,0.5163534279858816,0.5236350213207464,0.5323169463902185,0.5401815448315236,0.5377743909072545,0.47004330113469367,0.5332643935408612,0.5565250771017584,0.5989417659272975,0.43218624549778295,0.547290079064285,0.6134475315377405,0.46626998000713865,0.48364954338954785,0.4400640502834672,0.5547399243866745,0.4571550638904388,0.5738725078847517,0.5076768001524409,0.5137294715852027,0.44854904805311135,0.5345246328463668,0.4896073137905842,0.5504860069596343,0.5132995231585404,0.4807527083112171,0.548097196646297,0.5102875010028629,0.5615844224657431,0.4777864420985446,0.5087651733898312,0.5893936993533873,0.5182610491537362,0.5016150719050304,0.48246522530799796,0.47536224998774645,0.47572736765982004,0.4960972991944098,0.5008433466977892,0.46890649042719273,0.5579062812884854,0.47038818707005237,0.5414745276261482,0.4949587879017259,0.5296444532279976,0.5008630650722479,0.49763905402413483,0.49375851325928327,0.4188940421660265,0.45821784772925084,0.43345433795167704,0.4476095904111416,0.457110762777071,0.516168290489748,0.521819080943486,0.49270906905468764,0.5279495386266502,0.5049249278499063,0.4846827803980372,0.4546725960777232,0.5312422057364294,0.5527433038322372,0.4718372707980434,0.42016299536457624,0.557651136619488,0.48781177262397046,0.4329337286297727,0.4809103940650465,0.5071837241449522,0.6219833579143259,0.48755877268918396,0.4698692227512965,0.583237797518476,0.47157788544642004,0.46477723886887756,0.5151184986779503,0.5275706066136727,0.5017874486808345,0.5536065622942469,0.48889600594473903,0.4462499899299928,0.4837377543050015,0.6059985936190421,0.4381970633720139,0.5348469240065404,0.4224509675695776,0.5407548346626057,0.49454248495917186,0.41829093998097877,0.43598944256702743,0.4924956857419845,0.4792138810785106,0.5159312764555395,0.46559000121813154,0.599037275683908,0.5614259019518,0.5872560974775477,0.48581596217505835,0.4517763113207757,0.48672401343361077,0.4851634161884276,0.49344967208822615,0.5748887360583467,0.5338219740670521,0.4270115417856292,0.46517615832171266,0.48068309881880344,0.4606180833175887,0.4313929830878431,0.4952904392531755,0.5671731751301338,0.45075329207994264,0.5930789955089983,0.4340773678341512,0.5182348062108826,0.5514955758957653,0.4994758819640106,0.5591488982737116,0.47050603572563793,0.4310463762053354,0.4952132722970508,0.5021470650098793,0.42790955486054605,0.5649327312915781,0.5314801112264651,0.5567108985728171,0.5097178586952955,0.4761422812655687,0.5241163012699401,0.5715298661420978,0.45334813470144825,0.5561814522722945,0.5063431051182493,0.5150367322120967,0.5402073827589309,0.6525010156000995,0.39922275463631707,0.48158043049359484,0.5254285082820724,0.4937400870456932,0.507689470745201,0.5827667333850756,0.54397691523712,0.4043512550574646,0.5749565969765327,0.4642180127375569,0.4040179763720038,0.4862866285230553,0.5384560597501128,0.45224188833220774,0.5169491581138536
0.4323304322862223,0.5193809762364185,0.0,0.41137363113712716,0.4425696480621288,0.5152728735253466,0.37598405440482885,0.5166517434158658,0.44218949975188154,0.5308404669902091,0.43753775291102254,0.4307557190760412,0.48213545738705754,0.44260008496363124,0.4319479043235683,0.5076882346526806,0.487548104143599,0.4543465166554308,0.38138805103735973,0.4375271551281219,0.5587116578615604,0.5818883279717492,0.35178859995827655,0.4385234676375563,0.4754546811952783,0.49534473658675515,0.3970802981021988,0.3617837292806244,0.45543664130290806,0.3808032553178457,0.4347764066589889,0.4325856923417276,0.4433456127866524,0.3634223006074588,0.41241696030313574,0.4669180830514678,0.4632323972881097,0.4919528660472758,0.41621341958557345,0.4527799075037267,0.47967742438803174,0.5156617222923091,0.4681748311252976,0.4455313046871788,0.5004269662913564,0.45579574769146614,0.5027557715402705,0.46026916379577204,0.37992561583085555,0.45147881459758865,0.44197856237848715,0.4924142093448266,0.407796705996901,0.4952107795238317,0.40750793297441484,0.48078891649801886,0.42150082280000817,0.5100589927436594,0.43852060159866635,0.41408392218338497,0.464174289289287,0.4211085950378461,0.48664272711494566,0.42204792177741235,0.41251569302477586,0.4375062915756373,0.46141674410270683,0.546470278074807,0.5330772681870246,0.5002318492043174,0.5045145359408986,0.40925738503393666,0.4350896668559922,0.49339608907307847,0.522060184930689,0.36828305084024937,0.39301601973696465,0.49052925132002884,0.46900562228400966,0.3842519872895205,0.5145228991140715,0.46719012662979137,0.5068516431017817,0.4921302757356967,0.44288990644065507,0.5386467283426778,0.4530844562012753,0.4081840295286693,0.415855176304888,0.45502655403538467,0.4684654928166174,0.4394465459475408,0.4127798358177364,0.36560499506326016,0.4538380807017043,0.516070303947251,0.4532416823480992,0.49163028997558805,0.3879038001808888,0.4441978467251338,0.39603872043969846,0.42529310020273564,0.4173055528455609,0.4657326045457767,0.4441728542083116,0.5290916800683015,0.4758495038576181,0.5129128655527726,0.48911472298010955,0.4868305147133716,0.40534414430823273,0.43390967364911626,0.4573507049209308,0.45128018404635317,0.43471587510609777,0.4726411714186981,0.4197932369314316,0.3701796045413151,0.4881150331806563,0.4424421710038101,0.42443974018779795,0.4485604180508203,0.43869344824391876,0.4500422416686645,0.3899355460738154,0.47820905086613175,0.43465986706940707,0.4715372412340125,0.5200994628657504,0.4861552296682102,0.4895012948974105,0.5609996643890397,0.3765032562343157,0.42896286850052484,0.47080709745005245,0.4022478335867657,0.4369376216693964,0.4366466410074596,0.4974857570472222,0.43859035950980363,0.4206326193204645,0.4797228344505148,0.4528125930816324,0.46805951761849146,0.5088411457434839,0.4532530308490174,0.5037116501861069,0.5041865170421679,0.5806215855158696,0.40206502506242314,0.3969480199660723,0.4217381495274799,0.42360506324294706,0.5363221737203355,0.5328330658694561,0.4838252910563155,0.3380693447479268,0.5196673457274654,0.3664366901439265,0.3500986054782032,0.5045298358067417,0.4160504989603381,0.4605554459135929,0.4302833857857001
0.4595343217038804,0.46458066381236246,0.41137363113712716,0.0,0.4240310730854658,0.47027115119205837,0.49098542539642337,0.45851365381451814,0.40313092987053495,0.453460846424131,0.49293947477256567,0.47377602174483674,0.4450526891731262,0.4386482374569898,0.46426937101630544,0.44402962597523127,0.48130187199947083,0.4668161110274376,0.47939878396366187,0.4026421820760513,0.4954249802428242,0.4385316264016526,0.43582655545585824,0.44045234289052426,0.5051450597569157,0.48648380042041667,0.45522758075803604,0.4494316712446317,0.4519056247250368,0.39073884635101186,0.4637144176244685,0.443522227236568,0.613014622296508,0.453352630380163,0.46556998829446816,0.46531889602161736,0.467038647947528,0.4491237101267021,0.4348056114313512,0.5032055197545738,0.49665405458603995,0.44228252829458214,0.45023407258878806,0.5143644231256775,0.47141973139553806,0.44629151938101314,0.3878331891695993,0.43584358512610305,0.4531877394080262,0.4226450039862721,0.5302420298583992,0.5032192496217793,0.41750283920805614,0.5921295030601872,0.494258234493254,0.3996463280724818,0.4531015088729166,0.5355392047397234,0.44991995039024,0.4390167875281773,0.46540042542915866,0.3868288539997607,0.47430035310764374,0.37303196791590015,0.4029358678069418,0.4193834077159089,0.46378702289908613,0.4214514707599968,0.44271197793411093,0.5087847703158056,0.42986028251447317,0.422441114259059,0.4551691895129583,0.5122248935706486,0.4723231332289054,0.4169100170333736,0.4278657198508542,0.4951001878727432,0.46557429285724444,0.4036429048281766,0.42322447286742154,0.47504476932296336,0.429703804341488,0.4367844059602532,0.4776077457063217,0.44116028734735574,0.4577138420307465,0.45936873982291365,0.46063042162969753,0.38907678494957526,0.544731218654575,0.5111008573742942,0.46331967220121456,0.41199985729823463,0.47211671809621764,0.4791742689155143,0.3878199637870995,0.47292823918569366,0.38937303712481636,0.5129184674889332,0.4324016339874359,0.42133764311700816,0.5650785909485232,0.48355609263290006,0.465603618359654,0.4245772973937945,0.43931163923789573,0.47364587829456417,0.4692435251888148,0.4198936211632696,0.5432987802020256,0.44942588417249757,0.47428154336776385,0.45885515782242847,0.4884819670305308,0.4769644007468621,0.48074417346030635,0.37869672436086665,0.5049649711586972,0.4675777062929803,0.3992627013110369,0.4994473710491011,0.4221715724000339,0.5050080808825931,0.39123957128896647,0.516304662803945,0.4166208604862209,0.4151205676043862,0.49724769667751895,0.4185076452770009,0.3952717961321655,0.4085519511353363,0.40956768168338276,0.4664856741288506,0.4096257983025916,0.3580881411483072,0.3860989766102816,0.4782720241496044,0.4573213274477406,0.4598340678761984,0.5430226645718674,0.42234927010391016,0.5037207472597567,0.4323222081055646,0.4675691087525254,0.4782220595548332,0.40294920740556395,0.447730740489586,0.440523489171483,0.346604135395607,0.49592978719277087,0.499356817583873,0.4408459963547126,0.3759000975259606,0.5625068078246145,0.44010010772268754,0.36576056136851837,0.49957217758244377,0.543546658664908,0.44091654456633,0.431096389225403,0.4798018669116609,0.41647281064170966,0.48016665452112134
0.46424489730131263,0.4595310427098573,0.4425696480621288,0.4240310730854658,0.0,0.40613332922016,0.46581352326847536,0.40756193165472376,0.44763982260635254,0.408803581752,0.4575122393163821,0.46124121248981764,0.4094752548350577,0.4194888902447967,0.5345270795312641,0.45302749927282543,0.45738864071129065,0.4740913157721068,0.42033455128735686,0.43435659561698586,0.5349788533243816,0.5244517588595696,0.40387783324587134,0.5050476887684949,0.44560498567570545,0.4787467100027173,0.4056013148132918,0.36302191451046234,0.421948152702149,0.4325522498026089,0.4799762428789079,0.41611824963764665,0.4524669982995867,0.3858374055597408,0.4679102861387714,0.4706448551180982,0.4503681167441366,0.46569329185375175,0.49710169134377014,0.4801180668343886,0.49965116742204974,0.4661816991149021,0.510408832578262,0.5208974747102993,0.44793219787851485,0.44845942643985537,0.4843087603626538,0.46016230510510203,0.441319089768606,0.4960038629750052,0.5061864499407701,0.47049545122949926,0.4207126696857255,0.49779494681335595,0.4400580868322081,0.4046901253254193,0.46710448957998946,0.49859865952800886,0.44373220183176715,0.4398589715527591,0.38216631958442526,0.3954848617344544,0.4444865604122887,0.41504977828289885,0.45903384623667326,0.4055021263750767,0.4211420642513849,0.4741160069814416,0.4486154668262014,0.43326818938362416,0.4899634989754435,0.44329267381282855,0.40398719022829954,0.46830411966532337,0.4224905374776503,0.3833579479358245,0.4029233536003699,0.5607200205377542,0.44066046928801283,0.3832748328102173,0.40512175860176164,0.508856496511436,0.48959130193422995,0.3840269216030431,0.44760256447280583,0.4560110657889289,0.3959191610386082,0.44844624512225184,0.39361077831383356,0.41032364523426457,0.5732048528242818,0.4829638779535685,0.49322049278340485,0.39210102060888014,0.4612329130678629,0.4582160011313073,0.3926858782538664,0.4208603556101531,0.4199459194885705,0.41463456618319366,0.42327940792617413,0.39650744401865223,0.44625186619810325,0.4228014138644792,0.4420142655085325,0.4528290933548555,0.41760501726603544,0.42598192421504777,0.4932366415245378,0.4419497673091333,0.4646242809903084,0.4849589445855458,0.39423616768301806,0.4156325646726708,0.43580457137341577,0.4498945178413208,0.41031553432977524,0.4151930349355481,0.4081757921658113,0.40528656151276,0.5412910104410874,0.4078859704343601,0.41329245091682043,0.4951789087521259,0.4142991430703937,0.45106109453473414,0.40383543800652477,0.4617543340137438,0.42750357547782564,0.4704617082522768,0.3996012105913381,0.43235458904431767,0.3643112496825248,0.4615722410793342,0.4482386161957517,0.4315159761618238,0.4415706744344841,0.5403497403054119,0.4632100465993132,0.4990791029004057,0.39565080225660404,0.4447685358442417,0.48668341446815094,0.4469949302849603,0.4996557921646986,0.4881086984673897,0.5233306131929389,0.4343703412704651,0.4520935253976942,0.35215064373666227,0.44665767107437404,0.43414438171105246,0.4917450185820191,0.45008053605833775,0.4823858070273563,0.44698733816210146,0.3473316900663657,0.45541952198393215,0.40856278056493267,0.3788074157959312,0.39491103532780725,0.4379656633475737,0.42083007881859097,0.524278204823659
0.49521223739601067,0.5581589455607929,0.5152728735253466,0.47027115119205837,0.40613332922016,0.0,0.4111439717648213,0.526567968494266,0.4521497255161473,0.5317705483769128,0.48248235598748695,0.47952024527255865,0.5438767563182471,0.44956734784322827,0.42752157883691244,0.51999741808268,0.5106619826578825,0.4555476031795233,0.4382105100356911,0.44929834583117173,0.5276698095920627,0.4927416188030211,0.37577332505337524,0.45034832749102877,0.5553232578259338,0.4762873221662514,0.40715318961412567,0.4197722750081785,0.4759305975696036,0.4118708847655189,0.47513091488536124,0.48921972110708684,0.48873333760761745,0.4234676329807042,0.4492086716332673,0.4391388551285156,0.5346718471384984,0.4648205917734697,0.4150882768760411,0.45840851994994214,0.45372860808096777,0.5278622746858515,0.44489629687320065,0.49223179084572866,0.5070200624501404,0.4594165462162652,0.4524478744882099,0.4850936584063178,0.4100250783413554,0.4172242505479651,0.4674809574757723,0.5355077357382966,0.41448825068785244,0.5235203290030326,0.4350809394896935,0.5248780023964555,0.4443821897903561,0.5489524316268116,0.42371636999513945,0.42577894897177676,0.5294178852511408,0.4126252321968696,0.4978227597468654,0.3777845884975359,0.3980475796914371,0.4480284100717281,0.48103862432938943,0.5133907423195264,0.4491514940747202,0.5398091436637946,0.48014373381646314,0.4101120842508164,0.4625471418326431,0.504082046815131,0.5526381267525117,0.4333605155273855,0.41000685838943035,0.49614315029033385,0.469108781079102,0.4650133183317208,0.529759377388317,0.4607981572938307,0.5300332807926424,0.5208018602557166,0.45576568701055015,0.5138321296791508,0.5262980839611705,0.41651732329221103,0.4812203016660637,0.4693935797723738,0.47084515345761296,0.48010178179163765,0.4228574222890904,0.41456601665390774,0.4453464982574091,0.5740017718607194,0.4270136412912312,0.5330434665232574,0.3850874438807582,0.5090053175613921,0.4281681247855931,0.4188489009672126,0.4321461500763407,0.4661605383623087,0.4537977534745495,0.49214715369123874,0.45694593107415965,0.5543852051861038,0.465209967578977,0.5293664183288883,0.46905761188487705,0.4146416641299365,0.5525019925560251,0.4563292894578435,0.47147644778013537,0.5335101928095203,0.5051914162222525,0.37110044481977883,0.5258510361873824,0.4767472524578346,0.3977560244458906,0.4562014143653559,0.49052744043130175,0.5185682621412744,0.41097828096443956,0.5476193110148516,0.4245241580182531,0.461792320048956,0.5368433821507392,0.42563883521396473,0.5058771427900857,0.4941124218060848,0.42567456566374756,0.46226017225863253,0.445940504586063,0.38142654553428457,0.4699132299535791,0.42960438162618064,0.4418907269639903,0.43621742538167196,0.48056028245853616,0.48403163263845495,0.477447928828852,0.42108178598452556,0.5009731467349294,0.4644238070007898,0.4563871437578226,0.49904955171358195,0.5369375445367092,0.3867410499792986,0.4516975015629428,0.4727658582614243,0.4113377459350041,0.4190899327756704,0.5717951199443813,0.49395931116362757,0.3790155535965419,0.6211483492441355,0.42466775678741625,0.402770554250235,0.4715552354412161,0.49715538676639826,0.4235265143404435,0.4671572707827144
0.491843897053649,0.4725133165315147,0.37598405440482885,0.49098542539642337,0.46581352326847536,0.4111439717648213,0.0,0.4008817372835296,0.4059203461229681,0.4556880383262124,0.5077161115122871,0.5395413847687489,0.4428271102613603,0.4049041671666187,0.5086161980223479,0.4493062712622683,0.4701820831360712,0.4780764997400351,0.5375221366515017,0.4237076764273634,0.45633285205470064,0.4398628173495425,0.5990553391712757,0.5419265712140936,0.5244237653199044,0.40690148973316204,0.5033882462117533,0.48856552238798734,0.4475597066608624,0.4968296348803047,0.48595651306233345,0.48197905095754273,0.4551397829582913,0.52009975925408,0.45748300791356167,0.40112582877589,0.4836616945200861,0.3936775999804016,0.467100932978646,0.5378742555023633,0.4105866319672691,0.4419371925101504,0.4410235511758241,0.46375221622987567,0.4555093261450316,0.4556045050499755,0.39214396729058415,0.42115632040204276,0.6204015299677051,0.41021977698329487,0.520745428943302,0.4096156742002033,0.4029791599338786,0.4922887408851451,0.4946339479778804,0.3849102025739219,0.4735674366095146,0.4676725571368287,0.4633027959407722,0.45984428711625225,0.4049723706857144,0.34719544601953245,0.38475792194816644,0.3507768881500968,0.3992533531029432,0.3913672410216563,0.43513228973583257,0.40925966808671305,0.3970452460561199,0.43575277572552107,0.3985819489851148,0.4137710628534215,0.3882938626861557,0.4931387178968498,0.41004237085282663,0.4654516286338044,0.46189961241579247,0.5345552541647258,0.39494313237165857,0.39881705644186194,0.360458625695992,0.4308606407788967,0.4669283661310931,0.35630612232010445,0.4158652528366029,0.3966526178875562,0.3951115440047821,0.4662576233636647,0.46643729524710115,0.3882501476481997,0.48637946194936077,0.47573192100228384,0.5086748755807494,0.4467517570847476,0.4136206458678033,0.4347076761683857,0.3394772182907321,0.3984022472082055,0.35792276167558656,0.47608656693671164,0.43352880831678,0.4035696934774162,0.4270535833097802,0.40357451087718527,0.39921190317585514,0.4042204767553373,0.40152442586348935,0.4438565662431962,0.47116893567715273,0.46021538029709114,0.6102774635912528,0.40175634736729743,0.39914883820138913,0.4103484151388019,0.4186681548831114,0.46770688218540674,0.4668938292752289,0.4781151239004712,0.3932975336170693,0.37853123354822266,0.4101442437080856,0.3699031899597416,0.3921281036071409,0.5602904374465357,0.3709078864120866,0.4972519662625726,0.3691483042297604,0.4354248478423826,0.41124439596094475,0.39105333202715,0.3847735447469643,0.36331351870487427,0.392100365794031,0.402616337270529,0.3981896121776682,0.35400907272345583,0.43965659164848914,0.47670347739789076,0.4476417159291665,0.4791478641814512,0.40723680351016867,0.4059170215888566,0.510798452802635,0.37190145841669686,0.4346030126672581,0.4666664459929974,0.39130712231083764,0.43247771996530227,0.42559095262777796,0.31336356005370136,0.4802553565803809,0.45941099710531813,0.4947496603780853,0.3975460982248348,0.46724910736145664,0.43087706561102135,0.436897353529325,0.4732904935694957,0.48619639912608115,0.47257243493846063,0.3687437332924447,0.4494294881437367,0.36630935615803295,0.4959622441855895
0.4887655128973318,0.5252111477070301,0.5166517434158658,0.45851365381451814,0.40756193165472376,0.526567968494266,0.4008817372835296,0.0,0.5207173797381299,0.5093952987812599,0.46095155815201877,0.47842816503347807,0.539012998186047,0.4564255981890616,0.4643481424040223,0.5316815332932524,0.5005826431805528,0.49958433711374844,0.43385350097609937,0.4794935048625736,0.5249646218768592,0.5170087973840607,0.39425630659034727,0.44287081495058495,0.5262254355843892,0.4888346470660428,0.48376949170514133,0.42062824805810617,0.4199510854702524,0.43679876530643713,0.5252355883138652,0.4830784681557521,0.47654946254596037,0.42462292485455083,0.44088446922282304,0.4704518095548687,0.5225675093237778,0.5169065942901928,0.4558655369358649,0.47045959130089277,0.46092212136505606,0.5034391707843819,0.4977538526683084,0.4350357643024511,0.6310493987678499,0.5287255047482424,0.4477274102537458,0.4338413680200486,0.41579539350117795,0.46421218250719015,0.4841209993241092,0.47593944758301615,0.42381309504753567,0.5029320319727596,0.43756668956521894,0.483528197277639,0.47049368607366626,0.5765364588634222,0.44191866571806365,0.4750275425151219,0.5527109542108051,0.4399161350489916,0.4933608194001936,0.40124456024705285,0.42146348829670705,0.47398968314763257,0.5140491867150624,0.5114322708002662,0.5221416493265915,0.685194505445107,0.5081044435142534,0.4320075038870805,0.44915371677748117,0.5399590555477669,0.5917869791447294,0.4178503387092494,0.43928549515436605,0.47599007897605994,0.5457287483919545,0.38891733367223674,0.45463940482787374,0.5149101712455634,0.5263809507678903,0.5170418071279868,0.47228346516190584,0.5814004774853414,0.5608202260404165,0.4655270118154032,0.5228620243676486,0.514529344013927,0.49230229924797014,0.48744475928238606,0.43412790834810433,0.408040823537615,0.458313949734979,0.5093126634761149,0.4783280434809941,0.4943982587786562,0.3905380642366721,0.5280086527838507,0.4322187933256026,0.5116670965420249,0.4479650630625479,0.4535733646751652,0.4965076048028024,0.557752973745177,0.5089769055989437,0.5296759526442241,0.49954863968603874,0.46219705536209077,0.4336089635561929,0.4480287668086726,0.47792960958903147,0.5237555188351196,0.485237360149916,0.5283476563496605,0.46293930981395615,0.38903988813909873,0.4271945852880382,0.47559586399290843,0.4169459483617958,0.5363132528355766,0.43500354234625155,0.49573912618416704,0.3922543101946457,0.5071335402107962,0.4481130625584735,0.5534122672814017,0.4893319780439875,0.4765413227124084,0.5364751808785103,0.5136818765789479,0.44771799078900465,0.46059909135869564,0.46855574615225914,0.37852725392796066,0.46538554178992414,0.4509410352104533,0.5167397150677281,0.5130098792586142,0.44294119085594097,0.4729802154186109,0.5086088383580899,0.45663127735113324,0.4964914655059174,0.4847667019134898,0.4950586994696726,0.5175478712394904,0.5403369411947432,0.38621445560818135,0.4755127394218852,0.4435415637090386,0.4637389143875499,0.47064102568602756,0.5570581088445627,0.5620994735952586,0.37316370746348276,0.5467943674672231,0.3937719528983786,0.390342371035923,0.4506714361456904,0.44931812125311554,0.45897059979202404,0.45718307264479524
0.5409510513605787,0.5284208592453077,0.44218949975188154,0.40313092987053495,0.44763982260635254,0.4521497255161473,0.4059203461229681,0.5207173797381299,0.0,0.43715027873362716,0.4215024555779033,0.43965640159204894,0.4637900188875068,0.4674653993704555,0.5013194650520887,0.4476370508406723,0.4440640682217837,0.5155705052981358,0.40499946529366126,0.5237747910685205,0.4959835750968595,0.5377019904975755,0.3827776007560357,0.4646470093795911,0.4872005199287625,0.45037183538154385,0.43405663135012834,0.37549407832208337,0.38654958008341594,0.4373601279972401,0.5750823259214201,0.42836232804406915,0.43591732237421515,0.3917570744704915,0.5033894342819973,0.45138505811135854,0.49732905771114905,0.5112293642968367,0.44917739571789916,0.45273242890808524,0.45291765735285405,0.5505620990141836,0.47224496144593,0.44678509018382206,0.5355698635625084,0.4875354633465827,0.4861685818548577,0.420389923638859,0.4135881560059039,0.48041651637053984,0.4533167168219705,0.4594742012841767,0.43535030437474337,0.4494563092714362,0.3916085061024411,0.5459530218873646,0.4701880057292444,0.4735978137071171,0.44614732743087987,0.4536654968703463,0.43545593096695073,0.42267799216828894,0.43960265112479474,0.4264340164933496,0.4750744132888652,0.44966402147542067,0.4959655391133567,0.5382216809740099,0.4740931876534307,0.5214250383903586,0.5622123984926423,0.46824054861579967,0.4482902811554812,0.4650424028989474,0.4832839831222321,0.420791279117753,0.38436434001537034,0.45610749526711697,0.490026327727473,0.3820358240153408,0.4341000854084994,0.6058935503044202,0.559395198573982,0.4439683880635551,0.46146043607130083,0.6022554097837399,0.4820631416010131,0.4614700813244382,0.4546406095093797,0.6191308478133732,0.4890013429333129,0.5419319865326971,0.4184522562120488,0.408539995450949,0.48092323801983744,0.5010608356634643,0.4603970223390856,0.4872528537195131,0.43959054857646895,0.4681653317851977,0.44716942221104927,0.41020438145642174,0.42975072134050635,0.42615906552446786,0.4858922379888918,0.49983403399946985,0.4258751975489933,0.48700620692799496,0.47932790999002434,0.47178400100022594,0.41173721560204823,0.4751667207440539,0.44956307166390236,0.4718847495183949,0.4536849892688893,0.5002520419992498,0.44586738746510673,0.3810616435843253,0.38269489896892256,0.47263424052040715,0.4733485236510807,0.4459969981155644,0.46387809340831815,0.4809955762819641,0.4706860397705272,0.43259323803281247,0.4327608065235654,0.49229667251042025,0.4243366123802659,0.4989635328404926,0.5636936961373888,0.46385598787574545,0.4173743724311081,0.5281640243656832,0.48860595598458983,0.43440683659078333,0.5030416274508812,0.49274140972874036,0.48391656612691086,0.5076330562352619,0.41098908521847377,0.4669205120360263,0.5379561927434436,0.4606901105527652,0.5031681499385241,0.5224687680513534,0.6138103554307284,0.44983753878787325,0.5103506811266565,0.36987931685355285,0.4860703767323377,0.43478487403751176,0.46382737877162,0.472060983201762,0.49319374667116744,0.5811136948510354,0.36285942393309173,0.4772376950818885,0.40036877808475535,0.36317041256191823,0.42225289502161617,0.4947187897603932,0.4749184490235154,0.5131621859004395
0.46830833656577847,0.6153356714681384,0.5308404669902091,0.453460846424131,0.408803581752,0.5317705483769128,0.4556880383262124,0.5093952987812599,0.43715027873362716,0.0,0.4836926001187203,0.5222967467958612,0.5244130601932214,0.4448701518705172,0.44841355879069883,0.5294426838835771,0.5350441564971398,0.4841948721060655,0.4719215039461206,0.4605012130269985,0.5217010190175861,0.5179868746430375,0.438252529004597,0.4818340053461653,0.613782924822672,0.4252061220167456,0.4785867195037587,0.45675074211853034,0.5367393243518566,0.44305242549084284,0.4744185127476802,0.5193102684257902,0.45352509042381256,0.4476197779044065,0.4329550997534297,0.43698094262306086,0.4955188841139606,0.4466822385455935,0.4363441337400529,0.5050510976417618,0.4418141655929645,0.5253469391701464,0.4471500692247399,0.438340931453641,0.5262091288856983,0.48488080822648283,0.4438408176775167,0.43870452786041647,0.46301302348831735,0.4240124826766522,0.468849490932817,0.4446848557189819,0.42438610071091676,0.5166989163019332,0.4598775987619258,0.4730278694061772,0.4531050140507771,0.5136165666428028,0.4844789393862039,0.4542601899008333,0.4908285933825868,0.385202267428852,0.4267784845192387,0.39055722694080824,0.40102087687245114,0.4333945727899022,0.4748732103796276,0.4646466981262699,0.4762265541066099,0.5083080952336072,0.4322551417553117,0.4168768938659256,0.42368265877326194,0.5285480597338593,0.529278409136632,0.4393500973804874,0.43377500824779397,0.5139434481945261,0.4383959795077479,0.4071417787839039,0.45253098332104147,0.43934769923342054,0.52687700623398,0.4443280629351382,0.4400753864776769,0.4810954410538353,0.44707084619510384,0.43769978615716165,0.5062559402305127,0.444944902588187,0.4528822532297609,0.47099885753279636,0.4555956306518473,0.4143433788761116,0.4371671050066018,0.5144896423855214,0.40001542028723647,0.4874284564191523,0.36782980732561893,0.5108570789889069,0.424721928453176,0.43630933119505594,0.4171512939906837,0.47917512867844086,0.4273102569018943,0.4780524398715271,0.4753564450328721,0.5933724534087979,0.5061044065355127,0.5403729143533308,0.47796811550203944,0.4060738662950732,0.4551871703865116,0.4738887219685343,0.4336127404627037,0.5050198410713539,0.5065428449593274,0.43267047247082097,0.4684232234221492,0.4258074386530713,0.39364681844390653,0.40888835646885585,0.43407808745369775,0.511381547429487,0.3806819751060727,0.563262321771371,0.4110293183344503,0.4652582621083111,0.52895650093617,0.4323245209670129,0.5059716029175025,0.4526939448325915,0.402795009943976,0.41080006567605964,0.44628415669067373,0.3697268106891268,0.47325640793285423,0.4346081981907259,0.5126264515585727,0.4703388306308951,0.4357608084444883,0.47182122313903585,0.506592066967402,0.4206526708111784,0.4825387276106835,0.45623033079124564,0.4273477975499575,0.5434716265444204,0.6161727682282412,0.37675473587658803,0.42855632323865034,0.4847001855212626,0.46436881280362063,0.4915981560640467,0.5605096178527817,0.48048372366857317,0.3966617239989126,0.5556270480559776,0.4091981433405218,0.40350511086024093,0.4731702204300434,0.453314469369673,0.42916438612397556,0.44048280196164263
0.544225120106781,0.5043654398160629,0.43753775291102254,0.49293947477256567,0.4575122393163821,0.48248235598748695,0.5077161115122871,0.46095155815201877,0.4215024555779033,0.4836926001187203,0.0,0.5324927688428346,0.5477050992443633,0.4544236362775807,0.49854172849278444,0.5793527956575598,0.5439417785174397,0.5065542729213146,0.5445391983953757,0.5077932157371964,0.5424405058874052,0.5152066084490459,0.4628967183396224,0.5787309415818953,0.5917363977829126,0.47823197159976655,0.476324588780922,0.5063525213175029,0.5283503110952265,0.4487477806974579,0.5212774107579422,0.5531514775541805,0.45965464479072615,0.5063960676349469,0.4995857784451336,0.4454431293642732,0.6411286322734703,0.46993555544478655,0.5726467183167065,0.5457199670508395,0.4376005977967839,0.45563378570541546,0.5194815688654997,0.5490163902595363,0.5278174888720846,0.48021147254047775,0.3849944570385545,0.6164944356331992,0.570485271899052,0.4529219915654339,0.558788721963008,0.44559783097451666,0.41781343659321213,0.5973820158260841,0.6130220470930855,0.39841784927225926,0.5383947571212366,0.5265632380561396,0.4905264216046658,0.4781147893487606,0.5480227480273653,0.37912865090709585,0.45463000149580773,0.38867850227877343,0.43038891959704423,0.4619698155705362,0.5232598303321775,0.4659308352168404,0.4548493198980451,0.5339289920150202,0.4613433588021504,0.460395989690432,0.45333549052628713,0.5755398820909075,0.4950032827451594,0.482318080137341,0.5430122573232818,0.5525514591002775,0.45760582085206875,0.4785803948917532,0.42051858109289053,0.4549960889556763,0.4830654884337567,0.44178094114142596,0.4683645319643553,0.4447128185250602,0.5228705209930744,0.48250647365473376,0.4794882023162608,0.4158903482258549,0.4961945222525346,0.4468740786349531,0.5406767619161507,0.4972365805022693,0.4569519577139117,0.47959818368303847,0.40459581229143954,0.41519674803737683,0.38109703255285016,0.48727904724996446,0.5372357965454652,0.4989591322261796,0.4338054158740576,0.40854031630475013,0.4498910597592325,0.44792894376443304,0.46694663573463074,0.4819176747614246,0.47909166384652185,0.5497829942101757,0.6453226926893805,0.44446140593853495,0.4833329660015133,0.4748534900079053,0.470608662462337,0.4781412026449255,0.48514690358027307,0.5156284331310043,0.45563689958596754,0.4052662716371998,0.459819662710388,0.4124230086951761,0.4652885647672098,0.5983939055008803,0.4283041196422461,0.6170060753772484,0.39004727892497265,0.48717172822222354,0.48446826576404733,0.4435310414620082,0.39797718036916796,0.4375860174224611,0.5065608317310945,0.4580481107095148,0.5340249446268343,0.40467853264724246,0.4836360502999402,0.4958972613848286,0.5235255085033436,0.5211861576184091,0.4532147495016728,0.4898895188729568,0.49653965224037894,0.41772571199587255,0.5646173649084697,0.45330482355896434,0.41777562665278867,0.4702509682639628,0.48993180681223897,0.35523173554778675,0.5816254023074292,0.4861230639888939,0.546839883958864,0.39274327581072366,0.5119491206674629,0.5360440209716812,0.49031755001018135,0.5091256324009711,0.501586467583197,0.4961410423298626,0.4030009190495805,0.5042215829110184,0.39890206861059585,0.5796084561905037
0.4785352086149716,0.5303806960695736,0.4307557190760412,0.47377602174483674,0.46124121248981764,0.47952024527255865,0.5395413847687489,0.47842816503347807,0.43965640159204894,0.5222967467958612,0.5324927688428346,0.0,0.4612153273673242,0.3954581097395766,0.4958431177974797,0.5059657185187183,0.4825414077307339,0.4516120877208163,0.5652709431051962,0.4411966735427179,0.4891109315939885,0.47881430302767414,0.5019953966995997,0.5228263049185196,0.601175190688809,0.4163036220950704,0.49310282757527096,0.4640927192863851,0.48996812263740874,0.5440779278723298,0.5524446488551997,0.4992569261051939,0.46898965296752876,0.5138283840199506,0.4505379459317089,0.4288178002727904,0.5105141822810513,0.4208329008087263,0.5146670202439467,0.4759214622076052,0.4302086670984723,0.4744148035736993,0.45805998139205417,0.47446657557643634,0.5039944322858728,0.4534210229622678,0.4093834761357678,0.4519615202667775,0.5123591327042089,0.41223188144682726,0.48699219584874537,0.4235762624849097,0.38526914961684966,0.5171034922555288,0.5062005398051218,0.41736378044788375,0.4572140573687287,0.5860511550813012,0.4214067201290717,0.4489411883373443,0.43669495172474054,0.3570620217368405,0.40377872205403326,0.3606732447651612,0.3806337865637588,0.38769835397579505,0.42767122711410904,0.421645631322895,0.41007648307328254,0.4940981762493996,0.40972664280472954,0.39897272442421644,0.38379027692158574,0.4864227776740648,0.4518094807207633,0.4291039815337538,0.4448936606746242,0.54650261054883,0.42064509875417283,0.39192952779177054,0.3803031801841151,0.4375056528394796,0.5214287042977135,0.38787030240054765,0.4162226316937567,0.4410538540961279,0.43948325723253345,0.4325885786014719,0.47583277215229847,0.42767581501386365,0.4786521922497489,0.48871248979113663,0.491726733912901,0.4125698229794331,0.39918882606931755,0.5184448062463326,0.36334710123595576,0.4440350683042316,0.3583267026067061,0.46095673074518173,0.42836532627388146,0.43604435588699336,0.4210111130192781,0.4656741565944261,0.40915765496659773,0.4327129661876397,0.41967636034769057,0.49921834888242556,0.4567597117519705,0.49499027573278465,0.5644276322385287,0.40214179328250294,0.40295873478365263,0.4361704217862076,0.41700447862118917,0.48378236265231306,0.46414132269722347,0.4738098065581932,0.41284122743656143,0.3954359937674593,0.4020764534145123,0.40039255614723834,0.40150598532743365,0.5439447198633646,0.3673664958097523,0.5941846520707463,0.36993341767406224,0.5056618915035065,0.4612103295756894,0.3929930915167566,0.43842167203328763,0.3970455459749934,0.39631798182658523,0.41731634581307936,0.4302001787087236,0.34911005179827626,0.4904953388034429,0.4515776443400121,0.4701072164734124,0.5083177057529863,0.4140252250238604,0.4316975417656648,0.4844158409763155,0.3893726192523206,0.4634618440273702,0.46721899144258805,0.4391423323120151,0.4530179671442327,0.5027854657361553,0.3444971977127344,0.4800432433696283,0.4548623913154053,0.489863639419575,0.42194646809436365,0.5479977972554637,0.457582163113019,0.40986047093452127,0.5342939562577331,0.42700410346192597,0.41886791039658,0.3724787978136327,0.44458603532299124,0.38013593726097655,0.478357300165966
