0,1,2,3,4,5,6,7,8,9,10,11,12,13,14,15,16,17,18,19,20,21,22,23,24,25,26,27,28,29,30,31,32,33,34,35,36,37,38,39,40,41,42,43,44,45,46,47,48,49,50,51,52,53,54,55,56,57,58,59,60,61,62,63,64,65,66,67,68,69,70,71,72,73,74,75,76,77,78,79,80,81,82,83,84,85,86,87,88,89,90,91,92,93,94,95,96,97,98,99,100,101,102,103,104,105,106,107,108,109,110,111,112,113,114,115,116,117,118,119,120,121,122,123,124,125,126,127,128,129,130,131,132,133,134,135,136,137,138,139,140,141,142,143,144,145,146,147,148,149,150,151,152,153,154,155,156,157,158,159,160,161,162,163
0.0,0.5446849385551235,0.4800729539495352,0.49765728083383787,0.5962783838900397,0.5263373092982995,0.5410245859923246,0.5206086275419141,0.6209773760550654,0.4706119522661429,0.5463415607150283,0.513378917609357,0.5797475853356667,0.5274812016805407,0.5389507803639112,0.5699682983796596,0.5714895596109167,0.6867539595645951,0.5356941197817886,0.7062894740411593,0.5734569810023659,0.5461964832714828,0.5321910695565242,0.5037737005374491,0.5925615632458073,0.4950115010291358,0.46260558113043054,0.5286829307230889,0.4313312270180218,0.53970901049969,0.5928732837552082,0.5747740367961709,0.5005599302393829,0.5197945230885935,0.6305168569961712,0.5184820958219668,0.6020374737862486,0.5892079879208795,0.5022140774322041,0.5044145823873866,0.5221785670240168,0.541947895906044,0.5894333091827534,0.5594725603074076,0.5621381918633387,0.5973926117799573,0.5526582215285603,0.5339436276039436,0.6001348976554172,0.6132362252537724,0.6205385590436487,0.5713940312189995,0.5286982205268772,0.5004195157464714,0.4934666322323571,0.5093532951947625,0.6524765367295893,0.5699929171317946,0.5778060171371111,0.5901940451166489,0.4932744562237416,0.485274108615789,0.5463030407899656,0.4874211907440193,0.5528809792112854,0.5342458385788756,0.5369754589324689,0.5881172999178408,0.5335332761641572,0.5723064378325018,0.639211755704898,0.5468408451366312,0.5348974917328703,0.5810219747727405,0.5546756318960424,0.5530114098230107,0.5037016505426236,0.5331686598407134,0.5605390304644838,0.48227580786356133,0.506727153117035,0.6158601705897372,0.5908044661753422,0.5132648904570655,0.5453113562379043,0.6223625644295347,0.522660332734386,0.6254364111826924,0.5741199260075885,0.4989647986217922,0.6568033870096407,0.5878427401294918,0.5851545238755965,0.5587333506822112,0.5710513577245134,0.5118989363347591,0.4568927835952965,0.5214395385050641,0.47328990017131306,0.5508317541902962,0.5078747734107153,0.4644032038495599,0.5152027008390104,0.48984100194911206,0.591765569128181,0.583453862448321,0.5007448190281071,0.5445582330819371,0.5516481452897303,0.5375947878698111,0.5342075613363981,0.5530903677929834,0.5663791004818796,0.5280139946918699,0.5622173070967814,0.5591630411801334,0.5775710459579018,0.51468316845733,0.4733735589924182,0.501641330405743,0.5811737924068883,0.4869128440247782,0.5682144112507476,0.6353152258777849,0.543067227487467,0.5002912855630741,0.49994244297752244,0.4952878097010071,0.48822576237825205,0.5279937782259255,0.5051527953434345,0.5258954581094912,0.5231648373036684,0.568510295209665,0.514220610581593,0.5063328172157092,0.5807251724915108,0.5223139946170872,0.5040064320123617,0.6384496906032655,0.5002945639669529,0.53158102352963,0.6426887245781174,0.5201968515093697,0.5500532543322602,0.6023162440593389,0.5783209576118731,0.513826896571842,0.5457858069004429,0.3969761314348099,0.6129863335793017,0.5559230864743049,0.5383406894398615,0.46742819588618356,0.5593560896604833,0.604245604840546,0.5211244507461352,0.5377173026723814,0.49403823149443044,0.5162933029033294,0.45965413988004117,0.6073600582252564,0.4923776378869885,0.6694126879036696
0.5446849385551235,0.0,0.5827179395197919,0.5113597196343325,0.5153422675956731,0.5531801874180016,0.549599044408384,0.5195599218781121,0.49348064510537815,0.5705935178769638,0.5236044746145722,0.578282731979402,0.5754059919278154,0.5101778714074813,0.5306311254830752,0.5492990137908642,0.5606080676799565,0.5275930151826882,0.5039163283845899,0.5778687312107139,0.5618137025221684,0.6089097959647674,0.5182068772292174,0.5820115612064396,0.5741926758451249,0.4671899323806208,0.46911621310272394,0.5059674217694528,0.5176737661436542,0.45842037859706253,0.526865657628873,0.522071271278718,0.5589252285935731,0.5159016636146835,0.5324923069384,0.5280579389405206,0.5268216664981669,0.5032899083544521,0.5005908653804505,0.5520320020274191,0.5729784360157123,0.5155551593367609,0.4679059569439464,0.512605346740082,0.5980969410986537,0.551160877427634,0.5390057789554993,0.5061692746323296,0.5365117554359438,0.5156084075757388,0.5210299984046362,0.537442239997859,0.48860148458143215,0.5557755564477194,0.4946913929413329,0.5182584007090667,0.5188223872478266,0.5210132250712302,0.5473105495537958,0.5709548380278308,0.5017539151407867,0.4311669689907099,0.46096341185460205,0.47279921365831223,0.4531995816944862,0.4605399960965589,0.5308720587929008,0.5080878718244954,0.46647474485359847,0.48327565907158804,0.5153404403945627,0.4744668973606736,0.45780802498959017,0.56386990539663,0.5269394134776794,0.4639879110662453,0.4741159092197462,0.551135175800614,0.486506665370354,0.430568543993172,0.48133385769984155,0.5062268260146772,0.5958896576248565,0.48936079442358227,0.4619247272327356,0.6290630500333025,0.439692225922263,0.46987846553342155,0.5187851989151374,0.5285035504366384,0.5057151723671405,0.5449933266020599,0.5336105381572726,0.480155310713755,0.4953513236373683,0.5516071148673606,0.4362048689642389,0.5482399656536738,0.417892496228271,0.5638497667763387,0.4744384713281159,0.4202394314562916,0.4396993126710469,0.5260270929559083,0.4773651511316981,0.557227360578756,0.48890559858227456,0.5808430410398977,0.5844544100629575,0.6650927803601775,0.5219042041993065,0.45888437021621553,0.5036566245489275,0.46539430143331795,0.4924058260985997,0.5820092431993767,0.5140835465935676,0.47374603848570457,0.511010002894653,0.46008557889232865,0.49200767907141746,0.42496641243254635,0.5137397494263832,0.5776692499925242,0.44547901275278823,0.5646433801700668,0.46722548227898125,0.5317093878761003,0.5731177046337972,0.49618642702463667,0.49643949919476266,0.48710727334259996,0.44368520979419473,0.49269298393541494,0.5168785766443323,0.4426090227643215,0.5589017777442871,0.509675281444442,0.5568371556552256,0.5190575257311596,0.4828209703463808,0.49805908329811344,0.598320494528448,0.47882336200853515,0.51870161069929,0.5026912903881637,0.5567676376489136,0.5369364047013496,0.593272419101089,0.4073019698190349,0.4761857196415106,0.5012726005232602,0.5144495923543592,0.5949379076333555,0.5721807117212011,0.5316871117230817,0.5217878077510357,0.5731872503228507,0.47838915623525774,0.4345443770552552,0.4706348227711096,0.48560244422101,0.4469348878761883,0.5183305463829329
0.4800729539495352,0.5827179395197919,0.0,0.4922849141690694,0.475786773729582,0.5563275756270257,0.4492555624953399,0.5616393671890821,0.456055854566092,0.5757227378494949,0.5351866716989256,0.5146891146380492,0.5635142083853696,0.464569270759056,0.45934880910911896,0.5769792704935973,0.5522009892406124,0.49474273432931726,0.46464824787261927,0.5061494802334731,0.5534428090101374,0.6209621865822225,0.445155902258828,0.4751009814682553,0.5376839367931142,0.45943619620809567,0.4486303807101574,0.4791106035711323,0.48546281639677125,0.42995328417325784,0.4579731110070803,0.4996778231888264,0.49411586372818084,0.44146392378963034,0.45144708130662836,0.4959643483825147,0.4966096670449634,0.49866137500168173,0.460359686213022,0.4793858691214344,0.5042220803739651,0.5044666702430045,0.46672488091800907,0.461950962274933,0.5399954303963609,0.4894458658366851,0.46784677167398675,0.49998729919891743,0.4628785953298853,0.4827132643320398,0.4865409875606554,0.4985226577317212,0.43812478019773815,0.5276894433001734,0.47419984398370657,0.4617376701590011,0.47203298312297653,0.5557187166819328,0.49967076416102435,0.483015390549417,0.5344939776455425,0.41598629289371264,0.4839850430971003,0.4465946081497185,0.41933511167898985,0.4470078327060087,0.4949525756078191,0.49827556166956066,0.5167732902352897,0.5296419046708135,0.4889155158197291,0.4218381995025101,0.4586285522387083,0.560065023667068,0.5659651234971239,0.4032538567432298,0.47783552327351037,0.49324932427413903,0.46568961661594116,0.39836635163419876,0.4840239468698442,0.4726320726740441,0.5172355320124091,0.5079757681153827,0.4469547985282343,0.5656069419374551,0.46419768947441914,0.4433844161455276,0.4696553640323093,0.45840899236264043,0.49091320501598334,0.4564223620962521,0.4816750646431292,0.4199243614699703,0.4713754870845971,0.5097000816514637,0.4387242566436144,0.496132958620536,0.3834071865272526,0.4888727475842158,0.4187748161252277,0.4545168589363358,0.4277058405738522,0.5119274572167489,0.46084019880058724,0.5276118083614266,0.4991649610953935,0.5597614059261083,0.49570483572110685,0.5461261220240696,0.4705798711789321,0.43817428119017854,0.4974970522195328,0.48081927530763563,0.45061816646003394,0.5102132557302597,0.4553069353933035,0.4532646468014066,0.540312639170893,0.4415438663501577,0.4407496146632645,0.44567848695300705,0.4610854236281452,0.49164367370919215,0.4035404134572767,0.5201890765691203,0.451109365201234,0.48644419493415986,0.5519928904578106,0.465172252856808,0.4780129034748864,0.5428145191679347,0.4318746544994386,0.4488439007478982,0.5015271370666458,0.4044341964616472,0.4621614066826011,0.43520379586867924,0.5326448322386229,0.4811952800891412,0.464677191573414,0.4782564020939315,0.5004949411224437,0.4896573409113524,0.48868436322389297,0.45613903945325984,0.5047950460184568,0.509777936543664,0.5788028442092397,0.40647662227306997,0.43888268720912116,0.4554490769457242,0.4916801987243236,0.5359377857722142,0.5516438388035493,0.5068301560363683,0.4636054506109452,0.5357348087587825,0.41625075402089273,0.40979386623433295,0.46195344426028506,0.4300248116443192,0.4394700734001257,0.4704197567598306
0.49765728083383787,0.5113597196343325,0.4922849141690694,0.0,0.4783121797846752,0.48714771275617075,0.5294482714508372,0.5000292120874155,0.42078388739696765,0.4559274211304426,0.5688544299929421,0.4815528952709299,0.5466123726182802,0.49982996906346994,0.49395828615411913,0.5163217776403157,0.551141285771958,0.5117950694299939,0.4854191593575992,0.48686006197104903,0.5587120577210226,0.5102195048635733,0.49980130087750335,0.5177904505189204,0.499734496187882,0.5627951481272009,0.46815078994366754,0.5353527050892847,0.45142863739694383,0.39489199444699863,0.4594113724707147,0.4801106796387958,0.6261395965223214,0.5145318649193914,0.49109379632415456,0.5235379983325328,0.5154751505944732,0.5052787858662295,0.49273330777458285,0.586543548310763,0.5786955808111522,0.44734096384639965,0.4752974153255988,0.5256292908867528,0.5502220934328581,0.5289239399624849,0.42210848372435333,0.5126932886370748,0.5201791870511792,0.501585693014151,0.5882182644576265,0.563102453505151,0.46480481232967263,0.6177144918554945,0.5312322859874107,0.42214184685205874,0.5293634021870501,0.5152290031246974,0.5396506716682511,0.5434208602849093,0.5699264329642368,0.42960750867653347,0.508654522663617,0.4386721785508307,0.44771479052938395,0.48680360257213284,0.6027080131026128,0.4733077377949665,0.4666928270833794,0.5067492088520315,0.5079467337585872,0.4643701687512436,0.5095681391403154,0.6416704744296177,0.512572705850407,0.43430112671675225,0.5632051237411418,0.5217854975903384,0.522013551487024,0.4418494832146383,0.4676261148214811,0.5109120870206592,0.46303147836615416,0.5090991842040794,0.5052841707526813,0.5288207486154834,0.4732274915546484,0.4871170108821969,0.487285859831677,0.4450294996025272,0.5464880688180073,0.4845813028969877,0.5146937834682993,0.4846651258220463,0.5477197749613206,0.46440768430570684,0.43939719662860227,0.4785502112688603,0.40730734990034734,0.5805589732680356,0.47462860097797327,0.46394301146930356,0.5092649216730495,0.4622850503789421,0.49830494889560445,0.5148549488175269,0.5189531281434582,0.4971834020480896,0.5395157295166066,0.5055335270125356,0.5669316643794639,0.4957219638202691,0.5611103047721868,0.4883829471609849,0.5337224478384573,0.5318721830770501,0.47313085111803704,0.4280217855566847,0.562931925056301,0.4663945391696765,0.48250491668965945,0.493732672174362,0.49076468930995726,0.554211739134628,0.4302516073306849,0.5163506208284798,0.48430310370358864,0.47449251784974505,0.5369104160661335,0.48689194047033224,0.39961137101779026,0.48446994010965205,0.5005704358312447,0.5099328271792816,0.4966130411425976,0.413741540664936,0.42413448529998676,0.5050514156371416,0.537321572482626,0.5023153187095276,0.5299520734168798,0.4570189341978456,0.5603554176290716,0.49292455671111896,0.514692366592588,0.47463187120822387,0.4592032340014681,0.4959218679229054,0.4590514017387182,0.37910895612013873,0.5212434930257205,0.4765652683403128,0.5054371239290917,0.44647802043454093,0.5489100972837351,0.519229043427368,0.520511830595031,0.5297889703216131,0.5546356921994858,0.4930416655146813,0.4595460681731572,0.4655282117690233,0.4516924374460848,0.5404564733069324
0.5962783838900397,0.5153422675956731,0.475786773729582,0.4783121797846752,0.0,0.45074132588967475,0.5482921383735309,0.4496346618330859,0.5416389965414259,0.45599220948538594,0.5661592476680145,0.4973337863620346,0.48929421168634724,0.5102765713443032,0.5335966880053867,0.5138603879094201,0.5070372697207822,0.5726128553080323,0.4700354282818567,0.5711662900585649,0.531160509230431,0.575135783660023,0.5188583298040834,0.5068399929258782,0.5416735638446849,0.48774970390897243,0.4578221091112666,0.4581639539249351,0.45823947785008606,0.48073128629345846,0.534708329368909,0.4783475609641137,0.48044476573138456,0.45936505080512635,0.6363608786276448,0.5226664083147199,0.5435840644328794,0.5614162688299763,0.5072299899380217,0.493228592160003,0.519862933709093,0.5150150209514305,0.5240662913758906,0.577949315411518,0.5004080635345622,0.4773399389687643,0.4939623114516023,0.5593300286309375,0.5774851457208955,0.5482492937169489,0.5273066505117601,0.4944950772277002,0.4496004401357475,0.4854433009988268,0.4918675154576217,0.45969192448187957,0.5258704672867833,0.5251451170225401,0.5445855800378095,0.4969768035721527,0.43070829679652384,0.4220766506693999,0.4641637681046228,0.5215706814223784,0.4855660087245259,0.4372803052325507,0.4972508608037207,0.52655167251681,0.5189011507037677,0.5013239700756845,0.5455778756533545,0.5251785697418261,0.4926704886204925,0.5083691175400873,0.47134610836908286,0.4467836546166104,0.4591819948779846,0.5523344912624333,0.47302655829760937,0.43020309830747183,0.4477283683613952,0.5414081919492881,0.5291002278898382,0.4557256589705535,0.488430140192002,0.5473069518953533,0.4617785243217953,0.5282775096861576,0.4525165392895225,0.46315190273020435,0.630855138875021,0.5347067509685435,0.5615329565477413,0.45208366619439344,0.5413218562519112,0.517767043923441,0.40597843195360384,0.48357979204340773,0.47648935560315336,0.45954916416834,0.5006105697993671,0.4178257365072055,0.4923094280284315,0.4962673820212877,0.503049086165438,0.4849665513286145,0.43222916329925803,0.5118538823583134,0.49642820847270547,0.5160155153932044,0.5101346354357493,0.549230633475296,0.4843335429959696,0.49390500306595986,0.47413467941505005,0.4867423857432412,0.46796472403470313,0.5232652246316469,0.4667430965917095,0.47727339092769416,0.6211352300623628,0.44189657408635696,0.5169052626912813,0.5320592496386294,0.5439885108951572,0.47934229464009176,0.4431243162385978,0.46403426211471277,0.4752638174310476,0.5169405063093933,0.45328322997107506,0.4675374372480284,0.46110950142051815,0.5529686939390092,0.5187164554377431,0.49142772694404596,0.5084047898697717,0.5497229365664917,0.5310066716531583,0.5614925333959426,0.4714041527071238,0.5087688286281604,0.5448315546596151,0.5224298845491956,0.566329533803017,0.5669628940593361,0.5634014232953153,0.4492805063047074,0.5282160847518715,0.39259679067342096,0.5331290724624591,0.495628232134498,0.527715758436635,0.46721331435918456,0.5252145778458498,0.5335230574822857,0.47047641512957206,0.4819947820177003,0.5068166966519659,0.4496801505596047,0.42514775616045714,0.5360847457383477,0.4701673228570564,0.6724485954251274
0.5263373092982995,0.5531801874180016,0.5563275756270257,0.48714771275617075,0.45074132588967475,0.0,0.44960107126465576,0.5905999161515717,0.49605399897738683,0.5224120246486259,0.49006294547488266,0.5624647758742718,0.55729536151028,0.4546140438215598,0.43007198756187753,0.587306084924256,0.5711082988608587,0.4790904824814164,0.5420596389591876,0.5351654889793218,0.5873421111373136,0.49225313586939773,0.4444348755677799,0.43877256251171654,0.5815093746321186,0.4540543723597066,0.40937643669499524,0.5020628193792858,0.4322991037154565,0.47465649886913913,0.504782348584946,0.6128689613856036,0.4728010346502446,0.5260969290318425,0.4675654895155289,0.5045163551697837,0.5142155663129967,0.5029381161821692,0.461763691120465,0.4380961928104673,0.4818927341423166,0.5451630908065703,0.488141367412118,0.4873565961892514,0.5386814750072759,0.5246163387724063,0.5110891159268017,0.4869522481586026,0.46815243427249487,0.5005889761489677,0.5367421565820825,0.5741055962134733,0.4706166470241727,0.5140048216003861,0.4731320451676188,0.5357130918816323,0.5226692739474657,0.6358311929710005,0.4801363262627744,0.5174122499251922,0.5528355612666846,0.4886849987258188,0.5384576215189998,0.438985216435532,0.44751244817264624,0.5035479447762925,0.4919981641221644,0.499134590714289,0.46308643753303297,0.5358516068225166,0.5180767607527188,0.4325695745776846,0.5068935445858601,0.5579391467352723,0.6148026233281353,0.46816387450966696,0.4904393565743914,0.4873662982015239,0.5055120164306243,0.467757505036245,0.5514429551826237,0.518101542401333,0.529953768493533,0.5263018533301264,0.5157173185441781,0.5700970167938283,0.5329410821498326,0.482617640075931,0.5590591719447974,0.4826487490978083,0.5110585022712806,0.5449802939617506,0.48827591227029077,0.48194211658250197,0.4889479503851219,0.5102621590431532,0.48527709418995585,0.6017832260690166,0.420305804317455,0.5483213020016514,0.43194801888109413,0.4835735397716372,0.477668036272332,0.5086103724754003,0.5229902041681271,0.5735453060169244,0.5631698219990815,0.5669632033785509,0.48418944551985477,0.5455622298738311,0.5245718891367338,0.46778454575230605,0.5915127173811038,0.5121561280930563,0.4848787743181702,0.5222059618067122,0.5624993830416691,0.44185655900938703,0.5499376870680233,0.4841482622897139,0.4367458275939378,0.48940170654426146,0.5349059785888213,0.543646443376282,0.43390806254183795,0.5101320642234493,0.5286765366367768,0.4915128897511336,0.5623503361408215,0.4320994244813391,0.5302741125277209,0.6074234016563244,0.4622345824787766,0.4936669911654151,0.47700945163778885,0.40731833091190656,0.4887609416598483,0.4119973445600293,0.4381525419538582,0.5177252554751776,0.45525548732619664,0.5287805068521306,0.5597673543676254,0.5090124076878034,0.496718737927285,0.5046936840182044,0.516951966880706,0.5247019954880814,0.572651532379736,0.43769229841141727,0.49019209830405647,0.499824843009281,0.46767733205433737,0.45782846614854505,0.6045937159318943,0.5135291484678386,0.4452040034129639,0.5829906999867214,0.40440061866708404,0.4697293820448871,0.4525865372301804,0.4974134702858246,0.47742971497670905,0.47881999611590126
0.5410245859923246,0.549599044408384,0.4492555624953399,0.5294482714508372,0.5482921383735309,0.44960107126465576,0.0,0.45168459790583554,0.45730829094469105,0.5001910888673069,0.5249718375173413,0.530886785326371,0.5210600170948297,0.4804361057443291,0.5646097064068603,0.49709921415491304,0.49434865732723504,0.5335462123434909,0.47805303979631497,0.5088145466211371,0.5030421096587328,0.5027423334228233,0.6820430619933223,0.6044471923989806,0.5727223489120966,0.49834151876661004,0.4924141177827718,0.4951685753034445,0.4761846750148212,0.45966399023969967,0.5263035544925214,0.48773518975049973,0.5310745573696652,0.5521497346332923,0.5320098169025822,0.4728235712123847,0.5739085164086852,0.47372019047461367,0.49749476982874413,0.5878306848297487,0.5130583259130124,0.46862052068425897,0.48089592120449726,0.5381446672478845,0.5416966809597984,0.5316779073091306,0.4829113102793474,0.514590342570117,0.6922122609185788,0.4708557252109779,0.5324108213141167,0.47775732875219645,0.43453740077743963,0.49636916695576877,0.5040106758746545,0.4659525847404164,0.5050481065282307,0.4759886542246769,0.5500755647622874,0.5180437866768873,0.44645533617136907,0.39860369149422425,0.42238539676033543,0.43613543212705774,0.4423090668489189,0.43844294487975427,0.5503182927644834,0.5144283414447111,0.44201201302646154,0.4715165781913991,0.4936741150570932,0.49009235474213,0.4384474314084388,0.534560518398725,0.4376240329967841,0.49441952357783847,0.5011054717873551,0.6186708788933549,0.47575570926047694,0.45431922551305426,0.43562807349123184,0.4841588501640871,0.5581838065296695,0.437104122509799,0.4570622229272562,0.5155474181675247,0.4361120786299821,0.5021579885821782,0.5054371162785183,0.4923477907298372,0.5206748347389112,0.5323398167660847,0.5310721763239826,0.47439451926269094,0.4901025361590472,0.5272841391666108,0.37971503483905833,0.48584174133096225,0.4111506049828742,0.531996524741178,0.5063313137585662,0.4203404792310207,0.47872907237669765,0.4995281149035961,0.4468452906475903,0.5006784469342704,0.44162246954429,0.521293995312443,0.5662303316323589,0.5840548064844424,0.5584359820810383,0.46980981182531484,0.47805307962056864,0.45807182835659876,0.47645137081821,0.513867388754237,0.4883770757037802,0.506518873284543,0.45726223893794843,0.4407383028450295,0.503739007720024,0.42430565510258045,0.48121402073752934,0.6265100395717377,0.45007287488656833,0.5423021072058635,0.4226947707284275,0.49333188137598893,0.4798836980472845,0.49604101991915517,0.4268052405259535,0.42072340449027673,0.4655124113644065,0.46778076026425797,0.4752524311994019,0.4335275718248637,0.5323658724548288,0.5607292188878097,0.5498859400774254,0.5470876440361933,0.4897094418888014,0.45499774760749395,0.5573911486367398,0.4387077975348703,0.5333298479809477,0.5400114416740265,0.48298691942643796,0.5051932593003765,0.5026911973753682,0.3559032740438066,0.5124624678926286,0.4925296924213524,0.4714835093688954,0.5112957045231785,0.550514570379927,0.5422389227535392,0.5670657176820283,0.5535620520199468,0.5624125918885169,0.4795903325808982,0.44850381196365496,0.49916647793618346,0.45168773316232924,0.556753363091009
0.5206086275419141,0.5195599218781121,0.5616393671890821,0.5000292120874155,0.4496346618330859,0.5905999161515717,0.45168459790583554,0.0,0.5061485441259921,0.4986115531747628,0.5118168670491557,0.5355441287125283,0.6222023963484519,0.45171200458600286,0.4727946762504587,0.592585590241755,0.5116577890792539,0.49469067330131533,0.4723226627623922,0.5180579231048283,0.5263843728185545,0.5207113515119165,0.4502354331348435,0.4571238360102436,0.5515035223612565,0.5003206237614314,0.45910563501716245,0.4824545610585095,0.41591740459013826,0.46638373313979536,0.5289100581127003,0.5400392427864581,0.502934165548753,0.4953446218689635,0.4543975449277695,0.48814739431654575,0.5853019668990369,0.5089236581259868,0.4835994776569862,0.45791397397263395,0.4717768830124861,0.4840266265091232,0.5129865591076708,0.4661574592547761,0.643188582891544,0.5492866854272189,0.47089476903475386,0.5008490075731695,0.4687017836828087,0.48616436155991727,0.5212829812246699,0.5037923602587377,0.4224187136311156,0.4991744081077401,0.478079852934368,0.4864110860471921,0.49431002099715815,0.6088392227607593,0.46091296411466637,0.5106800603590338,0.6051031891520017,0.4563645868890225,0.5126390113430285,0.4171241083276694,0.4235890239252386,0.4828126972261341,0.542650477616798,0.5509660968411202,0.48777424325965757,0.6516693629110885,0.5434444432791172,0.42797854322822404,0.46250307405831925,0.5768134925864502,0.554848417069933,0.439505172365763,0.5362752995337945,0.49163791664664014,0.5372498301721921,0.41819599463448986,0.4700197064440779,0.5121112233818985,0.549576080929031,0.5366560996732413,0.4645997462928412,0.5994887003420161,0.5918227062544437,0.48812971834764374,0.5508386605358008,0.5265983342931179,0.5066788165610273,0.4912877506195695,0.47036579162674064,0.4439330730026428,0.4617693125328582,0.5277042213722609,0.4650317336187302,0.5062137106857404,0.38884048445686503,0.542415454898569,0.43919687487582315,0.55475669736919,0.46083761102003523,0.48497752673869154,0.49748110219796665,0.6016994166695495,0.5234757746088187,0.5219120335927175,0.49213289044500536,0.5138633344467903,0.48020712366340407,0.45184165906520724,0.5379486885140802,0.5041490283445856,0.4848467338248685,0.5228564237565281,0.46441495643916064,0.44391313481299505,0.46728696849556234,0.4611157273061869,0.437956147487267,0.539369135703299,0.4612882445454386,0.5367629935239823,0.4046246728610002,0.5285347760564271,0.4669793324761075,0.5954822420833165,0.4970567491344488,0.46636302143150127,0.48905450477631535,0.5421729940136641,0.5046909963893425,0.4657349671957356,0.49118421615076957,0.39477488847134007,0.4935705758517436,0.4362633262197033,0.49144438231610593,0.5369284153896466,0.4709572293749678,0.4743900120207705,0.5117434532608566,0.4711930664070406,0.49503359275768166,0.5019039350968221,0.5342635952020082,0.5159528539015479,0.5251812287984631,0.38529552894459945,0.5056847956581764,0.4423868816128563,0.4609812628842578,0.4897943003603826,0.5656734549670965,0.6001171880721453,0.48176949519885304,0.5902337719068538,0.4140734789965874,0.44493163131107266,0.4328861953446642,0.4446621393553898,0.4472214372194497,0.4792997225847421
0.6209773760550654,0.49348064510537815,0.456055854566092,0.42078388739696765,0.5416389965414259,0.49605399897738683,0.45730829094469105,0.5061485441259921,0.0,0.4365730481881425,0.46471063073081553,0.4931570556037672,0.49151589262602946,0.4521999927074741,0.46392865856827786,0.49806423566519625,0.47449052193982105,0.5222897603960561,0.4558683829668173,0.5706098821928416,0.4922444249764903,0.5065763074778115,0.45727475734072826,0.44043484942094113,0.5303613580433845,0.43760989675332485,0.4275413188163376,0.4392674679172114,0.3822178519432938,0.5634063924024365,0.551925299444796,0.48682184375148646,0.4273723333596107,0.45265773012632843,0.5262309487337429,0.45670612318552906,0.5268886768199231,0.5104913851706592,0.4444003901113279,0.4213110723570567,0.4394953552313819,0.5803780976291082,0.4881964170311913,0.46971800309479256,0.4990710056571894,0.47977624306884104,0.5313071515822445,0.4583923150566075,0.4777059142631763,0.4987877563252024,0.4792504017138895,0.48292057332075744,0.4282729657343229,0.42499518166424927,0.41400547822939804,0.5487401516320352,0.49722251367208653,0.5410001522007911,0.4546038470958758,0.47255855085282256,0.4274343112810963,0.4372021071503987,0.4585813429810589,0.4468512156043888,0.45755298885400236,0.43814077364795256,0.46517734425874174,0.5385646653074516,0.4737313184597644,0.5284904688647585,0.5488246098310254,0.4522405440941698,0.47330148179526155,0.4735469077142238,0.48550783409037335,0.4474675990130942,0.42763339087140295,0.47092084198782885,0.46702414985109336,0.4138194889793098,0.4431151077007034,0.5587227574295559,0.5738603685322783,0.4478513843689735,0.4679527846965439,0.58038483208579,0.4988322770111478,0.4952546675486897,0.4834074955323964,0.5348719917936279,0.5490042277326291,0.5480829821526324,0.46055121297898455,0.4368998650977393,0.4765384821022707,0.49964589305459745,0.4157769198998531,0.5099377981411714,0.4457271626889429,0.460831816535159,0.4309763554517737,0.4203129018103065,0.45217501567005164,0.4610771885202705,0.49567385655053536,0.5129654586142983,0.42603316532697516,0.5153928205852727,0.44906958580490436,0.49027390462163384,0.45162291225324375,0.4850401517007495,0.484676845971707,0.48571754327252714,0.44658101465366556,0.5035432590772391,0.4725615927527012,0.4479553231999822,0.4142951414817687,0.48095581967236617,0.4915324231652635,0.4495741083434219,0.5019664617083686,0.5023947826556399,0.4857181123296558,0.43115262554941536,0.4526484209302066,0.47617990130870885,0.4283012012914314,0.4477737294374438,0.5696871941117441,0.4877993931246376,0.4489215501850419,0.5226656100277709,0.46016294562302296,0.4302442242840019,0.5373002740743495,0.4422782601792668,0.44041094553901533,0.5297423569114202,0.41625053268529455,0.4831367862583293,0.5304213592567051,0.4751017621039616,0.4814085229612729,0.5808935070531587,0.6326254107736945,0.4364062951269834,0.5140331333545042,0.38688868733039566,0.5075633829312991,0.44706654732250745,0.4676884995608034,0.45642193307915646,0.5040604699765346,0.538319271879559,0.43661012280303196,0.4956679575252823,0.40631725935678686,0.4218901118249348,0.39666763890560575,0.5098163894585784,0.45812966992470155,0.5546813368263566
0.4706119522661429,0.5705935178769638,0.5757227378494949,0.4559274211304426,0.45599220948538594,0.5224120246486259,0.5001910888673069,0.4986115531747628,0.4365730481881425,0.0,0.4931726035009106,0.5243519250922606,0.5524020250151174,0.45844292779029844,0.4459460608894212,0.563808001429686,0.5149238456877316,0.4864847679503229,0.45004443245117154,0.4730390289070251,0.4869455103642609,0.4980508108578362,0.5128151920406304,0.4589102887085675,0.6213846287714172,0.44293587913194676,0.47190949343779226,0.4806743573987812,0.5491572867862072,0.467290026655196,0.4688202154950338,0.5279684307594783,0.4651836960441256,0.4737869377653163,0.44406296433359704,0.45588012891567625,0.5250519002111551,0.471106032085419,0.43257357319366574,0.47704919072638885,0.4637593553624766,0.48738757957925843,0.4564122274793742,0.4560412165258498,0.5158229887608295,0.48977475046952634,0.5010704581280007,0.48367038083669345,0.5143047945833402,0.43354345517293286,0.4615714017960514,0.44891845103792377,0.41304842353586346,0.45813938242536595,0.47441592026598456,0.4931250140237182,0.44484677834238034,0.510160155366212,0.49795887558909707,0.4645403177026255,0.4631700451271941,0.4053324106515808,0.424875546306263,0.42999034689573945,0.392984295492838,0.42076573395114164,0.47671540990826916,0.5054278575398464,0.48520404434306247,0.4992751940372297,0.4483927838078787,0.4330621135830517,0.4202593361637091,0.5055722718335676,0.48738584381419486,0.4549839685675512,0.46258230790709054,0.5583875909232833,0.45049173528583264,0.4367149163055144,0.4811215216354734,0.4227283851795855,0.5657129601996242,0.48145591360131,0.4305048490432611,0.5132803150513578,0.4439990031274406,0.45341533497067593,0.522003681914692,0.4581337236777164,0.4650654933494157,0.46937764547561583,0.48422291062632944,0.4143480229826826,0.4416106004876332,0.5643878593928041,0.38016545935062623,0.5112632282301368,0.3814773832102928,0.4909993596686838,0.438789629828632,0.4307151011288116,0.43130814626773567,0.575165971116328,0.4285423486409344,0.5125693583347347,0.4601795081056153,0.6118210408080055,0.511907220455408,0.5575920638642762,0.46437510297499585,0.41735767012435276,0.4712437662855167,0.48327010718068897,0.4380114287063559,0.4868620631944278,0.49244133769324505,0.4933313797193783,0.4939183272563068,0.4444520987962693,0.4190933682156039,0.4283727768956197,0.44952507709287354,0.5207276136262603,0.3994802220842802,0.5797638243351528,0.41875849910198026,0.47498938406032915,0.5401295045342132,0.4583112103606929,0.5011047767020212,0.4611683292387592,0.4348866806497469,0.4093980119448637,0.4390012358368023,0.3931843031096727,0.5198357950485072,0.4360795066668996,0.5138816531552584,0.4923199396456942,0.4730224394779152,0.48115519592922074,0.4792589102208411,0.43659608758892166,0.49798999407380284,0.47435231654257115,0.45002458700450026,0.5728191371296448,0.6482988912442916,0.3958025671319747,0.42292607974863367,0.49424820833397887,0.4260432167581994,0.5562946710218202,0.5709271046228088,0.49160481220261554,0.4676621311515614,0.5786350143633789,0.4271232516352629,0.4341341343912172,0.4987398048549574,0.4542520956367954,0.4558054494801533,0.4420763932752909
0.5463415607150283,0.5236044746145722,0.5351866716989256,0.5688544299929421,0.5661592476680145,0.49006294547488266,0.5249718375173413,0.5118168670491557,0.46471063073081553,0.4931726035009106,0.0,0.5303638930171667,0.5700709045477873,0.5180849283522275,0.49885127787287187,0.6269762674226559,0.5930921962032303,0.5571955645222585,0.5234219321612552,0.5558822110629963,0.5583708874206157,0.5925567211584385,0.5341407166225773,0.49948907454801283,0.5570361212660526,0.49996180605674134,0.5133690732871711,0.5748158604455474,0.5065663325014257,0.46451043132955605,0.4979485158318144,0.5422360047421872,0.5131442282613177,0.5017694923273169,0.539970472519809,0.5457481634894243,0.5614576589510534,0.5650010195900507,0.5488406845645212,0.5240174645347571,0.5161373468012448,0.47872369452002017,0.5249693844727727,0.5354930902543209,0.5470081669492441,0.49635403767500097,0.4267266868763137,0.5942098221153216,0.5913895301335929,0.5417937411745894,0.5736079982905138,0.4912485070425451,0.4536197235369752,0.5664663098979235,0.6104367159464958,0.41773262735845906,0.55102536473212,0.5987486152000672,0.5576386894800206,0.5441182592136045,0.5424968836512127,0.4267338349281084,0.5004998510297104,0.48676780141375225,0.44960167393861683,0.46022749998042445,0.5356778964158064,0.48372006875903795,0.553493290877699,0.5685148760299257,0.5041652991833888,0.4882580426254224,0.5106629561233775,0.6119115336448251,0.5536792205420086,0.43986113888997136,0.5857108480769856,0.5440158729277598,0.48547818540066157,0.4317098731246142,0.447424129675738,0.49785336921819895,0.48854362635284204,0.504939092783471,0.49495943104687623,0.5269288897075037,0.5061887457821818,0.5279960463197317,0.4859220616802437,0.43222730611576105,0.597868127046605,0.47550881134755246,0.616802529382285,0.4748843444012557,0.527819231703823,0.48864937158012645,0.4296071912433344,0.45670876414099776,0.42364939429520104,0.4974339144515546,0.502276141878499,0.4954379093876378,0.4775916143970127,0.473530236488194,0.5130293299817673,0.4958921922137017,0.49490501102638823,0.5214609382270224,0.49929298854524706,0.51209631263497,0.5592047453739322,0.5089182882537645,0.5187123797364936,0.5440454179243837,0.49453761353727294,0.503832755359833,0.4703135432415513,0.5567551915590352,0.5225114937121811,0.46516716543427883,0.5264096197847861,0.472133948955887,0.48617142511441563,0.5374941940347127,0.4567097240845145,0.5410487464459393,0.4569289226042177,0.49495536422411995,0.5331237255651374,0.49221950920242463,0.4310540945295776,0.5058671997259376,0.5278899904102092,0.5111066546411185,0.5392646944589035,0.4315162426107652,0.46162694204396465,0.49801271968080607,0.5775734326191271,0.5567988378035199,0.49392030374295703,0.5195624214750233,0.5363113745700627,0.526708624436158,0.5503183255506297,0.4861989653611519,0.4826873118718737,0.4774904188182088,0.5210332549287624,0.40774459915029804,0.5393143370365155,0.4946006798077369,0.6045531690244224,0.4497611571974028,0.5349890553160864,0.5329785284150824,0.5522848464387567,0.49923879292959966,0.5093016791882564,0.5038571611784204,0.4263414131320908,0.48352373319738534,0.44242010139604565,0.5904444878591123
0.513378917609357,0.578282731979402,0.5146891146380492,0.4815528952709299,0.4973337863620346,0.5624647758742718,0.530886785326371,0.5355441287125283,0.4931570556037672,0.5243519250922606,0.5303638930171667,0.0,0.5073861183876096,0.4240659014855529,0.48750659997665285,0.5396011862976368,0.49651675946452123,0.4584011784435804,0.5671666160109989,0.5321353476499742,0.5495061276382579,0.530094684863905,0.5026050336067983,0.5160298058470425,0.6252511351471328,0.4411790697472743,0.4279245518974678,0.4773997346172478,0.4527447682856187,0.49183946330480577,0.5771410488274269,0.5435262444897614,0.47538848684916807,0.5721104983645694,0.4868460427688921,0.49198278621540464,0.5444173079844948,0.4621997731623955,0.5505276687928163,0.450225424645534,0.4697230323830668,0.5150891262892212,0.48071629607665295,0.5136814019999146,0.5591454612117863,0.4856673775567598,0.4675840208670779,0.5289397027160497,0.5273632602815258,0.47112882607387363,0.5115361653238086,0.47719419661341816,0.41225329026639124,0.5244849727675677,0.5085889962575973,0.4880438929978057,0.49212634363579905,0.583142327270005,0.4709604976612658,0.4899504616088012,0.4909784186784887,0.4047635383449916,0.4405650025472857,0.42662902451117585,0.42413130255017223,0.43362050251428225,0.49032106351450294,0.47987790357851645,0.42487546413838306,0.5014061890625894,0.483996233379795,0.4225787485645128,0.43989214501334417,0.5212359432099074,0.4805563070891787,0.4399531995898297,0.4967193520621308,0.5166705185763676,0.45422943889717227,0.4177809429631986,0.4380008355933509,0.503285896866516,0.5490198987652175,0.43557824068483547,0.4527513618231819,0.5259844616078455,0.4915048419145622,0.46136044720682384,0.4893273668601297,0.5085544474009717,0.4860797482555177,0.5492446781783551,0.49962793251678406,0.4493623817401423,0.44735158186786356,0.5612130378955213,0.42430729385392213,0.5361658821194195,0.3971538184002103,0.4902451481503748,0.4471279778351196,0.47146041351558293,0.4546517699382099,0.5288992175957354,0.45302203777944644,0.4956133607664007,0.47102127988759585,0.5303665604647178,0.46744657897350395,0.6296485546056689,0.5907229710703047,0.44890958612940535,0.4826063468585281,0.4617950028288683,0.4299454038769457,0.4800293674605356,0.47690161864634323,0.5161802473430745,0.47732847192055483,0.4245243380972263,0.4457250176059275,0.43013672794018387,0.48108903038657125,0.5492556556854971,0.42237480900147933,0.5462485768845612,0.43200642426965646,0.5398645233127133,0.5118870667792405,0.42428538492991574,0.4681907138373972,0.47406819833434494,0.43721551001871567,0.4747551423032968,0.5264412175309717,0.39801908985844836,0.52150249132045,0.4387490736450695,0.47464953811198113,0.5441588101080029,0.434997004149509,0.48000400841410307,0.5352685674358303,0.4675776087825556,0.5092836002076545,0.5178566894650342,0.5487897431429565,0.46809022562121033,0.5705676442091715,0.38446687143897496,0.5137952665906664,0.4555404253101358,0.49306529305784885,0.4845493070535854,0.5973737849706294,0.535649185503807,0.4893057502572843,0.557641766648176,0.4220593791858871,0.43693838461832296,0.39706996164511144,0.46347145994461175,0.433736821471058,0.5018182194828342
