0,1,2,3,4,5,6,7,8,9,10,11,12,13,14,15,16,17,18,19,20,21,22,23,24,25,26,27,28,29,30,31,32,33,34,35,36,37,38,39,40,41,42,43,44,45,46,47,48,49,50,51,52,53,54,55,56,57,58,59,60,61,62,63,64,65,66,67,68,69,70,71,72,73,74,75,76,77,78,79,80,81,82,83,84,85,86,87,88,89,90,91,92,93,94,95,96,97,98,99,100,101,102,103,104,105,106,107,108,109,110,111,112,113,114,115,116,117,118,119,120,121,122,123,124,125,126,127,128,129,130,131,132,133,134,135,136,137,138,139,140,141,142,143,144,145,146,147,148,149,150,151,152,153,154,155,156,157,158,159,160,161,162,163
0.0,0.5459606292596032,0.465208461466994,0.5460520675029004,0.5468748399313665,0.5241349334921891,0.5710096432547881,0.5296043599933645,0.6544524370282737,0.43976218307612086,0.5444562625318783,0.4731362593766848,0.6114437577207443,0.6115653739839089,0.5903957004866666,0.5455549774460521,0.5761529913842871,0.7278424811333912,0.5388496633782768,0.7014936297406424,0.5869063001385743,0.5575163423467601,0.5571272965289243,0.5930311646367851,0.5660307804632186,0.5595284820570856,0.5231543034575387,0.5758439409026052,0.4163422603241234,0.5486871360740466,0.5894939320148643,0.5640429236814859,0.5788317590794967,0.5476481432062009,0.663597412834458,0.5222029164308293,0.6332753063353056,0.6130038991594391,0.4815482698027459,0.6347521746735161,0.5570356778710491,0.5700260692071438,0.6087215247932295,0.5957610967263387,0.5999879123798765,0.6169731563303548,0.5731451188447091,0.5243274272230619,0.6345360174540113,0.617050205367198,0.6338665712098737,0.6369361883665011,0.5453513075563646,0.531078108725012,0.4951868274826318,0.5780273561026019,0.6830019657034664,0.5242485436835809,0.5833804100400531,0.6030796244707951,0.5270951073531378,0.5277462070087706,0.6144783226608318,0.5143390454267706,0.614669334206087,0.6010836728593519,0.5878789572912885,0.657752383944947,0.5566995118436846,0.5856519118724155,0.7438687331889972,0.6267591134484376,0.5740071489837966,0.5996263501663398,0.5523948769398622,0.6222052749833784,0.5288908726501064,0.5385606859451924,0.5893270268900963,0.5157855923705225,0.5516720337128168,0.6522217449985797,0.5998726186592556,0.5544863374102956,0.5892302345854841,0.6460504522263019,0.5653601413702022,0.6007799866360567,0.5813857929838616,0.5502849770340519,0.6149634664631017,0.5948070423389451,0.5625913702769825,0.6394565837186912,0.6256632577481598,0.5127193269837169,0.5336375712562987,0.558434986658675,0.5336713991853884,0.582463771907081,0.5701281858678486,0.49267853000781386,0.5326803138198886,0.46690776360587727,0.6475632466932566,0.6022030482925753,0.5191431722201175,0.5373112234601529,0.6035117524212114,0.5428491118111097,0.554165143283337,0.5789552989942832,0.592584295291969,0.5128446262986283,0.6238646838057956,0.6008105236312608,0.6017832579313587,0.48410240377682506,0.48985638091677264,0.5381770881206656,0.609679271981485,0.5169851316630165,0.6211857643544264,0.6616048709632013,0.6134277864084163,0.4852921526722099,0.5088285241345545,0.5220398469748224,0.4850498157584267,0.6398503372935213,0.5377589215248677,0.5576421685047294,0.5535338029182593,0.5795461570831131,0.5247793479218011,0.5716166239719744,0.5806518836497538,0.6326025159583095,0.5652449935479469,0.571693383992472,0.5601130039989483,0.5500926817920486,0.6335714639872196,0.5440263474080241,0.5705730484933011,0.5537504142294487,0.5979280317388271,0.5063835675347447,0.5051372363392924,0.4189180501189632,0.6549942294432812,0.547700155764136,0.5487218368111864,0.49425698188266837,0.5379032221046597,0.6490193112577812,0.6194753574833507,0.551540304827936,0.6291955108482086,0.5770009507903193,0.5167391601285878,0.6633963630125708,0.5173398554902465,0.646239645054488
0.5459606292596032,0.0,0.6121169052936957,0.5382273345525613,0.5080033904907253,0.6431655173127437,0.5433470904514356,0.5877181371498942,0.5341535514711079,0.585324206604622,0.5947296251720652,0.6352858209100972,0.5840364313812606,0.5356144792206149,0.555978765725095,0.6202788716830978,0.6029339581740041,0.5356722992506167,0.6505599970114873,0.6159314127029645,0.6308673515105022,0.6579893308115725,0.5404393795488667,0.6175609337972064,0.6664552328579851,0.4758452167231995,0.5216346418895463,0.5740583483561915,0.5607140816622247,0.5472201488784332,0.5994304716363019,0.6094755847219087,0.6147173502966622,0.5538410719964468,0.5497400050897252,0.5761463066561661,0.5626919473954538,0.5709399533393628,0.554032915254208,0.5742681691207541,0.6126823839867318,0.5627493450756177,0.5329090040507313,0.5765085827665143,0.616736824122562,0.5389439919623216,0.5340837458681271,0.5562428301606842,0.5824049908796477,0.5393257427217799,0.5465353419922714,0.5473864103801832,0.5041154609760737,0.6381037618789511,0.5821355337190629,0.5649863236790157,0.5569481644288758,0.593342736495214,0.5405992854396299,0.5679830241827803,0.5734240794017423,0.47304654209598085,0.528824118264768,0.5205502704856192,0.4843293577291391,0.4969301531556689,0.5140424693852322,0.5259685886894483,0.5144081472391929,0.5569237184151526,0.5340937833768536,0.5169552188491471,0.4746112134773736,0.5707460402761906,0.6044334756684518,0.5142616056365519,0.5143994245699556,0.5723712946197361,0.5133887963039148,0.47209991878398927,0.5631951219927611,0.5195646164368791,0.6392243229703399,0.5557434709889392,0.5066989033864995,0.6334559179299347,0.5151414555886114,0.4838255215647284,0.5495507805935835,0.533508335948126,0.5064966311206578,0.5641171203050359,0.6061671048396989,0.5235269734023597,0.5144625697786517,0.6307063789731859,0.5448894294942569,0.6159732228406078,0.4635144743252437,0.525104743103179,0.5450674711599879,0.5031752597846638,0.46427398262538294,0.5891680010598309,0.5304915273724825,0.5493749248474852,0.5458947423559295,0.6085159096767473,0.576300998769,0.6522976783380248,0.5796445370613192,0.48612869885084786,0.5080284723095293,0.5126222035991376,0.5090441883672933,0.5454361531167984,0.5783036508262627,0.5500719900557626,0.5577516135650783,0.48696031877227963,0.5027272058797949,0.4747380893905357,0.5323071248908212,0.6085797624356961,0.49083579939460475,0.6458347043528535,0.46250973128696804,0.5766919417678412,0.6415884999756134,0.5465243274708628,0.5841327765120499,0.5811095387690958,0.47841041648002813,0.5075287726789202,0.5774158804756442,0.48937623599297,0.603307015208355,0.5314309535583785,0.6238504932624033,0.5678900128066294,0.5562946586623365,0.5927941520381022,0.5679991731956262,0.5586639747943017,0.5869417898393122,0.4653363325692955,0.5957270850743477,0.5669865310607447,0.6795501499912485,0.4897530758933772,0.5206592842168046,0.5834614706224802,0.5684174109550612,0.5726359996142409,0.6323030852075282,0.5684903903520345,0.5763563864233622,0.5937916300153444,0.5250005766378786,0.48500947851495374,0.5242833351248387,0.5424523984805837,0.49953487173633887,0.5110772884826413
0.465208461466994,0.6121169052936957,0.0,0.4999342954610653,0.4667403333333972,0.5988550946672333,0.49021599513469616,0.5705518372763188,0.4476123878593716,0.6728573790604658,0.5845128731476017,0.5906471247497516,0.5598922072082108,0.4742024198689837,0.47383713220548535,0.6416737825714742,0.57739514778979,0.4782744716579388,0.5603772974313248,0.5074254458133833,0.5808027431309624,0.6195065099634046,0.4948224483962297,0.5122457735342169,0.615268286036421,0.4501267211264584,0.49794837964950195,0.5358974342116005,0.5611022509672491,0.49330558540169633,0.49065310719204014,0.6103974704015134,0.5129506606834804,0.49958141820582325,0.4541123572016998,0.5267759070631599,0.5145803404422754,0.4985934636757164,0.4943447912857526,0.5095649478121829,0.5016433091074007,0.5238953011584636,0.5061757853672555,0.4931909761656004,0.55911430335129,0.47982440903375134,0.47906230342057915,0.5328667795983563,0.5231195722734631,0.4846716595550751,0.5030954945892968,0.47744376808912947,0.4354801729195579,0.5901154011068527,0.5789472000486001,0.48026470858445264,0.479731615156616,0.5852439770854457,0.5133470720513228,0.4912567397912676,0.5654132278571519,0.4359447422421116,0.49544971349585765,0.47970352339994854,0.425638722685507,0.4548050534928545,0.4750932084710779,0.49161940646437324,0.5383270726237138,0.5382965586660547,0.46842939146746027,0.44082884537645506,0.4488563604991533,0.5613615649825134,0.5681761698917737,0.4379733933679205,0.5344313695574325,0.5294049637759581,0.45014592621989574,0.4171593167680967,0.5047773412018762,0.45307589838538204,0.528366397127243,0.5024126036018172,0.45975635083097627,0.5137745924471843,0.49371341659846996,0.45428784811975176,0.4920806843952622,0.4479456121953812,0.46957306610502747,0.47349228246189734,0.5423360736011782,0.4421705304782108,0.4597289315777678,0.5560643642231446,0.4865358827094206,0.5317526630841852,0.40557506376478825,0.47757555099192645,0.456764131674758,0.5468035736996596,0.43945060531635954,0.5582606539479084,0.46999740766057335,0.50484010147695,0.5449954083467312,0.5639007251555442,0.5059281766124437,0.5741566634139393,0.537169592343925,0.43833481114368816,0.4756132653440764,0.4857234422265923,0.4413598244785179,0.4741668225196471,0.4886727929520832,0.5663431441161124,0.5909842445409823,0.4363119531798819,0.4334087358742095,0.4489137542721462,0.45770391203139593,0.5088991377394212,0.40927995810606704,0.5993531136709604,0.43904031211826944,0.532945596183647,0.6254726127635457,0.4803573427805665,0.5128932284109446,0.5699215289534281,0.43125373408253104,0.425003342934529,0.5209540836552282,0.4174831929617774,0.48508626653878184,0.44896551164265214,0.583345582148838,0.49454887103113676,0.48825000158067966,0.5461622188492298,0.4875187923703737,0.5243559284629364,0.5185176702846206,0.4384818413609718,0.4918433741493739,0.5234579467127084,0.6596405500320809,0.46348983416012063,0.44760949975947933,0.4895330701998676,0.522242801564758,0.5790150843707287,0.5701842484436819,0.49890800778396455,0.5037875002132736,0.543585189353446,0.43911723562133803,0.45592072312660326,0.48911997621575454,0.4438311574847408,0.45083592574166315,0.4401803177793817
0.5460520675029004,0.5382273345525613,0.4999342954610653,0.0,0.5200844749223587,0.5505030615112432,0.5909164883182713,0.5728162647026713,0.5203648012387297,0.46585189702434693,0.5715204882580067,0.5309579886116085,0.558842898219589,0.5457806581089925,0.5162562605701881,0.5630331163471464,0.6087760214852832,0.5470833826007014,0.5753602371494124,0.5282700963699357,0.6532225675157337,0.5342401371603911,0.5955414322736176,0.5537619525360009,0.5742250405297369,0.6064980798089291,0.560073144075829,0.6126351062940086,0.43275238165958163,0.5055915851796268,0.5274803092727626,0.5550256124219419,0.6499264039466344,0.6246755848607695,0.5306602191886459,0.5687760114944488,0.5634205249295561,0.5773526364145231,0.5017023444234283,0.6440344116015861,0.5907831287401507,0.5844105610437482,0.5370520808509751,0.5732270576938007,0.5966189985019019,0.5539408910601551,0.49269525141556,0.5015865859751956,0.5911710267036347,0.5447412730401257,0.6460310786660903,0.637661930210893,0.48249013596491064,0.6199077941138855,0.5415073319260622,0.5423747403540075,0.5882079065091038,0.6168024783842121,0.5433719565346197,0.5738788555011527,0.5690325137699022,0.5066362559934314,0.5806261917442183,0.4984223249354863,0.4950787559460709,0.5275402142423373,0.6041451268672545,0.5295908213704287,0.519370421697292,0.5900475106900143,0.5685476527447176,0.5154249690521618,0.5800265867663053,0.6594481674489194,0.5659896666178114,0.48956495967354857,0.6111956025409205,0.5872477464994226,0.5532153808636749,0.48895691895648563,0.5337071391159344,0.6065340587383065,0.5349686861856663,0.5385337136684133,0.6351087728002789,0.5947967053029923,0.5744562472926773,0.5338912463962522,0.5506970684674324,0.5261068383224428,0.6258533144481379,0.6052929494430231,0.544849191797499,0.5239247361927243,0.6277637602719593,0.5153638685380088,0.5217255271383335,0.6270320318665044,0.5012065359023333,0.599296073667582,0.516578599918785,0.5481574994133964,0.615047574703242,0.5038853628018223,0.5891708124786493,0.5721802785752582,0.5752467523801662,0.5733377618957067,0.5639678419892244,0.5296803756177025,0.6634287450163162,0.5875424568585367,0.5897173241189745,0.5748649968193903,0.5472287252584566,0.5852093909847662,0.5508634960278946,0.4612542535541189,0.584577731945064,0.5693910360624901,0.5194826247588515,0.5997770917811138,0.5582647649059154,0.6146688665392247,0.4898374258089032,0.5063173328600583,0.5496085872012534,0.5367791133419199,0.549574433320204,0.5302910923046411,0.5105224508012184,0.595504078738982,0.5238757947575723,0.5704189864666616,0.5043168873540836,0.4416220115999844,0.46588305423848625,0.5417538062638008,0.564163653974169,0.5603977225818773,0.5352507796285078,0.5433811201309278,0.6414732717488463,0.6130488283144355,0.5749503788724909,0.5274121763991643,0.5457658789201141,0.51340200409151,0.5010568572401287,0.45292050188298993,0.5876526053593446,0.5176761307438335,0.559028197378135,0.4999444816364057,0.6340973977872597,0.5698912456421933,0.5395610836159095,0.6081887177454951,0.5784059096335805,0.5934026308349647,0.500265605997578,0.5484312525559526,0.5628738861080268,0.5677862238380323
0.5468748399313665,0.5080033904907253,0.4667403333333972,0.5200844749223587,0.0,0.44710254951883716,0.6230762525668208,0.47220634095619773,0.5610312477225646,0.4347596367443869,0.5527166348314917,0.5177735900172157,0.4760758924166769,0.5202503186538411,0.58668151880065,0.5125433616385784,0.5125638788560489,0.5472786174549449,0.5142223418580472,0.5397878542798235,0.5629491593389018,0.5732050059734345,0.5927682241287401,0.567448844860849,0.5291486256696984,0.5226800453700833,0.5309728372580851,0.4797233958918292,0.4342621393782667,0.5516381057720875,0.5665590115780373,0.49636799243851737,0.5327808290831304,0.5065398175362449,0.5946152594095919,0.5664141435826103,0.5329688332695097,0.566282406506901,0.538985594214902,0.561275182122323,0.5530179333040426,0.5427355501792134,0.5659091886809077,0.59564584952897,0.5290362904957823,0.4894188471808546,0.5177395444475617,0.517272930343346,0.62858028216333,0.5782829238745119,0.5659242384173666,0.5073712204696598,0.45173042414712467,0.5264799009510569,0.5276765460850196,0.48480698665798666,0.5437547680799657,0.5461417264994071,0.5309936533115112,0.5258602451279449,0.4402600899300547,0.4590474219282026,0.48849108801165475,0.5595346299879401,0.509351081957752,0.45073869669687033,0.4986681056872007,0.5230298802028952,0.5251541961201805,0.5089656906133475,0.5535408772535714,0.5487759958720514,0.4876404408399726,0.5255442103365218,0.469318384976122,0.4554887060846686,0.506064656989499,0.591705707176476,0.4806139537583624,0.4263729539672035,0.4480946327301881,0.5783391170483045,0.5356442173916846,0.4476481033640462,0.5238797022790102,0.5379108217156611,0.48004267955624824,0.5378304572129604,0.4618436593009205,0.4879559163450542,0.6354507982123905,0.584490728397749,0.5938826086506197,0.4673685302011215,0.5544159039500671,0.5144537449570599,0.4566242438868802,0.514605418581878,0.5392179993916452,0.46799954614261174,0.5270151723934826,0.4739174211502572,0.5339564988046374,0.4898412547385627,0.5333879671908628,0.4970462407828523,0.462854997047564,0.4945403946654827,0.5247717656725258,0.49673473175338956,0.5636731292003945,0.5955390086944812,0.4611168855858993,0.49762835920120985,0.4785330655032999,0.4903344667229313,0.4701864503573002,0.5389972259518045,0.4666290095809159,0.4905766938897628,0.6397050228839568,0.4790292303109223,0.4959544012830706,0.5464426811715947,0.52431759674881,0.47432536058053115,0.46205661105843165,0.5265882156258878,0.47507297887963346,0.5593205973622217,0.47735534534464374,0.49500674400550415,0.4528572870977973,0.5405957740201759,0.5139296725307646,0.49201639984827555,0.493361322206305,0.626031322002639,0.5764326978772234,0.5783084553739659,0.47152507618174133,0.5325417900458621,0.5607408313604102,0.5878132938941721,0.5731129593045142,0.5427669982024754,0.6177266056557476,0.4491738491513556,0.49863878694324965,0.42481550266011703,0.5516340633647695,0.48497746492882504,0.5871461838431388,0.5156456203506359,0.5295592937262891,0.5308034308081284,0.4845212846035837,0.4924333928079086,0.5399983294506189,0.49020828787872217,0.43442963840310606,0.5204066745541823,0.499697616106515,0.5904166839555367
0.5241349334921891,0.6431655173127437,0.5988550946672333,0.5505030615112432,0.44710254951883716,0.0,0.48903939363211346,0.6274708595346804,0.49189473235771825,0.5599287025918521,0.5681117198711586,0.5554161187757936,0.6474333283711752,0.5113376341175095,0.4762630359006509,0.6437043259519448,0.6180635773644493,0.5069059559684754,0.5863101317900727,0.5471231692075967,0.5983068682575656,0.5538358990842077,0.4938394848154447,0.5284237725289073,0.6274197856002334,0.48686792285363983,0.4969002659000522,0.6121430287158243,0.4997786918402359,0.5135593277338244,0.5180491260593721,0.6294455645051581,0.5733658761942516,0.5512768505473994,0.4845030917086089,0.5114196091590333,0.5666009144084438,0.5363224760143108,0.4787803029183428,0.5395040537793538,0.5326420663820176,0.5530496536593312,0.5025781794123949,0.5232386666225878,0.5864235201042939,0.5325389336207407,0.4985380121583097,0.5261310058134556,0.5213518798089204,0.4889834044699782,0.5323870722198125,0.5665416764790102,0.47773347143494505,0.5849155576882283,0.5306559009719767,0.5729206791120871,0.5309305596533697,0.5957796767212858,0.4969198712012307,0.5296662400000056,0.668442034207449,0.48170584735240823,0.5619627007747486,0.4588826280923382,0.4491741220253476,0.515703765419106,0.5225802467718789,0.5273250302057113,0.4993005410879357,0.5864996732501059,0.5184754926354233,0.4698956798038021,0.4913626502970174,0.5855477750878771,0.6530366398488734,0.5113291053385485,0.5359401280966096,0.5354675376743713,0.5154639195659061,0.5105236800717061,0.6180158998245155,0.4889752605481731,0.5882060100199681,0.6171103272939159,0.5096464338024577,0.5932666928793017,0.5653218500484458,0.4645133319803146,0.5790273039494571,0.5151763556422817,0.48823359756412543,0.5105627295551869,0.5225203483751796,0.5173763469109236,0.4981075651722983,0.5681025348060862,0.5349925286026935,0.6030676568755311,0.4314825311143972,0.549720986256227,0.4958451533688214,0.5246726181361744,0.458358113414111,0.5243870534932211,0.5180601715158135,0.5661175158265248,0.5729383840079297,0.6128907724066176,0.5345376543850957,0.603820688094349,0.552552746490649,0.45911497632750975,0.5659067671559903,0.519530192857548,0.5122536182372798,0.5628115947750473,0.5867580660665445,0.4740979457753001,0.5967869957537963,0.4967010310864227,0.45086824384080476,0.5007252272327258,0.5344965294151296,0.5898494790760624,0.45395201909496047,0.5954808467532368,0.4737946686832422,0.5408056931076625,0.6148548761139104,0.4951784198214491,0.5794384271806218,0.6323947344866465,0.5057217707009893,0.4807790615495669,0.5098330033269373,0.43938911892861443,0.5352564006040246,0.46648262503026466,0.5336188000040263,0.5104552863909174,0.5480996344547465,0.5630505794428456,0.5306493483653251,0.5131533940963422,0.5409603141855953,0.4479881842650583,0.5161813227099887,0.5767075010891151,0.5872744079936294,0.48033482577961023,0.49914985944151447,0.5417188192219162,0.4979613086236733,0.5076790618748469,0.6106422997441047,0.5510841763734985,0.5779120519840801,0.6466392892056907,0.49039310935367925,0.5132169459343687,0.537070671178839,0.5211428324407037,0.4883513693329283,0.4825939360464694
0.5710096432547881,0.5433470904514356,0.49021599513469616,0.5909164883182713,0.6230762525668208,0.48903939363211346,0.0,0.49891457067868455,0.5360629980991442,0.4800690780501272,0.5411404068733057,0.5268073168646062,0.5343542764757659,0.5658826761681477,0.5767663831087313,0.5309021557869676,0.5454654407594488,0.565932947749124,0.5183794917946105,0.5405488297313141,0.5970265529161625,0.5577340115981055,0.675552626503325,0.5964258522112332,0.5929533416932475,0.5856452815334753,0.5516069296998932,0.5174422417728612,0.44255345279290587,0.5192821456941147,0.5662382537347651,0.5580432757462109,0.5801036139874837,0.6006044600083946,0.5878513211484908,0.5763816267423191,0.5910344300296334,0.5427653923691023,0.4991488860232262,0.6617643272467321,0.5511471872216381,0.5923765839101937,0.5701978677143021,0.6117859958813057,0.6006593175451876,0.539260292815378,0.5815301258979729,0.5251548051324021,0.7292809076568041,0.5667413481323579,0.6255175208254155,0.5557029473709512,0.46199430858469526,0.5624644981795589,0.5452841203960702,0.5581195548452756,0.5505206897429502,0.5394480907256002,0.6164001917655157,0.5559001930933499,0.47735853240595755,0.48977338494647754,0.5051084720584963,0.5546687910505338,0.5164350162891126,0.4911712034280555,0.589372975949178,0.5956191147309249,0.5421185681920192,0.5237050232301773,0.5854717460738583,0.557470623490285,0.5414199016722983,0.6008452730928896,0.48196901972615297,0.5031065755570584,0.5660894738902216,0.6490589663873607,0.497370151504564,0.45499897633678554,0.48496928042373394,0.5974149610869609,0.5580316273703652,0.46870669042897345,0.5621384451512773,0.5527757697241302,0.511166464942204,0.5915785899293563,0.5180162528824701,0.5244338846477082,0.6328806890419855,0.6913422209800523,0.5716962939395297,0.4936570543376525,0.5963900992055726,0.5500515561236518,0.4665623536348911,0.6131959727033048,0.5383295463085941,0.5619129696110396,0.5366604851217198,0.5044945381950332,0.6235151267650838,0.519363074988554,0.5503695447620367,0.5486641870478085,0.5070475552280315,0.5415467690052814,0.5930877819599651,0.5574326797239878,0.6524188734623183,0.5908613816619416,0.5360605406876422,0.505535449728053,0.5028125027746662,0.5240156889379407,0.5183109728811754,0.5252110577042942,0.5322202983210661,0.5242344791900142,0.5610382912096049,0.5005382941236067,0.542992350303261,0.6027256452264175,0.5114281029528297,0.49900639308543665,0.5162109508122219,0.5503932300712356,0.5176610110548122,0.5779933325781634,0.4987984763002003,0.5098733867509813,0.46658194489261,0.5192478517399393,0.5077563710218291,0.4758611297588209,0.49685806795313037,0.6300662246910461,0.598597532013247,0.5558512635955803,0.5073427565891434,0.5564108658607467,0.6356978509327796,0.589064620506124,0.5939598877501616,0.656349706234202,0.5713822605804867,0.4845664546996037,0.526869907907481,0.41961043987113394,0.5567329010929315,0.49838673061809535,0.5364007283398484,0.5946392653668788,0.5773642571605836,0.5673012454785039,0.5136172996671012,0.5594041921671715,0.5840545328613257,0.5520393902876188,0.4883128267670651,0.5416978902335893,0.5282438539318405,0.5565591816487412
0.5296043599933645,0.5877181371498942,0.5705518372763188,0.5728162647026713,0.47220634095619773,0.6274708595346804,0.49891457067868455,0.0,0.5428393739128902,0.5232163817092873,0.5677472282813946,0.578408626854074,0.6191499592873403,0.5060024270637937,0.5150741929894661,0.6569101513608453,0.593746887737405,0.5338560105002879,0.5893556987452312,0.5555869476985498,0.6027984257275583,0.561909913037127,0.5319808439515422,0.5290142938205785,0.6146609630503543,0.519079290038061,0.5709879856084457,0.5987730209275983,0.46044624896930086,0.5713694180220401,0.5702956810887113,0.6027287322766134,0.5956311741750077,0.5643351946797254,0.48791912878555505,0.5389576869326629,0.5855944263407675,0.587676730863779,0.523542077765701,0.5493763184283655,0.5530056099709727,0.5450527285483199,0.5554286851324095,0.5138357830762895,0.659007877259114,0.5752758225237907,0.49793429903521114,0.5073531528837029,0.5385337025650273,0.521027083123084,0.5612612113987164,0.5458405277984147,0.47079236186730083,0.5731415616301504,0.5428333324177859,0.548409178019673,0.5563968799932748,0.6743311045019296,0.4939367885308325,0.5654513612043288,0.6529605687687178,0.5013825055678198,0.5731148669402477,0.47000655301064537,0.46189161770152637,0.5207859327976484,0.5398236929738822,0.5398714700056501,0.5312597043443907,0.7090870510007935,0.5478112673867005,0.48636365642468526,0.48269872730798236,0.6082056201782645,0.6461548710287344,0.4972575864909712,0.5817946295745913,0.5524071707492065,0.5760517355834216,0.4699660533670621,0.5474734150226023,0.5311858615501781,0.6103678363067684,0.606494759331354,0.5307120494382311,0.649523361454367,0.6184049840073341,0.4990986320954441,0.6084983468052696,0.5527385201578897,0.5267013410798647,0.5318505785976377,0.5419890990061484,0.5042325862357152,0.511303470894715,0.5628255592224,0.5596191272197625,0.5823702543090847,0.44228673475347735,0.5508997796818763,0.5065171295593217,0.6296808206721948,0.48953522200429195,0.5318167030135751,0.5533639936819497,0.6118643625978989,0.5978513044479489,0.591534629811322,0.5533790162540789,0.5400819829386252,0.5416215043913588,0.4944999221084331,0.5249451013681897,0.574947505128032,0.5282792718610013,0.5679737708151791,0.5450221085996996,0.491789540277022,0.5140813992140769,0.5110542606520871,0.47625438606448106,0.5923679923539769,0.49717276314310493,0.6013561715062237,0.4483863847346235,0.5809066414600348,0.48228466096394934,0.6305926546383421,0.5611450633148142,0.5318151346445525,0.5901539070494576,0.6450707295884202,0.5363857159555547,0.4978837073837608,0.5188760526995726,0.43631954753146857,0.5368382042083897,0.4925288212879927,0.5840362898224417,0.5948660701467493,0.5352750862103532,0.5477268149759239,0.5498230945861577,0.546613844323334,0.5553355331255889,0.468094928269615,0.5674938970767822,0.5822828678040199,0.5695180553443198,0.4688815778929307,0.540547062827075,0.5229856149264615,0.5353814468663914,0.5316402940003813,0.6398306295268001,0.6072978880282054,0.5599457494400931,0.6404864198793788,0.48318228767518157,0.5146606333819722,0.5067774278865851,0.5069778488572267,0.5245363801624775,0.4996566851875665
0.6544524370282737,0.5341535514711079,0.4476123878593716,0.5203648012387297,0.5610312477225646,0.49189473235771825,0.5360629980991442,0.5428393739128902,0.0,0.42577592219330684,0.5262968754916643,0.4957896339287123,0.5306155985004096,0.5400750501392158,0.5695533977481033,0.5228694079965432,0.5272331237248201,0.6049965446315647,0.5262528983930727,0.6155590212759758,0.5485482445245802,0.5462910010280588,0.5587206207246005,0.5615148539500837,0.5406664401357143,0.5167403096964123,0.5577217765896225,0.5327706028591117,0.4051881099303471,0.6307062187749444,0.6098520118888872,0.5039127724267748,0.5468959532178561,0.5192261070982487,0.5979924662774557,0.505716357366447,0.5763537264594276,0.612278547801333,0.5033041730538632,0.5601189088818483,0.5409969058997114,0.5787090398402515,0.5402444490533251,0.5402334635221512,0.5613280920110695,0.5473691881609376,0.5171378463667878,0.4798911536863539,0.5726473378926362,0.5534468684252698,0.551430069738721,0.5462784319312078,0.4888289294726391,0.49540326993382705,0.4695681517847229,0.5777341312795424,0.6017346922351298,0.5481037738699066,0.4959515285919145,0.5590908977345791,0.48592755370432006,0.4860142425045795,0.5231228335714818,0.49240325875269214,0.5262767386202483,0.5002667310807298,0.5353037418792519,0.5579993466164425,0.5031880614015035,0.5867354853270372,0.6184085754326258,0.5602496971554881,0.5051045474258739,0.5324163601783567,0.5267885523878686,0.5212985154218557,0.4952299855914338,0.5363490695273218,0.5517864418783823,0.47567298235828387,0.4918328981007392,0.6334172013990464,0.6251719188083522,0.5122831037288504,0.5482370243946846,0.6658762330783563,0.5463687191781856,0.5262411142717482,0.5355002538405617,0.6169826562187496,0.5922285274090877,0.5858948297214474,0.5290436683027939,0.5336857592917693,0.5687119909308549,0.5133799944671126,0.4992658202794264,0.5375613459284162,0.5220429740904108,0.511843214323999,0.5432954752510196,0.47491514536492635,0.4965524722873492,0.4639643494300071,0.5753579285437904,0.5522162961744767,0.4758467454024877,0.5323615132717177,0.5337795905436228,0.5073363684157801,0.5145350055530613,0.5646057915188907,0.5032679656183855,0.541443430992279,0.5373404626945537,0.587933731742242,0.5278966388264629,0.4669974315306806,0.43934511896592543,0.5436556753389425,0.599307166891951,0.5255450979211038,0.5418163878274053,0.6034511655810658,0.5725360782490897,0.46899002671486106,0.4739633717483504,0.5405597688468442,0.45693041382020133,0.5651980841226474,0.5803471876087254,0.534628393713509,0.5417432451921107,0.6163915689875672,0.5045275402070192,0.5000474971769656,0.5659371270707554,0.5816497836298582,0.5432087980331787,0.6049554259939164,0.4967000375520467,0.5220960579354951,0.5977112286980327,0.5368779473052453,0.553373836639404,0.5104556348389028,0.679847041722006,0.4843390686924361,0.4895542633536983,0.42949459254174427,0.6225862178031052,0.5112872237866884,0.5572081575190945,0.48475249816123006,0.5392129867499317,0.6229997545145771,0.5659053973314809,0.5400506775860168,0.5530288646357622,0.5086751420691705,0.45710110070645643,0.6035123494803234,0.533826014129675,0.6521803777692445
0.43976218307612086,0.585324206604622,0.6728573790604658,0.46585189702434693,0.4347596367443869,0.5599287025918521,0.4800690780501272,0.5232163817092873,0.42577592219330684,0.0,0.5184121431180265,0.5519707328683758,0.5259223047807439,0.4611311562963839,0.44738783275440597,0.5801793508904851,0.5256262171764722,0.456074243109466,0.5079878261306847,0.46968509122444463,0.5143622898521544,0.5312385014374451,0.490817829977395,0.4715991962219938,0.6183905825636941,0.42861464657814297,0.48717097882555,0.5008268820486217,0.6049277541144692,0.4785357380921138,0.47412314959480434,0.578231245498783,0.4861144139598364,0.4824589881389664,0.43560569489345047,0.49188893349804025,0.49609271949485223,0.47395550481360865,0.45414699393952523,0.4823306620706377,0.4747123052529296,0.49369184342609107,0.47443359356301595,0.4691137260675322,0.5207339313359014,0.4589898544259462,0.4777849182988303,0.49806214928691467,0.5078725752129967,0.4436526780803938,0.4631370135278385,0.44425111772001796,0.4149245393426375,0.516102685420283,0.541393260350866,0.48359508458344985,0.44283618710269096,0.5285916281449967,0.4925124882369882,0.4597920370530665,0.5052790133076738,0.42154108370296095,0.4513058528496763,0.4630020393609529,0.40015681387985935,0.4280142188212953,0.45144116682998214,0.47561469730753425,0.5104792009352446,0.5042203062347437,0.4369151974790493,0.43304058379855154,0.4212724611705714,0.5047432947111962,0.5150309094625793,0.4437240565842377,0.4839816191696842,0.5246403437310828,0.43310696770227913,0.41819221242326526,0.49950483797326767,0.41841838536583,0.5193559737985639,0.4886585623538872,0.4364170402264523,0.4852025134159575,0.4649694886615828,0.43917580848617044,0.49274280677286947,0.43507944003134735,0.4401151841938044,0.4634864243367081,0.5094068212204719,0.4184920738890383,0.43503924839810487,0.5737135456778291,0.4392746430534078,0.5320554294508845,0.396238273833829,0.46111823351851494,0.4510038125001274,0.49530095326229573,0.4290416675612499,0.6004850073180875,0.4415376816468694,0.4796172121690431,0.499808639028768,0.5648006407933678,0.49277319223598814,0.543829690584963,0.4932541539631175,0.4154919638204459,0.4531308491211117,0.4730098548538795,0.4243674538868869,0.4483298974890165,0.48891734846561863,0.5472709105404524,0.5524474161670337,0.4320795170151073,0.407399875799175,0.433995292738523,0.438799030859088,0.4892441552601442,0.39799117564070324,0.6096481347387412,0.41610649883395845,0.4957038099545127,0.6120593261180531,0.4659350232332008,0.5162801535427174,0.5050848491775344,0.4167277505299623,0.39946592293628747,0.4697023081451843,0.4026906167312384,0.48530530588595505,0.43347577974354995,0.5490917479377707,0.4743488413114572,0.48972306730459036,0.526460226375569,0.45864213296228473,0.4823772543155618,0.5026410464516277,0.428281097203274,0.45237554996517243,0.5333776944616802,0.6916328167110759,0.4563701670996153,0.4200523434261201,0.4973430860991737,0.4559930755011779,0.5695989657119015,0.5572199338455145,0.47209919216325097,0.46805368197250297,0.5320588434125598,0.4306970127986562,0.44165447400239993,0.5118004508529456,0.44034464174226035,0.4516783054803772,0.41098012055719524
0.5444562625318783,0.5947296251720652,0.5845128731476017,0.5715204882580067,0.5527166348314917,0.5681117198711586,0.5411404068733057,0.5677472282813946,0.5262968754916643,0.5184121431180265,0.0,0.6012867136047049,0.5754723333693076,0.5366679576708266,0.5271493347172233,0.6542927346810158,0.5903413296115252,0.5263295440175086,0.591701664713531,0.589843541947172,0.6324337666681176,0.6794188772015862,0.5453140879835375,0.5893445232727599,0.6539928901501363,0.5255717897120814,0.5490009875446243,0.5764088248893728,0.5242819662347814,0.5295667712628478,0.5669988048884204,0.5783677158119229,0.5581341303631409,0.5501015313214366,0.5628601212804678,0.578640075562285,0.6215319846025862,0.603299282321366,0.578069427921652,0.5616597008921494,0.5473387710711588,0.5742882468102203,0.551377218231061,0.6167675311403246,0.5954925300057442,0.4872537046769962,0.4641112303511463,0.6640408344925923,0.6097811435365212,0.5299597715222459,0.551088810525511,0.5186272736848043,0.4427736253704115,0.6275599108202367,0.631878128631164,0.5084088000319306,0.5448847496794628,0.6434743674528426,0.5282434353969118,0.518448508733053,0.5817252726389833,0.45048888922939356,0.527258894971214,0.5387915006483203,0.46417859971305037,0.4742481089499386,0.5482201362043598,0.5297823736624356,0.5518413839425113,0.6167064898665527,0.5377914576947049,0.5110794364785337,0.5221762928424479,0.5843560566357483,0.5694207007341838,0.4640586012007054,0.5772254649819403,0.5881098759460661,0.49333120951956194,0.4671481863500323,0.509068583618787,0.5248522632024748,0.5574742903523029,0.543792012932939,0.5262389307977663,0.5801627982877835,0.6045851275416079,0.49305855800591863,0.49282236822484826,0.5088098500729077,0.5498480207145223,0.5249222180052747,0.5871643732850137,0.48517331654278184,0.5360326011311464,0.5984525759300512,0.5074684996476831,0.5578716858409137,0.47560043994045365,0.48894086765931993,0.5622009700359696,0.5546162971156409,0.4935415026981518,0.533880983499738,0.5299920521821432,0.5121913638116908,0.5147456475409175,0.5863361909484951,0.5060374737212485,0.6085741438819303,0.6293297612940492,0.5280795819334044,0.5320229055808525,0.556811508092293,0.48275852480221165,0.5120598925036087,0.501815604057793,0.5800343562498721,0.5802511080609719,0.500508437070977,0.5297134461348099,0.5003188084179685,0.5447059185272489,0.5647800069382987,0.5122836830744859,0.5799310176853031,0.45519057560479614,0.5641409490668405,0.5894342957547197,0.5321340189516507,0.5176162986322743,0.5898606802344162,0.5252046115331923,0.5389209399843788,0.6306081237876364,0.46650514554637373,0.5176468610738675,0.5312832732727882,0.6627278504661713,0.5605622693315925,0.5293064693275078,0.6105942532354036,0.5339288357224145,0.6046891026387508,0.655247444303201,0.4832669754531446,0.5708962798739929,0.4873187516435351,0.5994837024119964,0.4821337328741802,0.5677818804131587,0.511446684970073,0.6040657642370816,0.5049665895075707,0.6090037074100848,0.5958583346859923,0.6001862672982234,0.5596913009339879,0.5481807417899167,0.5103890447024069,0.4650244589640406,0.5327656113418596,0.49818214514917264,0.5704620868481602
0.4731362593766848,0.6352858209100972,0.5906471247497516,0.5309579886116085,0.5177735900172157,0.5554161187757936,0.5268073168646062,0.578408626854074,0.4957896339287123,0.5519707328683758,0.6012867136047049,0.0,0.49928702115387935,0.46113821040441905,0.5228953201565818,0.5806266355919013,0.526503673486579,0.46378583942872204,0.619013539193517,0.5197974062991981,0.5921814355380088,0.6119126079857,0.5333146015754147,0.5730003479669538,0.6304973184285783,0.4674326494480422,0.5126116689665099,0.5071705459500627,0.5366640009230216,0.5330215004639323,0.5838491094819196,0.5342849057136138,0.5601432843157553,0.5457945417758678,0.49528388791029254,0.5681262210615372,0.5299360951099503,0.5260825224130181,0.6130379084164854,0.5073818159993096,0.55684200388862,0.5324287370355257,0.5054346178498869,0.5538594369790119,0.5753132212885684,0.47030339639064916,0.46614330094694295,0.5507739989648145,0.5428882027631261,0.4863874367022971,0.5034214616310856,0.4821508457731914,0.4207303581276528,0.6104356952596507,0.5963517114227233,0.5003282661605915,0.4905242609596495,0.6461791719393056,0.47285849418237313,0.4951320927114035,0.5182201959355249,0.4249223831473853,0.4700473095385893,0.49118969934514,0.4273539159552671,0.4310888579618857,0.47908996109989993,0.47286011907139747,0.4725996160139868,0.5410685212021237,0.4788213199724669,0.45684850272681526,0.4377980955064309,0.5207377423709267,0.5189577893169055,0.43185022298497294,0.5093164139435327,0.5712280340282017,0.4701916012535208,0.42186592186735455,0.4732209001107225,0.4904141651111194,0.5642716337330835,0.48301500239363,0.47327410674075543,0.5572479446198004,0.5101410009086779,0.4459006911293787,0.47639874432522994,0.5114804676422495,0.48960883760995383,0.5338387636090962,0.5531567091158504,0.44151403514076487,0.46746828564770376,0.6407458929269796,0.4852837008713706,0.5785104601372079,0.43574883846148893,0.46251004443304133,0.4990788604043066,0.5222043866727584,0.46346977873246237,0.6206107316316537,0.4757637607490471,0.4911785345287764,0.4970512708894149,0.5643389379593301,0.492844802834004,0.5868537819808096,0.5891404973835646,0.47391949202879724,0.45384982930745027,0.5034884352117006,0.44275908585837814,0.4815052771182737,0.4779985692916401,0.5570155682693979,0.5241037824506735,0.4564061872456511,0.47123360605480713,0.47356171747152587,0.47233628401334044,0.5361736495635205,0.44157798637781387,0.6214052352537094,0.4260478460744728,0.5969448422942365,0.5981500295014693,0.4813515315437205,0.5184026195345613,0.529729307340121,0.44573144517991137,0.48478804221409166,0.5692499344995959,0.42400985193481444,0.5190705448949446,0.4905121796045998,0.6001647924459586,0.560528850072145,0.4881206115691916,0.5374003288482221,0.5074123049393436,0.548664813548964,0.5736770434205862,0.4548049835792898,0.587541034203852,0.49200246322855884,0.6286844141732353,0.4740595907173417,0.5021343435852608,0.4921681165715241,0.5510691897881645,0.5408757906547887,0.6515401192165351,0.5311606597526976,0.503306464232976,0.5604592487285464,0.47263969395501026,0.44523690960955414,0.44187893455457833,0.4739044877232051,0.4803222501224488,0.486303075847188
