0,1,2,3,4,5,6,7,8,9,10,11,12,13,14,15,16,17,18,19,20,21,22,23,24,25,26,27,28,29,30,31,32,33,34,35,36,37,38,39,40,41,42,43,44,45,46,47,48,49,50,51,52,53,54,55,56,57,58,59,60,61,62,63,64,65,66,67,68,69,70,71,72,73,74,75,76,77,78,79,80,81,82,83,84,85,86,87,88,89,90,91,92,93,94,95,96,97,98,99,100,101,102,103,104,105,106,107,108,109,110,111,112,113,114,115,116,117,118,119,120,121,122,123,124,125,126,127,128,129,130,131,132,133,134,135,136,137,138,139,140,141,142,143,144,145,146,147,148,149,150,151,152,153,154,155,156,157,158,159,160,161,162,163
0.0,0.4250811894857359,0.41946511696954525,0.4172181174159639,0.48436083403202473,0.420141496477277,0.4078272411235822,0.4222069707763248,0.49293962528675167,0.40781920577384145,0.48993129243756783,0.4316998208293483,0.5413557420773681,0.42710398273994304,0.42477513604869266,0.4929941428521775,0.48127042179207746,0.6202216890947814,0.42810462247031916,0.5897089936094435,0.4937244056619866,0.4602925888812408,0.42646436527393444,0.45177081332644015,0.5309669057547585,0.41047096414086837,0.4060490393428846,0.4274618267725851,0.3668301304351696,0.41707297786578207,0.462070964243139,0.4688297473212901,0.38814176058226274,0.41110839787699244,0.5726126454496117,0.44041788439306273,0.5429069138541688,0.4993767773730195,0.37412910262574894,0.49186042193598223,0.4012297302090672,0.4623982178064868,0.4708826459791557,0.48905992769882156,0.45437201454615506,0.5095806512973042,0.42429037699637,0.4788412786732451,0.5093954954925661,0.5213234524475131,0.5025551812694549,0.477421031936547,0.42975167828880584,0.412768391989656,0.4167786991190102,0.42433203812147824,0.5854998776986552,0.4620018166085905,0.4451246274952771,0.4948714851438768,0.3982477968505374,0.3744503857747753,0.4822350337474815,0.4105152687046722,0.4514736559981221,0.49079117561527374,0.45680712383995564,0.4535243299272945,0.4049423367959029,0.4808217580462008,0.5435783582227346,0.47909837987274884,0.494748760135732,0.48452758630569775,0.4522086071866531,0.4827868639438047,0.3878088526548892,0.4397330311493952,0.41202598555389625,0.37264981858972895,0.4081814706485058,0.4993675982326703,0.4454443748382641,0.4243451934814605,0.4891614930945398,0.5031468283422436,0.4514944400329556,0.48757711470598897,0.5050425263890133,0.4174444643908043,0.5604879041755902,0.45032816039636225,0.49050947446955023,0.49947811749998944,0.4781465200607121,0.4065952869751025,0.3445067108497914,0.4136373130769238,0.40280292994069294,0.48879404677362864,0.42694732826923687,0.38058211950441634,0.4265743353592514,0.38485863412007754,0.527764505607888,0.46429335598854665,0.4200630291083249,0.44817838295887535,0.46116583558561386,0.46245570741559905,0.4695477891097275,0.530556594071266,0.4705910989481806,0.43169672877471615,0.47769342106890367,0.49044242753847,0.47301404526973234,0.46291845645443747,0.3963812550883188,0.4264243602357007,0.49024002507501074,0.37069786231567453,0.4623807523732876,0.5087924201384747,0.43302922842154007,0.40036775676358743,0.3804527269756702,0.39689248807312105,0.3899252149260935,0.45568691827751456,0.39299057593202824,0.42369006638112805,0.4157067265306674,0.47728344291412517,0.4372397975166483,0.41290729578695284,0.4572321952796768,0.47146589252362997,0.44474152863224026,0.4819699103403565,0.38894555350807075,0.44458339088547516,0.5024364454990093,0.427816565604604,0.4824289402767416,0.4686355097130701,0.44603666960963384,0.379654630052913,0.46685460104101123,0.3115361751101039,0.5617297255465207,0.419884093634931,0.48902587555872196,0.35626968993092883,0.458388382681182,0.49418845327997046,0.4373133585788819,0.4534361707439694,0.4415501771015751,0.4514317198911083,0.3696712213861187,0.5142133820286174,0.3615438581187197,0.6310476531657395
0.4250811894857359,0.0,0.4579921041895383,0.44530808128087057,0.42328744218112724,0.5278807165689883,0.4378242896095161,0.48616712560191644,0.41094732440634335,0.5317892467308896,0.45825862718217475,0.4863066479526668,0.4450427185608572,0.45513683920246684,0.44669650695735236,0.4313823228595291,0.4243666753657256,0.422300239100634,0.42662336650149085,0.43376865568031525,0.4712667017964604,0.5338878866410872,0.4034079834422602,0.4558708988587782,0.4978302700068535,0.36442850996039977,0.3741931804405248,0.3833186603042855,0.5140252951846114,0.3684365166765982,0.465862162620946,0.4356556485463623,0.4812670030566321,0.3629286160630362,0.4448428598951229,0.44537194304267624,0.4443108240690105,0.42666754925770933,0.4313632659170096,0.45143464686084567,0.4670147449777083,0.4622189752674417,0.35858405340417526,0.43309107298073685,0.4731877844889894,0.4098082907118641,0.41794157471095983,0.41919952143273814,0.4381230932383277,0.40963637976008643,0.4356588095014996,0.4243767701256827,0.4785533301712856,0.5305539319032134,0.4534994198862799,0.46956368517306646,0.4369001556150168,0.4326553464729286,0.46574902500609633,0.46335266828045485,0.46459822349017305,0.34393298210408757,0.3972720203029407,0.3675764334964701,0.3896796660504026,0.38547451274079053,0.43767899477987415,0.419968133738562,0.3550261137966465,0.44131348550308913,0.4277325515310613,0.4298947989721604,0.3746098487773327,0.4599087103521325,0.44543025220711374,0.410734150497376,0.3902437320197384,0.5301268359831074,0.3645881319433846,0.3645895558068438,0.42893712533142103,0.42250460586927063,0.5444307420757173,0.40115832451592687,0.40298188115633954,0.5099727298247911,0.401029464857632,0.37917944754322236,0.4135967381427068,0.46018087753256726,0.40088693182346113,0.44792630635961456,0.46639083758437005,0.4239290809174901,0.4561856901672262,0.5220985481537324,0.387370302984703,0.4272995306628255,0.3628865128985858,0.43531652338100035,0.431221369590983,0.3526648905913896,0.33672562644818427,0.4219263627865677,0.40696458578102823,0.39972728160473375,0.38364154788146765,0.47186697289846485,0.4566235927881029,0.5322623237939523,0.4312804142334145,0.3876891494999163,0.41678161035303046,0.4017926885657162,0.4388440451464928,0.49461683975919074,0.4395699774356339,0.36727939403349424,0.4242897379508794,0.3979365503228167,0.4295011409030672,0.3709299021733884,0.4041820806584686,0.5050928551453816,0.40569879867918945,0.5074776427154387,0.3786123136142449,0.4698054571858993,0.4664826645085598,0.41180883798217666,0.4269002640823588,0.4180028423735921,0.38308544479495804,0.4548440544274384,0.4333739670615723,0.3987041135904252,0.42222459823581454,0.42106761979730345,0.4317043153263472,0.41103611733498624,0.448561697128265,0.4670662059794652,0.5192952567175907,0.4231053875194496,0.47481419057283986,0.3708458169618911,0.47803460125475516,0.450798200769514,0.5031182190668427,0.3300113561053558,0.3941811954989717,0.49009892785067627,0.39825266393686104,0.450493180228871,0.453038451749952,0.4635684316197716,0.4273017984750967,0.49402010771043103,0.421951059813322,0.37723966640562434,0.4261784900212926,0.4713542623614886,0.37707695208859154,0.4440056038970605
0.41946511696954525,0.4579921041895383,0.0,0.4211191587881986,0.41532465834199944,0.4568699834592474,0.3524646531509328,0.46537348557536673,0.3794049740212532,0.52959976364243,0.4654231495534949,0.4190118999554268,0.49244563833930327,0.39013775868175576,0.38301301095641455,0.5033944981587362,0.46308692393172163,0.4457467679083375,0.36934954883873156,0.3828885206760406,0.4627891089831731,0.5383451767697292,0.36484097001388616,0.369405757654835,0.4389462639808293,0.3887267358112248,0.39436564939036906,0.39494793735135036,0.38853588830699853,0.3555428639262677,0.36838439207942786,0.45106339813683677,0.381317249748693,0.34442885841719445,0.3734131751695893,0.4265521346477187,0.42669972402565576,0.4294360246430823,0.35968000213815776,0.4088599004999039,0.38789245959691016,0.4626202228567051,0.37031230798989884,0.3760467185905235,0.43597845694019477,0.41091904855949174,0.37700299026791895,0.4046969009393674,0.3951849761575443,0.4054917446929734,0.412731705255242,0.4173090673604536,0.3530237073018056,0.44603128770665074,0.418760866659897,0.38384952112994153,0.388860372035815,0.4583836275874936,0.40505550147049785,0.4099243533720495,0.4179045245476271,0.3508497363039285,0.43618608231892003,0.3672645300383968,0.3520489611352997,0.3949119892941087,0.4050206078540671,0.417332974889509,0.4304340765646799,0.4616169476958686,0.4240500232464477,0.35626260518635894,0.4131189277101821,0.5262526847921,0.4901647704236029,0.33518278062558016,0.40903827158659223,0.4218770649689137,0.34675152232693907,0.30014818264739423,0.404256833164902,0.4053021206672225,0.40767036624669634,0.4250430268424137,0.38573272892642874,0.4724761506356784,0.3780360913402098,0.35259141866062077,0.40883295721986745,0.3647945175615618,0.4286056117603498,0.35178240546835865,0.40518725202867284,0.34097949442422787,0.40809241712594096,0.40860477271603773,0.34738775511150777,0.4043676835546595,0.3243305953092064,0.42250910323811736,0.3283377184452308,0.3832021308125397,0.3384745895871575,0.41307623740155447,0.40999943413765383,0.4441628645590848,0.41142781679290086,0.4278383411667305,0.4026904739041038,0.4332009467098212,0.39192057071418956,0.37154797093941483,0.40318930089183386,0.4024113826654681,0.3795402258223268,0.45032464440058156,0.36250218181845956,0.4144339928541506,0.4366931663873401,0.4086069386726502,0.3783639309341794,0.35715728668442237,0.3489466909837863,0.40507731870048486,0.3120233307147396,0.43988962035630835,0.3713487571028863,0.4008871145478898,0.45057860163372304,0.40471391895842823,0.4062591504560779,0.5052379519218374,0.33800873522961905,0.3604437079936746,0.4065828998982291,0.3297742548309904,0.3306833807852894,0.35624340879199995,0.415707056412415,0.3753103969140942,0.3686672472739388,0.4141378963572673,0.40411050950705335,0.4229754863512846,0.4060756651204995,0.3400106833815013,0.42514878902218073,0.40095086208063585,0.4740130531124593,0.34238472966897465,0.34571719980937926,0.3457101587189007,0.3996736807197526,0.4277053986676376,0.4324638967881657,0.4027070669507331,0.4024269855879663,0.45152098311559674,0.31298335694967366,0.3657585150703466,0.43011473169723924,0.3377552653208694,0.35493764679023615,0.41391916589607464
0.4172181174159639,0.44530808128087057,0.4211191587881986,0.0,0.40594651348079147,0.43580678083819624,0.4423679755992315,0.43219366024498407,0.3614641389642071,0.4216050175458737,0.4438703859827672,0.41237931654156584,0.4617606463571215,0.42794553183424855,0.4807347096429139,0.42367725486032676,0.44943979872123,0.4481410554504656,0.4095818318106275,0.39020015494213106,0.4902812595431423,0.4202382264270223,0.39963049328507605,0.40029606689733344,0.4324837400147762,0.4405598738332588,0.4203287080875133,0.40053886902315256,0.40046199023490175,0.3386406483161233,0.4092333875323499,0.429074654428317,0.5615200159268164,0.38439705509341604,0.41078018145203504,0.4372846498668517,0.4483828071414546,0.4283140253009796,0.40796063072297856,0.5074619921780987,0.45821340222958085,0.4141433444497911,0.407481041700787,0.4456303835679471,0.4344365037267351,0.4832210189616292,0.34731004911539987,0.40809421585076877,0.42375322076690475,0.43777795151147686,0.5637640014056998,0.4785050991085088,0.44574486462769436,0.555341300168064,0.45542931874841697,0.3886240873520794,0.4851475542954707,0.43527341117889784,0.46433828054090337,0.5076688024425492,0.49511796108672185,0.40276597366086214,0.4755790138915842,0.3330753073772172,0.4305231319632373,0.4683095599047183,0.5143675166105109,0.40628085419044907,0.3858704140492037,0.4313003181577555,0.4457041196511597,0.4197794978554903,0.4072171963917603,0.6004272523387104,0.44724134563328233,0.39065804552226346,0.4993448829079469,0.5042622525411631,0.4012515278484032,0.3557084524325114,0.42041201540770673,0.4762578161477944,0.42531078908776454,0.41030736699091686,0.4711403381132729,0.43142744891893015,0.43997296709198247,0.46364654977692477,0.46294764047913767,0.38873644979254274,0.454849864394474,0.422677065307946,0.4413060258139095,0.42110507112068335,0.4701313308220982,0.39522640687478955,0.3772182344147973,0.3953057105909622,0.3549907746947395,0.4821977128389311,0.40690711290311704,0.42436062321731255,0.4293101754742982,0.37330665761623527,0.45545861861636544,0.43905332582069034,0.4648365230138482,0.3727501110542068,0.47929630051986505,0.40480826018426896,0.46900156631588946,0.42053502776247875,0.4889074629957066,0.4602077827981625,0.4692954748988264,0.43323229323688184,0.4396282571172838,0.34950847210077707,0.41922974385028605,0.41967885213735834,0.42167963186901186,0.44805350592832194,0.3826589028402612,0.49349191710944906,0.3521738294954158,0.4376734919279337,0.4159968464437386,0.4255798707475654,0.43164382069867413,0.47814484021231946,0.3480702467727478,0.45833796245400726,0.4314413551025581,0.4177223356054993,0.4004617999009683,0.3668274790723771,0.32632861984384276,0.44273832875299407,0.4178569635329461,0.44365591944775795,0.5075635739048583,0.4112994984726742,0.5158825886068046,0.42492842312966883,0.4326515947233866,0.3669991909350576,0.4217733980143589,0.4383377323711863,0.3697715734326838,0.29439078463006957,0.43876355823647567,0.4463681102681446,0.41822389158625783,0.38739056475837685,0.44991698895742493,0.44697239788223403,0.4291290022141143,0.4684755264001655,0.49015109490751796,0.4369279627398241,0.44310104950610707,0.4102402272679086,0.40394252816653503,0.4306539518755665
0.48436083403202473,0.42328744218112724,0.41532465834199944,0.40594651348079147,0.0,0.36783071937792583,0.45076459034189365,0.3812187777762723,0.4349865020930199,0.421641385374365,0.4343383735407616,0.36607555120509094,0.4070116711483707,0.4443962461118648,0.47006988435311986,0.42096808909612793,0.4452150548856854,0.5248726741125335,0.36632048826199126,0.4281419056210957,0.4495083996923249,0.4732892483786453,0.4281133432529757,0.3988933983679329,0.41549639898693275,0.36105806481007674,0.3969114006963529,0.36797021930690693,0.36686892198886023,0.40444179443255485,0.4482095912271629,0.38689112199223347,0.40021247047474773,0.34206342938741524,0.555235811197886,0.45245996514198655,0.43432008194831667,0.4530451200767878,0.3991384991641117,0.4218085267016683,0.42378582862540615,0.4840615666776552,0.43034922755933097,0.4746456478310797,0.3815603002803647,0.40376454126099903,0.4158497144662135,0.42679976766381233,0.47381551304134595,0.48133392860777074,0.4572963053111251,0.394671460782594,0.4332195653329021,0.40833061882048444,0.40468925583336246,0.38051428437714974,0.41334033322018443,0.4507568450499667,0.44969890914053184,0.4313457952800568,0.3479896544593643,0.35798717443679895,0.4012177659049294,0.4222836356003849,0.4573783896479334,0.3619125370975415,0.387013589621523,0.4163555016109889,0.40550849991657895,0.45455419792242713,0.44813009805574916,0.4615861217413983,0.3899756961315728,0.43729028887435034,0.4061257237595595,0.37901829894352,0.3763797362838952,0.5040372160680752,0.35452283845395727,0.32294282817429376,0.397327098991844,0.4603730867158708,0.4436388314933414,0.35620491254269365,0.4036346240087401,0.41330710362296635,0.38734537250286255,0.43031282124441267,0.3899510300404307,0.35715374998217664,0.5679189392635758,0.4675741418165869,0.5147426442838502,0.3611682513420975,0.4617412436404277,0.38878272494138844,0.3246311760301571,0.3754653300822605,0.4126483279678297,0.38267940043341264,0.3972856054661119,0.35316503327110427,0.3861450043192922,0.3783008051144965,0.43373390456449107,0.39761807516432995,0.3684222600969753,0.4242221474623226,0.4643039044808306,0.3971513277132394,0.4054369390858939,0.44926866234749196,0.3867166190885128,0.4402307811812047,0.390978094724252,0.40877666175900823,0.3867697436086609,0.4197133919512406,0.36352535619755655,0.43322659171664285,0.5355073800944992,0.3665274084815487,0.3615298709708976,0.4640103169329719,0.41559155728551983,0.3701913571921587,0.3708177962183665,0.3881258897983007,0.3722806613502643,0.4474720530910542,0.401715712362697,0.4019766883905301,0.3413297320626656,0.4188284517047667,0.4008737415774063,0.4388989671558406,0.36682143444618587,0.49397683528917286,0.4112971655237475,0.4629689474921783,0.37872301014490434,0.44440218298543865,0.4826149993897885,0.44083906472193557,0.44601786895686163,0.3905848114226651,0.45640970057022195,0.403133726098513,0.4048224739509512,0.3151375152632,0.3974389454315264,0.41810187795693254,0.4651323466086171,0.3986148178369216,0.41887570356045106,0.44129335938889364,0.3616007261702321,0.42419343095915235,0.40544331584952853,0.37351807877094634,0.39370293655349803,0.41669442912464366,0.3817412999953972,0.5216584305915862
0.420141496477277,0.5278807165689883,0.4568699834592474,0.43580678083819624,0.36783071937792583,0.0,0.3553779987483,0.48872912411226144,0.41454068254463433,0.4489375022326851,0.4326649426862666,0.45885015651462097,0.4789820960280864,0.36597466920715016,0.3980521375494809,0.4676564884012233,0.41815561242898525,0.35858258846563473,0.43092849551809714,0.42013545653051176,0.46293495752765224,0.4496339269847689,0.3244077805048039,0.36176231152495825,0.4839640733627092,0.3490447717461946,0.3492950703167843,0.3788497769410754,0.3888528889084011,0.3644802297027369,0.4485469196964373,0.5067063927747886,0.4458891070928574,0.3633588119087763,0.39190786968708397,0.40928304702192564,0.43750263351138846,0.40513743536432156,0.38962443647145784,0.36287946271251065,0.3888913968445714,0.45873189406074455,0.3623973470551766,0.43012326357314073,0.409708781315786,0.38173622029715476,0.36162266100636276,0.4113845760657524,0.3534316137353255,0.4006201523224162,0.4189888742961791,0.43310465027169176,0.3947363683820854,0.46932667900519315,0.39917565195308347,0.47713530892461353,0.4102356070079843,0.5068672580819469,0.3613440639145484,0.3913884478672173,0.5132761311487607,0.389400758564999,0.4402400678274633,0.32331252536696153,0.3701183963598377,0.40082786251683306,0.42448584976689124,0.417483244427273,0.3381320190088214,0.4430131561280384,0.42520603147852565,0.3487223783436413,0.4118908861548728,0.44939395379736125,0.5083041851515171,0.377600907781121,0.39747268308789524,0.4248770518482646,0.34942906944892593,0.40844573887375535,0.4826401858515881,0.4298814984129658,0.4446465388337923,0.44032785951061965,0.41817968544852924,0.4472715028835751,0.4751637503729228,0.3719842157839038,0.4473099596494741,0.41724285193553196,0.39328258408439826,0.4401721945444757,0.4111605809239528,0.3867201200260304,0.3975431900937118,0.4803614661962873,0.4064967167734151,0.44656403197274197,0.342463785122437,0.4169455992001719,0.3759325778396168,0.3790488377628507,0.3563614725162131,0.3810286612929099,0.42647977053900227,0.42576506449015306,0.4370732259137562,0.4409403787362766,0.36875097218886504,0.44421667894542266,0.41832412289826604,0.36985430580920936,0.5087531073975042,0.44850514633588645,0.3886589825813553,0.4318444148057524,0.43654898281570026,0.3438600930115107,0.4636698933443963,0.40891995082894594,0.3714356748159906,0.4121240478984694,0.4054643898695102,0.44533191212458567,0.3987920735216099,0.4382292540765264,0.42070045807664047,0.39749588021248017,0.4276832950452364,0.35657334624761705,0.4438338577725492,0.5379043795006799,0.40228769333454933,0.43448549857942353,0.4289705065182656,0.35928191701137174,0.37096584158819207,0.3422663037686311,0.3680286806084183,0.39846903581665793,0.4235492801843026,0.46716950852128697,0.42977400761970846,0.42742704449496033,0.43745582928435506,0.36107166012951447,0.4589424048704609,0.43767981049429394,0.4432456698487453,0.3474911609969542,0.3975114717067526,0.42057362001496895,0.35522437832121584,0.3635517091573189,0.48020291084273814,0.4449100517027888,0.4029047617218162,0.5102304524215869,0.36331731761263963,0.4056004515304484,0.3853037906526398,0.43858810880078164,0.3802365354150654,0.4041444842458967
0.4078272411235822,0.4378242896095161,0.3524646531509328,0.4423679755992315,0.45076459034189365,0.3553779987483,0.0,0.34950426604379725,0.3569853264132038,0.41070984570479585,0.38768956143736555,0.41046766246166383,0.40123619059775234,0.4217424405590789,0.49912762450479187,0.35022280332150807,0.3626112019816191,0.4265809244158158,0.39030329132993136,0.35714593578292303,0.39708393470366077,0.4131817391211317,0.48852794714899556,0.44820772494828875,0.42047183625413137,0.3809642958555272,0.3818665428359963,0.35226656157170533,0.3823696779777236,0.36710204598919743,0.4226160769061678,0.4020124917002485,0.46433921619307356,0.39785245467691965,0.3983609038840305,0.3887665427569796,0.4480331994009912,0.360292684371861,0.3889441870607332,0.46514914638227206,0.4342377460553975,0.396551986125105,0.3980914913712452,0.42976869961077374,0.42172071255909205,0.4187211694609771,0.4336245725758675,0.3799620643164624,0.5463751425422758,0.38053531348271247,0.4742484849482709,0.3699100807441173,0.39747965208478697,0.44307320177015763,0.4464223547637383,0.3918300914770103,0.39152623610852205,0.3585434496781714,0.4905439382465612,0.416762833748696,0.35127700426511843,0.351755262727138,0.3427209043729849,0.3605035530009828,0.40101326740137316,0.3532441174307069,0.44925537108197844,0.4610103136125114,0.35186757276537106,0.36593692696861807,0.4288835498284044,0.4024345588340074,0.33826182903524826,0.4430745195193543,0.32094873578962396,0.42707567651427925,0.46271321788591346,0.5128629927400309,0.33917975756820173,0.3452830012923837,0.37836205690536096,0.4282112314739353,0.44114738602506154,0.3134179128114944,0.3606846602676047,0.38121427581933426,0.3504850964420741,0.4392819330038377,0.4101335377234544,0.3792104584091231,0.4172163574486846,0.5214452458587863,0.43628105531284067,0.3986825761018378,0.4192380285861856,0.43044449831892667,0.3256847950454229,0.39938553560237955,0.366835928676223,0.43868752641885883,0.4194109651411152,0.37109063475949466,0.40438171812029344,0.3840614593799502,0.3648248664484084,0.38339503796938335,0.3522716124989938,0.36228272970155223,0.48654239310071645,0.4201918345993697,0.4839307451233332,0.3829064694633422,0.3785773167655489,0.350911858124519,0.3739271270243665,0.37110741690495525,0.39175423566061557,0.3939811871519105,0.35343376674082194,0.3508465147767589,0.39122223173637505,0.3458426479694308,0.33683426873742245,0.5044312291349116,0.3541560174562931,0.41940899537052273,0.35002581683288864,0.42400422850070935,0.3515118007131373,0.43695062042668187,0.33016242936299844,0.3284417151867181,0.336107893106011,0.3622673228242867,0.3497741514633661,0.3931690550986824,0.37075591381232537,0.4436908814877673,0.38501698417293845,0.4425960535879616,0.4341428441765637,0.37263201998044937,0.4779871547137914,0.3765041031749593,0.4183451209775548,0.4190546737918262,0.40417358543073034,0.4315419589970357,0.36570297807505064,0.26565844997936355,0.39056089436094377,0.4388024552532463,0.37722100543681475,0.44201972727546807,0.4225210580397759,0.44147987561830926,0.40682633676578356,0.44237354914063803,0.4600028872525365,0.4071624287063787,0.41225919353485757,0.3910342298635673,0.3824396081662989,0.4002357545486853
0.4222069707763248,0.48616712560191644,0.46537348557536673,0.43219366024498407,0.3812187777762723,0.48872912411226144,0.34950426604379725,0.0,0.4122048687816983,0.4494818573300697,0.428060984004671,0.4663212029128714,0.49735526073533803,0.3595181604314865,0.40237538650218313,0.49725384422920105,0.45135062359279265,0.40872475516166107,0.4121018046956238,0.41515018488453126,0.490581384307817,0.40925596336092035,0.3672987843147285,0.3805702213456523,0.4713527667600685,0.3943441691845895,0.406399295841311,0.39071294305209586,0.3489596474837552,0.3849276047850665,0.47582484223471794,0.4606453887967177,0.42828940117058345,0.37647454374454314,0.3991711984073931,0.4502682195447927,0.4729956215705348,0.47223758877339533,0.41025191067325256,0.4144028426207127,0.4214427300907755,0.4300573236389137,0.4183071785526025,0.40722644337491387,0.5004166016277128,0.4450987516647925,0.39598813588465637,0.4114941143977697,0.403801751983683,0.4242853002122175,0.429331122173046,0.4242915266892873,0.38726126957511053,0.4227519332511221,0.4085978517147035,0.42073834763906537,0.4339986265603233,0.5519007412415834,0.40594547388986063,0.4327539540246246,0.5307726195257777,0.36103283107676837,0.47176606593770126,0.3550098343807224,0.3561571681969022,0.40947940292009044,0.41405983712657435,0.40902955709741456,0.39632513380612033,0.5831038273364786,0.4224810639510196,0.39027712471071163,0.39020794678090825,0.5002102272137924,0.5339478961494906,0.3699474754610417,0.4489105415377782,0.43858248272435624,0.4412240806945111,0.3330912859371225,0.42236452375309336,0.4093579399411946,0.4754268401242974,0.4819555048840543,0.44543064170684193,0.5370266209093922,0.531376180878129,0.38790300910078107,0.4925431705120404,0.4237577333987554,0.4127618400298205,0.3898872096084196,0.4157035593979365,0.382492664640725,0.41389165810382317,0.43666106527744264,0.40062563945011076,0.43357943738788773,0.32434712843576796,0.45014856609988435,0.3607873896568684,0.47169952476569804,0.36521559927852437,0.4057090847510863,0.4539666712841964,0.48667266192401687,0.4585716846518591,0.47438025317956684,0.4235882926329748,0.44039510865752446,0.3991534499659174,0.403661965378179,0.4346172981864754,0.44683348777046755,0.4331337357747659,0.468296494042994,0.43671492688840186,0.35985654409937956,0.4001462872582194,0.3947650750378513,0.4022091936737617,0.4918761032721312,0.3738229964757473,0.4474368209019093,0.342747798033234,0.42812804999295595,0.370837568623782,0.5000315224283699,0.44134489633923524,0.39999605632434554,0.4445951460602846,0.47367031505251767,0.4220657738671435,0.3846202751329869,0.429518665053029,0.340611019066863,0.3999417280742639,0.3809092112983628,0.40913388008223,0.4425945609457089,0.40222144116275266,0.40621652481260445,0.43621721408269093,0.4032856805529277,0.46259115600645995,0.38527835081653633,0.4750183718783208,0.44260902349931425,0.46144210082673914,0.33507370962207145,0.43115352829900017,0.4168723254099577,0.3950300773199427,0.4026014550293149,0.5245143514998712,0.47363954481623255,0.3962880069606267,0.5203591663955095,0.33350701634965385,0.38227536713324456,0.40108886962331497,0.40204796338448495,0.3800933811456453,0.4163131876403553
0.49293962528675167,0.41094732440634335,0.3794049740212532,0.3614641389642071,0.4349865020930199,0.41454068254463433,0.3569853264132038,0.4122048687816983,0.0,0.35201460327891093,0.3857965456391196,0.3902993578466953,0.3801681617369453,0.4164893280206652,0.39419118060008784,0.393103829020701,0.3799743344538048,0.4520920220609659,0.3623365618550747,0.4247712930611504,0.392797199093586,0.485759690333817,0.3266523515809924,0.3467358082778774,0.3839794048078378,0.3468773700731267,0.37394321521035334,0.34449666830056785,0.32687431130989186,0.4644681064894424,0.46112540483198733,0.39319431395639937,0.38875856373457945,0.31339317726655785,0.4149410856471014,0.37875382185130124,0.3882932582904033,0.48261097682152104,0.37680924186174325,0.3537803284233533,0.3650437398126741,0.49275295687115767,0.3778311639508687,0.39467979326942354,0.37033492647318705,0.38054491329051626,0.3761879745866116,0.3573965803864204,0.36405534726592154,0.4246842023646015,0.396069538792741,0.3838812568463095,0.4258357959882553,0.3703736683558889,0.3495941697555503,0.45919700739051744,0.4264959884364166,0.438477021508832,0.36066097679708065,0.37058928988060735,0.3521044951667787,0.4014336828818535,0.4060096482646017,0.359794573873488,0.4273549002779661,0.37915084283946,0.39909027842961003,0.43438089490310045,0.36555563815011743,0.4361445385536126,0.48992499451253346,0.4002127863147781,0.4251889252341649,0.3792384872522545,0.4458844494729525,0.37796344854698477,0.34031314420815406,0.3718045240330021,0.3809053179562863,0.34861860471552103,0.39463887900532746,0.5202383444032965,0.5020925946868924,0.370783570340279,0.4191334480155358,0.46946840258415995,0.40428620680283023,0.4224200331455688,0.3915273503413368,0.4991326250521557,0.4722882736155089,0.45105169255732663,0.39979494417940786,0.3795281530170697,0.46832545102557105,0.43419103031753165,0.4014326937797924,0.3714099876465153,0.4257758744752124,0.36169550384741905,0.39233473964712146,0.3268020287069378,0.3706969450702528,0.3476407128377929,0.46456596836925707,0.38994979073662794,0.33846253159529993,0.3844032288006349,0.36071347734621734,0.3468981591494677,0.3437070194550054,0.44856753673662936,0.4084804288246233,0.47641744314862466,0.39241772560974486,0.4280765744880036,0.38480521487569946,0.3547530871255966,0.31095287207954875,0.4340420016255061,0.4428438682339041,0.3927582968686044,0.37197207035247415,0.42539428676364355,0.4849099651429802,0.354315524799854,0.38169344142587786,0.37441806053016796,0.32651348915660244,0.4103442438060216,0.5147275012510194,0.4500578368431145,0.3803850997785797,0.5239137393223876,0.3744596249179902,0.3975427168557071,0.3894448139889418,0.3717703019573545,0.3620417017041169,0.43899576867833745,0.3828148182028702,0.4187858602308769,0.44310274768849583,0.45857611544807386,0.412842675214218,0.39537210949630897,0.558551858364066,0.3778091829420831,0.3922533550140318,0.3236331450832665,0.4350767022594802,0.40507721991600104,0.3981598736624443,0.35380651431853166,0.3929136260276774,0.4420623170931756,0.3627762664275763,0.4054376085653112,0.380729385384723,0.37496676879474067,0.3339368607885301,0.45302893631667074,0.41569286305144704,0.4893848829495286
0.40781920577384145,0.5317892467308896,0.52959976364243,0.4216050175458737,0.421641385374365,0.4489375022326851,0.41070984570479585,0.4494818573300697,0.35201460327891093,0.0,0.4054384964740886,0.419360347398707,0.45992262997248484,0.39686833828205587,0.3908395905057914,0.4431362876905584,0.4364183172227101,0.4352126471161994,0.3723536815256401,0.3712325036108605,0.4257939934821166,0.42410306806985343,0.4224476702991345,0.38225814007314646,0.5144716472207925,0.3596461829504792,0.3872014091593395,0.38335525457359576,0.483932280807254,0.3558986369029343,0.41282101508609953,0.4485597081178723,0.36715486168772793,0.3587657585951874,0.40058698069030674,0.39323714954144756,0.4498897598943854,0.3791322901367326,0.34973419406250617,0.4321821529571872,0.36360395042244625,0.45478557830432503,0.3695889780945986,0.38593637747072773,0.4163395979197389,0.4045617385380931,0.39077396364900563,0.4043676495127452,0.4592558549740301,0.358912178476862,0.40917802110711987,0.3810715051562846,0.3724395604695854,0.43303178438347995,0.443063913320257,0.433830027567018,0.38205953622835526,0.4017770424105011,0.44966570908194353,0.40295118449218564,0.4255291937879358,0.335431217887087,0.36640210867084677,0.3449688409749079,0.3540357677067223,0.36541769516814376,0.3980864098454214,0.4071906297828619,0.3739613463898044,0.4402209311402789,0.38159737029946345,0.4095759087755131,0.3530064390139794,0.4717984764894216,0.4062595693469282,0.39236423014183347,0.4027376753370687,0.5148117325453062,0.3319478960739184,0.3590915833034839,0.42875006923618547,0.37238418182185506,0.47573033785221247,0.3924061471854349,0.38814918475284643,0.4226690451021526,0.3914129624435985,0.3849376219368991,0.45390015029553393,0.3666720431472313,0.3919968226166728,0.3904538738743385,0.4311179041367551,0.35000562582514627,0.41525230667034285,0.44684595618039424,0.30772983110613616,0.41339297738851355,0.3398285911081116,0.4408095279094413,0.37344542458984503,0.37906459935541714,0.34411047119123117,0.43483381689578643,0.3700966184855628,0.40742249298520455,0.3944132431242778,0.48557308361676177,0.4277613837330446,0.46829508856683544,0.39604472340968505,0.3632147109263004,0.4084667640486742,0.4159979434618593,0.37762410122774387,0.4372259538238908,0.4205520596101376,0.42787926467455073,0.4313590279147158,0.4041109829795739,0.3775532002503864,0.3595131525238282,0.3497124830016639,0.45126525699774495,0.33665186511746314,0.47162182173101896,0.365731277463443,0.41050386958724366,0.4632248847469922,0.39510414565311025,0.43067608656388157,0.40058415747063175,0.36777879142917613,0.3441754511445091,0.3642557943485879,0.3435825729675121,0.3786450408240553,0.3883258609035037,0.4127699205357687,0.39222288066753164,0.3880843373119285,0.4339091633199001,0.4489630529359879,0.3682865105092324,0.4221563577734041,0.36762682325215984,0.3730554220659018,0.4788268803625388,0.5266615329866318,0.3221906533276864,0.3474825707561698,0.4341845068295627,0.359709791112826,0.44032572378335727,0.43810516054702786,0.4103035389384536,0.368565428492773,0.5143454527933943,0.37179951927756455,0.412317524564853,0.4785300559746416,0.406357360137,0.37974898545632746,0.39131734837590154
0.48993129243756783,0.45825862718217475,0.4654231495534949,0.4438703859827672,0.4343383735407616,0.4326649426862666,0.38768956143736555,0.428060984004671,0.3857965456391196,0.4054384964740886,0.0,0.4577128884586635,0.5036452809950713,0.40683512124684157,0.4134375237397563,0.5326473925045223,0.48209444768310233,0.4949869411765682,0.4516637501708139,0.4441870040721035,0.4618827299435899,0.502710209123754,0.39130932713797256,0.4276868968620413,0.48758674298869054,0.39198370701153834,0.43261323950605285,0.46283401051438616,0.42878198777755133,0.409275164274285,0.4183161826459434,0.4697299007918022,0.41807577164993553,0.35644117728695995,0.4394547820538467,0.4516476580969227,0.5037904198607871,0.46997127642623043,0.4395783466896975,0.42842388240860235,0.41443244036317567,0.4148466240858076,0.4140056062507843,0.4529919558808364,0.4335991591037347,0.4144493770897276,0.33038131658449255,0.5150676637620202,0.46492304584587313,0.41489716674521376,0.4722251105737566,0.38934989989967367,0.3869740554559043,0.5019346543415555,0.5096030928919827,0.33966256224051633,0.47847943645888913,0.506863368247209,0.4439179289551531,0.45674451791122833,0.46965053441610816,0.3204355538428268,0.4459901856819231,0.363840147839595,0.35092227978548124,0.3986980129083541,0.42314159807904095,0.3967744841484717,0.4484719278708018,0.4785198669463227,0.42286455566528314,0.3898779578502667,0.41443020108085393,0.5023584472773179,0.5037530387442138,0.40166704552735083,0.4448917766598533,0.43485635531340716,0.3734081979742776,0.33687065895061913,0.3893730584264004,0.3855080242515747,0.41335818400874874,0.43401848311229185,0.3861058638264025,0.42903216559508073,0.43014571706450716,0.40138129529642047,0.41349698641755334,0.3630789407131926,0.49342070772182217,0.34866973974566834,0.513136118803312,0.4352222546621969,0.3998490171584632,0.4158956273743096,0.3519158888723207,0.34315422228655185,0.3195785048895394,0.39984262306074964,0.41759106515493144,0.4090796793459085,0.3547689305757512,0.36570538527695545,0.4386251418775191,0.37410036964831717,0.39466677772039094,0.4154564991568797,0.404053808384515,0.4547441731368797,0.4827424306356408,0.3880642175433588,0.4064990285917096,0.42494451897078794,0.4308107090538912,0.42598225889518976,0.4049759833900125,0.4293130923548529,0.40748798523955965,0.37718944246985436,0.4204537308036502,0.34959771667011563,0.3711166842394941,0.4699645276325237,0.3520050764783291,0.48175612457327033,0.320938608305223,0.42332111773508596,0.41226453137872227,0.4039849988436211,0.3644179775140434,0.4410890048761972,0.4240810981824344,0.3978137938218132,0.4902058604093409,0.3611852381995567,0.38307992194053087,0.3893393125920928,0.44261858278395827,0.44453320194616386,0.44575278821397696,0.42573921097661716,0.39473741725880984,0.40404804276132006,0.4891573656736785,0.33991929951494426,0.3869720385676522,0.38945247787573845,0.41334961823686645,0.33386915311752496,0.4820968672929298,0.4106628361917221,0.5396664687705612,0.3596223557551112,0.4206040439829852,0.4596371559221048,0.4549386396949505,0.4334227130088839,0.4063931744590363,0.38448604062972397,0.37473666824405094,0.4255391522723979,0.32563766288795637,0.5189294775928002
0.4316998208293483,0.4863066479526668,0.4190118999554268,0.41237931654156584,0.36607555120509094,0.45885015651462097,0.41046766246166383,0.4663212029128714,0.3902993578466953,0.419360347398707,0.4577128884586635,0.0,0.397524060752191,0.3142491672806032,0.41309606408658844,0.44526179511907055,0.4081760867351816,0.3907998134525843,0.5432995290550554,0.42702536669561125,0.497362146988628,0.4063472772404019,0.38351481944661714,0.4363125640062756,0.5367365769061293,0.35626965097067254,0.3760635920798973,0.37111941495247325,0.3846647193647087,0.4268939623743173,0.4816130650675355,0.4520751841006818,0.4282855969338556,0.4089424627734249,0.38545024779286186,0.43183400294702673,0.4513664707002593,0.4246351522006497,0.46842102882753817,0.4052511558012589,0.44446756705007945,0.38420972815848986,0.41950458730534007,0.436769183879617,0.4410622812104256,0.4400313383338254,0.4177594431750768,0.44428098008877,0.43005872844579657,0.4113940175560709,0.4732732963957799,0.42958060739371867,0.370776471198747,0.47943836377843546,0.49257155174663464,0.3745347494041831,0.4872668532227388,0.5004940337062779,0.37788667786531144,0.4352309135540517,0.39037905832740916,0.328335095217632,0.421717996871402,0.3399556906184945,0.361346310358782,0.40403921315312963,0.3630168656256742,0.3719206801322239,0.34597435797672915,0.4029173871926022,0.3916084159080433,0.3583812936989035,0.34381468161478557,0.4269497664266417,0.4260048096725305,0.39776455990377546,0.38768013854121114,0.43675740294082527,0.38974310721376715,0.3319318534220293,0.3790799086702532,0.41388840715341996,0.4507951586799656,0.36570859624839175,0.4097809824422667,0.4668154894616274,0.382090311766186,0.3907073454083162,0.47432534411438987,0.3947685666609544,0.4070060413898701,0.4135604648758578,0.4425310213829042,0.44007551860041505,0.3612799656954904,0.49643728620440053,0.3601434216473886,0.42493455172853983,0.3101283303889308,0.4026111322449513,0.3637214809855927,0.39896883934091226,0.39549234888742063,0.49824352796128996,0.4056446129354733,0.41551105428943735,0.43356192438577984,0.3981753542943484,0.40906238354260616,0.4864893754351738,0.525726471008622,0.40563641832270503,0.37180822646531303,0.39034892401373905,0.4112261117089032,0.4122996734902156,0.43226071962208107,0.44760031020273267,0.3965062723357669,0.33376352450683955,0.3675155400268248,0.366429524268501,0.3597932274932899,0.46965623170291376,0.32020396003253376,0.5274081109297548,0.3255354995777174,0.4493465240794935,0.4454020711220375,0.3718656624407003,0.37194962953943717,0.3921522258144389,0.3508078054113356,0.38491928141771903,0.4332541461684407,0.33049037971644907,0.4493258402337312,0.3833990621806579,0.39741295969345986,0.47949219000018306,0.3842847270116753,0.37541409622805844,0.42468342525235514,0.3875680447402191,0.44509815353837806,0.41460105609550424,0.4822959558223673,0.3975980696067022,0.4882148531595703,0.3196525124511466,0.4615627847161287,0.43464460818185174,0.4244213621846639,0.3890654465543136,0.5423605643450504,0.41112704910093056,0.3986359513944276,0.47544441857945907,0.349159044224776,0.3647456428697647,0.33409786114259327,0.3968784560601588,0.3441073111096844,0.41150523114098825
