0,1,2,3,4,5,6,7,8,9,10,11,12,13,14,15,16,17,18,19,20,21,22,23,24,25,26,27,28,29,30,31,32,33,34,35,36,37,38,39,40,41,42,43,44,45,46,47,48,49,50,51,52,53,54,55,56,57,58,59,60,61,62,63,64,65,66,67,68,69,70,71,72,73,74,75,76,77,78,79,80,81,82,83,84,85,86,87,88,89,90,91,92,93,94,95,96,97,98,99,100,101,102,103,104,105,106,107,108,109,110,111,112,113,114,115,116,117,118,119,120,121,122,123,124,125,126,127,128,129,130,131,132,133,134,135,136,137,138,139,140,141,142,143,144,145,146,147,148,149,150,151,152,153,154,155,156,157,158,159,160,161,162,163
0.0,0.9066053854998072,0.8917289651976732,0.8330307912715497,0.7862538782848134,0.8703002698480268,0.8198832525357683,0.8339540719940289,0.8938946104752811,0.9046913590424918,0.8412280587566594,0.7694084195059092,0.9396855931994886,0.8988306500080876,0.9112325668249798,0.8757548974782694,0.9072562908057773,0.9770442485334805,0.8302133534268414,0.9545522139267227,0.855602450396562,0.9105024294680157,0.8348575213099744,0.8129266860207075,0.9638693917989105,0.7522912987907939,0.761570983125265,0.8743661428787618,0.8872224295532173,0.7958167829251104,0.8667553109373047,0.9341459566756699,0.909508190829837,0.7751277254574441,0.9318897478799529,0.8972428584375405,0.8595915265792861,0.9165857393370782,0.7270688400885273,0.9188625248350739,0.861937872398714,0.8252273089748565,0.9208277025867518,0.8643692036967945,0.8935870634310833,0.908300209096742,0.8600071253951798,0.8410415419493394,0.9023728041513102,0.9710996845151083,0.9281630773513248,0.896884213754596,0.8792475854145717,0.8461014614807053,0.9016822812861408,0.9061193978228307,0.9386873872063987,0.817130094104415,0.8920842499095187,0.9488168692183384,0.8359053119376534,0.8963061385289915,0.9357053380803011,0.8291372375372126,0.9269209714854931,0.8929748461701108,0.7993254104911341,0.8605836899981496,0.8820158514698857,0.8552851988953867,0.9410978075872204,0.9053507051167259,0.836687508916612,0.9034205611811034,0.8774872842582707,0.8269212762827842,0.8036282152247131,0.7225383295410359,0.8261244773332614,0.6780264191502561,0.8251319499184089,0.8882123138606797,0.8472295320140011,0.8426088962786649,0.9140875386836943,0.9105593148903042,0.7945332429910359,0.8786224092534501,0.8720256158338872,0.7468063470808906,0.8983005890869062,0.8614304004561306,0.973391956322543,0.8915476734360891,0.9221946073507205,0.8381705843903499,0.8157871685168396,0.8505995738078432,0.8047703267967989,0.8706130993248251,0.8270453377184578,0.8005266006052172,0.7702065073967443,0.8880003128707172,0.9687963037310793,0.8993386261930438,0.8667815079853775,0.8533831656190684,0.9140251488964412,0.8234169095958683,0.7933622231727081,0.8616114119742745,0.8821837511876647,0.7192195242191579,0.9256945366115552,0.8842008573325763,0.8820790374000697,0.91707470682912,0.8442577044681038,0.7735179216870679,0.8745738511606805,0.7597426407348083,0.8819354464350826,0.8826891918209324,0.8762490498307818,0.8512339903657681,0.8403149326263013,0.8014840312040682,0.9051028915185323,0.9187087696257684,0.8328259688916756,0.8583184547376734,0.772327494006508,0.7623601261434181,0.8099632523930169,0.8852515665193089,0.8116562133579227,0.9122415480113145,0.9308523808949076,0.8674690631791511,0.8487194978230833,0.8976088495495701,0.8939151843333155,0.8599422099062788,0.8230236534359845,0.7703021136780158,0.8386502494446786,0.7760610848709579,0.9809857432835724,0.6788592763279024,0.8617839496059034,0.822316325173295,0.8371027858459049,0.8518666128730639,0.8544458270077349,0.8888862659891759,0.8958332432234551,0.8033665223228413,0.9279284531857716,0.8789406709282803,0.787659320772319,0.92121037305266,0.9697789875488703,0.8383791626135636
0.9066053854998072,0.0,0.8796573978830092,0.8741783633336846,0.7299436379261087,0.9250448473990517,0.7458027242963917,0.8259853572496478,0.8510316169064164,0.7900346367557172,0.8096213103012261,0.8392212449130269,0.8454117226237856,0.7784426961591686,0.8775386417144486,0.8075931259439049,0.9096279779467976,0.854169762021958,0.9496531046489807,0.9527060582144234,0.9216929327185753,0.921218080205117,0.7287802463236251,0.8893554735984475,0.8443437078515779,0.6691646435110249,0.6472005823743071,0.8832020303303257,0.8137928612710195,0.7232977768434177,0.8136179729400169,0.8388599337165153,0.9380356888447502,0.774425374702455,0.8467469503205112,0.8581533829750962,0.7204123592541192,0.8203026057044113,0.793204771039859,0.8890026460065213,0.9490364021086372,0.8199026234120446,0.788170226796751,0.8255392504030753,0.8327366767353155,0.8773776041314949,0.7635145650057754,0.7645431612604836,0.7778005281311492,0.9283483349838412,0.894369094558363,0.9467173389014738,0.9362395794175817,0.92856515218327,0.8246431333259641,0.8698433637485313,0.9765101372376053,0.8034394292437974,0.8110229502392161,0.9515601855434879,0.8858309113895035,0.8048261453487598,0.9138684014415519,0.7340892918770789,0.9280473524171156,0.8930996661191194,0.7564157456095213,0.7249814164263528,0.7154570052813526,0.7515397339057962,0.8782539593706022,0.7681308781270287,0.7887415305313676,0.8798881679095213,0.9142098872810263,0.7442822159540617,0.7577401391851158,0.6512264640904902,0.8041507141174057,0.6751872657017328,0.8428237802654456,0.9212034850263835,0.8116313853235672,0.790814719294309,0.9042306778503001,0.9423156939251264,0.7062000465863092,0.728094973728238,0.7883444578045299,0.818072838849063,0.7917057934305289,0.8251981115792679,0.8965639718176348,0.9546878166577871,0.8966194775478049,0.7255141602032171,0.9099929748217284,0.8459923463695441,0.7133677972611735,0.8408509591935727,0.7268511651623104,0.7320908065769957,0.6672492455058624,0.7796558091525297,0.896401773451912,0.8449226634082463,0.8970832138120333,0.8199831535685674,0.8582990967554904,0.8810188463561645,0.8257456369121117,0.7934877051869628,0.8302462881369277,0.6591181182035041,0.876053531622997,0.9257122418884344,0.8809624176481415,0.765444939361959,0.8433815668669963,0.6713732669729042,0.8324265391980903,0.6642030083788001,0.9006295276542005,0.8765238882510993,0.8285827300534181,0.8079509476207851,0.8236358792501941,0.760471647884226,0.9144135530027443,0.7759310053978339,0.7839530384037035,0.9010225448341517,0.69459245055508,0.852131165997886,0.872476783389598,0.845095499216395,0.7641535453612578,0.8028730083743468,0.821590480287206,0.8290545875395254,0.7648019019804602,0.797277942515257,0.9328670284263474,0.8472407450909831,0.7434703598613602,0.6557872420830234,0.8846000510587251,0.7660310756093341,0.8651618412310017,0.713309643615513,0.8532861649943273,0.8050328177722154,0.9058212983150536,0.77672757156345,0.883829960447972,0.8318906724621314,0.9371731275949055,0.7982237052911275,0.8360573687777798,0.767037347410888,0.7219420710251934,0.8533461921986347,0.9014058020955735,0.8529574142848411
0.8917289651976732,0.8796573978830092,0.0,0.8930741057128545,0.8407392268158232,0.9418326242095459,0.8168957943792806,0.8306631832378387,0.7928819926913112,0.8504685298739904,0.9068488383157751,0.8513424022311596,0.931152092366372,0.7973725540297899,0.8188531108385554,0.9515756653027985,0.9700125741757454,0.8466591730783849,0.8301259775459576,0.855935772291452,0.9463005718979326,0.9432918358637915,0.8043671705309188,0.8643858095700518,0.8949983090158457,0.8206781913839246,0.724349224231557,0.8699387505604881,0.8272512955132637,0.7969046935415625,0.739767737388914,0.9115234891712004,0.8703143786037546,0.803623752963489,0.7884879584991943,0.865018966674972,0.8352563175719971,0.826082871951644,0.7484668328593397,0.9382785608098392,0.8357779969065459,0.9147504647710945,0.8442391562365543,0.8520262340120464,0.8555943432249318,0.8495896810462372,0.8230000093636236,0.862034356480577,0.8379106807290904,0.9116556233080569,0.9355441864254358,0.9453026888147134,0.7971670285042357,0.8960711903730292,0.8810024561689537,0.9140354824157333,0.9095430165795926,0.9152168720727317,0.8100311897310662,0.8974608246314514,0.860340731674129,0.8401135292584837,0.9266142505894356,0.7533146158521106,0.8292964810792002,0.8395349269652925,0.8133273715014773,0.8287905640163065,0.7994464404007184,0.8097313638378751,0.9049861262466765,0.7262375719912307,0.8441127406584825,0.9572850848373095,0.8760046684534037,0.6861615186254281,0.899700284663601,0.7933353214436557,0.747952281190672,0.7126108860320495,0.8113133941087172,0.8723431493009743,0.845078622346208,0.7734320049503565,0.9302999162474038,0.8726680069396104,0.7902431255920908,0.7662618037950479,0.7666395038321324,0.7872680425211867,0.9178743577277627,0.7888662837722422,0.903464291658557,0.8268875652021742,0.9002372285235909,0.7731939070394072,0.7911292588913654,0.8409215967891276,0.7229772439558548,0.8444390468409451,0.679805396211077,0.8276951898810867,0.7315785658687514,0.7400778530364007,0.8623701392486128,0.9214585385513336,0.9029615769890369,0.8801955008503549,0.8529574584184335,0.9037962891945005,0.8700139662270937,0.8437025963448805,0.8939045183671728,0.7212068079385747,0.8223473363853957,0.9499529865082866,0.7811359885847511,0.82848927098144,0.9362658341278317,0.7332976373145158,0.8637532784252107,0.7318967502389573,0.8917647676943417,0.8862975595345656,0.7221282576700847,0.8082270082250287,0.8752192594846758,0.8564690560450955,0.9202304313916182,0.7766444608579695,0.7854461343672041,0.9701608900945402,0.7164305052206382,0.7697915238772814,0.8061398263759624,0.7541581591942094,0.7242876432588816,0.7983917854682745,0.8447414747361591,0.7826217270185378,0.6982637217552288,0.886416189124836,0.8822822667149949,0.8582631222426177,0.8209657862804862,0.7390880924820951,0.8691087516565867,0.7502235272315734,0.8719183782875851,0.7269454514930244,0.7929261934808004,0.6935698421055667,0.8688846130499727,0.8826821504673288,0.9082156470195538,0.8315762810977513,0.9203230566445388,0.9188456822953813,0.7646036818877123,0.883309037969347,0.7011866718292341,0.7495335461872962,0.8609025199589638,0.8712413812143562
0.8330307912715497,0.8741783633336846,0.8930741057128545,0.0,0.7325413236133285,0.8699310583418194,0.8018033780270667,0.8561863544636655,0.7913856523136943,0.7637683557766644,0.8663410991218324,0.888503486062104,0.8394390869906124,0.7674946525330052,0.8026240965138707,0.8100136520935413,0.876783404021082,0.7669105064103613,0.8731777564946123,0.8590838653599961,0.9298626899468406,0.9123654923700771,0.7833888864353346,0.8607421904795063,0.8570795497719944,0.7650854880204508,0.7040124627115147,0.8667825014319659,0.7019697807920757,0.6615200160584453,0.7680934142137733,0.8428709624483859,0.8727707959710647,0.8942482690439265,0.8058888279169336,0.9127033896939557,0.7649528892462092,0.755384615579181,0.8024509592025109,0.8931908534619961,0.8098342704631135,0.8784291937617638,0.764018486884769,0.8125181111905542,0.8991984926087557,0.7918258539076107,0.695030626004238,0.7932966293965319,0.8043387850636285,0.8870151102803736,0.907085328165947,0.8831514638658511,0.7614755835911087,0.9586293762659244,0.8894472775641074,0.8289812306125195,0.8830525755511607,0.8437883275226401,0.814263696895588,0.8894905983425933,0.9148804625491387,0.7663530090036426,0.8423251014534558,0.7667314875643961,0.8240594877112328,0.8204887170335142,0.8937554037730281,0.7186111334087972,0.7258397601001312,0.7700576226178203,0.8480018555650548,0.6919293042418362,0.8945602100954545,0.9397883931510206,0.8323433714453355,0.6288173709352681,0.8950942510814512,0.6748447436623848,0.7070190160827174,0.5790221709257436,0.6960368948940183,0.9471709872164196,0.699602079303787,0.696160906196536,0.9479630612378027,0.8401392079868577,0.8224107917964578,0.7467762014730054,0.7147138849291614,0.8621539211874885,0.8325640102808981,0.8578762073554997,0.8157135430394798,0.8137918994149026,0.9185185776930264,0.7091278522814296,0.8533407949087122,0.8938753685709513,0.7294350238704809,0.8650638521734332,0.6836637980579562,0.8545537933503198,0.7757239048883815,0.7105327200135719,0.8590182250831703,0.8074124925548661,0.8927400547405128,0.8096923300823304,0.7696401901878429,0.8886075663787255,0.9339673819536137,0.8738458419330729,0.9043600250736493,0.7107610589923717,0.7540113517658312,0.8541558223969895,0.726526602007223,0.769268681217638,0.914617875270791,0.707062970861991,0.7824996760161598,0.7163515532024283,0.8976699707888529,0.7898448345547023,0.7263145528616052,0.7276317871311786,0.8949937352945245,0.8282733301724811,0.9148370826375135,0.705629758512219,0.6969084438229703,0.882219899129072,0.7039288304382657,0.8500576720361046,0.8993803511724483,0.6872142779281231,0.6202535563606922,0.7618469259308978,0.8563371888056788,0.7525028444802345,0.6661746580456037,0.8117494437169426,0.9383763306539873,0.9361473105201884,0.7797235306593912,0.7402522999068387,0.8454559335962122,0.6391501834735835,0.7973608124888407,0.6867343611913985,0.8795752809024473,0.6291615192759817,0.9169571519221525,0.8057292764522735,0.8865090762690401,0.8505938107634166,0.8914678459834044,0.7931663313223286,0.7870440965650565,0.8042780869701824,0.6147035057271139,0.7010467460058839,0.8181117254713003,0.8424175564855038
0.7862538782848134,0.7299436379261087,0.8407392268158232,0.7325413236133285,0.0,0.737282128545103,0.8417941998707739,0.6471498225987976,0.7349745594762588,0.7154230669634595,0.8894309779843145,0.8103244146359369,0.7597501910329506,0.7246460526857298,0.7726635810907284,0.8614684606705639,0.7997340378543394,0.7366856692508162,0.6840746594783662,0.7271583670702071,0.8091283899541154,0.8528752480108245,0.8165724252289459,0.8146518301702325,0.799464580963884,0.8370325959029856,0.7045848767984018,0.6848098997984089,0.8479988222930073,0.8281333331506383,0.7083339452252706,0.7636103636762743,0.7302332570252842,0.7060604632634018,0.7711240694785118,0.7910482241769987,0.8318389606102631,0.7767978988141115,0.7435242626260062,0.8235656030354268,0.7356256360072851,0.840146572554365,0.7882276063025911,0.8889698993953526,0.718923553079788,0.684398959805751,0.7825194104862372,0.9126008322679007,0.8372491794567805,0.7907928548161967,0.8005909534279215,0.7755837062497947,0.6406409922475261,0.7499300973295405,0.8315351094952258,0.7909206066373804,0.7534109989406682,0.8482627718622352,0.7036276457132802,0.7299663179299404,0.6463673047630516,0.7087202777139061,0.745051200052749,0.755246352307243,0.7027004917496633,0.6526903137811377,0.7071147188204098,0.7954580591331056,0.7325476141421848,0.6976650874326975,0.8026450567971773,0.7055701386753372,0.7267445632172747,0.7803329045319733,0.6776533731994422,0.6014310417123069,0.7980690245338614,0.9240755259193748,0.6265712873322795,0.7040787449368487,0.6637047364601163,0.747016281540481,0.8198985803821477,0.6287606323559987,0.7750866337383358,0.7301907299121654,0.6959640922865681,0.7018776111887866,0.6124343090938468,0.725370861234986,0.9125291157470284,0.726472122314468,0.8526836681015293,0.6647852699079139,0.7795652498450337,0.8233416057141343,0.61940454878969,0.7101723526015304,0.7680860270730153,0.6651385941673299,0.7119185945051575,0.6991664385775651,0.6988075114277266,0.6948866802169981,0.7143416767563983,0.7663028122180289,0.6866796786968126,0.7580382542072288,0.7322756385596102,0.8184793877341904,0.8023532033476538,0.8421804624762318,0.7230908581865062,0.667375762641867,0.6801198959941934,0.7827170407464286,0.6281019638328336,0.8630582289487887,0.7899293504784307,0.7005426962614539,0.9462668341092227,0.6414178074032212,0.7859508749631623,0.7972588433885975,0.745975107508655,0.743297410435166,0.7164448120273222,0.8233824855552624,0.756074719444584,0.7316397655685877,0.679440615293962,0.7830088204259393,0.6427581949193152,0.7293595259234374,0.7276360467757548,0.7169443170061953,0.7116481523833128,0.8298167199621704,0.7815175875466226,0.7435104473636842,0.606303435543589,0.8540003454505565,0.7316525441641255,0.7667694976818211,0.9094716050139644,0.7430894109831641,0.8447556515443712,0.6312461257911078,0.7760448350610688,0.6887377284000233,0.7177164239383432,0.6105424331271979,0.7644545299323386,0.8204611710443694,0.7924799066279319,0.7346625980418571,0.7774000885035974,0.8150361038221541,0.7422621449365686,0.7904228187090308,0.59091176003629,0.7066348405044564,0.753710748476474,0.8904177476053394
0.8703002698480268,0.9250448473990517,0.9418326242095459,0.8699310583418194,0.737282128545103,0.0,0.7248295376997145,0.8813585609520805,0.7857624890415921,0.8157703387231299,0.8285429441609583,0.8374329172286444,0.9049726275479774,0.7417324504401704,0.8277918840375461,0.8949515774706631,0.9353001819425644,0.8283248986414258,0.8919022452817352,0.8675393379106379,0.9223079863722835,0.8917238505414116,0.7034934515432111,0.8508848841780954,0.8429566106375607,0.7279400316145466,0.6541455685439211,0.872689671689576,0.8093089060816511,0.7662979823812724,0.7619519799662672,0.8716419661383077,0.927195812431979,0.7608617362317046,0.7480859056679969,0.811878174007005,0.7684904840180259,0.8140459952084489,0.7622237115861216,0.8754709928384743,0.899441141886477,0.8113961719600638,0.8132332162219621,0.8089706128221863,0.8310704681893846,0.8945688148334755,0.7848276919310538,0.7935906247907376,0.7482715461427497,0.8815830082144709,0.9016255986772919,0.962119475676476,0.8720127062609514,0.8995703988588429,0.8254214801936227,0.8801117412755668,0.9372580814062804,0.8732273248242721,0.7571017617779168,0.9134765846283809,0.9198644322749687,0.8387166931850746,0.9606784097348259,0.6696026760676955,0.8483070613993651,0.8904217680374915,0.7515043571521544,0.773082609646216,0.7250371896842028,0.8068557417641352,0.8854673492209841,0.7059887270056172,0.7610924546160674,0.9063919524985472,0.9298853949163818,0.7315793609428837,0.8167092711870905,0.7040177822266062,0.8309388552761584,0.755338462141311,0.8951615181688338,0.8568015906131684,0.8657685102239934,0.8480333221340146,0.8827699364277979,0.9227308387420933,0.7617864119670259,0.7141731280983497,0.816858695139565,0.8041346898744101,0.8082336528558828,0.7533652178053812,0.8758966095613892,0.9030308343007656,0.8388642101433011,0.7492481679285851,0.8704070973472705,0.810022725000994,0.6499559362363446,0.8394286815015779,0.6758077680753845,0.7978931993143101,0.659149530615335,0.7534089556561105,0.8628082055063558,0.9178362192312285,0.9340917229757696,0.8305191637221208,0.8611451416896487,0.8682658432592525,0.8081463143281796,0.7496922518515975,0.8477311907494505,0.6819831960721846,0.8823537944219709,0.9598860598023856,0.8499937834141686,0.7438389226007407,0.8629080854540715,0.6747450999438345,0.796892442061501,0.7440732874345628,0.8440136648042299,0.9159600976676284,0.7056967726506764,0.8620308191934029,0.8183574346623793,0.8183573843031212,0.9081227313300387,0.7617029932615187,0.7912646386582141,0.9732658074082254,0.7404339828341356,0.7711362322061424,0.8037111196497047,0.7829393789548017,0.769998896939399,0.7512672879288412,0.7774082820618028,0.8169165865809598,0.7563591641961429,0.8004098623228844,0.861262275721308,0.7903404701295955,0.7472035691940789,0.6465861530906758,0.8608015334081339,0.835450905775757,0.8418522549975425,0.7109930264837753,0.7997972423799486,0.7691825818997606,0.8385381027242875,0.7917133317865503,0.9232574413777209,0.8342236551114707,0.9378072130551671,0.915917389835147,0.7486322334319073,0.815792018702245,0.7418488692055246,0.7756149498548051,0.8755425212677613,0.8174161436522256
0.8198832525357683,0.7458027242963917,0.8168957943792806,0.8018033780270667,0.8417941998707739,0.7248295376997145,0.0,0.6542015737171342,0.6864274557940565,0.8195355471697494,0.7807716105654509,0.7456516257285646,0.8160839469581223,0.8333742504839633,0.7986004967102591,0.7803274412287137,0.7855108562547574,0.7717846676984925,0.673426243848012,0.7536595901084191,0.809538104081025,0.8090824248410287,0.8993229832072057,0.8007061468398641,0.8705462638703261,0.8849769581734485,0.6963674279388451,0.699041312878413,0.7652282354571657,0.6588101301646035,0.7376998833340459,0.8691935520868675,0.7630547933446774,0.8563101341799396,0.8323523850275044,0.8858350598711311,0.8657692222461374,0.6987293262381697,0.6832391862640931,0.9189868124118601,0.7069977520963655,0.8253870527688202,0.8297813044822704,0.8865950933369587,0.8444477438528699,0.7603719360566401,0.849579384061591,0.8728602786128457,0.9558616005770872,0.8553314795965843,0.8908473228348109,0.7944780095797173,0.6755061195280667,0.7989004388802176,0.9054516335276144,0.8711962370045104,0.7639653490087351,0.720948823194264,0.8866773953563152,0.8061755625637944,0.6924331182805165,0.8075900284429577,0.7474671218325188,0.8655645322466807,0.7898322008742062,0.7456616670103223,0.8872711438281137,0.8633083472205875,0.7868158618686607,0.6621206729303447,0.854574488549427,0.7939573666872419,0.8557191884548004,0.8705477116370995,0.6524807520028718,0.6811459430608079,0.8814215175102503,0.8442242945194778,0.631429727211996,0.6224996173576766,0.657293142755532,0.815225568953636,0.7105764476943291,0.6052274622148132,0.8600841179396723,0.6885079840216105,0.7189363710113448,0.8617506031760427,0.6909523226990556,0.7140896919138032,0.8876208870691895,0.9072838685907888,0.8425071169768673,0.7145479291279399,0.8790973601444708,0.8015636331186536,0.6649864989541151,0.8625044720614884,0.8655108922310835,0.833388758411158,0.7629082668156342,0.7784568531373669,0.90251188089649,0.739095422927755,0.788873588732095,0.8028527957985373,0.7710414260877727,0.7294409882201908,0.8257738680815612,0.8567090213963009,0.8882441814885476,0.9079995718543035,0.8727961781583881,0.6072668487503003,0.7124978794688608,0.7285838819548858,0.6808347891474481,0.8998620662093553,0.8820042465538543,0.7194675240540407,0.8402120952130954,0.6426541067246209,0.8578566206344185,0.7892436175916229,0.7495168109435282,0.7181793138243311,0.8663686963627362,0.8203580775625938,0.8346362886903723,0.7998005380427862,0.625159680928547,0.7283000215617913,0.6046195158403059,0.6710586751898201,0.7480131814939435,0.729943107030533,0.6443804849742366,0.8919627094551207,0.8414891920946385,0.6925522669139336,0.6513416497354355,0.8869367199119251,0.8441235788172496,0.8388293191331322,0.8823617291084538,0.925672250776707,0.7503240324074528,0.6249458631571242,0.8162166486436341,0.5905181864985375,0.7503789726094127,0.6056545446213243,0.7357699753106983,0.9524422980069407,0.7659708197702833,0.7781315539122141,0.7436735013016794,0.7696558983884877,0.8295297503059731,0.8944877811529461,0.6603778861236432,0.7087393539945376,0.8033155210016714,0.7625956943611453
0.8339540719940289,0.8259853572496478,0.8306631832378387,0.8561863544636655,0.6471498225987976,0.8813585609520805,0.6542015737171342,0.0,0.8354414070805685,0.749724141816985,0.7994918378691128,0.7920139555461869,0.8570626571620343,0.7220688741015721,0.8035322722424315,0.8182685637855658,0.817535282137851,0.8005687988486978,0.8506126222092845,0.8566808109246666,0.8135686754199882,0.8275903073332279,0.6699820500932123,0.7460532680546441,0.8254575796561936,0.6918585854844954,0.704988812733828,0.850740242637107,0.6989587846632542,0.7142801965701631,0.8228807905510027,0.8131556756502927,0.8835115763732748,0.743958789846397,0.7481763220532243,0.8037808941004009,0.7677902723096298,0.8408071130508129,0.7694697416082402,0.769024675277879,0.8088499705503911,0.7256140493228155,0.8021034820714449,0.7348281011579866,0.8667900756845704,0.8367678999429033,0.6719987243826852,0.7450149762338681,0.7068765383039394,0.8349375573542412,0.8295241621246845,0.8249985238475065,0.78846502041861,0.8366913175214605,0.8180864013178577,0.7535020716040443,0.8686163856365354,0.841357907416098,0.7180327015461397,0.860455298482344,0.9553047925595614,0.7915130523680365,0.8968710741709921,0.6622256623212391,0.7956417822100997,0.8477583747066372,0.7611987435424569,0.720065097623043,0.7352629441023578,0.9181607788816911,0.8364900002832967,0.7020675872683001,0.7482002684107619,0.842174871341758,0.9002649804989922,0.6976279704848563,0.7880164939024513,0.6104284027742154,0.8565307981002608,0.6159413685721624,0.7613327245546342,0.8469257868502555,0.7548703022507012,0.8715604128623049,0.8314847743926467,0.9068155220729551,0.8971514312500418,0.7269847702540017,0.8167621680703087,0.8162659420304655,0.7553597175163841,0.7328212878495102,0.799585434301606,0.8281963506177793,0.785177296634225,0.7365555611095452,0.8844009588722443,0.7610424292467325,0.6328402691056627,0.8004722189985584,0.7078102706844117,0.8796457989854458,0.6768266690819973,0.7618848837322612,0.8791759284564512,0.8279959580523669,0.8705807525024273,0.7660939073965715,0.7619022665909685,0.7418815303374786,0.7397904123043411,0.7425117549814959,0.8097412059100363,0.7534848226048828,0.8437987765018521,0.8346692187454946,0.7701157758046895,0.7288177013634245,0.7528042212866687,0.6883743171702721,0.7176603447830594,0.8784709271441035,0.7541840703725561,0.79569900473855,0.6930284208467632,0.8142164777683532,0.7593893893195204,0.8099522368545731,0.8259531564821941,0.7491627851267216,0.7642048654163904,0.8733159610609987,0.8750935091111263,0.7721922272356275,0.8179989461274114,0.7175250702280516,0.7091263547004086,0.7180585346787737,0.8123374451344499,0.8508997685963371,0.7817434826496279,0.7412036769069734,0.7996162076835617,0.793737781620313,0.7161722458919592,0.6381294653892561,0.8073311951775416,0.7371470083143694,0.8039675225418024,0.6639463548279092,0.875586712680127,0.7160611358143836,0.8092185101008001,0.698648677318417,0.8610427997348323,0.8970328744353274,0.8756064219272246,0.7828264355687701,0.7443165893668037,0.7509722650274774,0.6708487398889158,0.7371333029614328,0.8492485014160686,0.7622436533255889
0.8938946104752811,0.8510316169064164,0.7928819926913112,0.7913856523136943,0.7349745594762588,0.7857624890415921,0.6864274557940565,0.8354414070805685,0.0,0.7425140275970503,0.854181805045551,0.7683203486884193,0.7965550434963652,0.8029748285022587,0.8261244553482228,0.7921469966513756,0.8131230681800202,0.8654930750496451,0.8249604209682575,0.9067588605375485,0.7731634931795577,0.888157165004887,0.7407269846682877,0.7400128333851632,0.8380110074412138,0.6403287608932424,0.7925389715380479,0.8488821892726904,0.8069869710521548,0.8050705987570074,0.8437538255215435,0.7712880620958343,0.8267164883226987,0.6760620929455327,0.8910006991097689,0.8235914315798627,0.7459140835658332,0.9411131503538436,0.759031419410388,0.7669800255440804,0.8062061223739928,0.7881032532656714,0.7741713237491183,0.7606431688986491,0.7831051112355238,0.7472027500800116,0.6756508437960462,0.7460840711054344,0.7664652315652752,0.8573630791684985,0.7834915463294454,0.7707310478337346,0.7950286342920425,0.783247646295573,0.8055918636670567,0.7574325065802124,0.8576181036140604,0.8270065228281109,0.7435221792153698,0.8350901731756364,0.794783236928552,0.7382333174244454,0.8227342991110345,0.768435353083384,0.80607452554692,0.7492143300265169,0.7033310048263736,0.6990159491664124,0.7914722917590586,0.8767941537449201,0.8064058690835966,0.7959388819053203,0.7660860475684448,0.7765331339151127,0.8705052810279829,0.6842976389226476,0.704383562270452,0.6276579104934867,0.7456166870823416,0.5841115219902988,0.7002282121596741,0.8426804239313189,0.7682314754485856,0.8010203154078018,0.8096027950883345,0.9021192497203113,0.7904790895477093,0.7410126453164008,0.7382694121098695,0.764005089265247,0.8187686338467082,0.7570641276066303,0.8629752120466027,0.7876407185571976,0.8339770126787989,0.7595623247387541,0.7845831069686949,0.7258692612793983,0.7524138847663658,0.7179968645847169,0.7837903079596937,0.7229426164594145,0.6571140805356624,0.7838924574797929,0.8799916646329639,0.734536987681452,0.7351958977722587,0.8052548496744055,0.7267650458908869,0.7150938210236705,0.7105382796118357,0.8040526317411744,0.7478497182512772,0.8167221554118745,0.7984099814241814,0.8241880537732382,0.7544008128593145,0.8127169187715558,0.7167674533649465,0.7724036114958865,0.8233349969304663,0.7468596301659108,0.7772325849129865,0.7475816567002306,0.8918976569153939,0.7485585947206113,0.7230870241046081,0.7303731162872066,0.7792846929661185,0.7757711835638149,0.8553324055127772,0.8035900670484679,0.8298215023423089,0.8623759589075649,0.8087097419717173,0.7768364533827069,0.7313016526638261,0.7931727904001846,0.8659614090629421,0.8546627223025385,0.7656032405386766,0.8012288906594779,0.8061326955360708,0.8447953997320979,0.7486969285921696,0.6539553092911597,0.8421151202624341,0.6602808846592125,0.8501211128031878,0.7374917558979378,0.8633247905697234,0.7612022126951202,0.8703526412413916,0.6880129667669761,0.7782463427566785,0.8290011351980038,0.8588816346227844,0.6871958586292534,0.8630659269537412,0.7234327260572914,0.6363806382741556,0.8670160283318656,0.8547135132030508,0.8681504968456373
0.9046913590424918,0.7900346367557172,0.8504685298739904,0.7637683557766644,0.7154230669634595,0.8157703387231299,0.8195355471697494,0.749724141816985,0.7425140275970503,0.0,0.7388719397829023,0.651972893407837,0.9499825452111346,0.9181683306556387,0.7667272369453269,0.8412340968142967,0.8684385242313535,0.9294879013281871,0.6972818836445183,0.8098868793933514,0.7617372581419841,0.7830021724592361,0.8402589488135218,0.6950192379156176,0.9202101101760436,0.7579332877772418,0.767739128765133,0.8290059154958299,0.8319947395525554,0.7359016357818464,0.7167472219025962,0.959640753333386,0.794047224757454,0.7526505576219479,0.8096958482681481,0.8066610966578277,0.8353934053835465,0.7918494723489015,0.5852446256817675,0.8879235704654974,0.7207101808361558,0.7934467824905388,0.86053929259754,0.7545033589926972,0.8374537477472622,0.8711828730808361,0.9016740538479325,0.7543092450645914,0.8818672793099058,0.8682874964445909,0.8701857465372225,0.8264299706322878,0.8027802363291879,0.7419602454180656,0.8208837135996893,0.9273285309870752,0.8118421772782888,0.7306365562821671,0.9079142144017509,0.8685002574577055,0.7609633955902315,0.9240851840925554,0.8597369545285146,0.7992533139711738,0.8239847013453089,0.8485121208863932,0.7912648243516412,0.8863406188812434,0.9235524368285932,0.7844994642552223,0.8522977190793283,0.8538346285619548,0.8363131768218706,0.8760186491321165,0.7984032016100452,0.8408158135212324,0.7968558909601157,0.729517862566673,0.7370333869968894,0.6775745604521117,0.8037049468989549,0.7629359962716212,0.7703035325392381,0.7960083401901626,0.8545060887474538,0.7668776103469118,0.7381231451569741,0.9093398965399424,0.9045442517335552,0.6282719107300239,0.8574437488632578,0.8090273830359029,0.8701667238494339,0.7956107212935681,0.8618572820692004,0.7665944643981101,0.7046260015140328,0.8355994804859925,0.7710739224686182,0.9003378134089047,0.7233338489151379,0.7679152700455277,0.797423304143991,0.814849778975845,0.8872447379768161,0.889012255087754,0.8348647848271626,0.8385221072824895,0.9041948279837599,0.7503408136679859,0.7298676295803577,0.7758446606746479,0.9050326263509568,0.6874351967117543,0.862982070580647,0.8182389589870622,0.8606564452574814,0.8511595780006168,0.8515812050653232,0.8039381426557043,0.7429903089155938,0.7298017805946636,0.8146875583533387,0.80639753170327,0.7259192781118753,0.7696909799986434,0.8668851339882775,0.7316760768592987,0.8610393992232325,0.872958069850545,0.8111323005051447,0.7849131301378166,0.6973708838805704,0.6173583722079995,0.6619530796873507,0.7725252345522566,0.7232473819463127,0.8145032947630603,0.8335253320115181,0.7100379001763947,0.7994119334380886,0.8829986977017383,0.8244776541943825,0.7727121410275122,0.7329733211328437,0.812422996043194,0.6843663417252384,0.7738495916942872,0.9246047640454845,0.6353581877743023,0.7057543858375018,0.7624207321002632,0.7087589159537402,0.8872006938392265,0.7506460569430717,0.7657395181187432,0.7745156380504056,0.7852084676427724,0.8240422169129618,0.9420544039275687,0.8574543828313976,0.8168615235482962,0.8699453236874604,0.6952737703844603
0.8412280587566594,0.8096213103012261,0.9068488383157751,0.8663410991218324,0.8894309779843145,0.8285429441609583,0.7807716105654509,0.7994918378691128,0.854181805045551,0.7388719397829023,0.0,0.8997430479225403,0.8253526856288071,0.7569652615813546,0.7829525240602748,0.9172190682798035,0.8864567753446472,0.7810961264483178,0.8014978809310395,0.823204804136436,0.8772574713962654,0.9423751418147479,0.8249970489980681,0.831491162716735,0.8595651699522349,0.7939227973548226,0.7983829052623559,0.8355331129861749,0.8122161049081204,0.8454137552154511,0.7525100282105777,0.8043278241982874,0.7964810999384633,0.7694670163824087,0.8097777783712048,0.8513361196918364,0.8237259472336972,0.8643897765969504,0.807199216876977,0.8443900177089942,0.7773808813025226,0.9149203650802186,0.7814902316363282,0.8403156820735272,0.7983660885538474,0.7187873739742603,0.7036335260094184,0.8707917948491729,0.8203469289534278,0.8429134224332786,0.8384128378307469,0.8225625171259339,0.6923746932131227,0.8389779153842145,0.8756506869135304,0.7986124308027965,0.8387055607774556,0.9673523264771455,0.723627279049395,0.8061511152922218,0.7858109900644255,0.7218555899582031,0.8161811206984799,0.7661245868624478,0.7360373146662724,0.7079966982116619,0.7673551638453248,0.7408590429713449,0.7674475868289521,0.8305614794657471,0.8206037669675206,0.6957335321107451,0.8134282508185772,0.8571814258386008,0.8153270296245666,0.5964823451276834,0.8549440263452116,0.7887362306455052,0.6774519694935457,0.6393272849641297,0.6754149315762916,0.838584426221833,0.792842316307669,0.7123121223806815,0.8656883522867628,0.8428146150477248,0.8258190595111876,0.7095094750431482,0.6624945937873469,0.8175520102504512,0.9267641562448548,0.745946699079315,0.862653388060845,0.7255466780728335,0.8480728191959592,0.7787132100916372,0.7182292894943666,0.7609313986617683,0.746157779953823,0.7212691220737012,0.7059403139544453,0.788514352889464,0.7004968576170605,0.7016808055885163,0.8006639570947214,0.787095440442621,0.7640305122286141,0.8620185358004493,0.7191597194292615,0.8331701538890507,0.8453769976922509,0.8783223967054377,0.7923322049953255,0.8176761509923977,0.7232627247526922,0.879013424051244,0.6696298044641332,0.8435691152235106,0.8359709474011621,0.7638123833787355,0.8987918970388833,0.729510794874916,0.839475667501121,0.7902722813479642,0.7612028728733338,0.7499414628448539,0.7745863928861935,0.849349175516398,0.8283417794965096,0.7111659064953962,0.7711596748954371,0.8891016575222509,0.772765236137388,0.8558388380229097,0.8227979044987873,0.6882993527317721,0.6838179502740832,0.7839960278699094,0.8614802824574542,0.7958021429098573,0.6364085733071546,0.8674098517342587,0.8093936997518683,0.870181360793995,0.8634226750442675,0.714132353265598,0.8932561568857181,0.6314487359499346,0.8134975458604106,0.7813364311169946,0.8266261296053629,0.629399686520175,0.903247792856452,0.7761589682073914,0.8664307201427648,0.8127451105625734,0.8996440055111466,0.8205740264137921,0.7695983973647388,0.8029928242468558,0.5785612376491559,0.7304981469310463,0.7901350824636718,0.9620304650403777
0.7694084195059092,0.8392212449130269,0.8513424022311596,0.888503486062104,0.8103244146359369,0.8374329172286444,0.7456516257285646,0.7920139555461869,0.7683203486884193,0.651972893407837,0.8997430479225403,0.0,0.7462330295928133,0.6512703343014639,0.8093831174683521,0.8151576238546876,0.8220427335470017,0.6892062353952301,0.8778585413225773,0.8093436570114443,0.9280309159997031,0.8996281810587996,0.722829252592147,0.9354985225226141,0.7797707499856016,0.7574058152102637,0.6360519801867852,0.7676853905218037,0.7229054988707913,0.7178277263114317,0.7754177164881267,0.7369835454834163,0.840754979589804,0.8121904691373673,0.7495085776907683,0.8335900868494444,0.74364420513755,0.7541485898688818,0.9336127384863152,0.8182319286305748,0.8525815697750677,0.8182142812268234,0.7365003683506028,0.8618960436064507,0.794823983133219,0.7291326368470368,0.6610273856853349,0.8463993849336909,0.7394381144402189,0.8139784743437273,0.8325507776329302,0.8539422522600362,0.7002391567466336,0.9157012204431512,0.8437862070577355,0.7530205133529968,0.8532870896311288,0.8942003397009236,0.6751869155045779,0.8026516573526109,0.8174866339659814,0.6767896240500944,0.7955740279177511,0.6798417842350344,0.7514908879361488,0.7278636024931848,0.756390158671178,0.675050400642403,0.6270766637661447,0.7235766751784791,0.8079270414207413,0.6335817782641426,0.7369736763894069,0.8300126872867413,0.7713845207405194,0.5763520315895435,0.8224192542985571,0.7259440824364446,0.7070746880352802,0.6434806699049856,0.6803902825415715,0.8721811210554677,0.762542229105106,0.6633485593984825,0.8422549049657589,0.8451792608032749,0.7600072514450706,0.6340423136668949,0.6253994795011322,0.9357385492081421,0.7953244132439014,0.7518647743705233,0.8024102826569582,0.7664892695105526,0.794669386352334,0.7374422416847677,0.792545962423404,0.7764452063585947,0.6675410751828333,0.7145561669924344,0.6811211404293158,0.7741288033817412,0.6619795124074216,0.6806375835783081,0.7506907024063115,0.7693025968800963,0.79631794918254,0.7575062658921714,0.711944605321611,0.9040182976238372,0.9027470671531241,0.8235995830671963,0.7482361115550552,0.6674641030757567,0.7075189083445499,0.8428644824301649,0.6597530210888201,0.7413325872060783,0.8110506929871022,0.6230052042396398,0.856618805034133,0.671953617251465,0.8380479280566492,0.8177975184102492,0.7163964841059588,0.7658849965369979,0.7402758343367698,0.8646243832564858,0.8313694643621734,0.6587963834991398,0.6529876402906161,0.8711981491767009,0.691951864165463,0.898024100171604,0.913943405044971,0.6889861871082775,0.6794143183705376,0.7512968008534346,0.7868278398149184,0.809627867728588,0.6124126199416693,0.7519094798500078,0.8175445186817499,0.8239722906155795,0.8341627152403912,0.6495613836517357,0.9437487007339774,0.6339549017780677,0.7381427723201849,0.7093906859112463,0.8670655811507282,0.609710344469231,0.8989005550165633,0.7331905885966565,0.9314915872817683,0.8228250255783703,0.8996876205836025,0.8303812444610936,0.7216258738955862,0.7130507523279659,0.5522808478981576,0.678722919365626,0.7701223483806969,0.9259506517907685
