0,1,2,3,4,5,6,7,8,9,10,11,12,13,14,15,16,17,18,19,20,21,22,23,24,25,26,27,28,29,30,31,32,33,34,35,36,37,38,39,40,41,42,43,44,45,46,47,48,49,50,51,52,53,54,55,56,57,58,59,60,61,62,63,64,65,66,67,68,69,70,71,72,73,74,75,76,77,78,79,80,81,82,83,84,85,86,87,88,89,90,91,92,93,94,95,96,97,98,99,100,101,102,103,104,105,106,107,108,109,110,111,112,113,114,115,116,117,118,119,120,121,122,123,124,125,126,127,128,129,130,131,132,133,134,135,136,137,138,139,140,141,142,143,144,145,146,147,148,149,150,151,152,153,154,155,156,157,158,159,160,161,162,163
0.0,0.5956771577438756,0.510744045603084,0.6282079803539331,0.6633205923503694,0.6019982043974029,0.530483237228015,0.6101557869296986,0.5653067399881293,0.6373941114693314,0.6690141201398164,0.6320501590624567,0.7222868165909738,0.5216791749258998,0.5789090378051365,0.7412199122867809,0.7396574530511919,0.7266519731794493,0.5479602722918261,0.7119496332003457,0.6519771596699265,0.552352890752976,0.5044312374722478,0.5733333044553623,0.7371832056546901,0.5340122291320201,0.5391936657092427,0.5198850727025703,0.5383614444255995,0.5598091455402788,0.6401711025121498,0.6395430103538942,0.5285269122566805,0.4867219978389021,0.6900532170105247,0.5272513091507025,0.7172604087406831,0.5733386528891322,0.5687686380851098,0.5853760868384565,0.5134507763351489,0.6121643845923664,0.6605130730096727,0.6558910966287848,0.618106586242486,0.6803840058476606,0.5193462193444843,0.67819663872896,0.574957195776716,0.6498968310837798,0.7042296270124634,0.5628409954703659,0.606603486144797,0.6065398207092519,0.5962232377698576,0.5249551981498465,0.7606927853847086,0.6882944032280953,0.639461281022627,0.6159238277077058,0.6217012857636477,0.4587369163196803,0.5949608257603404,0.4821489455050701,0.6055184923587876,0.6695163422231123,0.6011166226316823,0.5343476254693567,0.5499911041116384,0.6508896670269758,0.5532699295450607,0.6233966101458914,0.5955816606419578,0.7150700432257984,0.6467669222952273,0.5825219470736,0.5640943505036143,0.6377848617252556,0.5382608604694088,0.572989872134972,0.5078467322584213,0.5591489340431948,0.6103066091371595,0.5179998892429847,0.6676589330698454,0.538327609324924,0.636330844125741,0.6582405818009225,0.671386097996703,0.5250053606783439,0.7047496144955119,0.5668690759513166,0.6564636116351361,0.6051991070036872,0.584208880045776,0.5451425716189979,0.46588266959763375,0.5137381246589484,0.4564531924889271,0.6352476886438249,0.5497342258018509,0.5999976723127821,0.58283061097783,0.5257647879881029,0.6059681773491457,0.6003793785764941,0.6673070350791159,0.6297415529302289,0.6139898194583999,0.6682915987866633,0.6277704999653754,0.6065963829586368,0.617758313847879,0.6500178832560041,0.6138025890987912,0.6585054290631314,0.6972865947436363,0.539222834393357,0.5710098911842655,0.48308929903038833,0.6483387337023612,0.511034158753504,0.5715068003797504,0.6487121708299087,0.5469727905723458,0.5888473869131898,0.5003738690850493,0.5533813013036565,0.5515188228563661,0.5315313418898757,0.5514770906542662,0.5416860805082779,0.5976022564417967,0.5277962902678767,0.6035565375261897,0.5420558925694766,0.6048788675359553,0.5800975751236519,0.5440630187981816,0.651620524468563,0.5505537046462687,0.5645403804303966,0.6570825104350031,0.5016556126271225,0.6255892077430794,0.5636046945762208,0.5042826640418242,0.5798561703642806,0.6078547086202235,0.395796883488438,0.7074177806121852,0.6151692633212281,0.6598681511417624,0.5163287866900416,0.6196768306124019,0.6237867003271962,0.4712768782353555,0.6778714950992779,0.5661307650428379,0.5368780767191937,0.5018770960060428,0.6596506657276773,0.4884750146044562,0.7420928911019834
0.5956771577438756,0.0,0.5601584469981059,0.654554363163679,0.6288458750039261,0.6602728760409479,0.48936257949047857,0.6269316318416793,0.5844254472688862,0.6517156127680358,0.5675780279729593,0.5678900220883061,0.6340639987333182,0.6028530484051869,0.6136746541439234,0.5994922198613112,0.5901749555394185,0.5751213581713114,0.4615929026710354,0.571962094795946,0.603685864631374,0.6190831332295951,0.424516832481948,0.5452091127383489,0.565857390359087,0.5309327102081024,0.5091789681751712,0.4332025150754699,0.6611422533443869,0.4664143577235719,0.6375979579988712,0.5266286784191496,0.689937995800592,0.4177378021434265,0.6604063020623614,0.6040510148307886,0.6009045815988878,0.6070700254610846,0.6046771833312491,0.5787391331828754,0.6280622726966347,0.5681783411623466,0.522786232071817,0.6681171093025918,0.5959525541468577,0.5922954446464291,0.5297706347257459,0.6228502803818884,0.4724770101720794,0.6251330150280114,0.59497226042728,0.5667522109011709,0.7087924286747587,0.7080390796393569,0.5700489099571434,0.5880154922333469,0.5803071698279554,0.6082410469459042,0.5699822327134674,0.6118608721333283,0.6582612227507333,0.5014473873155859,0.5593442141856364,0.5103552441661776,0.5701997568502227,0.5733598285306497,0.6406270130096501,0.5410924056530394,0.500628682426799,0.5713012792190333,0.5836515095106689,0.6457661818142555,0.5476173831455585,0.613882694880946,0.6442388063053167,0.5018407925077513,0.49530360115093086,0.6795928292644011,0.5150707623124477,0.550745997456022,0.5501573470756015,0.5761283250913095,0.6814404686065129,0.564689840795084,0.5812535528786156,0.5926963416938972,0.5596313733074946,0.5437404530028181,0.5669407193832019,0.6530995205840553,0.6087562222726978,0.6168291620405691,0.6074272833160747,0.5218198480632078,0.6281640662856216,0.6495790185739081,0.5303931612395985,0.5205510325320568,0.4948697440662852,0.6131508858689868,0.6150126663531625,0.5056461578125491,0.5183025384850026,0.5333706330860362,0.5977218899227549,0.5678739143997888,0.6044445763267168,0.5486612932308768,0.6506256095923922,0.6293235645800648,0.5215192859341321,0.5761498973281991,0.6089295511644873,0.6310591851319493,0.607033200426453,0.6496845963434261,0.5590389916017438,0.44451124209912457,0.5608482301059317,0.5396593482505134,0.6981048683870221,0.5473013606721624,0.5257051653074136,0.608581710423418,0.5909956365864207,0.6383357068194534,0.5335005953306099,0.6223489191177326,0.5888958455964549,0.6000226129080292,0.5800836927126193,0.5634428069295149,0.5668595000833286,0.6163969639994312,0.6197820820989988,0.6078622538788142,0.5403717633862285,0.6305645426505478,0.5212181009870267,0.5873112877435811,0.6346170158687847,0.6015038806382574,0.6808079306851169,0.5536884974801713,0.6681723653514047,0.4822197837500174,0.5831067842850479,0.6624559068182789,0.5707063646056623,0.4264752695526155,0.560408816746349,0.6356551419875532,0.5618480104071387,0.582913900007955,0.5927439190071858,0.614438836287297,0.42844872363792974,0.679164008714006,0.6150782680594837,0.4575607889413397,0.5560202451977815,0.6154024751801723,0.5220174388591847,0.6221077864464636
0.510744045603084,0.5601584469981059,0.0,0.5287582208194935,0.6092703323512451,0.551927754440102,0.3992606586320539,0.5931956748030075,0.5574430074412955,0.5563609033299833,0.47226935648751567,0.4477709285306445,0.5203804104776913,0.5134206755226727,0.5194261746409188,0.5041054268453252,0.5108801834852772,0.5442629504208375,0.38883199072234803,0.5084542922990203,0.6044843738418919,0.6815409320795208,0.36316699253632734,0.4618285555818548,0.49460082513149467,0.5592618008958781,0.41919845363072583,0.36845732615973015,0.4782443075643131,0.3885130354823682,0.48999405838532223,0.42847328710448773,0.5488707368785938,0.3535189723335642,0.5384027632114597,0.5602772805807924,0.49808130457195793,0.595703510992419,0.4517174434690832,0.4819140271208656,0.6011749830830295,0.5975965263201375,0.522940752997187,0.5618582954070127,0.5219423256321598,0.49775763832335784,0.5654525187439594,0.5608227360977459,0.3944915034448647,0.5932203883071625,0.49262591887001206,0.6007033751979116,0.5267243566511612,0.5583886834651408,0.438067377358275,0.5603278383456601,0.475106276839039,0.5454081809748815,0.5263586396644518,0.4536301091561493,0.5236124870287185,0.4611856702963685,0.6341983609925144,0.5334523501967211,0.5594601183748205,0.53366288075791,0.5387906012744631,0.5980629536225818,0.6219927007106105,0.56551693211172,0.6294607812245512,0.5141932913847937,0.5756744279867082,0.532499552242816,0.5797871964332857,0.3927993840772328,0.4079244567686684,0.5038560601850671,0.5063273631599006,0.418470518386988,0.5931928945291611,0.5965659916796108,0.5353217884350654,0.5639178587848551,0.5409018296280129,0.6158227018149518,0.5284649884066966,0.47411272418506234,0.43963685991334045,0.5394479173135762,0.5878898366843788,0.5123279470565169,0.4565979347754966,0.4040399565253393,0.609109494463816,0.5869488610085104,0.5320127830828241,0.5480022269596746,0.4646054347645362,0.4853563008501022,0.44000295251322247,0.4592186012278008,0.540460399287775,0.602356271141003,0.5615010423209127,0.5572969501444135,0.5355075535265351,0.5405866501966576,0.5361776979291144,0.5273357099952637,0.428645707515574,0.582540893908488,0.5729510772273453,0.5284246145140937,0.5131435881015549,0.5256740269175234,0.4584319452477292,0.3850503599920872,0.647149077862689,0.5128576015831577,0.5753555822227157,0.5592352956617747,0.5069964896382094,0.4608233609237158,0.5339969688796145,0.4730698490774861,0.5107555367339293,0.4746002525069902,0.5446165851242146,0.6224267413126043,0.5540490797287367,0.6379514774937257,0.4304680360263024,0.537544121317616,0.6059560268198083,0.5994685300848818,0.45195697549163466,0.5328974939430564,0.5238107396259947,0.4788269191247994,0.5774877606627309,0.5032022767023723,0.5197010114196238,0.6102067842022221,0.5751612996560652,0.502224377281709,0.627035890965352,0.510157573983164,0.5886871958053227,0.40479425251965034,0.4650318223080128,0.4832918426507402,0.47604534146017846,0.627376783614248,0.570488168573093,0.5571100962505674,0.35368577749245195,0.5501325758161323,0.4606762725344387,0.36917948358918773,0.6202608768402803,0.4906972202598916,0.5404565512317961,0.5272682388692228
0.6282079803539331,0.654554363163679,0.5287582208194935,0.0,0.6395925736075397,0.5608694368657394,0.5629128727987571,0.6048037758408492,0.5259796339606015,0.6428269640421236,0.636423901689043,0.5718832844633184,0.6819621832382577,0.5338249397168322,0.756277106396196,0.5967139682089861,0.5962309094546383,0.6518723711204345,0.4895659758881308,0.5594047307156419,0.6049368517780566,0.6194622910769331,0.4680847428960818,0.6281756683655947,0.5936102375969454,0.5372226753556788,0.552620748976822,0.46743952182624576,0.5783701881003528,0.4749944773750946,0.6057026596644189,0.5374715736109676,0.6738165340429635,0.43379082364297455,0.5968110134100463,0.5235136761615402,0.6570900927958561,0.5366663601696472,0.6166017395435555,0.6789768018213209,0.5602047638706206,0.5391741714740538,0.565357708328762,0.6357518594413141,0.6020240996913873,0.6502208761483137,0.4818470383560263,0.6356351189757936,0.5302129161030319,0.5943961685326935,0.6877551810598921,0.5303417329388074,0.6340756612619043,0.747602304764635,0.6068043111017054,0.4994024923563858,0.6219571114922772,0.5809428964330535,0.6431706584629893,0.5998872004977641,0.7064792286365026,0.4443996972039295,0.5486939644643455,0.4511451191186689,0.5887891282892009,0.6074673036696505,0.7008986082010602,0.5523099126611253,0.5074388862072562,0.6091173440945531,0.5633215557925083,0.5855196423510688,0.5256908902946039,0.7468937759335482,0.5820639049172703,0.5194433070100837,0.5783444158805012,0.6697542337457247,0.506587391707113,0.5223120746068876,0.4967092505171854,0.5696266113993378,0.6376279902590009,0.4999875808739106,0.5578036340103956,0.5259452280940028,0.5588534869069118,0.5890988461462349,0.580636041830432,0.5556451954377362,0.6195580278447969,0.5488113366789606,0.6274253520627433,0.5521647245742832,0.5992412032613229,0.5682895205367017,0.4778192566248013,0.468429139229471,0.4299765551473826,0.6340801009170031,0.5645038193342737,0.5737565165871856,0.5328504828411116,0.5080805198488536,0.5457589252576653,0.548539205551248,0.6150174241034029,0.5294316801294157,0.6780602352870604,0.6399420436582837,0.5807402228725925,0.543475039582777,0.5839182562601806,0.5820456588538216,0.5810014874353077,0.6250055341441163,0.5457928645868895,0.4866343048866126,0.5368382140677005,0.46476212728962,0.6259682772345259,0.5180351885568023,0.4833915640138872,0.6675091731605451,0.5114754193118103,0.6345105641650073,0.48281887328092526,0.5815679192967707,0.5195170007750964,0.5788997519846443,0.49050736198622324,0.5135904550396532,0.5740001819679863,0.5232957289057959,0.6156556764531734,0.5539556543565556,0.5187651248229033,0.6367370567142377,0.5540329345204854,0.6139612656430181,0.646806110477278,0.5107309600629522,0.6730444840731498,0.49826920024726695,0.6034577707570256,0.4862651653639475,0.5148401885316847,0.6555002740586775,0.526328848946128,0.3670712921360779,0.6093191843183635,0.5956312544327254,0.6127998733123926,0.5670356270106632,0.5817429017881172,0.6579550133940659,0.48123908766406726,0.6854733481333674,0.6889005714302057,0.49262777403275987,0.531345476783901,0.5536268582055931,0.48317365611310104,0.6662616981581483
0.6633205923503694,0.6288458750039261,0.6092703323512451,0.6395925736075397,0.0,0.6031570476237373,0.4963071600945381,0.6092504343593278,0.6283434169768243,0.6864114469729746,0.5849412755383745,0.5320967132612865,0.6275530591861004,0.5550012660561683,0.6127960176453335,0.6069244672666333,0.6176099346666607,0.7175718076628518,0.46215661171170863,0.5782822824864053,0.6626184373642408,0.6830811511255478,0.4357139218732628,0.5276334481112414,0.6140789968486658,0.5435956247472062,0.5035698921381307,0.4358289788452194,0.5469258387008016,0.4864654187252068,0.5825748734577655,0.5264992832452446,0.5755910017729253,0.4032706926011495,0.6314690895996984,0.5475520881640447,0.616485225196299,0.6091513261301622,0.5284907377461323,0.565661570723371,0.5638319417785291,0.7095123477060442,0.5992112149847083,0.6493321210831114,0.5572315769521541,0.5877936810990103,0.5567771834621196,0.6316165310780072,0.4881948703990852,0.6543905158752159,0.6283512191501084,0.5766659367704084,0.6466375378071622,0.6235957530972278,0.5265567623514982,0.5756295970058642,0.5942351943432393,0.6467776746615439,0.6561237359649693,0.5374820975054093,0.5906783047388176,0.47253541982753194,0.6220707463651435,0.5049494107539716,0.6531250142039521,0.6087370604993655,0.6168712135456107,0.6241523867974919,0.6159203031561847,0.666645924951334,0.6253765836081636,0.6030076836249657,0.6145345775815042,0.6624755221324502,0.6479417928177156,0.4868376187086638,0.49759800241779406,0.640692621111235,0.510674475765092,0.5127994371115586,0.57150247313511,0.6341936999969383,0.6661741121403043,0.531585845950596,0.6259225674035652,0.5700537835478988,0.594476415192908,0.6039215489184375,0.5420750931572998,0.557437595683227,0.7794868313523781,0.5837195341777982,0.5808965687531089,0.49373016052264407,0.702404028561795,0.6086616122958322,0.4949852998850978,0.5202907557928724,0.4758988287449955,0.5657989788884399,0.5152456706661258,0.5359062927013202,0.5908561919339768,0.5727417573156723,0.6053953585288994,0.5731031857052334,0.6025299056608909,0.5907218832191837,0.6172680859660219,0.6106583278226932,0.5238725188960014,0.6265858342185574,0.6360274944161672,0.6662972855243947,0.5639568429626467,0.611897417124188,0.5613898578242449,0.4686374368287708,0.6029148701071875,0.5203168266662518,0.6818805469533515,0.5586072877899649,0.5258413600007468,0.5837788235499138,0.588957919099705,0.5496816860960753,0.5257317656460734,0.5206965914529268,0.536055401221775,0.6067478215656626,0.5939648346313682,0.6054655457976869,0.5207276243124376,0.5644156991626993,0.6094923803765351,0.6224814705376907,0.5147401304572444,0.5875653324136519,0.5348967223319805,0.597556148961584,0.6241453982934108,0.5626642695639087,0.6642657703344846,0.5809082678644933,0.6429145100529999,0.5364505589460354,0.5764583198169918,0.6177102041972165,0.6050282017847555,0.39531308646974334,0.5657069009816252,0.6183295881316122,0.5834268479745078,0.5981721145738197,0.623139391059186,0.6409470244668546,0.41874284094876285,0.6665499698127314,0.5601563925597666,0.45824266751905884,0.5917879395496717,0.6066276771725502,0.5560702230527033,0.6950223785517298
0.6019982043974029,0.6602728760409479,0.551927754440102,0.5608694368657394,0.6031570476237373,0.0,0.44327465684099715,0.660619530531105,0.6799027353120268,0.5826272754612815,0.5268695004125531,0.5583777839152759,0.5768288314892186,0.5524138798073623,0.5322674873031414,0.5891557460184471,0.5624480323243153,0.5369057679314174,0.4640671248682223,0.5786671262973746,0.6270523998903486,0.5727684298810892,0.3931425590100948,0.4732787478672465,0.5645905204344469,0.5101455529841901,0.4442096553944861,0.4100294468201983,0.5368112110093772,0.4713330759159415,0.6723271811471964,0.5424447820859957,0.5637503931341468,0.40809702429951716,0.6423772067851458,0.6148099133745125,0.5820436615464136,0.6304716438742697,0.5768136298263004,0.47961725033957436,0.5639386332060771,0.6223591324776463,0.5467101860896086,0.6817012606681959,0.5574514931610696,0.5492223183066695,0.5478686504439116,0.6260779585737566,0.4412569633389609,0.6535920003261575,0.5862623999630677,0.5890820373214979,0.6662905615090852,0.6293122138403768,0.5317057042555501,0.6509070117498852,0.5746374534157663,0.6827340608351163,0.5273274065532199,0.5551722767184231,0.6385535308172743,0.5556011942416,0.6298278576247043,0.5221648554056795,0.6088609973028855,0.6046454285604201,0.57889695366301,0.5527992023593946,0.5015361747559176,0.596325460223763,0.6287089142830169,0.6033960921674518,0.6071586114995837,0.569859154449035,0.6892317854868879,0.492124759159405,0.471948320497109,0.5841289486718401,0.5178246788043859,0.561553132743738,0.6050734165742585,0.6370988200987353,0.6345368089973499,0.5748007034057201,0.6461944745747079,0.5886013370479556,0.6756137086301852,0.5554228092135861,0.5490965485663778,0.6375575541139296,0.621613365658916,0.6805445744394385,0.5615259100787967,0.5072830983632273,0.6356278251427371,0.6516006702321725,0.6149776656303526,0.5600330961382334,0.5398122161961033,0.5599078574363545,0.5645194589990941,0.53294308997062,0.5557688972896859,0.5406556319629069,0.6858327043284571,0.5633283986969754,0.6265986217374044,0.5341948436695627,0.5491175419586536,0.5824469631696241,0.5105238170421202,0.6258327646173865,0.6788156577667366,0.6721417150856558,0.5742617097628804,0.5675052867461455,0.5701055444456543,0.4328207367725976,0.5704843162458932,0.5679670400487952,0.6507719516271065,0.6054236308504687,0.5584539531940068,0.5645964075880963,0.6735940790033214,0.563337207066688,0.580225793336292,0.5785161661338935,0.573272857718563,0.5465331731178525,0.6467334714635946,0.6646553710934953,0.5499136612871324,0.6912264257710549,0.6293595787227793,0.6252532078749933,0.5211689525170737,0.529724889050331,0.46197857498750206,0.5898532542513147,0.5761264017529965,0.672232981862528,0.6508350996001078,0.6270042442752873,0.671502710189274,0.5018787915645679,0.6367391679116818,0.5878910552567335,0.5879836472782296,0.45018263178162926,0.5807064009557132,0.6206687022023025,0.5285977552782807,0.5136131039434279,0.6025018240974519,0.6108041350041649,0.3928503872585307,0.6316812852175921,0.5066441186652532,0.44960419553224884,0.5237514502014188,0.6678891838167288,0.5617560632970992,0.599331919822663
0.530483237228015,0.48936257949047857,0.3992606586320539,0.5629128727987571,0.4963071600945381,0.44327465684099715,0.0,0.44097285426287447,0.41745773431455935,0.5485161683382451,0.560402521449437,0.52938344369106,0.5473048907409883,0.43795622025783815,0.562105248301563,0.5016963882799845,0.49505414485920896,0.5236517938767992,0.4992597120222746,0.4626588141565747,0.460782879088341,0.45253505978500774,0.5505928510282111,0.5503332589576145,0.537741481726725,0.41906005634009685,0.5362321648770658,0.49484527177235327,0.5037939318061109,0.4952381694771548,0.5079422065527217,0.5621695008686328,0.47126272302892186,0.463345489327163,0.4766434721261476,0.4109155920287074,0.5682158245849489,0.4078175782883022,0.5294393446069057,0.5722886270732375,0.4087142352146168,0.44070367110153547,0.477806800957347,0.4912152749895127,0.4785019728592592,0.5321127785736217,0.40144794604042816,0.5009619496621232,0.6621131628701987,0.4564693209874836,0.5976209426564942,0.40482119017620427,0.4904450478042822,0.5196046725530367,0.6056431650583837,0.405838163016793,0.534711870866614,0.457840628619671,0.5773774688193185,0.5269907217477189,0.512353570122237,0.3771490969598477,0.4128868804664833,0.372224639257676,0.4720866542545255,0.4843707016761756,0.5330517173062969,0.44705873165063986,0.4115417670699716,0.46655343710442226,0.42770885122504443,0.47922499926144635,0.4256697828134892,0.5779946554316616,0.4382771526963693,0.5884048483363745,0.6856896820138115,0.5716145862999106,0.4001012910703481,0.49857272002062114,0.3909361795531839,0.4361038931331208,0.5046471749987922,0.38230403385634465,0.44920617636596355,0.3934926964562796,0.4508198012321582,0.5700115824243185,0.556739237569712,0.42706434741565696,0.48098442860032503,0.4625701942554145,0.5973573199787394,0.5686818417488753,0.45545325714273577,0.4446503779864846,0.3733584784190051,0.3818654890291237,0.36633224102226586,0.5401794794966566,0.5070390386126955,0.5276443006640591,0.4461274331469792,0.40618358281735994,0.4271721389446677,0.43131747420670075,0.4867712240018204,0.4335901326028093,0.5246161194194296,0.532165995577329,0.620745889871609,0.4265695671060578,0.4630609288187932,0.46475042084554047,0.45049307068755107,0.4748415741862221,0.497734489580478,0.5874654222125547,0.4217332889734737,0.37689772124110493,0.46773308348137327,0.39744408421667937,0.4020611351383518,0.6137396960100829,0.41446865532074095,0.5422748435719108,0.40144049899770534,0.48193979684830107,0.41514113576402256,0.43435774177349096,0.3975756134305121,0.3941608315648661,0.5112183208623584,0.40226322310897067,0.4547425399044909,0.42955784317967555,0.46009592025415363,0.48838261578191294,0.4454726932324732,0.5243159297615783,0.47132398593756564,0.43464174590022314,0.5441171334974308,0.39228216028013707,0.4661774478132777,0.4316922889963841,0.3907630779652533,0.5237565286378635,0.4287923142727424,0.3138558377499701,0.5257436467481827,0.5126872904637033,0.5234139258656804,0.4508346026178967,0.4530417344359878,0.4964190158532196,0.5637830645558967,0.5185998629180345,0.589576507115938,0.6058803887137879,0.41609208720164415,0.4701778668214879,0.3917057646543801,0.5127333827399878
0.6101557869296986,0.6269316318416793,0.5931956748030075,0.6048037758408492,0.6092504343593278,0.660619530531105,0.44097285426287447,0.0,0.6122727548970227,0.5885363779405168,0.5529300112205885,0.5624473446730378,0.6218488799150749,0.5270459352719266,0.5817990019262469,0.6271178815125777,0.5852656483098952,0.5877636975774391,0.4620720310788259,0.611206535604827,0.6537634556379747,0.5954761932069024,0.41054504126327335,0.5166796852054336,0.5844438149194642,0.5856998689192082,0.47664024100831,0.42448239311488184,0.5275919591865453,0.4619654669649624,0.6526439237091336,0.5107741958677389,0.6088725459733594,0.41659023691762975,0.6267378135583933,0.6008936141478558,0.6186616336200117,0.6733459509607843,0.5758948452437755,0.5210614311760811,0.617690508651461,0.5711251846372859,0.6127140005569044,0.6654044342857015,0.6386658548325086,0.6139398655818197,0.5411043761090564,0.6711972040324451,0.4505471292023774,0.6575536507253096,0.5828234482102294,0.6159415250561838,0.5856576482385069,0.6328301607362918,0.5295427175277972,0.5711694936709172,0.5862966390698697,0.7041603760684487,0.5302441829136566,0.5539849593856463,0.6682726794097749,0.4987474325582549,0.684812125345706,0.5098082185098055,0.5813723562587277,0.6311277682306305,0.5973609795760615,0.5665152235074845,0.5470055296451153,0.69432818386002,0.6350928842785549,0.5975541753325371,0.5660069825540401,0.6047122733417873,0.6902653373347989,0.47436583806677723,0.4779341044753425,0.5853229414469324,0.6111658342859488,0.509897446087953,0.575771618501039,0.6093012423272838,0.6269860225396188,0.6339195867859992,0.6266898311602757,0.6607723973502769,0.6922586095604127,0.5415176984933597,0.5574115565319221,0.6268681592191007,0.6363333351143466,0.5753715431196837,0.5472546020952299,0.4920043749699381,0.5948364950559416,0.642983573591789,0.5657420841902636,0.5589506242729636,0.47817789539175015,0.5710610433779663,0.5374635387832629,0.5684936269951255,0.5719461499207144,0.5923507795130981,0.6536517499472236,0.6440157590598821,0.6576493868927528,0.5838661784353215,0.5976425525643728,0.5926938657078461,0.5013561374017564,0.630116958369892,0.6127197780159321,0.6445195061684205,0.6357580873520707,0.6169279383588901,0.5524091825579577,0.437254910684329,0.5798476314116461,0.5292052178593968,0.657648521169622,0.649168711354204,0.549003216300831,0.5643561387253834,0.5659437040284134,0.5924973413936819,0.5175062888442814,0.6059634255980844,0.5949732296180343,0.6064872237735218,0.5902017344170853,0.6328779613245199,0.5564041933097008,0.5984507972394035,0.6867538480371612,0.5928354946561316,0.560178599899503,0.5874002182568326,0.543298758868677,0.6145043593965147,0.6234752459432724,0.5633856351826282,0.5880818629002322,0.5648181000278722,0.6817606251081124,0.5170678320869833,0.6217516592686231,0.5994792763313526,0.6239714624789026,0.42471615183180034,0.6044622582357789,0.5685912062205445,0.5434259041659947,0.5493187429264705,0.6665119938044464,0.6725677655692455,0.4045823833200325,0.6824527824482532,0.5187104660071464,0.4330729275230299,0.5496708399767558,0.5901874742145444,0.5418263435921107,0.6172895409502701
0.5653067399881293,0.5844254472688862,0.5574430074412955,0.5259796339606015,0.6283434169768243,0.6799027353120268,0.41745773431455935,0.6122727548970227,0.0,0.544231761151744,0.49440775938344,0.4871027468340063,0.5254687993123153,0.529471450084578,0.5117662299592853,0.5314587898141295,0.5185645816033627,0.5410156285434782,0.4256249876544572,0.5218764785504723,0.5801691125508791,0.5938974405170607,0.3727152599375377,0.43953074402604664,0.5197603976756114,0.48534065015598127,0.4323002145965472,0.38562210779604883,0.487217239015,0.4614360435187478,0.5753111080521361,0.477636885909262,0.5287551659872911,0.366854321309107,0.5720671642802028,0.5427249861283729,0.5315157360850219,0.6311139071940973,0.50511243811218,0.4527575430705722,0.5384276971905114,0.6810148077421347,0.5135231136615003,0.5865719403511815,0.49215899032141386,0.4991143398579722,0.5290882076774879,0.5460830294335125,0.4120052173602209,0.590796738715069,0.5292714334161888,0.5533641512334019,0.6237676687470537,0.5462985793275451,0.464534230806532,0.6559331820437861,0.5222391983173721,0.6360015888302692,0.4994413112810808,0.48737302342272604,0.5563161561053104,0.5195346044316799,0.6124879231931405,0.4963390138775933,0.5950954288524666,0.5459891396216151,0.5352297423272594,0.5734708322129975,0.5212281781213942,0.6170347604911374,0.6329114906448551,0.5503286621379911,0.5872750013853152,0.5250308525244851,0.6569808609618464,0.44697592515509943,0.43384540651891684,0.5397660164697277,0.48800626419853077,0.5113764933856825,0.622679390398506,0.6573515474751299,0.6368662410934064,0.553132036533732,0.5944523404774157,0.5806221704471907,0.6254071950191433,0.5185754971109166,0.49144482710402415,0.6125138472424656,0.6297033383142838,0.599245993982317,0.5044550800101916,0.4529897991600238,0.6585115908319065,0.6163856261888423,0.5711645562487859,0.5208542256627497,0.5216191819313374,0.49308210574990635,0.4987520452819218,0.4866658985591405,0.5286825702932576,0.5294825429091476,0.6250383598287395,0.5214628329045526,0.5388085376725821,0.5161912235563736,0.5061562328394874,0.5166637533392502,0.4539095129859249,0.6009999915821606,0.6159145229577874,0.6945112608772831,0.5208038171001017,0.5402342474466109,0.5118490634048185,0.40508039037220017,0.5258495350197715,0.5816472440732751,0.6191736090269517,0.6284774740672293,0.5085686349092972,0.5162846809138854,0.6887271630688231,0.4950038671105634,0.5449443789548979,0.500680863432554,0.4998717223756213,0.5428060327262659,0.7161319922502598,0.6968876210372982,0.5092878287455487,0.6931056789869919,0.5626976694809191,0.6251726901976425,0.47568409744885637,0.4959585480352205,0.44259312776288473,0.5535503284865446,0.5668804992355989,0.5892826725735417,0.5943292818970852,0.6464486306922906,0.6031408596443745,0.47363762686636024,0.6741642336350663,0.5624772781936197,0.5466714162561543,0.4298705987303136,0.5222541126748308,0.5902478040242525,0.49885260515073876,0.5009206528907225,0.5666789444376141,0.5887749205394631,0.373057958770447,0.582675262937,0.47961971515880397,0.4160175354973256,0.5350482126606231,0.6168863802700271,0.6091467977860535,0.5972511294669489
0.6373941114693314,0.6517156127680358,0.5563609033299833,0.6428269640421236,0.6864114469729746,0.5826272754612815,0.5485161683382451,0.5885363779405168,0.544231761151744,0.0,0.6186829531155346,0.5871915174084492,0.6577002656358518,0.5296457511477154,0.6543792375278807,0.6254539695424797,0.6003810267223373,0.65746095305732,0.4870602170649583,0.5715106162168379,0.612876227200914,0.6142824033710507,0.46764527412371604,0.5711989743985357,0.6739324133820291,0.5217266471871909,0.5273932412735207,0.4551157068029394,0.626189114546105,0.49802271529383674,0.6220873368660882,0.5647901177356898,0.5793125744492305,0.430222469022758,0.6103178456876817,0.5267949827743775,0.6767703214009001,0.5510067915697169,0.5763380853252585,0.5948679453610094,0.5365561017557468,0.5866427970677487,0.5974774850420044,0.6575782629922268,0.580950744002317,0.6105111844428018,0.5201029359687687,0.6850215039056944,0.5357479815790305,0.5903282246281765,0.6396492132924667,0.5210716191911674,0.5949607198777268,0.6415738891765254,0.5961147035853083,0.5321333688458094,0.5931275735545851,0.6055214572285458,0.6666054955075581,0.555501238746286,0.6117510747861352,0.44836748785340796,0.5450068335030125,0.4738904037886605,0.5853030485192828,0.5874825779223529,0.6255825278278881,0.5812888523643756,0.5437201420051954,0.621895416320786,0.5593256805086874,0.5976736919897108,0.5345867938758728,0.668194975168398,0.5823328203079849,0.5310555786027567,0.538575760663988,0.7037834351133093,0.49818057042538966,0.5354921081616693,0.5236849641803697,0.552981644253655,0.6729737841497935,0.5032540956159796,0.5686722014541323,0.5252938117970483,0.5746931143537168,0.6090390714183116,0.5824018427770444,0.5416835444397873,0.629845569261393,0.5671017454931726,0.629484826927018,0.5205809201496177,0.5911137925729675,0.6250346700993968,0.464739584229344,0.4953662746423407,0.44404382770855605,0.5852269443261892,0.5551125081551669,0.5672501198727988,0.5556066648521861,0.5678692607085768,0.5477202319222904,0.5506147598508262,0.6008441430100835,0.5712483539375334,0.6426574091673379,0.672531243017581,0.5679489365661756,0.5552551260013167,0.5864697336359215,0.6097542483793006,0.5500952646507614,0.5788065024881626,0.5754369232159485,0.5203471103304372,0.5637761613991706,0.4746191669144653,0.6129980431081331,0.5130872632730142,0.49985250351675514,0.6370868151757612,0.5350980868118729,0.6443245531374753,0.48033085937572195,0.5525280382299873,0.5405083899209583,0.5770739333099328,0.5328839085888718,0.5269849113381117,0.5415363629481939,0.5082512081323105,0.6092268191323403,0.57457535020219,0.549095459411166,0.5973432712858341,0.5485173280841998,0.6251817309163837,0.632149774071367,0.5461493659078364,0.6346571515759747,0.5136138230421082,0.6441070547429567,0.5162960677411125,0.5184454841989629,0.6631532289373225,0.6057244758523845,0.3794780384331763,0.5811438906926704,0.6381342923498937,0.5722887342391026,0.5910582666668177,0.6179231051679622,0.6444296879814733,0.4518298331041938,0.6950425549002253,0.5991915190664809,0.48484743066281055,0.5610949471038567,0.5881919514758094,0.5096619900918571,0.6321621388584913
0.6690141201398164,0.5675780279729593,0.47226935648751567,0.636423901689043,0.5849412755383745,0.5268695004125531,0.560402521449437,0.5529300112205885,0.49440775938344,0.6186829531155346,0.0,0.6353907267364551,0.6808190503384762,0.47996104025443476,0.5851890247380533,0.6851369592571206,0.6575975882058289,0.655753134846737,0.5736916506867397,0.5917553000357979,0.5490859376375254,0.5380705574362559,0.5418155680042384,0.5940373643546375,0.6486716009661385,0.466144966410903,0.6216211230013755,0.5805822799498948,0.5757233995417596,0.5877237602292474,0.5716173213190487,0.5998815414001489,0.5163756477036596,0.4741152101781986,0.5701017176350478,0.4652240730721517,0.6486609427825851,0.5015541180663069,0.5909804128240692,0.5974300541310174,0.47060052434956195,0.5159422092536671,0.5562279591632495,0.5538938948213059,0.5510856552554432,0.5950158268331555,0.4334550983830029,0.6004450581171074,0.6131815694458997,0.53612978201052,0.6281213868111869,0.4714176004810205,0.5510470151918397,0.5853943133788062,0.6382265512704223,0.4450283330945799,0.6645598237207718,0.6063652539752848,0.576910889554201,0.5853049275178871,0.6202036716343273,0.4035609343687,0.5017571622547213,0.42023286170652857,0.5093643460384799,0.5445970352661706,0.5457839797408204,0.4714366323628081,0.49300749698495805,0.6078516027849763,0.47399532263178634,0.5354395514007368,0.48737764840386527,0.661792483344251,0.5818962334838503,0.5563378699801119,0.6123271022919358,0.6002958179881946,0.47183227433772856,0.5259295686072383,0.4419570047316965,0.48199473013644534,0.5726512356076722,0.4645747031781164,0.523404031767009,0.47336525110127686,0.5426363682472157,0.5685798338328703,0.6188198967903191,0.4700268888953525,0.5787059029396088,0.47984173088533777,0.6863277501778487,0.596379248671579,0.5040121123582866,0.4949747645236926,0.41802995036488344,0.4304178697043231,0.39670235527118114,0.5595906133534531,0.5309209227188922,0.5775912506475331,0.47556404198251656,0.46685655043287827,0.5016304374839037,0.5027229144532332,0.5614829972073834,0.5455594788757403,0.5563806544338512,0.5958374084704576,0.611651698472057,0.49123186708231187,0.5113712435710562,0.5822922792722355,0.5344680700891115,0.6039013371284002,0.5803619177052418,0.5921133509852305,0.48894342802924545,0.4266019469172104,0.5526200826972835,0.45446350033438554,0.4677474675968953,0.6316004716819947,0.46721986101075313,0.6121502649723293,0.42979673325718165,0.5275067318600879,0.48781787111383995,0.4799233459735098,0.4793845675687898,0.4706943909151491,0.6088856247675083,0.4679904004540265,0.543192800913224,0.4730598656954898,0.5522899722797413,0.5349655805234491,0.5316051854131211,0.6104738494285826,0.5267416176443238,0.49217794241601204,0.5744143521778632,0.44084926290051146,0.5352917435440891,0.46008484197708616,0.44786346581271014,0.5615561393984347,0.5185395104388326,0.36280134562621513,0.6251843322410569,0.582199662443025,0.7261295157722493,0.4719081011355619,0.5358454318019067,0.5621543181401601,0.5570632223115005,0.5985933644404695,0.5955902298326325,0.550346391695279,0.4497383526261518,0.5457285675845157,0.42762537973837134,0.6661334238210167
0.6320501590624567,0.5678900220883061,0.4477709285306445,0.5718832844633184,0.5320967132612865,0.5583777839152759,0.52938344369106,0.5624473446730378,0.4871027468340063,0.5871915174084492,0.6353907267364551,0.0,0.6017853588005502,0.45073564460243154,0.5514837098133788,0.6625639598232215,0.6193503517448962,0.557901174339688,0.6668202370952272,0.6259773991479876,0.569382932563019,0.4815996845526913,0.5251202774536374,0.5850293654205787,0.6861756099789443,0.4621436302454481,0.5128351257290069,0.5446356141932276,0.5452270663026946,0.5834354419064192,0.6600512896362373,0.6396815758676794,0.49913955006244065,0.5373435216539956,0.5696658946491454,0.47968639610872815,0.6282226684055457,0.49613534143788596,0.6721435822961258,0.5334986076226264,0.47829623707353713,0.4973039399427197,0.57533202670156,0.5866841374395173,0.5720480343129523,0.6319649668117552,0.4483218367597555,0.6066488820655839,0.5870402601688453,0.5387360872065646,0.6278281026950095,0.4866830011902465,0.5466615173664545,0.581930630145131,0.6468492911535096,0.461654724740029,0.7088708268474166,0.6180768613430692,0.5303902393115083,0.6069454208136768,0.6018504823649545,0.4188500164315815,0.5015835837884507,0.42283487390346053,0.5168513861096363,0.5777270361041833,0.5218869664058086,0.45245924591890463,0.44328560572877185,0.5559069697856092,0.4721552586848319,0.5391245615291096,0.4723883185041646,0.6004844634808499,0.56041330617977,0.6203464060929674,0.5743531475672127,0.5858830271977191,0.5061695066923003,0.5851101124933631,0.45492315205826483,0.4841257578793203,0.5658882742201801,0.4662130867188871,0.554857961631196,0.4801344651975549,0.5583426087539999,0.5523546635541776,0.6878209984693578,0.48960549348092575,0.5342383987518592,0.5160025089232663,0.6652549412661053,0.6740052576282959,0.48346793583025344,0.5055369219352616,0.4398557158398616,0.46329770965947026,0.40831192759269613,0.572168290661034,0.5520825222120564,0.6019162725666348,0.4937593353775598,0.4880666581579161,0.5136401999556945,0.5245595180417651,0.6180045514314841,0.5464831330833417,0.5527035100456862,0.6360205724031719,0.6772699496529438,0.5037201023078441,0.5058784286434979,0.5616785822080738,0.5490548382781106,0.5678072515348214,0.6775467217655617,0.5790491031871261,0.485952713637762,0.42267329089665884,0.54141719536333,0.4584834344592498,0.49852857463407224,0.6676395919192515,0.474833913116483,0.6569634690990606,0.43591658700543995,0.5575574758695411,0.5175063819124318,0.46134232845443796,0.48127826938060214,0.4726736002555348,0.5926873807779335,0.47620482201197945,0.5636180366437445,0.47643104355941224,0.6342778649197235,0.5158463276231627,0.49580654999771884,0.6788130329535933,0.5002094857266511,0.5050482176725146,0.5755021080698948,0.4397617349021886,0.5571452003013739,0.47076542249195336,0.4560639041948187,0.5696743129127273,0.5447974356266087,0.3781680680647175,0.7049996061865472,0.6025613718531755,0.6268428143338198,0.45503693731611133,0.5786941099297818,0.5599567384583853,0.506857359630231,0.6202911535916598,0.5290549340623146,0.5464701694949579,0.4411697599857464,0.5836149330745677,0.4417805883576731,0.6026056150219017
