0,1,2,3,4,5,6,7,8,9,10,11,12,13,14,15,16,17,18,19,20,21,22,23,24,25,26,27,28,29,30,31,32,33,34,35,36,37,38,39,40,41,42,43,44,45,46,47,48,49,50,51,52,53,54,55,56,57,58,59,60,61,62,63,64,65,66,67,68,69,70,71,72,73,74,75,76,77,78,79,80,81,82,83,84,85,86,87,88,89,90,91,92,93,94,95,96,97,98,99,100,101,102,103,104,105,106,107,108,109,110,111,112,113,114,115,116,117,118,119,120,121,122,123,124,125,126,127,128,129,130,131,132,133,134,135,136,137,138,139,140,141,142,143,144,145,146,147,148,149,150,151,152,153,154,155,156,157,158,159,160,161,162,163
0.0,0.8130654347646669,0.7624720812689546,0.7574867186419185,0.764225776874592,0.8013548837647346,0.7628016826354146,0.8156916717498225,0.8593649337842011,0.7508602348007503,0.8010340062936837,0.7490329091555415,0.8787171755667114,0.8064504372449974,0.8492803890365275,0.8511790198062523,0.8841646448586824,0.9451723444056332,0.8530326557793324,0.9547022126607054,0.8761405226740341,0.8047102841650744,0.7707882474528971,0.7923719894621614,0.8543085764422861,0.7320094424932615,0.7311079415981471,0.8598879314464164,0.7323148507121898,0.8413192960379726,0.8730805607000379,0.8638741788936285,0.7925880004602178,0.7578321463844192,0.9086022859711084,0.8147312265313907,0.8646518706925163,0.9060761138548495,0.7674045407453399,0.7619084289621311,0.8198003259852145,0.7372919547900532,0.9192686713020221,0.8569401067125669,0.8371521890448849,0.9110336160431255,0.8472852809370202,0.8129146144973505,0.8539951587076235,0.9633506029958683,0.9393389959452676,0.9006153921807742,0.861185604603586,0.8203734720920203,0.8082688815359229,0.8547979471915387,0.9844139868549835,0.7854480007966582,0.8723633053695384,0.917679685062783,0.8221308128580712,0.8275243741759367,0.9012458166080899,0.7570038661807041,0.9001706875171388,0.9052811715465692,0.7387156046714146,0.8697284734158822,0.8830767412571683,0.8535745351324092,0.905170536292027,0.9096179021849288,0.8411039169664465,0.8690194535010686,0.8941941712525557,0.8865706305239023,0.7698725330129571,0.7309669437154577,0.8890379763186862,0.7751320533640497,0.7949241446808947,0.8917397047346711,0.8701209621069557,0.864027157380768,0.8999341471292338,0.8780235240171549,0.7259883841784887,0.9501604489473443,0.9074453884024059,0.7358495042600267,0.8877717654680161,0.8503217710368058,0.909545953593974,0.9350119969818844,0.8780508459372784,0.7762221359007688,0.7922699154287296,0.7501876823622883,0.7076967776397292,0.8543971601291067,0.8234758134535552,0.7504668614689316,0.805376340650568,0.7800339508224973,0.9407538932735686,0.8808345209570082,0.8712067765392765,0.7823572567340106,0.8430261797269292,0.794581949057485,0.7837954902128242,0.8278612727208018,0.8963495318139397,0.7534681790254664,0.9203233929007644,0.8408087285160428,0.8564780807908852,0.8269625716162446,0.7675148747350725,0.7582273611326843,0.8494361641606069,0.7591320274768167,0.8078100959982942,0.8974013514567976,0.8050233366461224,0.817774706443052,0.8464598064905845,0.7756735809676338,0.7792844022679435,0.8386600454292844,0.8249291212187903,0.7965660673107415,0.8260763225288437,0.7907227490196094,0.8094741139992077,0.8685034162598971,0.9254531065981049,0.8031358791839021,0.7652848611671943,0.9105635969343858,0.8441176143453314,0.8097734979709428,0.9101385537293899,0.7390622970152886,0.7915235392000947,0.8137366521842676,0.8209073375375632,0.8178073936760595,0.8026622460535776,0.6136538987749168,0.8827967557863264,0.8633930533662151,0.8707891678983007,0.7357692837786466,0.8216608640190453,0.8597475699667275,0.8304874720579283,0.8112861383382454,0.7712699004843327,0.859574193970172,0.7807270695899174,0.9197467968549667,0.8936904374435781,0.8554559401749596
0.8130654347646669,0.0,0.9044076724773829,0.8719153474456981,0.7835191454700995,0.7575644114670556,0.8780804039212035,0.7980378901684695,0.6886586435860177,0.9437840079571505,0.8635323343618404,0.7798782172863613,0.910967074225658,0.9262111524334017,0.9230707992343536,0.8466949643387522,0.877154620277462,0.891365967453151,0.7326500599448831,0.819311283579172,0.8452704075400344,0.939600237241546,0.8207289022755387,0.9040857001976191,0.8464439458743053,0.7707650939680385,0.8467008896574173,0.8346005997016984,0.9676422424585769,0.6970671357538537,0.7973259832220339,0.7678828625963336,0.9303889763304459,0.7040814331134408,0.8653296956329577,0.8958046438291254,0.8538452419003136,0.8746371964641678,0.8145604439685833,0.8946805694272044,0.9463935819397893,0.689780499856119,0.7666000258880931,0.8546106525323461,0.8785529042480261,0.8605845386090969,0.7923537708426627,0.8401260380691853,0.8776169026695423,0.8490253782733188,0.850397216558445,0.8054313269572767,0.8126431804366954,0.9483978914351199,0.8955139908233112,0.8442946558760815,0.814456737010443,0.7241983630121465,0.9515276578193712,0.9172131805804818,0.8529720445983916,0.6949376967185217,0.7444386074863136,0.8198406881505267,0.7342928077533071,0.7461128087469661,0.8373520032164419,0.8503971347726907,0.876739102092775,0.7876848984895434,0.8027957226262827,0.9034999944161002,0.6914122064073344,0.9035236799871887,0.8375322135969885,0.7555941895904867,0.7944231000878114,0.8677756460678814,0.7857566573461786,0.687517614776744,0.75003720014016,0.7401140765257752,0.9264907554157973,0.8640584026642062,0.6851214324291726,0.8958617058181005,0.6141405646777872,0.7941760972902026,0.8208266118667388,0.8272050625777961,0.805819835758919,0.7844518127210245,0.9302063686585962,0.7827466300780489,0.8925364605145568,0.9115170379539845,0.7016830895725179,0.7263079697055422,0.6184176183285626,0.8802203998785242,0.9102452456705208,0.6823782225321604,0.6722960364003501,0.8683312637907633,0.756324021797656,0.8282555492178223,0.8092278086540278,0.8301509076987155,0.9320191689473517,0.9097960060745734,0.7742311573713713,0.7039187004700669,0.8058281879601343,0.7454572954067522,0.8520871733138149,0.8736947712539088,0.728683584228898,0.8183201093286875,0.8651465267805071,0.7789782421620675,0.8398659866636581,0.6971697137940881,0.6831360694485282,0.8915961308652031,0.6832697662637556,0.9497359303753877,0.743124831640328,0.8442908408463828,0.9045187492146071,0.9231141480890043,0.7645097697951708,0.7102084754472086,0.7822008195620127,0.7238773738904504,0.8448897927416603,0.8123969579237101,0.8574145956110458,0.8982007151075007,0.8937018100106272,0.8220472325911237,0.9265849470029812,0.8008626878575422,0.9125363247512318,0.7444160688419272,0.8674305385133141,0.6895323681381562,0.7978317119048691,0.9081689595590599,0.8423202135983757,0.6365819594139142,0.7157095003576089,0.8459545163775031,0.8719986367907864,0.9369179604153434,0.8567202545872088,0.8478229986214335,0.8924821142499456,0.8813251021870044,0.8953157171304205,0.7447530082545205,0.8817343582088188,0.7402890988062449,0.8782613733380001,0.7961794573021438
0.7624720812689546,0.9044076724773829,0.0,0.8277329429647529,0.7991456559357758,0.8229738936204525,0.7736945583213645,0.8572503221160548,0.6786299575614716,0.9189365608442569,0.8813592820589851,0.816426620175534,0.8952328303633654,0.821420800201052,0.8367241889153261,0.9131808134157049,0.8777687466586258,0.8141080923357599,0.717029286993358,0.7802950369828215,0.8986733728064785,0.9354255019778888,0.7445707128609368,0.8329357536551544,0.8471112049345598,0.8007799762311554,0.792596446398043,0.78325184595515,0.9044984843073356,0.7122487771707433,0.7656322261940688,0.7779397605325183,0.8585994446094518,0.6844782290422797,0.7730619861842551,0.8985741158358299,0.8598136007623365,0.8821235346344359,0.8095896876983625,0.8089402357307017,0.8782474580331617,0.7482685217819132,0.7955858792364628,0.8406585405904164,0.8662747376761176,0.8042349746445177,0.7805621684736477,0.8880443569013692,0.7905698747985738,0.8254654592549044,0.8239555386460323,0.8126622582391451,0.7142456015947891,0.9232349029652174,0.8787306796519472,0.8299268730037723,0.7675700562954173,0.8296776936407794,0.8284428532891709,0.8279710243314815,0.8668269300077798,0.7043130406638728,0.7873879017087227,0.79534105807313,0.6720513258065136,0.7210958192341818,0.7906457785308321,0.86263633324459,0.9003287085947019,0.8406132065351848,0.8042961180390938,0.7793663297490925,0.7134855197996041,0.8936689278057585,0.8620744396571078,0.6642064609799578,0.8121597656341452,0.8545246584491955,0.7785120623448469,0.6588461617110515,0.7584725468023751,0.7269194575348314,0.8929804432733864,0.8780442812454218,0.6981512202256532,0.8848135287977502,0.684972318973058,0.7426678053481688,0.7649363072077583,0.796014039673069,0.8257497149530482,0.7096210948635372,0.8670848404129081,0.6955842830004401,0.8073543677442088,0.9231163147927594,0.7187416085367884,0.7575115868286689,0.5818526521749676,0.8024402529841769,0.7969323721855232,0.7523080450561007,0.6926081327913177,0.8790775455400014,0.7482007308789603,0.8487698596990217,0.838179041972731,0.8402413683647074,0.8413256442881493,0.8862894099770149,0.7667004388480381,0.7136894667403002,0.8192692122774414,0.7813252857746456,0.7929283233961497,0.8308475522082875,0.6721774635061577,0.8014595417752625,0.9341826640988472,0.7685182171684185,0.7927642323699546,0.7597799585266335,0.6767748704595407,0.8274897438374428,0.6081231790123597,0.9218674547319068,0.7544514202759294,0.8716723316519629,0.9183072914733811,0.84981192465876,0.7879861857724014,0.8266560106748262,0.755648389628293,0.6969196875283216,0.8542367052246986,0.7331309891348029,0.8137744707516514,0.8050504082000487,0.8518436629324952,0.7996602186002799,0.8444449469279358,0.834664826041067,0.7939479323516145,0.7965698744621026,0.8768701576844522,0.7056833240966633,0.838113155543749,0.851444685945046,0.8674598170080495,0.7001870270234279,0.6959622629371617,0.7468094830548615,0.8406134905378372,0.9053416181093021,0.9032980270772439,0.8347981447233805,0.8097839686194264,0.9067608739943059,0.7651767911412934,0.7038657493198245,0.806732519431432,0.65805504456533,0.872550997949398,0.7636048273041549
0.7574867186419185,0.8719153474456981,0.8277329429647529,0.0,0.7685849556353582,0.6582728754185899,0.9072304280354476,0.8298939555513596,0.654865136511839,0.8103976530559239,0.9012799622359446,0.7471684295825226,0.9129102538002177,0.9106232270374799,0.9043414893931512,0.8204933456473215,0.8208779418668845,0.8414733680038737,0.6488529507985524,0.7341743269235819,0.7779901472373023,0.8950932584000094,0.8722538589299696,0.9183449291916074,0.769873396389438,0.9038688055111023,0.9654332049262129,0.8448797694115837,0.8488186009347056,0.6511942845087582,0.7447944242539453,0.6821484859551433,0.9495973086916734,0.7400250976039243,0.8043258000222556,0.8530320445996267,0.9010967254372512,0.8469304036794514,0.815804823879307,0.9479024180129971,0.8870746956294003,0.6416842824451902,0.7172078956336799,0.7934738178517377,0.9214152372081674,0.8268865234116456,0.6592089899845329,0.8076384274960396,0.8724371882615995,0.7678202090403996,0.8288927909527676,0.749487809177374,0.6789010768927742,0.9194241549419194,0.8764084032011953,0.7077698666571168,0.7589399161427568,0.7209105349775012,0.8542970851471922,0.8851680235934982,0.8730166355347884,0.6281182117008666,0.6871827699341666,0.7409915097048891,0.6316434619148174,0.6831297982156384,0.9782236776733442,0.8190018353985473,0.8370823621286251,0.82554973469398,0.7763791044684965,0.832868244632078,0.7187941478861442,0.9355041527520583,0.7574848542391787,0.65686319433292,0.9004825984635136,0.89598230123984,0.7778419558379766,0.6219662359126424,0.6140785645272971,0.7367523090132119,0.844429182507553,0.8268586740159071,0.6708507807123963,0.8755842763769522,0.6587656663585835,0.759766721910289,0.7708991453218139,0.942564496916608,0.8426451783520418,0.700156231590838,0.8282853985790284,0.7023183189625986,0.8892730909747313,0.8378768893840363,0.6293060958290235,0.6486674244466375,0.5665342802145458,0.9021201885202756,0.9000443778526032,0.7224115165051891,0.7220345659596943,0.7385248072739786,0.7041548577326489,0.8138963047047129,0.7525384034729559,0.7928578860054595,0.8799107689322332,0.835632849464498,0.7809119705023709,0.7400062417961845,0.8072119885275723,0.8091651831409106,0.8188903072545938,0.9044580434210585,0.6119897483518981,0.7337652532766207,0.7871835391487272,0.8432469443261691,0.832396394633659,0.782364643997709,0.6315241524874831,0.8513286880060976,0.59281763899193,0.8777319447458372,0.7247829851422014,0.91421460225827,0.8102242677673805,0.8944152300475845,0.6496553819495872,0.6524550632534979,0.8961121911090186,0.7589724289401619,0.8092686819884523,0.6698660917431574,0.7439559609790335,0.921555132833884,0.933478432618702,0.7850976914306708,0.8626291109380523,0.6921210917368351,0.8685193114508934,0.691978594714327,0.8595975283165107,0.7150465238912511,0.7580582362608994,0.8072413131618229,0.7025550955540193,0.5637999254623146,0.7498090512424621,0.6777075936620144,0.8641805571874236,0.9100918891770322,0.8144248993141425,0.891327981428542,0.9447475317080652,0.8949767318870706,0.9396872932452223,0.7656099462359368,0.7617660518310064,0.63122428114284,0.7511967236594166,0.84712232024188
0.764225776874592,0.7835191454700995,0.7991456559357758,0.7685849556353582,0.0,0.6756813069745651,0.8387388169156649,0.6878580826954526,0.7098612571026175,0.7183399207439424,0.8718837039005185,0.797602396281313,0.7636651967955145,0.7599786922585859,0.8151753316911601,0.8156596402186858,0.7923752111202629,0.7586387106703426,0.6839853554300208,0.738773858633995,0.8463669787189833,0.8685016369812486,0.774680537991666,0.8490372784490899,0.7550731565365469,0.7968526064507415,0.752484567769882,0.7151273475027977,0.7889893902177372,0.7651730075069395,0.7448154653627158,0.6909462546955382,0.7680220832778403,0.6845979968024741,0.8123238655754079,0.819925347287434,0.8260801810550041,0.8096193159063915,0.8291276348481128,0.7795436309614134,0.7993785933063658,0.8029187377507997,0.7478215010447276,0.8954275868479307,0.7554505516313039,0.7118432862529062,0.7368619043091538,0.8712108893292922,0.8237691809794462,0.7937927117356346,0.8026905025007007,0.756577748598821,0.6460946647327088,0.8240641735972245,0.8140502489684275,0.7490209394081172,0.7574226823568373,0.7845808477899732,0.7523000771447264,0.7646856747344024,0.694830018332297,0.625510647866385,0.689304326601886,0.7816001728738267,0.6642417396730613,0.6295391410398722,0.7427334075153202,0.7969133751512323,0.7642374759953864,0.721552976169446,0.7763152710607994,0.7673882271578939,0.7068546272252118,0.7988792799935245,0.6976234890937733,0.6198348832618176,0.7820098988934594,0.8961592342031677,0.6832048809191659,0.6819303151627593,0.6275779859332005,0.7559349779562515,0.8434484855652841,0.6950472931486438,0.7050133611709758,0.7775398302273597,0.6279039184875997,0.7130487979291315,0.6495199500504907,0.7846514577965743,0.9043786111698802,0.7391077325466011,0.8429376209386416,0.6691700894000816,0.817655147128803,0.81510108436352,0.6026944211744723,0.6576230544756565,0.7082314308363017,0.697867792380564,0.793135603886232,0.6599140835946514,0.699240684115907,0.7184811929668252,0.6830120937955381,0.7441221823514141,0.680015454307859,0.7385660340431058,0.7561725134882082,0.8433716029683552,0.823478069809251,0.8246372348414647,0.7069340646253996,0.717012272509099,0.7116185954948656,0.7846336110075155,0.6044172785364842,0.7930623248447425,0.7787621468922976,0.7309590945733726,0.9353918258080676,0.6567296116522686,0.7008201269177039,0.8073014656897667,0.7079096353490495,0.7837954548794895,0.6828067882239018,0.8178253027270197,0.7468025186061397,0.770785948554883,0.6675494271943051,0.7091789428846151,0.7147571337780205,0.8237098653429027,0.8031492038070637,0.724037861221955,0.7692847082208701,0.8169384105694772,0.7736199829355711,0.7810998157916874,0.7066726204544732,0.7937283933575112,0.7872198106422348,0.7539003385541896,0.8802400126109723,0.7616261617036613,0.8793852007591315,0.7014370899586796,0.720878989041996,0.6371576935659734,0.7266403537264196,0.6636507855508222,0.8619970176905049,0.8033380797943079,0.7873142884354721,0.7698624873881103,0.788565005413534,0.8105142948386136,0.7637041816443443,0.7224362343029914,0.6489656394389471,0.6834601168287556,0.7515916578051307,0.9169786546941698
0.8013548837647346,0.7575644114670556,0.8229738936204525,0.6582728754185899,0.6756813069745651,0.0,0.6397309107847784,0.8261190916677629,0.7484177063967132,0.7961540032669105,0.7396465201310743,0.7790566232183602,0.8021169890415372,0.667656207670021,0.709881129908068,0.8599445850803172,0.8103788561200965,0.7509758931478305,0.8456708596683716,0.791547767988789,0.8575346691012994,0.749032599241407,0.620339431937369,0.6596331856707821,0.8343967489203288,0.631541638455426,0.6159958612976775,0.7315417148566445,0.7225263183248191,0.8248159863594435,0.7996176635335026,0.9299496674160875,0.696737467568397,0.6641728381737513,0.6957428631937833,0.7532327725407999,0.7792920211576201,0.7835832705075977,0.7341685066752659,0.6282874813741508,0.707494945425145,0.7492068496841353,0.8550473357143835,0.7743719687861588,0.7344740999681044,0.7757686943586953,0.8002229597062385,0.7973188940598255,0.6958926865792865,0.8200396418798886,0.8361701357342317,0.8006657708421525,0.7675637566141177,0.7796990257884374,0.7805613082027584,0.8689667223923919,0.8157541615516246,0.8567343641347314,0.7229445861968407,0.7625542348491041,0.8301231210225003,0.8610017294743425,0.8941281558989987,0.6495317464762076,0.7640606585454134,0.8285150795216747,0.6322286937634293,0.8170854889406653,0.7881109053459651,0.8264183534132384,0.8024114815595286,0.6969123927547648,0.7163627551177211,0.7837016693478708,0.9068095590493218,0.7801379058050637,0.7363003326183485,0.6782759418126102,0.7607673022920289,0.7833556415142796,0.8815014501479206,0.754918397250974,0.8275524091737638,0.816933524637606,0.7762651571841076,0.7521463360664153,0.7719079959799935,0.8007201048353347,0.8260759394420146,0.6416204590124847,0.7439798029045984,0.7547754357012529,0.821771495957269,0.7902508978783634,0.6961931904847903,0.7946378370749425,0.8523079547425172,0.7407433435956734,0.5872443887865662,0.7251060579676561,0.6893796767264179,0.8120124316835418,0.6891717401128309,0.7921808161307555,0.8324694478287182,0.7946794753749324,0.8999812127196601,0.7141073261764624,0.7175684595600923,0.7522972571764225,0.7348084950669426,0.6532274491065686,0.8630691929666916,0.7293163133292322,0.7588625697968966,0.7021421104889535,0.797521382828694,0.7948523383887854,0.7987825956482493,0.6542860126823968,0.6687658059025173,0.7564817561044568,0.6823867947429008,0.8012782238078708,0.6427648270890084,0.8127365008991383,0.8087235051620274,0.7397287550313321,0.777594479623448,0.6995306708140591,0.8674079454984425,0.9460480717563206,0.7134898911084265,0.6452344142559866,0.7515081870619311,0.7512016229836265,0.8135957325631863,0.6334431847511441,0.6435257969983026,0.8217725284013949,0.7597308578374583,0.8714051269122639,0.7442259314672718,0.7603359226250063,0.727628986193433,0.6637368657399635,0.7744495856885601,0.8161933201767515,0.827232223993411,0.6825801345876102,0.7293224727862303,0.8234950742393824,0.7330524436578312,0.6774392131131227,0.8185113360272328,0.7595392233130384,0.6980671586611944,0.798369733801075,0.6143162555871312,0.772079629188629,0.7329244900958143,0.7589810874236537,0.87763314607473,0.6684826177782832
0.7628016826354146,0.8780804039212035,0.7736945583213645,0.9072304280354476,0.8387388169156649,0.6397309107847784,0.0,0.7119767419033627,0.6383484250152243,0.8072414728703662,0.8831869048667986,0.777409936827099,0.8422669500400477,0.8682020376497686,0.8989057678794921,0.7914773917674583,0.8081816230860965,0.8172262374048332,0.684237065975452,0.7348040783427658,0.7822252826549196,0.8688744933035081,0.9124132664434055,0.9462457627589138,0.7825113415336947,0.817989119521573,0.8906145808358797,0.8186142818552357,0.8762540886798197,0.69318856265888,0.7503972567233755,0.697991632198143,0.8814436477480571,0.7561208959587665,0.8288108622915533,0.8156432124316498,0.8642043940858154,0.7810006946906438,0.8345303645079214,0.9248383184751046,0.8565019900027142,0.6717368597145115,0.7037690337774967,0.8410309104733755,0.8357370226273776,0.791872418778302,0.6877467045236972,0.8151096078053205,0.9407150065828749,0.7602984690308857,0.8318162065362036,0.7227634925305517,0.6929255303880612,0.8922305871668225,0.8792950568345645,0.7207357341058616,0.7711791397226145,0.6884301946247042,0.8763212083005707,0.8663527607204315,0.7704508062104022,0.6006650287993346,0.6423610389887306,0.7459311097725638,0.6562463347687018,0.6568448359057202,0.8878221210227727,0.7862993423688065,0.7611068386765422,0.7247500863309155,0.7402879136924332,0.8459837212350745,0.6688405176969686,0.8778052217294479,0.6976430193253819,0.6916467613950119,0.8619509622601799,0.938487125565267,0.7086066244464119,0.685571041439376,0.6086463082740198,0.7116252754864553,0.8606148341703427,0.7245894536518863,0.6623534414553526,0.792969229726381,0.5937051643798174,0.7550233040226385,0.738744629217749,0.8638468409624199,0.8246291344801185,0.7523646937861141,0.8738593490731663,0.732736584905048,0.870578846429829,0.823751160805061,0.5864217186009005,0.6334550889394879,0.6099239982640827,0.8397115458225326,0.9182745741543933,0.6617754599035401,0.6880255343197655,0.7254579786563006,0.6628761254025758,0.7561248935305048,0.7084332886382506,0.7652976525010963,0.8657520111985525,0.8884408924595241,0.8491995310811175,0.7326707014154813,0.7378564951864036,0.7328344069564688,0.768901805624509,0.8523673362065297,0.6358191353856169,0.7973173619989677,0.7647606906935405,0.742036057812473,0.8748748668570936,0.6549037870230437,0.6517606849616162,0.8823382035671019,0.6487926668296083,0.8643499002851512,0.6759564496936387,0.8528958374096195,0.7816457124876018,0.8449171060955303,0.626397614919168,0.611903286455528,0.8058844984427005,0.7449650828060207,0.7917906102031143,0.7074773076196078,0.7719816797340647,0.9114161582954711,0.8699436581970087,0.7915721630242651,0.8044243934050747,0.7194454346570096,0.8965667246875223,0.6662208769678827,0.8673090128516788,0.7143949223482527,0.7469125410812184,0.7922178828596826,0.704679515269825,0.5572204171557739,0.7339432062147231,0.7140747447975813,0.871426010359891,0.8872269286728083,0.7890731737297718,0.8234997033726379,0.9410212268416982,0.859240040795841,0.9301914716826583,0.7996078536786463,0.7336665785748883,0.6817477315770801,0.7342734757441334,0.8732988973879828
0.8156916717498225,0.7980378901684695,0.8572503221160548,0.8298939555513596,0.6878580826954526,0.8261190916677629,0.7119767419033627,0.0,0.766141785774168,0.8016456416699028,0.8449564836575977,0.7947697865462278,0.90693438111475,0.7748446513390423,0.822271165363632,0.888593380182506,0.8211807185544344,0.8225965990013485,0.7640474952478248,0.8203867322979469,0.8450283414816004,0.8340374632187424,0.7177989099740881,0.7579131701547558,0.8451730659106008,0.794645425936619,0.7801291545121932,0.8113419473291998,0.752710184054826,0.7292969686581064,0.8572579142670199,0.8211690704442365,0.8312468978581203,0.7368887981858931,0.771622362035137,0.8698157972852909,0.9078154372950021,0.9027998623945767,0.8259232327533709,0.7457021947823158,0.8000867167128445,0.6652458503354494,0.8718638630303264,0.7947039761584711,0.9196096868121901,0.847291688751603,0.7019428812024885,0.8471669562783205,0.7689533192767922,0.8491504685233524,0.8705418626829359,0.7936929328408354,0.7063843830575229,0.8773192561761851,0.871561895781825,0.7480394721387134,0.8210064539251165,0.8598947560734044,0.7810071684913248,0.8506170621978053,0.9692634515602722,0.7799698620491441,0.857105688293457,0.7177407942220504,0.709291282178077,0.8117749868271872,0.8169659920286115,0.8574027574837524,0.8945115024314558,0.9796289208140911,0.855581144281481,0.7780011997268721,0.7844558716659886,0.9004021194709863,0.8984340821774895,0.713926416385601,0.862603198828527,0.738366508914241,0.8731084875287872,0.6370979851754262,0.7201898001133358,0.8250869265888449,0.8241682410902481,0.9215246099624999,0.7764987443129867,0.8841184680964398,0.8631081789231091,0.8506078130651644,0.8543000479324677,0.8153909366035449,0.8196904795840041,0.7456278059786648,0.8267426562471766,0.7500730353811862,0.7843680275300806,0.854690764819292,0.8301994669967275,0.7359474750977977,0.5740308400084139,0.842270360710311,0.8060241954444112,0.9152918658960301,0.8116490533260621,0.815222614011563,0.862207667440915,0.8653103508257495,0.9034684331282555,0.7693848718534506,0.7908860750858137,0.7714139640162038,0.7594845559726371,0.7551330876569655,0.9097696271254099,0.8547974322059381,0.8374809735965056,0.7926063514476827,0.6902495942888177,0.7836336249813313,0.7963830940769141,0.778366888804797,0.7356044055966191,0.9441094096174715,0.6632319812089733,0.8197327278358252,0.6100452896757236,0.8762350489689213,0.8007570016097201,0.8945063195265679,0.8262280901457704,0.8227847247327478,0.7676741260216762,0.8365997354190214,0.893558243613127,0.734643582923987,0.8635476506869518,0.7033873027093343,0.7951303814171641,0.7615418437617114,0.8067175628113789,0.8816902195901491,0.8554741430134418,0.7816217352709209,0.7953481998990626,0.7962154792867778,0.8238355520827683,0.7468726513189939,0.8140592385804004,0.8073692830265881,0.7991984878255514,0.6247440800874353,0.8417774270159282,0.7253356425127303,0.8237675279094521,0.7699524547600634,0.8772951457047586,0.9289289537248544,0.8080538609555811,0.8566255133557008,0.7376314264190179,0.7664946234547846,0.7398310408624819,0.6816920860850201,0.8736471292477476,0.7514827109776067
0.8593649337842011,0.6886586435860177,0.6786299575614716,0.654865136511839,0.7098612571026175,0.7484177063967132,0.6383484250152243,0.766141785774168,0.0,0.6406955716724828,0.7257017657991547,0.6880545764032053,0.7233929060520115,0.7019314135167939,0.7367029092926949,0.7296370172419054,0.7056070231379888,0.7759239161226751,0.762271304245629,0.8128502333758608,0.7400563731916456,0.7424147130606776,0.6184536723249884,0.6383741339526966,0.7324177087493235,0.6200815353446977,0.638406155106577,0.6899429385626131,0.6315717381227767,0.796968230623992,0.8488929880233921,0.7671358845209189,0.678871022178745,0.6166203801096336,0.8101514159775769,0.7516738918141365,0.7554358028304655,0.8225508920989668,0.7408102751559048,0.6135589879667116,0.6775926273878161,0.7288134698905068,0.8149452801564876,0.7585958589702899,0.7068224737644072,0.7106106511129998,0.6869354110201178,0.7363395350516599,0.6936958874080119,0.8519794030049976,0.7968713460504617,0.7176853242817083,0.7374148448908326,0.7177063567418303,0.7266306090670809,0.7342408995509654,0.8102905040896149,0.7730696249537233,0.71006230303109,0.7437160348087092,0.7432458585537935,0.7926633017152039,0.810002134192527,0.7025764971783808,0.8177790034613803,0.7545194121957568,0.646712989816772,0.7688275692459997,0.7874284815096886,0.8241548533893126,0.8302591391928638,0.7594778635290983,0.8198928533170002,0.7198979567025982,0.8015433543249241,0.7228226904769475,0.6839399359294752,0.6197140910469483,0.7233187664855661,0.6276324524251422,0.68147658635618,0.9195405576914928,0.7443788474749474,0.7350580640122005,0.7794955251093506,0.7427799502983476,0.7827680214458421,0.8663886840860071,0.7325920120029895,0.673673282625659,0.8071534097420092,0.8308308976838846,0.782760082166849,0.7551273916239946,0.7793678767037108,0.7228599310730086,0.8158343083733903,0.6390257656146514,0.7736105633871304,0.6733594464072943,0.7307045104420884,0.742016026536066,0.7421957297597208,0.6847800893230095,0.8895976852786681,0.6945093273892149,0.7198363806120281,0.6321824462731082,0.660069820806186,0.6431794781027848,0.6803275491751879,0.7844255620639559,0.7942313615947095,0.7551122786622431,0.7346317525158135,0.6696101301372613,0.6914907034144806,0.7511831077447512,0.635925458201271,0.7317106155383071,0.7464189240690803,0.7683222019379652,0.665292248575121,0.7243548004087658,0.8489606931172106,0.6928571772801261,0.7711553982530495,0.6999092357560375,0.6453491466149343,0.7093040284220382,0.7904864299189153,0.7755397179461745,0.7551223879696608,0.8625878693624106,0.7626209800946332,0.7757887684564222,0.7342058657932363,0.670102586635961,0.6407469262351055,0.8282597829239591,0.7305068213729019,0.790177987694794,0.7760580599587097,0.8434966452889574,0.7055220050266816,0.7169978019059117,0.8311015865147889,0.6639720703847451,0.698927317818455,0.6004502548869373,0.838278815523196,0.7428735088323292,0.783776617653186,0.6125638361537769,0.6904594882977073,0.7813614512135388,0.6816492603469673,0.6577997211470928,0.6584112725402392,0.7228165184317693,0.624581406338262,0.8132893194107229,0.8142629411584392,0.771051501533978
0.7508602348007503,0.9437840079571505,0.9189365608442569,0.8103976530559239,0.7183399207439424,0.7961540032669105,0.8072414728703662,0.8016456416699028,0.6406955716724828,0.0,0.8436718552543551,0.8162269292490689,0.8728420350833731,0.8267135349953469,0.8208801132793597,0.8622321511175601,0.8656779501275887,0.8124515873006246,0.7601030322693507,0.7833179089379572,0.8359554595248277,0.8786975712313378,0.787709589220821,0.821992807553887,0.8850486972687734,0.712630954111297,0.7968872815512729,0.8272990915474474,0.9572943901727679,0.704385656784371,0.7637889604702149,0.8069185754938913,0.8376216110552427,0.7160303089521202,0.7763683381146833,0.8539840334361336,0.8160416156756841,0.8159833701381156,0.7854939906610294,0.8092494128901583,0.8483032365673288,0.7059898195699259,0.749257203443862,0.7953128730140072,0.8393423010959064,0.8019430964865151,0.7480407321190239,0.8232169352982937,0.8348893841018509,0.7846064407624836,0.7998624617592255,0.747765505486058,0.7479438112011856,0.9022852080156629,0.8888726395555687,0.8083202561227727,0.7644364226055868,0.7525097234956393,0.8868039229236924,0.84200563624798,0.8460148332850451,0.6674091397494053,0.7223752468871442,0.7806788346969169,0.6733323265433665,0.7165584665462483,0.7699826368847419,0.7847944606345167,0.8510364987133531,0.7826769176517012,0.7254542038926547,0.7983400206119683,0.670497203346562,0.8629290391291009,0.8411599375660804,0.724227157120301,0.7849288109628447,0.8192988881323487,0.739227071700816,0.6686471116136062,0.7454832104548144,0.6692410482576773,0.8617809397172813,0.8320276738055454,0.6703930170585669,0.8237003941093451,0.6326800640596697,0.7519419887688513,0.8063391742009306,0.7423765223507192,0.7430736185902584,0.733548487317491,0.8828779066050655,0.734321345562879,0.7805451686205654,0.8920004348444743,0.6876353731249161,0.7520170679090448,0.5628875754304182,0.8213466708944237,0.8226794862839807,0.712436195947748,0.6579427089630955,0.8975302137762041,0.7173530417265487,0.7891568279529049,0.8242765008088782,0.847925361648459,0.8469619654465564,0.8934647726929905,0.7770140551263552,0.6501846805929461,0.7814852300803898,0.7629598176040063,0.7754787154184305,0.798469570994837,0.7287609381741033,0.8428149005658786,0.8984491491765454,0.7178192383429088,0.7310619701436634,0.6781373787489582,0.6626309278335445,0.827069699248697,0.6099302954050237,0.9359263466259206,0.7083628561401094,0.8058380294699352,0.9271670899115719,0.8201970036043713,0.7857410024494956,0.729368551501022,0.73846632326812,0.6383798965142672,0.8167001028754959,0.7262734835616933,0.8172156561714452,0.7860884759614049,0.8401113959090111,0.7920685821934064,0.8553455295462166,0.8192136285621777,0.8232905232817779,0.7382946329685426,0.829164022594891,0.6655087223905387,0.7294008543363031,0.8750543758505652,0.8899395258311745,0.6817328100167711,0.6779173438235255,0.8176748405638505,0.8282468108781674,0.8808809365186979,0.8751083845672267,0.792043187157395,0.8316492616212154,0.8587132256173038,0.7868981892635278,0.7293561156992899,0.8344802454232044,0.6941856593866333,0.8491307421803439,0.7118589786828373
0.8010340062936837,0.8635323343618404,0.8813592820589851,0.9012799622359446,0.8718837039005185,0.7396465201310743,0.8831869048667986,0.8449564836575977,0.7257017657991547,0.8436718552543551,0.0,0.8994705051542987,0.8914538451245454,0.8324655492172,0.8605633971593827,0.9295000848979096,0.8772115372920866,0.8181208061584948,0.7580145318984712,0.8026006598235907,0.8857920454186369,0.929058406765947,0.8747287916307065,0.8920373940092935,0.885043441505593,0.8515113303325987,0.8918619886191439,0.8621006851171338,0.8733912138723458,0.7880638796035527,0.8177191048463542,0.7803294690735292,0.8474055233265105,0.7988281821317605,0.8439300600315007,0.9048917891977937,0.9466803421253132,0.8923578026550505,0.9096159621188259,0.8467770650177308,0.8330606078942395,0.7923189453975455,0.7917055739160005,0.8825904695821754,0.8982406530861883,0.7828482539904655,0.6844974831003887,0.926425108344989,0.9150699971512141,0.81553038710971,0.8610785322568384,0.7551221636291625,0.6558814389350411,0.9293703654619843,0.9513499703255988,0.7509429799595738,0.8047431823693888,0.8714045214899281,0.8262697156794583,0.854532634902042,0.858254028952717,0.6405405831286873,0.7224177310333257,0.8081200029773705,0.6460959449257123,0.6784567760055691,0.8684953116304168,0.8148798259385596,0.8650505313224691,0.8707936917277832,0.7812321416721822,0.806821175555482,0.7845709897341311,0.9221364214436484,0.804162726787262,0.6585952596691237,0.9285302519430476,0.9188058921976578,0.753936080926951,0.6625800217030974,0.6324072759923671,0.7649362429615207,0.8700509164406294,0.8040530522421827,0.748160721868315,0.8569862484376939,0.7393986525319584,0.7850059587733299,0.7572559563482282,0.8723737600793526,0.9122053276052929,0.7542625077390154,0.897608599738484,0.7096937559652385,0.8473634796324543,0.8962621136063108,0.6517258992585551,0.7124708814367765,0.6302463061549062,0.8093148492746242,0.885052126034624,0.7932009149226245,0.7673252142089797,0.7992977161292868,0.7378725636693102,0.8053659156338332,0.7812596716697142,0.8478703666122254,0.8053214638665332,0.9056825195827148,0.9023555367926673,0.8214100789399139,0.8158379129865821,0.8974617258690991,0.7689411871714626,0.8499847385352253,0.6406314328929991,0.8778061028720668,0.8571697978053072,0.8127370564604972,0.868041688691982,0.7664720045843856,0.7031591806088742,0.8549080323146627,0.6488692544167393,0.9006726008128306,0.7244843925170632,0.9300336585433835,0.8575050339099721,0.8192861751945865,0.7298340131239783,0.7454486236602498,0.874494190353653,0.8153793460556664,0.8959516040685599,0.6805675376247772,0.7991552341917016,0.8484861257861379,0.8869283549521931,0.8645366309993537,0.7934387237989986,0.8405337562915193,0.8490425597241452,0.8007317755428194,0.9479997703084462,0.7866689106125995,0.8377254493116495,0.7665661496644133,0.8029880823629711,0.6699600161274031,0.8121674422952753,0.6960234010894332,0.9588263281727826,0.8568508088514794,0.8987268971038515,0.8877886054911956,0.9125107695308993,0.9012508951824861,0.831650687146843,0.807581696085002,0.690893254223804,0.6868297572792835,0.8051749336391756,0.9102334812901081
0.7490329091555415,0.7798782172863613,0.816426620175534,0.7471684295825226,0.797602396281313,0.7790566232183602,0.777409936827099,0.7947697865462278,0.6880545764032053,0.8162269292490689,0.8994705051542987,0.0,0.7777398130373109,0.6817498410692471,0.7551132848242533,0.8968981179909543,0.8099903450607631,0.7113983150603516,0.8558216483665947,0.7960295897398515,0.8933625092662111,0.8052415449428456,0.7888579706003368,0.785629824200265,0.9315827646454949,0.729905931431054,0.7272138471128877,0.7839571569968401,0.8079563974987104,0.818327112973516,0.8480789257673503,0.8381981167736415,0.7173006028650322,0.8427988556939237,0.7775518628056312,0.8593602417180711,0.8660546666690172,0.7987149822366092,0.9147208663864057,0.701799551299706,0.7328764157079556,0.7838400545894678,0.8144863523002059,0.8782740617632044,0.8153701817846322,0.7172772239511648,0.6756613241398974,0.9282614523264913,0.8487586694038787,0.7751862813708568,0.8113217449626451,0.7071072720230462,0.6119171534963989,0.8495894480338988,0.9250628420767152,0.7202992053266805,0.7752979922352012,0.904053549377815,0.7389320258101504,0.7622964938677298,0.7841771907373479,0.6319158054980245,0.7059655657393805,0.7714676807992901,0.636881825702856,0.6655474063242488,0.7190946284319054,0.7287373268160302,0.7620315978528365,0.8019873329402851,0.7141180226849817,0.7191466381260121,0.718941336230145,0.8071649186772059,0.7581774759214788,0.6591729042149372,0.8433034467304087,0.8134577404411758,0.7130615074032609,0.6719782439706887,0.6360464853037855,0.7161696620128456,0.7876024892692296,0.7242509943417909,0.7648955018239986,0.7543061195804989,0.7675926897559004,0.7495155618946244,0.7245770945189327,0.7373338945605472,0.7975243567293527,0.7860034323866606,0.8551115696408115,0.6941057586068798,0.6983460262645198,0.8675210487705705,0.6681011079074869,0.7809756518600524,0.6280738910579674,0.708404319477444,0.7949992243674077,0.8273489138919878,0.7904365352968924,0.8413512125384909,0.7155150763595585,0.7446455010303229,0.7873181817695074,0.8029957295616498,0.7063962268461192,0.8849848667742708,0.9521582857032398,0.7856294373131705,0.7453550453152141,0.8138061607026493,0.6887647935916426,0.70961611717649,0.666370319764034,0.9444596836043887,0.8399584353319671,0.6650278991759787,0.7587772121034704,0.7030040335044547,0.7250082070988246,0.7908332791983379,0.6365470382402779,0.8615714099023524,0.6618873273241694,0.8485180066907028,0.8508014061765166,0.7001173840346803,0.7143640122725514,0.7540152560253683,0.7560984213125099,0.725681171480395,0.8924994670999464,0.6532723079506002,0.8017555928321415,0.7193459455455812,0.765912295677244,0.8727206657986945,0.702694115630082,0.8797097679851673,0.7500689097091183,0.7989621319537255,0.9077424763708049,0.7923347409405357,0.7948743661925748,0.7044688443068009,0.8609777389703064,0.7218775201630073,0.8118651061802941,0.6884153434807747,0.8696770724404751,0.7408753256627073,0.9227083356680276,0.801894637816214,0.7799721118583295,0.8206620116715834,0.6867785045549467,0.7693777334151086,0.622903511169292,0.6954843608226634,0.8049018297754469,0.7873952019704741
