0,1,2,3,4,5,6,7,8,9,10,11,12,13,14,15,16,17,18,19,20,21,22,23,24,25,26,27,28,29,30,31,32,33,34,35,36,37,38,39,40,41,42,43,44,45,46,47,48,49,50,51,52,53,54,55,56,57,58,59,60,61,62,63,64,65,66,67,68,69,70,71,72,73,74,75,76,77,78,79,80,81,82,83,84,85,86,87,88,89,90,91,92,93,94,95,96,97,98,99,100,101,102,103,104,105,106,107,108,109,110,111,112,113,114,115,116,117,118,119,120,121,122,123,124,125,126,127,128,129,130,131,132,133,134,135,136,137,138,139,140,141,142,143,144,145,146,147,148,149,150,151,152,153,154,155,156,157,158,159,160,161,162,163
0.0,0.9274673504784423,0.7651167151964079,0.8142688745672566,0.9059809840073589,0.7236926603594198,0.9376953677356141,0.7879905554122322,0.935534944389913,0.7507641973279233,0.9290421367374547,0.924517520347543,0.810981645693227,0.8134962220238681,0.9581259767855804,0.8080132555741771,0.779262970774878,0.9761609952700273,0.9243254951267457,0.9800563471803416,0.9441328224399378,0.9508666380118974,0.8588369197088096,0.9628858220241118,0.9226629664454898,0.8279218949616968,0.8174875120465389,0.7146144630749198,0.8882833663845804,0.8824007931706738,0.9777015473799909,0.8263156301079344,0.9226576611382806,0.7971286968179553,0.9298010098029212,0.8306290884788423,0.9600918938347989,0.8915727582345477,0.9371450495654494,0.9344633018169047,0.8928599074144308,0.8004437103097569,0.9350889953673822,0.9200932595408408,0.9220893846692142,0.914186266736507,0.8582121573696616,0.9243582261943155,0.9406665760654243,0.9077934527018552,0.9313740673937794,0.846635170302821,0.8671020568969969,0.9358579672005779,0.8781373040831664,0.7352281663061414,0.9527239552733923,0.861326229972557,0.9320596003537925,0.8691640583041661,0.7535761181579754,0.6767398144207757,0.8287774994666028,0.7882693437631172,0.8893909802286754,0.8701986054479449,0.9035105576040587,0.9127942102235006,0.9374232155397806,0.8858369333438582,0.9469024065188766,0.8752033191266061,0.8055664685827819,0.8686288255056133,0.775536896258768,0.9033536205660455,0.748048120061822,0.868810151057436,0.9096333074095083,0.6695752714543451,0.6876848946499017,0.9514025190386264,0.8947805260168686,0.6934992967826984,0.8454250538174312,0.8991278457749886,0.8656249233743437,0.9343689360389643,0.7582274491099743,0.8287086147367991,0.9448887997873702,0.9276481356116718,0.9151994555214116,0.891934368808095,0.911691294220872,0.9346892369997254,0.8145152902407659,0.7794072510884048,0.7708064979174092,0.7554598502359156,0.8732348456319582,0.7898614884653214,0.866674571948055,0.8954575618056321,0.8603867552072322,0.7914591053903073,0.6912655640325956,0.731642860138924,0.9399867711033318,0.9118655634970432,0.91068444737474,0.8677773872904717,0.7633542953213844,0.7304445054323877,0.851788814097834,0.77837680289788,0.8348238784761526,0.936243895278298,0.6536054787843903,0.6778442450421087,0.8942703239352651,0.7251067492194735,0.8726552469114219,0.941980616113944,0.8683016957195093,0.9385369851805566,0.6263728467200107,0.8723991496862805,0.7556583700970031,0.9195832774736495,0.7199446472252642,0.7189217527801192,0.7839728671976692,0.8874088852301141,0.9298660243923036,0.8559403033568,0.9669489666041354,0.9398898433363713,0.9739987787217468,0.9724414531358957,0.8911716167353143,0.8052945430700522,0.9595216802197978,0.826564353467582,0.9373708824296485,0.948775602969248,0.9182196870486938,0.7289497741663012,0.9512205231392845,0.5580278149881168,0.9558189248869056,0.9016509565150013,0.9534070712513143,0.808503928711187,0.885648790028854,0.9667247426150225,0.8681179492923892,0.729938809794055,0.9114740296875431,0.7036009454495706,0.6533555187411538,0.940316142220496,0.9304619554665371,0.9651700952069573
0.9274673504784423,0.0,0.8238921959330878,0.798172726984695,0.8163541152218093,0.8366941950711391,0.885507158200583,0.8677903664319925,0.9354290673496656,0.8411229138933283,0.8336519211978117,0.9428043218319112,0.8762077458763678,0.8403523415415376,0.8470202852277152,0.8509192688577891,0.8224796520801547,0.8662837402495966,0.8382785336176368,0.9046085885851193,0.8769024565347342,0.8768078900258475,0.846976000971378,0.8878737553305267,0.9170012089106531,0.8306018278465535,0.8812642706291868,0.7357443654377035,0.8933300522451525,0.9151689578522669,0.9218771075704447,0.8558828577633278,0.9154011281193002,0.8439510518358004,0.8567864496737253,0.8114316309561821,0.9314296688603364,0.8511659306411583,0.8306337286683878,0.9189837937849874,0.8458682421795264,0.8788532742481397,0.795604966111644,0.8218030416000326,0.9586701069399639,0.9180907687679949,0.9328096271596722,0.810242127667992,0.8539179616078214,0.8178508105884712,0.8357239587859814,0.8771907581656974,0.8091006510644908,0.8574250320284561,0.7979595953286653,0.8811992058251739,0.851513032914728,0.898577497493364,0.8041974194532315,0.8837292294971346,0.7694596196702544,0.7293152260777329,0.7590114503326222,0.7611898405077107,0.7501146561609241,0.7811894735954452,0.919853354910029,0.8800610796731426,0.8403599475427718,0.8552193843919638,0.8724264546183301,0.8063941511129628,0.7908072505362206,0.8509642045928067,0.8436925502330326,0.8764983569932567,0.7253660892972776,0.9071423856240055,0.8682108453223052,0.7014225284104972,0.7271682757589085,0.8630710413857928,0.9425261534895836,0.7548880534637779,0.8119038323363532,0.9638193852274252,0.8489182956818526,0.8309072867176015,0.837111911346388,0.9380797183353848,0.8827293560783441,0.9513434602774541,0.8259943972148721,0.8201035646717689,0.824431348997876,0.9580233169029237,0.766230490224917,0.9088660008829123,0.7642699307118475,0.8543500655920462,0.8190520150151168,0.722959063887944,0.780158392682206,0.8754238867998971,0.8170216215502857,0.8833116003364934,0.7099216195959299,0.8384051400517842,0.942650004592599,0.9281661031954233,0.8385252693977793,0.7825048925859447,0.816962731881924,0.7946121407343987,0.8349195558870438,0.8992223264422589,0.8688206987906087,0.8055373091550061,0.6824486236467485,0.790862185843972,0.8049331203560993,0.7567746082173514,0.8979504909371709,0.9180611502943526,0.7805635400398234,0.9300233010075418,0.7139752291209985,0.9380365259167978,0.8264266095208481,0.8308928631923655,0.8651947176713494,0.7681977002094111,0.779693628919678,0.8528721564920397,0.8013978519053094,0.7382506182082562,0.9679030350564432,0.8578843475396012,0.8896131795910059,0.8694344634328371,0.800892315951075,0.8425734541341963,0.9670196639865603,0.7647979274402665,0.8720014142745588,0.944562453309233,0.9019427573932793,0.7915775804459593,0.9750177163168355,0.6330136887026179,0.8354898051309881,0.8285944906780447,0.83886818402491,0.8984524881580421,0.9088735930486568,0.8952664702646821,0.8257865389918664,0.8215321505235874,0.8198062762292901,0.6957194150618704,0.6935947312992947,0.8961226310141843,0.9710702665475308,0.8567409921735915
0.7651167151964079,0.8238921959330878,0.0,0.708177911556879,0.7388232015501178,0.8587455744446856,0.7419315815353414,0.861585840610788,0.7897276988881312,0.8307680834333057,0.7223850469768024,0.8205000433069597,0.8391899114850567,0.6389434271242957,0.7236737272433962,0.8207634061067784,0.7667828272142572,0.7391161011419692,0.692887876621887,0.71641013845902,0.8339191162033948,0.8045835645524956,0.7105533433467486,0.7880077278111141,0.8127593197568409,0.8181018395943603,0.7391184380623615,0.6475127023936129,0.7005118996854841,0.8316431892895658,0.7344195989376298,0.7341641596412862,0.7694572127395249,0.6934379608706064,0.6564549395457144,0.6415183631607859,0.8262903295578262,0.6871896948407377,0.6739864571670018,0.7855396727829134,0.7044971303817387,0.9012493229896179,0.7092192209847391,0.6872149059832027,0.8066426441123081,0.8166158307441697,0.8877518123992019,0.711184418457301,0.6906896877735467,0.6644092422206056,0.7149002208133575,0.8392141378149232,0.6341550743132424,0.7197032966023008,0.6357621241179814,0.8617753212371579,0.6942553620428565,0.8674094117465324,0.6391792772849557,0.6862115970248738,0.7230214658311362,0.6269708041068345,0.7390489748873865,0.5908310162125073,0.6276594664031369,0.693067590048881,0.7779028058559633,0.9012646719341844,0.7512458112240058,0.8365957595233631,0.7844174635985796,0.6102060683918487,0.6388321785828663,0.8084838795487932,0.7761374876129481,0.6825183710025764,0.6858630995187796,0.8287303593799589,0.7549031652867766,0.6584741091926527,0.8071738539247462,0.7396094729542231,0.9097162236835334,0.6926494916549861,0.6565186505302913,0.8528611186223569,0.7820208494537683,0.6520300332427311,0.7296962978976772,0.8572208057905764,0.7671542755904188,0.7369649755991595,0.6562488132802575,0.6449154795163756,0.654174366847295,0.8463724486192987,0.641394983516514,0.8163909604243739,0.5888389788664021,0.7411712638496424,0.614857963290392,0.7042268609192412,0.6515694476386673,0.7926891701273949,0.6459681470332086,0.9018101749148001,0.688238246645819,0.8395122958536811,0.8027560255601793,0.8686834312909915,0.7094944045207187,0.6290101760840446,0.7493249571624552,0.6718228029486347,0.6796319982921654,0.8723376231617601,0.7087354935925639,0.6663370562221788,0.705963107927823,0.6654841871635713,0.6619421832910681,0.72432093856801,0.7231425470623036,0.8120730086706416,0.6074607620208781,0.7884298939696238,0.6312364036928585,0.8246464176866306,0.6953391623830755,0.6915369641073592,0.8337543408810378,0.8890330900791592,0.6361445191003877,0.6666278608746787,0.6741851883384443,0.618688614393468,0.8273890783589428,0.6842154741709042,0.7404684242954553,0.717217014266818,0.6734417923224606,0.6728247176750825,0.7565074919901416,0.6187614626419718,0.7151140459733744,0.7995809672727994,0.8147640415561579,0.8197125725569762,0.8441375014659014,0.5541892232565083,0.6698214339987357,0.6437134148434741,0.6785100703361824,0.9156450150890428,0.8839024683268579,0.7986135083802192,0.730774299847228,0.9048058373230106,0.6286388762419032,0.6003685416093866,0.741772108141603,0.673538411285052,0.8346615225298467,0.727597545848791
0.8142688745672566,0.798172726984695,0.708177911556879,0.0,0.7335615445896208,0.7759282982635107,0.8620218056701908,0.777947772179625,0.7288616689306339,0.7664119724479166,0.8769504972131259,0.8654533767505574,0.8095569340340708,0.729173278044763,0.7642818016965026,0.8141373377299691,0.8242347260955993,0.7912090870010582,0.8871023736224843,0.7621052247822333,0.8330095560563777,0.7475411862395991,0.8439416933089878,0.7920037279033373,0.8591926799936292,0.809243783368271,0.8239081487143877,0.8183315988339298,0.8456327134402893,0.800280973181464,0.795888466430875,0.8432541280727671,0.8812018425745625,0.8523660172300989,0.7572468402474067,0.7394414319504156,0.8542576801262638,0.7501903672495784,0.7853881425801716,0.868104615977132,0.7682786653794134,0.722970515583108,0.7725163677214576,0.7912567778913008,0.8215865939183353,0.821306412698253,0.7070765332551303,0.7892946421667536,0.8458377194906815,0.7325103452080407,0.8722795429888577,0.8121184795098354,0.739773415962582,0.8833721340403495,0.853002510092229,0.6737605414160459,0.8209915144529815,0.8804136715743978,0.7761223512312931,0.7980965196720405,0.8366788775209362,0.6562244734705017,0.7905806321178235,0.6508831430469235,0.6907745592660336,0.779403216819011,0.8440957300867911,0.7417447812474248,0.7726063223715636,0.8473377347696872,0.7432783146794916,0.7211746098831919,0.7932043864672549,0.8872531398352406,0.8040944184697679,0.8286090298914277,0.8262371615657974,0.8315569815702224,0.808075271222759,0.7320087958971438,0.6857124884356325,0.7575343944343635,0.7639858472896954,0.7118312853182036,0.8334232903524531,0.7484429064760413,0.8549292705909546,0.808715727287308,0.7963380667756884,0.7097937569523677,0.8450584066069889,0.8023128073734623,0.8097715551078661,0.8138445119469471,0.7804223770335397,0.806809159691883,0.6880155542173816,0.7499812363906417,0.6626192654604633,0.8091161702486604,0.7585396953763305,0.8218627412970765,0.8631931750674287,0.8002499229334279,0.7619000213089605,0.7400307959783629,0.7605141162115936,0.7404649000105845,0.8176978791866045,0.7871797774723862,0.9101538724744633,0.730527731543862,0.8300720839698793,0.7967350732568652,0.8014994088702473,0.7744780847414673,0.8400012346282497,0.786254625630673,0.7989783030384552,0.6951968923818883,0.7074612528688883,0.8067905208686774,0.7654761968773809,0.8694666946193076,0.6859474134292313,0.9042721536499111,0.6548867604126513,0.785604207842629,0.7924610747024035,0.7139717505455376,0.6662389138037987,0.6982532008898025,0.8002382944180769,0.749941704786419,0.7273939036628903,0.655611732803672,0.7735717857590558,0.7602300131549978,0.7900942291644613,0.8092225655432077,0.8382662860104972,0.7365584001763908,0.8421883071053021,0.7041159040457144,0.787748830962904,0.8024517214492878,0.7170888120678967,0.7522955138581879,0.7876229517896168,0.5697764904205948,0.8235183409721363,0.8307235347929542,0.7935886574341037,0.6832684634024214,0.8697034358773917,0.783335025130012,0.8225054203962103,0.7657272064267352,0.8360339805926901,0.8129547835605467,0.6557755403217508,0.8098335767955773,0.763743212501874,0.7947804459699884
0.9059809840073589,0.8163541152218093,0.7388232015501178,0.7335615445896208,0.0,0.6320636215371332,0.8815613105074965,0.6685650174654985,0.8628301801346632,0.6375889627913388,0.883577008711523,0.8432335321131742,0.6810873688468735,0.7341186001347826,0.9520677117794031,0.7227377801489268,0.6864727661958442,0.8933967234824036,0.8262307704122073,0.8859550379989952,0.9302536094383185,0.9497822877951001,0.7588720562537125,0.9344306410749504,0.7983778931558487,0.8238949875013387,0.6907569378875471,0.5949026433047776,0.81981907101373,0.7954274027619929,0.9057090868682482,0.7014453720076312,0.8602106863714624,0.67693935416671,0.8916821724216114,0.8126158085354697,0.8590776049334551,0.8514613435780777,0.9322165031016784,0.8429187707978218,0.9031795795830998,0.738183627395519,0.9331469543012109,0.9450223263495009,0.794021637760352,0.7837615900125807,0.8259686834544745,0.9415972144746595,0.8591082839843251,0.9002645920978741,0.8833405482283483,0.8102774370606833,0.7953445498705963,0.898118007479417,0.8293373975043612,0.6535108040173342,0.8766087331866382,0.7998379293279733,0.8592906730439281,0.7651121537855639,0.6236331200305717,0.6297274470751723,0.8055586011910306,0.7840858173783906,0.8987196208284626,0.7563004689364212,0.7668279961383125,0.8827399202190953,0.8726038973937489,0.7702832167239644,0.9362323372265351,0.8339266046474338,0.7175519456581337,0.7653325200898199,0.6481021516992903,0.754842076638581,0.6749105964315704,0.8423070525854005,0.8175512065528784,0.613921866040353,0.6385952633217425,0.935935534062733,0.8258353385197419,0.6049247429613831,0.7729715341472424,0.8123751130228437,0.7434926529540984,0.8539873209983925,0.6179562573276692,0.7406888751366172,0.9468232666638654,0.8522038719578702,0.8861215385086623,0.7808480472165715,0.8863932291847719,0.8751091463716977,0.7648574013560185,0.6910669622237069,0.7647003090080018,0.6245750661849626,0.8154133474848885,0.7052421168546031,0.8433704511149887,0.8498709803771984,0.797190680865945,0.7056267346334275,0.6036431837635119,0.630881278225148,0.8507464175314468,0.8316726175074279,0.8543560884073713,0.8874151628364995,0.6462078837966309,0.6160449434000193,0.7665089161870489,0.6803211342224537,0.6886112408209341,0.8964383535816927,0.6251510899344029,0.6099793547132965,0.9385583889457458,0.6603648264452602,0.7888880693082474,0.8558510008785694,0.8667102102558717,0.8391186839975663,0.5696850662402095,0.7957071619535219,0.6782379579655106,0.9086867394830715,0.6252614210632931,0.6813889263720325,0.6640699631912641,0.8676224168969053,0.9263369354554569,0.8945038286810665,0.8756284938176755,0.9350459671704291,0.9024594769093033,0.9183969218849637,0.8219573256089396,0.7450293684287325,0.8453152471462327,0.8402634006728325,0.9205635996184809,0.8856888298284336,0.9253922000904706,0.6367034793405348,0.8435428882122985,0.5278539260393483,0.8920077246745861,0.8137913222972384,0.9154363867795321,0.7598388440177747,0.8084496240003378,0.8791565540983011,0.7522573648240217,0.6582178996536879,0.8571477497754084,0.6241454194424992,0.5778274036250304,0.8485795293322133,0.8496115789311035,0.9632375895679992
0.7236926603594198,0.8366941950711391,0.8587455744446856,0.7759282982635107,0.6320636215371332,0.0,0.7159952720451641,0.8937783830172833,0.7172891172358495,0.8842018021364261,0.7075092421701654,0.8141207679988374,0.9304957161200622,0.7131038277743057,0.6344690543808816,0.8940011596371734,0.8787211434349717,0.6722332796445051,0.7034677273053671,0.6862240609163532,0.751251885819199,0.6793152378052628,0.7338936647772717,0.698562395014242,0.8012282450169774,0.7969100248749078,0.8195056269792544,0.7788951911810449,0.7683276952326153,0.8191615055095557,0.6992445070219083,0.8545201489198538,0.7730215361873439,0.8237555297199681,0.6403141703383387,0.6614440309979269,0.8025245615631028,0.6851160886174782,0.6383131504476361,0.78855155369202,0.6707554331210216,0.8278311307822381,0.6306159413899172,0.6463303321509901,0.8278436508995027,0.8268104108130461,0.8155095908352611,0.6563586219687065,0.6844180042704585,0.6307392863212318,0.7060642851698601,0.8416221765686972,0.6567018455964589,0.7131769867317866,0.6706480132547332,0.8909198872317967,0.6877496804656291,0.8826355173249507,0.6131315212868156,0.7632826047024613,0.8505807242751325,0.7285779624272449,0.7118901762810325,0.5954162615115869,0.5631535967726453,0.7029588141747097,0.821818841332143,0.751650223220618,0.6774530924740941,0.7897089014779203,0.6892023000950764,0.6184695535871233,0.7189584273490901,0.8320836050390683,0.9208411893372812,0.7566313050257439,0.751233631967841,0.8363068413791701,0.7514829470084328,0.801536266121243,0.8389520614018353,0.6518024449061113,0.830481739724444,0.8265860640052093,0.7272919375799313,0.8163152597546185,0.8135237935897193,0.6519497789187382,0.8862613843669177,0.8354657147872545,0.7203736799073192,0.7462633342399771,0.6599549169790435,0.6963912860401614,0.6438142079378615,0.7914052039181517,0.6428158473875036,0.8767635914240001,0.615306892184027,0.9137594070467024,0.6494523864510299,0.7098887963884432,0.6423502064287042,0.7116403388771165,0.6742605484863959,0.9253640524731878,0.8083880310375839,0.8938610397491494,0.7978788374329704,0.8114783287218235,0.7212337757367483,0.6052265839714979,0.90366600835558,0.8315186165550928,0.742193462305375,0.9538649818327661,0.8325273982062632,0.6241370442205277,0.8012777850947793,0.8079977426071131,0.6124580964339813,0.7968970716866683,0.7767773386127033,0.80649301758798,0.5836803435485868,0.8255088315386806,0.7801081843929222,0.8467289022593727,0.830941838290129,0.6303452161360307,0.8848369874007364,0.8846338472894042,0.7547541193276827,0.6638623036033041,0.6029644837152848,0.556908181261317,0.7815391095773234,0.6418069617039978,0.6748056186278178,0.671414639553659,0.6617590243269658,0.7569496294147295,0.7779628386076991,0.6009341242843801,0.6916495614043409,0.7489488961444721,0.7022423373294142,0.8916342549942301,0.8003284391746163,0.6783071947794067,0.647586924741096,0.6787630944347497,0.6407591537396101,0.8086784626618716,0.8415430896626134,0.7147931238436076,0.7446193310863544,0.932306168442902,0.6395489041788732,0.7275207273462486,0.7696644671795682,0.7060780091719961,0.7875004081469658,0.6595297550749362
0.9376953677356141,0.885507158200583,0.7419315815353414,0.8620218056701908,0.8815613105074965,0.7159952720451641,0.0,0.7547089591473112,0.8594789472898617,0.7906629231684486,0.9370704594124218,0.9515984610406819,0.8005917766290406,0.7361267776827174,0.9064524969928924,0.812964624349083,0.8003571800843589,0.9260112048076811,0.9561106537950395,0.8859892092859223,0.9220038825108936,0.8941233443111306,0.9458468714588752,0.9607407612365723,0.9444896976136804,0.7843101503713924,0.8548152246286852,0.7709031414512033,0.8685307244139064,0.9211570939803664,0.9060620359771533,0.8347864500717248,0.8723372662183344,0.834950276490426,0.8447532189350211,0.7498602115234635,0.9345181894654065,0.7860229421337158,0.8903836774209198,0.9575582922579823,0.811321515092927,0.8222947034590636,0.8693329596586012,0.8615920332738319,0.8620048113718664,0.8826534839373871,0.8025672929311273,0.8639243096438078,0.9752107232812901,0.8132780339524601,0.9191039520970782,0.7894190057673114,0.7899486733674548,0.8993258625785687,0.8588467793477668,0.7160655546887773,0.9119695864264623,0.8689408183657508,0.8943735616600349,0.8253566958576841,0.7299565613515705,0.6149747887413392,0.7474506043611505,0.6988736637958938,0.8057862714980438,0.7905829988566923,0.8698469547325554,0.8558309091437033,0.8326316082379757,0.8598274751879194,0.8423263721161905,0.7870095201890543,0.7356196211799617,0.8912337994553606,0.734529641750222,0.8806278462369502,0.8025243065062723,0.9008805150325435,0.80573156154728,0.6891079155588734,0.6401371052790694,0.8720084472877784,0.8864068486747586,0.6207850695847195,0.8003605752205138,0.8115361089819001,0.8122290405626166,0.8776725069981636,0.7628667732111959,0.7903411591320513,0.914301352522709,0.8728478054960747,0.8825501632007461,0.8612890101009425,0.8351084259627001,0.8831173494940733,0.6912431494956849,0.7428308891462988,0.6928792023808541,0.7523335699156638,0.8037798272178217,0.7926864205715507,0.8339934517547275,0.8608043100944793,0.7611198420895859,0.7560525812437533,0.6803463012104091,0.7563052299643453,0.8983351187174266,0.9178104469093981,0.9624733711514207,0.78990448002637,0.7259410656977381,0.7344909877551,0.7719185410837349,0.7863743518862653,0.8311439765028273,0.9388947774786561,0.6585478129141985,0.6363498088688051,0.8194181600243018,0.6733451079730399,0.7970493450266344,0.9572045258765178,0.7729250963960111,0.9210541581139453,0.594426022551934,0.8329652900493199,0.714982721712601,0.8071163313151168,0.7019008768276631,0.6736860025064595,0.7543772275221565,0.8005291930342099,0.8410136538324795,0.7596802016136508,0.9115200276857459,0.8637822794125726,0.9116093719524597,0.9360921570218967,0.8188177393623729,0.7459222180749858,0.9371057204311196,0.7357431832194599,0.8662066496352568,0.9010304489545006,0.8406109018785015,0.7492156724069136,0.8909363636149599,0.5276098988074472,0.9009024809065515,0.8654530390296227,0.9303243123534436,0.7976172518180137,0.9006382225834559,0.9037619979288466,0.9155695422145625,0.7662898336282109,0.8751852072957297,0.7487650200814884,0.6187205408015446,0.8718415267933013,0.8517063995544849,0.9334530775847689
0.7879905554122322,0.8677903664319925,0.861585840610788,0.777947772179625,0.6685650174654985,0.8937783830172833,0.7547089591473112,0.0,0.82318648280918,0.8848930318069378,0.7374461401892257,0.8645415006085491,0.9161222847433267,0.7097374779146147,0.7120531535575056,0.8563543201873621,0.8016010252466509,0.7482227800431597,0.7465073055565364,0.757101461237467,0.7745868687627965,0.7555724619594689,0.7769196725283471,0.7531284865615492,0.862523311435245,0.7841818820396147,0.885330734260526,0.7592104934383106,0.7328177174967352,0.865033348143938,0.7835886711057434,0.8299596270833263,0.8014647765803432,0.8154453334366977,0.6875047586664302,0.6839662434059888,0.8595824207314595,0.7252627255248539,0.6975692734101774,0.802093281483453,0.6922610190395485,0.8586553331748723,0.6959196889126841,0.6686383361205211,0.9109985198549145,0.874790203495368,0.8176290095309505,0.683645103240618,0.7296763662305127,0.6763947628186197,0.7322917456014584,0.7876417569380371,0.6637145437989881,0.7362499830990595,0.6890838328374039,0.8803137485147055,0.7263370976367152,0.8964901421878696,0.6633830672135469,0.7772622391047502,0.8563677821274877,0.6858078495743197,0.7122660628612166,0.6204875700588116,0.6162477466521505,0.7312846834832549,0.8810960624645524,0.814347989163969,0.765232923001798,0.9106100145941128,0.7517478375009115,0.6504742729052608,0.708436188136268,0.8473200159878999,0.8871764172303078,0.7655303579397744,0.7492624187106615,0.8035514647738795,0.8070539282274873,0.6620652336375461,0.7141228240245691,0.7384671387732944,0.8756820329847291,0.7731262138021354,0.7151483423019613,0.8835185199093395,0.8976271387160917,0.7137926799832351,0.8777123562457259,0.9074563838119702,0.7541189226146041,0.7965215067390871,0.681706002233468,0.7034435207984814,0.6693960821076881,0.8476142512349633,0.6896786407305008,0.8707155890722561,0.6228446589496076,0.8766133568543345,0.6737935365058138,0.7935279956967426,0.689058778091034,0.7842319227314328,0.7075766264161722,0.9127771728043415,0.7625001339651466,0.881934832581051,0.8149764155843174,0.8341205408205868,0.7339285556292321,0.6443193228756647,0.8268914409881171,0.840450026514128,0.7360044911298963,0.9095557983839898,0.7930116437598653,0.6859036909980233,0.6662032892639466,0.7587835400588949,0.6449290823360062,0.8340696589113408,0.7494464161181112,0.8198821404007108,0.6174986901769298,0.8364911672142498,0.7060255021895677,0.8909005355461723,0.7604458052708641,0.689213411478339,0.9015408610155922,0.8239394671754391,0.7637070097311356,0.6987463877606634,0.6744039407937302,0.5931743395335698,0.8342030429131374,0.6902748047370809,0.7712089537699164,0.7532720913508111,0.7006837156006352,0.7279546176804087,0.8253635401404315,0.6428918954494287,0.7217816309619076,0.8224025660371146,0.7765387520758816,0.8319349121298796,0.8673504083426757,0.6070972949625805,0.7182572454574393,0.6820216758868773,0.7071151706323848,0.8653593031913688,0.8819484392989524,0.8230126354791881,0.7796136466083423,0.8862476373192388,0.6665417361961399,0.6723359798443018,0.6930686450470013,0.7207817980584087,0.859896581548654,0.7096905617653343
0.935534944389913,0.9354290673496656,0.7897276988881312,0.7288616689306339,0.8628301801346632,0.7172891172358495,0.8594789472898617,0.82318648280918,0.0,0.7503400036196854,0.8117538889196362,0.8962816917019101,0.767791802044251,0.7787341727628753,0.9169218151177014,0.7446529534445306,0.6947493064903574,0.8936829419496573,0.8060844647822034,0.9249532558131257,0.859705349194153,0.9444011110304332,0.7876281301201556,0.9034521997973894,0.8784904308938424,0.7808434802986414,0.7988681285081684,0.6364554243750729,0.7980701535293498,0.8592754478685227,0.958822439887532,0.7431298885491063,0.8788231572385314,0.7333330008531251,0.8834993394456362,0.799590133444281,0.903167144749666,0.8507855986887402,0.8636777087392697,0.8398974991624877,0.8469270118764345,0.8477557667393014,0.842384909383514,0.839431831659241,0.914359007668389,0.8467061326931343,0.8887002776300911,0.8299145052562764,0.829966413098799,0.8427865783373409,0.8060428044374012,0.7972415850061101,0.7720358950632356,0.8340998323824248,0.7631768109845875,0.809069865735613,0.8295564199048877,0.8283104225245582,0.8178341340101275,0.8011280885799094,0.6887534461977731,0.6578083715369271,0.7374539243531865,0.7730551961504623,0.8155403916020854,0.7473521965544501,0.8650288296839767,0.9139694495801163,0.87908352819592,0.8623498464555792,0.9241494344870588,0.8091277036835944,0.7364896619720399,0.7732962003503101,0.729724048612123,0.794160494867053,0.6557040330515763,0.8167708190821749,0.8439680144025606,0.5866459843327987,0.6433426418426679,0.945410611637864,0.9132709544353773,0.6678653477828618,0.7421243028102456,0.9478932232807691,0.8303349269224124,0.8365333210332944,0.7191170367997368,0.9161015043012295,0.8753023023257711,0.9365843397941351,0.8032022570383679,0.759580292893254,0.8275348510228849,0.961314062090561,0.785402682022406,0.8306575270400779,0.7568879333763805,0.7236352168182458,0.8003424103639702,0.7092682825082969,0.7935652599320158,0.9116349067493381,0.8029280662095354,0.7880239098165969,0.6156496902515257,0.7462355829786316,0.8697522459010634,0.8859525334487771,0.7926546156869013,0.8122420659665395,0.7095725674900443,0.698678268421784,0.765846418853059,0.7769188392307587,0.7460124136245229,0.8301972090629278,0.58906246822255,0.7006416178099709,0.8366563877491844,0.7182157707449979,0.8228497740584152,0.8528116461453354,0.8259748786912431,0.8533766179928168,0.6190421521547079,0.8789565633215828,0.712433410909833,0.8796397820644379,0.7930272307369045,0.6996456147404428,0.7054735598710878,0.8691299816368427,0.8796890349795965,0.7986724046313194,0.9450498126579808,0.8880717747800086,0.9307499418249008,0.8998359804288188,0.8098700301574898,0.7641695543650916,0.9161916368394426,0.803714249547181,0.8727819878992846,0.9564927387739766,0.9681224082189674,0.683517914046342,0.9571629621652809,0.5600280738456657,0.8683581223047702,0.7818641596470985,0.8615835091204065,0.8770323935086585,0.8664417239416828,0.949337182809218,0.7743584973119986,0.7291665461778956,0.812847192477519,0.601453796490742,0.616968345143867,0.8607133102579413,0.9756063174625288,0.8913080276021859
0.7507641973279233,0.8411229138933283,0.8307680834333057,0.7664119724479166,0.6375889627913388,0.8842018021364261,0.7906629231684486,0.8848930318069378,0.7503400036196854,0.0,0.7119586084724554,0.853849079003973,0.9075381739716429,0.6340155816419322,0.6708678165510497,0.8339876479305697,0.8311559879479287,0.7299309255309209,0.7594890063201878,0.6984668534925579,0.7474337086182441,0.7104477585438504,0.8503555962300879,0.7584065727514697,0.8937181623564264,0.6900188530650296,0.8870300316539241,0.8358007572631274,0.7126369306641573,0.8961515740486609,0.7106068563945628,0.8269194859449049,0.7279096283156951,0.8313773354276573,0.6260061042742202,0.5896072172701482,0.8166828142882099,0.6217591522305791,0.6343906648736706,0.8254794090208123,0.6222653518725044,0.9155739549072238,0.6377462235315033,0.6181513564740431,0.813023680195619,0.8502820145997977,0.7842948126363725,0.628897446615556,0.747791439891207,0.6009987534660215,0.6978168941257971,0.7321037722273537,0.6283721503816615,0.6798339697362242,0.6376960582997903,0.8837552307383626,0.6934629810458071,0.834313764696614,0.6558770757628756,0.7166852786313849,0.7846689884561557,0.5919457490843281,0.6282113944005884,0.5438638519764253,0.5750489140889722,0.6816784353246887,0.8160074855399314,0.7731515663972502,0.6739080513976922,0.8363327352742931,0.6677051987557134,0.5877051096727297,0.6302649653815905,0.8460892982466853,0.8184430244257391,0.7738945576433836,0.7547872237799426,0.8049128963358013,0.6950989645731412,0.7029597265301465,0.7117781222472993,0.6670755614344303,0.8816147354671188,0.6626756341670947,0.6532714658402496,0.7838015363858363,0.7718496455662545,0.655614444385039,0.8891773099128993,0.8483182686670245,0.69624614022702,0.7308720344346427,0.6419390983457517,0.6912153837054976,0.6116870150007128,0.7851385986830377,0.5696278783645671,0.8231566276808109,0.548336700078381,0.8671014467806768,0.6083715475742489,0.7204323251422651,0.6240530871307554,0.7525072191759745,0.6081269307512783,0.8582192352372497,0.7237261271419132,0.9678244427235834,0.7896241764319537,0.8729866510077575,0.7447176006365821,0.5692585848589758,0.7753029194878032,0.7788444860141883,0.6577675856886359,0.9351212008020542,0.8370505808516016,0.677546148039064,0.6717143489215077,0.6722453172318386,0.5870674562859037,0.6692301647607796,0.7010361800206903,0.8312609369212665,0.5619063726843301,0.7967387979874133,0.6355230380464216,0.7909773585058181,0.6965808286692022,0.610780467870419,0.8969087979832142,0.7389379828275504,0.6956677526630511,0.613415853082773,0.6092071707616543,0.5458289473879745,0.8070797146616213,0.6310192027627599,0.7154467262050019,0.70287354119553,0.6459837322077996,0.6529607087261406,0.7987057383153424,0.5503874120488046,0.652259234166818,0.7636461692154707,0.6982748518745727,0.8994107073528156,0.8295627292727252,0.5503382869792527,0.6586285873536122,0.6730755842512616,0.6719257836535716,0.8674471110745683,0.8816754888659777,0.760454715165018,0.8360147105799085,0.9520850122379143,0.635147610458983,0.6970113286298389,0.7387807476996772,0.6821564814427165,0.780413856310165,0.6798323573918267
0.9290421367374547,0.8336519211978117,0.7223850469768024,0.8769504972131259,0.883577008711523,0.7075092421701654,0.9370704594124218,0.7374461401892257,0.8117538889196362,0.7119586084724554,0.0,0.9049426023858649,0.8024767892544272,0.7704761260645008,0.8911260060423227,0.8429164586469508,0.8160971632914207,0.9069144519031066,0.947613429742431,0.8979404686291053,0.9429093737473069,0.8752990155279671,0.8718401376590705,0.9277185187481505,0.8856964339349767,0.8576612879956892,0.8071024843575144,0.7603960202684149,0.894591391387159,0.8542840391754128,0.8970213426397559,0.8493886819353909,0.8791352828344551,0.8253034197786449,0.865024715890002,0.7982370960813747,0.9445544006509888,0.8447701356603111,0.9373499830429346,0.9355683393297493,0.8386810398405208,0.7376957922251514,0.9184215893467671,0.9115354751512953,0.859005070306469,0.8674962655237451,0.7569990119916442,0.944380024438195,0.9572564060751096,0.8609451728322254,0.9679879043410733,0.8144746762638877,0.8125392794099766,0.9543610250718536,0.9365762744896354,0.6560673391879652,0.953639065336583,0.8750851314602122,0.895690067423728,0.8486561348334515,0.7886163964318182,0.6581730902331628,0.833138801476285,0.7366238435340177,0.8311610058252271,0.8594945886439794,0.8879081625821259,0.8372411423112163,0.8677135859133207,0.8587404564768932,0.8692486996083117,0.8304553254445293,0.8107311165677256,0.9095695299602912,0.7598720253214827,0.879072715303815,0.8531034550377898,0.8906468436429996,0.86105227794756,0.7360054858311524,0.6632846218654028,0.8645002230837205,0.8212187437539458,0.6751501223987217,0.8759831673443754,0.7910794191350615,0.8729146167216786,0.9119891206067835,0.7399544956947897,0.7385592995099007,0.9379718974359998,0.8386337220612707,0.9296048350983961,0.9064268753018833,0.8851418488303944,0.8500837225134394,0.7592173199956708,0.6997206318800935,0.7287583126977051,0.7371115504902919,0.8623979499240807,0.8628689437804076,0.8695045126066345,0.8007239657926287,0.8200139096769389,0.7491131043009885,0.7314977765347325,0.6924604670770074,0.8821742581506874,0.8685113791373824,0.979733936369778,0.8482441551395946,0.7723248911103665,0.7567905720770689,0.8321287855843584,0.7452807217215877,0.8078158195722195,0.9459615699475041,0.7018103849768329,0.6440130706046441,0.8656377664161637,0.7263297810367019,0.8308590533050146,0.9422107213833794,0.8103499687348535,0.9399733208829066,0.6160446848086812,0.8378271727010368,0.7498069195683921,0.8410434833808059,0.6408735997612923,0.7195438804604878,0.8325122896226166,0.8381000360665373,0.8852115435915612,0.7983860744023435,0.877923566052179,0.8837429966096824,0.9077812961767476,0.9415492323125333,0.8508453965553598,0.7936419807648549,0.8956063003196294,0.7878097009014136,0.9237991460615259,0.8645570798347201,0.8185229560881373,0.7218149819851525,0.8449414444776889,0.5536719284425556,0.9441294079216989,0.87777729588427,0.948373049333996,0.7202158088925709,0.8530366496341295,0.8984761380701353,0.9024627855565166,0.7222462942865404,0.9065196894195758,0.7957851459904877,0.6018959038900249,0.89012297346026,0.8128855295308455,0.9491820700643141
0.924517520347543,0.9428043218319112,0.8205000433069597,0.8654533767505574,0.8432335321131742,0.8141207679988374,0.9515984610406819,0.8645415006085491,0.8962816917019101,0.853849079003973,0.9049426023858649,0.0,0.8770617860633806,0.7607518503578911,0.8599220557514601,0.8851616915696807,0.8474181096444677,0.8781780358452882,0.9098393434327529,0.8783568700560164,0.9204129057894711,0.8817675853628304,0.9301564377187018,0.9294395798688186,0.9671386503102813,0.8424940070590948,0.9170703358124189,0.7889610244761537,0.8710027568527071,0.9692419625317715,0.9097899501845316,0.87589011718273,0.8940136339110184,0.8852010477600828,0.8221027663747353,0.7660152375938584,0.9653744224595824,0.8056643649454115,0.8569501992663388,0.9508693593235287,0.8068842919451393,0.8920135645827768,0.8257373543786011,0.8253623695179503,0.9364089910870843,0.9193428805727288,0.8649775255480086,0.8319286632637481,0.9158719695743902,0.7914790612767973,0.8804561945300214,0.8404971809937777,0.7556688049372788,0.877731987575495,0.8281545335518175,0.8167094495251629,0.8739613152040346,0.9539237448418408,0.8088892995146059,0.8534598688124349,0.784261705157441,0.6632651204224913,0.7535539166437112,0.7006497883678069,0.7386063907162391,0.7732791225840385,0.91920251828486,0.8768908838856291,0.8260815151241476,0.9068371063353861,0.8451970816432092,0.7622165628680612,0.7549021219650246,0.9129548619663704,0.8133556207509206,0.8653694349160597,0.8108822027125386,0.944112879276145,0.8423316387589519,0.7105597229625333,0.6780422310633526,0.8557884735882385,0.943551871062413,0.6894957772960935,0.8102465839113564,0.8942185822767402,0.8793497083489763,0.8363700489921715,0.8298971666615187,0.8895501666103685,0.9095937300208502,0.9041439498407894,0.8391240544114894,0.8241450207946571,0.7979602326846081,0.9336572357522424,0.7065621727497854,0.8422289393223659,0.70129640681767,0.8274796010726186,0.7892806571895663,0.8071806021651687,0.8076027445221294,0.8739696418819377,0.770630330420207,0.8560468752604333,0.7229441813051634,0.8451615660234848,0.9150681531571214,0.950218360788552,0.9218817154954153,0.7695399012054129,0.7867183382463251,0.8103065311471509,0.7905222494815284,0.8849299438644547,0.8508692222641302,0.8635988964042423,0.6883342668304234,0.7151705731040526,0.7893682708654584,0.7494258954459447,0.8373227204336171,0.960924105939562,0.7376256287498637,0.9483395629203938,0.6560566718101998,0.9233760245598487,0.777687550561122,0.7874588589782944,0.8064984819490411,0.7552160083679954,0.7869147405468842,0.8096228849804964,0.8033056672217357,0.7074309032539361,0.9460211765542109,0.835840574132815,0.8991747536078061,0.9062000457087879,0.784332831847995,0.788978412784954,0.9511819747017589,0.7290607241681899,0.8643382274376545,0.9357888498982855,0.872092606067973,0.7980892495168604,0.9427359445977549,0.579947117081823,0.8629930915069214,0.8133372202388497,0.8792394652689922,0.8718205073044033,0.9582228970439369,0.911525522254263,0.8958044516242776,0.8539150413090671,0.8182117185355757,0.7422879977832557,0.6349668874733158,0.857356119841434,0.9116413888315946,0.8901616473432478
