0,1,2,3,4,5,6,7,8,9,10,11,12,13,14,15,16,17,18,19,20,21,22,23,24,25,26,27,28,29,30,31,32,33,34,35,36,37,38,39,40,41,42,43,44,45,46,47,48,49,50,51,52,53,54,55,56,57,58,59,60,61,62,63,64,65,66,67,68,69,70,71,72,73,74,75,76,77,78,79,80,81,82,83,84,85,86,87,88,89,90,91,92,93,94,95,96,97,98,99,100,101,102,103,104,105,106,107,108,109,110,111,112,113,114,115,116,117,118,119,120,121,122,123,124,125,126,127,128,129,130,131,132,133,134,135,136,137,138,139,140,141,142,143,144,145,146,147,148,149,150,151,152,153,154,155,156,157,158,159,160,161,162,163
0.0,0.5323960701198155,0.4928401331474713,0.49113370139014273,0.44551353147517614,0.5550809778763816,0.4889771301848503,0.456416893162033,0.5805123023116348,0.487230841501315,0.5175055735795407,0.4757251464715895,0.6442764619628527,0.5212923127121433,0.57366193244389,0.5465929319146265,0.6152093046633306,0.6840066455273577,0.5702179617664239,0.6298364392754854,0.5985042569840361,0.5320512398900261,0.48787619927777587,0.5437895561976266,0.5972066383097319,0.5091457685571523,0.495208002999119,0.6304043120350943,0.4177151710948771,0.5450431337201126,0.5802667899770361,0.6135516699787851,0.49643821276374817,0.5052831471854206,0.609347140816446,0.5027597469437473,0.5880752994781394,0.6071794660078962,0.4704911463376799,0.5716985367417114,0.5452586951182491,0.5278259253873042,0.546262447481537,0.5636715459783608,0.5536842687442576,0.6352541272402268,0.5005987093899649,0.5028320650838795,0.59581754606813,0.6028501092196038,0.6233344636464712,0.6130348596794353,0.47266954028472835,0.5363231076858985,0.4932260642245025,0.5513106826699748,0.6945245601625581,0.49389937687715907,0.5443665997841219,0.5683005469884665,0.4856640784310688,0.4782556062746865,0.5563919333534411,0.45151209733819136,0.5857120513733033,0.6199242900965742,0.5562527936293469,0.5820429282706642,0.5780926482771078,0.49158982497047987,0.6454881067488824,0.5647954719872342,0.5819932467511756,0.6334711694687215,0.6327946444243312,0.600317187073958,0.47759072065297964,0.47837113204251536,0.5614683954131316,0.5033586740362157,0.5926012037412468,0.5917772184274463,0.5664452602400556,0.586492284051966,0.6026034318892102,0.6696379404939017,0.4479731060035195,0.5854100239946242,0.6480037268032085,0.5285130771862941,0.5695244868926956,0.5172064294580738,0.5556552529761134,0.6443042466533114,0.5619444448851535,0.5043201831112755,0.4803854446691939,0.5250406154661704,0.44103641369344565,0.663053616326339,0.5296665468811024,0.3900171826581989,0.5109929072203877,0.4581805633988346,0.6040092622066269,0.6008426272986934,0.5769070576839155,0.5351061939133682,0.5880041501801572,0.5340922859618865,0.5367238384563454,0.543690592435412,0.6478217993905212,0.5138763772610563,0.607313644487578,0.6350802127275631,0.5632127074236168,0.5044537127966354,0.5055041514644341,0.4993629615560185,0.5356958069755116,0.4411778742605777,0.5247624802059495,0.6526844725139623,0.5172531659754829,0.5142505248869356,0.5142761939382517,0.4414224544059013,0.5021001315405905,0.6142753448577353,0.5727568688396844,0.5684457468354389,0.49676468251988565,0.5226139708271783,0.5366452876637204,0.5446445352487681,0.5697640223696765,0.6005450434528784,0.5109107392170475,0.5715533628164999,0.49365138292111466,0.5107701424826752,0.5719022131897097,0.5005866608883985,0.5628553942779697,0.5411192322340529,0.5535018835358815,0.5417223716963739,0.5327316640202332,0.38212639361886125,0.5907499493392588,0.5058073200670453,0.5491092669217044,0.4829331669190716,0.5627796083208289,0.5757430474771897,0.5884055789927921,0.5959572171133773,0.506617328528717,0.622826181115529,0.5207901211827716,0.5764023586904908,0.4977651507481125,0.5919211328953423
0.5323960701198155,0.0,0.5148717049958501,0.46911018449661873,0.45459235528737824,0.5449203478608375,0.542740700709636,0.3957465191073083,0.5073181599010458,0.6446999520572168,0.48489160111280544,0.5068130632284965,0.5042587209458138,0.5586847129016518,0.529602211464296,0.48667996274032593,0.5629595069023584,0.5159687893354179,0.5351024382899933,0.5079884412343599,0.5417217216129033,0.5587142777738232,0.4847955872510226,0.5341131731656527,0.5706976949376675,0.4186611684407448,0.48363443349523866,0.5220124751716226,0.5915780047023697,0.5052445678535653,0.5253844815781826,0.5483376003932621,0.505392643889172,0.4550237489679335,0.5909026854932651,0.529154856498479,0.4733641327929687,0.5256835100468511,0.4700522888418059,0.5635659067943396,0.5974493451904741,0.5447164506937986,0.4240759222993787,0.5490251953064454,0.4673060887482558,0.4829286348117786,0.5011171919328973,0.46047328224973216,0.5677962916175281,0.5103794658055419,0.5074650509100362,0.5066744266542926,0.48555769765072704,0.5587593671969084,0.5053445039814753,0.6003073334655239,0.5173695999888388,0.45437905311560456,0.5521603039645823,0.5294520593564905,0.4224964764150873,0.43929553721715253,0.427883418188029,0.4897822955889456,0.4884956272828524,0.4476082695081489,0.4836868953606216,0.47061465471247216,0.4762188594049511,0.40542567016677944,0.48294431272158844,0.5433867719114512,0.48663656156332596,0.5142009177543077,0.5417650850732189,0.5178851930763151,0.417377469770079,0.5232950515078509,0.4240457711872639,0.48335325218465996,0.5633744622173983,0.49036407713179914,0.5790615876404283,0.4812358991374595,0.5011702804794365,0.558448940476398,0.3726830023346004,0.4754315798182901,0.5175380646094175,0.5077260194010533,0.4916594569730762,0.5621510511998155,0.5955383248749012,0.5143627546429873,0.5383507312132149,0.5593676943190053,0.42750962915629775,0.5388466655314345,0.46590027215834795,0.5468537985250211,0.5501015958783675,0.33838778590911733,0.4421127846670474,0.4971557710507324,0.4850877229464511,0.4679171694190743,0.48011918056778136,0.5341612360595137,0.5689147535600824,0.5711135507958842,0.5222589240445064,0.4767360414245987,0.5120820226274628,0.48659603712550226,0.4739236152651882,0.5516008453464234,0.5363070745967633,0.5052847782989789,0.5285487935467298,0.5041408325147484,0.5055940153545115,0.3800519654831328,0.4803504056457344,0.5766346825284776,0.5214784234952038,0.5539311074390242,0.48996670458960623,0.41553623133210615,0.5676162378586195,0.5345315027044897,0.623515480944621,0.48768605303830515,0.41348732065150917,0.509864253534663,0.48928343387528117,0.5209817759894034,0.5135761605603365,0.572654775266169,0.4787871950622393,0.500962323816222,0.47197139610406647,0.556920755260827,0.589739813840331,0.5162429558466669,0.5527287710146066,0.45709326586372223,0.526784765398146,0.5602041126051575,0.5777746324723796,0.42857053184246074,0.44899723835395366,0.5776981849967919,0.5240195586243754,0.5500935305167273,0.5411244830771105,0.46194441152445964,0.49887673153245987,0.5472626393023926,0.5301751444354056,0.5085361914598789,0.5405844938420591,0.562927027262836,0.5005809693147083,0.5052082170816672
0.4928401331474713,0.5148717049958501,0.0,0.4556934072457663,0.4926000606735472,0.5489479630691301,0.466066785301607,0.45914281170767957,0.4560137683023009,0.550580867660769,0.5964226457843229,0.5630095607556711,0.5534681718065979,0.42575136719540074,0.5664334154845967,0.6191689699930756,0.5405754225041883,0.48407156161500897,0.5268799754981832,0.47642067634905905,0.5978990999161197,0.6771612713235843,0.43265821901216056,0.5387591377600001,0.5498516366240723,0.47397092571143934,0.4607069613059036,0.47472683338485594,0.4787237891607739,0.5287372742426373,0.5204893008636967,0.5691671204381712,0.47535538109754594,0.4299717518944341,0.45380719080687404,0.49884210887571034,0.543485741192122,0.5086592353543147,0.5598742508294617,0.4916737764441735,0.5069346331038134,0.47550728668583014,0.532974383222369,0.53798888424429,0.5087888004266549,0.487848083229935,0.45127252529792977,0.5942227177287951,0.5102202332085248,0.5145792022977629,0.5456140708069332,0.4779755348756999,0.3917050399230961,0.5968730912703241,0.5743856096565308,0.4431735886794617,0.500197035625879,0.5531914664949787,0.4595538414704161,0.4696433914714943,0.4780739426867029,0.4138246104759583,0.49196247980510033,0.41326376730298964,0.44455352904691964,0.454746924392466,0.4684108955371065,0.5412884785027613,0.5334745320412851,0.4747209239207642,0.5214526409861225,0.4309938827670907,0.43498311033548165,0.5875876538420087,0.5407580170557486,0.4169575276676727,0.5139532948318566,0.5149314198944369,0.4472059513609098,0.4170895342190533,0.4888304969339813,0.47794510776281063,0.559730080651559,0.4791762320231547,0.45435417303276876,0.5179863344653108,0.42267848981886513,0.4646489108657128,0.4661141529018473,0.45591946205715916,0.5048958825174804,0.43465505190283577,0.5699249554796583,0.44024783062639966,0.44643402416488703,0.5493607220737499,0.4440839702567889,0.4408502207961599,0.37200401747779055,0.4660467868294381,0.4531551881960449,0.41875795401344496,0.43055425365400524,0.4695693453379126,0.4593102887174898,0.5091375438409449,0.5376231516994319,0.46600919244918865,0.5001910059164968,0.5334574517493617,0.5250926130791068,0.4486582155369258,0.47279685321871484,0.45766261674318753,0.4422921913547072,0.4834461940539612,0.4181918252843797,0.6142952055014899,0.5044625675387269,0.40452662114567667,0.47669257483156785,0.41305637466346773,0.4063578457553491,0.551147993407555,0.3982559079400944,0.6196557003376969,0.4245433792013992,0.4911059985513593,0.502069795651169,0.5157145344063302,0.4695153478839953,0.5776755243712295,0.4164430798992283,0.4275852176502629,0.5641172108924946,0.4507565186117654,0.4913670500082453,0.49293955795135874,0.50177442726624,0.533519695490996,0.4389843398256501,0.48405677348857684,0.45836178950153655,0.479724457699429,0.5400264873591831,0.44311944756110727,0.5667689427074375,0.5240382342358726,0.5404344996094508,0.3685707504787656,0.4631351178857488,0.4309245404811473,0.5404667411183258,0.5462324610676303,0.5476261274393577,0.508982874541731,0.5099140594442895,0.5846229712037097,0.41304909173137877,0.47496100381133866,0.43845157772973253,0.4161939845532672,0.4257779605794221,0.48332600739025394
0.49113370139014273,0.46911018449661873,0.4556934072457663,0.0,0.441966763425163,0.4949075521745042,0.5249513021773691,0.4521923431014661,0.48694156530597105,0.4497091761411772,0.5305543685849321,0.5189610227771174,0.46884746105067915,0.4425500371238886,0.5633263399198628,0.4503240493227111,0.4628324904932997,0.46594771065421464,0.5163001115438095,0.4212904271926208,0.504808281903967,0.5010086788976291,0.4584068442506551,0.465211811524823,0.5194673120979645,0.49499649985691424,0.5054447147974631,0.49010419435898867,0.411134447321787,0.4528507900994568,0.5454285066697802,0.4647773876411962,0.6379287977411018,0.456849755555693,0.5095933283822982,0.5167877952541902,0.5064997903651155,0.4955243005010412,0.49437323472933514,0.4880736977626801,0.5314412013654292,0.4677787232361826,0.4508112599665036,0.5687280124397518,0.48611996606838204,0.44154133672418966,0.38878524399679404,0.47046732947865105,0.4984785957590105,0.4621348688300509,0.5488484028779326,0.495516092618621,0.3791941111063204,0.6122423345630362,0.5373000963714478,0.44627662077662045,0.4671314779936428,0.5345678941620378,0.44031241169706475,0.45010198360922404,0.4586463201077082,0.40218546101045655,0.4652053226319047,0.39722220335280134,0.4253707211511512,0.4185566752201729,0.507364992790329,0.4627179643510553,0.46900370210282777,0.4893636160707403,0.4890275690717701,0.434755508711473,0.49416421281014644,0.5346141402394307,0.4839783269755894,0.4067739614964179,0.4656715287496674,0.46985671921701966,0.44435146775707474,0.39224298030696836,0.4345117900048214,0.5609652315980522,0.4677125765005827,0.4592859022766208,0.48806497686604183,0.5031565048568787,0.44276181929502745,0.4849323094090309,0.46333275334973373,0.47202916206690315,0.5721463076134182,0.5309924844898666,0.4915538614005618,0.4220858942837951,0.49502661319668867,0.5528051037979977,0.4173428424016869,0.48588056268315105,0.4040676007315562,0.5131531701943003,0.4655891313570626,0.38774064311648504,0.5930671348474796,0.5003160590056203,0.4926182376724756,0.43363470463006876,0.4520451759395438,0.45094017615361753,0.45111093190539076,0.43707825764110386,0.5746392967443623,0.49320839920153514,0.5238561071375252,0.48524762002021105,0.4565882731495175,0.48519787604266945,0.4169524966152499,0.4366283729004397,0.5033665124412541,0.49351104462673817,0.4380508495038918,0.4960485108133982,0.4065891851118263,0.5164539501820614,0.4240159147093977,0.5112054352419533,0.4472359105146217,0.43140199210296704,0.4682704290222003,0.46681609701921056,0.44546664172113554,0.4553698711178314,0.4343733676858504,0.5246537977809246,0.47335609432184267,0.3933201824954145,0.3968773198677776,0.5273040029108471,0.4591690194607786,0.5039308174713123,0.5248273484733629,0.4325437336663245,0.5023721139726979,0.5074444975919626,0.500684901807955,0.4941783328476476,0.5174161810118773,0.4349884311557518,0.4400823486952423,0.3460509012677274,0.5500344491981242,0.4352081153966177,0.48557606231059103,0.42226895343931836,0.5719166030932508,0.48899437649709776,0.45390524180931435,0.5400902584697217,0.5633642157122898,0.5066715628158817,0.40945425665440943,0.4542111975250179,0.44503596858469596,0.5211056109356149
0.44551353147517614,0.45459235528737824,0.4926000606735472,0.441966763425163,0.0,0.4441402285263321,0.5564886221371402,0.3586018791769751,0.4267580980031301,0.4404601436544345,0.4867883037144066,0.4916097393039193,0.4283731052933806,0.41063963385607216,0.47330781569836683,0.4845154551869297,0.5086839352824809,0.4370314267758188,0.4477012727133581,0.4042619503165531,0.5600360174543567,0.5049438649736204,0.47184958831710405,0.5369071244857141,0.46397790758569746,0.4806536182705458,0.4297275019640711,0.4217779667781097,0.42726547384963026,0.5457493011562534,0.42739513680188956,0.45189446570887093,0.42815134756498285,0.41685837750399657,0.43556414062568277,0.44726922294443444,0.4515066695791092,0.45251409822351674,0.45918994186124656,0.5127963614705294,0.49228814068526483,0.539040048463094,0.4275271553104264,0.536279566687468,0.4040404797848406,0.42543830464295834,0.4823629881671165,0.465049032270784,0.5116454756532484,0.4561182722952931,0.5044750033964173,0.48689286735342835,0.37557817103751817,0.4820993467233243,0.4497065873012164,0.4681410634534708,0.4624414005143499,0.48560470699436736,0.4301594456380711,0.4298245846635858,0.36328901689024556,0.39033290229382755,0.41018616536449504,0.40720105729656536,0.41870100267552013,0.38786600038580094,0.42935059917901464,0.4714964040618718,0.4237832222968584,0.3805565327786542,0.46182660586847624,0.41801832623510354,0.42839662963707026,0.4914189279715151,0.4243984908526488,0.3866241321729676,0.4466046425464363,0.6858359479243221,0.38750437494748263,0.4680184239641971,0.45464442694996876,0.4590941201744124,0.534234405261708,0.3871338733327526,0.4710997887219665,0.4532855961166534,0.35492904769185224,0.4187316896114995,0.40133349083886427,0.4424962339301219,0.5677114971638647,0.451569959106795,0.5100603222649378,0.4063862223975341,0.4743246695515969,0.46238032846122695,0.35747120081661216,0.4378754893409487,0.40865444226154074,0.42693544495826075,0.4186446729211043,0.33977282431817607,0.43939436596381143,0.4146162920602427,0.4082685949591463,0.4546680414472406,0.4333849511324513,0.4530425518211351,0.47509426447631203,0.500140140645835,0.5405922846974806,0.48123112353212666,0.43000452317255733,0.4383089701287772,0.40075480665071445,0.49849511459819645,0.40226342487346567,0.4650044943422619,0.4814143345411209,0.42459722941615125,0.5491558961126504,0.3711505590577558,0.41835929894912294,0.5405540054338983,0.41255189538239745,0.4486879111293622,0.439011528866482,0.41461250024796903,0.43584161976727337,0.4442061912077025,0.4443807577083528,0.48628491438723365,0.3694856894299888,0.44892171216220944,0.4243211104488953,0.4207825456091157,0.4303973976723269,0.4961352241623411,0.41767020850740566,0.4691289545162179,0.3704033533407352,0.4611120408110228,0.4738697065164421,0.4565534474823216,0.5150807767021549,0.45614134041548005,0.5338302321265587,0.46049488271816086,0.43749994388816266,0.37185833013527697,0.4111438146231186,0.41112254544933263,0.48750045325651176,0.5207512519721799,0.505014068465061,0.4182297856730926,0.4352683568148739,0.5644133349048965,0.4144449708135747,0.4897804387146442,0.40760049950215155,0.4273945261264898,0.4594554588117214,0.5392538352735593
0.5550809778763816,0.5449203478608375,0.5489479630691301,0.4949075521745042,0.4441402285263321,0.0,0.4633169361708969,0.4675802424385397,0.5093249433281468,0.4998198082920685,0.5480489901243765,0.5369999119531667,0.5680420954739865,0.45914452123304267,0.5527874190987084,0.5409479889391553,0.5115472702041798,0.478052440084795,0.5483904522543915,0.4764899476402657,0.540893944308863,0.5574176168064849,0.40618961522389746,0.47944916268823606,0.5466163283049037,0.4592119600391007,0.43525160961101683,0.48330145173695327,0.4644991118678191,0.5188209708298435,0.5973042479863048,0.5948317925990851,0.5517723704324142,0.4389244242536039,0.51097315842347,0.5108221722117943,0.564509896496911,0.5202480001994025,0.5173895273138864,0.46235210895358736,0.5219635059383424,0.4756435647394009,0.48918059102839834,0.6101399776594064,0.4987847048795266,0.4806578671961817,0.45063761759643034,0.5639060323871977,0.4814612736091602,0.5026542783993978,0.5608327089541436,0.5348867047131105,0.4203516340206913,0.6147982036405143,0.5589080949233173,0.49864816078180874,0.5077866153144067,0.5516066772175816,0.4389845171482315,0.4830064067703058,0.5101774804412902,0.45987973709468155,0.5360673770237666,0.4021840014361143,0.4573839774539408,0.47206330027080645,0.47838958211602745,0.5434809636614023,0.47703852940916225,0.4847567074287879,0.5575384024361172,0.4516429910559332,0.4712894363554189,0.5458269209463371,0.5827121266288763,0.4734861377400714,0.4688131248675725,0.48343823573533773,0.459203753843548,0.4687144230811429,0.5451825621959425,0.5158388792305186,0.5741494495654447,0.5392901645660421,0.47190430608995904,0.5411470277435819,0.45378200803429825,0.4806688900537866,0.5152239406329397,0.49007500419526173,0.512554136105305,0.4965312417519075,0.5537629111374364,0.48883942791357765,0.4654939105815349,0.6291994424177741,0.4820613341032323,0.4767945799669003,0.40315824561674585,0.5151617242589785,0.49912948601235396,0.3939363569623684,0.4517332131116571,0.4715180264719752,0.5139424682996511,0.4865410705512711,0.5044759991112452,0.45293874232618814,0.4820981412376269,0.502252641026061,0.5317858612504694,0.4496855853010469,0.5694803502024881,0.46047899737556763,0.49207449827371663,0.5111078462907404,0.4602082630119157,0.48072866783152657,0.5136307746282621,0.46170155691982534,0.4600506444655995,0.4471874864124528,0.4323029558105161,0.5955980005427097,0.4466253569656617,0.6384642988319605,0.45358805655711293,0.4739873224285624,0.5052128713314153,0.4948675787234815,0.5097876518694754,0.5531141137359469,0.45224145825108164,0.49366772775789036,0.5148364164406738,0.4685613283639073,0.49245844475409917,0.4949104143767822,0.4322269711563423,0.5110406568971385,0.5184856224793464,0.5059019675608015,0.4867636408245346,0.48240897518565895,0.527352245294962,0.4491356312537926,0.5842668683773115,0.5149309649388654,0.49733233605475846,0.37575405222009084,0.5119438232800909,0.47847893253742124,0.47622298940144797,0.4460012636653697,0.5423880063860897,0.5118051821790103,0.500427045577435,0.6061937428410659,0.4723633734572285,0.5260430778744001,0.4457751371957563,0.48229044408724975,0.4255999425200144,0.4999355656450529
0.4889771301848503,0.542740700709636,0.466066785301607,0.5249513021773691,0.5564886221371402,0.4633169361708969,0.0,0.3651715956307786,0.4715190618084944,0.5182996244420048,0.48213326801390854,0.49492801639260164,0.4432420885551334,0.4802347134819498,0.5198852335375048,0.4442815036515779,0.5101448800062691,0.48273010649708653,0.483810007677774,0.42587402605806707,0.5378033405143723,0.5217294596489963,0.5429839839018846,0.5431120162338146,0.5299430478745231,0.449769871288809,0.48098019731411534,0.4721182033746499,0.47477384659052646,0.4982769300601014,0.4666176523808624,0.4687063326410711,0.4914517849082117,0.4452808148742736,0.5240357090806804,0.47908516923050276,0.4600011980204928,0.46667167575965807,0.44303485008071036,0.5872418007657191,0.5396510250074787,0.611023349026286,0.40948237498106754,0.5696788564194302,0.42307596810861947,0.435713999795522,0.47407368953977186,0.4429673791828622,0.5996070719113705,0.46098117443777054,0.5174894879334841,0.49742404902334847,0.4130848434536454,0.5270032426954152,0.47005759632633654,0.5488067388085534,0.4729260261030237,0.4561234977853682,0.5178832683475715,0.454469637888233,0.3780953004245592,0.39413846828768984,0.40208437086237037,0.44100976143255755,0.45233342388525477,0.4007938645172732,0.47964529545492474,0.469837126167681,0.445624658620881,0.3910250849973677,0.46335413912711737,0.4705394933205067,0.48818773864637355,0.5064820352448404,0.4440254874710157,0.435197878449008,0.4259143087219865,0.601500564186968,0.38951533044262626,0.45914002737137066,0.47840853182855825,0.5059577330281467,0.5356631267486075,0.4029703517153129,0.5013217588368055,0.4795504425478009,0.3605581025437744,0.46126865949613427,0.4406239121930808,0.4767266312251248,0.5677441589032424,0.569701237338646,0.5264028221285268,0.4370757243750694,0.5590409203667415,0.5201512629870315,0.3675845005775008,0.5120275425974774,0.45241992761873034,0.494821068304307,0.46728815460609546,0.3299711241222879,0.5017969569976146,0.4792231320455623,0.43739714642734095,0.43233436145410753,0.42874028779095336,0.503415299175993,0.5096564228108924,0.5266471568628814,0.5952723330145979,0.501581773381813,0.4869007161885924,0.4683529348718794,0.4212767171704298,0.5222614235510749,0.457143062139801,0.4689415149517985,0.5342670746326553,0.49315252484390903,0.5066666235255776,0.3791229087762449,0.44950719826721797,0.5608349758925679,0.4782392018772329,0.4699401857781846,0.4731739575380563,0.39148242131833366,0.47397905161158177,0.4730195804228147,0.49898524905325753,0.44783361587549564,0.38237513976843074,0.5025912208637611,0.4371134969637508,0.4417362272323538,0.42713948782178807,0.5654807681673664,0.4465540014679073,0.47497880366691086,0.4318833744614789,0.477225315378766,0.5799630264704442,0.5014265876041469,0.52923984230507,0.504622123058869,0.5115163662339017,0.4753911433575495,0.4738100925892252,0.3722982945250805,0.43942446387211737,0.48136094509581145,0.4975680999446661,0.5314101523453957,0.5466779144873165,0.43709625232499577,0.4594997059272632,0.560164904013418,0.5470509386497083,0.5226265081321007,0.4658829563188161,0.5059946359039533,0.5092034352568234,0.5575142394418326
0.456416893162033,0.3957465191073083,0.45914281170767957,0.4521923431014661,0.3586018791769751,0.4675802424385397,0.3651715956307786,0.0,0.4794081957817177,0.3959679763402829,0.4859928344803354,0.4562847758364388,0.5214160129666849,0.38720023634498474,0.4915369007590435,0.49338419780729215,0.4156748881691887,0.433477532841048,0.45524100704357473,0.4392737996475921,0.43785662800235553,0.46016917786815253,0.367074835987468,0.38905573188940534,0.44911295809022156,0.4559838373848582,0.4700147870968014,0.4430968262388158,0.3475696627999903,0.4411711354311695,0.5782419212603204,0.48557690397855,0.4592156424839281,0.41122592806744407,0.4110641649330967,0.46390738895477684,0.5324193163357644,0.4961833204740574,0.5283319984899592,0.38951547866513214,0.41314501940377585,0.3755165199766626,0.5360651151091956,0.42218224840466434,0.5890066137151114,0.46543380686126523,0.35001875159103774,0.4610955565626588,0.4059950945359231,0.4664317419523999,0.48491093648262346,0.40628995786793354,0.34641376535458807,0.48209850631027096,0.5097908989528379,0.3742802559018234,0.4493483275276175,0.53288506840015,0.3765336588240707,0.44520902554145286,0.6333222900962527,0.4247494997963161,0.5120363970049885,0.36051463749439666,0.3965143726261235,0.45660576224618193,0.4692965080973467,0.46261310570393777,0.5055113990594888,0.7014719136119468,0.5014958574263554,0.3925227434532765,0.41631384739616994,0.5088185846485799,0.5274505233878181,0.3827411252731763,0.5209900737520146,0.37896494940547826,0.5097544851475602,0.3407157738464956,0.38582764537709874,0.48297210997930384,0.42489486254353503,0.524632701615354,0.41900986604122564,0.4917497896368288,0.6046922151676086,0.483521963542757,0.48664210901180716,0.44833992366471576,0.4454227383085386,0.39985479070860214,0.43758384421452434,0.40258558247372267,0.39274631869568133,0.4570142135613303,0.5330357456206849,0.3876523411588249,0.342187390799995,0.4557257494425906,0.4283404440212877,0.5897525559777204,0.43417681530417673,0.39919864672069055,0.5046213713452167,0.46598724234465566,0.5079153615251173,0.3830945782176553,0.40260414104773656,0.3780217625143999,0.4184822785677809,0.41943501320124116,0.45584220754917465,0.4627944358233346,0.4488986638991342,0.41520158905967064,0.36376750003042074,0.44122360835409874,0.37995122757227767,0.39754981868272365,0.3885564744331397,0.5994498379258087,0.35185296307462227,0.43880457300984105,0.3549078436534858,0.48852042616975055,0.39985388748139744,0.544197493003744,0.4066792706717388,0.46111809618163,0.4143155389831531,0.48985407220765675,0.5097746138508626,0.414913919564709,0.5067902294708928,0.36687272245828617,0.4021025498038078,0.4195428260939163,0.4465199739903847,0.5210619079976178,0.4414600317528233,0.40465571869753514,0.40240561518957546,0.44098890037955535,0.438390170916027,0.41350648765916687,0.48523555871417867,0.41481266745020606,0.4150915024195462,0.3281148882382082,0.5540019854254544,0.36397766586919794,0.45434268187951116,0.3863137893005174,0.45208421934991133,0.5589952205712165,0.44242669046351557,0.45262986505367153,0.37769550586965545,0.43410968462086097,0.3568405616936446,0.3699326411143341,0.37751412325652317,0.4127863285907221
0.5805123023116348,0.5073181599010458,0.4560137683023009,0.48694156530597105,0.4267580980031301,0.5093249433281468,0.4715190618084944,0.4794081957817177,0.0,0.4641536418237543,0.4868315278372976,0.4708809018927744,0.5322796802400583,0.5153518676964136,0.5435354894265726,0.48740868522460823,0.4909878695479549,0.5346223106134131,0.4998339775963578,0.5102025509497772,0.5168460994706147,0.527752730733675,0.4448848741354907,0.4570969580651697,0.5271686024907116,0.45811066957289004,0.5328592053018464,0.4989829746118773,0.395287188487891,0.5460111355000157,0.6339752930951265,0.5440790398828591,0.47691866832758667,0.44712832452963003,0.5337500136244501,0.5052035735962369,0.5461250596906962,0.5883756286187491,0.5149598506158203,0.48515239440823993,0.48335530364150964,0.5314300030498388,0.47202904338388946,0.4918937477539222,0.5166330097390814,0.5114116340926856,0.4262694468875258,0.4470005054368782,0.5141226187975882,0.5371056639290862,0.5571340069141592,0.47003450172790234,0.43668616986817155,0.5113011812554678,0.4855553958983977,0.5594385941408309,0.553181973497823,0.4952989842673438,0.48711989717229154,0.5302447824143185,0.4909356782811115,0.4887548337443796,0.4656784896132113,0.44132401506625046,0.5188005420805537,0.5017771547038277,0.5977535823664144,0.5347673813795333,0.5103022953182538,0.507975855985256,0.5986738194913999,0.5185506272393303,0.5518588288725564,0.5605630862161304,0.5714583253203521,0.49158450948088495,0.49328311640806094,0.46476994527170473,0.4724953621809853,0.4447761390973417,0.48923453814267803,0.6770562867068916,0.5543525241807864,0.5055615393895917,0.553865674222634,0.5925326479301444,0.47421099094184643,0.5827946015050565,0.5629766200273874,0.656147572024716,0.539427828209532,0.5603544962823114,0.5106988421277604,0.5071097217436181,0.5760341714084364,0.5096017057476965,0.5097082373411117,0.4759446554821224,0.4614769277177436,0.562213511830059,0.5532210614840766,0.40757242358618057,0.4962520275907299,0.4258624414211646,0.5734852441277334,0.4917886693293197,0.5141768491782617,0.46271161451143356,0.48807406403700787,0.46458332572180633,0.4921291670507005,0.5401901471425936,0.5827503939535776,0.6224166665557519,0.48097973959667917,0.5194498875541103,0.456906778964068,0.47232702704436025,0.4256578275376042,0.543449384045724,0.503620170022161,0.48570710902467523,0.4411395991841408,0.5629545622440308,0.5161860998359651,0.47477011237429323,0.5363273317095515,0.4653559044945339,0.4410428173020232,0.5490059628164015,0.6102382439675197,0.5531594690439977,0.5343782057945544,0.5948176653580896,0.5207550792492294,0.47039934244456083,0.4533843109203852,0.5140231933546934,0.454641071631752,0.6122041001420278,0.45458473238040703,0.5177816460371509,0.6010803595503569,0.578354820652111,0.5478730601042165,0.4848789169026121,0.6074704478036045,0.5053736909542405,0.4699321090610995,0.38182888397184633,0.5763116673215263,0.4671763910005875,0.540406388123317,0.46666968768518696,0.5158688042864218,0.6088465166514131,0.5135017535470058,0.5332469392536597,0.47388705472932013,0.5636502956169003,0.442703690105195,0.5200680866408207,0.5585838616510479,0.5494771693427773
0.487230841501315,0.6446999520572168,0.550580867660769,0.4497091761411772,0.4404601436544345,0.4998198082920685,0.5182996244420048,0.3959679763402829,0.4641536418237543,0.0,0.4869187606492176,0.5153173707599539,0.47856801467779875,0.47581332081528505,0.5185990383999814,0.4789136073905825,0.5209544244830105,0.49749973405955983,0.5355134128996564,0.48002523528352375,0.5257487085446377,0.563110254653715,0.4807287163227863,0.5064709782359977,0.6063217304732339,0.401447572391959,0.4683445283313377,0.49584332768250655,0.5921488767144991,0.4831201858516777,0.5041093944947082,0.5302325283595842,0.4661438627146673,0.43491740790301164,0.514656088941419,0.49487315522478853,0.46301510254281,0.48770290285613765,0.4627650707403107,0.5088607898132925,0.5264693610152122,0.513609039240346,0.43534985338667465,0.513130632466618,0.45633470223835143,0.45546192504977645,0.4619671942340424,0.4661090564473163,0.5596157937793078,0.4767441721687472,0.4815431397166408,0.4533973595055684,0.4313137062478885,0.5351527870120568,0.5107113107803495,0.5037034000123003,0.4755105863439607,0.45137996733375435,0.547938640232854,0.46619473013019885,0.41402033087016105,0.3962070166935928,0.4140676582319817,0.46143198225281506,0.45860580310130244,0.4266642342996971,0.4533106984222474,0.4606513398133081,0.4990781377563633,0.4122393478072036,0.45096538097160216,0.4802158748354503,0.44967399250797857,0.4982716332023821,0.5049220034416294,0.4658228175823069,0.4136954824487718,0.48922214839602574,0.40776785784639025,0.42217108029605854,0.5115331693928553,0.4591203447911953,0.5277985952887665,0.4482851474523003,0.4620279607652009,0.5016778719746705,0.3714615055863524,0.4632514267201364,0.4791539230861666,0.44959453978284514,0.46416110218660067,0.49816855895344514,0.5571633494798497,0.4519337463122161,0.4821276641118924,0.5582745694931771,0.40558655526827586,0.5043208443280305,0.410487085680527,0.48241055175427233,0.4823948669366306,0.34860803397729406,0.4395019138264172,0.5513201171825176,0.44826290086919457,0.4413871402638534,0.4677254503387629,0.5249948560553813,0.5154290774618345,0.5473047087568428,0.5085645361414712,0.44694501044374296,0.4670768684822211,0.46546034642888295,0.4282506679394445,0.4708155123768862,0.4876140153579048,0.5816330612564166,0.5240404811242217,0.4392886236556585,0.45103212206857085,0.37165700132060464,0.43393244095994976,0.5169267465804036,0.45441249979861636,0.5583184714220046,0.43250901053879875,0.39896410731286186,0.5457014341009535,0.5033570608111768,0.5415182888122763,0.465214437195017,0.38760464185478244,0.4402983069104154,0.49571061108331643,0.4738555291733637,0.482576111301587,0.5085111466120664,0.4971399572507401,0.49457450360222593,0.4643986766162047,0.49934194751977834,0.5094624261230245,0.4952143742962585,0.5239346477823371,0.44858617853853744,0.484374564318062,0.5259365678209148,0.6359789148792849,0.39117405829647817,0.43182925507015163,0.5284535450736721,0.5062862738213335,0.549830549694418,0.547837467553246,0.45417911947390754,0.469679111461557,0.5130870287031608,0.47180766255039336,0.46147856872095905,0.5172196316055008,0.4851197079225141,0.47497606967391315,0.4620257702269786
0.5175055735795407,0.48489160111280544,0.5964226457843229,0.5305543685849321,0.4867883037144066,0.5480489901243765,0.48213326801390854,0.4859928344803354,0.4868315278372976,0.4869187606492176,0.0,0.602630740538136,0.5708855166701539,0.4408304481982975,0.5469697660371663,0.6213289924950398,0.5276081090594974,0.4723572139051088,0.5295922217139807,0.4829974197322437,0.598607905186855,0.620589282158444,0.4541913988860536,0.5466753373320477,0.5843592814721282,0.5690449811777069,0.5091227498384763,0.5116318543998228,0.4475337270501629,0.5143719454864113,0.5643310562344117,0.5465203437083007,0.493181790378182,0.48238861781155223,0.49435100739411675,0.5230083858240773,0.672060004189199,0.5499974938755707,0.6260547652035938,0.5015200500551747,0.4937793686701791,0.49591007362503875,0.5213312657244034,0.6087094089727798,0.5513509256763944,0.46465274796332245,0.4038687631502266,0.7253427972065843,0.5386677031353341,0.49512318726764176,0.5586387714594235,0.4850334103522283,0.36430789361544225,0.6271632218516053,0.6317882780755033,0.4544384050160538,0.5059291975528926,0.6174566743034609,0.4430120173638048,0.4628948031712822,0.5188054614682782,0.4081533476878981,0.4865853509798124,0.4210732541240138,0.42497331178191533,0.4459761603667247,0.5521634467353415,0.532690015907976,0.5181319121186896,0.5297276834809957,0.5401911399539322,0.4410579991243243,0.49856886758180546,0.6136667008314914,0.5306891451933129,0.40839662363325285,0.5848297404854755,0.5294173365504528,0.46289185262337185,0.4333727966459025,0.4587026742271511,0.5163841571537452,0.5232136744835932,0.5056762734881906,0.4953687593276206,0.5425740273298671,0.5020419990906455,0.47549879477065415,0.4642456407612124,0.5132984564766906,0.5534182360013168,0.4559937076241512,0.5292429646015725,0.4380466446256728,0.47401513652677385,0.5835016153231243,0.44061602508000036,0.46459643088948666,0.3933795649483367,0.4851902290412128,0.5021797584533421,0.44272873028629883,0.48600504374743664,0.45981841242958743,0.48070501638532454,0.49478598147318836,0.5105723583344789,0.48476130424744523,0.4593586739820819,0.5395219003261144,0.6183566530217705,0.5026547020018969,0.5432092269458828,0.5176568985237856,0.4482474740821619,0.49947990576567924,0.4083049675962656,0.5602941998951456,0.5261301091501527,0.44927653060076783,0.49468320996062626,0.461283942808369,0.43858286196532065,0.5545342528559738,0.42862478909569846,0.5919847260901314,0.4360426250646799,0.5186052166140279,0.5043422410978158,0.49900216062521924,0.46326146884817665,0.5672199383274575,0.4912838890097701,0.49691544330951304,0.6470715041037016,0.42028370221904315,0.46271207263659525,0.5190972514332789,0.5241197772554442,0.5499282903058332,0.448483287378165,0.49753335138452076,0.4689112482041275,0.5100430422447844,0.6321324286921606,0.4867344786101242,0.5822494701389834,0.4601837681089329,0.5052213734877393,0.3755390709233641,0.565425807982669,0.4106492261646455,0.5574136842260133,0.4709971287372648,0.5917031055025783,0.5793605187411088,0.5686429309965386,0.6210020765566547,0.45992669832247424,0.5276061302478158,0.4031170152619714,0.4412791525327181,0.4435997432555445,0.5716220557559536
0.4757251464715895,0.5068130632284965,0.5630095607556711,0.5189610227771174,0.4916097393039193,0.5369999119531667,0.49492801639260164,0.4562847758364388,0.4708809018927744,0.5153173707599539,0.602630740538136,0.0,0.48175389871308455,0.4192561094948309,0.5093638553983773,0.5539260041172288,0.5189922361446341,0.44185463918064044,0.5776016079091347,0.457248111412159,0.575989845548772,0.5433951282060793,0.48519038889765936,0.5150021406474696,0.5984059844990808,0.49195827719103724,0.4943957809124565,0.5009440815468345,0.46950403785362976,0.5455970016582538,0.5586082328851074,0.5193843435401868,0.4947326560587422,0.5120195062054376,0.4932137342734475,0.5490871275392452,0.523848650937164,0.5130045825309336,0.5680892111234705,0.47405073303820505,0.520861325071436,0.5058049455336286,0.47449782688617226,0.5841571011375202,0.5128501385041995,0.441785701482498,0.42243652449125474,0.5462413582949884,0.5252391068256217,0.47371351236805154,0.512660438341191,0.48604221572387823,0.36103052787707424,0.5911403017670067,0.5876730164746802,0.4640831047766744,0.473111151270507,0.6501394887660956,0.42585460015072607,0.454764040350949,0.43942550394887664,0.3953884689153029,0.4471087725049035,0.4299491875819986,0.40135395867639506,0.4039969139508875,0.461717179638134,0.45251385814286027,0.47413585224296656,0.466516853745682,0.4650790494174626,0.4254328778505399,0.4558394099365643,0.5259795178041065,0.5012277391289852,0.39509390453730653,0.474736253894191,0.5301272378414486,0.4404986374922491,0.4045098520391985,0.43920781333131403,0.484459428295507,0.5061070116625359,0.4594791825729001,0.4817788218547209,0.5297385067763757,0.4321988322484318,0.44433326803926954,0.45556886652541023,0.4821518373617819,0.5399993317494246,0.4924729074444317,0.5296751502497201,0.41147588951916203,0.44647257801389667,0.6036641898732777,0.40652425049635454,0.5238279730734579,0.400395939276325,0.46913234196376064,0.45974924198555217,0.39542957450044564,0.4954428242643289,0.537910626944562,0.4605407254147349,0.4709704545237011,0.4783936925220929,0.5161633174898761,0.4526591077965368,0.5139722696727557,0.6209509296497394,0.4880171949830437,0.4696494417126135,0.4896673515896056,0.4292201885135168,0.4934968350117303,0.42112736748465796,0.5373261020205791,0.5414764807198977,0.4541538749915368,0.4618540518686064,0.43326292752309575,0.4308536081979407,0.5168717097160618,0.4077016566044957,0.5852759289777039,0.42981985507402615,0.48393172596280476,0.5521676188469123,0.4509631334064537,0.4907856306354247,0.5011715433786932,0.41407026720697604,0.47916749643574325,0.5257026685968526,0.3910237525562924,0.4627333498144607,0.5008238623184302,0.4984061009511837,0.5284463338377265,0.4279987787833445,0.4842007328570739,0.4685464962374648,0.500191566115518,0.5616159707278874,0.5009248529350789,0.5700456368334526,0.44427087102569596,0.5437728297503364,0.39892550113602887,0.4997344529321777,0.4194839818087118,0.5340670677295933,0.48026536466026987,0.6570928012905843,0.47616607136884187,0.4596637596569166,0.5953364597546327,0.4382633414450478,0.47593608506390117,0.39416551568228714,0.4388462310029167,0.438600284333719,0.5085429198369195
