0,1,2,3,4,5,6,7,8,9,10,11,12,13,14,15,16,17,18,19,20,21,22,23,24,25,26,27,28,29,30,31,32,33,34,35,36,37,38,39,40,41,42,43,44,45,46,47,48,49,50,51,52,53,54,55,56,57,58,59,60,61,62,63,64,65,66,67,68,69,70,71,72,73,74,75,76,77,78,79,80,81,82,83,84,85,86,87,88,89,90,91,92,93,94,95,96,97,98,99,100,101,102,103,104,105,106,107,108,109,110,111,112,113,114,115,116,117,118,119,120,121,122,123,124,125,126,127,128,129,130,131,132,133,134,135,136,137,138,139,140,141,142,143,144,145,146,147,148,149,150,151,152,153,154,155,156,157,158,159,160,161,162,163
0.0,0.6130174768762026,0.5273349382523832,0.6366515344652635,0.660265221093506,0.621440451046161,0.6271060040264856,0.6229428963922813,0.6510405314993778,0.5397148379527313,0.6280843052100341,0.5742206798143781,0.7278616338871144,0.6047467332674378,0.6436547153670594,0.6550195607226593,0.6825105142129132,0.7810995147457894,0.6066043450861265,0.7504898383226187,0.655242133758498,0.6113175909434209,0.6271297648963164,0.6258381707979798,0.6633776791670115,0.5953632425778497,0.633259672272368,0.6154751402440479,0.4907993758188455,0.5927981034180873,0.6465699511261411,0.6450535594964074,0.6074281113188518,0.5896588597257681,0.7087870235902891,0.5582933461123091,0.7190968159193006,0.630411972959634,0.5704296621653908,0.6893496883654595,0.5786826190922988,0.6605964660092452,0.6408506158494678,0.6088242952042049,0.6515394986958097,0.6928465656557975,0.5919692389396166,0.5793291811135581,0.6621476375129676,0.6498437507036696,0.6696944724752838,0.6336325234463032,0.6249822684390575,0.5870737983676446,0.5382947113230051,0.5828334608881378,0.7152426622255148,0.6651981759182705,0.6337665240733527,0.6683472446603855,0.6085898186778956,0.5363769841675307,0.604265744691451,0.5325180544208773,0.616030719435041,0.6127460270176974,0.6606507688091564,0.6366043193041862,0.592390555468012,0.6882413475501166,0.6519534002509969,0.6132008338803134,0.6111957258301829,0.7071324392102165,0.6482597138484615,0.6353024284433225,0.6039699289669276,0.6530617375151575,0.6064773871826917,0.5723059109445001,0.5707778346945772,0.6740864073884067,0.6318568093036427,0.5842338583518109,0.624778174483651,0.6580707503979455,0.6605288930261671,0.6708118999245926,0.6955373346678244,0.5624987488097348,0.722029934985031,0.6423012166350075,0.6117260261653547,0.6231676589988193,0.6197619303148957,0.563548655672457,0.5238379551910538,0.5901836540225587,0.5340683186707399,0.6744819554498076,0.5758791357863468,0.564127574061088,0.5831081470033367,0.5294206803581372,0.6241242413726253,0.6668349943502045,0.5932678005331383,0.6666025303171316,0.6579992837193237,0.6145559647604758,0.6253499433701032,0.6128345777859059,0.6560648633633848,0.6599241442089663,0.6299155780742719,0.7123727034176748,0.693579185640728,0.5444574209517875,0.5478858131902248,0.588714540983789,0.6515747037078082,0.5756961949238406,0.6515636981239843,0.6857525586463142,0.6026203383073413,0.553166347521297,0.5782447834567759,0.5802201139212776,0.5432909606291466,0.6090461633117148,0.5804784627492988,0.6062785349654923,0.6260162072546529,0.6349020747442842,0.5861180723020328,0.5646025434579759,0.624263846207521,0.658269537917198,0.6285654258516473,0.6804504238147432,0.5742284858136508,0.5980860914294018,0.7399913372533445,0.5597791459027407,0.622933745779054,0.6825005668233723,0.604365833938808,0.6146118370427034,0.581250873634738,0.4633431908197567,0.6880988586527557,0.6123519807461236,0.660876764349933,0.5429701153795932,0.63167719946791,0.6739015833369099,0.6033473606544877,0.6464878792823331,0.6153105415367024,0.5797664584562008,0.5572799378117451,0.6892947550120594,0.5677819643377021,0.7883993710914335
0.6130174768762026,0.0,0.6278535487400094,0.5791778286795553,0.5964360787200509,0.7185473879520744,0.5921600523894577,0.6602154506957779,0.5906542744397972,0.6930143303802717,0.5887811586443167,0.6795366362278087,0.6692862397618562,0.5656424340155558,0.643518660107131,0.6410803825337351,0.6086303848774834,0.5868342797178889,0.5783701713798198,0.6479630373921121,0.6303378042702084,0.6796959511842997,0.5542238035173985,0.63576629866808,0.6973568409509635,0.5337250432674266,0.5797388324212872,0.5295313278897454,0.5914115018572432,0.5439979298209976,0.676471387964423,0.6206131667559428,0.6436980384696933,0.5497812192233583,0.6215797083536122,0.5858756888286509,0.648023196354917,0.5773449131236497,0.6007207101975456,0.6170568047966826,0.6040935314242089,0.6268827837054604,0.5652180445009783,0.5937022508343317,0.6786295259842566,0.605726236976696,0.6190258317551655,0.5927890781049722,0.5785313747925344,0.5766853488189431,0.5689810783404384,0.5717622894209076,0.5603073675657656,0.622782532340841,0.5524957873302359,0.6187662186219597,0.56707738356126,0.6501584276536847,0.5805806303936902,0.6030239824854803,0.6038037980249157,0.5051358519046024,0.532329396903771,0.5351276463360658,0.5266765932398018,0.5272761489731279,0.5971532782845302,0.6007160579546872,0.5422273509560237,0.6079164543336211,0.5790309619630006,0.5476799195124538,0.5153780713624316,0.618444958579109,0.6139573842767442,0.5501073184542145,0.5391419667542966,0.6683983303697959,0.543478396108236,0.5095450833348865,0.567275770778638,0.5799901131080388,0.6840234819319201,0.5689483868308173,0.5280080027017134,0.6650234028915528,0.5804069311272632,0.5480060027174151,0.618909289201107,0.5944034718788737,0.569495368257469,0.6457591622738666,0.5863693915302789,0.5243455523432099,0.5356952088952962,0.7090712101496419,0.5251482663692363,0.6429606108317718,0.4958882464527006,0.6103278785295779,0.5569264630323657,0.5319520039077857,0.5152306280562104,0.6279402818871523,0.5436697678405641,0.6195238494675851,0.5677326597147196,0.6839805547252968,0.6423514632261167,0.7145150307827035,0.5857155928645877,0.5249418403811517,0.573958392908613,0.5784448928293063,0.542569812969579,0.6199443928850549,0.6097378617600422,0.546473287887274,0.5666083792755249,0.5433938353037547,0.5574253118396092,0.5252457470123358,0.5744388485049174,0.623878659593499,0.5315372678629359,0.6526526333443164,0.526435445565854,0.6471823781622383,0.6189599504952139,0.583313497209135,0.6131889609544245,0.580632507985078,0.5223772916147341,0.5610820357296039,0.6158080680288728,0.5318449620703352,0.6615682841313394,0.6073094340300276,0.6510695193284138,0.6181708031478345,0.5760076304710762,0.6034851981828891,0.640094394693037,0.5479214165229978,0.6208479302041796,0.5923321704346384,0.644048200288592,0.6535533445130404,0.7102417563161054,0.48565528180170525,0.5561191307948731,0.5915105694858355,0.5835971043376347,0.6599654167804545,0.6745775361812814,0.6259442699736675,0.5396387718968716,0.6762227389689105,0.5496819988020015,0.4839938991806341,0.5688968074024559,0.5800098905199371,0.5374490691438235,0.5773602165673558
0.5273349382523832,0.6278535487400094,0.0,0.5221063764479453,0.5829951723280907,0.6388576890988963,0.48546888934817745,0.6082574379501509,0.5225060925018551,0.6412984350288387,0.565059744774902,0.5598842275999747,0.5840671810778499,0.5130536683192481,0.5485473333229988,0.6088213758408983,0.5700797164857576,0.5397474478109984,0.5043036444702883,0.5590464844671105,0.6088267542055873,0.7218355786556634,0.46502760715755315,0.5317745524017119,0.5895977576483797,0.51163476045954,0.5015918673806314,0.4687050022188577,0.5620503067921067,0.4785409312774757,0.5379632485661676,0.5396169787048405,0.556912577063234,0.45331834323114567,0.5298232368025994,0.5562955343463242,0.5544732760932535,0.5590599362044915,0.5284788119461027,0.5279688829306673,0.5640950053197599,0.5852583044829687,0.5499961189672927,0.542810286791839,0.5676016339439921,0.5177728506003312,0.5610627945013437,0.5851484590106725,0.49067814164846346,0.5467102136433487,0.5147628089306077,0.5397900713832382,0.5034882261808076,0.5789273985611639,0.5093499569341456,0.5270186363566838,0.5039330141896599,0.6296388120996338,0.5344506481192728,0.5047098292262621,0.5617646711359995,0.47374616705106426,0.5456016410146424,0.5245137058354525,0.492314157076207,0.49140549728207694,0.5199359739354942,0.5752699504211476,0.5909324705698604,0.5916469246314826,0.5458918494706999,0.486956029514834,0.4982031600957401,0.5668265549334462,0.601007257527888,0.45416478160118184,0.4911925575884328,0.5682696305834596,0.5032392692678114,0.4513371570344215,0.5642084499617067,0.5306726864857402,0.5690820385893564,0.5579704948231523,0.49281421286253746,0.5940691232485539,0.5472954828845625,0.4938772403622093,0.5033225517805124,0.49540240577383104,0.5421841039224555,0.5217416163636448,0.5281331839602482,0.45058723727706956,0.5059929264650995,0.6195951606047816,0.513844603162868,0.5656414811643118,0.4580245928801848,0.504330334171367,0.4768669045936345,0.516571914350518,0.4854719932876855,0.6156099929808753,0.510606870437577,0.5609109282259362,0.5386212609269349,0.6095097252800138,0.547739663634275,0.5878832200263826,0.5077462189875508,0.49746628257188447,0.5304953263557356,0.5388275894948987,0.4901197052010082,0.5297093468772291,0.5119315427277777,0.5070661067245896,0.5955610795717275,0.49986939335667446,0.5142760345376123,0.5099260627442902,0.5158485959946588,0.5176473773228889,0.48444502556287233,0.5684898590126978,0.491675050868578,0.5416686406741461,0.5920369263568074,0.552356332851915,0.5511392979853067,0.617292397292819,0.46339713768906,0.5052314255729307,0.5925462363139876,0.5078426576720428,0.5333013561815295,0.5230832860641742,0.6105689301640121,0.5356685626256105,0.5400670159006365,0.5586213064247649,0.5282489301279959,0.5549395517660225,0.568282531611176,0.5250730201174744,0.5942548054888854,0.5697692310027531,0.6805048571391143,0.48012710401413533,0.4855437679179907,0.5232498117323536,0.5418071200190199,0.6075124150094662,0.6065033318894284,0.5518088547068282,0.461351621358035,0.5735211455784176,0.4732723965355577,0.431273918690574,0.5554723595317168,0.49737981692395056,0.5084902749008211,0.5187238431710648
0.6366515344652635,0.5791778286795553,0.5221063764479453,0.0,0.5895005356630111,0.6010032510552565,0.6083063702343796,0.5865616685382182,0.5194754872154245,0.5315302176442926,0.6306677634571226,0.5473036831033519,0.6419026612761918,0.5993934591382482,0.634944158869197,0.6047917566635099,0.6431009282234915,0.6510404129549995,0.6086484488644811,0.614416991847563,0.6724132532314738,0.5736092733699073,0.5620427079216254,0.5903521534616171,0.610910695045736,0.6290669975360699,0.559243172401973,0.5755997299552993,0.5213868292502533,0.4820096793948315,0.5980590225779658,0.6105835263397392,0.724863819720806,0.5671204658552692,0.6522857688273286,0.6066314036154409,0.6411810975187889,0.6209283896646652,0.606163094361686,0.6937934886040338,0.6553018211280964,0.544688840814923,0.6434533791960942,0.6762602589871572,0.6180700381558669,0.6488146100708415,0.5224297938337604,0.6186041359514506,0.6179519741229793,0.6428516757742131,0.7317547839879041,0.649599480183727,0.6504068981934817,0.7053775402941915,0.6066010731782299,0.5071320935571118,0.6754820117358905,0.6251818292139143,0.6647886714962037,0.6458308461664026,0.6820640067022044,0.5460686872803636,0.6504088908726406,0.5332046854001451,0.6232010813217436,0.642450862609455,0.6770768628816255,0.5804345199253245,0.5672758189231382,0.6359398601372622,0.6213606205095669,0.6173755071876107,0.6146027294282793,0.7298523610146211,0.6253637945578945,0.5991832405412073,0.6316689284349952,0.6346483291202238,0.6287382223062976,0.5817487938341036,0.604607591377097,0.6409227615519298,0.5429932101482865,0.6105250476696823,0.6474280996849083,0.589355111295026,0.6437692933579074,0.662622166878741,0.6285189204296769,0.4978654090958913,0.666692918996681,0.6177751140455753,0.6388299945316342,0.6219918298176572,0.6516631819182492,0.5542938669285603,0.5652458643200154,0.5705602564794415,0.528780056482981,0.6688111353363967,0.609387004824153,0.599140029419233,0.6575817232850052,0.5494750391516351,0.6389298868478498,0.6003254873801084,0.6510310433103308,0.5809371640118983,0.6670602615887955,0.570415967075338,0.6753466807794519,0.626291707368842,0.6872442113546811,0.6338064798628881,0.666791701371896,0.587158354646564,0.6584130425852347,0.524148296795836,0.6244605265166668,0.5672343360647595,0.6137888598206583,0.6302175545779516,0.6076113470493295,0.6614197771436096,0.5860545458889311,0.5938712734964958,0.583421818435498,0.543329932673153,0.5926470300434145,0.6267140848225663,0.48615626707873644,0.5957297183483533,0.6189331121862857,0.6254093255148293,0.6108153101518902,0.5775359714321994,0.5252168439717813,0.6676224614982433,0.6216899877069021,0.6575369057049515,0.7039014739839813,0.5835146439368268,0.6837035000183147,0.5968317710651417,0.6503432432076323,0.59014769356769,0.5389937490562993,0.6371540488431925,0.5503472110151865,0.4594458823808862,0.6868812107617823,0.6687567142504498,0.613068719278764,0.49920316471762455,0.6472883672644159,0.6269257559740854,0.551024560265544,0.6036243170945681,0.7250304856820546,0.5937534526396542,0.608357507944004,0.6490811398181613,0.5827730378273988,0.6591209126840497
0.660265221093506,0.5964360787200509,0.5829951723280907,0.5895005356630111,0.0,0.6045852552970142,0.5789377023637718,0.564003139347795,0.5794447205051977,0.5424965837783803,0.6257993372089251,0.553757374638837,0.6282544282393626,0.5694945062124803,0.6205294642696414,0.6408460415911486,0.6490392646969005,0.6667242587507525,0.552813510023415,0.6242489234980524,0.6637214791012945,0.6672221001725184,0.5442346403635903,0.5975134191350195,0.6043577914299256,0.5790055036400343,0.5556264444552971,0.5281607872857318,0.5172707955047829,0.5500241270603655,0.5753025109447762,0.5818658485540271,0.5931123703264792,0.5014900773313141,0.6270202407057182,0.5603706443985189,0.625171830573739,0.6136316372822748,0.5589329518779446,0.6279316477989517,0.5973523995516168,0.6390577686673581,0.6204660840461041,0.6198080099333625,0.5725664772591283,0.5899353281391412,0.6032290217010904,0.604657003767615,0.582985470906858,0.6297716467615295,0.6181827165573428,0.6190661010108952,0.588349372266847,0.5906573903602957,0.5301263455884423,0.5436417935933324,0.6148832016959209,0.6657616130883512,0.5964434214454517,0.579702292097841,0.5550049682219336,0.5143918924904713,0.6033694648994578,0.5359404195188956,0.5814367890284717,0.5497483270757998,0.5737186636662276,0.6317570024934768,0.6023596134528945,0.6185247437097807,0.6244633985509779,0.5646739285613871,0.5629998333285993,0.642426888509487,0.6136153424661871,0.531306746439385,0.5533445801440595,0.6721594467185623,0.5510313427833273,0.5372423836012528,0.5824180582975258,0.6151662164931596,0.6145137142215181,0.5588871877389211,0.5724935303001353,0.6120296209920636,0.576081176159727,0.5842073121526398,0.5595765904607523,0.5119973613227728,0.7082313005349025,0.5786626310168862,0.6079688315272657,0.5343163845786446,0.5928315319195536,0.5702192110345137,0.5071936709310537,0.556176834967459,0.516858097726505,0.5610493034518839,0.5314907313907244,0.5255535031924059,0.546169851409376,0.5417585465081223,0.5738137469822243,0.6099813269399551,0.5595851093077597,0.6151084027363858,0.619177263692865,0.5924327395998641,0.5799861907422683,0.5836478084983716,0.5871452160128106,0.5966608785441423,0.5679082247741253,0.6199983619649313,0.5871466813869729,0.5341870005428974,0.5744613744326466,0.5505262437167211,0.6575112839811742,0.5434571710710998,0.5859872961289091,0.6168346659217617,0.5690489429894968,0.5495314697933973,0.5428752924699393,0.5477115135953584,0.5459662779141771,0.6022058528215398,0.5455005502684791,0.6254349521893707,0.5309985080297649,0.5903599178799185,0.5771113096520479,0.5786360631032699,0.5728174155537329,0.6243304294035172,0.6032561117202709,0.6137922686519688,0.5602603968587301,0.59006905762117,0.6253687514259254,0.5696388731116947,0.6150438491025592,0.5994802386789307,0.6168348950983665,0.5981249881784522,0.5822482736420297,0.4675368107695823,0.5720946993133685,0.5889742055219013,0.6240124565903673,0.5556325885023716,0.6123633362035461,0.5946955788151482,0.5265732453680296,0.6112855631110132,0.562245793030142,0.5163746857765255,0.5604984128573102,0.5982673751165658,0.5491464761793491,0.6939488201865514
0.621440451046161,0.7185473879520744,0.6388576890988963,0.6010032510552565,0.6045852552970142,0.0,0.5589419405175613,0.6990809666989185,0.5887711794440206,0.6320044206721674,0.602169420355411,0.6513043588232623,0.6831365955375429,0.56605951993481,0.603758579582253,0.6778958069787043,0.6310532944104099,0.5835147048393313,0.5833349916293072,0.6361850340330136,0.6695655489178942,0.6521927910306019,0.5234266350505911,0.584876553425486,0.6791567321241923,0.5647068730891496,0.5473729215055176,0.5273017109738682,0.5600170675181313,0.5386030823637772,0.6587731809680978,0.6459371282401589,0.6457017396149685,0.5454907095965209,0.6140991279238887,0.6054052874510917,0.6636092892567004,0.605722851925146,0.5973058905892347,0.5874642188204754,0.608641021167686,0.6354789160129898,0.5963780678092403,0.6221875913956235,0.6629709233885893,0.6061088104426674,0.6170092424508601,0.6228503990660513,0.5566504679536041,0.5980296655015368,0.5978094223120944,0.619262535328668,0.5679140831130942,0.6407728527309486,0.5602741956665298,0.6135782135334658,0.5835463726549295,0.7387108580313707,0.567421339530186,0.5990071315745954,0.6466480232985727,0.5421054605132402,0.5919582709406103,0.5367974536231696,0.5392142839831694,0.5548757952618851,0.6016581576231312,0.6225649698736647,0.5586149957597248,0.6517310085913998,0.6124490560127341,0.5467305101474625,0.5493068107183673,0.6421615366817097,0.6613346099634672,0.5479018440222052,0.558149842320145,0.6639086625329905,0.5699821448100625,0.5380178005827808,0.6146926140665462,0.605313939008152,0.6522254456160321,0.6126755121987816,0.5615686296854021,0.6681934864832523,0.6522207609998423,0.5641386019200085,0.623153247906689,0.5725537431997152,0.6052613415406098,0.647919077811322,0.5886304772822805,0.5319483079237428,0.5554639013091842,0.68964596378852,0.5602949087493571,0.6601357125481994,0.5122959961677988,0.6145412696964482,0.5534459865117655,0.5681323546487672,0.5458999448085007,0.6159937421448289,0.5805368665906179,0.6457470823430566,0.604763888069675,0.6657816097691744,0.6207707784463681,0.6616843889570275,0.5988048484276606,0.550411746696066,0.6274613666510819,0.6088134596807684,0.566461463078379,0.6176388495116163,0.6222037620979675,0.5277094486542773,0.6085769513834112,0.5717685851255734,0.5657172900905391,0.5784477692560102,0.5996232034280656,0.628351227252921,0.5444460275098446,0.6390775641362111,0.5604007140028594,0.6390613000559977,0.6334528458345265,0.5797548756506146,0.6040814374069226,0.6512375542850901,0.5440892406261791,0.5898060315470889,0.6162470458786761,0.5370865921504232,0.6155442495539977,0.5840605012260793,0.6021332917827662,0.6239614251356664,0.5909616044808814,0.6350752000351287,0.6360264001577154,0.5786763045281479,0.6400304725752811,0.6035421578678072,0.650161722625604,0.653234918910511,0.676612017846627,0.5038082661909767,0.5773491465883089,0.5988242867451717,0.5760780489895392,0.590860954849449,0.6993476120902202,0.6308646065147966,0.5187113148029885,0.6945055132212158,0.5399483171128536,0.5031049806723938,0.5746455915323495,0.5975220880289721,0.5565112948585281,0.5905028026889978
0.6271060040264856,0.5921600523894577,0.48546888934817745,0.6083063702343796,0.5789377023637718,0.5589419405175613,0.0,0.5409017068030563,0.5151693343416347,0.559561383294371,0.580636375588866,0.61385845246862,0.6215255601930558,0.5117660045003086,0.6684807898964992,0.5758574158798212,0.5725630589150822,0.597288871045126,0.6206784022330638,0.5831662686244703,0.5794780880918029,0.5451424110717081,0.6958103983742101,0.6887769087912499,0.6519036414259255,0.5275847789599318,0.5785659541566098,0.5733909037485242,0.506016494184404,0.552571953396275,0.6231900688966179,0.6229348434046036,0.5898599361677558,0.6282750650552077,0.5761978280912444,0.5026847468699989,0.6661309634267101,0.5066035675713686,0.587239259292825,0.6734271276219331,0.5294376060006686,0.5454320077917231,0.5749508682483127,0.5819351346730497,0.5981068535599631,0.6358149964302291,0.534657308763609,0.5595998694376858,0.7353975107503882,0.5371897186057786,0.6280099174237057,0.5308480077616501,0.5418085087734207,0.5785968742225744,0.5581205659999984,0.519661992470091,0.6023707909572693,0.5632358538542653,0.5973210393754552,0.5986783383835544,0.5589616573710072,0.46678394861791617,0.500814976508383,0.46052984674587244,0.538070049008829,0.5407417670249653,0.6033653156867549,0.5693658613116684,0.48648067265746675,0.5596478301350389,0.5438358539994106,0.5353824322841,0.49321606659502587,0.6341059368283879,0.5206757916412706,0.649323788517493,0.6226232810130577,0.6672720578772685,0.5235261495770613,0.5521851598428913,0.5058070417106412,0.555097277811997,0.6047378895009504,0.48657745500426147,0.5245233627628052,0.5319194986831264,0.5472440507912406,0.5933452368492113,0.6448133789639783,0.5201277699779167,0.5630972587213806,0.5957157296480985,0.5949674825921568,0.5947703341016275,0.522087930788271,0.5563736424672289,0.4633345582020281,0.5277891411596392,0.4574423041199138,0.6252658274068885,0.5546175343613124,0.5475221785975722,0.5318515793515123,0.5205822287766141,0.5082676181604272,0.5631326549604116,0.5465655833842347,0.5679667180650511,0.6352236743282355,0.6378371419813746,0.6879552265745806,0.5100534870422375,0.5503661254813057,0.5339934135584519,0.5353939619001364,0.5758276910529496,0.6188441270149923,0.5828900456379673,0.5057633497248196,0.4800825258911373,0.5413652627542086,0.49259653905385553,0.5312060017018966,0.7189786321380512,0.5020318911680363,0.5944573738874793,0.4895339294340156,0.5685598589162354,0.5109844459000121,0.5358144490806682,0.48899899109204176,0.49831099768996445,0.5418628659637124,0.5107240671558372,0.5426376228995373,0.5056213839488716,0.5988675642424999,0.6027564392886099,0.5736366537789065,0.6344568110197528,0.5478701139658078,0.5202245854702796,0.638856474352804,0.48127658995076006,0.5679032567001228,0.5842833452768632,0.5217313831139767,0.6196536720706844,0.5394079821430107,0.404976982836014,0.6061805906702779,0.580018295674314,0.5675909322977222,0.5378923163709168,0.5977679096995995,0.6042272369093251,0.6490065559508043,0.6340344813584365,0.6047441771977548,0.5727212355254183,0.5191217047313076,0.5733227535355145,0.5032235654771825,0.6004884362042496
0.6229428963922813,0.6602154506957779,0.6082574379501509,0.5865616685382182,0.564003139347795,0.6990809666989185,0.5409017068030563,0.0,0.6219342059961538,0.5999896364922438,0.5746476984617984,0.621602976978595,0.6921265019024904,0.5430487339108745,0.6279923209842064,0.6403972146967983,0.58757221276539,0.5961532136728193,0.5561056878100059,0.6410502997708227,0.623861423214837,0.6401938301064632,0.5256709188320685,0.5833039035611572,0.6617913163877542,0.5680808352585536,0.5761685615869294,0.5212178657429779,0.5068624824144421,0.5361572313527446,0.6818680464089684,0.60148074257717,0.6288896290815512,0.5385232952152446,0.5889871255507928,0.5703089116117178,0.6815812061523138,0.5952299919595564,0.5839444895124887,0.5816047290544812,0.5775355628450717,0.6084653574264081,0.6044379548502843,0.5697559018432867,0.7287208645865956,0.6300126034251312,0.587107610145952,0.5807591003413297,0.5457174717772514,0.5810664524860898,0.5762958847577606,0.5802978117846141,0.5346735939569146,0.5942268870245925,0.5300335953893631,0.600188842550889,0.5710803197839568,0.6879159744546219,0.5506280792736449,0.5868142445600696,0.6540247609681606,0.519308438022211,0.5721529780506818,0.5119106623579687,0.5302844185970271,0.5549499068274091,0.6201436100402509,0.6378581083451768,0.5643094655247718,0.7256554404486543,0.6194163462395762,0.5327787213685107,0.5289149541726338,0.633721320693127,0.6322311053107773,0.5341402495735542,0.555202017783271,0.6076613878016899,0.5936688489342713,0.4950647183133218,0.563874466866502,0.6163572384977857,0.6500729221975695,0.6026968191493283,0.5409378955271623,0.699302587294131,0.6934218523901384,0.5646430273180361,0.6346501792685192,0.6091630005389151,0.5842614007572733,0.6167280384208127,0.5482418864971933,0.514838816469308,0.5357361079803282,0.6602408606537231,0.5539727686850571,0.6269280516078664,0.48462258311914946,0.6147366399242694,0.534255756004193,0.598415966156232,0.5385510834281654,0.598478766449775,0.5685574554452889,0.6650813974993791,0.5880939724463654,0.6504439863971766,0.6104583670238258,0.6237310140941243,0.5585529384190722,0.5379657664077052,0.5960773903059541,0.6016434600996927,0.5584589838610025,0.6150586772507749,0.5802319398382806,0.5154182557452852,0.5424241920281142,0.5507337556487341,0.5443889311720053,0.5993343486368552,0.5614252639306611,0.6059676747071919,0.5173451763060996,0.6031223650034341,0.5336913733952475,0.6701104621066655,0.5739614593060367,0.589428777199714,0.6040434998915674,0.613994540997992,0.553522839405652,0.5650927094800658,0.6142840203825691,0.5145651738237915,0.6199780462145073,0.5817978418351443,0.63777554584683,0.636543950569026,0.5781839312029612,0.5713980218875009,0.6140919324350772,0.5505414760049753,0.6059587499747111,0.6124571255640031,0.6586666844985715,0.6273808901189754,0.6450251033265385,0.4655440529154836,0.5893488653344062,0.5501798598933696,0.5659494856104184,0.6044438092767929,0.6743131177903693,0.6901697654346972,0.5250783701789737,0.6763795353588508,0.5229655656131637,0.48240105359012353,0.5527745559933736,0.5603189668487975,0.5472922560418726,0.5779398036686352
0.6510405314993778,0.5906542744397972,0.5225060925018551,0.5194754872154245,0.5794447205051977,0.5887711794440206,0.5151693343416347,0.6219342059961538,0.0,0.5118183602615928,0.5120389078031067,0.5256213799439221,0.5958358241364112,0.5357565155903643,0.5644737925500405,0.5489392690494578,0.5448732677388128,0.6045829834475024,0.494506607868158,0.6036829591943116,0.5506376733763525,0.5952685751721554,0.5078007294995089,0.5316870250415874,0.5713619927605714,0.5131209198839276,0.5637133418589519,0.4932638820262436,0.44280261573734714,0.5717076460149623,0.590727826560897,0.523988420470333,0.5389504911800026,0.48091543047874763,0.5819993714138811,0.50035670682396,0.5886487760115116,0.5606069283507095,0.49036894212067034,0.5407678260371036,0.5157610115427113,0.7051506370310968,0.5222386584800346,0.5086000161465752,0.575558390733894,0.5606683170348271,0.5961950524180942,0.4890846515586025,0.5096212469569983,0.5432219125495182,0.5205177136932797,0.5516778023995227,0.5240009313123201,0.498012728162259,0.44907135003599474,0.6634256723588057,0.5400560233015566,0.5940374826422924,0.512058547106168,0.5381754438116003,0.5192645860429411,0.49300420083309926,0.5185653460457333,0.4894204572603817,0.5198027417080164,0.5040232178712137,0.5587865401438988,0.6101443143343893,0.5376877842487676,0.622339287320062,0.5946871989747365,0.5123553995612687,0.5265863421313113,0.5525293406972,0.5751911938644283,0.5063403456870913,0.482416371603436,0.5510805122537941,0.5224251565515696,0.473133658787232,0.5193340466045416,0.6231460161775171,0.647762406517758,0.5288949850879596,0.5178619757850293,0.6675476363113175,0.5792617292613541,0.5310804310822899,0.5679917396641403,0.6317831304377405,0.5908330593264575,0.598292123354502,0.4937999640404178,0.48646088760646716,0.5334955744573515,0.5630206321462058,0.48821416458750355,0.5771359038407449,0.49563566460486985,0.5559716982191565,0.48525603543814716,0.4811709400914614,0.4971522817482985,0.5114043368995786,0.5374737711202413,0.593537844467974,0.49520245848730304,0.6174987502536174,0.5458621007377729,0.5518576452887172,0.4936076833414507,0.5234966095780529,0.5541150201414298,0.574472783810236,0.5165083716417875,0.6490387933402735,0.5463317509997591,0.4603303073425637,0.4767941999665607,0.5744040890827865,0.5449946194434212,0.5331704529797513,0.5512454151801244,0.5520503937065672,0.5367540593226783,0.48547607403120513,0.5243932039745798,0.5513101324829671,0.4822938305994281,0.5395416412080147,0.7070873545985509,0.5624812394128593,0.5137409656694536,0.5829330976896987,0.5166841308014574,0.497213512634535,0.5793924444465842,0.5454390785246191,0.541183095471475,0.5609608121661165,0.5017330772392004,0.529590494398116,0.6087275837268609,0.5163123324904761,0.5323386529325554,0.6073070630032303,0.6765692572390696,0.5371364699458689,0.5506278920076153,0.44603569750413435,0.5399267841245526,0.510198511064244,0.5400194543821274,0.5625063753072972,0.5642580689031219,0.6038551656168806,0.49569203240407145,0.5935681263068472,0.49718373759336565,0.4575260859004254,0.5034199709803754,0.5646391544607593,0.5312018938695043,0.6053890170716716
0.5397148379527313,0.6930143303802717,0.6412984350288387,0.5315302176442926,0.5424965837783803,0.6320044206721674,0.559561383294371,0.5999896364922438,0.5118183602615928,0.0,0.5783952409373934,0.6632682653184794,0.6049558531132685,0.5014236047063266,0.5788345869424376,0.6135644131565715,0.5646698685226215,0.5406262027292674,0.5661547538181446,0.5696203048307167,0.5778878374358077,0.6328411465354831,0.5372425861688049,0.5747113233309323,0.7002548398581145,0.4830173743997016,0.545455978996398,0.5116529289024631,0.6245923864002514,0.5198261746542521,0.5922250591718181,0.6008815508359795,0.5579715369121312,0.5139732459093894,0.5362547534283291,0.5295486579803144,0.5939008040552308,0.519858445100077,0.5627298039375426,0.5519454314116982,0.5321991944765958,0.5669831524856311,0.5438015502101805,0.5418196729848012,0.5953325124877593,0.5406470858557983,0.5417721783215775,0.5784586974218355,0.560468082296605,0.5160270620591727,0.5245900205292238,0.499788419683848,0.49825798531606086,0.5780694377230698,0.5503959480852546,0.5317827418995962,0.513344528322489,0.6045521550021278,0.5567282132786876,0.5261746941525846,0.5667433094381025,0.4524837003711461,0.49214424465529566,0.4922679204547325,0.48043010982202566,0.48662920046388247,0.5314900465603479,0.5506965749043855,0.5321992784658024,0.5799125285748107,0.509444302662161,0.4923368640392883,0.4711217476636592,0.5721625976489969,0.5626095249823166,0.5092143512083359,0.5227321435511045,0.6036506075166724,0.4912410406337709,0.4698087176432969,0.5261236691695396,0.506903116235195,0.6022934741994125,0.5170657253446606,0.4814256023084241,0.5560429345597864,0.541009229811943,0.5121663662094119,0.5612340465696024,0.5064361265031181,0.5139298744705852,0.547735003295689,0.5575689721909685,0.47828766600451383,0.48425318079294016,0.6599772027271318,0.477182974900337,0.5645991210860007,0.4409917747393916,0.5331064422257614,0.5055241804517252,0.5340465827244331,0.483091260005633,0.6489812147558308,0.48801261803959595,0.5428170067854962,0.5351567788325726,0.6341652720281472,0.5672259840575535,0.6553786340882017,0.5573173661756241,0.47459118119790683,0.5166668283968772,0.5368331714502177,0.48224481974895694,0.5269917438500207,0.5555108271304365,0.5910060872895816,0.5514282750767808,0.4771589568967516,0.4896090379420535,0.48219196453722774,0.5040659823051755,0.5610227591609025,0.4723994334878379,0.6556945452398231,0.4670802738694096,0.5657225182738277,0.5884900923857553,0.5267959413336287,0.548500450893712,0.5334291805042928,0.4788873649333881,0.48000139977214884,0.5777166435408384,0.4849070954883051,0.5907024653882227,0.5275388990072337,0.6222970748769049,0.571962055021445,0.5471294359991553,0.5492833320756028,0.5478586923764183,0.5069905295102723,0.5670851344349838,0.5318318465763813,0.5428276763031179,0.613349888005737,0.7304416444961628,0.45063790375475055,0.5050114452333387,0.5588917913861856,0.5430883790419184,0.6150898335553229,0.6305072687781591,0.5657686940087528,0.5168520468038619,0.6059007177531549,0.4991590817921926,0.46030525026345814,0.5420746103250669,0.5140889796183659,0.496792533167938,0.5113233517649671
0.6280843052100341,0.5887811586443167,0.565059744774902,0.6306677634571226,0.6257993372089251,0.602169420355411,0.580636375588866,0.5746476984617984,0.5120389078031067,0.5783952409373934,0.0,0.5891919950826296,0.6707384148498284,0.56844806547275,0.5866895415905905,0.736894112215893,0.7165630125850109,0.6473311785958088,0.6654989555879981,0.6430902486757057,0.634750618309443,0.6297903917289399,0.5865249236344332,0.57712727949102,0.6421184663692582,0.5310557260080385,0.6107789570334483,0.6505238260116497,0.5942811529179783,0.5467668824050432,0.5718722374309049,0.6819195437279356,0.581738995269846,0.546726111741721,0.616254551254131,0.5684511633754651,0.6321042524941003,0.6025243534965194,0.6205915490645685,0.6234696655020728,0.5618406746685741,0.5525228033183064,0.6269691636980693,0.6019842196185534,0.5824569248578055,0.5759191427985016,0.494998707177529,0.6510485907831103,0.6548980374454441,0.6124639096435825,0.6392945222791864,0.5486190931122932,0.5865404850052932,0.6457742683295253,0.6528461808664873,0.4737144925640555,0.6447504727399468,0.6910846117478728,0.6262547989226717,0.6141879544467483,0.6503202987597072,0.4929181299646349,0.5898064366403275,0.5263242781676665,0.5451435040669177,0.5530747084095397,0.5663267087522872,0.5377453255522163,0.6121468556126449,0.6502775065253648,0.5439452968584634,0.564067377377006,0.5548725958572629,0.6846117471528412,0.6723151078098567,0.5578522526303954,0.6476792780539689,0.6255276178209574,0.5353621146019643,0.5351563952709592,0.5393871972128603,0.5437262945613147,0.5449438644098682,0.570853815188843,0.5613332049545193,0.5490947109309143,0.6048112503474432,0.6064445486677863,0.5928903803808571,0.46094333310899394,0.6303706327514914,0.5311115531866939,0.7237476247679939,0.5782846793060898,0.5585381195766348,0.5399659738163748,0.50853665953789,0.5096971346529526,0.4825299524490699,0.5624252446615848,0.5701159413005557,0.6002210710731255,0.5260009059017569,0.5272939539697885,0.5710330992977882,0.5537038071038772,0.5971433663355135,0.5969867308922664,0.5854371665328318,0.5734263899999267,0.6408637351274188,0.5482665505309902,0.5774899576397889,0.6347411942112703,0.5669793427715204,0.5676827359693439,0.6090464448327483,0.6515836833231645,0.5903811532146416,0.5129067906203554,0.5854640656202488,0.5287344562183417,0.551193676709152,0.605221323428881,0.5314872278874954,0.6148057199330493,0.5125474982509578,0.5411770400398722,0.5827177487129828,0.5604448781681298,0.4992375355737105,0.5890858850211866,0.5920266485250505,0.5471748351964365,0.6039523432195429,0.5328326303203919,0.5456315364827508,0.5808065738801942,0.6400003920480228,0.6314134372894412,0.5839278758643727,0.6068176481871089,0.59401765548319,0.5563040111157463,0.6053717499054964,0.5311996443814978,0.5156392279368028,0.5948028692464761,0.587186213476639,0.4758124152789026,0.6015431274851895,0.6332051065401118,0.7384130102824015,0.49544160279692406,0.5911055678004469,0.5727490892468332,0.6038581485767665,0.565853287045512,0.5940042784134649,0.5784172712527251,0.5283511524550242,0.5823506831704028,0.5035863480960003,0.6342002954154249
0.5742206798143781,0.6795366362278087,0.5598842275999747,0.5473036831033519,0.553757374638837,0.6513043588232623,0.61385845246862,0.621602976978595,0.5256213799439221,0.6632682653184794,0.5891919950826296,0.0,0.6180362950066578,0.4824361118982086,0.6217992267121915,0.6247572871173925,0.5653570523767785,0.5376699687390754,0.6460859281993967,0.5939826600298864,0.5847552805752306,0.5905729050415369,0.5856178409242654,0.6437212301336003,0.7216920654796745,0.49250915456512107,0.5510984638799804,0.540109486382985,0.5599079040450893,0.5739483999541006,0.6723216267827974,0.6345132977600354,0.5748829295601403,0.59468463538161,0.5489570597562918,0.519818353835513,0.640893975088305,0.5076574937452875,0.6228623604028761,0.5639780206670841,0.5285245213193529,0.5561964931544495,0.5613347632008288,0.5623590918007721,0.6333300522785151,0.5784614625635909,0.5428892406941375,0.5849215225880934,0.6017831784900112,0.5197447843303241,0.5540837520049032,0.5133038866360944,0.4974620403086618,0.5875387481854989,0.5642838111607434,0.5346160388343637,0.5457334159476506,0.633759431462037,0.5300056877174807,0.5584672182341567,0.5763602491867154,0.45380202007251635,0.49433631954164453,0.4647164182836511,0.48557000679511686,0.49795549652591925,0.5387251452609063,0.5451878793975867,0.4872719709718297,0.5811950983328326,0.5181231792649352,0.490952835452095,0.46223754337154815,0.5850546923105112,0.54785007474076,0.5481955671747171,0.5575577222778346,0.6255332006987543,0.5101081273212582,0.4922081980645216,0.5034679124960368,0.5226251783950306,0.6371228306846527,0.5009599850788808,0.4870925058242146,0.5591744813426084,0.560181428931202,0.520660278259211,0.606029494739754,0.5347782178037994,0.5212751995007987,0.5742868901650834,0.5730099464988251,0.5171256634358324,0.47421705622592064,0.6452107225956457,0.47641401641351827,0.5621918747005075,0.43720486771244516,0.5608903393504653,0.5187146795096877,0.5575901458036171,0.4869231481408659,0.5961378962956322,0.4909443919158263,0.563187481849336,0.5415758041918329,0.610958867424696,0.5756345118151466,0.6952573376145993,0.620571644056393,0.476663186468593,0.514805435451866,0.5228477800593921,0.4976291429331317,0.5557266847925351,0.5785411439588216,0.6043951612943079,0.5176580533956369,0.4673539012273626,0.5000044633293065,0.4842468202834566,0.512535972565864,0.6220556563519563,0.46898264778728294,0.682712748737148,0.46401922261603273,0.6353816817889565,0.5592077040103224,0.5080808855627749,0.534223681011861,0.5179010088557336,0.49933370016986506,0.49143113537750516,0.5776087039753498,0.4766553330618513,0.6709148176566644,0.5414445753076187,0.5893088729929125,0.6138424248899049,0.5287044334543488,0.5332440119978682,0.5686921979305832,0.4821134450037801,0.5626273511506289,0.550352409780326,0.5623037548234757,0.6051068115098299,0.6429162116245428,0.43295096850828674,0.5530639366328944,0.5490246552092649,0.5595601628799638,0.576450557851183,0.642440847251772,0.5880242890067173,0.5706064108856098,0.6525788448878307,0.5089379164431652,0.48660191157476135,0.4958998113374149,0.5264123172085666,0.4793462191237052,0.5382884482508374
