0,1,2,3,4,5,6,7,8,9,10,11,12,13,14,15,16,17,18,19,20,21,22,23,24,25,26,27,28,29,30,31,32,33,34,35,36,37,38,39,40,41,42,43,44,45,46,47,48,49,50,51,52,53,54,55,56,57,58,59,60,61,62,63,64,65,66,67,68,69,70,71,72,73,74,75,76,77,78,79,80,81,82,83,84,85,86,87,88,89,90,91,92,93,94,95,96,97,98,99,100,101,102,103,104,105,106,107,108,109,110,111,112,113,114,115,116,117,118,119,120,121,122,123,124,125,126,127,128,129,130,131,132,133,134,135,136,137,138,139,140,141,142,143,144,145,146,147,148,149,150,151,152,153,154,155,156,157,158,159,160,161,162,163
0.0,0.3510501539994991,0.31834421678389113,0.2764558456174634,0.2713191672112493,0.33827504234224925,0.2659963982127532,0.36140649203432756,0.36450381121144204,0.34331231090933734,0.33769213285790367,0.2774474348697947,0.4600124630900169,0.3168910160350895,0.3096178707721052,0.35102601135806866,0.379208699816525,0.4507300512962536,0.3296930376180973,0.44827330328352955,0.3516560285294373,0.3261611742925749,0.3102900419069427,0.2887370233814262,0.3991788290351606,0.2717261543695019,0.2552901587910434,0.36015414203689927,0.27897875444748554,0.28511123481194506,0.33132985765562584,0.39280062481372297,0.2682659364703813,0.2919571251066327,0.42510349543031534,0.30291900359460994,0.38815471573709465,0.38953293365390473,0.2585986178377108,0.3509107974803733,0.28666693221356754,0.35548928190117546,0.3507171226646007,0.32047388196274007,0.32538020172386667,0.35418466873049764,0.29563739291781843,0.30809879173752336,0.38853845681499705,0.39965504927043666,0.374288418215381,0.3611563384535587,0.30502296398802325,0.2937370874555053,0.3029987651394083,0.3828944679951831,0.4676929821522451,0.30933578299756703,0.33474153751675106,0.3532516349645314,0.3496284575897859,0.2839372590665878,0.3843068702087556,0.2796839152746214,0.329028962858523,0.362623732223127,0.31494734475422226,0.34481116330270706,0.3118151309659841,0.4077186074445333,0.42317415201323677,0.3393557287836174,0.38816875489962566,0.374784853705439,0.4004137052289522,0.34673339304178574,0.2811499590218742,0.2633302611179316,0.335229580435105,0.2758452311848386,0.3511136266199165,0.3606275400513438,0.3389449419232361,0.39728976928812404,0.3737848424316214,0.41007417820345976,0.35707544876821395,0.356416157579467,0.3765094481367127,0.3042355340336491,0.36195259934941554,0.2818923022551702,0.36623978407273616,0.38909901635623084,0.3837937932569779,0.2882552733613993,0.258463817106126,0.29347176846916284,0.276992413595084,0.366750473098774,0.29000012926833213,0.2969074479971713,0.26864975321183776,0.258011765246327,0.41624360735149607,0.3420063957138405,0.34048185723334823,0.3884910319959108,0.32163365607353506,0.314633553485688,0.30471040009079736,0.3597383382112588,0.395978663288649,0.3002251546417756,0.3689994234586245,0.38433515150592384,0.37479917263132545,0.3393854481091426,0.3159598517901825,0.3054989205636784,0.3195106254307002,0.2907724633633237,0.3709827710462814,0.36442676865559476,0.33799445975037673,0.2871595329588708,0.29648645095330667,0.25115876892277356,0.30920752106710503,0.33897407699512877,0.3246187839007893,0.335621923162852,0.30885070641508894,0.33892114562527603,0.31829851458601954,0.3317197900749846,0.33459331020652644,0.33420427191883945,0.2973035116079261,0.3407954390074021,0.26542244764145967,0.3307692744376793,0.3719250301458501,0.3044666960105559,0.3339578906195745,0.31968710119889115,0.32678285611116215,0.27735604154590937,0.39072420347500314,0.22828590679417554,0.3968200752936543,0.32519350525579366,0.32315433355411344,0.25021495854118914,0.322253175993448,0.36164477733803396,0.32407492409347194,0.3183231189173718,0.29332681187855714,0.38626201219640277,0.2990376194827668,0.40595404926708917,0.2599929590937587,0.42774318755041785
0.3510501539994991,0.0,0.3434810737209031,0.3302742679626147,0.2504497900430425,0.3981600631305914,0.30617350931047926,0.43572614974707724,0.3050728070793025,0.47075976462679603,0.3264142813842559,0.32323017108883134,0.3722344523599701,0.3395510008036056,0.36516959302746976,0.31693395555977194,0.3345253976968087,0.318288243137844,0.36394998396673606,0.34204214764806096,0.3384664735972792,0.39252822671308074,0.3108370872272337,0.31242296218933835,0.39157216120458105,0.2700427444500436,0.2511118639939145,0.34114086043515723,0.40035201764384354,0.24470653330290068,0.3856345421001304,0.37533631094151565,0.3579389382981199,0.2896405264525487,0.3709524728357536,0.3649134486592903,0.3303715538989917,0.34748837435343144,0.326000745068118,0.34554817385833864,0.37442183718601896,0.31048584219086317,0.2780761829853856,0.3105155440145828,0.38839755053949315,0.30253987974936764,0.27194927318025397,0.2963774513066182,0.3678517251255858,0.3354247339697212,0.35242605760340084,0.3262055610225307,0.31776726933427635,0.4168577302328288,0.39524938332370135,0.3868834932649154,0.3547030604135079,0.2897682703248942,0.36027742878557567,0.37145488687594214,0.428578621314221,0.25645572403886063,0.30594848841959477,0.26218111755748075,0.2892380951360351,0.28679368946796163,0.31526556797659416,0.30088261653417864,0.2733005667465042,0.36793840858922156,0.34632806103943975,0.3468644425201734,0.2810688938919738,0.39248109618194127,0.365149471418586,0.28768198544636703,0.2991412541294921,0.3258591445246172,0.2991047643480947,0.2596951948313438,0.3186213880692683,0.34331132002495524,0.39451020521560337,0.3608506551028764,0.32025349002336045,0.4557276908998289,0.3083562630379065,0.3025463668607303,0.3276338876858709,0.33718652195708776,0.2773848797484091,0.30258595330233157,0.3860936351572938,0.32976376548649694,0.35484186564002196,0.36949820049137694,0.29033966874178463,0.3124084267360543,0.2629645637631217,0.3830657731209498,0.331537931711732,0.28121388358895194,0.2319486535673093,0.28740970112296943,0.33007815182143446,0.30499979901500623,0.30645517359593605,0.3794773067130028,0.3195906080520611,0.33171493665592583,0.3007487171251756,0.29747098505979763,0.3570775380157211,0.27441118998205577,0.36287699422387976,0.3977421020330529,0.3464380340061038,0.2914085846577506,0.32984821871607234,0.2869888233900355,0.30861756067702717,0.30677559201524274,0.31465303005658524,0.3800261488501668,0.3159733891995402,0.4087535155946752,0.30280732382008313,0.3102924458000769,0.4099021681391951,0.3396282563863936,0.3251252651501516,0.31368076366860237,0.2984898000208348,0.3598946320862008,0.33418362445066274,0.2964801094341608,0.3073066915473171,0.3602138871105514,0.3209966809944152,0.3170783062486071,0.3086651783249362,0.33015937657566224,0.3946516096614466,0.3080520188128123,0.3401192302820344,0.2812348550134045,0.3623015134395829,0.31306145344931385,0.409461248871324,0.23064465089624286,0.32597980146095007,0.3576098460108581,0.29008200479693974,0.30250692639705756,0.32614015355463993,0.34335194878309255,0.31852343553407736,0.3563022320414701,0.3163379691460108,0.3362559702248826,0.3331284149266939,0.38171537734043176,0.2587532116385376,0.31892797380097626
0.31834421678389113,0.3434810737209031,0.0,0.26564300045376615,0.31838886386916365,0.30671350223490534,0.27293079001299214,0.33158731838421995,0.28208643147378015,0.38963403805424573,0.37307487267481065,0.29610648720107086,0.34975133048622375,0.2837484198749775,0.2951671253074176,0.42749218473883416,0.39840148354018873,0.3322558817876557,0.27825425815171106,0.27470812003434963,0.379546465304418,0.47393080930760595,0.27127797870593473,0.3146064498044081,0.3041496585202476,0.2890604479066036,0.24315904078771228,0.3058069015392806,0.31351309796594595,0.3004860982964744,0.2682907852157272,0.32769807797750095,0.25035525332856506,0.23316387966175603,0.2799790199286087,0.28677720409997387,0.3158594680469383,0.321468727597841,0.2853716652153914,0.3284264011579894,0.28238155889214117,0.33116991417571107,0.2990903993076379,0.2894787410300199,0.30892690025848757,0.27369950361572193,0.2812582630042234,0.32123661385339836,0.33094027238155793,0.3036097545505625,0.32908222843088997,0.3123267317785472,0.23706963988289553,0.3383360431374448,0.3244077452452333,0.2683725469270417,0.30522594867342223,0.333877670215227,0.30348150842084454,0.28546717532299304,0.29805779764795604,0.2243001726888718,0.326003617247107,0.24953292027374907,0.24906128759671767,0.25028513042538686,0.2545648908456433,0.3247590245994068,0.3002645413008377,0.34800085197680797,0.3263767759392209,0.2624038980223768,0.274551750491543,0.4316080886852426,0.33315306910968234,0.21886092937005053,0.32283970134367157,0.3146155594941208,0.24578997314378045,0.2338390144884278,0.2800377249078347,0.2918564681328997,0.36466428707869286,0.28520421222150394,0.27419665749161093,0.35283039321317444,0.2511457118324684,0.25167660199262404,0.2612344621094433,0.2426905024896172,0.3286339999835359,0.2254875683595135,0.34921588676003756,0.24025548939342287,0.3081477478116271,0.2772811717257674,0.22461237734361647,0.24678272682617045,0.22374677107765228,0.28359739248180177,0.2363647138731949,0.2790356408681202,0.21080860211923808,0.2581113421967082,0.28154589019908655,0.31512085867595985,0.2802297195581279,0.31709999808752665,0.2840450864953765,0.33154883945886887,0.2828839533268601,0.2604422028620061,0.2678036281346316,0.25559216085374054,0.26485511918271587,0.378677932311002,0.242779962925377,0.34895334637877073,0.31624308120473704,0.25277690418315857,0.3285364688714032,0.23730190207648155,0.24822847291628652,0.33071610350212766,0.23028864012183145,0.32245382542278717,0.25353748838787593,0.30196289761219897,0.31382555292901854,0.2834375613815765,0.2877005770690278,0.4011636893262909,0.23076573721789695,0.25176639294487235,0.28680638650646295,0.248047068720737,0.26196991183621365,0.28119250697149417,0.2963689628099702,0.2787527926717233,0.2246428489626481,0.2947804203190054,0.2959440482676153,0.2803602497727461,0.29027010806600273,0.23434649749235406,0.34916649514884573,0.2853942671931858,0.34942585114016295,0.22028853252400504,0.2514714001056831,0.24111755132717258,0.3035924884597962,0.31822742697689527,0.28968477557803585,0.28188336702906763,0.30995714854746714,0.3548545111163381,0.22006319907886265,0.3013090934073522,0.28004922497360807,0.2436597319606756,0.22709688008914866,0.3455887528563764
0.2764558456174634,0.3302742679626147,0.26564300045376615,0.0,0.25494328539476196,0.26937613026273244,0.3797185889259897,0.32525697473366344,0.26106714796031694,0.31949530302301327,0.287827377638366,0.31334792420035806,0.27621950472486795,0.2764443994317371,0.35292588792088975,0.24930726748437196,0.27602286103792784,0.2907217032806471,0.31070458920611654,0.25725365265494093,0.3197449431750712,0.2891740576082398,0.33667816091472136,0.27991777605075446,0.3264238470548333,0.28605440479870464,0.2728433213928573,0.2818565700429791,0.28121836085649443,0.21709576090643323,0.30508585166957686,0.2634278157077069,0.4234800635832819,0.28997976003218146,0.30780371147962066,0.3386633614621967,0.2989991584956414,0.29877771662684105,0.29556939706696056,0.35203900005364824,0.3343853183565639,0.28188113277691434,0.2617079946077651,0.3136218518365355,0.3148868501096256,0.28182273835654587,0.21825515720902844,0.2625640718002571,0.3420879757146949,0.2832891545650707,0.34810038388716813,0.3062455251632334,0.26633030388755313,0.38929561289626824,0.3464610051939228,0.2866234547991848,0.30837935826946233,0.2897241287431846,0.31316727126826965,0.31732911648542916,0.31871579180233095,0.23234643021011858,0.2833213185572683,0.24522983843120613,0.28285659311835043,0.26299266810784,0.333095802151179,0.24853126469799727,0.25341952722678107,0.3062507340523991,0.2850787754994135,0.2877229507283496,0.2738679105457217,0.3725805840600586,0.273146297142108,0.2337726157254294,0.32603519171271483,0.31073652142773056,0.26811816914953496,0.20450535210136095,0.25117951689143575,0.37185319187391336,0.27828044346835284,0.2666460885080192,0.3409267736059165,0.31815980866419746,0.3101856042504524,0.29776746553685085,0.2880570414164119,0.2814198422692023,0.30564378677442305,0.3216007435685259,0.2872455809765832,0.2584573665250101,0.3537418166022506,0.306219941491817,0.23712259353632067,0.311840027947876,0.26338971184664006,0.3194017983966632,0.27854436333009425,0.2899160722769208,0.32524502185760545,0.3072096695716842,0.29434971588037184,0.26621146555591013,0.2774792753620948,0.29593170385032275,0.2927307487122253,0.2666095892083803,0.33411832411563497,0.31806341768261553,0.32300460065834513,0.2874360666065251,0.2966277252015979,0.287120496242989,0.2815016905037305,0.2566342609681346,0.3186275240671963,0.29281271709552414,0.2875640563268157,0.33759715828261244,0.27050298100522663,0.3018926506332703,0.2554390051233572,0.2873708066562252,0.28595256867564184,0.28383175930618737,0.31755561299939006,0.32459022510736973,0.2432954047922913,0.26726366777355304,0.27286161520481245,0.31504036941065666,0.2927091614072647,0.23643909478211628,0.21322143001948962,0.34449597645938346,0.31974676798906043,0.30281383438340925,0.34190153703953197,0.2618809712686538,0.37454385138507623,0.30839097956904155,0.29124465464282634,0.3038335716684711,0.3203986760693234,0.2587014586622693,0.2774964879263387,0.2005972230258241,0.32703459691682113,0.30267016919458967,0.2937596929790823,0.2695429570324267,0.3404380752965245,0.30869289650837,0.2787202543074544,0.3102582343274633,0.3878408935487804,0.29298744113208647,0.28578570774439527,0.2820581089634606,0.2824222882587699,0.2974778713192471
0.2713191672112493,0.2504497900430425,0.31838886386916365,0.25494328539476196,0.0,0.23486596774198165,0.302821908912697,0.2552701777023,0.2569976675134062,0.2700387135584506,0.32919288976561983,0.2674271706478284,0.2531362230466896,0.24300495625442267,0.265335115139327,0.31169463322798135,0.30921068141976116,0.2830624563720686,0.23397476269037268,0.22624484003198225,0.3071821288997358,0.30629126288956005,0.3210480033326492,0.2577365850605868,0.2629012359056152,0.27543059932180175,0.2614860594716471,0.24577600816903025,0.23900920537096582,0.3066918920826449,0.24938321450436002,0.24509021509199572,0.22243232416217146,0.23426787608362848,0.27860250651065105,0.2885570366295384,0.2807538830673605,0.28274309743153453,0.26830283650377446,0.26565730851144775,0.2561241958211108,0.3441535107136502,0.2684757502753395,0.2806710450071531,0.23197098082295847,0.23399800716855718,0.27640769443034874,0.2918750008164709,0.3042276406618751,0.27513334359798125,0.3035966922997012,0.2568224728867406,0.22740999999603437,0.2582283180616619,0.2760749156090605,0.24836864478481885,0.25119674510724005,0.3536630043193924,0.24905911628396243,0.24788693090400865,0.21864962103402158,0.21713500278984912,0.2660367769440207,0.2534977042734419,0.2269212204046848,0.20161439464759273,0.23175028785744864,0.26656980635563765,0.2503110763711386,0.29956506100709474,0.26548049377300287,0.23617697037441157,0.24934332119179656,0.2943360479935784,0.24879665857291228,0.1973806772331173,0.28958167930786327,0.39076009442594156,0.22074057219830845,0.22082825801021977,0.24411370333937385,0.2743443324469118,0.3037539096249155,0.222866202045919,0.25843225994779306,0.25885233989111966,0.24750962271965327,0.24738556796784075,0.22768077697338224,0.23223027168055038,0.4138456883113333,0.2512416971112935,0.3290925749899534,0.20241492735287156,0.2851381755797763,0.24122571699229786,0.18533320002461545,0.22974200565761974,0.2470148020661139,0.2275672116359537,0.21967321937188736,0.24564908828838275,0.24351176847836367,0.2198151454322576,0.24897815074171387,0.26099986142290066,0.23470325305484502,0.29949074682159255,0.2597588601552073,0.260699644131441,0.27694165867889614,0.29128727087903866,0.23932743990932573,0.2890675726739338,0.2297594483048795,0.2860559565819226,0.22326704458924068,0.26904493057676143,0.2531208179907581,0.2795982124093432,0.3281465505960068,0.2560148723940764,0.2240386899711121,0.29857509140621835,0.22436297302875846,0.23270611448502862,0.24139930176429897,0.26984167090034145,0.2409085635770037,0.23947280280474986,0.2502811921247712,0.2813885104172864,0.21478098954593278,0.2628258589206557,0.23238820543076655,0.22758853107562502,0.22235891588078482,0.27110781290974517,0.24488302711721913,0.28191783663086634,0.19504235790883118,0.2679037059403256,0.2801045979605078,0.2851950543633407,0.2821052168793378,0.2555584491419837,0.31463312587677694,0.24748114326761753,0.24745853961262024,0.21708762771826418,0.24030326537934532,0.23556745177834024,0.29864522788918113,0.2711861037738925,0.2740405370631292,0.2529164120999973,0.23036096598066047,0.31025656234615356,0.2132026995556133,0.2665380026419471,0.2263710433046273,0.23313900226902715,0.2439680947805117,0.3537744172964111
0.33827504234224925,0.3981600631305914,0.30671350223490534,0.26937613026273244,0.23486596774198165,0.0,0.2684530904386537,0.3258343852861425,0.2811311628168383,0.3061031892713655,0.31990310490774454,0.3454815033266234,0.3570199352815842,0.24388067923826853,0.3048588801214237,0.31929685307249844,0.3111186129869348,0.246323740058055,0.35307652768148107,0.3152493050942813,0.34207128354250793,0.31920410731219334,0.22462249075785207,0.2683067374935285,0.3434084116143024,0.24183236840380276,0.19926194556475554,0.2605647136599691,0.3154298751783326,0.2625195264563028,0.32395991373899174,0.4008867748845832,0.3071320078898723,0.2504263900857507,0.3065817682772445,0.28232086880324947,0.3254472642980453,0.28177375965413737,0.2825055524038368,0.2626864568037716,0.3134506530147223,0.3064789795951586,0.29391066087105006,0.36010292803953103,0.2719784522377744,0.25125861070393163,0.2705024398992055,0.31187121769778225,0.2663036600358455,0.3099130031632819,0.3301755826272288,0.3795106975395371,0.2583915660532393,0.35147582942858074,0.308165615514989,0.355969824928028,0.3247313656130926,0.3539587132809647,0.2570895356321811,0.2749692118276717,0.36059826047893123,0.26542771325375275,0.364677058310682,0.21839945340892614,0.2623507447710911,0.2613921665972929,0.2540733076032261,0.318313106282851,0.22523074886967015,0.2998813967532133,0.3393184675804385,0.2538008758865622,0.27801385979017296,0.3191008322968795,0.3267595935859121,0.26231724393779166,0.276635835215681,0.2711323564789175,0.24854675747576743,0.30874517841005383,0.3724847617773144,0.2999309713920584,0.3420841054861702,0.3192919766230753,0.2895031089439956,0.32111559642203774,0.3243475962146043,0.26535688217325376,0.2838278185998378,0.2680245253305564,0.28814145803115176,0.2979636092801436,0.34457873849218273,0.28857748395992444,0.27761939496189236,0.3509457224473883,0.2794521825459366,0.30903604338524343,0.24020536404645196,0.28126699600494337,0.25846068945995543,0.2593155188296804,0.23354176265645393,0.25310082456391536,0.31359927726840886,0.3044457000737283,0.29451830911999743,0.2905988747065212,0.25828243012677743,0.3250589132389465,0.32282079332544167,0.25756872195050584,0.3559080865341365,0.24758870196380564,0.277535004835558,0.3213000566585224,0.31859030891754714,0.2633636064858651,0.37626502937036027,0.2538132766091407,0.2796705144239736,0.2831984982012053,0.3120506031811298,0.345229509104556,0.31409949425366607,0.34829936814203144,0.27697916225322416,0.26590441354046496,0.3135657898700193,0.2536502114936343,0.2926940536673186,0.37509038123805793,0.2691496501153259,0.31111468281833016,0.2948449093195626,0.28466843081821314,0.31252033567551907,0.2609673966583645,0.23742491014319847,0.27190502990499515,0.27312126409079246,0.3192730498701406,0.29373999409541496,0.2815329637874242,0.3025934875466798,0.2575557763391231,0.361064894477985,0.2806054367512014,0.3191175435750806,0.2151421726518682,0.2947189896519569,0.3104950360464772,0.2356831433275866,0.25026651491663665,0.3248100151219774,0.2899163257114182,0.28756144416036905,0.3473301454971462,0.26906421595594326,0.32350777038314754,0.24705216147426265,0.3577185911150182,0.2338124032675581,0.3088950079688596
0.2659963982127532,0.30617350931047926,0.27293079001299214,0.3797185889259897,0.302821908912697,0.2684530904386537,0.0,0.2766167057150939,0.2439292742083176,0.30941173567530184,0.296119802708013,0.3561310276143079,0.287576622778022,0.26622623172381293,0.41617763958511383,0.258024040838701,0.2736667334267883,0.2721400845983,0.28526694504509026,0.2266433369168754,0.3228379194476586,0.30992442761173505,0.3689300350207717,0.32740507607799557,0.31447491500849284,0.33195760436134475,0.25202741805106516,0.2475660572395968,0.29463794312779285,0.24658758861784563,0.3114561743389176,0.2797185842730845,0.354010193351702,0.30184689691261524,0.28059447473132526,0.3026158840064671,0.35120884489606646,0.26507475101320993,0.33564898466034215,0.35847598846352785,0.36316096790987534,0.30085637239474633,0.3127813973183201,0.3608304249705845,0.31653763884361885,0.29438594567634907,0.2823434418998903,0.2970174790071974,0.39635353322121036,0.26806930114975464,0.38036001525622676,0.2941288610479645,0.2340942378311061,0.38908513710008524,0.37404492591574956,0.3015234740252772,0.27383417974367635,0.30005362646142475,0.31024632977833994,0.2739014856643262,0.2605689862072699,0.24465785961319472,0.2623094176807062,0.2493473263581919,0.2665974840478508,0.23662071586066002,0.3312048084205279,0.3236439189602591,0.2462492659411135,0.2779711348863063,0.32593226850869067,0.26512672349354194,0.24327784513504075,0.3631472111251676,0.22592681405885937,0.24207917430552714,0.3880665895652291,0.38276685078685296,0.2602745238845446,0.23281859858052706,0.28562148303242485,0.32886292463197053,0.3220032270558896,0.23070047962039858,0.28298970943808505,0.28517995102511223,0.27124193595034063,0.28259170131100914,0.2711017229933355,0.28838537878972237,0.33492545867406537,0.36167402028864937,0.3160744066448699,0.24723654808823095,0.3107592769902487,0.35622135185663506,0.2190044470429197,0.3194457617821714,0.25730623719910845,0.31576008854332555,0.2861988735027,0.3099079290987166,0.3261230135925377,0.28656299958351034,0.2512491165749401,0.2971556185399443,0.2710156796676694,0.2852409703600334,0.34795806241571076,0.3139763814745501,0.4104338386505245,0.2916000962753864,0.28061331220809993,0.2518500881822822,0.271399502446986,0.28937645817841245,0.2574360476000142,0.29106545770550607,0.3103607460611335,0.26109876161998774,0.29939987303930243,0.29944788661268346,0.24551072185672584,0.36783721241706585,0.2414034301861162,0.3432381241146181,0.2567231872694082,0.34538345303015144,0.29042605652039555,0.3133618919809802,0.23080282425570142,0.24989341173952304,0.23585322525964872,0.2649424600285744,0.2709585201140648,0.2747242521354399,0.2537248226937444,0.3662508656852783,0.2827447731240262,0.32482583088292033,0.2878021702277647,0.26603818933605283,0.3293227990581325,0.27615983034969216,0.3329611061619192,0.3337129632062422,0.33792728635182717,0.3208883132772572,0.26446035614161145,0.19369351713730373,0.2975210877193888,0.2871524577909212,0.26735001304251865,0.34893974894615737,0.39270066547714155,0.31471585953661313,0.2788090931929861,0.38286000078576765,0.30996733286503003,0.3183546338034513,0.2960611586948147,0.25715290079604486,0.2933163409484717,0.3120531475489145
0.36140649203432756,0.43572614974707724,0.33158731838421995,0.32525697473366344,0.2552701777023,0.3258343852861425,0.2766167057150939,0.0,0.36388815492112064,0.41111818675318546,0.30021523519775156,0.335672231260799,0.3578583119164263,0.30756897471334327,0.3321850218366591,0.34507725889351504,0.3705186485542382,0.33919939629801577,0.3713111796529762,0.3706445628216839,0.38466489012819877,0.31269689037907406,0.3123478157934629,0.2812398448562955,0.3945857624789818,0.2714503558755101,0.2871607228944507,0.36450089943635955,0.2854018767424393,0.27921953083176626,0.45308988348267815,0.3751827319127354,0.31531346614884637,0.3105025384325675,0.3856812585593588,0.404158147718859,0.3549271973708658,0.4297467458405049,0.3354113213851257,0.34728638836220593,0.34330777998727624,0.3054191862873357,0.33003231367522656,0.3073848637239177,0.43063717995311873,0.32881376058793516,0.2828271771145435,0.2916829577178908,0.38534590183463363,0.3637531356797223,0.3693205551106834,0.31917362216785977,0.31312278806768123,0.34600719225646065,0.36075916729452556,0.3505291647940318,0.38459053915615965,0.3473455929154037,0.39069988955721346,0.3652908176606894,0.44210617471748814,0.2654836827981761,0.33569147851885206,0.3074573463604361,0.29975567709434675,0.2980518909163214,0.31779072563375965,0.29397097114211385,0.3251089768921008,0.4676500132017968,0.3415852377344013,0.3748326627842031,0.31665375347589014,0.42043719275011115,0.4114734138557361,0.29641684978908317,0.32386284140400967,0.3005408286601319,0.366183823698023,0.23917535257011446,0.30839175340508207,0.3783145572153018,0.3742762560784386,0.38887601833962027,0.39840115910256046,0.5128640281538251,0.3940255109039065,0.3653508027333648,0.4167964584493156,0.32078511793367875,0.3068315359368059,0.32091661600948873,0.37733345254222417,0.3108626429177045,0.40830523538189833,0.32438815955278627,0.3171354946239991,0.3495927017523527,0.2874054491164735,0.39919196279546,0.3157055929361891,0.3545696594450161,0.2801548530944137,0.3300357610212,0.4200942651597843,0.34728372848498845,0.3525267228648975,0.3928152780156182,0.31821789874288103,0.3098835638625545,0.2943257038975866,0.35266095975374145,0.3626195559793214,0.33853733377424644,0.35329572903207807,0.35558303206525654,0.37423506097589854,0.31900490913756985,0.30510161100507766,0.31075397165420005,0.32380137517734003,0.39083435461234217,0.3075182790750108,0.3517093401071071,0.31777216316397894,0.32347138387974067,0.3158356878332236,0.32174611886998566,0.376703287457508,0.3421176565865723,0.38084221353632863,0.34390798647851356,0.33067290656753423,0.33123649267266697,0.34414136585610716,0.274208090673362,0.3047212444864815,0.34481894542061386,0.3559491230712045,0.37983580686083374,0.28767561987871954,0.3097972261930223,0.4401280513569556,0.3612984489829651,0.35459714650717317,0.3212101888507216,0.40218326722780273,0.3111588022628894,0.43566602954060285,0.24304099150890368,0.3876349174051606,0.3766135348427629,0.3188858955866102,0.2947836058149284,0.38363542105112763,0.37202814078271157,0.29684509134296944,0.35245819657658534,0.2844820484338635,0.34218400704059426,0.31689053732177,0.37972733958892874,0.3043287842791605,0.322609164283758
0.36450381121144204,0.3050728070793025,0.28208643147378015,0.26106714796031694,0.2569976675134062,0.2811311628168383,0.2439292742083176,0.36388815492112064,0.0,0.29451384577828615,0.27478884841195655,0.2600095060087357,0.2898063540870171,0.3570165155958748,0.25778808942563053,0.3143573881356404,0.3280010051504082,0.351353364419255,0.28592127381731053,0.3322596919848207,0.29503198855509755,0.33738174430116835,0.2618991588011343,0.22763777617257777,0.3110195396632711,0.23531988793333258,0.296140875990065,0.33053622709591857,0.24688376670789944,0.34340873461217564,0.359934094627401,0.32968948226662415,0.24310202883155724,0.254962713845531,0.35736916050468037,0.2787117146714906,0.2802945182444463,0.4106812237099134,0.2704527449654535,0.2767541010619191,0.24360958714227643,0.3822265348516671,0.2696593161417443,0.26026464840669533,0.30733087302545425,0.2637300628185842,0.2392783737248927,0.23163802321521107,0.30165541719827454,0.3042224883359931,0.287313062893278,0.2641784228657737,0.29753416664818955,0.26899588458132395,0.26827562324011783,0.37109092803213073,0.3323309204840304,0.31850309432278273,0.3053811648291348,0.2757043823920621,0.29720121466466987,0.28050206997372784,0.2855928839180247,0.29326475985603095,0.3028886413555499,0.27344416693691526,0.30515053366749545,0.2749611555902971,0.2957888240776662,0.38745881244040137,0.33373157434560446,0.32393309078336846,0.3939388700064381,0.3065285412581684,0.3850012856530883,0.2847866655308131,0.26419012013570214,0.24089068412821363,0.28317239245106846,0.2507195442717743,0.2806700785570572,0.3911759148567361,0.3237629462562343,0.29584822524626836,0.38042524889676216,0.37403097787518824,0.3413623280248115,0.35574786541098247,0.32022702355587,0.33345905825580197,0.3344405082995296,0.3332773548066787,0.29120662330371255,0.2823545069734683,0.4231776018712479,0.27612068852838034,0.309044095219411,0.3043333432620067,0.3500707280648156,0.29422258105595134,0.30129579519062255,0.2780722613097083,0.27485955270744455,0.24694621384696439,0.38545427957731737,0.27211558214151177,0.26185274885037285,0.3378323250837957,0.2498951299612548,0.24068160876652803,0.24349234283728324,0.3506802588156418,0.33105015845077385,0.4292890180567952,0.27607144633739483,0.3281190888687562,0.32101961742881024,0.2880475284999241,0.23900495808140135,0.36839997697909427,0.3078265038261014,0.325676722962772,0.3017843900588043,0.2910008865658503,0.43465620455362974,0.24258156807397457,0.3316453802669689,0.24797403058014228,0.2660468299713149,0.28365652434091915,0.493991222087893,0.35789690966548293,0.3202403550112756,0.38418176181777774,0.2738308656211732,0.2678743300485326,0.2535035643387944,0.2736081529641084,0.2916358137338509,0.334087446729828,0.2449176986354314,0.33636263740932276,0.3788596654313036,0.3926721924200884,0.29496599587129946,0.29467906669544514,0.3602057397218763,0.25614735164563923,0.3318718701101332,0.26353826021768456,0.3538969183556864,0.30874245616510027,0.30800808227705095,0.2459577634727685,0.28467126533024895,0.3309718241037798,0.26386816181478695,0.2797181500912863,0.279342409093325,0.33645156091619566,0.24865808415571825,0.3784901036799987,0.35005983947004077,0.33309197163492266
0.34331231090933734,0.47075976462679603,0.38963403805424573,0.31949530302301327,0.2700387135584506,0.3061031892713655,0.30941173567530184,0.41111818675318546,0.29451384577828615,0.0,0.30397601106686817,0.29722657716074474,0.3413778648735835,0.31248489371284077,0.33353313171306087,0.310063784283108,0.3243905960118199,0.361050301072689,0.33315743085310406,0.30327905440763253,0.3281624214648872,0.3344078988126441,0.3520117505776476,0.2748473567054349,0.43669723602698046,0.26481030388864085,0.2588062566760005,0.3250054874958293,0.38167122049495633,0.25121218807872725,0.3705770872853442,0.3578472101835928,0.2814511065308548,0.2823700028174464,0.3511675760176425,0.341784721651759,0.347905103924037,0.33330288487437043,0.2775417298741524,0.33548064375415715,0.29442269870093557,0.31078565639512307,0.3048272129024271,0.28920732316796965,0.35393645395114476,0.2957648231167499,0.2653191867263733,0.29922627090243814,0.4263774015574349,0.2981294397043401,0.3450789395747994,0.2892230840654103,0.2741475485452196,0.3577605494439911,0.3930478209744236,0.3381290907340856,0.3222246749344379,0.2757836630272441,0.3876994291297876,0.3220932937764265,0.36195244567371015,0.24529397219105234,0.29111955293577363,0.2662593989638688,0.2868914684556517,0.27479163634465986,0.2912309008790402,0.30955991755955653,0.31858059755610274,0.40850350706946387,0.3195687812903986,0.35335294823488234,0.2665982928003644,0.397299343347667,0.317913133236019,0.28256357821330197,0.3008609489397045,0.3179073660660558,0.28204219695079374,0.23755431169911184,0.3023477051995289,0.3415208633269024,0.37597710438865856,0.33728352728358196,0.3167130594501468,0.39568189383742025,0.31468269388113196,0.3302655505422281,0.3386331028649605,0.28050955661375593,0.29071161847614485,0.2872747613235737,0.36179819941620417,0.27102822573316043,0.36324503758629484,0.3414002291956091,0.24435420426736684,0.3060020144424456,0.2682501393059747,0.3526386444438884,0.30260684900012985,0.3053737598736254,0.2590550818615198,0.3387191788713495,0.31663605632252273,0.2943719624359315,0.28960335264542225,0.3864790841674144,0.3013247165411823,0.3099090443778416,0.2885699416403075,0.2967463702320889,0.3362720782658745,0.2846105864692293,0.31366153440075867,0.32588090806635467,0.3293440649192388,0.3719002411670272,0.31199608592361133,0.29399103982176367,0.2871827118631875,0.30520216260214267,0.271441549984121,0.35562423892200795,0.28343569929490303,0.37311402406782246,0.2816186703845331,0.2794998135741415,0.38780807954600277,0.33711971568012017,0.32780842081075334,0.29418494803224576,0.2875987311762715,0.2872994052589013,0.3052473475788764,0.27018394520807,0.2805182891253448,0.340495914088367,0.34734548128587056,0.3297356855145835,0.29372411559385925,0.31322861957107045,0.36841213386584326,0.29390011753431833,0.31888671319003764,0.30025771415467867,0.3060748015812502,0.3151366954556355,0.489810383102922,0.2182434030923254,0.3070014759958588,0.35585406198959807,0.28070598825015564,0.3030972670207783,0.3312317803698038,0.34261082018184186,0.2824182198572921,0.34942387456615637,0.2931657237422801,0.34698381593510674,0.36696448046326113,0.35287536461572194,0.2787864019661317,0.30040239165651794
0.33769213285790367,0.3264142813842559,0.37307487267481065,0.287827377638366,0.32919288976561983,0.31990310490774454,0.296119802708013,0.30021523519775156,0.27478884841195655,0.30397601106686817,0.0,0.3309377639842136,0.35479203084974936,0.2678654742393464,0.2832720563913988,0.38207196227754975,0.3735972070226522,0.30424060516537604,0.2783786308282716,0.2804857735771561,0.3420904183072738,0.4196856914331754,0.3076868603004752,0.3215287688889156,0.3396588002219494,0.30636067540616324,0.28454575736366877,0.33965608307870304,0.31595401830021036,0.29183592585235124,0.27169140934083114,0.30020504355741445,0.24581713162406704,0.2606920334888931,0.31145435642531505,0.3011483444557975,0.3701847299401309,0.30727795475387937,0.3177071633050379,0.30593988818988815,0.2735237071548821,0.3796002185540421,0.27181875971267416,0.33537633538615363,0.28270115969304643,0.24939970668201444,0.22177250015280167,0.3772332808557671,0.34064362134542026,0.26487238039910227,0.31284603311160014,0.2753171896686489,0.22092110958974523,0.33496941600416313,0.3465555595624768,0.27231596664644314,0.2912202341388964,0.39144750147871377,0.27121351692769313,0.26095741396236544,0.3131648336799737,0.19969260490651483,0.3077029175748847,0.25213234846147337,0.21693765804368143,0.23154619670661186,0.29606546451528604,0.2845076013869482,0.28434980039320873,0.34518593607594406,0.2947043305688316,0.24397284980386288,0.3112367814653849,0.3571464070501502,0.3224949100581464,0.2262082193685187,0.3514015179533935,0.3229326573381551,0.23344611799519613,0.23269945251494928,0.2842756984454343,0.26496869274775364,0.3096619770555904,0.2931524577813328,0.26868444843996375,0.3023707289175812,0.31077776490665265,0.23610504141486366,0.24270780756436378,0.27608063842232267,0.37872312785827134,0.22528424253332827,0.3405277867040739,0.25059756185001725,0.2863479787350677,0.300120188438394,0.20462063051337337,0.2423103242469668,0.22667946388647983,0.26058110239333604,0.2707480804761183,0.2715445243372477,0.22892183121059623,0.2257898645970021,0.2583365571669854,0.2638520442887601,0.24725836999363604,0.3570424873132995,0.25473780631617093,0.36107259553352916,0.3485427840575458,0.2755662947107293,0.2911757140124257,0.291008225734166,0.26417872146736643,0.35340524038573956,0.25140089018042305,0.3017688817956198,0.34046370553413935,0.27726608718251733,0.3171863822106988,0.24239838556804308,0.2728305897146117,0.3268205487419096,0.2532809374444605,0.3123571980707239,0.22275314670721608,0.29933337277001726,0.2950902791645696,0.2513426427723225,0.26805306632462367,0.3196877666579738,0.275503560041919,0.29866405216155884,0.3318054995038116,0.24999378844976167,0.27299383492844015,0.2793905548602039,0.29269873480207675,0.27215083441976223,0.2430371500651327,0.2973080582201401,0.26356294742390507,0.2765964606569609,0.35751509125142283,0.25209296238082807,0.3159903810609302,0.2601481790328169,0.29068814549933525,0.24550523921392134,0.3144137391577167,0.2473774293172935,0.3584869677878328,0.2716334088514633,0.3001287205906025,0.3030132630051365,0.31926490042878974,0.34105928008354164,0.260636161353914,0.2889446115843718,0.24494490880679975,0.278259974340547,0.22402699894762748,0.46643745835694045
0.2774474348697947,0.32323017108883134,0.29610648720107086,0.31334792420035806,0.2674271706478284,0.3454815033266234,0.3561310276143079,0.335672231260799,0.2600095060087357,0.29722657716074474,0.3309377639842136,0.0,0.26294962046512566,0.20634151639282647,0.30569864800685337,0.3072241691665588,0.30747043408919744,0.23848304791062971,0.3727471064574953,0.2647067419077761,0.3968246080180707,0.29072526147634553,0.2895146195820318,0.29771295647084406,0.3687360535701114,0.29391083812998686,0.23660548816903443,0.2517600365585451,0.28575165909863925,0.27717987431195396,0.34230966191931783,0.3072245403524554,0.2959667646986969,0.32281818952001484,0.2775116201571842,0.3293979282822246,0.32715188877204576,0.2910276083807218,0.4090725934714799,0.2965792278443211,0.3474759221411445,0.30323031203761475,0.3215205398912768,0.3719280103658736,0.29472025853718936,0.2765997852368756,0.28071971478108376,0.33195536180989693,0.31889124664818114,0.2895551290890143,0.36735250883450593,0.34655475369083844,0.22990909911644575,0.38399056417781663,0.3999380128230828,0.2964749354756223,0.3244917196961358,0.4156197791585256,0.24815702187760014,0.26949713021834354,0.2734188988694078,0.23043010693630966,0.3134107730394545,0.24996322898555406,0.2486670752391042,0.2508240597281335,0.2552669526762616,0.25458799452349024,0.22466712198819622,0.28070270297617844,0.29608324979439926,0.2438831927946208,0.25147114015685473,0.319499408924641,0.27897119321616887,0.23519766908487877,0.3270591755046262,0.3417499246720862,0.2712399971942073,0.23277792237234285,0.2881900117879224,0.31973252905289,0.31017987712407247,0.24615638417074884,0.32226699521111435,0.31454013916727197,0.28614643628338854,0.26247164025546466,0.2898673671501551,0.2847973366814441,0.3230860469093205,0.3125317399695752,0.3244811982416304,0.2702179402081634,0.275445431518539,0.37588399606695905,0.23527936357376528,0.33957841747463813,0.24246645741929418,0.27269951498630685,0.24611612706115918,0.3099721915524327,0.3027467826871854,0.32927223591313975,0.2720126469780077,0.3038076959354754,0.3145341515819103,0.3014580630438916,0.2765527632750194,0.3405493309342708,0.47513576646317857,0.3317700449761074,0.2774078422704317,0.2834349537880967,0.271002190303378,0.2986875705258531,0.28599947434275536,0.32730735140253636,0.3568999489353622,0.254605476079697,0.28985168054042376,0.3086884559103947,0.2700643639573422,0.32741311515241606,0.2355427322432977,0.37237410307173446,0.24898096695454108,0.3238239481007178,0.3572579452997821,0.25557063673739777,0.2538806407915601,0.29473562813482246,0.23279556107444546,0.30777902085434,0.3084910921865667,0.24066855855625166,0.29294551193655544,0.29899053047220503,0.2635742984223552,0.3312659980508158,0.23480986686505032,0.2738442261393666,0.30870210440396795,0.2958907382096707,0.3552153133026036,0.348429992724643,0.4119798506813472,0.27917797508560055,0.3367383160859103,0.24049492720761378,0.3351790100345471,0.294900382481819,0.28468485219130846,0.28876178790122076,0.45691261989092957,0.2711491017361719,0.2512096707244362,0.3641597740065392,0.2423657196916528,0.29581930593969996,0.23068566587792208,0.27200549663884055,0.2621333360378499,0.3254630857485209
