0,1,2,3,4,5,6,7,8,9,10,11,12,13,14,15,16,17,18,19,20,21,22,23,24,25,26,27,28,29,30,31,32,33,34,35,36,37,38,39,40,41,42,43,44,45,46,47,48,49,50,51,52,53,54,55,56,57,58,59,60,61,62,63,64,65,66,67,68,69,70,71,72,73,74,75,76,77,78,79,80,81,82,83,84,85,86,87,88,89,90,91,92,93,94,95,96,97,98,99,100,101,102,103,104,105,106,107,108,109,110,111,112,113,114,115,116,117,118,119,120,121,122,123,124,125,126,127,128,129,130,131,132,133,134,135,136,137,138,139,140,141,142,143,144,145,146,147,148,149,150,151,152,153,154,155,156,157,158,159,160,161,162,163
0.0,0.8828721286312321,0.8481098478607703,0.8282733416363892,0.8793189091376256,0.8553941106561651,0.8005286079671904,0.7909453665666218,0.9319332057109664,0.8042389399007573,0.9124076819369585,0.8146029565464333,0.9112031149071663,0.9117616364274808,0.8564646201375501,0.8910777723481034,0.8881968800271915,0.970291024497621,0.8712645182588116,0.963907531324052,0.9042776576400412,0.932008699068748,0.8226899730605557,0.8320862633285776,0.9114036043100121,0.7764936111136226,0.8512036586345456,0.8728685818061174,0.7948908222262483,0.8717478180119591,0.8370353006374884,0.9010655501067123,0.8281497638510685,0.7702660609162219,0.937245975308329,0.8583418914589529,0.8796561223638191,0.9153191110403442,0.7633694695524077,0.9165413936987993,0.8131002350679846,0.8423707873719546,0.8629308400953855,0.8390577546895285,0.8426388882404404,0.8357280078818807,0.7883732376934401,0.8565543393252566,0.897248410158372,0.9232770349578587,0.8975212279937577,0.8801331600159059,0.8348317813048174,0.847506713527458,0.8514793769249029,0.8142889068195939,0.9515680466711662,0.8565528152872549,0.8632338061969679,0.9138037299244189,0.8036062028125727,0.8117255919849735,0.8837989930764606,0.8061928101512555,0.8619677555819096,0.8151026553631926,0.8143581895669525,0.871306027600503,0.8800163995465552,0.8535787194601251,0.8859474141312866,0.9038317892476161,0.8808618281628516,0.8967628160845609,0.8746229022493743,0.808992000477807,0.794805866195246,0.8557047043692753,0.7765199612049956,0.6973902663085749,0.7812472339567219,0.8956901101383644,0.9207265725200382,0.8412137202425892,0.9312190835910872,0.9196202713417689,0.796393289513282,0.8965307541952492,0.8567954358589466,0.7703669522425625,0.9204723992722627,0.8156363206947876,0.9281237598541618,0.8653008889955945,0.9334627075073484,0.8103102502284436,0.7608577260513669,0.7680705487983568,0.8023449016175284,0.8320684208947616,0.8384794085517583,0.7261572224531883,0.7579130781251049,0.7489150580384105,0.9307966211063243,0.8540357781787573,0.772850845369249,0.8345838170595801,0.841357738562875,0.8011278247205318,0.8159949390601877,0.8947100667434761,0.8689748111039521,0.8203236747431039,0.906921920774695,0.8999208368828086,0.8398385379356406,0.8849420865654227,0.791708794221872,0.8330345363890107,0.8989437471496216,0.7319123421363186,0.8614285818909541,0.8748375311057084,0.8502543047173371,0.797776354210108,0.7987414021890011,0.7753411360584022,0.8235894551190879,0.8804777590647263,0.8236064842669,0.8466187713224793,0.8227732504962666,0.8840304193892061,0.8212026406944828,0.7963460006557721,0.864093659941158,0.8819871500277936,0.9315893698249021,0.8420671993643593,0.8320750760602493,0.9048916974814071,0.9172548358095195,0.8695131647642246,0.8609795983771038,0.8299786603696089,0.8697372834407919,0.7497667300501527,0.8894254006342666,0.6824384740389281,0.8657690470359083,0.8288876030450517,0.8919200836860973,0.7760510189731515,0.8087831950037141,0.8318434491669111,0.8970405917540075,0.8146621129376747,0.8824872720995146,0.863169115579089,0.6983517884627878,0.9036204062580757,0.8991669388710438,0.9394827024381506
0.8828721286312321,0.0,0.8466486493766164,0.795550688200698,0.823618921369491,0.8668565704382133,0.8061033830915556,0.7196961287394071,0.82810798241373,0.8834244706773324,0.8354183761529751,0.8571878405757012,0.8150378841028624,0.8301558046569686,0.8121072768785859,0.8130433253807641,0.8587062550448968,0.8519787370144192,0.8958137070450093,0.8933578870636796,0.901861374732323,0.8937633796477454,0.8055704182846428,0.8747639946700949,0.9040202214933426,0.6752026034951523,0.7598072406723034,0.8271872566677632,0.9004837510197264,0.8032458018074171,0.7881089327054273,0.8363295353748762,0.8226257571415619,0.7652490014653172,0.8821184903193119,0.8250191173260943,0.7721083673743102,0.8047929705672723,0.7381115883843176,0.8930860335223753,0.8679700878721334,0.8359474085495583,0.7488992585000793,0.8253444608464913,0.7726832136438173,0.7706956244385185,0.802733695308923,0.7977303820235729,0.8464983120728503,0.8273474166574206,0.8107108989016362,0.8706093270723018,0.8431765465865091,0.8574058771235615,0.8052482703283562,0.8661764689975959,0.8643399694187689,0.794228410270772,0.8323007987991319,0.8491127573016231,0.7400494554938026,0.7125152706811566,0.7846124518464511,0.776075788423477,0.7989395033276698,0.7365574390381983,0.7278551909351156,0.75950479485703,0.7623661453781475,0.7406143469177551,0.7728426696783931,0.8156979983436983,0.7810278263145083,0.8136918309177168,0.8205281422227454,0.7744621462865842,0.7003505275373456,0.8445379402511067,0.7000625682357884,0.7037684651299104,0.8208190054578284,0.8087449832467218,0.9064477101701849,0.7643861123618654,0.8324862858616094,0.8721954256160881,0.6884594675918088,0.7577625078578021,0.7898758153762213,0.7493315118485724,0.8044021766206397,0.828354481772582,0.8799103247506399,0.8279880764906158,0.8474299381287472,0.8218285106782737,0.7160461861448602,0.8508753446912075,0.7505102462969552,0.7902458081655307,0.7769844007990006,0.6405711929411585,0.6897464780680395,0.8186004708140728,0.8078087409137183,0.773997621042809,0.7320310898955353,0.8689964072940056,0.8356641728838501,0.8843421943949804,0.8224932970512309,0.777002266419463,0.7872131053331222,0.7286923142782681,0.8108184361808457,0.8668336567428608,0.8857784463795699,0.82930117647408,0.8371193759511071,0.7610124111677412,0.8065151366693688,0.6383789452941622,0.8678082499317996,0.8477778689923543,0.806329308393833,0.8139490204280195,0.7384980624159321,0.7119508746519305,0.907653748303046,0.7780168486915402,0.8150201665060266,0.7790982159779161,0.6934206566962355,0.8292755264215355,0.7906006805841923,0.7678524215279113,0.8656672051247707,0.8238011038269173,0.8678631471752225,0.7684937957407036,0.7982510840015781,0.851347183426652,0.9014232788106911,0.8082615729717332,0.8135526028034901,0.7501747525610224,0.8310628939592493,0.7707334772450852,0.9411145554666426,0.712547942291831,0.7649172692574718,0.8752864850957862,0.8405137098519601,0.8067860929112829,0.8435718476541559,0.7394853215849485,0.832903245978402,0.81577433656389,0.849264943657261,0.7558408661007022,0.7389430202607813,0.8838277901143681,0.8897863700594674,0.8485979549114873
0.8481098478607703,0.8466486493766164,0.0,0.822184841927331,0.7899262477497926,0.9093029889550254,0.6868326192789174,0.8539349221135477,0.8493127351408236,0.8723065687152904,0.8903135617109696,0.8095367272088999,0.9072781877125533,0.8379157517806431,0.7445345222306842,0.9290132898571548,0.8941996506641252,0.85535491920645,0.80447184391917,0.8464005824942125,0.9056429604754328,0.9329210217261119,0.720717150438532,0.7200004724015596,0.8691547900240839,0.7670436183222469,0.8391652608776631,0.8365444252204441,0.7873379704074955,0.8114679766247049,0.7465501976296335,0.8799135323640367,0.7900180281901139,0.7064315002453524,0.7794513269862985,0.8555248924829385,0.8168892040132365,0.8826337407491893,0.7181881599349398,0.811567213272959,0.7604530761941103,0.8494447772619671,0.8048903078913195,0.7359942237438915,0.8346422465294202,0.7666661991990624,0.7287181589457472,0.8073421980358341,0.7574624524206742,0.8496525088164235,0.8243268711988985,0.838880084044977,0.7365651523394815,0.8438734939197576,0.8203447742349821,0.7833905184411836,0.8253645476251114,0.9079300231776964,0.7787247501331631,0.8283843865429555,0.8456391954441723,0.8019541428638696,0.884330909564988,0.7716413556267593,0.7244211958019952,0.7592133865358527,0.7820418282792277,0.8214528126252586,0.903935301683973,0.8760983213857916,0.8133507258810194,0.729218257483144,0.8616409617247609,0.900592914675606,0.9237346309741262,0.6534873044385663,0.8008261641027993,0.798253185830887,0.7341067176766727,0.5914468260358776,0.781239189203137,0.8203154921359508,0.843577004998446,0.8735721156896966,0.8636206856191034,0.9004454180168903,0.8111978517281746,0.7998639498604934,0.802075397407997,0.7315925895635093,0.8675712599377575,0.7242463036937214,0.8291458626017756,0.7129471268803472,0.8438628769061737,0.7912181682303366,0.7750057471377004,0.7773875972170269,0.6948856575129713,0.7928556853886305,0.6975850537424643,0.7619667591102578,0.7193946449585628,0.7566369707806283,0.8733762964306601,0.8594250975195519,0.8196714924289733,0.8586783538471088,0.7554327108237218,0.7527884774539069,0.7527543902899754,0.8023076643637215,0.8548904467416022,0.8556529947628413,0.8037329585597695,0.8639027713269206,0.7338411459809999,0.8041383342375926,0.8555415780678889,0.8292022690172196,0.749418121501782,0.7673797128592044,0.7578328321521078,0.756891734611627,0.6807279480654352,0.7800454038972585,0.8268753035882106,0.7828426508724557,0.8855017211264564,0.7877697453849455,0.849079017913035,0.9445818879137282,0.7692259934221667,0.7892610651525503,0.7842138919477458,0.6566168004822928,0.7306981528831376,0.7258850242890715,0.9021462653631652,0.761930149626137,0.7711575362841561,0.8889840931378895,0.8188533135605928,0.9004892507295594,0.7929122646980264,0.7625290861412657,0.8288792129221833,0.7454222586080893,0.9094202762957856,0.7522320165882349,0.7561649491634909,0.7198211915988981,0.8513360303006089,0.8176863213787148,0.8220076480963916,0.7803690895871502,0.7900617667986848,0.82735297186623,0.7172374145587433,0.7681678030853839,0.6869807949632006,0.7208141155340899,0.8622218127535317,0.8014871810326318
0.8282733416363892,0.795550688200698,0.822184841927331,0.0,0.7629659537368283,0.8935020217741682,0.7948256505878527,0.8427392788652598,0.7796467216068227,0.7745205834726426,0.8665162698507654,0.8934328005388175,0.8400155989898263,0.7453064009637437,0.8108213741206493,0.8293425290716456,0.7985965067693718,0.7836242717625369,0.879255095402034,0.769730940797491,0.8999424610678525,0.8217281489074127,0.7702952325320664,0.7788344786164942,0.8835186073143454,0.8509232982572769,0.7855895694535546,0.815209445005103,0.72868139757147,0.7536117996951098,0.8164050972371166,0.8425902441644314,0.9264770980061119,0.8481496096214551,0.78900698734223,0.8633059948003693,0.8497492629949904,0.7963426554838654,0.7822218458174109,0.8339132205833192,0.8203525089342196,0.7542578898659561,0.8174190600919072,0.8436255897450324,0.8572659538203417,0.7862733889885335,0.6711605303319309,0.8350371324335208,0.797209973466155,0.7959204279113989,0.9011264482508144,0.8926208399545296,0.6896723440486713,0.9264246086679857,0.8864174017654824,0.7336327478573713,0.826023397284055,0.8976208287783308,0.7347714548744687,0.8174472895691919,0.8522814844380435,0.7609510428636858,0.8716849957777928,0.6661710894970992,0.7193741273175569,0.7628942160486251,0.8278040120870698,0.7931586849156179,0.7623085406641497,0.8542308315390245,0.8124332400814698,0.7077162701744125,0.8161754247829822,0.8960689667929671,0.8085780317949706,0.6928195118436222,0.8373245862738098,0.8389697274487619,0.7882739364589081,0.6391643823560456,0.7289880009666712,0.8716417073266542,0.8055293514776016,0.8035862276623148,0.8942889141478547,0.8354109180423529,0.8374987383897475,0.8101760458430354,0.820543686095176,0.7572978336345831,0.8618824009073485,0.835025815043566,0.8200630850350814,0.7523477205924061,0.8180093571227701,0.8409741602342361,0.7605958014691064,0.8395077838327115,0.6730318572081891,0.8582011776564086,0.7444681860275879,0.7875279032041047,0.8746593458462598,0.8190479370242467,0.8574060361991155,0.8122402934556268,0.808175976170867,0.7732390895033989,0.7622710485551539,0.7537254605260355,0.8990953876858886,0.8251150397995252,0.8739267192343648,0.7752289026909724,0.8398844047588641,0.8186206629147835,0.7461793117963956,0.7656759962082375,0.8593342855986063,0.7899281955192868,0.7131190223761843,0.8302943475410337,0.7418755556256026,0.8523169852988705,0.6652871643303073,0.8432396077943687,0.7795114881608687,0.8054318429503874,0.8701550742592735,0.7411480508855506,0.7041860874113179,0.8060558749512514,0.7787916180870424,0.8255379275522621,0.7820919630587714,0.6251602058536735,0.7037726218016961,0.7786207287742762,0.8361289804379467,0.8053984834726164,0.8571125593294756,0.770581472388406,0.8461908434753103,0.8317731587878495,0.8146401837219368,0.8111827080428505,0.8104868480334139,0.7239204397156349,0.7901606693795226,0.6148978747673415,0.8668844102079042,0.7278097016028716,0.7865353714053723,0.7058273610065977,0.9286491585973721,0.8042459910663681,0.7963335299226018,0.8988860685773106,0.8403817268387097,0.8370734239298789,0.6381131593233494,0.7482586532729412,0.8419608426278443,0.8165449695698614
0.8793189091376256,0.823618921369491,0.7899262477497926,0.7629659537368283,0.0,0.7174633677527968,0.8062466050128597,0.6785729755095117,0.8877094226810595,0.746037568625034,0.8620642820125074,0.7849163241186075,0.7483634717641053,0.8685155067516919,0.794401726984783,0.7913438486359994,0.8201294641744233,0.8783599932409798,0.7916012397160924,0.8540864461551148,0.8264894809515264,0.9049603785813997,0.8403859788104793,0.7756179002595142,0.8193394691701766,0.6961183347403709,0.8322566149459091,0.782007494278947,0.8027332504791156,0.848239053455324,0.7591658380385,0.7698061064444768,0.7474138453165312,0.6883425696902911,0.9329681934240329,0.8527960174907222,0.7505169169418617,0.8591303722822461,0.7233782154336794,0.8412521001687078,0.7876928415262665,0.8568187221306919,0.7606445667903206,0.8013323185337106,0.7247947555242202,0.678457045024352,0.7533705871780675,0.7745122911831039,0.8625385050942987,0.866924351173659,0.7899517570322393,0.7726873000163657,0.7482457404336276,0.7733488580047363,0.7887837724207694,0.7330977127669832,0.8244985261641745,0.8104326082825078,0.8188878671720452,0.8028666828502831,0.6571576258333016,0.6948689923095377,0.7489199411378894,0.8896591227435222,0.775526208709488,0.6451844602720233,0.6924922650565667,0.7392198336267756,0.8423166494559006,0.7454465705696719,0.76042255336352,0.8555889897556136,0.8218247591234196,0.7742402155944035,0.7688818056789454,0.6580377849317135,0.6924066199611032,0.85666238298238,0.6415755051437085,0.5686654197124421,0.6354164924774388,0.8253525617618738,0.8092195597943058,0.6927009692516533,0.8377265818388164,0.8132082451612208,0.6798475468199626,0.8072439813496718,0.6867695710069734,0.674117466586836,0.924144493759155,0.8028297376514305,0.8958395986997143,0.7054123642933581,0.8976533185106462,0.7553877703696902,0.6452191463849739,0.7302724183664612,0.885545253183594,0.6885221229560408,0.7569830749453598,0.6297828951804442,0.7289318277309534,0.7410228390037543,0.824437580383368,0.7019110949037916,0.6426010603689164,0.800504258625084,0.7336306606766054,0.7202374682144532,0.7681880211973505,0.912559849358542,0.7199371906241987,0.777411585684059,0.7457654724072887,0.8064513175094594,0.7184398474626603,0.8619557165156264,0.7516453957314505,0.8202098087024097,0.930129152680514,0.6484770850403263,0.788958317194692,0.7358952780666272,0.8466851088503423,0.6980155241167303,0.7387946309478239,0.6913169925976954,0.7664991878059871,0.7878603860276051,0.7869622819044607,0.7398590005916168,0.6814967598398136,0.8738171860765025,0.7485948175592596,0.739091767274759,0.7482797035147932,0.8685423107517652,0.8856593740332618,0.7646577997959009,0.7163233573642355,0.8662066870019006,0.8572340178934684,0.8880025515673674,0.8048125250023148,0.8164539197693996,0.8429298180470981,0.6089645494069704,0.8404171266038558,0.7196303758722874,0.7604222839778134,0.7579476573565553,0.8945221509692807,0.7630180781170228,0.7383134040745304,0.7012499934856093,0.7514649720319737,0.6892151955112277,0.834643592961209,0.7433104870581122,0.5943164828527037,0.8326434332084823,0.8115213800971296,0.9185121098110874
0.8553941106561651,0.8668565704382133,0.9093029889550254,0.8935020217741682,0.7174633677527968,0.0,0.7107364412310946,0.8799199132702304,0.8108946426401152,0.8584283581644512,0.8684319192463289,0.8562008558407,0.9224788117728011,0.7783181609609054,0.7724468816878469,0.8954082599493867,0.8536903528124313,0.8168896558915603,0.865339795873465,0.8261262118378998,0.9044883118284592,0.8569179303451908,0.7166261351926393,0.7635626338723694,0.9086398071280788,0.7932443793872543,0.7839495025591166,0.8478405607053716,0.7791273007550792,0.7822364095073884,0.7932759969439712,0.8856902546723622,0.8765476774397359,0.7846962244917214,0.7698086151528899,0.8166914352371198,0.8600477904820385,0.8328021217203314,0.7412524303792684,0.8181494220751913,0.7998049668032957,0.785953434334443,0.8040908081631093,0.7877885756052155,0.8598150830453573,0.8188273707553155,0.7079801058164114,0.8330611079017439,0.7579801759199711,0.7920541922780951,0.850303476053385,0.9041226181298196,0.7398603029103284,0.8853093912486307,0.8374609666601976,0.8252580873172735,0.8401633718273763,0.8948533021726934,0.7327893768419932,0.8274956539794687,0.9041010685873344,0.7931056923226106,0.9058768517970724,0.6661755977297024,0.7194427892937535,0.8096490778030607,0.81310076823268,0.8294862457110035,0.7948844740708109,0.881689547309886,0.8251521431662935,0.7110778831109513,0.8140689538043676,0.8977734897713192,0.8984213074947475,0.7346462944185149,0.8085984779668075,0.8020656876590966,0.807992710538883,0.7115069545288614,0.8706754958037322,0.8232634320804723,0.8851168672759526,0.9162419198706786,0.864018413564956,0.908960498835962,0.8482730282190971,0.7760486545162608,0.8797171712954114,0.793490320525529,0.8144325379251292,0.7602282838525972,0.8062240338816529,0.7857519522709896,0.7992562284794239,0.8484447134967793,0.7983390839089561,0.8372587277900685,0.6436224434469207,0.861468436812085,0.7371664100902878,0.7742931808882227,0.7459145289544031,0.8006684368955785,0.8595299161254067,0.87919995730338,0.8435610871308599,0.8443298033855584,0.7814604386643338,0.8017099965035385,0.8085762719378888,0.752308994289776,0.9075104080602941,0.8044556577461136,0.8695574647252992,0.8800815257702708,0.8105486759780365,0.7592942057268495,0.8661022576997273,0.8018259362222359,0.6980285604540392,0.8032637484392524,0.7829187088358369,0.8555417010253563,0.6770439023648211,0.8659069412900872,0.776780875927299,0.8000433472186748,0.9103401111949023,0.7625726932969966,0.8014619862986979,0.8965722723491459,0.8157397726766122,0.7987922291612717,0.7881829341160738,0.655247396376618,0.7830881711793795,0.7300672729688197,0.8433093884203534,0.7848605441968765,0.863713558508222,0.8198153150372658,0.8199873806843111,0.8044456529120952,0.8068517462857107,0.7426621968374911,0.8135386795341049,0.8265307944591339,0.8728670591642315,0.6773193371922553,0.815321074078655,0.7719001210634993,0.7805625699394964,0.7377355907868774,0.91054894282498,0.8224555630950721,0.842385727758523,0.9427007738025506,0.7816309617474156,0.8107556842958872,0.7288366149602904,0.7739374348262779,0.8830201347130217,0.7967323990877497
0.8005286079671904,0.8061033830915556,0.6868326192789174,0.7948256505878527,0.8062466050128597,0.7107364412310946,0.0,0.6341522986248534,0.698901092728586,0.783530501041648,0.7484978369146739,0.8150098020906136,0.7256766581976589,0.754874505884682,0.8087130536742928,0.703937078006942,0.7281792789052673,0.7588742633724161,0.8027114502387119,0.7550507683159987,0.7993469619109613,0.7442976673153369,0.9008291278446482,0.8654583573370154,0.8531808404117679,0.7245619846006104,0.712183919984712,0.7328424921120578,0.7740231869286021,0.7114589879745614,0.7722220973456148,0.7976279010361241,0.7796974654309023,0.8791291735983641,0.8370566031871902,0.7879608164949478,0.7680038199723177,0.6739756541900526,0.7164574146066175,0.9070391299760607,0.7567028132636846,0.7318118526363927,0.741226730710945,0.8499114294344252,0.7515981187816528,0.7415342360726288,0.7889750615718139,0.7736568698822001,0.9360527744442454,0.7606423780973197,0.8306577226833836,0.7696882272537744,0.7019937298605774,0.8036603705887116,0.8178633949802667,0.7601380605523833,0.7764688841250698,0.6977718749710762,0.8578952322574256,0.7902080803105886,0.6546386759082493,0.671174163036734,0.6797839187778693,0.7312045614285714,0.7624295103346628,0.6878629227763289,0.7614887684635184,0.7465233976805359,0.6823651791232466,0.6571419169153273,0.7270353929497395,0.8009804741103536,0.7379466050414966,0.7778056664160796,0.6453678474248565,0.7867700939084379,0.728812713468136,0.9152310395041053,0.6432460262853325,0.672474016669299,0.6469609143069616,0.7710108506067215,0.7711074498597192,0.6150384877769505,0.7975448991267056,0.6942143881902043,0.6482964494796957,0.8093529650672838,0.7432324477796602,0.6885105110948625,0.7755241564691869,0.9122015753262489,0.8301699060143048,0.7708159481377509,0.7953149345258269,0.7783660903540791,0.6178791155733608,0.8209266573925111,0.7581832342569164,0.8094621305694251,0.7865754623651767,0.6390995299097895,0.8203572767622078,0.7757834901129073,0.7299622631559326,0.7046689359341374,0.6798030091584483,0.7262597470736796,0.8321411401784767,0.8345554934751175,0.9135386298940078,0.7914126567413484,0.7499818192715206,0.6346990148108125,0.7298771482880267,0.7202290970862912,0.7851293720939391,0.8333906935683125,0.7772642582550432,0.6817757751610959,0.7590373198278545,0.6099013740597448,0.787090655638218,0.8414574759697742,0.734249602162272,0.7623618055574295,0.7177586987787469,0.6985311348550334,0.79276018184699,0.7352545347342597,0.6409213045326065,0.6253052894442945,0.6365473076719607,0.7175883565428751,0.7185725494031375,0.6994109860907656,0.7502048437406532,0.865194730075684,0.794571668865574,0.7355063867188779,0.7390433085922515,0.7562142881707613,0.8774570950913307,0.7295115707231119,0.7988812448511505,0.8759611982823039,0.7192374918954609,0.6710101939671856,0.7867138398214464,0.5621418887686462,0.7614532787237541,0.751744705473187,0.7315969429517798,0.7968295620078962,0.7871947751427936,0.7027916032698223,0.7595329810369628,0.7634294114934483,0.8799323675665508,0.813754019293979,0.6582883246540889,0.8010751935050291,0.7843436018555467,0.7711700943529102
0.7909453665666218,0.7196961287394071,0.8539349221135477,0.8427392788652598,0.6785729755095117,0.8799199132702304,0.6341522986248534,0.0,0.8118426692748937,0.7248597549704008,0.8372772769905302,0.828304834985689,0.8904505225886639,0.694398130081986,0.7896668780985008,0.8859729197583409,0.7460006848132811,0.7634214316388065,0.7929489906284201,0.780204340085141,0.8330570070378673,0.8122097378182074,0.6458908703410505,0.6946631820879654,0.8144080329856559,0.8595126264391822,0.7847153344410412,0.7545275674573312,0.6462709878273135,0.75880692276651,0.8405844610809626,0.8374813596604929,0.8399844776235607,0.7407252990050027,0.6950240702978187,0.8146082948995845,0.8906181605838427,0.8475851102727486,0.8203709839629431,0.7131197333870497,0.7329429574806636,0.6744125918760289,0.8827998732527677,0.7326470692862269,0.9224122701046994,0.8366835763565396,0.6229981732321365,0.8305350314014442,0.6925999313377633,0.7937742192090745,0.8460339763165768,0.7781460719759337,0.6448779237075846,0.8395333395293979,0.8488958667825716,0.67364437622907,0.8066997370520854,0.9126946416816579,0.6481060559807325,0.8074575908554397,0.9587340406825083,0.8312232428383582,0.9140133820317906,0.619697393323801,0.6912006806058992,0.8187925697945264,0.8352697627406215,0.8461068194727811,0.7863446746614076,0.9639785304110835,0.8652456150649145,0.6707091238915625,0.7379058643481707,0.8816831084790646,0.8501334366715781,0.6626197220422938,0.8837763459658666,0.7341295178276702,0.9014379033909454,0.5939691583255597,0.7169128162871548,0.8427895160138539,0.8262726021160857,0.913354133889424,0.8062039056816462,0.8879508057997633,0.9589238045120301,0.8003325123897178,0.8570307285546621,0.8293282967619027,0.7877690589558832,0.6977178714372493,0.7637205079234077,0.7160296378776698,0.7174458972181877,0.8115356998893565,0.8759903735062577,0.6961494504349393,0.5911769041915073,0.7972806785458109,0.7359963122615217,0.931858136904692,0.753989611925692,0.7263170629499038,0.8703230358180908,0.9078141193073513,0.8786158141598848,0.69907180713896,0.7201670274824186,0.6793437853156757,0.7384899601880003,0.7606388006340281,0.8241686337538745,0.8228117886282927,0.843981365912636,0.7684943938967438,0.6516214357771679,0.7495692709301306,0.70048717428343,0.7293442242562673,0.683909720927902,0.9490964382980189,0.6350126847775569,0.8042889898281982,0.6019216573541533,0.8469883283794939,0.7285919900604618,0.9249689256312238,0.7677253138297995,0.7893714708284537,0.7142582277683457,0.9013450555349594,0.8961217902257089,0.757491128274103,0.8167036664363968,0.617147491635779,0.7319111316413479,0.7027028924767919,0.838017645267236,0.8711470260670888,0.8135133694579451,0.7506620358271474,0.7291052833706868,0.7982048025155982,0.7990306404346349,0.7155697718817173,0.8394990920086022,0.7830329638703082,0.7671385730954545,0.6067492682031287,0.8663356355766738,0.6489605458664304,0.7546656981842499,0.6945997321103176,0.8522279849344842,0.9073230585102456,0.7915214799557141,0.8735354762263857,0.6808924646442716,0.763011639608612,0.6082112840210209,0.6470359083223711,0.846459136188673,0.7439898349849552
0.9319332057109664,0.82810798241373,0.8493127351408236,0.7796467216068227,0.8877094226810595,0.8108946426401152,0.698901092728586,0.8118426692748937,0.0,0.7391219025325448,0.9048082832803961,0.7969119871405348,0.8488335795006915,0.8540686147301911,0.8063237059296907,0.8783930040881166,0.8450779350665505,0.9176943288826113,0.8133811116462961,0.9174520676438291,0.8455138632710159,0.94268086575282,0.7562868139079459,0.7526832043264893,0.838531264151835,0.7353184150864376,0.8756557729010745,0.8265828917103437,0.7430855934307695,0.9043704816265704,0.8088022901661669,0.8072483342992056,0.7791321780387072,0.6787206718749462,0.8825579354771511,0.830701698440122,0.8246762386262039,0.9542111040528566,0.7565348082102483,0.7985531250019385,0.7774870036313581,0.8460977791164939,0.8130182976121662,0.7636248621663079,0.7980655140194323,0.7477173607821063,0.7092814194815895,0.7991298594600673,0.7909900501465698,0.8790030369181877,0.8046051491559357,0.8026315963434706,0.7565230331526096,0.7832070703341306,0.7866311239341379,0.7677067959276808,0.8770975484670842,0.8920629381002996,0.7431250858024432,0.8377544758884857,0.7702132972487794,0.7588569901587352,0.848519344990577,0.7903706799962285,0.7712383869833728,0.7203177571486182,0.7413004495547102,0.804191398369039,0.8807176234369537,0.8780318118927721,0.838901479807831,0.8177083616071508,0.8288455268746694,0.8237895968369822,0.8836707319796794,0.6781328870202495,0.7425547638748667,0.7886114823078259,0.7471730272069431,0.5976081874783239,0.6993436728780276,0.8708350292235363,0.8966170842037278,0.8354731068207344,0.8535531217026726,0.9474682578650931,0.7962760978608029,0.8106521697031898,0.7719716872894751,0.7819686645190361,0.9143685429635328,0.7430721942943965,0.8617682154654974,0.7433199724920876,0.8659292351733541,0.7824312207347033,0.7416662370434213,0.7085335478866833,0.7759570679029676,0.7218224199313924,0.7661215429264352,0.7097823972151912,0.6925135150076793,0.7185011640576346,0.8945391595926452,0.8014258615605002,0.7079091989696785,0.8206608156091378,0.7256896841290723,0.7113487971069149,0.7224365721037606,0.8730970552223554,0.7769537567687682,0.8697407446210894,0.8260461123426499,0.8840254377791842,0.7238237573489447,0.824191474125867,0.7142066178816084,0.8538121612484729,0.8869844576787193,0.7507572998607421,0.7697257635883615,0.7722870281150488,0.8086058792659359,0.7392172117781518,0.7417618854664765,0.7697978374156395,0.7532031857174103,0.8239456080271138,0.8706975230690792,0.8628350272729614,0.8133599798597976,0.915778897423402,0.7954634407400968,0.727467968269886,0.8104007006957171,0.8112393904332362,0.9066441535458324,0.8297740034505919,0.7634821965571402,0.8644447579691453,0.828740399363291,0.878318957003086,0.8113913874646441,0.7596065255272019,0.9145944288538915,0.677383307726179,0.8472336746061099,0.7286998953392715,0.8252974039112738,0.74740655529142,0.9031918490139251,0.7289528783943261,0.7722614428559632,0.803619728064265,0.8266594816074897,0.7604377154299808,0.7852613896694021,0.7523042151932708,0.6047871827653453,0.8194863639856593,0.867177382122138,0.9364681813800078
0.8042389399007573,0.8834244706773324,0.8723065687152904,0.7745205834726426,0.746037568625034,0.8584283581644512,0.783530501041648,0.7248597549704008,0.7391219025325448,0.0,0.8110579847443532,0.8074529342214839,0.842306572253044,0.8063837969171318,0.715599556373535,0.8432185381139874,0.8561532913108844,0.810077845928629,0.8045113914240378,0.7826002670666978,0.8210560694660799,0.8178294304744214,0.8168368108486327,0.7416666073419248,0.9139028274132984,0.6820888680607744,0.7951472917006736,0.8337808814074867,0.8985989768637839,0.7928183619748277,0.7130240892750448,0.8794668131505038,0.7558639838595652,0.7631991193019207,0.7639887841156123,0.7687137578946547,0.7730952688729945,0.7541621599304064,0.6590371364937879,0.8477322039646902,0.728148854734591,0.8160527045499789,0.7295974163089355,0.7333484572306539,0.7601955546362776,0.7431489173025729,0.7816067205975751,0.7582011915360942,0.8285569474388648,0.748780281260842,0.7752531175594146,0.7800964445910458,0.7334348359035631,0.7842648345615447,0.7969806002231854,0.8315296145356956,0.7670100777321496,0.7921126297301756,0.8156532348734895,0.7874611172275597,0.737374677821102,0.7124909548581079,0.751970930542666,0.7291525406317096,0.6835447131670955,0.7005583595275452,0.7229458521142289,0.7626278547452486,0.7980880933910864,0.7506328063651471,0.7075522863988191,0.7321806953953722,0.7684183691501882,0.8205282447447104,0.8039031135543445,0.7450584773419529,0.7348080735858499,0.8660170527901756,0.6575763930933709,0.6825484572091612,0.7878938379477719,0.707158514177404,0.8438988849076915,0.7600705095312102,0.7827491198747534,0.7779346438471639,0.6967216870664008,0.7629596283697617,0.821042747080262,0.6725656481917394,0.7803461924727043,0.750451232084209,0.8232045450204023,0.7275532318287534,0.7719314264769158,0.796113337662998,0.6481203140668136,0.8197416685440587,0.6711955464369264,0.8000904560242131,0.7036593303507296,0.667514018197452,0.6972048697660347,0.8048799974216879,0.7562735393487158,0.7761786844504859,0.7437236692960463,0.889326809441781,0.7979538846373476,0.8123720523015214,0.7778980712862438,0.7038931361259925,0.7942314574666988,0.7540469386144126,0.7504036489741872,0.8183002166306118,0.8379436250351731,0.8244637771209584,0.8608969241428778,0.7635677901083455,0.6845072713456669,0.6523189259505682,0.7649957899770504,0.78726283497947,0.6672012397174482,0.8044078213679633,0.7440638101797816,0.7015232348004514,0.9057768187005918,0.7266341158058595,0.8134152478408885,0.765633613293926,0.6864034796558366,0.6850611899504637,0.6951348966146701,0.6451323813665463,0.7714655129785581,0.7214430103739258,0.8348912407469576,0.710951035733418,0.7640103949550967,0.8451739137650511,0.8085981508289041,0.7563824533873984,0.7590208712420531,0.7558584041621124,0.7096349469895379,0.7950499904348681,0.9381944606434607,0.7022981422661972,0.6898355112878557,0.8017642518864516,0.7572672411964907,0.8374224596505783,0.8175970219430694,0.6995451558176168,0.7859673431780652,0.8353390853063541,0.7587687917143026,0.7950479900709538,0.7738445705182706,0.7695773376858229,0.8219059612762225,0.7346059347486914
0.9124076819369585,0.8354183761529751,0.8903135617109696,0.8665162698507654,0.8620642820125074,0.8684319192463289,0.7484978369146739,0.8372772769905302,0.9048082832803961,0.8110579847443532,0.0,0.8714836419561303,0.9025829460285322,0.8524863569955168,0.7871531030971516,0.9524092102697886,0.8977072291081376,0.8867061151141878,0.8786129997747836,0.8957041359288789,0.897205280394818,0.9415891069443512,0.8161070606679522,0.7769486521016657,0.9161656211311101,0.7815577760138476,0.9167149130288876,0.9064029463661419,0.8142266822015621,0.8964174366549583,0.8049926364171449,0.8866888019540567,0.7998260516792947,0.7712033044440244,0.8608854089385596,0.856682485537709,0.8802515737921147,0.9310860683868144,0.7943023897719035,0.8451961678306037,0.757626191989243,0.8512761786143539,0.8245861146143383,0.7976528658101514,0.833515068575653,0.7477283043505417,0.6565777390672158,0.8685633993371419,0.855734231056057,0.8530131537962455,0.852397960903028,0.8028459007418619,0.7168170025827945,0.8535432229749544,0.888056163008252,0.736737957998894,0.8873611495930354,0.9465595660635703,0.7692713597440505,0.8497656448319018,0.8413245033013079,0.7462016963744748,0.8569280752618107,0.7736106208064708,0.7279713719333991,0.7317190336972533,0.8024730586206038,0.7964455437880121,0.8814528167047445,0.9095354806766023,0.8102743770034287,0.786986150441844,0.8740482160728902,0.8954054945727856,0.9048553007805802,0.6877348426111248,0.8432097484358059,0.8636772432692964,0.7365866554103668,0.648633257873344,0.703805902712126,0.8407483878894083,0.8665752398198788,0.8524366066207525,0.9017628359672616,0.8923465960434307,0.8514849717533061,0.8276756953135535,0.8045311296387486,0.7544610237145214,0.9209574039628698,0.740298474905824,0.8967975118304958,0.762265889017776,0.870225203221795,0.807348387969874,0.7369040123875421,0.7283321881968827,0.7359977042803006,0.7660702926196182,0.7991381822656586,0.7701386203154235,0.7351291893272771,0.7368832164675023,0.883729448221277,0.7997002322746805,0.7625936421615653,0.8608278300771939,0.7218218171433317,0.7650055506077414,0.8221775725271867,0.8708020028862495,0.843002531563834,0.923295788615927,0.8158729046624611,0.8789881685315687,0.7397453277817478,0.8884699265544269,0.8041346143977984,0.8503105838432067,0.8349097074077302,0.7724045466948717,0.7899725688360087,0.8092644900319473,0.7619849193564437,0.8058884218372826,0.759661555268649,0.7991581285731343,0.8381366522863923,0.7820643067528279,0.8243356883062805,0.8858040378395304,0.8719225871322186,0.8894240251456205,0.824666361978533,0.6713484608061976,0.773138847183195,0.7864767127935156,0.9410315713053898,0.8364426645303554,0.7841871175199284,0.9105548435340017,0.8380045680256638,0.8943991853846394,0.8674566414084453,0.7709202899261871,0.8446405682702911,0.697905391687765,0.874351272947332,0.741778905265367,0.8566328987013103,0.7498384878315366,0.9234590555787284,0.7190014192268557,0.8323232678041381,0.8192254955729915,0.9017002840327796,0.8218078688179432,0.8213429544939224,0.8533010693991756,0.602074765620098,0.8084646697095024,0.834964999509791,0.9347063789363851
0.8146029565464333,0.8571878405757012,0.8095367272088999,0.8934328005388175,0.7849163241186075,0.8562008558407,0.8150098020906136,0.828304834985689,0.7969119871405348,0.8074529342214839,0.8714836419561303,0.0,0.8065398944481551,0.7075163808687507,0.8655036724173436,0.8292905376529099,0.7630311328374589,0.7580721787854252,0.9268732957840505,0.809257802639797,0.8955855310120135,0.8445255018301026,0.7965285697895758,0.869301820221333,0.9199995557031294,0.7820945180081291,0.7770473209790438,0.7831913897557349,0.7937096705054698,0.7891043914648248,0.8931869280783802,0.8337229848343854,0.8888294169269891,0.8693686542561889,0.8010392664830421,0.8589445238914898,0.8604307734721411,0.7890348516360457,0.8891668357069192,0.8163750240856606,0.8337897779065201,0.7329365579976208,0.8201726807189805,0.8644727779037783,0.8666455953779356,0.7823372290536165,0.6677219249778893,0.8722080916420611,0.8325385465818876,0.7862491122951583,0.8600317456804227,0.7990651845597654,0.6750351346601215,0.9198883528132494,0.9172686583264607,0.734958297187076,0.8292852029867238,0.8757780531464249,0.7177538410127474,0.8205314831777454,0.8228487669493683,0.702967972453668,0.7919878045484249,0.6736086397995309,0.7189240953197309,0.7276200465365152,0.7977589938462974,0.7714365044499245,0.7142834956510472,0.8231632986485964,0.7929161686380253,0.7249769970068974,0.7227204372573012,0.8428656275770874,0.7704514983845904,0.7096426417762893,0.8181459347049512,0.8829459000346073,0.774988106080904,0.646533083335936,0.6910308033307868,0.8451890222981547,0.8769160965515652,0.7578512511486342,0.8132755319982079,0.8442860136793428,0.8084258304645936,0.7746410761063596,0.8008215401491424,0.8307098352142012,0.7984495005034817,0.8384880064445394,0.8525679188486813,0.7630970345750805,0.7527201717547378,0.8951183356645328,0.7568729325063063,0.8095960892339633,0.659687840669166,0.7885967866854912,0.8139640555585906,0.7804768269272256,0.7833907880570709,0.8489227531104611,0.8004422407896201,0.7854146709621482,0.7761326502364764,0.7651250738263212,0.7656964135941018,0.8298620984408764,0.90820933291446,0.7934720772593201,0.7747258074265895,0.754340018018986,0.7850862930220013,0.7778825101705358,0.7323408492857337,0.8489497073830173,0.7698349278490816,0.7108463094897595,0.7482766484491784,0.7634092305956317,0.721923524199641,0.8872879420564003,0.6860532905705339,0.9118545112075149,0.686123959255859,0.8547254834754239,0.8625155905661058,0.7506584590884599,0.7051129032946284,0.7671410204968615,0.7723828127162198,0.8191250363535952,0.8524414997299627,0.6604493278982059,0.8059484333054212,0.8062038648808719,0.877039204998887,0.8834883963356199,0.8173594179329072,0.7772572207899123,0.8281178347775559,0.8014961204751377,0.8782800723941758,0.7671454059183845,0.8633005557704259,0.7490452841903679,0.8519471499754872,0.6189404986872299,0.8803585727894293,0.7437163736954576,0.8077809143253897,0.7441042961837637,0.9508328822393262,0.8369296396793059,0.8378849556663795,0.8911637638118691,0.8182297491511569,0.7789500577782347,0.6029486227645011,0.7537726410279021,0.879394752472619,0.8231508693532714
