0,1,2,3,4,5,6,7,8,9,10,11,12,13,14,15,16,17,18,19,20,21,22,23,24,25,26,27,28,29,30,31,32,33,34,35,36,37,38,39,40,41,42,43,44,45,46,47,48,49,50,51,52,53,54,55,56,57,58,59,60,61,62,63,64,65,66,67,68,69,70,71,72,73,74,75,76,77,78,79,80,81,82,83,84,85,86,87,88,89,90,91,92,93,94,95,96,97,98,99,100,101,102,103,104,105,106,107,108,109,110,111,112,113,114,115,116,117,118,119,120,121,122,123,124,125,126,127,128,129,130,131,132,133,134,135,136,137,138,139,140,141,142,143,144,145,146,147,148,149,150,151,152,153,154,155,156,157,158,159,160,161,162,163
0.0,0.3434412395884511,0.3111789721046292,0.28416209089135425,0.25315611438707436,0.29118447611697307,0.2826575429511725,0.3375331560007752,0.3143392803794062,0.3442417459664508,0.3461986833247887,0.33315808338702063,0.42849885821296035,0.26815149373848196,0.3161627463425494,0.32738868831967316,0.33339935317107494,0.48533616015452924,0.36512750120152065,0.41396490541699754,0.3473182209783244,0.3229115338542443,0.31084363930173453,0.2933423303955413,0.427475202545878,0.2506677222104254,0.2760202145224963,0.29486028056251046,0.2889038823541995,0.2814727776030688,0.3413290167332094,0.3826695608487978,0.29708529866647626,0.2633549233474493,0.3906781942720107,0.34742342725760655,0.39195328794529766,0.39640688884842534,0.2681317305464811,0.3762320762718331,0.33147358998047816,0.3143597704726297,0.3522019327579074,0.3286030364567822,0.3387226128207223,0.391536398333009,0.2825345660342742,0.33491682629420544,0.4344279501842638,0.43946025198635297,0.3555357072710068,0.31196930221646557,0.27755728703420013,0.30493587511245607,0.3350627002786415,0.30073527361269026,0.46745404446000055,0.33018451799850823,0.3229434754793689,0.38387089151034326,0.2890566152800918,0.253511766827408,0.34336349557273727,0.2837823241851533,0.314186397560228,0.3582553527547864,0.28914167024118337,0.28309198058422014,0.32533336205212743,0.36386626537796174,0.3832110712748081,0.3251254258028483,0.31495362526658693,0.3545630990793972,0.3659528619556364,0.325063202146852,0.2579609049712814,0.2529589697018481,0.30092464869538743,0.2205633123107464,0.28765253306578814,0.3475685662809252,0.28130832400198036,0.32012665546388114,0.360691771170408,0.4111329546176211,0.3227722172356131,0.3361419125075772,0.3600424271519884,0.271269581250466,0.3706829838913637,0.2971724922202582,0.37848224782908246,0.370915274099407,0.3227193138971639,0.3043344108337269,0.23596835766853533,0.29271911728216715,0.2538340450055275,0.34249133894812184,0.26859919630704515,0.3106076364862366,0.29253803028209663,0.31754357550172807,0.3816021779629665,0.31094344355980374,0.34019226952422194,0.32098935526980776,0.3668778620876961,0.33833585390577997,0.33134248000836025,0.3983659592629884,0.32485216161216035,0.26934264607571007,0.3524084619533647,0.3310457750776184,0.3381917111905516,0.4160954706806692,0.2869242410112618,0.2571994743800549,0.3027179050919252,0.25714088871924523,0.31860143786209816,0.33996211151044775,0.27441000684491496,0.31921304550096286,0.25883194325578673,0.26291725129144655,0.30918155994004637,0.3758998570116625,0.2824539940258285,0.28757962891211175,0.26251994780474797,0.3004795515706125,0.351703964051124,0.2843142542399721,0.3038796519042641,0.3680301540331848,0.31479473773677635,0.40068118138100717,0.2618325405600394,0.3105934572424172,0.334005540210479,0.28836218396122404,0.35101852522647503,0.3244651837558016,0.29554934902589486,0.2615810833497883,0.40753437398521036,0.22329080883472147,0.39804869488676253,0.2996353957621068,0.4034178772645326,0.2691696034042215,0.36849871850949134,0.35846179121630156,0.33213009186439574,0.29053911520229925,0.27625910167576584,0.30423979405044715,0.2750695824816543,0.34808444648529685,0.23929996931922268,0.3977218245816449
0.3434412395884511,0.0,0.2945865141522696,0.3502065391578268,0.22772728600239597,0.37758313648514297,0.3182036712922801,0.3665782475520546,0.31656603326924343,0.4183013935448784,0.2896301993282735,0.3170543727870383,0.3313806800839166,0.33204624808551125,0.3361698611779417,0.25682038704138793,0.27832751072559353,0.31179136311877986,0.3164831932493402,0.2958240907983183,0.29501686930915033,0.3441036360518266,0.28377687336938484,0.2705942811123915,0.33554126090140596,0.2297047855611372,0.26581226641534095,0.2638908535641646,0.4025788009022752,0.2531714435603065,0.35981424032574055,0.3266734225428413,0.4039342918306423,0.24169254047594121,0.3042674262498634,0.3239709858585046,0.32189623513703364,0.33147590272459787,0.2991192716925608,0.3289857967448336,0.35200760265652736,0.333896405853176,0.23168114569407416,0.2761419116274372,0.3350591483692164,0.3018371208702213,0.26218804323539513,0.24378618910124636,0.3176970558249762,0.31796453947090697,0.3419956657772,0.28362553694555853,0.3589457954719006,0.3821857635590847,0.3411988725202545,0.4068952548461148,0.3361128530932871,0.27717017994694154,0.3243232163702543,0.3866761948764445,0.3715549101147344,0.2668564021965433,0.26765274980694354,0.2313461643022017,0.3039156200311422,0.28540889598075014,0.33972235721363614,0.28954458929118804,0.2509034749777393,0.32916906127014856,0.34196983994654395,0.30302985196444837,0.2769375634726648,0.34030066290119665,0.3436175740614046,0.30712452498659437,0.2772747439681047,0.3046462624413623,0.2659592526403334,0.2538585383514353,0.29515178847987267,0.3576323487753372,0.3483482014923827,0.28797017426528176,0.30959586665289357,0.41962284628488034,0.30224343508086426,0.2972477142898783,0.29782521186547734,0.38493034419578825,0.28711312472695444,0.3437625652690419,0.33930294614043316,0.34917262024913465,0.37233499745710197,0.3717928945816129,0.28549319490017444,0.28720893748166204,0.2665080427314817,0.3395547940659863,0.30557423118213173,0.26551018667975684,0.23725364379370822,0.28198613713997733,0.3142591521688493,0.2637254880267634,0.2768098699441745,0.29655357874078414,0.32728156171762435,0.32893503338263047,0.2866638359670253,0.29613798072560205,0.36117415582101453,0.2824349291718157,0.3262102768043541,0.36000084067296717,0.3002909607137319,0.25413040026378453,0.25923359997122886,0.2925242931484951,0.2844777640392012,0.3087926550133084,0.2981478124522776,0.3710769640945425,0.30934933520863606,0.36840335169573823,0.32409178018695006,0.3071737883511103,0.3121844368962816,0.3274477548611566,0.32664429620539037,0.2900688685650816,0.30223760668112204,0.3656770334786285,0.29785787702272737,0.27688738003021,0.25245627710276936,0.3129427224467621,0.25730369485126764,0.32887186969051047,0.29569559311903293,0.33008286199939674,0.44568854780091244,0.3110179608554222,0.3212451953016321,0.2652325187660989,0.34298338979214554,0.2961437299864122,0.3401207540345839,0.2099029271713645,0.29035071422275904,0.3506661743674163,0.28958653675889795,0.297502359279693,0.30179950786004306,0.37273552594550796,0.3441078944860023,0.30630723681922695,0.3142556178327622,0.3055776281566005,0.30029377503890264,0.372708565871098,0.2772742771051625,0.3127595141112757
0.3111789721046292,0.2945865141522696,0.0,0.28727577726805537,0.29139782453623686,0.3421344696277795,0.2713732315019838,0.30972459750088915,0.23828831343224582,0.3279571116996393,0.36582121747913765,0.2937040812613817,0.3795748668465733,0.2360575507523739,0.27333409870688696,0.4050202257580873,0.3565539552136594,0.3015741536566052,0.2532834449285256,0.23800934632575277,0.378857435397328,0.38007063881230085,0.24696568308810435,0.30687879148955155,0.2877373046905206,0.3032041649522243,0.2516265970567329,0.2554711230340086,0.26908451599956706,0.31996831041852136,0.2383082223705691,0.3277860427629512,0.25784369528728984,0.2113875970471344,0.2339110937683309,0.2622216921910818,0.3434921257039457,0.28013665461632253,0.24857409937324232,0.33166478242796593,0.28292190710826565,0.35255994020704734,0.2690217821897772,0.29720894724485175,0.2698473493007526,0.2937732889236322,0.2919303255882296,0.31840672614945936,0.2838609655727123,0.2874184621888758,0.3426186729595803,0.332367689475303,0.22087924560675418,0.30372666419190975,0.2741907160693828,0.26920449106598804,0.2917153495371954,0.37025497094754267,0.2640415991006849,0.28540567132606554,0.27548605633796375,0.23182985223941102,0.3345304686521674,0.2046894010200704,0.2390145326427095,0.27105265902628645,0.26701238120582416,0.3383017923379375,0.2679071529144137,0.3232368426892642,0.333203746813104,0.225201246274296,0.2740743978360346,0.45012640549968225,0.3239072320067654,0.2267858650163438,0.33165391527366855,0.32065327213664896,0.2242426053453473,0.2545652660672626,0.30381255344848684,0.28075442939987105,0.32761886169273485,0.2610713028930669,0.27138263264517776,0.3154011374611305,0.26134090461833304,0.23333044934093672,0.2596022372163436,0.23979325714597505,0.3649737435023452,0.22220061209347336,0.30109581116745326,0.24609848535982792,0.27437664323380906,0.2606829234879185,0.20330824123493826,0.24099636419189097,0.1997573942917603,0.28581208439073036,0.20225512876912718,0.2834274598622789,0.2207972603341152,0.24210910127798352,0.26307586422433943,0.3372749827578994,0.289428017138093,0.26346831104572427,0.30476042554642985,0.3594741895085885,0.3001542964068981,0.2506325098177059,0.28822084228712036,0.2445966853232025,0.24785660125762918,0.37864563244691285,0.23282299080630675,0.2784541039486825,0.3054964086775492,0.2432831149896463,0.3166512854087193,0.2412063392473834,0.23669274364488294,0.34914533046970986,0.2023193617005504,0.30934987820959203,0.25633517351814816,0.30557800571947596,0.26158974562238685,0.2709623493722745,0.26478907538258056,0.4303609494158119,0.22921611803209127,0.230767125053626,0.26467250715926477,0.22526103283224713,0.23022132972568418,0.25361190308860576,0.23632409430633586,0.2772614079850574,0.21357967384294674,0.26806879116042676,0.27762601567609924,0.2462361032909981,0.28620715945244873,0.2208104764073342,0.3239032983741594,0.2878128148454088,0.277339270695594,0.19815293214512014,0.23815577902223994,0.21529138962508057,0.27909104364447385,0.3383199822892905,0.3025112989320295,0.28559366747578796,0.36027475087752653,0.4157444419063546,0.20438802629075647,0.2924991607676653,0.2729657798105361,0.2351907173218641,0.23301629516194391,0.35791749927877986
0.28416209089135425,0.3502065391578268,0.28727577726805537,0.0,0.21863233761783302,0.29356455245453533,0.30544885043538217,0.31783214122530884,0.2520933557597587,0.3649917993593228,0.3116134140287827,0.28525119878174127,0.2986360980005361,0.284334439209641,0.30547412817991226,0.25152661485865757,0.2710092256396264,0.29784068594678376,0.29791611278442626,0.25074660667149196,0.30694788594385414,0.2917598752648392,0.2771942054412736,0.23920783683098748,0.3291994267805943,0.25670326665437965,0.2842579922533646,0.2662763799521314,0.31601429286854993,0.2112602300355081,0.29417295129626797,0.2982220959372679,0.38780189782124314,0.25022320960695205,0.2689918428358262,0.33492692964405146,0.3015697522066624,0.29912231535799055,0.294367159899043,0.32942434672086174,0.3096498163895452,0.30058454824824776,0.2386429007560141,0.2888886168932779,0.29228338831187467,0.291095574493803,0.19331334681678616,0.2634216391654896,0.3014688855279909,0.28282348729791645,0.36118206339816883,0.2778031534827041,0.2925218074856139,0.41315370464938456,0.3525143786973304,0.28550227187443916,0.3145060727415545,0.28665891538345084,0.31997306693207783,0.333576314937852,0.3984487149115682,0.25839942398320276,0.2770027968438085,0.22401008729960828,0.31078587095108795,0.3198598452572274,0.3995532820764313,0.2413105293902642,0.2718214191625456,0.32604446320235125,0.30032467581699895,0.2655835724371386,0.3098913455161736,0.39813541862622476,0.32526667319591707,0.26224993028526256,0.34353765544390563,0.28205144568614304,0.2520224909952681,0.21988216307269343,0.28306536111304537,0.37259082790987064,0.25127182456419495,0.2802507320990451,0.3504924643905807,0.2924494408860269,0.3505396057279481,0.31640721990465825,0.28065833049764977,0.2884820433219601,0.3009692762549605,0.2940216435561355,0.2944935930222472,0.29472066093417176,0.37373875987942223,0.29624139638857455,0.25534834738767076,0.27541836179796997,0.2528107326686158,0.3201701285033289,0.28003009891839165,0.33532524546526243,0.3102663176598469,0.28003303445780586,0.2998642892008388,0.2399637928447136,0.3028606577645848,0.26100162040709357,0.2905634624784055,0.27777664379780725,0.328855858925864,0.30588997003157337,0.40849288087328883,0.32123191556176595,0.2848174009982846,0.26528736264530167,0.28011707590129437,0.2546770766448946,0.2963781631039132,0.3017320931577149,0.2562218154048566,0.3552941712061575,0.2647268058860206,0.304174107520445,0.2567149553415577,0.30910111257867073,0.32580650217839735,0.2639727229287318,0.3117900465474053,0.32319084439551793,0.25016104538173356,0.3006740483628836,0.3291099746681952,0.32415101047539885,0.32446610173784596,0.23560583222815462,0.18811268105027798,0.2821515304587864,0.278484471054492,0.3220469354121364,0.3443906003401913,0.29819923806358484,0.3833468556972487,0.32161411462408995,0.30448039282292877,0.24819434257660697,0.2692651163403937,0.27043416139678655,0.2775218952520991,0.201924880662569,0.31839588130018687,0.3121894682030391,0.3053602149579756,0.2663051556354167,0.31912280661695347,0.34535449669152307,0.3090317029271414,0.2826065445721167,0.3473579671803018,0.3113374434353352,0.315918812003248,0.2949679313074539,0.3109294117994467,0.2955384005204029
0.25315611438707436,0.22772728600239597,0.29139782453623686,0.21863233761783302,0.0,0.22131669612000016,0.2723253531998675,0.1982060483494245,0.2189020198236367,0.24159403930303663,0.2911456518408093,0.23338144760933383,0.22432340960964367,0.2062360724090309,0.25876608786918415,0.25819320396299417,0.23184776167051796,0.24632531772678942,0.2007516269556936,0.19892315009245692,0.2593616103239384,0.28694806791907373,0.2175091399890108,0.24703186194036758,0.2257098214574753,0.23062787259651027,0.19867780636217022,0.179156439746668,0.2399024754835738,0.2509172509675388,0.23688745454961727,0.2203957691644627,0.21216120230726926,0.17286277117056462,0.24516996041944555,0.2296198052555359,0.2586644190198019,0.2241161213079503,0.25514096321746754,0.2368155987090407,0.2262557106690254,0.2783304769782413,0.2341210278535624,0.29302613255279464,0.19185803881302002,0.2067231529135001,0.23988344925645355,0.30824255428336933,0.2542616275343326,0.23487829537522778,0.26408645744423065,0.22373156492168425,0.19604642678121295,0.23753338936542523,0.24983072871689824,0.21185042392687933,0.21982293526304736,0.27660728305284676,0.2166873800562728,0.20875888988888294,0.1901515942508699,0.18707993216023858,0.2228089888478844,0.2003833583491527,0.2295839641929756,0.18696168686165482,0.21226590380269758,0.25627201486861884,0.2031061074028769,0.23627689130054927,0.2696830944501832,0.2115131787695651,0.2038690196141428,0.24232181743203243,0.2042406755021856,0.1922712327333884,0.2405553158368239,0.34800279048396665,0.17898236204368662,0.22210838763779617,0.23003779023011078,0.24479098000102803,0.264233252061779,0.1799529804126215,0.2091151591712937,0.21000521024984511,0.21601073680865465,0.21523993842546194,0.1864253965002192,0.20213934443002543,0.32918823420399507,0.2210287759047185,0.29255921259857653,0.19307841948458448,0.23517044904830497,0.23496100636535105,0.16489898035763167,0.18567118970896582,0.21225194575706313,0.19179537837562505,0.201584926604421,0.2119057323995984,0.1997992850706526,0.20090605177703694,0.20657226720071806,0.21422977734196186,0.1915054378016691,0.20753905250281376,0.23650382751487356,0.2521217663647865,0.24806600407210902,0.23687352935780467,0.2134965405486886,0.21559473919470426,0.19432820871551823,0.22726889371951822,0.18521190460777692,0.2617436866844635,0.212405033519844,0.21448329925573173,0.32711066503372865,0.19877978092466453,0.1911490530561058,0.2857888285560741,0.2185982286993273,0.23747850383748853,0.1945371053943338,0.24526921694337608,0.1955290367287343,0.22918248516862752,0.20051346113835358,0.24550335196537518,0.19157720870683156,0.22582246424546182,0.23115483036644738,0.23613963441675148,0.20183231637116164,0.2553900652761308,0.20339448563215945,0.2490260963326588,0.1889105832193784,0.24119481868396928,0.2333468473509439,0.21865137706430915,0.25914714339914596,0.20464810400621516,0.27630327701635093,0.22207153450347553,0.21370489336481238,0.16777970787352925,0.2153312663674719,0.20474305805907575,0.24287883107387545,0.24468495620959205,0.2325209803617513,0.24290634369067385,0.2240836887768173,0.2656418440268935,0.20922679944311537,0.22649530454268804,0.20117546649153267,0.21531237461582223,0.2028365572760539,0.3337331538080841
0.29118447611697307,0.37758313648514297,0.3421344696277795,0.29356455245453533,0.22131669612000016,0.0,0.27350483387300145,0.3052412614290181,0.2639133608585673,0.3161672957601933,0.29548172094156144,0.33009983057740344,0.3489946422495922,0.23444574367399468,0.2931662199546767,0.3069511635847842,0.307108850265285,0.2345832134200765,0.27140899999416834,0.24605399972379624,0.32112917311153816,0.32250482367655103,0.20704420773563095,0.2400950207781262,0.27894748017830545,0.23853402896936515,0.2196547618556909,0.23541185135319512,0.31990952065071754,0.27026790906151343,0.28502523353288817,0.36797687516219957,0.3312710044378318,0.2173771489444948,0.23578017468998927,0.25259826134669566,0.30791574223686613,0.26323486368323534,0.281919546088062,0.268548196154368,0.29149655914075234,0.3288396372450049,0.2481778365673114,0.3013959436401915,0.24970186871397637,0.26627992654606175,0.2550683135433453,0.25886409105700564,0.23395203812095866,0.28657557451172805,0.34061234619486,0.33543341832804935,0.2614946103784011,0.3326171032127587,0.28734689874573405,0.3552814649477998,0.29616649536730216,0.3611556610159575,0.22796014412812649,0.2776666575378708,0.3362739305624734,0.28607833660891024,0.3301388341926393,0.1865890900514231,0.2508559162142017,0.2591566580348012,0.2742934594700465,0.31104762188961915,0.20995194372877338,0.27936727160319713,0.35109178314151224,0.2208236832784565,0.2574188793099126,0.3334821605668401,0.33634425288740283,0.24759664767352293,0.31874428237850355,0.28575322068208986,0.2242656159334477,0.32186852387812614,0.3746284750846298,0.2961715245175062,0.3228039221915422,0.2726659319905149,0.2756639110594558,0.2969897336183234,0.2901771783549898,0.2499344995051584,0.28649738080188514,0.28161392898203896,0.309063740086039,0.28846204074388754,0.31832666675639354,0.2711674723414384,0.2730482173340383,0.3272737268017496,0.25717734836541684,0.2655811061604548,0.2215043279142382,0.289177079207456,0.2309703369835556,0.255630969183807,0.21874893062573192,0.23138659161829184,0.27888830320487074,0.31904529077046445,0.3048548315031569,0.2508935598861379,0.27504104343629837,0.3053290534787523,0.29325657281857526,0.24156551387260294,0.35835965320011065,0.27361289159510743,0.25756916980825717,0.3553588764452313,0.269837824322204,0.23468008973037627,0.3105226138820552,0.2650387449298788,0.27252456232150857,0.2963963133036219,0.2556799045078798,0.3723706544691375,0.25417692736208175,0.3476453622133175,0.3164131171855202,0.28586517158005414,0.2656830957562312,0.24529128789331717,0.29395576027265014,0.42622822353586376,0.2656962773064939,0.28983076098987653,0.24660771857895586,0.25198793847132656,0.24583514599792183,0.23763958145354794,0.19961574895046474,0.27082990882807945,0.24375218357815043,0.30854476052048185,0.3032078040578835,0.2640729934976215,0.28409901422446987,0.22436165687542753,0.35838036977535426,0.33210402287506025,0.26647596117704303,0.20501695869771847,0.2468918218558578,0.26882400592853045,0.23073249728927886,0.2720848126732591,0.3004051316983161,0.28660589058955316,0.3052084452101552,0.36763885487515297,0.23499327807147893,0.33649804892501334,0.2511856125283813,0.28742536582288447,0.24892808584105247,0.30079684290518427
0.2826575429511725,0.3182036712922801,0.2713732315019838,0.30544885043538217,0.2723253531998675,0.27350483387300145,0.0,0.23240904258807174,0.2502348650416396,0.3101279002908315,0.30554659774509296,0.31735741223338704,0.2821026945467092,0.262275406219803,0.3755657114453211,0.23690072955656175,0.2386962824278392,0.2709438209740948,0.2537013585812315,0.2119586080521811,0.2799006471226949,0.36059082617655397,0.29316649717135373,0.2928526950115426,0.29179567418675223,0.2581704404075399,0.2318940092918084,0.20179924911664474,0.3346883343228681,0.24609959643978332,0.28407896252614856,0.27996880011259523,0.33602822241150593,0.22064772724493467,0.2411633676393494,0.2650128283889193,0.35411638813021806,0.23775340664890507,0.32051653017700776,0.3289139452353352,0.30840876239069204,0.3091443390826414,0.26922433032984205,0.3189961015427481,0.25863534095831914,0.2646061774199866,0.2551536549637097,0.2834754753557121,0.3596093351933653,0.2510081422571226,0.3529647147182661,0.24368765036637755,0.24131810076041887,0.35264662179511136,0.3510043398739789,0.2900257289053352,0.2602620053517547,0.2687989446627345,0.28948575075998784,0.2528425427745842,0.24186265243915636,0.2427379410744386,0.23248133534316218,0.21741316701257982,0.2619878427613193,0.22396764032747812,0.31733804009227495,0.3489734922841434,0.22709082489009613,0.25479760570535454,0.35896074965575564,0.236115486148717,0.22606650051672536,0.31646627128291616,0.21111922913044098,0.24808977772165403,0.3430433364655548,0.3266857290131983,0.20995922536978195,0.23182243485794254,0.2772696221486528,0.32178606755238875,0.31615780115650804,0.19806903705138898,0.2396779171650124,0.2509128409581217,0.24977302319735176,0.27564755049317635,0.23102937939270787,0.28138332974612895,0.32950561364992664,0.34452714791070427,0.32561471078577403,0.24713272260283398,0.3017452426457945,0.3847449695563607,0.20769238975907015,0.24462645713764675,0.24138050954593598,0.2590772406826157,0.26840490951172424,0.2736069225524278,0.2643508661826294,0.2623445507640924,0.22696897898013915,0.245231851611105,0.22859575486707703,0.23209583505017262,0.32374416222899405,0.3208637871690506,0.36082880144106577,0.2636384705132772,0.2709370311862847,0.22576895638136857,0.23197333595936687,0.25848278544644737,0.22326747037908992,0.3004256917840888,0.26083117942243295,0.23311976644936463,0.2748390321450161,0.2489340975314761,0.2211167717824268,0.3652920337963093,0.24743210656470024,0.34474282244099136,0.24067751410970992,0.3081349793368362,0.23310253510356088,0.28724987728275975,0.21569259062644994,0.23694244830495187,0.22856992132970352,0.2629521276950378,0.25659841407167494,0.28157673457298005,0.23373780410186767,0.29784043374139424,0.24179363766222844,0.3148305424417256,0.2806404925105599,0.2757311702795213,0.3201182837278751,0.261119105749156,0.32006676715212856,0.2731651331391535,0.3138886977859874,0.31304626261457896,0.25155111631601385,0.17180974447426667,0.25784601442654226,0.2801652240897965,0.25785419812809013,0.34209913903207256,0.31148320336612,0.3255146808652758,0.30861000430355695,0.3082340955819109,0.30415804612854946,0.3009602824157371,0.2602358114608304,0.2560262144978864,0.2713667961801237,0.3302681852047628
0.3375331560007752,0.3665782475520546,0.30972459750088915,0.31783214122530884,0.1982060483494245,0.3052412614290181,0.23240904258807174,0.0,0.3151036952277968,0.38593501790946305,0.2801546236060819,0.31449639879032587,0.37053189717855733,0.2629787280179767,0.25980551553977255,0.2987423683428479,0.2976665318064974,0.3104732754271594,0.29899837594078854,0.3134248509447226,0.29803706857400963,0.2550531768458648,0.2702690437660671,0.23513929799321048,0.36266910828407245,0.2420319427705772,0.32378526419472037,0.31219512968130736,0.2574981467149976,0.2548210168377174,0.36549695997050674,0.33599259926611735,0.2873223921601023,0.26323517873121427,0.30911740726478704,0.3289450233291095,0.3304719158447538,0.35542791857186967,0.2586610826634754,0.30947659014417334,0.29705568215473765,0.29583812051724767,0.2519575366694641,0.2568099702070393,0.3774856868987158,0.3198685743395786,0.23943510225881223,0.25223660946638937,0.29670568619444326,0.3018238670804059,0.29524310512293855,0.27325417631492954,0.26605031284281966,0.2777536979813124,0.28789047161352704,0.32062604290378477,0.3172596338621004,0.33778134619518463,0.30649521197263785,0.3377305158789925,0.4048531730407175,0.24043931755409775,0.29164657948079914,0.24211402223917397,0.25241080930017734,0.3060167059753672,0.3329964148673652,0.2476557552943619,0.28844780443675677,0.4515032039412519,0.2890438314793629,0.3003171461660022,0.3273332390509822,0.35574650827602095,0.4029688675596309,0.3008234495321631,0.28093835111906534,0.2402041459104825,0.30498620337841503,0.21648336815919358,0.274194121020484,0.30668451754200576,0.2737539430387073,0.35459676494185355,0.3618007521031788,0.4323111668460615,0.426375413843883,0.3041136377629019,0.39557083930967374,0.30989754697106464,0.2813995704743435,0.2889318999410824,0.2754330782551748,0.30325463424676324,0.32323266815132884,0.2948947466673975,0.2685799028262728,0.331635022202513,0.2356325046930104,0.39900637498413405,0.25701715659070845,0.3334081988500374,0.27997802829622237,0.3231009087967975,0.3697508033149164,0.30129375316944984,0.31775973924999273,0.3258307058484591,0.30030632063083357,0.2953018963022224,0.26503277617800963,0.3077610718828085,0.36183366898721186,0.32228036453733455,0.3009002944973868,0.3395784368813391,0.3471062048701307,0.26135465537030467,0.2642188549417108,0.2909417376760739,0.25446869755594614,0.38641659471299034,0.27396217626788255,0.2925381005511437,0.2616008404540756,0.3041782065601165,0.28516005762631486,0.283659858831516,0.31577457468374803,0.28968651592677624,0.3612218321336676,0.29786559950034747,0.33897149450859176,0.2836919069687355,0.3140672656893052,0.21814351725470035,0.2385678847583858,0.2748444963281874,0.2831639549148239,0.3272924911421014,0.26321316287474017,0.2618764675456335,0.3546279168173585,0.2881087768242001,0.3046510556899606,0.27534071389981873,0.2870650585635021,0.2625801137239988,0.3625626942513343,0.22011666968840335,0.3611233142824451,0.2906598270644951,0.2793110722680067,0.27122537891678045,0.3445486177705148,0.3574452662544804,0.3054745176169875,0.3208199457608593,0.25465987363081705,0.28499048563855695,0.28137264712760107,0.3440327668985453,0.2892225775692444,0.2882290146366085
0.3143392803794062,0.31656603326924343,0.23828831343224582,0.2520933557597587,0.2189020198236367,0.2639133608585673,0.2502348650416396,0.3151036952277968,0.0,0.284682395115055,0.2475692336728833,0.25745831180112405,0.2494274032621195,0.3097895306719074,0.26787175409426117,0.23193687729946463,0.2248561571308927,0.2847594745345317,0.2477507584578986,0.2851515545854471,0.23138443504379103,0.3337707472726002,0.21864532021164845,0.20763134021521656,0.27816943969481817,0.18799572357686345,0.2758006120868515,0.23647888838145117,0.25053114806196114,0.2829233660948154,0.3718886819067654,0.2672265214797906,0.27188499521475523,0.19734754066784585,0.30339196887034015,0.26834268239119,0.25974364513307796,0.3186124345126616,0.2693878533663839,0.22851967363567785,0.2370974520586315,0.30639334096926985,0.22357579884985912,0.24748829288744045,0.2613968958816626,0.23083254289454458,0.2060346622554314,0.22358355197446517,0.2513648688877768,0.267695286086271,0.2510816201724683,0.20423009747996942,0.28700010563690637,0.2607225874522964,0.26034806471814254,0.32634467730790906,0.2590107127735075,0.264430741723025,0.272242730014715,0.24590611588339487,0.275205062529678,0.24832066503656247,0.22165069834169485,0.2530815481036327,0.27509464897798,0.23061963226042947,0.3024629021932525,0.26026338899111406,0.24898964750361363,0.31547349273549535,0.30175332982964437,0.27998355743632686,0.29486355354463073,0.2439763936452866,0.2935098600574745,0.2598869893951308,0.22262215513502825,0.215518000431253,0.22429981079041553,0.20311946251200927,0.24143711140449095,0.3812921274433029,0.3083836581212408,0.2388657771573486,0.2713598409434031,0.3031222718139864,0.30302644956753544,0.32552129328779567,0.26792331308241796,0.35013515737501827,0.2743263436740112,0.36841085873563917,0.2738976733840519,0.24359741723878683,0.34809971277604673,0.32716474415190416,0.30230066703157144,0.2538231302020552,0.3000378263162733,0.24607505674979976,0.30743520257545204,0.23945795672335907,0.25090119731616567,0.2593998991369367,0.3156362008022296,0.21237915346996863,0.2164768374046559,0.24750090152666102,0.22883110595000486,0.22669779651592306,0.21818571136576292,0.2856513473431802,0.2925603035648182,0.34517702715255477,0.22759450169691353,0.24127306192574802,0.25278349684891066,0.2579642354526723,0.19661480208040238,0.29705153873369305,0.24762122637177159,0.28740223331118486,0.22741819095705706,0.26244762757863105,0.3902457900031589,0.24816563978782674,0.26373201965802895,0.23716631051551681,0.2189340758757431,0.27818021754106764,0.37729654736014234,0.2637602165610027,0.28425337378805277,0.3668263424672474,0.27094133400739717,0.2509825805816661,0.22512789677909,0.24105954140954253,0.2501291643862305,0.3201278721347253,0.2864716456208231,0.2810395537576121,0.3454550144448448,0.3772936289194823,0.2689363824425415,0.24402086306474066,0.35090652503638,0.24518140826977816,0.2829853117553845,0.20153629989728095,0.3129154143068808,0.3058986367385951,0.2700051851260661,0.24301803576229247,0.2534824067801149,0.33254272690621633,0.25145877386272064,0.24067536668156636,0.30791733778892316,0.24572271415908548,0.22071891483018524,0.3271579521084341,0.31138216504448546,0.286874280021376
0.3442417459664508,0.4183013935448784,0.3279571116996393,0.3649917993593228,0.24159403930303663,0.3161672957601933,0.3101279002908315,0.38593501790946305,0.284682395115055,0.0,0.27509347841082055,0.2658336104039015,0.36388999430260194,0.30522114613125395,0.2955613511330908,0.27453796025677724,0.2940815056993229,0.367654360738053,0.2835815176118164,0.26759937728733596,0.28521904877281906,0.28609086349347457,0.34148503627412324,0.2439051397925654,0.42003009386497214,0.2395134517550282,0.30554439489489943,0.2938853537394182,0.32575673395409566,0.25883418984078177,0.3426121674991945,0.34147685449680093,0.28428577187983933,0.25006032458179794,0.2958078752552558,0.2970912270410709,0.3558701658588353,0.3107792912894548,0.23591931612740222,0.33095853286438487,0.26986615153146215,0.3628061953706972,0.25407910124543764,0.2609101934520527,0.31178605584727226,0.3079475519955509,0.2519592726793011,0.24976409776764852,0.3659576675925242,0.2700954730408407,0.3262586772657137,0.25724229737225884,0.27697463438477304,0.3044847875848691,0.3158500242994117,0.3831974367287692,0.29307992706155117,0.27080092186657106,0.352295635854539,0.32315113379271937,0.35841948224334913,0.2575131632657412,0.2553646048731215,0.2318643576419119,0.29106007414647117,0.29298752781606835,0.3338421885464335,0.29942706206047565,0.304465871951668,0.4091004475582956,0.3073944615537581,0.31206983973620545,0.2819649808290703,0.37375183740686446,0.3282600436588415,0.32051734678991767,0.29229857970959183,0.3044183315182856,0.25306113994895046,0.25807602181548844,0.3295533806544602,0.3312415547663584,0.3226820042384807,0.3178572478825186,0.32326517039664393,0.35066760660128155,0.34707305200512756,0.3309953907636014,0.36630643989582995,0.30175851128401054,0.29723866646566877,0.3030971375922642,0.3108574352354858,0.27899727437983474,0.35881508300907383,0.3238720929484455,0.22385348393169882,0.3026103437594343,0.2615636842279865,0.3688870411917142,0.2781201317908116,0.311062154977335,0.27519338717022035,0.3185806797429028,0.2964114098292818,0.27789598168925767,0.2927950393087632,0.36585073099308624,0.3163619629739273,0.3121895731268374,0.2737750490874552,0.29074980246605175,0.3928310411188809,0.33063163062723144,0.2816199863917103,0.32431802662979836,0.3182657066234733,0.29476953593328403,0.28088156566383293,0.32368909390521644,0.25568895938987524,0.32885624800090896,0.26022262287871684,0.3413809965923111,0.26814228969336606,0.32800609835583,0.318391080338607,0.27079737030871515,0.30282994476020964,0.33268234099353877,0.3803418874711868,0.2959055415221311,0.3174224685597062,0.2717902723781518,0.2750151720695455,0.24696718451309102,0.23749122202620299,0.2971915983612819,0.280932376200907,0.3409386684981453,0.28992681071412335,0.31045078339945686,0.3806519110658302,0.27520533487556326,0.3076105224782479,0.2846512192351551,0.2635205698006891,0.3378056599344195,0.3845814224978253,0.21390989503036856,0.28092446814804906,0.33603999518147804,0.2689858275540204,0.3146095664245273,0.3255474054658829,0.3814773738528076,0.3120087407742271,0.3623200716641155,0.29398858541919676,0.351839780024562,0.417092394091942,0.35647671393451186,0.3265855185025961,0.29465251122703984
0.3461986833247887,0.2896301993282735,0.36582121747913765,0.3116134140287827,0.2911456518408093,0.29548172094156144,0.30554659774509296,0.2801546236060819,0.2475692336728833,0.27509347841082055,0.0,0.36762313555540826,0.3476482082795603,0.24631278274959786,0.28410530557820823,0.35739483865281435,0.35362123725374883,0.32977268817598504,0.29214397097999406,0.2596492107775413,0.3808137813829616,0.359985433344002,0.27468023208331127,0.3085603146897044,0.30504335007980393,0.3157804384110457,0.2802387417913384,0.2716319645722504,0.3293055536321569,0.3145314410099322,0.2612052362532772,0.3164796641913611,0.28340190190738007,0.22458118591968304,0.27650873542327564,0.31167296271024025,0.397077420420571,0.32952710740632646,0.32270985345233777,0.34755086100331806,0.32218753317826637,0.33055900571378954,0.30257993190116605,0.3659519647616247,0.26970191464965027,0.28861993333678987,0.23467934660617867,0.3864199587643891,0.34230655726986964,0.30312584430313555,0.387973594426415,0.3015222387162248,0.23736465932645787,0.3481795446191124,0.36370891061303656,0.23861442765451263,0.3532841332738411,0.42140970685175916,0.2825447049037816,0.3080459591270112,0.27779326759610384,0.21699147285662154,0.3558611884009811,0.2293114490824987,0.23763427062437079,0.26856042802557484,0.28562917278105,0.28494146549937027,0.28657889524101926,0.31811670099344497,0.3392517003339647,0.25008125209743415,0.2924383715521523,0.3957751743358803,0.3235694616863721,0.2513831986127909,0.3713970410264029,0.30546984344558614,0.24527644511646146,0.23658454690184672,0.29139044631160904,0.27426242069997775,0.28869418403754027,0.264127904462146,0.28777714808483157,0.29801932511803014,0.3010148142338826,0.2593651165251122,0.24675704578206378,0.25265388426707636,0.49252199760915133,0.23001799224069802,0.36974782414820573,0.29597197016971094,0.2863699277600139,0.28525344056200724,0.2107439502311873,0.22328940878992218,0.21962779080449418,0.26241496371797174,0.2465140082547829,0.29512799792009226,0.2575985846128151,0.24119094979916686,0.29287631831632394,0.2758927062107216,0.270876251980794,0.2621517582234407,0.3072638922513643,0.3618871832213299,0.4075750904134448,0.30338432395388254,0.28434099039918376,0.2726566374752656,0.28452007782296984,0.33605135141728504,0.24902229008238522,0.3212311648086171,0.2994348493131379,0.24877064891517095,0.35553596967889406,0.24656780595874403,0.26043209075853546,0.36848391448259005,0.23134347328696828,0.35812710092234645,0.22669559896582459,0.3179350880070545,0.2690991329961976,0.2828702175536796,0.23518926489974915,0.34565471435425693,0.2699867602619647,0.27994967524838676,0.32923234113316424,0.24877726334933775,0.25146968807380865,0.2904056133361089,0.26268597002894883,0.3228698349925127,0.2477797131831914,0.28943639284930583,0.2665718097509112,0.26779097774171245,0.38957737836366413,0.24286075949334807,0.30515240568959334,0.2674770163530131,0.2697650757808251,0.21478614865475923,0.3323383654824878,0.24749137285170963,0.38651081226840767,0.28699181079465713,0.3063958263493505,0.3105750592465153,0.354079015017181,0.33075280907532645,0.250887939866537,0.2934000868135406,0.24363668170682065,0.28660946829251394,0.22929431215386978,0.4977284350365014
0.33315808338702063,0.3170543727870383,0.2937040812613817,0.28525119878174127,0.23338144760933383,0.33009983057740344,0.31735741223338704,0.31449639879032587,0.25745831180112405,0.2658336104039015,0.36762313555540826,0.0,0.3036224717066707,0.20025063880046529,0.27710568970963845,0.3149762030062401,0.3179767586035681,0.2700537285713208,0.3544855721305733,0.27720033517161824,0.40313591020070794,0.2914276458950186,0.27747497688311273,0.330249539593803,0.3590952896100401,0.29138722625849767,0.2540646771157016,0.24267031657426785,0.28018496401422394,0.3169948725336667,0.30148394321776883,0.3080856713139478,0.29132692690012635,0.2689534043888705,0.263949253609318,0.2918398178775179,0.37476740206967524,0.3045139829832247,0.3334538496430872,0.3367577647123208,0.35291136258345956,0.31321300968500054,0.3056459766175796,0.3430688841869087,0.29788904761860735,0.31794477010536015,0.30173021595509336,0.3210713521927584,0.3247621529262647,0.3077403800330678,0.3709725646236805,0.3481400166742973,0.22758676578744977,0.33508009192181765,0.32290415545127393,0.27725307356515305,0.37686084922793134,0.409012529307832,0.23595109997632507,0.297361632611523,0.2498071610012495,0.21798719587372442,0.3369443763185233,0.22149522862522422,0.23540161477663993,0.2834456011226613,0.2563799285469787,0.2638525139937928,0.23042769170226524,0.2725356585359879,0.3118864752200722,0.23095952568219194,0.25357521913494746,0.32698203106182155,0.28536491798983304,0.25402303659120595,0.29675575923504893,0.2923445022452291,0.26281451896508096,0.22939030174254496,0.27953801971419545,0.28537265676859064,0.3027664451528666,0.2461832119075282,0.3155376648880858,0.3540722923260011,0.27729217267132994,0.2474480905665806,0.2879949839301662,0.2908172880362145,0.35382645050495815,0.26904882273948333,0.31142403767891347,0.31200904118816464,0.2530760518245184,0.34408745338279173,0.21570008013352665,0.29245260229323616,0.2094209986719316,0.2733717897496265,0.22337811937940877,0.27388157548914066,0.2890183552612469,0.30409317124744556,0.2690839493786358,0.3106528756500521,0.31170593005630043,0.2706273450470237,0.31701190791017597,0.4177819819187337,0.4649060098380305,0.3290629525320827,0.26795689264300115,0.2499832532296936,0.2836660424537038,0.36240208710107874,0.2773336776555527,0.31118202931265043,0.31668347955511283,0.22291519639996282,0.2855619150837514,0.2550495858998065,0.27436252929412225,0.3452200181652327,0.21647239274203603,0.37149912994929957,0.2283471594661543,0.3304633707519938,0.2850361794535733,0.2556822518096939,0.24693466415565227,0.2923125923271916,0.23568161463693338,0.2779782473088475,0.30005607236762266,0.2270871021976422,0.3108063510956262,0.29633785089454046,0.24584532049059743,0.3278557816991174,0.22077323414476507,0.2587956665632836,0.2868583691088863,0.25411711430671435,0.3556563316512103,0.31566323817133285,0.37930659737295536,0.262481149658513,0.31107026347035305,0.21169499812735762,0.3336831221984685,0.2526909535888734,0.306227018135294,0.29673171033057516,0.4116708245447839,0.28703967036760236,0.32181632614176786,0.3550802651350055,0.227481176891368,0.2766577641647159,0.21364402261355703,0.27436885568063046,0.22964069381513694,0.3720238138492809
