0,1,2,3,4,5,6,7,8,9,10,11,12,13,14,15,16,17,18,19,20,21,22,23,24,25,26,27,28,29,30,31,32,33,34,35,36,37,38,39,40,41,42,43,44,45,46,47,48,49,50,51,52,53,54,55,56,57,58,59,60,61,62,63,64,65,66,67,68,69,70,71,72,73,74,75,76,77,78,79,80,81,82,83,84,85,86,87,88,89,90,91,92,93,94,95,96,97,98,99,100,101,102,103,104,105,106,107,108,109,110,111,112,113,114,115,116,117,118,119,120,121,122,123,124,125,126,127,128,129,130,131,132,133,134,135,136,137,138,139,140,141,142,143,144,145,146,147,148,149,150,151,152,153,154,155,156,157,158,159,160,161,162,163
0.0,0.9147598329307418,0.9168235889618802,0.8208609844171451,0.8920956865019258,0.9169007775295519,0.7931602081685553,0.9142072932146346,0.9269816495301817,0.8907367524836844,0.867995940912017,0.7960779494987498,0.9540778194073204,0.8979519617449444,0.807147962953345,0.9382817321021124,0.924895531316475,0.9733671816126047,0.8954671888470748,0.9790629185695394,0.902194463097452,0.9315185427065201,0.8675725966111552,0.7660542777185718,0.9233968906296838,0.6933346826821883,0.8530290143159523,0.9124647488285789,0.8615447826412359,0.9120775164585609,0.8014964271258659,0.9438409415618568,0.805957840134429,0.7021485669094277,0.9517299502902222,0.8461117711985237,0.8859390847850178,0.9161663561290773,0.6849000618527169,0.8567963322858231,0.804710491521141,0.8779215476135712,0.8777126644244791,0.785955195586667,0.8317760698404384,0.8064043649663342,0.8549463265078505,0.8219729700694473,0.9107880512479305,0.9254641532986516,0.8854566014091955,0.9003954162364569,0.8464196056479996,0.7938584829288946,0.7939105279224593,0.8148948017278571,0.9396555368268642,0.9047543330681552,0.895795968937971,0.9261654074637837,0.856683628841526,0.810691546299155,0.8826129309524893,0.825972299843947,0.8055744102656041,0.7416163228164803,0.7421601791276321,0.8601805863536027,0.8913732591291166,0.9550516840431031,0.896616968520133,0.8734290684496655,0.8349326035489284,0.9209860813282911,0.9196690381922401,0.7653463611135045,0.7985538445841543,0.8184147945340045,0.7444380180800859,0.7114013574306886,0.7905732101773655,0.8989455905190769,0.8792360236591323,0.8866127877235088,0.8799439445329272,0.9383583931849749,0.9200198638042288,0.9066779806191351,0.8842511272030579,0.6885768824481201,0.9143550420886538,0.7967206814200444,0.9213887528589269,0.8106329126282774,0.8917207423613366,0.7840112714193899,0.7023279725306857,0.792943269789998,0.8047077868680408,0.8273870613962994,0.7337260777849136,0.7804135312710132,0.6851423856733462,0.8124764284526935,0.9214478051153238,0.8772787977821167,0.7664600899507479,0.9027517113917138,0.8007403017930936,0.7769144559323955,0.7435083023970346,0.8276318768313381,0.9082797398933858,0.8264339052223745,0.8479443924553015,0.9389974829428118,0.8968757231574086,0.913034619035893,0.8251289109955217,0.8541657615701412,0.8993485100288668,0.9070878499688001,0.9085847546593958,0.8311895969164426,0.8819572232431442,0.7741212809194147,0.8530284157219987,0.754479483049784,0.8517326808647625,0.8292195387347374,0.9006735564146465,0.9088457001367127,0.8786204566079874,0.8521129065741847,0.7682331191379737,0.7552012121680801,0.8496223985407277,0.8187158819655442,0.8668312571552242,0.8926347826751022,0.7859522132770994,0.9024001505252462,0.9333047724926588,0.8198317377736036,0.8075756828385411,0.8152916713344055,0.8665866571634154,0.7567797122359096,0.9356059880415631,0.7593262669998169,0.8614802016873808,0.8586715192551972,0.8878789678671515,0.7934771175692447,0.8268548008578662,0.8241272115524568,0.9075181788278525,0.8066058029320112,0.8207910587519895,0.8460300969529901,0.7265659151774814,0.9667842594471078,0.8875331634486111,0.9123052645605856
0.9147598329307418,0.0,0.9253287386863638,0.8526166837144754,0.82617288445957,0.9364467277162544,0.85858139411682,0.9710155710249186,0.8844446862850888,0.9401528337271221,0.8026424309096779,0.8845801847684605,0.936337296388245,0.8137635132326914,0.8864515742350877,0.8725193392617603,0.843023407096713,0.8756252811736535,0.8740014806800219,0.9168447253713543,0.9109651634777983,0.9239287402613845,0.85619955072488,0.8812207613035928,0.9332403525256081,0.7312236394578979,0.8179665601736379,0.8336527420737905,0.858315067222582,0.8458639051101068,0.8681814286389722,0.8795138264491068,0.8990795186548803,0.7562938865847602,0.8675930848343191,0.8236002142175601,0.9126024205845071,0.8101879669084092,0.7630294273862478,0.9006158351604087,0.8578873579101506,0.8410889181013907,0.8141760294060831,0.7993351574028572,0.9209667813795221,0.8506206256987083,0.8753661970323904,0.8185809368826675,0.8762128806570839,0.8393019024114027,0.8564286591587239,0.8863141442639699,0.7926768717220832,0.8547742027698289,0.7804094579920514,0.8845266014561793,0.8687830584354472,0.8466509115080004,0.841516198509249,0.9113944567125138,0.896191079199146,0.7435147975181832,0.7921764404439524,0.7327608872270908,0.7623552173787923,0.7291331176570863,0.8318552677941318,0.8898838074927442,0.7722136395283101,0.8881855985587358,0.9053585905674125,0.787628902462337,0.7271384518636603,0.9137550251465845,0.8371715945100698,0.7512048027472606,0.8095107681176286,0.8692108894255356,0.7612920486484045,0.6923515645684535,0.7769530729594686,0.9102585960973731,0.9466699627821678,0.8234948704706628,0.7716874330998185,0.9680718815812279,0.8665203782932533,0.7994040495088217,0.8842637423259531,0.810135033588679,0.8071125330735568,0.8633279220415094,0.8390796006425171,0.7857080770032233,0.80495412653786,0.8835202696682153,0.720854868331892,0.8670677849764237,0.6924284089545406,0.8866795042101301,0.7400375782784904,0.8020931890755525,0.6534116668864539,0.8833574545345005,0.8059789554818886,0.9153726939380789,0.7783730820942822,0.8811206084991868,0.8555013991964113,0.8973697134387667,0.7856348083282636,0.7294318372439618,0.8602575811152444,0.7406220568232934,0.8007129341962783,0.9318116974395224,0.8448262592547134,0.8420729228148492,0.7865703002636442,0.7711046437350103,0.8212404062321244,0.856803519180722,0.8468798330229244,0.9036896169381611,0.7654567358062797,0.8681234751101106,0.7914751414889499,0.875769805234255,0.8701271769127047,0.8260403660179472,0.8654723733487187,0.841491573124109,0.8022885269064646,0.8048531123124355,0.8269956215432812,0.7208031158837477,0.8914103666568941,0.8429818610191416,0.8828773838813551,0.9077827305832807,0.788019490415937,0.8029088038460215,0.9497370424926099,0.7430786600003797,0.8351025295399064,0.8014639632412627,0.9304914895116462,0.8198183843559838,0.9333853974439198,0.680279535586092,0.8430973330327672,0.7942689653778662,0.8227236612121989,0.9056769270752608,0.9257486721795517,0.9156173145867618,0.9318440282676538,0.91798791116025,0.8092461692484513,0.7409094009347017,0.7389761680715344,0.8523606880378439,0.9467057165597934,0.8450391261830067
0.9168235889618802,0.9253287386863638,0.0,0.8626949794618071,0.8872284813161141,0.9201222802080737,0.7687436302803236,0.9328974361056671,0.8984406584607325,0.9246802001764803,0.8918212784764348,0.8079764620376333,0.9463251965911058,0.8919687798593339,0.7539715669550406,0.951673349606626,0.9359463927026956,0.9152596426954326,0.8382366784586688,0.9104768250900536,0.9078984660312527,0.9683367889434868,0.8546640182727264,0.7580282791650204,0.8991484621697323,0.7094993741917925,0.8876731461971445,0.9090787352424697,0.8878088991790302,0.8829829580981057,0.7295822282237796,0.8883842647357718,0.7969143082662903,0.6787607283138986,0.8813367141715697,0.8497781895956406,0.8444339593346835,0.8957024934397595,0.6631878365456022,0.8662434773788064,0.7870840675097337,0.9147673869741818,0.773710717282416,0.722016427854446,0.8230604602650852,0.7453908862195547,0.8008983434108844,0.787041062298581,0.853733764314633,0.8642469087745981,0.8187046994214064,0.8677477499622134,0.780150159767834,0.8075481461903308,0.7715386386410341,0.8167245915341941,0.858084434113082,0.93133184088671,0.8532334048195848,0.8739593245902618,0.8673729668531388,0.7425160593639276,0.8300609134570048,0.8297407311875183,0.7124638678682697,0.6739600958377794,0.7597050717345963,0.8124860079796858,0.8921329224721288,0.9480302762169075,0.8250164036402086,0.7772058973891632,0.8450009511148462,0.9288291877761561,0.924842762565608,0.659927340709306,0.8112837166266976,0.8359380701967776,0.677363218749126,0.6238167908855823,0.745567786206017,0.854165959087194,0.8545166591259848,0.8687829680990873,0.8364999711624355,0.9366134912220301,0.8930127073364975,0.8038037399820616,0.8121430333069186,0.6994312382144489,0.9050150550038825,0.7483294564903935,0.8590516767984965,0.7162965277466573,0.8793237552517956,0.7777606904180894,0.6681178618262144,0.7993261084286252,0.7590832517403359,0.8023326706762273,0.6637595596517724,0.7538510132832473,0.6391414501153758,0.7970748973336126,0.8507363519743407,0.8486615056526225,0.7445715075196587,0.9398430407304846,0.7583200124324087,0.7846883378299582,0.7310314737032512,0.7951229734502392,0.8936233824117065,0.8549247630249092,0.7709988204230735,0.9544155946185557,0.8056831280015487,0.851680038091065,0.8839628459720495,0.878580352645414,0.8478995281782784,0.8847890127054289,0.8717792405861886,0.7659887452237779,0.7854248103081373,0.7473069102475532,0.8650770980726548,0.7614056108625556,0.8877969026651946,0.7747945211971364,0.9127278059311895,0.9358395093918611,0.831634131365613,0.8455429656835006,0.7566086306453548,0.6646882622444032,0.7758956430345026,0.7698839733026243,0.8916776450641798,0.799875088776609,0.7293070273805222,0.8955130112302178,0.9067759812137003,0.844498224824032,0.7881278627965381,0.7837105069464572,0.860014056947089,0.7229874999160775,0.928119435721817,0.803799344383897,0.7622626213027937,0.7713406719927278,0.899371549210848,0.8309834425801813,0.8320557482000285,0.784413186653419,0.8864560929348722,0.8187377157714452,0.7765163623318296,0.7775186494789988,0.6951279717608906,0.8438868793490126,0.850789972248533,0.8910132071383347
0.8208609844171451,0.8526166837144754,0.8626949794618071,0.0,0.8250454435179846,0.7906859548044487,0.8253666109626239,0.8200763790107207,0.7539317799692719,0.8004682179242056,0.8728969848542067,0.776929013094697,0.8625363935819526,0.8499433459086424,0.7738245043596493,0.8450917459236021,0.860875550629013,0.8268268403283071,0.8200323003452527,0.8278445393325556,0.8871657334629364,0.8825484503984866,0.8494468305615097,0.8139184907834432,0.8009214766311953,0.7999684962105308,0.8364267286329826,0.8643935054100075,0.85731712726877,0.7442394687399538,0.6978769378830058,0.8038081202453022,0.855136056811804,0.7349161084042144,0.8459168369615918,0.8795863350532207,0.8026243833700409,0.8094796568374267,0.7492685124581298,0.9355961435450085,0.8309693658857035,0.7795458086184014,0.7355587131349292,0.7829642350724336,0.8185346222973106,0.7328683176931595,0.6886613243398134,0.8215214631812218,0.8687255572968625,0.8307033110181913,0.8606265165153442,0.8339465579155162,0.7480368969634248,0.908420092315211,0.8703061779279601,0.6918112280278602,0.8429286511770026,0.817935794567564,0.8614409271966952,0.8796357416959442,0.8876114422889841,0.6876645004242915,0.7706329123587167,0.788382190495937,0.7070394884922925,0.6765121026812955,0.852352300792267,0.7250168436469003,0.7831324520360036,0.8205511065949878,0.7782154759656147,0.7780128090450806,0.8111279629544702,0.9344956854041752,0.8142326672000602,0.6370092043338288,0.9147434035237035,0.8308697129565306,0.6752278538685134,0.6262249015615521,0.6685710024758857,0.8260261292388342,0.7442010397719665,0.782658157111094,0.8320430220603239,0.8268100065371207,0.8004342021174071,0.7760794064860228,0.7436262884019199,0.6633136119840026,0.8371735316929075,0.7252441533794065,0.8479069405093994,0.7397966553041407,0.8821963525867884,0.7080544273080058,0.6713850075727624,0.7206455057689725,0.7257046724340488,0.8204993305690418,0.7443659694875254,0.7848523774680286,0.7044786408939958,0.7119689719886394,0.7964714807248757,0.7735640993687382,0.758254515795476,0.8100530708485265,0.7657208899054598,0.7703149113738111,0.8354310526757225,0.8156118949076022,0.8628332320809544,0.7711801587235502,0.767112917215925,0.8647409507398734,0.7339003582559245,0.804146732077044,0.8815069376971737,0.778668413112568,0.8494597914087605,0.8238486855600111,0.8257443338671134,0.7691413195017084,0.7447361272921127,0.7541525642473873,0.8294604941512688,0.7556271273321263,0.8790852255989057,0.7662014237232545,0.7341578962750165,0.8073874424710856,0.8403342862654195,0.8347155273557778,0.8060441700276589,0.6525328699149247,0.6904497970560823,0.8273792752517485,0.8943755479178128,0.7718635695159358,0.7324968080090363,0.7994643869120326,0.8911929323055151,0.8101882640555886,0.821761790979725,0.732404602176486,0.7667861888724257,0.6842043834779054,0.7789824161975444,0.7138912475270153,0.8136851710010569,0.7202161271914251,0.8762169093732197,0.7651210855363836,0.7859135095716108,0.7638522544800578,0.902409107191597,0.7616331709468429,0.8870730476800106,0.8104564530434036,0.6570838534610691,0.7675703753060781,0.7379479433065949,0.862566418124192
0.8920956865019258,0.82617288445957,0.8872284813161141,0.8250454435179846,0.0,0.7837446129165129,0.7818147534018334,0.8162289072101416,0.9140266782764821,0.8083277339476315,0.9451415830532026,0.791461782120692,0.8435337268768547,0.8892866175468342,0.7213059881853715,0.9096033665097404,0.8799426549388452,0.8762565445153304,0.7870249728760322,0.8706027268702282,0.830989675236651,0.9473546054515801,0.8851606758650447,0.7187901217217298,0.8521139231654835,0.7041764341208289,0.9180357058458736,0.8721912776841833,0.8539724506833013,0.9010024083310045,0.7163877168189612,0.8123385182562921,0.7156799410435702,0.6559562785368718,0.9365579934224776,0.8563878384277483,0.8286470647027935,0.9125446963973063,0.687629315698187,0.8098096854613784,0.7144146281405702,0.9155709131852101,0.7384787922258191,0.7414363815334296,0.7475421305294013,0.6437830392256387,0.7127327801443947,0.8100933383027633,0.8844451556627877,0.838155398429609,0.7669323733133147,0.7564715120928375,0.6956442496050612,0.7412435876433565,0.786140191206158,0.7450254866399822,0.8096839070007634,0.9352560381682642,0.8023435822019542,0.8006099932303763,0.7339530876980669,0.6657797123831382,0.7439969350796174,0.9005297450426689,0.6651773469174376,0.5834537463897314,0.7188247300551022,0.7421970807580199,0.8892839057311913,0.9146755796235035,0.7612274224536194,0.7889438590674663,0.8668504146974111,0.8410524716377525,0.8464922031725151,0.5966264722127937,0.7921888928427644,0.8544703302444907,0.5970861339983985,0.5652459847576666,0.6182614418950857,0.8299419714334926,0.7880994101450175,0.7640255207100004,0.8236913254574019,0.8537764012960527,0.8876246322078123,0.8000368314267952,0.7042957236909181,0.6661821291195041,0.9622704057014532,0.7304746042526762,0.8608160138282939,0.6472773187086553,0.8850108759635087,0.742320135910396,0.5853923002827038,0.7186140664746562,0.8752754208898588,0.6892765928059206,0.69712129498907,0.6905945601153674,0.6643619566061828,0.7252681674760604,0.8172707435449805,0.7266019553188,0.6241212593631993,0.8879070956212367,0.6634511434410865,0.7164927193470748,0.7345408220943458,0.8992574468503256,0.8005128967441064,0.89708513535607,0.6919482280147722,0.8785349850486136,0.7043869950043241,0.8996980925127757,0.802020631963651,0.9097092871444801,0.936206521122017,0.8242325304264018,0.8441790380109299,0.6943619070011416,0.8707276080129481,0.6691760141750563,0.7968579235611689,0.7244536706241337,0.7811239809697809,0.7268018032307632,0.8658996055529133,0.8445850804682141,0.8482794106239478,0.9228081492206512,0.7440827032754214,0.6346555584956843,0.7152702271540391,0.7815608260367443,0.8742245075051696,0.7874672462111306,0.6556534213688611,0.9171472593004298,0.8510168601893099,0.8885089854068431,0.833072368285524,0.809007135141766,0.8445176685994834,0.6047841076942448,0.8506832359966999,0.8213686281587221,0.790855667263516,0.7060383689196661,0.929444739760076,0.7500673209520078,0.7513874929054195,0.7354855675613153,0.8445603748644327,0.721013380700757,0.799669628757203,0.7770158039351184,0.5820958337777975,0.8450294620693114,0.7734560383208127,0.9708731809409322
0.9169007775295519,0.9364467277162544,0.9201222802080737,0.7906859548044487,0.7837446129165129,0.0,0.7553771793338986,0.9526373993499807,0.882025393005055,0.9149750421047396,0.7848124733274637,0.8267032506880536,0.9256003556916095,0.7966651443385091,0.775118967246613,0.8868740538414568,0.872332275538355,0.873172014999691,0.8962643880685656,0.909561588850321,0.9023797217113585,0.8813027275859417,0.7927796256664982,0.7630874569729494,0.9093054309799947,0.6452748702936314,0.7759414267977609,0.8544012655467473,0.8049131683468712,0.8637238029335744,0.7942825429978659,0.9260230008651226,0.8013618405408656,0.7131551715025722,0.8262840992621384,0.7760245259792711,0.8406608053756763,0.8095599934963766,0.6711809821341483,0.8025018842915126,0.7797579200016038,0.8600877418691203,0.8015658533392813,0.7286053669420507,0.8318304872104861,0.8171123327525325,0.8620513061078263,0.7507780055328486,0.8124082084706645,0.837747051173293,0.8416278249244751,0.9022275317522029,0.8218924892435832,0.7982444261035083,0.727869418576239,0.8701401242123643,0.8775541116819356,0.8696514486462669,0.8160127442577887,0.8801802813296166,0.8946874351152589,0.7928143710911509,0.8463388366749303,0.7163070960714115,0.7659720334500211,0.7514776729089886,0.7332597732704589,0.8451396650227486,0.7910682487726631,0.8973051003051363,0.8661665032274491,0.746735328377153,0.7628477545180467,0.8922946537186847,0.8901978451646386,0.7566180195439806,0.7690667094237289,0.7734783361835647,0.7355774272090039,0.7253788628277624,0.8346039108207125,0.8770634882865306,0.8953249385630387,0.8477033330750217,0.8110587401924618,0.922769395757783,0.8904247010952572,0.7994883059299706,0.8952349178505115,0.7305441421444568,0.8084594311283488,0.8089811843780593,0.8220058041153364,0.7971597734333306,0.8009186013798156,0.7991671496187316,0.7399653084792888,0.8473756451680756,0.6918781001535653,0.8504421913874215,0.6544876455577605,0.7918883883676247,0.6298906321304627,0.8266853635180077,0.8394738367772961,0.8923697478576541,0.8051327385605067,0.8801639379632773,0.790352232327327,0.8207929598738936,0.7401855603375335,0.7095872845445055,0.8996090024011879,0.7615212797788806,0.7957547441312675,0.915584962866559,0.897320525301409,0.8109680252195294,0.8117080263357452,0.7843228785233959,0.7638460151455805,0.8592423899313546,0.86042792346377,0.8433244147275363,0.7575079898120585,0.7894277830231522,0.8381993630946099,0.7723150050233389,0.8494107749791407,0.7504778656274571,0.8956039103662671,0.9102171170836735,0.7852668720512745,0.7849620332459809,0.7487112105213336,0.7003689505717818,0.8442094221942436,0.7244369877644886,0.7835356636702232,0.8438942875245733,0.7533270165761183,0.8284303020179403,0.9174866849209186,0.7542527913228819,0.7366683573975444,0.7618141903494513,0.8667092907125947,0.8016650347346321,0.9207792747867568,0.7196900742440674,0.7921809804917318,0.8195034131974916,0.8138529734704245,0.8119326153934792,0.8690419319069055,0.8224713861974299,0.8674193868479031,0.865761313302101,0.719900127745962,0.76969324016415,0.7363867807398008,0.8725564412493504,0.9074449993237073,0.8127358394181614
0.7931602081685553,0.85858139411682,0.7687436302803236,0.8253666109626239,0.7818147534018334,0.7553771793338986,0.0,0.819540308062887,0.7592968362279724,0.8401558189764603,0.7357111314562764,0.872675841379879,0.8169058819697141,0.725570477778072,0.8805964744816552,0.7544803525163365,0.712039212731323,0.7491906828497865,0.756403329016852,0.7780402526624098,0.7951059930078782,0.7984486334144977,0.8846963028386396,0.9091658775649833,0.8709040441634178,0.830949294675205,0.7700936454694238,0.7246751880352693,0.7705957924185007,0.7444050767034216,0.8643505160214359,0.7851801916437247,0.8374175976243418,0.8500435980196721,0.7940248995031947,0.7694594943464889,0.9325298616697727,0.6846380564097257,0.8072162701837166,0.8851663937243686,0.7521386453202893,0.7434709728156412,0.7607788922727999,0.8270893885727474,0.9125209423056588,0.7824784376215345,0.7919792494165157,0.8367769335757611,0.911143674299762,0.7282566368033299,0.809264871243875,0.7391465216943165,0.6493980332144791,0.7994762292331353,0.8023827073843672,0.8068054322033934,0.74676327187676,0.7307893203850491,0.7909321664446765,0.80793554832448,0.7643371627177686,0.641965487680941,0.6454657352549619,0.6782702712457612,0.6781106484243894,0.648990992705249,0.9266558283469826,0.8501920018214286,0.6709966874173068,0.7563693243094609,0.8153952566465447,0.7359546225136638,0.6563020764698858,0.8327050953300482,0.6676528944825565,0.706304035718714,0.8682381539141809,0.9340687686787655,0.6825088467900295,0.6447099909407946,0.6240068053663897,0.8229642619588321,0.847359217759192,0.6587726732698191,0.6873295442605812,0.8044621585719213,0.795910916316893,0.772398951047186,0.7834617406611251,0.8217139987834435,0.7310823172871038,0.8885703138963015,0.7548044723193864,0.6990294504781461,0.7174280996591078,0.874872428267909,0.6109659656207611,0.8148793565144856,0.6563873962025139,0.8493548689231158,0.7916644370025908,0.8281270269665305,0.7602292959092528,0.817742494757082,0.6812482798160449,0.80963967369753,0.6872930880603157,0.7663111839116867,0.8081379035347035,0.8981905289266217,0.866027652138207,0.7079186614439753,0.7689393842808873,0.6552324451271403,0.6904640677523273,0.7899784533036551,0.7074941193627489,0.827072666938625,0.6988331199590689,0.6802577121460743,0.7636970446711363,0.7434412255382746,0.7533919629014662,0.8736241483979209,0.6828276104463188,0.8390957827500496,0.6988752566448552,0.9214166407704486,0.7647800186216642,0.7705465327621167,0.720322329943593,0.6679570990922079,0.7362855634289487,0.7091512888387635,0.7990326804295108,0.6456314803689632,0.8072322150638758,0.8695374992848044,0.845414060181859,0.8536747941265315,0.7056919609804104,0.7105914339032006,0.8632251920266204,0.6605098751795383,0.8856797082710247,0.8696655181760249,0.8292869597859988,0.7221714625730075,0.8056460408576483,0.5752556665346947,0.8387838854141371,0.6631099007505792,0.7232363224558752,0.8977028319882622,0.8685593385797075,0.9063467932242782,0.871543861280148,0.8733155467696522,0.8149752408635977,0.7261353790000604,0.6472707165700602,0.7336562674945475,0.8369188039799947,0.770152775495626
0.9142072932146346,0.9710155710249186,0.9328974361056671,0.8200763790107207,0.8162289072101416,0.9526373993499807,0.819540308062887,0.0,0.9051896933834488,0.9484943350065994,0.7991872354662314,0.8856662694647688,0.9429488355460782,0.796627508392197,0.8277531771139588,0.8942175464968977,0.8539999001909877,0.8726431454786776,0.8611635605179495,0.9089240650060407,0.8915767414036545,0.9072011231169851,0.8651440506384501,0.8350864690639626,0.949714834108117,0.7164889689255329,0.8337373289338311,0.8498527059641633,0.8227132309672831,0.8822300675797322,0.8399794718753526,0.8854230203774014,0.8399962830287951,0.7582845100504304,0.8400791730129588,0.7833940687851002,0.9087078764237795,0.8111193818964677,0.7071063894084182,0.8624376012107201,0.7988025319766058,0.8725791557328038,0.7962907266254708,0.7400435784902756,0.9060539461822251,0.8311696950133002,0.8769121351077467,0.7732600504188608,0.8562912437514304,0.8114996430275493,0.8178765545894275,0.8717333838027581,0.7614582854676203,0.7945655781554899,0.7335708473974042,0.9123219220148171,0.8477611678492227,0.8761805067331214,0.8024270721828894,0.8796328828253407,0.8706105461144471,0.7307343940888198,0.7856487209064995,0.7195401347435915,0.7208628458200623,0.7064205543930832,0.7954602405176714,0.8786053179177284,0.78497933858215,0.9169183286231308,0.8701194759839822,0.7486145108227048,0.732188083975616,0.8975646055288784,0.850766892666605,0.7321752968495394,0.7916872960254553,0.8539976027374138,0.7477430227512398,0.6772283971736444,0.7654094221179188,0.8794501334256596,0.9500097171084729,0.8283698840153199,0.7705840259893256,0.9748345582224129,0.9012582034400788,0.7808818282206614,0.894272119151779,0.811480153972182,0.8140690151550984,0.8352015580208247,0.8056949626902086,0.7511334717962151,0.77898084212316,0.8685919607610508,0.6851969434520258,0.8867031741751064,0.6771901059789304,0.8680964675457737,0.6805593564036269,0.7972698299698553,0.6397012084300124,0.8777727382542221,0.7949960709387185,0.9273775324393246,0.761538174474688,0.9215187578408539,0.8162727940822212,0.8754812071520055,0.7533235984649843,0.7155800344875193,0.8534151076187441,0.7653009533321486,0.7776718812143165,0.9500490627002313,0.8447066182781539,0.8269439869180887,0.778317065208248,0.7927240270351422,0.785485819003009,0.8767488061177546,0.848487975239096,0.8683771423335671,0.732223963692953,0.8267775955358063,0.7894637403017677,0.861191030481425,0.8502937661309199,0.7806213499370657,0.9098952792258608,0.8582083992500247,0.8012425092178215,0.7859570065188768,0.7727911352313868,0.6722326459247053,0.8909717638983791,0.7873436093046471,0.8646509704643717,0.8812506441610793,0.7458559006517016,0.802956006278648,0.9198231724589657,0.7278838449245085,0.7931837891451546,0.8151382667412584,0.91876905502802,0.7994450293057673,0.9487675288448414,0.6991696373119091,0.8106707191507468,0.7677627404633003,0.8141855070211708,0.8974736498273825,0.9300494821581071,0.8899921184903464,0.9119856064154271,0.9317643208056241,0.7509657020542462,0.7356269971682557,0.7184408979530478,0.8403988148377676,0.9423891738519853,0.8369215138399183
0.9269816495301817,0.8844446862850888,0.8984406584607325,0.7539317799692719,0.9140266782764821,0.882025393005055,0.7592968362279724,0.9051896933834488,0.0,0.8617655621833047,0.8504645253949743,0.8300456112660454,0.8728999731613182,0.8250882047689767,0.7393494965188694,0.8978279684099817,0.8558810084928065,0.8781030888470494,0.8120481870732641,0.8929959332783087,0.8253579997535422,0.9302407044983293,0.849110718527774,0.7245609506832867,0.9020298896493377,0.6373680853827332,0.8719718741699016,0.8506575846152593,0.7927013776245396,0.9634500629439546,0.7780252687755741,0.8406495968734262,0.7188547084591236,0.6596614996358088,0.8825637903243273,0.763619705363358,0.8506301367970557,0.864835995567647,0.6556262486829398,0.7675763855386933,0.6998751265330581,0.9538313566644285,0.7383076494649367,0.6929374801636304,0.7728996582655748,0.6937829742256132,0.7970989855847486,0.7329602076426915,0.831906103916194,0.8039282746969603,0.7464375075917388,0.7832908008286827,0.7186544267357351,0.7023440340747487,0.6885132735084918,0.8730973641388364,0.8101566486212944,0.9338452874980475,0.7555183548244464,0.7996494348948971,0.7499482086475692,0.6901416379105992,0.7520790456272861,0.7818105986897457,0.6788477620530907,0.6124258329165945,0.6968168408398754,0.8074392658228307,0.8395150968217232,0.9438673730722622,0.8036642611605609,0.7383975535185219,0.7924040819279845,0.8194369803618049,0.8628519147576615,0.6491495184526163,0.7262208657723047,0.817158894403002,0.6303150630598497,0.6033550959900871,0.6789921831736621,0.8634814122282065,0.8946337912378983,0.7789695158117235,0.7745860793992756,0.9204211945211825,0.918793221998977,0.7733072242683284,0.7810568766439959,0.7484165883848235,0.8930844587918965,0.7840955250947433,0.8030726407788262,0.6710125687911448,0.8099488888492442,0.8035949492594902,0.613408369972274,0.7917515389979106,0.7795646815051319,0.7234977352728496,0.6423472512982138,0.6854972188450026,0.6041956489314837,0.7796775499709876,0.8012404982692474,0.7912307205087943,0.639330600671483,0.9213605408166413,0.6855188696308062,0.7615946988394582,0.6910203110485561,0.7744394352345718,0.8039699394639486,0.8538449344033282,0.6986736996801447,0.9207674810355461,0.7671262508848702,0.8448981099381028,0.7357308189254945,0.8817468886036028,0.8370080623501474,0.8353261282538601,0.8348740582621915,0.7458198537193566,0.824728365176644,0.6915632156881458,0.7795884552139758,0.7590093689817038,0.7463697518062522,0.7115719795534198,0.9671391695311092,0.8694935349079944,0.809336159855567,0.87301543182406,0.7133678055481454,0.6396910052108955,0.8042436252431296,0.7290649615382443,0.8087333061452261,0.822775715873756,0.6639220385731333,0.86723906815739,0.8737853171684743,0.7970647260279148,0.7586111072942391,0.8081805462523408,0.919574449275705,0.6670921786174236,0.9028159998428735,0.77328191908291,0.7767150008517368,0.7325662385858346,0.8625581849170092,0.7958219882858448,0.8061360777287921,0.790849401952824,0.8484117359542136,0.8023671902746764,0.7194669080577761,0.7274106932106458,0.6159844912712263,0.8715856010037358,0.8710481858525989,0.91404226853326
0.8907367524836844,0.9401528337271221,0.9246802001764803,0.8004682179242056,0.8083277339476315,0.9149750421047396,0.8401558189764603,0.9484943350065994,0.8617655621833047,0.0,0.7973754212488843,0.8433138854140638,0.948992194652018,0.8162696655136092,0.8079650359905503,0.8967954011999604,0.8434073919137828,0.8733114677632889,0.8105117389262435,0.8656668776574264,0.8359574321029067,0.88262562272918,0.8797926226742082,0.7956439973878754,0.9542949291356492,0.7171683365953583,0.8504530841154524,0.841450647385881,0.8751718740165361,0.8729019030578816,0.8085888901816305,0.9014697899078896,0.821358550131614,0.736787179180006,0.8242293426067003,0.7695801801491451,0.9215058263967579,0.8017781741551476,0.6696893069667942,0.864802515096889,0.764648540508402,0.847126351694546,0.796199182954307,0.7276806671001559,0.8809029336189047,0.8123118255671218,0.8769402798498176,0.781252866839114,0.8803381493903453,0.7867519986689298,0.8022328898695237,0.8171552962943829,0.7430479526579671,0.7614822193838242,0.7569347588983613,0.8832623758673293,0.8080905923033223,0.850490089920207,0.82439233783283,0.8558253694073447,0.8378496276379701,0.7309099846038288,0.7612729504692759,0.7255447591820169,0.693719839147307,0.6855881571322152,0.788023827440845,0.8944219603750895,0.8065463294873764,0.9066794191154872,0.831794128283936,0.7634820245112239,0.7211228778245447,0.8845630372918143,0.8283479328767215,0.7458730665690206,0.8018782702802699,0.8908455654332423,0.716708903577798,0.6906131219053434,0.7571496065765262,0.8065847838209075,0.9332393082879876,0.8242317280549725,0.7398559268217457,0.9164424124341796,0.8720686734127403,0.8073628573799928,0.8996263298126271,0.7655258565535499,0.8090693224185446,0.8049649113721145,0.816774570697179,0.7241901035336599,0.7653996110758997,0.8772666532310361,0.637764013028731,0.8454998046570451,0.6731840243004542,0.8565672276119098,0.6985960090193772,0.7925896320198229,0.6473498837989347,0.8861581020456125,0.7743936635680236,0.8984990244345611,0.7392074983238209,0.9096625936273246,0.821376065367783,0.8438165096961608,0.7288297229396364,0.6927612578747208,0.8436445308930022,0.7674202764274121,0.7658951948038719,0.912958147210402,0.833632348017602,0.8592046267228028,0.7801207805342109,0.7948991914413034,0.7636018015986958,0.8634596999678086,0.8013562474199752,0.8528804019085421,0.7127460479214691,0.8470425362604939,0.7684664385593212,0.8374833869516336,0.8497186896610525,0.7967013867794129,0.8919434130751712,0.8187161967127472,0.8020990303819193,0.7269406091199109,0.72281658097505,0.6650125951518278,0.8718185092161743,0.7885317762460503,0.8683845827652862,0.852274428746863,0.765433274302788,0.815657146017223,0.8772609421225745,0.7102648638907436,0.7976826141221696,0.816454829594144,0.8472955170604866,0.814245689504453,0.9530466477192971,0.6901404841907712,0.7577219962254849,0.7796902759541186,0.7804219619325428,0.9040625483087386,0.8924827858544823,0.8556252013835364,0.8952767038056091,0.9133232627783135,0.7671734187397626,0.7642186537016048,0.7476697204652664,0.8288340760633799,0.913059195766825,0.8000767586078639
0.867995940912017,0.8026424309096779,0.8918212784764348,0.8728969848542067,0.9451415830532026,0.7848124733274637,0.7357111314562764,0.7991872354662314,0.8504645253949743,0.7973754212488843,0.0,0.7557198500114122,0.8554746920756904,0.9135871616249509,0.6729554117579839,0.9442689207692881,0.936103049770448,0.8783631627017565,0.8110392702844608,0.8613473065509141,0.8378417278672634,0.9302300146102987,0.8763640586647141,0.6895657887129711,0.823195460346849,0.686916716693259,0.9342923517233763,0.9433670861882568,0.8941723764793945,0.8742323494455647,0.6537577335844122,0.826087702563102,0.7049907711656548,0.6511674655478454,0.9062117817287775,0.8557950326950345,0.7848482104007152,0.9345035741223701,0.6685912038306328,0.819089823787796,0.712015527042373,0.887272456089351,0.7144073043656058,0.7080767257869367,0.717185183856791,0.6315440834981453,0.6538753422726757,0.7975408269507848,0.8736767569338552,0.8374230061611094,0.7729383081203399,0.7588116423399511,0.7153614221673155,0.7624648664454726,0.825034808131926,0.6835006158203041,0.8313151488108975,0.9458634031813866,0.8129842676386649,0.8140246749474432,0.7829145059587838,0.6648261738176999,0.7714128951201535,0.903573228333012,0.6513335336163483,0.5926216832491421,0.7041277412622204,0.681612880706728,0.9119227894023155,0.9178561577110145,0.7122226371434148,0.7827335952239238,0.9126336784927807,0.867821277900888,0.8966540462170889,0.5877496805347691,0.8362725477395929,0.8149859318262417,0.5926522828254809,0.589275147515618,0.627734909947671,0.7750529817426995,0.7334961712632669,0.8068668906829259,0.8668030089327208,0.8212721195182455,0.8787826748947692,0.7841098055041866,0.7012548957864303,0.6094791508371855,0.9612037065811375,0.6586375612308486,0.8844333077145271,0.6661200040882688,0.912804655280337,0.6761486058040668,0.590929351195121,0.6710949915775015,0.8440672201457892,0.6863343918763963,0.6909985706248015,0.7031601358787687,0.6340512265475065,0.6756189839587415,0.8324273113382694,0.7051173198319499,0.6535621398202816,0.8894221439482869,0.6491164814610392,0.6834914936947942,0.7365802639607189,0.8922908772812648,0.823692306270837,0.9493104516086334,0.7091189960055295,0.8820150363596103,0.7156107562318087,0.8892994202483346,0.8654164649788023,0.9168548454155475,0.9125118181338304,0.8253423433365434,0.8478808518037201,0.6715847703317057,0.8431141847909681,0.6615388052110422,0.8173051864899756,0.6759542227964335,0.8205537502272162,0.7021411204706552,0.8361907165447295,0.8789593204884776,0.9177992172586507,0.916991680733515,0.7274747900536747,0.6153927359977973,0.6710512825722428,0.7418039553860177,0.873317829546948,0.7500769566905244,0.6586384481083584,0.9358297393319198,0.830521465046328,0.9067243749671449,0.7995586842616275,0.7296960123991185,0.7622075958924923,0.6036191352098963,0.8195399960063636,0.883760976267038,0.7700301564025714,0.7240920699410929,0.9693388416094825,0.6938758339402431,0.721306020631115,0.6874124105357481,0.8695926470313381,0.6914329791205782,0.8138075906693498,0.8397454358900638,0.5858352316281805,0.8358487841952558,0.7112088061520042,0.9646978396327782
0.7960779494987498,0.8845801847684605,0.8079764620376333,0.776929013094697,0.791461782120692,0.8267032506880536,0.872675841379879,0.8856662694647688,0.8300456112660454,0.8433138854140638,0.7557198500114122,0.0,0.7939659921107222,0.6756483153801396,0.7992196700095665,0.788201359637311,0.7348267434817345,0.724244969533455,0.8285789036350346,0.8116679642023625,0.8425089607153166,0.8244815073117805,0.8659194055135957,0.8811943291813835,0.9159294587799847,0.7191059613985574,0.7639353143414633,0.7478346812184432,0.739027755146558,0.8123158044337432,0.8713977626316418,0.781088582510493,0.7574268774282391,0.8630865063078088,0.7776814720966778,0.7440360117518966,0.88450057658769,0.6965777108639628,0.8170455295227569,0.7870034369547254,0.7146906575846053,0.8244916077996683,0.7129288145195853,0.7651077467499552,0.8790149749328893,0.7275994614697188,0.7667766176296733,0.7897732553862419,0.8421505129426173,0.7071028369102028,0.7435447875093455,0.7443625817657892,0.6250438852948869,0.7712517739935189,0.7289707030863833,0.8701288227348343,0.7462515547556187,0.8141250822462738,0.7020609378466892,0.7666333283528037,0.7567586844674923,0.5989252162531729,0.6422802294440179,0.6681458419360604,0.6370881103010723,0.6097542770072045,0.8066102247137672,0.7755570999445507,0.6599935041171276,0.7904965988440715,0.7688586565872574,0.6538367506232506,0.6619891949053929,0.7955266541620092,0.7056636641786145,0.6447729018518684,0.7920711485201641,0.8677149513766841,0.6543853591554073,0.6073962040793368,0.6190527464785058,0.840452831670945,0.8724601837534467,0.656539293510065,0.6980332802864498,0.8544203616680518,0.8609024373443287,0.683658764304887,0.7558019402485927,0.8728568779646309,0.7321343964872506,0.8762254026384858,0.7172328157183894,0.6658382967460638,0.6842417927052976,0.8793184345987143,0.6158788315423427,0.8943791699717513,0.6423899136800795,0.7732165331048401,0.6760655736243829,0.7947206720312793,0.665507629465153,0.8435286692210318,0.6701147214468941,0.7985631470781501,0.6687444348812518,0.8383752907110105,0.7129607279064496,0.9330279759959967,0.8615562368723781,0.6992592897851728,0.7375331956902386,0.694815949727925,0.6397450492656458,0.8215914498256924,0.7107500591814979,0.8111473140368991,0.7019487904497561,0.6966432511973386,0.7350993491497099,0.7192865904690833,0.8009605933327054,0.8190342365100325,0.6773135907992899,0.7866773990049013,0.6854071696315048,0.909925823579285,0.7727860752773263,0.6657211408360939,0.7978643866118651,0.726274739483981,0.7112981301854067,0.7657179770277819,0.8216709797636689,0.5915772230981573,0.8278958009060376,0.747435394396637,0.8064858627673371,0.8567353875084048,0.6269745882224113,0.7254097664211626,0.8523862871221274,0.6799578019083103,0.8409834869946172,0.8392904848616819,0.9104518501216747,0.6751705050482445,0.8625245774745774,0.6365305204194737,0.8369907735591964,0.6387338731437836,0.763103920199805,0.8607213386711566,0.9439878419835485,0.8797099115700723,0.8533889058354236,0.8968529349115277,0.6930948559532489,0.6629511830366052,0.5816274936529492,0.7372060244102127,0.8672846499011535,0.801802851686618
