0,1,2,3,4,5,6,7,8,9,10,11,12,13,14,15,16,17,18,19,20,21,22,23,24,25,26,27,28,29,30,31,32,33,34,35,36,37,38,39,40,41,42,43,44,45,46,47,48,49,50,51,52,53,54,55,56,57,58,59,60,61,62,63,64,65,66,67,68,69,70,71,72,73,74,75,76,77,78,79,80,81,82,83,84,85,86,87,88,89,90,91,92,93,94,95,96,97,98,99,100,101,102,103,104,105,106,107,108,109,110,111,112,113,114,115,116,117,118,119,120,121,122,123,124,125,126,127,128,129,130,131,132,133,134,135,136,137,138,139,140,141,142,143,144,145,146,147,148,149,150,151,152,153,154,155,156,157,158,159,160,161,162,163
0.0,0.2863632398770849,0.2952534072574499,0.2518428740052787,0.2820391630691036,0.2860531204999782,0.26492502505353055,0.30101089096178973,0.33062852155869904,0.2777565319444828,0.30279950265968014,0.27345818539074856,0.4034000933989233,0.24986163688175267,0.28973537423108875,0.3170341613333663,0.31413052428724786,0.4230779382303493,0.3084819365271591,0.4070453030490376,0.3130861583385044,0.29316904107357,0.28190343192477046,0.2672098220555427,0.3515701326885126,0.24306151474279064,0.24897095912286196,0.3022267396447461,0.22635928146612058,0.2783469505209454,0.3027396326536564,0.3382421523698307,0.26350741284065404,0.24572820835681206,0.35161116731529307,0.26194788453441825,0.34625527737975303,0.3385638594418857,0.23121627432128233,0.3418511471140038,0.2841825482434706,0.2806148132894632,0.30531182286422903,0.2986936125386002,0.29214276441358855,0.355648761354653,0.27798151699186413,0.29237209979575857,0.3583681255890265,0.363894751750333,0.33597074967892865,0.3203757635107849,0.2450681585072025,0.2520666099393591,0.25284611226449394,0.265943835043407,0.42624983011707096,0.31234544630562594,0.3016109986135256,0.31329237328605253,0.2565290505121198,0.2213629179565129,0.3195381934564733,0.23675566616954816,0.27377628261270137,0.30246081731396196,0.28311507678438363,0.29565545592388176,0.28321389093872723,0.329304649694349,0.39402753421535064,0.27818334739296763,0.3078324098431835,0.3256790005547438,0.32502861574155967,0.2910421023455538,0.24631166809053467,0.24936749393481134,0.28703083766325677,0.22589561863257374,0.2839544429882862,0.3234885794706288,0.294940505346006,0.28897092110544403,0.3104907847347372,0.39012204447694815,0.2875233895970846,0.33057295108831686,0.34174981691280093,0.24687800144764854,0.36883467074733606,0.2778113160761743,0.326669188173235,0.3140694639309979,0.3071953201948094,0.25837388878236894,0.2080203143659528,0.26550666121777283,0.21470757813418662,0.33213263279798383,0.22958600171132376,0.23911440669954703,0.265606296978784,0.26315785922965407,0.34365890605493,0.3249839238341002,0.28097280016977205,0.30589790820449075,0.3218354908964611,0.2843833742363409,0.2818214543526364,0.3233600642049749,0.31692356437001334,0.2629279558290415,0.29771731371534943,0.3320414813837911,0.31581708696400485,0.31656321277348626,0.25685770342122144,0.23980769759590523,0.29727123465036775,0.23610723048910917,0.2798172310435387,0.36625241209353826,0.26573681950910966,0.2710329738972909,0.23721112507192488,0.22097236773134402,0.2423062799571872,0.3177410745531301,0.2567415639261554,0.29543004544509327,0.2452898560616802,0.2819400942283657,0.27302656715915957,0.264179834890422,0.2883762918802625,0.3060438962746925,0.2878563759477003,0.3412656580272273,0.24152297901448572,0.25331167602938565,0.32161192776663233,0.2611789007136179,0.29136481333780684,0.3151235690666155,0.2984569069944246,0.2571073494526024,0.3444709466732474,0.17379308240530267,0.36351640592569323,0.2723758871899562,0.30831010361745426,0.24329318806829697,0.32213698136447894,0.3230852782509747,0.3201662902869972,0.29901485639087544,0.26147043587778407,0.2905315265123943,0.23406917092307816,0.32781104225879104,0.2300366960738506,0.39188572097335234
0.2863632398770849,0.0,0.29904790032277834,0.2715518950264768,0.234840840232668,0.38222175806121605,0.2911440372199709,0.3332980911726278,0.2647924852943344,0.3664057063252622,0.2577203097722514,0.3083097769304956,0.3086466593257546,0.2781693961176524,0.2855575227752388,0.26258327001287196,0.27497120123931795,0.2480884960914235,0.28369587287932374,0.28529417292139597,0.27483054662364154,0.3233153717721078,0.25895715704194405,0.27106530375157956,0.30534152457253444,0.2121418732012549,0.23497836688662413,0.2558314485071514,0.31899375041727673,0.23135038526599394,0.31707846005784346,0.3189136584332912,0.3263772883740609,0.23501171642308435,0.28630414413659017,0.27689673490576566,0.2765477598912952,0.2680832634963842,0.27011297223895153,0.30057597823639143,0.3224124587805115,0.28280779064800576,0.20769428379093677,0.25472879359599043,0.318148716699807,0.2558220097055196,0.28119483450517735,0.23698079479473694,0.28627060386470266,0.2831417604410572,0.29347182606436034,0.27677586646308594,0.27351570461642977,0.3217885650776376,0.29335841707484256,0.333316176953895,0.2824012057193099,0.25625848738644225,0.3011103139262605,0.31643405168150585,0.30608567935437403,0.20661770552008546,0.23234009981596077,0.2157645797342988,0.23376098867515024,0.2239036997721519,0.2750252391541993,0.2621257532555868,0.21645393571452423,0.2555297005566868,0.2855509189437337,0.26340624528507933,0.24162844648367965,0.30657004139769173,0.28909006728055936,0.25293317214576616,0.24683210721276577,0.3073849444556618,0.2211650788800456,0.23429658253788732,0.25613441908815665,0.27879762821289955,0.33330494566827656,0.24784257140054014,0.25195892401009573,0.3781163403513841,0.2369679777910456,0.25533329753807466,0.2714934579896037,0.2899574821223562,0.24321778088560622,0.30479577710728406,0.3194571283346495,0.27204080788452656,0.28952113518574574,0.3233634657169008,0.23331698348469374,0.28798612902158804,0.21018343345129598,0.3165499454183567,0.2442507299889909,0.21198456030690271,0.1977007575769453,0.24939861539346486,0.26395668838557,0.26236886178524904,0.24396632235006147,0.28173853472376037,0.29054500790095,0.3342990604213142,0.25950084464169565,0.23797533074583002,0.2962030404965195,0.23142251515790876,0.255062618975395,0.3502940271655074,0.27044606907415497,0.2291655034659071,0.2656420571850708,0.23204919685562753,0.2625174415907977,0.231904165431377,0.2640917256009661,0.3270743143550715,0.2587467028081344,0.32979776711674647,0.2652826084200463,0.27613854719504755,0.2901222781770132,0.2625518510698415,0.2845940756729873,0.26600677078371954,0.236747853118364,0.2909045939933538,0.2500940723379388,0.23077901834165515,0.2607706497928682,0.27766291626969647,0.246559009775246,0.2603598162322373,0.23936687235465598,0.271657489913556,0.37676070490640007,0.2678844556196079,0.26861927900323757,0.24541862067767597,0.32885659270441775,0.262035899933551,0.321292188061931,0.1742723726622197,0.23959822504844316,0.28666755741377725,0.23657630652451622,0.2996047274192198,0.2646636684018256,0.27615520060483134,0.29667456542313353,0.2970063301035851,0.26567548731530904,0.26182895238651305,0.23917821908164297,0.3101491604743315,0.22235842794640365,0.25785926112262936
0.2952534072574499,0.29904790032277834,0.0,0.2695598998591615,0.2767007980540466,0.3118091843107452,0.2518732441465974,0.31119559390073487,0.24468012688276677,0.35122534076368866,0.3332994410246621,0.28606676104518597,0.3378163956133001,0.2192557715434377,0.2707179894810748,0.3504125276809704,0.31832652202247075,0.28583603366751303,0.2724343451104626,0.25284002185347154,0.32789178314722156,0.4007493323220968,0.24456512100923883,0.26856846974751886,0.30373060402605795,0.22810013309338453,0.24223970013814602,0.27899835427180963,0.2420263572163158,0.2606478368978303,0.24304136506988339,0.3014496523643849,0.24210170490036462,0.20623729319096776,0.22704833793546061,0.23539936492412591,0.2933063113009872,0.2629492485909981,0.2408936398803266,0.28884621981420333,0.2502052781692169,0.3000867868612123,0.23819106821865654,0.24287895778939955,0.27067362436718373,0.26068816636349923,0.2242992527101336,0.26799094168791787,0.27770903767054245,0.2575915286097792,0.2944647569344123,0.2593233724840323,0.19673978779411513,0.2829730125933522,0.2531751880480858,0.22417044903439184,0.2669432931818465,0.3224646022208847,0.271657165567204,0.250514895136617,0.26821536870786106,0.18440431512640434,0.2672157654090947,0.1923253327468971,0.21374430789191914,0.2354680109377666,0.2515150247745917,0.2805332831392609,0.26854862051490985,0.3268282204782781,0.28027936153690614,0.20081549826788467,0.2523089357229093,0.4094607286615024,0.3152301338695403,0.19706897199969628,0.27969736102234094,0.2586844328344971,0.20883144088747266,0.19532293419549382,0.2487273219830851,0.2760238383854733,0.28286257156903216,0.23884024838457374,0.23472340833160857,0.31616165847987104,0.2365945075895545,0.22723797145753197,0.24662435172193295,0.21133100800240875,0.28776449355948197,0.2105931941508257,0.2673254350332215,0.21309071033540913,0.2490700728598679,0.2500580722699483,0.1883728364010789,0.22912482565381173,0.16787924955540268,0.265835154203291,0.18686087512444777,0.2505861023113438,0.20274989355072204,0.26429645988392864,0.23700629463809822,0.28099355474556553,0.2532421996732403,0.2760609733546597,0.25071994105861856,0.3135001568729147,0.2616442855093021,0.21420184303883555,0.2606442308239028,0.23841179405675425,0.2124312144007296,0.3178512238638344,0.21787804480068879,0.29447539302928794,0.273875104430829,0.21031013091609047,0.2433186191720042,0.20934253358762886,0.209246423909063,0.29604540411630276,0.18850291344054954,0.29426704545328913,0.22111183445655092,0.23729258685800925,0.2501236792439571,0.23801145912139401,0.24394087183821736,0.3611793754661447,0.2071022772923986,0.21528050034191062,0.2706293385844533,0.1953682278425304,0.20920752718176275,0.22310331940562544,0.2633200210139989,0.2737990063015748,0.21276640639397826,0.22825956699515107,0.26645300725467097,0.23790554472824396,0.24359574561029482,0.2142432342016192,0.2926784743482107,0.2578073471818906,0.30974894312027396,0.16946647300632564,0.23276714324765863,0.20703253706073066,0.2719669066843331,0.2831057688668307,0.2968552037437767,0.280551175284518,0.35853481049317354,0.3270104329188689,0.19454928927577206,0.2399873009458697,0.23436330883490858,0.21374817724312614,0.21467137793423793,0.31126510551072933
0.2518428740052787,0.2715518950264768,0.2695598998591615,0.0,0.2443906997437898,0.2640588135300616,0.30303766213819044,0.2667397102310046,0.22512241918238546,0.2581048802150352,0.30769871523747006,0.2665934582699217,0.2663638227678018,0.2464045009743338,0.28237413847565723,0.24449079756254585,0.2644431217150568,0.25210521570432354,0.2809842996053674,0.23520068847678688,0.32130987798881666,0.26655710234259034,0.25840551155507474,0.2423583030131094,0.27277872440205125,0.2745701900212389,0.24274100915208868,0.25902705768674156,0.24364060395434672,0.1990336451948533,0.24987619854981882,0.26223219166612327,0.3551097064205728,0.2357225995704262,0.25151910105633407,0.2850500129502716,0.2789572027924655,0.2731907562175704,0.28828945524338523,0.327280067130987,0.30663557739874153,0.2578495248296929,0.23845761270200375,0.29390478852294716,0.25698938480637684,0.2632833144108432,0.18770916074398103,0.27268090915692295,0.29202216906442546,0.274973486532804,0.38272067125467857,0.2889971892097852,0.24219196434641707,0.37591106532502727,0.30009171252456224,0.23023412907309918,0.3133179838071531,0.2791876301900272,0.3026940523940011,0.2877809191306808,0.3255307805112822,0.21670931963699272,0.27963344238774834,0.20330895383406414,0.2660146316583547,0.2810382779624892,0.36051792902895086,0.2367908638130721,0.2452477033040248,0.2673580564792833,0.29045424869213493,0.234087455352023,0.28786883482169356,0.41371312523695136,0.279502281754594,0.21487649927554064,0.36697272634466155,0.27875956663833923,0.24131603085977157,0.2098205346499255,0.2690347192006025,0.33784477939690677,0.2439905129867429,0.24585525361555688,0.30893565203439444,0.2721035053859121,0.30034827111885803,0.3009972684728082,0.24575205900762273,0.23617080172554017,0.3026095669529386,0.2612870346996721,0.2656380960037099,0.2555586666702786,0.32910437147160987,0.24996603281206328,0.22263334915869287,0.244923982481425,0.2101045396990617,0.2813995957816085,0.2387418085139333,0.28042415383052105,0.30624620067702885,0.23583855161998413,0.2687892053733156,0.23948736339028195,0.28269180529348076,0.23543973907489607,0.26626745013326997,0.2540090873967697,0.339438900441635,0.2779925068534026,0.359767977478796,0.2949984220686508,0.2520062652834426,0.24458611612596617,0.24965143694402483,0.229484340684654,0.3005350919400436,0.24585668314684278,0.26383467569624147,0.30216784116727513,0.2462953340893451,0.29993039555033607,0.2324097141097234,0.2654035704475195,0.27802305061789234,0.2284690303639382,0.26424546345404576,0.2929425734522881,0.19984790303701458,0.31232114158423757,0.27879184173256494,0.29593466017846093,0.29499602449903894,0.22039865774976738,0.17796378306889032,0.26923522659358523,0.26706227738342325,0.3013835425722781,0.31236182558932835,0.246725805281951,0.33679000832092904,0.29620311048684195,0.2827983797414613,0.2416836482456771,0.2819678668455801,0.24911273198953976,0.23010102028898471,0.1651301107988996,0.3133344238840113,0.2653992755963281,0.2839067880929227,0.23957617364994047,0.2989922223302792,0.2900724198119381,0.2963334464522087,0.2833882899564253,0.3205339352946563,0.2826996965589587,0.25414327890302796,0.2569542424365477,0.2865574673917958,0.29199923962932905
0.2820391630691036,0.234840840232668,0.2767007980540466,0.2443906997437898,0.0,0.21342219426694997,0.32425737557342604,0.21686152753092797,0.2529934344867286,0.25710909715095037,0.31042082697091056,0.23510077226967743,0.2407793090958365,0.23082573835805087,0.2693107617271602,0.2681310228737241,0.25816420989617983,0.29124983954252953,0.2278783506646258,0.2341714390367253,0.2756416109970659,0.2936722892407869,0.285679182776874,0.2501705466828986,0.2654104535001459,0.22856847031076843,0.23928778113081178,0.22343480078667055,0.22127712193194243,0.2576675077929732,0.25563685597749297,0.23191380838518794,0.22009321554234937,0.2037435720425699,0.29085823407866945,0.2362498528285176,0.2713428744059569,0.2571937988564733,0.2526045794161078,0.26398909087450234,0.2385460072478118,0.3195315218381074,0.23948609775228746,0.28327190544805847,0.20916145132264286,0.21979973129051114,0.2276226390485128,0.27687369044070054,0.3239934193246776,0.24407694695686097,0.2686229078851814,0.22152438614247189,0.2010050852627164,0.2295563019939841,0.2384956208665502,0.22152835049726863,0.23440427303528713,0.3014618084519444,0.2621798129263884,0.21740569835498588,0.1969359310221883,0.17778749878794106,0.2176823062719405,0.22807870284129586,0.23014670485853472,0.18819843274614215,0.2405200172696424,0.2524630318916665,0.23452205553452296,0.28367022075710446,0.2674718783614768,0.22352584018575603,0.23592405369998382,0.2689163539565589,0.22339006523146832,0.20187420842671178,0.2533630896091338,0.34120537099328346,0.1948434786582477,0.20080289708941576,0.24196835689102258,0.27388435868143446,0.26882481302167993,0.19564659727564873,0.22769264991149885,0.2421895646046263,0.24281490681840315,0.24204764242530533,0.20908113665834974,0.21105782917112348,0.36239585953196163,0.2534137261437201,0.2899078140573219,0.1946333136396549,0.2665151524407336,0.23286905896978352,0.1650484089432435,0.2157159658444079,0.21700847606186283,0.2126452750504371,0.211286068045955,0.2170091785713645,0.2313600318490677,0.2248819172766631,0.21817205039852938,0.22098827714698907,0.194583006678649,0.2654000067149432,0.2515608218335935,0.2534858434099723,0.2668372617795083,0.26139583984450254,0.23127292499603697,0.2710929427054968,0.19656891753042488,0.23912522468355438,0.2121216488211353,0.2767951218553678,0.22351213798139405,0.2445273277301254,0.3162768402624661,0.2125079952411131,0.206864573653599,0.3006235395836287,0.23961763006632852,0.2276623444694576,0.2048277404213251,0.2187534538112552,0.20354826091369557,0.23911447555768725,0.22549837590338684,0.25156945690002025,0.20420140515716734,0.25229106366149534,0.242807335109023,0.2356226540280982,0.20428154159933376,0.2699772329168372,0.25022123089209686,0.29411760866181036,0.2033155102979945,0.2435976036291482,0.2712872712353344,0.251771716924863,0.2762942466758597,0.2451617290551544,0.28257788383026494,0.23685405791551728,0.2406360312845284,0.17153864263514335,0.24218688659328202,0.22803823794392686,0.27863969474381894,0.24609575842898532,0.2747413398243573,0.27371178985137845,0.24887592390341706,0.27556392487327974,0.23365550892707304,0.23116612811339293,0.21507375659875733,0.23818909686800635,0.2451120866761984,0.3872671562217925
0.2860531204999782,0.38222175806121605,0.3118091843107452,0.2640588135300616,0.21342219426694997,0.0,0.24123398343326719,0.3099990263885607,0.2537217042282713,0.2826605601466077,0.25666152518869473,0.30309363702231135,0.34584607743281937,0.2197572170259871,0.2708178388802655,0.2987348389603285,0.27667904355900075,0.21609065476052322,0.28455482250525066,0.27392529223598633,0.27704783084815404,0.28589070951583206,0.20162440178018812,0.21939180953862306,0.28601244862444075,0.21017803061416956,0.21354591083564956,0.24422866201625623,0.2519707728927089,0.2336043559878768,0.2985083007034087,0.3980165381608712,0.311494722747581,0.23054622768752275,0.24731638966312008,0.2499483649567732,0.2771715730548579,0.2525401377658243,0.25542561446532225,0.24053598001778828,0.2729046576283804,0.2643532705549281,0.22375410378700686,0.26503853614326495,0.2729972413234891,0.24634630674862237,0.24538719337468287,0.2421390840562286,0.22624338861102156,0.2843075072744578,0.29538542164908915,0.30345925987890493,0.2296012672935502,0.2986075214889335,0.2661600644106028,0.30165967141859834,0.2745910540341116,0.32053347795375625,0.230262583222044,0.27064320772238504,0.3221877217934311,0.23689821179819992,0.27529638913880505,0.18644676653503586,0.2200129381305898,0.23399079403164774,0.25871682516058003,0.27265791777001985,0.20526634193259077,0.2544789449817817,0.2974630439629127,0.21223498462339976,0.2510255033668033,0.3057774971354463,0.3305470613743496,0.2310023599087918,0.2624044262426671,0.259577176203281,0.21440508800264294,0.2631709374214201,0.2915817642399795,0.2751464578124231,0.2806569963970144,0.27037708031092034,0.24862996795374276,0.3132277869051406,0.2643796071856004,0.2517525218704735,0.2970340763573029,0.2484640634611587,0.25082995449540346,0.2910426500390155,0.2942637979223188,0.2469138367040948,0.2425442207161361,0.2923638232712871,0.2475629801364427,0.28589796099545867,0.19335362120039712,0.2999824631502173,0.21255931928731667,0.22411479856176159,0.2052461448392432,0.2238593304279755,0.2816472568780231,0.2991012514313337,0.2836150068587068,0.2446666249563328,0.24438169225252312,0.27250345833832734,0.26239484898131776,0.22000066136688443,0.33899771057588907,0.24958996959738083,0.23449051197895823,0.30112992909170977,0.2640874578105431,0.21849356235179596,0.28863730489342776,0.2295216744437216,0.23421646045856054,0.2513401631915869,0.24855034906716492,0.3061437810754447,0.23966122882091673,0.30768874158303117,0.28126226875357124,0.24433858386528534,0.25846668614519835,0.22842389819437128,0.27162982684279563,0.35221572474418567,0.2432815727751874,0.27169558009173644,0.23770824602814394,0.21217745417453665,0.23741543443293026,0.22300306517231194,0.21174612541088608,0.252324229535204,0.232809331711377,0.26916744932547004,0.29269755617861426,0.26216829541320535,0.2481858213401172,0.23040750643554864,0.32087718194575604,0.26951172769974596,0.2711335941817798,0.1754998559797844,0.23894689138502126,0.2514012529589023,0.2112145668418717,0.23678859338837335,0.27884259909166753,0.2589932684642618,0.2821379085471729,0.30983035516211543,0.22349322232783098,0.28489067845914956,0.21246611576450836,0.2751672069919564,0.21328532338976042,0.24462497482115728
0.26492502505353055,0.2911440372199709,0.2518732441465974,0.30303766213819044,0.32425737557342604,0.24123398343326719,0.0,0.23245894471096204,0.24517066863273512,0.2919891610607479,0.2657419419585552,0.2858541887864598,0.2569844663535876,0.23640917301087136,0.36021921061196255,0.22608097747176364,0.22392999924196771,0.2600997076764725,0.24781988971124316,0.21715675657593672,0.27532965306238916,0.30358348012738007,0.33966345785447105,0.3092644933299342,0.3093694046800455,0.24916245154664884,0.23523084371702901,0.2114822041462988,0.25254458917222894,0.23143910965145167,0.2904115409786713,0.2388512139770293,0.3062613400765918,0.23419113698202249,0.24841166512892066,0.2355845852727563,0.32550716650531586,0.23048050904297446,0.27100436135429884,0.31500949400429196,0.2938516558526859,0.29455913375007486,0.24879844416626878,0.3048007150077511,0.26533944555003863,0.2541293891200317,0.25323554755086386,0.2682570814467215,0.36861333884110153,0.22233897364216101,0.297795935362853,0.23290138146539302,0.21213818216790617,0.29004648669968136,0.2759628437071774,0.278086351362138,0.23806458303072603,0.2572904101402707,0.2968235233933248,0.22776394625435992,0.21980352410377565,0.19461986153577954,0.20701129526407214,0.20967763408135218,0.2373991163620415,0.20530940951870594,0.31014029300782414,0.3198319159726453,0.21237973325234655,0.254702998954703,0.30547375736077736,0.22655663667229203,0.21279825459834348,0.28825878760752977,0.1966204419651058,0.23160417859718413,0.2965633053074173,0.3461502649645454,0.21180223013363025,0.21998751415836776,0.2673068404575769,0.30857806127082205,0.3122801478289087,0.19160251890836857,0.23221794181103672,0.26430267794762397,0.24867224751554742,0.25361280556411286,0.23547519004272888,0.26359854910619535,0.29135604559432166,0.3560572844563706,0.264497969397536,0.219565579090704,0.28189919867490965,0.3325154261661362,0.18682268945621952,0.282027681453537,0.21362606824905575,0.2532474656325378,0.248697303571003,0.24398932885192945,0.2676050439566101,0.2794895475698923,0.20995074164119992,0.246275308798835,0.20974826840877012,0.2634613230880682,0.30443273577176044,0.31622274263523553,0.323799672465225,0.24909743570810491,0.247819153429091,0.2297379590481639,0.21158573716544352,0.241573093467062,0.23295543726624793,0.25750251746807307,0.23574162432129306,0.22056054304001854,0.26052603607687735,0.2353277498220138,0.21844070409864,0.35933497997064856,0.24124237408426197,0.2868205446437219,0.20899899068301797,0.2686052848940879,0.21930330933505685,0.27316040790311674,0.2119864757437918,0.22182285112276828,0.21123405283638985,0.24338192959260013,0.24841501852507197,0.25618581612847674,0.22942326873719623,0.2918451973159607,0.26432579131319744,0.3241042554419742,0.27341584271143315,0.2310694232989493,0.3099126890046338,0.2464269698930603,0.2974998789387031,0.2931470825217941,0.3049188420004437,0.29417390721808173,0.25596134873533044,0.15494025802756436,0.2636592916295785,0.2704957476288935,0.23831371023214953,0.3100587899494613,0.3453144971492517,0.3385218829432787,0.294615712474375,0.33989057579843424,0.2990958537699864,0.24549561248677584,0.2595355859907714,0.25252230670303555,0.29958629708366585,0.3055748865337304
0.30101089096178973,0.3332980911726278,0.31119559390073487,0.2667397102310046,0.21686152753092797,0.3099990263885607,0.23245894471096204,0.0,0.27738617161554197,0.3159153938813362,0.2651222826879509,0.3056213769787667,0.36517076522116493,0.21912154681625573,0.258752440858952,0.3164938531269116,0.29493933828609975,0.25194233927797544,0.2702263787884638,0.28661859152956504,0.28803528850644833,0.25268138933458595,0.24639678755016056,0.23634523629237442,0.3190107384094191,0.23703702799816234,0.26896750619682375,0.27837113940185276,0.2130483424246806,0.2509466739164506,0.34093893738054487,0.3289638396932716,0.27060302899464617,0.24393036968421877,0.26535108168212185,0.2778574780316065,0.3271805382761484,0.29061670638730747,0.2578498993105195,0.289974040204192,0.26964912013820364,0.2618435991861548,0.2515652045885761,0.25389986034567713,0.36363036955192934,0.2877740343368036,0.24945181458107024,0.255199330184891,0.2797198039737469,0.2769715699757377,0.2896928369416687,0.26360629761522775,0.21379590916265886,0.2621808579483607,0.2642123908602424,0.27394982986510386,0.2811788684568805,0.34489563786071364,0.2731262470004459,0.27978126471857134,0.3657403618976744,0.20262251614811738,0.2741065097777796,0.20871386646107068,0.20771491449031038,0.2422247124778488,0.28269294808898815,0.2577038132496347,0.2512134891894369,0.3747414178053438,0.2852048070681528,0.23897413822233832,0.25978082390179347,0.3467356142980869,0.3275028189844501,0.23203303294030697,0.2970901053419607,0.2549856131763941,0.2694221801191063,0.2001961999104287,0.24404072488474068,0.2688606737987066,0.29047131937163273,0.2875386943875333,0.28880224416114847,0.40325944967288574,0.35718595275942533,0.2753389292259297,0.32350893879333537,0.25645241722084966,0.26114584272513836,0.2545188466749849,0.2717285014334404,0.24086189760030025,0.26768010953896043,0.2814602578989837,0.22987675278012432,0.2888164815221747,0.18522129102314025,0.3235132868555402,0.21068397224657448,0.3048977181776488,0.2266175530171742,0.2562833106499893,0.2934231519893956,0.3100822709788684,0.29082084605237224,0.29742021756597375,0.27495260242619324,0.28654082450078755,0.24905571005610205,0.25333330861438275,0.31346000168552124,0.2606847874548752,0.2459402536383415,0.3158585869183219,0.2771443633667702,0.23997627731257948,0.2512027573378213,0.22190001736465811,0.2410866985752968,0.3112369089133827,0.23670618576811475,0.29168275495382584,0.2165604708319042,0.2785399741210358,0.2371933479535441,0.29745065030514606,0.2673799493835383,0.2565903977702133,0.28327504841307644,0.2987549879253357,0.26649233737566536,0.2311341464348481,0.26180090983925924,0.19701476047064564,0.2467838516558631,0.2504463504106617,0.26034197383901114,0.29462806773680805,0.22487684558953522,0.23098902175344083,0.3108773124790279,0.2569062079450075,0.2722103108949838,0.26633937366495497,0.31746117032949533,0.2502701750328684,0.317883902777588,0.1703039259204523,0.29730250640184525,0.24514674401284897,0.24130126118920556,0.2715345294253505,0.3095785314686789,0.30951981961900665,0.2845163317351764,0.33194290817128613,0.22022288540823284,0.25941433656039053,0.22383623345973838,0.26369340885719483,0.22383509339868918,0.2532363771511337
0.33062852155869904,0.2647924852943344,0.24468012688276677,0.22512241918238546,0.2529934344867286,0.2537217042282713,0.24517066863273512,0.27738617161554197,0.0,0.24128049383415104,0.24017636950861795,0.2497227263488205,0.2598744547399602,0.2569800485654307,0.24384553813854157,0.25658214918583355,0.24088149959524008,0.2713561573902621,0.22173976969036907,0.2677543344232227,0.2297555802388291,0.3093300224508785,0.21990505221856135,0.20809379795966118,0.2578059403802007,0.2010289470232831,0.25922516179322824,0.23713840559269392,0.20171186239761005,0.33610015629327966,0.3135633808632919,0.2674016317934912,0.23560231937600398,0.19625078201777482,0.2710234627819597,0.22290367518323254,0.26117971154711483,0.2894616611969745,0.23248936372078388,0.23558915023432772,0.2118222699735709,0.3147882174276995,0.21615030563302048,0.24194260035687248,0.2480615588745912,0.23348968073658158,0.22537155646701776,0.21819802659472967,0.24751610396158644,0.2534502394655871,0.2510476453955529,0.21618043135529558,0.22618091532405712,0.23044824242195297,0.22465245072123785,0.31863944344318273,0.2553278422448,0.27662817202663204,0.23451636526847874,0.22252429120735603,0.22614962047843298,0.2168085070859751,0.21843165831186628,0.21127417830810127,0.23127485072364615,0.21090585332011044,0.2767378381838335,0.2660311698994586,0.22883152695694314,0.27588297556307717,0.30506084671828143,0.23131704411548187,0.2762353289618283,0.24827797324279752,0.26522626536098975,0.2246006961401101,0.22405433536032981,0.22363018838420123,0.21576619180387505,0.20338833668569947,0.22200429272235905,0.3315334134845739,0.3258005846020212,0.21151544469217384,0.2603780194269191,0.30290761243900644,0.26145266677158235,0.2952077526586281,0.24751113999289973,0.31308585361986396,0.30726388268513105,0.3017660331179138,0.25378418872555564,0.2188476494573711,0.30373277169432567,0.28381420190129597,0.21857558200597707,0.2380478477181434,0.2329937002401862,0.23479205663416378,0.2310713833532549,0.20904781292359065,0.22717791009187116,0.21135572698895927,0.27334344235946123,0.23644250930879002,0.20436749284272582,0.25045402608930245,0.2236160295000251,0.22192638930950623,0.20957730654240003,0.2665544137009417,0.281032572555547,0.29873828149707893,0.21229751156363033,0.2706341657986597,0.23089110648319122,0.2381158317867075,0.1920115996790738,0.2507829913397418,0.2585744646137094,0.24231457289825983,0.22175700981507324,0.27004720248331315,0.30359999866094695,0.2197844798875373,0.2408056887379585,0.22797950850529658,0.19459378752038684,0.24852486820947292,0.3457055483179341,0.2734864458586997,0.23966070361152156,0.29325532746506494,0.2215896291610732,0.21880256367211096,0.23501150865762188,0.2332679995385997,0.23255252536070026,0.28722062229649686,0.21561274922952903,0.24615954460649497,0.31071321046463724,0.296209099455704,0.2429515666877292,0.2642669021026317,0.3746679376890209,0.2224682437935092,0.25655334798955043,0.16783877485872162,0.2775032134578564,0.23847679659969845,0.24509260917620496,0.25283929915738307,0.23811342966352783,0.28976167463827485,0.2501764711900999,0.2662085947439183,0.2533694966073287,0.253193862887002,0.18588992396901466,0.27463942988099016,0.250802826882165,0.2859186278817344
0.2777565319444828,0.3664057063252622,0.35122534076368866,0.2581048802150352,0.25710909715095037,0.2826605601466077,0.2919891610607479,0.3159153938813362,0.24128049383415104,0.0,0.2487771173831164,0.25896287651916994,0.29867162075909337,0.2401098079611672,0.26339297324648175,0.2632190350458434,0.26060700725282554,0.2790417473788311,0.2591954235150663,0.23532832304798157,0.26290966349972295,0.2725489579530846,0.305754430025459,0.242697625256077,0.3768031807111501,0.21220854940369532,0.24550346597659198,0.2529854815110386,0.3012459212311892,0.24531948066824788,0.2870023569374623,0.29095075179915697,0.23366356494773619,0.2102514486010368,0.24839500115313512,0.22800425942831154,0.30171964716230476,0.24854775913688548,0.21218444573456213,0.2852178157705058,0.238219181255006,0.2891673250595142,0.23158549725134434,0.23556430010874385,0.2567974929827966,0.24703788430861953,0.2511382543427208,0.24405994642896367,0.3369671771629161,0.22133730159327636,0.26777537033689863,0.2288079275240993,0.20604995255026679,0.2528153046361977,0.26010402254164977,0.2906804555440619,0.24378413296666465,0.24627043647211674,0.30520322394817967,0.23698473980603338,0.2634011081849392,0.19064770651338087,0.21590399968558116,0.1988111194542206,0.21672788993408273,0.21375684565146053,0.24848684648760574,0.28619926588797623,0.2570836734256855,0.3154094273576451,0.2577470056744234,0.24760405867834184,0.21623526721069722,0.31018783577882847,0.24928240200930607,0.24345280404037598,0.24684402978963726,0.297061035497528,0.21105532994474058,0.2275175584572764,0.2848326705967955,0.253871817623993,0.337626300741928,0.24849118746842397,0.23770674013071866,0.3049503772961941,0.25630677665178114,0.26704999727319323,0.2862639355867419,0.22727787677621994,0.24866647502052466,0.2459993254457303,0.27297148387201586,0.21099628413937357,0.2670709434361722,0.30567403687802003,0.17758775326668252,0.259923011161313,0.19541315007729917,0.2740690380236523,0.21932501542532562,0.23657472167693822,0.22246215906957278,0.31859089687465314,0.22363941324876996,0.25106738129191447,0.22782299848045873,0.33631715591788724,0.2649315422168728,0.30166221259891385,0.23828657570618744,0.22032344833866757,0.27386866460512344,0.25503060985352854,0.21636958078115293,0.2813211582207493,0.2592679076041832,0.29671556870626586,0.26015360889312955,0.23499111472119932,0.22839781351105742,0.23753395150844359,0.21079177768631258,0.31367028632154675,0.22159062588876227,0.31383399485932256,0.22427071076436234,0.2282310663566391,0.26201548489495513,0.2626432772698596,0.29601265975704744,0.2581484306580839,0.2335731737147608,0.21079477191599819,0.23160441083473976,0.21489425155494424,0.24277780660152462,0.25117312304400746,0.26803424919390845,0.2876074967587009,0.24849365027792408,0.24467240989859332,0.28885675143470196,0.221248423096838,0.26019833543511706,0.2555913745230781,0.2523977673425592,0.3082668777451067,0.39177230274290986,0.16854237650768103,0.22716308470698687,0.28067341621854436,0.22149986443865843,0.3060018459784201,0.29703644943836166,0.2902828325309823,0.2748106910602576,0.3480075151168558,0.24231258009066894,0.27011190328400786,0.30334251742630625,0.28241589005773243,0.26453283114740217,0.2527744614455967
0.30279950265968014,0.2577203097722514,0.3332994410246621,0.30769871523747006,0.31042082697091056,0.25666152518869473,0.2657419419585552,0.2651222826879509,0.24017636950861795,0.2487771173831164,0.0,0.2964966284478167,0.30844472644333476,0.23615337857724875,0.25049838703166155,0.3375477941316349,0.31965950266019066,0.29355599364092105,0.28054566364336375,0.2544947236870698,0.3218220327833915,0.33102497418163324,0.2641109030289354,0.2527569044170621,0.2945789746185562,0.2826927201389279,0.2671894035060568,0.2889586556260845,0.257427470410743,0.25396680040596165,0.2453578125021644,0.2891482178746374,0.25245031522152367,0.2205262965338029,0.271147789260009,0.29245252836999264,0.3249471515371238,0.30379042738500994,0.304656002392324,0.29515806066298084,0.2735837603301868,0.2943317918681229,0.2631438021169486,0.3084601585873128,0.2595521782150521,0.2441342002998153,0.19435108443836702,0.36987954124211153,0.32108129217180736,0.267654915623038,0.325183653003564,0.24894990483029858,0.20265650003327362,0.3184881188049799,0.32166165283441883,0.2023088245003903,0.2931960595707388,0.3778713036953841,0.287190602118082,0.2578034149602751,0.27468123110021264,0.18209088025710815,0.2858302813634138,0.22877530573045216,0.20912631004917273,0.23664980005769676,0.2918505073161173,0.2446103425698218,0.30403697372432054,0.3011221343740564,0.29010019105871826,0.219847911194011,0.2967911782448876,0.36427819529030486,0.31698537716330305,0.21019067180654097,0.3428440517576272,0.275607722288344,0.227684767326548,0.19812106062810622,0.2521525069582526,0.25738384007828696,0.24653410225559344,0.2534670355708204,0.25852216891122565,0.273167401616399,0.28586976080312065,0.2529763032417097,0.21992643277978224,0.2206350387083144,0.39597985465782687,0.21389163406176692,0.3109272810478016,0.23610451364471052,0.2739001718108262,0.25008088804931006,0.19394016691314253,0.21404885557781875,0.1940261606287289,0.2401749094291513,0.22478290924072933,0.27129543667336947,0.2514338481837169,0.22129869908664526,0.26595836274647205,0.2309432112809415,0.2445081035215219,0.2665258184017436,0.24774478320362023,0.29415975117051846,0.3542376086229977,0.2713296876009891,0.2815212081534915,0.28850694739985555,0.23515270273809466,0.26295645887038765,0.22695353972397028,0.2898626094921288,0.2894724738695696,0.23268261604524781,0.28569749618341955,0.22632767815831742,0.23931765424816728,0.2901201853647157,0.2187341530056412,0.28695074987840274,0.20772933256691817,0.2458702625409743,0.2537583684896313,0.2531991117458179,0.21305325061178285,0.317221359747569,0.25009645933551555,0.26924975198283785,0.333989823799645,0.21394476829534176,0.20792555819987316,0.25135851459608727,0.28745420571913916,0.29771920078904496,0.24764450218430578,0.2601063304435583,0.24694120507961942,0.27945107030948135,0.3350079066545229,0.23373680490723167,0.2633509056996295,0.23350594705474842,0.2533525257287893,0.19513032935417793,0.32436747528883036,0.2322371900508301,0.36408738715424244,0.24170640731820364,0.2851653573864689,0.2817243986572119,0.300625972330479,0.27943787472709253,0.2379661328622135,0.24887865322305133,0.21799431613267525,0.25441389241157053,0.2221546771431837,0.4018041813389506
0.27345818539074856,0.3083097769304956,0.28606676104518597,0.2665934582699217,0.23510077226967743,0.30309363702231135,0.2858541887864598,0.3056213769787667,0.2497227263488205,0.25896287651916994,0.2964966284478167,0.0,0.25972184818772814,0.1797545893412643,0.24939775827361987,0.2783597338094927,0.2614844224940928,0.2187513500790686,0.30809907783001317,0.2631115910715901,0.32589116439247284,0.2654503436161893,0.2567667233349195,0.28016314192735353,0.3374433073670055,0.2524420675075145,0.2401165179916062,0.23071516692125751,0.22111177236903162,0.26086617413523117,0.29757573540615884,0.2768492886432534,0.2639189138567326,0.27125414221971617,0.23998664709639272,0.2700306057377873,0.3089124636905281,0.25082923107953525,0.3105525435372368,0.2724034538126487,0.28652577156950026,0.2757689413367947,0.24335604395760368,0.2966576040661098,0.28966464777414236,0.2643679287464765,0.27005107261856415,0.2958162148657384,0.2808288699331721,0.2618722182276913,0.3018135863771743,0.28522756991252507,0.19205434329643314,0.3056377193721228,0.29750906989537207,0.2516801654835008,0.28853051426778176,0.3488607233989649,0.22237599742086822,0.24732841290245086,0.2368064826620074,0.18137129294755897,0.252847791208472,0.20606257820545332,0.2034814998620675,0.23104601975185599,0.2541492113716342,0.2339559784106023,0.20520391625578063,0.23400499890377058,0.2601715846996502,0.20013248010943968,0.23681384763482224,0.28297527523094435,0.24993461701092476,0.21165792155396185,0.2667982049048008,0.28490926179103765,0.2249426733691041,0.18888405548440848,0.22323997166349138,0.2698996011886983,0.27092599039237963,0.2080649281005962,0.26807970624850386,0.3147143463998722,0.2503795739427555,0.2348675511263729,0.26100464727777656,0.2662815269883675,0.2793619226046415,0.26895381544580715,0.2554761240756432,0.24370674597992337,0.2288482203175113,0.3459288125308463,0.19554627771528935,0.296618835771367,0.18190415637959423,0.2545448744703103,0.1985293587826701,0.23764207290900413,0.2641057854291383,0.2912418347843484,0.23418421308394063,0.27079496346115306,0.27023201910883093,0.259609503008967,0.25536046871940327,0.35772045838998956,0.3818755350828703,0.27899184100154284,0.2546669964612361,0.23780979632983382,0.22385837806848502,0.27820438605826436,0.24080851965725036,0.2745961384412725,0.2842069699098161,0.1991627904226796,0.23468498794823797,0.22560164004796257,0.2374339132069974,0.2826252083145424,0.19489694105708574,0.30968132666071696,0.2076587884390048,0.28579986573133914,0.27175308502811785,0.2272670939536234,0.22255437808396655,0.2555618626322539,0.20044331835045812,0.2520447941629025,0.2794958821532247,0.1893589077577433,0.26537247103220163,0.24984363696732895,0.24708868825037522,0.28350724549516193,0.20396713401981956,0.2217416523196528,0.2772003264968717,0.2568073655727557,0.3008672262075368,0.3259959708411718,0.3696864728604482,0.2217966223007987,0.30854392738078307,0.17498023835816187,0.2907052567104916,0.2239445223239893,0.2546621295823556,0.27973022001430936,0.3567117311137749,0.25454249070631635,0.26391803235958183,0.3273254214853438,0.20958459000862198,0.22840891743170663,0.1841446652973897,0.22902660590737223,0.20897931355650354,0.2743035701462983
