0,1,2,3,4,5,6,7,8,9,10,11,12,13,14,15,16,17,18,19,20,21,22,23,24,25,26,27,28,29,30,31,32,33,34,35,36,37,38,39,40,41,42,43,44,45,46,47,48,49,50,51,52,53,54,55,56,57,58,59,60,61,62,63,64,65,66,67,68,69,70,71,72,73,74,75,76,77,78,79,80,81,82,83,84,85,86,87,88,89,90,91,92,93,94,95,96,97,98,99,100,101,102,103,104,105,106,107,108,109,110,111,112,113,114,115,116,117,118,119,120,121,122,123,124,125,126,127,128,129,130,131,132,133,134,135,136,137,138,139,140,141,142,143,144,145,146,147,148,149,150,151,152,153,154,155,156,157,158,159,160,161,162,163
0.0,0.5810344569607582,0.5247566745820966,0.521469060516349,0.4895004987711731,0.5791058690839594,0.514174896470801,0.5316119220996781,0.606998245825084,0.5418193980223656,0.5541809286696949,0.5149253651603692,0.6204902948442411,0.5424179962686061,0.5390300068198068,0.5920209230336487,0.6097388251401635,0.6661834530491354,0.553003637435511,0.753390107506477,0.5911078844885068,0.5765379646301536,0.5034366638626886,0.5081879962112992,0.6367735949670829,0.49238695199141014,0.44755217168572786,0.5720028253173192,0.48275997319018477,0.5134526460631322,0.5893276477717494,0.6136496605665938,0.5113496549100043,0.5248876998725335,0.6470555342863495,0.5170948574101071,0.6149054917837611,0.5910407498931928,0.4917288255902349,0.5021432540896483,0.5071790588534526,0.5532678952094686,0.5935797552300357,0.5944305117563831,0.5691029242437589,0.5828431552841989,0.5170160356153053,0.5506397323016952,0.5962625431099177,0.6055677438198064,0.6134579705463473,0.607902735411188,0.5237370647193862,0.5558180489286747,0.5396203967681314,0.5609479114591032,0.6769614368077987,0.5330598561074902,0.5640078614932414,0.5665804765923987,0.5474907430671316,0.4917835353670295,0.5868893351698214,0.49385406171590174,0.5866896897314001,0.5900068765435742,0.5373685091957002,0.6011067795281256,0.5483161632115122,0.5789331207222681,0.6599286143814078,0.5862690870912701,0.5540662292091277,0.5995236049948877,0.5903478488303862,0.5763149545260157,0.5130828234820001,0.5019984548328476,0.549391507496893,0.4933439809302903,0.5443040086438139,0.6081389394169492,0.5917649428764108,0.5481672333767134,0.5730353913944699,0.5994435190689188,0.5304604141602641,0.5764899633602805,0.5893764393857265,0.513679335403544,0.582163874451809,0.5511037357621651,0.5870835447090679,0.6104101628837965,0.6036604788127826,0.562567066112209,0.5048659056374541,0.5427249591568024,0.47656098307418543,0.5612161332484163,0.5379419608665935,0.48438296067348446,0.5018825414419564,0.52563544855124,0.606123264546046,0.5889004689227096,0.5440778396633865,0.5743661606940212,0.5329667497164529,0.5570944523449541,0.5487771223098614,0.5436179262934403,0.6026575042265847,0.5152465809938636,0.5803285774116406,0.5699329615868098,0.593532458768197,0.5633116603302083,0.5398537482215855,0.5100339131139011,0.5699140981137132,0.4893918031626554,0.5830918078180489,0.6193043081417318,0.5674153130498872,0.5352271882486844,0.49664009321515185,0.48715190245809287,0.5420953519170121,0.5522503881936806,0.540092367395711,0.5611461631920469,0.5359578337206811,0.542860171422397,0.5556371106935986,0.5634970986279301,0.5843822255345805,0.5233890326636487,0.5060655585686297,0.5559061039222084,0.5450241312332773,0.5629379366539519,0.6149078440416462,0.5252227705160314,0.5634872453472041,0.5214437682038408,0.5586468974130228,0.5147738379681019,0.606835058245473,0.4056190000709583,0.60966413983861,0.5560227068076282,0.5486017497351693,0.4691176307158394,0.5561570484448598,0.608124550595837,0.5225475604656367,0.5565866596901545,0.521764783418504,0.5726904917383816,0.4975131052513912,0.6151795980762911,0.4860981837545065,0.6105127476645241
0.5810344569607582,0.0,0.5711450030794225,0.5643618900479965,0.4744544302522242,0.5586749894866436,0.5250925425530982,0.5346297852243135,0.5292292029889849,0.6199624395586653,0.5406006652003706,0.5588754304053233,0.5886535811397993,0.5560134674109044,0.5600909910689501,0.574659240243906,0.6096336229236976,0.5700507968306201,0.5288213973396103,0.6287506650351012,0.5804736664442004,0.6077611180472934,0.5250136721107361,0.578901296981845,0.5951636248926473,0.4924008471063343,0.4833190596011896,0.5638526954734048,0.6064731691775539,0.47343958924896923,0.5599218476665776,0.5302473742769455,0.6067001992805898,0.5282962910501054,0.5929466068232699,0.5488939985341424,0.5464502814660582,0.578944269860509,0.521115920958035,0.5689667850339154,0.6152839576814764,0.5146391663487978,0.4958585020219394,0.5643330164000617,0.5988796382831207,0.5778108055815515,0.5020987232283012,0.5135036762084426,0.5621347318488034,0.5477290453114514,0.544008091873058,0.588289001359919,0.5187823907155479,0.6160013526438,0.5505511704502695,0.5644853689125147,0.5867053737799831,0.5138771477974925,0.5327103670005755,0.6006805297442382,0.5419374857946857,0.4606718333148532,0.5017650008323921,0.5012077606037385,0.4972448551165563,0.5077212229527076,0.5385832729582105,0.5139393755068121,0.4876353461889961,0.5136073292652656,0.5539382330677345,0.5672395728542303,0.47843448465309796,0.5752395671378259,0.5739102136781153,0.5069956221879438,0.48667936679186913,0.5421426197667315,0.5425821775270803,0.4710685124833957,0.5245404791814159,0.5353340136005307,0.6217335359598485,0.5592585070959663,0.5197220570687948,0.6759013666831126,0.45749761726438015,0.4804191518384576,0.5617580654018334,0.5690606489986496,0.5203489624225968,0.5382565573622203,0.5813789554505004,0.5456134188393875,0.5648670097280359,0.6037347338343243,0.48548009872052494,0.5632262393987676,0.45618515372302143,0.5744434755138252,0.5572525188888259,0.4394630017680275,0.45680306641762075,0.5692122253199783,0.5272875805893276,0.5881835036608191,0.5329444046837658,0.6224352773810936,0.5899983510490151,0.599265620123732,0.527532580815017,0.5038068197405161,0.5184082409228251,0.505290376601456,0.5692632633113933,0.6412205374015231,0.5524506607327164,0.508318550225093,0.5467902331916402,0.511096108630315,0.5591296808478812,0.46717025042090743,0.5400911632845707,0.6133690581108465,0.5041691817715653,0.6181713118313006,0.4760736980041657,0.5254389610914946,0.647894965303185,0.5670986177306455,0.5407370684197281,0.5226722455087217,0.5028801002549065,0.5366097100533347,0.5526570979855527,0.5124330256970233,0.5946240816414141,0.5687440847165939,0.5778877213487472,0.5380097226560495,0.550348349417022,0.5372484286991696,0.6113265699695589,0.5062371603984617,0.5701626606542638,0.46295663883278226,0.5657335047412978,0.5656717545741012,0.6325121993275715,0.43503424624206016,0.5216799942180984,0.552907399499509,0.5515089963142623,0.5370693492342866,0.5887893629597714,0.5617203132709274,0.5293405249253871,0.5948813844666574,0.5554912034373598,0.49383714428994496,0.5238839455170056,0.5468342426236508,0.4872016798419721,0.5558092910825506
0.5247566745820966,0.5711450030794225,0.0,0.5440200425939583,0.5144593861725286,0.5496830542517928,0.49103375972713553,0.5391143006405731,0.4810775004933405,0.5913668585659773,0.5637413462708916,0.5227438602083587,0.5856953787425734,0.48908727987662814,0.5103155438340405,0.6246375849769815,0.609609274171747,0.5390216717328945,0.4771881915016126,0.5227715020706571,0.6030945164547122,0.6692412628203463,0.47533080162160535,0.5162937550280159,0.550598148087632,0.522240625484729,0.4588312438318756,0.5048400855501322,0.5191405979017445,0.46430601339105887,0.4806956304496093,0.5222346336499404,0.5310285763781992,0.4635002274541687,0.4874372032699472,0.5145110154206092,0.5369904964921042,0.5338420078901227,0.47968479950822296,0.5212332829723104,0.5243896263874447,0.5295705388056554,0.5231398408669328,0.526004326281255,0.5497904644488101,0.5229781920780469,0.49682952189692847,0.5309710170504227,0.5101290660906593,0.532245584798647,0.548245349867865,0.5697855113936487,0.45004885522572385,0.591439404610066,0.5288349717818918,0.4982409002276478,0.5254761835922268,0.557193347423589,0.5051133945609543,0.5083298914594384,0.5316671501485871,0.4455687489129647,0.5385859245396061,0.4650867105365432,0.46401754547098234,0.4839986901920079,0.5085398081498039,0.5585430346243041,0.5470037824633747,0.5398786156534915,0.5546267180991665,0.4707525480384959,0.47901500131440483,0.6161042939514906,0.5565112220504305,0.4270634462052846,0.5257702785871513,0.538770309284922,0.4915336026107888,0.4272403832153987,0.5008139570935031,0.516430477299451,0.5650398812645987,0.5124244277791317,0.4943520347226188,0.5654798920765806,0.46729914907081926,0.4707530349089364,0.4868639759834591,0.48294700936190954,0.5553603472680168,0.47102902564304644,0.5355190908962706,0.4560023105767249,0.5289769086903138,0.5511464443483918,0.4587724655842313,0.5029500502295903,0.4141831861475688,0.5085633557986521,0.45312207709461244,0.4800332898826224,0.4581611170302863,0.5281820310243085,0.4946812488317772,0.5863658560100838,0.5387960395417822,0.5642785128099524,0.5268697243850186,0.5436943695717913,0.5107463808268055,0.4855697919271043,0.5102296615215732,0.484543618037509,0.4949574939252052,0.5652252514987643,0.46513334972158993,0.5049201848897178,0.5964662847081278,0.4679741033613145,0.515535384967159,0.4760110727753423,0.4770440731883529,0.54180800121086,0.4320393540145644,0.5443271539860272,0.47136332795167507,0.5141194358499512,0.5697839503729036,0.5222864180882553,0.49203658852841625,0.5808963436771951,0.45284738850584066,0.4676418786335374,0.5169537190572475,0.455627488423817,0.4874893955162317,0.4917846990317411,0.5390617488848691,0.4928599201167835,0.4892598251490127,0.5077112784593554,0.5275755754270655,0.5063411215710883,0.526855438139391,0.4673449801249655,0.5464503429153549,0.5179255979282092,0.5769972510968912,0.40432420964495963,0.4709415593831477,0.4635270650101195,0.5321814255864304,0.5584886765604675,0.5572422309478116,0.5266648019993838,0.4740782299803379,0.5867676756247453,0.4576503779342415,0.47448853073545705,0.4859951357701978,0.45369177820338796,0.4542988417582307,0.5190063451099515
0.521469060516349,0.5643618900479965,0.5440200425939583,0.0,0.4796003658839711,0.47983512237164644,0.5650492237476848,0.5515158052623478,0.4775005595892243,0.5385269756448656,0.5788516830090231,0.529970880939307,0.5674373360435438,0.5338515289654685,0.5555611437862463,0.5572801619291388,0.5803824175641539,0.5507371586432327,0.49433387529793865,0.5269195341769338,0.5780875377883936,0.5780766360470707,0.5719021222677908,0.5581909818799047,0.5494677105138213,0.5885062554353037,0.544026993190111,0.5709560324200813,0.5067907363165419,0.4371688294579942,0.5119122912144118,0.5002780081030603,0.629116527451102,0.5493772750410213,0.5302543825699273,0.5601675541414898,0.5532001745896142,0.558522547244318,0.5348131094245397,0.6275605121705228,0.573153356575356,0.488106717364562,0.5076946842457158,0.5404389993833418,0.629514801610689,0.5583666776534154,0.43850580480231666,0.5053620673546535,0.5842779473411389,0.5375152041590375,0.5910150319831267,0.5468222035538405,0.4538121263998473,0.6653946350667964,0.5989565183805314,0.4767008855541303,0.5609920802499889,0.5244682618715826,0.5439514376153927,0.5781277971669474,0.5703397729281408,0.44453193989125617,0.49540309309787284,0.48517780763805396,0.47155081913186697,0.49458974204626033,0.6336178844564598,0.5025536732609747,0.5105992095782251,0.5460988967955545,0.5413863068489188,0.527231085723581,0.5050093532353024,0.6714169655535996,0.5247329783768988,0.44448931817684256,0.6036359146471106,0.5539025613972753,0.5359967939258191,0.4278302863084643,0.45758994755355825,0.5548857570385488,0.5167820521412259,0.5132471528763709,0.5408303837884135,0.5781671078456466,0.48183728417328103,0.5072643844746618,0.5196954047737772,0.5239264642389242,0.5692369915292302,0.5112946782293798,0.5531917722706796,0.4888606107523925,0.6022269462811342,0.5294952352451274,0.4638802441312859,0.5109554457909838,0.43880941070892365,0.590253734562899,0.527365526299785,0.5052739021514823,0.5192708754297793,0.5176801177225719,0.5205078600715823,0.5639364742507458,0.55220243682837,0.5562613028298686,0.5609038401225777,0.521882399302378,0.5688134847326207,0.5452631125667882,0.5237245144554435,0.5346995188604473,0.5371342907030279,0.5807095953927027,0.46976717255212663,0.4987141279371242,0.5521722657291139,0.5056117598543413,0.5446942424119392,0.5267397676307081,0.4861003070815213,0.5696149496332494,0.4518278939962239,0.5537503525262544,0.4921564643152105,0.5398087774912237,0.5783069251545614,0.5590033140257059,0.45482969935977574,0.506873791374624,0.5258107020242989,0.5200029999794986,0.5416815188544828,0.4424331809602226,0.4603035351594487,0.5754093964535947,0.6408468662557245,0.5377483804255855,0.525114872236331,0.49368916145047537,0.6024605602545553,0.530679716657628,0.5645728173841137,0.4839312966922212,0.5127577988620985,0.5093383885961981,0.5205347260466564,0.39857103109894987,0.5454884954189426,0.47185470939479957,0.5796998705984717,0.5234207523426248,0.5774218735669819,0.5722920626778776,0.5224052020964725,0.5695805832985328,0.574373655890798,0.5284670451935051,0.47588083210018994,0.47583464404357984,0.4890120372116568,0.5597656850088492
0.4895004987711731,0.4744544302522242,0.5144593861725286,0.4796003658839711,0.0,0.4395518119901653,0.5296137784027842,0.429946673909493,0.4721593640853603,0.4613838290778712,0.5236431705012908,0.511772765658685,0.45465832845208426,0.44740738479864745,0.4920531106146292,0.5288740524565394,0.5209572173295386,0.4885179753920661,0.4516376625801482,0.4716045933290263,0.5461075565851561,0.5478279262611686,0.5048613178023564,0.4966962170175822,0.48954147936624676,0.503031958822344,0.437632570774237,0.440922640783796,0.4613483816281163,0.5013631667630001,0.46651111652245575,0.4623386006979519,0.459020006269412,0.4497561883140909,0.489682534491704,0.4936929084018234,0.4863648088390367,0.5022649191220165,0.4897946180937277,0.4805579704132251,0.4882020449889528,0.5149579921337376,0.5019851023671226,0.5407579933366741,0.46161510853981447,0.45566872066734115,0.48700651313736826,0.4983251445087058,0.5275552517874602,0.5151278004589537,0.5219026938425444,0.5011636360981965,0.4105152963221049,0.4981563326968876,0.4967169739251399,0.4552310379483291,0.4990839404780724,0.5307905899437564,0.46160139853533355,0.4692336464393063,0.40903958365554505,0.4182534437630065,0.45715812876348094,0.4721626389702221,0.44908434318929885,0.41628626028335936,0.44719783333437285,0.491257728279387,0.47518353966765225,0.4557424244345892,0.5036369050121542,0.4675926275329744,0.44462840861068914,0.506665988759067,0.446546715937954,0.3987069311657185,0.48318806879792153,0.5886929579982357,0.4381048037333609,0.4174781309916495,0.4272898050007229,0.5009935003592964,0.5199714192335532,0.4160463016677243,0.48538180589868046,0.4846953919716647,0.41663074890993435,0.46022672393700215,0.42336987935512155,0.44691436172465365,0.6170757135670648,0.4754957948971666,0.5443070812276598,0.42130154288836985,0.5107324774697674,0.49205955873067714,0.3947143190716223,0.45846559848219975,0.446641371930678,0.43370080995157173,0.444157883078367,0.4255907814216644,0.46491994339068454,0.47350491591140786,0.4581327548405729,0.49516265680865135,0.449640574012301,0.4885718107555828,0.47348595863721676,0.4800509931100159,0.5132060075931008,0.5259996447532245,0.43373923729873326,0.4624830311288197,0.44113294673248693,0.49268003506734626,0.42305855793732794,0.5210519782341763,0.4845891683233282,0.4499370501145337,0.6172228264614663,0.43490794040941094,0.4531371536274457,0.5100579604780975,0.4429278391010334,0.4642912881926554,0.44194376408318237,0.47735209137632373,0.472130974955502,0.47546105297310887,0.44307809073186416,0.48762572965935364,0.4140354783422786,0.4756730247766256,0.4639127811044582,0.4454926284481681,0.4592494114274408,0.5028417114085147,0.4747595148783701,0.49722854653418297,0.41287304997103647,0.48880843503487337,0.5018476662237543,0.49335830407338715,0.5199428676917304,0.4828703833189922,0.5496299559422089,0.44050116680770995,0.48981976850900266,0.39431830368092646,0.4607105601162192,0.4330316616006536,0.5295806749723865,0.49542405525885064,0.5041740297165218,0.4638465444192064,0.4237927867147252,0.5022237776078073,0.4393637032861133,0.4680253851051601,0.4068486449914647,0.44822554234982653,0.4496361200920904,0.5610244895107397
0.5791058690839594,0.5586749894866436,0.5496830542517928,0.47983512237164644,0.4395518119901653,0.0,0.43764624728036994,0.5561629218823632,0.5321210298626967,0.5310253840912147,0.5115631308008601,0.5415653455315198,0.5717768074525129,0.46734792446629625,0.4517721197906829,0.6167626878814524,0.5854235500033579,0.4972856999297611,0.5487460724583677,0.5937769564530266,0.5933136693560622,0.5121927822856299,0.4327467664727916,0.45953396327031637,0.5893632354736779,0.46624610026363045,0.3996272202283744,0.514920820647146,0.47169554758070936,0.4943306528460433,0.5354666536116147,0.6052014606062117,0.47368535571590575,0.5103554862711445,0.5059750119497166,0.49235784442289887,0.5521126316148857,0.5433778556336797,0.4810240467436359,0.439065759493635,0.48105264603917797,0.5366309089338449,0.5198474806528266,0.5456075656703923,0.524487719481128,0.5238764188015493,0.4904738670361622,0.5316471715953861,0.48116099805295354,0.5172466659747434,0.5382211382694644,0.6105272550271733,0.4756445741083311,0.5367227603182253,0.5038919403933688,0.5851453982692141,0.5756135554413458,0.5705768292177354,0.4589989653364752,0.5091499809234917,0.5744219081755675,0.4979294831293364,0.5847128258413582,0.44712230651408524,0.48724965133121584,0.5491281125144362,0.48472146438548724,0.5284090906734077,0.4633293020253818,0.5441948799292318,0.5714507582817379,0.4804772908385906,0.5048266585390697,0.5411508302625728,0.6192288770523973,0.5078843136278601,0.48851781632958635,0.4815904657844111,0.5296219598174914,0.5341129804222807,0.6038660887437061,0.529675426420776,0.5722572964299393,0.5729649293214744,0.5465304197179284,0.5767085483268755,0.5471969866725009,0.47110247010284945,0.5549544699405141,0.5151356544598182,0.5028364422308299,0.5082019012128657,0.5119245515285548,0.5450925031666122,0.5157130306831313,0.557309958403504,0.5338204722683783,0.5644970679550816,0.4432766193246016,0.514492496486,0.4833852998564581,0.4866746555477484,0.45710684882004965,0.509813180763464,0.5444766510707983,0.5839952639215606,0.5690467961475241,0.5638970327428503,0.4753650902640289,0.5562006253547026,0.5224563222665475,0.48778530802639997,0.5862664317058677,0.5057702067017175,0.5224133155473131,0.5403735903848996,0.5695353635548983,0.4802955551095363,0.5601568829262352,0.49316513382056304,0.48808151902925534,0.49251578854984984,0.5708323291933702,0.57368637679004,0.4946947028245024,0.5408438727126369,0.4888828694127282,0.4915604552020794,0.5727543286933308,0.46587579489333103,0.5578076060514288,0.656272748913455,0.5116629934369802,0.5189835003026679,0.52344541466221,0.4794194056868211,0.5552018113870031,0.4376099235399159,0.4399699098258722,0.5135286364426742,0.4837392263163104,0.5668371867212465,0.5331512647283172,0.5006181778389236,0.5382792752463387,0.4562189030697035,0.5453133971092642,0.5208810791362113,0.5963303678134276,0.44495877953361046,0.5309707943619202,0.5162087905896304,0.4833291220242733,0.43756603518234854,0.5730565486113198,0.54547068797867,0.4678420300312442,0.5925052079148565,0.4336285002134125,0.5197912491514065,0.47030334324791057,0.5509398588105756,0.48143488585087474,0.5177945511323224
0.514174896470801,0.5250925425530982,0.49103375972713553,0.5650492237476848,0.5296137784027842,0.43764624728036994,0.0,0.44530978370725594,0.4469286007554119,0.5403227336466231,0.5147185588854599,0.5136739685994886,0.5150623089110556,0.5020658202636156,0.5487875076430435,0.5106642089598072,0.5265878849755348,0.5263931965356508,0.4607499648193758,0.493777745213982,0.5305296825691252,0.5258667441228326,0.6733458274638634,0.5761558744982036,0.5462806268965078,0.5418830324751941,0.49415499444185707,0.4986687596586452,0.49553463545221477,0.44569089639327647,0.49266185728783923,0.5041292548219751,0.5155166510551495,0.5606936436100183,0.5235112232728305,0.5064835391056168,0.5420565118392616,0.47697966779462336,0.48472319869681607,0.6164209711348562,0.4949324512987658,0.48872067630155275,0.4997058558295349,0.5431220193126357,0.550075223340468,0.5239006043251455,0.4870387742241562,0.49755998363772286,0.716993847608535,0.5091934512877442,0.5692095194975764,0.49638925299589953,0.4259315444874977,0.5467742752219146,0.5582440017605199,0.4778357123240239,0.5145210049350569,0.4660118044869757,0.5787701765626235,0.5286629945552247,0.4491027950979737,0.42131631973033606,0.4356963986089471,0.4800544259818263,0.4654082279672328,0.45403414288941135,0.5603035804822115,0.5196342170117234,0.4788896611283865,0.45656137241399475,0.5080825741459801,0.5185154291699694,0.4679538673906359,0.5854549347335947,0.4377419205435604,0.4571670465996619,0.560025084227513,0.6087451036526583,0.4564909880424449,0.4238135473330951,0.425535035463258,0.5045357196594666,0.5148608167795347,0.42482182984128647,0.49429998906534495,0.4877663146036615,0.4240950480631683,0.5214767647422862,0.4860698400928007,0.481593623490235,0.5502099225686031,0.5240861523900064,0.5509660041642703,0.466005870316998,0.5411066025070117,0.5156174283917203,0.3979014550878047,0.49280094682657627,0.43903577160541385,0.5466118963503857,0.5001202776718983,0.4491579875127514,0.5119478016826431,0.4965663738818776,0.4636452390883991,0.5222000484462004,0.4837625403201189,0.5159613146295289,0.5627193953475428,0.5432216317460926,0.5898313355083697,0.5129185765361733,0.4802908477393219,0.4577305646718001,0.47242726315406036,0.5123835453308336,0.45795860332882304,0.559818910340872,0.5132321706229594,0.4541918008852139,0.5421908815897498,0.4328058293828355,0.4728900929681442,0.5640612492279565,0.4404147499002294,0.5115308314659913,0.464406018664262,0.5042230033157188,0.5130954414257102,0.524780461959967,0.42981508928051704,0.4423303891356654,0.4430490862438434,0.4521656095062343,0.48215087406637036,0.44363138352939674,0.4702029217559442,0.5845263736023234,0.5601111053290502,0.4987111256689912,0.459925514670169,0.4820226140147245,0.5755776112302181,0.4744763609116794,0.5366234268050832,0.5461252774732878,0.4805927553988919,0.47485482029730114,0.5100642718733217,0.36698361117381967,0.48924496338683554,0.44931919992985647,0.5109039153921345,0.58348259832412,0.5210899845644487,0.5096575295107538,0.49113397216465104,0.5362737945668375,0.5350110135230346,0.5336246970508923,0.45428581595209816,0.4625226871120738,0.4539804551340213,0.5229683455948356
0.5316119220996781,0.5346297852243135,0.5391143006405731,0.5515158052623478,0.429946673909493,0.5561629218823632,0.44530978370725594,0.0,0.5509613827805685,0.5225938786268072,0.5172080636006569,0.5460034125734762,0.564253625506941,0.4692758415385115,0.5084870258109844,0.5791613262815362,0.5290561476270619,0.5182484398330349,0.5158961309640921,0.5484620631505334,0.5414187755159648,0.5299944392389321,0.4605595459812541,0.4601932372427763,0.5588222746499706,0.4959025256747702,0.47019466784011,0.5180406625281578,0.45421573929350584,0.4797602969758902,0.5828450382091274,0.5273618432666956,0.542888689742396,0.5009818890251735,0.4920964972574605,0.5217805815436986,0.5564347840771928,0.5797237149465669,0.529921325813113,0.4611817477176132,0.5089881035060804,0.47668876292966517,0.5424175318677144,0.4990566481376734,0.6202213984578363,0.5562026114320243,0.44064993053955354,0.4889527063856805,0.48419012062206573,0.5221010715843438,0.539894289247962,0.52452173780137,0.4481680575598247,0.5534947250982407,0.535348673236499,0.4981986934185151,0.5477614055639788,0.5883591904569964,0.4570188712103414,0.535574933633674,0.6347172768356427,0.4769465367906831,0.5490757779081764,0.4428230417034883,0.46427262108034145,0.5162513924659023,0.5201878786484517,0.5112697945542064,0.4985257346198527,0.6901058632964937,0.5610966170896372,0.48420693930956227,0.4673157665966436,0.5649721141284576,0.5959749939808963,0.4590111083591529,0.5259035983359435,0.4756194833468268,0.5991695067641164,0.42586676421094394,0.4841306413055948,0.5557151527944565,0.5482178931965582,0.5803355243745738,0.5154496151419531,0.6221995471866458,0.577124250591601,0.49479655098376824,0.5722398186228006,0.5456576733916653,0.5158744647594966,0.5011265409263737,0.5121195760653001,0.4835677539961925,0.5090120108220781,0.5616074394099412,0.5389823611161165,0.5148593507612401,0.4203995628560871,0.5285530024263984,0.49229721269316995,0.5815637687936384,0.48009123532019715,0.5379389871400386,0.554377067550879,0.5862523794182354,0.5677647451337312,0.5319547592362656,0.49186146143811676,0.47929771835154966,0.4881655657205416,0.4967413048478549,0.5106162736660967,0.5474866033984349,0.5348327195139755,0.5330956620070615,0.48348062885636955,0.48116525480091615,0.4793784089491014,0.4955861134541162,0.47979737565615055,0.6272858452506086,0.46250336655236035,0.5444388058634931,0.4422164414671993,0.562788761209605,0.4673956670271284,0.5662930611080406,0.5355555076334163,0.5113108563302668,0.5181685742710387,0.5644881144677498,0.5517148263602003,0.507467902768389,0.5306208470521941,0.43807726660574353,0.5017577139305333,0.47076318538920553,0.5092773253788779,0.5770023847434422,0.5227417693474748,0.49508451814533744,0.5300333666174738,0.5121377706526261,0.5247001873121925,0.4542803773804279,0.5559956455143784,0.5222855812176836,0.5511208932151921,0.40815375387344927,0.5639031758481136,0.4797618078384295,0.5099060707796238,0.4614143988321529,0.5819210814357375,0.6086099766021071,0.46884198929917836,0.5653410592531843,0.4539831239904061,0.48399205164615616,0.45470066835771084,0.47905476181071793,0.48497990721461937,0.501142886834563
0.606998245825084,0.5292292029889849,0.4810775004933405,0.4775005595892243,0.4721593640853603,0.5321210298626967,0.4469286007554119,0.5509613827805685,0.0,0.49008426628579754,0.5000058012678049,0.5351392811492303,0.493533828030024,0.4767275641781403,0.476912946767147,0.5322518880291012,0.5253754616312399,0.5365753799769795,0.534122139769114,0.6234824732809583,0.5413651594983672,0.5239326094059906,0.4696449823864162,0.4448494582577079,0.5819471147609936,0.44705925857547485,0.43979380431509,0.5011180456885319,0.43708891963957874,0.5527521436236096,0.6003149083840853,0.5136359074577949,0.4614622117791766,0.4857233248278464,0.5747259032892675,0.505005683566855,0.5223402906309187,0.6059107383175537,0.49377242049674513,0.4308200089898313,0.48004687361291704,0.5759458238168369,0.5162068621345466,0.5177166724986813,0.5125371839429372,0.49145850190483914,0.4640359482438149,0.47324550450318453,0.49904450531307015,0.535278643947956,0.5091999363650989,0.5221859920963601,0.45973204289637337,0.487766162552339,0.47733395231394743,0.5701428715162449,0.5671703341760465,0.573651115932287,0.46218249244666915,0.5005013626783654,0.4824288035998741,0.4646097996636827,0.50869834604479,0.48726463378167173,0.5009982094125174,0.48269464790668665,0.47307131626946863,0.4942815436337524,0.4937987548086663,0.5829027986215577,0.5556066001507394,0.5157449861562791,0.5075282759269023,0.49747137297945626,0.5650587780906026,0.4718247623902045,0.45006489441752245,0.4656486043987318,0.5177773113982681,0.4417314208556566,0.48794005831115467,0.6055321699796027,0.5567884140503383,0.5094636960125989,0.5560586923349348,0.6125684463483724,0.5351299567759803,0.4986727408955311,0.5197834529478148,0.5454088587903373,0.5522748244757933,0.5566851502629585,0.5100291196680616,0.48836033922825517,0.5486045206904272,0.5471525239972281,0.49166122153011127,0.5565991235326481,0.490239825715216,0.4742596306613765,0.4909761001453255,0.4624936173591308,0.4863564654446965,0.5369427134935884,0.5697701995585726,0.5198809814384147,0.48529077024435086,0.5713890750006174,0.45317709668413614,0.48449068383760874,0.487993991869083,0.5512366253057516,0.5036807038393877,0.5715498692852998,0.4924986733300285,0.5201227471336597,0.5205307283345711,0.49826043664604136,0.4670276775281521,0.5400489398846117,0.5289859362187537,0.5166961367262042,0.5293213172154051,0.5200916710648614,0.5539174968803754,0.4776065419417595,0.4721467975555848,0.47175308798254667,0.4986345364432751,0.47929985069099534,0.6324074583540182,0.5527507527952565,0.5072126261227168,0.6011844987456416,0.5196209324482395,0.47500070823926205,0.5284265572711502,0.4627044509255088,0.4647951898591031,0.5732326820869454,0.46770478916915953,0.5373332216851122,0.5608956889190233,0.5515947984062229,0.5348068662513005,0.48844379179078945,0.6148357905405195,0.46224191261337544,0.5853661186947733,0.4391100537549977,0.5805402619854663,0.5080018972780486,0.5344249007943059,0.43327878737506825,0.5616899309242159,0.5581019653715228,0.44092818156845964,0.5117970539250783,0.4480160436242372,0.4770594780660537,0.43079533084471133,0.5813068963687663,0.524405337842928,0.5775864205914324
0.5418193980223656,0.6199624395586653,0.5913668585659773,0.5385269756448656,0.4613838290778712,0.5310253840912147,0.5403227336466231,0.5225938786268072,0.49008426628579754,0.0,0.5224857507631172,0.5316650276695405,0.5855934317667449,0.5213894280717163,0.5083150389237541,0.5814864567710818,0.5903398345716477,0.5671966043979024,0.4987562352837835,0.5460259790243528,0.5532757114517601,0.5558238858562928,0.5527818612059159,0.5042960130222176,0.6534930434514323,0.487444752526287,0.4895825632484209,0.552400163863493,0.5783321874149723,0.47663164881712244,0.5160580100454859,0.5633253489595365,0.5225341351520936,0.5200144883838103,0.5199731575849214,0.5102567925877133,0.5530993678008835,0.5348624332677384,0.4681639913549141,0.5352265061884449,0.5135314880758018,0.5267241611749829,0.5122960954518172,0.5203246977330176,0.567494317394898,0.5515197405030986,0.5051297728310731,0.49997546745383364,0.587308542287761,0.5092205706198091,0.5365735542782306,0.5236204011253833,0.46632188525099433,0.5462721996437842,0.5452335121465319,0.5462359950101529,0.5306343710629219,0.5113588151305032,0.5633191838050854,0.5299667622278352,0.5139091495687191,0.4488264151947995,0.4841274686529558,0.4849626337128752,0.47061793946729064,0.49369024097997277,0.5290562651238505,0.5394080552622775,0.5371556576184352,0.5309039796335934,0.5193194791725114,0.5234133631011145,0.4802639617903013,0.582748331459837,0.5373400030041052,0.49989874432564196,0.5079661638192775,0.5467971749658662,0.5022472165712337,0.45341884010283184,0.5135478978120006,0.49926467218210047,0.5789955927651045,0.5177721977262325,0.511522823764554,0.5608052211982307,0.4654373544026704,0.5086577090268775,0.5694056061910702,0.5006378633947643,0.5210775378288529,0.5175195588163904,0.5507385670570325,0.4862987680409805,0.5418763233367075,0.592371017883727,0.44095493381430595,0.5559625033290801,0.43344511075544573,0.5572183902570556,0.5009915602823494,0.4676062589419877,0.4851954670557081,0.613067349873171,0.5004502023390885,0.5685480725111551,0.5346472767086416,0.6449529244787664,0.5605284715428527,0.5613148090940289,0.5208648827334933,0.4886889907910954,0.5200910315666708,0.5165564871877469,0.5079762470210594,0.5477364059225917,0.5379778786936779,0.5548571472458904,0.5665208501223471,0.4946842942257133,0.4911682404920258,0.4716483390206837,0.4977776472730563,0.5704324895161877,0.4585977905294602,0.5867746562135571,0.47079696766216445,0.4899977666292913,0.6085599293029166,0.5378773841302188,0.5328701541094135,0.5100091416572735,0.4764207381362899,0.4616018781874399,0.4983002834959177,0.46273543426593494,0.5287359115508368,0.5069143540801859,0.5612987829388804,0.5223407652822564,0.530433008464682,0.5273362161106722,0.5641855864441129,0.49836547550200744,0.548199311164959,0.4909070620359176,0.49415528114611423,0.5671480336710027,0.681944004142426,0.4101450341596587,0.48587536429102035,0.5305934940102112,0.5002398682503117,0.5605594516763749,0.5922572731088613,0.5408317235628275,0.4891637151604768,0.5917979391933559,0.4995830323706015,0.5137835663713652,0.548906156119404,0.5087066092094352,0.49800978061104606,0.49893979571484215
0.5541809286696949,0.5406006652003706,0.5637413462708916,0.5788516830090231,0.5236431705012908,0.5115631308008601,0.5147185588854599,0.5172080636006569,0.5000058012678049,0.5224857507631172,0.0,0.5583211604674094,0.5766185976557637,0.49838102212639107,0.5058350878957584,0.6432133029587567,0.587925038400865,0.5270832921243793,0.5050185820021368,0.5529115189366217,0.5656718994516992,0.6367874250647891,0.5225654753521748,0.5423319238466012,0.5780785898331209,0.5278577380071442,0.5031075152591311,0.5737845783449275,0.5354291082418123,0.489128883304016,0.5078539544000505,0.5148774577635428,0.5077377337877678,0.5080960527348115,0.5397761899922748,0.504372260206684,0.608102267971167,0.5595405467475298,0.5426232897184508,0.5210798708184516,0.4897982400037609,0.5213884592326985,0.5040094269453526,0.5656228215167037,0.5426683510390101,0.4786425313837535,0.41939840297646347,0.6048513691174343,0.5771964325285851,0.5027845666049953,0.5357279468333107,0.506979024915662,0.4174204824791617,0.5815481164380158,0.5942491834025377,0.47064736686219666,0.5437223831819594,0.5722712753811341,0.4830134402614261,0.49991974266269135,0.5462428418741758,0.41339291001137396,0.48781050726377173,0.466298153279659,0.4416811007452289,0.4541437718711417,0.5407063489022044,0.5061610313818485,0.5069294087981524,0.5723438016691722,0.5233569851907919,0.490271454302362,0.49943717727312237,0.585263686898893,0.5312720347429978,0.43104617726221756,0.5775193298023478,0.5516567973984492,0.4746353874236206,0.4520885212299941,0.4513188524665182,0.5072867298676834,0.5377548636996144,0.503613415606348,0.5031325691142428,0.5419153231651181,0.5174607930898268,0.4685052187578901,0.47322587835797914,0.4990644592145913,0.5645312189042965,0.46319043182098074,0.5520698139780129,0.471552872591382,0.5344900845424357,0.5493393400910951,0.43278038673680896,0.4726027378225132,0.42686064667202916,0.48208337558227193,0.5188727415996072,0.4883317992908176,0.45580752539825453,0.4841413346347381,0.48664028514977387,0.5086412552832539,0.48406665217210276,0.5639175857620654,0.47148449099242357,0.5536718556553698,0.5663842519835844,0.5096436733315471,0.5155451418057986,0.5330862883497711,0.4798210400082197,0.5507135190197883,0.4523147656312129,0.5614224030438677,0.5427573681890773,0.4816409973092788,0.5578155617185429,0.47323253666208204,0.5020099286722889,0.5486452096776284,0.47538059930383536,0.5490245047510129,0.4380527156356343,0.5176067714869033,0.5359745473903631,0.4933738458018783,0.46925529176251546,0.5259205831674812,0.5514720728493716,0.5259561806264409,0.5695658724668079,0.4436658758918482,0.48929613238079367,0.5081623028586045,0.5592256883441175,0.5153045633923896,0.4811870314179112,0.5232344322561151,0.5183796592248622,0.5007893114907636,0.5814464521954501,0.45893237409402465,0.5241267753969392,0.4631227673252744,0.5361842247627853,0.40935183310850004,0.5481502517052582,0.4575364429623572,0.5948605489665977,0.461621285919994,0.5440456123058154,0.563435798401496,0.5768943076382609,0.5550940628567697,0.5233625595666047,0.5242404187394893,0.4236417710174884,0.488354820587815,0.44769277458720963,0.6470781110160546
0.5149253651603692,0.5588754304053233,0.5227438602083587,0.529970880939307,0.511772765658685,0.5415653455315198,0.5136739685994886,0.5460034125734762,0.5351392811492303,0.5316650276695405,0.5583211604674094,0.0,0.4935290432797826,0.44292159009421367,0.5022532437252295,0.5885985964723964,0.5414912207841772,0.4739328081154433,0.5918383195237672,0.5418372921086823,0.6096495058795166,0.5403360554575216,0.5224404353658616,0.5189519682718939,0.6122830012325186,0.4857115254051489,0.4482240154535141,0.5037374612006283,0.4919361260293557,0.5407177534903939,0.6003349658250805,0.5330853966426524,0.4932317202878812,0.5806451354308939,0.5105787458552478,0.5311764107678539,0.5475339556573229,0.537514071740503,0.6414709222489103,0.4645149216783614,0.5078542790619193,0.5386448719585545,0.5155350003364214,0.5715119293062274,0.5449218093080166,0.49751804968896723,0.45247932823886056,0.5302276094695159,0.5465163051080415,0.5082720105322023,0.5451372082493571,0.516188862277738,0.42377999065408606,0.5748751533225498,0.5736414753038187,0.5235065463071668,0.5538191284204791,0.6351514600415298,0.45473559075816833,0.5129964605644549,0.5024514600635792,0.4378171723597597,0.4742282140898544,0.46202069693071424,0.45515618456759926,0.4579779917235315,0.4942912296969829,0.4789297184847633,0.4405366656574599,0.5302894862676665,0.5183667427180972,0.47570370043634713,0.4592745473244284,0.5371103062051804,0.5111508031235636,0.4447312653541697,0.533219633806392,0.558273406313091,0.49907216290471873,0.45875761325987513,0.46466055526967753,0.5504237071533645,0.5791368740665662,0.46819041933032174,0.5341128377411044,0.5584571289150357,0.5085363635426707,0.46681993880388656,0.49938900016385374,0.559028133681917,0.5358472850417508,0.547891424492823,0.5509489470544584,0.4777255682324445,0.5118554386429873,0.5936450646842085,0.4665210771519706,0.5494071356127601,0.4467976261868804,0.48213503611904474,0.5042349757946694,0.5104635717067696,0.48677310867680773,0.5579245426298873,0.49522295187529974,0.5306333373384108,0.5208849154395128,0.5627361225602368,0.47348481845476215,0.5608307725710637,0.6127642222937218,0.5305213048992035,0.4785492730238727,0.537839287758283,0.4650836119638653,0.5164189176731224,0.48308287344738166,0.5599661507193122,0.503290338299383,0.47672348701748485,0.5330146172174182,0.49570810917968644,0.4982554831796036,0.5818993504738084,0.4674797883042859,0.566698523394772,0.4563941801746711,0.5622023823756079,0.5537037692823982,0.46215723060318886,0.5071978654440988,0.5408268759526507,0.4895751289134641,0.5428695018322601,0.5594696716772727,0.4362785969529138,0.5245095037585978,0.4751181015296503,0.48771503173417313,0.6076759737943528,0.44726076562922623,0.5314068724263501,0.5578489061937862,0.5275571226287289,0.5884620581090606,0.4752943272093657,0.6097716743891765,0.48910971345815596,0.583733564983633,0.4317175249256908,0.5661847562205088,0.47818900726576724,0.5602382870201355,0.4732750589223965,0.6508572140353507,0.5553223616955654,0.4736170031288156,0.5943249364977122,0.4492130078482385,0.5007579249265542,0.41562456652233654,0.5020787530868158,0.5055731182421298,0.5643350004605621
