0,1,2,3,4,5,6,7,8,9,10,11,12,13,14,15,16,17,18,19,20,21,22,23,24,25,26,27,28,29,30,31,32,33,34,35,36,37,38,39,40,41,42,43,44,45,46,47,48,49,50,51,52,53,54,55,56,57,58,59,60,61,62,63,64,65,66,67,68,69,70,71,72,73,74,75,76,77,78,79,80,81,82,83,84,85,86,87,88,89,90,91,92,93,94,95,96,97,98,99,100,101,102,103,104,105,106,107,108,109,110,111,112,113,114,115,116,117,118,119,120,121,122,123,124,125,126,127,128,129,130,131,132,133,134,135,136,137,138,139,140,141,142,143,144,145,146,147,148,149,150,151,152,153,154,155,156,157,158,159,160,161,162,163
0.0,0.6314653323485647,0.5795579634628301,0.5921603358037562,0.4588303904123018,0.6047649656359971,0.5581849971446414,0.593675069606985,0.5736357108191236,0.6242024844046765,0.5836826490517079,0.5741663349862761,0.7283113524361091,0.5534768909772185,0.6296189128548472,0.602058876046563,0.6462658120185986,0.7611365551438323,0.6858299340864203,0.6862932794390337,0.6386724528865673,0.5876486955605993,0.559351788824635,0.5928443628648202,0.6953554356787374,0.5333378524235797,0.5668764279187692,0.6082544341537638,0.556344814340621,0.5724933809891708,0.645236745652808,0.6935609777688561,0.617895446668582,0.5073371814323249,0.6553630661149166,0.5745887902101281,0.6636978069886394,0.6572118219776372,0.5372815183921725,0.6761948920063483,0.6434206347543651,0.5748389838557906,0.6337996298501595,0.6115477012748871,0.6411608687227076,0.7078915053017395,0.5547655236299193,0.5611907126932242,0.6760192267463716,0.690500555168672,0.6508547676185387,0.6371898641400671,0.5211180832559017,0.6142326052958196,0.5804965891148666,0.57615929762625,0.748928224600857,0.5807237715995945,0.6145004168284376,0.6603835385147854,0.5820004242974238,0.5170835997897648,0.6105483024487045,0.5226496471863903,0.6207219128074924,0.656571085757154,0.5754577910504929,0.5769937639499465,0.660398698407185,0.6198161099202262,0.6574746681726674,0.6184691423159501,0.5790298867991638,0.6820855544830957,0.6837732593196258,0.6363114258332109,0.5377333520173931,0.5064122293079386,0.584968141005651,0.5124020417477628,0.594976410702221,0.6139667281211512,0.5537161068940856,0.620275546355706,0.6269216985309815,0.704957606793392,0.5641067646059684,0.623197997886374,0.6683559867788845,0.5286282507753836,0.6221884182911044,0.5687316652026692,0.6261042860232313,0.672493256601977,0.5742112288880835,0.5913882498784871,0.5364480255409995,0.5928166885551376,0.49284973264830817,0.6693119558408431,0.547184228556715,0.5356668017346145,0.5728401201743688,0.6318148453408993,0.6384047034194779,0.621515741119855,0.6475844833424131,0.5751144963019524,0.6884855738269486,0.6119539043520041,0.596196719937942,0.5845403343598053,0.6281534615266062,0.5418776374481933,0.6307568680417901,0.6587053610220429,0.6412633138193414,0.6485081315795662,0.5833703662229122,0.5270436759076288,0.5814933115287658,0.5376657211459357,0.5760160528099185,0.6368300958964583,0.5519495471597736,0.6398581032496602,0.5469049678500174,0.5263415954263168,0.5856661356370366,0.6955933000942768,0.5978700770052846,0.6002355689390964,0.559592133819644,0.5371794743500482,0.6326856424552209,0.5701290168220591,0.5886310225613504,0.6845783469876847,0.5747261557401716,0.6590987992550181,0.5739584264190288,0.5684450845084889,0.6096863841769299,0.5254537414487497,0.6038142428212113,0.5741402219316741,0.566135027787304,0.5650167693678815,0.6598223016652337,0.44551135798354874,0.6489049177252156,0.564950173977195,0.6526166196920046,0.5714371347023016,0.6470321207301885,0.6433649599087918,0.6627641760704249,0.593210611093778,0.5775506420822026,0.5969852715692816,0.5807221221252183,0.6490643723105798,0.5357249514168257,0.6178880673776231
0.6314653323485647,0.0,0.5659978947530495,0.5949955805019302,0.45691084265867066,0.6508717662142554,0.6011773554591738,0.5543801663683497,0.6380210164837355,0.7127214347058605,0.5445195607656492,0.5706912569497891,0.6192784538968542,0.6083616539080978,0.6228761173483897,0.5370977387509459,0.553911862786098,0.5891059279796402,0.5781816359934694,0.5445902461438226,0.5678746459683965,0.6242774421002101,0.5022224099007773,0.5384491606935724,0.6105179694938668,0.4722670959070241,0.5718855821842811,0.510731310442848,0.6633897276838471,0.5677628208829036,0.659728633160071,0.6341631194320916,0.6805985510692157,0.4506459965635775,0.6047973081606209,0.5762971009193111,0.5978649580141778,0.6024526104357991,0.5627665605393577,0.6169758291995775,0.6252283796473107,0.6114172617704428,0.4978857631691396,0.5800924520330482,0.5521120388794414,0.5652114370740663,0.5256580409500095,0.5095298494627659,0.588336215536555,0.5869606356621277,0.5911521939090906,0.5403915456546067,0.5419394043026894,0.6316117749096828,0.5751366132454643,0.7058412057913933,0.5907610855466631,0.5505781962183166,0.5779530804564487,0.6291551560609622,0.5692330900297942,0.5396687027721728,0.5065200733858793,0.510028750775127,0.5661065156275287,0.5331676218544114,0.5938118803739557,0.5643186671635526,0.5354908984653365,0.555217271910832,0.6143291251730824,0.5921695855923741,0.5404482021907894,0.6022207283590638,0.6272989949157783,0.5900632168901826,0.5212356052254776,0.5358441125081689,0.4774323203004889,0.526757141139218,0.5891967191184886,0.6234475354288463,0.6175298357118973,0.5498185342084678,0.5579794896059094,0.6309406762613713,0.5223813484986477,0.5728671260246109,0.6015095569348119,0.6169404832122855,0.5731446537858946,0.6627230539489375,0.6181569791468139,0.5856585021305757,0.6050847345195256,0.6921518394893226,0.5449546440295756,0.5563340916868142,0.5307348117348247,0.6209369391930107,0.5987259112135718,0.485035321659883,0.5126362015380407,0.5813853893486718,0.5739904946408583,0.5200455748211142,0.5554781184649,0.5155992691292033,0.6240533403587069,0.593322381740432,0.5601083904595903,0.5362099140240412,0.613419704196311,0.5706692553947211,0.5283969573910674,0.6052196581508074,0.5622946291710469,0.5657717240461242,0.5263289979506187,0.5832436718239681,0.5619848311895507,0.5298295161307319,0.5059186944422089,0.6405695185246738,0.5924981946415034,0.6537815338575972,0.5786225107617455,0.5409117685821089,0.5428719022780395,0.6348594359224708,0.6924910966335518,0.5802658161572954,0.5524864120207933,0.5946231834158896,0.5740654879911041,0.5576286466297716,0.5127867652327227,0.614285136316077,0.49126738308345747,0.6257131201640413,0.5722797458073532,0.6221356026069363,0.6982372370505169,0.5647640635963896,0.5988493870429463,0.4956266655427268,0.6127131879797052,0.612314664299693,0.5805448071937154,0.4603036603631095,0.5540671927038612,0.6065640664067528,0.5914516143085986,0.6085668174918869,0.5908371769423323,0.6135901211679251,0.6094186074011653,0.5924563681394178,0.6155877126864469,0.5730580342496148,0.570868683697082,0.6525387658789517,0.5840534261228336,0.5803496720748638
0.5795579634628301,0.5659978947530495,0.0,0.5520363873426174,0.562779232785162,0.6478870787584072,0.5675559427400523,0.5310667487625478,0.4960555476598832,0.5853679227960186,0.6340246230282872,0.6064736271211875,0.6388287259617214,0.47151023170879175,0.5902458308337919,0.6735819402567692,0.609582406113782,0.5506283273969984,0.5537240356151912,0.501743913631026,0.6870921256408808,0.6688754093011617,0.48836096366347426,0.6171702858767452,0.5761542297629911,0.5673616545701486,0.4963256252016415,0.4836995663506571,0.568074901831159,0.6143808539398711,0.5301222201159664,0.6096433505760385,0.5776958460773506,0.44178670982185614,0.4930646643123421,0.5181088062149485,0.6440165056714814,0.5510263493960145,0.557532588725927,0.6144585222572075,0.5866558703969094,0.5933119740861503,0.5853606980187123,0.627255886412659,0.5274518606237619,0.5601515944430976,0.5717555481441966,0.6357034391341213,0.5649405314994123,0.5723436785435606,0.63093063335681,0.607493384103092,0.4499846809296278,0.6234410901132127,0.5647317585565031,0.5396574327632478,0.5785530945916241,0.6683029353431708,0.4988512684538812,0.5309010413164824,0.5286134436156629,0.48212684142836987,0.5819301289077452,0.4502496766196603,0.506397492407204,0.517113588964586,0.5183331954446978,0.6477610085685981,0.5478469961352428,0.5560816777173204,0.6354530985741829,0.47890531791842356,0.4896110790882634,0.6664379242083099,0.569796129623464,0.47657834355083994,0.5947768407110492,0.6135017481112592,0.48389599235388386,0.5374175910974465,0.5797615263650832,0.5463834020750268,0.6212202577997941,0.5137922450305961,0.5283936038322824,0.56909205500402,0.5150852517327168,0.5026954512273759,0.5036005696584971,0.5050361443167287,0.646093722461626,0.49308317027682763,0.5985030259300047,0.5078190508199222,0.5143186245450625,0.6072404025099163,0.47306219831661467,0.499165694439909,0.43778776928460494,0.5202797625625409,0.47244389458433567,0.5338352982560374,0.4934587536949471,0.5392880772946564,0.5020202604302418,0.5902568917004587,0.5811030246314248,0.5063960225323881,0.5976373946402654,0.6410060281765778,0.6008735330302372,0.5155567096188918,0.5469475073836657,0.49203723936872545,0.501016832505729,0.6132524405946841,0.48525116033129956,0.5998194520299022,0.593061698020999,0.4680797769689709,0.5901196568598205,0.5051079611890866,0.48529433292415103,0.6579766977980842,0.46236141697245,0.648702615002567,0.5013157925489284,0.5755780736537541,0.522625688496479,0.5692883156253914,0.5215740856634856,0.7014780854020929,0.48272855702758866,0.4874976361731803,0.5602746170947938,0.5068676629774349,0.5241162020465434,0.5647539331616996,0.48974037807735143,0.5785356840325452,0.4832909637235032,0.5446221516865738,0.5269191892902357,0.49291175578291835,0.5893521016534085,0.4994468017182027,0.6259067702332023,0.5761886135274775,0.5515114894355734,0.42211837963068816,0.5114797499357989,0.48151564150045656,0.5793707313753422,0.6471511610179057,0.6136689937475118,0.5673157404861038,0.597120208377985,0.7140023674684947,0.47997675144949953,0.5534486302803808,0.5072271595166044,0.49916093175271475,0.49259166774583474,0.6043895209203365
0.5921603358037562,0.5949955805019302,0.5520363873426174,0.0,0.45982176815097414,0.5659174850544268,0.6066419380312638,0.588596910631206,0.5815021085147993,0.6101391173343278,0.6302257481589354,0.5696018007017566,0.5988992229013598,0.5889793586150991,0.5986047089677845,0.5466326946293819,0.5541434021276987,0.5804326313671517,0.5909337504427286,0.5269292454746954,0.6043571373108266,0.61090344783354,0.5240168468483019,0.522934351544903,0.6187626484244815,0.532357312609135,0.6313907024542932,0.531175404649595,0.5738720676088841,0.5135007216820237,0.6308444111668833,0.61415317516321,0.6603967390654659,0.4703049611112164,0.5936488235788441,0.6269047605695405,0.6398837655117946,0.6520255694621293,0.6313111236081307,0.6291067211019603,0.6010256710742556,0.5929843728407135,0.5333426169885878,0.6079658686531448,0.575066968646215,0.5408449814731725,0.4524180827795042,0.5472798432150205,0.6271769699301522,0.6021442993079098,0.6563198552918703,0.5264248099356216,0.48145068147303177,0.720616820723734,0.6803484777106908,0.5570029868073257,0.6052000813651937,0.596873105167471,0.6048718747528041,0.5963309161549637,0.6446739970006292,0.5203980313172426,0.5251394576326218,0.5300319977269528,0.5591776800666153,0.5447794833134109,0.7382396022014814,0.5467518490375587,0.58934569906812,0.6453305939434932,0.62079133748609,0.585730801602676,0.6479536364162137,0.6907940621942715,0.6148031128360979,0.5164423511999265,0.6421697471866664,0.533403031955999,0.49231312647798303,0.49747479438103026,0.537115036931137,0.7023564778941099,0.5218161466370196,0.5509995104973738,0.648187969964955,0.589881146750203,0.6410043697752601,0.6395914431155459,0.5578091853786193,0.564313727889945,0.6473913973971429,0.6275895694389089,0.6092056480996247,0.5482557648402858,0.7012648965442732,0.6203344448897468,0.5605201041634276,0.5423045603387782,0.5388503530243093,0.6095159827458759,0.6160268858265089,0.6061019279895017,0.6480488601704802,0.5729727681440809,0.6122030915129885,0.505315257898442,0.598453696024347,0.5087199105156122,0.5645953266024136,0.5511982659279232,0.6486972880904568,0.6440467538205336,0.6902098238910386,0.7005812416343099,0.5176516967591576,0.5469313197865836,0.5105255988176801,0.6021299785511339,0.5675542480377883,0.6027319973331617,0.5723055154686056,0.6584331288765117,0.506211029458752,0.5967502952159783,0.5860046094685069,0.6104770439790808,0.6087252371185559,0.5375165505480689,0.5450359873880788,0.6314539291413144,0.5473421909878317,0.6074691896880235,0.6485235201855701,0.6465898174387075,0.662096467224331,0.5066071548715125,0.44906025021358126,0.6146441505933937,0.5262631756995526,0.6887913864818237,0.5725749463729841,0.6114206392552004,0.6808184178816198,0.6807028353863762,0.6744201600760451,0.5254978166850386,0.5660936689740594,0.5395953073346154,0.5468798980916802,0.45080449101394254,0.6631718956832487,0.5422412142475711,0.6763467379116458,0.5371358783732783,0.6285744989895271,0.6846624414211652,0.607882326575112,0.5657418122290496,0.6590183383425408,0.6494814233198464,0.5200385449984415,0.6062959258726155,0.6557301055506239,0.634260115328895
0.4588303904123018,0.45691084265867066,0.562779232785162,0.45982176815097414,0.0,0.48766030363451973,0.5413364125320124,0.40599620326345087,0.4221311599727906,0.44601717794773,0.5461139274317443,0.5185879353332118,0.46553341948237137,0.4066566490473622,0.4911285938291418,0.5300072698406598,0.4900628400268693,0.4360850321548662,0.44602237481731843,0.40835814814126925,0.5518016207786878,0.5449197479423207,0.43399432131153676,0.5517651750875203,0.4528009497666225,0.5139213855945817,0.4187821405585317,0.39544254150992686,0.4890281930291084,0.5480481548936479,0.43651166151066106,0.46943956852305546,0.46588566961120037,0.3879323058623693,0.42336575736321624,0.4444628896323816,0.508060106820126,0.45225825815218096,0.510653114764416,0.5086061440099156,0.4866410287178872,0.5187880628442316,0.4702587607896364,0.5687073967541175,0.41722963120387924,0.4353225705126559,0.49986502232047536,0.5636412993334522,0.4839024876861131,0.46925241538426415,0.517017559047349,0.4960915299389261,0.38583273792150885,0.5050625420478251,0.48059570213194436,0.45665034248232034,0.4688590899008069,0.5454725460108828,0.4160038366545717,0.4362416599179449,0.4100193804465124,0.4161003990490192,0.45587788328954626,0.4014301793001043,0.4275148932188578,0.40783322994549814,0.4358385851268173,0.5263763815294554,0.4271580367851557,0.4291452628418319,0.508339334430437,0.41174226592540353,0.4175367051599008,0.5039189381139075,0.43179856154700763,0.39281446497628636,0.5171459712126946,0.6682005539245457,0.39431309209359877,0.5155068343349911,0.46349481290066685,0.4611748420382734,0.5358850867839098,0.4023708382441716,0.4490656251559985,0.4462656305527608,0.41812535904424764,0.41826603810052426,0.3958554212467056,0.4404003662322204,0.5720049538814805,0.43076531027534043,0.5149473329853653,0.41950162851618905,0.45133235537656713,0.4960057581107321,0.38737622761634977,0.4145634469122524,0.4104822112049276,0.41381211940083723,0.4188723036057539,0.42976895561837986,0.42485612340366724,0.4274149064710398,0.41107882068625706,0.4663800425948837,0.4460473254830316,0.4204115613293294,0.4751598842654039,0.5334462690405609,0.5373140844594879,0.46241956225980063,0.4408916036502955,0.42211735874747697,0.4089066997159577,0.49306353271955017,0.3962458541469129,0.49995718035842834,0.48768985258152536,0.41043404715315107,0.5919906779964894,0.4175908822112921,0.4232418828188743,0.544560511125268,0.4186493913727768,0.4952264951092966,0.43306894856375094,0.49999839054599543,0.4286733880664505,0.4562449849231615,0.42295035668694797,0.5342309409573577,0.40739986839706,0.44495971654221106,0.4586424592468083,0.44690914510141033,0.44018804317961563,0.4880876267931707,0.40665493572903727,0.4760942787806586,0.3909495467914222,0.4774447258207005,0.44955000379269805,0.4347719498522883,0.5155881507336983,0.43437321900235004,0.5565084048714876,0.4632026716708244,0.43341484961398324,0.3871075855441852,0.428153907270816,0.4077893336259847,0.4897560490817575,0.5290407249034609,0.4864686682601798,0.45197442915800734,0.4825588879562391,0.5590683818373737,0.42129576299720667,0.4833552657689078,0.4066158955903325,0.42717036439741374,0.43262843117682814,0.5612175505363892
0.6047649656359971,0.6508717662142554,0.6478870787584072,0.5659174850544268,0.48766030363451973,0.0,0.5532982778971455,0.564115122393969,0.5547143529609089,0.6029465937655271,0.5782884959150221,0.5690317664242773,0.6780463392391975,0.5313716510021277,0.5967208875332285,0.6076830290468369,0.569559038855917,0.5486843123165077,0.5526416519671681,0.5059734384778538,0.596769946068696,0.6313135461747535,0.45695458190935656,0.535954436810404,0.5609425320785786,0.5063376652181217,0.5046779537611629,0.4824074394049932,0.6080989489019888,0.6011856484216043,0.5908826750399784,0.6725856284443372,0.6602066137872785,0.43225431146893956,0.5204376154772248,0.5413359713134677,0.6426713305252854,0.5764790238962432,0.5730240399000056,0.5774158661220756,0.5946230790046706,0.5721818631513615,0.5315156757384253,0.6077913089047021,0.5306451915105121,0.5675946947554054,0.5476831019872682,0.5688071381480261,0.5376610393042309,0.5799138460317939,0.6342696761149985,0.5805488958728356,0.5085276128288823,0.6455449224650742,0.5835415802084951,0.6113541024559307,0.5865922734300051,0.615592565464834,0.505565452240709,0.5871721541107342,0.6012744417694513,0.5674389381798982,0.5769076510056672,0.45622044353745217,0.5338023536901124,0.543651644787934,0.5518146219386537,0.6416913412100408,0.520055681545608,0.5691357976100064,0.6775488625403489,0.5178731683193994,0.5065065755475879,0.6357438258072259,0.6346278505706597,0.5443489807665481,0.5780719435089752,0.5719468302271855,0.48133558748216737,0.5933595684715709,0.6376358585883524,0.5806931697608905,0.6636103275395551,0.5614215858386702,0.5333861123686153,0.5883640886029171,0.5450275138426192,0.5361284906842957,0.5638447735062343,0.5600156086585881,0.595881655185556,0.5497424017406053,0.6242309946222488,0.5681093283083932,0.547002005902197,0.6647568487151327,0.5468667301858382,0.5014655361056348,0.4763104210134524,0.570009031394338,0.5376341845996064,0.5263400711071404,0.48314017943702153,0.5185459879840265,0.549124164954157,0.5555940840948989,0.5863912861853495,0.48002441891246617,0.6038533274874194,0.587085339611536,0.5607370164154981,0.5065220035177588,0.61392817295645,0.5252061606900663,0.5315615010616727,0.6127820132634895,0.5163592765699678,0.5458457399598527,0.5390611714478315,0.5229446986626455,0.569644973462301,0.549088716826864,0.48158283755401965,0.7043048614317209,0.5125759453328177,0.7079136162905227,0.5551859590958063,0.597861281743389,0.5201538639043441,0.5951095598284711,0.584737063870772,0.7008644663046659,0.547918965379122,0.5410497575643938,0.5493322891254592,0.5455294154307347,0.5152346460896244,0.5587539677296394,0.4556388555321176,0.5968568473183239,0.5395532728824743,0.6079559489814609,0.5826823658353518,0.5203340495099613,0.5857591331189549,0.4699840933912193,0.6385006461815843,0.6515793303427934,0.5309048825141529,0.44285456040272775,0.5294804691760822,0.5446339241830168,0.5510551117370557,0.5794917141321884,0.5731089679282797,0.5965254413227477,0.6115699412983613,0.6700655063238388,0.5258065565255798,0.6022757956722442,0.5374081140836685,0.5584497922234821,0.5185453818023288,0.5757753358368909
0.5581849971446414,0.6011773554591738,0.5675559427400523,0.6066419380312638,0.5413364125320124,0.5532982778971455,0.0,0.48178587988772303,0.545803916186869,0.6053167896787173,0.5842115031815602,0.574280131488098,0.5511407442137995,0.5243794077074267,0.6107008681295376,0.5270047234971283,0.5263558411435186,0.5320374597236224,0.5255567527975752,0.47414670235745177,0.5866880715165491,0.6512720995304162,0.5168483730797044,0.5714326825558231,0.5702106369871787,0.5026693941087483,0.54079794076557,0.46510503649386303,0.5824145406580389,0.565083324564648,0.5584596840546511,0.5749126463058608,0.5828137828399902,0.43653391602272895,0.528599578762466,0.5285266209155757,0.6055551386551802,0.5264973473359545,0.5773536983822167,0.6315789760127776,0.5472585847544201,0.6661282236363983,0.49247430329785996,0.6096504189237842,0.49725464469471575,0.5015922464287493,0.5023139381856336,0.5403975244492703,0.6239362033433665,0.5399998975182644,0.6149065448930469,0.5080931462596624,0.4585912039059352,0.623815765843455,0.5764314751930164,0.5959598487398163,0.5419173442972899,0.5545878883454903,0.5567612038931292,0.5308818981830654,0.5019322329188798,0.47679957842289783,0.4711101428933016,0.4744090298849232,0.5231370979822528,0.47611919327544483,0.5971453220364701,0.5954903872163418,0.5036835145240299,0.5142408640995904,0.5938701300155086,0.5121613448692214,0.526096345722464,0.6166419910069206,0.5090307853003677,0.48773949452187043,0.5961991034579252,0.6268523258578405,0.4276286548958135,0.5197406179916733,0.5168707008514773,0.6105920652860405,0.5956500972180513,0.4550634361628678,0.5359907687383272,0.5214016676359967,0.4987018250365697,0.5462950782933754,0.4905495285531493,0.5596277089278097,0.6313736787691122,0.5963401922268623,0.5928990376200131,0.50102480794784,0.599334003092789,0.6300416658797572,0.4619527647927539,0.49749435911667433,0.4978418039612809,0.5330241939160582,0.5307860238332183,0.49234755444804346,0.5273258532579204,0.5181424483104896,0.4958503284523033,0.4849041288208779,0.5101626775037579,0.4792700613830632,0.560371007045954,0.6103567706309085,0.6468622773724373,0.5431761977938746,0.5711361132738755,0.5347529267993305,0.45624836155539306,0.5433156978452508,0.4721833856927045,0.6003148985895962,0.5309913462074741,0.5153039458083624,0.5910664065722163,0.4944139788295431,0.4727342255184083,0.6364369813125491,0.5320724443059796,0.5733776956717366,0.5427728683752984,0.531154207373772,0.48450432414820804,0.5589749721978421,0.52964399126085,0.5590361350486344,0.49768144853270013,0.5506155971436786,0.5499851151643278,0.5044830518436308,0.4558564912910576,0.5844990628202046,0.4672242637939671,0.5858496085865823,0.4867728431026415,0.5735561802078861,0.6385325645383205,0.5528392969856369,0.6089536197736353,0.5097907903392624,0.6037640066474658,0.539802226704151,0.5096634138012663,0.4124430800024095,0.5233484282220809,0.5035813452304944,0.5883983513044936,0.6394204843303795,0.5687415358679077,0.5793539674873591,0.5962741773835495,0.6023081424431798,0.5683199757171409,0.5963581221171306,0.4912091444630978,0.5424557386433769,0.5621888201632705,0.6320625000976531
0.593675069606985,0.5543801663683497,0.5310667487625478,0.588596910631206,0.40599620326345087,0.564115122393969,0.48178587988772303,0.0,0.5832223139775456,0.5654439962572924,0.5391006884839707,0.5596944369104512,0.6270284794528307,0.5041414671626241,0.5572999622025047,0.5432770366929136,0.5219459689193175,0.5639651160278683,0.5794095093632053,0.5589567726542349,0.5339835743744327,0.5356216019636497,0.49011535373835186,0.48819494634513333,0.6021329292945224,0.495933993857065,0.5978183766277856,0.5398785979069505,0.48746132672281417,0.5191720915545185,0.6608881956943289,0.5891008661690602,0.5905455441659389,0.4781065798168639,0.5426058638988703,0.5517782411923866,0.6140191121674298,0.6046469924743565,0.5442188280234874,0.5314382454722147,0.5396189554650468,0.5108605957521016,0.5474980784035417,0.5105470913729613,0.6589956089176982,0.5767876012145674,0.45051875577684186,0.4984092787374398,0.5353893777857429,0.559451592278498,0.5527795076073797,0.5083331134292345,0.44902473098429313,0.5653877631907607,0.5568485835171287,0.5253256210932707,0.5669246444532399,0.5804915581030996,0.5041799896454175,0.574646111731206,0.6565526388498204,0.49386805550494434,0.5342212065718999,0.4735927961873913,0.5005681941126783,0.5485559461280286,0.5752738107858192,0.5138159089100611,0.5803778466162999,0.7440139631119429,0.571687014174729,0.5204752060936518,0.5266462635979986,0.5942737559622765,0.6354126784664845,0.5116031038074972,0.5357054157135823,0.45675172560372884,0.5470207227081209,0.4364067879727713,0.494340714367295,0.5833060320374021,0.5031026418379759,0.5989928870939737,0.5445503508354999,0.64070893588964,0.6755286269211839,0.5649166308804775,0.6178000002422949,0.5545618812852986,0.5375786473772496,0.5373454097184786,0.5231821887789941,0.5224288076345011,0.5112228957947474,0.5780466290027786,0.5586320012540683,0.5386331763603727,0.4542295580117216,0.5971378199261977,0.5192296584615645,0.6291519988654624,0.5410518260900536,0.5777466145174684,0.590775253612258,0.5403020807049229,0.5854417368455836,0.5116902629219621,0.5333388215941623,0.5070186646911103,0.5199424608202721,0.5264104911181561,0.5711724104757862,0.568929411080951,0.5347482936264697,0.5487305780234879,0.5078589969540739,0.5428457497352838,0.4913422359372077,0.5227993470220866,0.4838687981011597,0.6423444162528741,0.47849943358589087,0.5345323777392975,0.4803868293710949,0.5919425366965988,0.5115928047293172,0.5598388891492786,0.5245537627732623,0.5759061924393466,0.5745753935358263,0.5547683207103882,0.6012415062944653,0.5209238360855005,0.595565172053235,0.4577485956496574,0.4899911115174536,0.5431704789848062,0.5335045451975057,0.6274960108982557,0.5430125018738194,0.5167066723423565,0.5445524206470574,0.5184881366998115,0.5440653393284502,0.5112117360083891,0.5404496087563796,0.5080496743568406,0.5641271170985007,0.4289262925698009,0.6313960934471635,0.48563221594195977,0.570383955364769,0.5089001755143135,0.5902673419395711,0.6585926139377261,0.5648066491882453,0.540658694348409,0.5104361053767901,0.5188155346140494,0.48353422308182575,0.5281768431265234,0.5119879953029373,0.5224607897040613
0.5736357108191236,0.6380210164837355,0.4960555476598832,0.5815021085147993,0.4221311599727906,0.5547143529609089,0.545803916186869,0.5832223139775456,0.0,0.5924373905635932,0.5076652275942639,0.5252319576608212,0.5431756932997369,0.5560065621339495,0.5935904407899459,0.47385754162081567,0.47256294569020807,0.5411602225107555,0.5223183751983507,0.49935809479930726,0.5002942785403399,0.5882002888494184,0.4657850208481156,0.4726056726526819,0.5623715356521066,0.437433744183078,0.583667961381689,0.4690980171253732,0.5140100709007144,0.5284401661627713,0.6883784517427185,0.5426114249416524,0.6019549674108721,0.41940988842554355,0.5579796004400365,0.5264183446835081,0.5660565177062087,0.5585748819919055,0.5485774090296204,0.5187778770568555,0.5204530555518597,0.5854935251126931,0.46313244348107496,0.5082295006258875,0.5236572201409029,0.4979236760716121,0.44442175111439475,0.46144708566871456,0.5261800444013013,0.5223418878129921,0.531914057269998,0.4632924451219816,0.4807468707473975,0.5587134237188536,0.5228790274418568,0.6365708808335806,0.5218222625747607,0.5190419868046353,0.5263971482525651,0.539898480309991,0.5656762822934216,0.4926294858611084,0.46058501164374993,0.47113623855306846,0.5266346841815591,0.4860792666456431,0.606759533453689,0.5325129997378668,0.5086763083273134,0.597579270377319,0.5768069681066308,0.5316181351364109,0.5272282326520344,0.5428089630982126,0.56209261392074,0.5138521267682581,0.5011775675442096,0.4730235047864354,0.44411323599452435,0.4488351978058849,0.496405285580665,0.6784399919442898,0.5567609086903863,0.49757089715082037,0.5146312526919958,0.5734573757713599,0.5666736225536761,0.5651374074154658,0.5450415567598401,0.6705863610960324,0.5315377477925466,0.6574754765586273,0.5225794375129091,0.5043439983196961,0.5800064425905997,0.6451764983494653,0.542231839934284,0.5068633857331962,0.5050374093429192,0.5508301002029098,0.5624299107982093,0.5002471986310915,0.5068990355182218,0.5351937930243068,0.5451355978575408,0.4594230935382238,0.4916828448430843,0.4703829105464153,0.5091827506890008,0.5073455250368825,0.507406841380791,0.5130216893341811,0.5766686277431111,0.5970297980484944,0.4666561788869856,0.5164834725408317,0.4837013672448676,0.5164466021689149,0.45384483063280684,0.5764161278649484,0.4972976411453228,0.5666073944518629,0.45174045056867584,0.5466327593272313,0.5753849528276428,0.5439578138478298,0.5335535180811304,0.5130696491723536,0.465354249854101,0.5632321478334984,0.6601706421892586,0.5246709667572877,0.5682064377338891,0.6116144216427869,0.5568984341904325,0.4901834322502836,0.4481515339392876,0.5335855977587081,0.46218052062549797,0.6092959292755186,0.5484064800615789,0.5431689107622226,0.6529539897207842,0.5744530208757933,0.5430081673566534,0.47533768777619406,0.5984137047817955,0.5199976338834371,0.5121613258808425,0.41525373348179934,0.5669555585738738,0.5297813677630171,0.5545022741932507,0.5266686857423252,0.538315595129889,0.6532487897685479,0.5540375382097511,0.5218336551287521,0.5789681849211772,0.5132231408786981,0.48693728651706963,0.5793592766978688,0.5855558998173911,0.5488946887036033
0.6242024844046765,0.7127214347058605,0.5853679227960186,0.6101391173343278,0.44601717794773,0.6029465937655271,0.6053167896787173,0.5654439962572924,0.5924373905635932,0.0,0.5503676043216129,0.5698809317414189,0.623987190914818,0.5606662911725359,0.6034480211573017,0.5388449687295814,0.5636441062321893,0.6192777683458394,0.5995349618339278,0.5479781229511808,0.5817085830899587,0.6152955956537912,0.5342256032982649,0.5405415559281226,0.6748669972338869,0.4761165002333873,0.5880929545482116,0.5374004659430238,0.6108450401677283,0.5507936871604194,0.6155242394529853,0.6361076558816302,0.615545344338391,0.4614685983979093,0.5738258694688965,0.5486313060608258,0.6011991275588802,0.5806993873822407,0.5319592889416653,0.6265083476322082,0.5842004399455997,0.6293532952077706,0.5166899967369942,0.5554249851549214,0.5623009848069267,0.5724866357299971,0.5092137130682038,0.5070288804451397,0.6230818772721612,0.5694403044312253,0.5892851456492748,0.5292354003667524,0.5081898198616299,0.6132466008997738,0.5657365890416971,0.6394834310735492,0.5857812585206991,0.5489393671887185,0.6219708204990012,0.5838879968265663,0.5699448057768239,0.49474048237417645,0.5063104178406501,0.5008712254843551,0.5606667827501945,0.5445852154512977,0.5994150594630515,0.5637552239390242,0.5806662825618755,0.5853269956659695,0.5869342825102801,0.5605482717762593,0.5524290897555579,0.6303159750305367,0.6180178086601457,0.570618752005804,0.5318180562679146,0.5166187269062299,0.48210948073416854,0.49278629320250605,0.574727234831678,0.609772251007399,0.5753022200065592,0.5363872573619779,0.5658773283751227,0.6079624137070898,0.5340106655769694,0.5856904955175016,0.6029220131188499,0.564627831311126,0.5693649474626356,0.6118038712156739,0.583257783755826,0.558810304348186,0.593542725749667,0.6471963663991648,0.5159827062073333,0.5688145036217415,0.48928078884828863,0.6192375904436855,0.5426605021569043,0.5108877832673222,0.5433587308645563,0.6380753874997723,0.5564986811393094,0.5222654792694089,0.5723209279541874,0.5463000261276046,0.612182291394533,0.6019258920963326,0.5748310862627724,0.5356969367877974,0.6122305144468907,0.5744587494563342,0.511375093203288,0.5795960758225904,0.5673585281400831,0.6095994931639561,0.5509847030048827,0.5438534150798809,0.5226436907522573,0.5259175327032238,0.5039511518268363,0.6075610016281169,0.5443713784115001,0.6246413910758872,0.5509359531697202,0.5075460624493969,0.5449484974780796,0.6155588163076264,0.6501452050469998,0.5708479162227194,0.531301106438718,0.5373958642233247,0.5823727030980453,0.5203838044510086,0.49989759139811357,0.5830543594686827,0.5207243625458154,0.6234470635672335,0.5682504665385234,0.5713771685448241,0.6588024685949198,0.5552015631505711,0.5849815369902231,0.5186691525001894,0.5591985202254458,0.5923767155018601,0.6197113699897665,0.4356269028885662,0.5568560162311258,0.5788218146286458,0.599087189850594,0.6218479789161252,0.6252397602130099,0.6248954754040897,0.6131009750790644,0.5895945480694602,0.5820652140572568,0.5649657288967677,0.5890810117349795,0.6076732241134383,0.5921910091841737,0.5650725861199679
0.5836826490517079,0.5445195607656492,0.6340246230282872,0.6302257481589354,0.5461139274317443,0.5782884959150221,0.5842115031815602,0.5391006884839707,0.5076652275942639,0.5503676043216129,0.0,0.6542812879550904,0.6109718438503212,0.4964823261870387,0.5677415332939044,0.6722578209557155,0.607819422120372,0.5406004110847096,0.5890953657037037,0.5250553997678222,0.689076831221898,0.6328677525586466,0.5305371355434353,0.6136199294953851,0.6087671982849102,0.6200591210686951,0.5530569864584776,0.5211747547717089,0.5794437914231385,0.5785499711924132,0.5614400211949927,0.602433289174138,0.5698419429149439,0.48272664004430055,0.544138730413712,0.5691652384369597,0.7092564243288508,0.6108796765474214,0.6535886887129677,0.6296079423309725,0.5830957959311003,0.5926148204146517,0.577931019137362,0.6959621063141035,0.5544974351509068,0.5261518566427377,0.4793011484791054,0.7211926123840532,0.6315470834132298,0.5796103792183345,0.6355859050358558,0.5665852956245427,0.4290935954112998,0.663890065063404,0.6622765530547011,0.5163518969484129,0.6014881812420357,0.716899927839404,0.510131122264096,0.5424418899699528,0.5549123595733497,0.4719840566817693,0.5449952990565395,0.49303288723958294,0.4960479644184301,0.5045146734644497,0.576957091071514,0.5596447720814485,0.555642351303836,0.5907294377801973,0.6034515327815458,0.5130122125534382,0.5514410373296548,0.6741908423252906,0.5668903372978505,0.46842123252193296,0.6747600344160727,0.6113948689965042,0.4911881348271088,0.5350647899596678,0.5224588556677049,0.5684131978118112,0.5429236006907998,0.5264246791966178,0.5899650397313387,0.573855184934892,0.5901478833491521,0.5248249218045046,0.4977027909997947,0.5201347179424393,0.6992100619621778,0.5129601075930822,0.6140809834756098,0.5128974559912481,0.5538742266255869,0.6018925864031348,0.47752237815602067,0.5151679148929013,0.4779094275635022,0.5240961550336372,0.5320077409945331,0.580640629170349,0.5512198787494441,0.5383538911116822,0.5284526421969408,0.5447357332166899,0.571873123217715,0.5230617162260713,0.5457613012484356,0.6282410008444316,0.7242015050715369,0.6009726869700043,0.5805712365573072,0.5627726776154923,0.5003972786610965,0.5816554583222024,0.47886405829544004,0.664526246332366,0.6135924231286434,0.5074341134690936,0.6448845951736242,0.5438587121672068,0.523802567472741,0.617315492230268,0.5086203082185784,0.6355921729846292,0.5136923496298589,0.5818279870376046,0.5490967621881377,0.5646973783019318,0.5037751062048501,0.6511899650748012,0.5623128295786839,0.5565320527296362,0.6569574483376955,0.4874266457313109,0.4933789052686868,0.6053553314026372,0.5292605125992786,0.6251132399010114,0.48373988350042796,0.5868051735467988,0.5429660558858079,0.5423139526334678,0.7066142287000317,0.52641671188062,0.5938883829388153,0.5091774133809629,0.5515191847463183,0.45297935380862153,0.600912065929046,0.4757614244407071,0.67886266880264,0.546479920137797,0.6436507626117931,0.6065239539840632,0.6509934739753056,0.6311741158228946,0.5333380291467053,0.6120182978050834,0.4664605375133093,0.5356949576820068,0.5246531825419932,0.7295537782801785
0.5741663349862761,0.5706912569497891,0.6064736271211875,0.5696018007017566,0.5185879353332118,0.5690317664242773,0.574280131488098,0.5596944369104512,0.5252319576608212,0.5698809317414189,0.6542812879550904,0.0,0.5869042029522736,0.47253682712828027,0.5503409436591188,0.6497793269320816,0.592853850138943,0.5206877583330528,0.6008782820672164,0.5413380660553976,0.6461110257322249,0.5823038312397132,0.5816138348606467,0.6443610688744269,0.6474664457802717,0.5843297194003549,0.5760499207953989,0.5284220113485795,0.5528007442322821,0.6466088443323329,0.5884847877481233,0.5820212040635842,0.5459162195221612,0.528256511833752,0.5416564185585105,0.5554986890426801,0.6622825889137233,0.5797212198873731,0.607428196371191,0.6089119887064024,0.5725403198502113,0.6139183326196637,0.5462346522658511,0.6129048355252598,0.5920106269678386,0.5365730419539367,0.5077958663989831,0.5993569544395523,0.6245134651748098,0.5473828111533869,0.5656335996762577,0.5574958203728241,0.41222586479009293,0.5852988624097483,0.5794356196959015,0.5607941602062266,0.5718717379103972,0.7119471794800161,0.4821205111640675,0.5436209911790487,0.5076987106022849,0.45271282792287953,0.49808383640269865,0.49074367661549684,0.4643846798927558,0.4771764411391827,0.5398204604197917,0.522150377132452,0.5190979153301093,0.5602897443875232,0.5532735068572099,0.4957730908841546,0.5065921731517384,0.6037587041046174,0.5435641642922137,0.46459074970838593,0.5708185645155873,0.5947917418798653,0.4984484143057723,0.49473383720971814,0.49090606945171367,0.5417017372696181,0.559821026770175,0.5086093398026633,0.5601011209101432,0.6210434255935832,0.5479859469660109,0.49294439952688063,0.5140390923063196,0.5710911306380914,0.6234291664665654,0.5298297013452697,0.5619007459070475,0.4913121222543934,0.5038119124449407,0.6209597456488982,0.4512083601328494,0.5739077320442987,0.4670521419840194,0.5317537870274107,0.5028138857101103,0.5293339522066515,0.5303888432325706,0.5836176308071628,0.5043291675025596,0.5736075655862726,0.5457188400354248,0.5765985453083274,0.5460824071270367,0.6699067276838369,0.6657717202306634,0.5675563956599328,0.5258340206081306,0.5379660808089561,0.48865273482231514,0.6264185172163237,0.4887596519534774,0.6290932086910839,0.5643154972272842,0.5031874959608451,0.5865905004934934,0.5105072671166276,0.5340647147320803,0.5929253077566272,0.47783335258253684,0.6223388624185237,0.4938621246735071,0.6214985610364557,0.5634878737261757,0.530154907651347,0.557087235451076,0.5807921785936049,0.5148864234734469,0.5293663025041967,0.6045958148304991,0.4512612917524937,0.5466567653190861,0.595482939429925,0.547382251666113,0.6162862336805739,0.4525487134161286,0.5548123574615069,0.535022153872355,0.5014687178912409,0.6437646050169883,0.5625203007542311,0.618695551332603,0.4948426854009769,0.6010360995525015,0.4661137324303776,0.5736017734767171,0.4566551455045933,0.6358696330561622,0.6023695871855446,0.6952773287239941,0.5812291560028565,0.605009759192162,0.6641474929946789,0.4917975144984518,0.5379072005735513,0.44987262953879686,0.5238962333131622,0.5100021167128028,0.6417564815527821
