0,1,2,3,4,5,6,7,8,9,10,11,12,13,14,15,16,17,18,19,20,21,22,23,24,25,26,27,28,29,30,31,32,33,34,35,36,37,38,39,40,41,42,43,44,45,46,47,48,49,50,51,52,53,54,55,56,57,58,59,60,61,62,63,64,65,66,67,68,69,70,71,72,73,74,75,76,77,78,79,80,81,82,83,84,85,86,87,88,89,90,91,92,93,94,95,96,97,98,99,100,101,102,103,104,105,106,107,108,109,110,111,112,113,114,115,116,117,118,119,120,121,122,123,124,125,126,127,128,129,130,131,132,133,134,135,136,137,138,139,140,141,142,143,144,145,146,147,148,149,150,151,152,153,154,155,156,157,158,159,160,161,162,163
0.0,0.8630610869798472,0.8105247290918397,0.7850450669614621,0.8251099546160833,0.7983158616563825,0.8194183448680531,0.8362221705410811,0.8916746801487447,0.7476906285663134,0.91584748387368,0.8499160372089722,0.8608713990709496,0.8127652345332137,0.8363769172858607,0.8393484816495654,0.8626110477075748,0.931301004730463,0.8500202484041183,0.9291209621199333,0.8488006120236643,0.8875309122957769,0.8291632483492554,0.8382859764536962,0.8941278274121647,0.7673080168960327,0.7359179278862065,0.8374735961632681,0.7820157274961692,0.8203226738379292,0.853148296502455,0.868726097251671,0.7889627847049047,0.7825468206075379,0.9274341272043476,0.8604068631360731,0.8687618076286033,0.9214987774635892,0.8206352995995095,0.8050687950973052,0.83579020340458,0.8594935570784711,0.8678395972638797,0.8593682922279834,0.8419149716266735,0.8294008424351463,0.7872029817202861,0.8539693616875882,0.9129093029602194,0.9154478706952988,0.8810477073550949,0.851120452007051,0.8381512096859406,0.8216299647405384,0.8547464556204941,0.8275842843687027,0.9248641278742152,0.8546375706543634,0.8707633842662135,0.8593834362610955,0.785744817751507,0.7411681177844133,0.8882395542896712,0.832574137194448,0.8466681172790775,0.8199502342371396,0.7786580831708929,0.7969194274660923,0.8273577905069842,0.8902972657878427,0.8966500165825676,0.8369284342753861,0.8658518815807638,0.8559287724779526,0.853634621990283,0.8140743724169899,0.7882479380941568,0.7439705432008187,0.8166333706294155,0.6782426248125287,0.7826595292742068,0.8580149641618839,0.8286299811725897,0.8299416722739561,0.8847587249238501,0.9207911945588435,0.8521617882571652,0.8878014029677288,0.8046929132077604,0.803809384401879,0.9035548986156584,0.8013209140135463,0.8992977433704562,0.8721817421973096,0.9021994474955523,0.7886638037651913,0.7278814364288889,0.7843517458126982,0.7935470943413981,0.7850959048791746,0.7792739411404295,0.7699464351237677,0.7641397178062677,0.7493818694560401,0.9156151784441275,0.8052568266587754,0.7553390544277461,0.8319681114446785,0.7979452947529417,0.8365663149572963,0.8416336387935989,0.9237853553746977,0.8503243829273648,0.7728141046072577,0.8815427933959562,0.8578528519539274,0.863210683045766,0.864356990707034,0.8107507356079955,0.7560131565656736,0.8804537647021804,0.7446995351191724,0.8800828009398154,0.8377476181016792,0.8567736148412411,0.7901480620463049,0.7576574863524128,0.7902951505516776,0.8146288586513194,0.7989514318704185,0.7989585244834767,0.7930502447798011,0.8046116051833511,0.8891463150494175,0.8515768394937423,0.8397837530460017,0.8599283996585813,0.83118447397924,0.8080391580271492,0.8902625753412307,0.7596456497086305,0.8511276897010056,0.8570535983040887,0.8356538289760382,0.8657153739555897,0.8727932824937333,0.878809476351913,0.7038645768994796,0.8645905895217761,0.7159056399132483,0.9056778926248427,0.8668238163608722,0.8794368006338049,0.7520033327484119,0.8307603285542867,0.8760900611299529,0.8620803655836976,0.7681246264803742,0.793290404873238,0.8328576402011308,0.6932547300171886,0.9134445083960349,0.907028336236336,0.9554779959055688
0.8630610869798472,0.0,0.8825129147114184,0.8983998933599873,0.7649690925417715,0.8371142152875318,0.8730253904797071,0.8975434991972223,0.7816810866977008,0.8503934570940646,0.8970934583596912,0.8860729982106138,0.8858175722687978,0.8412169284833056,0.8756043569419083,0.8092056065192759,0.8575424874086509,0.8472802628220354,0.8416410570218873,0.8456490664818391,0.8672776616466097,0.9349773581268106,0.8074729534113098,0.8972941830029952,0.8497716395060189,0.7675637878022229,0.7601223919838046,0.8314963778962715,0.8691467453507535,0.7058244196490232,0.818192550437839,0.836767316609128,0.9114672538424963,0.7854144261144133,0.8468650124955146,0.912478753738415,0.8178135909444687,0.8374798320402717,0.8706565242121652,0.8919895891234206,0.9246534049720642,0.8134981969521863,0.7552486622405497,0.8313966191213676,0.8999573301922557,0.8610671241856925,0.7433435179748212,0.8159846335240893,0.864592513508211,0.8728789219188845,0.8916873745439833,0.8539455262835479,0.8908033334058345,0.944013041922302,0.9110158306212216,0.8384336525893749,0.8748746392762933,0.8138383958876592,0.9163759505702498,0.919706044724205,0.9042078396458113,0.7317082091289886,0.8350789829322863,0.7885979474256948,0.8019787188426326,0.815844389361295,0.8904826525853555,0.7599578016132781,0.7453509500960868,0.8216123149505693,0.8582220030053935,0.7786522560294448,0.8097264886209526,0.9237163922208372,0.863073513283259,0.737410346253317,0.8493081694924238,0.763531925587315,0.7805290158887491,0.6455897714717159,0.793303280371714,0.8533669917441199,0.8333550171822494,0.8277697126633747,0.8139201559160213,0.9308006348724892,0.756916954681299,0.7795409002572392,0.8078394430580362,0.8956484612102207,0.8171592918158553,0.8235569406008217,0.8846922901962595,0.8642457648538471,0.92083265518613,0.8150429610843383,0.7893693681210773,0.7948658040681462,0.7075763967145451,0.8931506763626217,0.7887119446446818,0.779505041635513,0.7102790213485207,0.7588647806810901,0.840499318465519,0.8006195555677701,0.8239846152746754,0.8081758289554359,0.8755038222615987,0.8930267255356977,0.8732770932050747,0.815039442920337,0.8681118100416426,0.734161447894036,0.8639242332087466,0.8848077102547851,0.8083259212536558,0.7813956653254729,0.8623023930647926,0.7310616410209785,0.8151672718092452,0.7374787895085795,0.8022715625202915,0.8623532904829976,0.7413060100997442,0.8674056857845676,0.8124034533979421,0.855216341230436,0.8949694219787276,0.8091163411171522,0.7458846310519267,0.7883465884062083,0.7661423263831009,0.8698441511220263,0.8781116235889592,0.7798420579797677,0.7770328636329046,0.838973743487094,0.8390097606853367,0.8344836237083861,0.8061766191617165,0.8079793033995727,0.9345291846246192,0.8525978531396531,0.8448044348598416,0.7512717084221281,0.8692894465741886,0.8032016476462888,0.8307346939239935,0.7025374447348449,0.8241416650085286,0.8562378463172561,0.8828991145771566,0.8605193561446883,0.8574277373046232,0.878669868920499,0.9022920882011146,0.8161053251697244,0.8367476804082925,0.7798377109273168,0.7752710710589754,0.7772122752410835,0.9066020467465367,0.8691792154926533
0.8105247290918397,0.8825129147114184,0.0,0.8095518581840716,0.8434106956135409,0.8794324549178988,0.808198851481214,0.8524756707214035,0.7057013800813107,0.8475216819302684,0.9274217637210395,0.873615790818806,0.907739130660007,0.7373548929324784,0.7805403022949092,0.9317369053866333,0.9305831822633042,0.8123798889402836,0.7921326105439337,0.7714823134547725,0.9109244671087146,0.9256290285931458,0.7727739644678762,0.8633424970908489,0.8215281679929599,0.8159056068052042,0.7225247733594201,0.8044305955912475,0.8458646163150629,0.7933209537345394,0.6938404153175323,0.8693451122301259,0.8041225448010074,0.7246254456569033,0.717067673991262,0.8089023101015921,0.8213419667186689,0.8152605233837257,0.8009417933092128,0.8513893801653344,0.8490717926632101,0.870938021347521,0.7906511722429416,0.8009757191756517,0.8040841855271375,0.8307815908434436,0.8149583507742736,0.8456667890162409,0.8125011027676207,0.8289809807375668,0.8792287471951566,0.876475028343617,0.7878576746132145,0.8691492080541725,0.8469545979890796,0.8130463576310133,0.8437930839885859,0.9062284801808173,0.7897724486438921,0.8254355213017118,0.8350680292688323,0.7278413555005352,0.892621650843616,0.7088162326140227,0.7169971588815496,0.7734805934819617,0.7701894917550903,0.816812773108101,0.7745437264656969,0.8275320637908972,0.840059186839819,0.6671149624019628,0.7555558366127955,0.9367003088160524,0.8751791236723236,0.6431554396137357,0.9052260817295213,0.8388897129550726,0.7475037625043848,0.7205975822636435,0.8752247398133254,0.7569124228376644,0.884003076733316,0.8159669086059274,0.7962162792073978,0.8713633064701006,0.7400048181024301,0.6896508214363559,0.7407827130353465,0.7796536855030789,0.8645698369172659,0.6740224811812986,0.8657170954121433,0.7718769890482,0.825689916546881,0.7710410156172153,0.6999853570775455,0.7293911113393193,0.6222549481160965,0.7810113651884047,0.6600309727618306,0.8165756362459534,0.643253687422657,0.7070680577032614,0.7518380507952455,0.8740220963781802,0.8493480273595594,0.8341411153166398,0.8413022441311605,0.8910452605923167,0.8405376072056608,0.7664075274907374,0.8165265198221122,0.7364372791182036,0.8021216018027283,0.909026615548696,0.7513059584675742,0.7850407228673141,0.90363280922647,0.6807592546476333,0.8172105202572987,0.7191481962700637,0.7693946834757337,0.8670785510556388,0.6344283816479204,0.8408531571267627,0.7818993591980017,0.853458344808147,0.8574852061924512,0.7463692993850839,0.75903756489869,0.9097068846866878,0.7063588704629478,0.7545730301772512,0.7865624219308935,0.7198006363224679,0.7841666957526763,0.7508082062006881,0.7772135757212282,0.7868496728475818,0.693547678702308,0.8215833281424013,0.8042916278405887,0.7752719642348722,0.8263912796801115,0.7143441000572753,0.8533989928235726,0.8579125023560713,0.8218595546089462,0.7326030799919587,0.7107571789164528,0.7593512909563458,0.845034729856236,0.8880614265734638,0.8605184881452432,0.7917242940809364,0.8629069070594105,0.8956026729923683,0.6958188695459827,0.8110408368205346,0.7640914033159785,0.6825290237332561,0.8207208312538623,0.8573201031356387
0.7850450669614621,0.8983998933599873,0.8095518581840716,0.0,0.707950114959079,0.7873887416875961,0.8662878081885973,0.8694740109175693,0.6951816008948097,0.7927353143513951,0.8402189544490986,0.8281152524411833,0.8252146601679184,0.7753114865213204,0.830673946623605,0.7360942429678312,0.8053256381948135,0.7961817472327384,0.8018964592430999,0.736617521379279,0.8108273900231739,0.841626768434838,0.8087439215687202,0.8436867358875958,0.7974032478276577,0.7742143534580231,0.7592455209284635,0.8279655565031371,0.7938142604438135,0.6422435010859009,0.7395635858413612,0.738846446381406,0.9493237418132204,0.776866496868134,0.7760336205106996,0.8394594509528386,0.7598350594650273,0.7575534518843433,0.7813890125834954,0.8820799517956307,0.9018245625841135,0.751728096394751,0.6951722860850714,0.785065346991474,0.848503990251197,0.8147934262735315,0.6686797323865331,0.7417250388470834,0.8090512030561322,0.7738013481410944,0.8555459808751108,0.8414765998891715,0.808737885694019,0.9161457022912223,0.849700767916739,0.7490497115298833,0.7988542301936659,0.7799002876236316,0.8438033015078834,0.8392663661014071,0.8748478386374682,0.6521443085492198,0.8037749055741802,0.6851315606953381,0.7210218676367278,0.7585558781583667,0.8696319148277911,0.6999421610322512,0.7013701358331031,0.8067452507095426,0.7753938518270919,0.6987119514460564,0.7799220149599134,0.8933320321583518,0.804120857205371,0.6695087225301565,0.8137984714772841,0.7262003086608695,0.7673836070845498,0.6075136718780015,0.7376563549179666,0.8113029207858672,0.7516548914824631,0.7890874628870952,0.7802799089173952,0.8572944358898221,0.72302508293843,0.7212167969009171,0.779091986509963,0.80905646474708,0.7936877377220989,0.7872130469407893,0.7948418562663655,0.7866631342378161,0.8746659260885633,0.7680862477150866,0.7170527123147649,0.7838413697493476,0.6303655789203731,0.904531346762888,0.7084836027158925,0.738129915992944,0.7737682984861614,0.7659807833054257,0.7804226213315932,0.748965896159285,0.7783030634314421,0.7828424580269134,0.8315635460877724,0.8035267657678749,0.8527382619203988,0.7601399707654968,0.8480065814799956,0.6992268047992198,0.8415415517411429,0.8613116038287737,0.7661395763951755,0.6781966853707169,0.864639842161009,0.72719560297861,0.7221299088274232,0.802236819584772,0.735214268881186,0.8155458494287263,0.6524929352902753,0.8203808986677125,0.7693218478085955,0.7736429749190067,0.8505569311994975,0.7438260477552143,0.6693268535731836,0.7167768752192438,0.7221459133892146,0.813031384112636,0.7791770923031404,0.6692356979349183,0.6792210899153123,0.8004998524301256,0.8050062861391772,0.753218795044742,0.8409758335842917,0.6829404725287779,0.880997119781679,0.7750226507930095,0.7555146532689548,0.7278156188692426,0.7738094201986769,0.7592412926505842,0.7321709339667128,0.6240583270635608,0.7913573426633738,0.7976589483500724,0.8076569319007398,0.782390664175729,0.8566138097284707,0.8018774708424734,0.8440017164794144,0.8063111034839888,0.863114440264093,0.7631314988834396,0.7700513798286203,0.7144273837834371,0.8028402712325426,0.8131261174733934
0.8251099546160833,0.7649690925417715,0.8434106956135409,0.707950114959079,0.0,0.7578999689296874,0.8497807221778159,0.6920362281129403,0.7337048156995952,0.7000868906006391,0.8766347924767498,0.8237096364420166,0.7766521995699022,0.6942902727804428,0.8190438932694375,0.8594847718650187,0.8057135890967535,0.7955933745950219,0.7230212754530367,0.7247102864269989,0.8319534654218812,0.860561106637896,0.751335646858068,0.824977557753355,0.760023259120906,0.8206391565418325,0.6651091238482904,0.670574611389568,0.7931168611761956,0.8729415471160432,0.740741961419747,0.7895919112563774,0.7521625899321798,0.653628101572316,0.7487076496200588,0.7759721398210389,0.8407951612939153,0.8135376578181712,0.8165997548098447,0.7746494468952019,0.8119296026317909,0.8044505101325572,0.8700277862008653,0.8791059856010953,0.7074373321343566,0.7562711899975152,0.89862712001803,0.889562236769836,0.8322229101136739,0.8295757918035556,0.8651029652781551,0.8160107062245499,0.7225581712047046,0.7699809090878211,0.8214092647381472,0.753482132158921,0.8053653586142846,0.8704325623923825,0.7150127929375553,0.7498700270437196,0.6568757773304278,0.7353645795036451,0.8396904504023037,0.7068283719049865,0.7384350101742201,0.6807105731991079,0.6681305385974162,0.8872684834144781,0.7389369860395122,0.7560506053246774,0.8794458971971709,0.7133265601770973,0.6686768312286449,0.8010451652438558,0.7192572165193275,0.6654546485599694,0.80984877805696,0.9033036884511044,0.7121061897600051,0.7624101005553198,0.7895388119528053,0.7488433742009858,0.9209642772695782,0.6983675555052702,0.7435917383188221,0.7836863284094671,0.6874554835446102,0.7449618667425114,0.6463033945718478,0.722412788362664,0.9318833855852979,0.6956392124316602,0.9086037068929887,0.7184072239963243,0.7792057347021202,0.7972623691419584,0.6186514796990249,0.6532353648036391,0.7059186998346649,0.6514624652806762,0.6960228055146465,0.7220079297098668,0.6721071100065659,0.6900638445679503,0.7276039383847974,0.8021325614146524,0.6955637756602949,0.7113230741232451,0.7971534141068617,0.8019433200956382,0.797669650455899,0.8219810818611998,0.6951377587284997,0.6599398075990959,0.7650526960214645,0.8014749619320183,0.6775775465063193,0.8391476865305423,0.7628193947495162,0.6550784058787075,0.9318527192827728,0.6983406074099301,0.7170697837416302,0.8798239645505791,0.7057666194220884,0.8010195532169069,0.6762757915246149,0.8331484850051671,0.7229162655490035,0.7718646601992285,0.6863037903891196,0.8001004927279125,0.6592174576129821,0.7524951785103617,0.7326457183491094,0.8190503723594746,0.8314928023080768,0.8003033865690585,0.7070232844157819,0.8501613188141826,0.6694568140074805,0.8143854108616952,0.7316442250810173,0.7313677583899045,0.8662995605027112,0.7694270965540486,0.9001933044079328,0.772983139239601,0.7489060797781087,0.6583608317509942,0.7221366936419238,0.7615307710662518,0.7724116625284455,0.8123331104076177,0.7888688388083032,0.7582964451932687,0.7666859894751554,0.8255497518499924,0.6962860142300454,0.8079898605446455,0.6673488034172085,0.7281188302012908,0.8064730163848788,0.9010804507794172
0.7983158616563825,0.8371142152875318,0.8794324549178988,0.7873887416875961,0.7578999689296874,0.0,0.7476682334061603,0.8280238142462204,0.7159262934522167,0.7680459859113553,0.8420081719138246,0.8886787096400085,0.8235611551753351,0.6698495736485626,0.7032949071401011,0.8472457809817403,0.8623104787486247,0.7099541553503629,0.8467595134913464,0.7427587565608239,0.8911389396096737,0.8178889364306986,0.679394972655194,0.7736355994658758,0.818744202829146,0.7301434436050033,0.6135142491797348,0.7675326886741265,0.7497560744954808,0.7638407469583475,0.7106349323538212,0.9064326694035459,0.7602131947319453,0.7551297555900931,0.7025709867252596,0.7759622349397969,0.7737419206542856,0.7374564996961123,0.7653708108484898,0.7243562946710069,0.7770390806673277,0.8863757707937229,0.736127094793906,0.8062011925899975,0.7415630961761436,0.7552928572765603,0.7712165543600287,0.8057411944353526,0.7308351673133401,0.7753192719241978,0.8622913883255958,0.896390813954125,0.7766588404564406,0.8511117197696622,0.7986466671003085,0.901507994740329,0.8202641396045954,0.906229184628507,0.7044425770691439,0.7669150952613327,0.8379286676689176,0.7730202943245781,0.9038099513958837,0.6484978539001222,0.7152982031716728,0.7873984364950822,0.7164011365867675,0.7515109127155697,0.6629122384710822,0.7811094356972386,0.8108248706565855,0.6123260723716165,0.7985136582228125,0.8579770955412795,0.8605440340933432,0.6786876665592421,0.8276151849695418,0.7498220670787792,0.706144289187857,0.7703269363611822,0.9337536924015643,0.7819231697773732,0.8172809808127957,0.7729952117949496,0.8388341997999114,0.8046681452363502,0.8189260862313011,0.6625868293213669,0.7437500243331536,0.7646540769863334,0.8057667349519253,0.7483965406587306,0.7913049458434671,0.8018946324615056,0.7900228986531755,0.7616686160485834,0.7481231890187304,0.8044697315041787,0.6474972072892645,0.7722131261224741,0.629228299939494,0.7954294705036979,0.6834452286954553,0.6994819021690984,0.772082923021449,0.7951809195549024,0.8380520341748857,0.7834904733040424,0.72783468362377,0.8620764044376577,0.8798771942835858,0.7397907580455289,0.9111501312127942,0.6989110423492793,0.7579785526931473,0.8357288595676561,0.8235545372004086,0.705148327828575,0.918586997685978,0.6920419830660985,0.7265575470404153,0.7317760460723335,0.8153987175091376,0.8393547160529868,0.6614718934602005,0.7881714349414362,0.8302266276878503,0.778404132655272,0.8357888027586351,0.6300047501078678,0.766305336477728,0.9090616042383199,0.6786621794716183,0.7952552631181895,0.7561873170198511,0.6789009361794073,0.7328646335885607,0.6583674787219473,0.6472389979373029,0.7360496711417882,0.6740731968018522,0.8236902246010138,0.8095532261106264,0.77898102965251,0.7698249547317452,0.7130297308750715,0.8292008440389629,0.7678112207732221,0.7762384538856395,0.7381755308365989,0.7412271392970591,0.7746256131505375,0.775652359391263,0.7245185315815337,0.861706051561325,0.7436358401996679,0.7762025402721471,0.8681328939500831,0.6552867381953593,0.8364831510083933,0.6772480101561467,0.7430039390361207,0.8252871877592989,0.8106925661454999
0.8194183448680531,0.8730253904797071,0.808198851481214,0.8662878081885973,0.8497807221778159,0.7476682334061603,0.0,0.7658864693781526,0.7040275918255233,0.7960965470257184,0.8690732569034099,0.8556782074662644,0.8210975213519137,0.7615267611641036,0.937927790661344,0.7783980572211012,0.7696266988444972,0.8178673464976605,0.749391522747674,0.7276530911264806,0.802756986616276,0.8635655847819049,0.8454011482213143,0.9067752754066187,0.8207142400511688,0.8463822642530475,0.7426282525766628,0.7229074317881443,0.870621774859846,0.7287215079531871,0.8187573143214116,0.7585707352914517,0.9262195869962805,0.737122576466092,0.8025798571436972,0.8281350312795007,0.8789392774526846,0.7812603848436144,0.8577386312441394,0.8949356522233577,0.9101507313938328,0.7301487303117334,0.804326846878894,0.8978973843190728,0.8230716846984708,0.8320785145463285,0.797336156654085,0.863623674594485,0.910703531800483,0.7927175094180732,0.8855606954513652,0.810789076830184,0.756578978546953,0.8637240698545653,0.9097468242034147,0.7687832181334776,0.793980050540985,0.7864314155468313,0.8209125695188325,0.8133398357827346,0.7501256326813959,0.6736584393063503,0.7808476192025607,0.6956486393174409,0.7390749129941188,0.7123278465105491,0.8220900708288552,0.8510885415786578,0.7035483206882572,0.7788443753636631,0.8565143233791703,0.7684393611604006,0.6707185920009594,0.8507366823934399,0.7059233102808198,0.7522335155695574,0.8373620853265229,0.8780272827950152,0.7691606193095214,0.7007926037953627,0.7519185079132008,0.7787211895817293,0.8950263215175489,0.7378083144072928,0.7206471993213965,0.829306943618304,0.695937330960165,0.7814381129167866,0.7436705063169076,0.8348487514484156,0.8475431493454759,0.7913691803493337,0.8930074976040249,0.7670261251996034,0.8204057562324751,0.8842933790206878,0.6437825315381667,0.7171025331730401,0.6674595666128686,0.7950333493562416,0.801379478209392,0.7355675219368261,0.7558419590240799,0.7869409449695343,0.7317608292038377,0.7807296570235653,0.7114523749026314,0.7340740609549438,0.8995821050606921,0.8478746604123595,0.8542391778961617,0.7836015971151346,0.752860812785459,0.6464162842809953,0.8345971964322391,0.8245334266276447,0.7195858293131713,0.8009643301852045,0.7896079290729787,0.6775218866682917,0.8435183097010888,0.7584275428685326,0.7082614635132238,0.9300375348491795,0.6992372359056404,0.9159037821007009,0.6686262463353155,0.8676902234339892,0.7929710659647905,0.8454158774569684,0.6438238227795757,0.6934665642395104,0.718575157913726,0.7710151545944894,0.7804876666574696,0.7913159205391223,0.8095862636128773,0.9065029116186307,0.8065681793620112,0.8646402641579743,0.8391994306807521,0.7297154059871861,0.8125995729312229,0.7185243393224761,0.8803118203959729,0.7850573484193799,0.848341149401481,0.8362979433795369,0.7583270710380975,0.588809178709205,0.790739318412465,0.8366385044380191,0.7637567505888788,0.8660464171353974,0.8575362235030035,0.8566395355345027,0.8574247089727591,0.8596762583250181,0.8775028179808256,0.8054334357487779,0.7841437662047277,0.7495249416548321,0.8538986460262066,0.8667650958467508
0.8362221705410811,0.8975434991972223,0.8524756707214035,0.8694740109175693,0.6920362281129403,0.8280238142462204,0.7658864693781526,0.0,0.7669102003625343,0.8330082418308251,0.8573703747142971,0.8554479631573997,0.8881349204915266,0.787343234771344,0.7785617013980944,0.8171225909631944,0.8593021667239208,0.82990200627943,0.8371531562708503,0.8390113112641033,0.8296640082606394,0.8490057978282394,0.8036383814604717,0.8063169520839051,0.861355457998369,0.7518349465140943,0.7740937285503419,0.8828619345087888,0.7792370954488376,0.7066912880081839,0.7760665028779042,0.8486895484987856,0.8360439089367171,0.8232267377190636,0.7914674310520443,0.8634387658600134,0.7925567138301399,0.8346139276772003,0.7864571569574792,0.8222325743045645,0.8377755315450608,0.7966132658589169,0.7534810335071055,0.7488246806917652,0.9156453321141408,0.8544147980456084,0.6968108705903695,0.7557149417520607,0.8122898057520289,0.8283946168713477,0.838098174157645,0.826708242547343,0.8087733306481762,0.8655265364263371,0.8489702023131861,0.7981222566235494,0.8465646576794112,0.8331071522794986,0.8446119245709293,0.8808336624455184,0.920777409250495,0.7229612268846564,0.8449632266863506,0.757247730211843,0.7342147813632088,0.8233704014527818,0.8448310265293091,0.7070251637310764,0.7796025358926852,0.8957593172764419,0.7926157947439604,0.7241899576552822,0.8314245514587354,0.9017040514939619,0.9011732489448593,0.7100360982343388,0.8308560417363373,0.6975546536792321,0.8219860823972334,0.6050354860055277,0.7558307341499348,0.8038100760756658,0.7592248303844203,0.8767336064420447,0.8360601349384121,0.9228044389999036,0.8423607172977542,0.7740765737632721,0.8778152825273664,0.8309677933607184,0.7911317009114048,0.7634244135031818,0.8064233113508298,0.81569624221044,0.841647837787961,0.7542884485410638,0.7730358708525547,0.8214951259601613,0.6588167557364097,0.8978608896425615,0.7114615670120334,0.8591395780312786,0.7365355311462412,0.7571242440909003,0.8571958787602607,0.8166205986390247,0.8516169389573957,0.8527018914046276,0.8060969433411452,0.8158400325218109,0.8191849823828041,0.7924191976282146,0.8674811703886999,0.7941940338687193,0.8563536742134832,0.8689673050855915,0.8263487245693484,0.7451152035264995,0.8463709504444824,0.7467391682334898,0.729335983162579,0.8186008558407503,0.7933647605714161,0.7850884831783325,0.6682446004825157,0.809890703360263,0.8118994168904633,0.81527241753281,0.8891012828158046,0.7451491244129979,0.7828263034310584,0.7913497359132582,0.791479968965305,0.8046978697780192,0.8193866154602728,0.6757410583364323,0.7453192153487777,0.7576535509299229,0.8288371265694404,0.8030503913641407,0.7646867620832452,0.769461544243302,0.8609564077189042,0.8149069033535455,0.7759162760160466,0.7662004353031742,0.7914401251445475,0.7515120748394504,0.8407716388810716,0.7234669945098047,0.8157044026947365,0.7814840543523804,0.8486845666068704,0.7897271266195813,0.8565188823906545,0.8429117221720266,0.8468683121410229,0.7905979842736667,0.7542278746817471,0.7704291422340748,0.7361933225179503,0.7374119484275891,0.8643959363267228,0.8022898850042212
0.8916746801487447,0.7816810866977008,0.7057013800813107,0.6951816008948097,0.7337048156995952,0.7159262934522167,0.7040275918255233,0.7669102003625343,0.0,0.6677782543261559,0.7939810947787396,0.742259262474708,0.7214788530570985,0.7822413572616402,0.743722846304802,0.7071578932583777,0.7324986453699049,0.8291467746755947,0.7712224990717975,0.8399788089164018,0.7218657006393999,0.8184177561272334,0.698514695253964,0.6887915663319487,0.7665264130325222,0.6112355397040627,0.6948479382392243,0.7384753284846906,0.6865204702013564,0.7750281785572584,0.8134754520381318,0.7626145706979744,0.6938668883148957,0.6475869279615504,0.8745187984376365,0.7900889422236096,0.7228058016329463,0.8421213095733312,0.7453584942968533,0.6676015885438537,0.711518627214283,0.8248244538827587,0.7249913152415081,0.727612288656445,0.7165651008477153,0.6719504684167653,0.6629799217277689,0.7072867333748387,0.7624486796546254,0.8340076854604882,0.7511585776366578,0.7047566900647895,0.8011387169832317,0.7256565264796785,0.7422200023390433,0.7614852838759715,0.8003110725772392,0.7678919412598458,0.7847647211261901,0.7624513311618405,0.7091031392642485,0.7058476743386797,0.7573876663108847,0.8099324240521639,0.8025874456894149,0.6950270469006045,0.6857745587589589,0.6833225697859854,0.7792137273286889,0.8261574344388285,0.7842728534649812,0.7711955080299366,0.8359011212486628,0.7236108705911217,0.8010609264319196,0.6977582291774149,0.6678962249288088,0.6266710661715975,0.6570222873933843,0.5636978296559312,0.652236753383247,0.8422537621861452,0.7228492802959542,0.7084219630870142,0.7735505540354638,0.8002344044982526,0.7970113768074149,0.8550615441999831,0.695342720479872,0.7378235043719139,0.8073837097803412,0.7968954641542298,0.7947271072260581,0.7539427507832207,0.8507644388886024,0.7081227353448885,0.7245689450444449,0.689660122672962,0.8334189605406981,0.672070302889268,0.7190631122359792,0.6786095743578849,0.6798793745055974,0.6696531116224396,0.8789551165838505,0.6471346767490282,0.6429109978498823,0.7097428012784076,0.6530007773233595,0.6890430506566788,0.7139519936682917,0.833087001442121,0.7521552454215598,0.7901932260056881,0.7230246591069619,0.7278041440317937,0.7374393903463907,0.7770501070755066,0.6756473693837478,0.7619069604686385,0.774185636699278,0.6959663005170831,0.7434954386286381,0.6888510840651866,0.8800022517566154,0.6600299932533367,0.7317042135245811,0.6828629688972083,0.6829331215724532,0.6989496442174945,0.8251269164973991,0.719419293093707,0.7340037512403556,0.889784415212454,0.7703293516184607,0.7639519455659882,0.7049347567131226,0.7127389621626049,0.6930421231956093,0.7961825191729357,0.6869343320250503,0.8044846515114615,0.8168443060308851,0.8774926977690488,0.7248639526566691,0.7537616559980633,0.819758159774577,0.5907566548857136,0.7547843596614245,0.695687296079469,0.8208645862290983,0.8006072776211038,0.831781714557715,0.6473204525115734,0.6873285379251813,0.7694558466266801,0.7290114727856475,0.6289236506832186,0.7168018062889709,0.7015489407346369,0.574844697399571,0.8525813585155296,0.8322359222915048,0.8423082712209847
0.7476906285663134,0.8503934570940646,0.8475216819302684,0.7927353143513951,0.7000868906006391,0.7680459859113553,0.7960965470257184,0.8330082418308251,0.6677782543261559,0.0,0.8379852813821427,0.7904759430216437,0.8650918714678626,0.7784883300739679,0.7425673317680984,0.8129278975882416,0.7972584381272018,0.7928117521208304,0.7083282772035789,0.7090666035143269,0.7260531505719735,0.8011251607037556,0.8228663880490579,0.7542249552106114,0.8718816382107188,0.7349428210259633,0.8107349003643418,0.80134354311784,0.921401712517364,0.7205361539205044,0.7031720159811671,0.7996400641837671,0.7999439565904708,0.7145048594644973,0.7233965992104124,0.7618809505996037,0.8085896325945588,0.7805627912523131,0.7005950882287684,0.8074638238381159,0.7752345932397183,0.740255016006674,0.7063634159600877,0.7247069526029015,0.8015666958980979,0.7538844464059719,0.7116070229039375,0.7594407855020094,0.8212685610375475,0.6985041415486563,0.7351429578426524,0.7198538686559969,0.6904452287462856,0.7624587266646558,0.8323967817008906,0.7731884336320405,0.7051483422710293,0.7791147055115056,0.7896433042982418,0.7505347090687393,0.7757067393511642,0.6348433655754778,0.7262615114538825,0.7032652398034505,0.6102649610708546,0.658391970158178,0.7567914342685541,0.7402818374307398,0.7963509191909867,0.8440360225263407,0.6975234102753528,0.700433399821361,0.6857750359914705,0.8030345434428999,0.783193236757169,0.7060526807164822,0.7681787621799157,0.7723934425886355,0.7110161684622582,0.64013219886817,0.7471200808540229,0.6449043754733527,0.7986600922642795,0.8383957557965753,0.6770237376792756,0.8058623820988653,0.7244215964239896,0.7106729278853613,0.8229922175087023,0.7342682014820495,0.7520362989926348,0.6721403899371667,0.791091967212601,0.6749927183032154,0.7282516836705238,0.8265693880462408,0.6007594972926721,0.7363813046402898,0.6003338309478731,0.7779379455618803,0.7110870740778149,0.7252142206532005,0.6631104977825351,0.807816942866331,0.6964596752337313,0.749325232778891,0.7074761231933363,0.8515173112151909,0.7944805915071957,0.7785955980629404,0.7302219339830694,0.6693620609625585,0.7537438367607171,0.7656791473801745,0.764682970037306,0.8027985609404826,0.7519689225283972,0.7740238340583608,0.8099322465415908,0.7333959297978346,0.6844168984712713,0.7443559049030755,0.6852466490344457,0.7667030951521409,0.614480319416575,0.8711295043862473,0.6532780385829974,0.7669725791594038,0.8495040057011806,0.752445614250118,0.7712813231708446,0.6967421462368373,0.7403053525056348,0.6654369700843527,0.6992947718900691,0.6422475757609228,0.7535133515161252,0.7476939443825918,0.8164434439195701,0.7340008075064942,0.800694881816677,0.7522170849140241,0.7188105930591346,0.6868614414040976,0.7776227326624693,0.7099986641421197,0.700857092375906,0.8220252808864528,0.8602773848518128,0.6827954405196999,0.6718910602025506,0.8154275077655546,0.7185126805696886,0.8259854110008557,0.8210296407046471,0.7564387054700092,0.8062948026115297,0.8083771232100597,0.7663980950953518,0.7534012204464697,0.8511029455455187,0.7010407635110265,0.8041492859157052,0.7289512470235914
0.91584748387368,0.8970934583596912,0.9274217637210395,0.8402189544490986,0.8766347924767498,0.8420081719138246,0.8690732569034099,0.8573703747142971,0.7939810947787396,0.8379852813821427,0.0,0.883117346562112,0.9278818068830482,0.8193747735107727,0.8371486321286447,0.9263838548088156,0.9233898076136492,0.9046055445488118,0.8189300772587012,0.8404953245095369,0.8836209092871724,0.949321854795468,0.8507226892198362,0.8758938437275885,0.8894193812643294,0.8287426085595028,0.7870543508026056,0.8532366538376546,0.8816843420407939,0.8376511481983199,0.775498061437015,0.8888956864667906,0.8322327078722029,0.7568828147518762,0.8349474085566518,0.8577843897336522,0.8983458743114204,0.9073354628708077,0.8366453572850716,0.8731515748314346,0.8641212319688083,0.8812490004207825,0.8405521539483232,0.8599309743590433,0.8393329849000346,0.828377979472921,0.7940252867231075,0.8945827395890236,0.9187510048067467,0.8745239747321422,0.9026664483658274,0.8605496886281405,0.8043982573206958,0.8684272353288521,0.9122219393673948,0.8138607837764941,0.8868755384676709,0.9145627997533632,0.8560177419403339,0.8564519381512312,0.8291455205414856,0.7260142875795234,0.8928500723965831,0.7849467644592117,0.7590348766337313,0.7714331259031222,0.8093186544367755,0.8363968921289157,0.8441092478819228,0.9088269724138177,0.8755310005273028,0.7692817599667882,0.8209615605905635,0.9279890569473733,0.8783956253956673,0.7211972178439903,0.89590449710453,0.8427948299651491,0.7756612727866278,0.7170647253469469,0.8197876427279592,0.7986872112440704,0.8896209851021895,0.8513040009275328,0.8362356974310182,0.9069504640197905,0.8178676184190224,0.8036912136970246,0.7800117348278526,0.8007975889500654,0.9336383060713643,0.7306881002305242,0.9323130143284495,0.8120925663547817,0.8945252067387153,0.8191512783214605,0.6905894238706598,0.7422689485377986,0.7079085924991991,0.7915288311914712,0.7553235170026135,0.812024776465964,0.7097296972263638,0.7428212068584157,0.8277348713649376,0.8381667087480765,0.787617503817485,0.8577255159297897,0.840407844739984,0.878278888161108,0.8639099763013507,0.8561718147064687,0.8508549993932676,0.804669289275671,0.8558777313953067,0.9112546738078133,0.7904238902813568,0.8694329310558214,0.8796024915238739,0.7511826049630098,0.8818227378312506,0.765156931037834,0.8150096694142713,0.8819913879608217,0.7420722665455332,0.8607033507925127,0.7605955563105354,0.8513954182594661,0.8560740096130259,0.8051134325471536,0.7849081242575829,0.8482677379775226,0.8072903148417914,0.8337185557601209,0.8268945668533408,0.779573087654033,0.8286881414208659,0.8282344502534364,0.8324042311929206,0.8592513564815869,0.7613838579080678,0.8701454740748578,0.8373722794524359,0.8192138451160901,0.8936598420224713,0.7950939914051728,0.8725009228421593,0.7967683311721125,0.8564829825573272,0.7330324782558432,0.8095747765170258,0.8381857900575708,0.8850180977977151,0.8396803700806731,0.8636181730385717,0.8574029518495616,0.9160238203275188,0.8559431379627553,0.7940813946136757,0.8793300254195738,0.743819668034102,0.7980227061732178,0.864453129384248,0.9500774095438065
0.8499160372089722,0.8860729982106138,0.873615790818806,0.8281152524411833,0.8237096364420166,0.8886787096400085,0.8556782074662644,0.8554479631573997,0.742259262474708,0.7904759430216437,0.883117346562112,0.0,0.8134360291096266,0.6858725382382082,0.827247897812285,0.847189249486038,0.8559168250845325,0.7702563669462803,0.9182256965508993,0.8204293504275838,0.9358960940873041,0.8650131731337798,0.7920306165161985,0.8800815992197425,0.8977134762848273,0.789647545933053,0.654118739487957,0.7783018665700395,0.7983467109572127,0.7746214610697063,0.8384445399051925,0.8936017039016813,0.8274876486472265,0.8516260499869643,0.7964957721300242,0.8832300665572496,0.8285559615154179,0.792818033847639,0.8956847594195028,0.7917524642638184,0.8809815801508863,0.8391793592660316,0.8521033493203753,0.9025400530002532,0.8436783304338287,0.8372642464074944,0.816092024129267,0.8795226626997111,0.8546909908770965,0.8634735416759388,0.9303442304256885,0.9065236606948056,0.7882370057006853,0.9128078553212061,0.9080688571771011,0.8333914967416423,0.8854598430366132,0.9107194253288194,0.7896446039272369,0.8360708589239192,0.8134191836001864,0.7334186369841975,0.8942785202573451,0.7305656437054029,0.7898711872335471,0.810060313737103,0.7545748450436279,0.7695584680557539,0.6922821040765328,0.798398604113464,0.8615725473590514,0.6976741180087745,0.764871678860006,0.8848466714785554,0.8124711818343561,0.7230308793906404,0.8487077731512365,0.7929863148203427,0.803066747968924,0.7045341601859051,0.8373432034764065,0.8451310092352293,0.84154165224152,0.7570781640402879,0.8677191769048231,0.8687701033288521,0.8018775247852316,0.7498809430756925,0.7650513697128458,0.8095722904109082,0.849079626522635,0.83664732002793,0.8848966578105533,0.8402504257810625,0.8139816858116583,0.8289321016030979,0.7579503532958687,0.8572760272886991,0.6905040402340528,0.7985546044467392,0.7066625286464174,0.8571472051961199,0.7924310148649975,0.8089001734198603,0.8163693560170588,0.8324026684434482,0.8513756158289957,0.8050587081648524,0.8130069356335992,0.9148306535669676,0.963004873399526,0.8485566283001497,0.824778751861082,0.6779584867335832,0.816987077037067,0.8324159784056937,0.837764000802505,0.827766198237683,0.9008766736385433,0.6622205470584654,0.810896275514895,0.7432673133535208,0.8348241736424661,0.8938334142147639,0.7018624115311886,0.8692548594962323,0.7728051491712545,0.8564434623770077,0.8927553367251725,0.7159572023980402,0.714629676505556,0.8314801628255242,0.6748623073062522,0.8250255343762576,0.8584346328428625,0.755071907157738,0.8245492651448851,0.7734819664519254,0.7514913037578165,0.8856335328686651,0.7230716539504274,0.8099138144851006,0.853988758935297,0.8169262722829127,0.8670546262719396,0.8291481434490948,0.9025117075945025,0.7674667854201646,0.8630258152814436,0.7024153381387788,0.8495283420508902,0.8146728652842721,0.8407127245428797,0.7978762916768241,0.9531627841263202,0.8266085634127076,0.8094319096960356,0.8637383496179324,0.7205302480052367,0.8074931970916583,0.682227922745423,0.7750878897030127,0.9141341810060685,0.8685581944053967
