0,1,2,3,4,5,6,7,8,9,10,11,12,13,14,15,16,17,18,19,20,21,22,23,24,25,26,27,28,29,30,31,32,33,34,35,36,37,38,39,40,41,42,43,44,45,46,47,48,49,50,51,52,53,54,55,56,57,58,59,60,61,62,63,64,65,66,67,68,69,70,71,72,73,74,75,76,77,78,79,80,81,82,83,84,85,86,87,88,89,90,91,92,93,94,95,96,97,98,99,100,101,102,103,104,105,106,107,108,109,110,111,112,113,114,115,116,117,118,119,120,121,122,123,124,125,126,127,128,129,130,131,132,133,134,135,136,137,138,139,140,141,142,143,144,145,146,147,148,149,150,151,152,153,154,155,156,157,158,159,160,161,162,163
0.0,0.32102423438988714,0.2687916417622195,0.2777234082643147,0.26338120427184253,0.2973715988637541,0.289621030377321,0.28203102721827,0.34217271197004734,0.2982104027971247,0.32793998128543234,0.31234869616349126,0.3842899144664859,0.2720347869146311,0.31918342344490497,0.3173082481369374,0.32332570264196586,0.4384452413964497,0.3255169834500597,0.46503829194829266,0.3349979325246431,0.33068193402341667,0.2877290852076949,0.2992946722440735,0.4245615365700059,0.2587248212075501,0.25615714139415463,0.30194507167640633,0.2521905040919781,0.2696004270154914,0.36246000240779075,0.3480777455417663,0.28267630482752787,0.3282159606126433,0.3703459905697745,0.30825142177210035,0.39862988557855117,0.348264214847282,0.2797364736925264,0.32080582536508667,0.2766661598121958,0.3119882889735173,0.32291628331883737,0.34019735784028227,0.33061682767307443,0.3945601091098526,0.2619399098027836,0.3042766849320868,0.3790206647553926,0.36700621915024717,0.3563298758373259,0.3097967080361083,0.28714551589159265,0.29558433008445384,0.29461033037212897,0.30125322552330763,0.43752559525526574,0.3026534540820722,0.29784058777104444,0.3478942169209685,0.27488008671251424,0.25711319663668103,0.291368758545867,0.2529304652923797,0.3178345257254498,0.3504530056429687,0.3325665096431674,0.32088884433995873,0.2881010499008481,0.3361850458052273,0.4031954570562444,0.30008345481460563,0.319382054126846,0.3389887307211658,0.3395241135296454,0.34840293390027943,0.25206967029845323,0.2715614678348408,0.31726108444841516,0.23453006019733827,0.2844591938854518,0.37957782490282105,0.3047963475827576,0.29149227303190217,0.3256959985336434,0.38845001610614194,0.3000340930938287,0.3438828698541605,0.35938867407077774,0.31385336199760544,0.36895995611499505,0.3298571168251573,0.3316987217865443,0.37075126981657786,0.3218581763677178,0.3205972686934453,0.23110969204552123,0.29030604338487337,0.24865400014516265,0.3570494108068284,0.30861093201045336,0.2616903202660135,0.2864912379558552,0.288807097336939,0.3330788998876127,0.32211747635635135,0.29614748541397584,0.3289061947276377,0.31880053201047354,0.3187264905498537,0.3378641984276611,0.3592181738828066,0.3469919593514553,0.2904211488628416,0.34536844803225064,0.3185554651631146,0.32672810708056355,0.3409990627158616,0.26251078879820366,0.2759823594710603,0.2945488918051623,0.2440105982492403,0.32870284548242457,0.38366155518824496,0.2790029777390625,0.3041165072012498,0.26243217930218726,0.255840967959452,0.2858332475027204,0.3258002854236027,0.26620164592718176,0.2672674077965545,0.27174770729345965,0.3509041956942854,0.3321969119069874,0.28966385927493477,0.342694208901431,0.32278119128530247,0.3105727850798982,0.39974392296867667,0.2646527101893146,0.30805121512469996,0.36835946445037376,0.2824405108975837,0.36583700131148833,0.38468331315586096,0.3110186287546265,0.28194377461146025,0.37096475646831,0.20891524373434572,0.3987100943138651,0.30117695676333717,0.3672255846918985,0.2289112044439486,0.3745778794091442,0.39636238255327033,0.29905830145918433,0.3063637688488161,0.280478226678688,0.3089526328311058,0.25191188721769286,0.3506918594440291,0.24654469481430508,0.45103107602084874
0.32102423438988714,0.0,0.2943715370892087,0.2908337862699381,0.23966572190353186,0.3129955775855933,0.31895879154770734,0.3125084881504634,0.2767447618424204,0.4174631098686078,0.2906563790531246,0.318488110684874,0.3138597499777871,0.3213747198698282,0.3056811047953292,0.2677400284319858,0.29856062493828767,0.32292508810770615,0.28761413344571196,0.30852961967225845,0.2974707465670357,0.3684885986856169,0.31733354669167657,0.31108443229858634,0.36090078128653624,0.2397310997187264,0.2554362821453044,0.28395471711963133,0.3416329447265165,0.2322479699288672,0.3154882713049866,0.2873420809529052,0.32335452028269474,0.2793893356812759,0.3108754427617645,0.2958452223656828,0.2975843214597821,0.29391333510274936,0.26868204012563174,0.3197213179638348,0.32065103408926066,0.3409864109595435,0.22661397594837468,0.2703530672345069,0.36433511544316677,0.30562163588037256,0.2752464920599366,0.24210717458429518,0.3259149277061206,0.275515042522449,0.2816280125019496,0.27829175186884597,0.31897835671960584,0.3451045113815564,0.288435529371689,0.33406907654501555,0.29358799717792045,0.2637642722424507,0.32186349902210964,0.33270700697625316,0.28490074858767117,0.2195105428174895,0.23818215577731786,0.24131111018226378,0.2619159134816582,0.2689495001431967,0.3106974182952472,0.27605654659306667,0.26049461817458,0.29305253307885765,0.28007026390014356,0.2863029462164449,0.2525280892901484,0.31129172483532985,0.31558816326701805,0.28663744149266146,0.23655249764462602,0.3168055971753046,0.2683427519320234,0.21490348974855955,0.2671685542540851,0.2893996478788521,0.34188651862399594,0.2674162509555246,0.2729383001213944,0.40230540149158645,0.2418454052331742,0.24398255328847046,0.27917144168486646,0.338717310574445,0.2682527849901302,0.3168204966844439,0.28856210515128805,0.2971716939116304,0.31468951012931806,0.3620971720901034,0.2300708551221967,0.3181485202314872,0.22733744795875827,0.33241742325558904,0.2791040582904201,0.2182873131448308,0.2246021333550956,0.29578540152149185,0.2581413958043761,0.27526405187307323,0.2534297379006332,0.39353024486676763,0.33477679896481266,0.38445987560979733,0.2883699007086963,0.2617324074461639,0.28217398808932354,0.25273179353777653,0.31648545378894877,0.3822713037381504,0.30013123664299407,0.24203972331577955,0.2773062363985452,0.26402567975542135,0.2652896772519801,0.22395978678627446,0.2966754851436435,0.3324104872576236,0.24741001018501685,0.34533551257962847,0.2571718077030174,0.29698165775290897,0.34605497065717244,0.2868660788713417,0.30193393043939104,0.24333481936173187,0.23442576926064446,0.31012514997106494,0.2866594918416418,0.2541009615122304,0.294882575174721,0.30465395961830205,0.2993226488166708,0.2780547422133533,0.27418233527294883,0.30679595827977946,0.38108955952989254,0.26129189382783824,0.31651434790422633,0.29841290558494976,0.29359628668943466,0.30102229300680583,0.3837325697009878,0.22283228286244444,0.2542577575306358,0.3161914260990254,0.28321610594311464,0.30123781199867616,0.3220956463683943,0.32444713397346603,0.28096270187185063,0.3187861066513027,0.2658804196454773,0.24015553152598149,0.30152343962534495,0.31000523822281467,0.24538867031568712,0.3008732056887286
0.2687916417622195,0.2943715370892087,0.0,0.263497463592161,0.2580106363295196,0.32973285239441563,0.24765969787691808,0.2824905829541308,0.23328424460808558,0.31928454965713143,0.3195306846874136,0.2922566481231941,0.3372793401032786,0.22555135438188287,0.2751155279973321,0.37973078875277594,0.3222233153262078,0.2789555531549621,0.23318587887635375,0.23818927482594293,0.3372221717371158,0.40074009880813016,0.22903168947559893,0.278861235151516,0.27694715247380447,0.3115221535745066,0.2332462773968749,0.2520656305906586,0.24405333323162587,0.2484257949679249,0.23768875478836382,0.29018158143918654,0.2591721441178593,0.2345646774970192,0.21600699597540882,0.25654296906614565,0.2982361766429299,0.2687235662947779,0.25382283899728236,0.27116577893513466,0.26392691221221476,0.29294632749017846,0.25196192369672177,0.2603745176834003,0.2935306377377988,0.30043668839239807,0.2723756310883079,0.28550792799993047,0.25568406452301173,0.25597242988546237,0.28897882535993286,0.31403305604541404,0.21073859127015004,0.3069077959967309,0.2603408485952136,0.24201066888155806,0.25550739222729957,0.32070979593626886,0.23782556639090036,0.25830347023888994,0.25518044246065524,0.22849800647176893,0.2917848539583381,0.20369091411732482,0.21577485858090026,0.25403834844756357,0.2693615631236679,0.3411898130884185,0.27970091368898164,0.2772833117742638,0.3110365275639385,0.20663434968004893,0.23531937452698645,0.3787374244795021,0.3138618827072559,0.2042715918087853,0.29036680745195254,0.30634809978545685,0.24735446406914813,0.20850857248838162,0.2790561267978883,0.2693784372719805,0.3153490297431594,0.2720115972394978,0.23556007068191245,0.3393012808928878,0.22086573002234958,0.21516001115728703,0.2594265320378785,0.24965024137531908,0.2920794657290115,0.21885400880550118,0.2585057294425119,0.21399056604087494,0.24685148949159696,0.2856770205741721,0.21019010724619905,0.25611914944452385,0.1844857484940966,0.281942538069554,0.20434948636836814,0.22903502114898866,0.20963192501986425,0.2625372354199995,0.23633063201308546,0.368377615901493,0.2691252271214393,0.2733310954238256,0.277058240190219,0.3123822798463188,0.2645735349711948,0.2262127032144216,0.2568135102626167,0.23745372248104551,0.2566405068205601,0.33113606491441666,0.2193999529831353,0.2556475640803982,0.2857135045924151,0.24024666242967138,0.26205074327181876,0.2202317017254673,0.2204402223043421,0.3194817945819312,0.1812225641318093,0.3236049287822926,0.23358225001154395,0.29008648585007907,0.2875656339622681,0.25847635107202516,0.24162396279015252,0.363979775190929,0.2052789204333812,0.22775108927447404,0.25909923991510775,0.21422291976138946,0.23967393710750412,0.2317321074769982,0.25837615846341794,0.2511807323845407,0.22489846122856344,0.249570463179861,0.2539149857693202,0.2407532213941732,0.2722224563817338,0.235867991077513,0.32630777062805877,0.30734939582077136,0.30067208454327693,0.20480769283805303,0.21470805060533227,0.20700478592231217,0.25316324598305506,0.2921666652759977,0.3106253149179429,0.2742032591844633,0.2711485328007693,0.3655374440886099,0.18247482189475642,0.23772902364217421,0.27047009629078755,0.19878506629968334,0.22252945565670693,0.28497270023806587
0.2777234082643147,0.2908337862699381,0.263497463592161,0.0,0.21262070200772662,0.25920865716013297,0.28072506056602486,0.2768527163785877,0.23138675135203532,0.2862680132585797,0.3055090199251632,0.2633860311492599,0.3057482783235481,0.29404325290231365,0.32393978945491714,0.26864052987575754,0.30372898338963256,0.32935136610113497,0.2874965440018537,0.2658008788138563,0.30073259028529226,0.2735748974617048,0.2747101906136238,0.2415855520141184,0.2918310441092142,0.2969082336273595,0.2870177448390174,0.29895937278078566,0.2739423744088421,0.19957316330700836,0.27255858803200056,0.2824335374294692,0.41660439709672265,0.28331459098079836,0.2694804083089652,0.3111009091840888,0.27592574701849454,0.3167527463360506,0.281018722678157,0.32479731538106177,0.3206740728516989,0.24738874732516508,0.26250382983225656,0.27649771329879624,0.31316874844972675,0.3399460176287735,0.19171120843214365,0.24856449827024954,0.28419844229089786,0.29342791937001494,0.36907542459498693,0.2921566287665031,0.2940939111793881,0.3949127647335396,0.3126975510024456,0.22434464650508956,0.3298677249044477,0.27672695173727074,0.314243192496124,0.35278650615166884,0.33904527930741934,0.25988817762268646,0.2870002472989232,0.21883295211556078,0.28426195860570946,0.3401340922374476,0.3831223088497882,0.23899919666567762,0.31449771971735296,0.29440303355985886,0.2753092841472397,0.26524832484568006,0.279136152224027,0.4209295380716892,0.34562215153907155,0.2511204230259417,0.3137423558515857,0.2726483829741281,0.31315616732646456,0.2019617301313546,0.25421865083897627,0.3274624167028356,0.23915975799081313,0.3017945229363069,0.31917266007148604,0.2979934938193216,0.2715438334601754,0.31610405980121437,0.3012042523410077,0.25529205343021927,0.3009600685684689,0.2684973027988833,0.2772190219384379,0.28220536600147494,0.32160470830507804,0.2579477028134053,0.24323410919179297,0.2593022869677941,0.2182540166831661,0.35074833121220184,0.27669461435671655,0.27860899614776397,0.30940992628449704,0.26229915204157855,0.30376028810293454,0.2762776686002318,0.32215487925930203,0.2611339784513864,0.3187714962247312,0.24131631955254945,0.30830498370701714,0.2820730201288291,0.34358228863124723,0.3214165697143452,0.34178467361855397,0.28167510414868535,0.28608079954721516,0.2330445703305869,0.27720982378922776,0.27780798444555954,0.2520469119944129,0.2992813495472039,0.2496135861525198,0.2956399263661988,0.21499838402631868,0.30781910670199275,0.2877417508943349,0.24921331203445285,0.3165025966747724,0.33892722423042754,0.2211123529254644,0.2789088546059437,0.28874645286606926,0.2951129242096802,0.28903311574965784,0.22096506531397173,0.20001444863994908,0.3001393568369841,0.3051132826794465,0.3089615689113244,0.37021592631179284,0.2656382311461644,0.34063853852577386,0.2798638230983383,0.287427045710476,0.2612828457882135,0.24301286006074777,0.28732855522122863,0.2533780533726639,0.20159725721475436,0.3033372909063889,0.30032703776460684,0.30750058756980114,0.23108553349025185,0.31509018439529574,0.3002855443679159,0.2723704689702723,0.2724971437856952,0.31890331694596086,0.2747015905861714,0.3024009127994575,0.2621995415800175,0.2684902230388699,0.2791907918476159
0.26338120427184253,0.23966572190353186,0.2580106363295196,0.21262070200772662,0.0,0.21675518860213694,0.2791744951522188,0.20064061878243036,0.2181159646678645,0.2357629892074692,0.25443250292199643,0.23020701240816915,0.2248544389414759,0.2209733119373701,0.2759278062183871,0.2635586155859985,0.2678957996229091,0.2742841240698732,0.2133115967468925,0.2358152110024937,0.28429856785139246,0.27403839046022854,0.2410171605261467,0.2651391776528263,0.23528556153466432,0.23718137929535188,0.19875632510198954,0.20265910548157623,0.21920727916377894,0.2434713610042876,0.24434355431823424,0.21991652452971527,0.22796387434697007,0.2085535491830153,0.2838530025610827,0.24893444090934524,0.25016646336250586,0.2421863952988291,0.25559638712093014,0.24764396596337085,0.2604841335281826,0.2563251348006744,0.2582992104171451,0.3020184250361265,0.21296838089593761,0.24604386497357486,0.278968288030291,0.2795577690732794,0.2782449874981944,0.2652379876504566,0.26890135650864283,0.25460851136252816,0.23096850585528733,0.23753057702779687,0.22786777564694058,0.2078112141220944,0.23841747278462982,0.2705625624631187,0.23639712918287448,0.23597609526808583,0.1844352611500608,0.20082529549037736,0.22653097600639596,0.21949931337497516,0.24742463258204936,0.20129604713264265,0.21371691810982066,0.26418775764360974,0.2248548905405448,0.23139727297410426,0.26713199466041765,0.2388064399644142,0.1994003737173981,0.25011051833329057,0.2200832036252339,0.21106540285674205,0.22079130094925453,0.3611535679870542,0.21889549938001399,0.2120455866304963,0.2381884114343585,0.25574854181637663,0.28424235747224064,0.1943487145190268,0.22208685263876413,0.23680202723653362,0.1973206630432065,0.22475920279836323,0.21130233858014916,0.2039965808023721,0.33590997422826585,0.2578550348580782,0.29716420293760476,0.20531766460427564,0.24622197609708257,0.23577852651583142,0.17186280832864007,0.21228112687671022,0.21056911934725794,0.21819018986788485,0.21586333796656293,0.19137371955287566,0.215745516613092,0.22701201416736355,0.21617196894434262,0.25634614732859073,0.21072079882567551,0.24351677010405365,0.2859226166831465,0.25598773724347645,0.24977178678493206,0.24664978233965915,0.2097026987598494,0.21997369305363182,0.2254024676119706,0.24397771350999475,0.21341585481739786,0.2487808763153363,0.22243258694495874,0.22140456979158893,0.34438194985718557,0.19582452821628626,0.2089027470072618,0.3082810693881943,0.2143626480285215,0.23604431447347746,0.2071568442475153,0.23273777892872188,0.22476323716049024,0.24083776272987553,0.20716304848298164,0.23017660147397453,0.1795136862965919,0.23296767605264046,0.23135030905548065,0.2557457853227453,0.24125766405867607,0.2883219989298847,0.22852297852322803,0.26946458787551264,0.19866867628507018,0.24169392705286094,0.268832190909089,0.221951056037351,0.269711813664485,0.24216813824295327,0.2779273217773419,0.2642148982842295,0.23988640191071597,0.17943096081369495,0.21687698163216407,0.22818188155892177,0.26083967857057605,0.2436271123499207,0.2647854817225649,0.24418500248320282,0.2011781770180316,0.27364744797663687,0.20821867898468158,0.2102103196172375,0.216395373973049,0.22217120386581585,0.21531087702712332,0.32193138308781805
0.2973715988637541,0.3129955775855933,0.32973285239441563,0.25920865716013297,0.21675518860213694,0.0,0.2406810975964305,0.2857836395629446,0.26292550443588186,0.2791029491598595,0.3020765998491236,0.3391891340989256,0.3437305432529113,0.21425782098285787,0.26602589537880106,0.3326885612293502,0.3058883779970975,0.23185578539421825,0.2800316957054349,0.2724629066548514,0.3316673586516473,0.3218608288779446,0.20461444396196565,0.24201217637250094,0.3185450768963569,0.247411894031128,0.21205182934554784,0.24699356639627548,0.24210953225333698,0.25349083224925795,0.2869698234563742,0.35926899033080223,0.28169551504638374,0.2584459902462018,0.23705735600378236,0.24852783705918086,0.3135434467641844,0.2566207175313767,0.2598176822749559,0.2345430634291085,0.2507216462301413,0.3253889911697454,0.25653684750628963,0.30137301124516164,0.27198035941015714,0.26915459330726227,0.2435876440325566,0.2726638515587253,0.22529002519603084,0.2640152012779696,0.29644198038973923,0.31875920311743833,0.22539489280677397,0.30569674900210725,0.25122402144641665,0.3023973821544885,0.26903928017669926,0.38057882895135575,0.2100914284557004,0.24357474895888073,0.29215909737145507,0.26081530864647645,0.30861324740148044,0.18835456139235773,0.23133457705395935,0.27117472944443477,0.2719742355188462,0.3107398720322216,0.22624621548890633,0.2748474405936726,0.3072331233153003,0.2016160319891696,0.2641549375383932,0.3094079527151162,0.34737217591443015,0.2378036584753924,0.2658926078108143,0.2602336674961661,0.24040599252809766,0.26728823877146185,0.3363725788895698,0.28398269143747357,0.2919854071750699,0.2754091739202273,0.2672632031601244,0.29736464218722874,0.28537501091391965,0.22997080762579203,0.28582642524198043,0.2673990939454991,0.29152137462172883,0.28450360552745974,0.26100476743460804,0.24511900192437944,0.2359631200791271,0.3289811042927693,0.2384550998188524,0.3020757483459878,0.19727443434813102,0.2771632367064026,0.2178224531241956,0.23382374777544174,0.23294861784819007,0.24499231977719946,0.26085993562831317,0.34042324468655377,0.3007388504852331,0.29417098318926443,0.2486052779393949,0.3185452775982697,0.30080299573781605,0.23260883158318538,0.3405762333814358,0.26877247955056155,0.25245699118495835,0.3183195822487945,0.2706519742792599,0.2284028243173771,0.3232147588177253,0.24528232055929466,0.23589933283522266,0.24103473401528666,0.2746318577216618,0.3173005926449752,0.22571605799528344,0.31657668836145686,0.26738220864766993,0.26288481054931345,0.27897863664341205,0.22051719278218668,0.2796569957206273,0.38356786899454076,0.23202738497718386,0.27036705918389525,0.2715441251742334,0.22473134384818574,0.2695621756105396,0.21963544337512747,0.22207780150292977,0.26118575345989337,0.24004875593756614,0.3014630091261267,0.26503681285439723,0.24874942833652228,0.2899488770422539,0.2672949494550732,0.31994940670624117,0.3048869680876515,0.29501253953168644,0.22032725835353414,0.24929485360462433,0.24152695153268472,0.22833010175196156,0.2376037054061084,0.34669403769344165,0.28760176922064734,0.26273716889987947,0.3634781597460511,0.2018353104423233,0.26895593958216546,0.22981905448288428,0.26339152223541706,0.2291988469430651,0.2858479696025953
0.289621030377321,0.31895879154770734,0.24765969787691808,0.28072506056602486,0.2791744951522188,0.2406810975964305,0.0,0.21845543256131122,0.2264113139512307,0.29128008474561456,0.2885027656351097,0.3108693804907221,0.28323504739087324,0.25991825033485233,0.35765187717052854,0.24400478743290016,0.27327492740221204,0.30500272146718826,0.27533760791108924,0.23856527394221966,0.27219861966960673,0.3198475592706198,0.3941677480847826,0.3293348834224106,0.2945605343358919,0.24965504745184713,0.2561035688456523,0.2503939348146272,0.2981155827130182,0.2598098365838442,0.26714612931779785,0.2657957636741515,0.3031541522548668,0.275262607314301,0.25657420587786955,0.2434874783724204,0.3114672001793705,0.2407639297690012,0.27312203527761814,0.34217373186104244,0.3170354353773857,0.28796809116867916,0.26089371364926367,0.28404814002716394,0.2742426756566624,0.2950741569082437,0.27065811526634487,0.23682757445231023,0.4094420152415569,0.2461144029651209,0.3122750498843815,0.2537200936532192,0.25205868690471733,0.2989097536438082,0.29548394710230785,0.24899853714052525,0.27148754191102253,0.25532470997556816,0.30010772372291267,0.27428817278447815,0.2076767414642202,0.20758759306686547,0.22019285114293338,0.22355848547121646,0.2390124827446538,0.2148825379234,0.26823335649693497,0.2857291872541369,0.23538683035874927,0.2375756458916062,0.28179995320449786,0.24575291751955544,0.20324900693667775,0.3029211062673143,0.21647703848367297,0.2686258351898512,0.287597099501668,0.3379879643356782,0.23032917405213166,0.21437662136133634,0.24835612403652343,0.2663293762488299,0.29702672094103405,0.20127115464131232,0.22887988980674476,0.2710792813202481,0.2039661566107484,0.252288361361607,0.25807200439005507,0.24014883222916633,0.3026910083513952,0.3167964202945847,0.313966573491958,0.2554062767132604,0.26224288667038986,0.29959625871570866,0.182688329805675,0.2636245180596304,0.21755814430177925,0.2732188434689095,0.25074687769360243,0.21899298223171076,0.23626261504091223,0.2654423145815181,0.21797080568230348,0.269480989030475,0.2209685826427479,0.27491782420073807,0.3575532785630068,0.3058151555616401,0.3419893970347055,0.2443451158282909,0.22374373580979373,0.21995015967802467,0.25122037336888686,0.2978735009467751,0.2553469307999666,0.2852521739501562,0.2443459984985215,0.22388114268095302,0.2689135390668844,0.2027538179010898,0.22617226765455317,0.35879327766110597,0.21157111463060763,0.32023409446580725,0.21184507804906158,0.27946726857020376,0.24279384256553993,0.27598614836778335,0.21817478383264488,0.21155631469270023,0.20435635046203082,0.23482905687744093,0.2220441494213029,0.25099561585946895,0.2706609874311142,0.30679530494207147,0.2651887105896335,0.2915778948018893,0.25306595270073756,0.24547678969012354,0.30649887173458057,0.22167297654885906,0.2840832476959492,0.2934728936668566,0.26878126211576414,0.31308405718978294,0.263413181268735,0.18236166132043752,0.23765372065664034,0.2821650179606423,0.27602016369486554,0.2956793079127186,0.31053527874047493,0.27986232182677706,0.2993093143675255,0.2966758541800178,0.2763073312892774,0.26540524402383325,0.26384147870026936,0.2501742669053174,0.23391759345373686,0.3095518883406393
0.28203102721827,0.3125084881504634,0.2824905829541308,0.2768527163785877,0.20064061878243036,0.2857836395629446,0.21845543256131122,0.0,0.2931223985164814,0.3138254154808478,0.2518161272533413,0.28217818657430543,0.31844462868784085,0.2373431962892129,0.2577879187113695,0.29331682959756555,0.27914672548902997,0.2776485534601986,0.25050435132081533,0.2825156425389224,0.27672183995264416,0.261286660647988,0.2410708248049472,0.21749457361507823,0.3114310485969189,0.2413474584246723,0.27607849031877846,0.2778134819355158,0.2037224377334955,0.22405559897944322,0.34579164947613644,0.28464696503875797,0.26973535051225744,0.2748368649429947,0.2588468248196171,0.28588729882350494,0.3019505267887039,0.30450643988813003,0.26279651063780685,0.24326243832603417,0.24076323872248,0.2761835512945885,0.2589083833834846,0.23065986542052047,0.3890019581910167,0.30096680307396056,0.22642010090473413,0.23007495861724883,0.2516316851065458,0.261940771932644,0.2654635203653616,0.2469379055828051,0.2418088580544613,0.26102202548940573,0.2553311980696374,0.2649777385267553,0.2617682618248284,0.32101209656383023,0.25889831882323805,0.2722018041629947,0.37819251973988116,0.2287219205297509,0.273194721237888,0.22133123528720997,0.22808077516141542,0.27189051388259433,0.3027293667716986,0.2634777211488619,0.29317771454130587,0.44891049134641375,0.2728038123273891,0.24146268399333926,0.25943314584122956,0.3122385663424635,0.36265058472331985,0.2429661893948128,0.2792838146665981,0.2351829349523394,0.32193335032354925,0.18120017234703414,0.2365349314694816,0.2867173844983304,0.27225321957358034,0.3141437325393296,0.27925602438857033,0.3671485803518803,0.37630488512678123,0.2647022812896427,0.34548933262423726,0.2919991467273548,0.25602784642598225,0.2718912790093497,0.23999214084395845,0.23353214419430712,0.27629950556844834,0.2909170265977114,0.26654871081172543,0.30253417288119616,0.20117589949575881,0.32994328881645985,0.2320200643167556,0.3170663575628536,0.24715828318813549,0.2802684126203361,0.2981743424246723,0.315582392135149,0.289627433755754,0.331758983377651,0.25708925196696963,0.26266697615240503,0.23616433867457304,0.25113489545918416,0.295541473808911,0.29763787536224395,0.2760190359074036,0.2942039442441278,0.2757323449479414,0.22370391887990654,0.23312022808651633,0.2673229385194517,0.22140503286893196,0.3542239433752219,0.23317337599479526,0.26980319133208824,0.2061169664282334,0.2647789936977956,0.24562133825236263,0.31456946335879116,0.28613946264234036,0.2513032534545443,0.3031528941676739,0.2677670093430418,0.28195275961824295,0.2528615776444628,0.2780723130793586,0.19878233672567863,0.2403617988355273,0.23322095231259668,0.275187291775662,0.2851218216041809,0.25271734332849743,0.24507256712724812,0.3057501598687479,0.2604508630433893,0.2755304838407413,0.28486718749303913,0.28283774604187767,0.2686791882488668,0.3153600519110647,0.20409435086061956,0.2917240132119446,0.2563317886086125,0.25255801188779803,0.2365878684942637,0.3335317712844312,0.34483976196306493,0.23290618989969147,0.3013088642307914,0.20214840496978498,0.23165150937092208,0.2480200357662094,0.2446170314839913,0.24600545799296775,0.2484105361697937
0.34217271197004734,0.2767447618424204,0.23328424460808558,0.23138675135203532,0.2181159646678645,0.26292550443588186,0.2264113139512307,0.2931223985164814,0.0,0.25172896163325964,0.22503462557993376,0.27102798366735953,0.24572308823603847,0.2700831877821952,0.25832440012743063,0.23750264819920727,0.23155640237435648,0.30115378117055863,0.2510005742065413,0.3191937083142978,0.25050443970723624,0.2977478892779986,0.21990911671880606,0.21590888140354664,0.28632180505241084,0.21595423043591871,0.25527360214117106,0.2379394156654823,0.19487657767702854,0.2863242944187893,0.36841020898007354,0.27576708916078396,0.24607781615940236,0.24030120876769648,0.29571402851540046,0.26496520108025917,0.25553221463802067,0.31979695097490474,0.24225729452428243,0.21971642559882823,0.22642766017888974,0.3230711312926029,0.25093192374615886,0.2467828567949691,0.28576318198032424,0.26651228209951167,0.23865399855252697,0.217646401313012,0.24655509504851836,0.28327162717526305,0.252305978492665,0.23620378586903082,0.25735824278216946,0.23946345354121165,0.22719273693939884,0.3223445464974007,0.2770041720141675,0.2602940767542649,0.25337234875409553,0.2463700787400813,0.22851026309663638,0.2595703653268795,0.24144529215452704,0.24857491386584565,0.29256305932180665,0.26726421506165826,0.28948113470212367,0.2761340003752503,0.2635691100406271,0.28593268134261457,0.3200695508315632,0.27509468709869456,0.3006394174635072,0.2462523552151954,0.2961028635985316,0.2686113505551636,0.20543493446878086,0.21043555803621533,0.2720165741060356,0.1938113594755273,0.238581693777312,0.38720466282697036,0.30388205473712676,0.24322112888146383,0.2896982437696942,0.3414428268767406,0.27440882642665193,0.317455320453725,0.29576530480031943,0.36758658608581085,0.27909178798341167,0.35765535857613884,0.24062402883220074,0.24824790432408936,0.3052028188904821,0.30882955120851113,0.2796692173671029,0.2947029492615863,0.2857950776219106,0.2681844604400002,0.2671953979040535,0.21465229312015666,0.28519069730701874,0.26429040865981673,0.33602515691087037,0.2621003336931202,0.2283718405669587,0.2699648025515898,0.23343236664940453,0.22836492924164092,0.22621439833054277,0.3105156303898272,0.28531584201449056,0.3166726052917352,0.25955508014505757,0.25777221809042644,0.27057717307697804,0.24360739827970912,0.19676057018294427,0.28473567910851,0.24763137817966502,0.24919357869846587,0.25514572950711445,0.26277668275005206,0.3187321258909489,0.23103867092844885,0.25876487444650087,0.23747509575721296,0.22688415749517293,0.2758659262188188,0.38333243354862445,0.26554736919978744,0.24203955187459605,0.3465696350560537,0.26609150550953875,0.23965275954466436,0.27058827963083754,0.24191260483935642,0.2671868962958232,0.30880003486063684,0.25520295479725913,0.26972887490549136,0.3080817769432965,0.31842936999867116,0.27360863443607447,0.3263936229593011,0.3587894301359868,0.2322703205039271,0.30296990769086846,0.20515760968138422,0.31786160384786094,0.2609127894255326,0.2564680587155981,0.2337915148351477,0.2766578795314052,0.31783749729113764,0.22039695661524134,0.25530389952713145,0.23890181990113477,0.23213072307955765,0.21628773189241374,0.30555642481168077,0.2875382600143523,0.28394828567716096
0.2982104027971247,0.4174631098686078,0.31928454965713143,0.2862680132585797,0.2357629892074692,0.2791029491598595,0.29128008474561456,0.3138254154808478,0.25172896163325964,0.0,0.2577212277552234,0.27596140037405004,0.3142339277712058,0.27886388693882086,0.26948690977845535,0.27918250019430935,0.30870242009293025,0.3423916440813997,0.2571469819305558,0.26945132701448876,0.2705487711846303,0.2834387511369077,0.3324885283985153,0.2577071163414284,0.4010190958379772,0.2309631297812988,0.2740620214001317,0.30198170863326457,0.30899696674952676,0.23058763907637633,0.3008601201819213,0.2914702124604793,0.24711342847150658,0.28397164322437785,0.2795085561912805,0.2619500940261802,0.2976197051231936,0.27085832720751557,0.22728871661681874,0.2951483623683228,0.24670878547008498,0.32295778525379687,0.23209187910916304,0.23999555361419303,0.3134995640724837,0.30042881281202927,0.24866269011419742,0.23148371856138358,0.3427093903808902,0.23281434425981323,0.2604529724984857,0.2474425335855031,0.25754498909179535,0.27919746326225436,0.2729584538341144,0.30957412606261375,0.25794345344932074,0.2535198406774511,0.31530008888993677,0.2811213647194001,0.2835146508777276,0.2149530731059182,0.21955491211281142,0.22670961131992193,0.24140436637066287,0.25410681630954496,0.2862898792949175,0.2677070882777516,0.2841808217721104,0.3186802538860758,0.24719171652604247,0.2787622731346389,0.23948154467757535,0.31563038830628887,0.3013465832414384,0.284042660768084,0.2474422758596637,0.30809133741850725,0.25022387614241637,0.22081937357139564,0.2806410642478123,0.26360066545779454,0.31620151383267636,0.28060639423032074,0.26897287135582587,0.33254861255750107,0.24885689811177525,0.2559652692439847,0.3322406178506494,0.2762032416609623,0.2569836603924042,0.2817180180213384,0.2650785650938674,0.2439129938775369,0.2944392867478611,0.3162720016864403,0.19529565600180762,0.31503529392153545,0.21641939516846495,0.34666753851081905,0.2592072927140199,0.2344846955651591,0.2358488323884768,0.3264826699122824,0.23668609455803077,0.28005682469385523,0.2595015733471979,0.4439404454036961,0.299954281468218,0.32582613870902283,0.25888335228036197,0.24419774189454507,0.28675430003633445,0.2885732616579255,0.268885215420805,0.33478830385938413,0.3073899474585616,0.2728611782067884,0.2771324965348224,0.28689042603722276,0.23470846220239933,0.23685982897640198,0.24419288236984493,0.31070992824158516,0.21732330432102687,0.31615779477110734,0.25569350633350196,0.2537498440711182,0.3369108577852702,0.26628806834151203,0.3328931833327397,0.2408164400782485,0.24169216980712863,0.24407945269270673,0.24817151380126556,0.22278897189122832,0.2684593563030728,0.2686664532741246,0.2899928035080193,0.2764834196144023,0.2545934408821903,0.28025530196335907,0.338097168100717,0.23352225224991843,0.2843898398305941,0.2968037633660791,0.2384981985008314,0.34983946247739045,0.41762807109935324,0.2224948287318483,0.23699885422119,0.30695044151476125,0.2560091692840045,0.2845877660604567,0.3271819517535333,0.30462801620531527,0.24346432354434092,0.3499882579747858,0.24413271620941127,0.2628108181954654,0.3533699104167211,0.2820892086171559,0.2717887444472466,0.27000619067843884
0.32793998128543234,0.2906563790531246,0.3195306846874136,0.3055090199251632,0.25443250292199643,0.3020765998491236,0.2885027656351097,0.2518161272533413,0.22503462557993376,0.2577212277552234,0.0,0.33123229792995396,0.365885961529203,0.25261906351538144,0.2977656693394647,0.3776415737249648,0.3476019980635931,0.3208368837633056,0.297588396061703,0.28089644561826754,0.3473476153775871,0.3576222423704046,0.2532173252820132,0.30440042421059793,0.30856303270891194,0.32602724869628574,0.2453467060574022,0.29358566753497606,0.3059959155561127,0.2542946669959445,0.27164114655053595,0.3270540226695269,0.2952008012883272,0.2540712340357023,0.2725349498588711,0.2969108908399961,0.3899411210609748,0.3057942915912345,0.36036420757773335,0.3027228826698113,0.29469263347550245,0.25450729890845286,0.3189866766467904,0.3481505085298028,0.29889912726192114,0.308235819877978,0.21300411393696628,0.39876468465990145,0.3284562135384683,0.2829143069202412,0.38743311058924385,0.2895419273846843,0.24014851690835146,0.39489514994696956,0.3918513893232954,0.21022704098185005,0.3395135806796997,0.34391843191025745,0.28519719771270796,0.31276072886953665,0.3117704598868021,0.22015255292342156,0.3225209315244693,0.21448285596351108,0.23043083346476698,0.27930422061653354,0.31071813805806753,0.3095629156563747,0.3048636279899696,0.2893093088829596,0.33599491223035005,0.23956494282633475,0.2549007520072241,0.3991532064200632,0.3165420035710693,0.2605074053214691,0.37453125903132706,0.2966746538409205,0.28318212959815897,0.2314698616332293,0.2785754324127527,0.2628807397092325,0.2865294240194039,0.29316878536994384,0.24950657202003018,0.285753007695693,0.26591196503509223,0.27010252545240343,0.25992467224409693,0.2447246068898823,0.3745432436026214,0.22146870847163666,0.3700482744993015,0.29374787410434655,0.26174397545216227,0.2928097275853857,0.22142622070443352,0.21315462565009263,0.1934947160965426,0.2742930370862887,0.28196044484166394,0.27217932482229146,0.23740328056378682,0.22969519476869957,0.27220421380700516,0.28516840808891153,0.2795944596275979,0.25733922639172463,0.29172097591651774,0.32962124284836414,0.38550603928041677,0.25509859294878695,0.28649208171808255,0.2579968219845411,0.3093217356536487,0.2919520527746705,0.2520035628834536,0.2987015563703526,0.29140349559699946,0.22779118226460796,0.29427146578482316,0.22525601699349046,0.2524422847653783,0.37753617300883197,0.21298617939931405,0.3986991665970056,0.2122585695761749,0.3039227314414836,0.28536270319844115,0.27762632745728605,0.2026232038871633,0.31095316795840966,0.2825968550118784,0.26804643317619214,0.34698929649334,0.24689232447619858,0.27952609702382414,0.27253818066330815,0.2840791824289695,0.3154538676423408,0.2922169535733217,0.28188552475846235,0.2589287901727624,0.24889988694156284,0.3643264930454318,0.23928976060648657,0.2731017750431352,0.2965013952206857,0.26127222393784627,0.19857846021801984,0.3337198707152475,0.25874559424953153,0.3513982884860309,0.24117627920807977,0.29376221007074954,0.32124814100147586,0.30897972839076887,0.3060632977590133,0.25506761471895933,0.2757273158784649,0.24430219316774668,0.2656888375548242,0.20894781493509273,0.39590249656542087
0.31234869616349126,0.318488110684874,0.2922566481231941,0.2633860311492599,0.23020701240816915,0.3391891340989256,0.3108693804907221,0.28217818657430543,0.27102798366735953,0.27596140037405004,0.33123229792995396,0.0,0.2774453866231613,0.1969201333768321,0.2919185345094787,0.30973103361847126,0.3024822208417134,0.2615271118775414,0.35257732038287043,0.27989920725366,0.34608864432035485,0.31270162694596226,0.258491211646311,0.2891902576018964,0.3597341585807604,0.24067910584072905,0.24612418852133264,0.24617502535229924,0.25108471033244,0.3234083075319775,0.31985578518437635,0.3258948580479837,0.2820205132376239,0.29483096851247587,0.2366534171938495,0.2701079280365449,0.32215069717406153,0.2733848327127388,0.3341635336112964,0.26707384306394555,0.2793428959273861,0.2956232656466845,0.2929770734192221,0.29922039873412404,0.28447111245314954,0.31006399165517357,0.28316783043167904,0.2735442477919691,0.2867667060257126,0.281167320664992,0.3579666953913505,0.2986348324668982,0.23123929320513525,0.32959079318144613,0.3181405942722479,0.24899676520162187,0.3363603110120169,0.36952668332346916,0.22956476520332655,0.28166215386108995,0.23001826176474496,0.218114209260436,0.2851138889094063,0.20358677241437906,0.23035377001048082,0.25973188773025047,0.23738616622930056,0.2709492268872137,0.23517610735104033,0.25757239339645605,0.28651823065318643,0.2092524232057939,0.22202910343204588,0.306353204016369,0.2860543118815237,0.2501802120881557,0.26857551745824226,0.27966002209012103,0.2567826136000423,0.20601540613546082,0.2474891347264905,0.2869601967131405,0.3190319006218049,0.2196698572041528,0.25754883748065854,0.3128875493741268,0.22904820843506837,0.25770482113627957,0.2982680365142395,0.2686527978975107,0.32106939811729257,0.2779222956585149,0.313225747902481,0.2779178747574621,0.23475618507566243,0.36756972939563815,0.21279649386953983,0.273381599757427,0.1906499095716887,0.2611216919633208,0.2194185594547332,0.24993999046833543,0.25459727715174973,0.30419463486775034,0.2538001753572345,0.3039959885261903,0.2850573491178598,0.2716372633280083,0.27564669615938486,0.3431873147248677,0.4063230751029796,0.26048202885885624,0.24962155189799437,0.2519960204275426,0.2629785389736151,0.3115252471019452,0.2587843041377086,0.3132550707321406,0.2696103623471349,0.21663119863743152,0.2418474887094151,0.22101175599218337,0.23255511482423388,0.3460297263986611,0.18966936906403664,0.3718399947779586,0.21846730695231797,0.31816631603193685,0.27483221565512633,0.2330453498500446,0.24555382670400938,0.2689884421253926,0.2112426661041658,0.2562921098191031,0.26362407767008017,0.21114811134276001,0.32265349248680836,0.24359077983895266,0.2472201100163719,0.3215568797251208,0.2219945585190176,0.2553275635135668,0.28671744113988606,0.24713829243852578,0.29826359951118203,0.31433319602047466,0.3739091834938004,0.27946790580417086,0.3202972401358645,0.19850678572328084,0.2813459882871036,0.26510802767739045,0.29506683711531206,0.2644720466215907,0.3769388510886206,0.2689429293823243,0.27062940528656143,0.3382131649065546,0.20429747208016075,0.2594756228954806,0.2003520353408747,0.2368655409609214,0.20958250338340098,0.30731421309122214
