0,1,2,3,4,5,6,7,8,9,10,11,12,13,14,15,16,17,18,19,20,21,22,23,24,25,26,27,28,29,30,31,32,33,34,35,36,37,38,39,40,41,42,43,44,45,46,47,48,49,50,51,52,53,54,55,56,57,58,59,60,61,62,63,64,65,66,67,68,69,70,71,72,73,74,75,76,77,78,79,80,81,82,83,84,85,86,87,88,89,90,91,92,93,94,95,96,97,98,99,100,101,102,103,104,105,106,107,108,109,110,111,112,113,114,115,116,117,118,119,120,121,122,123,124,125,126,127,128,129,130,131,132,133,134,135,136,137,138,139,140,141,142,143,144,145,146,147,148,149,150,151,152,153,154,155,156,157,158,159,160,161,162,163
0.0,0.9538471332725007,0.8285908754234602,0.8121732924720021,0.678742405026553,0.9293700015515339,0.8045397319305936,0.8923043680090772,0.8449879104812631,0.9361101086983201,0.9173446992122255,0.8034144058045218,0.9796741407284287,0.8787715861507563,0.8425525875264019,0.8544243500958928,0.866886411877663,0.9383926292125919,0.853776313702997,0.947116198773123,0.8370654907881017,0.9023477756046117,0.7345681095051452,0.8941501059813987,0.9710468266427233,0.8194598758614899,0.6892487603777214,0.8907707740631284,0.9123554893613673,0.7255167184430021,0.910917745385005,0.933538882180142,0.8082181474294998,0.8518153482806985,0.9311848977228864,0.7370777910653116,0.961313106030975,0.92547227666416,0.772235994579905,0.8978346343986146,0.7202065723271303,0.9108622036319782,0.8121520936297876,0.8799140064176318,0.9267120578327145,0.8283153228102736,0.7369274476935969,0.898363938317101,0.9183624104972042,0.7622218187742305,0.7969994998720927,0.8486307591033093,0.7311773833673488,0.8719773572189674,0.8551219919679263,0.9253186046551201,0.9028523842963223,0.7548620651245213,0.8205618590571014,0.7801421309107047,0.9312502670558854,0.6949360273738132,0.8396504732262242,0.7227066258619401,0.8571479058563943,0.9178943554717696,0.9046930539832319,0.8962916842127109,0.8137805095118443,0.9710946916711664,0.9135045513610929,0.8819878720741725,0.8654937968655111,0.8930354424687741,0.9356070573922419,0.9235216465578947,0.8176249161603919,0.7406116110239417,0.8186044229620512,0.8493377300886787,0.8876562756469543,0.8837938374214319,0.8336365905978412,0.9257974810457651,0.882180202863718,0.9316745769474332,0.9299628629170035,0.7330339711748571,0.8672158004916355,0.8727620273749952,0.740877333554827,0.7484969065315846,0.745604009101142,0.9375608261052847,0.9056004874571945,0.9125216178407171,0.8135759960256623,0.8648901964657989,0.7880702950867056,0.895759010655921,0.8919412628455891,0.8477758641221422,0.6587785990512147,0.7484470552654136,0.8442523820759799,0.8133331800320652,0.775205435332904,0.9279154006598846,0.7801149993441164,0.941362704106681,0.8835267109080746,0.7893837373322246,0.9253941249206677,0.8171287890676111,0.8878571773628017,0.8911567406158271,0.9257432827789305,0.8734157833424585,0.8943940507179318,0.8459350617745455,0.7777373870629364,0.7116272735217433,0.9407058337204826,0.8627684702498836,0.8627061060410006,0.8940294529707069,0.7039572003956551,0.7851014801553136,0.9105736191806313,0.898872945263737,0.8483446001611235,0.8201966805514471,0.8692163665636511,0.9018582145246474,0.9339286163980092,0.8867824575822354,0.9116355317926392,0.8899456773235,0.8768910019404722,0.7421468430994571,0.8370090561298519,0.9248113964144921,0.8506222790557589,0.7115254769534262,0.9209835173608284,0.8260966130418005,0.7915783781463095,0.7620435741614674,0.9539796466643371,0.7458485918422507,0.9345965809445497,0.8345879615703968,0.7916386747816463,0.7168349999670889,0.8638347215365205,0.9561307938830366,0.9468699140099953,0.8547481778283594,0.8654000657820955,0.8703293621691933,0.891158471934754,0.9358959243851112,0.9136626937883634,0.9221414329407119
0.9538471332725007,0.0,0.8428821197148223,0.8288195684148411,0.694646366396237,0.9427972084275099,0.8280402414869397,0.9371483822898783,0.8919058331435268,0.9570345956022427,0.8862965948631618,0.8497642117394277,0.9391766800799126,0.813347090608293,0.8902055959346172,0.8371793386057498,0.8371712574126684,0.8923080994541996,0.8571659878627211,0.8764224886050856,0.8315439975704215,0.9236366928709199,0.7301743932090047,0.8989698459952403,0.9468717909589807,0.7925104473531449,0.7002430979846899,0.834464271499542,0.9074603435552774,0.7623376261879965,0.9448186992034282,0.8928517793740668,0.8635305936933346,0.8079197855992102,0.8693466074754785,0.7223793607743988,0.929876737591829,0.8738437242596029,0.8009810877375658,0.88159496394656,0.7472810109003544,0.9296720753314268,0.7809804930430388,0.8619125360677897,0.897645027778746,0.8217203024927836,0.7529329956905566,0.8595563013058708,0.8744780188083059,0.7350327235107327,0.7889861318991905,0.8402646939083197,0.731096049433056,0.8790632613128605,0.824988541856609,0.9587093662159928,0.862993423044592,0.780612456055195,0.754521306107403,0.7703870988705753,0.8936804474411908,0.683389327451207,0.8139583517201346,0.6502316183229823,0.8122010780306038,0.8427408751088618,0.8589656292129885,0.8922530681260676,0.7489739673575806,0.9618087171008941,0.9011874434587285,0.7901803235052373,0.7805067340653042,0.8711639906485953,0.9128100787486902,0.8696358987405612,0.7975878326569149,0.7580870803331812,0.7857304950337131,0.8248769503337868,0.8710828093278314,0.9151556453132131,0.8842968343187718,0.8661713471100492,0.8079109358724366,0.9459183560203286,0.8784648442159567,0.6880126158931946,0.8519260113511765,0.9256657184415503,0.742626171803316,0.787355676482955,0.7427901441449116,0.8773027101119851,0.8529510668023224,0.9521311311391429,0.792142249827223,0.8581640817798178,0.7245086217493115,0.8667259383061019,0.8328239094044837,0.814222021891172,0.6312980116793695,0.7818771679464206,0.7825189496287417,0.8073275738743879,0.7482091722513224,0.904426597186008,0.7858760855443908,0.9273755665880434,0.8657798532201842,0.7334185968191325,0.8655277765527359,0.7890243913677518,0.8388746878770906,0.9099546800969016,0.8788432176353291,0.8336768468427367,0.8482437253590916,0.828941472395148,0.7636515209497959,0.7438784972850158,0.8629337403663664,0.8801156077923554,0.8032453376870222,0.911409041015154,0.6844626457165482,0.8190771434765438,0.8648412362143236,0.8593523452985197,0.8966083084256726,0.8159444231450995,0.8091787545977092,0.8974659089542592,0.8831248240872527,0.8428086845080578,0.9084846321719983,0.8697773772934674,0.8231190287537957,0.7723635217585685,0.8231727997211128,0.8743614180802636,0.8742992471669327,0.6921447773338659,0.8822154329365839,0.7908628511921448,0.8478161007900412,0.799635930117225,0.9245764746519827,0.7061576546406011,0.8807984154278936,0.8349936044582975,0.7814203672985194,0.7523543183211192,0.889430744372189,0.937016896257285,0.9168212790115099,0.8848698997592039,0.8312175604165986,0.8184102322937961,0.8621477809897279,0.8821460486012747,0.9596021043681976,0.9052248209494863
0.8285908754234602,0.8428821197148223,0.0,0.7627317883645706,0.9123825744394105,0.9069568601936924,0.8738361538673369,0.7663021961836393,0.6933352020440849,0.8198125691817201,0.9013685022505462,0.8959740396712584,0.8695954925656431,0.679548813758691,0.8947542368722691,0.9689053210290869,0.9479388385733091,0.8167489738393424,0.7868440451884728,0.727739314173365,0.9747775445401139,0.957701655850047,0.724440548383611,0.9381447835617659,0.7927894311009757,0.945082316960982,0.6227439345134291,0.697132379903118,0.9002792259401874,0.8789083881942477,0.7450436415666436,0.8915390105996797,0.839255460123393,0.726280229713484,0.6946669018698948,0.7925882181216104,0.8654489450258613,0.8689358043793818,0.8868768334902549,0.9330961942178759,0.867089655159101,0.9208572289165939,0.9193996657494649,0.9145160405396873,0.7731803865237304,0.8645326081595187,0.9320804932903005,0.8954547991515388,0.8382458107294117,0.8612453958510831,0.9186299016463199,0.9561835120530084,0.7129959698718743,0.9108445234980043,0.8643283329388707,0.829190769882897,0.8924328377271087,0.9369085804545588,0.6642278515170286,0.801080165366067,0.7262302375028513,0.830158731688531,0.9359073657822911,0.6318571829088715,0.7878474589840263,0.7806956562048287,0.7084837334134528,0.9422886219520622,0.7600035617798712,0.7975011580693043,0.944206510734918,0.6734167883448903,0.670773241284142,0.9406637458857748,0.838783326356056,0.6985678366911549,0.9144089466429076,0.9467879413843795,0.7837450653994668,0.8702568556746748,0.8950083009607575,0.8393104722441858,0.9456631995984759,0.752311338182085,0.8378229192321638,0.8515730177869295,0.7170965605585661,0.6492329380503822,0.6968651260996908,0.7633713858184874,0.920022360008268,0.6732050405368041,0.8859396244936067,0.7709066203148432,0.8048396156932628,0.8607354276648891,0.6698979725928389,0.7321199012876972,0.6986490425131683,0.7350375738758496,0.6740593386864737,0.8761641893266218,0.6242509925694478,0.6960644530925498,0.7127386778812874,0.9490051554707193,0.8705172229054458,0.7998399984534329,0.9028283021528798,0.8825816376350581,0.8948826540629511,0.8283753947714457,0.7396043227296593,0.6614209077304266,0.8318202171733721,0.9521511634327575,0.7314793483293535,0.8680888263896189,0.88675361390831,0.6862548435818695,0.9488524673101015,0.7635450137204866,0.7679056452531383,0.9464073853911238,0.6460578804370584,0.9101146732970029,0.7665188665756344,0.9481632003689394,0.8433526832342326,0.8750398249741153,0.7495703567916399,0.9780090287847736,0.6534369749109128,0.7519650159077051,0.7580442627871263,0.8420526601137107,0.8870353526122309,0.8975957136073495,0.72939887796805,0.8265576693433766,0.6445692011342742,0.9069384126507427,0.7810531943795849,0.7044461577964705,0.8909592507554505,0.7762188685365695,0.9518126510129219,0.9077880345798223,0.816779274865474,0.8038730859331986,0.7018156032434189,0.7154411537221205,0.8346406262254562,0.8896993271928195,0.8958251259467872,0.7708987305113599,0.7949043557955917,0.9603561721778913,0.65102489678552,0.8590461357670894,0.8053422366617815,0.6994587436411247,0.853522322724475,0.9108988377766516
0.8121732924720021,0.8288195684148411,0.7627317883645706,0.0,0.694875292647898,0.8141033238582457,0.8646889412929369,0.7949824953925272,0.7073973735850871,0.8412546032754267,0.8148554639037481,0.8201632571900238,0.7880342073720766,0.7496774696498,0.8330819008743715,0.7551334029334733,0.7941328138315977,0.8045571354287879,0.8602833935180991,0.7230223606452243,0.791214308081259,0.7957883732192836,0.7792083767952779,0.7902614241351171,0.8379017377241702,0.7756862871934228,0.7039337665248773,0.7975009356227158,0.8394019735832535,0.7001585479212367,0.8193602381367142,0.8182453723995563,0.9237352439725274,0.8123560534903945,0.8097503413369508,0.8379327407538985,0.7913532330300183,0.7864940325479033,0.7561372306747115,0.8421201398702464,0.7889182428709979,0.8075092785778082,0.7615685279565525,0.8328456755351804,0.8010640105092754,0.7518067673249416,0.7105490723347613,0.772286445227609,0.8503641684950614,0.7414590635987409,0.8190993038244392,0.8187015317790735,0.7060373168339159,0.897777388278634,0.8796226847645341,0.764402632160196,0.7935935954451446,0.781729357872601,0.7560815149998086,0.7622306581822471,0.764313896490203,0.6862969709897838,0.793221082806768,0.668246351345494,0.7539701211122053,0.7414772613481211,0.7512962322419587,0.7616107369222201,0.7440371427556881,0.8290778871954442,0.7774552031941447,0.7381201451790335,0.7534203835266737,0.8357040394577946,0.7968037987482454,0.7469124100846534,0.7729598751737654,0.7372099467752512,0.7360051884913402,0.7187857230410458,0.7528168520661966,0.8702380197185463,0.7425161058617054,0.7391543359790851,0.8384835018303403,0.777612089002467,0.7526219910495272,0.736451329160133,0.7687156394850366,0.7091171828510414,0.790454910393449,0.8435580121637061,0.7714238671760549,0.7662799309844992,0.8488069974215586,0.8330320265799743,0.6814046400941682,0.8303265505264558,0.7698869243053291,0.8365177881388514,0.729845012775817,0.7878139756341384,0.8082265084820834,0.8392685914166873,0.8082442610525841,0.729908462089704,0.7417995572170966,0.7964044117064576,0.7619859842765048,0.7734478511590187,0.8818908991062899,0.8012617059087941,0.7758173519332536,0.7331231092906146,0.8116128494126882,0.8038258122305163,0.807363033677276,0.7832098227625337,0.8611673481548016,0.8230227975637224,0.7132806307982006,0.8814394985015644,0.7536958912753787,0.7955162854713839,0.6900530233886057,0.8352405205958344,0.7383032650091813,0.7363907763592609,0.8665563779909599,0.7622423622279709,0.7105605837240802,0.7232424830399469,0.6785704272331166,0.8081745990018154,0.7406734286405665,0.71151798545144,0.7335134120011035,0.8530021067768416,0.7645001156859691,0.7371017433463855,0.8065470861603482,0.7788401426816436,0.86052548645838,0.7845178240375418,0.7827930321623214,0.8124069744340096,0.7405829235460942,0.7136080942206369,0.7947362555032511,0.6660586321199764,0.8109256819388356,0.8112918974492119,0.7681552065955582,0.6939700687398905,0.860514558426141,0.7472001412178396,0.7519271111270087,0.7912932791384827,0.8263797691120385,0.8243232579275518,0.7733555156778414,0.7748850635050283,0.8190801772587943,0.8038070101082796
0.678742405026553,0.694646366396237,0.9123825744394105,0.694875292647898,0.0,0.7607865094985105,0.8485575398559189,0.6363812567055266,0.5844379765106328,0.678344706545194,0.790147242945518,0.8627536400011523,0.7096439749774567,0.560488075050382,0.8373731171403013,0.8898121273264111,0.8593232581196866,0.6920495530792424,0.7169864911706643,0.5917065395526729,0.9074819366334059,0.8347853702471771,0.7078476218169996,0.8344310999320671,0.6539695487148899,0.8820324808020383,0.5856917559489139,0.590317298025842,0.7885356076607346,0.9063818540304889,0.6385092046217931,0.7709275188254595,0.7778690329902436,0.6391032287648138,0.5754270991261841,0.7728205729794395,0.7231462782919454,0.7471533132529297,0.8933256849338265,0.832403642258326,0.8771222136098965,0.787777917456308,0.8828097671681757,0.8251149114040489,0.6413403329550571,0.7876579626314749,0.9266847259870399,0.780214756748905,0.7466597811496968,0.8389318284916196,0.8989942440887264,0.8687993270843325,0.6596448128082574,0.8215305323055279,0.8099100271995169,0.67668957608495,0.7965621425908611,0.9482645175457595,0.5697946076038685,0.7593744191286692,0.5854583979762615,0.8269763903729039,0.8543170353708627,0.565242991134812,0.6912138147286754,0.6453471224544969,0.5777809464229641,0.8154572891675534,0.6676650494410046,0.6543921507898378,0.8134652531161751,0.5714366558501363,0.5523443070302555,0.8360791590574232,0.6943620352609908,0.5802587951687163,0.8686145988519519,0.9739043450149932,0.6981644453205782,0.774053482147951,0.7595708358482931,0.7328271679742101,0.869107620549131,0.607263409477929,0.740287009295222,0.7042738426979199,0.5824572226869472,0.6015385436512362,0.5920190042392302,0.6337094338303677,0.950280517121404,0.6153962781608914,0.9193606460824129,0.647806308066699,0.6849638274973336,0.7335703825691239,0.5552346781098392,0.6120310858450417,0.6293923499333358,0.613081151209421,0.5663019060759694,0.8062011669155684,0.6035565583986342,0.6339881142563498,0.6178962497003287,0.879305668332796,0.8196769613345952,0.6613614864044842,0.8687059146334469,0.7361775902453616,0.8133486882301578,0.7930755669106205,0.5986406277636064,0.5743715247153847,0.7260076376184231,0.8395846683545132,0.6083911590564278,0.8067600952016695,0.7615465788790075,0.5762042338756256,0.9452253520918804,0.7477822969531062,0.6246129333556701,0.8716125671516326,0.5339979264522335,0.8115507595562393,0.7262867142148831,0.9216616662809527,0.7158284911982394,0.7565705523165546,0.6274314082408405,0.8951389354872429,0.5418183699411163,0.6333763175297096,0.6205588736052899,0.7248699464459015,0.7650583242398223,0.8151707364242624,0.6180066164904167,0.846151208914665,0.5420787467427094,0.7790826154128656,0.6909564059789366,0.6594806413799738,0.7683254984219648,0.6909589503348695,0.9057590556739751,0.8754791391151661,0.6705778693672372,0.741824452022747,0.5875312541912798,0.6339709247218017,0.8010608376726406,0.8753625682749042,0.8052816196417605,0.625786017676511,0.6605621402105728,0.8703570136284593,0.5509335901240512,0.7866655396053713,0.664342540197949,0.5747687200231116,0.7217084525336689,0.7983556888673328
0.9293700015515339,0.9427972084275099,0.9069568601936924,0.8141033238582457,0.7607865094985105,0.0,0.8294051780434515,0.8316300746194492,0.7781042355626293,0.8890688024671483,0.9481620910562242,0.8565548513979497,0.9509889395232103,0.7664475197896748,0.8707880507564363,0.9054782303242565,0.8841153873595439,0.8386892953646828,0.8282559058188806,0.8235946356769583,0.9008760906211405,0.9508907027164859,0.677643392547746,0.938843304544082,0.9025703039357685,0.8741785929461404,0.6096210761669141,0.7759146086421603,0.9610374295258024,0.775437338065851,0.8472401800360468,0.9055431013586286,0.8604442418941839,0.7657175904968565,0.8096324051296269,0.7136751918306774,0.9594734877996979,0.8824150607623893,0.8437217353435947,0.895570747005192,0.7809958385674903,0.9318679755414339,0.8238398657367313,0.9459304942926752,0.8227481669745265,0.8054798612037489,0.7897276417055312,0.9489542822076134,0.8521012316925158,0.7443491536037905,0.8343874003573607,0.9121005670565232,0.7075448996886506,0.9240505949118525,0.8628695101605612,0.9289817909629099,0.8808056028647434,0.8314421538149376,0.6989434404129568,0.7318391287636227,0.8815647101242309,0.718512407854522,0.8914252780241082,0.6137673159797276,0.7977346175680063,0.8481222777255688,0.8276650383214506,0.9504929733812096,0.7187756076321279,0.9103809760265758,0.9544366436819787,0.7402577243419269,0.7662297751676772,0.9007900515209909,0.8983177390879891,0.8258449208905725,0.8543311774570272,0.8319208463705605,0.7837918929659573,0.9353234747473245,0.9638262462664559,0.8613736906806518,0.9224246736268527,0.8797825906523347,0.8299017587365846,0.9024649159564672,0.8711602602784797,0.6389815692867272,0.7611446875093499,0.8704981102034788,0.7862996165171431,0.7032676707847357,0.7802653879080805,0.8761025012605228,0.8530567452342901,0.9602817285937437,0.7641796252879707,0.801416920179405,0.7067107946026547,0.7965378390077834,0.8172312093673105,0.8293090751227882,0.6106682469882337,0.7255076712310466,0.7392941851310719,0.8438444785565894,0.778310292091279,0.8648537465784844,0.7971678244791902,0.9648524408561868,0.9120170898438391,0.7507390861551388,0.8785240569841818,0.7228134998552367,0.8509257060053664,0.9269138351560355,0.8333735604017777,0.8309404733994796,0.9211985310962645,0.774044206136398,0.8363207673460867,0.7387148628155314,0.8811819307016207,0.9389311535436572,0.7942302643279447,0.9566554317607878,0.68237638426656,0.8479677230041928,0.881050469953476,0.855485173425064,0.8040510968708542,0.9071753211046688,0.8008911986832784,0.8932099230658784,0.8827042405717754,0.8993121562586747,0.9215292420762767,0.8687825965850119,0.7543764329222435,0.7543527612502933,0.7913619397237969,0.9266841061329502,0.794657339033197,0.6720735654113642,0.9480879053542455,0.7552249376180149,0.8795773623680043,0.8458810762055567,0.8765293662303889,0.7467264375887533,0.8395646181744024,0.8149507527171211,0.7581963082042676,0.7474611965598285,0.9054016095678932,0.9078058248440157,0.9204283713920814,0.9459258966865147,0.7985262104010639,0.8721449792838943,0.8717645465526112,0.8603283131961471,0.8960382829157822,0.9593917728971257
0.8045397319305936,0.8280402414869397,0.8738361538673369,0.8646889412929369,0.8485575398559189,0.8294051780434515,0.0,0.7716054953183374,0.6998559055325813,0.8540931602108119,0.8403080448968806,0.9119957022270179,0.8154254027976443,0.6942925700537007,0.9357307501019846,0.8628934492403894,0.8635141985351428,0.8124480355802915,0.8238041038688585,0.6921562378009778,0.8840169078421806,0.8761047938928346,0.8356746957460952,0.8768037722170644,0.8077288977685881,0.8681771661159353,0.7117768652816703,0.7189653119159037,0.8547381410911229,0.8506808661541444,0.8098104545563914,0.8964312997177195,0.8901439764065249,0.7935082710148657,0.7168634516126478,0.8493844229096921,0.8286455740064336,0.7783110245195874,0.8742949622698617,0.9275340495193042,0.8231890020998304,0.8738721691981718,0.8757710703776596,0.8666089978875362,0.8002739417732097,0.8530979785370847,0.8710537977047611,0.8122765553286744,0.910031158586763,0.8393754618155723,0.9365074250092763,0.862596027369284,0.7086103238404786,0.9107628654893843,0.9208670706893582,0.7943219956057066,0.8473514877486032,0.8823980750408282,0.7289612976709895,0.8486330997280879,0.7028712995799586,0.8065853923936707,0.8306233209435935,0.6435185940685803,0.7842025827611095,0.7386563647700938,0.7254925867137365,0.8681951923187164,0.7502792033241489,0.7829412196862828,0.8611114923421138,0.6962251870054574,0.6708923433327562,0.9250423668250581,0.7604357203512837,0.7218870399512338,0.9177247722749267,0.8979183344510702,0.7275818975936614,0.7703198154311203,0.7707798059449472,0.889212361055205,0.8701171796993679,0.6709694708574346,0.8247151162992078,0.7760220458818516,0.6977362041398472,0.7603056411967926,0.7521537018943916,0.7402374724682464,0.907738677476698,0.8174622991492644,0.8930700191019252,0.7525582033991145,0.8160097382088025,0.8473864653273291,0.631357999906826,0.7530868583946763,0.742102289582172,0.8038537829333581,0.6854514014166774,0.9164506467097071,0.7395509729021115,0.7518757473884957,0.7365406578366717,0.8547950730952598,0.8321762030465782,0.7631656609509718,0.8944033422341754,0.8167072088003047,0.9261433269861279,0.8362340253732106,0.7203889383557549,0.6791435637955109,0.7906939937636809,0.8724773700059835,0.7363317599874071,0.9046413238444537,0.8307299044112363,0.7110054434185947,0.8455050580521623,0.827947749219834,0.7106836572020396,0.9051598930563792,0.6220273729480466,0.8819878909497916,0.8065690054719322,0.9147115268112939,0.8108071457237432,0.8308847979141949,0.7206665111971348,0.8191234274876431,0.6312995577556281,0.7236705149863978,0.7113361040516737,0.7488258385511487,0.8016998791439112,0.9128208786410587,0.7330873619166306,0.8615146879030691,0.6681629031267354,0.8424095581060925,0.8890417444689221,0.7506661019231787,0.8234286802562406,0.8476212590699249,0.8662888860136626,0.8425559602465166,0.7844511893463996,0.669178628152795,0.7276391146492225,0.7338870453209547,0.8312115684943584,0.8783904028192251,0.8770468203479903,0.7467583408866408,0.7605735612660509,0.8913589856903137,0.696166561358362,0.890601742006274,0.7549870109734905,0.6899769207970224,0.8533984577621124,0.8388066260333218
0.8923043680090772,0.9371483822898783,0.7663021961836393,0.7949824953925272,0.6363812567055266,0.8316300746194492,0.7716054953183374,0.0,0.9085881946899529,0.9433414893857341,0.7797609263310086,0.821215776807464,0.8551667832702043,0.7697197951845306,0.82617770759074,0.7644145420373334,0.7893524219724549,0.8908926859451672,0.8578757839911422,0.8682471506936238,0.7585033582913916,0.8181197869633808,0.7959937179392329,0.8129802559993209,0.9233412466494868,0.719991737886927,0.7890199295341133,0.8688676948168034,0.7931258166442581,0.7435213611839261,0.9328716363596695,0.8276164973839483,0.8074295584375104,0.8463059498043604,0.8466541023718815,0.7192755287275768,0.8271509182899096,0.8331421147707914,0.7108304886373853,0.8225883328425653,0.7159264016888449,0.8689259951307491,0.7394000180106152,0.750170232356365,0.923953180774684,0.8242106163770389,0.7223699974969083,0.7408471574818329,0.8406453107816817,0.713595866619883,0.7233708553941132,0.7744231093217109,0.7064843269641726,0.7788314082381195,0.7407939580341931,0.8990173897059143,0.810905004188948,0.739540330863818,0.7514543094137627,0.7833889258799446,0.8066510651891247,0.640807089358313,0.7417650051784073,0.6773304523164899,0.7565370284556353,0.7888707081304733,0.7880217685840566,0.7801922273626059,0.7708962068160782,0.93307302143114,0.7899396934446195,0.7733081761380344,0.7411890132546723,0.8016806520644852,0.8805582115220024,0.8299024294183265,0.7101790902419072,0.6833494958303082,0.8082217054519102,0.7028145572149911,0.7588456425404029,0.8686933296075973,0.7972269510553193,0.8125591049790777,0.7825817854372024,0.9440862418261987,0.8062138931557865,0.7014441585881476,0.9140041106375469,0.872243403592455,0.7023868745237731,0.8174461032566319,0.689534366821355,0.8040588558522619,0.7702007909852645,0.8570553299411653,0.7314336180100951,0.9092889433831467,0.6942306139807035,0.8825992314509836,0.7422862959556776,0.7635151725174446,0.6628494069545221,0.8503884727233147,0.7949964181037497,0.7801855711589075,0.7244220070555158,0.9322109976794442,0.7603422467419448,0.8262503917682457,0.7820802898706856,0.7155988944115315,0.7771632239567882,0.8126499239559465,0.8118706838278752,0.8672579294958632,0.8928077944711176,0.7882205762788751,0.7680763259084412,0.8322858748907003,0.6820257205267232,0.748999760695582,0.8039666174304145,0.7814327410428715,0.7232282309111373,0.8157548878749277,0.6730501864752064,0.759404276395111,0.8392038782708297,0.7977560383719645,0.9483401101489299,0.7246126332945807,0.7372273467118963,0.8003537010973416,0.7945848110568623,0.7237574217619172,0.8579069530295597,0.8191244900990586,0.8748092147268774,0.7666328640404735,0.773284997888364,0.7703122443044276,0.8657851465545835,0.6674116837480393,0.7717374995572371,0.8174043178748245,0.7759228915628764,0.731029746175324,0.9388458884317048,0.6986524373552678,0.8390391459483146,0.7871050388888229,0.7739257941728335,0.740916440458201,0.8631161229193607,0.8528509017312677,0.8194189716721602,0.8016362547366228,0.765453188503576,0.7310921655832863,0.8079978767094242,0.8216253643465332,0.9480748194867675,0.7983811444935888
0.8449879104812631,0.8919058331435268,0.6933352020440849,0.7073973735850871,0.5844379765106328,0.7781042355626293,0.6998559055325813,0.9085881946899529,0.0,0.8706457157077053,0.7306415094442713,0.7203039987391273,0.7986200238011867,0.7862815770491548,0.750498608644103,0.6830368073187237,0.6861451067337891,0.8100662029941493,0.734954785527189,0.8208367590165765,0.6655437662680931,0.7860589892445655,0.6814644803891113,0.7281918527250121,0.8500481799495343,0.6330858076500521,0.7550939394182042,0.7795353556180683,0.7344814849308673,0.6827923657465295,0.8930690367125862,0.7461601600090634,0.7159327951270038,0.7167104792983109,0.8269584298129087,0.6268306511908421,0.7851392140005695,0.7591826341273894,0.6530490544175654,0.7181028955204287,0.6101922741014097,0.8352462653493882,0.6366153949713865,0.6840210468026016,0.8171841587153269,0.6908830686143068,0.6365708265427251,0.6918336405071583,0.7500059846091149,0.628755172966267,0.6363737635072615,0.6688524594651512,0.6536513184640426,0.6966723523442647,0.6617487699902583,0.8874813812001294,0.7098808721401373,0.655795040388611,0.7116852873650595,0.6755381654086208,0.7894801539946784,0.5818643096855924,0.6493769301734241,0.6426563797794664,0.7011415523439658,0.7073884806667262,0.7897595718670049,0.739935368678565,0.7091637743455348,0.8924475191174261,0.7398177819748648,0.7355875966866761,0.7367243456504488,0.7098381181705059,0.8062715698300409,0.782115445043022,0.6468667815213685,0.6195778643141049,0.6611546643419445,0.6603444519712351,0.6986669712568692,0.8287233375240262,0.7486342027230691,0.7572262827711705,0.6745728507664729,0.8527010638159888,0.8078598230050404,0.6592366714144458,0.8070634528672348,0.892225314696091,0.6286093891455388,0.7779167801917722,0.6131752677944644,0.7376550724675407,0.7457731865203682,0.8205040698166459,0.7183057864220687,0.8000276765801729,0.6905697955915516,0.7834181365369656,0.7520307155079716,0.6705737045450013,0.5824615437520563,0.7316408053050925,0.7196014224600848,0.666519191536957,0.6067945765566822,0.8294615635226095,0.6474636815569687,0.773142789915872,0.6952546454822053,0.6308365467234168,0.7659513445983219,0.828193418077926,0.687788577083178,0.7671225641639678,0.7814104011392574,0.7133353182364562,0.6816490150356234,0.8410405317541942,0.6265150122302084,0.6565958902275484,0.7539608625609822,0.7044781996076026,0.7681004327648384,0.725887133247698,0.6162615472266604,0.6858318280653602,0.7106690261919196,0.7252909792662765,0.9541118394767572,0.66526691499168,0.7566469557190473,0.8217715298871501,0.775029351764537,0.696508093378779,0.7707722042843054,0.7194942289266425,0.76814253618802,0.6733405539271985,0.7517847784819133,0.7356092409978988,0.8121952096256051,0.6582030515631156,0.7201484803474233,0.7271951832508922,0.729890892844107,0.6515172276626108,0.836531095629185,0.6304154870679541,0.7978848491557824,0.7311297608865015,0.7010291817823059,0.6682339585240412,0.7365575506892496,0.8469243146086178,0.7961490211693493,0.7191656442806169,0.762987042618764,0.664655055530247,0.7199096438677138,0.8111027776400282,0.8745422459949457,0.7559684606432316
0.9361101086983201,0.9570345956022427,0.8198125691817201,0.8412546032754267,0.678344706545194,0.8890688024671483,0.8540931602108119,0.9433414893857341,0.8706457157077053,0.0,0.8453042867020802,0.8305984099636431,0.9239694939618549,0.8385901450435465,0.8659300868315606,0.8162964865490161,0.831177080903409,0.9186958722241092,0.8401984711375351,0.8594715109687424,0.8030890201164792,0.8767085634306443,0.7916746435200278,0.8525324911000871,0.9535654616051694,0.7822427321144255,0.7669427496989246,0.8594009841093743,0.8686278454864053,0.7547185546767567,0.9285088085045105,0.9147893027514745,0.8426900884514661,0.8493718706707821,0.868784840513296,0.7537226395147034,0.90160396716667,0.8470235598416623,0.7454053838849785,0.886841821632747,0.7193425937101313,0.9169927812098685,0.7864498468459318,0.8195241900729878,0.9314523383832614,0.8386444357103481,0.7607517369386478,0.8130912757614291,0.9091993268659057,0.7491962237779095,0.7935739867566959,0.8129328923719286,0.7224283081568448,0.8465737083386479,0.8281223006328764,0.9331513613492508,0.8414730385533067,0.7647516220351495,0.8165308909120405,0.8013139907973683,0.8552990338271936,0.702745855103935,0.7885825509414082,0.6968481449966732,0.8054738044353775,0.8345640193541788,0.8593649046124039,0.8676401774451992,0.8140737980222855,0.9500228952962217,0.8618866188076898,0.8131769316279494,0.797676568212771,0.8793343799865844,0.8852667227923806,0.8740787790414697,0.8001770145596464,0.7430368105394002,0.7744983347263925,0.7674027099118857,0.8140200603879075,0.9040551809702192,0.8379138441440163,0.8269668891051418,0.8246881798941128,0.906187947674773,0.8523847126973938,0.7651876063358259,0.9068493242281637,0.8733164698460169,0.7522194167101343,0.8380837785535912,0.7421087987192293,0.8442006918976889,0.8567945587443846,0.9118780535277885,0.7424481722126666,0.8875840351430433,0.7563340436550275,0.9258911254995669,0.800994287701557,0.8435935770291465,0.6948296658153017,0.8106200275371108,0.8160678427990496,0.8057453752617579,0.7625838619410635,0.9110797804674468,0.8010833294760726,0.8808101831142701,0.8553394403955675,0.7544156676842562,0.8519802378353216,0.8124519235778782,0.8323143592388326,0.8831997016398392,0.8890778038506019,0.855940232191016,0.8393768545100633,0.860004346437718,0.7301009317881175,0.7684623739746723,0.8359150884895447,0.8420378093485007,0.7592718453159919,0.8714152907728696,0.7351820416002842,0.8033714199568707,0.8693343893927818,0.8605479997238568,0.8987784497247467,0.7731966539419137,0.7728169152319224,0.819741412175461,0.8267777340677759,0.783958647055644,0.8643362954816988,0.869167700674684,0.8549988234954561,0.7629785664461746,0.8066363880849596,0.8605270072815074,0.9098596007775677,0.7179174466595272,0.8399521336142997,0.8619971589143126,0.7960479750341332,0.773474245682839,0.9363045473819678,0.6882994579361609,0.8554916828144333,0.8113306815561492,0.7769543457966587,0.7765513623024994,0.8710285070276489,0.8940785006466981,0.8679605344951481,0.8507616906334828,0.8159083477935742,0.8315299722967351,0.8663207457877721,0.8491026676037376,0.9540578350560183,0.8466655153044537
0.9173446992122255,0.8862965948631618,0.9013685022505462,0.8148554639037481,0.790147242945518,0.9481620910562242,0.8403080448968806,0.7797609263310086,0.7306415094442713,0.8453042867020802,0.0,0.860493660589776,0.9405061831165703,0.7695662033185814,0.8444733750979421,0.9404219633478081,0.9232686857298684,0.8413661009407974,0.8397285694445525,0.8281114179606986,0.9196177929269765,0.9443656136582053,0.7162817697777005,0.948408910841756,0.8878038863184102,0.9075693518962147,0.635205805140266,0.8063242443872437,0.9744215514894579,0.7870052345277148,0.8041732158073727,0.916114696370448,0.8158365444633587,0.7945138901336166,0.813528388921758,0.7412303480425346,0.9561392196350109,0.9176380653680145,0.8785892534712896,0.9224551557159065,0.7751598321890008,0.9172602348639263,0.8492123380424494,0.9564832744688518,0.812971748539788,0.7928336986519273,0.7724759401368687,0.9714047587949988,0.8984538956920047,0.7724660986389414,0.8544706004246665,0.9032043648787429,0.6801818946075161,0.9262778258746138,0.9172290275125066,0.855870597617384,0.9114085308506947,0.8507897690345176,0.7089175542081942,0.7497506771739078,0.8555058359798011,0.7096952387839467,0.8902480803650376,0.6549266042025985,0.7834549380743676,0.831337070296659,0.8185623715836169,0.918443430008794,0.7464594077309155,0.8877432821546913,0.9284879448874214,0.7609332722361886,0.781650284017403,0.9204613234950489,0.886503488867444,0.7944936664047795,0.9050490335867636,0.8544857994894859,0.7770187369215954,0.9379301010948368,0.9159477753604752,0.8224748339807619,0.8847420756815105,0.8582155403900236,0.8761355568563559,0.8649971069232929,0.8580907829009856,0.6508930071235998,0.7299704382861971,0.8109847841009039,0.8202079957627976,0.6645812321226272,0.819302104032602,0.8744251493045213,0.8688146689684236,0.9029191585330957,0.7132494806936946,0.7632027887862824,0.738199190690394,0.7708599657564673,0.8283293138230011,0.865086603149517,0.6214766354503043,0.6861320297164922,0.7418699969272243,0.842941548600135,0.7926607072828746,0.8618921642818138,0.7908906151191196,0.9516002010495863,0.9451716035288149,0.8165976943658935,0.8578471116863915,0.7648868313847847,0.848480258092145,0.9189384285370409,0.8058805000845318,0.8919881901231215,0.9349718681386545,0.7581176672396108,0.8860617157880945,0.7110266895769363,0.8891190878680945,0.9268415824378631,0.786378697290638,0.9379891010699104,0.6878660417005187,0.8500989535150437,0.8921764404407234,0.8496669164860854,0.7506398928799819,0.9118288257465758,0.8125153507775552,0.8871334314886133,0.8878907020133434,0.8833880547507189,0.902360806048544,0.8910836824605691,0.7858919373706251,0.7669922470399222,0.7410759852332016,0.9579816043674414,0.7749583887749856,0.6947744382028094,0.9745929070942946,0.7624458432353044,0.8501690970218638,0.8087247176761668,0.8593109476854445,0.8091727556621494,0.8466839913726852,0.7771769341252016,0.8238000465524099,0.7346343900576044,0.8862928614056664,0.8757275982553742,0.929063439371355,0.9212410836833821,0.7917680522308564,0.9220147719573879,0.8067193359014679,0.8418311112327286,0.8286103163538232,0.9909650351085835
0.8034144058045218,0.8497642117394277,0.8959740396712584,0.8201632571900238,0.8627536400011523,0.8565548513979497,0.9119957022270179,0.821215776807464,0.7203039987391273,0.8305984099636431,0.860493660589776,0.0,0.8080652424096512,0.6270334096919098,0.9199135517023356,0.9024010895667259,0.8911530532269725,0.7896800595331895,0.8879836574207599,0.7167575062853156,0.9180079869894536,0.8823548365328454,0.8382057663900654,0.9259268684039593,0.8252851961178589,0.8726583693378127,0.6962145259293696,0.7377322897307594,0.8623259194991748,0.918745503306079,0.822816721239685,0.8479024565284695,0.8750085543380852,0.8091795394553533,0.7005135883085538,0.7893991865427699,0.8280498848534575,0.8202515197562981,0.9211380599596496,0.901828037048081,0.8750322305952116,0.889496013564896,0.8716591849443962,0.8709691955858856,0.7961506996124659,0.8577804584584448,0.8696167491621966,0.8231819422324442,0.8675940290193532,0.7963600879592773,0.8765652660958853,0.895185622913769,0.6672936828929131,0.8833270032922859,0.8584556245100817,0.8107762766529956,0.8661813652780985,0.9491846739848397,0.6332434372655225,0.8091015737624773,0.6926303993865861,0.7213910805339145,0.8412721620529251,0.5969461330260375,0.7188500140867484,0.7139057133335366,0.6774388650075396,0.8393132785955686,0.6948875848242185,0.8078633953710226,0.84260942907203,0.647909233452098,0.6257614773806697,0.8797681339340271,0.7955791562910811,0.6959294009974017,0.857143707360216,0.905466685446131,0.8006152702871145,0.7965459703059985,0.7942783375747986,0.8379015581215861,0.9182926681589885,0.7035691251794616,0.8082690115094636,0.8562951261798156,0.6991642657959937,0.6383064730443454,0.7390083106663111,0.7802205146047926,0.8853485927725937,0.7415846188892988,0.8628966324924559,0.7463286201887072,0.7299004712734336,0.865839218250769,0.6118118346605732,0.7783136279108044,0.6533331345001651,0.7421171589433616,0.6597366466405078,0.8529989745092497,0.6619061692965343,0.7932085921128684,0.6881013914391783,0.8945505849283281,0.8137800011175279,0.8299933119891236,0.8680249056754921,0.8446467083370939,0.9069570217887779,0.8032009969054019,0.6852222434979988,0.6886105244573913,0.8005422667811554,0.9383915158971742,0.7523006240253395,0.8730437622414425,0.8192830598405701,0.6830215665869164,0.8615121331260134,0.8067959936565314,0.7304974038892561,0.9224031627890941,0.6130455797541897,0.9146785774263563,0.6930927283651759,0.9369405596123148,0.833018091772133,0.7824147875860781,0.7721001868112289,0.852972310945885,0.6354532413079778,0.7471812558214853,0.7273204448028711,0.7348392130440092,0.8843084555489736,0.8891927631089965,0.7538914259712984,0.9163184236382785,0.6450141613452677,0.8084590270730571,0.8039570023675329,0.657102704876387,0.8373967343042216,0.7900201016628239,0.9268004825004862,0.8610889072171968,0.8261715025329075,0.7516648892855302,0.735757342507491,0.7277455508183434,0.8520285515741066,0.8552069068450747,0.9598695105520633,0.7524227165699179,0.7779672887911226,0.9406959590381267,0.6610297853391768,0.8180482415904043,0.7239618996842748,0.6970444405795067,0.8719399794433248,0.8783227577512486
