0,1,2,3,4,5,6,7,8,9,10,11,12,13,14,15,16,17,18,19,20,21,22,23,24,25,26,27,28,29,30,31,32,33,34,35,36,37,38,39,40,41,42,43,44,45,46,47,48,49,50,51,52,53,54,55,56,57,58,59,60,61,62,63,64,65,66,67,68,69,70,71,72,73,74,75,76,77,78,79,80,81,82,83,84,85,86,87,88,89,90,91,92,93,94,95,96,97,98,99,100,101,102,103,104,105,106,107,108,109,110,111,112,113,114,115,116,117,118,119,120,121,122,123,124,125,126,127,128,129,130,131,132,133,134,135,136,137,138,139,140,141,142,143,144,145,146,147,148,149,150,151,152,153,154,155,156,157,158,159,160,161,162,163
0.0,0.8718104141266305,0.8562153023552258,0.79948070088567,0.8227275141156737,0.8295940131048941,0.8673320083520313,0.8051208685920909,0.8609870486570458,0.8258276787130213,0.8803102070080489,0.8205361535486844,0.8983973261668927,0.8474846978246735,0.8892719262616413,0.8623805850939252,0.8608741951533361,0.9426665731752585,0.7960870437404136,0.9474254567869703,0.8781970309577096,0.9049529912920015,0.8264763695574101,0.872531653031043,0.9357763407033718,0.837039091872693,0.7391774746247904,0.8381272820195879,0.774764308964728,0.7535475639376058,0.8996854010090808,0.8889554419808282,0.8243747449760008,0.8683450760292587,0.9365019175700717,0.8595364552184388,0.9246307283668045,0.8791994889037641,0.7775846961258387,0.8395558117907216,0.7883160534186766,0.862392809479005,0.9058361045077366,0.9159753308293784,0.9154144321175528,0.9015509860309687,0.8604854365006512,0.9033323793550738,0.921847231818756,0.8967817690945,0.8991857221997667,0.8886743719909076,0.8011906038679337,0.8583428307629665,0.8713089548976778,0.8486112690706527,0.9157454176442058,0.8048729163718238,0.8519066473796417,0.8751206684709455,0.8171234535140949,0.7913319872710359,0.8724393926559912,0.8195731835090625,0.8910162307769062,0.8899890334279069,0.8693121458187307,0.9102832421946442,0.8462921856777808,0.8480434505662275,0.9675962981968711,0.8696425281917332,0.8344931828906289,0.8767643905972314,0.8218644949465654,0.910878824170638,0.8217967227379124,0.7992858395992426,0.8179187077370688,0.6781133543702726,0.8032579906217069,0.9107437597910913,0.8219901764150807,0.7785150406282607,0.8679919110290293,0.8711379450656845,0.837220133300906,0.8418922956039184,0.8614952689137485,0.8079831804279027,0.8858438748344722,0.8888817731744819,0.8810315788391629,0.8956116659155786,0.8855131552634014,0.8688819019957953,0.7862877187514643,0.8742306818984201,0.7965957897905246,0.8613959525485949,0.8376376716699656,0.8037365097884062,0.8023964988843586,0.8183297828774803,0.899238479973929,0.8760573372222471,0.8070428153649527,0.82156672114044,0.8679674211220195,0.9045779998266293,0.8889234751322564,0.8700534110617731,0.8701056206778437,0.7719912754671546,0.8754236944688252,0.8287668526370353,0.8714569493239849,0.903519499916712,0.8220947158650733,0.8066527050782504,0.8621585061773654,0.7272382651904309,0.8946616576543771,0.9165323386266964,0.8404194449175143,0.8380636108947707,0.7690386915545628,0.8526449305966524,0.8525446037407142,0.8732264586407813,0.7669932630747042,0.8054791895192538,0.7506180453071789,0.8053849355758547,0.8844753314826677,0.8672592142968469,0.830039474496552,0.8741122123880297,0.8409019041396255,0.8280045354620059,0.8187610627889289,0.8747261312718149,0.892237382255985,0.8295750733769016,0.9098577211316673,0.85004356002431,0.858482365218974,0.7379513344298209,0.9227977936124689,0.6043113123115024,0.9122732102970275,0.7731737417813405,0.8317692472002071,0.8210306994002724,0.852522840261097,0.9297703210961561,0.8488227510046512,0.8184464645531612,0.8263242733626294,0.831124048396821,0.7801774976709556,0.8884456755447947,0.9439219187615803,0.8930791849843371
0.8718104141266305,0.0,0.8802593036074677,0.8472836191149861,0.7701570880605896,0.8473954304357882,0.8231442175894282,0.8363635148953316,0.8319233875521281,0.84815028632146,0.8685098285822141,0.8819726491973552,0.8543961636811782,0.7907692158711409,0.8883159411975001,0.8281101738795967,0.8579160660743046,0.8533191162134863,0.8255692377942522,0.8747576084107627,0.8604049027479526,0.9349765961877348,0.811035189558648,0.9332322648109243,0.864765969248944,0.7598483238535942,0.7844430506989961,0.8729130039263914,0.8567552568987273,0.7484416108899052,0.8449303514064684,0.7730572333843844,0.9045106071465052,0.8111227254286106,0.8383377580306405,0.8078543055409833,0.8192112658335755,0.8335172589964215,0.8153702283990769,0.8668951365163922,0.8801937992522848,0.831455350168948,0.7442593900199621,0.8274500820639431,0.8729890876865231,0.8675093557413927,0.7706234169195544,0.7999283110149006,0.8239090261417246,0.7981680233581321,0.8082219370562509,0.8622465568288167,0.8217281443292395,0.8894167487813066,0.8118459547935505,0.8419614993979727,0.8642041763883638,0.8054971989189781,0.759950423853175,0.8707418052590802,0.8376526617628978,0.6883197932132216,0.7839494554708673,0.721293417362031,0.7777776117121775,0.7848725655186035,0.8195483302201674,0.7846994753709203,0.7203135038634176,0.8004385202435129,0.8471745434478473,0.7648924317048551,0.7164076319643299,0.8341866442525473,0.8698617590901848,0.784935312102194,0.7606557363019526,0.7918629964844118,0.7908929480470449,0.6601889063784823,0.7896709503624417,0.8434944130850057,0.8739903268430117,0.7864146593909134,0.7557991210466779,0.9395486778417617,0.7214438764153245,0.6909641973912424,0.818397964525581,0.89018427450467,0.7833137586336132,0.8133302233121622,0.8300413066336119,0.8545291457019785,0.8128723278607127,0.8596073799559402,0.7724790756967534,0.8311065790967006,0.6790444620095818,0.8266341164995036,0.7892103873123913,0.7028544658129826,0.6667682609280985,0.8145510329195141,0.7758265144656121,0.8319323934255605,0.7703431604889209,0.8594683826142676,0.8604636981482937,0.9159744657588594,0.8312818158734351,0.7399515897705352,0.7666313118520681,0.7811397339624103,0.8332099515350967,0.9237747653539307,0.825648729135573,0.7727808126535806,0.7765474790722342,0.767137150657144,0.8056065385949798,0.6809470284735788,0.8020825246450648,0.9174300340488883,0.7392319142630789,0.8868935194229824,0.7031935624113178,0.8570930247202391,0.862489513030008,0.8067575274373217,0.8126792539940402,0.7894848246423476,0.7271372877490503,0.8322135094747518,0.8571218725577473,0.7745870371559956,0.8255252373465126,0.837566400998516,0.8468366843218439,0.8076061144869212,0.8063794676426774,0.7687077702811691,0.8786910488780973,0.7550881126443841,0.8329518360404092,0.7073419620326494,0.8802997346803627,0.8208793714886393,0.8694321510143062,0.6509135967133508,0.815282138066269,0.7924685963961812,0.8622669944199232,0.826654166080308,0.8880446290901237,0.8744824648928792,0.9084815386751569,0.8643194382001225,0.8278124326458787,0.7117080785911082,0.7699433186295799,0.797641597123101,0.9064740163326718,0.8739788980525196
0.8562153023552258,0.8802593036074677,0.0,0.8664058345592858,0.8225248323574583,0.8721107069290667,0.8668661870323091,0.8418391205409779,0.7281264374263943,0.8930768535130079,0.9014330080147912,0.8523605496639307,0.9304045482282504,0.7968696874496818,0.8318726057986314,0.9484256975839404,0.9498972681760842,0.8618508278911721,0.771187315738235,0.815993815919456,0.9290132518228508,0.9247847803746807,0.8367168129992706,0.8903551992349608,0.8780467865882025,0.8784954024362696,0.783801347959017,0.8779579879448555,0.8069405823147185,0.7444349808582789,0.7616208434235651,0.8830744745738274,0.8487637024618696,0.8586678154656897,0.7694149880503941,0.831274763192371,0.8709462210065565,0.7970157379962014,0.7585030106905587,0.8977561751801143,0.8005736507004746,0.8770952573522933,0.8310786413557133,0.8301943854039591,0.9042758600189166,0.911821399819643,0.8439573718750313,0.850602488571663,0.8662089352712816,0.8388189054620685,0.902469811909714,0.9082592738312331,0.7628428286469886,0.9040932867088524,0.8674190043213068,0.8173438315815951,0.8625190137591677,0.8717939937151732,0.8136972507508979,0.8767192676950704,0.8638548047715652,0.7696908487980115,0.8657218870638749,0.7400406686404972,0.7753374306652114,0.8451540799950681,0.8715066247013099,0.8756221630750192,0.8187756923245816,0.8248371324953825,0.8902788476451428,0.7323820326944029,0.7870274584777991,0.9496657545579609,0.8663915318973009,0.7569987296178463,0.9168837905753142,0.8739597481392907,0.771860869679355,0.6727669060238849,0.8106999064266851,0.8341168303882904,0.8311923071869726,0.7654660277587263,0.8284752842227926,0.8449802796246593,0.7708272299096314,0.7607091823043898,0.8379016380440615,0.7893071871560798,0.8757093503998393,0.7931904664373635,0.8517611965665592,0.8120846444873716,0.8444911428749127,0.8168973161230397,0.7502282007806385,0.8329206113154066,0.6745182755477032,0.8830107120584295,0.7179670694497867,0.8409063554254156,0.7473018715629177,0.7688848804727583,0.7983522932750968,0.9326831492626969,0.8899472032970533,0.8520362400978575,0.8986419435744588,0.9178160684387634,0.898132377792909,0.783999189040467,0.8426919375480849,0.7981809629831698,0.8238896199803749,0.9034982039831099,0.786683445431676,0.8274043806501676,0.8835529388849046,0.760851074032915,0.7957770325164218,0.7336719169419341,0.8012995201409379,0.9230977670876399,0.64811495977293,0.8605256159554903,0.796481816296033,0.9025744751817506,0.8943249973349425,0.8111342519952719,0.7457377770951493,0.8945084582307081,0.6989188272200674,0.7149817074298144,0.8124678780450832,0.7222736932988146,0.7487407853949095,0.8056692602449396,0.8373183958191583,0.7618202935288445,0.7469211595062956,0.8296975973886705,0.8747266299953066,0.7933274093926728,0.8456633340810802,0.7834799555738269,0.8197538711790161,0.8354160109291077,0.8656118330500869,0.6302830066712797,0.7694805863337253,0.6857974360902156,0.8414175356309275,0.9013680729588234,0.8845985771100616,0.8527969151028049,0.8613759404675108,0.9185980781074039,0.748461524942652,0.8341043471202118,0.7999139013457328,0.6953989613035771,0.8602475322741435,0.8208767878868835
0.79948070088567,0.8472836191149861,0.8664058345592858,0.0,0.7464544633571727,0.7774731838307519,0.8493654217424613,0.8125163036220096,0.6875105909482118,0.7996146498712329,0.8744665828870978,0.7940579070814288,0.8437143025118834,0.8122228930311035,0.8351823700432326,0.8006882897284194,0.8605357536455664,0.8271395319969801,0.7617656373881823,0.7643930194216868,0.852053523010962,0.8697338147689926,0.821758410526973,0.8493849289479263,0.8006330095804842,0.8479239704441566,0.8096379338820235,0.8847034401757654,0.7883063033343296,0.6222506279319542,0.7433045202478664,0.773635380852622,0.9346144666424794,0.8328356333687229,0.7917482747359632,0.8584093213771096,0.7934817256630164,0.7879858124540469,0.7576596491230054,0.8990213592067184,0.8508864215333429,0.7662689210432018,0.7566236580484872,0.8144567524574512,0.8761992302611575,0.8405801182582057,0.7164884553773262,0.7857110222292929,0.8268276071728795,0.8067071607867242,0.8693008717323657,0.8685782450940863,0.7639211505392707,0.9369464784031384,0.8776096269197392,0.7125983555310483,0.8205954883585161,0.796666282126753,0.803917079238669,0.8627362482829891,0.8664346843134725,0.715897935560115,0.8203909027917862,0.735021334960599,0.7530954909855133,0.793808483238441,0.8740367110820026,0.7645748697902187,0.7772535848029823,0.7973078582583492,0.8197746323789781,0.7416956820217093,0.7891287740171133,0.9024585975461207,0.823707625359843,0.699412549494645,0.8546487359870398,0.7825407800200961,0.7660957630661023,0.5904976324811096,0.7128174725447591,0.8361351011831438,0.7169549759273264,0.7566248471984814,0.8131606218571377,0.8121745691015012,0.7364321519225643,0.7421404905905153,0.7804429268004619,0.7399850176680199,0.8430845947923097,0.7955118767660391,0.8196603200570095,0.7856062498473264,0.8714188046390233,0.7710564898963451,0.7515471560630431,0.7994212394306613,0.679919484925932,0.8765784541025413,0.7416468910834695,0.7818230263821634,0.7791492281553906,0.7703316782642174,0.8072693489658203,0.8068709401403241,0.8239874765326084,0.7799106755687942,0.8519006382892655,0.8095273108485513,0.8773185229489623,0.7923595796720255,0.8162806349299575,0.7940765157147155,0.8373851048816925,0.8491566486292224,0.7377149713731996,0.7386480576723018,0.8620669548567369,0.7945676310147458,0.7554734485857825,0.7783708209825084,0.754115890420484,0.8374258565839601,0.6542452882695655,0.822945402314201,0.7725471727536262,0.8194466637938758,0.8827554878048578,0.7967395128539264,0.6473104845215203,0.7655405742758654,0.7078888324980023,0.7678761123436811,0.800121363063124,0.6861110707170832,0.6519508358524689,0.8290339817833492,0.8516553289201817,0.726638481376085,0.8202566905034826,0.7426430586630266,0.8713342067029324,0.8126277617967118,0.7960286122304645,0.7434818514810103,0.7560297716914157,0.7386599720818879,0.7615478459104599,0.5938608106643317,0.7975015962624373,0.6930184099457003,0.8406121741692282,0.7992411983087722,0.8421946341390285,0.8063225209836843,0.8214741974527634,0.8084802403306666,0.8540437253281562,0.7893879483028302,0.7609036142041161,0.6883977433364254,0.7886747079325556,0.804369526260844
0.8227275141156737,0.7701570880605896,0.8225248323574583,0.7464544633571727,0.0,0.7047441642710056,0.88110612437808,0.6766418661407113,0.7375728642911722,0.7289649110231341,0.8400698023168909,0.8106582218409233,0.7540475793957824,0.7424649213039886,0.8691248366229277,0.8166426277266889,0.7875259300068932,0.8134105288149862,0.7089115287153372,0.7611706158547941,0.8377182103656522,0.8641925433939348,0.8109649455162673,0.8502688044946705,0.7820685127318215,0.8337731403936686,0.7069486053944656,0.6805127056563329,0.7712028591708789,0.7826314360279351,0.7948090623315918,0.7662784366697493,0.7849551805966426,0.7484398624143437,0.8117893681767957,0.8257558288441893,0.8144420209273576,0.7959031010109685,0.8017038578296661,0.8070472120975728,0.7958349746295229,0.7870084997091327,0.8563947853080197,0.8990261502659191,0.7807126867787092,0.7870132513335464,0.8522966993534878,0.8598842765370575,0.8638814970511173,0.8408675451465969,0.8536398673020944,0.8113157994469606,0.7042128490689933,0.8061601608923428,0.842383989804567,0.7215643514429901,0.8061395727291751,0.810757994375684,0.7566302549954317,0.7902122347866462,0.6612102794133139,0.7255057802371901,0.7735018871658303,0.7695272757631605,0.7864818092031917,0.7137803566833928,0.743440565940471,0.8384456096955702,0.762773492446949,0.7111283068935367,0.8651811811530752,0.7761279021852119,0.7000206099692159,0.7972840807206669,0.6748960185440473,0.7082435856188565,0.7889828296316433,0.9052917471403814,0.7065612225781792,0.6416516370997226,0.6849807947991838,0.815452763516556,0.8055916485257492,0.6315639454197067,0.7610299624397828,0.7538361368868607,0.6730895771109766,0.7585937631680896,0.6835092067786229,0.7140076158184798,0.9152886104451844,0.8040351778604569,0.9002955388833265,0.726986294504043,0.7985040215897731,0.8098002019256162,0.658701013327269,0.7346220749220154,0.7603436798629913,0.7239007899351031,0.7498446831334786,0.7235854684643722,0.750788818370408,0.7574523140605044,0.7577512487787179,0.7989939956931559,0.7153012867084756,0.7029904885706992,0.8272909990780593,0.8057111471984879,0.841652814597763,0.8439818776799547,0.703707567857015,0.6601610539042063,0.7536106413816379,0.7585333682436972,0.6789082778139804,0.878057937588537,0.7493166363656049,0.7014399789985521,0.9266028121100188,0.670101097180103,0.7321147197019795,0.8691173359928479,0.7181422835561925,0.7917709202658278,0.702740273847232,0.842488240145015,0.7557770552089578,0.8173014729340903,0.6471087705771587,0.7409745402115627,0.614395476765781,0.7327603611081169,0.7727080140935746,0.8018196492685361,0.7540433969095143,0.8638606381885667,0.7732389870913224,0.8120504716099309,0.6971953129540293,0.7990085336505179,0.7946798862050573,0.7789145299422855,0.8683256367730842,0.7853538753941766,0.8582683505809132,0.7035394224284656,0.7834473344253403,0.5813796955550119,0.7649620065182129,0.6809084445203073,0.7981318506664037,0.8234389262860504,0.7908968019704934,0.7749967544737687,0.7322815959075331,0.7792581292227615,0.7477596642584542,0.7588979315258325,0.6756420470099704,0.7163675134491357,0.8184974153469798,0.8604391108107886
0.8295940131048941,0.8473954304357882,0.8721107069290667,0.7774731838307519,0.7047441642710056,0.0,0.7249592100595876,0.8424479308719167,0.7653425077223001,0.7956981582522537,0.8257281587563897,0.8526456673647608,0.8482629675113029,0.6947982063378796,0.7314419217742493,0.8691369241053718,0.8568462223456186,0.7465692923017451,0.8265558610837299,0.798613109323635,0.8671422799505806,0.8193050705643081,0.6861572598649999,0.7905647936055502,0.8531983964034957,0.7397563475029874,0.6460378920023574,0.8326307218164067,0.7276942556756657,0.7560688344484657,0.7644025812211247,0.8338458540964073,0.773421285203292,0.8038986481638839,0.725329264207525,0.7305273306107172,0.8117992721184242,0.7480604215500498,0.7264114552302359,0.7314982087532058,0.7310464583587493,0.858570780297363,0.7403548958873167,0.7915869963289217,0.7974111167997021,0.8021923077855476,0.7517585431909901,0.8001677324960964,0.7304475240526439,0.7380781303647773,0.7972401148681604,0.8842629272542096,0.7391306992796898,0.8276411423209632,0.758329545707787,0.8587485338184717,0.8214976713150997,0.8766488852498585,0.6860112906272757,0.7685177539871748,0.8689297935680381,0.726360717974002,0.8547409799137692,0.6387621543965241,0.7241425072284547,0.8128822473077585,0.7631343294381278,0.7852032885511957,0.6821107116164492,0.8183017776413404,0.8256814339211646,0.6503523912228786,0.7430982380831164,0.816118706036966,0.9055432623442845,0.766750325409661,0.7777251092728267,0.7389873004369029,0.7517733573124525,0.7664391706091939,0.903346649084993,0.795675103774042,0.8182144577378193,0.7957695472982542,0.7883037244382994,0.8297092433510092,0.8252294156179995,0.6655890249619012,0.8134029376485371,0.8023011628224688,0.7543458299142717,0.7585587718573121,0.7414267426425667,0.8275472593338842,0.746810411968438,0.8055850959837836,0.7857738459815803,0.838252440217793,0.6349839385311592,0.7904863122980895,0.6772033551970286,0.7654074471252965,0.6685653533891557,0.7413230779671502,0.7622308324686329,0.8300075223368616,0.8139144720760503,0.8255972631754209,0.7443258821900435,0.8799076865815777,0.8339503130900522,0.6939134923074941,0.8325349231650524,0.7805075964638242,0.7715565159700296,0.852242749512409,0.8458682926794678,0.7113139835035786,0.8204795840641705,0.741880071221027,0.6965960980289027,0.7207202286847316,0.8209035940531149,0.8756475572613199,0.6782536811150642,0.8183190358645677,0.7246681987561302,0.8012277818395459,0.8286668340273932,0.6787944506195096,0.813583849443918,0.9155351891318723,0.7239495025195671,0.7644836767272079,0.7831042443831668,0.6894578798739197,0.7607462368936341,0.6792670794253213,0.6868556738492012,0.7243968202029121,0.7259887684904612,0.7860438432166644,0.7957609865046794,0.723556747106468,0.7763115260255208,0.6934964376032997,0.8083336859633097,0.7843019295035564,0.8214174361475132,0.6758071060557509,0.7806642986659368,0.7231592462253283,0.7522639974406135,0.7253344754427506,0.8783093978756893,0.8169888416452066,0.8171100748469865,0.8937345988395906,0.6824338223009361,0.7637399046346388,0.7168877512209979,0.7678085975029286,0.8435461201268618,0.7933235781618132
0.8673320083520313,0.8231442175894282,0.8668661870323091,0.8493654217424613,0.88110612437808,0.7249592100595876,0.0,0.7147730136351816,0.7310050708474318,0.8721063619647363,0.8337685685190878,0.7679445644216273,0.856702759708886,0.8879117282919627,0.86444080315469,0.812962106604381,0.8363095708728975,0.8961111435277715,0.6744950963755884,0.7755811704230937,0.8244454944967525,0.8783827029868647,0.9270916632105345,0.8430809340333274,0.8605814745958384,0.8903049736677998,0.8246823034346794,0.77691559982564,0.7998435635745639,0.6952578318022151,0.7766538964276936,0.8496573839909355,0.8350012995426405,0.8429750603820939,0.8601728360516365,0.8761920262403534,0.8665717789439203,0.7695664547015064,0.7050117404340768,0.9166075890624232,0.765118684517768,0.8535272512318403,0.8338733177113271,0.8600585865672917,0.8814472289098619,0.8473947701621369,0.890773320778113,0.8276953456172976,0.963604893859946,0.8559950583025613,0.8984834817239413,0.8268546729470738,0.7265911034459379,0.8418819261608134,0.8813511086812859,0.8025240831349929,0.7904121269383492,0.751951771589162,0.9037893732785118,0.8547705519582829,0.7222592133037127,0.7758367818800783,0.7630968690163499,0.8485930998202471,0.7987032314411547,0.7680095694373792,0.8908747577374577,0.9015115288789554,0.8812572162415243,0.7416628947601871,0.8794843798617465,0.8347666501958202,0.8208698179914155,0.8963649138724055,0.7002634908965056,0.7776220197708983,0.8648920199752169,0.9037192209786544,0.6868702639140143,0.5953810083244515,0.6810085843968856,0.8419908100129087,0.7687588495050324,0.6582927723076772,0.8112774662463565,0.7604313365137076,0.7058709094792839,0.8652190967861759,0.788510758977383,0.740036594064616,0.9415531852832532,0.8979999457282133,0.8753367129900766,0.7415136665898215,0.903423404582499,0.8297212596441169,0.656731132838964,0.836455672750501,0.8032188567775291,0.8821241867333712,0.7725637028415474,0.7588688563403189,0.859580564653384,0.7934730846411239,0.8085157735849134,0.8378479038883877,0.7656594274230241,0.7807675322556942,0.9102707813105241,0.8434101946841324,0.886808845119393,0.8617172154666084,0.826144174201322,0.7187255068006811,0.7865796132183245,0.7999272821152912,0.7354473314043266,0.8813051856652626,0.8456060620709949,0.8325466345749741,0.8337110889156906,0.6940115972455009,0.7805603507157598,0.8560004978615303,0.707462302503941,0.7873975190070194,0.8138852488871391,0.8457429561892728,0.8344631022522556,0.8729342880222971,0.6880076544026466,0.7120271096830237,0.6363755376406632,0.6978915083536361,0.7582428760377092,0.7498425722312856,0.6984938269011767,0.9031337638756252,0.8552377992841994,0.7268711262180302,0.7615682128410024,0.844969729426529,0.9000624675446655,0.8296685810766,0.8556732335461593,0.9020663516995799,0.7764525250895458,0.7135380349323591,0.8362437782949155,0.5585880445983442,0.757545120433169,0.6729232828116566,0.7864240564843367,0.934843271903192,0.7921683361854864,0.8073634654812171,0.7670229833783239,0.802492067219182,0.8371146073955015,0.853489547842808,0.7890968624146069,0.7258016993458224,0.8540340434632544,0.802340583110423
0.8051208685920909,0.8363635148953316,0.8418391205409779,0.8125163036220096,0.6766418661407113,0.8424479308719167,0.7147730136351816,0.0,0.8153331571728978,0.7893431959955025,0.8178278365703863,0.8547464184566398,0.8450306470236415,0.7015681920690612,0.798671978271834,0.8435971608337048,0.79663675687717,0.7881455106726057,0.7936894904814127,0.8049770875294668,0.7971679854443482,0.8278072284639534,0.7404911167865511,0.7904666997413657,0.8342265633004322,0.75409158320349,0.7828963428394796,0.852059985693538,0.7085220096410216,0.7623921338366791,0.8295971154265066,0.7701524312131732,0.8315196246278236,0.7976712696872901,0.7277620959077399,0.7566174562513146,0.8155876706616908,0.8208110605805611,0.7791582857096925,0.7550962772996783,0.7654704251816495,0.7592501772217551,0.7644686132696463,0.7309866073392688,0.8820011084551,0.8523330293109606,0.7004481308055293,0.7484598384972073,0.7361267872494617,0.7453068338696316,0.772819380997261,0.7922692350888806,0.7061164545159887,0.8096606412205437,0.7754129470077789,0.7706168763699722,0.8038576912372842,0.8752766371441755,0.6782696267203382,0.8089275861706466,0.8922165971202173,0.698373755939543,0.8085843454401518,0.645065180444076,0.6980862378621759,0.7805840742062037,0.7841985083840688,0.7590484772945516,0.7243455533380739,0.9447515664035118,0.8091491812869658,0.6759024838163116,0.6860219282100818,0.8106616320854424,0.8977460013591961,0.7239250578851958,0.7832590895833218,0.7135083661997165,0.8552160410941237,0.6041456822429526,0.7311135814551402,0.8020183439512785,0.8084558359374473,0.8327741553847049,0.734314770493441,0.9033452700452588,0.8469952277946448,0.6848049310283804,0.8632523628972478,0.8539241825738711,0.7483067218437864,0.7418825682669336,0.7425436944730519,0.7657199043980488,0.7170625604417736,0.8102433958565791,0.7891510754351311,0.7850425530367586,0.604724308723268,0.7957452786363893,0.7057726597336152,0.8399860650456781,0.6727624602672974,0.783084320692646,0.7770738281519393,0.8434854174143451,0.799009344998385,0.8118448742946003,0.7689833006841048,0.7897680323982904,0.7595045879314845,0.6989816843920739,0.7455240682063013,0.9176305681772038,0.8031702829728782,0.8509632148973035,0.7506033150046363,0.7247302690463949,0.7133668891309464,0.745183865535733,0.6928457009053793,0.8550102027354967,0.7094199069253632,0.8334825176063696,0.6249151131976254,0.8464046079790917,0.6814644912256697,0.8810600048978219,0.792710736993811,0.7416520234176786,0.8089618079577916,0.8170094613165649,0.7915517950192308,0.7455774882300694,0.7944399036788174,0.6553960309961683,0.7647617276828377,0.7284197427893108,0.7909734925315279,0.8272770484273875,0.7663913108423748,0.7105832788084528,0.778306403553688,0.7172578920241504,0.7597340685990391,0.6868565211680803,0.8203491691537328,0.790689468479165,0.8144031993520142,0.6200353823802266,0.8191843169889419,0.6837667060786753,0.7844514515301267,0.7529615112170518,0.8786785333171857,0.8829600459619251,0.8267421759258275,0.8488466044524318,0.7046484602562313,0.6978598349844952,0.6944901468704424,0.6900179257229851,0.8609825881018995,0.7671134413894113
0.8609870486570458,0.8319233875521281,0.7281264374263943,0.6875105909482118,0.7375728642911722,0.7653425077223001,0.7310050708474318,0.8153331571728978,0.0,0.7147314258705778,0.7582894801125175,0.8479716789386175,0.7350333459956065,0.6829730995451356,0.839602914212269,0.7267110702315576,0.6895257347281185,0.7774471146192554,0.7873465695504818,0.85197759072038,0.7493916526458496,0.8262009034510014,0.7109329885287572,0.7869614507718579,0.8278939613360834,0.6653045985145005,0.6839725877950663,0.7034637498072864,0.6749995384983996,0.8295241998610038,0.9480699876077079,0.721990616774827,0.7498673148352492,0.7311786686244803,0.8193485649236477,0.7317414608151694,0.7946805684815702,0.7939063015896679,0.8078133613641078,0.6835452554532032,0.7252045423568099,0.7918611304925134,0.7547410652777492,0.7773545167379196,0.7926076887965643,0.7586738277152356,0.7259648889722615,0.7514430538695284,0.7477414849009967,0.7502608762907719,0.72966845475605,0.729555836742775,0.7055265623725264,0.7401713657452076,0.720990305001803,0.8201980409856674,0.7886387420107193,0.7817942341201176,0.669333106819147,0.7470640762057376,0.724334088554368,0.6590852994642287,0.7176958601796455,0.6751361566932376,0.7617715651533364,0.7133786589793115,0.7182341324803305,0.760859568798128,0.6701453441839247,0.8189639898315912,0.826335488005884,0.7217976106690794,0.660751112495757,0.7062551077306815,0.7462874042555525,0.7617977658909001,0.6705551663514695,0.686991159022488,0.7427935402337538,0.5953283164056369,0.6775187056872839,0.8529516589953932,0.8426770625399895,0.683955719839954,0.6938553658507789,0.8587672354016016,0.779633819683768,0.689688213176354,0.7523850362398316,0.8888947531324466,0.7343396183469394,0.8222345418267376,0.7450764406818704,0.7606437076270205,0.7107287868522504,0.8496635792730779,0.750035805009991,0.7722483240164564,0.6895849367853853,0.7000921060029867,0.7510261704648513,0.7048855726382248,0.6549029918754947,0.7868132339524654,0.7564727474899833,0.7332225840975799,0.6606272384693711,0.7351789985318538,0.7088446750839634,0.791827678867486,0.7402914280256775,0.7235101713418587,0.6904472805384029,0.7474742003219238,0.7182363381149375,0.7510209555251862,0.7372580013427013,0.7744262466733582,0.6326243221133899,0.7078570720531564,0.7573010886076098,0.6935802721221694,0.7283940958968834,0.8117752059458426,0.7824860837958028,0.7675714132939013,0.6315212995714629,0.8082138259746372,0.6891859738333144,0.7297023067540658,0.838454472928008,0.7139901813659454,0.7035581655863377,0.8282324369428511,0.8210403878837282,0.7600828607394147,0.8320167453206838,0.74786305693103,0.7224069611163839,0.8687986567182294,0.7209810641820245,0.7211589271141975,0.7828267628449348,0.7236573991457588,0.7770270248689616,0.7065518657706337,0.9168195711574413,0.6747805291393995,0.8183847338355019,0.5751873297813249,0.8612763365589307,0.7199955619987137,0.7704323636882433,0.7154594939250813,0.8034752452348758,0.879072186191466,0.768386012727453,0.7483948196964127,0.7088176504437297,0.636882577802648,0.6165420880371789,0.8107615486287773,0.915660423242929,0.8311241497235172
0.8258276787130213,0.84815028632146,0.8930768535130079,0.7996146498712329,0.7289649110231341,0.7956981582522537,0.8721063619647363,0.7893431959955025,0.7147314258705778,0.0,0.7913712442874127,0.7617016065219175,0.9108578266953303,0.832603619911252,0.7795788364014719,0.8460545932623056,0.8399774333370444,0.8560760204598445,0.666096277359739,0.75869920025851,0.772608802637643,0.8231815879622055,0.8750527174219854,0.7909972642875447,0.907822826019471,0.8188368202636832,0.8393294077873589,0.8369304644255907,0.8224706008168993,0.7131340400995205,0.7418532758788506,0.8568817620951845,0.799859295846469,0.8315829366283894,0.7649839288484234,0.7721294677733496,0.8625227886139666,0.7401909245283302,0.64070781491431,0.8616318650287188,0.7132506837480922,0.8393317807897148,0.7656518533480017,0.755263519464999,0.8803617822609446,0.8541769487624019,0.8504713396122985,0.7707132977928964,0.8709821892236721,0.7493751504911933,0.7990751387671384,0.7882340137033845,0.6937663640550272,0.7771607248821367,0.8000610043278619,0.8666025937672726,0.7365087514549291,0.7487583067211373,0.8229305231981581,0.8045577755110651,0.7705426471718274,0.7352091117222908,0.7396685750120807,0.741966598583158,0.7015346857217218,0.7606875961267818,0.8556082926210027,0.8718470202825769,0.8464309772886517,0.7959335870759853,0.8047015882573381,0.7491427041184505,0.7593077236828456,0.8581788420547964,0.7627259221617482,0.8109856336689898,0.8148928441906068,0.8384961990034353,0.7074350438217719,0.6288741670466838,0.7470201470710792,0.7420556899211461,0.8025297028556669,0.7431169780590853,0.739985391004436,0.790168110853993,0.7340732512636715,0.776945444588025,0.8890359008879812,0.7724218099122446,0.8059303029635996,0.8032205183779999,0.7738290275543068,0.7204998668039582,0.7844880155321573,0.8467834925046943,0.6408159034369315,0.8586123915410954,0.6758251049348142,0.8863549639402343,0.719097970323092,0.7516373303172166,0.754218537977723,0.8233524625177663,0.74582690201609,0.8624174754051528,0.7706164208798765,0.8830159530773063,0.8736431227998489,0.8511710683919567,0.7941694986360684,0.7152730801131351,0.8221752078176925,0.7815793704536684,0.7736714165307799,0.8344912379229554,0.7942840274027404,0.8046851271355617,0.8241076206754608,0.8269672793440613,0.6980827005364763,0.7021433661881824,0.758281849243094,0.8362738281216587,0.6348068171767289,0.8278157577576509,0.7541157012221379,0.8255443404754362,0.8543638273306222,0.8085008806078579,0.8037183601508192,0.7261134325006833,0.674839301913488,0.629473773951921,0.7102196669327773,0.6722279455124719,0.7388958914475343,0.7906866394615849,0.833796813576538,0.6892806026595688,0.7752329122850898,0.8002241031816022,0.8191730069862531,0.7181060940647267,0.791928400652876,0.8156571993894562,0.7199639930225141,0.8058826259650925,0.8983026397830796,0.5864662438735417,0.6987639654085099,0.6900216200646025,0.7068015981745193,0.912482378798913,0.823607340894116,0.8082369305879703,0.7937215673740582,0.8664406117583029,0.7665468049111913,0.802693866222435,0.8701364724526732,0.7087832646444551,0.860669606072929,0.7159865178186655
0.8803102070080489,0.8685098285822141,0.9014330080147912,0.8744665828870978,0.8400698023168909,0.8257281587563897,0.8337685685190878,0.8178278365703863,0.7582894801125175,0.7913712442874127,0.0,0.8603995192726369,0.8822611267115391,0.7961580593379963,0.8816329099549366,0.9058489312662429,0.8696467124591324,0.8484238584819599,0.7890022413740044,0.8589481860913661,0.8979960357143337,0.9396518486981821,0.7961408011506205,0.9273516011222761,0.8702313177373479,0.8857501400869069,0.7653870677359452,0.8433625524587557,0.8550785656101599,0.7121111379694249,0.8304912669125513,0.8018549361194295,0.8803629342524076,0.8258523884417824,0.8513827856742429,0.8462008317152862,0.9098607818144038,0.8914327288287482,0.8626619617226152,0.8682734513166883,0.847448868407027,0.7977230739473493,0.838795415238273,0.9274241281155424,0.8857340399635498,0.8378156227528007,0.746550636295626,0.954858802764113,0.8646739361276852,0.8266097763936036,0.8645234013696315,0.8731698791552237,0.7303859337878427,0.9177582325909208,0.9154690272422337,0.752121011665395,0.8739844889495179,0.8596527107788086,0.7688451172720652,0.8335689698697076,0.8696174753654496,0.7065600931397981,0.8521125934466551,0.7510764758224483,0.7770237655256651,0.8055626290217565,0.8649082537835039,0.8418454200771841,0.7764061608320705,0.8585464486622999,0.9023751075860014,0.784894120680489,0.7701755240850523,0.8768451619139767,0.8287570851769333,0.7490252307789504,0.8614642252642548,0.8498801081290851,0.8135694051641563,0.7059683198953773,0.780215238490246,0.8406583170181188,0.8158411202653562,0.8133957512803348,0.809135534263792,0.8708937286626116,0.8277624664502938,0.7309034890320542,0.7599473225407936,0.8074720792154318,0.8575366840532321,0.770912078097161,0.8697781510039209,0.8276155299196509,0.8416776450992763,0.8664164543879327,0.7631840498666627,0.7851413011715525,0.7027668895586091,0.8003580731576955,0.840317177330244,0.8089296014380453,0.731605861133811,0.7807675422234369,0.804499800359213,0.8400085082370307,0.7917836009167003,0.807052651328975,0.8324103724900962,0.9105928260914972,0.8973318296016882,0.8228845006098077,0.8185826442348313,0.8210948279644446,0.8443976316105637,0.8515497808043817,0.7438240280813412,0.8432920560037716,0.8380563475775498,0.7606924768668362,0.8731185224544781,0.753931609952816,0.830141941024763,0.921018340190103,0.7614061030031792,0.9093100472813564,0.7055912865745219,0.8883739104510162,0.8757442315549144,0.8392517509331346,0.6812016027511125,0.8324346221333588,0.8076475902772686,0.8319031339802065,0.916591784391814,0.7952812176517198,0.7843046603557297,0.8663971799402188,0.8714210802579958,0.8181722475601262,0.8183874836322084,0.8198671993019084,0.8186709666702997,0.7961443409617928,0.9514761675737657,0.7446168882291189,0.8538347632614222,0.7556754395315098,0.842722765584939,0.6326889670285629,0.8844196668487635,0.7196408411011088,0.858145962072045,0.7885054579899679,0.88689234955026,0.9169486474617093,0.9144518812686478,0.8596281739376187,0.849989656956641,0.7918409979540978,0.7312593603038374,0.7809396204068126,0.8433126294165378,0.9364713514823091
0.8205361535486844,0.8819726491973552,0.8523605496639307,0.7940579070814288,0.8106582218409233,0.8526456673647608,0.7679445644216273,0.8547464184566398,0.8479716789386175,0.7617016065219175,0.8603995192726369,0.0,0.7678894255950238,0.6662947122993444,0.834120891151292,0.8375092557355612,0.811134139367721,0.7568798058452404,0.8843852811199963,0.825435912493659,0.8792650548570698,0.8807947801305978,0.7716728591090212,0.8768224386861687,0.8575771840191643,0.7427971947285115,0.7084432590863045,0.7942404896256497,0.7515837044382395,0.8477074504953376,0.8661824916940818,0.7480938091199293,0.8222253003859946,0.8156433359847842,0.777195058956754,0.7836061252873201,0.7936371142349115,0.8062031326699695,0.8664417837836849,0.7511750241838082,0.8250953749512194,0.843884476475484,0.7651061944239902,0.8306477746336409,0.8213704915499547,0.791623488407268,0.7444008897527863,0.8025610695765106,0.7682649093665165,0.7663602001471985,0.7852320904345335,0.8424602904684122,0.7049653728572708,0.8462850628581483,0.7864480034904184,0.80145116019174,0.8325810530224892,0.9429682700034085,0.6674871589465167,0.7838952720645018,0.7745379410769695,0.6546416908004516,0.7852852511198151,0.6715366966793948,0.7238207821999534,0.7196834872048375,0.7272768920685899,0.7420488263405326,0.6698820563045937,0.8197916308681538,0.8120849366207005,0.671640413035993,0.6734021457787923,0.7793965274744615,0.8248771144047456,0.6847023599596382,0.7404677765421528,0.7788066181464033,0.781606925052455,0.6366268286878727,0.7324291766307449,0.8415512394942077,0.8586462799009612,0.716705912331547,0.7524623383647241,0.8984374227624653,0.7600175020601281,0.6519035384215943,0.7425292915827405,0.8602746545952562,0.7948372826760597,0.7969862782726892,0.7936837292975946,0.7647695197463927,0.7273216429486973,0.8549657640257395,0.7489219780072081,0.8331683155730563,0.6516437112162714,0.7319188867914642,0.7018174786105726,0.7396890574212359,0.6745323171850081,0.8400948628407794,0.7442610488677415,0.8052406685283056,0.744589706114422,0.8319112601439662,0.7535832494888418,0.8677571435196464,0.8452571555674135,0.7480928010890974,0.7056788704109591,0.7842337737796389,0.7483754346960226,0.8537337042301365,0.7548711940675301,0.7731696365695282,0.7432917212527779,0.7087805943372303,0.7815206473079306,0.7186853653161174,0.7643734971959799,0.8755835017448035,0.6858942016111617,0.8482094210875528,0.6629146615366583,0.8659926172008872,0.8103389365485182,0.7071363976671735,0.802757441466846,0.8200444097529339,0.6733878448868995,0.8349941416626941,0.8405304902832701,0.7005479369298793,0.8160144366237407,0.7563957914059769,0.7653052183809447,0.861508624847257,0.7086510120037065,0.7369637703352964,0.8033173668770034,0.7470234324124552,0.8162391660078521,0.7037723462711103,0.938351678824121,0.7313592081616922,0.8515750385023511,0.6672753227491125,0.8355961287774155,0.7048049708285286,0.850024032961334,0.7595808536721966,0.9534302194519126,0.8349982500976706,0.804742836625614,0.8646936055862917,0.7064085136704266,0.6720015252558204,0.6331903572218262,0.7431456126422933,0.8892486261291193,0.8756284563009197
