0,1,2,3,4,5,6,7,8,9,10,11,12,13,14,15,16,17,18,19,20,21,22,23,24,25,26,27,28,29,30,31,32,33,34,35,36,37,38,39,40,41,42,43,44,45,46,47,48,49,50,51,52,53,54,55,56,57,58,59,60,61,62,63,64,65,66,67,68,69,70,71,72,73,74,75,76,77,78,79,80,81,82,83,84,85,86,87,88,89,90,91,92,93,94,95,96,97,98,99,100,101,102,103,104,105,106,107,108,109,110,111,112,113,114,115,116,117,118,119,120,121,122,123,124,125,126,127,128,129,130,131,132,133,134,135,136,137,138,139,140,141,142,143,144,145,146,147,148,149,150,151,152,153,154,155,156,157,158,159,160,161,162,163
0.0,0.8746543509997747,0.9191577332301692,0.8045585772237884,0.8872421196031209,0.8816547860555207,0.7816812821708895,0.8333721680492638,0.936908903087002,0.8662262886731625,0.8971248792304839,0.8341308137802199,0.9082437751534599,0.8322559080196187,0.8636973534616923,0.8930341840449175,0.906039436153781,0.9496314031538164,0.8961396059390131,0.9235213694086984,0.938943192851746,0.934750903960234,0.8365326568807746,0.7983420312568748,0.9136525490450512,0.7933086375956764,0.8473559120073418,0.9058897389702452,0.7958873270299914,0.8987602068947711,0.8605528740346204,0.9094942490438604,0.8262380086985897,0.7791124672804934,0.9064847347363792,0.8520587233271454,0.881712908983267,0.9098427247815529,0.7752859062818364,0.8322856092219093,0.8296239644944409,0.8305718064554716,0.865978438506972,0.8210059443776305,0.8469304175490328,0.8461698976758093,0.8258505850191323,0.8637607238262329,0.9201235878675126,0.9217678749270541,0.9160885986028434,0.8858681254298403,0.8193930622163685,0.8620853216908504,0.8568882876935144,0.8012877502857091,0.9546204413027416,0.8857138000817432,0.8362056652630193,0.8600422697744993,0.8174324988693621,0.7741957984318333,0.908649211519405,0.7458917700438996,0.8420319685258634,0.7966644120848168,0.7944546824067914,0.8867338867613435,0.9035461932758964,0.865425066446638,0.9043741430537177,0.8269607836388745,0.8759326710885921,0.9068559098824895,0.9081109348897497,0.8130414175107298,0.775961183491577,0.8315622243710529,0.819027531208839,0.6996307337229954,0.8255421084852838,0.9250693728713677,0.9182689563719032,0.8646902027160834,0.9083536292966834,0.9324286842749017,0.795563835840393,0.9116275332530537,0.8826375592512462,0.7605973461213745,0.9386952009428056,0.8055218536984877,0.9464155992153969,0.8544764919497885,0.9259483948466254,0.8338737162607748,0.7745514128365395,0.7719692327044211,0.7218072360252225,0.845340952787691,0.771662062277698,0.717192869267331,0.7750393707850484,0.7737690484579233,0.9217805453140259,0.8609821714943562,0.7963614326946162,0.8481376357779576,0.8340173217048817,0.8181271374006357,0.8036991175371612,0.8806816495872407,0.8900929663943049,0.8211602659284046,0.8858538960928635,0.8993556105202135,0.8246445793587353,0.9001799753209627,0.7954822208456305,0.8201611145260042,0.8417897494694326,0.7991818741705359,0.8193069725889949,0.8889596483981566,0.8184855964333584,0.8335087761037413,0.7955850668673285,0.7738788158886362,0.8201007025864843,0.8614602486138792,0.8472863446010701,0.8643542431089796,0.780061223646933,0.8588955286648406,0.8167983082056758,0.7718711430475221,0.8613635184313475,0.8521454640939916,0.8725059551516235,0.872901877651285,0.8283998135533899,0.810201338018536,0.9295058636983781,0.8958306831383879,0.8497252322986768,0.8501172184464789,0.9156467004314265,0.7948796507743229,0.9496385693469812,0.6405223984156062,0.8585577446254045,0.8212599557572899,0.882920692895916,0.7760924110530444,0.8126228789329262,0.8166106760299379,0.8781220767347268,0.8349156765567132,0.8051297531542145,0.8853823916690444,0.7359330198958188,0.8506491185890254,0.9247689689883244,0.9191768446200556
0.8746543509997747,0.0,0.8255048214904914,0.8032542981100078,0.8283906877457342,0.8632054224543358,0.8426239805348258,0.7291990616670608,0.815551194233879,0.9108036449716177,0.790492265695841,0.8444609178210697,0.813662863867168,0.8493437868521443,0.8124914185700209,0.7850621475478811,0.8589284385797512,0.8165945014302243,0.836759963910238,0.8149361038784166,0.8505728501503728,0.8272430299517831,0.8850893790611125,0.8475663837473282,0.8680492164490913,0.7476432122839186,0.8065290468439621,0.8525948958049853,0.9315253884523015,0.8025375419954613,0.8072218326858452,0.8103646065055055,0.8630314255105889,0.8292674454006084,0.91309533918893,0.8484777169310636,0.7788612433853859,0.8130467360769308,0.7152399124829593,0.8917682305394786,0.9118127439224346,0.7956024101270129,0.7027560760529161,0.8275827221851821,0.7907429678360893,0.7848041342093945,0.8826266372715894,0.7720560169160049,0.8865403451930823,0.7996492908160676,0.8078649834595821,0.9001929842850683,0.8212335618335791,0.8441069053448047,0.8047061574682766,0.9080328539171278,0.8245579722726315,0.790628590068182,0.786626095664563,0.8468843195257817,0.7162166310227566,0.7318183666319199,0.7679339349212052,0.7544440033335343,0.7217549198083102,0.6814499899988634,0.7420038708964316,0.7559735793319912,0.7422231793514166,0.7174668525093498,0.7703763647866033,0.8288348851630805,0.7774919488661999,0.7937685671259873,0.8043164683729939,0.8205971229923946,0.6628993337330396,0.9080736230886078,0.7469969929987016,0.7980661468259121,0.8267747832960165,0.7981082403683192,0.9081461321546596,0.8063193057576394,0.8235718714458601,0.9060651542437792,0.6659153915034535,0.7608776690110404,0.8440347016105884,0.7919737940781382,0.8369072135681057,0.8667346921521313,0.8920325980281079,0.8161206084359086,0.8634202427207515,0.8562301647776108,0.6783046327393073,0.8669055279106801,0.7614814577371832,0.8683570836038251,0.7942065617839192,0.5933028120265144,0.7306941361184147,0.8069464644616083,0.8105881745085209,0.7976180685492745,0.7047232200208048,0.8915216549284768,0.8801577924156824,0.8974740032447441,0.8001472444472075,0.7908308513455976,0.8171359023276691,0.7249565606787732,0.8580481278234968,0.9332421837226622,0.8827503191649775,0.7421658579458376,0.8250484673646777,0.8526203597861228,0.7960245539717696,0.7059799481491061,0.8872471253312276,0.883950666465729,0.8194261319666901,0.8505689075480116,0.7758988169441715,0.7348477424324168,0.9085003914288781,0.7938211897879047,0.8444425149691829,0.7204843152011278,0.685581275318161,0.8524280639733433,0.7105017994964555,0.725562471342915,0.880435802580461,0.8927100496215387,0.8218094759087877,0.7532068648060227,0.8130709368908873,0.7903428378725639,0.9439778648911331,0.7900518400365626,0.8250848668206494,0.8068747864262112,0.8485206891579345,0.8049409382143611,0.9352023038253033,0.6889773966466465,0.74772611115848,0.8661474539283165,0.7669023064933804,0.814510835753058,0.8182841549359811,0.7010018001203033,0.7988739056542977,0.8525710170701968,0.8708458394190245,0.8063531794550416,0.7876323171856625,0.9004483323046941,0.9109509531263195,0.833126703709643
0.9191577332301692,0.8255048214904914,0.0,0.8183281568672784,0.83507783332977,0.8670359708855412,0.7472207673406296,0.8811253192099586,0.8810975894331846,0.892824135467662,0.9349817597279082,0.8251427368631278,0.948952635891545,0.789091707163502,0.8220445708211245,0.939284947040742,0.9136259570376406,0.9148526670684429,0.846290852856052,0.857042572601242,0.9336340023302382,0.9561746619187411,0.8281971380928131,0.784633970779349,0.8992615571120207,0.8212946680324955,0.9046195372460235,0.9310611179802936,0.764244894909677,0.8767982391292699,0.7994485364962165,0.8927579467474347,0.8010702334725148,0.7590321533348886,0.7972189580413362,0.8056759123234983,0.8955546522026134,0.8795578281311064,0.7649087899875455,0.840258738267364,0.7698529468198189,0.827730775940343,0.8462962934639779,0.7521388274706541,0.8621193869349062,0.8298501815598182,0.7365527248721163,0.8503053429748334,0.8766988166474124,0.8561855254627033,0.887693721076273,0.8262822753852561,0.7280950467762944,0.8540447996976436,0.847493504655333,0.7496647454809132,0.8930564463910337,0.9051291079300219,0.7967824029180892,0.8189616953274071,0.8710784123986666,0.7293467013784112,0.888418988067433,0.6907369086125794,0.7419113796573416,0.7753999028660453,0.8372155708161497,0.8862320048371155,0.9274587300460052,0.9119324560621166,0.8674867360865397,0.7306760731042736,0.8584430598184065,0.9580614809886979,0.9206646926212696,0.7117984964852,0.8522261105875151,0.8237770162331444,0.7972756916299605,0.6335957248203903,0.7694603700420168,0.8754919267425657,0.8894288734804575,0.8640080051421616,0.8549027247017801,0.9067586749175509,0.8284446333601921,0.8625751119191826,0.8578314340709585,0.7607441804533714,0.9104929152867883,0.7234652713932176,0.873028816137262,0.7640396910715128,0.8709726235170645,0.8024851255791154,0.7547058452946472,0.7224615613145812,0.6374535900907451,0.8311198573129797,0.7115784885007754,0.7709234069766663,0.7443726370597703,0.7382242787893176,0.8595090429313508,0.8700276523220212,0.8234846549553302,0.8574617183421086,0.7931964239980943,0.8076437111275419,0.7834267105334197,0.8177962032611827,0.8825099261963681,0.8642414261402642,0.824932093800031,0.8961450786652567,0.7327837628659054,0.883206902229301,0.7902134715944111,0.7846969048677752,0.7662056757591842,0.8189360857747628,0.7327627569938503,0.8456129890487882,0.6824434608406389,0.8205498080863078,0.7709463147186276,0.7936718057559349,0.7932318820221781,0.823977656307456,0.8231556342772662,0.9058651751165057,0.8064731290564406,0.7885963496649098,0.8139921724545839,0.6618114930843457,0.7784064031866047,0.7828144342793874,0.9126588860398742,0.844769018317133,0.790697806756558,0.7686493597125715,0.8622687714537554,0.8650630286683524,0.8189856936493815,0.8025623098543846,0.8671471240932184,0.7971846786704692,0.906697237014265,0.619972717828302,0.82169593944186,0.7257513335674036,0.8899814820334268,0.8045376049296373,0.8073558917202875,0.837867439955206,0.9336034146899784,0.8592206940260073,0.7507288078730314,0.8658546317467186,0.7060105174875009,0.7274435555260422,0.8576082738344633,0.8775915600514352
0.8045585772237884,0.8032542981100078,0.8183281568672784,0.0,0.7955220654395196,0.879097663850745,0.8669769430710997,0.7965177730370421,0.7329653946523826,0.8309060315966813,0.8591993173456679,0.9078202342213143,0.7779367076081998,0.6975966118734696,0.8464079521430755,0.7503657236470941,0.757776067491482,0.745069500866299,0.886195808876445,0.6708953326471397,0.8887876662497702,0.7961745693384947,0.826567092993643,0.8001595355057554,0.9103776253586682,0.8704469374786683,0.761805906931301,0.8104956730920863,0.796534270930784,0.7081599486585468,0.8213103878381298,0.7539603228780267,0.9574994894052139,0.8440545079597132,0.8135806073708689,0.8281158336490129,0.8409159651542525,0.7575015453422705,0.7613926471488139,0.8084700400168627,0.8879038063612095,0.7305079025419303,0.7637769527368077,0.9145066865795428,0.7984412028614285,0.7229047156812062,0.6839073331958349,0.8723134636650386,0.8333448850450527,0.71638394328563,0.8768719817562172,0.911471190437052,0.6446424796249973,0.9499847426687665,0.8843069448937185,0.7322870266160829,0.7481157890191891,0.87742478637887,0.6947467524890442,0.7074700063171845,0.7921436904571008,0.654807026601392,0.838247496484636,0.6101314546902239,0.652648622398948,0.6680993896014847,0.7846175092695559,0.7807324364973216,0.7253170693762111,0.8192093249056721,0.7793157431313078,0.6667590572374711,0.7855755007702258,0.8392767688890064,0.7551655945915571,0.6790124619910755,0.7398811643272484,0.8639450111012722,0.7828099943253055,0.6727157827880332,0.7691102849826986,0.8610451555188097,0.7959665813927053,0.7884578801903276,0.8230876035031233,0.8147335880399691,0.7826102665117268,0.7592366730269612,0.7727815735528111,0.7197181585150801,0.8790380452164084,0.8433035228445401,0.8059917530109392,0.6864577097985777,0.8130339106114429,0.9220276491287522,0.675763501870453,0.8569806218468065,0.6353520984621613,0.8285808420096172,0.7108204720523821,0.6895711127046283,0.9222709996095316,0.91132964784596,0.7903376679829348,0.7294441074554373,0.7095818169361011,0.8067457391396836,0.7482897461837725,0.7908712041050902,0.9415567692936803,0.7966955934773134,0.8823751289541265,0.7158592583544606,0.8097396074212779,0.8076562171141496,0.7432467503516956,0.7045964849272385,0.9216539042459599,0.7947165871696102,0.6588532489878931,0.853318270101657,0.7312791549067431,0.8766835996486564,0.6716222157829481,0.899485733560759,0.6932083329026578,0.7272412007534789,0.8680236595220429,0.7180189808442599,0.6777485700149193,0.7085471787348282,0.6976645018544452,0.8296506070628714,0.7437467643740733,0.5954424935081913,0.6839744165671537,0.8237100197041233,0.7969561388700992,0.7736744693537775,0.929813388169748,0.6627478404787288,0.8241301668006484,0.7972300975278133,0.8282653745086256,0.8423926457955223,0.8130396619877539,0.7206185313694257,0.8106157706897451,0.5609888681156481,0.857579824156787,0.7694592993120869,0.7047383407787329,0.6679980588740614,0.952886155694561,0.7537411893185176,0.7531856528648195,0.9182207899178807,0.9163313678741188,0.8234120317078105,0.703760336660097,0.7756782882630476,0.8404005910721044,0.8368561737472952
0.8872421196031209,0.8283906877457342,0.83507783332977,0.7955220654395196,0.0,0.7624353295457922,0.8424211212904146,0.700885985470055,0.8570284201115871,0.8174939181077452,0.8893514076527774,0.8148667740882528,0.7613832904275764,0.7851121486579558,0.8006862775648937,0.7798172004127314,0.8355329144114504,0.8536138983553526,0.8218956253356018,0.7954662642860874,0.8629746886339644,0.9101323669689305,0.9148824511717351,0.808855479254445,0.8666442035332217,0.737060675944573,0.8303260399501854,0.8409720332506755,0.8180157999021725,0.8433837095191973,0.7606095185579137,0.7546157831506273,0.773327239034105,0.7266863854817498,0.9032140111219192,0.7943566772379934,0.7807200535402156,0.8122514441952766,0.7134295073271288,0.822292166615541,0.7887819472863412,0.8832055851071301,0.7317412545829789,0.8136430737725903,0.7264591934967972,0.6731368182501976,0.7404964477448527,0.8077010059368624,0.9350688853397023,0.794509181693527,0.7983526235948295,0.8018526509143379,0.6990649607301362,0.8042392401865984,0.7898234764629163,0.7534230684961687,0.8006013114011206,0.8241504059047265,0.7985376088239878,0.7288850412818131,0.6773498299552905,0.6345385224122752,0.7542049780775127,0.7524878799155325,0.718280269232808,0.6213788316886117,0.7147527082833735,0.7586698537925017,0.8250326893298184,0.7591971524470033,0.757923004491323,0.7539082844451875,0.8401666623496077,0.7922242157597003,0.7714278194030671,0.6589424488066719,0.6841090693269976,0.8541397579826695,0.6636372155083174,0.6106660524636512,0.6836438364199795,0.8352617122524171,0.8192541864051001,0.7132839858619224,0.8132923173114892,0.8127827030874273,0.6911750408099129,0.7775650727886304,0.7013937853873221,0.6910308529329574,0.926987905384321,0.7802660360276233,0.8666413123758824,0.6870508722503346,0.899937637358353,0.7985949342140066,0.6199630619705758,0.7533286337406611,0.7272757916042503,0.7215696506751984,0.70526228768122,0.6125004512880368,0.7548359401776182,0.7703964798057144,0.7771415341314736,0.6950666475791156,0.6329338236447948,0.8609102237507527,0.722340924424662,0.8059175792930775,0.8147548282428702,0.8610957339281216,0.7767473778185379,0.7639884594732687,0.7337908013241822,0.833357989894567,0.7246428287131956,0.85614225748817,0.8054907312949671,0.7978557239342158,0.8310351881556851,0.6931233321745542,0.8025056843798251,0.7760832738182767,0.8318951483839381,0.7419078232906732,0.7033549989588606,0.6751847318926083,0.7708558117911617,0.7423088918639817,0.7833613084431031,0.7237089734655365,0.6661729943044985,0.8541008278639816,0.7446436450730208,0.6840042144272802,0.7361048421933442,0.8363165823394484,0.8431356983482884,0.7500961092978837,0.7532320042880026,0.7488379085547241,0.8656774656930629,0.854733448554043,0.8106043779788406,0.8383418019909575,0.8458302759308657,0.638986380661418,0.8733042148397151,0.6267173641589736,0.7703011547809161,0.7524251505573971,0.8684945291459705,0.7376871881426871,0.7786968528321524,0.7036689282315507,0.793834264371879,0.7594413380313916,0.831354571317948,0.7768813230582565,0.6425262486678462,0.8183155809998224,0.8082806598986706,0.962759273634179
0.8816547860555207,0.8632054224543358,0.8670359708855412,0.879097663850745,0.7624353295457922,0.0,0.7651064295226345,0.8699202724540259,0.8360446985610935,0.8663236776719978,0.8432631602351636,0.9149121054148218,0.8652071483970083,0.7571261876137436,0.8022448048364685,0.8531956204246037,0.840327838122551,0.7851740853767339,0.9252424729579833,0.7780909459805795,0.9096191157852229,0.8041783776397665,0.773444449771739,0.7335457708247464,0.9245815839811293,0.8227296427872918,0.777740898179598,0.8660285198541752,0.797333265188708,0.821973528134401,0.874240677190701,0.8932362390949952,0.896254304230995,0.8744939748599054,0.8358428746128618,0.8666122412877392,0.868137082126314,0.8416351809273034,0.77031108817801,0.7590680357430857,0.8566534550967007,0.7699339281759644,0.8027990049048989,0.8553118281085951,0.8498665453799678,0.8068942606333612,0.7801553058760768,0.8506964867744441,0.8050377042803578,0.7996812967887693,0.8946153463039351,0.9426909981924586,0.7363446576656043,0.9029770428034699,0.8782816302392907,0.8420746110128909,0.8420383954152034,0.9295011329929189,0.6936352016244446,0.8104783169961853,0.849578063973775,0.7865515754189867,0.9091044474438317,0.660680558209173,0.7018969396945514,0.7533548046578911,0.7761486277526697,0.815537409885,0.7707444624161295,0.8547801667075818,0.8379339325736611,0.7265359728669482,0.8255254366489158,0.8627697188596607,0.8774724318160653,0.7911304905390956,0.7592386266489499,0.8408575964569245,0.8470727240386551,0.7864477488109202,0.8740069122046313,0.8760742358143718,0.8798722466360422,0.8971225427186729,0.9010118339470087,0.9090780813845333,0.8305025221988576,0.8183178434077844,0.9140673250485902,0.7848564642511119,0.8809436641304644,0.8631846194149395,0.8625153417720645,0.7970084413461144,0.8200353883726058,0.9056840452655256,0.7765972037291086,0.8796320876137118,0.6940157074290866,0.8886570267760908,0.7537950498672588,0.7229912119626237,0.8371353741975243,0.8452749319843913,0.8930107299255697,0.8439382771052141,0.8081200797685676,0.8425892210846945,0.7843272038999355,0.7955523054984149,0.858251351157904,0.8122451879745105,0.9350406250580635,0.79362359152103,0.8897794948718203,0.879466021564297,0.8468943958727257,0.7377086798332941,0.8632544118706151,0.8596027838587568,0.6967730260126714,0.878403584781449,0.8060919788973415,0.907944399156345,0.7179173639477597,0.9098513590741035,0.7962977990508991,0.7933662512379884,0.9050015522239662,0.7485395447446263,0.8160445825227725,0.8311900208221751,0.7707617174848922,0.8621418843530797,0.7493185045533366,0.6419563617988285,0.8017621935752056,0.7837716276486495,0.7636498767848512,0.8292324002155149,0.8761957377889931,0.7748570601514191,0.876686358194486,0.8418303888888771,0.8357114116835859,0.8336949372189674,0.8737270735069668,0.8094222415042085,0.9042524101779077,0.6518574119155405,0.8608238913403145,0.8196414430037721,0.740059581989272,0.6949600726206515,0.908230729669632,0.7785841671934368,0.7736837291122046,0.9316069636458092,0.8083094105836899,0.8931947338978611,0.7244939307520355,0.842494141613272,0.9376588329221942,0.8141597405323077
0.7816812821708895,0.8426239805348258,0.7472207673406296,0.8669769430710997,0.8424211212904146,0.7651064295226345,0.0,0.6570637208272736,0.6946144256742715,0.8582114947056929,0.7472970213415461,0.8327365821015098,0.7023130028192863,0.7091024547722867,0.8326643049150861,0.6597896913573356,0.7159556867261853,0.7329439500440057,0.7901142581055222,0.6604558998733095,0.822454529404705,0.7650927252477606,0.9142571297144865,0.880328199726085,0.8727384478124725,0.7739622095494447,0.7083183346933469,0.730325949785364,0.8219570166474262,0.6706789459071528,0.7606930211420461,0.6994955019486281,0.8672276350908279,0.8156287053461987,0.8414891615421788,0.773382078228321,0.7547686646669298,0.6710562767901921,0.6733215224698667,0.8648151389716041,0.8559847055810046,0.7608454356935771,0.6849887144244197,0.8881876649245973,0.7261977353433087,0.6871822327913684,0.7948736915663189,0.7836593047957122,0.9077410039602765,0.6892313384189741,0.7972387690740539,0.8557402545696983,0.6589783467869362,0.8486830608136355,0.779182535972639,0.8004104356812903,0.6955524242050973,0.7312049037083153,0.7854501866288549,0.6813095378634543,0.646699343812147,0.6067863969453519,0.7033355812662124,0.6519975828134005,0.6772103005515306,0.611984367997374,0.7338511461701805,0.7540154932612791,0.6740293770178674,0.673744067316745,0.7213404192392625,0.698746071522797,0.7368986451483078,0.7539745895438152,0.6492172252210828,0.7038234027610888,0.6404543084362979,0.8955018764404734,0.6683274279123084,0.6581874941736283,0.7232948478075484,0.7960147806784178,0.789425151038175,0.6594599223901872,0.7479563652544696,0.7467645169121148,0.6378768346074655,0.7246749191156404,0.7043960492378682,0.700959555425671,0.813669464262562,0.8847630827645101,0.7756214198882019,0.668281552153348,0.8097033713247594,0.8736228968916508,0.5844427875276231,0.8791937905066965,0.6732430545155115,0.797779101690716,0.6898239283136801,0.5776172602159984,0.8562818467725504,0.8882811113453002,0.7017733287972464,0.6772783487707154,0.620074502712324,0.8069786307727226,0.7924163872510361,0.9001230577497209,0.9092431349630996,0.758468395516644,0.7877800313813513,0.6119863725663532,0.7301471190585253,0.7724301041217022,0.7616219260289318,0.7080666773095438,0.8820762085537324,0.7418146589538274,0.6822314169577867,0.6774739365174004,0.7829218442379698,0.8388327138826325,0.723424034037422,0.8032989570330296,0.6723509468390676,0.6561701878464417,0.823098207364003,0.7101260586421163,0.6665026870420515,0.6045236407606964,0.5824344835692156,0.7571867389031006,0.6821150755339378,0.6438029312453619,0.70871954971695,0.8716885331882686,0.7746524120389229,0.6857458946595417,0.8298717649522851,0.6476154720529792,0.8606403510360836,0.7279687655194393,0.7854095526331668,0.8928870377827018,0.769837025391228,0.6786389100437067,0.82362909352629,0.5420546601481194,0.7390285192390234,0.7662996042172475,0.6659807164000482,0.7678752832544463,0.8602521060911003,0.6736793300120651,0.7022207712845671,0.8370024332824388,0.9174036139604939,0.7416950280628181,0.7412531826051606,0.7962637392996783,0.8171103363010561,0.7977647880534358
0.8333721680492638,0.7291990616670608,0.8811253192099586,0.7965177730370421,0.700885985470055,0.8699202724540259,0.6570637208272736,0.0,0.84358830627646,0.7484134473422833,0.8643102063391893,0.8420162897814297,0.9185120049420525,0.6952500974781155,0.8190197045010222,0.9084570847345056,0.7621062501037809,0.7741932058143639,0.816440184573027,0.8007805642085994,0.8636670962213094,0.8273783567861663,0.6790898238691239,0.715242666830723,0.8332195213329149,0.8807574551784024,0.8080719405614721,0.7954100686074616,0.658675438972788,0.7932674307257181,0.8883218305511544,0.870657770398542,0.805196881349673,0.78964226712721,0.723482615017822,0.8102007170616449,0.9530762937211849,0.8627247510455645,0.881658690967495,0.7108553536060349,0.738587635913843,0.6720265056834928,0.9053650671887509,0.7492822289769993,0.9354362983701954,0.8584330290644806,0.654554346792597,0.8889336679714925,0.7424586365674163,0.8159545755185381,0.8836016947922068,0.7782122882407568,0.6423073241991633,0.8478607821881703,0.8790579237093338,0.6904811597290601,0.8495859868440029,0.9112541861106633,0.6461208648181153,0.8010797823883711,0.9775646311394731,0.779750179562823,0.9090971234742072,0.6159002222790476,0.6972244910595476,0.8241394715117516,0.8764183944317326,0.8867649712537982,0.8048603825932091,0.9632452258732543,0.9144903358094532,0.6847056394416854,0.7623861940548935,0.9111626439902387,0.8643074264735706,0.7014831571116018,0.919401005373028,0.7532816768354266,0.9206461524538636,0.6359175703412371,0.7275302125567533,0.8854848234312871,0.8418550060748132,0.908820144268865,0.8193034999561787,0.8967789057996586,0.9688166560451937,0.8488918590383072,0.8846237819562958,0.8393446604175048,0.8151126795821614,0.7127514540159118,0.797749048917624,0.7514021519347375,0.7408509430103567,0.8192177349767943,0.879139916999511,0.6945930878169118,0.6011262494455658,0.8200224579527611,0.755166061673969,0.9169485438340873,0.7603010984200306,0.7108907125920049,0.873512576925691,0.9022263256878329,0.8912164812378087,0.7103052809817287,0.7341102502203847,0.7214082723164387,0.7590259705862604,0.7930123637275592,0.8693696100195988,0.8404253120005097,0.837752488071795,0.7850312841438328,0.6574024828755519,0.7958993741965178,0.6947346306274095,0.7361358148675222,0.7021714064830795,0.956432854657862,0.6527566715676401,0.8493524446266358,0.6202684140197982,0.8673051037965172,0.7322142701623958,0.9122332433463385,0.7520125663535477,0.8074801254112244,0.7264899023062825,0.9057073448326995,0.9174565740022306,0.7787974452040293,0.8754580144345252,0.6245824384074695,0.7693976459832994,0.7359792548561397,0.8263955870263615,0.9364301045556533,0.791659571959535,0.7249165566742626,0.7613899416067976,0.8204011097891342,0.8470243307363342,0.757698627436234,0.8867799214249018,0.7954481835141455,0.7992572306752648,0.5874833205225677,0.9161622589137022,0.6540629110584439,0.7701811025744042,0.6989214317017379,0.8124579739644837,0.9423874926507522,0.8618067491794515,0.8638834848783655,0.6900844994767362,0.8327818674935769,0.6251530655619696,0.6651419447997047,0.8586728549142831,0.7794374166832442
0.936908903087002,0.815551194233879,0.8810975894331846,0.7329653946523826,0.8570284201115871,0.8360446985610935,0.6946144256742715,0.84358830627646,0.0,0.7876720820726145,0.8894131913316056,0.826190603708243,0.8677213723940858,0.7841130000430109,0.7859094279197897,0.9033983939855582,0.8585446846933916,0.8715591236291649,0.8373348028556187,0.9142491301293921,0.8620265734860459,0.9132172890442748,0.7829674515496184,0.7332127901055969,0.8562841563131957,0.7443101299195022,0.8654959438476211,0.8686686627464728,0.7300551148569276,0.9657880620194657,0.8387009851283495,0.859443711249718,0.7422077867359339,0.7376223063915229,0.8430350672712452,0.8025465367455042,0.8560356819604296,0.9120326277487127,0.7828085269991036,0.737528994038355,0.7372922759840317,0.8406395963207963,0.809479925601735,0.7393310800536976,0.8175395832510332,0.7693546559112502,0.7371691788139257,0.8114032962908097,0.8297179023388119,0.8632452447670406,0.8168939050206195,0.779761361941736,0.7233090900044271,0.7765307756041738,0.7970240224625269,0.78402850298926,0.8922040919889032,0.8950170428401564,0.7152055698454037,0.8135052534697158,0.7928542346125453,0.7401094605980605,0.8321928340362559,0.7306040072064418,0.7400132141049186,0.7195358862584345,0.7557780756452631,0.8185888185321345,0.8672177349058684,0.8695266664659901,0.8473532632549965,0.7620630380471674,0.8283314054671175,0.8365877119039462,0.8965293928901182,0.7125726134425554,0.7638424599371926,0.7818540493905354,0.7675923712646137,0.63965320029794,0.7155049573240796,0.8734269871924086,0.8973634512335426,0.8310996508237556,0.8430090011966448,0.9211871608913847,0.8117227587553295,0.8310625724394027,0.8221010561718718,0.8015495253712992,0.889883727899962,0.7424607847602407,0.8654267190126801,0.7618502361820033,0.8330435886696835,0.7871710457721187,0.7523867007998883,0.7146031909451156,0.704951164788787,0.7556251930597861,0.7417163727905599,0.7205453891576223,0.6959007216478328,0.7027825154268619,0.8672190587863385,0.8203644118275993,0.741677155435756,0.8262159012489608,0.7215000714901884,0.7595378163616049,0.7314826959566785,0.8468018641445734,0.8085953890969517,0.8806622869426727,0.7937805073171491,0.8683767392195355,0.7254176923262975,0.8757906899393242,0.7004478465406241,0.8081205152633851,0.8300418963272048,0.7825981108310395,0.766264740240283,0.800418439323015,0.7831708188839751,0.7671423923130202,0.7518402283293257,0.7898034375642549,0.7454345179000209,0.7832529656074345,0.8924843770364216,0.8780352316054366,0.8105216509981914,0.8635729395265652,0.8056819028303656,0.6898757459790908,0.8393416693667206,0.7657241516678718,0.8295112919638135,0.8660664688874471,0.7269518666930026,0.8110478476409698,0.84565147685842,0.8721422653675212,0.8193176641235748,0.7848082230981924,0.930671778308715,0.7147872364963745,0.8955066294786859,0.673124730314524,0.8303243264506234,0.7203549704254566,0.9009976826311018,0.7340204699846522,0.7585500465756483,0.8098885194483948,0.8631701852299757,0.7862946094673772,0.7117371542013481,0.807766534865988,0.6162483905657137,0.7840728493109906,0.8751536917018061,0.9094000751656331
0.8662262886731625,0.9108036449716177,0.892824135467662,0.8309060315966813,0.8174939181077452,0.8663236776719978,0.8582114947056929,0.7484134473422833,0.7876720820726145,0.0,0.8102837945668441,0.8269652687619838,0.8365892571839497,0.7778335018564997,0.8020088120534705,0.7940321557824748,0.8629093884371519,0.8492191546047905,0.833802476241874,0.7575122579055289,0.8681871617341465,0.8484576290313345,0.9083356633386879,0.8151637342569633,0.9232298117379701,0.7524406145546475,0.8143182990412309,0.8769512875483931,0.8601884837233874,0.8057337510416943,0.7594798249163783,0.816855240345548,0.8395357645719838,0.7847830348237749,0.8211871060421067,0.7732647920303917,0.7969213552265366,0.7636237979031584,0.6630739246903782,0.878214768848311,0.8273344944000551,0.8420615718549613,0.7279609749867215,0.7882078796238055,0.7744871932326347,0.774397310538605,0.8430681711762086,0.7688794746542431,0.896462049688315,0.7531249876571963,0.8199438298013859,0.875597650967224,0.7516738330273266,0.8307974918173093,0.782081345199098,0.860283207737792,0.7859065772427891,0.8099076725479567,0.8141382814726668,0.7626633623229137,0.7315647457996508,0.6751630045516662,0.7888284050636022,0.6724739857015924,0.6997823098823138,0.6865890337653351,0.7456029332321693,0.8103987574012782,0.7962810434304873,0.7656345900734091,0.7627945865346205,0.7227272179349373,0.7876031015947328,0.8392677427729286,0.8048501994420755,0.7671597308029324,0.6937082681709767,0.8742858037325694,0.7222877955625964,0.7053471142118558,0.831557090454819,0.7954082357650022,0.8955447724170639,0.7775304611285104,0.7935568504310402,0.8476929073952789,0.6899259757183445,0.7728446977205297,0.8318255557557628,0.7270038771670356,0.8531923371203027,0.8047410477255634,0.8332785968597118,0.7390304679342373,0.8383675589801147,0.8476645447772564,0.6420209261281651,0.8375863586353893,0.6554141987145677,0.8494971801363809,0.6829799098795544,0.6251223090585429,0.7619856688111138,0.8373301416804637,0.7718711626481816,0.7871085878724635,0.7117608569716535,0.9261196158691318,0.8393044222259,0.8832760746240652,0.8092161383006125,0.7393403160874763,0.8407000637788071,0.7247808010196857,0.7991744809589153,0.9010566756145965,0.8450917822868456,0.7680579362835835,0.8671126811773623,0.7966392927946492,0.6959947517930648,0.7201130828637725,0.7884419697731655,0.8628196676934087,0.6996290058336406,0.8279867962576758,0.7361354262128786,0.6970974925951493,0.8507358307030752,0.7574261832674615,0.8245231658254083,0.7358261656221238,0.6597028441892046,0.7517916345172906,0.6861966278981357,0.6544085699745992,0.7943606962749671,0.8086979072390115,0.8263235729428005,0.7323520420411685,0.8267485741618402,0.7215126726966395,0.8902155025256095,0.7627181118083509,0.765324106827958,0.8287380881909329,0.7970702377098895,0.8096874726011092,0.9401967811075178,0.6078212157952675,0.7304023830138213,0.8208109484278572,0.7482179255719605,0.8294170911874899,0.8465586392731966,0.7135066480799295,0.8082132510949758,0.8881233811955007,0.8279893477066965,0.8102092302394789,0.8200091276477673,0.8069182998334713,0.8707987678087369,0.8103809751764718
0.8971248792304839,0.790492265695841,0.9349817597279082,0.8591993173456679,0.8893514076527774,0.8432631602351636,0.7472970213415461,0.8643102063391893,0.8894131913316056,0.8102837945668441,0.0,0.855719141369361,0.8803102852505568,0.7825152368623494,0.814890015004339,0.9143778612556039,0.8756541212727943,0.8643786017863568,0.858207573414645,0.8218726595643403,0.914091521982548,0.946232397764209,0.8262460840407108,0.7602767403849626,0.8844967674792701,0.8409776192579328,0.9139900755632814,0.9135512017290974,0.7754063325966682,0.8689708595886538,0.8148801882335633,0.8353751931104456,0.8171572807496158,0.7602097158405569,0.8390009956850205,0.8425919943491249,0.8902479842208249,0.9137404110774249,0.8098748325226196,0.7993198580519899,0.7852201638647266,0.815420241884203,0.8273310933533243,0.797721747268029,0.8339904579748297,0.7426551919433301,0.6649116219959774,0.8904581861837867,0.867129784774231,0.8376891819896588,0.8717165038728807,0.81408583360016,0.6750483911877827,0.8714091930729897,0.8870921411060086,0.7031096458453726,0.8607756403984582,0.9505568033139319,0.7342979853501296,0.7817310227415625,0.8467135038507078,0.7023539946920269,0.8739505954728775,0.7083439007259331,0.6960583871323037,0.7020692601945991,0.8124768044641465,0.8189699325009999,0.902643494710377,0.921739882175665,0.8370492650355248,0.7289658617268305,0.8804269822754999,0.9071552631963687,0.8933084678411095,0.6501103871520981,0.8340508682840563,0.8339814585055018,0.7769742752362254,0.6115316547351108,0.705109172035102,0.8851994824967274,0.8323693129496346,0.8521856781476822,0.8713597557870297,0.8884958374953088,0.8527594351356393,0.8360131132533525,0.7864861447824014,0.7417323840554297,0.9569551037561166,0.7352552039384933,0.8830753121532567,0.7109258308147973,0.8822539784675436,0.8203775524411213,0.7316735956347054,0.7210633879939058,0.6723098349627473,0.7735763533604919,0.7394355010876641,0.7593554140974246,0.779424468630806,0.7506154939912258,0.8660099049440987,0.7882321419609681,0.7541560754983577,0.8359233954438743,0.7186817012192563,0.7486395102755264,0.8145456022577469,0.8850161824731706,0.8636794114673484,0.9033268440200383,0.8045978940576368,0.8613044265623899,0.6870760710596889,0.869477075110618,0.7998736306315574,0.8242102151164926,0.7971470962429906,0.8511099999138657,0.7355901777204246,0.8088493577428952,0.7277552353554295,0.8167198253524407,0.7420043232415975,0.7846931832118894,0.796689684849874,0.7857310307706574,0.7860123057044198,0.8682799073648785,0.8265084150989671,0.8757496016274231,0.8311639742380426,0.6356908587913488,0.7254000104328782,0.7993796385085659,0.9021682438806292,0.8503855075885476,0.7987845521165281,0.77373789238839,0.8308044964468847,0.9187207586953743,0.8618535194106022,0.8038618021587048,0.8824998708207069,0.6991883258713039,0.8599384670711281,0.6393674362717405,0.868689496212938,0.7129690736979545,0.911486235796343,0.7079777420098051,0.8187052318618571,0.8168396793965412,0.8845772699977645,0.8238084636106556,0.7938665145308514,0.8588822693629813,0.6269531375878385,0.7487295914471681,0.830162128275565,0.9490219569341952
0.8341308137802199,0.8444609178210697,0.8251427368631278,0.9078202342213143,0.8148667740882528,0.9149121054148218,0.8327365821015098,0.8420162897814297,0.826190603708243,0.8269652687619838,0.855719141369361,0.0,0.7898030571794955,0.6971864871613256,0.8548842358725228,0.7879451831871874,0.7486758007853578,0.7279215889953786,0.9098551143796332,0.7318298073412967,0.8999788420981888,0.8160240204277893,0.8106868224509682,0.8144684265508083,0.9408378622532207,0.8510435788151245,0.7662721921305805,0.7856498110754611,0.7825727576328464,0.785056438242683,0.9161706460999286,0.793180097739458,0.911048083228393,0.8950562559542536,0.8410588111249099,0.8577401632235944,0.8836686936686131,0.7910798116598861,0.8389048853426407,0.7566786090442391,0.8602339056248884,0.7636040499451955,0.7823029360942984,0.9115179461424362,0.845390422400559,0.7387787899073507,0.7218942856005178,0.8961707463878631,0.8285220088441706,0.7440341628868532,0.8595963720481515,0.8807504905697368,0.6347893816541281,0.9202579698146258,0.8867284971632651,0.8163953656655871,0.7718977610842565,0.9151462011974275,0.6564726078474,0.7386243191705444,0.7985881355073855,0.6881327293064358,0.8188124431751631,0.6390738740072641,0.6579795400249819,0.6683000703867196,0.7905128253921876,0.7993029197648549,0.7096436112404034,0.8331530947343079,0.8150919049636312,0.6853663375326179,0.7678607130146589,0.818079922805293,0.7678677769706268,0.696939277030962,0.7463003389877311,0.8826416208670378,0.7995703253744206,0.6857181376487008,0.7455102851376494,0.8978889614964795,0.873556858489935,0.7950828933953795,0.8265715332210207,0.8775801664583285,0.8233397889762976,0.7648999162211474,0.800778030931261,0.8402461451328205,0.8654196722913393,0.8920940393108682,0.8168899695628521,0.7014417183330776,0.7780862632014689,0.9698573646704307,0.7175835034799087,0.8889563270724755,0.6732879888837562,0.8186981960828795,0.7554777956581599,0.7126400361438784,0.8719356807185475,0.892683152600786,0.8103669369730545,0.76891181910163,0.7179206409181398,0.8166763766729856,0.7344363844597782,0.8534182159373027,0.9271917945649466,0.8227075559261883,0.8609954091600067,0.7460337802675769,0.796584262141385,0.8179654172947921,0.7387262145740703,0.7489494021400193,0.8359025906793738,0.8089070556261988,0.6996148669228468,0.8563230762368074,0.7667958406509234,0.8960641971662078,0.7128945606541293,0.9145655256733649,0.7060591762629137,0.8051043150406857,0.8627583965111172,0.7212102393429943,0.7461312620978026,0.7427247116562204,0.7300996329880067,0.8843100660715296,0.8015602555913535,0.611686529249943,0.7772206832883685,0.819349640331184,0.7906405772176728,0.8429861992808981,0.859363435224875,0.7141335508881932,0.8448401133084098,0.8226453269683596,0.8872252278878886,0.8682926717460415,0.9258611039284131,0.7179238568358304,0.8752272903807657,0.5992781969092897,0.8971603107506814,0.7438380210962737,0.7288545559777908,0.7015359959715909,0.9578256734328789,0.8031601475425638,0.7651932480150511,0.9367699332928057,0.8393358588900929,0.7977051959384216,0.6411775916218623,0.7980947107892803,0.9232297869905967,0.8547738076024659
