0,1,2,3,4,5,6,7,8,9,10,11,12,13,14,15,16,17,18,19,20,21,22,23,24,25,26,27,28,29,30,31,32,33,34,35,36,37,38,39,40,41,42,43,44,45,46,47,48,49,50,51,52,53,54,55,56,57,58,59,60,61,62,63,64,65,66,67,68,69,70,71,72,73,74,75,76,77,78,79,80,81,82,83,84,85,86,87,88,89,90,91,92,93,94,95,96,97,98,99,100,101,102,103,104,105,106,107,108,109,110,111,112,113,114,115,116,117,118,119,120,121,122,123,124,125,126,127,128,129,130,131,132,133,134,135,136,137,138,139,140,141,142,143,144,145,146,147,148,149,150,151,152,153,154,155,156,157,158,159,160,161,162,163
0.0,0.5779000456576615,0.46847170408520333,0.49403637627033503,0.4967105738401058,0.5122172827491814,0.5444566516861306,0.5478384401593627,0.6068073711765304,0.47008475519818355,0.579176105110028,0.5011673610025166,0.610785410281761,0.60236318661648,0.5833987800304595,0.5439474574093989,0.5690346962495791,0.7235969784825267,0.5550488968641952,0.6424054899494279,0.5933757944160536,0.5624744126403751,0.5270960303946401,0.6195569546330206,0.5966549013534683,0.5476522107047593,0.5290271281843482,0.5308380750438405,0.4601904780980801,0.5400224468421937,0.6147316152918059,0.5772283350539884,0.5086074698289028,0.5173258261357099,0.6619317917459421,0.5382875521715197,0.66444114095937,0.6099559874705406,0.5172639822663885,0.6506118300760206,0.5444961165916287,0.5714403735462358,0.6117991242158469,0.5683533566151991,0.6210028175009886,0.6002450783449913,0.5368638708591489,0.5432797068429395,0.6282591735968245,0.5930728583927812,0.6242510756674385,0.5632085390628797,0.5433429661918666,0.5447174556146899,0.525523054081573,0.5491969529164905,0.6724437704594637,0.5317568330827345,0.6076388819470399,0.5991987582557087,0.5405615570490495,0.508741216296624,0.5838006493485142,0.5061197485665749,0.5901937773830501,0.5877200225246365,0.5839416837419038,0.596949698549133,0.5578194134844471,0.6145485501222852,0.6381278345098192,0.6190374282221531,0.5807585719236105,0.6070940233925072,0.5652626397325139,0.6236601368046146,0.5130349352952022,0.5303837689908644,0.5773037237784825,0.5123666422673078,0.5272976472896,0.6043597790728239,0.5837544229490926,0.5574114782932285,0.5858040538015783,0.6283314471659541,0.5902747706388884,0.6074244275505813,0.574519528996821,0.553689647529393,0.5926716450349243,0.557600738215438,0.5681334687221338,0.6325834573423873,0.5831903767280905,0.5075268765615695,0.5082029251250973,0.5180577751839117,0.5387148828221662,0.5918061429047213,0.5961067911311917,0.5091947042338938,0.5135095995787614,0.4469862308800824,0.6240388424593087,0.5507461170762888,0.5119038354462915,0.5353630177209946,0.6015171307045679,0.5727160225026136,0.5610876776894036,0.5759376315067186,0.5746290117723113,0.5135777416394104,0.6371527093329536,0.6004596058763076,0.6078775868030576,0.49914062939268533,0.4745462921289796,0.522598636632888,0.5692142806093801,0.49750461668319,0.603198499853909,0.6384781315428157,0.5829600366867023,0.5208492116683613,0.5004577889445944,0.5450100371513482,0.5030621548287048,0.592805701344625,0.5354394461900023,0.5143834009532603,0.556745128429841,0.5873086080517356,0.5582061195163086,0.5313842923310247,0.6042845049925553,0.6436723530296218,0.5669912145096729,0.5948056288805489,0.5016013443103713,0.5641808520534863,0.6091081542329926,0.5112117693360486,0.6017151939005891,0.59170552257103,0.5553547212915785,0.5044612561460768,0.5341458526592981,0.4452242980970915,0.6862817620476909,0.5643976240537112,0.5667844402262099,0.4897952491728917,0.5448291537437846,0.6518961695498852,0.56044891100755,0.5382082832917474,0.5533457885320727,0.5450675556421478,0.5074541624788208,0.6950749718177769,0.4945283027453949,0.6919445202099028
0.5779000456576615,0.0,0.5870871563777528,0.5211914264054839,0.4852808987469185,0.6169092639148425,0.5548342387033766,0.612446251296158,0.5609191287909009,0.6308995652214213,0.5937491857936007,0.5944322193976308,0.5906235728667156,0.5775764321222351,0.5750482654379965,0.5626659558141452,0.5649091821005257,0.5708888554270256,0.5798192824941706,0.5386761325804275,0.6259176070502672,0.6728432086812421,0.49405640883553986,0.5825723383971407,0.665727984790612,0.49360681543132373,0.5263381228870876,0.4967221521983026,0.5962092140127193,0.5240263085745483,0.6184150759823959,0.6081621725300383,0.5618148644790192,0.4831657742219338,0.5585002783219862,0.5940368120684101,0.5991887355184847,0.5741251007549829,0.5562512046378442,0.5993305605000754,0.5869904072384698,0.6155490152004877,0.5405286029128943,0.5620921839191879,0.6096063695601259,0.5368645859853356,0.5350017317780175,0.5482235289980553,0.5636995289695462,0.539930851551492,0.5840429790981091,0.5297967615291367,0.5305223524424877,0.6568751768055101,0.590266146978359,0.5903693795749062,0.5510737145052593,0.590583057508404,0.59661379177239,0.5587225716639369,0.5919063328672306,0.49926156626948864,0.5442513851543975,0.5042988736916547,0.5111964404604028,0.5123551683033848,0.5568750472850553,0.5709052235032214,0.5438340930725065,0.617357212326485,0.5612911218369285,0.5284935645723519,0.5227388141243694,0.6077488512197101,0.6090934621480129,0.5277833123088332,0.51012596454956,0.5706953612237796,0.5035053720662162,0.4776956700094264,0.5671730095063178,0.563753102864714,0.6444921101963145,0.5535667277205804,0.5293168648309283,0.6130405691163698,0.5617052742198185,0.5348577764801525,0.5506957666078386,0.5622441903032075,0.5429170967411961,0.5920302118601983,0.5864314420462172,0.5179302394157815,0.5521100288058359,0.6242699669671002,0.5328981319927273,0.5603118423160436,0.5002108148726516,0.5666779916745053,0.5599336936531258,0.524351282952747,0.49332653634867896,0.5221927377178098,0.5577943434207434,0.5152052207845095,0.5294616027179054,0.5602001027883353,0.5915784760645957,0.627603822885875,0.5753579565553555,0.5102423149151689,0.5535413129781728,0.5274421100658945,0.5300099843795021,0.5547782157571554,0.5729775794104657,0.5135686277134708,0.5309629293744121,0.5222908811847222,0.4927925304450314,0.5046196670128253,0.5171110816934814,0.6155276956228233,0.5067111472934182,0.6463362427415247,0.5000586270827374,0.5830269931385574,0.5928583643104857,0.5519477322553538,0.5944214482946941,0.5455249453962656,0.4885080264870928,0.547160812587477,0.5706099190157249,0.4829260832406156,0.5437852214542006,0.552189967978294,0.5592809677788501,0.5813717206124476,0.534493320791972,0.6085409853362057,0.6099943048689916,0.5605869305120281,0.6111372303428633,0.5197062847675599,0.5810241386278507,0.5719946727375251,0.6345657849976872,0.48529664267514805,0.5430547380321943,0.6182783091504548,0.5492640030464109,0.5707920613434778,0.6211318388741549,0.6020509716023383,0.5047145557009746,0.5887215413467235,0.5170196660962525,0.49161532917011147,0.5517563121770448,0.5827160460189268,0.5128331662202125,0.5485954766357645
0.46847170408520333,0.5870871563777528,0.0,0.4485810756823029,0.467614701735822,0.5807508768828634,0.44673603975538345,0.5666775582282613,0.45752240291510626,0.5941684062200403,0.5336767578236371,0.521861268772832,0.547780087369143,0.4880073422893571,0.4598185203358688,0.599521298117438,0.5589343218090848,0.48311182743381803,0.475561907639932,0.4695243781446464,0.6010311779534602,0.5992803221567393,0.429435472656718,0.4972996427701825,0.541546071297912,0.4921312545613917,0.46352850818630237,0.44224852295052447,0.5491678587276098,0.47542963151723383,0.47204586567830814,0.5457382024494464,0.46819126338587486,0.4294485998457477,0.44380764159679026,0.5326074464025968,0.5139196370756154,0.5249850271233059,0.4803308198056056,0.5144198719181499,0.5169087943589621,0.5560270471631111,0.506018876987269,0.48076163624169427,0.5331897400655116,0.48601991167582864,0.5295785014948005,0.5181742173051446,0.4644455684309361,0.49178250525642786,0.5029927902019826,0.5004615718253315,0.45184489663780014,0.5492809507855857,0.5099024412889553,0.5148336595255367,0.4775426689285151,0.5823387066559894,0.49523708963533714,0.48360193577136634,0.5319256364722238,0.47923294178995895,0.529622700486607,0.475711790510987,0.43749297265438286,0.46817372475451124,0.4799830530085099,0.5293861181243235,0.5410722111461775,0.5406716951031207,0.5004682922593476,0.4462712688863061,0.4702087187277017,0.5567897067740192,0.5778643207216309,0.4285200818690358,0.48714886087500575,0.5439389070759498,0.46907724782906307,0.4453268574415177,0.5548886290946736,0.46733662363949313,0.5526187887848049,0.536119980857384,0.4821614484709133,0.5456441996852803,0.5014097102246153,0.4526759665322264,0.4734197496978273,0.47951882670969437,0.494132459354068,0.4626807793949095,0.5041144014215785,0.43301930515849535,0.4775468781914168,0.5251015006326047,0.4879739253382759,0.504836754537357,0.4373433235154102,0.48305507200183173,0.4517125125575408,0.5145786241412932,0.4377931068515264,0.47406556144661566,0.48383664132081544,0.5255034304515988,0.5345614731059662,0.5326306615162854,0.5260982393332596,0.5577162776144163,0.48514930996818784,0.46253561161188533,0.4898407754291747,0.4888365945958611,0.4685778834826059,0.5077141975982453,0.4780202283210471,0.46370977695765236,0.5418280023062972,0.4665163800122957,0.45326013300638157,0.47109598646745804,0.46961124300416096,0.5083569296400259,0.419633887566878,0.5568325303827777,0.4772917121072999,0.5544996935476767,0.583431339322439,0.49457688408545875,0.5395001412143063,0.6041428048561378,0.43178138032650587,0.4524106099736183,0.5019222960861089,0.42751500406793275,0.4850349383329375,0.46028658681896206,0.5142948996539897,0.4917831119445165,0.4414748686402106,0.5674948151350934,0.4854001389463089,0.5123813465956528,0.5434078844489583,0.4614009962282389,0.5184197841330377,0.543085216937614,0.5997002739219751,0.5252448723578897,0.43855409276560514,0.48393847547504804,0.48726808013834094,0.5967137549140316,0.5561657743349943,0.5017826770047459,0.4336274460647902,0.5572526705439002,0.4070113636258745,0.4358278964043407,0.5214331868622964,0.4574931341386223,0.4744528479496458,0.4633327602110956
0.49403637627033503,0.5211914264054839,0.4485810756823029,0.0,0.44381601340596205,0.5429827574194545,0.5680877066720496,0.5210869498748614,0.4618520706546577,0.47687127346049263,0.5140735701985084,0.5305721469687722,0.4767415580461342,0.48227037359297764,0.49077720772267425,0.45831221391260984,0.492735293703885,0.48314061863358093,0.544626060475081,0.42243574018053914,0.5272511060042218,0.470833270300294,0.49052024450235626,0.4738448821526469,0.5452442257336937,0.5036188809897928,0.4863776940315515,0.48640425809572274,0.46380288640119377,0.4514232875917941,0.5054723046896461,0.48759637422157714,0.6679228318615599,0.490464098225545,0.49761670556235366,0.5260908150998285,0.5008884156708242,0.48358915124875385,0.4565259285835815,0.5324597789189254,0.5563217256651637,0.5196425149237912,0.464895206601452,0.5440143316377256,0.49848391911308143,0.4638443248780673,0.4451253019960705,0.4582971355896702,0.4985509734991149,0.4522734479519167,0.561270677840432,0.554787648023672,0.4531037968778155,0.6021813267191375,0.5243553556693481,0.49168075442119125,0.4776526318726515,0.5793908708922042,0.4816134781033731,0.4750977507288847,0.5018455343074897,0.44863177475870775,0.5261024385831482,0.41818465042014735,0.4354232593234695,0.44533794540284727,0.4922851049008489,0.4635865798300196,0.4565874799896795,0.5534398027967659,0.47235350433542184,0.44827090984199397,0.5118953081858524,0.5347854920567522,0.5018865894120432,0.4586162389593599,0.46599354097879975,0.5121554968322855,0.4742910968379699,0.4443862350318148,0.48662253131491967,0.5273509865229623,0.48371543993152954,0.4844057204181223,0.5192358916359021,0.49831940876689196,0.517747480809016,0.4859806683473411,0.4969836248635182,0.45965186599782765,0.5671020679099988,0.5961762055666998,0.49152628758096184,0.4535869831557275,0.5160499133861154,0.5311896799143772,0.43654123468793654,0.5598939802468244,0.4622180801880373,0.5527226760734144,0.4630139863716838,0.46096250998329974,0.618400578874425,0.5217990031157277,0.5160877796800616,0.44699480238532435,0.4624122073563028,0.4997650673150027,0.4928144945239252,0.46592248451712,0.6025029362116191,0.48947819533973486,0.5364371940332558,0.4813621640536817,0.5115206497010896,0.519243089446033,0.5257472457425526,0.40754126214015013,0.5575784440244532,0.5485155280551873,0.42181026194446225,0.5747955256157153,0.46555846177910826,0.5399554227084177,0.43889724195932245,0.526369296361854,0.4797375473618437,0.46318973703315214,0.5244965022548665,0.4446129647400016,0.46792741769688034,0.45348165301037985,0.44260732647545753,0.5307850284455806,0.4350492572209263,0.3892018277192981,0.41709103588339036,0.49566200386217635,0.45626378924669414,0.48801292394651796,0.568472730462566,0.46709233581251847,0.5462414214537081,0.49407928940971135,0.49419723423491646,0.5203984862576975,0.4694955239751816,0.46754218419469984,0.4647379418892015,0.4142109099708056,0.5292254021940229,0.5429655078780138,0.45576271935728396,0.42881344077300754,0.6084012700124329,0.47609352702788044,0.4271156674936924,0.5520570077920735,0.5801151934614925,0.5046690562972734,0.47617557323685794,0.5344150647582471,0.4671106419193058,0.5084258202711258
0.4967105738401058,0.4852808987469185,0.467614701735822,0.44381601340596205,0.0,0.4398740235706257,0.5288946812355668,0.44165880504065613,0.48459193234929265,0.4188013497885498,0.5157875416370148,0.49808306610944886,0.44537221790137665,0.4615247362534244,0.5569889878515171,0.4826225540737481,0.4729633113291295,0.4902690860905434,0.46362033122899926,0.4487729916866345,0.5380440490753764,0.548694998984714,0.4534191849408631,0.5397775877305356,0.46685467866008357,0.5016563687173442,0.4447664550289356,0.3993245523928549,0.45006431818152537,0.5194643686814406,0.508381225218077,0.4609348090448119,0.47720569145630526,0.41432321130158667,0.49661487141486854,0.5202789780172472,0.49516534273031343,0.503032157501695,0.5357787681603039,0.5125061756990911,0.5332671909837804,0.4981296764270951,0.5336124184641223,0.5555669825318401,0.46644784593872385,0.4581763738585657,0.5298374651993841,0.5105322487241326,0.49991735671516424,0.5254873998298947,0.5406443674347106,0.48748354864331284,0.44493984775749035,0.5094619276038576,0.4974430005651721,0.44862901412179934,0.49447689339381035,0.5326148905560485,0.4662763665277175,0.47798364892334394,0.4141781403557883,0.4520837719962944,0.48883543407019653,0.46122359015624476,0.47757905032914527,0.4249760903014146,0.4413579887886982,0.5119675729752162,0.466427638899918,0.4690061735164207,0.5241935130563069,0.47476957539934944,0.4364854321941565,0.491239153981686,0.44464886659877967,0.4218723354099913,0.4581438164816016,0.5851106859552284,0.44658718035642087,0.42897526793923413,0.4414870690464101,0.5155801214195582,0.5365816210536319,0.4229833751115505,0.46958214093125084,0.48655269483007596,0.44011181096735363,0.47839272316903175,0.41970500641189495,0.45392070845712756,0.5932836262604801,0.4957232645758049,0.5575467468681681,0.4355696607351958,0.48416294483910266,0.4836435698593866,0.42599354978497517,0.43738012807672727,0.4899594358634088,0.4329434532085684,0.47051222100675966,0.44230774643685694,0.4596820013820938,0.4274312940449351,0.4789918660467723,0.46159678150437466,0.4338979059836743,0.4318655063897804,0.5052205166003253,0.4732471212350463,0.5048494667571146,0.5140240993914522,0.42651580613881773,0.43490377583975387,0.46428847436123427,0.47492759057599865,0.4318919649560639,0.46992889696932066,0.43282913193045697,0.44208362782191973,0.5822956741482349,0.4459279687764716,0.43916141299115635,0.5286781155168824,0.4578456368881464,0.4779441616210438,0.4380534848217791,0.5293860028031213,0.4437157433836845,0.49875275130986985,0.4383699931905096,0.46719993359041645,0.40842253598940825,0.4993601448172929,0.4693916661711223,0.4710327462729809,0.4751843508543736,0.5640561424288866,0.4638806477907579,0.5251179260834241,0.41998448553020046,0.4942849168087135,0.4920934817902122,0.4863509241934372,0.5265153692971493,0.49475254228029386,0.5935638276290739,0.4470719576620626,0.4553022498621909,0.4150442508223872,0.48015454888121684,0.4639989101657127,0.5080126550961205,0.4907261743404558,0.4865012269717564,0.47439694157991663,0.41809747473285974,0.47981849951345856,0.44775952965312216,0.44255290289812627,0.4173221291020857,0.4719561005414737,0.4396177234211229,0.5602633873671627
0.5122172827491814,0.6169092639148425,0.5807508768828634,0.5429827574194545,0.4398740235706257,0.0,0.49721845892106903,0.5786834769780318,0.47087488377628894,0.5785859335628503,0.5550405681581121,0.5369123332394999,0.5880961331554455,0.49804983815461684,0.47259555982542495,0.5461803653010523,0.5478060955561536,0.4914642628491171,0.5177343373483615,0.4544758473831451,0.5761578443060399,0.5416631980799015,0.4442246248626643,0.5053670689360197,0.5945749592395607,0.5017121973531495,0.4645823473991405,0.48452121989919494,0.5324406352437258,0.47622950382888374,0.4944316687911409,0.5605594178526064,0.5511627369265969,0.46155781372042765,0.46768094491782536,0.4981780728438332,0.5652995552367198,0.49816562738190656,0.458170812522351,0.5349996927817809,0.5203201124265291,0.5826076102307977,0.47807387439217747,0.5257950022074845,0.5256669392115499,0.4877455160990541,0.4951788820939067,0.5206252196207363,0.4822242910239218,0.4553365800701029,0.5348725562711643,0.5596816493478985,0.46399434556294056,0.5943582063150328,0.5151565468600641,0.5776545910905334,0.48496161312180425,0.5939352845595106,0.48713481050860896,0.4768326047078475,0.5999313926842477,0.4696634128598493,0.5612110222192963,0.4212826928313118,0.4357444921235615,0.4808994893867125,0.5148176420433102,0.5475785333895491,0.4825831977555567,0.589986889501231,0.5085402704471351,0.4420413262172323,0.5057498984481196,0.5744574020520289,0.5834225979711097,0.4801800428846216,0.491750806366067,0.5433271987233846,0.47430247356888056,0.5138866245340857,0.614706371306889,0.49086004611203893,0.5800781993889965,0.5633013703557088,0.4961249245920456,0.5399651226377711,0.5641535944023729,0.4600338257499563,0.5192179412976601,0.5050155111489717,0.5093758454276236,0.5092533407307785,0.48937624152065323,0.470086832742699,0.49566527936482085,0.5843103595717272,0.4714449703283584,0.5497792800035467,0.4342257743349732,0.5486000160629777,0.46800153046817927,0.48944819469207523,0.47391407615264186,0.49371041728443976,0.49457461635779915,0.49798722460946204,0.5041295514648731,0.5486085953246042,0.5161454236922658,0.5783672007633759,0.548971356785951,0.45191198733545646,0.5968184973492857,0.4865150616254558,0.5026060456867829,0.560048239108205,0.5436711567274302,0.42802669895568296,0.6056600691626791,0.5120287603343261,0.4267960219362454,0.5106209905138561,0.49770005246580473,0.577194483037945,0.4406116192039967,0.5999782264198652,0.4783619624186674,0.5122106702235021,0.5702685801505072,0.46453682852167316,0.5433976629280212,0.544745120832334,0.46633574053013027,0.49028515738018114,0.47284258111138394,0.4152482101601609,0.477247140969086,0.46382391042359306,0.4678297505741647,0.47977609284223466,0.5291726811392186,0.5284697760564276,0.5181164688277952,0.4807970628314411,0.5299277363756494,0.4765216583493436,0.4973197597067887,0.5503405808228903,0.5352632753531922,0.4542109068289029,0.4822438450164147,0.5408499231893119,0.45350070702884554,0.48837829291465423,0.607353961327545,0.5215792805607463,0.47490810217792623,0.6704214635418005,0.48150220956975404,0.49070111995088467,0.5449984571442558,0.523277765461225,0.4685996433560565,0.4971698873002065
0.5444566516861306,0.5548342387033766,0.44673603975538345,0.5680877066720496,0.5288946812355668,0.49721845892106903,0.0,0.4888106086057994,0.4970218428958001,0.48644902716417815,0.561007921086544,0.5860232652583918,0.4936459941830271,0.495497520544006,0.5880292872159195,0.48760645579693096,0.4978237660876224,0.5205837516864583,0.5741811582845942,0.45674453199908577,0.5366018550038159,0.5174460735567094,0.5641815906076257,0.5644344552573483,0.5696296860460665,0.4899578333185375,0.5218249046957989,0.48159477830273445,0.49434361776159697,0.54811130275814,0.5816920579865799,0.5350603420772445,0.5679787465127898,0.5067297957960402,0.5346480990899861,0.5218630278806476,0.5590521383819695,0.48798217973710334,0.5379860669559637,0.5848935994974148,0.5301463659196606,0.5302589337181796,0.5101938172102009,0.5777426180191528,0.5152160737026333,0.49195753151204064,0.4836691912823245,0.49949382143866583,0.6232470408912579,0.487855116325081,0.6125638870926408,0.4965985919477868,0.46903489123303127,0.5829251549418298,0.5833745188453073,0.4921273505567471,0.5203881116733444,0.5576880030703509,0.5225467686324435,0.5187407023636095,0.47501688613762943,0.4497592097003506,0.4836409572111722,0.43520648658412686,0.47179274128974646,0.4493969439811579,0.5028665738850655,0.5050683806575875,0.45872490745513744,0.5271434077734762,0.4999233382843501,0.488927830135372,0.472810650870222,0.5496827877121296,0.4742126701017333,0.5103449922946728,0.5153946195549025,0.6026272658820828,0.4577143002190041,0.46634175415760215,0.4573282292823032,0.5361220786231504,0.5603503571433746,0.44299491518605805,0.499055299142835,0.49070198626158096,0.4934168040884697,0.5366231061701157,0.5053004940104527,0.4865056964753285,0.5828698410102985,0.6053652267845583,0.5847699884489029,0.49490527067817985,0.5108018101433944,0.5418822299354719,0.42787564568549574,0.4895170477478046,0.47767730161852723,0.5274985426212669,0.5227842391511794,0.47974870438393463,0.5286981418794048,0.47527462269733145,0.5003409564441301,0.45649927225749565,0.4574644474019304,0.4771383120004491,0.5350741018823475,0.5142455589007282,0.6618859244528378,0.4979122786249471,0.4881828939321226,0.4731714546086919,0.49495808189020735,0.5144085382183485,0.5147314219596927,0.49527380679659216,0.4707454187335274,0.48389823168048435,0.4817902103230136,0.4841532338850739,0.4584409236722633,0.6310821165223434,0.4641058635020062,0.5602752885038511,0.4578203862826262,0.5301036559558325,0.48181885079307113,0.47776020719780377,0.468149380127719,0.44583989954504855,0.4561282423971828,0.5172247842916693,0.46587550007848383,0.4303113961868812,0.477418929151419,0.5624251995094933,0.47811304771523383,0.5580871091024217,0.49769162965764885,0.499810730052224,0.5796965828734786,0.4827849517508455,0.5324979696598049,0.53607450708687,0.5116085599512753,0.4882650049959695,0.4779957315161537,0.4012286876425898,0.5578992169737453,0.5521646892164301,0.50823172022237,0.47541963520851455,0.5560214644233725,0.5130422735533066,0.4882151667282189,0.54762142319238,0.5725614171158654,0.5446157233922051,0.45060430478830177,0.5468843943710836,0.4578703282323218,0.5659717770204665
0.5478384401593627,0.612446251296158,0.5666775582282613,0.5210869498748614,0.44165880504065613,0.5786834769780318,0.4888106086057994,0.0,0.5468367481623668,0.5768691704956063,0.5409034341365925,0.5425745332251691,0.6207299511625237,0.5558790434448009,0.5024851655387318,0.5890305151021589,0.5889098720482641,0.5733089747026029,0.5404014252858325,0.52880523422214,0.610110366781262,0.5556446104370989,0.5005720071915669,0.5122808368702948,0.6238399368517209,0.5343635182343563,0.5772939529692339,0.5259135798245761,0.4869519782348266,0.5191176323872793,0.5583154036617325,0.6054712413054064,0.5200332565806882,0.5089275973559688,0.5013221634531347,0.5738425671106174,0.5823346615292977,0.6023303328915194,0.5023016979363905,0.58411515619421,0.5464841599299954,0.5931858169084138,0.553629018497869,0.48997714383937674,0.6845524430946582,0.5866899819781922,0.5187682036810498,0.48750157684910256,0.5272881689318392,0.534841923244327,0.5731811947163852,0.5346433102957384,0.5002582511895514,0.5683721683922763,0.5341177328841044,0.5781909778612239,0.5541055785182698,0.6186980064411303,0.5584278797074078,0.5762606365706623,0.6347457166154367,0.535626768811862,0.5745678576602266,0.49540175605503656,0.4851447881868622,0.5479077864178832,0.5781840673569623,0.5483742128741284,0.5916062767492425,0.7403857639595478,0.5502113095634608,0.5106692156485281,0.5464915272061873,0.6444456727695073,0.6757356112319165,0.5090957126813314,0.5368019847959604,0.5328971222967703,0.57337778732082,0.462363084703314,0.5549630334609166,0.5517698744919145,0.5734281450584098,0.6221995488340808,0.5743899303159119,0.6583028952213176,0.6339745028741698,0.5474332471530128,0.6195813540362286,0.5670696974431846,0.5470476155728407,0.5476892761363628,0.524757200220833,0.5014475912149751,0.5464072238782979,0.5334654710141864,0.544732020456826,0.577772107986012,0.48440379777853526,0.6237274394211157,0.5109648261837271,0.6143558871907758,0.5204327800041474,0.4951829206830337,0.5919882725165423,0.5841298451133735,0.5999722864305239,0.5972230017676061,0.5886688987041757,0.5423374468877435,0.5257854639078265,0.5284036744501215,0.5636858129078459,0.5934669882230997,0.5612878250348478,0.5866416048823153,0.5720359877810574,0.4699928507444063,0.5125368867104736,0.5564961008746484,0.46745426338605534,0.5939990392057146,0.5141406917048869,0.5689782579936608,0.45916360185692084,0.5627093953108179,0.5444577353781735,0.6019515747261072,0.5825182627208098,0.5428643482253047,0.6326042106924067,0.5868093741417797,0.522205349499539,0.5181100941750382,0.5189152637411228,0.4331294332135624,0.5117477084137643,0.5103331439150957,0.5750733463045754,0.5852479702443568,0.4932682714396138,0.5759107449462575,0.5857506139747556,0.553991117628081,0.5727090555371581,0.5378814410601896,0.532292955186598,0.5763764147648692,0.6011600199911056,0.5110445274439298,0.5380663330344314,0.5420317462153353,0.5305000344916865,0.5602863095428294,0.6287205403987344,0.6051510508895576,0.4791241336654553,0.5968538421617505,0.46224693650273935,0.5015399745917362,0.5553412301193948,0.5373765292446836,0.5465077606600901,0.5112507999884719
0.6068073711765304,0.5609191287909009,0.45752240291510626,0.4618520706546577,0.48459193234929265,0.47087488377628894,0.4970218428958001,0.5468367481623668,0.0,0.4540329995219762,0.4953400715070541,0.46336937521420163,0.5171426839025778,0.606777767264221,0.5621712672423241,0.47898586178385766,0.48567710376052564,0.6019148489677948,0.4700399931151717,0.5402319630165872,0.5274278576144442,0.5759164117281412,0.460620271333381,0.507884943587863,0.5155584590643522,0.48608881323426034,0.525546019767847,0.44215503108311877,0.4304630518251787,0.5115205089369225,0.6026752553644178,0.4996149431174176,0.4855036363056149,0.43278433697698726,0.576363421853951,0.5344274356643319,0.5531136834393336,0.5975349722485278,0.509375804986673,0.5430915706384781,0.5149025915739472,0.5832830270819286,0.5190559750245878,0.4945051789508242,0.5515823191312419,0.5207334751837454,0.506358282301161,0.46466218917674335,0.5140176152356527,0.5621894886365998,0.5418314509226224,0.48371814232913896,0.5259753433021463,0.5015888336763031,0.4733182269246399,0.5762538976258814,0.5500631136993038,0.5005978765486808,0.5554813863489574,0.5479689051400688,0.4988558918528425,0.5232603722003214,0.5019168218537648,0.5153481850224461,0.5679947868385092,0.507793626933581,0.5708322517176531,0.5770438307343748,0.5338814144848336,0.583590062819444,0.6251316594009027,0.5782479948712028,0.5408704293299704,0.5344146602380752,0.5276304780249416,0.5059915983510685,0.471755693932296,0.49914777297508656,0.5001950413467702,0.44352238738257216,0.4876507654278751,0.6691722105268113,0.580084440190493,0.5021137505286,0.536028093837654,0.6095096490228841,0.5509038638854491,0.5776334478278625,0.5085325339848971,0.6349075748162731,0.557288447087246,0.586135515692182,0.512049560401803,0.5030781533946405,0.6015697965449254,0.5014438917251628,0.5328012785899713,0.487309750698619,0.5848804088160979,0.5222892784405218,0.5624221594471458,0.48569375257806585,0.48590197508639354,0.42945567124017753,0.5909339794823941,0.49496156146776693,0.47081589834988097,0.47935598125144374,0.5365882842486803,0.49495107067004496,0.47599912257485166,0.5651735499245968,0.5179766966536693,0.5384919199770812,0.5192429039824075,0.5259400909985089,0.49608042526353385,0.4526614523125936,0.420830317430669,0.5526443560114525,0.5502374270265021,0.5164049906386229,0.4979733836358899,0.5430775961045098,0.5874050400376704,0.46645051569920293,0.5169146906671763,0.5404704462481571,0.45142964481285197,0.5890751353999565,0.5797900490972717,0.5082089445969268,0.5161100031316168,0.6315256389900415,0.5253040833956732,0.5113947935799468,0.49735473312148926,0.5700409692464993,0.5088248850789722,0.5839587578408328,0.46576595261354437,0.5524899385086893,0.6221545870324332,0.5677948595888075,0.5599479049216912,0.5311763836828987,0.6242217376867805,0.4867660704700233,0.4935729517781735,0.44478815456638826,0.5674494339247886,0.5198204579196664,0.5366882507769901,0.5106510745826581,0.5001277951866109,0.6344910683821922,0.46805793349415536,0.48978654423029594,0.4942099945723464,0.46736116934553906,0.479380360071771,0.586737516279957,0.5426015174406882,0.5926429136988933
0.47008475519818355,0.6308995652214213,0.5941684062200403,0.47687127346049263,0.4188013497885498,0.5785859335628503,0.48644902716417815,0.5768691704956063,0.4540329995219762,0.0,0.5293376154872891,0.5554587152536178,0.55054472788425,0.49729806878259725,0.4592206774000672,0.5551037229020526,0.536719283875405,0.48638208590838794,0.5194295182384975,0.46171610623240295,0.534315557630539,0.5305543043183086,0.47613714435851956,0.47814476415365087,0.6259155397225514,0.4486195402858726,0.5147815137181095,0.4903140205457552,0.6257080951267984,0.48660941418448,0.4971487078021833,0.5938554914181605,0.48257500666536846,0.46812785588173317,0.4527635767393921,0.5139941158151466,0.5213496682433719,0.49741406618766076,0.4720271377832064,0.5174961364297107,0.4900046937970332,0.535669983562975,0.4776477034609293,0.4672022349522957,0.5416636968978693,0.4835618389528212,0.4768776418939015,0.4827461570176246,0.5060472754620212,0.4564680851752002,0.49684982265004024,0.45964577929307276,0.45207202655184847,0.5432981676825797,0.5487534930122682,0.5180064682878194,0.46865556684060616,0.5526020716057288,0.5223174683405061,0.48945715362714404,0.550949460532724,0.4543662804314237,0.4764712831093905,0.4554874123901738,0.42228754342657787,0.45640699585421607,0.4895453935066361,0.48741269556183675,0.5173040735919997,0.5583668536809469,0.4565717962016584,0.45244147671429996,0.463591592627839,0.5452666157376257,0.5649640601179914,0.47367890968558407,0.4910783006951402,0.5263948557903605,0.45419390869027193,0.44475295848422125,0.5198059721393273,0.4506542115417224,0.5375993651013619,0.5201370875052946,0.4735860384031316,0.512020148491277,0.5091776212180902,0.4730768575861488,0.5318709427811004,0.47383958876166254,0.4694017002782786,0.4907145342738529,0.5115916860834641,0.4463387972495305,0.4684078379515738,0.5516874721049327,0.4563120880970959,0.5217401438804361,0.4277468423923728,0.5175476659035803,0.4755703683702843,0.5171244380174355,0.45243098380635227,0.5143808586590324,0.4757835978879282,0.48033297075279613,0.5148469079973295,0.5596960542932505,0.5192731489787485,0.5457696904235462,0.5081626472042118,0.44181060308580494,0.4949035689187489,0.5110829346754108,0.4628227288869119,0.4917866617586559,0.526451538313191,0.49228162972983736,0.5252401649611462,0.476360007535186,0.4143686831036829,0.47117045184733497,0.4545622510015864,0.5177832253802697,0.4166640643836695,0.6206360924752963,0.4592780373420612,0.5190643028764239,0.5988597029973286,0.47065983842754144,0.5578958915871248,0.5040484651747068,0.4489459555260622,0.4398173123572488,0.4751792322565543,0.4026372931115767,0.4790778958682821,0.45246307603517294,0.5159548751802839,0.5022433774403929,0.47884147470156035,0.5485413404472044,0.5021807887553921,0.48957424712403763,0.5235800442209649,0.4624634868338208,0.46004839032311245,0.5617259998505327,0.6290953052416611,0.48884105243568293,0.4511489160765383,0.5410625762946706,0.4722229648945385,0.5430745496480509,0.576019775539589,0.49993130050670426,0.45686762679373466,0.5544363740460216,0.43981628952796126,0.46572600318557594,0.5366137055289305,0.4828929999040712,0.4756743355677605,0.4451238697661108
0.579176105110028,0.5937491857936007,0.5336767578236371,0.5140735701985084,0.5157875416370148,0.5550405681581121,0.561007921086544,0.5409034341365925,0.4953400715070541,0.5293376154872891,0.0,0.6044000504040711,0.5899500176826835,0.5291714050915007,0.5313278370110659,0.6176736218309703,0.5834673589586191,0.5436392793707702,0.5949102524339944,0.5338587308339597,0.6150394714710289,0.6078216894913143,0.5227299596849825,0.6160993681506206,0.6426427418469424,0.5260960733535225,0.5288596532652265,0.532036391148026,0.5713863724444731,0.5417960394629641,0.561761235619638,0.6113533322624624,0.504688118755832,0.5189595531614708,0.551003925439622,0.54933837580447,0.6591411403283681,0.554152103327985,0.5793511123777693,0.5963878577748714,0.5218042680812466,0.5626031112631364,0.558789553248934,0.591816290018349,0.5752876733590312,0.5012401725909827,0.4729102911636415,0.6536606498706616,0.6234524477745227,0.517682122664297,0.5881159982847114,0.508635502732936,0.46096559918897584,0.6191249239237931,0.6560895277052868,0.49386677522723715,0.5597465087827773,0.6148650121812866,0.5435019125625695,0.5284183186509522,0.5667916853276271,0.45523412157282994,0.5319209193638221,0.48141918635376074,0.47115678705922553,0.4859041602456646,0.5380292369294928,0.5311626307145373,0.5254546514197028,0.6016422251309183,0.5245081290139227,0.5064482118248966,0.522687113604216,0.6068486176761385,0.5552184639158226,0.500528832788197,0.5684267721313057,0.5943087007545529,0.48550537307405256,0.501010244504092,0.49904864135291227,0.508236541370126,0.5619123374325334,0.520861855796701,0.5235774694473709,0.5375996201411473,0.5871825457293394,0.5157182430386394,0.5065298613288336,0.4945717249341848,0.5594460898565033,0.5062219469420276,0.6009697800815506,0.5166203686683328,0.5151097669644084,0.5485285986990931,0.466459635890512,0.49552731772834696,0.4734574926962481,0.5165646739926966,0.5616357123077774,0.5462756741076202,0.48174993342797456,0.4654419918370803,0.5206420598945966,0.4939584185705615,0.5030911132223184,0.5379502200476223,0.5269898830488718,0.6217575949611125,0.6551160596996455,0.5124797042659555,0.5354157383511762,0.513714767980843,0.5108090371421289,0.5354704490852589,0.5241302680951418,0.5629160209321635,0.5317994609540804,0.48229039183315814,0.5104725278218862,0.4755803932626647,0.5273091766916727,0.60221839072714,0.48918788648701383,0.6172857577077301,0.4592648953930458,0.5741564890377213,0.5570844935673416,0.5039891750678914,0.49487963644148814,0.5192797414846377,0.5188095366912147,0.525228201149241,0.5727730547787255,0.45449867065937244,0.5330348187168841,0.5432548871374758,0.558450906964918,0.5579058282135823,0.4831367062623728,0.5906549528930934,0.5342624476258546,0.5085502705519355,0.6272324354694095,0.5142668988290361,0.5184380325472837,0.49623487721834364,0.5608950891439957,0.4689245272990562,0.5765117564104943,0.5316327698314607,0.5750129345726215,0.4872589113790841,0.5740983364282678,0.5698938798430876,0.5648213010674469,0.5618104578558766,0.5175896881746488,0.5390339932804656,0.46470950724511073,0.5549073014285986,0.45944504458157737,0.6067834901974418
0.5011673610025166,0.5944322193976308,0.521861268772832,0.5305721469687722,0.49808306610944886,0.5369123332394999,0.5860232652583918,0.5425745332251691,0.46336937521420163,0.5554587152536178,0.6044000504040711,0.0,0.5009954874233234,0.4552303967627053,0.5337036072638545,0.5387258334414899,0.5243597705592107,0.4846528659652825,0.639427326917431,0.47066685558115284,0.5736120061142406,0.543619050749264,0.545109053095692,0.5799660276877635,0.6404852669143457,0.4831912892544311,0.5075592050883325,0.4945993470760154,0.5623020600292169,0.5373693746360075,0.5672582959461592,0.5460757732632704,0.5381475274170141,0.5344582056501346,0.5013007438942552,0.5458837063376871,0.5446797302427225,0.49028379422391855,0.5563217289451275,0.5402163384126958,0.5400701681802544,0.5263698774274956,0.5191475215360161,0.5571671870593823,0.5556177799724622,0.47943088241481757,0.47884841496799224,0.5368396611304523,0.5682634433675702,0.4748821037286088,0.5434616616182386,0.49489239822491693,0.42930750696648123,0.6120611400686753,0.6167133881288974,0.4771607146371373,0.4944817471173549,0.6448971168378284,0.48761660833572945,0.49374258383299263,0.49240387465401986,0.4220538476116691,0.48705620250293846,0.4437328154040599,0.42905380283392036,0.43383675325865256,0.46713832194059235,0.4715561796457326,0.4712917897914967,0.5443429409240121,0.46556691179026216,0.44993497973134056,0.44820660551149666,0.5399192198000237,0.5004844487159391,0.45529055253971723,0.4943899801071675,0.5721973300769798,0.46750104707545687,0.42995117493272295,0.4574311740712259,0.48304739375721023,0.5408339289055344,0.4638080963872399,0.47709418621611294,0.5125002210833296,0.49977403022760325,0.4716669093022006,0.4898208421708499,0.4706804846368701,0.5263911281760146,0.5314053952438619,0.5601141255906985,0.4530937496526565,0.45752958278544253,0.5805168533926878,0.4298153308436905,0.5300555580049531,0.4335373723784943,0.4962439935320462,0.47817597513321947,0.5028294889716924,0.4921325265642988,0.547045823025599,0.47661794616165,0.47112012863206765,0.47595926974646147,0.5338435795795878,0.51139718546944,0.559944457018144,0.6485357416029234,0.4701304878737375,0.4619106900509198,0.4648280824278733,0.47239482078594874,0.5064316127478277,0.5048742618021997,0.5251318545157516,0.5202844316084312,0.4531690818280766,0.44815574162645855,0.46691636073705567,0.46226083198506907,0.5585075203726392,0.42112996473524456,0.6513760002529295,0.42997230742411807,0.561588276022345,0.5708849467458452,0.45604999693816434,0.48315553851391746,0.46306166761170436,0.42933155162655384,0.47232457333609934,0.49896382403271133,0.4033657156590271,0.5084874385562688,0.5121123583732368,0.5302121927540008,0.539301897890822,0.4755337307839002,0.5008544419131422,0.5084481861464786,0.4746406529302975,0.5368223681685139,0.5167377947965647,0.5111773642074375,0.48028029293960683,0.5685015389972685,0.43884105669853046,0.5168679737471109,0.5103472537653436,0.5181601567882766,0.5007039709078084,0.6335191022671995,0.4969658079970468,0.46818056582410367,0.5655094184547335,0.4788730162862845,0.46964304693931724,0.4426356964022809,0.4906293041097704,0.436477712287471,0.5083124992316397
