0,1,2,3,4,5,6,7,8,9,10,11,12,13,14,15,16,17,18,19,20,21,22,23,24,25,26,27,28,29,30,31,32,33,34,35,36,37,38,39,40,41,42,43,44,45,46,47,48,49,50,51,52,53,54,55,56,57,58,59,60,61,62,63,64,65,66,67,68,69,70,71,72,73,74,75,76,77,78,79,80,81,82,83,84,85,86,87,88,89,90,91,92,93,94,95,96,97,98,99,100,101,102,103,104,105,106,107,108,109,110,111,112,113,114,115,116,117,118,119,120,121,122,123,124,125,126,127,128,129,130,131,132,133,134,135,136,137,138,139,140,141,142,143,144,145,146,147,148,149,150,151,152,153,154,155,156,157,158,159,160,161,162,163
0.0,0.6103767568492293,0.5094271649547506,0.5057712982185866,0.4181759305692872,0.5403313539763042,0.5482679631824616,0.5258566621770607,0.5901514037654726,0.5529856623730851,0.5615937991321233,0.5464131395758325,0.6185365406002745,0.5480016677995375,0.593809837111747,0.5358673756887697,0.5776775649780238,0.7266759524667064,0.6037641009570666,0.659213977125877,0.5793179241866223,0.5900036444304336,0.5714152883333261,0.5192637971882058,0.6537662527491929,0.4945090625074273,0.5093650028215538,0.5620727139463807,0.5108134032919619,0.5177690325615552,0.6190467531177848,0.6340990987603529,0.5279636845979825,0.5484528160825581,0.6204425303426045,0.5889705685537511,0.6214927514805437,0.6304810742851845,0.530705577246048,0.5711514901810931,0.5730059753893698,0.5640790941040563,0.5894120305633774,0.541593516597264,0.6051095293958791,0.6371045673585289,0.49900007013446196,0.5096660323456623,0.66308660044644,0.6418328949951739,0.6156368465235215,0.5524519660641746,0.5308079622611008,0.551773835184428,0.5559607640321852,0.5456761521631301,0.6698445639730263,0.5430801698004791,0.5610123380926891,0.6437561059578515,0.5159118606558006,0.5352335206460845,0.543482519325958,0.507071915224115,0.5815689242098223,0.5648383057283073,0.5566569880032729,0.5556850019752174,0.5838173999888495,0.5713449236039577,0.6428756086615401,0.5573544949907401,0.5404369780375856,0.6108746309575537,0.5998628991886452,0.5885178685469464,0.5002785217952448,0.4704462748465161,0.5816027953126277,0.44619905235989876,0.5349050164427211,0.6443457696363271,0.5334141748161672,0.561829892194243,0.5789423945866922,0.6851682600992904,0.5220899937137577,0.5948105820406743,0.5931923632762962,0.527950332841907,0.6110526095219514,0.5761910926718337,0.6095254324381931,0.6015756065416754,0.5772346465177182,0.5562771219706141,0.4857079888119695,0.5479700048582599,0.5094089504955445,0.5876116489559988,0.5420973222241225,0.47196557324455435,0.5195170491971421,0.5229049811091635,0.6058020936653675,0.5676084329556875,0.53958114507922,0.5631710684370566,0.6056144395823441,0.5563966714100869,0.5565862469079506,0.5848792255234417,0.5916012162778466,0.5191418974807083,0.6113653328291865,0.5770080363321968,0.5818870931172394,0.608110517690146,0.4952832403480505,0.5301519318922786,0.5325023098336,0.49576680335628137,0.5875156639738739,0.5956397185612794,0.535704804506146,0.5645722286028287,0.5360615676444865,0.5030403234691445,0.5593170064274519,0.5983978062956955,0.5384474240623512,0.5236692979153695,0.5167414467632336,0.577992224114192,0.5764373373758345,0.5238541395373466,0.5624340357376102,0.5997934942610422,0.5620533255107639,0.6570265133376625,0.4967514057313689,0.5793499038113312,0.6298499861848147,0.5415776354684794,0.5926112269019184,0.597613501162989,0.5653209014358059,0.5306831756413188,0.6367810817322541,0.45631255017001376,0.6065905190292723,0.5508412479875924,0.5893855023884468,0.5016369489431647,0.5967335949593143,0.6234622028137562,0.5920592584071352,0.5135238367594491,0.5022598628674628,0.5517533161883716,0.5117985023871802,0.5992951266053604,0.5100425251042183,0.6295971858609816
0.6103767568492293,0.0,0.5178229707451365,0.517778759742724,0.4003873511275949,0.5488879109597968,0.5778670149242149,0.4958906625975436,0.5479154188867591,0.6395702306316605,0.5147793420526089,0.5637540521120025,0.5659511009639132,0.5356724012377647,0.5663732483886086,0.49012498540664157,0.545212943877507,0.583501297656344,0.5663411538162507,0.5561361163253886,0.5485663545367974,0.5958808684302221,0.5661996827046399,0.5391427770855923,0.6226058571977489,0.4528436220264905,0.5097448669938321,0.5357257547891959,0.5676659229413417,0.48104163548096096,0.5590023902034829,0.5550159627638511,0.5547629308954086,0.5233129701843513,0.5553313412524449,0.5501120895661296,0.5398215565080022,0.538056902657164,0.5027797715019122,0.5960621555893383,0.5873969615141964,0.5841682929596669,0.4709600134877223,0.502499685903923,0.5589305955718097,0.5663681630994015,0.4841950384792239,0.4605248237398047,0.5944405949171017,0.5302550221749968,0.5370139033324923,0.5218833730362821,0.5223575254680041,0.5609909594495323,0.513651318191069,0.6044971788807401,0.557366640344607,0.49987658796799517,0.5390559734849113,0.5943042693706073,0.49436618661384757,0.47832130637856624,0.4653202866475592,0.47709471920288105,0.5066307834701412,0.49119511423332296,0.5473257808111796,0.5027555142348612,0.49033777924353483,0.49799951410490345,0.5414254536195339,0.5032665997838841,0.491426909887927,0.5644158234222022,0.556442010016506,0.531371287097712,0.4628536927252695,0.47284474166366736,0.4962936564683263,0.4330971358051181,0.5223876564190055,0.5765344595074288,0.5476814291305886,0.5098991348596832,0.5156126010765176,0.6535257184232082,0.4556354727768171,0.4950547210802218,0.5513211587997532,0.5738107560110611,0.5251297622098785,0.5886574713565942,0.5451990742737465,0.5385865675159494,0.5488040519305822,0.576098641408,0.4551025946767254,0.5690377429598332,0.47635751440906,0.5884572305530147,0.5111336630426287,0.41861854369840956,0.4692051622612846,0.5356965659692491,0.509826428654387,0.5161946808026656,0.4984014766871909,0.5819968131868827,0.5991910472172118,0.6024798396932912,0.5402343418112511,0.5057362207774365,0.5473836964025605,0.4922683073154236,0.5256673160744412,0.5953030934616359,0.5586190686319802,0.519753096922387,0.49666777572135873,0.5212809179668743,0.4811742127848792,0.448830318860889,0.545105133635882,0.574535624962138,0.49645035409229515,0.5674063115332295,0.515501288370113,0.48444211004859805,0.571915550930385,0.5347783444444513,0.5626331155945674,0.4862999334201921,0.4645565067034638,0.555126185264324,0.5312162863208539,0.4733696596093348,0.5241319700966991,0.558305116377769,0.5382623339590326,0.5612067487462006,0.4837955147632793,0.5375978556637396,0.6582508603186045,0.5112424222403713,0.5475477370936945,0.5192394067055796,0.5488530759024338,0.5473717853209598,0.6198933378223506,0.4554417024921888,0.5091384973968905,0.5446283131945779,0.5472105942875137,0.5499244005188509,0.5965899226281894,0.5576516686849704,0.5825581778063671,0.5275592234911969,0.5078560892391975,0.4909157714365896,0.5249767196733361,0.554238818560884,0.5056204317408104,0.5588914136194155
0.5094271649547506,0.5178229707451365,0.0,0.4547360393196475,0.4846247568959482,0.6007236910550063,0.49747466371861754,0.46654288394332977,0.42976756058068666,0.5035831746545694,0.5938400339164011,0.5519839240491239,0.5985324774154661,0.4272342897193709,0.49269865873987917,0.6639704267415506,0.6004321279543023,0.4875908116462527,0.47964112745669524,0.4559139713106699,0.6208444917451948,0.6266688324902238,0.45976060610639624,0.5501159661509811,0.5012221250312485,0.5431307081041847,0.43033851693526165,0.4552788874209109,0.5082498824111746,0.5269141481247696,0.44325275136748826,0.5527742850804245,0.4783803914986921,0.44855113521155104,0.42027488367283955,0.476209633016478,0.560459569126933,0.48584896868299166,0.496408253242866,0.5403846568577302,0.5123854142563641,0.5352801903623715,0.5180890777767946,0.5064927232847354,0.4859669499165052,0.5252842010317571,0.5266501804094414,0.5539032057568309,0.4970320834371475,0.5027487535354702,0.5584464702613015,0.5650703397192528,0.42594861692687325,0.5359749734752752,0.500880193993925,0.47902528032645547,0.5155225820659264,0.6100837863831725,0.4283516961081914,0.49643193371204425,0.4719786197703622,0.469640344200055,0.536259110523665,0.4013931032576248,0.4328029603954136,0.45958558619635664,0.4632045768536404,0.582896269583796,0.47196839877825986,0.4784889427614002,0.5579423721293089,0.4066803096193825,0.42856795352184895,0.6055207697190279,0.5184930554360522,0.4207599063596762,0.5527620639176796,0.5623438797929569,0.46575170485962414,0.47300713419983276,0.5263220950987963,0.4747645356754551,0.5790657071530964,0.4771279252702659,0.46317868715876753,0.5265295557494762,0.44356199168539234,0.4273313697228862,0.45039113518617147,0.4635979378836472,0.5695137829913589,0.4265969583304965,0.5354051285839102,0.4563136096156016,0.4559776953530239,0.5052772878934108,0.4120396810092285,0.44328204012711847,0.39392735649854954,0.46749640993718683,0.4163861316256946,0.4531924689353494,0.4104350282212,0.43077722229121657,0.44022807878749465,0.6006961275026046,0.5172167501159477,0.48835177559683446,0.5434509001354818,0.5928430492164986,0.5269581466634556,0.4547213878680307,0.4888162444691659,0.4317443047788859,0.4768790097515768,0.5957823540629907,0.43699902878735347,0.5021307225776966,0.5208800839126283,0.42457478742890814,0.5036370342838306,0.4329748824201906,0.4676728551715271,0.5905730432666597,0.3922783162914387,0.5601800703167771,0.4662942539122884,0.5603189633900726,0.5037014770492634,0.4746681565239824,0.45228220614065306,0.6136076717601707,0.42443223256971974,0.4447943971224262,0.4742140818473319,0.4316331204973294,0.5051179874007167,0.4731732694804506,0.4581496329353872,0.4946355996491716,0.4011760073276508,0.5094540231164115,0.4728450125070848,0.44084903418791105,0.5202967336238874,0.4569293576131418,0.5608032396986654,0.5498239933287973,0.5013500877394605,0.4280345369186279,0.433279362423266,0.4262560809810978,0.5000616550665918,0.562540848956144,0.5360760102306815,0.48948728696225147,0.5486924544313234,0.6193018014640043,0.3945120619179996,0.4930067581646794,0.44920363658850354,0.4231139311392131,0.4212067054400311,0.541932794395214
0.5057712982185866,0.517778759742724,0.4547360393196475,0.0,0.3689129550447688,0.5044643498166121,0.5188867979922921,0.49338429985257115,0.4434641819377038,0.49874048580793506,0.5256223028714375,0.5020725013197763,0.5004618866147692,0.4893408975719347,0.5000511540841056,0.44633611181456373,0.48752371344839446,0.49758768642720763,0.5399459349264862,0.45354146125815825,0.5027078725860125,0.4866163673482052,0.497100413382369,0.44896347329455416,0.5366518456634527,0.47970433321170464,0.47888487998932844,0.5247580402976904,0.4939634681866139,0.3966442379164202,0.4959119127797565,0.4914412702922109,0.6544566207730984,0.5122838158639532,0.5082363089208349,0.5644065651547328,0.5024582439731076,0.5067138158335457,0.47965793965173675,0.5233029108398083,0.563846967885784,0.4647318915640606,0.4571956137405484,0.509874042292436,0.5181842280437885,0.4825301562058843,0.389590261105653,0.4573214358745839,0.5162385859991847,0.47887353326799664,0.5432349903717087,0.5107104612509994,0.44912511189718657,0.6180308685817653,0.5652083188868495,0.44892807599285833,0.4960914752120812,0.5032282547934626,0.4852128300456036,0.5072635722622102,0.5343831327338755,0.4525661281917814,0.48980472589709484,0.4337750278355653,0.45008774395912415,0.4660049012428844,0.5394014932026876,0.4418118391664638,0.47323472245395803,0.520827106935806,0.4866601357497763,0.4561738351113927,0.5194310890075847,0.5501390560184759,0.5163642121390146,0.45287948129085587,0.4759239147050135,0.43019072465766106,0.49483447507114825,0.40060279751020095,0.4695900608996564,0.543566554771476,0.42756844805094957,0.5146037131143478,0.5179914920812667,0.5183366102317476,0.4949991773737367,0.48703020274173703,0.49177549506453855,0.44929207279785044,0.5271295391741269,0.5322840437944397,0.4979847431026085,0.47583283109694785,0.533332037425546,0.5167761629018129,0.44762623062908574,0.5198460535221969,0.4454739239194442,0.5593640900968451,0.483097932709771,0.4462504324455156,0.5671875595332986,0.5292472685682744,0.518387469441162,0.4478829740477421,0.48455552026170845,0.4885894220014361,0.49106371531606746,0.46171476634715625,0.5661688418427218,0.5069495519021927,0.5829052009168789,0.48385995378248386,0.5246093355875323,0.48893597931324034,0.48439038866850354,0.4471077953652452,0.5504235412768342,0.5241282659759254,0.423983549578854,0.535895774805229,0.48178810313894516,0.4976806249054572,0.44737644231293044,0.5375381117119252,0.4953909115189705,0.4367034673910138,0.5649019183004117,0.47522096041307793,0.42740585639805245,0.44923511203952615,0.4751920965162168,0.5462711288296105,0.49123864486243946,0.40606078652431155,0.40192364719697116,0.5081263634924924,0.4947830199472254,0.5010896923318652,0.5616291929965169,0.4695418468402177,0.5428036953491752,0.515886591853864,0.5066252944834803,0.4912493475916155,0.44992134598278194,0.45977584278365613,0.4842740090990784,0.41202443378194675,0.5422100553185756,0.4954144801868755,0.48573147657369686,0.415496949212229,0.5744928904389448,0.5019671090166197,0.48702840241776657,0.47502338379238535,0.5768189512370301,0.5091453940227201,0.46918671333073275,0.49683993936693865,0.4644746134947323,0.5084249686243641
0.4181759305692872,0.4003873511275949,0.4846247568959482,0.3689129550447688,0.0,0.4271779736353278,0.4644406174489308,0.3419972332223235,0.36089326346021333,0.37454841704202807,0.4846777697379731,0.45026434780276703,0.41067301707044523,0.3557964399262201,0.4351432924379503,0.47794082246065495,0.4436281034812424,0.392274412073354,0.38808955178025767,0.370623643141276,0.4794006274188166,0.4804873496763035,0.3916498932504215,0.49960239982333626,0.3926397183879098,0.47058591610399103,0.34517538752753985,0.3504427984438449,0.4352695185245797,0.4771173909860257,0.3755776846866029,0.41129452290513097,0.3944149425191985,0.3649450772650918,0.37422454106004577,0.39399254539184797,0.44478496152968716,0.39569378637201247,0.43869068331262423,0.43470991593089053,0.4341928245218022,0.432268542427297,0.4396595895158576,0.5025919741096371,0.36701411150950275,0.39518546677949973,0.4942992924317383,0.5296162045645431,0.4266394316737575,0.41887617234066277,0.4527829572793542,0.4635639552787914,0.35694811669808696,0.4233539667132918,0.41770590952939624,0.3881064945583515,0.41730649123947183,0.4699976118381816,0.3551331324161656,0.3880202271298343,0.34464530678014416,0.38208586848115833,0.4231908481225863,0.35241535067979085,0.3770334854755085,0.35953776493026635,0.36258634514621446,0.4810496397642036,0.3715416047467921,0.36392815496960984,0.4538366943244783,0.3579864792205875,0.3513737287922961,0.42740096555678764,0.3733638806645578,0.3541431928708757,0.4251554555703154,0.5757087500478477,0.369661027356158,0.4558096235890666,0.41732635877093766,0.39168106464672175,0.48894814333307146,0.3606514749023672,0.38182414431216705,0.39734673133606246,0.35033755083154927,0.3584987497332906,0.3454364191215902,0.37403542998025446,0.5031632801649388,0.3667155465701653,0.47187424889873697,0.3770274358692604,0.38260871227484705,0.4254525536559028,0.3289853972516032,0.3600815602960372,0.36361681402909896,0.35522626697199455,0.3658283707481008,0.3520813961914595,0.3542807506965076,0.36162821400759526,0.35914766955946603,0.4361210525320461,0.3787920693449775,0.37909516615337446,0.4296579192781345,0.4716425357006712,0.4540050349899344,0.3994748641821538,0.376077610943456,0.3466539075766681,0.3851139757805112,0.44186284620586563,0.3567225234298818,0.43795973450276043,0.41989491669474016,0.35270763078986744,0.5265907363038368,0.3476176132943006,0.3955475679482937,0.4879934510333696,0.36195295646633635,0.4382381968217721,0.3687008488093827,0.443130948180291,0.38945012191309997,0.3967188769996686,0.3563859777025336,0.44217431202425433,0.34372449174663,0.387862499781697,0.3890376074933312,0.4141565163809307,0.44333470637862543,0.43352059096427265,0.36675652468304026,0.40787086165688086,0.33756812545150305,0.42196964352441246,0.38176659314897443,0.3671057601460741,0.44640632738074176,0.3948812774165857,0.4939831425290404,0.41390367401006517,0.38928845800940626,0.3602701554029381,0.36713333021239736,0.36525038780602986,0.40799417651122105,0.43902358405792713,0.41777745072826444,0.38351379915244016,0.42006555259494305,0.46977073480692544,0.35451317840731955,0.4137471652372213,0.35907199691409686,0.3713126265044252,0.3536897662081039,0.5018045193250494
0.5403313539763042,0.5488879109597968,0.6007236910550063,0.5044643498166121,0.4271779736353278,0.0,0.5055019581740493,0.5054911941439933,0.46405229628969724,0.52968738438861,0.5445700285897291,0.5962886335718935,0.5773056288800639,0.43563592331286455,0.49013442271748403,0.568370908274506,0.565822150996786,0.48905925822108426,0.550572864205377,0.461677112853267,0.5992492784398767,0.5456499538145942,0.46213755352402547,0.49028860167143407,0.5526287767830601,0.4971339269122859,0.4251434815117552,0.4809591069078249,0.49655312462089823,0.5208108574244487,0.4883200677573172,0.5932834989682079,0.525847256686673,0.48490263344587425,0.44426555616799107,0.49505364754400627,0.5598856321518633,0.49343814492880156,0.48965530732606954,0.4982928255326254,0.5265790769932841,0.5578218902507536,0.5042019368727335,0.5255717557441482,0.4958944215368021,0.5301316711420966,0.501579518026165,0.510703395476556,0.4955498511532424,0.4927524660977809,0.5787363190147198,0.6055976851129955,0.45228158865855683,0.5621953389386962,0.5108463789012953,0.5338706887719331,0.526440196620695,0.647280486930555,0.43348228954258317,0.5051790567703428,0.5072217626918043,0.5010743373501375,0.564696990039143,0.3987324807226136,0.44864909678908454,0.48268808075979336,0.4739181991510992,0.547404205101707,0.45610942496610574,0.5146804440580102,0.5572977925995379,0.4158843537726165,0.45667579704686123,0.5844032220848129,0.5594351350858253,0.4649434322672401,0.5127329172231128,0.5064128833416264,0.4898514249673559,0.48764031905201743,0.5814333960739211,0.5201689123383029,0.5653444933687954,0.5080991144512849,0.49651740258914234,0.5481571466720497,0.48761034637631245,0.4497622443510848,0.5026970691914294,0.48624774186095343,0.5635633733075509,0.48899309040544336,0.5245563399434395,0.48903222058942525,0.47648852037010864,0.5584673872085248,0.44239267354318756,0.506033383326337,0.41512988037211346,0.5121570240994837,0.4319351134817687,0.45943395722961683,0.45424192444211287,0.4835579508745627,0.4783011970996422,0.5566860699779459,0.5287337555152478,0.5094975421782674,0.5230188200801156,0.5604498314933316,0.5651778354699588,0.46568647148871795,0.5545137134536927,0.4555734260003327,0.5050702168443686,0.5843011673589328,0.4966423885918129,0.47455800075176724,0.5471759450633578,0.46879979689148,0.4561570822273715,0.48310019453009456,0.4920550824906299,0.6140441021640335,0.41645011118678704,0.5900074756074478,0.49769356235549034,0.5158572293085837,0.5341096026923857,0.457279929026544,0.49202194934706406,0.5866870684709751,0.4433839496111959,0.48775815432118086,0.4698855173423113,0.42576543143523266,0.4922504733379354,0.4592894260840002,0.43392788451815717,0.5179525697736288,0.44691810730469306,0.5166847690148925,0.5145030237196997,0.4642211922075646,0.5160469211172289,0.47904043454122697,0.5530003389098039,0.5607418971252189,0.5209318880775302,0.43508974792946464,0.4739155189127317,0.4773095658719774,0.4766912322611947,0.48313305360233555,0.6078614951920863,0.5057411497817396,0.5161267340100227,0.6387104978238693,0.42086635997499267,0.5253872525714718,0.4701468323918251,0.47326678521670423,0.45077745529955154,0.5318822033245945
0.5482679631824616,0.5778670149242149,0.49747466371861754,0.5188867979922921,0.4644406174489308,0.5055019581740493,0.0,0.42725101895133016,0.4606186592261996,0.5385814116520086,0.5359285905275795,0.5630563344896647,0.5124834986378052,0.4762378789669881,0.5734134997964694,0.48439042710537145,0.5087624415667639,0.513812897452445,0.49904007856014293,0.46089366418028804,0.5389379233920805,0.5540011202104131,0.5742603422640312,0.5709320810794378,0.5623081630713526,0.5044626175674816,0.46327606944009014,0.4618186686041235,0.5630980190852458,0.4811378515813816,0.5054247026249075,0.5148456937882128,0.5491761174106824,0.4999829648044503,0.5104027297379676,0.5126623918661991,0.5597842172100518,0.4821704436439444,0.496441160005976,0.6026640444562632,0.556935773127707,0.5443014793584368,0.47808242422911795,0.5782702331040108,0.4900094592290486,0.5017846377647533,0.5058074393217956,0.5098975881328532,0.6246592737314051,0.488817437723943,0.5550337458712183,0.523693975274611,0.4414501369805709,0.5446218773073731,0.5284063024282634,0.5269220599631173,0.5027772652612048,0.5034718255825879,0.48778895706870323,0.5045260219419132,0.4307322000398168,0.4456281798442477,0.4506399921166362,0.43691689501420417,0.46001374274783147,0.43673583019215056,0.5037590870233032,0.5348046621665549,0.4522453009359031,0.45325521696922166,0.5279978813197866,0.4631229645133685,0.4531048746042294,0.5399914000194307,0.4547053317099993,0.47654940695648595,0.4788919456831999,0.5615497839240187,0.45029094358545063,0.4573194702211055,0.48558915380578777,0.5189172730208834,0.5468197176519436,0.44264599855663433,0.481398951209789,0.5180569535427004,0.427660261028283,0.47178295598235864,0.4675521906726773,0.4953829149883943,0.5784732480826875,0.5442667104708365,0.5539582199143037,0.47248724816393173,0.5075481836065321,0.5906844194000898,0.39044155543644554,0.5064296466198606,0.4565832649082995,0.5084810496635619,0.48190672061607764,0.403252908887812,0.482650665091699,0.5071964984906981,0.45361633600642315,0.48870291920527875,0.44975727353062683,0.5055971316387994,0.5677417284443743,0.5920367198921163,0.6036278962289539,0.49580286005876373,0.5066263057021945,0.43890570950451757,0.4810550767874537,0.5401224867731724,0.47792622426832015,0.5229202562111919,0.5120497099231301,0.4747925318237897,0.504656328099439,0.42984006131966673,0.5002498708196499,0.6075720279585425,0.45881986986723067,0.5675000036534531,0.4674705337127733,0.48399750914508277,0.5154889312174715,0.500237918256749,0.4547636898871134,0.4529571034595906,0.4245706117023905,0.5003175941584745,0.4752921962001842,0.4548186187910074,0.4926737857265148,0.5867758300533946,0.48370084822084936,0.5172674613571874,0.45764185198776586,0.5046491043908987,0.5500484323975894,0.46431669696446465,0.5568041671670974,0.5467362760272684,0.531349644051158,0.5042516414571279,0.5187126873026693,0.4044812309898053,0.47799963196184314,0.48557318919498965,0.4822671979848196,0.5361626186331223,0.5725577452087622,0.500861985367131,0.5339116601763074,0.5533244712440439,0.5134619863740553,0.5142470967372786,0.47324558228013236,0.5026877137591875,0.45991290518928796,0.5839879745870507
0.5258566621770607,0.4958906625975436,0.46654288394332977,0.49338429985257115,0.3419972332223235,0.5054911941439933,0.42725101895133016,0.0,0.5294099434829813,0.503089578924001,0.481411722928018,0.49604730429312743,0.5715999129233522,0.45625307848828955,0.4807089560358685,0.4764321269446744,0.46262368769472745,0.5078059744874288,0.5012009769805728,0.5055723315183887,0.46706394448277455,0.4849001996624495,0.45857934114350096,0.41925232710835264,0.5466304361730119,0.4476162332426927,0.5145645733028773,0.5108727280800462,0.41857978459118655,0.43730529105120997,0.5581204978227358,0.5279678774616563,0.48873945950693304,0.49840323424575567,0.45916009959580373,0.49961446605777227,0.5504998257427111,0.5216549039337512,0.4800851266524146,0.4544463546512361,0.45567064556983194,0.46005322017202055,0.48889364586601886,0.42417939633109963,0.6420888510218882,0.5344056481438317,0.390782610882876,0.43056958781382554,0.4732979333932364,0.4784237956311119,0.4897775018317968,0.4427977425623514,0.41937046891917384,0.48691672326035923,0.4912292384266477,0.47103265811318645,0.49278734780354955,0.5099105017241993,0.44467307738688644,0.5175169148145105,0.6300773382113564,0.47292977850207873,0.47845438223767656,0.4155343841932582,0.43754714977666903,0.4971782436850033,0.5475374817331089,0.4710251104613824,0.5079874833967919,0.7094503660486677,0.5113047288313852,0.43737931177068595,0.47153343171563195,0.5352027549581932,0.5656133521447346,0.46134687330978624,0.49104559037638984,0.39576519665105353,0.5458136747665072,0.3723673903503416,0.44101322673597204,0.5363753930399576,0.45164228394455497,0.5586839188673334,0.47701752272170617,0.5844803782689004,0.6432560939959531,0.500519651656234,0.573517043525809,0.529561313268195,0.46768137943655,0.48128257493124826,0.45127573558335377,0.46263259859865674,0.4614683943569072,0.5015573879601628,0.49792927427457356,0.48486193684371476,0.40656715125737636,0.5466715634916192,0.4607656471111826,0.5666041979602328,0.46944881004066075,0.4736755447400828,0.5229247780959899,0.49853278621308317,0.5116628441710407,0.4875657017907122,0.46707098470581665,0.4496271130344855,0.45685763146575,0.4644853957538368,0.5335370446147487,0.5143904688468505,0.49859165644337805,0.48222946900890284,0.45796523171038345,0.46507543360821374,0.4239267122119023,0.4832698972198214,0.4015551555831457,0.5824197443939934,0.44575450892005514,0.4720005126315161,0.41292245816419454,0.5083090170651481,0.4715133197032555,0.5122351419589467,0.4838185984824993,0.48138866168672734,0.496449150774853,0.4766276325129549,0.5436648798981365,0.4804785667597456,0.5114533397627472,0.39035300517131705,0.44343620385687565,0.44831277677871106,0.5063609910066754,0.548275140338667,0.46853370819530427,0.4643897000852864,0.4987438323258495,0.47808896724980965,0.4783267696400767,0.48180663643154714,0.47602070150414366,0.4685774313720452,0.5156720341119742,0.405568910398157,0.5487867475963182,0.43589933628904637,0.4776937919920843,0.43781845513888434,0.5265693721362658,0.6176186034646699,0.5089327837411995,0.46957807461648166,0.4241738019487296,0.45857040710678454,0.4340714170495575,0.4506105829653881,0.4549281439825342,0.45967999827545875
0.5901514037654726,0.5479154188867591,0.42976756058068666,0.4434641819377038,0.36089326346021333,0.46405229628969724,0.4606186592261996,0.5294099434829813,0.0,0.5070635456785311,0.4556230294375809,0.4833843754917899,0.4968207656478034,0.49729908842300796,0.5003943488354001,0.43610254514203994,0.446834303979443,0.5460950315008691,0.4948179174481065,0.5541870132015758,0.4542035857469007,0.5083128123418534,0.48689582635003986,0.42620846015158226,0.5593780404615928,0.40270054632467195,0.5098845167706728,0.4776410176624926,0.428866979145467,0.47497719675626915,0.6138457566360443,0.500388404648919,0.4514408182257577,0.46630752569195977,0.5392872183382239,0.49378216343361875,0.5127419134932173,0.5289812821563729,0.46946223775315216,0.451055909003267,0.45204846106814345,0.5316654718360788,0.45370633527941095,0.4304050547890867,0.5339889454137041,0.4904946808348192,0.4136078623644001,0.410512052778616,0.5084111889666502,0.4920201652509644,0.46550276605882157,0.4244424443493401,0.4517985847520819,0.4512931245027519,0.4525531284595817,0.5493081174222753,0.4978808010326248,0.46358262019292623,0.4797760622114999,0.5124017249792456,0.4715804819931251,0.45827936745830206,0.4242085604053073,0.4632768754593678,0.48288856306612243,0.4587351318659214,0.5179857594113547,0.46741915982145565,0.49443117451892765,0.5462065596634817,0.5108746965424775,0.485316456709818,0.48439960680409433,0.47799680483095053,0.513124877986538,0.4937023004452242,0.42606560974964935,0.39893977213460585,0.4684831439498791,0.37472553188547286,0.4348825730112724,0.5920132119225049,0.4782744337521801,0.4754668784613894,0.4802848051797945,0.587936622381938,0.5101186851098909,0.5180003260816196,0.527836796353433,0.5892593310030162,0.47651810257176347,0.5646890185912833,0.4629215212206839,0.4716815015536106,0.5010841250580848,0.5134642211363462,0.46015681066025177,0.5023332804741915,0.4765952239664797,0.501509994305273,0.49196380123072814,0.43460585360824133,0.4572914218501014,0.4772470920499656,0.5169620573075052,0.45245231278246134,0.4415081858920589,0.4995699073646352,0.4621174174929329,0.4644944866419869,0.4477715011708057,0.4919397810799953,0.5013593645870559,0.5200693242008027,0.46166939018470565,0.47512649841363286,0.48065228960231826,0.4936333180175575,0.3992701484793824,0.5195378960029736,0.43460293322126564,0.4691597592179845,0.47586978936053137,0.4685174124969174,0.5067329760941423,0.4592875150030099,0.47372066917505906,0.4554767589698612,0.45208684853127706,0.4907909423355335,0.5980782335036487,0.44490665127883505,0.4916125335373526,0.5498216630953706,0.5091622197503224,0.43393858873980234,0.4685183849125078,0.4745602502880542,0.4865068743231683,0.5612462830401496,0.4439090711287722,0.49461904960047803,0.5651493766366904,0.5093402289313618,0.4889060265108445,0.5120997763141858,0.520222965922162,0.44636650660602517,0.5435658150680037,0.41993856709350275,0.5377391438681624,0.4724442701239319,0.5037739727798043,0.4521562565493309,0.49892255360428667,0.5875971416064785,0.4928464134601211,0.43889868282174255,0.44649816249481,0.4416606001061931,0.4315218928921875,0.5249706827966698,0.49596504382964024,0.5035409826669816
0.5529856623730851,0.6395702306316605,0.5035831746545694,0.49874048580793506,0.37454841704202807,0.52968738438861,0.5385814116520086,0.503089578924001,0.5070635456785311,0.0,0.489406782270605,0.5189821716500799,0.5755419133486868,0.529284760644598,0.488549164396184,0.49221339255753477,0.5296754837899298,0.5644305693044106,0.5116841126545159,0.5084655327782456,0.5024325759013233,0.5130719430310483,0.5844677538063857,0.46491272015937224,0.6715312168638053,0.4493085654252742,0.5419502625750158,0.546836798477517,0.5617032201478139,0.4733836909096526,0.5170584593704707,0.5740911363538233,0.5013510427502318,0.5257105213533707,0.5034443849929757,0.513659386495079,0.5425965910254357,0.526602413412996,0.4486945141127462,0.5493015369979457,0.5084502769135929,0.5637553242520256,0.4627566056862918,0.4621602559365988,0.5478142288027046,0.5439230188648442,0.4675545634546085,0.4402981744593675,0.5834436629075204,0.48104043138424174,0.5014079896224988,0.4773270506138683,0.4697118174703717,0.4953143631232303,0.49916301999674884,0.6031903332045667,0.5046536818186421,0.4900419293604434,0.533219515449613,0.5384052632154038,0.48720886253361123,0.47510950684178554,0.44660347406259504,0.4675689791662249,0.4569069287126514,0.4765761805226508,0.5433301893367577,0.49785089559630064,0.5235083119121151,0.5192000725939798,0.4957742765187928,0.4886004368717078,0.49149689801391094,0.5444362634693867,0.5445791778232647,0.5401058715273834,0.46269614221978356,0.4652254812186307,0.48851154013438175,0.4314038431682307,0.519818481856898,0.5059549394662248,0.5149720663151233,0.5268800631264966,0.5096482867429994,0.5884166862598981,0.47190362139667175,0.5055755932244068,0.5976451001942731,0.5297389294210524,0.5026314903232803,0.5494678292606467,0.5044296315398917,0.48761426679847336,0.5215005340208375,0.5678103996210621,0.42363979694900195,0.580026500545375,0.4586656061867132,0.5903398435428184,0.49271691650849886,0.4306243059048024,0.4854595634465556,0.5599948147494193,0.49373191527197774,0.5095612152025816,0.4951879420274452,0.6305579741006756,0.5618252499191662,0.5425514519969342,0.5003939210553067,0.4857872409850392,0.5558857579288603,0.5269126815277697,0.5027050320061374,0.5444454099045846,0.5641060339171663,0.5166132171545491,0.49597759356183646,0.5465944782002604,0.43485020762872245,0.46764471683219194,0.5170584412893379,0.5314391075007944,0.46207435376599865,0.5560094959093211,0.5070884323609884,0.46115438095677497,0.5732720790337636,0.514813946642779,0.5914052228000757,0.4717225214856641,0.4755723733439206,0.48649368739853355,0.47532460050414915,0.4285528087566606,0.4937547685260943,0.5012746444735651,0.5326349652893683,0.5367304051523092,0.48443526210214466,0.535027437881205,0.5768950037423414,0.49253741722237476,0.5326028523149323,0.5300566133854829,0.4723252494841296,0.5585918075506052,0.6602733993917934,0.4584620252775271,0.4782682653777144,0.5362681236830714,0.47925944936485637,0.5350811320598922,0.5970253213036409,0.538087979304847,0.5305789371808078,0.5249913435448096,0.47988591943261705,0.5057952279658363,0.5661533644041385,0.5377305633456951,0.5296794864914494,0.49213240257156354
0.5615937991321233,0.5147793420526089,0.5938400339164011,0.5256223028714375,0.4846777697379731,0.5445700285897291,0.5359285905275795,0.481411722928018,0.4556230294375809,0.489406782270605,0.0,0.5754328638444092,0.5836566875373127,0.47272886923427476,0.5369156558998638,0.6328208710554851,0.6008718997849782,0.5308602870872638,0.5381180788471075,0.4948796449039204,0.6276644963695953,0.6308227638324992,0.5070302218439825,0.5412164368118514,0.539788030099344,0.5840394404143823,0.4743630540099559,0.5024599867596108,0.5484342884173561,0.5072301319648354,0.49458324806695725,0.5702510911139781,0.5235602689434472,0.4916119856456269,0.49030463779078504,0.5609829657417377,0.6183919245849815,0.5688491745551151,0.5928081499288907,0.5653035506890577,0.5624905803827567,0.5169452414513835,0.5718510555463221,0.5904564889231202,0.5185358142167137,0.5192293992872653,0.4557269208767382,0.6389539864224104,0.5760619537593883,0.5601695825235663,0.6294100541292527,0.5550218256442419,0.4404045613844424,0.6079741008144255,0.6358348683409009,0.4530784444885649,0.5740303693259727,0.6582634449180467,0.4640748826707744,0.5366195583759967,0.5064645235043215,0.4851602595521107,0.5618766272572449,0.4486808694364365,0.4656727400573128,0.47654636053989013,0.5073001266054399,0.5383537833736936,0.5194380746468615,0.5329112340393686,0.581109154709973,0.4595223495885177,0.484032580206931,0.6351992165519478,0.5428900331429771,0.4437377303547934,0.5999247039906123,0.547427253878062,0.504183461042815,0.46905801557360133,0.502098128969361,0.5259431384945349,0.5147799921001028,0.5154297079030474,0.5217028733191412,0.5451520185215215,0.5010250843106078,0.4823061837064326,0.4654985821683296,0.4594513073012158,0.6829435311208004,0.46275624519051,0.6340248570544631,0.4921185233460811,0.5143132580999307,0.5282656530104839,0.43645627172815576,0.45806487663544654,0.4451789905578712,0.4841726920520025,0.48737094354505495,0.4910437012260229,0.47117803168656214,0.45851646708565863,0.5002316687368402,0.5384642241005974,0.5210828256173202,0.4949099012727739,0.5329374115364774,0.545963335006779,0.6099906550598068,0.5399577059772804,0.5309741458388721,0.48504833528871927,0.5248653975178228,0.5530656484337058,0.4549664567457372,0.5808466285176417,0.5433677451320112,0.46995041023309553,0.563513120214961,0.48670338605551094,0.5044028114615052,0.5916717765927973,0.44696359460785373,0.5988466829008476,0.48419102668344655,0.5450869352413551,0.5436196985207871,0.5164267844767736,0.4391179937635887,0.570440221250338,0.4904870388922314,0.5261312958641361,0.544869019802617,0.45953000772420044,0.48348369081673037,0.5447559849039573,0.5107328988491222,0.5659489948525638,0.4460535302995489,0.5579193982689019,0.5065716440631952,0.5044876980647905,0.6082276655132282,0.4933595535921502,0.550205168909519,0.5043357668604077,0.5150673513689766,0.4526219928034086,0.5208390152148734,0.4634400444846192,0.5808718759202872,0.4770358012350647,0.5688552426362212,0.5326274345962575,0.5885723355409276,0.5443385431644179,0.4622010782114955,0.5644428687255011,0.4427542225447474,0.47500771077446424,0.4493464884051351,0.6673651199812523
0.5464131395758325,0.5637540521120025,0.5519839240491239,0.5020725013197763,0.45026434780276703,0.5962886335718935,0.5630563344896647,0.49604730429312743,0.4833843754917899,0.5189821716500799,0.5754328638444092,0.0,0.5290855147838067,0.42289167330419364,0.5383106475483638,0.5387040531559125,0.5230120746445439,0.4800214693465866,0.573569148922573,0.4816680057581596,0.5871085927366602,0.5711645178819653,0.5229640679756516,0.5669385863216726,0.59557132117785,0.5049227799513153,0.4465614862423741,0.4753616353099846,0.5000161124986932,0.5379682731288579,0.539744749280811,0.5356346563841782,0.5210948150256919,0.539145319392052,0.4757710693212998,0.5084951554804118,0.5864054420844768,0.48786741607276235,0.5480878005514025,0.5110095334439205,0.5307855853404425,0.5633886049887876,0.5044181862890174,0.5554721199729964,0.5266695324103253,0.5053636415568712,0.4823554768845955,0.5361828648271408,0.5433868091702256,0.48471695866696946,0.542988444219635,0.5434626662756823,0.41081190855243926,0.5568756837317235,0.5247303420513755,0.5237626073911121,0.5125963413349828,0.6336607874770498,0.4293211151243295,0.49248825794118317,0.4651511978784842,0.43724133831243656,0.48332028314881814,0.41133313320906056,0.4341966911967897,0.44001195523734027,0.4769201334050329,0.5150813889553176,0.4407780466907386,0.5022912167023293,0.5312245532107948,0.41921351579025734,0.4390491238607287,0.5452580949446239,0.4912362956091975,0.440944350217465,0.49406768674931295,0.5182804702341355,0.4795765591192292,0.43778976986078355,0.4783348496202002,0.5279998998136195,0.5628670865088097,0.46125436750242566,0.47797456005986483,0.563472676474966,0.47841525741877694,0.44005181091036566,0.471444686843447,0.5268969981558128,0.5589377086721119,0.5104092155927066,0.5197627418238283,0.4606076678616075,0.4584499861185834,0.611186775471447,0.412818391458207,0.5264183520749074,0.4179275194930312,0.4866293339010497,0.4436899800005841,0.4465571593355117,0.4618288314444342,0.5193560211645831,0.4553792068058637,0.5247224643852572,0.47468224850617413,0.5301966457607155,0.5048007698241315,0.6206857875413908,0.6217992879913429,0.48011301302853615,0.49507452826999215,0.44404134744003604,0.4706299009748536,0.5610667972807223,0.4657914611122671,0.5213794564673029,0.507611815935682,0.4517828234096865,0.47391885954814184,0.4533345458388365,0.49919093652838187,0.5895033691866445,0.4222725244323137,0.5951825847852381,0.4496186149546407,0.5510837291999022,0.5287280332149991,0.4548080267936022,0.47919947742798286,0.500222817207052,0.43124487407798967,0.5016992611364021,0.5114409923557234,0.41645623151195815,0.5296465137684229,0.49980264448200873,0.47582341638728837,0.5428471055811216,0.4289113983305481,0.49334661099874927,0.5093974757039079,0.4566205079284665,0.5427889543880787,0.5279884677890728,0.6121519482536109,0.4854703334178224,0.549560056002689,0.41997928760325604,0.5055198799829859,0.44565088576097145,0.5048836819245122,0.5048818365811308,0.6498404022027577,0.5250497250938455,0.5367550633037983,0.6062088558140467,0.43368087592333265,0.4783468687465839,0.4225318110083808,0.4686285548375487,0.43907924941980575,0.5789587789365125
