0,1,2,3,4,5,6,7,8,9,10,11,12,13,14,15,16,17,18,19,20,21,22,23,24,25,26,27,28,29,30,31,32,33,34,35,36,37,38,39,40,41,42,43,44,45,46,47,48,49,50,51,52,53,54,55,56,57,58,59,60,61,62,63,64,65,66,67,68,69,70,71,72,73,74,75,76,77,78,79,80,81,82,83,84,85,86,87,88,89,90,91,92,93,94,95,96,97,98,99,100,101,102,103,104,105,106,107,108,109,110,111,112,113,114,115,116,117,118,119,120,121,122,123,124,125,126,127,128,129,130,131,132,133,134,135,136,137,138,139,140,141,142,143,144,145,146,147,148,149,150,151,152,153,154,155,156,157,158,159,160,161,162,163
0.0,0.6422585453597577,0.5785925053953056,0.4757163993553152,0.5085851343498718,0.5902036867060362,0.542254079038192,0.5709177929322172,0.6390573326137464,0.5674999463355651,0.6675195039067692,0.5581660086224237,0.6260353392325406,0.5967284402898786,0.5366762217487391,0.6115612324859088,0.5874528430387899,0.6400782841910819,0.5803546854787214,0.7036216022557256,0.6232846228591917,0.656490247349107,0.5156091524661349,0.5907701971370679,0.7008319872112928,0.5744774229453199,0.4621644205927255,0.6044489435024795,0.547683301278644,0.5074817786259298,0.638014418361956,0.6286811658780052,0.46877674547292253,0.6197732193439691,0.7015764223719144,0.5192845252238871,0.7166783870766119,0.6061543099293506,0.5593798453864156,0.5216638899407051,0.493449904325423,0.6359475822628646,0.576046814387318,0.607589006363529,0.6197782728900109,0.5481566386376703,0.5316042361659096,0.6104777204503985,0.6645009913383569,0.5280687860540566,0.5687294484209074,0.6017978164033757,0.5281084197139965,0.572012840905015,0.5621561672981943,0.614298209230034,0.6210236781576313,0.5389666602977995,0.5802662122816521,0.5209127276084728,0.5940991064298913,0.4836233560055202,0.5882381087767137,0.5259703925317011,0.5645472695198248,0.5878886670916855,0.6149542427767039,0.7080701184298678,0.5542906835326676,0.6601562030376075,0.7218125832843174,0.577249472617518,0.6290532527128222,0.597658628088853,0.6010515580073398,0.6927313519154723,0.5521066400424528,0.5551172334620762,0.5702666039062716,0.5374260571079927,0.6050402968110249,0.6194078160367935,0.6248834309448382,0.6143403704372755,0.5520273304258756,0.6691444027519983,0.6346397688181831,0.5459566538744568,0.5818883633868717,0.6022870979120908,0.542929771132295,0.5426322656311128,0.5303818638209974,0.6548633372791993,0.5943191601511685,0.6067761849898149,0.5454105778838497,0.5766102204773715,0.5415449042035302,0.5801613811871087,0.6175091540461527,0.513527424742786,0.4824866926452962,0.4830496907823419,0.5698335955570524,0.5583587142871029,0.49545031567536857,0.623745596500234,0.5128314622553742,0.6311933723191507,0.6263668189255843,0.5449102639495926,0.6143321053283314,0.5360016192400765,0.585224480403584,0.5830739820574119,0.6206450423908236,0.59624167384061,0.5365776276020235,0.588692660157141,0.5577121415965229,0.48941547247699757,0.652632423500432,0.6587656864121202,0.6229950285526815,0.5876782322059546,0.49218390810904605,0.5402417837148569,0.5755371550000307,0.5460006731284517,0.5571339094261277,0.5635430127799222,0.5817367461660352,0.7022889174028035,0.65266731783495,0.577751171189402,0.6700484959679153,0.5377012340847797,0.5358906260060828,0.5325046123161572,0.517050331886146,0.6182526144668156,0.5898030352967758,0.5236539250418158,0.6868480139677767,0.6224309442428915,0.6144978228723776,0.5179331504122485,0.670290518488896,0.4797436824575911,0.7040370573236021,0.5718840042965386,0.5432553416746744,0.4570636296649262,0.5765083884944201,0.7044094306406026,0.5543589213614847,0.5827810352333729,0.5049790023233617,0.5829242619510918,0.5459962967625092,0.6925410613723243,0.5064819530476787,0.7937737525493742
0.6422585453597577,0.0,0.6714905272747943,0.5318943245304809,0.5233761676173733,0.5637108250894172,0.6423783998355179,0.6223574437404004,0.5778244915038451,0.711685116916681,0.6262530560469246,0.6213298813776382,0.6256282323811099,0.6044457922604196,0.5997651344714983,0.6079961530836283,0.6086420051196935,0.6463245593321487,0.5695754852918237,0.5818758730394316,0.6177080941060038,0.7140937925566969,0.6080812640981953,0.6734050382482404,0.6881673784057003,0.6025659487244371,0.5394481636054197,0.6388788975301701,0.6427131542918452,0.5148630314127737,0.6148750279566373,0.5854093883603049,0.5423435574115298,0.6490617552536709,0.6111997738142141,0.5447188675906353,0.6293131432972375,0.582423409257293,0.5640920488531277,0.61925793707368,0.5589464259351532,0.6106195608421401,0.5396085280724132,0.5632232223578195,0.6990953854293473,0.5956311151313824,0.5707292214707774,0.529368757598074,0.6974854669997967,0.5155390400742299,0.5720524239485942,0.6079289452312319,0.5364700677276331,0.6251136674441693,0.5814710209593181,0.6117607379040958,0.5766295550682474,0.5547362152361305,0.5922014343954247,0.5585562995694876,0.5734115569772025,0.47266078118343746,0.5449552483305915,0.5122055962485534,0.5112968832062575,0.5309491716838006,0.6143715995625278,0.6420119126101612,0.5558696460183459,0.6347842357273864,0.6190496126971915,0.5517948766864829,0.5314159077536885,0.6392752622741795,0.5933408945930532,0.6020046299457841,0.5607810384312412,0.642520214018712,0.5795802187552107,0.4791878986845093,0.5607296154240183,0.5877130290089762,0.7030198282862106,0.5899850435619325,0.5194742845598531,0.745169920724348,0.5235500758340734,0.5251543065830284,0.621085402343671,0.6369649962388152,0.5530660896929324,0.5612351442966704,0.548720557920926,0.5686956252981212,0.5740505323095411,0.6539907533329693,0.5019077475006781,0.6025137735476599,0.4984456184833334,0.6603961444396287,0.5708152223633576,0.497592852283156,0.4837740919121627,0.5341633356719463,0.5338524388563055,0.5950562893999481,0.504617640613072,0.6922841823466032,0.5940674723801064,0.6116933575350567,0.6138533843417687,0.5169764428203258,0.5354848932680965,0.5314426728812073,0.5985505607915416,0.6927701980801023,0.5949443858936906,0.5666879186959659,0.5406733039467981,0.5991312441260946,0.5324025142979676,0.503070529153495,0.536253233345791,0.7004173173086322,0.4969122087240049,0.6868584657715325,0.4945138444399777,0.6059684980830014,0.6340359097892376,0.5730441437957303,0.5728520565109525,0.5276543710474646,0.51630501521416,0.599930313725425,0.5616215923757826,0.502340022004876,0.6399235191901561,0.5914345898204475,0.6189733718443511,0.5396180966660875,0.5403610514943863,0.5563160941323623,0.6273410044463656,0.5091963365371828,0.6247215829516563,0.6069706674115956,0.6217911967376288,0.5902186815896815,0.6892712462339944,0.4722907598573918,0.578596937821352,0.5769629980340817,0.5515168216580012,0.5432507744135621,0.6316707937185727,0.6285706823828829,0.541955170660065,0.6672214211236415,0.5255868320006267,0.5459305840458437,0.6097806350370422,0.5697225957679561,0.5061801046059415,0.6409805996581658
0.5785925053953056,0.6714905272747943,0.0,0.5107490365053808,0.5374774472732483,0.5534699973461198,0.5744685021784101,0.653168313756128,0.5367830344292158,0.7036925080534504,0.6236572441095976,0.5923792985583063,0.6372745958566225,0.5830566072529118,0.538837052917609,0.7341650736721899,0.6996673092977134,0.6386134901261757,0.5563812300477454,0.5529933042365457,0.6573686296135027,0.6822705012621417,0.5935934234090917,0.5862989180360488,0.6212905749030078,0.6239323160210304,0.5539964136379094,0.6539901498081205,0.603760424956415,0.5424237688578105,0.545617111954766,0.6320827869089605,0.5019094673591146,0.6121215522013466,0.526322262013788,0.5482496361553068,0.5874227190689788,0.6027805567697481,0.5593381786247191,0.6047747842485415,0.5405889050563447,0.6053902497532164,0.5661217464319517,0.5166390512300237,0.6633816633713675,0.6262094350344476,0.5821295753489738,0.5077597520428256,0.6489088130985922,0.5371444989177142,0.596983021222467,0.5981199320043946,0.5456444285752384,0.6036411726793142,0.5868210479828462,0.5588371559957783,0.5944378088818388,0.5997524704124534,0.5858445200882924,0.5837119492170647,0.5844635533838342,0.5084836666563401,0.5812954500846373,0.5167726154262385,0.5052517456932132,0.5506568783662577,0.5843400350638238,0.6252622161529423,0.6124609571391251,0.6507763356927978,0.6053635385929953,0.5308309875644067,0.5289697993953316,0.715363878265951,0.6576930941402117,0.5574341566535355,0.6510881432116777,0.6808822807602158,0.5899553994952828,0.48074155845293115,0.5712593649630144,0.5614464910175708,0.6610465526869769,0.59986303809411,0.5401755872948297,0.6845374080596972,0.519017949380693,0.53669533462738,0.6338235845476707,0.5628414156055114,0.5763767245942397,0.5155869396730784,0.5690035669243522,0.5536674250815751,0.5768232584276071,0.5583448938139529,0.5158027176458773,0.5512341009519003,0.4879865791044305,0.6388593919706701,0.5275353673544094,0.5562544717218221,0.47713466130063475,0.49488950147067645,0.542779257331968,0.6664468281896531,0.5648026091810813,0.6629982160695604,0.6070688565016318,0.5563666805620487,0.5821929658477579,0.526069163230466,0.5181961708283493,0.5756217608698521,0.5948351971285241,0.6898101642538275,0.5708871212127908,0.5828882800924027,0.5381862212430686,0.5852154421566634,0.5386673202050108,0.5260696543331254,0.5048571437013335,0.6678756223284072,0.4571856094418358,0.6377155866296819,0.5321633107568685,0.6377672292856084,0.6284948282262065,0.5675754644751524,0.5703962865727911,0.6027610632534848,0.5166580679001618,0.548319811074883,0.5277821330143752,0.47952854348414886,0.5768677644295782,0.5372005658073405,0.5957495439793038,0.5524188732034118,0.486712775687362,0.5828141406355253,0.6085969044583145,0.5276233628916434,0.6046356780543095,0.5650845727754709,0.5867584677099827,0.653611989686603,0.6567163863883482,0.5116369547884428,0.5314429634256687,0.5535649164576283,0.5813436983082655,0.5649064595521721,0.6085674081802933,0.5852106629591078,0.5138487720078048,0.6607619125518043,0.4614918612731436,0.58041317480723,0.6141987258692869,0.5175638872844285,0.5229922860825656,0.588493448137714
0.4757163993553152,0.5318943245304809,0.5107490365053808,0.0,0.4781354153279977,0.4811208700643002,0.6093349769262916,0.5160691503183177,0.43295892689788296,0.528088126711036,0.5180326675958823,0.5339827227987978,0.46659382802909083,0.49630709409792684,0.5308438188278223,0.47409174725474906,0.5121847683979577,0.5125322819646642,0.531843945743332,0.42481487398224527,0.5215420834820166,0.49541959452612405,0.5488073843734798,0.4863648405711433,0.5172505559461896,0.5683215394724281,0.4875984216763178,0.5444514588569742,0.5566546219922118,0.42317717036367664,0.4921746754451833,0.47064915654840306,0.7396247727130288,0.5447813555346755,0.5062072368420821,0.5459442343342755,0.4692945354286879,0.4975046493339414,0.48248729879992525,0.5397600233383694,0.6243634240241273,0.4606329718060101,0.4802722481490973,0.5380239255965511,0.5177018037041466,0.4935408734601329,0.4644987799480371,0.4464728455589482,0.5346035399003698,0.45986382855039754,0.5540623816769042,0.6058709892140077,0.48896093625779835,0.6487604610149178,0.5781600684914744,0.4436062611174312,0.4805114708351921,0.5378948398446457,0.4980823561480387,0.4871572587670248,0.4843344970125529,0.44053220505206536,0.5433572297355197,0.4411059970280748,0.44238314210383894,0.44960273209338236,0.4783424190776578,0.4664059290263933,0.4893129927983923,0.5325058653011603,0.4804010981416864,0.4681785540417322,0.46974884733653743,0.5431446759959674,0.5014768667003124,0.4691000366626682,0.483721428334098,0.5477117046842099,0.5334853118087414,0.4107170794399261,0.48299510039110055,0.5129296641600448,0.47687841443611345,0.5071184700778377,0.4848409651543257,0.5190323103144032,0.44358469062822564,0.48163718381044357,0.5130675775538439,0.4340870944207751,0.5596777807265605,0.5314540056525652,0.5167960854193098,0.46155785241361486,0.5178246033866345,0.5382433901210313,0.43831613702736577,0.5413907978100521,0.4516111889438064,0.571334341201574,0.4660766112916843,0.4485442960182097,0.5644014120940227,0.5902246204616073,0.5028199608560316,0.47604941055033834,0.4633738383559472,0.5150870231896931,0.5247127106350581,0.43329743022294614,0.5770436515539662,0.48354114667327663,0.4656998599600175,0.4680288686650912,0.5803718053068034,0.5334984717689889,0.5137082184376716,0.44462107294670106,0.5746754505596966,0.5651357418441939,0.44382854722579285,0.5680667664964768,0.4313410786677044,0.5452595156463009,0.41163311183782886,0.6004070530620148,0.46469203716939184,0.4697890908758994,0.6021363137253947,0.48165107120539896,0.43198413535003954,0.4428546106116733,0.426031896502327,0.5163935616443892,0.43334776939870956,0.41172170470211306,0.42963867679556295,0.5379133421702592,0.5035305615869058,0.4739382136239516,0.6432194971449404,0.4468410431826919,0.5287252767797616,0.4806006471710815,0.4910394196272019,0.5226672728172072,0.47377884829731826,0.504164419253087,0.49060185536047596,0.41649239292133156,0.5022108085407891,0.5596522763284884,0.4659811182964459,0.4336101612704613,0.5947499214209777,0.45604221940882195,0.41224271733611095,0.5387223986329968,0.5659868059039915,0.5104023246521557,0.5498196927744786,0.47963633903754743,0.45396987283987367,0.4999475784265626
0.5085851343498718,0.5233761676173733,0.5374774472732483,0.4781354153279977,0.0,0.4382035933144784,0.5946116638164428,0.5006012790336596,0.5156882371347183,0.49425047603597094,0.5010465284361544,0.5670080684349644,0.4484979368799923,0.4918975304892393,0.5949910965488011,0.5225874970076242,0.5377513630366199,0.5753577302881028,0.549979744235537,0.4791695050100095,0.5785964813679757,0.5606118990470071,0.5811835149623322,0.5072138940225662,0.49880088679231044,0.5257011298132196,0.4870224478828181,0.48257262898212444,0.4996001706960831,0.557747765870784,0.5520051601096297,0.507467234007662,0.49673936624666437,0.5096077605559924,0.5222642601282793,0.5936238547196356,0.46392519063905835,0.5599233515595047,0.5973854377963497,0.5111646133589459,0.5934863430823432,0.502778566857608,0.5993469016672247,0.5182520438831791,0.5166942686044462,0.5466787909425798,0.6173621299946979,0.44490507160552784,0.5878069970677224,0.5946067776042061,0.6064590686326949,0.5483210604482786,0.559556890790246,0.549622942261469,0.5589215813620636,0.45238785106139023,0.5608588663286475,0.5783797773009736,0.5286145763035882,0.560668047469739,0.4293177252030725,0.5038691450030056,0.5413408061927324,0.5267546968268437,0.5404132147585883,0.46959814911449327,0.4477612265720382,0.5021918201027077,0.5449239330264144,0.5093192420278392,0.5444999397037537,0.5261556826809007,0.4492462336491877,0.5406565561553188,0.5050190571144184,0.47999124634292406,0.5054359019090985,0.6180819511275399,0.5424848906129919,0.4044300079406641,0.46493905235557514,0.5884710847618513,0.5444124265184621,0.4545923188829677,0.5123094173767943,0.5471929923237147,0.4240754485783324,0.5571100816507061,0.5057370236042913,0.45248608083729314,0.6645714268642386,0.5531706211306302,0.6554260717746616,0.4852204692899367,0.539147875644447,0.4926285559915305,0.4742024529076449,0.48997986824645356,0.531201198266022,0.4975066902377762,0.4759520476083316,0.48233332563223047,0.5102064568508089,0.5038466628656755,0.5435675460282539,0.5341768066641452,0.4920782923233984,0.4872395294239455,0.5699003042412909,0.4348759684936783,0.5349529083130089,0.5677883695163568,0.41504587898763556,0.49308064051492734,0.5468960048399546,0.5189393028584829,0.4974177196824482,0.578246703160857,0.4513589457928446,0.5127524620956851,0.5969968270143557,0.5094974205433278,0.42693066248138734,0.5669794670146192,0.4362246086940009,0.5254793379353142,0.4986823099048614,0.5463339425001663,0.511922056003903,0.5404433454543254,0.47240576054752653,0.49339418667844576,0.41326093578157697,0.5299705992718493,0.4600669243195668,0.4870336733352766,0.4957176839765896,0.570741599440083,0.5064538331934255,0.59402916086229,0.44838026849922663,0.5033261179435214,0.5776223558317796,0.5440344519369641,0.5200712934039741,0.565405328406505,0.6227073495667512,0.5245513859688499,0.526950813664432,0.4604637999008193,0.5026314644669221,0.5461344207349229,0.5911899707519866,0.5059474534554014,0.5406967062644308,0.4711593550917559,0.40122626326902966,0.49691995711856346,0.43494900521293395,0.5000276131240123,0.48743117594891266,0.475991620948874,0.49525412100261745,0.5435467245587249
0.5902036867060362,0.5637108250894172,0.5534699973461198,0.4811208700643002,0.4382035933144784,0.0,0.48990941619166556,0.545141329128455,0.5102828498979675,0.570057493793486,0.572827588076468,0.5594378138001989,0.5648023112249194,0.4811778637844033,0.4456905507716042,0.5557145746264601,0.5383631939714089,0.4945954348368165,0.5596896650177426,0.5102631444889731,0.5632666319614704,0.5178044043877913,0.4591835976387794,0.49196871261083774,0.6783927884455994,0.5177612565627633,0.4107185972736245,0.5649765054287821,0.5109968656789743,0.4690848752600517,0.5247239210590398,0.5851965807508159,0.4542238229956396,0.5976213917870998,0.5198023097402473,0.4582505963544356,0.6049387088076977,0.4941397346479784,0.4640053813584616,0.45392679039227957,0.4478749017163835,0.6159716166808823,0.4829883200043519,0.5545674961780183,0.5211749998894297,0.47416027543086686,0.4824137114318582,0.5475756366474461,0.5227033327199447,0.4365997647962683,0.5054411272783337,0.6017647698500707,0.4510438046888964,0.5331999919375051,0.5013885318039404,0.6264621689299543,0.5032186145281141,0.5458582921357565,0.47156144011451284,0.4439543922332067,0.5750334232223488,0.4422244267330069,0.5574107782293821,0.4290895835761649,0.45138517372174175,0.5068636702359619,0.5215242296928828,0.578579304677117,0.46477202859104094,0.5990922162581982,0.5448610701629516,0.45042113203486056,0.5649050630498714,0.531862301451993,0.5592581164473036,0.5692129576775246,0.4967498184802294,0.5091558421895672,0.4978052199508668,0.5577024844034089,0.6364552281899578,0.5145328229083302,0.5565484421413408,0.5732111765781763,0.5027159975274991,0.5499150709856953,0.6304637760152522,0.45754721633802875,0.5411550755385668,0.5275978306427935,0.4858641380218518,0.5057182613475212,0.4546363387163515,0.5286826621591205,0.49878189548294244,0.6103104713047334,0.4758015691605127,0.6201449798764311,0.454557944240325,0.5408659952321646,0.4841069049313538,0.4744050802742716,0.46849148266073354,0.49506761644067293,0.49019497412792445,0.5011061329346718,0.46562568572987345,0.622598128203675,0.4482486761590903,0.5907101793688606,0.6158177155145069,0.4609570005383807,0.6410542004782952,0.48736983730206856,0.5046255932947681,0.541204219539538,0.6048763351487598,0.47388963055815897,0.6142050463591423,0.5558235124458581,0.4356619464314328,0.4799879221086792,0.5920610005335031,0.5827625517294462,0.49257902616235744,0.5672055831649887,0.45946662679341754,0.4734501835762769,0.5727068109169461,0.43707329492461316,0.5360215510300809,0.5337178419586086,0.5024827078572592,0.5599162328128283,0.5061342424857325,0.4433732836412974,0.5362481855227068,0.4373974794742252,0.44260903412876756,0.4568945702199917,0.505718783015381,0.5314271635415387,0.5077511904604665,0.4619278300869014,0.553046167220011,0.5446743259134665,0.5107333153091659,0.48877039921436505,0.5917537764872633,0.4543225793667938,0.5579880348835927,0.525370983294382,0.44420747643836744,0.4112093844039814,0.593725789131127,0.5480944767667145,0.4846409508427754,0.6354993722853518,0.4582618132378948,0.5474700839571963,0.5142049069804554,0.5928479244065257,0.4651297526695243,0.563533578255366
0.542254079038192,0.6423783998355179,0.5744685021784101,0.6093349769262916,0.5946116638164428,0.48990941619166556,0.0,0.55666001514383,0.5119705021436443,0.5956962874710354,0.5396577506833888,0.6330067076250641,0.5008700794785258,0.5344217993019436,0.6830654675424848,0.5222378381873148,0.5492732034844134,0.59674930724128,0.5675744312911722,0.48224449871444874,0.5842964591911609,0.5918194458902265,0.6755237182381533,0.5908547452657484,0.578448727195698,0.6021433854607865,0.5337119993087925,0.5462590079280927,0.586315856620167,0.5003339518087047,0.5923288387160839,0.5165034919301931,0.6543153253331877,0.6010103052674353,0.5692510256143817,0.5899226968846435,0.5193795133831255,0.5438129285650225,0.5613925382938095,0.6070293004520436,0.6707365017013763,0.5267917333496182,0.5463552195186339,0.5719879959220742,0.5997987863992638,0.5746503656424095,0.5941442843753647,0.47213648336795594,0.6548794292698219,0.5209897785567316,0.6087824996263225,0.6230984694377569,0.5357981165098408,0.6507227590664643,0.5977522743710746,0.5090592555487484,0.5380665225689047,0.5700799502081673,0.55975173583766,0.5527489728587333,0.47963337236086767,0.47113767522953237,0.540931165824261,0.4927228877485521,0.5009715655373533,0.47890035592560115,0.5139373107561153,0.5462824205058365,0.5297622997101735,0.5586578322970499,0.5562157642546541,0.5260064288888986,0.4739329763540752,0.5901984531379336,0.5179574679898812,0.5232438269015834,0.5182885343824054,0.6790095823240808,0.5745401463957432,0.424812239563081,0.4986085435656088,0.5950327390846665,0.5963837075575725,0.5019385300598485,0.5068427449283215,0.6121809234131155,0.45328906577749184,0.536283498542258,0.5646469415999034,0.512139439949927,0.6208295166144507,0.6175788315297616,0.5859266612779492,0.5007088007763533,0.5543993170382111,0.610029121397564,0.4634570499651228,0.5836705342408018,0.49771062462564364,0.6114531941672761,0.5084840860117045,0.473353556280939,0.5510752892138169,0.6124389247249898,0.5300642280096949,0.5489030393664474,0.4867223831059523,0.5652240376179726,0.6258858673794394,0.48845043613882255,0.6137448738829984,0.5290078765462846,0.4638906686380496,0.4911069299210446,0.6005098811257057,0.6031138555240788,0.5461879771464617,0.5270178324271859,0.5212473615296701,0.5744465755469268,0.5204647172981787,0.5400715945426408,0.4568558500302425,0.6501518938156755,0.4440203685711371,0.6528633876127984,0.49010746039005393,0.5669026311747126,0.5988795242047671,0.5562890682876239,0.4922143077612284,0.47304370506573934,0.43789943534014464,0.554658764330233,0.4776313375256802,0.46586264702387276,0.521332038038763,0.6493226568504881,0.5713352968865217,0.5501441351697751,0.5596509989968819,0.4906218223254175,0.6201700545478256,0.511398417335426,0.549162697884132,0.6338905560337643,0.5992152808395874,0.5648442790558462,0.5712118951046544,0.4351528302728986,0.5384777007304047,0.5856388021087455,0.5289146780294393,0.53406440177393,0.6458313911796727,0.5153217008495155,0.44317346676968483,0.5999418580508706,0.53443371413848,0.5202776782299829,0.5733151346294243,0.5119645331903742,0.49382070848311127,0.5664794124428417
0.5709177929322172,0.6223574437404004,0.653168313756128,0.5160691503183177,0.5006012790336596,0.545141329128455,0.55666001514383,0.0,0.5915369548190613,0.6537318060050633,0.5493449240426896,0.6246474310618239,0.5789580699563681,0.543823379988824,0.53852849064108,0.635421392830693,0.6136598818593278,0.616538742529224,0.5867872728298564,0.5428054957251423,0.6227398075694661,0.5923325375375248,0.5973676674292735,0.5250187642649383,0.6305337186278165,0.5826572047362386,0.5540238440578859,0.6236811956078022,0.5174321827232476,0.5649340494825082,0.6042067962027324,0.6280375295873911,0.5033427151290425,0.6605685373340313,0.521054459150207,0.5598327818406263,0.5645906374538104,0.600802861483947,0.5645128810959185,0.5411856209194302,0.530603132531356,0.5973032475389093,0.5809210763182256,0.49777197898110975,0.7043115183191008,0.6473292151171329,0.5735082451713274,0.4688568862819482,0.6123052239335568,0.5383451096832292,0.6005755040107906,0.5800548311000628,0.5393364561894867,0.5765727995391942,0.5663520391296364,0.5731879483790608,0.5892781514415303,0.6318528475296101,0.5568833915204293,0.5895248842915458,0.5752586774997784,0.5313697002575621,0.5807228613364949,0.5054039822332405,0.5111827442599713,0.5549022748531879,0.5664847105357161,0.5890817467007928,0.5905161743530652,0.7356999030317942,0.6008193036555052,0.5221935567232409,0.5217394074878502,0.6623075036632367,0.6506151187412368,0.5658671008536407,0.6142907790347375,0.599605055399049,0.6393052051178121,0.4504035058750156,0.5426608020920918,0.6147586821298127,0.6338172639942474,0.5799035909287789,0.5562921964116382,0.7079918733445928,0.5487862391322234,0.570196485417738,0.7267962261998498,0.5896211394560238,0.5777740150890475,0.5681631800570943,0.5471854607850167,0.5411741990793554,0.5663491807042699,0.5614390562789516,0.5456769562821714,0.5930222758680982,0.4981269751987111,0.6653244167046023,0.512313493673211,0.6110051118398832,0.5148409173123643,0.5230682919620643,0.5771619892311755,0.6615180279500658,0.5754483452296445,0.6383077774789978,0.5794712793000132,0.5080999621777375,0.5698346607778672,0.540407781560173,0.5068684636153561,0.6056640069787935,0.5933479021276404,0.633538416800208,0.5851737676966784,0.5581638980262897,0.4986826577781872,0.6163974604306576,0.5049150384817318,0.6022017920668051,0.48470954259447346,0.6389389461327254,0.4491879048653976,0.6033553188649917,0.5510396845581417,0.6547867256049611,0.5936496668057878,0.5444531290807595,0.6091906754536559,0.5822385169979992,0.5110019473178666,0.5601402540703349,0.5093334202570272,0.4558998647873579,0.5552174968875953,0.5150817406722882,0.5577493443398167,0.5970101346676895,0.4867772214548992,0.5559397198859212,0.6383182275786077,0.5454526525324224,0.5718033249817855,0.6102626920937604,0.6087727528512193,0.6277038454019185,0.6475386422638388,0.4987592765477638,0.5634845856831389,0.5553897516235543,0.5621256985929904,0.5381464081891731,0.642259688087706,0.5950792483715215,0.4706017263475849,0.6359311322756207,0.44519079041666176,0.5654227253009678,0.5726434452508646,0.5194065310229153,0.5535092174537046,0.5528425013778157
0.6390573326137464,0.5778244915038451,0.5367830344292158,0.43295892689788296,0.5156882371347183,0.5102828498979675,0.5119705021436443,0.5915369548190613,0.0,0.5404594605849974,0.5140731998902803,0.5759262720540341,0.5157594600984218,0.5127259962359683,0.5161228598423059,0.5574354284990515,0.5380513344173916,0.5956822182208436,0.5703316957473008,0.6104599495615727,0.570820935245269,0.5800254274512852,0.5287372804955307,0.5035827913490343,0.6047939055708395,0.48748087838305526,0.47203948217576674,0.5307602732557642,0.46460468390535153,0.6190482908601108,0.6533688122969974,0.5884068198229174,0.43298644402610076,0.5690287974610354,0.5651994828097437,0.50854824885427,0.5462408090625183,0.5702139958304462,0.5453822002686778,0.46855157694245664,0.46895158097119877,0.6510467941675453,0.5621815492819482,0.4933622877174315,0.5755162947451065,0.548330358552299,0.5763962886076296,0.46641569101157787,0.5865671569074999,0.5362181548907603,0.5366502609085426,0.5216129192544742,0.5213192304382046,0.4966250657588355,0.49708583680432894,0.6016221637316753,0.5826845872383202,0.5542817718248725,0.5279139940126322,0.527890398276737,0.4892940807156067,0.4963739809620516,0.5215633070431377,0.5165044191784135,0.5497977787659536,0.523663052138346,0.5076334275171361,0.579729880075758,0.5385593962509124,0.6062840166944056,0.6090185799476131,0.5268438273112569,0.516820694081501,0.5386128549927424,0.5654538530202062,0.578417659226177,0.5066593507017021,0.5219655678004763,0.5392494318342369,0.4438205931548294,0.5082630258279738,0.6372892096871812,0.624953258458925,0.5020898176198234,0.5285001138254295,0.6362523686886692,0.5322684014313435,0.5536355805783691,0.5836278262799534,0.5947236536817789,0.5400091631993594,0.57033470078405,0.5171176141269666,0.5439802446008744,0.5388457870490907,0.5346797678431466,0.5269021473973078,0.5543625971143249,0.5356386022715082,0.5298621281414306,0.5072445961228325,0.5144271309551639,0.47153923151392857,0.4785089101145511,0.5547519417872252,0.5562452326671355,0.4895931485138882,0.5727440222889593,0.49824691243835134,0.5101191794077209,0.5299771727629904,0.5358975949133953,0.48259844630862053,0.5453286677052691,0.5155155054109656,0.5442103903002067,0.5655519086021071,0.5913278868161375,0.44506975048145186,0.5545983910652548,0.5272662720382756,0.48982622934579534,0.5079339236179333,0.5748908824078223,0.5092055963581351,0.5071040380370415,0.5017203787910647,0.5538009363449667,0.5011504172211391,0.5061804783591158,0.6509306870995742,0.5427850173231218,0.4842218913204711,0.5919924566425897,0.5268210777806523,0.4984983600484032,0.613770961645533,0.48777468526647766,0.4922134988480922,0.5753581634596047,0.43806124480550207,0.5638943183145505,0.6007560603668646,0.5291219015904476,0.5541931695051752,0.6215674161950896,0.6813761542769194,0.508531683787048,0.635166267620798,0.48178016970150744,0.5784231087293451,0.5291684094545839,0.5569903893355664,0.48381711145275225,0.5484886631169876,0.5859043776298896,0.45624920821382364,0.5302279059499051,0.4198100628094573,0.5100444101323125,0.4837467764999817,0.558933893912339,0.5244209829790654,0.5883424068534393
0.5674999463355651,0.711685116916681,0.7036925080534504,0.528088126711036,0.49425047603597094,0.570057493793486,0.5956962874710354,0.6537318060050633,0.5404594605849974,0.0,0.5707352014455493,0.6142703498493391,0.6013730166440076,0.5672229654576807,0.52573145577369,0.6259708934334997,0.6328723201044016,0.6048776703426832,0.5659170003604194,0.5309283243874673,0.6125475851399305,0.6068081556150082,0.6167881397387092,0.5571462441753116,0.6794173872841595,0.5788464476494936,0.5469787382539427,0.6572525293404741,0.6066057153666146,0.5270188818288192,0.5590042709136456,0.612992654065726,0.5140533747276301,0.6590344612037604,0.5305855934663485,0.5364386642772665,0.5733624164139264,0.5677257642266532,0.5222211388801419,0.5778965274030818,0.534046218791783,0.621014167933832,0.5288719466919467,0.5128471770091855,0.6516835842039059,0.5966268516363342,0.5747954919045534,0.48423150858565284,0.6395376447913746,0.5007327687344291,0.565767712073654,0.5898616037356423,0.5270097894300055,0.586310755795308,0.5631715176863878,0.6084236765818183,0.5544801453658015,0.581631448739067,0.5757043719682293,0.5520402696484075,0.5633612846665756,0.4894902254881436,0.5440765480184657,0.5003000146818667,0.4856480737093155,0.5262200201474713,0.5754286074799407,0.5919189036421614,0.5688128899399577,0.6395658294331603,0.564449906031395,0.5174032048723689,0.525023377530434,0.644956663983417,0.6203366120887285,0.5771363208784698,0.5740201702637097,0.6381063464922456,0.573385590921003,0.47360535895989125,0.5729646073143355,0.5548071226664015,0.6489987109132654,0.5855355203202224,0.5326247439763016,0.6739400951261436,0.5169199637057288,0.5260173049960835,0.6723576307399542,0.5791094714430622,0.5504841158037616,0.5523856312796821,0.5345395496386423,0.5338221452635826,0.5619817658034569,0.5994702831033728,0.4932815901424244,0.6232089813595586,0.48574246277009103,0.6744663359934527,0.5178696939136793,0.5207397856929403,0.49624847780495596,0.5438991001245643,0.53027374414621,0.6132427131350473,0.5354988714702791,0.7455040084353619,0.5847969716522124,0.5558355794043247,0.587811254098431,0.5096492979173872,0.5250273406323612,0.5678062335487124,0.5741292378720128,0.664894132817577,0.6120834304705426,0.5470444150292031,0.5501745126020269,0.6204601234793242,0.49071899750373915,0.5296289100086177,0.5076129400167911,0.6494066838068452,0.45617427920040027,0.6474061301148002,0.5214814379023751,0.5817712166331287,0.6538027330851325,0.534329021899784,0.6056490737617651,0.5490682446534048,0.49802332486737144,0.5439218619471907,0.5035752071055732,0.4561450729496699,0.5666935275787061,0.5218803792565604,0.5718825946220049,0.5369926987535069,0.5099300768888804,0.556962960536862,0.6165848745268712,0.5154784813365325,0.582909235704769,0.5928422153271523,0.561107084684798,0.6370296331133893,0.6989988749696646,0.4978089643006628,0.5291306105914685,0.5769060337460347,0.5289161089304946,0.5490143635283793,0.6560641035343774,0.5707582939243407,0.49213364780275476,0.6861623210793221,0.47399020097750294,0.5622503089337351,0.6450445534436599,0.5368655364798092,0.5341356183185583,0.5557804689984019
0.6675195039067692,0.6262530560469246,0.6236572441095976,0.5180326675958823,0.5010465284361544,0.572827588076468,0.5396577506833888,0.5493449240426896,0.5140731998902803,0.5707352014455493,0.0,0.5269836314730274,0.6559714876944444,0.6239872498836759,0.5335035367776888,0.6261052246701377,0.6078262579760793,0.6171026791978339,0.5442232843153009,0.5932786140820056,0.6043333006068771,0.6781278013649114,0.505345292284087,0.603480347233298,0.6245704156231496,0.6281981804674288,0.4765704474193529,0.637489205193303,0.6539133333946796,0.4590941673781937,0.5480477396591814,0.5817786797866198,0.5053105522018467,0.5702075395026341,0.6348189537398876,0.5233065103671931,0.678664824057749,0.5970716155842689,0.5482590200085787,0.5653046769103661,0.518239240942808,0.5464384085560524,0.5470457527752701,0.617528075317868,0.5996830905461116,0.5277616852653788,0.48408311734111287,0.6596841542827853,0.6361879585719519,0.5074879877018885,0.5646441056423169,0.6058797152164119,0.5157807835991038,0.6318119070477026,0.6165263945167554,0.5194864280036088,0.5803878531687701,0.5298386119423629,0.5742183135891898,0.5122623766452287,0.6483244753481405,0.4634166793728041,0.604733746185751,0.506667921189152,0.5123549217118241,0.5557519417382474,0.6190663567549491,0.637673305381741,0.5668050778827529,0.6422809956586814,0.6330018508327793,0.5562284898265372,0.6000858260282798,0.6236411305334516,0.6042044575896077,0.5909404070891543,0.5767334636132585,0.5714597237181875,0.5586113119162918,0.5310021195957852,0.5949765350286168,0.545239257110192,0.5667351493451803,0.6773303077560098,0.5231326267969588,0.6159225268408222,0.5839034671682741,0.5120840287894908,0.5437318835191931,0.5231625876393613,0.5374190752791003,0.48852367847308104,0.5401602784177437,0.6040583127932397,0.5818697567275535,0.5863270744611427,0.5150737400828378,0.5239066381491521,0.49514885434759187,0.5741519630332044,0.6173111909750226,0.5029107097038985,0.46891622785373616,0.47531732483128547,0.5408372507200373,0.5354591416670895,0.49240227733740954,0.5930080092999499,0.5203412013750959,0.5935640937847039,0.6172987669645958,0.5159531743012978,0.6065345670797341,0.5189459975805648,0.6104522997852811,0.5862646225985206,0.5639065233224083,0.5590809047983681,0.5961672717660907,0.5689009993244729,0.5416427094805895,0.49069472361403454,0.5853332092972602,0.6326783780664105,0.5494269130962757,0.6470843256259173,0.4726914065990369,0.5257746070065622,0.6201142932457854,0.5564965749658559,0.4886545915165083,0.5448671531119192,0.5887224995999191,0.6266357711871612,0.6213385541098099,0.5440633238804606,0.5693062031844588,0.5560984212444823,0.571134872150202,0.4977302705650557,0.5697181756386869,0.5795811711970197,0.5437058561301729,0.5049065434332073,0.6669353923173279,0.5377168576226511,0.5381799110382937,0.5238533898479714,0.6010604533217517,0.4711070030980418,0.61799074979309,0.5637699968481177,0.5339082898693985,0.44750495511027427,0.5590629714261621,0.6228472607955391,0.5799107072647123,0.5771507056408448,0.55822420176747,0.5872964290874664,0.5740662116057871,0.5980990644261053,0.4725570428951231,0.7171585327523834
0.5581660086224237,0.6213298813776382,0.5923792985583063,0.5339827227987978,0.5670080684349644,0.5594378138001989,0.6330067076250641,0.6246474310618239,0.5759262720540341,0.6142703498493391,0.5269836314730274,0.0,0.49410804190358426,0.4836725171865072,0.5719340205607267,0.5501629935491841,0.5530700591900108,0.5544232594395412,0.6787390834531736,0.49889804277264255,0.6226446648652227,0.5678816482144804,0.5927253133662727,0.5256096596867628,0.6466039679135019,0.5364203785071255,0.4788432300852425,0.5400875306421801,0.5261472082192221,0.5829469134453767,0.6606867281936993,0.5712114160718975,0.5397000405460437,0.6453287960600405,0.5436833635862773,0.5684638242569072,0.5248995939373559,0.5414990914421013,0.5685373299752365,0.49792428111145154,0.5660511803634927,0.6009307095089406,0.5705664744190322,0.5603361682858841,0.5833689180443806,0.555163904518877,0.6267460688882384,0.4729833744867112,0.5979282229380617,0.5164648360958337,0.598796354235386,0.6281400395316016,0.5159130842955956,0.6008255553105891,0.5672521211411184,0.5638632753930131,0.5471188570260588,0.6902809821291345,0.512523547685054,0.5255713735747263,0.48680723672596554,0.4882465363179645,0.5705481755947438,0.47861671685140744,0.5017201458700209,0.4886007714594198,0.483847062456441,0.5486876317855229,0.5135288839939905,0.6071003471763898,0.562638119907585,0.488830096447448,0.48289748215365985,0.5668423386029948,0.5533116468007604,0.5338406574537877,0.510902149492622,0.6110567193466061,0.5696154205403987,0.43555243122474385,0.5262414253515233,0.6322682577820502,0.6328128251061802,0.500686293795569,0.5270231880861005,0.6203901965810983,0.4969278628732081,0.5323530235117871,0.5923714742740216,0.5303837780710772,0.6070416022678568,0.6747404614032464,0.5585767736204527,0.5027251151109918,0.5278725574067515,0.6434615669961696,0.49270891632703195,0.6734810734128759,0.5011674454716651,0.5715636856010131,0.47920645466037143,0.510514370119242,0.5555719261004046,0.6561229816741763,0.546349763802642,0.5588121651146107,0.5041497892282434,0.5981342983550051,0.5404863063044307,0.49866442011284745,0.6394714576180881,0.5278041528188541,0.4741604250352722,0.5128276799051685,0.5496677273161914,0.5734269072051017,0.5901343819802196,0.5476530067222607,0.5200562878975201,0.5758724216824034,0.49018225004092286,0.5611493231773875,0.47185706076054634,0.6406279522010031,0.44741455759281135,0.625207785013312,0.5012219931869383,0.5715858528224946,0.5941143725983951,0.49270523242500774,0.5640417852848558,0.5169008484021194,0.4360924114072245,0.5678913649674766,0.4835821653212125,0.4511516640906819,0.5499044951157135,0.5177289378400811,0.4975288026520396,0.5780361745749638,0.5058110713236984,0.5164689831814254,0.6136206370660028,0.5289857197492602,0.5455156280974925,0.6750395326249403,0.674742658276085,0.5527632087197903,0.642495541586396,0.46267867212500274,0.560501037579672,0.5869974369897908,0.5236020443975611,0.5001559686971081,0.736498893532969,0.5234423885664741,0.4258311136869155,0.6305205495768686,0.4548040578340583,0.5206291448784304,0.5223679137698809,0.5311416439586043,0.5137261188531367,0.5545026206524017
