0,1,2,3,4,5,6,7,8,9,10,11,12,13,14,15,16,17,18,19,20,21,22,23,24,25,26,27,28,29,30,31,32,33,34,35,36,37,38,39,40,41,42,43,44,45,46,47,48,49,50,51,52,53,54,55,56,57,58,59,60,61,62,63,64,65,66,67,68,69,70,71,72,73,74,75,76,77,78,79,80,81,82,83,84,85,86,87,88,89,90,91,92,93,94,95,96,97,98,99,100,101,102,103,104,105,106,107,108,109,110,111,112,113,114,115,116,117,118,119,120,121,122,123,124,125,126,127,128,129,130,131,132,133,134,135,136,137,138,139,140,141,142,143,144,145,146,147,148,149,150,151,152,153,154,155,156,157,158,159,160,161,162,163
0.0,0.2810243686444458,0.29067059832423897,0.2505056250434813,0.2890941267406699,0.27495979066783804,0.2554190519701618,0.27551727519372826,0.33283923681686944,0.2771550830010555,0.30587352736068546,0.2600521110513432,0.3673343466618713,0.249101625258848,0.2828623357601476,0.3047927533013123,0.3154631186198482,0.4119749833605574,0.2871529155266766,0.4202750820105249,0.32031163870774826,0.30877753833907484,0.27523697018810894,0.27930758377113807,0.34492638282971544,0.24959815991470724,0.23997440819052057,0.30274718726497285,0.22269552508368012,0.27037764933967856,0.29711644431343426,0.3122043072110261,0.2550323960200955,0.2528522118740159,0.3500842578392571,0.2604634972114872,0.36430600386742645,0.31220118173786965,0.22674208423473655,0.3232869825104693,0.2651542959834705,0.2863763549456391,0.3219391287900803,0.3182796858858471,0.28903846712576947,0.3459130787868015,0.27112607303268005,0.31460863686883445,0.34616588288219663,0.35353653182800343,0.3483329436028071,0.33361803181692457,0.25249444525955844,0.2732050847320911,0.2633484128772661,0.2742812769471673,0.42338698642988104,0.27798715779254446,0.28287625903887725,0.303711420268539,0.2627255199352161,0.2167600436119246,0.3269070870179391,0.2285078490836457,0.2893517888995899,0.31649943127007246,0.2851587459805423,0.31293110464758067,0.2729354427376962,0.3017630541985245,0.43410011800817594,0.2940593137314416,0.29819821854326073,0.31288156680818635,0.30082223430417065,0.30748525101842106,0.24212085257649194,0.2594996855068503,0.2810735630574661,0.22439915703809288,0.27889821764949596,0.34976478343745476,0.303469279191473,0.2678332637662914,0.31119720512339943,0.3416701578217243,0.28496452170339714,0.3213758636124362,0.3206337470690349,0.24911918901875044,0.3631418793221554,0.27876686934103534,0.3359743514644149,0.3239175916889252,0.3281693783319944,0.26875729700409856,0.22108619859991427,0.2629673575928764,0.21772056825252153,0.30420554230063845,0.24365773616726805,0.23461663772493158,0.25715472136506756,0.24910658714222098,0.35143274891095555,0.32182954508158473,0.2825277791711511,0.2915203260008967,0.3109025228459772,0.2922162960825349,0.2912697093993893,0.32960449674014636,0.30824310545941497,0.24832076083323626,0.29292921581204606,0.30546039615022047,0.30090551815901423,0.3060981972834157,0.2535060352228202,0.23743121606486756,0.2913913190935334,0.22985204240619156,0.2896866210488716,0.36853776506286534,0.27152870165903686,0.2623559752339011,0.21929336225911744,0.22158943750995355,0.2418986922765369,0.33488430848729817,0.24531322522995358,0.284882978109858,0.23496264949532544,0.2778750067600462,0.2771776332370761,0.27600948206128123,0.29586428153567784,0.3028609297693248,0.29434376822271086,0.31361162982975066,0.2508053869302552,0.2540340102524554,0.33417423452844025,0.27729846163451327,0.3020864218444273,0.28489363088710346,0.30106714884794483,0.24523105023695171,0.3434280451718795,0.1586189926665733,0.36422307391343417,0.2666466692198319,0.30799179258417003,0.23084714747303922,0.2890284968451341,0.3227600973569098,0.29027140225817916,0.29127430434026835,0.2763375121910003,0.2930138826347308,0.2376727694287702,0.32457703736287247,0.22371740774007226,0.37707257289863727
0.2810243686444458,0.0,0.2898704820014898,0.25881574499510146,0.23348462072938614,0.35921486001984726,0.2613998758014132,0.32567988907948614,0.2681520987297136,0.34188864792927004,0.27794011201796137,0.30930835283266744,0.29443974333017875,0.27865651882620895,0.2700031022088399,0.28308940899747564,0.2902503448515549,0.252327097169478,0.28604536256210333,0.29676372384347355,0.285562759452022,0.31739728457999106,0.26164639516436383,0.28282849993442705,0.30998315298488016,0.22541069403053318,0.23941948964442125,0.28094449616266864,0.3550193010583701,0.24267202302259078,0.3197355981943816,0.29737493189289904,0.3270912738125557,0.24418911660199313,0.2903564272881836,0.26904189380994864,0.2765012939783042,0.2923396379606387,0.2612943216618575,0.29211092707088343,0.33321429295760857,0.26938142198455545,0.211338386460362,0.2648259364437492,0.3237285789286284,0.25971167091738967,0.27359488984593194,0.24522932112107768,0.28031941111203007,0.26816258857972,0.28192462142905605,0.2927657232302045,0.2838121061141517,0.3300993405575159,0.2986515860380162,0.32804004722039315,0.2937361719852419,0.26487026411474485,0.2733767092288421,0.30461511874390323,0.3029851372821354,0.19614125362231774,0.24362677687407264,0.21355642480504378,0.22010938871592506,0.22555813423327498,0.2578892683944464,0.25019682124885734,0.21865387896573144,0.2659316917628896,0.27645307924537726,0.27598308329949667,0.2315436260990965,0.28343034194957417,0.29857668278947774,0.26929805957491737,0.22911099584700909,0.3231229684842793,0.24291060361564887,0.24233483546946255,0.26336866129630465,0.263116669714212,0.3532497419405713,0.2624183754710637,0.25786523126548144,0.3888709759775046,0.2372704774321172,0.23456033252931516,0.2765388901321358,0.29826302126914545,0.2436628623717279,0.28546446053888475,0.32590484175951295,0.2883850181965995,0.28812426594595486,0.3361559181257553,0.25184340748622885,0.2941012115260963,0.20295718895237233,0.2963004660523011,0.263110907127239,0.20376442285783222,0.1948330683705476,0.26155411226811387,0.26884114887498256,0.27000617003866345,0.24084176940948054,0.30754291052799726,0.2921058293150106,0.3275992731745536,0.2585777540619892,0.2402602241777051,0.26668180782033757,0.2367628844719082,0.28374566345163793,0.37767475593738076,0.2923987244141071,0.22183358789969065,0.25671164712836414,0.23768194157603093,0.2723173765386415,0.2378467884105149,0.2725380149924771,0.35226308038772913,0.26680693271275996,0.36507777791263973,0.22726419803685716,0.27432159492344904,0.3094545713939927,0.26354052162990615,0.2955892046076564,0.2687905885158986,0.2392165529943893,0.290031810316057,0.2531043274946875,0.23394946088496554,0.28025192147116057,0.2814698412888486,0.2594313187737119,0.2545429178547338,0.2570090954540126,0.26923338245549017,0.349837194118818,0.26437464203342104,0.29296929174695513,0.22409532797220527,0.31324512345275685,0.2643792029660496,0.3442707236047489,0.17624478068363267,0.2523929493292262,0.2957534672176234,0.245741957317412,0.27010638913837964,0.2721088064031562,0.27628350226323806,0.28470377235147554,0.3098668074043597,0.27061342901388197,0.25632304583327037,0.24669733874954342,0.33281007485366754,0.22458829536709277,0.26554563056089375
0.29067059832423897,0.2898704820014898,0.0,0.2814624088771817,0.2706754238834322,0.28510727870802216,0.24578395336209016,0.30689015306598083,0.24321978492971388,0.39323681270483507,0.3191477508658032,0.2662918599516646,0.3393991989326661,0.22670129446571344,0.2616649894532123,0.3533322945826009,0.3361399453815798,0.30131409491791883,0.2617408419486344,0.2492905513773062,0.33942036971067396,0.39067642422399057,0.2625459892327012,0.2617487473673893,0.31625564884933144,0.24572638631599397,0.2509699380783681,0.29863263635196396,0.23814518452078914,0.24570866094757401,0.23679248418403018,0.30056644175350605,0.23658460868042067,0.22620117862372732,0.22778257805408825,0.23858417105368676,0.2986998847567839,0.2593769001498638,0.2260306707344913,0.2977119654907068,0.23437198123234138,0.3122634386187001,0.25368289557334567,0.23919176254707106,0.2918800531894502,0.27658684721084353,0.22177647390639652,0.2678148857566399,0.29103124467676494,0.2523238462585388,0.29963203534177524,0.2690875179872049,0.20052613003653552,0.3053707952890282,0.2696329090031427,0.23666364407244156,0.2671287134037634,0.290991889531257,0.2693226485735894,0.25173349673585793,0.27971807398260945,0.1900587322442801,0.27424735414888585,0.19367151437058405,0.22136863641153154,0.2573572145673466,0.2644685786390539,0.28734484307339847,0.287053222747003,0.31720406274142005,0.29244390447788166,0.21264321611615356,0.24916534224912693,0.42165026014531,0.30691841894239164,0.20505949214947375,0.28832816156557334,0.26962788708925667,0.21910014038757758,0.19088432052801246,0.2478833379676418,0.2874205937044683,0.28400624421787396,0.24090743788306887,0.25204525251888626,0.30469962156841207,0.2383166860533998,0.22719937268193993,0.25914056483627523,0.2155315134317269,0.28290091533987255,0.21389714970244372,0.26648889555339755,0.2140913308876411,0.2738970197030325,0.252888417599511,0.19794081960991874,0.24520686874185166,0.17153256999575944,0.27234491033624497,0.19338069561164753,0.26622931768336966,0.21048273793585623,0.2642476279884591,0.24759096166205571,0.30104797510051157,0.27316883510124385,0.28675778667736457,0.2612137542707266,0.31245625837775337,0.26729595902991976,0.22588800017075106,0.2638312842121144,0.2396953568684937,0.22364478107560207,0.30693720878964603,0.225606419240784,0.29750386958072467,0.27762799602187643,0.21990269909679555,0.23182858488115696,0.21628729265439006,0.217819133772201,0.295361236900765,0.18672091958455772,0.2865827511552397,0.21478354827421542,0.23647503723178528,0.2726566426469432,0.251947935838456,0.24642980673898554,0.34578195902529685,0.20498649365033336,0.2048082667754983,0.26551650915552305,0.19540971721588624,0.20539214079511686,0.2289689197253742,0.28809809233314687,0.25848714164534925,0.22165910288945131,0.23612763101128778,0.28042602235556296,0.25444353738626024,0.2477334825972539,0.20723061398372106,0.27128778846979595,0.25976626613766446,0.32853972611816545,0.16440369451694878,0.23056197434999054,0.20720140212017807,0.2710472689111702,0.27750765529390714,0.29383884616796935,0.2796828460419468,0.31196604823551455,0.32052006607593503,0.19867201363202067,0.2558585425096084,0.26039316093356973,0.20832674840385804,0.22372174582077825,0.2793246481679665
0.2505056250434813,0.25881574499510146,0.2814624088771817,0.0,0.2495802795091665,0.2518184541360055,0.2960629051049821,0.26401533556290985,0.22327512857338036,0.2646139351971593,0.3055105676632223,0.2690282834823633,0.26490689434016074,0.23167067948417008,0.27961721859845284,0.259424617484875,0.2787933241086953,0.2564095879410852,0.26554677179972724,0.2295069171195554,0.325189165597528,0.2701767208589359,0.2804615748344558,0.24904810244897796,0.284196960363182,0.2882918087741976,0.26687873895536324,0.27188506405695706,0.23491257587425385,0.20706333238841806,0.2396541051514071,0.24787778125119966,0.3500734666467909,0.2498138915545118,0.24131238845254913,0.2624353146174258,0.28328331109077437,0.26072621027714116,0.2535063944636982,0.32364758353069384,0.28097895037350257,0.2665810972408999,0.23880904929976776,0.2897162652802086,0.26335307202229363,0.2788633824155686,0.19034860738687157,0.2681012372332431,0.2865021470552664,0.2510686648559661,0.3511076230826961,0.3024821266837204,0.2285009951061462,0.3732936500050817,0.29057816067905284,0.2354907018547102,0.29592732090680446,0.2854036822763907,0.26297517380330065,0.26979556301817814,0.29465739214286535,0.2036875684360717,0.287587232941795,0.19351037088262996,0.23936403213702648,0.27265739483600204,0.33257751555866044,0.23511935318908556,0.24398095478946802,0.2649239897114772,0.2777193167646438,0.22870913691775852,0.26103159815832644,0.38705565649087714,0.26343694509463766,0.21418327025614606,0.3323853843050352,0.30139272881489304,0.24173841794358225,0.19633223375826397,0.2486760297872019,0.3223282564852507,0.25010705704092995,0.23129106439491304,0.3105295109085749,0.2641429851450341,0.2846035879545147,0.2618672071504068,0.25450424818513906,0.23301541391428837,0.30305661153326313,0.2556303989219091,0.258929675881125,0.23742342631290464,0.31565254094720924,0.2572727574298904,0.21278429160265244,0.2633065221096866,0.19575759817116978,0.26807710206758395,0.22529269239307828,0.26952853419156064,0.298579888512135,0.24652242729114174,0.2607121741471674,0.2596446090465443,0.27594238293286544,0.25107339792459155,0.27098455540324945,0.2618016951958767,0.3286130646359314,0.26908504936319183,0.30238606211746083,0.2778722549149998,0.2535719602069324,0.25614803400276737,0.24731555200819913,0.2235489559392344,0.28937463061755125,0.2495174738458668,0.25249804657054525,0.28684037772808224,0.24021310483168262,0.300429290000584,0.2099405634644459,0.26267791268814283,0.23437608886998257,0.23858677807945952,0.2720061302938067,0.2855657062213838,0.20282847962900558,0.29258183285116063,0.2486183401607412,0.2540878688636019,0.265387363782908,0.20540876702786773,0.17988115182686443,0.26711406859177533,0.28666829905394803,0.2732678171196253,0.30855843619935136,0.2327095975478755,0.31738362727850167,0.2819574259038379,0.2727381744928641,0.2300622795714216,0.26922525786790724,0.24555497436232893,0.2402098795816123,0.15764549626343285,0.28982896190946444,0.2460845442841838,0.28185281032057985,0.23935510303218432,0.30699770492649936,0.27481538471149336,0.2749317436124436,0.29839678228263994,0.30876834725799,0.26818440056846643,0.25542045634025146,0.2351348853367645,0.26837836411151594,0.2728730951149849
0.2890941267406699,0.23348462072938614,0.2706754238834322,0.2495802795091665,0.0,0.19809996007179245,0.31970711822770725,0.2140200590974106,0.2536587905724794,0.26285570434415506,0.29950853595033006,0.23711770839614116,0.22807428615276398,0.22485523497807214,0.28393880359285867,0.25207890675624806,0.26337353097201016,0.3013237732995077,0.23050563394730192,0.24232933187435635,0.28970041063715557,0.299139975389389,0.3212823300753991,0.26342851327994377,0.27325415900920036,0.2339024583093735,0.246031198494972,0.22966287684291947,0.21011678093405475,0.24925164213980938,0.26001816808638045,0.21907893826211491,0.21786666303530994,0.22056737655088526,0.31402274569971167,0.25564204568158705,0.27517341555474983,0.25195553702328904,0.2544672011048778,0.2655683864347949,0.24096163224995765,0.32267191030987313,0.2609588054713421,0.29263448848369317,0.22043353508095295,0.2298850267576516,0.22876244453654138,0.2836124247071544,0.33740467869175955,0.260644153467333,0.2787778940568415,0.22998007272683213,0.2114988902567204,0.24540599679550648,0.25079525065936964,0.22149570695337634,0.24289658178963905,0.27576619127093327,0.2583333630284109,0.22723260505723356,0.1949221567971281,0.1771606401775719,0.22496478777322915,0.23664620873198314,0.2528096309234356,0.19980928173944937,0.23595865922229312,0.2488866769587722,0.24069282106379303,0.2664458387673905,0.2732256856428875,0.24349874212835265,0.22824688652340772,0.2663804218611115,0.21375500717743112,0.20587279480434778,0.24337280076219334,0.3355670702190862,0.20091925869467042,0.18242025343365265,0.22455953663267983,0.3020251794549274,0.26175176877563505,0.18654750124861094,0.24245259751412832,0.23646985699717568,0.23253793678512255,0.24060457201727098,0.2108382936977318,0.21080127601277907,0.3641217606733163,0.2688768889042098,0.3014205660750241,0.1992531986325444,0.2873347029283611,0.23494069801012055,0.1726277654019904,0.22776189228290553,0.22445166965633484,0.20974682390182275,0.21726160884255752,0.2215364857496726,0.24495800333075796,0.2335446633699441,0.23175765978506405,0.22780840888646892,0.20671450435972955,0.2672456260939437,0.26011227018809524,0.2618284009824416,0.2800859404100772,0.28974519603976173,0.22068264200772247,0.2532274038813862,0.20309583486332392,0.23094204956181094,0.21267422013878928,0.2886845037616684,0.22269795871513984,0.23960685265852125,0.32015017163222287,0.2126516205648436,0.21497181232018062,0.28837398635001804,0.2404931277322401,0.2158113325658667,0.19741587569857577,0.21877509780059348,0.21376237000984308,0.25420318998375363,0.21653514191210818,0.23378166495510463,0.19005438276425884,0.24664120050447857,0.25578058245385166,0.24076864016981747,0.20541647984780706,0.29679395295772215,0.2694626519571703,0.28596165827365294,0.20529923750049422,0.23739877501394271,0.2894937368827644,0.27719969820585677,0.2787630592017173,0.2426815930989532,0.2859657981689716,0.22417217228940192,0.2504450707765912,0.1621878724444845,0.2522274180601975,0.2239773897375385,0.3018718087417268,0.24264400301584976,0.2691393364368639,0.26839718992221534,0.22893616049427767,0.26105260585040124,0.2389924138051499,0.22511701907356224,0.21985375344975344,0.23089473867309995,0.24437354669027372,0.36343595122666345
0.27495979066783804,0.35921486001984726,0.28510727870802216,0.2518184541360055,0.19809996007179245,0.0,0.2082976104579973,0.30764902624956125,0.2530261366582578,0.27320757354808045,0.2586572807283735,0.2921644907339474,0.32879158165104,0.2095144883196594,0.24175502038707358,0.3095561378562901,0.2807276622184276,0.2097369118425419,0.28082461166730094,0.27881932671956444,0.2707805181709707,0.2569590253803108,0.19633718121058505,0.2152887424888802,0.29114849067551507,0.21093601292235586,0.21498624661668508,0.26793005353496196,0.25186116928145685,0.23388284651031396,0.2918545271077214,0.36108851079860416,0.2970547501016125,0.23971467340130473,0.24331399654957922,0.23518371347919687,0.2672158425674463,0.25985875009464693,0.23086523013991267,0.22210354353391937,0.26047048919295024,0.2535240218050006,0.2166461049564036,0.2633121982277888,0.2647689129189726,0.24117720955788488,0.22877471882493358,0.24078102598582207,0.21234816728067307,0.2561464103244672,0.264944615254066,0.3089532336774919,0.2272035872314799,0.2882946633528943,0.25652196655293275,0.31421972061113984,0.2714186494626047,0.31707924336450594,0.20494568724435944,0.25050819712790545,0.33408713426997144,0.2225369167570071,0.2752180027329708,0.17914557492897734,0.20389030223343274,0.2348193873470642,0.2430532178301666,0.24766029429862732,0.20056026491828985,0.25689484471773355,0.26958794408877806,0.21182151122221138,0.2441081236088842,0.2722002263109904,0.34435492949588226,0.24103768809519155,0.2334240306250745,0.2502589785027868,0.2262104932082416,0.27663505109283604,0.29975733549556643,0.2537476294103837,0.2732064903780409,0.2906215465595492,0.25487788409767714,0.30246764315678437,0.2745765526165728,0.22583951690510914,0.3094017559799098,0.2528910771473195,0.2348646912374,0.2703940791593911,0.27461152335903705,0.25499645951672095,0.23213245139490324,0.2997869442818114,0.26148497733836007,0.3008441217929377,0.18326431945682237,0.2821050711926718,0.22050958511805005,0.21481642962076222,0.20154273389046307,0.22719518722675058,0.2789569144459824,0.2959688537830912,0.28423190998606773,0.26920918228336954,0.23023815954434032,0.26260574727293373,0.25029283454672874,0.21667294223999878,0.3197263175903578,0.25729281129028786,0.2474160153396583,0.307271656976717,0.28792410605294017,0.2029029828304512,0.2819016544574209,0.23620708606419286,0.22318054199731377,0.25972736796843876,0.25965962090437816,0.2990769537211087,0.24421838361096174,0.30789241758038133,0.24423592484385592,0.22913078074897308,0.27304713191452934,0.2193441251427769,0.29111914310527465,0.35134836700347083,0.24672295685127496,0.25967056298301217,0.24011907098330862,0.20661075416891347,0.24203978407133198,0.2132840551726506,0.21107583548042463,0.23721619327375695,0.24209187184845254,0.25783295665934847,0.2660858538429032,0.2512870837892893,0.25579382293057834,0.20919467266008857,0.2862041214208752,0.2615398096185742,0.2783765322183044,0.17934321086588895,0.24615485228919542,0.248502909772875,0.20956522241498615,0.20888497049852517,0.28243260264636544,0.2552086681929756,0.2586816904345016,0.323774305776982,0.22421401210765593,0.27508011442027613,0.2186844234007027,0.2881790703067764,0.21508368444615225,0.23437279251073517
0.2554190519701618,0.2613998758014132,0.24578395336209016,0.2960629051049821,0.31970711822770725,0.2082976104579973,0.0,0.21215709246116352,0.2249457601702139,0.2738627385815456,0.25765849809472485,0.26402471822796253,0.23921480506157788,0.24008529523813943,0.30983004467896286,0.21484251149503134,0.22495788985039747,0.26422534537421494,0.2401356380728093,0.21299955642283155,0.27095549269002234,0.2842129601280168,0.35636856960852575,0.29521472605337173,0.2889624381491107,0.25850711590037073,0.23055684529379877,0.21504893304447864,0.23068426283393736,0.21777121253114723,0.2519059102124557,0.2311617285802324,0.27322288111087395,0.24245403959904516,0.2433897023696066,0.23829001765241006,0.29395549418119615,0.22000101647310644,0.23435467768107437,0.3110381791163725,0.2708098527832997,0.2809671901210379,0.2520662254433526,0.2853809313802579,0.261762945052022,0.24425351566095937,0.26157731716366006,0.25465351207979947,0.38823680663644117,0.22753514155120866,0.3011355016203979,0.23386386788707644,0.20676166917229327,0.28769845469127525,0.27509819318050466,0.2451616644215274,0.23391873178986508,0.2365266081066281,0.31473759911105365,0.22288195678973444,0.20197677431279057,0.18443576455386707,0.2074923435685893,0.22486471360474278,0.23511003887655949,0.20498351288713745,0.29528474811429845,0.30086281900882406,0.23791544284619162,0.23236094753535805,0.27904903712161705,0.22749182411011773,0.2235477145746464,0.2910564359732262,0.18604294738132213,0.2194965621391918,0.2896262065128603,0.3262328481916433,0.20318552837030326,0.189849826051955,0.22725668395028312,0.2966454009980741,0.27103134070269236,0.17693277534401455,0.23212964253399965,0.2379953715602978,0.22348912568799348,0.2622636386012756,0.21960110326370966,0.22879505044815074,0.29727383424565124,0.33666284311459904,0.25424025449665927,0.2098093687656726,0.282169142514419,0.2876105384887675,0.1797495177409292,0.2712623237060668,0.2133325659447082,0.25373452687289133,0.22719060177815645,0.23513486845535303,0.29450280420931074,0.2617722409203694,0.21256782412293518,0.23386763421773632,0.20626978081833017,0.2510154732023782,0.29098110768453644,0.2911433534283598,0.3307376460651404,0.2539032044966859,0.23815897626981988,0.2108144103249213,0.2071123741025538,0.22714961780005605,0.22033594205964804,0.25720360918912827,0.24749541995177063,0.21095336194103367,0.24563064144770533,0.2138400466553416,0.21471000726317302,0.3073406049490737,0.21532884863856244,0.2515865337333432,0.20484081188115302,0.24615570561347824,0.218012136361079,0.2666923644628505,0.1964671476493698,0.204439793913255,0.18769772187918013,0.21980530833660625,0.23221207239988695,0.2251024124799054,0.2102123990950794,0.2817241202260863,0.27310937417105735,0.2756298469558348,0.25289809749725,0.21873331232468537,0.30068909956735845,0.2478586023687152,0.2712240558951639,0.2966881478122378,0.26522965013253824,0.24478335999625989,0.24528839898660076,0.14523295390918695,0.2470736873860048,0.24334980494478275,0.24548803184149354,0.3088970794853929,0.30278149817410854,0.287446742408894,0.25215046461944646,0.2895875150582774,0.2789870362395304,0.24109848413704515,0.24641045074552767,0.23160228648996814,0.25849445927251924,0.277367304502703
0.27551727519372826,0.32567988907948614,0.30689015306598083,0.26401533556290985,0.2140200590974106,0.30764902624956125,0.21215709246116352,0.0,0.28465492647236845,0.2976652900514724,0.2662707099661796,0.30700222468597005,0.33048220244848925,0.21032244108702383,0.24621613414495727,0.338054952600461,0.3154520293242378,0.242283833112524,0.2724447964834463,0.27722352683246804,0.29701918046301756,0.2501081221955195,0.23673316119763685,0.23318079874366332,0.30100777454998545,0.24237701622091504,0.2635791725111924,0.296427147029806,0.2220102910558042,0.26488811543186513,0.3329005280146103,0.2992144844566785,0.2719477206322954,0.2443255108867023,0.24354385605399612,0.255449380061902,0.30818729931680894,0.30901924005597076,0.2665384457201772,0.26897645866815045,0.26966515143679015,0.25414566224800067,0.24928900841457038,0.24993847907397035,0.3342255435133295,0.28502553939224673,0.23242715892562343,0.24857394604898905,0.25870263758432016,0.2561509761887819,0.28070368166580933,0.27285349158271066,0.22336497568938238,0.27208915451461146,0.2621930992658645,0.2751236206976106,0.28645576697406355,0.3650464711645424,0.2385541452501562,0.259387466765313,0.38398264007694555,0.1978686715139363,0.28474743059077173,0.1958138543269451,0.2002078202349501,0.2393541119725767,0.2615700611428779,0.24491327221599102,0.24332001556592334,0.3913163201305225,0.2746051040120975,0.23162976673378674,0.2385860308589843,0.3244390224047839,0.35513778237120847,0.2292958006193712,0.2877217138667836,0.26626834141500955,0.3004706140490856,0.21187413391484217,0.2591029923356983,0.26181945119954764,0.3132396051471877,0.30006835873163773,0.2900520897860826,0.39291874128610105,0.34827559565049293,0.24827302768691864,0.32040931049613497,0.26474870697956027,0.25392532288363384,0.23641826109786693,0.2721460716883727,0.24213043850987276,0.26741122178826016,0.28721938528025653,0.2505120631922105,0.27792845940477345,0.17722833058565654,0.2879852634261172,0.21615615483443854,0.2962695453016485,0.21252683540792494,0.2552518515268741,0.28000255890577663,0.31925467037725824,0.295322421053928,0.31127992310875946,0.2638814836877033,0.2708435350279861,0.23827313225380506,0.24518703722904947,0.2836441393506389,0.28236320410536847,0.25711838756020455,0.3275699813371459,0.2836307931760355,0.22438599056599398,0.24101309863105644,0.22982368327828606,0.2399516021943031,0.34593171826035346,0.23075708825146943,0.3081467797415679,0.21535354915414906,0.2927023453253691,0.2167229474519973,0.28863981508296094,0.2727415774590488,0.25101670398300185,0.29956022930555976,0.3215407163903255,0.27134580300325045,0.23182413897603035,0.2547311248607428,0.1974148745742568,0.25201838963012096,0.23861887133152146,0.25486063699845196,0.290755145261486,0.2320601135577747,0.22669233805719796,0.3003512018274748,0.25520768528809534,0.28032346239373906,0.23140175447705655,0.3255656301612763,0.2702380450146695,0.31606955826629696,0.17334632605257044,0.2890837467442838,0.25483041436126946,0.24671835763913982,0.24463228216109315,0.32188765000673225,0.3016340698908211,0.2694401151609689,0.34095969073374505,0.214522336065167,0.2588856716431797,0.2299132324983555,0.2628542856810813,0.23738305014445532,0.2541965185001407
0.33283923681686944,0.2681520987297136,0.24321978492971388,0.22327512857338036,0.2536587905724794,0.2530261366582578,0.2249457601702139,0.28465492647236845,0.0,0.22899053403781705,0.25127379721347015,0.2741301610873564,0.24559356693754644,0.2372929608829565,0.24347146427016939,0.27139712596020904,0.25463929613394587,0.2721622849832011,0.2474006196547884,0.29548841845803636,0.2538227531800683,0.3089328857783245,0.21813931463728517,0.22837030612446044,0.26232873186127414,0.2126111392679442,0.24895294139389312,0.24957138483567648,0.2097206145472104,0.3597949704601426,0.33684047918500515,0.25825904322272963,0.2398407651711328,0.20606416589676038,0.2694828522258204,0.22608569539891574,0.26426501335521535,0.3300527149694349,0.2553822915892029,0.23609783604058598,0.23261268390120216,0.2932411869977902,0.23578609851240825,0.26243625303103313,0.2520016043416286,0.24441470481200428,0.2213198502526711,0.2341724784462056,0.25090885507753813,0.26362200508462513,0.2561585537127303,0.23651909895999365,0.23680765719901467,0.24724754590846085,0.23209629495007172,0.30136664606269203,0.2895861995331575,0.29337687052947214,0.21974807912366184,0.22388033863677798,0.23058954823801092,0.2079846926271204,0.23886733318834258,0.20997851839089535,0.24111983414044527,0.22414130367122204,0.2577894083445067,0.25352553456327054,0.22479394255708368,0.28252210021258006,0.3167409597850382,0.24568900780716155,0.25962269203267024,0.24588772380584736,0.2878972101394908,0.23625721439147684,0.2175316636047866,0.231067544651881,0.2490133551198959,0.21792362641826704,0.23848124449823743,0.34197095898236707,0.33791994290354993,0.22380901786179971,0.281772561979627,0.33069665889871597,0.2652468844592869,0.2778630783286404,0.25020630986118136,0.3173111544669347,0.3022095714656492,0.2828184247543905,0.2655949170349816,0.24198237069444536,0.3041149880753636,0.2934554452623093,0.24270216960559196,0.24263411688442288,0.23238844830259478,0.22297034040665617,0.24832540874441844,0.20930072107626932,0.22503127741203469,0.2235297889778358,0.2825906710952955,0.24738850219291705,0.2150749567322196,0.260037873431599,0.22673819455426633,0.22748034671987627,0.21871650266829334,0.2863102124659989,0.25874389719436025,0.30762414408704564,0.2312071792967511,0.2802151917224231,0.24710048889040093,0.24428568424069863,0.19252411009718332,0.24295594201918608,0.28015903156715793,0.2525673342795581,0.23540755483384287,0.2898443309790202,0.32110405105855183,0.239472758026642,0.2191752094127663,0.22723713217834618,0.20538904484312406,0.2635172483118421,0.34633375361203833,0.2974133074749958,0.2441447575385176,0.313352520347467,0.24422766660594497,0.23109661210741084,0.2617843139122376,0.24276015116451483,0.2466804622560546,0.3142686789365064,0.22323068232957594,0.24430506726674744,0.3009367395789046,0.2966066130765497,0.2704573591496226,0.2487911500511936,0.41771868917939464,0.22990210827362273,0.2752462767340148,0.1718862809961276,0.31364689491605235,0.24996104927768226,0.2686978893021808,0.22772846731118376,0.25801912935182525,0.2976373639212146,0.25171970071631783,0.274292204499507,0.2532861415701394,0.2517049100251158,0.19062840369023018,0.30178705147524854,0.26447188408089045,0.31575949748291743
0.2771550830010555,0.34188864792927004,0.39323681270483507,0.2646139351971593,0.26285570434415506,0.27320757354808045,0.2738627385815456,0.2976652900514724,0.22899053403781705,0.0,0.2566847781398789,0.24935964438076155,0.29841275738063194,0.2359517548447014,0.2510432319886693,0.2794080362372358,0.29802572444449904,0.28754019648914575,0.253545867802651,0.2352923586555158,0.285469970159158,0.27943075655370725,0.3127474818082508,0.24779136240882654,0.3669288939822847,0.22614892427186128,0.2417067831948706,0.28474908995624054,0.2857430922882636,0.23373160876756766,0.25804799028997893,0.28395938432582646,0.22623516449404005,0.2288606612380718,0.2471736584387383,0.2271457500277671,0.29696485338005774,0.23794022296309034,0.20241528762734387,0.29579603792475406,0.2302524605770367,0.30414738376488526,0.23920708357743709,0.23820278928695277,0.2642479051810592,0.25952815509548033,0.24156512257015422,0.25100213124032195,0.33604304980396504,0.2205668540436659,0.2753668889637843,0.2514021274863544,0.2086321657441385,0.2738882569890649,0.2678647700526041,0.2870909535491658,0.24931003055518486,0.2418294062412142,0.2894307264135519,0.23857611093458217,0.2707687373053486,0.18691819845230834,0.23261882670360282,0.19488309598574383,0.2187623555512081,0.2303006670262026,0.2465271740022053,0.2757345271972908,0.2605181856154377,0.29682342710416587,0.26201357556540317,0.2499481686889339,0.217095361155376,0.32425110102159443,0.25389650414729886,0.24139444394498255,0.25397014309655447,0.30742731589154737,0.21372925190122782,0.22159308527731508,0.2836839270748351,0.2581952247813121,0.32400522486070876,0.23944078859609425,0.2514920371565991,0.28481632847382304,0.2434932268308752,0.24243954439864027,0.2860153079720432,0.21844356575831292,0.25248060548079043,0.23911539685273814,0.2716887495544903,0.21398312295322156,0.28298898040713205,0.28375155725629353,0.18250802951951908,0.27270246359946276,0.18728196267513714,0.27938463340126446,0.21210864267825683,0.24188065793482827,0.21935603319824154,0.2967932460165367,0.22911820567428992,0.2700357617758261,0.25045350553252094,0.3504559925864842,0.27218536761913725,0.3126314875647593,0.25280969869279935,0.22495122942503928,0.26737509823954364,0.2453431670750723,0.22320136388479841,0.2916387637801191,0.2652230453875275,0.28634336879303157,0.28052679456892987,0.23660444594689553,0.22463981960342075,0.22843139483758082,0.21978622568088133,0.31569706053323615,0.2069301780992525,0.29650851406716466,0.21509145648286387,0.22321088962172675,0.2875027703104198,0.2598141576536409,0.28177312128737203,0.2657641113298895,0.21431652679878535,0.20064264556224373,0.22769359433730182,0.2099896869719037,0.23028817074900998,0.2510470853173029,0.2798636004378072,0.2567467884675382,0.24064697659856302,0.24348851353412942,0.2967829127711012,0.22934006193075668,0.25576506567911184,0.23010339404834354,0.23771071683754644,0.3016453182145386,0.38813538165086614,0.1653417504684727,0.22366100550745258,0.2618235302745173,0.2297201325927481,0.28901560378953794,0.29154655444118266,0.26975474917952974,0.252933648792274,0.351309941860464,0.23433952519065027,0.27447176384442395,0.32078922790077385,0.2583672894921335,0.25405886383809045,0.24513604112826085
0.30587352736068546,0.27794011201796137,0.3191477508658032,0.3055105676632223,0.29950853595033006,0.2586572807283735,0.25765849809472485,0.2662707099661796,0.25127379721347015,0.2566847781398789,0.0,0.3047028807310329,0.2956537753781216,0.22768151618744356,0.2574652497631446,0.33280524504491793,0.3002108276750808,0.2889933457891595,0.28156583995955026,0.2709965803374055,0.3229827188813061,0.34430949519725135,0.275617867318138,0.27942747304988585,0.32002979776779855,0.2814977846300279,0.26881774860904195,0.3037287452955432,0.25975789584639564,0.252580975159807,0.2583340954024812,0.2612701854475449,0.2584855176114805,0.2308574396653065,0.26446304104946083,0.2736439026300162,0.34361407281589523,0.2975632166682511,0.2927020312111655,0.27837729773869013,0.26008070301497316,0.2891096055140267,0.25705964958163696,0.3066702500804998,0.26892465323773235,0.24754602016416036,0.19018762644882256,0.3745356862873535,0.3169143155862286,0.2450284057602338,0.308176798861326,0.24864191078244532,0.2106655383575705,0.3389380977325789,0.322101816486088,0.21664676823816142,0.2999231047000737,0.3448350562584848,0.2608327123579597,0.24499536945693048,0.29210369661271035,0.17294296100583725,0.2826869399614063,0.21393901852527697,0.20532972547713707,0.23861046501595878,0.29251310677728026,0.25381743985742106,0.2828878086475635,0.3063045734662182,0.2905277888985504,0.2203098642925865,0.26906673152282334,0.33076637272827547,0.29299957313627717,0.2201147073348234,0.3069545603452642,0.2889772371523395,0.23561474980640162,0.19609880322353096,0.24849068523738346,0.2678797559331788,0.2672238757050397,0.25109037041627774,0.2545111382428961,0.2766037144504207,0.2988393259831505,0.2355041727200952,0.2250344806990567,0.24165678918481492,0.34888086154205195,0.2155022851680226,0.29813430738281976,0.24633864305715658,0.2750748917166405,0.28138323646136276,0.20790318511387057,0.22088773785276594,0.18756038935584327,0.22776278332033925,0.24289101269074886,0.25609135036415565,0.24182902847131188,0.23307772927531517,0.2581776183320103,0.23179805352058533,0.23623534780520916,0.2874226736427464,0.23949282946161207,0.3132177624614841,0.3434695034870782,0.26599239747023073,0.2622258795826187,0.2750732683379551,0.2468127591611243,0.26257453759056626,0.23204100093797672,0.27208816897160026,0.27010803703388736,0.23205201869097,0.2721216333837241,0.22789463759495532,0.24223790584862281,0.30905900775707856,0.22433821174569896,0.29496891451449575,0.1861787110721127,0.2521693873630748,0.2549268260261729,0.2511168889258773,0.2145021786342254,0.2987209268456974,0.2499856014901905,0.2660744669648748,0.35049207094143486,0.21955688828822767,0.22043717127545706,0.24501894923633938,0.30919097826432335,0.2894150510983945,0.27086291917117794,0.2477441300931049,0.25034802157793307,0.2805089683676228,0.3557910005061227,0.2228953090828477,0.2696630197766529,0.2329095428899745,0.2755457363179406,0.1791387726371732,0.3365895477539695,0.2344431977344651,0.3651042747301654,0.227854640177636,0.28757976720959094,0.31480973660363587,0.29918378339760876,0.2929178109549546,0.25185821638896244,0.2370129898189938,0.2224592505325133,0.2593947991960655,0.2224363570501912,0.3863959366856419
0.2600521110513432,0.30930835283266744,0.2662918599516646,0.2690282834823633,0.23711770839614116,0.2921644907339474,0.26402471822796253,0.30700222468597005,0.2741301610873564,0.24935964438076155,0.3047028807310329,0.0,0.23525437444102815,0.18020348813421597,0.24320128962654078,0.2776216664448701,0.25780357157571043,0.2172329223359697,0.33080486761986183,0.26304891711172357,0.31691602393881824,0.2598048234285396,0.25317053267838446,0.26276901389243384,0.32862215512252213,0.24544606481364062,0.24386224388498062,0.23932332923539523,0.2363338428896809,0.28220216735632697,0.3112872084568918,0.2553610294461114,0.2751615897155149,0.2694640423910389,0.23269892775548098,0.26188677646341424,0.29015279968300217,0.2773509180373875,0.32255991309928894,0.24848331057513912,0.29370934579255426,0.2606369454550111,0.23718454176400722,0.29803409650815893,0.2715786970659291,0.25548231492035134,0.24214416727742594,0.28272097526535717,0.2644985459352264,0.2459622559976203,0.2904134588414404,0.2824211677977367,0.20638780972277163,0.3211769428582375,0.30247269654612663,0.24638598842244455,0.29359014676441175,0.37361634882389316,0.20839292585366864,0.23655030047548342,0.2378217982115785,0.17681274028367053,0.2537810533979221,0.20112049857909592,0.19974475479494638,0.22263313569395787,0.24000695556365767,0.2208165306356283,0.20408144123745608,0.2466902863374826,0.2503091529618456,0.2026948786650039,0.2240037710747019,0.25770717882638694,0.2641056339336322,0.2173832642773006,0.24577603100478349,0.2943316463480002,0.2476521644385966,0.19485535622068437,0.22946067418520869,0.2727633114903183,0.2887083306487428,0.21345577065721993,0.27068665854513035,0.31770864104511454,0.25164234989112455,0.2287931733977398,0.25644084949867896,0.27950564680315826,0.2811346405675125,0.26997619858905036,0.2610660840438007,0.24837833542876123,0.2385638570223528,0.36637944492347574,0.2145386536316034,0.29007070068785007,0.18384808529055838,0.2294992504281105,0.21075277434553774,0.23100688694563926,0.25842264177307983,0.30900677208662136,0.24106825462319664,0.2579024769501367,0.25746654077473685,0.2672206596566321,0.24188074202088644,0.30937055711075895,0.35946523657188845,0.2804836846743082,0.23713138273990703,0.26851341715418375,0.2325337271701013,0.26676987506020283,0.2476170131277741,0.2595478853278784,0.258149370230655,0.2110630877953907,0.23617491148924277,0.24690404109241412,0.23133214909284014,0.2936485271798036,0.20455616170874383,0.33510597256428165,0.1917989521937112,0.2720961059610655,0.27134900789816235,0.2273623036323196,0.2370379184499548,0.2589301053811956,0.20961544209337496,0.270782104511605,0.27289331956233265,0.19049946908142915,0.2639261650787926,0.2375845389293361,0.2517502735632166,0.2966246807688812,0.2212289711915985,0.22196363208845107,0.27814957126051654,0.27332247924348885,0.3137257531995492,0.28502358772530645,0.37788364172477473,0.2304268358844649,0.31601435102725506,0.17902583437211744,0.29677059477644147,0.2522380030777288,0.26558197583841187,0.241740438851157,0.3743430587598669,0.25596797271702804,0.2492242569090458,0.31715523330077683,0.21762963438204644,0.22553756495117297,0.185942898214264,0.24734896804617654,0.22649496805139874,0.27933288425134456
