0,1,2,3,4,5,6,7,8,9,10,11,12,13,14,15,16,17,18,19,20,21,22,23,24,25,26,27,28,29,30,31,32,33,34,35,36,37,38,39,40,41,42,43,44,45,46,47,48,49,50,51,52,53,54,55,56,57,58,59,60,61,62,63,64,65,66,67,68,69,70,71,72,73,74,75,76,77,78,79,80,81,82,83,84,85,86,87,88,89,90,91,92,93,94,95,96,97,98,99,100,101,102,103,104,105,106,107,108,109,110,111,112,113,114,115,116,117,118,119,120,121,122,123,124,125,126,127,128,129,130,131,132,133,134,135,136,137,138,139,140,141,142,143,144,145,146,147,148,149,150,151,152,153,154,155,156,157,158,159,160,161,162,163
0.0,0.9070899237090899,0.8426667537734077,0.768749892698609,0.6363259577643176,0.9187879988420145,0.7548006297614676,0.8614493711524345,0.9181253859986592,0.833256813094825,0.6750140877633746,0.6232988556043185,0.9597861642125405,0.8872018439481859,0.9322099795268062,0.859671280730382,0.9304525218511587,0.9767034239000917,0.9340785377759354,0.9703989074563962,0.9036867045247756,0.8501669610831676,0.6714108712066756,0.85368361504472,0.8670855816822043,0.6447747565352703,0.6513755899189682,0.9221530787507332,0.773167462546694,0.8979644834206478,0.8923507629343389,0.9374791666343388,0.926713922759249,0.6459612810817861,0.9012856900602831,0.7554639149075355,0.848203635190317,0.9191952481238301,0.6488366819035232,0.9578926052423364,0.9358534458410777,0.6755200862643652,0.944984621328639,0.8489714656954739,0.8681631525943864,0.9540197438361854,0.9332496329752017,0.7628242272185322,0.8859584685451182,0.9630749603717944,0.9604163684381528,0.9663856043732416,0.9198224468549084,0.8683513980633458,0.7648055874890636,0.8881911845397978,0.9867164669707762,0.7274489715054778,0.9478262936156789,0.9347918922414514,0.8939495022412101,0.8912790226834256,0.9703164507218982,0.6755401449088189,0.9486551598260818,0.9565179148566737,0.7230765064698089,0.9475935462585784,0.9388482483702589,0.8707558806248833,0.9686522604556307,0.9446200056129359,0.7833418442498489,0.9412911740410094,0.9518209996903818,0.9462952264025565,0.6809912727113346,0.6335163848047413,0.9461961751618545,0.8921878864701438,0.9365505507333175,0.9255332940938166,0.9459494960501099,0.9518616904378834,0.9096345426065754,0.9590846575557661,0.7105919975747447,0.9587386012270003,0.9491085143834603,0.6516009726393013,0.8373806324147851,0.8221254932126832,0.9289051748208921,0.9650341235599296,0.9539752994928788,0.7937663256543885,0.9265675323138972,0.7893575695617024,0.6346705725756844,0.941603037583285,0.8060680911893262,0.7364258951753135,0.7181111136002329,0.8358242834171556,0.9608406058418435,0.9438585249211201,0.9275689447062929,0.7822477600510556,0.9460714427454099,0.7902149488069805,0.6490309923391534,0.6742522287995362,0.9186530211917469,0.6228529015301381,0.9644051556690743,0.9466163581218231,0.9444625844604971,0.8080782675370239,0.8026005300489726,0.6717722004197795,0.8367278835605516,0.7863580697794066,0.8033842838341677,0.9631931782883587,0.864542196307961,0.8835888497259081,0.8291320008586125,0.6944149379157831,0.8084403541703828,0.970214086694887,0.9112776580214538,0.9213628979261302,0.7976554410450875,0.6516417140895056,0.7651217191880255,0.9458003047946086,0.959847083564872,0.922780721622854,0.7967698565572227,0.9138893294568889,0.9452280665401647,0.7675022915972969,0.947177296560295,0.7004599812334359,0.6841872095323692,0.7018503018072334,0.8490080915801312,0.9076675200841996,0.8695058829819249,0.5765673788898351,0.859305267938503,0.9259158492193128,0.8064681059866212,0.8476974628034674,0.8181093820737192,0.8858169750017584,0.9345647599705226,0.8889289401310282,0.9134727168988385,0.9311866728498197,0.9110724156214335,0.9573241238108628,0.9476267684469678,0.7535700054040273
0.9070899237090899,0.0,0.9007078612295955,0.7597512676371142,0.6417677921226862,0.9558308033149928,0.7976376327876916,0.8365741813742867,0.856549361402307,0.9400853499000567,0.6926125386874817,0.6901125566553953,0.9226038960566041,0.9175500491805868,0.8929691626876656,0.8735677844879044,0.9178866455946431,0.8865722991447271,0.9300926348617404,0.9181294199541067,0.8928269390071722,0.8788443184412382,0.6607086405054451,0.834083430227647,0.889113147447296,0.6038461898921914,0.6591098509357151,0.8751994300252951,0.9328106622009565,0.875931065197594,0.8994640010172219,0.9580134169891583,0.9353779964582963,0.651016071276047,0.8933744155726642,0.8274805984220925,0.8136507504321601,0.8999498331832609,0.6981951997153266,0.9207971493104395,0.9521482005191848,0.6894337179849009,0.8692076919282624,0.8708715362642607,0.8535948453647596,0.8856865127784742,0.9176897432717792,0.785122960455036,0.8728310045447092,0.9226318016120542,0.9058559147417604,0.9039049927813956,0.8947989196857504,0.9256221826884363,0.8434507853487904,0.9293392204701953,0.9081646048528533,0.7446843079736634,0.930885089359961,0.9249561755137544,0.8814105313767199,0.8863999849206323,0.8955803040610271,0.7376173397370133,0.8753416379671344,0.876456201651886,0.7017518587002581,0.8786856755106972,0.8866635900772563,0.8064611834398958,0.8860714582915171,0.9266034167731826,0.7378608646057077,0.8960683757554428,0.9357497732037889,0.9039039086818701,0.6737321852504458,0.7036842404526945,0.8599366465856987,0.8804118208793662,0.918869427142351,0.8367031481654962,0.947672693260759,0.9248636370634448,0.8426126330561021,0.9222550017357181,0.6748157224565593,0.8945644111256646,0.9114753146582696,0.6658245945083329,0.7792529617547045,0.8786565862411234,0.9652603356747858,0.9071709461629729,0.9057379510822915,0.880692886496616,0.9114461214690198,0.8321839928465226,0.6720872501369836,0.9068805870851876,0.862067548431445,0.7090994483799853,0.6700361212629475,0.8897562932021508,0.9102156931617651,0.8817999933915761,0.9048106614980007,0.7926481814378311,0.9218284038217825,0.8403467435895826,0.6781273676749282,0.6423456572039308,0.8784284380223029,0.6422776998188576,0.9000407230486421,0.8896445828164333,0.9156895049734671,0.8496020108955511,0.8595469613371273,0.6961918974076269,0.8081187646915767,0.7415500251088584,0.7807966275977359,0.9310878718320624,0.8524164179863165,0.9543223751794425,0.8357493486475437,0.7287662264848621,0.9002645586356266,0.9275993400401203,0.9418946886171891,0.9032991872913603,0.7519889221592426,0.6566875611305906,0.7791135386594154,0.9096787484665603,0.93324835962208,0.8939335292505082,0.7889553987894069,0.8833567940121958,0.9232384760160185,0.8593257873564718,0.9428371563526938,0.7641474025274434,0.7291262965275386,0.6603779611463779,0.8505299360716582,0.9094058206532912,0.9292792977944949,0.6513982761913544,0.7754078457849195,0.9346125911510096,0.8005728032704895,0.9242400986760527,0.8390267580427767,0.8207594046721817,0.8740568730779874,0.8889093922600811,0.9022719400964212,0.8849852186487248,0.8938434329597833,0.9315989645441903,0.9700687023327419,0.685203370852771
0.8426667537734077,0.9007078612295955,0.0,0.8147538539268854,0.6995897495973548,0.9174459372938846,0.792407863927543,0.8898684433071808,0.8087016872735746,0.9501509440678246,0.8028763045541568,0.7764338728042253,0.9050180675139284,0.7914401548460083,0.8578076192640061,0.9417119666007842,0.9061949459630232,0.8359510214355909,0.9254412198603582,0.8621682944675225,0.94723071153682,0.9448218277807546,0.7035297918406425,0.8540677712123192,0.9407530461368884,0.6596472310800574,0.7185083805819866,0.8713803303416474,0.8925052479224178,0.9009209370782271,0.8588092845983294,0.9239848645087212,0.8665076535688352,0.6648269590794735,0.7962264616664277,0.803116738137798,0.8635525441953043,0.8717038413457354,0.7543907434202679,0.8743566716111905,0.8648277789670663,0.7584926175774416,0.8856343017432787,0.8505818998383888,0.8660417308001559,0.8238977343031366,0.8205811175274057,0.8584279775258924,0.8829934548356585,0.860441298676267,0.880439016828915,0.8358057915236909,0.7790920345990211,0.9389408167574619,0.8861831617127521,0.8076794200334448,0.8498905809617839,0.8555890191028371,0.8600433631484056,0.8278274324137461,0.897620883246297,0.781541629355652,0.8651562596066585,0.696208796998329,0.7893283215646659,0.8134354863509776,0.7246244613767284,0.8663354063046556,0.9154427253563413,0.8879914383174939,0.8424653185490146,0.7943379825660823,0.7323058859493672,0.9313849663050388,0.9017914820157071,0.787675361080918,0.7889513844723437,0.7459899465893786,0.8179906200462427,0.7715237894373936,0.8374204298795269,0.811996300784744,0.9011163910495003,0.8691909047510893,0.8086144303501539,0.8751678138560283,0.7529025005078547,0.8376880991047643,0.8318489406911385,0.6515340677300634,0.8138465838878252,0.7625305727599855,0.906148738193311,0.8004166273690285,0.8186333808176222,0.8928428071599479,0.8450338491757252,0.7919086978838646,0.5858947865991135,0.818487148983079,0.7629880999126221,0.8255666404819189,0.7054798711329174,0.9062774830196426,0.8342113000092887,0.8516176845941379,0.8864172378496593,0.8301687634482737,0.8337996733241834,0.8658116478697311,0.7489941412054274,0.6519771777830947,0.8360382414704772,0.7022267105470469,0.808675107289961,0.8327410213331807,0.8104868467882307,0.9324179557090841,0.9016323130795586,0.6405562133030805,0.7581770487982598,0.7748590082279883,0.7221633126054215,0.8700224988777687,0.7173415579855759,0.940189673672702,0.7483719290452211,0.7657340131914436,0.8779071499179014,0.8523405368951276,0.8696849211782434,0.9378660488824004,0.7464737134102165,0.6184271774178434,0.8420301845272842,0.7998909047458674,0.8599401405529916,0.8107676238139151,0.8572024564396052,0.8905416646699847,0.8512171351461405,0.8112853257558749,0.8311796397929376,0.7892559894840182,0.7640158778365925,0.683328477753086,0.8562228892858207,0.841649858670239,0.9363033460108806,0.625036473377732,0.785263749342533,0.8222022664498136,0.865619031255222,0.940012705743392,0.9141437980404757,0.8548209499579849,0.8861459528047384,0.9250988991948947,0.7855559301714135,0.8330949706149269,0.8064227847452021,0.7914779965480513,0.9006987752350303,0.713284045877014
0.768749892698609,0.7597512676371142,0.8147538539268854,0.0,0.7085737291255716,0.8154724347041208,0.8077488465302828,0.8743794992220367,0.8121306466001734,0.7457451837604704,0.8358863161495832,0.8064503251728309,0.8035837681185959,0.7429552839733372,0.7773100057269372,0.8380866081431052,0.7750522209774098,0.7225668592124801,0.8081653678656715,0.7566332927970262,0.8361758139000399,0.8239684391833247,0.7118274407899722,0.7706123314411065,0.8392743138095968,0.7859774761187861,0.7922615595647007,0.7916024978931606,0.7352740272598987,0.8035337729249084,0.8452252066969693,0.7958186597660186,0.8365585541338039,0.7317822561724167,0.7904507670995354,0.8234914395370538,0.8808099293287215,0.8285433357093134,0.7917827783942021,0.7835686586717545,0.7729663558822534,0.7503408273529717,0.78977122853127,0.8539487757819119,0.8571058204614387,0.7186094793002552,0.6920193241272243,0.8390623320036777,0.8093185894893541,0.7681632777958729,0.814653355797183,0.7690128077249555,0.6610109689887116,0.8849645336260747,0.8705695432390386,0.7505817555286325,0.7527121074441693,0.9039581497654967,0.7134515225590521,0.7487886753596653,0.8401643168548198,0.7231024960870868,0.7750470545026679,0.6815892079072072,0.6829408214669609,0.7086612191670799,0.8326125625282357,0.7704041348550715,0.7951527548001845,0.8796264514407365,0.7843998368477134,0.7212826467598115,0.8168202015367079,0.8492556463302412,0.7815585122596449,0.6801140217237236,0.8489599707109197,0.7551276909882442,0.7548732083007514,0.680758814627111,0.6962926298389871,0.8377007004151423,0.7663509901414702,0.7852197837104605,0.8143829361607711,0.8131909065328465,0.8665578225038425,0.7767465547798551,0.7366152682789743,0.7620269512166717,0.8767286460801068,0.8064180848188084,0.7813202193661655,0.698696243636349,0.7925973896722222,0.8643143534133255,0.7613034406688073,0.7933542390512645,0.6386371580017578,0.7677495183951426,0.7635729491695691,0.8394260118276142,0.875746637502204,0.79792658011557,0.7898238772843953,0.7583644833231257,0.7638384570955906,0.7528979804514622,0.7089382689465515,0.7524043727193106,0.8322494667856914,0.7613986235335116,0.8323573191730894,0.7751771259281223,0.7352598761740693,0.7740900894675444,0.6909864588370548,0.7748396369879055,0.8281075360548642,0.736958112516857,0.7404523113171072,0.8819144034393339,0.7104795353151178,0.7712248123840038,0.6994403657552699,0.8189764044325044,0.7439874146038696,0.8201039787828878,0.7920345200882491,0.7437951294794136,0.7576663603262486,0.8154603091459033,0.8098679845286822,0.7536217193546381,0.8115941580166153,0.6745805750315437,0.7265606517800062,0.787661584740459,0.7972238435462073,0.8160489819803597,0.7634961333123907,0.761946470691888,0.7774925906472733,0.8318457272817353,0.7916831919188237,0.785617298739558,0.8597206853068531,0.6905514569933423,0.7697458498630225,0.6185085165107158,0.8748830592177121,0.6887897766288638,0.8132743975453124,0.7511298433916841,0.8718360148976725,0.8379598145461633,0.7948800104529612,0.8585777121184458,0.8093736593031841,0.8124108735781443,0.6631975801532027,0.7300827422526931,0.8020357774927731,0.789651596862037
0.6363259577643176,0.6417677921226862,0.6995897495973548,0.7085737291255716,0.0,0.6227641321973112,0.8332858304045453,0.625731824004289,0.6858622607553061,0.6234160078088031,0.8113269335130883,0.7788508164447077,0.6210562912355444,0.6286457975661639,0.6603872159845212,0.7107432814649514,0.6613374574693853,0.6076150048511355,0.6600703366865422,0.642183242536125,0.7279653292128743,0.7621809436228253,0.7469454357910701,0.7476184701890304,0.6909279528787543,0.7078453753241867,0.7187580484978171,0.6287879429423204,0.6822160903976495,0.7475673009103071,0.679223704327862,0.6334812993299969,0.6373912483063707,0.6419551693046981,0.7066457482621841,0.7234071080457148,0.70567246419074,0.6929955581284664,0.7672158367372504,0.677835932427815,0.6518761325504493,0.8063886776375296,0.6525461132007323,0.7717879523187716,0.6569683298521599,0.5772331623873476,0.6102841282263949,0.7707655329011905,0.7605594490062777,0.6566233201971664,0.6549645683975257,0.6245628434104333,0.5576908785244367,0.7072842575215269,0.7392320953299123,0.6192312865760302,0.627209598628943,0.7786841461969711,0.6128429409774927,0.6136942772935235,0.6006607752805568,0.5798932996875107,0.6092429860597811,0.7133685536941358,0.5837412867684669,0.5615351168609833,0.6409779328027401,0.6300935322210558,0.6623060207894862,0.6520512732629747,0.6358063814090054,0.6243090292776581,0.6761555441752064,0.6623574431959034,0.6120165717642371,0.554342322548714,0.7018563083925321,0.8434867764867261,0.5885586422751711,0.5794543852605908,0.567474634220245,0.6760429461783941,0.6532626328954154,0.5957769150279486,0.6661706175005659,0.6512925277786957,0.6449849708152818,0.6223124271538536,0.5666032304859187,0.6514038514344499,0.8156431221545234,0.6719439596522602,0.6881275583881067,0.5716864987498915,0.6741258727578792,0.7176684562728408,0.5842915734573539,0.6501622788882481,0.6590149425662177,0.5778814211701747,0.6581780490100946,0.6355469446754816,0.6962755120003606,0.6613176099295762,0.6202936307870403,0.6114525439264635,0.5928506441324367,0.6686904086191829,0.593108807340016,0.7032313567098528,0.7989361780247654,0.7773673162311995,0.6101967131232044,0.6766174895816789,0.5850871374740488,0.6381589190633601,0.566219024242276,0.7572011279329276,0.6972433607202596,0.6313887871098324,0.8048137229567538,0.6179408687686612,0.6457770147475136,0.631192739602292,0.6594163360781473,0.653911317144515,0.6023952442860722,0.7020070940453963,0.6614467305220098,0.620658098935909,0.6278977645011565,0.6575858936898041,0.6113156613368091,0.7208272005512153,0.7276704431230553,0.5965027067833567,0.6263724349943711,0.7122437799028833,0.7176972584259851,0.6793124551757952,0.5863276619966683,0.699651209528761,0.6420262945078901,0.7685840640069189,0.7739758042755712,0.7365076170996531,0.7920113808141434,0.562852205353477,0.6667907196349836,0.6243972795540909,0.6864541026799573,0.5756903710576199,0.809761246666573,0.6991936746569631,0.7057555438882591,0.6487833996531245,0.6535858203736703,0.6690287673661077,0.6614207149701055,0.6367996438493224,0.5452252948795389,0.6160587003516351,0.6460646143031877,0.834422794129411
0.9187879988420145,0.9558308033149928,0.9174459372938846,0.8154724347041208,0.6227641321973112,0.0,0.7611785851147612,0.9057324713976495,0.8688803772383279,0.9135817384281273,0.7137516817733766,0.6869762956799973,0.9717293350498246,0.8939861361599637,0.8878578467731197,0.9107990372028382,0.9245935374280694,0.888863142616485,0.9235737456684633,0.9040298059062238,0.9063332016248611,0.8743378977144955,0.6358931240408641,0.8162243284337862,0.8911940908988766,0.6478574862711267,0.671878497307495,0.8949182287738526,0.8689672484600831,0.8890447725366482,0.900403778167874,0.976906274635027,0.9532597020970477,0.6572204570229203,0.8503190872468557,0.8047648899373736,0.8705775167319556,0.9078312959336415,0.6979587684054899,0.9125648876620998,0.9242974004038902,0.6907127409804735,0.8939186089208778,0.8620502224259528,0.8839466162016921,0.9037013512270561,0.8967240573068185,0.8031898731337006,0.8423941582339031,0.9123634191172404,0.9365159714448461,0.9245085012047739,0.877459652874282,0.9355815070455888,0.8443608506796161,0.9311824795893471,0.916497175383501,0.7873695193052177,0.8936193853855768,0.919379956589565,0.9535381276641738,0.9050545437633416,0.9361919657272871,0.681063867455275,0.8643193570353952,0.9021736713703196,0.7553893912936288,0.9246729212788759,0.8993625320235771,0.8784302781505148,0.9232597785412088,0.8876110116537728,0.7667486895117924,0.9475333001612893,0.9629801764378336,0.9005281087152165,0.74129224109541,0.701027502446563,0.8907038367742736,0.9072252668605357,0.9307522896109252,0.8647779914663375,0.961435898179717,0.9628792631397108,0.8639010774737521,0.9366010959974131,0.7478648046177305,0.9070823602772012,0.9344954581386741,0.6967980670493166,0.8035461395719485,0.8445459295393449,0.9354421904517698,0.9092495079113004,0.9021150302510064,0.882735557693739,0.9370772021946977,0.8159824576983191,0.6355339672884104,0.9344305745184468,0.8401026419607497,0.7789496144885583,0.6945906289952943,0.8606923288114173,0.9261437800366555,0.9158506555807828,0.9383891551922741,0.785665275233442,0.9115631996623453,0.827084950861293,0.685137366909274,0.6393632449140048,0.9441780166993832,0.6718920793952049,0.915146034011763,0.9166384725856572,0.9029807828087936,0.8160478751419691,0.864255541246979,0.7069445302174232,0.7787961605022212,0.8229045155247189,0.7691709201679678,0.9542339788038305,0.8062821132644026,0.9601185868809132,0.8536950188714796,0.7632539601257939,0.8763410303509565,0.9217047936308622,0.9369977025835241,0.961997625680651,0.8209122433040693,0.6580313952454805,0.7787926602579045,0.8814336998155321,0.9185390907577015,0.8600354255369371,0.774444557383148,0.8943217767081051,0.9368975620012561,0.8400523494048318,0.92572209135559,0.7502937098874569,0.7264845341646886,0.6640976260894391,0.8585717072485142,0.9205638284053784,0.8942783732452861,0.627764874376933,0.8130202814813098,0.9085598942794261,0.7811876804513505,0.8890086755228197,0.857736180552972,0.8753865829749203,0.9152732811834086,0.9561348873702291,0.8827214793556625,0.9401517000864266,0.8880995173301424,0.9062887630015191,0.9623351802155276,0.6973961810855125
0.7548006297614676,0.7976376327876916,0.792407863927543,0.8077488465302828,0.8332858304045453,0.7611785851147612,0.0,0.7062317544686201,0.7564265137909648,0.7687844762324036,0.7681746211024204,0.7717227069101916,0.7369794911177204,0.7441511576454661,0.8008906710048641,0.7614488167930975,0.7480283916097817,0.717204008836407,0.7844492759945139,0.7467053527645938,0.8260088775811159,0.8446514471802912,0.7261485013256834,0.8485407502016292,0.8155601315110317,0.6794884422820384,0.6645619538312131,0.7112056597476161,0.8106865034066036,0.7702590776082123,0.8085519488110257,0.7618264337417417,0.7957086908874185,0.6646985730204783,0.8233574538942506,0.7943483766576112,0.7905590293159159,0.7611754551078899,0.7644904691125041,0.807224919503887,0.7911510749874765,0.7691035738526603,0.7551043897604071,0.9098040307963838,0.7533030663558957,0.6931798875581894,0.7384075035782317,0.8345967469696493,0.8673679534538641,0.7639594813595275,0.7836578226258823,0.748187226206363,0.6793137730767425,0.8566065056644561,0.8300959967406597,0.7633617298933809,0.7341831940430188,0.7584325024219383,0.7646278848994127,0.7242603488519522,0.7151801549708295,0.6873630242350784,0.7214984016444725,0.726566933645519,0.7094700699816059,0.6812430638958907,0.7151317193808142,0.7609840605719382,0.7463362463090101,0.7185077062895567,0.7568896665855633,0.7482740810219252,0.7244727158593636,0.7736981356071782,0.7147223609014821,0.6886034269032744,0.7022304856885938,0.8179956349838532,0.6899376004938668,0.6981850000236544,0.7018906803575085,0.788020292198788,0.7822770723553348,0.7066024040838415,0.7437230849273699,0.7522771121517644,0.6705136533266954,0.7477546519648272,0.6886017356521008,0.6790406725148977,0.817500147926294,0.8349868189760568,0.8104553938246275,0.6977602288036409,0.800005666951091,0.8634013796055726,0.70745188559571,0.7694326424815626,0.6760141615889295,0.7139032421491366,0.7694013132086241,0.6747814115383389,0.7678275840430433,0.8110244415843569,0.7321091102256191,0.7079794972739096,0.7059915495990093,0.7202817151960419,0.7261007356863324,0.8217119540437894,0.8329676337047749,0.7243715484560845,0.7471588659197459,0.624736150882156,0.7015893083301046,0.7240105398144577,0.6966426239289656,0.8277838852569217,0.8216189733532389,0.6557982704828063,0.8102990786756511,0.6751300800799502,0.7181618146361906,0.7729953275494964,0.7736416614928573,0.8010365568145721,0.6922092824600939,0.7196762077355586,0.7757534843142968,0.7500816914463937,0.7208091762238336,0.7365255441825296,0.6553884413925994,0.7067404305832011,0.7936166836751191,0.7301988197897349,0.7446190608571668,0.8355816029424905,0.7636516754497585,0.7722949203138,0.7425523017875539,0.7651428224907552,0.7886408298898179,0.7932413116463533,0.7956365467460315,0.7599098959311295,0.8512366936816218,0.6895889169811785,0.7863233872541433,0.6008556045792994,0.7617292538600458,0.7157463845841484,0.7893686744144336,0.8225183804924483,0.8110514073297586,0.7500254134012442,0.7533169602802546,0.789464644865904,0.83812781856079,0.7464016060572116,0.680133491638062,0.754512322880847,0.7931421373018186,0.7844043129331466
0.8614493711524345,0.8365741813742867,0.8898684433071808,0.8743794992220367,0.625731824004289,0.9057324713976495,0.7062317544686201,0.0,0.8705204976979457,0.8267552047996823,0.7639106771331327,0.7354533428674652,0.9273226064967381,0.8069385694451988,0.8614350259778597,0.9214228680912259,0.862503855290106,0.8345048167343885,0.8937603424071883,0.8683560048660244,0.8881167127633517,0.8541839442964557,0.6611997075313814,0.7808525633078749,0.8757514176265473,0.7258852746927982,0.7565125952914449,0.8715089851967556,0.7666277264753169,0.8737844763055098,0.9196102840132271,0.9183878835295839,0.9021189283034476,0.6999707131574272,0.8058664014771012,0.8291138857882248,0.9096944491286338,0.9190696824214123,0.7720884444008745,0.8403083458585681,0.8544654344204727,0.6595202555433959,0.914647234976403,0.8247982539441264,0.9464975691328704,0.8577665569084565,0.7922423963866074,0.8218568986550955,0.8216828717818134,0.8835522686318714,0.9107066728386222,0.8481975533706798,0.7746656176642458,0.9154068053651743,0.8792616139181313,0.7908076145121221,0.8713254801672208,0.8706939493778995,0.808771044843128,0.8700339310375407,0.9684619537746162,0.8464761628190681,0.9008348963545243,0.6766899341420533,0.7944590891284701,0.8484025036825735,0.810033171441908,0.873224394464606,0.9063504165370456,0.969317550692358,0.8925720719915107,0.8176564885709837,0.774205448143798,0.9472448682599113,0.9134495314463553,0.8005025583407752,0.8495473975592985,0.6809563241849942,0.8926490355978146,0.75813604440355,0.8116496773128877,0.8847007532939322,0.8646648684645021,0.9210050379089575,0.8652053985991478,0.9171028002636981,0.8686953153080136,0.8947612756648188,0.8770512937592462,0.7273267822792401,0.8373542244187834,0.7954813207879602,0.8737026943048843,0.8197361793053572,0.8292279338084849,0.8552585158788724,0.9112716244945842,0.7832789534972886,0.6096609981247547,0.8753054707868366,0.805446676267122,0.9308642158759359,0.7860932689791983,0.8358376214982256,0.9060250926967587,0.8917319585070786,0.917297943160698,0.7617230279355651,0.8278334271163635,0.7564425597811905,0.7105938997531819,0.7022678600992196,0.8854193655030163,0.751606766163352,0.8577599425757454,0.8475510282665518,0.7988923460223103,0.8304143524928407,0.8021099618931528,0.6955679283157225,0.7570346975303994,0.9447115505929127,0.7146396916801249,0.8696535248181901,0.715993617639088,0.911746611782159,0.8076545960223315,0.8431270511613908,0.8335139619805841,0.8725394145111274,0.850331835027234,0.9398131213075746,0.8787816618112569,0.6693044594332122,0.8297370618200317,0.7822660985596139,0.8435148293039423,0.8278312044656492,0.833143483107508,0.9356586294454695,0.8646990456227084,0.7908025640636855,0.8415844766304257,0.7947152647208167,0.7491378467751217,0.7156649031170378,0.8738705950841557,0.8244255223039889,0.8503208945163732,0.6134522951335313,0.8946406712534233,0.7936520634969797,0.8274930547854237,0.831736307474574,0.8773601476611619,0.9276251722262098,0.8734180363808571,0.9087273398336464,0.7967629327033332,0.8847380266996785,0.7787648609685606,0.7931308735199096,0.905011599788801,0.7105224687030117
0.9181253859986592,0.856549361402307,0.8087016872735746,0.8121306466001734,0.6858622607553061,0.8688803772383279,0.7564265137909648,0.8705204976979457,0.0,0.7676253472913761,0.7369091081963619,0.657908061267297,0.8920004523284781,0.8949866088480322,0.8853393453758691,0.8414056204807612,0.8430794222188557,0.8720235473166303,0.8546886766903834,0.8867378822536025,0.8341873014415243,0.8767012620011244,0.6416705425820786,0.7747897343049741,0.8109787407423922,0.6584779809365,0.7360012839444888,0.8417695631939238,0.7585857588740724,0.903727293765756,0.9119920891674387,0.8791771078853879,0.8942313516379207,0.6288313416197304,0.9005778025574751,0.8050311384457668,0.8608148175061092,0.9305412043709338,0.7284524678513024,0.8535083257228067,0.8578974696694505,0.7064352817903713,0.8653505663693749,0.8406175132097977,0.8494724757415799,0.8340211697992941,0.811033325804805,0.7762696651927646,0.8339600215431442,0.9104166796308406,0.9010259767271785,0.8487745198271809,0.8222603785400154,0.8670095645351567,0.811265752536165,0.8389683929781503,0.8908015801049562,0.7844664818438344,0.8409186622670602,0.8812987083618642,0.8806963254805583,0.8596356778926735,0.8803606420737233,0.7093007948556994,0.8458926643722067,0.8362706259619945,0.7774971148566754,0.8786426254550064,0.8920932117879935,0.888080859072082,0.9182112149813613,0.8892180234012534,0.8206197184507962,0.887217667200319,0.8951381896618847,0.8268995145520711,0.7393134170401205,0.6668938711073303,0.8400110795182437,0.7892749396658589,0.812034701944422,0.9447521129931957,0.8864582344746589,0.8830859339979844,0.8596544679966834,0.904529052865732,0.777090651593638,0.9178056265921264,0.8512961926699696,0.7307712024225959,0.8833452928936892,0.8498279909070177,0.8965525370753911,0.8508907968001634,0.9509487181934031,0.8180410592899177,0.8916554193487107,0.732242411422569,0.6973951799233739,0.8521720888080052,0.8545007222964391,0.7678413692832863,0.7226345976529518,0.7649895315718296,0.9242091803993135,0.8364548322631209,0.8334072657293761,0.7141663580666974,0.8265569642177504,0.727165972547436,0.6653726443036606,0.7278504334565219,0.8847803966416818,0.7224227524084014,0.8632070442126237,0.8664971826555055,0.8096978018510242,0.796240247267522,0.7396079369259757,0.7454874884550685,0.865967522883844,0.8437290421812785,0.7389979075124423,0.8727974574946037,0.8787972948172944,0.8401533352739795,0.8309065341229128,0.7609453081699779,0.7623889312416627,0.8935859668064545,0.882729724166212,0.8891179722103765,0.8642480011645449,0.7660868631858074,0.7880590572070483,0.8485346111178715,0.8423697416920706,0.8849122884706352,0.7652456300493027,0.8975566819749686,0.8665470649463398,0.8131208177537288,0.916631611148541,0.8138339023742389,0.7242941140857924,0.6987391098140662,0.9149457087885491,0.8033023306741716,0.7953767812392614,0.6085036713246879,0.8838998288573531,0.8280498920681496,0.8538743988995532,0.7849084369664662,0.7660881481317446,0.8850669179146389,0.8826347823821422,0.8208256210136206,0.9048205411709431,0.8971934153967488,0.7779597142487417,0.8815476773255624,0.8982243380177931,0.8053681004636549
0.833256813094825,0.9400853499000567,0.9501509440678246,0.7457451837604704,0.6234160078088031,0.9135817384281273,0.7687844762324036,0.8267552047996823,0.7676253472913761,0.0,0.7072541837473311,0.7116200627530717,0.8811935116574612,0.8059219549854476,0.846330119197482,0.8652636298876362,0.8856021591255666,0.8428650267170026,0.916875371496119,0.8548287025957353,0.8860826736755357,0.8824077875046339,0.6683628329023086,0.8112226102424379,0.9171273086072809,0.5823067399679968,0.6513514715344194,0.8527801343017659,0.9318424899205928,0.835722636348691,0.831645778661986,0.9179088606028891,0.8658715655605862,0.6307525957298906,0.7907001062643112,0.7692523815565315,0.7856719377059984,0.827456348868172,0.6820612388597393,0.8606655736548681,0.878197630871143,0.6967234614569184,0.8479171946386337,0.810739863379707,0.8165458640872256,0.8334023669759076,0.8499474854598812,0.7823849719586464,0.8496649358813059,0.8453160375500902,0.8498104568927366,0.8314482731566232,0.8242794522022264,0.899901165180781,0.8316489304876419,0.8291802684806171,0.8388688507691047,0.7503726835342254,0.8998066046452089,0.8313837021656775,0.8597132353142451,0.78864164111731,0.8497281848845044,0.6855279596726574,0.8120561652792108,0.8264378130164473,0.6634534497089272,0.8418147127280006,0.8830093070283639,0.8107826370986013,0.8132630842464029,0.8156595237806263,0.683343104828321,0.8759224553851693,0.8946062870092598,0.8318024473758994,0.6803008271885765,0.6838202801141184,0.8072136244188329,0.7898960304435415,0.8764774679659867,0.765123124188195,0.8941325631477745,0.8653077396963005,0.7686999297181838,0.8503941113697654,0.668494293179403,0.8297255680446777,0.8529671387838978,0.602259203130736,0.7284205651248261,0.7722842681595702,0.9020949791647052,0.8261208302836714,0.8036706352609749,0.8680003392863209,0.844141861362743,0.7970990019796472,0.5812022125218936,0.8306078713198488,0.7568567987128229,0.7334636405922745,0.6544552523989324,0.9302339903633432,0.8241126713252087,0.8306740771975717,0.8776208954612175,0.8119123482751202,0.8619485302602784,0.8447452638693175,0.6821245836598954,0.591447522908498,0.8141377106748264,0.6338236410872409,0.819498932256729,0.8117667106900411,0.8586835345156644,0.8887377523050922,0.8828612515804495,0.6208352866352235,0.705440783398966,0.7084527679640887,0.7126853266916547,0.8657686828187636,0.7293986421297111,0.9384019170985595,0.7387295580267421,0.6905574002584074,0.8829780465907534,0.8586615519127117,0.8806158386069379,0.8768451342651025,0.68843532728862,0.5761675012938345,0.7771895427738544,0.8330391659171874,0.872494348942619,0.7956807645203553,0.8062520386899054,0.8461183432185929,0.8817687434814329,0.7893378421206232,0.8396056292917458,0.7320780972179008,0.704085424610877,0.6337973743248251,0.7800450272292357,0.878563650479241,0.948912033890016,0.6154613488836337,0.7209493535171415,0.8798196408057822,0.7817974621201317,0.9321136166719902,0.8669537001071128,0.7936895390885772,0.8409428483573426,0.8744922391713362,0.7995950719698826,0.802582223694238,0.8649709838049356,0.8222652682952367,0.9076631566755274,0.6358748556405629
0.6750140877633746,0.6926125386874817,0.8028763045541568,0.8358863161495832,0.8113269335130883,0.7137516817733766,0.7681746211024204,0.7639106771331327,0.7369091081963619,0.7072541837473311,0.0,0.9020652515791563,0.7153504802644487,0.6723987440901811,0.6711939117154978,0.8345034100079326,0.7175735824163529,0.6280671469914625,0.7202327941934575,0.7036067179830847,0.7930185472591874,0.837557211398202,0.7553828073773122,0.7778565911999863,0.8231746320583211,0.7997338810011664,0.845797985373028,0.7233929577766481,0.7476484826903681,0.7658154377624066,0.7524627288346023,0.709373191696968,0.678963252529794,0.7432354669210725,0.7429518849224845,0.7880270916529636,0.8624873066143337,0.7711839128921821,0.8547526744223556,0.70340914506293,0.6609836785365363,0.8764376730811494,0.6960866323809263,0.8163055250689318,0.7813301672175879,0.6046942877012431,0.5986371406731041,0.9188952528203707,0.8048366483720809,0.6725187927204215,0.6840473512700918,0.6481215278055295,0.5587954750780711,0.7961817681325423,0.8622653775560365,0.6770318295585913,0.6551225909704957,0.9149407696161942,0.6341693948300322,0.6415291333864217,0.7352529595459922,0.6040872862549759,0.6517725453438743,0.7410046769395188,0.5826781836515605,0.5980329407213066,0.8166864393812862,0.6741878955418885,0.7297650103732786,0.7932513089399542,0.6731271751084291,0.6402499936997992,0.8059272565653821,0.7468618619463946,0.6848484533452772,0.5764289009051945,0.8653418244208728,0.8375641393512273,0.6363254146064957,0.610288900483128,0.5989276649164986,0.7032839725431286,0.6826679161308734,0.682661523372409,0.7237619519684014,0.7238839459709446,0.8602421606641171,0.6529884228287094,0.6151140857429342,0.7814776530892296,0.8117590531180177,0.6828756176568764,0.7022305289126579,0.5954840945272118,0.6925661616748116,0.8352832476674829,0.6432392809028897,0.7365314549442242,0.6361899314729027,0.63200676482681,0.732805767057286,0.7873762402990622,0.7544019939845601,0.7240220971707227,0.6653822801477888,0.6575094963677796,0.6531232343755866,0.7810145164404125,0.6025907928903893,0.8118558553487057,0.9045745562687988,0.7900113694868547,0.725865046697368,0.8521350805586647,0.6142121409322638,0.6784869646646585,0.591230747046722,0.8284259324838876,0.8126078397626899,0.695919073412216,0.748362853685153,0.7236815740514295,0.7154576206368635,0.6594975844690734,0.6759906164052154,0.7400918847577569,0.631594478299359,0.8126130476963329,0.7613761382585819,0.6459848357440429,0.6942083742221506,0.7459392793318445,0.7692268503606723,0.7695470735209272,0.8853355094787552,0.5950150854209898,0.661541691139186,0.7094489167445606,0.8367834296277816,0.7254375027580935,0.6342097029541328,0.7819061429669504,0.6557674344171859,0.8525564146857928,0.9069319529740492,0.780322088809767,0.8187097378271097,0.5878717266824409,0.7560357973172639,0.6791287960865962,0.7973118399633751,0.5889476427554637,0.8641152743034298,0.7179839239072658,0.8211621079467362,0.7747240755134764,0.7687442181097297,0.7657142155701022,0.7008383077946856,0.6951934779474154,0.5653283961316306,0.6453692473024614,0.6992752591540624,0.8597586049952746
0.6232988556043185,0.6901125566553953,0.7764338728042253,0.8064503251728309,0.7788508164447077,0.6869762956799973,0.7717227069101916,0.7354533428674652,0.657908061267297,0.7116200627530717,0.9020652515791563,0.0,0.666128812430778,0.6419833096145174,0.6492384453562265,0.7997201239644135,0.68869484404302,0.5863782684470602,0.7140371843540493,0.670811956785289,0.7726658523635613,0.7631348328434556,0.7812512994214496,0.7592419105481383,0.8019565583623204,0.787846803089178,0.8001497648369175,0.6803470229226211,0.7780218306645132,0.7147365946418262,0.7510920404550979,0.6907659601986019,0.6750267727609044,0.8089987651007378,0.718882219215279,0.8475756800389186,0.7875498837683762,0.7376437297208214,0.8986894906929322,0.6772730371597206,0.6756629947899433,0.7584533879237002,0.6726913520006252,0.8137863890168539,0.7822701794992278,0.5913614321283093,0.5976308467137346,0.8805613196609888,0.7789096453598949,0.6552770854518234,0.6581044793709047,0.6311018177877277,0.5429039457229684,0.796411192806764,0.8953577193088806,0.6514368584578117,0.6245736369913656,0.8959824924609099,0.60980846670601,0.6380165673713737,0.6892639526371046,0.5984119681025296,0.6198052521661955,0.7821903067123096,0.557127064890834,0.5727351505067652,0.7410667148370912,0.6195579821536141,0.6762087698602718,0.7156494250987785,0.6276762692388601,0.6284396821689078,0.709743867888426,0.700881515766699,0.6487099468220945,0.5597612933091781,0.8066919602868472,0.8789188460635032,0.6271347676272397,0.5818027902576377,0.5777286333553219,0.6514470098174898,0.6482802095910694,0.6558567982999901,0.7012348074226602,0.7007651230287586,0.7750711193866164,0.6241518596086955,0.6017966866075611,0.753219980185899,0.7501888275837332,0.714576343386923,0.6979539996127282,0.5730887532791069,0.6327316567404399,0.8440474418309889,0.6264030367144827,0.7908906535492704,0.6537124547940844,0.6212498911130996,0.7317573614457654,0.7576499800839881,0.7818783178743874,0.7639990342277074,0.6428714649170285,0.6452157869235537,0.6483350062072102,0.7671201593663481,0.5989624030697573,0.7930759921232113,0.9332515660706807,0.7861714783415538,0.6605318162270767,0.7892690940122049,0.5990717066340604,0.6410770020555447,0.5808166297782232,0.8164812057066124,0.8142918480494957,0.6779045743275568,0.7151821589209559,0.6992330281276777,0.6935705848258716,0.6362827805303849,0.6240396928237755,0.754000281719138,0.6240013631629421,0.8426151100594184,0.8148146337790936,0.6246242899510003,0.6598256765798283,0.6937159980583815,0.6884628087865275,0.7239935556121058,0.8514603460976408,0.5715287959470045,0.650957865610844,0.7067446559003557,0.8337202240073244,0.716002852926762,0.6114145529752512,0.7788586483504097,0.6337968069955652,0.8463439073949857,0.9166661091611523,0.7865908648734965,0.7860584174934792,0.5775795562043801,0.7678954716026302,0.7307864537534352,0.7450146084520588,0.5774965635733269,0.8070390898249773,0.7388897923484837,0.8492667591510074,0.7052673641446864,0.6753592588520227,0.7421480533841405,0.6607491794935236,0.6501111837104248,0.5524587234917537,0.6163935777381266,0.694731584246343,0.7334147380487771
