0,1,2,3,4,5,6,7,8,9,10,11,12,13,14,15,16,17,18,19,20,21,22,23,24,25,26,27,28,29,30,31,32,33,34,35,36,37,38,39,40,41,42,43,44,45,46,47,48,49,50,51,52,53,54,55,56,57,58,59,60,61,62,63,64,65,66,67,68,69,70,71,72,73,74,75,76,77,78,79,80,81,82,83,84,85,86,87,88,89,90,91,92,93,94,95,96,97,98,99,100,101,102,103,104,105,106,107,108,109,110,111,112,113,114,115,116,117,118,119,120,121,122,123,124,125,126,127,128,129,130,131,132,133,134,135,136,137,138,139,140,141,142,143,144,145,146,147,148,149,150,151,152,153,154,155,156,157,158,159,160,161,162,163
0.0,0.3400394993910278,0.3134943549958921,0.286425234521217,0.28239910941097024,0.33326997232283956,0.3144984588113363,0.326386881818781,0.38037419135492617,0.32537445936779347,0.36872722034595007,0.3271787257739297,0.4175949282501848,0.27579581497533656,0.3109948429312421,0.3456254554011104,0.33765370774653247,0.40718646792324925,0.3380687722257342,0.495971070204327,0.3415514019189995,0.35091483906829957,0.31931818241559057,0.29839504603021316,0.4417918346120022,0.28055631584450386,0.2552489016003804,0.3521221022856968,0.2664621509047081,0.280750757239851,0.3634039322737247,0.36949577424655394,0.2867698832374523,0.3447351731313425,0.3833421731370274,0.286078092247816,0.41818069888265863,0.36067199826581087,0.2931391750519611,0.3302167914370069,0.2806909965674963,0.3473342591384241,0.3182354123376797,0.36298764801308947,0.33577988881111454,0.3788647579458262,0.2783262807889938,0.32414889170238426,0.41124602194008186,0.35042756518407453,0.35322409547102196,0.3344119060896359,0.29414788468626935,0.2991252529058797,0.2989343991685184,0.34106792314665746,0.43005442929264814,0.33398156439889637,0.31149072311117293,0.30226757697793427,0.30801413731910876,0.24115089578512694,0.3307353322386998,0.2633912213004501,0.311960056124759,0.35548528047334205,0.3656770813263064,0.35398007927344594,0.30215882158578905,0.38341580172369427,0.4586153137948056,0.2853996595002742,0.3632343512266612,0.3492947508208038,0.36296540082349127,0.3643149594918485,0.2950779841181923,0.2768830982917526,0.3355300999399483,0.2479980564905567,0.34533962405255697,0.3844789669635991,0.331352172762467,0.3258096610807057,0.3316478459386053,0.42527039215978896,0.35208818424294186,0.33894572746073753,0.3556799748853601,0.33368249004928646,0.3756171498295045,0.32403445031652695,0.32371305464961136,0.38207648342785994,0.36053270370215,0.35293250453329283,0.24509255133334668,0.32328554499519785,0.2433141587622513,0.3366396595735728,0.2865003519547847,0.285211223053904,0.2894887428078354,0.30537200825060246,0.3262968719757253,0.33959795318029684,0.2960422697457499,0.40130773315830487,0.31102292196835085,0.32749508452718784,0.356042891291531,0.35593223834906546,0.379456969959189,0.3112849100222266,0.3271955267744246,0.3314584595873075,0.3550349055739035,0.3633280195520802,0.317255323348281,0.28382250350790417,0.3088404192993401,0.27028484980064943,0.3490503221858482,0.40600178088780425,0.3130399958638501,0.31352137177174405,0.26435851166504337,0.24864986484210125,0.2956169668871676,0.3265574170560295,0.2872598322292652,0.31774768237163065,0.29175291000790443,0.37252866681870606,0.3521347448535552,0.34234932789306544,0.3551708850455405,0.31010595172693256,0.32507655522112106,0.3820533580768423,0.2901827122137155,0.30739640418788505,0.36908548092141436,0.3017179158025863,0.38050675951327273,0.40728563235587006,0.3523684210610797,0.29930215431242824,0.43050809451240213,0.2068429584446716,0.42536272238199835,0.32628243100334986,0.34418257488834225,0.24964459394298844,0.39574996212711777,0.4280107630756112,0.3319813664232086,0.3362287054971636,0.29519281853432083,0.3353012842290172,0.27820484871330686,0.3721684272597214,0.27056450454707226,0.47971108103438675
0.3400394993910278,0.0,0.3289804875035151,0.3099922414966316,0.23930234033235953,0.3474568241361674,0.34041189139248756,0.3664207628893362,0.2961016012926954,0.41340597055108486,0.3062022359545625,0.3584842823523729,0.3574134194031568,0.3183555637353519,0.30695756887355463,0.3051518152899966,0.32314843346181493,0.3135852876309289,0.3056103798344039,0.3427399834476987,0.29945694825020447,0.3738832275607208,0.3445227465752089,0.3189994767778013,0.3648637608268804,0.27660035376585546,0.2742984123665783,0.34017129177214733,0.3494820136450907,0.24029080027973507,0.3463551967084983,0.3406510156971465,0.34186429261649653,0.3389267227015383,0.3366333611172021,0.3028053859837756,0.3146966276424404,0.3157691818231942,0.3017113957815032,0.33647748389040233,0.33835008550202067,0.3348201355653368,0.2343512796993945,0.2838742809270078,0.42748347524186053,0.3263038300090278,0.30459157380040636,0.24966814293780876,0.3616151343957822,0.30235569578375177,0.29630227622332633,0.31920331246655614,0.32153632107658303,0.3507797412746047,0.3312814995314713,0.3646914473512241,0.31839092132940605,0.277035103523433,0.3237919595238175,0.349419959539098,0.31642212869501213,0.2199445442522211,0.2643945027722826,0.2538692344301293,0.26127058298113726,0.2848568860525041,0.332013721543476,0.28516201039274647,0.26133180826947133,0.29842465479504804,0.3117142354227002,0.2932424869639905,0.2789780423580954,0.34474060633361725,0.33866747570542327,0.31223893720449014,0.2824283160140578,0.3306530671997179,0.29092567798169516,0.22561267684100358,0.2770920278539188,0.3021435563955947,0.34374234101111417,0.30094728988596237,0.2868395055459723,0.48008855311804793,0.2587067273642034,0.26157098504592313,0.32149204118925273,0.37111522348288306,0.26947420209917783,0.32176494358504193,0.31014589614386423,0.3367022432490578,0.32302483497295276,0.3756489929083079,0.2559214546463128,0.3626463864355959,0.22831984586750853,0.3826017182241054,0.2810201717985654,0.23817676769415647,0.22793154966921456,0.28580657166959106,0.27821627481012545,0.3157535878180399,0.2706715784148323,0.40023500583856914,0.33191887348089416,0.36507450560921034,0.31568442174343675,0.28084814202811115,0.30338112538571566,0.2605693309224399,0.3343210898482975,0.4317510473582057,0.32825612357301837,0.26460582485102485,0.3079864183947177,0.26771570719270615,0.2920615925286039,0.2469520112055629,0.317775969748981,0.34487608364321326,0.2641396417657476,0.37707849776139507,0.2736462294282172,0.3169896343028928,0.3686823926683615,0.30447000468481983,0.31191398900506584,0.2701285560018499,0.2633421972790597,0.3506332834783721,0.2909191284053402,0.2665575077109148,0.3262807916013721,0.3240649935521336,0.3087957499931355,0.2777149514032932,0.2778960745618133,0.3002063921533265,0.3912074495093254,0.28171787227310596,0.3265192252656992,0.33070249697757026,0.33871101421079397,0.29876964843928056,0.3935908878177848,0.20976557802790843,0.2822565435927697,0.31212017915356394,0.2838777574373848,0.3055059190412327,0.3165646742948417,0.3179045933424559,0.305989270294717,0.33900553824838,0.2820058912082016,0.28764005822201333,0.3038719417433019,0.3185571841317684,0.24121006827212113,0.3075011340514596
0.3134943549958921,0.3289804875035151,0.0,0.30098535105660285,0.3052057954972629,0.32788982017852947,0.31861847077781724,0.3176070762737159,0.26309635538070225,0.372465898813199,0.37949931053534225,0.33547937743985745,0.3580623408499949,0.2325872707862146,0.3196931671637964,0.4146769133714906,0.3727324352653282,0.33424054095945144,0.2897214832269734,0.2763294853000388,0.3769568332613386,0.46302858616896014,0.29205505044840996,0.3276357824382824,0.3217094217355861,0.3132686689777983,0.24969417946810846,0.3219589686038347,0.26469345503354186,0.2762622073132447,0.26348979806221984,0.3142855891755314,0.2743091970660531,0.26938558873512153,0.23819988313468793,0.24318564545926263,0.31778400769642784,0.2779932704664793,0.29314088229047286,0.3167947926227572,0.273572307874006,0.3350089609698251,0.281071658739425,0.27617087335025686,0.3174371137642045,0.3303676556094143,0.27121343763926253,0.29308376441408784,0.3302679642171091,0.2704805960608353,0.3232955756234787,0.33061682545459187,0.23736530476783776,0.33115833267563605,0.2835406748333897,0.24254894591546128,0.3031459796335977,0.35101802321942005,0.28960678022823216,0.26915210241160736,0.2808776689262131,0.20553789673040876,0.32176187895184616,0.2083000359271549,0.24478346045556804,0.27855671090252493,0.28558133465533897,0.3483226295376865,0.29858212067392154,0.3308536595254997,0.3294328265359951,0.2198515653970461,0.2505595568727511,0.4440523148689343,0.3372915673740219,0.22659423634766573,0.3589944782201666,0.3276760730091553,0.26492138029624884,0.2166647009845609,0.28886705469394336,0.3010184314037851,0.3587850067421065,0.264780816965884,0.25103612375238815,0.360082633451146,0.2393560064296535,0.237318630406808,0.28026731497105245,0.2527237615001975,0.3130296695107839,0.22963407600681937,0.2845171206078449,0.2454905166530283,0.27678837550413793,0.2905818220184315,0.21472196350878167,0.2644491260171976,0.1825793818159618,0.3035973171017981,0.21075276615400051,0.26727770519070915,0.22127181853911976,0.2810033828251964,0.23978680302243371,0.3669757885535685,0.27799138689635033,0.32769104227135687,0.29151337434282987,0.34360161605138007,0.3141899724908022,0.23674853706993343,0.25771281573921695,0.25701456007846407,0.26735606714034205,0.3797104991003223,0.25403212826994775,0.31510134822311886,0.30687187400091565,0.23404388195674675,0.28814955473723997,0.2258851455412364,0.2289576185370353,0.37487538656790875,0.19481874428574536,0.3419893681376588,0.23012980576004863,0.28836295577748605,0.2888226578772751,0.2664112684365797,0.24880975892690474,0.381034682335061,0.22127355102855678,0.2473864031710492,0.283728223545554,0.23827858804936983,0.2657539997177213,0.2493645743057674,0.30136457575469594,0.28099394348182516,0.24684313545089404,0.2474258814376363,0.28707829772087323,0.24714760448080764,0.2798775161325504,0.26402047433443204,0.3467866317874829,0.34148858510496044,0.3326249507611144,0.1895204857821246,0.2512348401143397,0.24072478865825783,0.2975320117253608,0.29772921341773034,0.3483627690864469,0.30637472915533426,0.3336394403883644,0.39584893327157145,0.20581811265009883,0.2693358198650311,0.2922192225821604,0.21699766572668824,0.23600271616973256,0.3548791261258214
0.286425234521217,0.3099922414966316,0.30098535105660285,0.0,0.23582492947785544,0.25822400098226955,0.3326689226426839,0.3129951212010231,0.24615653756278644,0.30751800270853946,0.32365628478759245,0.2920772272121813,0.2995516767522762,0.28760781570172433,0.3455342895843503,0.27293266878297656,0.32435047808576345,0.3409061085523578,0.340539940172189,0.2821666158226716,0.3404614801383413,0.29601667688354005,0.32341338036466594,0.26397160610910064,0.29973727485660656,0.3251451614393944,0.2761149780393524,0.3402609080908796,0.2829216643460944,0.2096106333196476,0.27576334934757396,0.2916074404276668,0.4324955987312379,0.2992249858444922,0.278037712328021,0.3145603499276444,0.2749929594546317,0.3326305381055686,0.3211807092091961,0.3697955621572745,0.37502566700008333,0.25857425094605235,0.29138511563623487,0.2919859876569879,0.3208577571138046,0.3560587639652549,0.21397276145038444,0.259779341811601,0.3409405403973345,0.32086402757585086,0.40582895973594224,0.3337866468429892,0.32487260738861484,0.41436234465266353,0.33278306600872165,0.2319589449726622,0.38041642527294794,0.2859523120078654,0.36521056087801734,0.34698152350798794,0.351724930195874,0.24575204366038866,0.33105892238480583,0.2389677158877885,0.32683471479825815,0.36264603759295816,0.37428138394366695,0.2506144670722589,0.3417031564927025,0.30342141806467526,0.3096414414640447,0.27763704257825444,0.28998034283861623,0.46064064554618817,0.3520891915448455,0.26100706973737575,0.37586237309481063,0.284070002818327,0.3527887975238934,0.20536476977392598,0.2920418562985171,0.37255707704537183,0.2608674455503413,0.30614618431860785,0.345980041482027,0.32845152082417844,0.27979014468582736,0.3337898526499916,0.3065402245752362,0.25457084165123295,0.3150730307116547,0.27346627198806744,0.2960330786123734,0.31055786591350676,0.3721704714648543,0.2646800847427421,0.2664031159091905,0.27768550678424125,0.22497497815834214,0.3493606713657044,0.26063456941311397,0.3145247593134854,0.33119286941545173,0.28986586227317646,0.312186697885475,0.29840545534522295,0.34261341682343655,0.2866730834391438,0.34299369339352936,0.2506800821985251,0.35036650526938623,0.3120629330718115,0.3377678540566176,0.3216455651616116,0.3500866575638168,0.2931475835412931,0.3104189909147641,0.27017430755380145,0.320446894422176,0.2687341696080438,0.2855061023903353,0.3226618613136184,0.2614064260413459,0.3172151019668206,0.23212048408006575,0.3113487549832563,0.298485364399239,0.24556211219014348,0.33087673415097824,0.38810610721666133,0.22532902827671106,0.3157114060598204,0.27946993280022675,0.31675368222129296,0.31256010683450425,0.25792509239874395,0.2128598598882682,0.3289103507867959,0.3452271882154041,0.32690696250508605,0.3921950778775342,0.25599742783525353,0.37059061103617796,0.3100591414738562,0.2998937701759549,0.29156894381285947,0.2837393235919659,0.31761622691931957,0.2822579153552328,0.19837619948206972,0.33027603256956994,0.3377850522439059,0.3352158173606033,0.2624522273760704,0.34092612803775774,0.3016509917642716,0.29539268443427097,0.28628769551861755,0.330340598900632,0.29541796611159926,0.34927666148544684,0.2699048498347591,0.30242055437075815,0.2962849163200262
0.28239910941097024,0.23930234033235953,0.3052057954972629,0.23582492947785544,0.0,0.2201144856464198,0.3271975009161841,0.23076284077843276,0.23885493364202148,0.26258392532269914,0.2840977261071508,0.2552964558417904,0.243133073825187,0.21754264752059876,0.2925653977884901,0.2988917524053201,0.2947736617543136,0.3123719565530569,0.25242799076239253,0.24764118195441265,0.30168705175038546,0.2924001409962452,0.30470746287321127,0.26403944364561244,0.2626034011017342,0.25142225392168,0.22461495718350455,0.24087000407123402,0.22593394429275027,0.28210088016654034,0.25253659198647316,0.24331862310237518,0.23776081195585114,0.22685590278318618,0.27043776860700064,0.2502547840903674,0.260346837735591,0.2629341706965004,0.2750013214497092,0.2660286010808562,0.2741956795451057,0.273203719627995,0.2894443104409474,0.28554145330195824,0.22447707434755393,0.2767559092332961,0.29679946492999787,0.275043960334274,0.32617218574887386,0.27754615338587224,0.29675940272873313,0.2673713793365835,0.24658554971700267,0.24343799492393575,0.24461669679657527,0.21305515508012918,0.2636373451877641,0.31421609326580474,0.26502467106091077,0.24564193045744373,0.2000762186049358,0.20497874834769955,0.25425483627476136,0.22964936854256354,0.25353649414543616,0.21584430882945854,0.22183930615838535,0.2803813402473815,0.2641105614462799,0.27202943732605755,0.2866304518380656,0.23145483573917808,0.21081544863521662,0.2823633555506868,0.23958990041049832,0.22158385506008652,0.26130965799019584,0.35443160589998945,0.24788881045157218,0.21141669440485245,0.25786274571810164,0.28198420739505,0.301110232659704,0.20936147893020507,0.23360142924056057,0.2594037065614709,0.21288385764724135,0.2530568493942608,0.23588357183160258,0.2064012514779378,0.37479730654498317,0.2544135977411451,0.32357876960559073,0.21692398866074003,0.26447697064274245,0.2419689560283189,0.18228411750992346,0.22433315917722899,0.20594383050897194,0.2299189989818021,0.20562841960699324,0.2300399463380847,0.2413941172884346,0.26004171993182174,0.2273432128307443,0.2802279019744841,0.229822230983694,0.27498092632805876,0.29764232483587066,0.2555056066598762,0.2684935312152622,0.2612813058723492,0.214040156659556,0.24652774401189648,0.23338555969222397,0.2584755127039549,0.23549114905853646,0.29707024290401624,0.23819523742075008,0.22792583921363943,0.3324161657841345,0.22763172555823713,0.20739197525568367,0.3343168851455231,0.21340873469446558,0.2521200905891414,0.21768301175901172,0.23409952857732386,0.22845726447190814,0.252408872343868,0.2186137586098146,0.2589239534517198,0.19307141195881775,0.23476370675070993,0.23756375555822132,0.26288042321190547,0.24688209115190618,0.27542542452340046,0.25576398481789725,0.31578874460321205,0.2145201840969441,0.23076299093434846,0.2835078067121747,0.24321867536399344,0.26542938549387296,0.261090696701428,0.29646483966397696,0.2997695816364427,0.26104408069333557,0.18107614797723004,0.23600108095061967,0.2536759666487314,0.2958228585991337,0.2680728256718433,0.2976367851180812,0.2605148989429201,0.2269875036368911,0.29276020722264756,0.21184553001530984,0.23517004368620723,0.24237047213811777,0.22462752234623462,0.2476559888585835,0.3462789088376272
0.33326997232283956,0.3474568241361674,0.32788982017852947,0.25822400098226955,0.2201144856464198,0.0,0.26176136350036044,0.30318262456504297,0.27688202025971764,0.2820225318151026,0.31701030610703196,0.3666801115506538,0.38022780860635946,0.22264758680251862,0.2570432152049681,0.34958998064208185,0.32125506795582676,0.23347727650305955,0.30268441537806046,0.32050934012535914,0.31901032877698327,0.3100879415956725,0.22863024865847617,0.2568108814547205,0.33298525861595374,0.2611296345878132,0.21831392597590896,0.27967290402976464,0.26425458306662347,0.26001204013763435,0.30997616294935276,0.4182817077328722,0.2778981060145781,0.30872294884809537,0.2736612885159524,0.2515287503361885,0.33788871783832247,0.2713439913185142,0.2819146735486336,0.25129162023490065,0.2619064469679575,0.3243045467211882,0.25581801680354854,0.31572143377514233,0.3021277637810905,0.2741175911354904,0.2719665296073592,0.28456583634960064,0.25534639626306965,0.2819689844060875,0.29950463920535,0.34677476680653224,0.24356073886494034,0.296747973400523,0.2787147252976395,0.343476190134263,0.29312055191230363,0.36847125397283326,0.22463453071985662,0.25760189005156986,0.31792887621227883,0.24601693179121537,0.32063416219760144,0.2069347356226249,0.2364885409935697,0.27740927816544514,0.2872171753400961,0.3073383385058973,0.2205679608860776,0.2728765800808158,0.32212919240950777,0.2177493115381592,0.3010422562284665,0.31454482381083704,0.34105698619702085,0.27755308672386947,0.2919590907807774,0.2714258847337232,0.2490821619333694,0.297043293701059,0.3464343182748219,0.2871224563091857,0.2912244806085408,0.2974394390211485,0.2809438763340132,0.3338811635255272,0.3139741839328136,0.24359441400286425,0.3101467388210821,0.2891960868896688,0.28153023070678795,0.30077765491297676,0.28044340493697684,0.2896530259425887,0.25149716827733753,0.33009683081050917,0.26064487878288745,0.3494500517662745,0.2098479371118729,0.299535810307954,0.22990039793326222,0.24635619404525388,0.23071946388494116,0.24288012134537956,0.27602563668288593,0.34504050542551895,0.29457231798854583,0.3033292763960984,0.2526731555084842,0.33462828155009683,0.32759711535422825,0.251584861765837,0.36141945866544256,0.266073028100423,0.26091226884586016,0.3376291799414352,0.3076981229442355,0.2512936578963248,0.3544802741339804,0.2466044703461283,0.2584425393601163,0.24861389755050864,0.33039320568446584,0.3226550409230671,0.2679240615505479,0.3242654666191254,0.27789593536097756,0.26601638357978696,0.2932926989774677,0.22784017874560064,0.2904918039935374,0.3809635824239292,0.26581397377698285,0.31059894302140445,0.28166861026119183,0.24645958743540727,0.30865232519936125,0.23572758647356698,0.22993988126562737,0.25927852271727947,0.23682808065445027,0.3027578573611435,0.28807165984895666,0.269315388020045,0.29940455930836946,0.29453392527511574,0.34369548308248254,0.28374115850047404,0.3155140800325117,0.21053982846236155,0.2785076047077459,0.2565222894363959,0.23265051349079696,0.23758601699154022,0.3210152885722324,0.2899555392120091,0.2926055404165678,0.34246545348390833,0.22664962987645193,0.31208647481806656,0.22937906522590124,0.30583991080274986,0.23033729614810905,0.3043058035352141
0.3144984588113363,0.34041189139248756,0.31861847077781724,0.3326689226426839,0.3271975009161841,0.26176136350036044,0.0,0.2778956453956506,0.2603567177087944,0.35048868721356186,0.3062733380797371,0.3509309235207281,0.3129335743698296,0.2573661631069888,0.4574412208789843,0.27570318590357384,0.29731767025592265,0.35195748513347447,0.3048650297831433,0.26117598798121094,0.3260309415397955,0.3682531593739779,0.44297176016559026,0.35671848161258707,0.3420564626443822,0.30508776157470013,0.26559770446239156,0.27045107954229985,0.30033000022011025,0.26446895043394364,0.3111688143524483,0.2772391617601307,0.35896181748670736,0.28651058583687306,0.2702886017320728,0.2594796456447631,0.3422934623275531,0.2752754834226115,0.3144378761492444,0.37925708941896474,0.3748096339416616,0.31696170663102047,0.3255381757288277,0.31615259722602135,0.3251200002936821,0.36273480266392716,0.3102499219826866,0.26753210899391416,0.4353746500400605,0.2708590657210489,0.3528216150109785,0.29607128204070426,0.269067229694681,0.3346320642668876,0.31189695142084467,0.27442060352328185,0.30169315680748005,0.2974768421910296,0.340187179252817,0.2788310237046448,0.23669052350295283,0.21825483041339178,0.26554782950134387,0.2381206843048219,0.2805709570236076,0.2526842814506437,0.3041194051664077,0.34123394023343306,0.28128345961057916,0.2910860620864741,0.34681940749062,0.261304551616461,0.21736928687407908,0.35457555659451406,0.24440658762568168,0.27064668579763956,0.3222834354227908,0.3773799827760446,0.2959823782465873,0.21907737109659828,0.3042116235400672,0.33091391157516253,0.3496622815674308,0.2312499459302543,0.26265970731552046,0.33232577758554166,0.23732514615227,0.2771893866525024,0.29193906868144565,0.2696255329022904,0.33687057593262415,0.3355699873350688,0.32108535968796315,0.26125908635848205,0.2994095512687019,0.34439219170846014,0.20982226650525315,0.3114484069524711,0.22177716736928765,0.30287906138754406,0.24855221348911355,0.27435850874905277,0.2773935088627219,0.34678199432117063,0.24381161359776513,0.3428862806611191,0.25878496296343434,0.3272722767826665,0.4167127023792218,0.33100872712471324,0.35509250991432273,0.2795601879492722,0.24184287491530362,0.2509765631288027,0.28741592495404367,0.3301067691018163,0.2838710558765953,0.3174221558815341,0.27420323533727364,0.23720686065241894,0.30505993070630405,0.24830232620189555,0.23755090731663986,0.4107588988285963,0.2266747512615667,0.36325136138586483,0.22422833491947178,0.31247661581535896,0.27048631608111934,0.3389175355308227,0.23974386973060555,0.25283978316003897,0.21658938397291308,0.2520903296669994,0.2621619339295133,0.2979508838778852,0.29852822084851743,0.35356501672642177,0.3294311878729944,0.35134958979572695,0.30727174929022044,0.2455817657447449,0.33334012053478906,0.24960156889151053,0.3188498118835211,0.3506703474219967,0.33183287374556664,0.3980227652101591,0.31842452421737494,0.18613295262668864,0.2736408523749126,0.3164394964911616,0.29229644709475594,0.35627290683011686,0.4115873129159501,0.34093044310513465,0.3179022206182275,0.36846571666326955,0.28383850973016744,0.27160057501599005,0.33829388174704145,0.2604539728534979,0.2908035788465335,0.3431407051795147
0.326386881818781,0.3664207628893362,0.3176070762737159,0.3129951212010231,0.23076284077843276,0.30318262456504297,0.2778956453956506,0.0,0.3372433548578079,0.3694316424886157,0.2766129445570645,0.3549661384487999,0.350395751672922,0.24882494235770344,0.2922944579189293,0.33281059439990696,0.3338093840229231,0.3077176894263325,0.2976286481370967,0.33401125187744707,0.30196241532892726,0.2814100517762742,0.3048587625615576,0.24311111787126732,0.3492490948394179,0.2717657219012155,0.30203547302990214,0.34116395802830674,0.2301818714683553,0.2568540950037456,0.39762773914806826,0.3371387057570861,0.30103533681747063,0.3403637198428616,0.2955494091478041,0.3042626227834469,0.3275845355433392,0.3334691754311623,0.3163557011810302,0.29289896605705307,0.2743450794002448,0.30254789359263135,0.28034629715322296,0.2634533582479742,0.42951403857738996,0.35439698418105375,0.2728898010567454,0.24740541922901568,0.3210347648689443,0.2969367608286035,0.31213149328923273,0.29452369405893064,0.28437651696522254,0.29457066268901505,0.30464731552573254,0.30017699110364465,0.31661776908198463,0.35066195438516423,0.31108977082032413,0.30197458718975817,0.3824050432746401,0.23140433478107444,0.3026018133352231,0.25088553533976793,0.2555512548736153,0.29126405248938303,0.33455640101952583,0.28346437895631604,0.3061196956395939,0.4126330000966474,0.3153508167200674,0.2706359275486587,0.2857579380341688,0.3583499818903481,0.37491639996513865,0.2844423025313827,0.3419802075156788,0.2800359222571402,0.36002874194473017,0.19895517464568543,0.26312186428332757,0.32465564218155385,0.3138645581368033,0.3161113112997306,0.32357559612549164,0.4427391166822393,0.3608734871101999,0.31605008765235326,0.4076471883968681,0.3156112577261679,0.2874597274400094,0.30877794889944876,0.28683730704729227,0.27694979290014926,0.3341247637670313,0.3303198700857229,0.281872954497945,0.359038388495151,0.22062049778174808,0.3773025283475115,0.24370102429577548,0.33750153423442436,0.26658976005635443,0.30775865443096984,0.3218390175024608,0.3665604922370882,0.3201541688206929,0.3792119760985227,0.2979066479118658,0.287421818001511,0.27852829953633224,0.2941600470374631,0.3182512728226426,0.32543451786234756,0.3030679078366666,0.3367340491104716,0.33623362331391776,0.2743676539266466,0.27010805313011615,0.28190165966871683,0.2631654903665735,0.35893514821027694,0.25814559644305696,0.31995653737175933,0.23344826705105498,0.29882471581389886,0.2684575113493994,0.3254354935272164,0.31550279897342354,0.29220538968432513,0.32338553334284426,0.2986859598511927,0.29280708503416275,0.28516388958828054,0.2828487152315451,0.2320261138231818,0.2836972612998175,0.27099099094290446,0.31152301846315283,0.3142735698232813,0.26388705953861696,0.2559975688872742,0.38222988916705514,0.3059406980707405,0.3019174023802516,0.35770927801588054,0.3565254622595833,0.30200258029800037,0.36702798953704663,0.20276818020468784,0.3282948726069083,0.31099581163065637,0.28107466177103574,0.27256622204920417,0.3596117223273625,0.34662968723098475,0.2608963701997109,0.3369567349071297,0.23607857816174896,0.2839272820462639,0.27550898195046397,0.27401932867531237,0.26952372863155183,0.27958064228213275
0.38037419135492617,0.2961016012926954,0.26309635538070225,0.24615653756278644,0.23885493364202148,0.27688202025971764,0.2603567177087944,0.3372433548578079,0.0,0.2912105470489353,0.2524466956757422,0.31370741757415976,0.2784027696599614,0.2674185838957423,0.26109415485248033,0.2810885970143737,0.2770564081594033,0.3243740788516637,0.28266157278149284,0.3484188472431935,0.2625948715492404,0.29527309522069506,0.2649919749627837,0.22532378123213057,0.318218560041885,0.23384895236372025,0.280015772910523,0.2990674963536349,0.21273275115685067,0.3412083097126404,0.3898147643479315,0.32851342687846785,0.24776469123597544,0.28322771640169603,0.31282935653774413,0.2503656963416607,0.2752064584063005,0.32027556290558823,0.26066395602752596,0.2484905467293234,0.23041828058467428,0.36603802994098456,0.26475859313133643,0.2627279347470112,0.3102826233947164,0.2907864593929221,0.2660845094691896,0.2272111575997306,0.29431480626203177,0.28644472960504525,0.2716730077778443,0.26065474190370036,0.2683202570535872,0.2514974510476539,0.25195222655651184,0.3479080688972706,0.3080665127180412,0.3031268163701637,0.27891279976900585,0.25044835881814825,0.24795224642716981,0.2400681385689472,0.2677938792286159,0.258116691558498,0.28738007254217257,0.2789886728411249,0.2995112432212628,0.27192895655283433,0.27649358413718395,0.3140484013567957,0.3283752212319687,0.2758877865281891,0.32184687568165515,0.27249583292257423,0.325120369789992,0.2987990717656085,0.24569467020528535,0.23296598993023407,0.2846059961199311,0.20710989976792984,0.25913178925673414,0.3576389584764761,0.33006111455699444,0.2500097416813979,0.31361118785507563,0.3648991154965087,0.30066462567260693,0.34266128292685777,0.3281756985803235,0.3429110185497619,0.30482748718941194,0.3505502517782179,0.2636062947948445,0.27390437197774764,0.3200198676258313,0.3093181508112103,0.2770352436577619,0.3360225519991586,0.2702063573211869,0.2896777168913843,0.24956964390691883,0.2464585297671187,0.285009461082022,0.2698929130340088,0.3295284916701853,0.28494254354348625,0.2476782341613644,0.32173243202723084,0.2524234090404087,0.24179486081710616,0.2564162976753,0.3185789859175672,0.28947892139252857,0.3424177390514559,0.2651945792049478,0.29576183080166885,0.32807606043199594,0.28291322446051936,0.22164590740908757,0.28706628770016585,0.26431963809792564,0.26020184678738784,0.26437747061366357,0.29321570517328277,0.3116425892370715,0.25069411734771585,0.2573173699977485,0.2477471987704293,0.2410112010089617,0.2805394675479859,0.42199587370027414,0.2987812997836723,0.25177679639539297,0.33095466043829236,0.25645794468891187,0.25243206540352353,0.3008760964296218,0.25298963208365005,0.2864902176707587,0.3124019609375736,0.25060442256205506,0.27646117221931904,0.33064179121003734,0.3272136351467076,0.2806791734361367,0.37074002571999176,0.37948246879699893,0.24763856862286365,0.3437579753384999,0.20606598787026179,0.3380467782684498,0.2929002507131313,0.2730154223627918,0.25502069256869875,0.29192808407868204,0.3097669222337551,0.2379657547103061,0.2829641338957805,0.2502930703719496,0.2750187600190015,0.23322826561917878,0.3192234239860999,0.28924019641824766,0.2979101312078641
0.32537445936779347,0.41340597055108486,0.372465898813199,0.30751800270853946,0.26258392532269914,0.2820225318151026,0.35048868721356186,0.3694316424886157,0.2912105470489353,0.0,0.28753789599137153,0.30769891619259276,0.32804741756965644,0.2731642960272748,0.29931945672475874,0.3027900899112029,0.3117656221212331,0.3707937161023049,0.29667493234667075,0.2877996817294059,0.2972169476889799,0.31557746694083294,0.4125464462036579,0.2781543096021049,0.4487411400226088,0.2674769923464582,0.2851382020056674,0.33845683412121425,0.30908403048786426,0.25539186920309154,0.33047483674593364,0.3145074633024788,0.26392345698803304,0.3067535962379314,0.288872086859985,0.2597482341154792,0.32948610547467316,0.29948380509245537,0.25364009878795973,0.3175087994991804,0.2619977618055999,0.34061283739496573,0.2658991187384172,0.2588086293114702,0.33791100720554107,0.3230786873709149,0.27788502431532025,0.25035096384701555,0.4380054278857972,0.2475004797772077,0.2824499612667512,0.27454469212503646,0.2634695227357985,0.29182528780177774,0.29384439385913785,0.3215832464818237,0.2885327384278143,0.2727674658148672,0.3480804127875084,0.2733520890563516,0.29354385969819097,0.21190126197038134,0.2547160392463244,0.23849166427796062,0.2602827303567178,0.2752013465705345,0.30102229382836804,0.31534270079425475,0.3261712906401931,0.3749563425898296,0.29065221572095906,0.2866592914442416,0.24974198111558832,0.35465389127175945,0.3087952234014711,0.30067129548027666,0.29654648623769664,0.31997791268850556,0.28704126407825536,0.2220987725257815,0.30864372993343886,0.301434983065044,0.37021276860448654,0.30373283977498233,0.27985120250395895,0.3955012339199886,0.27798914632621313,0.2846914340089709,0.35496344947642433,0.29347017934215597,0.2772765215313793,0.28162376498769215,0.2776393946332399,0.2600860617528975,0.3226287654078502,0.35641392255592746,0.2125795282992881,0.33731281313280204,0.22094614974507137,0.3407382104395042,0.25755193729021414,0.26838332558251726,0.26295236805939287,0.3731624166158483,0.248522099425867,0.3093450456282387,0.26155251423883785,0.49315564396939704,0.30304498189692886,0.3285095079394038,0.28897547065596185,0.2649974362879025,0.28856520807871844,0.30121464174120116,0.28375212595226523,0.3409768294350059,0.3296395372651544,0.3329999835603684,0.29604887925140994,0.284447407904428,0.2590538304471671,0.26798965474117004,0.24815320530945556,0.3513452749117503,0.23651200319442825,0.34074660727421446,0.24891382025389233,0.25920595606458446,0.33132699337437166,0.30244689484468895,0.33374278161865134,0.2707396031224577,0.26121907141388284,0.2627881986794197,0.2731728146241857,0.2558399333428027,0.29854043824591076,0.2869882458427124,0.3415437957509432,0.3115392991850992,0.295945532832088,0.27097067439927747,0.3354420311636768,0.2513952380656835,0.30770665851606227,0.35248435191405614,0.2851506442623495,0.37439031941807305,0.4788856723440665,0.20489181647931579,0.2713400586133653,0.3371189691561348,0.27324991730169845,0.3063363861592292,0.36905428885690783,0.34211219936731535,0.2780077888950164,0.3868749925396552,0.2598925189884613,0.29611128185045044,0.4008047465145604,0.2926886825050468,0.3048822840564123,0.29932635026023874
0.36872722034595007,0.3062022359545625,0.37949931053534225,0.32365628478759245,0.2840977261071508,0.31701030610703196,0.3062733380797371,0.2766129445570645,0.2524466956757422,0.28753789599137153,0.0,0.3049182476486993,0.388486869379166,0.2707436265336602,0.29903149706450877,0.3797750660960866,0.3847490441455008,0.34871992618777325,0.3022262929529355,0.3128471723716129,0.3632834521964013,0.39874159744163445,0.2777925286092572,0.30477606882384084,0.32026018434124404,0.3469912813095301,0.23770207138031504,0.346686952089727,0.316087555545946,0.25172489596920805,0.26520354500794957,0.32049990968847747,0.2952723806682674,0.25868201748435987,0.30050141767513333,0.28246122917112354,0.3820540784268082,0.31911429634006705,0.3398656688064756,0.32447331699888765,0.3081216519594749,0.29625080531564446,0.32301636221033403,0.3705066867541644,0.3008309819053178,0.3132757557252898,0.22712704168371586,0.40535319280672244,0.3602759198303489,0.2930120650110375,0.3786251230995897,0.3231538904196465,0.2555345885758103,0.38537826048771406,0.3519972195149441,0.23362431327706784,0.3441893165494717,0.3467904864011008,0.32197083204709276,0.28613345617771424,0.34439309805268237,0.21211428364253146,0.36078243818148836,0.23048523820675104,0.2520995500432987,0.30487775029095554,0.34724877266609,0.33765898517787857,0.3431541567186666,0.3191703771828105,0.3817022421738692,0.24676963084064757,0.3008521993488602,0.4245624650546983,0.34390859519401407,0.2680527334259649,0.4069659011398969,0.29369717458541006,0.30044084131228715,0.23917218542892468,0.3420717054161706,0.28435684375563985,0.3075276795312781,0.32386509592683443,0.26796962512629563,0.3152451438620478,0.2947874608157872,0.27355379772033056,0.2522314101963347,0.258531818267748,0.3913489675327664,0.22596753984721563,0.3428425884614246,0.30101899927672326,0.30487425845153693,0.30553550426963355,0.23044249163280167,0.23454839381294132,0.1991162005708073,0.2809672836294465,0.26976360769090685,0.2851879964369027,0.25123819704665373,0.24421031848423988,0.27443469230878376,0.29884017245340294,0.2809040395944587,0.3053569413903581,0.2965807747533566,0.3426556197116078,0.3872981541803273,0.26974720827396703,0.3223672711466578,0.27690571168448147,0.306844528656001,0.31434385477118776,0.2729426617632145,0.3149498784166881,0.35763620616427116,0.24062357985017788,0.3160540785839248,0.2421893474407383,0.2817646033491993,0.3742012561377586,0.24436422507816702,0.3679965587213697,0.2235925773259305,0.2710523400356766,0.3011583293394168,0.2996168000517264,0.22096338826108863,0.354723262678451,0.28571765239818625,0.29446103299389104,0.37203433709938,0.29790399917292176,0.2890223962203224,0.28232195361441126,0.31027565413642877,0.30642016546351836,0.3262706868162776,0.2820638723193624,0.27315389211703145,0.2696595255164445,0.37028241041005655,0.25876855617568817,0.2962562552198206,0.31626841401547034,0.2910249310367446,0.1992142307793754,0.35036817841233664,0.2796901704356444,0.3527856437867895,0.25845756497862105,0.31021267939217073,0.3412547725190386,0.3315823001798117,0.32596024091480685,0.2781026975188908,0.2904013917148653,0.2854055854068684,0.28837985321689846,0.2344540180338225,0.45253068846757255
0.3271787257739297,0.3584842823523729,0.33547937743985745,0.2920772272121813,0.2552964558417904,0.3666801115506538,0.3509309235207281,0.3549661384487999,0.31370741757415976,0.30769891619259276,0.3049182476486993,0.0,0.2940125859392968,0.2076796131015379,0.31735264132402685,0.3244324470569228,0.3378886043608084,0.2702320338284318,0.36124974331518384,0.31316151176618207,0.3814723316440028,0.3259014627696936,0.2863682477672,0.28935661769288645,0.35914775126924514,0.275582512387729,0.24649917850754022,0.273874819949793,0.25377663806840167,0.3246470639987263,0.35889574841980215,0.34034012467906943,0.3211372409094136,0.32770144789992056,0.2565129425427528,0.2870345602019416,0.32899162093080525,0.29277947224238615,0.37581687964643523,0.2941529338566578,0.32171097521222913,0.33162306554414095,0.32375793421747784,0.3308260930457179,0.3194058247832249,0.3486444050788849,0.35512357772773245,0.28072434525682044,0.3109350045624735,0.3223627723802466,0.39702022105179485,0.3643512202469998,0.26839055666335965,0.35700041612477906,0.32974327507645895,0.2965644306202843,0.36420540293678627,0.4061600341604673,0.2583679672150299,0.287690520230033,0.2612939571035285,0.23306238863412423,0.3340878069312141,0.2282366806957138,0.2693475813479819,0.2893302180688909,0.2656975187583127,0.29603330220071633,0.25372695930408395,0.27451351396042295,0.34236026290617333,0.2296997304004416,0.2515414345357217,0.33853596841283745,0.3162104609681693,0.2679451388052734,0.31285481717505503,0.3143011103895351,0.30364088492972724,0.2146485620560443,0.2867761455547095,0.34657021609568134,0.3497204699465981,0.2354345060691845,0.3037522931398369,0.3627722627989615,0.2556897538112872,0.2926389735442133,0.32099085460811294,0.2937464615356188,0.34462193521618295,0.3218189793365224,0.3204890099034941,0.30135545363602223,0.27995951838465954,0.4022119672947062,0.24749321289878787,0.3338122406491121,0.20977758991786966,0.2919675703670412,0.2176555039301054,0.2842122729190513,0.2794355990811189,0.33383415774284486,0.2836813021152726,0.3697119179812679,0.3351413710113702,0.3067655126423089,0.31349733406668784,0.3501026744753378,0.41244059940376393,0.3029625916248549,0.28097736942771206,0.27767732855354443,0.2814309450779966,0.3423050715200772,0.29567839832833775,0.3263334707436683,0.31378623567016073,0.23408197031076364,0.2785598864733862,0.26482549197241306,0.25859243740677096,0.36162922814213,0.21409225862716047,0.363397760721372,0.2524366793790024,0.33540876584036206,0.3024462626723528,0.2728816214529223,0.27449455170702547,0.3191983717587765,0.21464488609564733,0.2880761670313998,0.27844219538592035,0.24854426571862884,0.3451934764603515,0.2748670995114007,0.266338973899762,0.336582873315441,0.23745253937398111,0.26213056764365533,0.3493616946254064,0.2934127400514188,0.32161660005005577,0.39627928572570686,0.5034804892812019,0.3126333778371484,0.3667100343415251,0.19952118699979002,0.3024504229672594,0.3014335672702846,0.2921774293818485,0.3145471968222079,0.40675410483489743,0.28397509076332567,0.26898724045436645,0.3717526466672894,0.21927758405266232,0.28792460246285734,0.23169030621493372,0.25449733679835035,0.2434000183702565,0.3110113748042058
