0,1,2,3,4,5,6,7,8,9,10,11,12,13,14,15,16,17,18,19,20,21,22,23,24,25,26,27,28,29,30,31,32,33,34,35,36,37,38,39,40,41,42,43,44,45,46,47,48,49,50,51,52,53,54,55,56,57,58,59,60,61,62,63,64,65,66,67,68,69,70,71,72,73,74,75,76,77,78,79,80,81,82,83,84,85,86,87,88,89,90,91,92,93,94,95,96,97,98,99,100,101,102,103,104,105,106,107,108,109,110,111,112,113,114,115,116,117,118,119,120,121,122,123,124,125,126,127,128,129,130,131,132,133,134,135,136,137,138,139,140,141,142,143,144,145,146,147,148,149,150,151,152,153,154,155,156,157,158,159,160,161,162,163
0.0,0.3131756659040666,0.2747442357670748,0.2508193564420016,0.24860465100924412,0.27785785399552965,0.26495558321145474,0.283806707592086,0.32288415418911715,0.29573783897469974,0.2960672140123971,0.2743205785210061,0.38044118798172516,0.2653606353533801,0.3152915483934876,0.29475896493007475,0.3130234846905661,0.44877958273897334,0.31565907588227804,0.40443629876142717,0.3167667433476771,0.3157584610971132,0.29146623820852013,0.2722973918943446,0.37512447597277615,0.23804268353995037,0.25114190675672565,0.29537875468628905,0.24259594139617308,0.2614450497651886,0.3247628707761951,0.34868462809809686,0.2715889403423716,0.28606910868704694,0.35356311117347483,0.315056863831996,0.35565793485330693,0.346188458459479,0.24607617088618933,0.32646236185993105,0.2829442729059127,0.2943122758893867,0.32222549787649635,0.2929685921041779,0.3151961767131248,0.37289530743618626,0.25932042187681725,0.28168280710965926,0.37507319475780915,0.383345348843704,0.34414496279064616,0.2978071962628852,0.26454795687320337,0.27147652479542955,0.2882061327198272,0.28929662609768075,0.4215783354454529,0.28379605250496676,0.28803964374609653,0.36360736836100427,0.25936901272568036,0.2609241072643473,0.2912198645631546,0.2458302837990293,0.29964480797121895,0.3117954005868619,0.2845412314400609,0.29243639109823893,0.2836554433343676,0.3209256226862782,0.385721770300436,0.2940848940796629,0.29191183443651414,0.32500470950967014,0.329932229030894,0.3060194062375604,0.23198192050733468,0.24582674030720336,0.3046891323581902,0.21457387079121185,0.27031166572520554,0.36196739903835895,0.28421171259622935,0.2907874425311378,0.3245577116500354,0.38999901448526264,0.27981253610121953,0.325715372191919,0.34655500349980317,0.2705183852500715,0.3527815752540825,0.30124405421513595,0.3557677936362857,0.33169071387378346,0.314032510142828,0.27403363179829965,0.2175646766591591,0.2705399292262391,0.24461840842090538,0.3438869357137033,0.26772820373031764,0.24996234078237542,0.2583448129709898,0.2632612393392621,0.36198477573064725,0.3166259797021986,0.29248132905761764,0.30445501760488,0.3282463605942917,0.2898842802051333,0.2862811281517748,0.35303536754910303,0.32589460388511293,0.2578086080905734,0.3441954560017603,0.3166116763229025,0.3094276699326515,0.33428937846544826,0.23821237747712454,0.25945941032855174,0.2785500865610045,0.23510470451230656,0.3144173251317269,0.3515873089933501,0.2645430776593946,0.27928499592092243,0.25736403967862,0.24007837517347183,0.27862748288111866,0.3362510364638462,0.26046236894851826,0.2603342113277529,0.24229757733172516,0.30602053614621805,0.2905956013280107,0.261124519739164,0.29401037774015365,0.3299167749972437,0.30318918586293253,0.3694307377955845,0.2342738441011284,0.29122627587358924,0.34745794280706677,0.280898378004558,0.31615397530070194,0.32165175943345314,0.2935583999024218,0.2583198777375129,0.3602393958807296,0.20175642074141326,0.34787190613643687,0.2743294304433313,0.33579057819239877,0.22945123831467623,0.32948527188824506,0.3410055876861085,0.3038287576493202,0.274129302906355,0.25427696731851945,0.30232782557106697,0.2464126549794308,0.3214614611581245,0.22881791801498536,0.38368400797376223
0.3131756659040666,0.0,0.2794460858981122,0.2729747953439926,0.2197344835982239,0.321437157864385,0.28878345818742374,0.31538570534003957,0.26697487786206,0.3985266523368002,0.27097376771694043,0.29963300631509276,0.2939626703314397,0.2864719649668917,0.30387909636062277,0.24275302454823755,0.27994532566870867,0.2900901600590973,0.30693723380580074,0.29068708062468956,0.2878420173577609,0.3320409882130161,0.30267804053935843,0.2881578043740558,0.3422158573056744,0.21209753380435514,0.23591647316953737,0.27452524831561204,0.32885239228680324,0.22787451561415445,0.30996166194763425,0.2831183090000145,0.3133648237100415,0.2563565427924149,0.28910250164556406,0.2984000135030482,0.28078710570136844,0.28163827955479825,0.25487257082620307,0.31104296759941824,0.3259211774108024,0.3092425351307924,0.21745435963928003,0.24666971066411308,0.31871467387228064,0.27685185348122165,0.2524835434996741,0.23149854261721056,0.3088118005061287,0.27319140353241617,0.29134094197694027,0.267344452712676,0.2946661593527515,0.3214069946796331,0.282567637502662,0.33499704445939515,0.29721131919958654,0.25074042478952274,0.29795414317000996,0.33416998511343965,0.2924100815017279,0.2189650881758999,0.2349828156760081,0.21927078723991517,0.25190774241308095,0.2424534703653648,0.27332425192242815,0.2563463158465481,0.2341932144608777,0.28277620337452886,0.2735834973268891,0.26643644118076215,0.23754185706636138,0.30104531740532275,0.30112203257017905,0.2623081710067796,0.22199863907272735,0.2794532759540069,0.25147221470740516,0.2145121794225467,0.2636047268583159,0.2996910800735258,0.32278187832291483,0.2586304367637316,0.2706640570575741,0.39162473751733734,0.2408552080090573,0.2401087201938911,0.2657851544641132,0.3031869819955015,0.252058917504325,0.29830719734242306,0.29858591081314545,0.2881322612689988,0.30760912370351484,0.3205487770066292,0.22450250326264135,0.28891007870979535,0.22309867368000794,0.31116198222535224,0.2596381101455515,0.21296571346569165,0.2075307586643551,0.27325320717362106,0.26309125086624136,0.2528261689054125,0.24553116669225505,0.3423333785737362,0.30551977195936936,0.3539982220377933,0.26283722808732923,0.25345085687884444,0.29134605433012867,0.2307277480737425,0.29533857095226007,0.35756067081525783,0.2905021638066201,0.23385765319800655,0.2549596699645256,0.24944543115642906,0.24435820494809674,0.22973927104642894,0.293171104781718,0.3291196230917917,0.2533563618536269,0.32009867346843707,0.26125612470039966,0.26505516374065313,0.3240562300373249,0.2708043869958105,0.2885140127220191,0.24429681571508113,0.22662236495273058,0.29968964655337166,0.27127361263219313,0.23555921143446748,0.2600239059903095,0.29064772893253504,0.27008590057492965,0.27978401068811437,0.24411330055939048,0.2799859230584552,0.3820917154477093,0.2622968777754598,0.28206147530474696,0.25771378419647323,0.2981241867871209,0.27027770857257805,0.36143608790550524,0.20779081262788127,0.25344071073842156,0.30336275121999706,0.26308948914076685,0.2781515548843607,0.2963989666661723,0.3047488761468644,0.30237368259618486,0.28918025670394276,0.2567315982118211,0.24257530049687676,0.27129155591157733,0.3175289384683079,0.23756757979218115,0.28269353270527225
0.2747442357670748,0.2794460858981122,0.0,0.24023438928713592,0.2504853083229859,0.32257203283639696,0.23112170654816472,0.2721074293886313,0.22332945233289495,0.2995131183299426,0.31599776832408727,0.27114771643224644,0.34091266366606765,0.21943706925351414,0.2572164244432076,0.38003080829276237,0.3306667140136615,0.2636573366133481,0.22900850788386287,0.23099342078030213,0.33091535085831003,0.38783893508084255,0.2265124052428893,0.27661807252527415,0.265064242928028,0.27281667056802655,0.22859092746421095,0.25237937491705104,0.2393721717413872,0.2630083839601604,0.22346095985467462,0.2954465992609518,0.23336012585346996,0.21813801704089048,0.21254235130646754,0.2489819541508055,0.29788329668850155,0.2555713827947038,0.23712732824341407,0.28036231088918395,0.24635171048610943,0.28763729435862007,0.2452163618774497,0.2461750789738826,0.27279593807864544,0.27141330539796266,0.2540369279559978,0.2859779766527252,0.251271825550081,0.256524295694381,0.2952045703886573,0.2859256860043175,0.1952648494264273,0.28024090364294046,0.25390882938338616,0.23536795636076724,0.2533569739234641,0.3130357087586053,0.22475431610657728,0.2591062852917507,0.25241602499097426,0.21776439294424227,0.27543585106519136,0.18967171477747077,0.20386849211664806,0.2325848488964321,0.24745255821186904,0.31282783449167556,0.24989386404534622,0.26902865834246514,0.2956222668708275,0.1968261611939073,0.2345502607002733,0.383134757795441,0.29609543549354306,0.1936010953271705,0.27813690103561256,0.28226674622783376,0.21989707540524456,0.21239266244597313,0.2553149030234683,0.258840445181377,0.2971504527953974,0.24970310590795092,0.23591891435751577,0.30887602080182563,0.21927799618804344,0.20929328214030374,0.24355606853251016,0.22285433819844228,0.29182865742546715,0.20533871314661242,0.2715541392710508,0.20802653517239167,0.24127992387609037,0.2467225539716366,0.18781890099999227,0.22639266606844408,0.1786825322829741,0.26277199456512784,0.1928291670074891,0.2267878816465684,0.1902859663847762,0.22527205320064558,0.2370444550788587,0.33194824485234453,0.26115318965733375,0.2539593970243743,0.265357193077283,0.3188135455986833,0.2502914238295262,0.21947170928417103,0.2592663093977529,0.2197296043700094,0.23170921836601324,0.3306204179809647,0.20613340039545064,0.25779204523360316,0.26640785562580854,0.2193528881186465,0.25365364975606086,0.20552602931430664,0.22401630374953427,0.30341891107838775,0.1802896636422188,0.28927422389759605,0.23167410353728463,0.2746841378347747,0.2634351548115893,0.23611439758164324,0.23317257336971953,0.36010639278865897,0.19866042572753034,0.2112848665364418,0.24337052675612914,0.19439180016434815,0.2212015580525031,0.22627084199796751,0.241392741744921,0.24652105876408123,0.19123864274789618,0.24481407856733223,0.25528387453895934,0.2350605649734114,0.2513361843614342,0.20705436137943886,0.30609797596444843,0.26608060932553057,0.28327665093531407,0.1898162278424718,0.20914026788685752,0.18925700743523266,0.24542745104725308,0.2817051356499896,0.27184426298757264,0.25702043043046857,0.30408552635131675,0.3380255263243001,0.1767757307117821,0.24862980451446143,0.22973747882829065,0.19729376953819658,0.20192140806967257,0.2834313211566923
0.2508193564420016,0.2729747953439926,0.24023438928713592,0.0,0.19549392277547284,0.2579197921679712,0.2643560359129538,0.2545563601095054,0.2149679336245089,0.26239139167322173,0.2803116130587546,0.2546470141648434,0.2633961322781717,0.25117141180127106,0.27484756375894903,0.23213634975941938,0.2557810849525651,0.26229450589973313,0.2696077815236055,0.23405120315437059,0.27786175738716073,0.25112359987681576,0.2577505251877059,0.2222787490485256,0.28458277171501994,0.25551813425693454,0.25194812002738404,0.26523184936425387,0.24884767830995466,0.18213930745809281,0.25017349140976874,0.2532845507423869,0.3777827559413115,0.26567689692436797,0.25423073442895494,0.30584634866276716,0.2608993598703856,0.2719116665449689,0.25051796238828716,0.2868634092176983,0.2875096585892793,0.2408895684749574,0.2226704919870699,0.2695862863573279,0.272977530887773,0.26526127527444965,0.17118177058590486,0.24107340632011032,0.2630406588328581,0.25559196427746966,0.31918217214364203,0.27239657438267006,0.24029113955182285,0.35835116631538083,0.2956866509322034,0.2278281896518339,0.2808654172530636,0.25998272376998266,0.25924122043376696,0.30097882516644614,0.31069564233768066,0.23074506165766667,0.2541159968534808,0.19991679881885915,0.24530830866536985,0.2749681428552844,0.33742478799640263,0.21351573655407255,0.24572856844499544,0.2667572896277806,0.25105413390301534,0.22989180983226667,0.2691067168649907,0.3495727896189133,0.28628987538851963,0.21866018163005477,0.27932263854753114,0.24093990412852054,0.24960714682274296,0.1863119770061621,0.2310826711165365,0.316349935762975,0.21307979837887575,0.2627035639185372,0.30204353377389587,0.2683515699963166,0.27753258743924103,0.26603961954261285,0.2537192842024932,0.2405741123400904,0.2750132577195431,0.26360482436993327,0.24980846493435416,0.2485321231619907,0.298614939345417,0.2548876171812329,0.2141287894408089,0.26160648450016494,0.2120225907524538,0.2929993003830239,0.24851404177018804,0.2515397891065965,0.29495861957117464,0.25313929065540786,0.2718029245435634,0.23113903955200735,0.27067100611543254,0.2421719297543912,0.25572216170301754,0.2357875520446758,0.2995095762736369,0.2674676496622919,0.34528894708401375,0.2706811453703629,0.2763166864775866,0.24419759767058544,0.25155698093207624,0.21348071809823252,0.2792669680211961,0.2647298754119952,0.22332804288036417,0.2908722654482703,0.252536611202993,0.25984055448562127,0.2136963942240251,0.2680682721485539,0.27173265074459463,0.22469644120167406,0.29943052945681115,0.2728246666423015,0.2031300666456743,0.25310468534027775,0.26472108215386,0.28817829619340146,0.2763256514718413,0.19395453914143526,0.17379401731123395,0.2628572962959264,0.2673607357225857,0.271097395520683,0.3198031777301878,0.2475153979165087,0.31404639405886836,0.2748537482126276,0.2634976109740005,0.23733015266005114,0.23486225028606847,0.22655002550854964,0.2363932297136206,0.18453971011847778,0.28998436797227556,0.2534835300100291,0.2650262231896305,0.2086680781515808,0.29423092855416066,0.2774206764720921,0.26367201564058024,0.25105425773986517,0.316570675635218,0.25861396787382496,0.2505807692102196,0.24861800589542138,0.24904212520619287,0.25915531411719345
0.24860465100924412,0.2197344835982239,0.2504853083229859,0.19549392277547284,0.0,0.20407603052490478,0.2621499911729178,0.18261018449822103,0.20626171082559447,0.22123821169576044,0.2681940324012445,0.2168076052412148,0.21431943454274902,0.20708159712976626,0.2430155430222661,0.25023121106714147,0.24198121754783872,0.2415525061290586,0.19263136377554907,0.20686938768857935,0.2553188881853798,0.26224075318073964,0.2345881176182258,0.25069346255024477,0.2246888514331928,0.23105928665724576,0.1928839595187161,0.1910561340453373,0.21452043898630385,0.22960160010496158,0.22378376594137842,0.2076219705898246,0.1964369956959542,0.19767154447924556,0.26503047046500217,0.22999332420310573,0.24566926730416977,0.22039788829207033,0.23046605042974483,0.23511678600301483,0.22228341013097658,0.26150802352520874,0.22490234098855622,0.27777223262760037,0.1937755264031448,0.20354945154183327,0.23677301105178433,0.28675928403969314,0.2644307866226646,0.22477504141479554,0.24228855899028962,0.22408590798836323,0.18613876651246453,0.21504801279776603,0.22414907148225385,0.2050810688979108,0.21025266222214198,0.2574506178471697,0.20476477513636698,0.2051093035015649,0.1720884186559822,0.17816934933184567,0.20578630765649492,0.2034928886584438,0.20689711794833784,0.17252688688636805,0.20227690065907492,0.2383674881271081,0.19447113608736222,0.21799299442448786,0.24349290729991985,0.20875852139969175,0.19651405660972068,0.2278050005970593,0.19438870347592124,0.18643808146639818,0.21273394374639065,0.34944802859034424,0.18353969022070427,0.2040805292949795,0.2175570450115899,0.23198188238838255,0.2535828087035608,0.1789635506615914,0.20646103559275547,0.21353735358763706,0.19777087215553932,0.1969595375560699,0.18590943707858648,0.193259431724681,0.31334491963405814,0.22720591990926334,0.27120816297019845,0.18221316682619068,0.22791076415788708,0.21564598310618613,0.15095645705470948,0.19655418292517024,0.20582241427351655,0.19412665481278316,0.2004574835234444,0.17900355238716292,0.19169847590456068,0.19093706385326178,0.19804468675443898,0.21896078268998298,0.18116515067585265,0.2286787106638091,0.23874039587348214,0.24568317586782987,0.2388422252373332,0.23397755779309334,0.20498887454956283,0.2047576940505385,0.19634685277950759,0.22902454681428852,0.19064549409813134,0.23670911280424367,0.2073600829537498,0.21686715484179037,0.30785817652444036,0.17955347595797005,0.2037581250235986,0.2766409424292953,0.2097772856371967,0.21482959870092846,0.18676294062991677,0.22058957560279793,0.20542594648648174,0.21243678729724874,0.1935142208344666,0.2160914360529474,0.1726583701361384,0.22523459478166075,0.21175662052725092,0.21842224414294178,0.20818403733064264,0.2654959158845461,0.21251424191678964,0.23200183917540046,0.1713469295220265,0.23323095316924464,0.23592126531171964,0.2123456103873859,0.2541746786939903,0.21682923817419866,0.25973300835390095,0.21398433319790733,0.21875918605332278,0.17124279475753548,0.20655775007401747,0.1960338324858679,0.22991836278380232,0.21984641228991111,0.23240343215588355,0.2225957611205019,0.20414213123981317,0.25437551591896246,0.1990070661331025,0.20847585073304434,0.18841840532393936,0.20982165189525281,0.1932589568227152,0.31790625432433556
0.27785785399552965,0.321437157864385,0.32257203283639696,0.2579197921679712,0.20407603052490478,0.0,0.24208916568416958,0.27893379551959746,0.238513877106055,0.2749376318723267,0.28035694735333017,0.33245967228853784,0.3188283045085806,0.20009832519514265,0.28215297938492867,0.29885694850141514,0.29369093089650833,0.22022922485927285,0.28817789311384284,0.2469765970225842,0.31240060312198237,0.30489065577583474,0.20259564378543513,0.2334853862516748,0.2919420540907416,0.2232214575077254,0.20101407260138326,0.24157009218555553,0.24907578884041448,0.24298848328905634,0.26996120338709384,0.33848400139715595,0.29466579498681883,0.2332042719423686,0.22231952191821291,0.2434485960891477,0.28004078491112677,0.2395492146741291,0.24608419288267988,0.23749202493602434,0.27226798646827577,0.284935793547105,0.24460710701833896,0.2800982339516939,0.24718750045185137,0.25342278828772785,0.22921163186677065,0.24896094350487963,0.21847763883990767,0.2600513118897945,0.30479604764052,0.32887248576320716,0.21496605025961887,0.30718830538383074,0.25093862558417984,0.2794479455001918,0.27139718219960324,0.35916956920631676,0.20294404871210991,0.2499156266388274,0.2817516779061391,0.24872209639511272,0.30631962992835765,0.17196497810234485,0.2158158270101467,0.23785713850966833,0.2355593062348579,0.2818998872365766,0.2054745617779611,0.25841537965838957,0.2954762423906492,0.19201067153856777,0.22763827993033806,0.30533455096951584,0.3200065699672605,0.21351934741104509,0.25369107536269664,0.24497844469960103,0.2243715079695596,0.2473728915582099,0.313847932576891,0.2738669675003242,0.2854600674440203,0.25801533134781424,0.24775485486742346,0.28713261423575553,0.2507683855537916,0.22016725909754892,0.26951059730969235,0.2352030717607636,0.279504248860635,0.26584707248644057,0.27682250062429997,0.23200279771755256,0.2277939644990207,0.30123695374083315,0.2206152404409931,0.2724747609899383,0.1859368376030547,0.2681720748464267,0.20154767876055685,0.21832326608880376,0.21119232679944286,0.23118603118943903,0.2557276405654367,0.3167619257746321,0.2858477243890996,0.2620450987363821,0.24459261840573548,0.2900732150835453,0.28320858953104033,0.21543361014692708,0.30924400005309044,0.2346210322774384,0.24388352641128033,0.32020600163980645,0.2560922941669206,0.21803959256936178,0.30124799840372707,0.22982699729738718,0.2239385468567742,0.24307029398200303,0.24320630557243453,0.3236644403755192,0.2090280421374181,0.32081259132264417,0.2570339229781012,0.24745696457425312,0.26805658226864526,0.21454099680100877,0.2535033866014801,0.36379596280585236,0.2124109403726583,0.2502292049788421,0.23658944621352415,0.20753414711270668,0.24119043457292427,0.21603506301588837,0.20803476938431206,0.2508722078468777,0.22439947574242716,0.26291253865513936,0.2601184852686211,0.23589552874421943,0.25297374269779155,0.22773507371349738,0.3187307897768389,0.28861996900028625,0.26939124235276535,0.19619057225780162,0.23430661059369756,0.23613521437060456,0.21449612231811224,0.2320325772367459,0.3212642215208524,0.25620140863779467,0.27381467070535404,0.3480788635713756,0.20000716535736973,0.26677253423561503,0.21716508168193066,0.24717009658863115,0.21040828588829769,0.26597012167137907
0.26495558321145474,0.28878345818742374,0.23112170654816472,0.2643560359129538,0.2621499911729178,0.24208916568416958,0.0,0.20319727580104013,0.21408382951880234,0.2696686104883188,0.26980433713885255,0.29421770190984864,0.25925206238283094,0.24222369989924158,0.32107081950898675,0.22153767039166714,0.23720623158656629,0.2534730637292103,0.24049495645384403,0.20971611091522235,0.2571628821554698,0.2926161673232371,0.338114067233535,0.29684586246619366,0.28511771707313344,0.24778344728913695,0.2234121357138512,0.21233145075111315,0.2849763726288991,0.22503118753948512,0.255493276121928,0.2483706598811464,0.2812057850000578,0.253941433353844,0.24838982695660855,0.24731829230134028,0.3130233381849753,0.22055473367702608,0.25120396113606475,0.3167525266269141,0.2986130002126832,0.2823939138143057,0.24114874999580183,0.29872617042930716,0.2542015394169541,0.24641632305443853,0.2527641761224872,0.25084889204635463,0.3633854063239201,0.22576144479653984,0.2951546646292381,0.24261807535542387,0.2090395142780382,0.29149694485110866,0.29130165653025514,0.2609418938110276,0.23477104162823903,0.2480283731162182,0.26379926922893454,0.2374126084707568,0.19764397266958875,0.20449783000597607,0.20550948272987016,0.2146402812654323,0.21602692433118018,0.19287755867938458,0.2675651245156357,0.28326508307158077,0.20701855275036943,0.2223829957737897,0.2795223887225984,0.22165419468669845,0.20692529012408045,0.27734371473196096,0.19084122894038957,0.2295326117992938,0.270381027310085,0.3085779544983946,0.20371066692961332,0.2063897868284542,0.2420354046082221,0.2598934677868086,0.27119532467165663,0.18766284509067926,0.22196085421189196,0.24630923936931037,0.21273145769720328,0.2335851063694514,0.2219816335791918,0.23694361421373344,0.30068646564921964,0.33126471849393313,0.28340268567791943,0.2203516187042211,0.2545191514488363,0.3142837316194422,0.16935128145266815,0.27144521457748205,0.22026690851968317,0.2516696870331591,0.23918466526449256,0.21062620362422202,0.24835173889292747,0.2470986101128826,0.205069257050176,0.240091756481958,0.2020745450936254,0.254489459517968,0.30942655638788047,0.3036210997639673,0.34106010534937525,0.24146720318451387,0.23736747116370352,0.19959657601729114,0.22299653740190464,0.25779116867176466,0.2268712207641214,0.2572909967334386,0.2534773541503223,0.220644658552739,0.24763164679344146,0.20672050989557336,0.22984827118822043,0.3236713028854356,0.21633491794592066,0.2981717207374939,0.21028694892590286,0.26455215277431254,0.2377854136238585,0.24845330749105046,0.20098892732203158,0.19968376674714775,0.19306272972146854,0.23152966272909467,0.21790898725678104,0.2325904385760566,0.23447576068023415,0.2934390140507104,0.2433248213634347,0.26897774269162117,0.23182332866147398,0.24329561379284795,0.28279613234794854,0.2231326542135457,0.2844299316796723,0.28854015917981035,0.26373571996146467,0.26151864356367754,0.24625819892543258,0.1705964211635175,0.2334431503572591,0.24717171180761258,0.2328936496261804,0.29131463583226264,0.30770962132850593,0.2710903315179138,0.2735828180770824,0.2919302765859867,0.2734978656193573,0.25773240042841133,0.2334923871835898,0.24229767739515576,0.22960286538083546,0.2941992172473567
0.283806707592086,0.31538570534003957,0.2721074293886313,0.2545563601095054,0.18261018449822103,0.27893379551959746,0.20319727580104013,0.0,0.28320622330476036,0.30846564159452355,0.24682630010185044,0.26182178210567975,0.31552911548236734,0.22883519827793009,0.24760329889303315,0.2726427772407404,0.2631179209120314,0.2582036390035455,0.25439541045260644,0.2756926648317789,0.26384450894928163,0.246465437065156,0.2382579039036054,0.21665982096515018,0.3106964455632018,0.218421773494449,0.2652938791052042,0.28461350452773804,0.20689180412568847,0.221001713197169,0.3362414246906982,0.2833426148245245,0.2494567303149376,0.2561027605996119,0.25584909372908016,0.28184139301901223,0.29676786697738056,0.29188700242837184,0.2407344974448445,0.24977603104331447,0.2400715467683143,0.2571434278901777,0.24089607056549342,0.2164448731166186,0.36546393105336566,0.2730725334905756,0.20783903288671288,0.2251517482683553,0.2509020387358422,0.24905022620722236,0.2587187291586845,0.22991730787681167,0.21962928284833733,0.2423280953175176,0.24746689767275545,0.26923343166730607,0.25735039596149956,0.29664583374407494,0.2481144017668739,0.2723726215687273,0.3858297233567594,0.21717330791134226,0.25371385563521304,0.2053543460307233,0.20998648854290378,0.24625663038305715,0.28393499326253585,0.2412632762254213,0.25741587850891307,0.43337541520226874,0.26112798373215923,0.23333155925304697,0.2526281811074542,0.3041616578917084,0.3359765417410644,0.23401585713792972,0.2562408344730941,0.21477648480975708,0.28929419539887596,0.18371975540376453,0.2343157423916924,0.27690739104238965,0.260634840747422,0.31489509733651344,0.27771323257885877,0.3755825460241723,0.3868700404304134,0.25375155529641413,0.32515285047095993,0.2730055064308365,0.23533564038879887,0.2509500098820432,0.24182765164792297,0.2307864680209012,0.2664142349268992,0.2611308829252636,0.24502248449262023,0.2811308202951172,0.19660204514428511,0.3198165416322756,0.22915043732154364,0.29696744025391897,0.2237546105235596,0.25951183008774625,0.298701615570869,0.27876017384277574,0.26809629296561116,0.306859008613513,0.2437517068736888,0.25860390656145277,0.21980891662378177,0.24266852942500466,0.3037317530159887,0.26815550270000776,0.2595232854812511,0.29068998150118347,0.2727648214670019,0.21852052840622768,0.21831348677855567,0.24635666388244903,0.20745330999688547,0.3416181234056373,0.23900264213231212,0.2624500325940743,0.21577680159095905,0.2564744176172076,0.23955139847651158,0.2806785749081575,0.27454186390887547,0.23620696945608202,0.2960658713290183,0.2603511204443183,0.2839311848992694,0.2440778036828259,0.26772733063181714,0.18643579750620104,0.22407633164901838,0.22877561888201658,0.26575337069150545,0.2853630783648323,0.22829292279845292,0.2305424345921694,0.29885874720378836,0.2540964263041408,0.255923877337005,0.2421484473545352,0.2725233040905424,0.24129085998446523,0.3135680637586078,0.19327319932207485,0.3012518251708839,0.24054535668236202,0.23480232390184755,0.22568042388273885,0.30042988844238105,0.3318663499217005,0.26096543303288694,0.28284333673661766,0.2046500256589265,0.23630730746101808,0.23079729218351258,0.26002705761229145,0.23703293822005744,0.24402703764543748
0.32288415418911715,0.26697487786206,0.22332945233289495,0.2149679336245089,0.20626171082559447,0.238513877106055,0.21408382951880234,0.28320622330476036,0.0,0.24043843770659787,0.22574870080661097,0.24193923965520167,0.24265578292089912,0.27273086832844473,0.24407617222698283,0.23193755721291795,0.2245801365610986,0.2865240910012544,0.2343034229022013,0.29428323774208665,0.2294725850853201,0.2968147875802071,0.2185349908007293,0.207816727595059,0.270780906666007,0.19102335008419113,0.2660992579380383,0.24006521717990537,0.19877844518040552,0.28699231368066586,0.3390519597190629,0.25826341129011327,0.22595838364354517,0.2142568702972653,0.28935566233054616,0.2533780103387384,0.24820114608038918,0.31875664718701713,0.23240426392915522,0.21841900335354344,0.2146856295237302,0.2889702096138799,0.2271585775273566,0.2240089916156402,0.26930017293193753,0.23817527026540614,0.20635276114577045,0.20910102847263531,0.24109841034236448,0.2601443167109238,0.23544775860803147,0.20288687165321823,0.23594467660232415,0.2214517488959924,0.22301919774068243,0.30403912659368915,0.25762553394731896,0.24578813869493774,0.24031635050400962,0.23967290584487502,0.22958959952862065,0.23645870680652134,0.21019350880559473,0.23597935044357315,0.2511594190810306,0.22588828715192946,0.2758351804155583,0.2493349631027217,0.24246464758797348,0.2838944091574806,0.2896647868745528,0.25919516031425316,0.2801105701441937,0.23548093843441453,0.279209547068254,0.243156912636201,0.19647779911845525,0.1961867147715934,0.24129711931906395,0.18920863956599346,0.2192365629644809,0.35066527586806207,0.28413401432063046,0.23561444900343428,0.2716704040190779,0.3224160828513314,0.2666270623899735,0.29724635748207373,0.2723586715000595,0.33841460577309296,0.26446498962861353,0.31657624772556925,0.2438109413511952,0.22922319785926476,0.29817914786581845,0.2736482122213912,0.24648965921773702,0.2520058892774387,0.2736828759644255,0.24403944885655485,0.2721351936458795,0.20686196204932453,0.24111705597163122,0.23356863719745657,0.3110066370670372,0.23144379537258344,0.20733237872510316,0.2560088164291898,0.21965990442768618,0.2198961538398325,0.20073476200765067,0.2860437720145691,0.27351811116829966,0.30956924537649333,0.23404194862553354,0.2476749540828135,0.24156846891207673,0.24025126410543451,0.17917309101200185,0.2706341023151457,0.23605802010385804,0.24288845959177457,0.24110212599751374,0.24651025531382137,0.33200695223720833,0.21789103619071507,0.24742438661771007,0.22577829794737203,0.21098666728733884,0.25343942242454515,0.3659838318176856,0.24605329164198733,0.2517052096273874,0.3179839256001655,0.2524528462574893,0.21662140944616382,0.24087902220541985,0.23235982245854905,0.26221270152174225,0.30901514424993576,0.22742801922523231,0.25485302315945296,0.30003247864342625,0.31237306579349444,0.2532106568131828,0.2585869802919909,0.33173204973550446,0.21726161625194362,0.27803405753486243,0.19773337814229722,0.30246583644732045,0.24027022368928352,0.2523156766443313,0.22415041190996718,0.24857402821432356,0.3148512272724818,0.24250768818559781,0.23641506994067923,0.24273597787217724,0.22963550091448728,0.1947940331333701,0.2946843747885697,0.2738959284749164,0.2770834628041043
0.29573783897469974,0.3985266523368002,0.2995131183299426,0.26239139167322173,0.22123821169576044,0.2749376318723267,0.2696686104883188,0.30846564159452355,0.24043843770659787,0.0,0.24074826623337778,0.2459487911674679,0.30701407079921295,0.27262043706549866,0.2581024224542327,0.2543175808681498,0.28151981898788586,0.31208817866717603,0.25208932406538637,0.24987033957992788,0.2548253060251868,0.26144274112548976,0.33494467675273476,0.23652705196533894,0.3937708710167094,0.2161519865220329,0.262742120672443,0.28635268628551414,0.30460137755400923,0.22583601531006225,0.2908859742734346,0.29073285330876986,0.23347818653633706,0.25948475872381443,0.2764112503422356,0.26796777015404516,0.29677915965919155,0.2642133707793478,0.20505397697486735,0.2890511258016126,0.24102024388478008,0.3005598006665705,0.2260036780139769,0.2263721000847576,0.28809447949665,0.2675563303757612,0.2388083231899117,0.22868188250691385,0.3319876143021873,0.2288255021300247,0.26134523751364286,0.23234976293663573,0.23099836053734976,0.2561863253688312,0.2692482940730373,0.3235105660132235,0.24570434788667964,0.23555145967337934,0.289898335913147,0.27571004050516484,0.27707115846694275,0.2178659748453434,0.2118969526180679,0.215348251638851,0.22800127629329234,0.22962501785570646,0.2643560498415428,0.25984559979779887,0.2641011081239716,0.31457120838393976,0.24494527605133057,0.2714724755154593,0.23179391524772858,0.29758531956257844,0.27318048450768073,0.2697899428403821,0.22743734570302285,0.2822283875608984,0.23208489954756903,0.2208474094689829,0.2741027840283074,0.26593770381609205,0.29461762970702665,0.2787968740777244,0.26863950498746486,0.3176467367451156,0.2572100164366707,0.2579168185241765,0.3178901600518993,0.2512151354998588,0.24947430418370697,0.27173906792973407,0.27160346972501553,0.228957765512935,0.29014773640425323,0.29095501673945423,0.18353698577266608,0.29378375358488584,0.22206344807190195,0.3225088573318474,0.24707700285365844,0.228073302015958,0.2256385852069366,0.3013103442256539,0.24455012368672738,0.2596235453808177,0.24482387809923298,0.3915670295285289,0.2829248452377731,0.29746489145637023,0.23487729374555127,0.24290690053952135,0.30637332264557515,0.26302603053075174,0.25278473295907766,0.30552822682112296,0.28986123334160097,0.269247829974581,0.25765852889701135,0.279764527661825,0.21904089805235855,0.24490298972785515,0.2467927552906974,0.29408545632275984,0.2259419397622188,0.29526929488621223,0.2578869981800225,0.23281948978586195,0.31527863012914725,0.2647679194034901,0.3243845141471377,0.23272705952158806,0.2382344217712633,0.23222945421343988,0.23169822419450783,0.20790726665995427,0.2406542835287456,0.2725717560475229,0.27336769484927614,0.271927519501923,0.23344879585162873,0.27168711499249376,0.3272468932060389,0.23459425631669423,0.26601825472554314,0.2694558127156798,0.23023463311737746,0.2999659740754738,0.41046288212815013,0.2065764587460333,0.23171650556555215,0.2869988199039733,0.22890509136506382,0.27429970620945343,0.29369950569867254,0.29101506048507575,0.2527622217815257,0.31504998861538336,0.2440000052482575,0.27490365088295415,0.327748438423116,0.29759174547624584,0.26324263445415996,0.24815633905049897
0.2960672140123971,0.27097376771694043,0.31599776832408727,0.2803116130587546,0.2681940324012445,0.28035694735333017,0.26980433713885255,0.24682630010185044,0.22574870080661097,0.24074826623337778,0.0,0.3263460165998094,0.31188165271998025,0.2320992341900083,0.27573509919760003,0.3493666662911168,0.32924780439592305,0.28491524950139874,0.27371569724948286,0.24564713395404236,0.3408961170826314,0.3474168365067017,0.2585277059969089,0.2790104377045514,0.2863129874792161,0.31041352076401624,0.25119391440167876,0.2740034324641723,0.2863666816696444,0.2593762197724013,0.253948976119536,0.29161687925831625,0.26536857839834205,0.24120106128619817,0.25712790689941994,0.30908710526144817,0.34826548188639644,0.29802631653492306,0.329096146121754,0.29213890344015303,0.28355403800304735,0.2761056575710169,0.2862615646261866,0.3184690203404354,0.26869897149801775,0.26186543951958896,0.20135632294793654,0.3763903986170121,0.30480704703706907,0.26724719897247035,0.35484815429644767,0.268037289129137,0.2115560524256528,0.34197861791010487,0.3630650029610438,0.2090048996115913,0.3039624264634292,0.37707156321209556,0.24732118125132832,0.27940643698116546,0.26696972337602026,0.2072289026364452,0.30667149813989397,0.2127861456416877,0.20636772602679548,0.232221565357234,0.2725477362332348,0.2650513518574832,0.2704881198031902,0.2813556647957468,0.3046552406742434,0.2171847337733601,0.2513901108463577,0.35329550373063784,0.29553375255302494,0.2163772826609884,0.33998946632598315,0.2877025317267712,0.2465516275736472,0.2077818207713935,0.2535273696308077,0.2585649200562328,0.2622668775696019,0.2580969040707498,0.2525129606474597,0.2746503887796466,0.26350739479405394,0.2389386147563301,0.2283284001260177,0.23221705325326428,0.40473767906933805,0.2154422856182732,0.34924978657788486,0.24702257897676724,0.25667303576902745,0.2647947333400269,0.19794501337310139,0.20869898026734943,0.19929713502290078,0.24346037048880925,0.24368887562724648,0.2531021696526749,0.22824639074993702,0.2123432925406547,0.2658724513894015,0.25929853115371126,0.2504223966410424,0.25421264729075604,0.2636114418588247,0.31050882257549794,0.3519283014908244,0.2654023493763912,0.27134582046058675,0.2549937526177306,0.2735454013539202,0.29032287097680637,0.22762517856127962,0.2811666422781436,0.2684945571822129,0.23541364825076466,0.2909112324807339,0.2242489979079866,0.2471942825376535,0.33307630292271007,0.20741226650867664,0.33131951174297813,0.20853650025404205,0.2930127122745584,0.2715328758477833,0.24819079068494856,0.20355307441305834,0.3064853075848918,0.24619560642813276,0.27006763577251447,0.3091898210851461,0.2145347311623652,0.2339353132450003,0.26380237075705587,0.2688335004928904,0.2931489483117384,0.23229322122565624,0.2724876115077341,0.24591974429870722,0.2609762369493147,0.348474452238563,0.22821377380704636,0.282571773191336,0.249689252319329,0.24981650791636345,0.20683853437209082,0.30934456099242547,0.2271364263407461,0.3352714555972302,0.23727882908964792,0.28248984320075127,0.28272703980538605,0.29802671448271983,0.2879784938834432,0.22514276970750893,0.2617466363189836,0.21398146005731344,0.24710149101003345,0.20517537397795485,0.4030055187944889
0.2743205785210061,0.29963300631509276,0.27114771643224644,0.2546470141648434,0.2168076052412148,0.33245967228853784,0.29421770190984864,0.26182178210567975,0.24193923965520167,0.2459487911674679,0.3263460165998094,0.0,0.2509777335599199,0.17976316281873955,0.2667816499936889,0.2701295055679927,0.2653033478961401,0.22294030998219774,0.32107982831064735,0.24386888564691794,0.32726571657598746,0.2901202383230765,0.24786230248128913,0.28490755664497497,0.3306029851637246,0.2407376178477907,0.22461472361723633,0.22403279575016777,0.24528320995198136,0.27420326983484844,0.2843303505113756,0.27182557654881573,0.2650185910424464,0.27313902328570316,0.22651124729964112,0.26607912522263993,0.3099608429063754,0.2507586653740623,0.3071958395360623,0.2581351038329299,0.28856077884730885,0.28166532056339283,0.25356829751051924,0.29809095674658503,0.26065588425424646,0.2578926305108902,0.2426647052301575,0.2793444948911848,0.26505240970860716,0.24844686194319882,0.3156927471605914,0.28884558406082106,0.19474105454065363,0.31598204317822387,0.29777969202030125,0.2435619166946848,0.2885407698261067,0.3550843771884484,0.2007740092696226,0.2483611470338713,0.21882265956983885,0.1957000038466732,0.26144834477567486,0.18851605198338026,0.20015657658950298,0.22272788725425235,0.22778352736639132,0.24252282067425468,0.1981764736090791,0.23796128996906488,0.26373416159223195,0.18942025241645255,0.21314448696052066,0.2771821475120009,0.24858701891793852,0.20997351873533143,0.2494729594054282,0.2622160750801267,0.22676838101701693,0.19372441984039276,0.23625920129047862,0.265344597937286,0.2840738579947142,0.20914103634590034,0.2446007224247652,0.29683779736367794,0.230229283707128,0.21422050593907155,0.2459051037960121,0.266049475737237,0.2978169234279916,0.26001101869668813,0.2733120789018356,0.24235389684947298,0.2186422029026224,0.3530260901772159,0.1895730819585677,0.2688615021121944,0.18289715249220134,0.23479482128800042,0.2057472383445302,0.22228486293420013,0.24455102179099503,0.27607453867950604,0.2270541841261978,0.26342507534660525,0.24788066449300009,0.25471419613984037,0.24597522537754202,0.34720130455642906,0.4040788535578963,0.25386966593667815,0.24207894631189955,0.2250755427463088,0.23735131374216908,0.2928971598109188,0.22992414326416233,0.26824739743596787,0.2720742203445516,0.20646491357689264,0.22610902764197333,0.21870151000843482,0.23479302378879968,0.30620233687729814,0.18722821616141877,0.34556887738818753,0.20187579213958193,0.29014169995453165,0.2696795724298412,0.2106204995807413,0.21897995746953314,0.24901254824711033,0.19895540578594093,0.2582594136532185,0.26078810924771084,0.1906229734653129,0.2746963086340686,0.23681012692265319,0.23170597746791802,0.28496210830161467,0.20364242783356382,0.23265050462590608,0.25548002310248796,0.236131872746951,0.2943778906761919,0.2832996893343947,0.35902177518179207,0.23671142161684255,0.28477766477571986,0.1899877221537988,0.2740037976399754,0.22690276949631819,0.2561706587674434,0.24737987416179733,0.3740995797582171,0.253267557124679,0.2764490937229104,0.3262021782906085,0.20102783348446146,0.23491218354225235,0.18153461488350642,0.22785488542976934,0.19982952196590612,0.3092738191760153
