0,1,2,3,4,5,6,7,8,9,10,11,12,13,14,15,16,17,18,19,20,21,22,23,24,25,26,27,28,29,30,31,32,33,34,35,36,37,38,39,40,41,42,43,44,45,46,47,48,49,50,51,52,53,54,55,56,57,58,59,60,61,62,63,64,65,66,67,68,69,70,71,72,73,74,75,76,77,78,79,80,81,82,83,84,85,86,87,88,89,90,91,92,93,94,95,96,97,98,99,100,101,102,103,104,105,106,107,108,109,110,111,112,113,114,115,116,117,118,119,120,121,122,123,124,125,126,127,128,129,130,131,132,133,134,135,136,137,138,139,140,141,142,143,144,145,146,147,148,149,150,151,152,153,154,155,156,157,158,159,160,161,162,163
0.0,0.34235921704354016,0.2588158128687997,0.3144802548607219,0.26780776129124895,0.3065235101551318,0.3005085806385809,0.30874182917533705,0.3675672505323399,0.30357053808917733,0.3253962212153224,0.28795710955273623,0.42835150853301424,0.31083408710316596,0.32869978912561665,0.3335986979509208,0.34279880589776535,0.4703651522938241,0.31569898792059137,0.501190509639536,0.3051522046295457,0.3276845857566702,0.30563739477670104,0.28484797659539834,0.3924411687605312,0.24975788591738374,0.25428506073200996,0.2905648863447007,0.28441606665768426,0.25974489575515125,0.3458327041735595,0.35309968709932693,0.31495787993641955,0.28980209288696296,0.39315546361667025,0.29830859672581095,0.3805347404463869,0.36172265419581867,0.2684468527279013,0.3490631618221175,0.28224025849685985,0.31978292795601415,0.3426003229466061,0.3202357718255402,0.33234104182126456,0.3829198307785764,0.2572448808657814,0.2887679833293467,0.36467741475193455,0.3886529111717385,0.36141272080661374,0.31008082375936313,0.3256887132443794,0.2954897869485015,0.30164945826320827,0.3101791204329167,0.45221469828596206,0.3183949519090948,0.33839267786439886,0.3712697435889446,0.3041918154504669,0.27818507009429205,0.31460022569983764,0.2768819809504928,0.3268491312066341,0.33840574944526336,0.32369938093972106,0.31022762654540553,0.28310961501622817,0.38221129681167043,0.39200395033967417,0.32716127583469307,0.32030907778390133,0.3541596690518323,0.33567311582343645,0.3154081358317079,0.2663450188033673,0.2662626744890799,0.3213919074436319,0.24270293596292875,0.27400938632263433,0.3634013249338104,0.313310081805863,0.3050044019797223,0.3351089181252798,0.3709900951635548,0.32799562465614096,0.37122417602270125,0.33203130111494444,0.2995195252459015,0.3734404659895537,0.32726789475465756,0.35494220148541067,0.3529795983675744,0.35211381443507883,0.2998046863924574,0.23876366857267062,0.28262221828378764,0.2732311667152701,0.339078000257799,0.3045813816991636,0.2988218829815605,0.27568010952537436,0.2738184541093261,0.3622216908240633,0.3226945814882086,0.2978969101129947,0.3560571983617578,0.32015116232567076,0.2958903835959838,0.30036765566186446,0.3535581661762831,0.3452858745758323,0.29747586284683347,0.358477453431185,0.3435620489474406,0.35571232116429885,0.3162294808525274,0.2724200471876456,0.2777028109593885,0.32349296334040745,0.2670363019428183,0.3551009753436185,0.353704859826786,0.31048107940597364,0.29221553309119747,0.2768924036497328,0.269997447850417,0.28741923234954087,0.3283361284064244,0.27461216177523085,0.28423906716746056,0.30945685262865336,0.3529529147303177,0.3026941673466151,0.2956683079212007,0.345209113421897,0.32671319120764086,0.329621074126554,0.3915179046355358,0.28256363992495864,0.33510078237704405,0.3825579785820329,0.2874747547106028,0.32259679624782106,0.3603915664074377,0.2951505422837377,0.27431638141624887,0.3496477690723914,0.2218323910447059,0.39182318776382696,0.3383577404893391,0.3501352227557452,0.2406279733827841,0.3315669525045253,0.3862230526045879,0.3060429853347426,0.2887975440084615,0.3344184095124698,0.30513209629493643,0.24640943314197428,0.3909584446830197,0.24513799522327095,0.4580688889381846
0.34235921704354016,0.0,0.3053364041048084,0.3538151835728489,0.22903465588736235,0.37966300532379565,0.29450663719129844,0.4201754492530271,0.289449217744857,0.4087729955374875,0.298485119278659,0.3531149479059582,0.35924318595279475,0.32204373508544293,0.3228954728241126,0.30282748672873083,0.31750236835888723,0.33057345784265146,0.3453983078931951,0.38025594842656985,0.34274324572375425,0.37813292844765467,0.3019131801606149,0.3038941111506338,0.40615814737461253,0.2511506023571396,0.24606501249846327,0.27725889083408994,0.3452705742403885,0.2275906790719145,0.3363090128156285,0.3375586264203624,0.39509161224635325,0.2828771857067655,0.3290926028784857,0.34224162841646194,0.3276146128956764,0.3299204029427047,0.29486534900552763,0.34564315198221496,0.34697429704553656,0.315942900166257,0.2783287770791236,0.2937736422525979,0.43432401705347,0.3300550314615588,0.2738460416609812,0.27633469834274277,0.32914286796669756,0.3396164779761515,0.3199896566477775,0.3103159647046549,0.3444868307789837,0.39481114301281367,0.32466970205856904,0.33154530882007505,0.3529928433592064,0.30255253970372475,0.3626830685925107,0.39514410368182057,0.3665280995163224,0.254279139598769,0.28691347336349415,0.26156178707882544,0.28818346458031835,0.3152135413024648,0.3271203670410258,0.2917394682855298,0.2756492452517677,0.349132144967042,0.30747411252668483,0.31704430963493135,0.2689284801940507,0.3716720631420648,0.35234894750884116,0.26794979080697723,0.26715649479273745,0.2963016621415554,0.3095279481824277,0.21723103083865594,0.2691534620228545,0.32076310061284846,0.3701738891152266,0.3118818229609001,0.3214865426483692,0.45327207723229357,0.30982842225456575,0.28248567678841635,0.29612260088429015,0.33910898168837733,0.27860023911188,0.31997964652606303,0.3159910324024273,0.31206334189477436,0.33793600509802946,0.37700631324158085,0.27036716568770125,0.3259920044822596,0.2411007977343772,0.3412919729505054,0.28748731906035746,0.2830846813492198,0.24857682566588038,0.32788066366685087,0.3092285430542274,0.3151449478546369,0.31213076525402966,0.3925975875069337,0.34223521538808216,0.37854168865999466,0.29987010806377906,0.29710815198141677,0.320159861381803,0.2679040644076257,0.36266684719431963,0.36996567350630954,0.32557492253655246,0.2640037070269018,0.32761233136591694,0.2495587855037568,0.2862301970961767,0.26384481560939976,0.34851488640555117,0.32263510201298506,0.26999643733720285,0.36135651555479137,0.2903890294165577,0.3337530004928832,0.4021841035590866,0.31459918172485846,0.2932606610980352,0.28418164607683133,0.27407451580629866,0.32348525539073114,0.34082541976735214,0.2595664589457125,0.31564513287630364,0.32023577907186007,0.3760910823170757,0.31677660867341784,0.3129554652192351,0.34331189621514435,0.4054972190474459,0.29515688000831114,0.3331992094624418,0.32059832139083266,0.316014708536032,0.30110945196881134,0.4408813247818814,0.23998357113432384,0.2881302184371833,0.34427049628448936,0.29225443311973853,0.32136898613758486,0.3572820218712104,0.368229938246955,0.3021693691039114,0.324296810688225,0.2898663914487736,0.25429954132257543,0.28444527631884825,0.342603617600744,0.24480023239651091,0.3001778685447405
0.2588158128687997,0.3053364041048084,0.0,0.2624455178401562,0.26217702580637975,0.34146608259227557,0.23412253053888385,0.2974230663284776,0.23819363229122587,0.31539343585558316,0.30024563875568755,0.2774095231822184,0.3156487345559283,0.24383305351143536,0.2447653210679402,0.3875167051234242,0.3403756751717348,0.2648123755111995,0.23132895215282523,0.24900656478454186,0.3298020039415012,0.3980819955545077,0.22430246338647192,0.25970036278901343,0.267723354461273,0.2831048739243156,0.21076132150915988,0.2400226017268464,0.2699497676461552,0.23537875885263596,0.21770860608399137,0.2727735345719607,0.26038566913725975,0.21412390790568292,0.22432395542916955,0.25620516082424505,0.2617989037570789,0.2759929465753304,0.23204084518574805,0.26945897540443786,0.27300008721797553,0.31482191756267275,0.2469010939108308,0.25438647033671985,0.26767169499576765,0.25488437645381695,0.2770868998840025,0.2741135834104634,0.23632829716659487,0.26282784128111353,0.2662314785218197,0.3283246574717439,0.21943033227149208,0.28721964912932885,0.2471387710426548,0.2579490077535231,0.24996695979019254,0.34216294544903025,0.23994657858521512,0.24582853892238593,0.25743594852293405,0.23151640260753353,0.31504334548636076,0.2327340539043279,0.21298830250638426,0.23309399049167923,0.23711781840195953,0.3043499038397035,0.2664511247038825,0.2939165389266118,0.28859392817849716,0.20646651842030334,0.24875418498935745,0.3374248443879309,0.3017433382730332,0.18242614168594204,0.2726155196969335,0.27997949913263154,0.23051579147544918,0.20711879397538652,0.28373683650425224,0.25559357559437734,0.3055289008494451,0.27429436102628574,0.24130148728577727,0.323223932468917,0.22957820435371473,0.203998242940005,0.22399280695764842,0.23055109355063697,0.2903144048971798,0.21733516245639325,0.2579258676581372,0.2000828122248801,0.26030302704597064,0.2747049077440216,0.21581170270398412,0.2691556266450355,0.20049533903682273,0.24694405853847667,0.19176483034038957,0.23970639526181226,0.20350935124650735,0.2744214243926313,0.23708818978708798,0.3318070427707451,0.2587778490363773,0.3027700483029,0.2552030881806303,0.2959524479553808,0.24505368714559914,0.22758273697018142,0.25514269544436935,0.2358472813546992,0.23785372575122915,0.341365863765584,0.22434047691245582,0.24712021728974695,0.34128933362628844,0.25170164721860633,0.26966587355857224,0.23457581820016524,0.2412638508289942,0.2752776901790607,0.19650248667420636,0.2822400773146308,0.2504324108673428,0.2716950124694561,0.3102240802646285,0.24377775120170986,0.25674665200890784,0.40921792149234193,0.2041751592406156,0.23668659678623674,0.2436114055497486,0.2181353895257823,0.23336172480663578,0.22563870224149357,0.2621183842117071,0.22858702240028583,0.22031290060209763,0.2720650459574372,0.25142162521131933,0.260541279053376,0.24986475889794316,0.22846185784965914,0.3200470666072024,0.27056967168089663,0.31380661057774467,0.23998853173822368,0.2039526853671308,0.21578473826970893,0.24231028650643646,0.30923746324806983,0.29438538497776073,0.2478291329552967,0.250808788488073,0.3225405102572234,0.19175549678990592,0.2242892610942825,0.2564320092816173,0.20750561469087792,0.22508268192985648,0.279542421290636
0.3144802548607219,0.3538151835728489,0.2624455178401562,0.0,0.22613639968854418,0.2828580405448914,0.3113890028408117,0.3570173923281332,0.25634530638403,0.32924332515872395,0.3005601328465034,0.295002055838586,0.34709376902048755,0.32079968211162085,0.32668988329486615,0.2960037703063268,0.34783568040249074,0.35535632767890113,0.3212222401128825,0.33813742260995167,0.36192883896812367,0.28345708977925493,0.33121869818868077,0.28174444046254865,0.3598582960408129,0.3046812208802533,0.2916112389044199,0.30940651726757745,0.2909896166933696,0.21093375693049693,0.2995583637211022,0.31824727811470116,0.38816600214208724,0.334018525252122,0.31185208686828564,0.3507767885036329,0.3226095270228934,0.33732748257457507,0.3025970138434492,0.4242565754309924,0.3328584584965688,0.2924522506691783,0.30182906958103145,0.28912881240092353,0.3785944483684333,0.379906906723458,0.22158889199392426,0.26835301659691685,0.3364008486412,0.3392019560836852,0.4023686267162396,0.32672372680994055,0.3532884270611024,0.3929686210809844,0.328940024527283,0.2821437411782582,0.4021457268447569,0.3030892110745412,0.39627405254219694,0.43891754539852307,0.42624678220231704,0.2886396000162322,0.31559005153349895,0.2588911733949825,0.3273973868478705,0.37929873154302274,0.42363915516798006,0.2572154847639929,0.2927079007939243,0.34310138094702236,0.29469380805249784,0.32114150323704027,0.31915478974623673,0.4957868609004587,0.34727254294256926,0.2694787539534658,0.36767631567250675,0.30885222480891783,0.33721193260768756,0.22845517921351818,0.27401628565050445,0.3706458163256627,0.2838380914493633,0.3236975167883072,0.42525048997790815,0.34788741856908867,0.3673369062990983,0.35345525053102383,0.33782832955172915,0.29594501362111725,0.3077650024716451,0.30999674075041056,0.2962573930875723,0.32238006813242626,0.39089535971250583,0.26377286116218923,0.26889642996693136,0.3095778885085045,0.26060184386307045,0.3973290099169722,0.3089815544956392,0.36461520587925794,0.32250580584758226,0.2709527464270705,0.33502248080654407,0.31909394661429175,0.37345711384065083,0.32462674466676417,0.3541299575729001,0.29982426047357913,0.3351281004702063,0.34498333969139205,0.3958787623982037,0.34457442739220817,0.37193406746351315,0.31971879612222237,0.3702909141194888,0.25149580629919205,0.3161132164019382,0.28646232968587815,0.2946738146471618,0.34232157605248936,0.34522514235466994,0.31678998169404665,0.26185628863370447,0.2930594355135452,0.34875258426220007,0.2964045621289659,0.36924214397315597,0.34769549313930176,0.24883692435697577,0.3036785131705111,0.34651569339145866,0.3339509340371458,0.325779613462464,0.24624161193259828,0.2385939135986532,0.33637788943998337,0.37133611626833457,0.3488498472938944,0.32542229719656857,0.31063788632271344,0.4610104982660517,0.32116393532440435,0.31861703222125665,0.31408857112272204,0.2768502156299313,0.3050884543499012,0.3056337487940142,0.23240995309075235,0.3530345808315579,0.3541388926749694,0.3282534411902571,0.2741835772580271,0.35234280563290893,0.35132203813930946,0.3011328734450746,0.30178194937976766,0.3548976954659461,0.29993497079144055,0.3101537990088129,0.32224452655617836,0.3126169940881031,0.315186422403406
0.26780776129124895,0.22903465588736235,0.26217702580637975,0.22613639968854418,0.0,0.22524478884484106,0.26246292443589264,0.21976430559172527,0.24304306650344099,0.21680615148930846,0.2739049346215319,0.23035467873698218,0.2421937417770276,0.23451200524928062,0.2625993694813137,0.29536659615269845,0.27513952921471746,0.2808272504231116,0.2055661921388768,0.2496965704902045,0.2773705735908061,0.2933538287968586,0.2397573147060496,0.248478486728138,0.23164350077784754,0.24567244251014592,0.21016006564396658,0.199502035401131,0.21980702122619292,0.25002531435664727,0.23646105702519302,0.2213844208074883,0.23592563019612883,0.19859756925813457,0.28419938172256326,0.24456435176844277,0.2549159458364871,0.2633993847439693,0.24701827931793663,0.24435105896046255,0.24239775815186693,0.2730039760308789,0.27532820262883023,0.29712294191171423,0.22268387394878006,0.23076491139574543,0.26450059115817526,0.28854044271715945,0.2569121944541749,0.27840118590793284,0.2549050793534632,0.24402927233183974,0.2235573478163312,0.2313130095178178,0.22562867597528735,0.20852961792069094,0.23763844508106025,0.31558018732090487,0.2316429577086588,0.23096215340866197,0.19309500189604306,0.20634819469436713,0.24299946135601638,0.23893738162286193,0.23141747137472268,0.19891713313946865,0.21527944040038918,0.2595404336982179,0.23165090576569053,0.2622095353075769,0.2588152249498678,0.23543621932133804,0.21394094206459743,0.2534803592177346,0.22955181504320782,0.18487302088367624,0.23309503093207706,0.32488045379182307,0.2182498808375791,0.20411759944197733,0.21772363354077154,0.24454888726004428,0.28365734732725684,0.20566205393551418,0.22836994027947558,0.23951651515130093,0.2255082974874506,0.2244109446477927,0.20085663283966554,0.20686074520233372,0.3637161275448636,0.2412036573931847,0.2840881146020489,0.1896156455243323,0.24336502806509722,0.23159267502872402,0.1748690131636552,0.2091772992127232,0.2203758090385475,0.20212909742710644,0.21145168425222344,0.21125578370553152,0.2180611184017165,0.21593896686776776,0.2275824394820849,0.2607147384845099,0.21261198867957193,0.26248479273843506,0.25862990051032547,0.2402432437069328,0.23482846280038114,0.25594504608524327,0.21074046008146402,0.2432155816434643,0.22575976834721262,0.2550912514087007,0.2076601064310039,0.24493354494505867,0.22800296887824326,0.22247916254305541,0.3586704399035695,0.20734945530365337,0.22104283133873165,0.26545216664885474,0.22515650309026433,0.22003296928518565,0.20652221009188848,0.251253671345074,0.21889053188290694,0.23696669056407788,0.21353717121615892,0.24957466860683594,0.19390727118796597,0.23606481019609565,0.23258620448928335,0.2420642564844188,0.23794743430832857,0.27835323543970064,0.2520714120470532,0.26163081549701017,0.2028065160624796,0.25968783856974814,0.24593867779452305,0.23301749301934557,0.26430921297975096,0.24681836285900224,0.28157656832348577,0.2356156624766063,0.2350677182309182,0.19818816893260358,0.2193013544197715,0.2199391292487621,0.2629705284246645,0.24302694230838728,0.2568801542727243,0.24755628189347764,0.20579288647735364,0.2674479156503342,0.2133546458855044,0.2057223574140507,0.1956468942292569,0.22161040237430624,0.2047729944941526,0.32522842094764354
0.3065235101551318,0.37966300532379565,0.34146608259227557,0.2828580405448914,0.22524478884484106,0.0,0.24506397543647088,0.35903037716434594,0.25822576068689834,0.3133148568225195,0.30133597214522717,0.32921483616926395,0.39138701665302444,0.24084360522592715,0.27036341758742777,0.36406801027380226,0.35722362143864056,0.2500577207363954,0.29392151587212106,0.32177478943965426,0.3865574906362138,0.33965781284493773,0.223954142569095,0.26572389243345457,0.33332610864245477,0.25819638499454656,0.20778214471118056,0.2525245073584523,0.2734102398460923,0.2414284899935445,0.274047050807706,0.38823838518363096,0.31233193569721757,0.2546949967758748,0.2597420989327911,0.27389530263354905,0.31912185708634594,0.27550535225271927,0.2650383580993349,0.2816272531316042,0.2853200019529674,0.3369544906531043,0.2948835818687606,0.3097311146191647,0.30052626237964075,0.2852027829003527,0.2726330405591592,0.2874067058464749,0.24581565532323513,0.3170349221377783,0.3113163755639734,0.3566174669452595,0.26423805241398446,0.3149592020727106,0.2611198320272074,0.32691992378717494,0.31380518886153796,0.3821261608427745,0.2541806753049686,0.28413939355223294,0.348144431096479,0.278707026831171,0.35775625191129307,0.2184750957031692,0.25423339905024844,0.28751467629686434,0.27295265759611925,0.316270044840151,0.23457900032701398,0.30189151540039555,0.31723812884915975,0.23451494985212631,0.2749454804936285,0.3550080505335307,0.3642307408889297,0.23232986814602652,0.2935789614458998,0.27441232520632874,0.26298324959203884,0.27938768529844554,0.3595719744046379,0.2819885779771942,0.3322926425558749,0.3147570960550401,0.30698534886161255,0.33273469419881285,0.32055059261616703,0.24256700294832678,0.2877163857715094,0.2693461584954177,0.2935354955426004,0.27767720020019176,0.29644481567499537,0.2586763802840666,0.27177829434414835,0.313938763185158,0.2539985930247466,0.30964839075370015,0.2180017985795026,0.29291158841861614,0.2261071978276765,0.27605184878235167,0.23001819093345158,0.25855856405438815,0.2885908517671629,0.3910045752300329,0.3474538588923437,0.3429083374129246,0.28436310170555956,0.3624031044161122,0.29193991195944263,0.25632838623233156,0.3527592420144555,0.2692289875680226,0.2800727846338021,0.36217466026170364,0.30531186432038515,0.2396254524838062,0.41114932669895143,0.2398571295851201,0.28089275686050597,0.25772986054702696,0.3322342935282882,0.3159194565010859,0.2532002142161244,0.3051699981390696,0.3053511967678875,0.29316992066718084,0.32736935451965143,0.2443692778246335,0.29041276703577035,0.4243556005071147,0.2560416432485312,0.27886697381360676,0.2906620206510509,0.2493293563506128,0.3080625133504526,0.2455851744373949,0.26940505845862245,0.2673490307668252,0.2534185807633489,0.3427216033161821,0.2951369340694118,0.2682087323630161,0.3067815759072417,0.2724578880267518,0.32768716252532476,0.33032348093240893,0.34151529214361015,0.2499699058779285,0.2515428488009777,0.27076465228171853,0.23681636067978357,0.292251806389781,0.3547856577425339,0.29603284357573906,0.28070769250237904,0.36711980504163544,0.22275242403792436,0.2778964739696147,0.2525637788020219,0.291445749575971,0.23852792749734789,0.29561683713462084
0.3005085806385809,0.29450663719129844,0.23412253053888385,0.3113890028408117,0.26246292443589264,0.24506397543647088,0.0,0.2535636993087402,0.2321419188588521,0.2734886920747404,0.30606835548835554,0.355394592224528,0.31374058854064274,0.2501676983078413,0.37538015996499013,0.2726885583390745,0.27734317860908536,0.2978788043957896,0.3039969428093819,0.2664146075335477,0.2991208750249959,0.2931159636058448,0.4030774240490814,0.36176092382829395,0.32070221767221124,0.2877609558766442,0.26322109058679616,0.25307692102825774,0.2802716323965568,0.27518171479220077,0.30581834974350963,0.3105569474263307,0.33304469914447327,0.33518918127801894,0.26183850151908167,0.2686622379033889,0.3885768211929313,0.25885272541064624,0.3258037463342886,0.37420209608274435,0.32152474571820144,0.27005693827747007,0.33718473641544117,0.31630683992175807,0.33319257696899324,0.3364395058515099,0.2779021990545788,0.2860877722558132,0.46808268667443614,0.27311322992451875,0.3693643946821078,0.25702859094274333,0.24282354068815704,0.3197890312310737,0.36368144835382743,0.25990203694751557,0.30901241478552893,0.2737968515093996,0.30910651020932806,0.30740148274732004,0.24240567507170352,0.23721851220907947,0.24183092143114066,0.23420410043483803,0.25792345502583064,0.24731007209471217,0.3041144941776148,0.31378520331741694,0.23044376718214596,0.26398577104340926,0.32144476026977825,0.2642627609863126,0.21253999727419576,0.3425749769173163,0.21758343813856748,0.2901422968516577,0.3932942268327803,0.3429939201099687,0.26893820075626906,0.23498568676971193,0.25954954052234464,0.28189804838889276,0.3147695275982416,0.21904425741042155,0.2585013434759884,0.28273083829825807,0.2585195972799147,0.2903718355193389,0.2908853640995044,0.26682183930057407,0.30452290419266903,0.32017305505154864,0.3403500666368684,0.29648231177861095,0.26471747236100795,0.31284691091291483,0.20688251154968298,0.27417080943414956,0.22755467297059292,0.2952212824766981,0.28869672871602303,0.30798490834770376,0.26733308245585974,0.2743525266481726,0.23957534503378028,0.3149633038289925,0.26508565692517055,0.27313342426602005,0.37999456456887687,0.33073504461236414,0.40056675701561084,0.27620946703780275,0.24524466240054965,0.23197130464367552,0.27779370956365157,0.28194395333944955,0.2738420708278914,0.32691343173107246,0.25110430924931193,0.21197471694315423,0.2887167355969114,0.234235424476316,0.2533654631182191,0.3951723792298158,0.22276400568034405,0.3429978125995317,0.22261850257801363,0.3579949108570674,0.2570485821850312,0.303933327938015,0.21180725852740612,0.22845250041256807,0.24731775001264006,0.2371444693162664,0.2599490857504207,0.26694463373349947,0.3183558287603201,0.33845532002877393,0.3041216474286,0.36774131338941185,0.2690100630410853,0.26578248271536864,0.30701511191188147,0.2354292746348584,0.3328813714487296,0.32720300799637686,0.2859196387177277,0.32049148601448585,0.27019444138606047,0.18765522887295455,0.29680200342970986,0.27803828227977223,0.28281174939902043,0.32065193931033614,0.3405336273757391,0.33841843860304244,0.33426601355805513,0.3306168278210865,0.2928323627723378,0.307540489837139,0.2528954426928172,0.2609116158398736,0.24670534020568358,0.3142671820443117
0.30874182917533705,0.4201754492530271,0.2974230663284776,0.3570173923281332,0.21976430559172527,0.35903037716434594,0.2535636993087402,0.0,0.33088044464421873,0.3864977191515192,0.2584331677276727,0.30429040652764394,0.3572268826021735,0.30041581741765383,0.2885958579862441,0.31922723242105844,0.3254117677615909,0.30750842834016895,0.29908585877748445,0.36104451423318384,0.3354203944805244,0.2906624066561132,0.2799160229450325,0.24225637195644434,0.38055780696770203,0.2549931245591299,0.27482844088399944,0.29726657157881226,0.25129744994227504,0.22669687599039817,0.36779395866108844,0.3337905090449882,0.3479147501751276,0.3025984556084503,0.31878784052056947,0.3476380600528104,0.3113131740559937,0.349744730107945,0.2650536517862091,0.3077946394129928,0.2976569719183691,0.32104030972993775,0.2847049418182141,0.27211501122714304,0.4353706451035343,0.328127646809467,0.2578601383287536,0.24919731854559887,0.29116080634004166,0.3211086025635056,0.29965456298506626,0.2985836378341242,0.30387424525712253,0.306899125800397,0.280795673453764,0.3363968246811084,0.3125026241809656,0.34072453156030214,0.34952281328004214,0.3306491398461752,0.4201093972822079,0.2738943103751758,0.3025499209841392,0.2783763646185154,0.27569351088334476,0.3044761105605606,0.34868605905299427,0.28301258903773,0.30674973822703844,0.44056372600414256,0.30062209971064396,0.30470159166965927,0.3030790888168045,0.3692195894989143,0.39157535325393067,0.259990552446932,0.2961816889999727,0.2677978113315662,0.34487725025531074,0.21013271379338846,0.28147667834386686,0.33180274213299127,0.32737047615297654,0.3635438381151355,0.36906871076405345,0.4465644150913469,0.4005662833997077,0.30929622462652284,0.368331951519046,0.3290865494605924,0.27925570486974627,0.34056857175308786,0.2785741608959486,0.2598632128829758,0.36491457435032376,0.329184266923484,0.29097003719240205,0.39299187105640576,0.2525158772424794,0.3742509399584394,0.2705875038689998,0.3386854431051065,0.288693466875925,0.3471290615669908,0.35712257270132536,0.3679541065102746,0.336193466156255,0.4248239029668222,0.30065022310013334,0.29868721301488266,0.2610972905943311,0.307360806217094,0.37943540261647435,0.33729993304896544,0.32342532898512255,0.33432885313869326,0.36193202571477645,0.24349422648503533,0.30938157838341873,0.30091275645087995,0.2695194125874158,0.3749850338854107,0.31660403693857425,0.2929511296263392,0.27072354488457506,0.2837169300063539,0.3161316671801604,0.3140549528439268,0.3838161212977374,0.2953932873801597,0.3581322341393846,0.3154802928509978,0.31677463178359055,0.30374317978518117,0.30919780443910794,0.23759187786290428,0.2772554417870558,0.27917611457581143,0.36398347442854373,0.31944758175977983,0.3153212045614406,0.3140436797672336,0.39137720886018107,0.32560522256396307,0.31757656809285134,0.33646565118198457,0.3141945765958109,0.307285432001504,0.4105682962688243,0.24776462805201854,0.3139068170841449,0.3424456348998274,0.26646581192017377,0.2976347517913575,0.4091790882015735,0.3705897968624165,0.26069704225683266,0.3354413714692437,0.2650459537775862,0.2632343124029789,0.2908324497541234,0.32533551035234887,0.30052387041693696,0.2716489659546672
0.3675672505323399,0.289449217744857,0.23819363229122587,0.25634530638403,0.24304306650344099,0.25822576068689834,0.2321419188588521,0.33088044464421873,0.0,0.2557890516490497,0.24445453833043843,0.24863985524796176,0.2603926272521544,0.33231014876100307,0.249835041550994,0.2558475509587748,0.26197449009509105,0.3433744808824145,0.247798914123702,0.3547192048206418,0.2570660951104952,0.3161796171520298,0.24314486715063272,0.21862294061516624,0.29115765641503516,0.2279247017723648,0.2635629906273697,0.2587780496014381,0.21726227633704034,0.2675998673911111,0.33593772095192426,0.2596616523919647,0.2642295819944346,0.2332934448843928,0.35984972755100547,0.28381478093463725,0.2553012621950735,0.36533115733210914,0.2233491305421775,0.2455212246425714,0.24939953247444624,0.35558613546998896,0.25847739761113464,0.2581181751403721,0.2959986469686364,0.25526281748992463,0.24055790153141476,0.2237568264570184,0.2569777745072188,0.3061175461753908,0.2494237430345913,0.25694858478941063,0.2736912263121378,0.2396459670262085,0.23131192159389052,0.3280685891756226,0.28478838320366445,0.2907726872581536,0.2824903874385832,0.25719778902872453,0.24024070154738464,0.2595010895362794,0.2676986766016887,0.3063504817396543,0.2923836054654618,0.2593036394404404,0.28269836608950016,0.2597090110664176,0.28934868990447915,0.3434287589801973,0.31062133791840996,0.31205384516781937,0.35446329844308466,0.2517281217585366,0.31075164354791474,0.24614434814525055,0.20773562189613337,0.2116508190474951,0.2868959716628652,0.19322168683382054,0.2385137874941426,0.375528993258903,0.285034757166904,0.26962862136746546,0.316579954962946,0.35752052045082566,0.306877006686445,0.3147181151496914,0.2742391700701487,0.3298085952750567,0.3268646166670502,0.36167872076570756,0.25274627567307145,0.2408014664726468,0.35019254202880334,0.29248394974659236,0.26716955033104406,0.3166438607578984,0.3267904807659663,0.2683953323751039,0.26465517049743453,0.23181702221866013,0.30070208198393666,0.2832014380082804,0.37375881917318077,0.26861798175147183,0.22703479862630252,0.3254570171550613,0.23934179686135593,0.2256816122647464,0.21971625922514096,0.34220856941320343,0.29911296345762645,0.3414680582823399,0.27647580206978767,0.2951287668134257,0.29139598205360306,0.2394521951130295,0.22782365974956872,0.3294584904454235,0.2864432374752278,0.28539650086416624,0.30147395235643565,0.24842252021176822,0.3728333961670657,0.22140017527516348,0.27950560735390845,0.23687474290846167,0.254937520437292,0.28540719242436685,0.40784417554662367,0.276032338370125,0.2686022293896007,0.3745385486061409,0.26324535289768297,0.24787723085803792,0.2606022826404304,0.2689515948973685,0.30509761438565713,0.29401589901973635,0.27144565555260564,0.2930486744374571,0.3200368804647229,0.32631299627539895,0.269240884062177,0.34279363400357515,0.3262706961828683,0.21723709094444774,0.32145839283772604,0.24235335675290437,0.3292450559718132,0.2773912634557843,0.2736691098620616,0.24732115616769396,0.28337836729813154,0.3165233580185976,0.2228777664492458,0.24919628993958887,0.2854020149193773,0.23208858765293283,0.22241949448414633,0.34963217151208437,0.288296927387689,0.3158312492824609
0.30357053808917733,0.4087729955374875,0.31539343585558316,0.32924332515872395,0.21680615148930846,0.3133148568225195,0.2734886920747404,0.3864977191515192,0.2557890516490497,0.0,0.2565815463539963,0.2873404822902007,0.35583438671934886,0.2833446069930429,0.2748757842571994,0.3105184711038335,0.3100894475727668,0.33874016641950827,0.2792385601209977,0.3055167690893667,0.2794217374808778,0.2774243790223057,0.32166589919894234,0.24220381492831858,0.437916007050687,0.2375640022962122,0.2661888322936183,0.2816600899113285,0.3463045802529084,0.2243619464211247,0.31043483605726924,0.331627646529015,0.27574360531425623,0.2741936827220673,0.2850263213534753,0.2792649832997241,0.32058308382239464,0.29314543072299964,0.23567972874030366,0.3063045750048241,0.24804048678092247,0.28840053406734933,0.2730977788153596,0.2466822869948858,0.34934337424726336,0.3055580422337823,0.2444975120476848,0.2534357502157829,0.3311545319725317,0.2582982841977275,0.2729140698112057,0.2513831111837919,0.2651573501413478,0.2945374772149964,0.29726950474726205,0.3093492417203993,0.2827016711842319,0.2759280668994249,0.3378900900086759,0.3049904719615253,0.34323307374242895,0.24133803219804528,0.2424850185543367,0.24181220349502883,0.24344859350315345,0.27050494454756907,0.2934548999136867,0.27396864735300097,0.28908722965257566,0.36926514552004763,0.25517654962303565,0.2965610725802396,0.241664560873708,0.3482982704458946,0.3073509585033946,0.2620523672631859,0.2692871533816728,0.2911418421006263,0.27034382922058725,0.22719939621250604,0.2676903228435995,0.2686712107095252,0.3306719848932498,0.3212531655270046,0.2939059366420029,0.3434319515018162,0.30722614438058077,0.2915251188483103,0.34686900384065295,0.26913993111010104,0.25555888763665374,0.27369883324241195,0.2789596179298639,0.24056633876666558,0.29873647272899717,0.3261480932347458,0.21261490545245731,0.30940301583492474,0.2306249184318981,0.3389491335850569,0.2699004306164578,0.29348567149779603,0.25146693061413294,0.3541970145986481,0.2647775346422992,0.3008177048652974,0.29395970738364313,0.4310344088990814,0.2940761488471758,0.305900565164715,0.2518204271970146,0.2605700263372261,0.30925849049955734,0.3049505043047007,0.2872716751134761,0.31548741657999374,0.32633874508957234,0.3010177016192946,0.30276887035870004,0.2680361877871882,0.24150456007552928,0.2772885990536625,0.26747856429046,0.2898470864267135,0.23680535955926915,0.3354822733959988,0.2740344638892666,0.27685738426783285,0.3644584346649363,0.2820112333614738,0.31549485975356495,0.2608315229454784,0.2870600780581995,0.24315058512698948,0.26519913598959877,0.2223155050881804,0.28225688490217266,0.27472244565382986,0.34726499206809375,0.30191190587052413,0.2856078896325158,0.3052256926521626,0.3360859535249379,0.2491827937653245,0.28802903672127156,0.3055083877496582,0.24009452645370802,0.343082309760622,0.47171491574608265,0.2355633288630711,0.2547133591591049,0.33577294143023734,0.24856215201746418,0.2908037263647599,0.3353873039927232,0.3236899699118479,0.2510065282765378,0.3407458525739445,0.2682011356393963,0.2782790889390092,0.32531671140102325,0.31091326384300344,0.26887240682050617,0.25798480059136175
0.3253962212153224,0.298485119278659,0.30024563875568755,0.3005601328465034,0.2739049346215319,0.30133597214522717,0.30606835548835554,0.2584331677276727,0.24445453833043843,0.2565815463539963,0.0,0.34796553495277255,0.34405357510697826,0.26706868599368244,0.2708888771267453,0.39747553670321983,0.39275350504535345,0.3204739828592972,0.29865018633416446,0.2977933760342318,0.3272317752145306,0.37813512488570494,0.27742800355824615,0.3037971783416702,0.3159958768952968,0.2720066281076376,0.2661356765635666,0.30117538416857526,0.3242491494643536,0.2837860731673044,0.24801000140398421,0.32795007478136434,0.280573909548427,0.25168291725749453,0.27283414674004597,0.2769114895517844,0.34655465949557085,0.29731981611634595,0.33090040498835627,0.31705301684620224,0.2712318566999698,0.30553651195856474,0.29582789989039115,0.3192157404928608,0.27928503671201377,0.2731992254246081,0.21288418124342603,0.33681788762755155,0.32778949734945867,0.2765611984932538,0.3409877922268805,0.26916299823503254,0.2460547809752747,0.34319470488945336,0.35577738333596387,0.2189509846779362,0.33366156278777465,0.38010061386605276,0.2906891078685632,0.30118038444027034,0.2933620531381927,0.21089704524318353,0.2974176814572324,0.2383410464742304,0.22033901855907,0.24278314164763967,0.27666172571349384,0.26964019226543257,0.28267234245880246,0.299019261302481,0.28535610102254416,0.2348365863433552,0.26153591362861867,0.3535051671577471,0.3076298453657088,0.2349092341892064,0.3696088221151326,0.2947843984892392,0.24199657495569374,0.23071552772833262,0.2534745384042159,0.24110519232305072,0.29144883190087556,0.2590834056223991,0.25373986297947193,0.2716445269140551,0.271565619568992,0.2551014903071376,0.2427607828828723,0.23655976079357022,0.3804525013571709,0.22437874049040893,0.3869901967945416,0.27071710907746,0.26947218476302287,0.27659433540086753,0.206218582036247,0.21887759413443678,0.20717861197521717,0.2447364962483483,0.26464858512374095,0.29374007069916436,0.2230935609783695,0.22754169030442287,0.2550090056178164,0.2673050290526936,0.2549036232395715,0.29103549868451933,0.27083223131448986,0.3342925454778464,0.3654712153822384,0.2557925586631666,0.2616875957552285,0.2736887591722444,0.2686347899551988,0.3124705000103155,0.2569566498942612,0.3027291945362985,0.3079998941626424,0.23166680796837488,0.30236610172436107,0.21781577130653723,0.26800531435357156,0.33724276712486434,0.22350802243784565,0.33024378162531703,0.21564879903315812,0.3064065141369991,0.2802600067954922,0.24659282273664218,0.22585383464966483,0.3031177889584451,0.2828626921642904,0.2650131266924418,0.29532393277254076,0.23575658928393892,0.2875136759868219,0.2551013500762163,0.3014848294729819,0.2914311338196615,0.2582910541149185,0.3102794189290259,0.26360036788775576,0.2603003542451975,0.32781998245200805,0.2402165679436505,0.26482444304725417,0.27045928205714503,0.26769382640871703,0.23605486151587957,0.29624436475804433,0.2663463074768058,0.38384511364079055,0.2583586368868165,0.28328139197839874,0.2880501592434833,0.3087610493872989,0.28372662200131354,0.2678892626408062,0.26919223977967954,0.2174556103042316,0.2653234722639464,0.20551817487466734,0.4067617751655937
0.28795710955273623,0.3531149479059582,0.2774095231822184,0.295002055838586,0.23035467873698218,0.32921483616926395,0.355394592224528,0.30429040652764394,0.24863985524796176,0.2873404822902007,0.34796553495277255,0.0,0.28620903414595267,0.20826453300747302,0.30000710489729365,0.3127728033790582,0.3077753521175866,0.24890265389437594,0.3505863019012896,0.2914391960562116,0.3608445812805048,0.3100417420236201,0.2787147880189345,0.32660537878505935,0.3606168727205194,0.2525998686901916,0.2377244364315132,0.236622523207398,0.2852459619624174,0.2864420571730133,0.31456670269427217,0.33917865438980327,0.3063025057879583,0.3094761238806818,0.23755322172465,0.28392179949327684,0.35847592113692006,0.2603803735842931,0.4023128278306342,0.31257264450693695,0.2939558052970908,0.2911353744361899,0.3199988546741912,0.30742178517392116,0.31042559767720557,0.3072676392966853,0.27780303100133774,0.30206744112469797,0.3110240408138009,0.2836551495137456,0.3914938577384302,0.28958415936412846,0.24863388519554153,0.3564113336758469,0.3865834208348261,0.2666511962900471,0.35105739993023277,0.34860125119838314,0.26199992492196034,0.3091245831678854,0.27365780941721385,0.2327834824594069,0.2789281049837016,0.21952332141183242,0.24626716119449363,0.26154954558651977,0.25935040999204256,0.27501885106502255,0.2148798147309279,0.26247024416653353,0.2950224720374684,0.2284756630889963,0.22218500927647056,0.330876677744707,0.2623883225888208,0.2513419992089212,0.3393593660599427,0.3173794975316894,0.259442645310843,0.2296264922642869,0.25813346984853575,0.28868784872038655,0.334174110767493,0.21986245407209445,0.27507713383539406,0.29575102951726845,0.2644366073217288,0.2663900980684318,0.292259210601675,0.27933950108723665,0.2919514701278818,0.2810096083260018,0.3434818762590931,0.2988707841718686,0.25396558532515956,0.3543884682867198,0.22891776381968926,0.27416920379803517,0.20838209719630132,0.2650792229404632,0.24557130932193608,0.3206924862507322,0.2466916590297876,0.302308067204151,0.24958354297373075,0.3097051831902798,0.3022170731787021,0.2756750622427647,0.293717053970825,0.38976401028360574,0.4375477347344103,0.272741007012681,0.2542201562071072,0.24726659361938716,0.26451705894328786,0.29671917089979954,0.2782731274353681,0.32014920402844976,0.29274231986178495,0.20670993895973794,0.2638135336223437,0.23888170807196663,0.2656847554802824,0.3598420974434726,0.20937728582222695,0.38206472682691833,0.23185881456664062,0.37324199169496014,0.30550911481734494,0.24438124573280262,0.22988555553330564,0.2733427405457834,0.24230593708638504,0.26236711338261276,0.28967739799916425,0.22971109907039067,0.3468496754378627,0.2611505280724385,0.2744463190023143,0.3422454770348989,0.23326341326265787,0.278595962898225,0.3151938182624886,0.2612295824623682,0.3244680618625747,0.3111316148422096,0.3582775309416122,0.29503166860051777,0.32625485243683033,0.21206631175638438,0.30074698677884504,0.2855229215321425,0.2925313672814422,0.3075113625559587,0.3598051864704469,0.2903220773813272,0.2866007728806957,0.3282546250769611,0.2349303364803812,0.2685640014849697,0.20850537879866168,0.25290798492731636,0.22575532384209004,0.31171121137963076
