0,1,2,3,4,5,6,7,8,9,10,11,12,13,14,15,16,17,18,19,20,21,22,23,24,25,26,27,28,29,30,31,32,33,34,35,36,37,38,39,40,41,42,43,44,45,46,47,48,49,50,51,52,53,54,55,56,57,58,59,60,61,62,63,64,65,66,67,68,69,70,71,72,73,74,75,76,77,78,79,80,81,82,83,84,85,86,87,88,89,90,91,92,93,94,95,96,97,98,99,100,101,102,103,104,105,106,107,108,109,110,111,112,113,114,115,116,117,118,119,120,121,122,123,124,125,126,127,128,129,130,131,132,133,134,135,136,137,138,139,140,141,142,143,144,145,146,147,148,149,150,151,152,153,154,155,156,157,158,159,160,161,162,163
0.0,0.5739428224726778,0.4962003499067621,0.5729877150833842,0.5664732610136933,0.5759214984616681,0.4979735991237046,0.5722894468441677,0.5868899018390867,0.5173673543462977,0.6150215300072055,0.5114894614760286,0.7072780814889368,0.5849459112385458,0.4983391612076536,0.6389495340041116,0.6314328609415845,0.7032788123799433,0.5473004432722618,0.7094722243869083,0.5814802933604514,0.5657043517759779,0.5144765946454957,0.5191057243802287,0.6164962650077667,0.4902928203394771,0.5189487454793661,0.5271953107106064,0.4928594161746532,0.504121252630951,0.5084587602640799,0.6010591351226015,0.49509636102771304,0.4488806073169111,0.706793420610202,0.49290412610123846,0.612888188286288,0.5942360634725788,0.45989230801742087,0.609697000694901,0.47621309664838507,0.6032848847665063,0.542254768655619,0.5192328689990849,0.5337463432795485,0.5092991398531449,0.4886025016538258,0.526615457881588,0.5814369844766158,0.5794025538783696,0.5600077344127069,0.5554302863100162,0.5645106109405947,0.5247519538240542,0.5048972511409286,0.5236320723306895,0.6648529963462633,0.5873864505595469,0.5993600958132411,0.563321481366361,0.5647440780826923,0.4579709042286067,0.5944127795422154,0.5032728599658294,0.528621566968521,0.5159514231141092,0.5203945169911849,0.5253453151011819,0.5012373896234772,0.6687556349951426,0.5304441479465358,0.5871667071309494,0.6222375170257537,0.6389100637510958,0.5881711643038258,0.5052913607091466,0.5284930653230152,0.5515465136229755,0.46530640404915585,0.4852008736192548,0.4926547300669055,0.5377750645244369,0.5773607833712809,0.5613751421308649,0.5801324007012139,0.5757770920043784,0.6129911555781583,0.5774757202711778,0.5703775182991623,0.472139400267844,0.599366423909462,0.4807863915141824,0.5607800476285993,0.5508472494767257,0.5767929944427451,0.484252638578552,0.44697061135675387,0.4805861464538843,0.496884142476614,0.5378982136167921,0.5005610528176734,0.48373877477256816,0.46533358307711487,0.44951949707527716,0.5884913200893361,0.5294493785828306,0.4947005889272513,0.6124895551217872,0.49965175231033254,0.512894248535656,0.5236600002429287,0.5507769827714752,0.5798389320045679,0.5902640174277531,0.5717797418266158,0.67008712028212,0.6175395905283554,0.5100251434852102,0.5408354176887291,0.5279566260623357,0.6138515716077969,0.4820265560940371,0.5747205714279306,0.5255744734208211,0.570909542719367,0.47235969871044087,0.5005038860520944,0.4822080782411694,0.5004061866494076,0.5166265062630929,0.5358686752372287,0.5605088207411821,0.6137607355574829,0.5808914550704706,0.5109651858967352,0.494382331613845,0.5497954846825941,0.5464301305770324,0.5670562324128118,0.5168780862952574,0.511434101268893,0.585031163091124,0.5837403908267889,0.4986675274828486,0.5330204159976197,0.5490171189353081,0.515485338510832,0.47290326344459127,0.5440800806743131,0.42720012514092914,0.5829593066048776,0.5652287365527687,0.573768112708306,0.4691280556444224,0.5100075340593097,0.5309144717245028,0.5292920753299784,0.5421751482615503,0.5851376020917447,0.5459587888773638,0.46853995498432904,0.6692710979403185,0.4475527123205114,0.7800320945444675
0.5739428224726778,0.0,0.5718212388057908,0.6089241756521382,0.5400057824732448,0.6994868547490568,0.5281180489539401,0.6732123666115225,0.5415695637256097,0.6900968150467365,0.5301185200785374,0.6036220873479751,0.6314833500162139,0.5709317435499577,0.5787129086773715,0.5907248012437198,0.5353233032384593,0.5430648490631882,0.5318556876729786,0.5814688069824397,0.6338411839533383,0.5984943145521977,0.46361815533771755,0.5498129058314927,0.6518144400969424,0.5083721654357735,0.4649447711828713,0.4318925087737378,0.6305665037591996,0.4441161241918876,0.608577568588823,0.6072801250941765,0.620483035738612,0.44274763095021896,0.6177894936487744,0.588530696780404,0.6227604575871492,0.5789676096972174,0.5514395983452949,0.6044218600972748,0.567909161992346,0.5431706180012087,0.5524491196073538,0.5929895255588964,0.5999796724498253,0.5342070426595863,0.5524346912481601,0.5804966571610944,0.5330380510228273,0.5777441383305424,0.5778609625246222,0.5572255491737779,0.5859573690117618,0.6657775486097536,0.5835948529412386,0.6071175943312089,0.5728715685455491,0.5774002550140318,0.6132226109432247,0.5781593325174449,0.6439199662790296,0.5093288345480229,0.5648508792300179,0.5250809517884956,0.5415862388904819,0.5243947595431623,0.5686100478130712,0.5836504642711549,0.45153061834360186,0.6014934150878474,0.5733057725558045,0.6000888577071829,0.5193482088828573,0.6334390421632761,0.5407005396080081,0.5076193497121025,0.5344465532295701,0.6697075008001009,0.4838214477258274,0.4955734017223874,0.5673583128589714,0.5701413277712005,0.7148668435855191,0.5796631240458795,0.5540959322834645,0.6147824781459726,0.6067185474771651,0.5629956757188558,0.582096731826563,0.5542633560948453,0.5239408960589822,0.5714593705993524,0.5852014598901021,0.5165595882811741,0.5741326608255657,0.6607591240272856,0.5308234860866247,0.5475534507677664,0.516229204386743,0.5716502685132018,0.5710183000164542,0.5326464298984704,0.491584629678954,0.5516284368017987,0.5742534648963113,0.553156914498899,0.5516899929160093,0.558209986503812,0.571053571448356,0.5802497377665035,0.5477087344104412,0.5403536520128025,0.5759897289209769,0.5576114809030386,0.5566029726531664,0.5548070717807577,0.5902291001906882,0.5059252132382214,0.579964897521687,0.5204881018797216,0.5841638740826582,0.5352241938727091,0.522925873231305,0.5773268029688542,0.5547712958838026,0.6032976402810716,0.5236705074961202,0.596807293075503,0.5993978121752976,0.5928908598730053,0.5224526879390969,0.5830340281645261,0.5452900506423518,0.5789737081230535,0.5883011221640958,0.5467502044237645,0.5701250483378535,0.5901830315444733,0.5736998625474151,0.5729794418524423,0.6155164100524515,0.6435082315399291,0.6262524516999493,0.5571732048757033,0.6323148170109932,0.5329934405102121,0.6099540900555691,0.5875734524704442,0.6380294041071833,0.4371301148556749,0.5516299269928755,0.6514086246640346,0.49593019665282323,0.5909091795705858,0.6005830811303328,0.5882559153122944,0.4651577187411376,0.6380733562159736,0.5834462061831966,0.48819637698158214,0.5558068914864084,0.6161992974352889,0.5099708340114064,0.5596831849849789
0.4962003499067621,0.5718212388057908,0.0,0.4917678883934285,0.5483671803264051,0.5655098042654788,0.40887350739188566,0.5786642037391886,0.5221342094671924,0.5884905251676169,0.5063508122620686,0.470691844923133,0.5299150437878271,0.5255239212423368,0.449710719794261,0.5618740715418622,0.5352304947997322,0.5248907856027023,0.440289366108241,0.5102895458050571,0.5529020140126066,0.6651539424793421,0.4028979182405722,0.43214163382594956,0.5181481564146135,0.44907277369524856,0.44874869355900004,0.4071949587737278,0.538511509511981,0.4250999646730362,0.4462001373626412,0.4838501232037021,0.47971760435078653,0.36448250132025006,0.5146227905408075,0.5246458893877947,0.4732198405674652,0.5816291992859717,0.42410349539299785,0.48189143873097423,0.49444120804652586,0.5803646310603241,0.48309833533025814,0.46468008253439913,0.47681862687507454,0.4330504200791613,0.5006230060444882,0.48170724061309494,0.4311134894463106,0.5329798795675468,0.4621590587268809,0.5075771529089822,0.49445132615238985,0.5082015876640888,0.4564037731641151,0.5000843121896762,0.4728538868611463,0.5878191307702947,0.514252473003744,0.45996348370519874,0.4986595530432907,0.4477813117996854,0.5648084179230859,0.547193709106473,0.4576283833530434,0.43592470575491105,0.4435622205071499,0.4974845561238187,0.5510287839820013,0.5881881031664187,0.48733086274081217,0.4790213115284316,0.5174696768280361,0.5242261719451837,0.5829831484612265,0.38666904827367954,0.4292657258166689,0.49921057799212615,0.4234493848901478,0.3898106099211546,0.5062712838093896,0.48870018373973695,0.5240795758479567,0.5573747161229037,0.48657172834669793,0.5669628178345494,0.5037345637599783,0.4650023156056557,0.4472340900096147,0.4340815091911131,0.5284834007916712,0.44477285818606904,0.48752180105872167,0.4006834659192559,0.5166106098257157,0.508967158819067,0.4586128487899161,0.48401330107741325,0.46781548237303877,0.44265079001846247,0.4203153192861337,0.44324974415245477,0.4313920448863133,0.5104647126682219,0.5211577010350185,0.48638883876311173,0.4675810381940016,0.566442583803157,0.458188304516633,0.45632624764201957,0.42619399427580096,0.49250533915735534,0.4858789339394008,0.5388395893381922,0.4664259218725881,0.5135233036249544,0.4692020662927797,0.44194878241891655,0.5919218467133094,0.5127334858082071,0.5084072495901991,0.4830237111670804,0.4650121659806212,0.43116559324158554,0.4721090673112777,0.4537490008042116,0.48260614808713176,0.4521269177009938,0.5356788736259489,0.5075992356811038,0.5614369397131521,0.633635055918622,0.4346718899336847,0.5011225503424889,0.4864697398319424,0.4600725898697525,0.45172801440457444,0.46883284301416434,0.5436567539304729,0.45448679044225193,0.489519792389038,0.5622215878534008,0.48550567169891734,0.5649282572077925,0.4947019367438911,0.4721726551416232,0.5453611546807197,0.45906125589220453,0.6106704250827256,0.47580657228092893,0.43117135285893493,0.4986594995337808,0.4920528515347996,0.5333776326710452,0.5002911111839858,0.4601846639176258,0.387296065035647,0.4884711868509694,0.442171257739786,0.3989495490402677,0.49322703092886827,0.47992598071251136,0.4507846550762298,0.4970705849051209
0.5729877150833842,0.6089241756521382,0.4917678883934285,0.0,0.5476482569826416,0.5713283758517149,0.5965012839215437,0.624240011306724,0.5043110063601959,0.564276432477958,0.5123306961872973,0.5689249376646468,0.5872495947600069,0.5416369608540512,0.6110581203092947,0.5532201334291522,0.5369376134316441,0.5724917022268927,0.5638429429203689,0.5417794341813147,0.6515445108650844,0.5222812377013561,0.5092501240771646,0.5529718117684508,0.6094298012707952,0.5515986907005029,0.4757077478499233,0.4469846354976874,0.5171561972001566,0.4405566358755143,0.5864646142855583,0.5950881334908235,0.6720999346067271,0.46939573468728785,0.5876292071080639,0.5725268720397155,0.6018627633165394,0.5613129541539316,0.5539527426692481,0.6947471703879831,0.5860504343995466,0.5088391559711803,0.6018814938630247,0.597283717592735,0.5870882554372376,0.5926047284637183,0.5285039775562429,0.5319217238036638,0.5805163711071042,0.6018628972633567,0.7157003846913274,0.5870526095148961,0.6309275275606572,0.682283817718001,0.5977930309157714,0.5333116148312544,0.6453927993692831,0.5680101402679381,0.6698205483375232,0.6261047344236975,0.6186241758294524,0.5221140836591519,0.6002697250742464,0.49090186017143084,0.5987750033052278,0.5756548293005798,0.593753190968899,0.5628904913332241,0.44399876340275946,0.5990319379613326,0.5787511827921409,0.6235166820605686,0.5296665072135985,0.7264855200255825,0.5141655456765327,0.5391278060969096,0.6076749020082279,0.6937930888500691,0.5197265836877554,0.5107462628042073,0.5446788712679457,0.6193264902737369,0.6167995116993449,0.538255506723285,0.6322799695068146,0.5655526882147478,0.5932243049001438,0.6658275754904962,0.6317255725449353,0.5107526723423891,0.5688868123369994,0.5913345692880986,0.6111419152494927,0.5655399689487389,0.6304621065632519,0.5514488969384482,0.5170419193335564,0.5244623476844552,0.5127069917732323,0.635509690488338,0.561422556380892,0.5865435706949375,0.5774590832277842,0.5251256154615228,0.6087764658104742,0.5660735732266751,0.6020485243912684,0.5236272058431541,0.6209468921173886,0.5209648248577973,0.6058670927421422,0.5980542585832513,0.5742748554939545,0.5690504066270995,0.6190054127193624,0.5555734074734897,0.6245888551505717,0.49774463307003775,0.5571575887905585,0.5118018242725602,0.6013966507029278,0.6021159439158156,0.5043254527847811,0.6292554259292792,0.5272403351546822,0.5623612414535466,0.5542123234856345,0.5611246674843549,0.5465589491248478,0.5976980823820569,0.4653537633424437,0.5509517461147203,0.5642909577278166,0.5728074762049009,0.535722144827625,0.5270641788170757,0.5147107573513168,0.6308109493983274,0.5579104790656797,0.633492564986985,0.6328088010857521,0.5612741564982835,0.7054143950506834,0.5508667820003612,0.6030238012994331,0.5622157786830665,0.5478337100827422,0.6065075374898315,0.5360735724482372,0.4019131538727516,0.6158732139856278,0.6847598774701872,0.5036758616624626,0.5372292051569434,0.6118749465333877,0.5809569475208911,0.4672206857672883,0.6342528382358712,0.6518743778017045,0.5624103587378049,0.5605337841397589,0.619276741873575,0.5386970054467882,0.5821952043650639
0.5664732610136933,0.5400057824732448,0.5483671803264051,0.5476482569826416,0.0,0.5030485012914319,0.4689638358972535,0.5436500669764248,0.5998861674001662,0.5086165398673829,0.5386525200257974,0.4859342942538531,0.523442519694507,0.5579213569896161,0.4909956072424065,0.5723739580189608,0.5860618318567957,0.6441637164825383,0.49025728533375873,0.5279706220349583,0.5584854458021191,0.62393541828593,0.4730393272867551,0.4479469404761246,0.5113688296144839,0.45036010205904475,0.5309108071527714,0.4510672987306897,0.4885364668104227,0.5189254837384333,0.46731808975158173,0.514223485148154,0.4957368284163499,0.3844569233352778,0.5691063103915565,0.5266328508814325,0.4785985845138233,0.6117323434701263,0.44888536545924196,0.536737220903074,0.5010432416143015,0.6110206762363588,0.5148139890360655,0.47095391054353053,0.4696907763023587,0.4631847153408894,0.5048347062075609,0.4504657058774842,0.49479531734733073,0.6243079707684432,0.5322271777745425,0.5146682768941976,0.5916380198647412,0.5094775875835295,0.4793002348130133,0.4756636646594198,0.5574197149029287,0.6572266503268528,0.560255220688616,0.5332954084148191,0.4724153308555418,0.47069722296711863,0.5779683567491531,0.5371759240399167,0.51095924349496,0.4472894385236181,0.446576183678231,0.48408750676918,0.557100858387396,0.6071348853651354,0.4968924895390521,0.5311252007661462,0.5353862466961495,0.5720131885082006,0.5867312267794254,0.416310089121772,0.47410664847098805,0.5474920659998518,0.42914069364826407,0.40265494531181,0.46129252281059124,0.5436459682484722,0.5479010626885309,0.4946648303629918,0.5364829520471152,0.5435972040423113,0.4865943577998041,0.554818278156147,0.4843339446677468,0.42766119193756386,0.7241089852031258,0.4757109806744369,0.5878673991548878,0.4435221105027194,0.5829274267226617,0.46224717637789436,0.43948748316254077,0.44976861607444385,0.5127801782563107,0.4651247226069674,0.4380482388711035,0.45501358516810886,0.4578827060181895,0.4609042333513435,0.579998724371366,0.4893096378103109,0.4729726902909759,0.534356031386225,0.48499447238704557,0.4300900039398588,0.45735881162201714,0.556533910149348,0.46987448525728787,0.6113622715749578,0.5037843568712173,0.57907135880159,0.5005248737197835,0.4827752916150644,0.5017362942710043,0.538692338390136,0.6244678116856432,0.5016178471055978,0.4525122717846065,0.4666568185515329,0.4923313835599231,0.4386921867418929,0.5218328110167799,0.4611922026069299,0.47396096263195436,0.5136247682821444,0.552212131331859,0.5837670205388132,0.4646547829904982,0.5521226387352557,0.4531729456311642,0.46734898492997623,0.45324114901065055,0.5148612225903169,0.5262768105781748,0.5113660061731858,0.4729383910323613,0.5615674369528657,0.5675661431636908,0.5767487197419261,0.4832775094167051,0.4996342432365878,0.5532267895367766,0.46507526138173155,0.5152193202915363,0.4480427397453219,0.47218960040536745,0.5483769670155376,0.6166356744841401,0.5043734961358916,0.4855585314728986,0.45796036583580035,0.4149769652329439,0.48399698701412125,0.48706647974995126,0.46310320444833614,0.4552738520629335,0.5205274550573327,0.4567438852647985,0.6011554658497069
0.5759214984616681,0.6994868547490568,0.5655098042654788,0.5713283758517149,0.5030485012914319,0.0,0.47771025051241806,0.6386583061727052,0.5360387479239556,0.613255562572993,0.5293815406632929,0.5404708019913774,0.648090998864315,0.5615287312168135,0.5081619126283837,0.5831036863065427,0.5280002981178853,0.5205633151778694,0.4991480030262168,0.5665234551807768,0.6042798526184666,0.5732111691118743,0.42879538525806554,0.5057851244863002,0.6194932286414864,0.5026512417414992,0.4376464430868462,0.42674937297063253,0.5711197363174619,0.42879952979431807,0.5489348973744743,0.5853545213835751,0.5583083789444888,0.42538195381509875,0.5908429316900808,0.53882217126393,0.6235533832655552,0.5657187073876151,0.4949392751866434,0.5444825893993829,0.5166722496565457,0.5566041454489401,0.5194238215742858,0.5738846430161366,0.5540920806227513,0.4957917126104722,0.5188565992669378,0.5906530262572051,0.4920083458678182,0.5352294986071849,0.5388031153633257,0.5636764028889175,0.5424669491144254,0.6021565762466751,0.5305866590103411,0.6266011652355723,0.5429587144040159,0.5641269461294728,0.5567781587344709,0.5211442884940665,0.669899328693415,0.49931308795150764,0.5825821502942448,0.500633727386772,0.5125752533973496,0.5190459372080235,0.5587590251011563,0.5888513624572353,0.4479499783133705,0.6087663443315571,0.5692940851270853,0.5527063632714734,0.5538996819613305,0.5973003738203738,0.5500979785436206,0.4897813258837554,0.5090268521008514,0.5898705666096508,0.4677218545979038,0.517001693062863,0.5993008777888112,0.5461060202016053,0.6442168904857056,0.6165500693434331,0.5463385170288918,0.5943166032154105,0.678646404810762,0.522781190772365,0.5461976633214978,0.5388959662653698,0.5087358413374081,0.5277756045605705,0.5234226634230864,0.500733098600994,0.5621440694551226,0.6247315472767452,0.5231905934427521,0.5399726432621279,0.5053112667799916,0.5430800931998625,0.5369947172952427,0.5078763198155777,0.4736496277740483,0.5110200419725576,0.5610061876392296,0.5318078236842115,0.5235792389830655,0.5561360614417781,0.5118201932200779,0.571213871075925,0.5208025331536992,0.5191457287831032,0.6462174383940742,0.5493085485468412,0.5369314268723295,0.5467648775612078,0.5727852087662278,0.4655239490763665,0.6129135360779918,0.5321840347844677,0.5438100264103344,0.526654429472326,0.5520027325640677,0.5410123163582963,0.5739118926527241,0.5497691021390291,0.5168562798678373,0.5367391768626211,0.5742410328149523,0.5421063499166098,0.5269418698748315,0.6125567668110654,0.5619367370417732,0.5862998491571136,0.5681933791279922,0.5269300067853432,0.5373007586882178,0.5256417418230579,0.5203962618280711,0.5139322467949056,0.595763935076621,0.6433568371004453,0.5699099088145083,0.5381640646553946,0.6054777466048935,0.5137821618618027,0.5736252125329745,0.5374484480315449,0.598970255390048,0.4406832760855384,0.5359185474997205,0.5940602815238287,0.4678929857867355,0.5167096221225915,0.5660352238218621,0.5731882718572585,0.45922121854297515,0.6185644492241102,0.5538977966168517,0.48105787969752656,0.5386597268314716,0.6261934126572017,0.4926476103640052,0.5585634642953288
0.4979735991237046,0.5281180489539401,0.40887350739188566,0.5965012839215437,0.4689638358972535,0.47771025051241806,0.0,0.4976577151344038,0.4273364020434999,0.5150312977726613,0.4561015419485464,0.5869255466985841,0.5057896116181327,0.44076132858332856,0.6224418286779676,0.4749661124023039,0.45186981396360054,0.4771729555727622,0.5750321354448523,0.4746414144490753,0.5257230824362249,0.44110586645133226,0.5388942289553214,0.5874613368992653,0.5605108794207617,0.46765745656146007,0.43265523649851084,0.42109341740127815,0.4709026246256575,0.4238482996451787,0.5878994652050153,0.5755120735945762,0.5489196141269719,0.50973421023085,0.4889123558756339,0.46837982700550845,0.5672390181978829,0.4365837255119106,0.5888602291249753,0.6077167256110358,0.4771385569823851,0.42829930010550044,0.5371123139584895,0.5360891242708405,0.5334733884423046,0.5692179349209261,0.4655777529044264,0.49029214840049046,0.6430011335471508,0.4885176339545788,0.6462030048830134,0.4628471861840393,0.5132800502942872,0.5798843098905264,0.5993300690246659,0.46126612253384075,0.5633169651639108,0.4627809754026476,0.5793559808406495,0.566920715885438,0.5277796755713603,0.442447809416524,0.4545323424210433,0.4056564319044262,0.5270943961708228,0.5175743842194133,0.5431937560012982,0.4961961136983056,0.3717412603712236,0.47439238737688133,0.4869398001545666,0.5206231318018052,0.42370505531989316,0.5880082769583149,0.41688983109431,0.6040954389117943,0.6635025602829067,0.6295274198637071,0.4550150420897368,0.5013072019268302,0.4475625891574592,0.5083293123130392,0.5588258917571151,0.4206675673448273,0.49804202670355047,0.44999058741895304,0.49216117808069837,0.5953699678650773,0.6025340834101378,0.4761117733078226,0.45698401846029607,0.5448006167170444,0.5640260838486978,0.5907740314542266,0.4844500709197128,0.49664862698982487,0.44338683457140937,0.44800739527860495,0.4244201493691895,0.5808810382891666,0.5468322336728741,0.5811116979336123,0.4991395076297006,0.4595227902005638,0.4705411187967014,0.48436832935438795,0.5303088686843693,0.4384867608942882,0.5719708687807155,0.518951106999106,0.674375542941969,0.4747866345765599,0.47495326564131074,0.45425569782804553,0.49800756364240917,0.4603042964127559,0.5509723952480327,0.5364454121509646,0.44456822522024525,0.4049897536596725,0.49423239994729984,0.4632671010489987,0.4326556978877953,0.6704882087676997,0.44413731505140513,0.5649712668186149,0.44984098731491573,0.5539250029224464,0.4585864393478434,0.4922815906611566,0.39376243663107635,0.4325294061277982,0.5018508324363732,0.45226630165933246,0.48706930375697827,0.46804135374625133,0.5057789826565794,0.5483722936875182,0.47626629290968975,0.607553090971113,0.5141740640064346,0.46624623246166325,0.5965412187381108,0.43657089477964045,0.5199575983637927,0.49684203208710226,0.4608053094002204,0.5719301266041575,0.462051381881459,0.3402300041808586,0.5787201215837215,0.5679880089317977,0.448386153312172,0.49331090613281314,0.5248755212615913,0.5369666828335986,0.49716587469733314,0.5685504671919493,0.5744393764580021,0.5803589879111745,0.4663800925551518,0.514351617088239,0.4582600735027775,0.488816264903538
0.5722894468441677,0.6732123666115225,0.5786642037391886,0.624240011306724,0.5436500669764248,0.6386583061727052,0.4976577151344038,0.0,0.5506273803316644,0.6162728712671859,0.5060714548974197,0.5894793418272263,0.6151491406937686,0.5441425751557915,0.5627994196425643,0.6037782615594496,0.5546443459450312,0.5667605780501428,0.5318193757522578,0.5944168708389782,0.6881339908882977,0.5652703124468677,0.4728513554942575,0.5312523775823861,0.6363139303626253,0.553658145110944,0.4716119916463405,0.43563588041860185,0.5275191184765798,0.44731291402082274,0.5923541547293314,0.5838019298898458,0.6089279057522538,0.45238565839140066,0.5925929421496038,0.6113668975814017,0.5951714719407237,0.6236640801429261,0.5286182289866822,0.6035629725531932,0.5971716791669868,0.5478835465122739,0.6108091026874428,0.5649938653938921,0.6432810430353563,0.5778084550586805,0.5903095488118736,0.5403283855877282,0.518069689789307,0.6242402277796698,0.5942068786374282,0.6130996341958627,0.5788084556074911,0.6254851566190833,0.5450530855541978,0.5959436118508301,0.599708390699688,0.6241427478358379,0.5989417140495588,0.5940229803233366,0.6186593340594685,0.53312250623117,0.6384706559903999,0.539968370040693,0.5568121136129592,0.5559654764096315,0.5569652269566233,0.579052280391799,0.47438095701379557,0.6573300210047083,0.593845283139094,0.597010342912996,0.533861647713887,0.6622949105993623,0.5610346339220844,0.48916651417733914,0.5294400939293166,0.6334107515016055,0.5420566385481363,0.47096820038276227,0.5726614685786998,0.6056803969675372,0.6565358103201865,0.6179313423943588,0.6126465172453391,0.6932965606849262,0.633205585608,0.5829446387153744,0.6078895084594508,0.5478065574049782,0.557929193518179,0.5695632951517384,0.5615847264668186,0.5044077164546543,0.586164230073697,0.5967487948381411,0.547696443529075,0.5890480400271739,0.5204141748676432,0.590780190980138,0.5216921087760826,0.5710983521187826,0.5366895481350789,0.5783409054152773,0.6293507591502364,0.6365158950198452,0.6063614121227466,0.5940020964147648,0.5927719141779055,0.5375104591992229,0.5304632927032782,0.5954211517919757,0.5635320847386742,0.5859217593663938,0.6046170594783067,0.5826142753409103,0.603664262670749,0.4840554604658221,0.5849922785322936,0.5373923588404895,0.5932285594957492,0.6134565293691111,0.5321611315445496,0.559159020429574,0.5221668028771801,0.5568726225837929,0.5569048186893061,0.599948064832054,0.609229678916265,0.6151697260144495,0.5344026402143955,0.6325838080444491,0.5328372032149881,0.5751685655789008,0.5675862142547775,0.5219063146862177,0.5653722890922709,0.5936551348368148,0.6133601824177991,0.6027948189814903,0.5826396330547962,0.6022269083504268,0.6236889516618543,0.5773502493386503,0.6157482457682799,0.5843273422941462,0.630672149437323,0.5825944025105546,0.651957734658707,0.44601125789578794,0.5641359829464261,0.6045330781539388,0.5028141484953118,0.6067041120157104,0.6502103007193868,0.587645362717694,0.4379977889663675,0.6479483075088721,0.5277756793038885,0.4787846716369444,0.5676591626246432,0.590153467714129,0.541227405144051,0.5556180578443629
0.5868899018390867,0.5415695637256097,0.5221342094671924,0.5043110063601959,0.5998861674001662,0.5360387479239556,0.4273364020434999,0.5506273803316644,0.0,0.4794992417998928,0.5081059841218762,0.4446884370852673,0.5344428401002371,0.5936941601196731,0.4557183872230983,0.5297462701570675,0.5329691632207663,0.598592160071019,0.4428407429127573,0.5253894156616433,0.5097930856036169,0.6174908103311437,0.42034471807085755,0.4216307981280752,0.48938151827514004,0.4327186869387698,0.4991297962833483,0.43043633468363707,0.45313900395428497,0.49401464084569263,0.4577816128976472,0.48351912305317873,0.47161929471617636,0.3637838997108053,0.5695064299030024,0.483592978797689,0.4812608780520515,0.605671511957987,0.4165622753636527,0.4883438320499665,0.4612882986761351,0.6902271685024587,0.4594513070947152,0.4487077257808765,0.4532306222269528,0.4357203314593037,0.4797096946846681,0.4353251100501641,0.44650503968988026,0.547864146451186,0.4791459865988856,0.5001469259104286,0.5597635152380536,0.46972342076103396,0.4307875284108758,0.534141520084684,0.5136435052475994,0.5847682552540403,0.5045889874350639,0.48996841679654896,0.481826399475084,0.4701950195192235,0.5493260626477711,0.5091766282075505,0.48747281489589056,0.43741278588535126,0.45560579479890706,0.49917848768689405,0.526075434903286,0.627719433146864,0.5090346539891565,0.5103367250918579,0.5748998008385805,0.522759001388813,0.6016087830391119,0.41006920060938123,0.4383141184929998,0.4939252795057934,0.4127338721432235,0.4085206091509397,0.47182427435186136,0.5484199765144498,0.5601063736908141,0.5202246014391144,0.5108375133950779,0.56673239449886,0.5201125916428325,0.5064591089560311,0.46977487756522635,0.4629425164828896,0.6157086840126856,0.46782086566089665,0.49502879105829517,0.43115603566720195,0.5830128526171352,0.4658379571091528,0.44643015181545237,0.44801767153505423,0.5256801829676774,0.4548618878285888,0.4350673750658605,0.4235490084995736,0.4267078340095971,0.42919220941746616,0.5663236893422174,0.46914464937155753,0.4372596945572161,0.5263804830412532,0.4457243476322406,0.4270057759538691,0.42227513880384876,0.5194269314353724,0.5034935623547093,0.6224033522950693,0.48285908082666384,0.5930312214649665,0.4819772789221522,0.4247158299959287,0.4744656965903559,0.6110855900644334,0.5709154405861283,0.49855730680434257,0.46734874619180067,0.44720020347313677,0.5448121965760444,0.41350311589599126,0.5210837416174694,0.4444956525345057,0.4448776866164491,0.49195436683372273,0.6670728071731064,0.5997723625107627,0.4919215082859602,0.622282804550194,0.445750088031376,0.46438116296789367,0.4447135405087747,0.47586040451442707,0.47594521895276776,0.46811050554412675,0.4680374117693107,0.5653195412308626,0.5483245503575469,0.5575717026740307,0.4704887619240495,0.47524074489760226,0.5750373112103966,0.44310403106293117,0.48952492379065715,0.4529432164177631,0.46257545753464036,0.5146320361509558,0.5336837191407139,0.4696033165626355,0.45824161206693104,0.46873072617798267,0.4140376517074271,0.4761223229507141,0.48037043765180054,0.4384432576363012,0.44577702929284524,0.5450494093491995,0.4548397610026051,0.6098254676291124
0.5173673543462977,0.6900968150467365,0.5884905251676169,0.564276432477958,0.5086165398673829,0.613255562572993,0.5150312977726613,0.6162728712671859,0.4794992417998928,0.0,0.5290425999492258,0.6192698911269988,0.5822022743640385,0.49748144700903985,0.531522323017008,0.5858525354197174,0.5279971616301077,0.5160557440609849,0.5486451804329109,0.5340613357000287,0.5960823234308408,0.5721739753626789,0.47241667907625134,0.5216211585018302,0.6580436870400179,0.4624782989411441,0.4608415274911879,0.437804193557986,0.6497392190656769,0.4429624163640494,0.540353667623499,0.6043094905052362,0.5408835253149208,0.43642167900759404,0.527327563436341,0.5311227740785904,0.5602537812601772,0.5163520749545446,0.5225229227736286,0.5575649689590916,0.5102079978294967,0.5159688428027717,0.5350928978593463,0.5269572716121019,0.5517046749280665,0.5013879241814355,0.5013776329769613,0.5448080279673418,0.5316570978182905,0.5250724796652972,0.5413586936705376,0.49634967766482296,0.5210164776683103,0.6160859983400138,0.582693699402043,0.5139553152944849,0.5301075483587098,0.5655481011987684,0.5933239196258949,0.5258492171358335,0.591873102862669,0.451461085945564,0.5186770551248884,0.4828948291726269,0.4903489957842598,0.4859972629108047,0.5056042249143917,0.5196043499823558,0.45025677524561464,0.5733040471861067,0.4960044739140435,0.5146072356725846,0.4745421647932912,0.6040248236083645,0.5191798767987308,0.47286429325232954,0.5309582536326909,0.6017044777668399,0.449100376937351,0.44949506020578334,0.5121934810969996,0.5013736846607911,0.6050181001805423,0.5127246728964505,0.5045877627957851,0.5300364650122201,0.5432606393524774,0.5257399654683614,0.5448639067040746,0.4743099700150382,0.4901922755130678,0.5037719646590806,0.5677562760273981,0.4777380564216475,0.5069839346413948,0.5840128021287635,0.4754075401401902,0.5030752680331413,0.4464863861712922,0.5180832853868196,0.49618444108144727,0.5411691383055129,0.46492328735092814,0.5561821527180462,0.5077874367116287,0.5087212470655229,0.5370234910141732,0.5491083310559575,0.5276821404035066,0.5512233202709317,0.5379849689686957,0.48562402732365734,0.5081367864520135,0.5240246252857735,0.491800038754697,0.5037670557994373,0.5513973023523345,0.5481875349790344,0.5686370765417282,0.45804992376603915,0.5023339954753749,0.4828846152560897,0.4694984271007096,0.5295398316699165,0.4688066862248765,0.5905286015964067,0.4710039835196995,0.5349557795865608,0.57607867469717,0.5192580981259481,0.4880201089808055,0.5383279772367162,0.48506203147134846,0.482397236210352,0.5445108331531838,0.4773628926324377,0.52484564786554,0.5124732519631192,0.5660682586336522,0.5411695432204581,0.549387720723491,0.5640904871715356,0.5513947011934528,0.5115059934873918,0.5545638322237751,0.49478066336307025,0.5193244318015633,0.557950860191964,0.6469248847279349,0.4142475558297517,0.49992376765533547,0.5934469937687981,0.49370746283270617,0.5713845771026604,0.5760902351875693,0.5262606344730334,0.4562972128369432,0.5818828362508557,0.5083946743268464,0.46959375119320595,0.5185652076612652,0.5222111373176933,0.46904332888586925,0.5014730105565426
0.6150215300072055,0.5301185200785374,0.5063508122620686,0.5123306961872973,0.5386525200257974,0.5293815406632929,0.4561015419485464,0.5060714548974197,0.5081059841218762,0.5290425999492258,0.0,0.49232261737450833,0.6206096690411433,0.5330416469555923,0.4397744602521966,0.6706400102964292,0.6383289797895824,0.6058683065517932,0.539676825429659,0.5751661689841046,0.5012719035599311,0.5828730801542885,0.4957649647574017,0.45523385229832947,0.5585158728367625,0.41110193628614666,0.5622140166600642,0.5846728548689859,0.5569326539499451,0.5385296823073537,0.4418794146023199,0.5765522607775907,0.44062420572814676,0.4055525014378631,0.5653504162283426,0.4483785495986335,0.5181387397615592,0.5297448461944465,0.43236112231823054,0.5185663817077668,0.4214619942987696,0.555634126131939,0.46840323095087916,0.4517080001490371,0.4564913929695033,0.42889386237455623,0.4110513503482141,0.48940116904732084,0.5433981138627552,0.4992537857314784,0.4847162096704608,0.45282176248987094,0.4958582018931528,0.48553724592272435,0.5065657903734497,0.432743121366147,0.5452613566571679,0.5925079656738342,0.5263826297853067,0.4940447293228904,0.5216119764257838,0.3995803061937337,0.507278574943178,0.4623403164015984,0.4377157899873217,0.4283949828990513,0.4392534345579038,0.4412386202902052,0.5178080825108387,0.6213814138628263,0.43526447962247755,0.4854979078782526,0.5281090405094928,0.5552364434392292,0.606755178231052,0.435690324072526,0.5018837163289682,0.4951027056338,0.3943936479432732,0.4245503001554267,0.42834535937742857,0.4429749244678441,0.500974321018146,0.49591388824029947,0.4752674676015577,0.47758415510440844,0.5167588264714393,0.4934807013003187,0.4872917944918089,0.39711350115998717,0.5414463625252484,0.4101939997297167,0.5651441880660397,0.4717141380673048,0.4868558859321706,0.44004906322578125,0.39481404118515495,0.40899325876810355,0.4272624858233451,0.44754983273041454,0.446556641819553,0.4473847363374998,0.3973996190523201,0.41439470345809676,0.4934091021793502,0.439067558758289,0.4386394071629931,0.5603362310145382,0.43022024229951605,0.45591380744014454,0.47519020749829227,0.4570346238566297,0.48208417895955824,0.5697631946977793,0.4677427851159174,0.5633366369801449,0.5117178883328936,0.558545435539795,0.5055532418815515,0.4679118907358549,0.5082674023304968,0.4200884267613423,0.4656241040588149,0.4553083642145264,0.47328826574694405,0.45200883979852396,0.43133120474752246,0.43131964091210206,0.4669078931988268,0.4406778600786865,0.5075514506499078,0.5088917842145176,0.5391401206959341,0.4862669052173464,0.4584205346475564,0.42358628892719447,0.4703238033357268,0.4566353981371744,0.5225271007852205,0.4582616965324355,0.4593633409425844,0.5481679261221755,0.48889327146877476,0.45933877519166566,0.46252790806172744,0.44160267382074125,0.44249856748541583,0.42847694489104304,0.5090696426772506,0.42892246233605547,0.47957314281270014,0.5205901489312225,0.6337008915550123,0.42171873499202084,0.447970864964758,0.4478749652237883,0.5377807022545316,0.4656528415640664,0.5137531067355289,0.509819821167359,0.4107119396323186,0.5240201491597498,0.3881456467661518,0.6135509735430963
0.5114894614760286,0.6036220873479751,0.470691844923133,0.5689249376646468,0.4859342942538531,0.5404708019913774,0.5869255466985841,0.5894793418272263,0.4446884370852673,0.6192698911269988,0.49232261737450833,0.0,0.5402994853985625,0.44814372435694183,0.5788918450646777,0.5537279629147763,0.4992522141077039,0.4887172776137607,0.6648205194459896,0.5386460939014476,0.588473126477785,0.47528213375537265,0.5415475253513403,0.597041148674541,0.6762240321664548,0.48107203033984525,0.4468378358317635,0.4433428936979415,0.5511358937796063,0.4477415609891605,0.6293429027549606,0.6263139725051837,0.5505460399387436,0.5367688834494968,0.5220463887338797,0.5230329970966587,0.5814876903049201,0.4819550963941705,0.614645434832186,0.5789168807351276,0.5186760890181363,0.453777885538032,0.5894880841749862,0.558135078198424,0.6076384581074857,0.5710870111952594,0.5024447601389278,0.5421858340998854,0.6087651294911742,0.5193137730107681,0.5890905763157018,0.4962727290318981,0.49988066728642777,0.6120001627104374,0.6465631861373421,0.4829229174297985,0.574109686420859,0.5364102119382571,0.5571222817910741,0.5763958714386149,0.5548270685264115,0.4470532260254875,0.49220811514338675,0.44880993382283174,0.49710557907665026,0.5101076961211044,0.5041901811318729,0.48651465201979693,0.4003155245121141,0.5197256308323088,0.48431679045753584,0.5273086546641337,0.4338632363229012,0.5910458208250106,0.461719273136231,0.5411464113735865,0.5767517286439667,0.636512522547786,0.49325031565349414,0.47559580200278173,0.47368786130552926,0.49444344486341557,0.5840007748104785,0.47337370319474703,0.51540334267783,0.5078666701650527,0.5270620143660245,0.5461998512675749,0.6227218432251106,0.48173767813207347,0.46942036101645745,0.5334228670748472,0.5926865229517114,0.5404032568343585,0.47125389945354207,0.554746710579695,0.463040302709847,0.5094985696094461,0.43415915570667196,0.5586173587723543,0.5306747875561857,0.6008121947913869,0.49493092799428445,0.5530375365308658,0.4968149309068037,0.5350334410017281,0.5719248968545071,0.5131509801123538,0.5700435258797858,0.5632907608139348,0.6414429622319769,0.4916518317288983,0.4732408266833342,0.48184252995108856,0.521660895867052,0.4898142635676756,0.6016389150633881,0.5899899347556786,0.5020887724110521,0.42286534459451036,0.504016013995302,0.4784685169676124,0.468816008976428,0.6021557201670865,0.4457455576971991,0.6623742457221382,0.4498342072939776,0.6073889803459263,0.5602096411121819,0.5039227508029512,0.4350284319683208,0.47363806471544917,0.4931075646324534,0.4624143788828923,0.5392602224989202,0.4659512264573619,0.6086430315738909,0.5506426448487893,0.5569495453455123,0.6293376341862206,0.5215902610625202,0.5103270826961218,0.5549826138379871,0.4598393624969996,0.5609301212937583,0.522349471839624,0.4965787019550009,0.5700026233855396,0.5852925952668562,0.385998467327195,0.5704771548476717,0.5837501234304178,0.4769503277569417,0.5327443986989803,0.6131320715581138,0.53560923059946,0.4733120243882032,0.6082753385855906,0.514866274478639,0.5073225623921255,0.47987824368635773,0.5262931662618602,0.4608828112421872,0.491430233273491
