0,1,2,3,4,5,6,7,8,9,10,11,12,13,14,15,16,17,18,19,20,21,22,23,24,25,26,27,28,29,30,31,32,33,34,35,36,37,38,39,40,41,42,43,44,45,46,47,48,49,50,51,52,53,54,55,56,57,58,59,60,61,62,63,64,65,66,67,68,69,70,71,72,73,74,75,76,77,78,79,80,81,82,83,84,85,86,87,88,89,90,91,92,93,94,95,96,97,98,99,100,101,102,103,104,105,106,107,108,109,110,111,112,113,114,115,116,117,118,119,120,121,122,123,124,125,126,127,128,129,130,131,132,133,134,135,136,137,138,139,140,141,142,143,144,145,146,147,148,149,150,151,152,153,154,155,156,157,158,159,160,161,162,163
0.0,0.3237369394032847,0.2531355443662764,0.31387300511355887,0.3553565459350437,0.3001484405224365,0.3379080122362206,0.39395382828005737,0.5435257598045823,0.26293462892138647,0.33613584595217105,0.26631805991700647,0.4169995305417702,0.3989101309493098,0.36230541160453295,0.3249932692618032,0.4121100063226673,0.5447977314757294,0.3080836297301876,0.4020888366116155,0.4037085813077556,0.3074335017183171,0.42257057787023855,0.3475107957979122,0.35979146940799767,0.4259222943085164,0.3357211020840397,0.4385892902722123,0.21466244298879078,0.3697036496187619,0.392131156631364,0.3625235786137887,0.27595842595013703,0.44724218118774556,0.47190842500638397,0.353124912695232,0.4590376834872144,0.4466863525213795,0.3085833632353899,0.4454468743784628,0.3194534099784252,0.49338971856398756,0.39586685815706507,0.3369818021186271,0.3796400607492708,0.48893508810080044,0.39491948984290604,0.3022117935628794,0.4542358030343141,0.4353840241774494,0.5167476668190946,0.4301992221236862,0.47164907615400786,0.28773500634124405,0.29531107430818837,0.5781227804822408,0.5516164311055439,0.3273068090465709,0.3684638434789904,0.4207059832579852,0.3579151055020776,0.44030573687297586,0.4520086867932688,0.308573648355537,0.46774883621205043,0.4930128615758412,0.4669853856724411,0.4260530017309732,0.33303170163647605,0.4456055075011109,0.5663779043771252,0.416534437146644,0.5586798635630368,0.4415647540677718,0.4144039112218369,0.5116390420506202,0.3482731058948156,0.33627319585746984,0.57425040172357,0.41420924406815035,0.4371838147951697,0.5358974918388882,0.4055004246955787,0.4332889950129221,0.556648069965853,0.5022045835995987,0.4701363581698978,0.494814104398993,0.489067069687828,0.520921686410436,0.5336445653614939,0.38772569489165565,0.3723900167705728,0.5245203141228799,0.5631603837312007,0.26305704970197913,0.3015901731341043,0.3369050442143477,0.44266383356051503,0.5494159641967846,0.37427698833406164,0.32890879045193555,0.3943742006230764,0.21847481077479544,0.5614656577428171,0.4244597117962133,0.3631503507827708,0.426228552404529,0.4024979403161684,0.3361583393260709,0.34267608039567077,0.5700974022975722,0.6000877750714769,0.40965778233919864,0.5786816245798693,0.511190985919982,0.4780838054884466,0.2653805336487394,0.27697283706388187,0.4545971962946183,0.42993425307927907,0.44858798834502833,0.5976089209539929,0.4790826301378688,0.49720934740960976,0.2515320150697986,0.4514403604655826,0.3066181393505589,0.28986903585211643,0.36495410857313715,0.3972752987402185,0.33919486825264117,0.41689105217686345,0.5236313831439887,0.3102556778962719,0.40590021587489905,0.3606488556855721,0.4439584549623381,0.3020526303011517,0.43912523608298526,0.26008693074966144,0.34208895420214713,0.5796611018891299,0.37956179380967336,0.39952863365626984,0.5189928271516381,0.4411745086226007,0.3395904335889353,0.3142026861458734,0.27567280904492913,0.5801205699094868,0.37500417889413246,0.3501686134792629,0.2637759266381854,0.3492561378106457,0.4501755190745689,0.3578669036102566,0.37544354628490073,0.33396703994468074,0.5862846686374035,0.3864906246705793,0.5393768906701648,0.40994543551571466,0.5999076202419965
0.3237369394032847,0.0,0.38346713775858804,0.29971338732403435,0.3190268752734784,0.4185923360854787,0.3336305733116788,0.4621517793406223,0.2757323831975774,0.4414947125145885,0.5218093760289699,0.4029170156494692,0.3764533626315512,0.3187363952080926,0.410617096262798,0.3731472547448827,0.37869510461794326,0.3205856719730719,0.42291033528424743,0.32748646718862406,0.3915549987394058,0.5425112946120294,0.3827490981497316,0.3730373759195257,0.49916237796968166,0.29075334571119404,0.29315282644909824,0.3906998250999189,0.3313502533054647,0.27597313310116517,0.42281040913966833,0.3999152412240093,0.31774472732695064,0.3703293094318628,0.37380234502641646,0.5485606907387286,0.35897190060559847,0.3397836401374388,0.484527028400657,0.3302527823214934,0.4070642032559354,0.3512038779064474,0.32892929057714615,0.3416680052330418,0.4369777832551397,0.30509525057695824,0.29857396195939895,0.4673550989231309,0.40312246695815707,0.3297324387164019,0.35354476035203797,0.28651965515103234,0.3264242193231645,0.5119142981808498,0.5133627005320259,0.338714688683538,0.30286191382472855,0.3735255836352368,0.3767811704193376,0.3387662680573504,0.46031512602993635,0.2523210666009205,0.3322517256512992,0.3300825221849412,0.2768941215640174,0.2792753058105815,0.3100861276798895,0.2941647160818408,0.35135677332537324,0.4027850399961852,0.2884924274939183,0.2969648908330278,0.28633346874820553,0.3933355813127845,0.4220914310594497,0.28268595183588546,0.3177910829995356,0.3826514453715754,0.31381448989578653,0.23959047208910886,0.35666180831314337,0.3128993687778888,0.3734804885599793,0.3898413652309041,0.29370388659046553,0.3910248010331999,0.33200285506239946,0.2832934422918065,0.32056577028255784,0.31434770399586054,0.2944632827673978,0.3067468511564616,0.4606642636935777,0.2893084273812228,0.3079476211487827,0.4082387696087197,0.2979205593700613,0.3397352745286796,0.2591712711865048,0.35947585375926344,0.3470461584773742,0.345536418917072,0.2513335606105665,0.3025290753337777,0.30887144925504234,0.2878944021720589,0.34538788706499035,0.49683132577681205,0.34784338259994113,0.4713514093751586,0.36250967239530113,0.2900784258884946,0.34646296352136174,0.2904957350278597,0.3471765340076803,0.3357139565095306,0.36002986069043863,0.3232949021202523,0.4311878159993955,0.2803622280275791,0.26801632218573634,0.28658987598243224,0.31691951120015566,0.35225452985330885,0.274026730384578,0.4195642546737655,0.2751509289959758,0.3708931134046966,0.5370341294853554,0.31979856730916,0.33497383377608936,0.30264766827636935,0.2532990060580807,0.3245446219167998,0.46404074761103276,0.3009550611493653,0.3514626463747052,0.36334308573868884,0.42110702825672175,0.34016603551346725,0.32192873380362474,0.3627310358075762,0.3461774914359395,0.3679197637614467,0.3926318166458617,0.30607091129129776,0.3642687290027207,0.3805542181683114,0.44562177851099916,0.3478677715264362,0.3189344322781768,0.4121332413408469,0.3489603530715853,0.3779125188565745,0.4026894218868556,0.3319350113828331,0.30888740724351454,0.36334233270969807,0.26722273724712164,0.2837009759339504,0.41570970101315,0.31284590666803014,0.2600143772944618,0.3102688010465147
0.2531355443662764,0.38346713775858804,0.0,0.21517468572103243,0.28797351182033565,0.31273871866839725,0.24923364816154078,0.3212090269320226,0.23622230846240042,0.42025100945411176,0.39789052476530085,0.3618377500217272,0.3106629716262135,0.24991446291042518,0.28863314730674156,0.38150364158903866,0.3427542079866228,0.2659004656201479,0.2749522138126485,0.2572701544793715,0.34672659400143796,0.4852073420377766,0.2532641550745449,0.32295883523283875,0.30321658274347035,0.2612846698371244,0.24005807381081337,0.2776072215545558,0.3329704887497261,0.2806088686966695,0.27196595958526254,0.3222131385430477,0.2288957013878432,0.24750103127568532,0.24727313090970943,0.33164458017588855,0.2975878051838852,0.28072323289062895,0.39317243504872884,0.2714376721231284,0.2863375561953708,0.28609108677957834,0.303444300697135,0.27351504117341574,0.31496479585903103,0.25645757731308166,0.2973342598634642,0.4037405092623381,0.2994757391631836,0.2768181445106524,0.28189371435832244,0.24533195158647597,0.24896129395793123,0.33639025653292554,0.394275059499361,0.24966687922452233,0.2530724503119856,0.313486188575048,0.28571546212455484,0.2620060276000496,0.3281851903599926,0.2222432019842345,0.28305870674683653,0.27072120122998156,0.22708696231455433,0.22867159092777498,0.24296163351473268,0.2966812151562787,0.30164674957835363,0.28189754658071253,0.26826121677635106,0.2321542687199496,0.23749626787390515,0.33668103349430484,0.3271804568248946,0.22166374050668747,0.2970973395406582,0.31796798849739194,0.25527676075595657,0.2274434866077044,0.2976369799630447,0.2371871687436382,0.34492022730356675,0.3046886001573187,0.2360973424641888,0.3082988645398005,0.24901600884115377,0.23191652696677673,0.25265830795680944,0.24906509239648805,0.25135243252163747,0.21591856834965117,0.3711477937106675,0.22591912454390306,0.2501249545203139,0.3100359674833864,0.24645761934728178,0.2384955704227047,0.21647324924733372,0.2500506699724178,0.2607074776046669,0.2832734300850284,0.195030876454236,0.27717706190973634,0.2506439118046472,0.2740610960300937,0.28406797103333403,0.30477103766160096,0.2854634273826663,0.4016211918887425,0.2725802673847975,0.23806781034116536,0.24057057790009712,0.24073227222679058,0.24881398510636282,0.2702590475552797,0.23779604736423213,0.396774191431202,0.3171908752974785,0.2145673086006537,0.2578153503194444,0.21530875352201997,0.24689905783818575,0.2875256798401398,0.21942125857875333,0.397618038846247,0.2263423799324336,0.3381296795570405,0.3811146402291568,0.25918598476339694,0.2699744590774219,0.31014457958921526,0.20723755626832258,0.22875272088474785,0.34359016721493385,0.26016587524717555,0.30740889315570996,0.25065993299835515,0.3154606670424125,0.2734364013126266,0.2271468887676431,0.29417887276380356,0.25538092115556027,0.30093448460572725,0.3184029677973365,0.22125985057262415,0.3336542117362733,0.3303852565403552,0.42653773137800294,0.2840640168487465,0.22636914861232124,0.2608350583047949,0.28727273681523224,0.3417400284303778,0.2841438252231206,0.26349089022127153,0.265609339432026,0.30247329186146266,0.19063567633279013,0.24090134177292558,0.30212418765053006,0.2135335136034632,0.21959313486392443,0.26235794498974996
0.31387300511355887,0.29971338732403435,0.21517468572103243,0.0,0.2792964476987706,0.2912916027329216,0.4171014607349406,0.3046933071632381,0.2738124589639351,0.23386625201809427,0.27749872559810956,0.27374943025599496,0.3014294538718541,0.31330796076630363,0.39478184087258156,0.23255128841858694,0.29316959480375226,0.32661862334372,0.3026273289563107,0.2785966568001276,0.29236760900956227,0.2618651098602392,0.3753746015981549,0.30735258264750154,0.2947197318397411,0.2960536366682651,0.2951375047091917,0.3484572939895125,0.21518188478625153,0.2478860179680995,0.3157004013971624,0.24692867914121439,0.5581511143842178,0.35697164931718744,0.3751011254685687,0.3053815937730985,0.3072322318650453,0.3053021328745836,0.25390876698666986,0.3473891740504869,0.3909458065284225,0.3097195434601756,0.2733834145181228,0.34490602055557085,0.3193068678583358,0.3093721369419152,0.2673842785530264,0.24180102386141053,0.3211559261683905,0.3029491429452418,0.36523709473441995,0.35138581635053884,0.320401073241058,0.3325377493146279,0.2681591032306911,0.306203044519582,0.3025197975914589,0.28967961180056795,0.3011735114182547,0.33809893008428077,0.3006175000746608,0.24916337143538092,0.3492707071139943,0.23333500936089943,0.28173219607296485,0.2800511999999814,0.3212985116455477,0.2866994857436132,0.2656711473837849,0.32619412370739276,0.2814416085822423,0.28843638004498023,0.2789904463398234,0.35176659162155755,0.2954513092403719,0.27568599934700944,0.27956265943974057,0.2870793171315435,0.3131286147201428,0.2265838159704385,0.2845833824635289,0.3296463146901744,0.2890488470372476,0.31258799370516993,0.29285100580604373,0.3544673366026255,0.3080810676590543,0.2976949916762986,0.3292275468786717,0.29957692717099665,0.32023950997932205,0.3922833164556876,0.26913956830671765,0.27931206343942094,0.3047125214640692,0.29101841577528087,0.24666921635764327,0.3529806341395228,0.2531769104765154,0.3626224410619568,0.28975920164394975,0.2408463031383052,0.3709229398422778,0.29334664176140685,0.3127647820254736,0.2832689944844156,0.274213559745058,0.31363970808063485,0.33775830869279533,0.25841259547595496,0.34692222602533,0.2867449278601643,0.3454739866999306,0.2835452362985899,0.33520867411712574,0.3224566058271529,0.3520731536744976,0.1979614191958115,0.3230392409419737,0.29486937365288546,0.2558199614910758,0.3420043855510668,0.2909217864400981,0.3436619670928336,0.2591713628673259,0.26138794429266443,0.27093732367484497,0.25792161841612343,0.27607921879804537,0.31674517443802486,0.27057080654426785,0.2500466919060414,0.25331380371534457,0.3198522362867324,0.2497232319572539,0.26965795580715857,0.24795470781654308,0.3746121378445037,0.27211338645648336,0.29537302314510117,0.4531768293833785,0.23432511743965018,0.351602156797783,0.281291507498451,0.27273530223144166,0.3409158295307345,0.3138297721523429,0.2704150378036635,0.23039728637529536,0.2049883962629431,0.33831149557169193,0.3299018749430411,0.27306302044095765,0.23532997523975277,0.3368150860033465,0.31983350112990605,0.3036364300154646,0.3387949588442221,0.47944600141222915,0.27529172242061256,0.3172177199786683,0.3074835942774984,0.25997194744420665,0.2994709846427692
0.3553565459350437,0.3190268752734784,0.28797351182033565,0.2792964476987706,0.0,0.30844607367455246,0.3911215551667266,0.34786374726748137,0.30158975534481564,0.2657824761847268,0.3727207531476394,0.2728096897147572,0.3676412560632402,0.31935833712416173,0.3886521288551309,0.35454313930918807,0.42431240209947646,0.3512716887618953,0.28326340507977654,0.3103408957790113,0.4106952652834638,0.31980872795691984,0.4107387760724719,0.3794541310453334,0.32299803835037216,0.3631635836893162,0.31192266238122557,0.3766478023210369,0.22618084106268682,0.4172882814412729,0.3572962765223267,0.30842971085890536,0.2836479031722845,0.3708456015355174,0.4010161535316577,0.3623175917671912,0.42364147508041455,0.3824197539401177,0.30201768886563735,0.34375880323660796,0.3618438294515892,0.42032376443936253,0.39177279159052053,0.3774622180044276,0.3298841942883961,0.32312174097329377,0.46576907505703724,0.3727960643801185,0.4093603566792094,0.36105695199730475,0.43118115620470804,0.34220325475085545,0.3263571279996121,0.3012886554376365,0.3008963130056494,0.35734308973013074,0.316589328456433,0.38056784335542365,0.33417843424986216,0.32304646691314914,0.3009700362098745,0.2874863807609269,0.4165174894766393,0.2878011862851297,0.28106556296010615,0.2730795572311,0.29046885093757463,0.40393986343400495,0.32043980655298976,0.4220817976421324,0.3376048810442041,0.305501216945892,0.2934930592061367,0.41308658100227114,0.342937805232015,0.29274070899908317,0.3585239149416283,0.4994316035020639,0.34240786400963824,0.3194793769107226,0.4267454498259564,0.3189188412905573,0.48576013024721987,0.3701915962041828,0.3059255450780059,0.3836850494565529,0.35427308779441596,0.31273513481610915,0.34266040711608053,0.30796442935982604,0.4327637785896159,0.3295848214346171,0.390784038252662,0.27570637499182393,0.32294349091823144,0.2720937201783367,0.25974513120920417,0.3157380473006893,0.27959744137098036,0.3296361095716258,0.3219098435119567,0.28068039605781037,0.28287217033600015,0.2201249349873128,0.32909252783952825,0.36612687339200856,0.31841808022060236,0.42766735460678634,0.3954833975114223,0.34319736115628346,0.3431998147649363,0.3170898374890435,0.3503498053321303,0.33058440990983023,0.34837035334297767,0.366208648312705,0.37231967100943025,0.24384252074333498,0.29229922953603577,0.3138803300926686,0.34749258253157217,0.31798484025210033,0.3118406845792818,0.47860925984018976,0.2831322398666759,0.2685174175643005,0.2787418839162926,0.3356866032262454,0.28982479009871015,0.3216985766675262,0.3500022985823558,0.343132460711074,0.2579497510806738,0.31444262056507105,0.26866781331650924,0.3484955801353202,0.3553419405402675,0.38083963624553735,0.28161679562345626,0.37272156860058087,0.2584813786811844,0.3095384929583115,0.3446788160735889,0.32898175781157496,0.37184733462680947,0.33606864824111293,0.4556594400726493,0.36594023711737844,0.2746328616665877,0.25379472391128444,0.32222790020317016,0.3541861100330867,0.3218783521186114,0.29669663081161085,0.34658473958548536,0.35387705392465574,0.3088846949933772,0.4983339337535427,0.25942722351701847,0.32781726752202894,0.36515456218601877,0.3226974115239479,0.2872302517183995,0.38292286543100906
0.3001484405224365,0.4185923360854787,0.31273871866839725,0.2912916027329216,0.30844607367455246,0.0,0.35259680819391703,0.37386543637331626,0.27337978508415883,0.2884924376353976,0.4643897857157769,0.5051208368009933,0.3224210648066993,0.2477589651966008,0.364425713262056,0.38016680491543164,0.35719001501244607,0.2550596228872444,0.5227492950516631,0.29837387107754937,0.4215569456404522,0.39291991014884214,0.2801975218505662,0.32478566916929924,0.46974078563410243,0.26849795923364955,0.23551328235851934,0.3006351805198523,0.2757733315178432,0.3128384760783567,0.39686651426230724,0.4250053999100688,0.3250482505210038,0.3360836424832872,0.3348492581322879,0.42357956199378977,0.34117234878228925,0.29441485007512613,0.38533188332702556,0.2709353744779096,0.4117947909684865,0.36755671621609265,0.35377584333817236,0.4841323460049204,0.31982369415665385,0.2585615047689542,0.30799454671480725,0.41864590999810763,0.31137335586633064,0.30943685287966244,0.35117507601241266,0.3727524847668734,0.27279934975266273,0.510067973120566,0.3784653545765585,0.32400800576689254,0.285788240307641,0.5737253577229581,0.28449321382381776,0.2668515308787785,0.3621977114190123,0.2611152134493907,0.4055596066044282,0.2817799514422276,0.26176165835470094,0.2601062091018894,0.2511102854642102,0.29987895835911355,0.2879614982189068,0.3426774743612484,0.29132016658442966,0.24163815569164374,0.28017016204268014,0.33466681233086354,0.37124291216490407,0.2601604325133334,0.30069976081840866,0.32936543680780306,0.2686940212948,0.2652026458235967,0.39832844075075147,0.29596590327046685,0.35420094720990153,0.32200852993228307,0.2844554982450136,0.3112977783621353,0.33794448511601255,0.2617316597453279,0.2802655812575289,0.2649654426665823,0.33303210182568777,0.3719203899181106,0.4211675533651334,0.26060792692584,0.2639107341877737,0.42362899768967494,0.2947619316397418,0.4182778136934832,0.25000878362120427,0.27594575318963405,0.2769297386617406,0.3307510846451923,0.2988856539451294,0.29459505263838826,0.2978129623038495,0.2842595077462371,0.32800798343192983,0.38185743007937256,0.28574338666863275,0.44874824017187837,0.505152585010204,0.2706343874028405,0.3323563537888097,0.2691225648734286,0.27746178252381415,0.2921698530410981,0.34536583770869245,0.2785728237672124,0.5371377293803544,0.26648473112010584,0.2557330830990513,0.3006575585285565,0.3102118913478587,0.33792479233745226,0.2705803659990742,0.38271016093038185,0.2605296975472037,0.331289821496121,0.4045420739148708,0.25281002262190166,0.31911321476970966,0.35695989392300115,0.22518272824446742,0.30605508735371734,0.3575091699571469,0.2875469762738757,0.3528627444771626,0.28435678107245294,0.30959071187820475,0.3120929207080315,0.32106745894978655,0.3683685863100216,0.2884084933317302,0.3533731454812667,0.3630434086498455,0.31953402027171096,0.3937314989061855,0.333171079506422,0.3363280840906147,0.31195103520270306,0.3078054212800751,0.40226751940961347,0.2902593380717482,0.31431890180073535,0.5196945970004868,0.2853288886131435,0.2709622013329154,0.4008923065600238,0.25956437426411333,0.2813696451130786,0.2992046413467038,0.3124705770787093,0.24862032282927865,0.3027796248958276
0.3379080122362206,0.3336305733116788,0.24923364816154078,0.4171014607349406,0.3911215551667266,0.35259680819391703,0.0,0.3265890210601139,0.27768064578771806,0.2664356187984983,0.3585710159738825,0.3483536171859327,0.38950640091882427,0.33169430868955885,0.5186081370123055,0.29315188418728666,0.3714847640030549,0.34521927220965987,0.3474413097008276,0.2930976020644182,0.35916806656247385,0.3114582925287251,0.4923200190459683,0.39425077918593765,0.34918433705143664,0.36093412959267873,0.3361252292661538,0.3983463300887487,0.2640263673873239,0.3450028631848951,0.37068289926380604,0.31084136283437835,0.4206077233097917,0.43129474600843953,0.4086499648616157,0.3351589018049288,0.4301682997017984,0.3468707423486886,0.3097189311810108,0.39950643063092556,0.5255478538950291,0.37794993750846223,0.371578588143918,0.4723528188833493,0.360481982390169,0.3458518787533376,0.3648169994008819,0.3120756903984751,0.45439773618654056,0.33204448897493477,0.4346320893467871,0.3955926813991157,0.3104871130553074,0.39971986126416104,0.3412584045903826,0.35267281149411817,0.31572831091844866,0.3727334170737068,0.3472282173636541,0.3378780966143752,0.3069696558937669,0.2771020643558277,0.3876788493297438,0.2681690928125178,0.2776075235804313,0.27235445370992467,0.3266544997315552,0.35792144580959045,0.29931984880722506,0.3742223818600317,0.33068115306254625,0.30525108479277635,0.27245233720167766,0.4330370369199347,0.30603990072122134,0.31465284232259877,0.38002948712634443,0.40962879510369204,0.33764798847401545,0.28079983033412087,0.40146982555581595,0.3111677989356872,0.3993668113917719,0.3517300164191395,0.2946245550267094,0.37592551965037224,0.3406985704736262,0.31006681785879486,0.35588169581483015,0.31398801185899433,0.39804957818047326,0.4306203334456189,0.36928749285347057,0.293607002384466,0.3070209954672074,0.34505746966010264,0.25501481747766785,0.42041228517729806,0.2692095552361576,0.36816807869826,0.3455096297983103,0.286286249402527,0.35990954838614564,0.2623455633634387,0.3088128340154173,0.34079143584483435,0.3101469344749868,0.3816239715709676,0.4544374199228727,0.3274353433636659,0.4944332355003504,0.3005234798648002,0.34103946899553406,0.30227682793878047,0.3626132307241358,0.3722243012798267,0.39143348396312594,0.24654198710699265,0.3558033987556443,0.308290128409065,0.3023581594299329,0.3549853468087424,0.3035514222519276,0.46074608700916514,0.2742262514679682,0.3540889994672442,0.26410725124779527,0.33866284826794585,0.3177683040958097,0.3578419621456171,0.3122907313261602,0.2897427733290392,0.2626050692925068,0.3030584262929112,0.26247397296967534,0.3475110934387505,0.33720575666036795,0.4349063073982488,0.29578380339395205,0.3662387586855943,0.3665624316995639,0.2854720358641708,0.33885361219381605,0.299991979781091,0.359736308739485,0.37587446547291264,0.39048783312033547,0.3775664070222074,0.2603800400677738,0.23427539313195778,0.34194474015868476,0.40016499201967587,0.30356589999118094,0.3033329145847476,0.4559158841216192,0.3524355028063573,0.36157816818559446,0.5108273011194484,0.3852072646066038,0.3442980918225619,0.4010942097589356,0.32787722610242703,0.2831602985515056,0.34771629663122705
0.39395382828005737,0.4621517793406223,0.3212090269320226,0.3046933071632381,0.34786374726748137,0.37386543637331626,0.3265890210601139,0.0,0.3670719496073424,0.34238124975469314,0.4247269864361684,0.3275881280848385,0.4268018632203936,0.3663572270188303,0.4231823785061194,0.4054941043282987,0.4581317622671163,0.3784993035948167,0.3920556220542266,0.41868391210458045,0.48770213223817216,0.4036464881017216,0.38669162442071897,0.37916638191645585,0.4535827889729526,0.3086748412231726,0.35501861740421775,0.46036552223350025,0.24768383368577085,0.3348637417851979,0.5642373072429123,0.4462283150169418,0.32224171202030055,0.4288332892863788,0.4425268550685466,0.5875339096906429,0.4522422259261779,0.4523910840971185,0.4382043137032123,0.3569998090248287,0.396465797274957,0.4105360578121859,0.43747550342336167,0.37451420598237584,0.5746891682384204,0.35604694456391583,0.3566963809942014,0.380574723570257,0.4748704307653583,0.40325338469740557,0.4091467158321371,0.3012223857516735,0.39003000146356315,0.3874150151980703,0.3904220206755538,0.3905291768023156,0.3545041459880439,0.42352674312674154,0.48279686308582875,0.37918541558300045,0.6082675143006865,0.30314314625810473,0.3822667732604437,0.44376390995844145,0.3279237253864257,0.3270774222812862,0.3700467190991297,0.3587223628146766,0.4807934044812432,0.5528697813513388,0.3539133692439244,0.36510702191308864,0.3621049498299489,0.4505623980685869,0.5583448224060712,0.3513340789780198,0.38546264549407017,0.3922285008035027,0.4138395597374658,0.2651064533732407,0.4226015995338075,0.37109068659314703,0.45448458002187864,0.5176783713404087,0.37047894633322265,0.4910754367354171,0.4922440677588423,0.382358327223482,0.44565214080756166,0.37291935638133855,0.3316322978695534,0.36410424446762685,0.5037894652992334,0.32271249532963453,0.39934173702815257,0.3344194253592285,0.3978111746732155,0.4065647454267639,0.3245120786445628,0.4151148563071038,0.42483095739923926,0.44086072108484675,0.3022084470487985,0.2829908968377342,0.43619501760372403,0.35209750642527493,0.4285759695948673,0.571227064535384,0.38315532199241514,0.4367813966016062,0.3789530472296929,0.36316894113590625,0.40434347687536326,0.3908521851080828,0.37802157544846143,0.3352409822404849,0.426027353502669,0.3040325044049327,0.34444939694942234,0.3295352592498299,0.3060595329946802,0.367221382630946,0.3658483438689741,0.39145765669242505,0.33869613020027983,0.3108473595605467,0.3228654863302153,0.4355350123111737,0.400051073449606,0.3636038507786168,0.4493997462143882,0.3636331292685114,0.31765877225722744,0.3557938993780107,0.43550576341944097,0.35165630911352086,0.42415367001022286,0.3648222210899817,0.44734659122135995,0.44323878057849525,0.354917480437998,0.4179025299367712,0.43793741151360266,0.5291871355101976,0.5044958125987463,0.35267839014185365,0.4596060221655638,0.44373287873320527,0.4124758389857972,0.33753010206460726,0.39645967431966445,0.5042956273627234,0.4107674244940259,0.3423321594184847,0.4607379720027803,0.433096663657559,0.325105563736276,0.3890803104038189,0.2759015275667471,0.33419553023851234,0.4750604543677816,0.3561573062949537,0.33074199470228205,0.34983697976219896
0.5435257598045823,0.2757323831975774,0.23622230846240042,0.2738124589639351,0.30158975534481564,0.27337978508415883,0.27768064578771806,0.3670719496073424,0.0,0.23446800281035574,0.27181779454945976,0.2317712859973326,0.36233767126557703,0.456101971259281,0.29635929966676455,0.30299363261558004,0.3762671855938128,0.5285146245232721,0.27886606726483754,0.39446536429701823,0.3378247381443641,0.28773755661707623,0.3420904992990424,0.2741788184934104,0.3014409842387514,0.35886760755589786,0.3684839602635993,0.38768728377386086,0.18765666298018138,0.38296890426951447,0.3651781194341098,0.36455588172451203,0.24321792502096237,0.3660872363978722,0.42189754219210995,0.3145709817288052,0.347604815765564,0.4649489531866242,0.2885062903033004,0.35754346822598815,0.2763792040580238,0.4508101365756852,0.3772525185441244,0.277738812881241,0.3750646148349707,0.43039399509839965,0.35418236670438963,0.24930033549949054,0.35658043218826235,0.4081731794250026,0.3843951658993084,0.35510939544317904,0.477189605771994,0.24691930753698602,0.24974884383782628,0.48666160264709707,0.47658582131709964,0.29700421831442597,0.386903862925857,0.3875002463439555,0.33556230571054096,0.49474215894320306,0.3860227878464912,0.34212721920559946,0.5208896433586337,0.483439312162904,0.4776695662941703,0.3926831906985138,0.35720486305678,0.38900445602188416,0.5252281274054286,0.46089072669167946,0.6341014918549316,0.3789913875137894,0.419010834469361,0.526789852744557,0.31941023900523857,0.2783535445754437,0.5194953565926338,0.4032689169322029,0.38054349123549597,0.5071039546872341,0.3427441986376839,0.3956723985650083,0.6270101821730161,0.45739625473272394,0.45219355922896437,0.5619254945256874,0.4917414885348682,0.5188511264441908,0.42534593094447404,0.40510015226285173,0.30722150796567543,0.4681092114122632,0.5937540895566988,0.23327050240763625,0.37492195227863767,0.342984187408884,0.613759482577336,0.46015263026333686,0.3786239151503594,0.3160685598646164,0.41092501755894667,0.2100331801938279,0.6241915048860579,0.4080503539328917,0.3404712437860175,0.35665731795895134,0.371512973892172,0.2814521325042903,0.2768055080801079,0.6293659645038681,0.4885301223935888,0.4988184767215455,0.45113781949556475,0.4022123105724105,0.45401695886804716,0.24853598997190324,0.23561098368406344,0.4651140986872663,0.4098048032373066,0.4197699156024563,0.5393240181722289,0.3641747980744931,0.6955124338182463,0.21738004489289234,0.5144381007114978,0.29113159398178834,0.2532111201937463,0.36043414891707865,0.5158507673853633,0.3665483864690791,0.43646370626090414,0.491216410502761,0.2976755814750372,0.3803536408143516,0.3213457664232126,0.3547234252778894,0.3145802352334674,0.4140911352607975,0.2510956654178181,0.35182039003213816,0.5044916426842677,0.4544624736372394,0.3671153899290497,0.4536222937349352,0.3755730389875016,0.3199275693159305,0.2916097880858037,0.3045798396650163,0.5000177490757493,0.338004462277732,0.32428661794878705,0.2583134979110358,0.29463426292711176,0.4321165929718163,0.3156523407762737,0.3053644581042942,0.30148726837122636,0.4677730244770437,0.3423176591943028,0.5238418868015384,0.5433801608359683,0.4252888118076826
0.26293462892138647,0.4414947125145885,0.42025100945411176,0.23386625201809427,0.2657824761847268,0.2884924376353976,0.2664356187984983,0.34238124975469314,0.23446800281035574,0.0,0.3579879006862991,0.3490312057033714,0.28551965354234204,0.26061113458589463,0.30060204257205964,0.2983075301955428,0.28405260632973595,0.27689367412221766,0.3055486955737205,0.25700113555951165,0.28691609498625764,0.33885206792220046,0.3155088966747864,0.2665375036396389,0.4032151666071236,0.2395254615530604,0.2526727139440692,0.2942730909962272,0.45374712525080213,0.24303638203710737,0.3403776303755587,0.3109977781495934,0.23567734576653634,0.288251993009085,0.29718356562754433,0.3799634505557383,0.30336888987525523,0.2844226099646669,0.3297687223625162,0.2540466928806249,0.2787166998437286,0.2693896285079561,0.2821954467396045,0.26879647716203836,0.3176535295202984,0.24688239700381454,0.253107146127994,0.37119161055756456,0.33546953407167474,0.24941637259708596,0.27259944242535145,0.22214784705193916,0.25120159108794693,0.33306284676627523,0.4599223437484799,0.27006008556836136,0.23725231042336284,0.2878906826835429,0.30356039869384527,0.2564795471306512,0.32727822175769244,0.2156126536582842,0.2545034696517394,0.27677607226365664,0.22479456552046528,0.22305112448618866,0.24420560500393862,0.2541710713303359,0.31117422986228105,0.3408964151109741,0.23378343622283568,0.2598986841374841,0.2298785525231034,0.2893104992033332,0.3008350279956427,0.24979872475616927,0.25429948962121757,0.3060306620452703,0.2588881138547404,0.20867444858244966,0.2827026913561327,0.24859419629264895,0.307294470820509,0.3196524960266411,0.23987670708675546,0.29528902546724817,0.2811693258506261,0.2555509162955318,0.27966061102638406,0.24893898321144745,0.24716713828260803,0.25132323928110584,0.347953313519484,0.22437274067701118,0.25249525890340685,0.3549379944934731,0.23239915538713354,0.27265149526280086,0.22955273093944867,0.27433222176230504,0.29310081153110534,0.2815019871460921,0.2267530179278985,0.3482015617875156,0.25281093655164993,0.2366325415992007,0.25989781541470225,0.37684593034190617,0.2693757204825198,0.3270739113985504,0.27140781784839096,0.24165053198748354,0.2713381340793443,0.25684436229806773,0.2691259559941881,0.24669434820159392,0.29119819435208133,0.4004693150536077,0.30170746142919,0.24636552481838428,0.2219964888848526,0.2507954998649825,0.24161796387157383,0.2833752805190997,0.232883206847413,0.43661770243948267,0.21946166477943524,0.2804014675699128,0.45043698157137224,0.2628873299115232,0.28569023692253837,0.23433381615459345,0.2257370543202752,0.24571625964005167,0.32500136123541706,0.2451949774144172,0.29180579666631357,0.28409894014972153,0.33038017077429566,0.28600477996565954,0.2690740658490403,0.2915549707806481,0.2684809213835641,0.28341482888778047,0.3147797752775763,0.265082675750988,0.26870915971164766,0.3122294692393961,0.5202609232862468,0.2733788252819047,0.2581039381046059,0.3458241156741981,0.26645113572668344,0.2887318962089956,0.3130301784162194,0.27560589924271384,0.23403153170741856,0.29007912131789726,0.2262665605281527,0.24416136849947312,0.33509991211377055,0.2673538242945905,0.23422357831332632,0.24744900214288074
0.33613584595217105,0.5218093760289699,0.39789052476530085,0.27749872559810956,0.3727207531476394,0.4643897857157769,0.3585710159738825,0.4247269864361684,0.27181779454945976,0.3579879006862991,0.0,0.401350268278237,0.41717814123414637,0.2933061279203195,0.426856140142342,0.4769963232551238,0.43746230963184696,0.3215782420652365,0.3975220801723424,0.3091398653482334,0.4253501614813357,0.5381216147690557,0.36812594704421925,0.41367205347223746,0.4836173398018511,0.321023585878256,0.30126823570167327,0.3959383578812609,0.3081175596210058,0.33945977069607913,0.3992053327648185,0.4285296091831828,0.29744719967201816,0.35255002931304213,0.3471139007078988,0.4832862199572957,0.4187494298056256,0.32650439259435027,0.4685893178584364,0.33715292541154485,0.380122004942114,0.3688521474135405,0.375135689053921,0.3889816468189031,0.3943395142482732,0.30923615246561725,0.3131949552318074,0.5258705833814399,0.4044322172568951,0.3136640468482347,0.39263499273108865,0.2975391085132023,0.2842822494295594,0.4923204854431426,0.4821381681631173,0.3092775289724543,0.30051430319179867,0.4733252531667173,0.3482951156624966,0.312471880248293,0.42630861689323585,0.24705979268584924,0.3784642984187843,0.30533445507356805,0.2503027731935178,0.26012047987268994,0.2960552676800914,0.33944942085840124,0.3621667984495185,0.40346160806976245,0.3118546395564381,0.2695446364296243,0.27685976901951,0.413975954696157,0.39778892109834163,0.27364466924596215,0.38544874654901057,0.41989671520948635,0.29821190056816527,0.2633420769790174,0.3877252856424199,0.28577889848960536,0.42017676421584926,0.37695272183603556,0.27280207223972863,0.3566353710505041,0.3262766782604591,0.2769591972268002,0.31271375177345906,0.2929264289734193,0.3473793962621982,0.27707217202247425,0.5540688468678959,0.27164093860938243,0.2847944465774351,0.3689716849249607,0.26847186497264447,0.30322233664101045,0.2385053676714847,0.3277276481108294,0.3316156945641386,0.35792589378939366,0.24302021136317,0.26082828934231705,0.29403290980449376,0.3162109465288121,0.33273137549481996,0.4595820328252177,0.34541227944788105,0.5358932647335292,0.39993015357361145,0.2705950597198716,0.3311260752546978,0.2864602298220137,0.325544859744201,0.3567510281720892,0.33481081873458546,0.32208193450416095,0.4216650771619464,0.26840847545828644,0.28825844759012614,0.2719318266429807,0.2904175482252323,0.41814293542893405,0.25472137714252,0.4117042907168032,0.24507127247651606,0.42006498197632114,0.4091574381099561,0.29478038301195414,0.3169474541816482,0.33627110342166344,0.2567174351637942,0.28901740047821706,0.39811419386872915,0.305548963659818,0.4054456351418122,0.3382867712112461,0.3881363814015623,0.34005470198278126,0.30615718424457805,0.35667546936369326,0.30175752552505797,0.3357562366714399,0.4011686134676859,0.2854897615059186,0.39340019180540364,0.4183469099941251,0.3562054802590764,0.3200034588715885,0.3224853042980663,0.3747861774734238,0.3623150735990444,0.39988869469082744,0.401360436413949,0.3259655178241314,0.3332714394540201,0.4191542915568633,0.2561637602062366,0.3015271313653023,0.3640923642470171,0.289954941857466,0.24194573012106377,0.35941698316917775
0.26631805991700647,0.4029170156494692,0.3618377500217272,0.27374943025599496,0.2728096897147572,0.5051208368009933,0.3483536171859327,0.3275881280848385,0.2317712859973326,0.3490312057033714,0.401350268278237,0.0,0.27782152043708036,0.21829110343337618,0.3368730565245145,0.3274293638082753,0.3216250412771805,0.23622086489083471,0.44082043592312115,0.26283347207708735,0.3598245289135425,0.3686237954447737,0.270425903877161,0.29460427162484243,0.427261123737926,0.24010961365447828,0.22636373690826833,0.27954955813679544,0.32257278143373214,0.2755811812582826,0.3541031778211376,0.35042684180940165,0.29573993006351673,0.31931443173072954,0.2863829843587342,0.3687877362482984,0.3027946266300974,0.2620562907166444,0.42234827789646906,0.2561762646114039,0.36802114031627103,0.29347013949144957,0.32244295885956026,0.399642043344647,0.2884576359879316,0.24831400619965344,0.2759000880379022,0.4175299118318067,0.2959455463949097,0.2756611845977632,0.33259137500020475,0.3201942615311465,0.2475313093505958,0.47076764544149785,0.5254559553092097,0.2676844467226967,0.2687182977107577,0.4424032398056099,0.26275130753305,0.25216438273159186,0.30996461875306985,0.22614729843804224,0.3297418774534565,0.25383251739318285,0.2337611517673369,0.23616779218224895,0.2253918370396509,0.25620254953030724,0.260016083510346,0.29812244504152235,0.25880074311074097,0.2217166985822316,0.23384477159697747,0.303889237173768,0.31731537096389906,0.24074875948215765,0.2817679530973083,0.30186513976153845,0.2497800747647991,0.22629542321496438,0.32002457961299036,0.26389154999334635,0.30730873947539966,0.2702874541758993,0.24637109466542068,0.2739426801265068,0.2695236650819268,0.24714900357675584,0.26940458152146407,0.2351533610079083,0.2923731237327363,0.3142256588445287,0.38749404010060845,0.24535353025331474,0.2378522358718802,0.47408901639571416,0.24795923133504966,0.34526809292752,0.21524298075997841,0.25681744560674785,0.25130688013975766,0.30907116075384256,0.2693813163917452,0.37663869856538273,0.2565290764242362,0.25580216228770053,0.3042877666795589,0.32684735578938984,0.26819680846948285,0.3729494462887601,0.47308521303076895,0.24424505509113775,0.27856999182434733,0.24597448260366037,0.2530379936665027,0.26044521468095083,0.29733790601335325,0.35731939441718946,0.47694492608314465,0.23726088040218668,0.22746529581862857,0.2732936994109883,0.25136091970788504,0.30997195697676677,0.21988854986061734,0.5219881428638259,0.22772580688193078,0.2999964749733518,0.5133896816594495,0.2344440339037606,0.2638889594284204,0.2808192271066079,0.20440734341003247,0.26116324289371184,0.33169155155240976,0.2539021931902119,0.31043317350557764,0.262414342662386,0.27831278326647224,0.29832203978399435,0.2823595777045008,0.2934263602437349,0.2676114765616757,0.29497494336534824,0.3152640798561583,0.2871159686293714,0.337634219829468,0.3102000425770753,0.407509923416201,0.276844254699499,0.28100987294988866,0.36473952288512823,0.2769119307201894,0.2940637031022331,0.4617485150402199,0.2520141627242871,0.24631122491586957,0.3463080331323558,0.23856432597540728,0.260961463914803,0.2699923247914445,0.2549766877389975,0.22137698859651891,0.2686710363063505
