0,1,2,3,4,5,6,7,8,9,10,11,12,13,14,15,16,17,18,19,20,21,22,23,24,25,26,27,28,29,30,31,32,33,34,35,36,37,38,39,40,41,42,43,44,45,46,47,48,49,50,51,52,53,54,55,56,57,58,59,60,61,62,63,64,65,66,67,68,69,70,71,72,73,74,75,76,77,78,79,80,81,82,83,84,85,86,87,88,89,90,91,92,93,94,95,96,97,98,99,100,101,102,103,104,105,106,107,108,109,110,111,112,113,114,115,116,117,118,119,120,121,122,123,124,125,126,127,128,129,130,131,132,133,134,135,136,137,138,139,140,141,142,143,144,145,146,147,148,149,150,151,152,153,154,155,156,157,158,159,160,161,162,163
0.0,0.5746708230079689,0.464100276802715,0.5376814822213539,0.40963453699354213,0.5164896813931437,0.5457169910135024,0.5333138402045611,0.613122066644823,0.4827438133440737,0.5219460339556334,0.4886915193704187,0.5877905171755166,0.5613118150181902,0.5865475363294168,0.5107350140801289,0.5652554299097093,0.7118763140998806,0.5599411732856663,0.7085226165667177,0.5668561336064517,0.5563048386823272,0.5412711367702652,0.512617983706742,0.5934861768115172,0.49032387766358426,0.4655612622876413,0.552991727340871,0.4534037225622821,0.5133299323388665,0.6120692054900154,0.5825460527624209,0.5776235988504177,0.5434203980451607,0.6194517692864693,0.5625119588176701,0.6150029688820012,0.6235987012412448,0.49263798627122823,0.5430217735751184,0.5703758523729435,0.5434566189651082,0.6407592602557994,0.5893127573845054,0.6002309918641279,0.6450445104019985,0.5088893902186227,0.5030609416787623,0.6310396278237516,0.6927506683125513,0.6582492330669211,0.5917750949291686,0.5514775905519006,0.5700835444023223,0.5519875298155801,0.5865937913389552,0.7287719961245585,0.5012258840893442,0.5631538370442808,0.6310054448493085,0.5384789810467532,0.5562465662659293,0.6030666953668854,0.5144335978052175,0.6672526786727674,0.6450973345748109,0.5439855608619977,0.5859018672866294,0.583649440918701,0.5773620254380007,0.742057684249915,0.630522757610837,0.5340196112228889,0.5858101337634218,0.562093444154907,0.6137363301005078,0.5028256006641101,0.4536434293612764,0.6175216470698908,0.45680865388510716,0.5382720170176726,0.6708947815581828,0.547042883946,0.5442831189645146,0.6063775667793216,0.6212821083396408,0.5426877651275561,0.5954600624313221,0.5635257565213776,0.5465857116450383,0.5905363294280748,0.5984628492614881,0.6119670624565517,0.6750387117214878,0.6478258522498811,0.5592128756224155,0.5611543657682229,0.5587571567896599,0.5198938377537049,0.5557140046553041,0.5725012731416425,0.5300089235833423,0.5411037725310964,0.5270016306421158,0.6680620426832096,0.5759823830717485,0.5625630484243457,0.5298117673894459,0.599249588474475,0.5426491304845432,0.547718718222677,0.5925086638245144,0.5873149055830876,0.4822545021567193,0.6387139792884541,0.5444160265982251,0.5851351423379231,0.5395404695571047,0.5057579383777882,0.503337369008208,0.5517716241769569,0.5296990744519982,0.6169550885534237,0.61035836651963,0.5855484508608448,0.5199401296328534,0.5088963581151605,0.5027136077333364,0.5285533935917313,0.6477074719036922,0.5386618091643033,0.5245913770622008,0.5262819576079018,0.5400656624297924,0.5578568908266012,0.59901569741259,0.5625100991682066,0.5850675837810421,0.5234178047318806,0.5990748595864962,0.5624701272018067,0.5643397679144408,0.6397420265124987,0.5589606640863234,0.5728594345529356,0.517643101667696,0.5601987571232401,0.5018726805245777,0.5606840298218941,0.4185216174751451,0.6296498270393951,0.561905219729776,0.5713452885070005,0.4915124780752318,0.5528879662875315,0.6580536397978922,0.5649642075700599,0.5011809759212126,0.5608882988222494,0.582951224107204,0.518105024808034,0.6266947850410256,0.5088472624831213,0.5733497395458511
0.5746708230079689,0.0,0.5263077010437227,0.5832279905319205,0.3913501707299566,0.5565177801107924,0.5161845618989475,0.5879310618977197,0.5352704343681538,0.5870715321909425,0.5672547632337314,0.5670509140286263,0.5865489829414906,0.5500906408282573,0.5527720229415526,0.5438135564513666,0.6046063088280778,0.574544414308707,0.6103243288896031,0.6349077207569083,0.5746072720182714,0.6086639665239023,0.5533481509868842,0.5389588166722845,0.6253440255729026,0.46207045256767937,0.5105870668277542,0.6159885009036536,0.5983406714837531,0.4983824783997522,0.57956256838543,0.5579134651890443,0.6680178875639357,0.5520278951230058,0.5510371443944724,0.6021523076223599,0.5575908535802183,0.6327505425376173,0.5403358346042512,0.5649079006623223,0.6767321108866106,0.526175526453417,0.5210463029091784,0.5484208418213107,0.6223753855647164,0.58231545240869,0.4571029231692263,0.49659148863962344,0.5821065780823748,0.5725077334055896,0.557132218141422,0.5433871545621057,0.5261688815620746,0.6684113202211738,0.6182607285643211,0.5687699001061325,0.6122775597310922,0.5288046126547331,0.519478768583396,0.634073944364028,0.6042193581652734,0.4927374304031296,0.526377230889727,0.5136929171195561,0.5046558011937068,0.5312382947331208,0.5247671289558304,0.4878185808546718,0.5325312358383039,0.5675006547551744,0.5483957858195987,0.5571314460397864,0.476026526996676,0.5709128936082245,0.6358022908794517,0.519436096826338,0.4944594224096757,0.4664372212969632,0.5792461326909764,0.44407996731837895,0.5373933200671542,0.5415116945254506,0.5577641230530243,0.5971281776950252,0.5438713787928013,0.6817389162277113,0.5046572183277812,0.4812621685305188,0.5499749852139375,0.571187441109116,0.5140391821586472,0.5436219965674364,0.6230502176941206,0.5754609288620564,0.5710698363455029,0.622569052972973,0.556301278311575,0.5782425024480528,0.4689798351722269,0.5356980920169376,0.5835587775524099,0.5107240484432481,0.47091799805959306,0.6075338722005218,0.5601090939743236,0.5465619723998032,0.5764688718473534,0.6058557340974768,0.5925605930253641,0.5903294439147077,0.5409227623321441,0.5184927141318156,0.5233071448858913,0.509337289580696,0.5753874488201117,0.5694619776915762,0.5639847829251528,0.5371966310709219,0.543102667808296,0.5001916433164512,0.5023016467411182,0.5110503400931006,0.5603188122244509,0.5822381126615538,0.506381278083745,0.6450599206375909,0.47319646708452223,0.532567759672364,0.6901140972895639,0.5873779063104259,0.5773851392573616,0.531275624154422,0.52222859993953,0.5277004682538049,0.5900882553704634,0.5026366127189944,0.5609500302768844,0.5489768374703105,0.596785193547813,0.5884023409120441,0.5750506488756424,0.5730718559246915,0.5954714399011302,0.5565076643880585,0.5872117529317717,0.4404163094769931,0.5423974769525712,0.5500177374271813,0.6560625914629229,0.4855231352342609,0.5398476850289969,0.5877354928471012,0.6159501665269598,0.5239767188200727,0.6173220014748008,0.5998442262690112,0.6059871976368355,0.5263627302561196,0.556456237156306,0.5111910255604056,0.5316823559500221,0.5575650503333393,0.5087422973067629,0.5229798819310253
0.464100276802715,0.5263077010437227,0.0,0.48759963336198303,0.4515004259544899,0.5763378787736542,0.510703563541393,0.4756321536564875,0.4040700090406215,0.5346943255208201,0.5883735017145478,0.5538028877819438,0.5657380909293214,0.4233113761182288,0.4683685057253142,0.6668889035435666,0.6157776029480687,0.45932151888517636,0.48052187156506077,0.44893110934830366,0.6122221074012415,0.5983239981789368,0.47248492292135946,0.5413019558049136,0.5144643073011049,0.509146421372045,0.42013034127140986,0.4705679159525047,0.5396109139591669,0.5057379665568708,0.43195152594883873,0.5479352112335255,0.5065872111957911,0.467671814670018,0.4071353145252544,0.47858315851475103,0.5385536303677381,0.4683873601592525,0.4757460541580889,0.5209821594514621,0.5074917885137974,0.512862665464324,0.5201038306976582,0.5270350840419319,0.4916270208423655,0.4981325401998414,0.5026289372809298,0.5630629711935448,0.5041553348698767,0.4856911022794613,0.5498209380342507,0.5414756396487851,0.41034857556542564,0.5931088398147127,0.5580864543878986,0.4790644553871477,0.4929632784024947,0.5701409404171508,0.4362096466294168,0.4779822838230788,0.4951483275892272,0.44477623766780416,0.526254082935096,0.41103323387913504,0.4161343596935345,0.45320607465039203,0.44792295163017704,0.5398990537730338,0.47934951820570687,0.4751851236361093,0.506908250209977,0.40929574990828427,0.41312593716059776,0.5859772928345268,0.49751881837552697,0.40925240453928474,0.5789409653040956,0.5520010996549534,0.4518751412498145,0.455867895358952,0.5080919006801539,0.44158026591679783,0.5608021284120851,0.45988367865099977,0.4566482250051879,0.4820496653092925,0.4419420645772823,0.41398926233132544,0.43606754419724736,0.4474845650854075,0.5160646070901842,0.424472618851429,0.5522829021610909,0.4428688427260146,0.45518523355349244,0.5358574343152324,0.4251860673035478,0.4603299123138582,0.381248899511464,0.44785436255201166,0.4205615623935311,0.5197482145368356,0.4162453765832002,0.4742716209939721,0.4307190291206676,0.5653444531938872,0.5505368890514958,0.5008291106584914,0.5292733907761703,0.622650699213669,0.5508353978973806,0.4376430616657453,0.46690505180256464,0.4168900247551531,0.4515319173402681,0.5210267339006215,0.4345539583739724,0.5172634733956958,0.6251702404895383,0.40225101369981475,0.4692757000945344,0.4355163028539464,0.4595937309447369,0.5643243469562891,0.38137861919108346,0.5876457459040355,0.4329633923261562,0.559793887457221,0.5528701778838705,0.46792454630012553,0.4484669704633949,0.5816457206065195,0.41126829237209706,0.4045063821914878,0.47039004889231895,0.4213267730997622,0.4871999304612329,0.44955454430121544,0.46682188279390996,0.46713772571476114,0.4258525649281718,0.5091914856984968,0.46010714574066874,0.44975190643390384,0.5145883914728484,0.4173965773119846,0.5010776108216816,0.5262736703069836,0.5188240918028499,0.41550710461972357,0.4178405537822896,0.43100263189931154,0.49543661217366475,0.603857127043414,0.539990791018255,0.475998487464116,0.5205095103288933,0.60383185640526,0.40798240790182816,0.4968198510539325,0.4576036489536949,0.41108078682375915,0.4152198584708837,0.46720362977132684
0.5376814822213539,0.5832279905319205,0.48759963336198303,0.0,0.38502821204288373,0.49011923584280565,0.5608763965581802,0.5997397147239758,0.5215444775974063,0.5240522232427051,0.5613070578088281,0.521742076375497,0.5804816168942037,0.5582310124192392,0.5024606409478756,0.5139051981823971,0.5796048898385903,0.5518216721237397,0.5182558654873525,0.5396494452782917,0.5562578745396392,0.5508852983270459,0.659647242986591,0.5139696426635091,0.5903217390073391,0.5295722720279455,0.619200882615182,0.6599151774727231,0.4704126822355241,0.46364955181063533,0.5136642272131241,0.5188423606007061,0.6134610049726333,0.6315729012583912,0.5136539067370728,0.5745022183525185,0.57146822845304,0.584304054826139,0.49073168467336226,0.6276635719685265,0.555357163818762,0.5691854132393419,0.4878115563763941,0.5016049630562762,0.663710062152876,0.55210317298455,0.4216952823710215,0.4589824011185584,0.6042025050723251,0.5279835350645284,0.5656276332202974,0.5210679650744948,0.4481803818144582,0.6152871412200311,0.5668200742181296,0.5670034464838114,0.562315870233204,0.5215266725338668,0.5284592062200254,0.5908612700576386,0.6019206536319087,0.4732890595945848,0.48601286916526476,0.5046876231552634,0.4653118588263759,0.5055221915056988,0.6769088879678119,0.48431205345171807,0.5467918626087155,0.5952788445748761,0.5337347398496897,0.5177298614593127,0.5489639055772149,0.6376291215731569,0.5570449363683758,0.45923891506976633,0.5754054269735251,0.4704632923493477,0.5405496542414551,0.4171815290535371,0.4670816929279215,0.5763158383016691,0.49483970859270243,0.5313262699721859,0.5969097593740396,0.6162545975138001,0.5491309250045439,0.4996906247750237,0.527176489861944,0.6215036765434622,0.5571600389305611,0.5527741437277155,0.5195960946950985,0.5015065885147584,0.6486113302935643,0.5386319761758162,0.49118158312727644,0.5895644286758666,0.4732480741916816,0.5927103717291502,0.5326798708576765,0.5608129729895474,0.5499114987979397,0.5234029586214977,0.5431847537990008,0.5396342398328197,0.5635755589836431,0.620168275691371,0.5463542207569574,0.5447001896676449,0.5756540718883086,0.5745619188276374,0.5773502132717218,0.5629205151372623,0.5233370888531327,0.5820579347593944,0.49256209655302907,0.48060439126329774,0.5498484242186908,0.553586311684519,0.48121134675691546,0.575506471293959,0.5574944674028984,0.5376048141254203,0.4720682708698214,0.5124066957298298,0.5246953009960135,0.5296433351976788,0.5845593512135623,0.5424730886226777,0.5338337294134508,0.5105575688822482,0.5568050513944102,0.5373181879501058,0.5357867248343878,0.42015314112019664,0.4506586091707108,0.5336876517766524,0.6218902687292158,0.543710483235783,0.5035443739858769,0.5303968613578143,0.6419002579924847,0.5837851959585889,0.5711983610909983,0.49008845544928165,0.5003768885477317,0.4817045753955826,0.5346826467528406,0.4484359350917404,0.5540990436297288,0.47267322255129773,0.6078590053256325,0.531325181312682,0.6024440474526304,0.6196898197759898,0.5966207502067364,0.5293905743406816,0.5664352901802086,0.5554673259214843,0.4810433758282463,0.5073245525392274,0.539072430486387,0.5372283601398938
0.40963453699354213,0.3913501707299566,0.4515004259544899,0.38502821204288373,0.0,0.3990811135693509,0.48066243791016033,0.35372019852520287,0.36990720374327735,0.35892594958319984,0.48605002939103426,0.4560495666870941,0.3983418452551703,0.35494952962034987,0.4415038247031758,0.4700676184458928,0.43325538085365584,0.3851880460598312,0.3846217240948265,0.37863478340300044,0.4806748509266716,0.47856417434728776,0.40734924772280995,0.5152384687323056,0.3933491987230966,0.49046616314473995,0.34941821395595174,0.35119526452722316,0.4006995596323533,0.4849643769353404,0.3872365238589608,0.3987435158993728,0.404758028961574,0.38218602122509643,0.37822990994421696,0.40409869023013356,0.4544460653295066,0.4005832843465121,0.45532692719174195,0.42751448859873725,0.4302210776846157,0.43117084142525036,0.4633460400228467,0.535148695808322,0.38169029263100523,0.3912330150337735,0.46865147444522953,0.5399136527197073,0.4375862090284121,0.4288761809068512,0.46017034333550966,0.4516519498818267,0.34111101003225686,0.4361399955570948,0.4362181818119102,0.3921508593737273,0.4194581331695827,0.4664475774031651,0.3557547249519305,0.38738070624597865,0.3497009645724276,0.37502983058231354,0.41887765510642433,0.3672804149826618,0.3776798035066579,0.3592751952506426,0.36869806633505126,0.4758791460424073,0.37665555681501905,0.37329344450159746,0.459894853637696,0.36829906383351557,0.35132071462912934,0.42505907908806134,0.3612425918616055,0.3427954524118229,0.4482965904005546,0.5612716226689127,0.3755206150733283,0.41991516091282,0.3866938873118727,0.40113261267608813,0.4832282391032982,0.35044895302058743,0.3897964099465517,0.393699042044396,0.36477216175634,0.3615940790080412,0.33805064415911035,0.39177090262608105,0.5054707288370952,0.3766813561395659,0.4730921838946674,0.37007148643222876,0.392211163562723,0.43620832981913005,0.34109245819603573,0.3685386245721342,0.37019730723146116,0.34839250107435615,0.37697089362925845,0.3902667741288038,0.3708739248010878,0.3721196133795039,0.36450377314431376,0.436599044788079,0.38419206246145127,0.37861406386047425,0.4183713783240352,0.4709901580925331,0.47180821627986774,0.41827902765158814,0.3673668531592943,0.3468244700175343,0.37587333051432265,0.4204495929238139,0.3452885236523631,0.445514589737184,0.41934863979250553,0.3476349621749701,0.5579425179512187,0.3628397660776998,0.3979284568171519,0.4763804383291194,0.36626862584517034,0.4230457071159854,0.3596474807294374,0.4815719770321777,0.386801276805626,0.40408141022385,0.35595172654521506,0.4342875320934287,0.3487995591371476,0.38391144730421095,0.40355084117992923,0.41007888337504134,0.43641860753239525,0.4396193133646676,0.37864674590736863,0.41343662769452916,0.34109975129064446,0.4198341396581046,0.38453640659024496,0.3824773056472413,0.45835078293075227,0.39279392242327144,0.5128937286588502,0.38513276225047444,0.3853262960076119,0.3482715061688798,0.38110827262795494,0.35255528471485253,0.4255912857755298,0.4531439108108723,0.4184651934653817,0.3982529201962306,0.4126672890872279,0.45720163556180654,0.3647043376706153,0.41380055012300676,0.34310759217375225,0.3661865528344021,0.3577873442155157,0.4866039854545389
0.5164896813931437,0.5565177801107924,0.5763378787736542,0.49011923584280565,0.3990811135693509,0.0,0.45526120347228216,0.541474181806612,0.4609025628482001,0.5190099716900172,0.5330092812477739,0.5470130988475282,0.5919211533392652,0.44428144400477265,0.4436721574990228,0.6509976128093486,0.6630208480901171,0.4824587818241937,0.5576728582846942,0.5050465647690315,0.6153433340967978,0.5166478381183914,0.4591701467800109,0.47739561332463637,0.5532897398009868,0.47214494699347764,0.41539280082521196,0.5328884746330346,0.4910413119357969,0.5577111376120947,0.4712303680861707,0.6139342612979909,0.5052922267411505,0.5088483073876102,0.431771101503662,0.48517633587524106,0.5436677247763573,0.5256481888781586,0.46903618819551635,0.47661891677307744,0.5186344348389658,0.5486656646513396,0.518794613972316,0.5180269128900239,0.5038773367704841,0.5455857046375076,0.4949843435454983,0.5037627240629866,0.48670850900567814,0.5031441136584108,0.555804864706212,0.6131672584340059,0.4671470481557791,0.5577001152656688,0.519282290391366,0.5787578677775912,0.5652617713489994,0.6064272532257764,0.4319593066709664,0.5203547647111653,0.5656219471703428,0.5208866974397313,0.6125881121516867,0.4190551500191494,0.4501850070240608,0.5299057837571156,0.45691753717951067,0.515719809959631,0.4700507335193908,0.5290114258132598,0.5381053673608249,0.4396264317563054,0.4498403363468879,0.5630230914330487,0.6287518218757164,0.48149013959144715,0.5234782456993124,0.4853975205844637,0.5288534466151088,0.5476862719354461,0.6596200678714811,0.4784075023888807,0.5848579849547109,0.5602427049025686,0.5287912071372608,0.5509484511939633,0.5096643159071037,0.43224161496227886,0.5158885217109968,0.4982435361674172,0.5088613575657334,0.46371089162394225,0.5388007485553393,0.5319662524258927,0.4908568238842357,0.5394446547957215,0.5048734166131384,0.5265638178178514,0.41576162660642374,0.48573900342504467,0.45223857837622994,0.5326689927694832,0.43428469774721884,0.4899934252444464,0.49510526356199397,0.6128580699386014,0.6336387169392284,0.5545537088031554,0.518815095473989,0.5848339925753628,0.5317244695410771,0.464001251631636,0.5323584412625918,0.4702305160219361,0.5176896527165853,0.5732213339101693,0.5379522010359131,0.4726760839589005,0.5862046456143293,0.4555610496060922,0.46221686861844186,0.4968633338085615,0.5386609124732228,0.6047316730077237,0.4285356248732872,0.5740872935454318,0.4757579775376428,0.523223368733955,0.5825382128667328,0.46570910983853914,0.5535360359585603,0.7215184351166992,0.47659323944529386,0.45706557250971314,0.47559834063827644,0.44413579930607494,0.5383379074984855,0.43200474082332424,0.43782232825560186,0.5105989386879976,0.45685476941061015,0.5634651087913454,0.5007803891621903,0.47810170643884314,0.5267253710109453,0.4156610741727396,0.514850064427536,0.581102073450553,0.5498441522102512,0.4839270172260973,0.4643515720445083,0.5032881475693791,0.4939706279336009,0.4804670309646594,0.5890361509110881,0.5125992175295903,0.5277928834828212,0.6216231259934788,0.4172299831678817,0.5527233153792315,0.4940354423472787,0.4891571533074488,0.47224717683551337,0.48489671069215606
0.5457169910135024,0.5161845618989475,0.510703563541393,0.5608763965581802,0.48066243791016033,0.45526120347228216,0.0,0.45520963900655115,0.4668055863090785,0.48734339659080766,0.5772132459608064,0.506604713617675,0.5436219297892602,0.5265581004132615,0.5391027542798769,0.526131411960694,0.5541816514249268,0.5356255201469567,0.45808608465526796,0.49815216041975124,0.5663817243753737,0.5923536244564446,0.6419293329254413,0.5671856515267281,0.542406806782488,0.6026738298259882,0.49842635233472293,0.4862299939349545,0.4776415058748911,0.4813726394886717,0.4862954070533234,0.5282431895276866,0.5350996514219434,0.5471461019016788,0.5175470122387508,0.5655090214242345,0.6091294791020201,0.5157175350094356,0.4827415145688692,0.6434830856076496,0.5177286534019692,0.5662818150515556,0.550117285391757,0.5944863270122103,0.5616484442589099,0.5124317156776559,0.5081595407388455,0.540468661996128,0.7224518912545316,0.568196639005357,0.6185239794029868,0.5253813294845903,0.41774654833705016,0.5768763085851761,0.5933167123874326,0.5199483226960846,0.5276771906932276,0.5020757645047664,0.5437035614421396,0.53280341892989,0.45810786090424216,0.4691387871984016,0.4779668250065342,0.5239294311349514,0.47554203526411254,0.4631204417437949,0.5620660166934441,0.5808710643701025,0.5622967132569062,0.4834474366583827,0.5761248851469266,0.5105562113985321,0.5054645292380825,0.6140252726406933,0.45333086516657084,0.43871459450934747,0.596235318361079,0.5579078213813088,0.46214812283418755,0.4196102864113362,0.44176135329629124,0.5362533554341784,0.5104058623396264,0.438668979668939,0.5275475563525348,0.5049712495010759,0.46669021745373646,0.5202356481019694,0.4490727742080912,0.5028540783634042,0.6669676322783149,0.5321191856604106,0.5812990977544331,0.4610269404640525,0.5810373205236247,0.5451451129125042,0.42002875721178307,0.5118997331035837,0.4870749749994421,0.5060286385887226,0.5003548705354678,0.5049225158559862,0.5418641525138408,0.4833724997886904,0.4907591379926495,0.5353209987223603,0.4972685959572673,0.5105744807818065,0.5670989777699156,0.5799613442997884,0.6305624251996725,0.5765186850120356,0.5201203094025153,0.4491582528612624,0.4773325771746404,0.5160526566829043,0.44086783987494604,0.5645961279061963,0.5654080836956084,0.47025914918306727,0.5700664203452404,0.4627996845428615,0.5314993896090752,0.551120510976397,0.4601260263721854,0.4959757430589346,0.4959157794212367,0.5505221612626893,0.5227218579101821,0.5612717470226435,0.4529788350399215,0.4812900950767,0.4448375427835652,0.4683294769747367,0.504970040117179,0.45698697354826984,0.46358302225208825,0.6078916843504596,0.554190490572866,0.49956753779735114,0.4464557163583818,0.5497702572695229,0.5610080815779634,0.5313210742691525,0.5881583213031458,0.5802813201572554,0.5237110346828951,0.446993052864935,0.5095819301265493,0.4034351327250096,0.490847782452668,0.4322583017904626,0.5540723671150416,0.65349743897255,0.5248376169122008,0.5350480310357486,0.5248410046601482,0.5146644521074895,0.5185719857539443,0.5644054312602249,0.44672833884016394,0.46673953409896624,0.4575224104061513,0.5517281039339359
0.5333138402045611,0.5879310618977197,0.4756321536564875,0.5997397147239758,0.35372019852520287,0.541474181806612,0.45520963900655115,0.0,0.555686406801931,0.5484864803643583,0.5145688714918558,0.5216468453750546,0.5705394968990024,0.512212361911531,0.476966586202617,0.5176809166380465,0.5499458668139401,0.5409367685343301,0.5791098327904627,0.5714624094952708,0.522466152874182,0.5052927407420328,0.5233728331073736,0.4475737083929665,0.6142986585309493,0.45152233618393,0.5345552378685062,0.6583909461187913,0.473865157346263,0.4829604870403465,0.5614461517767343,0.5465513119777738,0.5727001606796924,0.5631242062041245,0.4918510299775178,0.5476378958926402,0.5431213876472859,0.6297508806654021,0.4923673849298797,0.4918371732030958,0.5392194060433078,0.5106750487705994,0.502023243006701,0.4726106942135153,0.6311594357731544,0.5644324301631776,0.40981583791867743,0.44314533736291867,0.5196035810059495,0.5146721974253263,0.5243586622670331,0.4961813915874383,0.4769973403348795,0.5598183630563195,0.550461877908491,0.5574297276225976,0.5676842234525227,0.5375108634283408,0.48107670934322044,0.5775396549279457,0.7281729938532788,0.5007477745951499,0.5202105767743811,0.4724554851374284,0.4682242969534076,0.5432108840567171,0.5419169918371283,0.46236579776049447,0.5365511873891499,0.7348837810193883,0.5168916819505386,0.510647964790632,0.49479796030823747,0.5544204140754352,0.6908021676188878,0.5041265436967322,0.5035037227161674,0.4252098493566764,0.6246827907671327,0.42398920796257,0.5125134351654167,0.5418375351375762,0.4998907542699566,0.6554786920212292,0.5708180307091986,0.6538580311378929,0.6234333721843285,0.4905578113796685,0.6101651544691544,0.5820405448319659,0.4913221316630951,0.528619995878485,0.5153127801039192,0.5307333438163058,0.5557416359226722,0.5551623898189976,0.5884358467809186,0.583602838676018,0.450239205183661,0.5474466546207886,0.5352132585301287,0.6206593910019905,0.5005199828999014,0.5762275823636023,0.5851951636328336,0.5322752991280676,0.6040048684608715,0.6042781760875494,0.511582775804732,0.49558887090310255,0.4977828025369955,0.514704205905009,0.5471385083506954,0.5981936090205402,0.5519059354441727,0.5299699781444063,0.55078035120511,0.4796231567438564,0.4964491766674769,0.5363573367586649,0.4393443828212491,0.6696911449645454,0.5207475972763864,0.5236906892478351,0.4721273967194596,0.5533133548620283,0.48539831601985217,0.5072823675581554,0.5944247750370095,0.5239897253112664,0.6179726427591306,0.5364776984343104,0.6105370747842923,0.5178133898558381,0.5317958916214608,0.42994605261232366,0.48305933711949356,0.4688287145687633,0.5433325253137328,0.5951311695065816,0.5575232066909064,0.5320525692614497,0.5668003150478192,0.562949169682602,0.538873574818734,0.4357322812828432,0.48896333918245055,0.5248633295385513,0.5884727864094874,0.4773490105253888,0.5649135143814653,0.5403215181858148,0.5462106720546733,0.46024901324827105,0.6167198430858578,0.6310383890136313,0.5423732600135246,0.508877719508149,0.49728606940066306,0.5190477365648882,0.5050500439224517,0.5360192096486324,0.5559098599599211,0.48100940194220976
0.613122066644823,0.5352704343681538,0.4040700090406215,0.5215444775974063,0.36990720374327735,0.4609025628482001,0.4668055863090785,0.555686406801931,0.0,0.4510692882350575,0.4835697095121206,0.4934113790936537,0.4761823617777867,0.5167863270302562,0.508852051975588,0.450683461498405,0.48135082868119605,0.5612302800927897,0.5780721777525554,0.6719777385339696,0.49823946164527283,0.4859478719537225,0.5242882389119156,0.4470636290399064,0.5787617853388507,0.4313335649540424,0.4804573128649388,0.5352178221986893,0.4259566636807452,0.48902126232535637,0.7060586001964894,0.48972526043823605,0.5142940958028036,0.5400894352319526,0.6303439251634757,0.5529362539461844,0.5268789931642059,0.6716770114904317,0.5156373251657828,0.45912258381550974,0.5284167110603184,0.5161274397013011,0.5130111721368995,0.5119879573584022,0.5530987995824898,0.5140805035362974,0.4082225799230624,0.4408873012238093,0.5460667607627069,0.5535161648282875,0.5144143236037648,0.477967769590321,0.48453355772662904,0.5052366773822023,0.5090732648559565,0.5597567347142092,0.6044745357104035,0.4873466913523283,0.4866114627809379,0.5499538799593612,0.5112892031490829,0.485154836342241,0.4825595545559926,0.5253094573270967,0.549493466779817,0.5196248703300475,0.5154560502657449,0.45335061692384127,0.4995965431626183,0.5987909037859919,0.5489080506943497,0.6116698494331023,0.5158424618336541,0.48396939570083636,0.5382889711931568,0.5306342512027805,0.4431123342441932,0.4088322662329643,0.5925495987091941,0.4166093474098163,0.46986138723293913,0.6662616435335692,0.4818663655445462,0.5274786391889035,0.6102332093162642,0.6290039783112967,0.588979737935536,0.5268189969272663,0.5281979909094465,0.6065468261111905,0.5110434911857067,0.6335156322372504,0.5178869547995489,0.5584016011270923,0.6145663827628517,0.5375429678211253,0.5709578440969373,0.5778347389170998,0.5594253633857229,0.4880858369388448,0.6189339871699769,0.5056414585868324,0.5428537499523167,0.5494322381462988,0.6442228305638177,0.4737893812175858,0.4907641236322427,0.5316271366764717,0.47537406367807034,0.4730529397223475,0.4974072378264934,0.624438990109233,0.5139609205580714,0.5646143719462925,0.5331946786343967,0.47881715740538733,0.5448424935469912,0.49286545306226176,0.4383715613435143,0.5485699692887114,0.49568018408702397,0.579281961502728,0.5780935623459877,0.5073815463086344,0.7005444399529467,0.47584869674248587,0.4677012833224608,0.4608337855710623,0.4987957999314398,0.5363554406729535,0.5788739496216263,0.4753575243637501,0.5869744719917004,0.6738631549399743,0.5728725749813434,0.4976835193865429,0.49757469081002625,0.5134763799717843,0.50863567934053,0.6658008384590479,0.5264393212846175,0.5296612226461254,0.6026964246061087,0.61376819671477,0.5637107146843975,0.47009077747752415,0.535357410093928,0.4460055613190587,0.5449275031865812,0.45188643888119817,0.7828796255330015,0.554495994623579,0.5687796605130214,0.4179038962897988,0.5580572397079686,0.6549734871969163,0.49776871309522824,0.447841877308219,0.5461241220082019,0.4960882264961752,0.4477102692619221,0.7074909076213588,0.5976565110020744,0.5527570043573223
0.4827438133440737,0.5870715321909425,0.5346943255208201,0.5240522232427051,0.35892594958319984,0.5190099716900172,0.48734339659080766,0.5484864803643583,0.4510692882350575,0.0,0.5016669817282774,0.5000829174174195,0.5664959721998,0.506470170862267,0.45010336427419734,0.521871312465831,0.5521414173406127,0.5102799234948074,0.5007970488882469,0.4999074689054383,0.5037018062674672,0.5075004791040264,0.5365210094092523,0.442847978965865,0.6346777967871704,0.4385125981550555,0.5039507597080415,0.5713097111166052,0.5705992155180527,0.4532788412184195,0.4790673704112563,0.5751356566159475,0.5123460083967037,0.5226991374912896,0.45720610569393627,0.5196228675566757,0.5204073851385185,0.5197000758967466,0.4386312245998472,0.5026201410322126,0.492255741532095,0.5080021704576222,0.48178332073615265,0.46305701308586833,0.5604760700365751,0.5117220061206703,0.4372137698672235,0.4532471269881104,0.5427746629615662,0.4786565357152937,0.4965480986724843,0.4636451155813263,0.4417266258783621,0.5337917099875378,0.5624742207324489,0.5326446240284775,0.48758452481493075,0.488956642323882,0.5217095506769194,0.5117600770686769,0.5528975029137282,0.4621059386301658,0.4675044739372202,0.48080455721060167,0.4328359109367362,0.48216492415531886,0.5030691591538935,0.4732085751347204,0.5748996684770068,0.5428917410194598,0.46831939950594315,0.47851111877996994,0.4663829511506281,0.5433793919909965,0.5545242609555356,0.4787744813084905,0.49340799319833734,0.4461465689112829,0.48493523637090574,0.41116118392906553,0.5017953869597364,0.4572790826479158,0.4843925412525175,0.5327572398207033,0.4977024496152484,0.5209960505472713,0.49159459836728125,0.47580997135220665,0.5378751570394744,0.4764184572062369,0.468376909961277,0.4894517986133944,0.5162661560363018,0.46339490455335,0.5057245562579382,0.5649609409198459,0.4614239399004041,0.5608025011707616,0.4233821539399541,0.5178567483956747,0.48393991415251914,0.5313679054260332,0.4756805953669972,0.6157051189759654,0.4894352191970346,0.5036623468011765,0.5561888523393272,0.6088507553328497,0.5236735188749005,0.5250965604416366,0.49423773218305606,0.4616413250312419,0.5164018983797001,0.5018994943194561,0.47713080386033674,0.4809343831200863,0.5180462334879298,0.5287296546703567,0.567709519764702,0.4768230126187582,0.41503252925204986,0.48950452805292954,0.48787200311497003,0.4943383897894756,0.4262345740994407,0.5691899987351087,0.46281157678610857,0.471690783788906,0.6559051777747165,0.5065220838547586,0.5489589671198705,0.4909559153002723,0.4683165002706058,0.42529629017801773,0.480558496711722,0.41570454074840124,0.4641087818558813,0.45365509264640713,0.5455225046665423,0.49625730274933644,0.5174962373186924,0.5390334183153852,0.5122787380080703,0.512153477619777,0.5182134559980823,0.4436891681696309,0.4374340662069022,0.5247396050279652,0.6741157376264706,0.4542844269649707,0.45242908055461306,0.5121346701899949,0.4850783609915073,0.5345527743332812,0.5682261853697851,0.5177772022223894,0.49689111332585784,0.5006500390149721,0.46692925260137413,0.5016615183923863,0.5531883491353305,0.4763025651884801,0.4923985907966506,0.4312889641017378
0.5219460339556334,0.5672547632337314,0.5883735017145478,0.5613070578088281,0.48605002939103426,0.5330092812477739,0.5772132459608064,0.5145688714918558,0.4835697095121206,0.5016669817282774,0.0,0.6775872182514437,0.5523459918305411,0.46326043409805034,0.5356989033834725,0.6360456977697957,0.5834025526217806,0.4889845465088047,0.522281449719575,0.512182399019787,0.6475133322231396,0.6988844576600447,0.5504732897212524,0.6407276155841533,0.5826895945810846,0.5762741436676613,0.4797169093022396,0.4997380965840378,0.547463622733467,0.552403341792362,0.5196825345553605,0.5198836581321353,0.5574349115553248,0.5338056128097408,0.48501326312970466,0.5479876902104197,0.6674982729027212,0.5619617065165126,0.6184780910289204,0.5570657729163966,0.5646688932498642,0.5755874709878053,0.5444900086976903,0.661051032108195,0.551830650118837,0.49349394231086574,0.4567238358380175,0.6731829531556437,0.5924764304439276,0.5191645812482952,0.5688597927467127,0.5346296947428206,0.405613361568893,0.6505211323016444,0.6488218845613439,0.5271428058882106,0.542411698424532,0.6376628940494062,0.44880800326373116,0.5047294527344784,0.5148002120852625,0.44163702366790336,0.5015270585817181,0.4660577759458648,0.4392015388999268,0.4500812615046936,0.5162712413222972,0.5413746096758805,0.4886540719849913,0.5437358928375671,0.56363098684191,0.4654018438415889,0.45502485201183973,0.5808566723519981,0.5011196877908631,0.4213769343839264,0.6010412594389233,0.5906972807708113,0.49220232128848457,0.46751025466236773,0.4796557659857256,0.5156395341176042,0.599582586038231,0.48458606562937534,0.5131720930824555,0.5621219540039545,0.5225292692067048,0.43974829542015775,0.4425098996592074,0.5691642409618284,0.5927717687337948,0.48404078693707764,0.5912292291650639,0.46333639669954546,0.5214669534696008,0.6607717283347442,0.4472199818521725,0.5076062264863704,0.44146763044004766,0.4551038687794554,0.5149017393803118,0.5491212678232701,0.4661482293695505,0.5160113230663571,0.4701106758771068,0.5411923737498979,0.509067366283829,0.5520002245508654,0.5128521320497176,0.7078674831721379,0.6554057318171267,0.5329286183892322,0.4949198195775655,0.48051941811732213,0.4707391821570079,0.5466821832100804,0.44035596709948926,0.5727799178719787,0.56912432046681,0.45762623201438574,0.5751421307429989,0.49153428171597446,0.5325092008298171,0.6066441680267773,0.4593751022554844,0.6097758778374857,0.43900617843461076,0.6497875676965983,0.5656500033317414,0.5138537040081808,0.48260180462405167,0.5624745911220592,0.4905281803971518,0.5092104983111483,0.5936930104554934,0.4519705005455814,0.5263965667939354,0.5345096996956668,0.5449219712499928,0.5573737971562335,0.45364490617476905,0.5640136348411454,0.5099260389576973,0.5204776206571571,0.6945723448725004,0.4584780430042109,0.6258746624620364,0.482132965437894,0.5501912822356022,0.4480540915901064,0.5177456975608093,0.44864101578902055,0.5976896091735108,0.5498100063341749,0.6265211930185254,0.5892956963957955,0.6173837990136493,0.6037325271889538,0.48593491433885866,0.519617883339416,0.4301309936623528,0.47480276925661935,0.47206703985618287,0.6217349520710963
0.4886915193704187,0.5670509140286263,0.5538028877819438,0.521742076375497,0.4560495666870941,0.5470130988475282,0.506604713617675,0.5216468453750546,0.4934113790936537,0.5000829174174195,0.6775872182514437,0.0,0.4930407087022236,0.436729016375701,0.4896561956940255,0.5996416883048334,0.5603311322324557,0.4566079481880121,0.5811535593764359,0.5073162300560675,0.6362151672706554,0.6066734878894013,0.5160405309428663,0.5428969606465192,0.5803876799323016,0.4897545171869669,0.45189901127429566,0.4895555805221396,0.5408953726715995,0.5770789806297852,0.5319367265076164,0.5141760426993016,0.515493600460409,0.5311407156197536,0.47044699433274745,0.5556163778298998,0.5592624252094875,0.5617329710574327,0.6631922222995241,0.48186787890454996,0.555905933202528,0.5719567090670062,0.5138414439848742,0.6009464288391476,0.5162490271721997,0.46821877888347657,0.4366492875542507,0.5754237735952756,0.5352125751252719,0.5048131082503544,0.5297233600135851,0.5092618312856455,0.4068930449093162,0.6172622793839574,0.6195902535456055,0.5233175839332943,0.5320837426116067,0.7002335836855668,0.4256357349960757,0.4927730560559724,0.4992169429966449,0.4404724791997721,0.485896573021734,0.46599025045134984,0.43038664454399495,0.43628236721318797,0.46715494190246076,0.47241426813163334,0.4572240117466308,0.5285653586236297,0.5123438710319976,0.449573353025925,0.43975171777230093,0.5237901208821404,0.5164558675920002,0.413018043703914,0.5298638331299969,0.5328509039971032,0.4842100235723844,0.45542636252009794,0.47940548324369897,0.5074176705140002,0.5647762930821318,0.47667409512970904,0.517771979660928,0.5548479599255689,0.5150424449240909,0.4229892580198269,0.4390681639225635,0.5503547104069436,0.5443689807086631,0.4935010049655505,0.5769994742714284,0.45556027126997317,0.49954122438326753,0.6348762717864374,0.4660900379046367,0.5263039385330237,0.44655754246196155,0.4329424037219126,0.49770385272506856,0.537977215677836,0.45637029006480345,0.5441910228533964,0.47083192138976043,0.5060819298351849,0.5105541409082575,0.5528695686065553,0.4736776064275114,0.6193569382981537,0.620547676280565,0.5253091521120471,0.4656809466888633,0.4985664032608985,0.45082563873404063,0.5081528905290259,0.4492429498824396,0.5602742427405377,0.5395254299519776,0.4566591048697569,0.5289796819194927,0.4924017569007912,0.5191303211048589,0.5588343994441258,0.45789270988565184,0.5925178605031278,0.4347741662916654,0.5908066797860069,0.5816173824731138,0.468560449513616,0.5084449111649525,0.5746797297577068,0.47190338366182977,0.5236175948346085,0.5828082561728536,0.43480504171119233,0.5137615841305841,0.47741034182143643,0.4968146094740976,0.5812847394184459,0.4347520384223074,0.5729700937176437,0.5026336000550324,0.5442554459696788,0.6460080742615247,0.43306082015183495,0.6267092435393407,0.47393614368661646,0.5739223539994305,0.5013393316337869,0.5103836168855724,0.46250683837990125,0.6048006030143577,0.4939107502261877,0.6582268098465246,0.5427600065147701,0.5234480989686445,0.5591323481584629,0.4443807855974272,0.48773316106646264,0.4136350466936672,0.47983588366959046,0.4914045978009512,0.5647192848862436
