0,1,2,3,4,5,6,7,8,9,10,11,12,13,14,15,16,17,18,19,20,21,22,23,24,25,26,27,28,29,30,31,32,33,34,35,36,37,38,39,40,41,42,43,44,45,46,47,48,49,50,51,52,53,54,55,56,57,58,59,60,61,62,63,64,65,66,67,68,69,70,71,72,73,74,75,76,77,78,79,80,81,82,83,84,85,86,87,88,89,90,91,92,93,94,95,96,97,98,99,100,101,102,103,104,105,106,107,108,109,110,111,112,113,114,115,116,117,118,119,120,121,122,123,124,125,126,127,128,129,130,131,132,133,134,135,136,137,138,139,140,141,142,143,144,145,146,147,148,149,150,151,152,153,154,155,156,157,158,159,160,161,162,163
0.0,0.5684355714548832,0.5543303745139313,0.4958620135541841,0.5566392554067765,0.5444943803947063,0.5338240405791431,0.5151736989067236,0.6118462879060685,0.5600840248116041,0.6091489579353635,0.6108839041702799,0.5663889845949645,0.5011949334783845,0.5279811571756284,0.5982486548884128,0.5977670198115105,0.6583203282514369,0.564426607180206,0.7076945379468859,0.6448107782305994,0.5814997831247927,0.5418514279581719,0.5013631175956763,0.6944380078045602,0.5230003341363808,0.4429706669766309,0.5550873211019713,0.4806739064439522,0.5503843880412127,0.6501570895909585,0.6051416391220075,0.47049679835635866,0.5827729024546873,0.6398020124490158,0.5774368529382633,0.6581169715265854,0.613649728104263,0.5571794728413381,0.4585944729803028,0.5214298241589355,0.5824951646199441,0.6343409958398373,0.6609571521909164,0.580277892121946,0.6330028754557863,0.5574484321659411,0.6408068960522691,0.647747476745685,0.6561999094092485,0.6727839993901475,0.6124240933795887,0.5685321677660563,0.577036873867897,0.5989322859696279,0.555517250863761,0.6966252506937519,0.5754209547455853,0.5504630245644043,0.5718792793345653,0.5145935818456867,0.4846817066709644,0.5953945576836273,0.5204915617798811,0.6198588462154284,0.6295382894677584,0.5568108111147066,0.6057206000214642,0.5756155599101273,0.5527027503381113,0.7154198369793756,0.5769661193858567,0.5693853547507378,0.5886789572842926,0.5797031917840885,0.6442344442937106,0.5258156520210019,0.544397866082649,0.5777699347158605,0.482796101249529,0.5465561589747621,0.672020622430708,0.5849660021804066,0.5182451269458874,0.6035064424148595,0.6058254432691432,0.5245860781448793,0.600990171486175,0.5941234965844286,0.5576017669749612,0.682458532978148,0.613618373469454,0.6472801205187764,0.6443430231228605,0.6301581013403894,0.6115844706496297,0.5113496274869667,0.5738208403219983,0.4844286729616415,0.5459591544481661,0.5444761231240568,0.4834568351175512,0.572643512734081,0.5700312795638557,0.6261681614272318,0.5940005477751195,0.5639747256880532,0.5632294572928638,0.54563239088106,0.6292879022420115,0.6491007054893617,0.6534287142417711,0.5952394180834404,0.5436342033298405,0.582537062082987,0.528926921305444,0.5774104516191525,0.6542449822791914,0.5330382879313676,0.5196120456801478,0.5902294808920151,0.4983380005738466,0.5887354079082342,0.6636549603987594,0.5579418724145225,0.5645219721329077,0.4939572591041694,0.50485488112656,0.5617481892856461,0.542513664716956,0.5289872811441648,0.5458121538690512,0.5122219925831961,0.57669415876379,0.6279463472081245,0.5760990380439673,0.5860292608451044,0.5013758070444827,0.47788631927352,0.6280198278022904,0.5143101105282127,0.5607699896844328,0.6536219678678077,0.5995965207012021,0.6746185837554007,0.5587469374468971,0.6129751693209825,0.524099939430383,0.6815806200836256,0.3959024498063111,0.6612628472381851,0.5589506025451746,0.6072498120676012,0.4728593404202651,0.6117718183185131,0.6444998330567883,0.5004583193621484,0.5607959822547232,0.4652512859925531,0.5712683707277759,0.5039571740228418,0.587812976801772,0.521792329198959,0.668937498504982
0.5684355714548832,0.0,0.5606387115370229,0.5451711440140921,0.5006783586347164,0.5060905386541893,0.5412316193241169,0.4837728388306102,0.5083651869481443,0.5936460084470729,0.5711094457219399,0.5636244950944963,0.5598542877177966,0.5486088224267053,0.5300930950473973,0.541650222155423,0.5936274495357354,0.5759975227426275,0.4853004234995486,0.5573951404584422,0.548711848233533,0.5942194072488838,0.5627778109082436,0.5692571325578588,0.5511055195528071,0.5050792806605434,0.5095078281352673,0.5786599747162836,0.6136171576930688,0.4775252892715711,0.5232285184486543,0.48430633597773864,0.5607511955039329,0.5258228300309998,0.5673064958105171,0.5499658359895376,0.5368315869855839,0.5655890174317859,0.5203574146350018,0.5411050430176775,0.6421887345124472,0.5097330346640211,0.45394864663840373,0.5461471755754919,0.5597312029104443,0.598392323871353,0.5026535042845285,0.5092957984345116,0.5655714431627287,0.5253570213780522,0.5324062304047895,0.5761250548392566,0.592452415787173,0.5971556682168956,0.5434189396191074,0.5444659193832514,0.5618437297580522,0.4966333194109476,0.5044199474840177,0.6085904317117278,0.4996976299086989,0.43750517727140803,0.4785337368430926,0.4874805527074676,0.47840726206149126,0.49627536497982777,0.5571979924715301,0.49319005985680486,0.4823099992043277,0.4725585709010968,0.5355678338909159,0.5490092714016472,0.47145024598961655,0.5477679875258727,0.5572399216169166,0.5350401644485487,0.4736872711122979,0.5853742242180568,0.5272461033818565,0.4675562069350486,0.508103001332086,0.5179457722670966,0.605670500242602,0.5314322106815416,0.4980702334416208,0.6625659534805936,0.42198926213636184,0.4593106365126829,0.5533874358749105,0.6323499874118789,0.5456424813767591,0.5298375729694367,0.5866640046251664,0.565322575847078,0.5755024135198321,0.5854474630135729,0.45153419832646996,0.5271628699902603,0.443001608107065,0.5697276990036332,0.5541429480031788,0.3974265608520979,0.4498176331509063,0.5252440461036725,0.5027567148018722,0.5569874363157536,0.49856904583804884,0.5823549094342674,0.6207270680479441,0.6314607484528928,0.5332372458132132,0.5134255892421001,0.5044184148745117,0.5092425925717933,0.5888292819525736,0.6766564645900787,0.5230788004597013,0.4811443104890686,0.508290619797947,0.5328979973755693,0.5593007589079314,0.44854621068243994,0.5184170797158438,0.633272100440481,0.48445021444554875,0.6116540878223942,0.46003998725023526,0.5117097481368406,0.6036315398562693,0.5488523368890093,0.5210049414892698,0.47733623592094443,0.493030677636459,0.5570813415812115,0.527497992051374,0.4986441196849362,0.557738502029968,0.5479502115723714,0.5202457732515093,0.5213984364871036,0.5274691203160786,0.4992142600099914,0.6269093602345208,0.5019517453250599,0.5862423458314406,0.44260721739798314,0.5527096342651445,0.5804910537815734,0.5706266288152447,0.41054210511599254,0.49769832180218393,0.5465701670958732,0.5745694800816139,0.5248482547366248,0.5617699255941235,0.5394747248126345,0.5527233141641108,0.582638641636631,0.5334676796079959,0.4886871995449903,0.5447854459258638,0.5184666852062091,0.48178487340138976,0.5912608850593972
0.5543303745139313,0.5606387115370229,0.0,0.5578486593586878,0.5189657294778159,0.5226145649252399,0.523196880052722,0.5336214216805597,0.4680745637462649,0.5986277045379861,0.6207810754220621,0.5368664711231004,0.6507195518223118,0.4801469183625844,0.5119064340924872,0.6263494498208998,0.6276042145767586,0.5908371150287453,0.4671553209096217,0.5128130903413118,0.6152490282554958,0.637815311087582,0.5226092707272688,0.5399482957921109,0.5584266213987944,0.6044523174973829,0.48286569786758277,0.555390444354149,0.4912711840949031,0.4691060939179799,0.4782176704925156,0.5175762603967884,0.5112546918352808,0.5034941152489676,0.47164049309403744,0.5088570524748047,0.5989237704034863,0.5275348543238862,0.49242672174998997,0.5258868400362319,0.5295055042147824,0.5257815918612752,0.5228641800427127,0.5239375988985009,0.5846504420785857,0.6464841220535927,0.5087527236761215,0.5619276362500875,0.5491149643239611,0.5316379702428013,0.6036885669710819,0.5970826462687063,0.4996679712503511,0.6102520847373475,0.5467764840314703,0.4966483931764774,0.553746878888386,0.5416121694439693,0.5135092058942081,0.5380999472832712,0.5612166689679052,0.43840400642204364,0.5585359658442206,0.44175638412372364,0.47896810255080463,0.5545177618937427,0.6008017582941014,0.6076358258552949,0.5644223650735178,0.5361231480735381,0.5986077505794826,0.4698969721646539,0.4938139860847225,0.6999261144408228,0.5654334902383027,0.4802969995997087,0.5949588583595572,0.5838418735034744,0.5359738124710238,0.44539047763920087,0.5179942957820468,0.5325185296771328,0.5753742810399884,0.5187235628443537,0.5037329194803501,0.5783185284511074,0.46627007520651714,0.4850793280148482,0.5360225502105661,0.5374963715999639,0.5965048548814543,0.47248527199824186,0.5421762408909958,0.5098795929983474,0.5569662994486348,0.544433532606713,0.4567459047568612,0.49191165229094574,0.3955485824844862,0.5675879504578625,0.46067960623307697,0.47811859846233196,0.48136944066762893,0.5012545813909899,0.4957154104191252,0.6485294490175332,0.5786829083745403,0.5527524328460688,0.595367130064451,0.6214444066796497,0.558606781320425,0.5070909410110858,0.5502887406216762,0.4992875950430707,0.5443358973585742,0.6030720553908041,0.47331556349881804,0.5023770826473123,0.5631099943127805,0.47237308212796975,0.5085945663527073,0.4857004383669419,0.47911479701086623,0.6214083533185103,0.41921134327465176,0.5722689706882355,0.470413054263906,0.5295939984538769,0.5492066585472698,0.5365734408738609,0.4720173119059493,0.5458803769768895,0.479601981770473,0.4701874896868776,0.5310289524110523,0.45727907743184937,0.4900192801516645,0.4838722490177724,0.5137687319372835,0.5104597221789692,0.4987869838266009,0.4744527047337826,0.5616563377830146,0.5009335447728758,0.5612213313608984,0.46917860006623185,0.5303528136891041,0.5848459444016331,0.5490482032921096,0.36888294373034086,0.4902073406121558,0.4664187819075318,0.5547827717022632,0.5626299990982753,0.5727713122253008,0.5819321218471282,0.5414479039138408,0.651068223094025,0.450289087618871,0.512825632265907,0.5430104779604686,0.4459006524574483,0.4670179067225235,0.5548351783284078
0.4958620135541841,0.5451711440140921,0.5578486593586878,0.0,0.45341824829123883,0.46205374514725084,0.5346766004960722,0.4992571804007286,0.4245586011582136,0.5351937208068255,0.5965616341785202,0.49590800985415356,0.556353787094881,0.48611444734294235,0.5290996326512208,0.5006711172945701,0.530399815097295,0.5428426995584217,0.4494594543911883,0.4571550184812435,0.5077364689100059,0.5546711800668394,0.5269710317082944,0.5194783373657481,0.5025549640231028,0.5585184072462074,0.5220492155620975,0.5682316877714082,0.5160026408771101,0.4067982722737332,0.45945349685713766,0.44791695732850445,0.6587083077959343,0.48452218171060457,0.4770340704607609,0.5055694884083562,0.5249698411752212,0.4942206805312955,0.47674449842408423,0.5501765701344475,0.5729158189797381,0.44092312262675537,0.45464428573182536,0.507357299177689,0.553038543801405,0.5508937047964364,0.4209208379903447,0.5003019521794425,0.5231160697725595,0.47483681063165056,0.5430135462334132,0.5349240338908648,0.47917336746039013,0.6528301023330961,0.5656437412069557,0.4314304395150281,0.49415503797925703,0.482328340225402,0.48845716758608293,0.5169501087229165,0.5487972806409968,0.39958170183105196,0.49421758116963993,0.4176716990514466,0.43400403721607417,0.47794206370355347,0.578576283883437,0.4829813151491307,0.5011857934877721,0.5029815374331144,0.49943467961556803,0.46214376025880216,0.45800417628118967,0.593632703713136,0.5084858296832865,0.44965642317764093,0.5213239860629849,0.5194197767886375,0.5089580788749549,0.40295720862200124,0.45077231567863696,0.48783708972638296,0.4857022175265956,0.5041135908905635,0.4580840593473906,0.5284393530943742,0.43024625171560554,0.45358545209085716,0.49992258293369224,0.4833421383590959,0.5366196547293027,0.45716305765858156,0.51758233198252,0.4770551772537459,0.5244686958670859,0.5224820344676036,0.42374812953356567,0.4584679435356811,0.3793541280494363,0.5621267325304707,0.4705560837309106,0.42940237498753553,0.4748355490313603,0.504903791950348,0.46953934810695797,0.5048779015431439,0.49056828486793863,0.4977184719894433,0.5589522372909042,0.5067745558032026,0.5273290478459017,0.4683715717361542,0.5015228110564487,0.466138556661437,0.5520079990919292,0.5589475070437264,0.44395248340762566,0.44522627323083647,0.531743204719374,0.46860242653585216,0.46107574429807374,0.4843526199183942,0.4332415989373441,0.5498507231216933,0.40177861736158826,0.583287979526461,0.42807850383067375,0.47924485414554685,0.538100372892357,0.517031038991103,0.4160558680122672,0.4428088664854467,0.4726569427554807,0.4661170185307046,0.4874412870136229,0.4199110052079247,0.4312834623043942,0.5131134050874129,0.5333727146611942,0.469966109347521,0.6089912589221522,0.4235349438710976,0.5252021233376986,0.4642748192938366,0.5053879301877962,0.4284086425590135,0.46102236029396343,0.5160430577249437,0.4745900317308141,0.347931915696687,0.48288548401204723,0.4646678882342088,0.5146550850904159,0.4761662590607344,0.5288473952542845,0.5164372679148413,0.5324724573213581,0.54608650078392,0.559945461456266,0.4801256812826356,0.5134969908483237,0.42997792335151036,0.4255661543604445,0.5160440927967271
0.5566392554067765,0.5006783586347164,0.5189657294778159,0.45341824829123883,0.0,0.4435874259766753,0.5536845885942652,0.4141113268116728,0.4734451277958621,0.47991652048787475,0.5466310046176759,0.5166855442339404,0.4690409165740302,0.4446309806910287,0.537859044920397,0.5035526225836547,0.504972520589259,0.5432576161489882,0.45860195100611306,0.49935790298149846,0.5489327123462853,0.5681352048340036,0.4994302139060443,0.5256539684861039,0.5112494220417296,0.4988772532358779,0.4105105204955503,0.4430450430615983,0.4775620059107484,0.4868719869192507,0.4987490663183958,0.46512380714947366,0.45442393321594676,0.4516491453877716,0.5212930563733696,0.492631098023137,0.5263891618927717,0.4976489468346704,0.5100383639601705,0.45881567061723016,0.5118520694525204,0.49375724625914225,0.5287454509569153,0.6172906903888756,0.46632622893670067,0.5079395856867791,0.5384178049548942,0.5869882718951486,0.5641342944034243,0.5371954783839413,0.55487845600794,0.5267487405164407,0.48383575986287986,0.5181150779271962,0.517268742350813,0.4589886705142611,0.528317924069726,0.48612516897193603,0.4857862728623794,0.47785273192660316,0.41547890059191717,0.4118340998168109,0.48557078208815396,0.4572848358434394,0.5157880877924581,0.46809661784466594,0.46610594657052334,0.5500175191240042,0.485007578848297,0.44392630508483555,0.5651385682619943,0.4927332974297146,0.4449809285052902,0.5019026600084815,0.4500557399353221,0.4765871382644811,0.4634443777771125,0.5779675239142281,0.46484292510727226,0.44038618389097445,0.4674777546097281,0.5219751915558447,0.5477869330662173,0.42494809592395816,0.47268791248493036,0.4928346502985217,0.40938831621463745,0.4779145813122782,0.44562557964067057,0.4665030944904561,0.6036298963984833,0.4903822007369192,0.5877800111913919,0.48683946404337747,0.5222998744302912,0.5333772016706853,0.4103803511548198,0.455431069805014,0.42850358935050864,0.4457007414646142,0.47016048396783894,0.40344100563345703,0.47078217442156184,0.4939859502679955,0.46828112983823583,0.49611713556340364,0.45208219666954014,0.467301148554067,0.5186460259536999,0.5522388803040242,0.5449084870400552,0.5263831135165447,0.455268845997165,0.43683168860477245,0.4817828480405642,0.477495199105977,0.4514611399491165,0.5611178136509224,0.4752687178858522,0.432947869562237,0.6112589392769208,0.4164554383178582,0.46789834048657497,0.5774582654181313,0.47208243258580546,0.5072710926631085,0.4178967564309289,0.45863659380952776,0.47121208473021536,0.5101780701436196,0.4291106292752597,0.45881399684622654,0.4152895671895461,0.4792896379864678,0.5105714022535155,0.5513793241738331,0.5115703722362854,0.5103863922542913,0.45060738014716956,0.5136514592343217,0.45690227218647533,0.4662742134315065,0.516936685619881,0.4849994247690692,0.5608762987259286,0.47495166167665337,0.5598729791132017,0.47663931105165747,0.512947698484274,0.35438643636220146,0.4866615764685785,0.47829310054718754,0.5243772895055364,0.4787833287299853,0.5080299990442394,0.500823805368053,0.45624054553949417,0.5033380654405774,0.4494929556857471,0.47053982745445744,0.4582851163515553,0.47119444469527005,0.44631750594158537,0.6023479810064609
0.5444943803947063,0.5060905386541893,0.5226145649252399,0.46205374514725084,0.4435874259766753,0.0,0.42485121167984274,0.5333280870625196,0.5319614879238244,0.5077611462568545,0.5075239612358006,0.6080069108854695,0.5074871934975647,0.42863362197752664,0.4083201837834279,0.5838568638191829,0.5618153569129467,0.46726998079550525,0.5526653650714414,0.512520049651111,0.5824598305738544,0.46428514740320737,0.4336773546864904,0.41037062575000954,0.573434386287635,0.4581169400616898,0.38926331191325025,0.5123855175497343,0.4330915959552977,0.544539362763675,0.5219478557616019,0.5884094588245989,0.42884136475871193,0.5404206188071615,0.4663329095454865,0.49890930228028746,0.5251073151612762,0.5273434159817519,0.4805196039645566,0.39009580314852094,0.4586764318684284,0.5693925625034485,0.4874682898000134,0.5215776699568561,0.48517284305794944,0.5150350563336789,0.48669700731179527,0.50567109243906,0.46197932645259515,0.4959018588860261,0.5429306209662783,0.6047191020770544,0.49773838914422364,0.5117585562682704,0.4982421040270729,0.5862736615318672,0.5514711126199422,0.6651267494328021,0.42213010286176766,0.49202141457883986,0.525172200357169,0.5036380093535333,0.5908671939993211,0.4286478109180173,0.46584496780449136,0.5444726607018179,0.4678716072774611,0.4870133665843407,0.4502582907900078,0.5207235510177542,0.5395694040189302,0.44320178551581746,0.5187949753766121,0.5092174139720105,0.637277026542751,0.5289152404561325,0.4819463830282602,0.48478804520763924,0.5184584208042297,0.5341027525066883,0.6024585992298044,0.5383226311378203,0.5328804967657322,0.5283236504245216,0.5736650195063906,0.541385308068261,0.5448689407814711,0.46415675481889496,0.5713564136459728,0.5280797916874675,0.5399125055345886,0.5412913391422574,0.5016518645659813,0.544567139092495,0.5132421114205411,0.5411326976028997,0.5217745972122376,0.5864475610521003,0.44185575518896597,0.49844404276475796,0.4519250941931149,0.4696110223210991,0.4936774589248874,0.5036594767853527,0.5514184298777969,0.5478807471980217,0.5707887069240847,0.5349262170531458,0.4483937732822859,0.5294417063567843,0.5577887162882745,0.5162790643050817,0.5898624605995435,0.5533411075013391,0.5070784242618318,0.508610741396277,0.5661337727483311,0.4579884639324077,0.5305870090191285,0.5316699130381798,0.4536616066362765,0.5258511344733218,0.5423968454351084,0.5660192786257392,0.46410764706005325,0.5147427039100936,0.5046447453770685,0.4735444116552717,0.5462484647355152,0.41971854525793284,0.5773159622841142,0.634438129698621,0.4914027263594178,0.5456109970155636,0.48346093141995444,0.4330232896960037,0.49120521233594033,0.3929032068644779,0.38598537439332536,0.5222082999954759,0.4460724991961028,0.5436225935019551,0.5420454674211634,0.5361880999596762,0.5379562586948128,0.4527507186446124,0.536664831188723,0.5130911072807581,0.5592703027842607,0.43941124212225263,0.5259745896419854,0.5132515768781609,0.48151222707777436,0.4043610636413812,0.5960924268614077,0.5107399795889512,0.4293124188665247,0.5852137170736177,0.3883916549758377,0.5420349687954604,0.4532915850685271,0.5298425571607243,0.5094506123591758,0.5120295728180755
0.5338240405791431,0.5412316193241169,0.523196880052722,0.5346766004960722,0.5536845885942652,0.42485121167984274,0.0,0.4130163715447049,0.43114779596152963,0.5664498514138011,0.5364018610420035,0.47622803635696237,0.519986380702835,0.5104102550577835,0.5452900244173995,0.4781360747122626,0.5156344738308865,0.5846163436055621,0.42504919603693553,0.4677534258516324,0.49689824379096226,0.5601085042780396,0.6298281890942449,0.5509728945404222,0.518376671963167,0.5222219282112361,0.4895941722625808,0.4989974534143098,0.5233033734494317,0.42817260064509266,0.45697375942934576,0.46474172630399646,0.5083111401673891,0.48355443685482,0.5197957755098729,0.48916632581486236,0.5284699325737467,0.4613148768672364,0.44336109560761167,0.571525498318024,0.504853071331206,0.47923645133159076,0.46410693861115226,0.5306973769746691,0.5069101895846577,0.5308107828005311,0.5103495041995135,0.5066948255296072,0.6655652882845422,0.49436109717716026,0.5457915276946558,0.5019779213044485,0.4790157260632919,0.5393077269054813,0.5308838633293901,0.45909254518436443,0.48630814207529316,0.4376667290519469,0.5884076016091668,0.5039799275353424,0.4304695382492573,0.3967406695750946,0.44077855271068017,0.45813753817476655,0.4673166706663069,0.45596154873881495,0.5483666611920583,0.5382492143120656,0.5213650163239115,0.4339383080322776,0.5063086564484623,0.5003790973378702,0.46271596712770857,0.5544718723552922,0.4392265210703034,0.484622916541392,0.49050289718176643,0.588518556365714,0.4393744474906675,0.4057590834197697,0.4339582672767239,0.48282202844913247,0.5060238199752631,0.4225444562648686,0.4508489102850469,0.47811300435409043,0.3895937139818164,0.4970578733539779,0.47405452626081956,0.4649228067221456,0.5676653061580916,0.49301030372655247,0.5498593123939354,0.47195197689577156,0.5388379858859853,0.5203306380127583,0.3801371361277992,0.4614788216756248,0.408519458565465,0.5343696736650665,0.47146006293092224,0.3901049841616559,0.48330163808041576,0.49234676121010856,0.44835246659686223,0.4894059625623489,0.44719136964350886,0.4912468963800467,0.6007692053939636,0.5588693536549684,0.5470686519649278,0.4825670174582189,0.4818058595221295,0.4293855882128191,0.4890923823575495,0.512973019315756,0.44981898895994943,0.5191066750781194,0.5114543571318709,0.44953041645648595,0.5069523643383986,0.4048097242211833,0.45110286499409186,0.5544111626052465,0.4277694497667232,0.5132513195965533,0.43270020089330613,0.45189548442704885,0.4947637830271102,0.5348863666135574,0.4190939327292855,0.4127722932474256,0.4141411113366172,0.43728732910033447,0.46369193903718564,0.463412848029979,0.4559966522511348,0.5606363627735025,0.5127592178916716,0.45570418055589135,0.499170903448255,0.4431900389275695,0.5546807672206135,0.4575386708568186,0.5134302111687639,0.5018660974171438,0.46184613397535823,0.4831951414930864,0.4970182050869917,0.337416459486528,0.4512764503984641,0.4616719829260867,0.5007532527629371,0.570962673632224,0.4871233118381868,0.48588065114182205,0.5011896172762116,0.5098815155062494,0.540945843206207,0.4929757676443173,0.5138225236739943,0.4446205653880032,0.4222036995059222,0.5249408794056638
0.5151736989067236,0.4837728388306102,0.5336214216805597,0.4992571804007286,0.4141113268116728,0.5333280870625196,0.4130163715447049,0.0,0.5137749680624816,0.4875603186744813,0.5451361977575976,0.5433488163312868,0.5616865285593794,0.4290919909483808,0.4578472889551423,0.5737509990044165,0.5021636046689872,0.496088024032873,0.4794964273245348,0.5020199010725112,0.5057693027891621,0.4963594720655452,0.440336536061283,0.4271979385111486,0.524020231779623,0.4992583083420739,0.4595097841576504,0.5218476647992035,0.4217095361520032,0.48177439066945926,0.5386751769360403,0.4977380355987632,0.4736551973960324,0.491925376721506,0.44620788566773034,0.4885272822382892,0.5726754210693552,0.5469795931551548,0.5211344415185666,0.41296231775776804,0.4663829950177046,0.4527678792626269,0.5103482500708033,0.4666002518790607,0.5857127497259024,0.5611442322963894,0.41618008599799594,0.49985765566731377,0.4559160439061531,0.48369088596281834,0.5166915512078858,0.49618197299457484,0.4464060829215654,0.5160954420754111,0.5206506664488709,0.46069443176745484,0.5168691886967657,0.5934965899446308,0.4142713707896288,0.5023708494766552,0.6616774892616134,0.4474040800427335,0.5570128235774633,0.4044533062158209,0.43320116289219546,0.5259984278561078,0.5175200131454541,0.49562960889391433,0.49227843984279207,0.6928399451920239,0.5418450214549124,0.43897742605554485,0.453446632557562,0.5346457148292029,0.6049866564421555,0.46672313038333807,0.5311308075186979,0.45842638331374724,0.605753650614388,0.41686090132118614,0.46860595253663034,0.5156571310971398,0.5126942494435123,0.5803009774784686,0.4805210056168177,0.5803678971110793,0.5957260376916558,0.464128094311769,0.5716197949824885,0.5575112170550038,0.506644439857185,0.4565839486350979,0.48190674503473324,0.4843956542714726,0.47214462428356074,0.5298725687202429,0.5187321170435253,0.4675597900739647,0.38339129409756695,0.5011458845724532,0.46184516116482294,0.5668537684529953,0.45900376925328307,0.4809754395604748,0.5221641910728211,0.5600435713271211,0.5468012986554592,0.4887298848451993,0.4626103346103381,0.47257855948249256,0.4767505885278969,0.47637150320304883,0.5062124974158152,0.5452265614985949,0.5303953582470889,0.5064489406080511,0.45126728914297976,0.4565648783080982,0.4437341115298919,0.4766519999252794,0.4410912776717409,0.6358431232370623,0.43607168106257144,0.5291739896634354,0.4068149300254171,0.5526423471983727,0.4335794983656079,0.5593952210924302,0.4917880241701621,0.4677460244576865,0.48614184475940164,0.5311539061193074,0.5775549033274487,0.48605262388703085,0.5163435385980013,0.40955802240159944,0.475802207741609,0.42007546144236824,0.4493381505053229,0.5477825654479922,0.49036432371495325,0.45356441184910007,0.4865002313071151,0.48299334583348263,0.5122653484704973,0.4230601531771749,0.518945148040913,0.5112991981318578,0.5050637382292126,0.3761250685678667,0.5500654409981894,0.44733018278574216,0.4956461735837806,0.4205604867380726,0.543661776932687,0.6094392336483571,0.478953758101516,0.5476752558427219,0.40645039163187574,0.4741307174864335,0.4391475824397259,0.4395023070903122,0.4536450106223759,0.4913004820644949
0.6118462879060685,0.5083651869481443,0.4680745637462649,0.4245586011582136,0.4734451277958621,0.5319614879238244,0.43114779596152963,0.5137749680624816,0.0,0.48148556463223624,0.494952517968677,0.5875655999400892,0.46466511125690624,0.4300802406454278,0.45969665075766897,0.5095428128754488,0.48471845883429826,0.5098395334542478,0.5483144593836143,0.5982711964444816,0.5370816280156142,0.49524079232681406,0.44370526983833786,0.42356668118175905,0.583063099046141,0.4271628828757664,0.39654745866226443,0.4637268568701581,0.4213744093240026,0.5906605541113841,0.6924268289925373,0.5168651803964492,0.41644800961936,0.4849401405071973,0.5327983047972698,0.4983242011045782,0.5332512546598559,0.5693636436037876,0.5463557683795862,0.38314611704256585,0.4607729482107285,0.5492805469255618,0.5259445148840843,0.5319095391117864,0.48555870520425026,0.507944909241278,0.47606201401468634,0.5071192104534987,0.48659279526263743,0.5302114127850132,0.5157389506385913,0.5007794175366538,0.5066492816288702,0.4772902459381929,0.4857333458986706,0.5590575791987106,0.5708416634930595,0.5633892917656275,0.43684510353744804,0.48468214702165163,0.4692406384480832,0.462530413191314,0.514836408847856,0.45753406428702753,0.5371828837593751,0.5227941039328292,0.4613500177250266,0.5004687190210751,0.46327260874572046,0.5353022461301578,0.5826697941768315,0.49237442194927594,0.4816501102141111,0.46729551388268875,0.5465461060850799,0.5527683473382136,0.4406405222243001,0.4602471242440625,0.5244636981641096,0.4616141067913047,0.516124643719547,0.6233557812950168,0.5624202774909961,0.4823291523065885,0.5373989531473473,0.5673023212688467,0.5329261756225941,0.49635399884999537,0.5303567968557511,0.5824482803898227,0.531767437863817,0.5789236902479266,0.5193004922000786,0.5408513626740211,0.5222291419725162,0.5708791829921609,0.5295771036344185,0.5313941976018698,0.4683876074309186,0.4500605768098809,0.49462602755195395,0.45652867532229474,0.48636613831837133,0.5290066300572522,0.5619155002611333,0.49816488934067976,0.48861887029031964,0.500458383271629,0.4434303091858674,0.5117883949429478,0.5079616156803025,0.5569759437792079,0.4977806467049609,0.5515780284163171,0.485604742814949,0.4619384571106654,0.5265990533535045,0.5263635754906772,0.43261782790560344,0.497289992582291,0.5048286637334277,0.4982121703514588,0.5107465881536767,0.5484377009676296,0.5590961869214006,0.49387303663698917,0.44559684602204847,0.46640875638656776,0.4735329349451616,0.45619435787424517,0.5856261496089437,0.5317147968764371,0.49368919207673967,0.6035495938485399,0.5570581523140157,0.5138186970080397,0.5537174876245158,0.4211580899789397,0.40602004013156096,0.638296004843159,0.4531046891686194,0.5187878697233527,0.5496897762527688,0.5637090460216102,0.5684239167777443,0.46252045521216356,0.6525041625791268,0.480611581619649,0.590725149225505,0.4033457085055222,0.6114514476240768,0.534680635963196,0.5195400376012369,0.40645213794844437,0.5611364148158698,0.5857190968275278,0.43210042967456247,0.498610124124878,0.40063068407180874,0.4723282454889114,0.4335909827587033,0.5755819971237633,0.5431299050472421,0.5675936472316965
0.5600840248116041,0.5936460084470729,0.5986277045379861,0.5351937208068255,0.47991652048787475,0.5077611462568545,0.5664498514138011,0.4875603186744813,0.48148556463223624,0.0,0.5478707521075511,0.5227721697552142,0.6005782749949338,0.5165087859714029,0.4774908666179158,0.5679749398412609,0.6127351027744761,0.615103909453642,0.46555739834313214,0.5095463565023147,0.5493759734334234,0.5381225316284612,0.6231479323191028,0.4949827338277557,0.6361003741049777,0.5274917314268315,0.5139221985672819,0.6007535995796144,0.5396510617104624,0.48918000043750026,0.4821714368643797,0.5295969306728261,0.4868436920838227,0.5356010359435498,0.4967459666075938,0.49551778898265914,0.5751557571545904,0.5292133822902065,0.44852421447872876,0.521639908150003,0.5100649363826919,0.5623897652512598,0.4813947153646839,0.5077906267476712,0.5436993704691125,0.6104671149126273,0.5299152096428369,0.5000394680377896,0.6115099219580711,0.4933812169651465,0.5480856780297676,0.5463695067931978,0.5148109115918279,0.5268812236213831,0.5216369741817143,0.5699106343047933,0.5299962479927457,0.5034698043552396,0.5521734306537807,0.529499241499269,0.4941309117952718,0.4370828255499013,0.4864341697333756,0.4647974467242885,0.4681237824117918,0.5203530569319404,0.5832570561572331,0.5612435780863131,0.5617191818232841,0.5088166190084759,0.5291302386109074,0.5087393662220512,0.5047696593813001,0.5927749086085433,0.5435587677501423,0.5616750920574943,0.5143037540255447,0.6016077778982422,0.5105717623074432,0.47665279582992975,0.5399623450179002,0.5006728819433002,0.5849898706062585,0.5148119675116628,0.5202366339698649,0.5653193741271925,0.4472293681772837,0.5026551804081888,0.6072636175151637,0.5452935784979253,0.5711809308059668,0.5157193076256972,0.5371106137595567,0.5142184423727869,0.5830938410696194,0.5738734180481577,0.41905203471798874,0.5497164605677695,0.42160341173883387,0.5943183045615726,0.4865211253017159,0.43021243490879163,0.5058930085448621,0.5633861206334271,0.49153592914478245,0.5841492341923046,0.5271968974228132,0.663273263265642,0.602392542224465,0.614198847402428,0.5414966919628902,0.5106544193068965,0.5558337099184923,0.5443414909348769,0.5350879652971839,0.592161068023238,0.5444571684705628,0.5128583889091924,0.5569502930271059,0.5318891666324658,0.484531196878237,0.4699712750532198,0.5063431190104555,0.6162910471926693,0.44850083209611796,0.5662377078899751,0.474500119986314,0.47051667403368336,0.573101572138421,0.5269553066565417,0.5367909430630715,0.49144467493703675,0.4826825783210468,0.4701680667263218,0.4771266848944659,0.4535628082353471,0.5079851354737678,0.48252882538050523,0.504767615470256,0.5111568480645231,0.5196015087959398,0.49566375922391454,0.5957155579255408,0.49845651516228967,0.5714013534066735,0.49073107694505563,0.48185398528715706,0.6228778682298333,0.6187340027893854,0.38535792696515364,0.4764292518909142,0.5330541673678848,0.5040382491537558,0.5539546302368139,0.596698924349698,0.5466014335686183,0.5170758450863813,0.6389208830883714,0.47976511459223486,0.5453682445231588,0.6544515556858302,0.502484605348435,0.5235994748801527,0.5323190074346027
0.6091489579353635,0.5711094457219399,0.6207810754220621,0.5965616341785202,0.5466310046176759,0.5075239612358006,0.5364018610420035,0.5451361977575976,0.494952517968677,0.5478707521075511,0.0,0.5857869135409802,0.6193404917114941,0.4913882245410928,0.5861069306243066,0.6288382050642142,0.5955174680198001,0.6255563906451252,0.5113506410900938,0.5600740869106019,0.6031972641288643,0.6561175058417552,0.5447073993547941,0.5734595000084803,0.5823689976292407,0.6052878330912215,0.5011243882887367,0.5855695324163888,0.532550765149385,0.48815508475223623,0.5508564460317805,0.5121235842028615,0.558175487374744,0.5238039677480413,0.5358438242516792,0.5454713973920858,0.6740791842950464,0.5950577163877048,0.6081113250431613,0.520656891947276,0.58399624864624,0.4869501528878962,0.5668573947030232,0.6131774502654278,0.6047347074968064,0.635694226953772,0.4649275717127154,0.6854797490005741,0.6024775804205424,0.5591790506044689,0.6334631309169484,0.577483354500141,0.5138629225278216,0.6733552256784928,0.6665785665270759,0.46682213296644687,0.6104406189134691,0.567893536313063,0.5032279908940147,0.5632272854277078,0.5875192443499981,0.43395553269392956,0.5748835179123017,0.4539996751805557,0.5000787948898525,0.5533042667437711,0.596730672589075,0.5709537635399103,0.5495995960341095,0.5824824386744917,0.6228454310095145,0.5188050417640466,0.4857958451301733,0.6423000148472863,0.5711119736276971,0.5145772102877871,0.5930817264551534,0.5888042047628265,0.5980276729439723,0.4618457867468531,0.5031122994761711,0.5561952389170296,0.5821737576181257,0.5524325976131205,0.5131010304309708,0.6065437087116267,0.4973082959180802,0.5030914564104046,0.5430726968742723,0.5451915655388624,0.6246671487551835,0.48550566878775697,0.6309348888687499,0.561732711368775,0.5676792139007895,0.5954006469337817,0.47525599797916235,0.47805560070257186,0.41128900527109996,0.5363792558001773,0.5404115065709609,0.49148605030819165,0.49326899964148546,0.5263486174997317,0.5281554864982884,0.5848285910107084,0.5462632018956668,0.5316660247345546,0.5780646595771901,0.5983323800918353,0.5961662396684262,0.5435098151728361,0.5328234348317802,0.5232105937635759,0.6048658317343903,0.5759383476779234,0.4821416739441417,0.5616740223986124,0.5233239342113527,0.4802182649299207,0.5716478070667379,0.516439876127853,0.4861424088865346,0.6869833543268286,0.4608439628040893,0.6833875602010352,0.4401574060347832,0.5514636957043779,0.5553108063238874,0.5762893458108787,0.4559181344203755,0.5178388220746506,0.5528621311798552,0.5277629255841744,0.620063855049434,0.5039689739607762,0.5322900518798456,0.5384978712102944,0.5451882612519746,0.5866684508788362,0.5742057219062855,0.483724996817066,0.5585724394441096,0.5152450207520305,0.6398971863380105,0.4580074039411526,0.5602359669972244,0.5661991407709357,0.5522478898564095,0.37225354608460803,0.5899411421190466,0.5087998187986438,0.6167860167774863,0.4837456096579697,0.5939280899165449,0.655353509981561,0.6100298433563357,0.6051476524133222,0.5158901525613326,0.5344911097254201,0.5074603154923241,0.48515722724255594,0.46932652692124216,0.6669336554185841
0.6108839041702799,0.5636244950944963,0.5368664711231004,0.49590800985415356,0.5166855442339404,0.6080069108854695,0.47622803635696237,0.5433488163312868,0.5875655999400892,0.5227721697552142,0.5857869135409802,0.0,0.5094474315489782,0.4333965424730998,0.4852244063723638,0.5875832800299462,0.5663173519063357,0.5221839977134369,0.6331855304925319,0.5763688966538961,0.6217662122193924,0.5341437862023883,0.4996571793541518,0.48343770347547294,0.6333035109215287,0.4778124533741177,0.4242766085427099,0.543963271780796,0.46820598207687003,0.6096992606952248,0.6198210183130763,0.5370119986951131,0.47212029349919526,0.5659530705933127,0.5257043186177681,0.5232607393387764,0.566338142100628,0.5643278907381397,0.5820238991883716,0.4235299924478165,0.5222188309511332,0.5606945118675365,0.5304731567556815,0.592530897471278,0.5243990766539566,0.5543335306973294,0.4903060492083988,0.55948922545543,0.5264696016596172,0.5298816990918759,0.5701803365302379,0.6000569913506394,0.5089056899607376,0.5614982084731676,0.5436831569972783,0.5428777027790062,0.608925656327346,0.6861861371104742,0.4418358621387277,0.5189009526487431,0.5079947253569222,0.446397043240831,0.5626356900466775,0.44134570801491757,0.4949952831851913,0.5239415686724063,0.4798570048410091,0.49960907503490165,0.4649302366683872,0.5474727797415907,0.5675412951469934,0.4739010852432139,0.47942993606336365,0.5239523136895279,0.5934259649072297,0.5315718282434799,0.484612331208309,0.5233810647109741,0.5622607665654827,0.48631270056269926,0.5336161877022952,0.5868611474727599,0.6039719622842021,0.5093423327356307,0.5459541598921295,0.6079365906889102,0.5120826858407924,0.4717867837443128,0.5547427913065114,0.5754494605262412,0.5854439592768739,0.5565422452323942,0.5662910863037494,0.5650252139709742,0.5223209446554791,0.6115280446930073,0.49454783865308033,0.5645303778466181,0.43411600171931397,0.49063323431142175,0.48500398556830493,0.4622122504190572,0.4963300796253821,0.5776271343357675,0.5401430132373463,0.5521191590792889,0.5297793417520211,0.5637567188148651,0.48414592615417945,0.5865083769800232,0.610795648941094,0.5444366717175699,0.5141659089447426,0.5368980168878468,0.5302383501465826,0.5430735142434062,0.5485168952143251,0.5276240898385154,0.5015288491562537,0.49710436990718343,0.5135149380767455,0.5056296143798938,0.5270851316600056,0.6397474482868845,0.4838859612161205,0.5808329515867995,0.4491311098454072,0.5060899257017953,0.546142794214466,0.45783669309101316,0.5478748949854786,0.5517800692384329,0.4921505419752078,0.5842948809232406,0.5579223078552558,0.47204028964268196,0.5778500600840384,0.44570283660583915,0.4358485159821643,0.6153423041475011,0.4806500681015215,0.5057028747936664,0.5684318065100729,0.5294094550502756,0.5868199273126176,0.46562684269724136,0.6436881073374099,0.5209128869214953,0.6077330059660807,0.4070549509715978,0.6051226598662175,0.5369235743831999,0.5686047549171543,0.4317033970210524,0.672869770138553,0.5683881381716271,0.4809209028076653,0.6035573158601538,0.42847012050830907,0.5077927350428664,0.45142455555520616,0.5411491218214131,0.5003554263825348,0.6214857138165052
