0,1,2,3,4,5,6,7,8,9,10,11,12,13,14,15,16,17,18,19,20,21,22,23,24,25,26,27,28,29,30,31,32,33,34,35,36,37,38,39,40,41,42,43,44,45,46,47,48,49,50,51,52,53,54,55,56,57,58,59,60,61,62,63,64,65,66,67,68,69,70,71,72,73,74,75,76,77,78,79,80,81,82,83,84,85,86,87,88,89,90,91,92,93,94,95,96,97,98,99,100,101,102,103,104,105,106,107,108,109,110,111,112,113,114,115,116,117,118,119,120,121,122,123,124,125,126,127,128,129,130,131,132,133,134,135,136,137,138,139,140,141,142,143,144,145,146,147,148,149,150,151,152,153,154,155,156,157,158,159,160,161,162,163
0.0,0.4971343566094212,0.412592878133771,0.5225588192515306,0.47544450281233575,0.5161493528600449,0.5394976217136691,0.5348120143869368,0.6119556553952837,0.4038543749529601,0.5026208465082252,0.43436147095240096,0.6169147581483787,0.5681631402985835,0.5560421690450353,0.5163387141829575,0.5933557242987623,0.6851258926842011,0.5001229736157051,0.6533944203408446,0.5755138468956265,0.49797611008805237,0.5450224080441837,0.5353816900754517,0.5398146348501807,0.5533042190827291,0.48393897090921445,0.6145994980360134,0.3579436726590107,0.5074782864149467,0.5778812136551337,0.5416698285706997,0.4990334581948331,0.6038940763967628,0.6588248646983277,0.4869996531199672,0.6514018531165919,0.5825316197305073,0.46123379874318293,0.5465323544291534,0.5007200319219527,0.6101045202624975,0.5819789362647126,0.5633814731292395,0.5803118357745224,0.6371914513053993,0.5313188160959487,0.4705923389359252,0.6092379127433764,0.5797755449409171,0.6194554501928271,0.6329512083870186,0.5550928126058361,0.5023871523119608,0.4479310920475567,0.6337466902481098,0.6709987678803254,0.49856961526405136,0.5326576403206799,0.5784850964955948,0.5483760547823662,0.5261700604126741,0.5999226946014963,0.4794323097565854,0.6190312698532011,0.645769936324547,0.6107415617128891,0.6429255221489651,0.529252103215528,0.6027949201401313,0.7395658181294483,0.601307131674706,0.576709173925683,0.6096970489301028,0.5660509032148572,0.6892126974533689,0.540017850398091,0.5068108083369186,0.6003217586383089,0.5247728179016287,0.5720344519347719,0.6686219785086456,0.5522281281060579,0.5579190770738364,0.5997702830950111,0.6142552899662806,0.605484182458099,0.5669103517536085,0.6387071442381094,0.5668925599030786,0.590618976016025,0.5858568967197464,0.505642873566387,0.66450106600925,0.6239910000332588,0.47310955777793645,0.5313013105447273,0.5692332003345233,0.5259631216775934,0.6265367282425576,0.5623072505498836,0.5060837993009275,0.5230753940217424,0.4153694337031851,0.6096709357121373,0.6231917505367244,0.5431327655098742,0.5694962504473381,0.5659452546620449,0.5233931453514606,0.5594211380665376,0.5724574328215027,0.650244789708435,0.5354368669274784,0.611379983168105,0.6067866651270938,0.6343697123543743,0.4295610848395029,0.47411027750649865,0.5736765267730378,0.5714319114800497,0.5434367106855468,0.6617823806599893,0.6543465709392118,0.6014255166839051,0.433091437872233,0.5242239117590536,0.4991299879312357,0.45403408878707013,0.5758410509459346,0.5462274179966787,0.5526129019386583,0.5614066469593104,0.579397577162888,0.5041726380369245,0.590597574251755,0.5406692929804506,0.5728656098811852,0.4792821990877032,0.5457960911270081,0.4995495911649519,0.5297956664818076,0.6578341736924601,0.5137026053372927,0.5697097273734768,0.5454015355090379,0.5642499496819824,0.5153883281215826,0.4549424934599849,0.41385988519904404,0.6714012098035178,0.5202759690603219,0.5429651904002843,0.43892843938662596,0.5298004149686367,0.6725569113571693,0.5480647804588282,0.5692970154346405,0.5289442435423343,0.6092188194550758,0.5512466054406384,0.6475875075284487,0.5346337885998165,0.6410194050950757
0.4971343566094212,0.0,0.5687116138932298,0.49976024395609736,0.4548412028190249,0.591880954823643,0.5075148839167866,0.6340956376947817,0.47845031178504727,0.5983669397607314,0.6011678819148614,0.5984797867646905,0.5778338219651302,0.49496396930258657,0.592519609083594,0.5986990883399842,0.579832807385444,0.5062109489527403,0.5697616902038801,0.5672208233715329,0.5663043403432617,0.6737536602343791,0.5221215987050667,0.5773942224968669,0.6591233367826784,0.44251303027656574,0.515529060248281,0.5722118287824662,0.5208668659384827,0.4943135516740937,0.6223092612300803,0.5507250895056209,0.5595595914587415,0.5324404202503182,0.5401767490441274,0.5538800905418727,0.562238181687382,0.5455833953111208,0.5836924785390114,0.50414843975839,0.5699833490709607,0.5180084658352822,0.5151832898294842,0.5481513830422093,0.6201098019678832,0.5052427838700534,0.47372360286840304,0.5336300991123666,0.5585282545757715,0.4945461450908104,0.4907956331294136,0.477476285207714,0.4716215277432822,0.6284711583356959,0.5700862967316759,0.5154407032011217,0.49290954701628653,0.5597371171613511,0.49014589055262126,0.5163707660377002,0.6030731339227563,0.424094686224719,0.4820777570603458,0.4914798289141186,0.4398752683387871,0.45181117779365576,0.47989477103304823,0.4931569824243206,0.520495785739151,0.583033875569899,0.4831286329205082,0.487496174069006,0.41827215677344787,0.5377100906062412,0.6069329333671089,0.48185844260321237,0.49158121844073854,0.5371243702641876,0.48869182810174744,0.4186413375962733,0.5235006153645899,0.4651138068617255,0.5880945196572597,0.5619981140359039,0.44277134232070975,0.5902699462044263,0.4984213917900946,0.43972339528075916,0.5351936171235214,0.5012599052631308,0.4613337139670987,0.5012281634290552,0.575694116992483,0.46495282884676015,0.4567367737363698,0.6780997265453288,0.5045222763869825,0.5635282679251354,0.41735417557244575,0.4872835386836065,0.5475024247118573,0.5106741212964022,0.42008939728547423,0.5673970633875759,0.4704114364782885,0.5109136748848676,0.5225455496115186,0.6622242949414547,0.5381527555203541,0.616625058111278,0.5372321952369088,0.4383529351216863,0.4613363526115566,0.49935441424517646,0.47096845637895735,0.4992831948718192,0.5240039205550789,0.5348056850712927,0.5262163258271638,0.4593786444668866,0.46191540744862053,0.46248887218556284,0.46987922168780444,0.5512530760908639,0.44418372636678616,0.6580842853380515,0.41045118553329335,0.5820435241439483,0.6357564094639707,0.531474331469299,0.561479373970762,0.5167272285528395,0.44916325067243607,0.45679996492399083,0.6006036881628634,0.4905713874756015,0.599850152105682,0.5176033905988839,0.6098124158354936,0.5394579773859179,0.547883296339163,0.5440932916108691,0.5037974729897677,0.5020431379941234,0.5867209283322647,0.4256127604407025,0.5555024353605376,0.5913025605827934,0.6566454157162491,0.47742724250272833,0.482234486606304,0.5541048778716988,0.5686521633508308,0.5225937680788278,0.6230803480476985,0.5555607843151538,0.5182544772270343,0.5775458275187101,0.47536917015981733,0.4367703997556832,0.5553400956771717,0.4781271660528826,0.45821647587776787,0.4684560208797014
0.412592878133771,0.5687116138932298,0.0,0.42284850644608085,0.46308909076660826,0.5259316354990403,0.45880793864771025,0.4973362100722968,0.38588185918486884,0.6238859100283672,0.5609223647367944,0.5590656333341255,0.4985652637285604,0.4152674145292834,0.4898465213845259,0.5932589032140786,0.515456391157737,0.42462148729503807,0.4784387943362388,0.45246438591268145,0.5274392203788847,0.6476175924250857,0.4388778533647391,0.5021508584800564,0.539239255391055,0.41140531229141286,0.42400983159522915,0.4461508327510341,0.5500560202300525,0.4386149859688788,0.4723904445343936,0.5226357304400497,0.4558432264359861,0.4409749947695072,0.4262534929668026,0.4980163922693499,0.48475828015453204,0.4470656231990257,0.5245934167459756,0.4396981761318902,0.47155210640194584,0.45605303473192654,0.49286658314314735,0.492589678513615,0.5012885358766797,0.4304655550988538,0.4568957384522311,0.5615547592943619,0.48070667303515846,0.44793887622683215,0.448815321601771,0.4208623698475433,0.3979206831507064,0.5715407878502711,0.5678259062974482,0.4218686131354019,0.41956295232191776,0.520051751293215,0.44741482719347997,0.43288186209933394,0.4985939313552002,0.38596748733822867,0.44159409493259044,0.44616592367840946,0.38875581745696036,0.3981803894578023,0.4115987718189715,0.4645364532490232,0.49423796761988736,0.47269815921665453,0.4266402540890083,0.4039036035704727,0.3729707421766258,0.49192852287044,0.48966054727153785,0.39397572786420704,0.48155731374942534,0.519695971756137,0.4038679249510768,0.37386754224294744,0.46037251032897136,0.3971296272467988,0.49501118213752804,0.44844476252102183,0.3874459353483732,0.4509316406481139,0.42742444631872356,0.39674371079459275,0.4265418242981432,0.3997173501453323,0.419552034460648,0.4159914804112479,0.5323591828794968,0.3885173387976721,0.39457819801030913,0.5697682223541829,0.434271687220453,0.45788874058620155,0.3638812988707621,0.40948710706737684,0.43425184817735424,0.5064039618121396,0.37952977314090874,0.5118884240295173,0.40133694830481653,0.45535427486193614,0.48750106975551005,0.5045838015246819,0.46943875551708525,0.5611669696877942,0.4945900700119408,0.3874517056315882,0.4048001501757218,0.41594688178319605,0.39316740441931264,0.41231159671414835,0.4209883430913541,0.5832599266188834,0.5381968431367675,0.37859900160765175,0.4133837214129167,0.39561479791036486,0.3991910931727289,0.465097056297701,0.3686592428486821,0.6105857310639773,0.3743974162877876,0.5345363026662746,0.581591529090831,0.45585892998910055,0.4406834697461301,0.4886839911459085,0.371324597891924,0.3737713494722094,0.5268437728489592,0.4300332920556033,0.4824496212097559,0.4333236161606986,0.5154522747962221,0.4516463299840114,0.4413240741918153,0.4974925946734009,0.4185364968931372,0.45250521545591593,0.5054109641095229,0.39150675409368885,0.4745960063538138,0.5099338696471726,0.60232910873442,0.4303316996069233,0.39515715991980116,0.44440187108385926,0.48944344194198913,0.5472486899770261,0.5158269699623091,0.4510130014663082,0.43171439472077894,0.5014299039198084,0.3847164399186827,0.3924531904466081,0.4728912896734972,0.3850863161360641,0.3911444604960897,0.39828185999442284
0.5225588192515306,0.49976024395609736,0.42284850644608085,0.0,0.469646760204141,0.4699975196115439,0.5903823474176293,0.5241531470778884,0.46875176794419593,0.4205509597224864,0.5227980305611483,0.45588326862805395,0.518083365985794,0.5321220356645275,0.5787950019471533,0.4809510683378968,0.5495054327019852,0.553091837561255,0.49442647929891687,0.48639796159457893,0.5372694174463052,0.4951537506870984,0.5939454845710336,0.5209963427199006,0.5131246443546927,0.5529449055357729,0.5478499263318682,0.5975596567825189,0.38966917882512847,0.4406784000248663,0.5223624655634752,0.4720580133627794,0.6712940787636683,0.5694858808348012,0.5745608864093226,0.535738093926411,0.5308852321943951,0.5416349208102588,0.4763272573818248,0.5838408798167818,0.5905518100705032,0.49991040186045266,0.5079541977584954,0.5609763014134586,0.5569602377196917,0.5274850799984688,0.44947461101418035,0.45279744645063186,0.5757795817805939,0.5107497239319931,0.5722725745758427,0.5623847160379479,0.48540888855093905,0.5790851589032822,0.49631932957983915,0.48069322767317757,0.5240850576708751,0.513031239207138,0.5060632054177413,0.5344727919455231,0.5237632109578901,0.45166000871687617,0.5253287803667736,0.4676689696367628,0.4756089833949542,0.47937133062679566,0.5436597461070469,0.48897629401361487,0.5125110985119172,0.5624344415335403,0.5180997556912061,0.5229681040551892,0.48994084964443546,0.5793204899335228,0.5191392763783483,0.4822624811829613,0.5186269635197098,0.5243812265968276,0.5376775369109194,0.4267991045077567,0.4829229052445425,0.5462588781560199,0.48070410906240885,0.5192170990760742,0.5189496482569852,0.5449102928476628,0.499119613295644,0.4969099651249384,0.5308629633120566,0.4734856269896663,0.5769685965437513,0.5542280480600701,0.5192686897415112,0.48613972392613625,0.5580170416166089,0.4891219247308752,0.4641598753094568,0.5484101749364978,0.46785639492058195,0.5706038816066097,0.5238999166514409,0.48146934526426155,0.553874582994887,0.4657723742552295,0.5287515833713908,0.5099947492403983,0.503783838005365,0.5458485150863334,0.552775636393425,0.466006726070285,0.5729223074653649,0.5251022975436557,0.5155154257056587,0.513585736773906,0.5517492536699563,0.5423655744059824,0.5152996021557572,0.4177623490994867,0.516325194427065,0.5515230887291421,0.4952146184630122,0.5781931202325797,0.488996420789409,0.557717766853428,0.46594616000056627,0.46588285516946093,0.4707747213310504,0.48517681213516434,0.49640073378914223,0.5399473295589647,0.4598321396718736,0.47286455410794487,0.4758780835456401,0.5221553341256524,0.471182700223858,0.46031356667573703,0.44306493447624645,0.6093415107771092,0.5287969407297876,0.5123570710136944,0.5743444388525595,0.47137001411721513,0.5737810731622535,0.5151421711868057,0.5343379295382031,0.48757428380248174,0.4966405507538344,0.4949501704714101,0.44318902009970446,0.406915611041454,0.5526731590677211,0.5098970203491698,0.5340013278520311,0.43878288807876986,0.5617407803868698,0.5262773894539069,0.47744205303283777,0.5395367914369009,0.6316155966773762,0.5205804125489991,0.5324685841841071,0.5075466851449316,0.4893389559727235,0.5337593542530453
0.47544450281233575,0.4548412028190249,0.46308909076660826,0.469646760204141,0.0,0.4620261212040572,0.5500344926133386,0.4507620410129227,0.435985683434778,0.39995783030733806,0.508362592190794,0.47348446637979474,0.47663618147699816,0.4336661044416283,0.5282551248518756,0.540190623949294,0.5492361580026348,0.47906363961207094,0.4567724148294747,0.4508040323591629,0.5830999006883865,0.5141645303932899,0.5064773092693294,0.5424090355176364,0.46579121461856965,0.5421413971855188,0.43886626844066895,0.4520859818351423,0.37852530226494513,0.5249260151313654,0.47050033938748154,0.4769150968927032,0.47293332114507447,0.47993764716148657,0.46064997072957353,0.4812096307104621,0.5076771586746577,0.48479765118308216,0.49401576543577513,0.5017659065423721,0.5077417586897403,0.5177110551512645,0.5502259226981678,0.5535730352313595,0.4741336081049682,0.4925828184768581,0.5556046568212509,0.4840369993253847,0.5248755268484163,0.513909771527632,0.5572511486060461,0.5348981536099516,0.43483279094933247,0.5057150972517995,0.46429670462494754,0.46168910555912734,0.49962427800138137,0.5510088130630266,0.4402486853156051,0.4817089656298128,0.43112729382803305,0.44751166005720927,0.508126139765709,0.4370688064372702,0.4530845385140296,0.4379818644853906,0.44368924035709084,0.5317120653982924,0.4676488993771876,0.4699213795782313,0.5221669714328618,0.44692944540317536,0.4167501088447486,0.5354416291823008,0.46108258581470907,0.42454529343087805,0.5343694808977818,0.6693220596760631,0.4618554684669461,0.4446190873176381,0.4707982706876852,0.4860339693092078,0.5358077346259773,0.4312224421390264,0.46718681000792134,0.4811887708279628,0.43627754812492797,0.44563683023334677,0.4450009680159954,0.44067983633005164,0.586687511263763,0.470550830212266,0.5362755907411065,0.43772924554197307,0.4705813955264067,0.46197383388483315,0.42139209372847175,0.46327235247582504,0.43234994438861263,0.44767771777677595,0.44210278146519144,0.47384531957864434,0.4492563611253092,0.41385814939352467,0.4510995999989724,0.5426462051823508,0.48975509906745895,0.47853104044408695,0.5226202360160549,0.48577433994546537,0.5449748516128705,0.4857891330724449,0.4339874058077958,0.44488782177741776,0.45627957172639577,0.5008302972458135,0.4421746185908793,0.44703000439195667,0.4709594625277156,0.43684503850763534,0.5657271713688563,0.4582974364782428,0.44694629018004967,0.5652689971471446,0.41346284509132925,0.44540259611224325,0.4400011384670751,0.5379117345966762,0.4450256566932459,0.48569417978032614,0.43840035197087934,0.5223979637238858,0.402619217308704,0.44452910572207677,0.44568090883072337,0.46779943789978334,0.4741889710806459,0.5133979024015315,0.4478855348418485,0.49969798679193755,0.41010331748120216,0.48164304429184746,0.48824676823083785,0.46792993638816466,0.5214763723633824,0.46142157883836277,0.5670137526013319,0.49294861651127875,0.4322033196738257,0.4050940552120542,0.4525216614567514,0.4376284577258261,0.5184251740160207,0.4862888678476867,0.5091532788374827,0.46975983369088276,0.43600710204345927,0.5575755307124006,0.4168597282457664,0.48055808235748404,0.4497887054077243,0.43236338231597243,0.4459019633892951,0.5143721569273129
0.5161493528600449,0.591880954823643,0.5259316354990403,0.4699975196115439,0.4620261212040572,0.0,0.47094359624793347,0.5682139525604877,0.47596031823487406,0.5033387129386613,0.5784734035932078,0.5736809830448855,0.5546523674742923,0.4500036049923828,0.5010027780359603,0.608752302001551,0.5740646122292921,0.4733582814196678,0.5877604331313171,0.5406900454541845,0.5958661226764407,0.5596261493345762,0.4584620723060821,0.5109871239586012,0.6379354119886076,0.44580336206172105,0.42235363714729895,0.5265864152332127,0.4501863711361433,0.5138873688740955,0.5803571132701542,0.5832000443313031,0.4919050195649201,0.5265549775342869,0.5125260666106739,0.5018040425587573,0.5783563803861306,0.5172913487335173,0.5255302180175943,0.44458508706819755,0.5021949993624504,0.5533171682382195,0.5317457496712131,0.6003085533365715,0.5274930671840505,0.4781847206426997,0.4878066918763193,0.5766709899743999,0.5106723212209513,0.4791091683673589,0.5023313141583283,0.522294105293099,0.4540163531214775,0.5714663192581302,0.5190082793306922,0.5433847472033181,0.4982824196170115,0.6089200066792848,0.44646814250609124,0.46959176848476913,0.5766147075079925,0.43933234068276417,0.5393401962574785,0.44691535698323226,0.4440509116868331,0.46765203340637224,0.4529085701900069,0.5174455292532784,0.47646651216501196,0.5729567088559797,0.5042745098046492,0.452496309591092,0.4362494322098224,0.5175393467393278,0.5960624737384519,0.49327103188872173,0.48469240927503093,0.5196614453616922,0.4805082256443361,0.4789251705546128,0.6064164517547387,0.471582599485731,0.5766539742133908,0.5510382578263923,0.4611116447649465,0.5394406977077676,0.5564953769965015,0.4316789073445895,0.5133629614889875,0.4758803145046567,0.47173178228228024,0.49730186189418785,0.5295288050590943,0.47789783005732717,0.450540687052114,0.6307138775479452,0.5083445151383871,0.5796605427983356,0.4213205416696413,0.46417144921621,0.49752505879540077,0.5126798374482571,0.42943145975191166,0.5156382852121637,0.47533828787515936,0.5090604579752165,0.5195756881436498,0.6037390814699304,0.4777565507827007,0.6137774301853587,0.5715149336178352,0.4405014128570683,0.5016518189596573,0.4798941214123811,0.463582268926475,0.4840646071981374,0.5500257900724304,0.4897995100461135,0.5657799142790961,0.45735349900799527,0.45301597343002414,0.468481873697541,0.5112699546648376,0.5653933894683523,0.460092913335796,0.5692194576307327,0.4168192098173084,0.522204074284212,0.5696995713104969,0.46572118604843404,0.5482868086733899,0.5770015587655448,0.4465835846455088,0.46689998288611556,0.5518828934163696,0.49062618666019964,0.5841251956916835,0.4552764780402117,0.4638868480258281,0.5095821015012187,0.5057887966104917,0.5588411372576391,0.48192630936877906,0.48767320151440174,0.5745829707612026,0.43278173401507514,0.5570321299266539,0.5399952895461311,0.5798695122761388,0.4713622941988519,0.4963087501817691,0.5376131274903936,0.5012491563407037,0.44225971838061984,0.6189190244427284,0.5332166986472144,0.481624290550671,0.6082332963851588,0.43620226082971286,0.46214256910160023,0.5087689314136218,0.5055942282839336,0.45387900887965577,0.4820737439434026
0.5394976217136691,0.5075148839167866,0.45880793864771025,0.5903823474176293,0.5500344926133386,0.47094359624793347,0.0,0.4954767469294389,0.4634945800639024,0.4452025264034626,0.5284684962335008,0.4735625839138843,0.556064769303903,0.526395301219359,0.6015972311831282,0.5169327084319904,0.5737142932708843,0.559682226779924,0.47241385551827997,0.4918535883099149,0.558406601755335,0.5383390957683011,0.6786357465589848,0.5725320514212351,0.5326573585124679,0.5688807733279865,0.543129916568687,0.5510954596219962,0.39235822033895734,0.47696873942205015,0.5154607609279234,0.5230267539583641,0.553136465138452,0.597382228942222,0.5519989035919476,0.5275310685662111,0.5730736106020243,0.4959260735448758,0.4685904649183824,0.6216342100826462,0.5158632441377065,0.553882834637921,0.5450449467461862,0.5590394757723848,0.584532006869247,0.5416758970336273,0.5407492794420508,0.47575116264585465,0.6843035239391431,0.5353206677290869,0.6061188261180943,0.5406409328323648,0.459337783036028,0.5593737961221676,0.5037419145709457,0.5049343168791137,0.5130624080634448,0.511273817776291,0.5518838323454309,0.5394982012322401,0.48382865557274696,0.4551618172815294,0.4982510959961752,0.48348925140628696,0.47784008127167993,0.469885575780639,0.5479846263502299,0.5670046286008887,0.5505770012773921,0.5178316682115656,0.5375385981863895,0.5040576554100065,0.48151510502903205,0.6356838169552504,0.4832312477441986,0.4785866045968131,0.5843150425420056,0.6048836275941989,0.4752297972872099,0.4152404136628712,0.4595811392115272,0.530988450378049,0.5140412415645363,0.4568752535437443,0.4906283109277244,0.5105148577922324,0.472185962860666,0.5277559927412216,0.5180607875788125,0.472542073931075,0.6062201126278819,0.5599216139585075,0.5422692913301286,0.4674695552394687,0.5260240675299235,0.49693514823152224,0.4324122461678588,0.5375202979563931,0.4594666248544689,0.5764618367459748,0.48947307674482493,0.4970050923011543,0.5279345040436114,0.44948702520026435,0.4935343109568714,0.5473792297088566,0.507530181194266,0.5423113138593271,0.5938171165813599,0.5153209857649552,0.6207993634019955,0.506513184762899,0.5062280714923965,0.4694175070119999,0.49382500819883113,0.5363032150265273,0.48830557690484727,0.46559856034183494,0.5227215349645717,0.4929036046725124,0.5119837292016549,0.4832347334682987,0.48246995913582164,0.5728987168435014,0.4369407776962252,0.4617121338833443,0.4834632330831389,0.5389550851538394,0.48508066175327635,0.5413647964085182,0.4649865779356823,0.4751667666562636,0.4307804958825762,0.4589436593840321,0.46730804122333836,0.4608562079542743,0.46482849088360856,0.6111988650817615,0.5318495675478528,0.4942062536719329,0.47833187698035756,0.4948776435222591,0.5812090989608589,0.49752480606997884,0.5318649148062005,0.5719404901175383,0.5169579722911636,0.48968753816808736,0.4613797072573479,0.3914782006420834,0.498642744772076,0.4610930145705878,0.5429500502325485,0.5365627326183983,0.531397484203015,0.5189146385307938,0.4839417743134356,0.5635861491160465,0.5170269186884525,0.5319249015126049,0.5068561689153169,0.46559901262884584,0.4525749564120897,0.5149132696267619
0.5348120143869368,0.6340956376947817,0.4973362100722968,0.5241531470778884,0.4507620410129227,0.5682139525604877,0.4954767469294389,0.0,0.5594460089697655,0.5090520269410007,0.5515636055393672,0.5572385507791028,0.5730895580224515,0.5028075937861254,0.5846046889268297,0.5825823166153331,0.588005720824066,0.5492781716569408,0.5925498438543437,0.6011759534990657,0.5842773705808214,0.5822433789744532,0.5451001251174523,0.525813439193033,0.6376120133955195,0.46425627604637315,0.5466525820759384,0.6133152905615732,0.4298190082460521,0.5387052774071929,0.6993262047611577,0.5556106894096937,0.5465982163201079,0.5709299045299686,0.5528874950701786,0.5569004592702252,0.5737554953610469,0.6125164873939818,0.5764522886102831,0.4970935512893765,0.563260050260983,0.5534173055559424,0.5568860852913191,0.5269118105129399,0.6558073266731518,0.5593638884152367,0.4767038415737364,0.4823582842886677,0.5590173740644993,0.5310402249194124,0.5270160428251196,0.5029633837642277,0.5008426063379782,0.5766778676084889,0.5241331310827071,0.5522519298147809,0.5454978514414011,0.6031790594522031,0.4915599137620009,0.5571861598305559,0.6313610884426002,0.4658649258878741,0.5243647809000049,0.49433780231341806,0.4785192886654686,0.498099556545872,0.5094114585778569,0.5078584651852924,0.5430371927824067,0.7331977165564223,0.5270860972914524,0.5161346939709831,0.44968496140584685,0.5641354365865967,0.6805047522916058,0.5146638360891533,0.5165622468489948,0.5168455918614855,0.5661861862887309,0.4299907933900997,0.5383135016972305,0.533201299241457,0.5882673589592977,0.5991115683434536,0.4969554527341663,0.6682917226003783,0.5763962156881438,0.48182452493969247,0.6184424884932291,0.5513470815343335,0.5011424788461022,0.5501023301626844,0.5558013953001534,0.49774148146784586,0.4989342619905838,0.5843495444005868,0.5696919570615392,0.5998993832866385,0.4490271060564137,0.5234004350750152,0.5526630940511786,0.584667362528865,0.46312305613987353,0.5306370738672918,0.5328373460521609,0.5587204785593256,0.5728435520363531,0.6722150947565755,0.5431346885033268,0.5370398535777099,0.5342298587430991,0.4871694572529964,0.4872487412631392,0.5891616408051354,0.5102803323201219,0.5287503599394423,0.5645292719263292,0.4949695167342093,0.4854558517235438,0.5123301566811356,0.48200874021998236,0.5596801666011713,0.4887003833940203,0.5747855628523569,0.4700226190465165,0.5470426213185936,0.4482347268051999,0.5879846362250905,0.5543601939066695,0.5484720894646501,0.6362755968986593,0.5642670613874616,0.498084414482889,0.5052540670956719,0.5718486605719384,0.4914017434708061,0.5712064620256413,0.5167375615574636,0.568394047637472,0.6299266276166615,0.5344088849595998,0.5444978854407925,0.5578566503439142,0.5485905460738275,0.5887802532920817,0.4520275502045705,0.5981002028565774,0.6007736364237055,0.5801830085618253,0.48127414227745213,0.548745758431531,0.5658646584293743,0.602927754615328,0.48830243575093235,0.6565814897931844,0.6247654477591789,0.5039109154348772,0.5865553169814619,0.46937020057145595,0.46897033736596927,0.5506933593726994,0.5153542832590439,0.5283082904981675,0.49924083468153974
0.6119556553952837,0.47845031178504727,0.38588185918486884,0.46875176794419593,0.435985683434778,0.47596031823487406,0.4634945800639024,0.5594460089697655,0.0,0.3887432189008592,0.44732060372128124,0.44034231556872894,0.4967055924302351,0.4839338733733286,0.5027892366786701,0.46880087510026863,0.5078681328682371,0.5597051733579119,0.49608790091919946,0.59307797366901,0.5146638532351901,0.45818225937315,0.513001372060691,0.47162526612756567,0.5104564262732799,0.4636889199344072,0.47881314240128464,0.5390699813615285,0.34007592073949855,0.5465757970094183,0.6025765024208293,0.47424348589654836,0.4552892018076133,0.5455454538566693,0.5625723389617447,0.4587468717422898,0.530981651822445,0.5686579136730496,0.460685569357608,0.46154589382184785,0.4748949887026844,0.5936175508150094,0.5023507808813156,0.4785909262013049,0.5263987592561169,0.5514585665441027,0.4730488267893584,0.4103749264657755,0.5110536559723053,0.5097450018823133,0.5062148220789382,0.5179877334911468,0.5017595010307845,0.44750637298319074,0.40823516012880345,0.650723750374464,0.5781528520791148,0.4965305272319711,0.45173094254621415,0.5238512917233412,0.4868560305579122,0.4815533543480979,0.4984791503262896,0.45251597635164176,0.5299265304256033,0.5231882311055803,0.5119048821056733,0.5050656953543355,0.4639378689912569,0.5900376769441459,0.5731429887035259,0.5291098724506067,0.48834901505400624,0.4986652782163292,0.5401978615777243,0.5588035244773357,0.45955891840589613,0.45834104584844093,0.5766542452973105,0.4631625622884512,0.5058140218511825,0.6380279684434121,0.54127007643957,0.5123981417985474,0.553402873036075,0.6357536083120291,0.5697678858230317,0.4913058608298023,0.5923773888147024,0.6485653137914493,0.518069734723983,0.58086800844389,0.4569335733125389,0.5407034150245913,0.541705708782603,0.4577050097194036,0.5180240493673971,0.5639501685211182,0.5070254486603899,0.5188883694184956,0.5107885072998559,0.47387786947787014,0.4797767306224172,0.41697161536547805,0.5536166892662999,0.5463387115417918,0.4890915558491621,0.5603499939318183,0.4869958834852641,0.4672882350058433,0.48108696645172194,0.5394791951514892,0.5044600165281241,0.5763181862938678,0.5177978170353797,0.5526680185710309,0.5727808616331278,0.4038974730571831,0.40866770435461286,0.5702858075991559,0.5114465630506329,0.5538844756953821,0.5496984061548298,0.5534591060380786,0.5600965450756229,0.4085765155713202,0.47677812002140135,0.4800696501350764,0.42308679670175076,0.49896534300810846,0.6489485975866477,0.5182482678776705,0.5305372515598598,0.6019458502833854,0.47317680037016124,0.49617516946074736,0.5262999729953163,0.4921920351546574,0.44794410327441136,0.5777715362847109,0.44637252800270394,0.48578808573762017,0.5984087347049117,0.5013683510108576,0.5189973349697525,0.48289758955464135,0.5938183393874593,0.486486896742299,0.44627896580325904,0.4281154527364334,0.6199112849519121,0.4979854421757879,0.5216370694873905,0.41464157079957914,0.52670829311754,0.61615749905693,0.47391623394008214,0.5216376076360901,0.453726543940278,0.4884077617802964,0.4753592216498224,0.6039659923971592,0.5900075873783759,0.5706527493522147
0.4038543749529601,0.5983669397607314,0.6238859100283672,0.4205509597224864,0.39995783030733806,0.5033387129386613,0.4452025264034626,0.5090520269410007,0.3887432189008592,0.0,0.5141339137565144,0.5581881606016353,0.4743487456157902,0.41666337997715214,0.4691385588608128,0.516858162023863,0.47752186150481307,0.4176754657460867,0.49379051979590727,0.4540512946473994,0.4766683563965821,0.5689248344477383,0.44510706275302586,0.45577471011367077,0.5783719850091558,0.3760921396265182,0.4356142749915879,0.46028205589227955,0.5805730207138127,0.41837744249518954,0.4893396567476853,0.5146065156682924,0.4478743762447875,0.44885270600621946,0.43370280556203056,0.4939603141740056,0.4603955932628451,0.43630653251808477,0.49559932806560997,0.4175362734893056,0.450046601269895,0.441235391079503,0.4559495125529984,0.45681812398710187,0.5037053312977259,0.4141445410337568,0.41749496247257956,0.49290350070393707,0.4772258700996807,0.42493368973955004,0.4212804315557275,0.3914227008196596,0.3932626580215498,0.5390883972103695,0.5625960072357412,0.4187666346088858,0.4029180970927079,0.48242607531916215,0.4558509887738014,0.42357521246252006,0.4992770766908914,0.37083261203004203,0.4089833650111596,0.451885657294695,0.37833375384376855,0.3864565508584282,0.4056305043793404,0.42373367386894345,0.48883890890972137,0.4742810619092082,0.3979285433852571,0.4043697646737849,0.3698931031836595,0.45991648695956977,0.4858550943990188,0.4004472209647729,0.4408970103773782,0.45674486490935096,0.39292835533136317,0.35110101551289796,0.4359794593383385,0.3877367119830417,0.4587672737731801,0.4437286189781425,0.3785422849742621,0.441792476182455,0.4261794543192505,0.39707548859557706,0.4381990301447028,0.39434188066720216,0.39327438336042964,0.426327856392794,0.5019044213344012,0.38137299836872185,0.38570093476704165,0.5843566354081364,0.43005239354839303,0.4754297583056761,0.36091908003904544,0.4098760523414304,0.4387908541329949,0.4865968359759996,0.3801146159260687,0.5843119272628713,0.3985965624695086,0.41956665729696113,0.463032267245906,0.5193089777280344,0.4443707271551045,0.5214530735428315,0.4725798517748401,0.3756248237889233,0.3980245751251604,0.42151522282555776,0.38169050423017953,0.3913824503064699,0.43208402034637144,0.5956109477972249,0.509060120849931,0.38050460885404114,0.3793127581897943,0.3898904176734925,0.3903168757373912,0.4345128628932759,0.3685877475998586,0.6075771776600746,0.3643017897116807,0.4809591082249014,0.6049095711589745,0.43763217525434406,0.45527736165045035,0.44088873133362755,0.3686965574730469,0.3679054609707909,0.5178884746705943,0.4069679849266201,0.46254111771206674,0.4162717279907695,0.5266636578801391,0.444936595719901,0.4624449558472732,0.4810148950848044,0.41654083429962685,0.45136065148254984,0.47931855578492516,0.3867231386038043,0.43720222625746996,0.4828952070144389,0.6893412149565027,0.4288571916459382,0.39449346911051303,0.4611891591150822,0.471626009749363,0.5028605005402864,0.5116656712576939,0.4428967192254941,0.4181817311594434,0.46087400321145117,0.39059398186899,0.378894108608979,0.4715991942303671,0.3893076752349749,0.3905096334715887,0.3771787178659949
0.5026208465082252,0.6011678819148614,0.5609223647367944,0.5227980305611483,0.508362592190794,0.5784734035932078,0.5284684962335008,0.5515636055393672,0.44732060372128124,0.5141339137565144,0.0,0.5686672532563396,0.5888495307489564,0.4875561434812756,0.5666245751011803,0.6669627679644277,0.6117162486981114,0.49718011934686346,0.5526136094077212,0.5437609431916662,0.6273790027180277,0.675277069836618,0.513907135728998,0.6193668482845437,0.6231603635238209,0.49902859197482813,0.48386359277562474,0.5627941314500944,0.4986354231336874,0.4789980557620391,0.5590411263468372,0.5565799778335346,0.5309541139191722,0.5408649883943593,0.5347456159694868,0.5454147102498281,0.63217472672356,0.5495979577988245,0.6266599487924585,0.5191639826404424,0.5454733284823268,0.5214316393124003,0.5538368679949769,0.6526088264486811,0.5740755309141966,0.48661774616055464,0.4538424932138511,0.7006696021599331,0.5930847562350575,0.5007799676887527,0.5284629176713225,0.4980716357654203,0.4445849292464218,0.6824802198844697,0.6279320247208702,0.47994317611214976,0.5100661793089599,0.5871037842443697,0.48877792087688926,0.49421416729718165,0.6208507151202761,0.422989355500875,0.5127748397364342,0.4853301000655947,0.44434479648233743,0.4610790830312319,0.5046749247599025,0.5228572315049259,0.5196981198782733,0.5823616538771952,0.5077267830784982,0.4841018540732867,0.4437819093389792,0.5779635207084567,0.5668713957449897,0.46493149569972214,0.5746101606535196,0.6007416402467728,0.48234941696558553,0.4611560947199488,0.533053269890189,0.46938105600342384,0.5522649207830208,0.54811703910334,0.4644216631970771,0.5368249956460722,0.5404298237569497,0.44469728903525596,0.48828009526256716,0.4719861209012085,0.49432531238338906,0.47414727542661633,0.5941971621962752,0.4720411977466273,0.476732156039382,0.611980802251985,0.4880002063220692,0.5181849804808744,0.4235551988165045,0.47128149346815823,0.5658823095145008,0.5571157174737573,0.43747467443035487,0.4975330192977067,0.46896846719201046,0.5082101094385977,0.5304944227762964,0.5976608935685092,0.514819880919963,0.6555028661940031,0.6327390483563758,0.46454301382121355,0.4929064714153639,0.5027080194105633,0.46909055402756733,0.4884754063278027,0.4918880054891974,0.5526443696433219,0.5920326704901078,0.45317626291446167,0.5026175720009619,0.4696104000440656,0.49708112343311595,0.5783391378157611,0.46008291809660995,0.61918205938187,0.4144115022249292,0.5730743946227079,0.600893645392161,0.5240532721341816,0.4774012140412671,0.5532275039104801,0.47525621000421364,0.4712425305522316,0.6562042021431312,0.5048415407958433,0.5411487139001562,0.5249447924090553,0.5764130383402629,0.5307710156068388,0.5217970311537183,0.5672059036476652,0.49020153951381196,0.5126659198761406,0.6831213056203295,0.43329621825731524,0.5394799323675141,0.5446825791491358,0.5629199964776401,0.46252869217503545,0.5095394479894797,0.5139894777804805,0.5845053250710839,0.4784240814862819,0.6098828786032221,0.5691342008963133,0.5558219897183182,0.5936697597469339,0.49009716888075866,0.47968307759259204,0.5153745224104357,0.4800696776329764,0.4573144486310821,0.5175998626009508
0.43436147095240096,0.5984797867646905,0.5590656333341255,0.45588326862805395,0.47348446637979474,0.5736809830448855,0.4735625839138843,0.5572385507791028,0.44034231556872894,0.5581881606016353,0.5686672532563396,0.0,0.46811223197379276,0.40727387180657604,0.5056162653736007,0.5693188598980675,0.5126818504448453,0.42814802555355863,0.5976471722708281,0.472373807251996,0.5464115752634959,0.5778236922183005,0.47940082639817694,0.5002722204458802,0.610772945167921,0.4074134914318565,0.44366916395402844,0.4806316237263393,0.4994875769669726,0.5254052619900286,0.5703601144426973,0.5135370521595648,0.48198987082648936,0.49606658837772794,0.4597804168691616,0.513045869142709,0.49474451872338715,0.4798875730162925,0.613022987770142,0.4245399803929149,0.5019917584594451,0.501742781564683,0.4891437241705263,0.5273708061555646,0.5037138558459449,0.4335805848885631,0.44288125514824306,0.5192416956669712,0.49562537607625845,0.44577301553045623,0.456844682238927,0.4384781508911354,0.4053340362001113,0.5685456449417173,0.5544993450285273,0.4634597168339583,0.4431287039742526,0.6479690299809252,0.41961962380733814,0.4430006661498315,0.49366781078142774,0.3900949813470282,0.44623492147935706,0.43946934327192955,0.3944852364882197,0.39570975921100593,0.4094964868091984,0.4398557240228838,0.45195707693046394,0.5243144362570634,0.43077884210107376,0.41359795757693196,0.3802279320247766,0.4730237664950371,0.5182484460847798,0.4128769938168261,0.46140566297200586,0.5269873737644283,0.43157575109335206,0.3935419319728772,0.4684370134579254,0.43107636170699265,0.5402033693690055,0.4606244334362247,0.4142076808625769,0.4937506948371898,0.4683807687310013,0.39990905482079603,0.4555236620171942,0.44430998277514233,0.4433606508204517,0.4718476031713937,0.5385368708577472,0.40504476490675956,0.40782652111182327,0.6612697631916614,0.4482176315512963,0.5247532877998887,0.388302793851054,0.41432371403562385,0.4577293916838807,0.5040759698416515,0.4057596261300965,0.6004298052113352,0.42325934397389087,0.4529797232303205,0.47524680908446476,0.5678370646215595,0.4504132974018783,0.5466235843694051,0.5404392096530356,0.4130698260187688,0.40841550770252655,0.4652159519258653,0.4053251825476909,0.4362933415639251,0.4602562797271597,0.5479008977268299,0.5016851491773573,0.41460630389538716,0.42428884942405876,0.43888767508083176,0.4201354754750745,0.49773140973499974,0.397362901383694,0.6190162617101524,0.37900294250510314,0.5445531494139851,0.5721520164674853,0.4347074096790274,0.5087379946941356,0.49569159954031305,0.3948322293768355,0.4235643910738582,0.5299118456532412,0.4208884545737706,0.5222215499837819,0.4375911862402734,0.48729380096351804,0.5192757326484927,0.4567102478824335,0.5032425351948393,0.4474098712977688,0.47776420027855787,0.532414956547774,0.40364713186272777,0.5432137252482717,0.5076938396393148,0.6149478436625813,0.46850897692689925,0.44388744543560554,0.49109937084730493,0.5209612042548953,0.4700168562137903,0.6304300653831608,0.4749174721514962,0.43524983455964106,0.5438149881659391,0.4030466428075692,0.40591151131298614,0.4441942457629701,0.4292694854983099,0.4310233536509615,0.43506534584067436
