0,1,2,3,4,5,6,7,8,9,10,11,12,13,14,15,16,17,18,19,20,21,22,23,24,25,26,27,28,29,30,31,32,33,34,35,36,37,38,39,40,41,42,43,44,45,46,47,48,49,50,51,52,53,54,55,56,57,58,59,60,61,62,63,64,65,66,67,68,69,70,71,72,73,74,75,76,77,78,79,80,81,82,83,84,85,86,87,88,89,90,91,92,93,94,95,96,97,98,99,100,101,102,103,104,105,106,107,108,109,110,111,112,113,114,115,116,117,118,119,120,121,122,123,124,125,126,127,128,129,130,131,132,133,134,135,136,137,138,139,140,141,142,143,144,145,146,147,148,149,150,151,152,153,154,155,156,157,158,159,160,161,162,163
0.0,0.7947672227039974,0.7320569671021445,0.760521217425757,0.8111009966775798,0.7682174446985612,0.82395449810893,0.8041897465831955,0.853312847011612,0.6931350354054858,0.7999469033052091,0.7550044747393079,0.8605896993829335,0.8296920409514137,0.8681053537051002,0.7805456348166571,0.8405719233691519,0.9582911037949732,0.8221862465548623,0.8819546006144529,0.8463849977548337,0.7976449660444243,0.8432688873136308,0.8574175208200736,0.8181812536935982,0.8032170135376429,0.7605544375790576,0.8309811328267379,0.6853188214248388,0.8208684660738622,0.8498044952471301,0.8142379590582262,0.7977361341257649,0.8000107278057567,0.9229874570845424,0.8121053957212127,0.8851948078045058,0.8840020870584101,0.7237493594428079,0.8652105775361094,0.8396502041721863,0.8222755873594535,0.894903063898009,0.8413714646814928,0.8596715643130585,0.8871237263908275,0.8824691422259016,0.7983081369291601,0.8970342555084279,0.9051123927319049,0.9050457016193239,0.8855431098902714,0.8116416313821893,0.7886018305064197,0.7572632384286546,0.8237907153351285,0.9340229355266884,0.7897219836989054,0.8366364502591349,0.8927200914174459,0.7593641725326054,0.7805273304457931,0.8964460774178826,0.7672945264124095,0.8690618341128321,0.8452647344218257,0.7924686993495622,0.8535104177554725,0.8346488224365963,0.859602864737446,0.9255128444131789,0.8800201934311798,0.8244341048459847,0.8621130274731982,0.8113219893898388,0.8809383131956792,0.7410333281829511,0.7580579739606111,0.8480337869668046,0.7093142578699079,0.7856694277127853,0.88943657176533,0.8066247480528523,0.8133369573257708,0.8860785920302079,0.903108485181328,0.8379660186019242,0.8723623669505653,0.8592764018919672,0.757392669198598,0.8973946293523006,0.8287098764266038,0.8402974650546607,0.8908500740976115,0.8771594322034123,0.7514099990704933,0.7399733234848096,0.8068180261991209,0.8031678208458606,0.8585763467319099,0.7846392690787629,0.7359101858816705,0.7926798210814858,0.7477952276730211,0.9345998433741298,0.8452555191187188,0.7724512441083672,0.789816826976237,0.8810694517667725,0.8058404204628258,0.8153701641066223,0.8727033015436141,0.8444521931179471,0.7155662168391932,0.9046508279560384,0.8676188609021153,0.8739411945592949,0.7563741796762875,0.7664444650575923,0.778944942961153,0.8375436526284836,0.7761123219647446,0.8726170014029927,0.8793666919316886,0.8374148522424019,0.7462249241078526,0.7579693482537518,0.7779237293368327,0.7561789731082237,0.8599658859133767,0.7842626236432612,0.7601221983842368,0.7772558788168923,0.8024488870559963,0.7755334967789979,0.8175289613764922,0.8498422516600341,0.8999310418169099,0.7965193241964691,0.8538488391313719,0.7773522146985472,0.7640215181378064,0.8894786838433448,0.7568530855512151,0.8038908372232444,0.8551430767083605,0.8410291279878837,0.7170426148606964,0.7671741981256947,0.6342789413291898,0.9104787678460625,0.7867888320692468,0.8237834130059669,0.7539816845306735,0.7884241789296236,0.8839233142240208,0.8418786840034427,0.7892801761976512,0.8026145231012578,0.8318879080277095,0.7696898559551011,0.9195022489339201,0.8656117910055897,0.8921051382447501
0.7947672227039974,0.0,0.917370161258613,0.7953580432762976,0.7753266180063105,0.9083154048410772,0.835223671171873,0.9264469566946256,0.7661929578696255,0.918298906453264,0.8995259729916302,0.9145178396782447,0.8659397457943825,0.7957631419586033,0.8870363771237408,0.8481394147407086,0.8312856394637165,0.7904403858441084,0.8934570498355824,0.7930961019670197,0.8781407206861526,0.9436648741380387,0.7811753762048088,0.8665535056949636,0.9136488464280529,0.686378257733565,0.7912286258675223,0.7926668714479509,0.9203326045666373,0.8030798127033641,0.8991436375383872,0.8747362429295411,0.8714759483681632,0.7428834671978678,0.8194236773874841,0.8959494636788036,0.8682726485546834,0.8470061911307337,0.8749807038461769,0.8179592313202806,0.8948587593907219,0.8300802999880165,0.8034770357432276,0.8499031283563433,0.8685710684600589,0.7679614713261221,0.7922229122643726,0.8743495179122547,0.8508940562092977,0.8003521774601526,0.8295923256895888,0.7665172454362363,0.7664709781187556,0.9348305796054198,0.9112933778192808,0.8323562974027525,0.7794411638582108,0.875607310859171,0.8193572614459621,0.8292214394995279,0.9168904676248136,0.693421796502558,0.7971974856700459,0.7630589919967093,0.715024813517131,0.7040213117505967,0.7670138370349592,0.7965599346646989,0.7977722607696869,0.8994506296217016,0.7840057569139058,0.7489374736611394,0.6812049718209405,0.8596833942010248,0.8873331608433933,0.7511009956373849,0.7820218138203918,0.8317060774226728,0.7141259918979289,0.6561464541741363,0.8368679267043508,0.771729329944064,0.8919049094627439,0.8328540143573833,0.7072484698318809,0.8739543129965851,0.8359606372776043,0.7339594920361223,0.8080839284569747,0.7871839181938509,0.7624952967669841,0.8218900322833049,0.9105148402003794,0.7426180961509932,0.7588276224570306,0.9198496884547696,0.8055430261696761,0.8191302569859626,0.6681746906142699,0.7784179948309672,0.8338379197865524,0.8231382319930444,0.6913462912419822,0.8781643719942137,0.7842698507808451,0.7443561592080138,0.8027707467696611,0.8211835348786276,0.846021088075423,0.9154173308747025,0.8504336899641294,0.692417452598947,0.7767138821354247,0.8043695389817009,0.7404407062441765,0.7719624999189819,0.8033161285717609,0.8558867943126354,0.8424752450640001,0.7142023485512021,0.7093292939236734,0.7555589778691142,0.7191604259321327,0.871749363255859,0.7089571105442095,0.9432178593998886,0.6673045490023319,0.8777750757091741,0.8900596352362111,0.8100938343823406,0.8513542513413115,0.8179152779641121,0.6946502064518155,0.7364312407356958,0.8762444356025795,0.7496360703317503,0.8219739101062449,0.8030936694153699,0.8323597838577822,0.8871135795899928,0.8460074493839614,0.8563190110709881,0.8437151974575766,0.8511689720827718,0.8776087136213617,0.7030436671088333,0.8696109753061524,0.859275110997685,0.8981377936540256,0.7348820724394481,0.7696976099877149,0.8759652352136068,0.8417568947532121,0.8620988596312501,0.8844788598649688,0.8844069735357756,0.8529047333053941,0.857396954928105,0.7774903845971792,0.7046204208716897,0.8237892399620056,0.7845468235504433,0.951888560134393,0.7489185091696348
0.7320569671021445,0.917370161258613,0.0,0.7261236406819749,0.7869420613498481,0.8916602489209696,0.778669716767155,0.8884639776483626,0.6646023403359327,0.936249803331648,0.9141811939943091,0.8926998291644722,0.8871140482953459,0.7465878019551427,0.7848040327909025,0.9403301483514888,0.8836844930936518,0.7465448167693902,0.8371391180492642,0.7653477032828115,0.9054291622498517,0.9257558464168782,0.763271132472625,0.8350319275681288,0.8910081308322759,0.7115166171586037,0.7668555351739428,0.7802624720304273,0.9183000584543558,0.8047325072689188,0.7854126980943013,0.9163253048441463,0.7671157651111429,0.7358694991110756,0.7271425182466433,0.8634816603714139,0.8552168474730477,0.8201641581489368,0.8338568745235212,0.7984244610171074,0.8161474794087448,0.8353333932040331,0.8166516896959843,0.7999681960776243,0.8458832118610201,0.7500760437033857,0.804227881176696,0.8958735133340489,0.8296145830491088,0.7859886023777732,0.8060810929262892,0.741866215941124,0.6938293966389594,0.8872149320195565,0.9022963874180419,0.7752376797371566,0.7510045807272199,0.8922257482546082,0.8008240703519549,0.7912301979396171,0.8921621506540729,0.6935953602307124,0.7893663125641202,0.7730636908829942,0.6603155425132597,0.6934749314372101,0.7354611474501112,0.7963152156957227,0.8356870512872264,0.8574973853166511,0.7446085807449012,0.6897444423297304,0.6739849214930693,0.883396687587616,0.8833285462566841,0.6811516548907443,0.8585636041349921,0.8665970419699277,0.6841127703983905,0.6696958680982039,0.8335183976381532,0.6837273251775345,0.8503781662234091,0.815497588036278,0.7031501144718011,0.8130075923008394,0.8142672774618477,0.701590280206275,0.7626863248624608,0.7015566300470178,0.7487304395698562,0.7167247078594439,0.8889900030623121,0.6859638091171884,0.7049776154710524,0.8546341419832412,0.75237913707909,0.7795850124112529,0.6197362576737286,0.7352405359318852,0.7462138504184217,0.8972082554007559,0.6569515456965236,0.8236988175611021,0.7275245596948511,0.7814574391864834,0.8608954100031304,0.8323987181976515,0.8232687054126426,0.9284858382966504,0.8317373413135793,0.6754855949375402,0.7518029786256926,0.8176032549038206,0.6916322594401499,0.7470149377156257,0.750747129760595,0.8886402644199498,0.8722789904666273,0.6551912301942805,0.699604270011498,0.6982660857792051,0.7114189188433324,0.821281586566769,0.6166769742460381,0.9128224170607651,0.6770095891208713,0.8910411459941395,0.9028185225848183,0.7721150243180295,0.8159842013949113,0.9067705757193163,0.653436578226951,0.6363486870336976,0.8496359702441689,0.69776553952774,0.7985090386428775,0.7345363420804082,0.8295431261351263,0.8260929863066405,0.7396422556113388,0.9025466255656212,0.7556665258632894,0.8272903470885626,0.8803074527725218,0.6910434788846002,0.8046278823633682,0.8585525360751497,0.912434972885177,0.800170971092542,0.683008889869224,0.7777599162297492,0.83208284464448,0.9082053414730751,0.8564580144637857,0.8152233351945702,0.8191362235352382,0.8583968793395631,0.6663569868560271,0.7131333372914032,0.8031065149920763,0.6821659338538876,0.8716715972671846,0.6985827075725916
0.760521217425757,0.7953580432762976,0.7261236406819749,0.0,0.7381105678586337,0.8191208559134293,0.8829952323498055,0.785612768424476,0.6797678555956954,0.727495587953591,0.8065054009140638,0.802747704866637,0.7434062400268707,0.7329545322960926,0.8035363314853001,0.6911148545272833,0.7454747943310465,0.7271147296619548,0.8070082481370459,0.6462188226546265,0.7889240124704122,0.753257982511124,0.7924828150749382,0.7756556707043174,0.8033410541002757,0.7717117695732607,0.7444788121693808,0.777522571619881,0.7378705783608607,0.6752635994555924,0.7728421160620503,0.7157069371069958,0.9450008228220234,0.765488488659258,0.8012994854003695,0.8101834647259107,0.7878973163705492,0.726376050535903,0.70446140018069,0.8106863553249837,0.8638241605615374,0.7814841670675218,0.7057593575192516,0.8568922851525183,0.762471549075314,0.6879229829293703,0.701592892163207,0.7594757237210854,0.7870180679186025,0.69288873972799,0.832700877644593,0.8427567366256484,0.6716208871287955,0.8771536658752181,0.796188514241707,0.7666920246101804,0.7060704164835305,0.8263849372314208,0.7217911699523876,0.7172443458742438,0.7793542887799662,0.6325372980998862,0.7915674171474211,0.643721666963864,0.6466004565583674,0.6398363025146848,0.7657374072726407,0.7154159812700895,0.6946022074533613,0.8260664800875468,0.7271218178036939,0.6678571303687453,0.7623009219291255,0.805817227301264,0.7386173432863057,0.6751396703476602,0.712925435482453,0.7763872188797236,0.6966966825209814,0.6437206088698234,0.7370579180561102,0.8036318800158045,0.7294412176156949,0.7409438596855719,0.7621879613175561,0.7683744531630852,0.8045498440643796,0.7037074753602933,0.7319783849105886,0.6956497541575848,0.843728245131835,0.867523704613302,0.7610371281992968,0.6766241759265165,0.8091620112633392,0.8230601741373639,0.6445747282120232,0.843449988456949,0.6818108301760732,0.8176944041595336,0.7042006194185507,0.6776410806573782,0.8625424683367141,0.8290193677773592,0.7673665245484853,0.6697656996732241,0.6804376874226657,0.7615250091040453,0.7507052322998076,0.7512720945040307,0.8838607278441831,0.7340631123533884,0.8510074357391872,0.7009615080722148,0.757230156530736,0.7862327008957068,0.7613020577528897,0.6543656406855898,0.8678550574983632,0.8506709342220125,0.6403562983003175,0.9074970504263268,0.7219354306909359,0.8154130559645668,0.6726911792431216,0.7901586674496188,0.6956092011613221,0.7110615221290308,0.7934688471511853,0.682708284506637,0.6852576787287374,0.6660709775322502,0.6415782157955616,0.8066767912894676,0.6926784872728569,0.6137274266757885,0.6533652840109673,0.7924882012865049,0.7172020982697835,0.7172760874956694,0.8743897499268659,0.6741904188408863,0.8313574818216128,0.7578672956143919,0.7499028597437368,0.7636802577192621,0.7492606700771843,0.6805782584530632,0.706730512892292,0.5962293361358028,0.8075933316062622,0.7753071999776753,0.7052585783697943,0.6814314158370246,0.8577225361402214,0.7353792329997072,0.7232211722016555,0.8339956019266831,0.9101732328553829,0.7754662304154739,0.7310531498892789,0.7982031207013701,0.7926115076976757,0.7829249004438102
0.8111009966775798,0.7753266180063105,0.7869420613498481,0.7381105678586337,0.0,0.7580127833719388,0.8674994529628579,0.716526890643673,0.7500585213249975,0.696522258639093,0.8720166175894583,0.8081983371672062,0.7655972978319725,0.7311857083921988,0.8538046220615774,0.804322898588954,0.7817803163840008,0.7677037556736427,0.7578973896017583,0.725095434239586,0.8557431758780389,0.8585480131216392,0.7737027806481359,0.8683430962852497,0.7716664693573171,0.8114505857048071,0.7140623886776127,0.683804606521583,0.7462995907862199,0.8470876780852158,0.7990453259744704,0.7623970617717277,0.7758073343412791,0.7025648612196083,0.8054351132227906,0.8116236707784926,0.8708686441696978,0.8095777517895085,0.8201109120655063,0.8102373543510152,0.8174853995501826,0.8325633867535704,0.8293292056562397,0.8899718530452247,0.7530563185162359,0.7159826057407559,0.8308621413891856,0.8805353002661164,0.8471704474978049,0.8123428199256902,0.8608915628955631,0.7915607541598,0.669616824098396,0.8135289956514135,0.8065596382219943,0.7562138266062751,0.7838523740148574,0.8467286434787455,0.7294474864878235,0.7557967944473503,0.6909926552999148,0.692324754119472,0.7875129199101771,0.7301019227279274,0.723362695769179,0.6527197642105524,0.7248642586805608,0.851373064681291,0.744964705261731,0.7751874278601463,0.8546948350661753,0.7375693667634375,0.697446474224239,0.8115207234624031,0.7101519135443011,0.6681386126727148,0.7990233361661125,0.9176727031195359,0.6801485525753896,0.7278468842900634,0.7253710842386786,0.8014778398975148,0.8512384486594886,0.6845970111310615,0.7453773250148634,0.7780775488403654,0.7618927626629656,0.7365118987016281,0.6611875721625956,0.734704118364087,0.9066032288585812,0.771865733346486,0.8655623152927036,0.6947032700044169,0.7925412460930373,0.7990908647469631,0.6520976141561706,0.7190871250332034,0.758746723130806,0.6874293379237761,0.7648284089314837,0.7306985502749221,0.7207176150692941,0.7282261689021304,0.7458305651226407,0.743081964543008,0.6914908516491935,0.7150886227046127,0.7870448047378162,0.825261980724408,0.8456935892533517,0.8146760862583236,0.7279021833566853,0.6904481324043381,0.7158012176046222,0.7678532559727377,0.6810185271541812,0.7873709149727155,0.7649735231887489,0.7006468054222735,0.8902032762113548,0.7190364443935064,0.7342186003936684,0.8692852618095418,0.7501761932805868,0.7757767961471098,0.6720123714634305,0.8464282851125955,0.7322776001790795,0.780085917645275,0.6962958789557037,0.778328484807829,0.6548790914262791,0.780446371839707,0.7741836140911398,0.7615311785865592,0.7721849446091985,0.8487368274775992,0.7373537536736942,0.8303512399159076,0.7046962977544093,0.7997904656933355,0.7845848433283582,0.7805559600940714,0.8727346983971965,0.7654115364100079,0.9070065258839801,0.701541291452654,0.7324528620384605,0.6462023439385121,0.7777505443645545,0.7119223196366093,0.8050445444661911,0.7865600084172855,0.7802329701900158,0.8050708808660098,0.7811295817614609,0.8136978216739315,0.7444928549059684,0.7686868414868449,0.6634038316829306,0.7556668373743026,0.8043544522917121,0.8977043973963703
0.7682174446985612,0.9083154048410772,0.8916602489209696,0.8191208559134293,0.7580127833719388,0.0,0.8059435585772906,0.8932148426123472,0.7062267187917137,0.8718448087960725,0.8584870834645543,0.8942021834589567,0.8431683995613374,0.7120622361522282,0.7921845920361033,0.8413360184337795,0.8377649669692949,0.7338541434505668,0.8859542989086102,0.7112057625636012,0.8799825715650907,0.8477164420463711,0.7352206460135693,0.7926281349317704,0.8887249679452469,0.6997700603699362,0.700072465667906,0.7837952427960929,0.8509434848550989,0.8090949406493946,0.8145839338091592,0.8744313595105387,0.8580346241348713,0.7407738022069245,0.7454532138581904,0.8238140994555433,0.838616910001839,0.774441563200967,0.7750741268585034,0.7580430671243639,0.848792025153675,0.8564029811726296,0.7739832650529521,0.8456192219461379,0.7909738060477083,0.7375080182744779,0.8007170217557309,0.8421028900831499,0.7820067403321366,0.7357660755652732,0.8363565420786531,0.8260801359652847,0.730621630620333,0.9017001418539446,0.8508967969794415,0.8626593034339316,0.747409812010871,0.9233145775070865,0.7341052387171864,0.754892747898929,0.8888772197045601,0.7110469799112994,0.8516496755797073,0.6668655343683361,0.6668550489572483,0.6970325299554083,0.7037609118652947,0.791080163503601,0.742934521460258,0.8862503373306174,0.7600376027751334,0.6552926774059082,0.692718251580996,0.8460776934797887,0.8840276482458,0.7348186297869455,0.7684064112018316,0.8296438725452505,0.7023302228427912,0.7480371241756758,0.9160806807891098,0.7452344028410048,0.8704644697095252,0.8274690985606956,0.7303879857670362,0.8155038935471738,0.8603311411986408,0.6910458464164501,0.8048238957515176,0.7203402991475184,0.7816084449876958,0.8061942755849761,0.843275754469392,0.7199441425634955,0.7270050610317994,0.8927333454291523,0.7509923990088351,0.842627177009357,0.6292252063779719,0.7765270117997558,0.7115916289609285,0.7956625821379191,0.7176245067421623,0.8632423380456802,0.762259891388953,0.746022099963448,0.8025317274058821,0.8166926863058508,0.7912403644335124,0.8708124137691359,0.8647449521001014,0.6619006334431888,0.8321802334143497,0.763735331840842,0.735689700666346,0.7874761833275542,0.8293962587470084,0.7629612544374965,0.8950618245610646,0.7391220346849893,0.6472705315824209,0.8151789332117766,0.7232858798605206,0.8801689356836826,0.6472706897459456,0.904206414700166,0.6910414930152756,0.8080568240808413,0.8699963039080891,0.7041820817630285,0.8397273388733679,0.8582268806794973,0.6462472025780781,0.7116374042847656,0.7627192944138274,0.6753256850910063,0.769119224166258,0.7175135433282233,0.7213319330376048,0.7984227892953667,0.8315632469204418,0.8133776769474771,0.8001327150394983,0.787049416427684,0.8096703689391755,0.699678915780059,0.8186563043581556,0.8527334762063298,0.8384166519708204,0.7162410705350838,0.7346128951846185,0.8590686525234533,0.7457332234567122,0.7775325244019182,0.9034660987420711,0.7873395428161051,0.7742551977118566,0.9200350020214005,0.7344958141054647,0.7604509714794522,0.8170943052418055,0.7801264126269064,0.8982555925009087,0.7266544819103804
0.82395449810893,0.835223671171873,0.778669716767155,0.8829952323498055,0.8674994529628579,0.8059435585772906,0.0,0.7738233763696282,0.7466778223200649,0.7674978611331797,0.8483532365519046,0.8286841652027697,0.8019404144320618,0.8042455208640473,0.8967236077445658,0.7486267130615053,0.7615105970470533,0.7836917887522272,0.7823316245383748,0.6964648029367222,0.8279759391041039,0.8416814670308872,0.8342641686746833,0.8524361630029845,0.8371249093342623,0.8132248153523512,0.7768162283007316,0.7299109734799527,0.774086404598674,0.7578915398925915,0.8465914902725313,0.7930263658065044,0.8968619135872703,0.7632989606381269,0.8501654179032424,0.8545503449508086,0.9011566340725838,0.7605663566020018,0.7762195822818865,0.8676395852668114,0.8455991653777541,0.8455641785608944,0.7916292818303976,0.9089382209475065,0.8141062711395711,0.7345794637034089,0.8167179813411748,0.8452479128776086,0.8948237926098506,0.7756871354101874,0.9017393150062794,0.8114453386202289,0.6878470263799664,0.8824658738714399,0.8515052675785273,0.835695926672715,0.7456270724545274,0.8271335835016587,0.809989850204187,0.7747535554906088,0.7606538674253246,0.6992351605857435,0.779400939306487,0.7194972373597259,0.7170786516804797,0.6659532831910979,0.8463809283466319,0.8642713840977203,0.7564772116015779,0.8220047976780933,0.8359697110416736,0.7488987268748915,0.7630297249567309,0.860781283301068,0.7144497610733899,0.7270381738066019,0.8112217757899021,0.8944365073965835,0.6784544601873427,0.6719620609584395,0.7340634279096804,0.852399846803928,0.8294106507518129,0.7022882341706722,0.7557037952428438,0.7792462263378099,0.8161377534407377,0.8083957077710816,0.7413886150663587,0.7716833575016621,0.8993719525860516,0.91466601299786,0.8472993945240146,0.7007644206842997,0.8547122938827898,0.8728793051922652,0.6597863513228894,0.8128933560551581,0.7635152989220083,0.8188563781777632,0.7947587802868533,0.7451031682704585,0.8424428878810666,0.8096531236131488,0.7808498407672078,0.718866743666064,0.7015768071483636,0.7457904577432727,0.826934784723704,0.8339130558715804,0.9136482758705098,0.787724169250315,0.8491686522452565,0.6966970759519033,0.7410263689541291,0.7758823013328336,0.7362429673480138,0.7608481159384455,0.8336197471002985,0.7997032734200558,0.7501345257612894,0.8169084686817383,0.7316507046334961,0.8902207246884406,0.7357388881425855,0.820072355576951,0.7297427989968497,0.8269839350834072,0.7806290358780413,0.7844472068471404,0.7130579734535248,0.7014840604392089,0.6542904040251663,0.7835729619365362,0.7544173972143352,0.705805385702118,0.7222281692840459,0.8774731873579835,0.7572751015334258,0.7955163619702608,0.8252397707816354,0.7716525519583343,0.889478015215864,0.8088526236632061,0.845672858357243,0.8386302126807639,0.8446994765517492,0.721288238559241,0.7495055185336407,0.594348916573949,0.81489129275601,0.7659361170493498,0.7528544835068816,0.8097835662849686,0.8344904260233894,0.8351757753071882,0.7829323014040613,0.8560191085487572,0.8791089042541682,0.8253774473532867,0.7407262840662552,0.8000157268212136,0.860142655511229,0.8298338997564603
0.8041897465831955,0.9264469566946256,0.8884639776483626,0.785612768424476,0.716526890643673,0.8932148426123472,0.7738233763696282,0.0,0.7493630924029289,0.8881674248516035,0.8650227955611848,0.8964540284863213,0.8937916637828149,0.7546304050512481,0.8150308199599515,0.8699563698846328,0.8655455056000917,0.8040361353894923,0.8971079258410153,0.8199645204498656,0.8707339790203689,0.8601875448030396,0.8202292617660409,0.835296430737528,0.9282538528169931,0.7157724726628737,0.8206384425270343,0.8687120188535118,0.8392690388617071,0.8112603976663021,0.859218857342904,0.8759061423337341,0.8254962373597969,0.8106566572710167,0.7936677497679254,0.8575492525997056,0.864794298136494,0.8567385745075636,0.7954739019063397,0.8080859036204117,0.8541590224621353,0.8244310346827604,0.8179727740603074,0.7952608015428404,0.9134882526900739,0.8106899709548676,0.7878062051787782,0.8269236457788319,0.83802621047186,0.783582543744288,0.8051163114939727,0.7890608513349615,0.722532570956222,0.8686813765439086,0.8517591506936302,0.8300796933290009,0.7931638890958838,0.8884405230524383,0.7861734336308316,0.8307628834038835,0.9184957991789304,0.6852503622149732,0.8202150932975797,0.7463652185089761,0.6816511376297056,0.7354706924535891,0.7565965993688669,0.7620653825513207,0.8229964986588274,0.9508995557840657,0.7555570144743562,0.7253382242484919,0.70332988029944,0.864915288375954,0.920262861947222,0.7552389546741467,0.7714975567997918,0.7796003284821745,0.784701658278849,0.6401949610113862,0.8203617523542083,0.7418474814391819,0.8371638194447599,0.8919966921506585,0.7513287568349398,0.914869001406397,0.8953408221326804,0.7260527356470367,0.8771253916552192,0.7751427465904802,0.7571198454039942,0.7808889500513573,0.8411229795633288,0.7426635150070163,0.716933505662421,0.8595498985933693,0.7736365086682689,0.8643616039140597,0.6327820351161079,0.8175356222087246,0.7568407136773783,0.855788652145908,0.7132311113200521,0.8728663494890561,0.8017180030616464,0.805562705594343,0.8420043766372123,0.8917204508194221,0.8341887945760187,0.8846032464464441,0.8254250048854844,0.7011597288166758,0.785296551611947,0.8464492617744802,0.7748266091918747,0.8135200559139584,0.8457649328881373,0.8161107817797302,0.8437731147497743,0.7300984666837106,0.6684048738336781,0.7980081770446552,0.760746501610563,0.8329564081429871,0.6503139104822863,0.8948789022866078,0.6748754468702249,0.8570418624818062,0.8994755275663241,0.7749435212027581,0.8891417555670497,0.8225752708256981,0.7298365102464784,0.6960853785423444,0.8320437255316717,0.6804232449061018,0.8390528454497583,0.7699163171387463,0.8570261776493936,0.8643188710518804,0.8073131498321691,0.8078172505602066,0.8025411255846331,0.7872741375822085,0.8326310883843229,0.735177736800502,0.8105916424303227,0.823895843988156,0.908158956067528,0.7551540384911783,0.7829491207991098,0.8163077038588037,0.8205573264545573,0.8308727128703222,0.903403891354922,0.8704318376369296,0.8387437043485197,0.8667439755871709,0.727585373930294,0.7096793983299828,0.813449303300351,0.7708626456188512,0.9252498029634494,0.7267329648350581
0.853312847011612,0.7661929578696255,0.6646023403359327,0.6797678555956954,0.7500585213249975,0.7062267187917137,0.7466778223200649,0.7493630924029289,0.0,0.6489365417907779,0.7213189756580065,0.7123267284668053,0.7158182823140466,0.7471212537238754,0.8204344040699828,0.6650868738942176,0.6757514488868205,0.7964678887212946,0.7318882520688733,0.7606781238972932,0.7086224808772803,0.7821853612604303,0.7011804749191648,0.7400597242539284,0.7246053047686131,0.6293420129396701,0.716423662647005,0.6794507173671592,0.6449493985578082,0.8063367952683371,0.8408275518642717,0.6957119019383844,0.7302712576025726,0.6444242702064784,0.8261693962618996,0.7201121125917455,0.7674931199971786,0.772119765818691,0.7218463941573054,0.7007715270397209,0.72618155328559,0.7930137426982473,0.7206250205231644,0.7344101316505753,0.7258612765193517,0.7007764261954829,0.7279423066557237,0.6944608730922,0.7470758347007536,0.7631504415142307,0.744321785927437,0.7003044553463099,0.7343589137406717,0.7105338224910838,0.6798091947719836,0.8056836801512947,0.7600215604008638,0.7204549399459059,0.7061836195385407,0.7480305262259778,0.686862872518269,0.6737137535761353,0.7124485222668019,0.6798439981960113,0.7677574911836361,0.6647309262329077,0.70594477498022,0.7594269312987847,0.7023956996886145,0.7931471951582929,0.8135857741229343,0.751049519094009,0.6908691953555235,0.7069079056104274,0.7201978259356868,0.730460575707372,0.6400518846188381,0.6763102120027717,0.664550663978064,0.5944071348458023,0.6610262863083342,0.865303148701349,0.7959502903649689,0.6707559999947028,0.6865739187195427,0.7972458369439239,0.7649355983637983,0.7481495072553935,0.7115851787281401,0.8293513711055959,0.7670943292396329,0.802232868595334,0.7430930320116397,0.7286941044257388,0.77547458306612,0.7343639920130117,0.7102700882744073,0.6912313120309196,0.7569630653939505,0.6927116365816337,0.7448334738717429,0.647817175583599,0.6593690057262603,0.6824712681909701,0.7810265873896727,0.6641939639310376,0.6202767301940155,0.6726248107383231,0.706992184245703,0.7108346858701762,0.6999544935312921,0.7266416682057285,0.7048267397477481,0.70769492461414,0.7010563895673022,0.734230598765815,0.703072697279234,0.6937676030175208,0.6301707440110961,0.733828833416609,0.7491546272977755,0.7042296241615456,0.6870046850457392,0.7612627748601477,0.8407513829703659,0.6785337029970767,0.6517423648356073,0.7282477600453942,0.638666792980152,0.7391785532362263,0.803119518731087,0.6750581993408923,0.7158333827334432,0.8347383226564964,0.7260837502499565,0.7484948330483773,0.7396415911673289,0.7656728165591495,0.6791316677669653,0.7996519178380281,0.7083595746447822,0.7014195402433082,0.8278309798379971,0.738930011442188,0.7109116315937931,0.7093836953984838,0.8643909974326891,0.6455337892293724,0.6847009739220629,0.5841659170312121,0.8062085213559648,0.7249143521156747,0.7642637744730553,0.6882248066553176,0.6907555295561211,0.8336001665539872,0.753999677869736,0.6907225565155457,0.7357073222167626,0.6598813472405451,0.6325264854531789,0.8151627439497933,0.8154771527831134,0.8195221993679145
0.6931350354054858,0.918298906453264,0.936249803331648,0.727495587953591,0.696522258639093,0.8718448087960725,0.7674978611331797,0.8881674248516035,0.6489365417907779,0.0,0.8512848361577617,0.8774308660617708,0.8370195987075134,0.7382239629285904,0.7603066086047425,0.8537185547565506,0.8013660365820126,0.7126146989433301,0.8198758125384293,0.7212767978141401,0.809661771289187,0.859749765059078,0.7535681715124568,0.7588000122217181,0.9148787134438069,0.6470448750562142,0.7733753157376998,0.762906669253788,0.9467476661118359,0.7494195102673797,0.7982668656574307,0.8894902989601398,0.771271098728499,0.7231087383440054,0.7189488374454436,0.8432473296582592,0.8176133830435898,0.7717585099352076,0.7855757891342849,0.7417976031298976,0.7816377839740362,0.7795872374945505,0.7609603621760072,0.7654078327254392,0.8256934270479553,0.7026391822345243,0.747963540812369,0.8377891834421033,0.8055199073641593,0.7148802044651854,0.7427824067953727,0.6823837246285146,0.6645459048530823,0.8520299253466836,0.8968331916551899,0.768945570778629,0.6776509146535791,0.8394472625379117,0.7919437845441915,0.7372831054402639,0.872136822111456,0.6509297353158061,0.7238152993015295,0.7502422579039334,0.6172995252383267,0.6464220183460047,0.7083295735400396,0.7434284106737429,0.8133458767767711,0.855744255494491,0.6746135033471635,0.6759527668512421,0.6422678515495774,0.80864633092173,0.8406541265882546,0.693501946738539,0.7706471765681286,0.8017848963053874,0.6532080060425277,0.6117087760245484,0.7965622922215062,0.6440525899697817,0.8043291330355801,0.8019151518837249,0.6494879598075934,0.7694476823375422,0.8053931906232266,0.6961435407538072,0.7810673519687966,0.6755777006823291,0.6885543597492234,0.7369566374750885,0.8433348154987765,0.6410110908758818,0.6594750251569378,0.8885581337168956,0.7145011569017808,0.7972031339930213,0.6002230864392918,0.7268752441418133,0.7514738370027085,0.85272179620271,0.6657467035956506,0.8804344080620771,0.7006747419062987,0.7073977387577716,0.7939244386104986,0.8259220597181842,0.7778714683554229,0.8675668204400697,0.7920297899514814,0.6224042849377734,0.7312648302596988,0.8153968059056543,0.6599784931247928,0.6847689150057121,0.7569134342647008,0.8711578326702918,0.8485273867833688,0.6669711239559526,0.6119689148897349,0.7069387305827722,0.6635687689562155,0.7669353737179426,0.6010896865170254,0.9283683853516315,0.6302466164636146,0.8210569539744841,0.9053434198799425,0.738626137251975,0.8261921349625115,0.7811884695762817,0.6275931891597852,0.6021160998654156,0.8024470164598172,0.6538028333397058,0.7611756323904159,0.702593258365901,0.8120729590921393,0.7929808221498318,0.7868971415949816,0.8556367663451118,0.7252997818608039,0.8001762688283588,0.8324204542742,0.6774308753708523,0.7342685341365577,0.8408213338120128,0.9292645035083181,0.7635338855519016,0.6619886535473182,0.8123020835554867,0.7485751700569586,0.8600133712216357,0.8542286534826729,0.7808748678884425,0.7550332562368264,0.815387442699724,0.684071414135071,0.672778173810955,0.825285742758047,0.686399729548773,0.8777769924740348,0.6295051910523074
0.7999469033052091,0.8995259729916302,0.9141811939943091,0.8065054009140638,0.8720166175894583,0.8584870834645543,0.8483532365519046,0.8650227955611848,0.7213189756580065,0.8512848361577617,0.0,0.9262589330809902,0.8568677999157892,0.7774874809588697,0.8461591744135232,0.9100371711096544,0.8797920266964047,0.7844163089642125,0.8807743464614213,0.7940528307661125,0.9231749582290171,0.9336338716662529,0.8380570876723584,0.8939491204170522,0.9102108278432366,0.7798697428585939,0.8159683640829105,0.8184976457018756,0.8973743710804178,0.8318774519061671,0.8471030639305855,0.862051750869634,0.8260783626670628,0.786585693033463,0.8352455277444167,0.9126157197915484,0.9105987320047818,0.8914685151362413,0.8864007240825861,0.8419760102041339,0.876636351414489,0.8576813639079954,0.8442681234350916,0.8971145438628207,0.8589673853133816,0.7351659512512871,0.7766227381036379,0.9514535936986309,0.9022377935039955,0.8141713501914669,0.8495674154677808,0.7884419913663867,0.6805822315300789,0.9204284732171908,0.9373113196544961,0.7622317168571966,0.7961661386740324,0.9385648278382311,0.7947953989415611,0.8000891157441449,0.8525433159508093,0.6617249610186152,0.8123926837089389,0.8035528338745928,0.6816381832760656,0.6739668263779663,0.7657426178234922,0.7866906333759189,0.8318452401897619,0.9016897685903267,0.7789876799358157,0.7469903744036896,0.7316242155484737,0.880316648951529,0.8509639890027478,0.6838853782946283,0.8469041689420972,0.8993523240852127,0.7179055786046588,0.6830350464981604,0.7809771386442438,0.7522816759379691,0.8398151280113119,0.8151723979023963,0.7668569733168784,0.851152884057217,0.879126512645659,0.7290384249967694,0.7391613612279816,0.7280722239170199,0.8461714709949621,0.7746270215161685,0.9238931461996434,0.7079871886322263,0.7733906859740967,0.8815082780245629,0.7178965968922632,0.8099248535663792,0.7018825225911574,0.7387619155756527,0.821429277581347,0.8471024839284843,0.7314307093046712,0.8469883204948377,0.7786934719252445,0.7582604912566099,0.7873197433572507,0.8474170384044549,0.8085013465672389,0.9186773064810403,0.9089858597381072,0.7804134341376148,0.7771082431860442,0.8542100237262527,0.7344217829411726,0.7836453789096474,0.7570420931130101,0.8862507863558109,0.8874161321096293,0.7288921236971878,0.7814262133886621,0.7603299425095347,0.773911790306777,0.8543567483269429,0.7133842922580635,0.9060377251076739,0.6645163710192422,0.8838010649915817,0.8964586689943496,0.7883355048689518,0.7795770102466201,0.8395200987228834,0.7264657425335221,0.7586181430797135,0.8850918612031132,0.7183872602143949,0.8074499111695738,0.8287684297914514,0.8644604244223846,0.8758488064975976,0.7822084801373507,0.8840552567105849,0.7925437607445612,0.8620320189297879,0.9477457224680944,0.7496505313879779,0.8575749015783442,0.763523394720985,0.879932529084795,0.7777928789384251,0.8008733855557201,0.7899007133020324,0.8884780787350928,0.8279001393777218,0.8928286332639191,0.8527658431372395,0.8597677466098618,0.8582631307930638,0.771914699044967,0.7589346034033853,0.7372412974240131,0.7737621297336901,0.8741932458781626,0.8316166233561838
0.7550044747393079,0.9145178396782447,0.8926998291644722,0.802747704866637,0.8081983371672062,0.8942021834589567,0.8286841652027697,0.8964540284863213,0.7123267284668053,0.8774308660617708,0.9262589330809902,0.0,0.7956339427969947,0.6856081173001979,0.8251121615779115,0.8613376870736705,0.8241540576752518,0.7164284290109532,0.9260547143854542,0.7612129297768851,0.9060210141066657,0.8776913792020767,0.8224536085490819,0.8687498084516061,0.9471063152214212,0.7293008431038912,0.752575480746542,0.7869030683015974,0.8896234324444768,0.8240834895833276,0.8838918779872182,0.8381744291732475,0.8305815587462836,0.815034968417887,0.8002342769060304,0.8911584109459534,0.868616892666038,0.8206345774347688,0.8844933379046115,0.7698440852849753,0.8732385770003608,0.8472835887111602,0.8081800668164565,0.8881754558170597,0.8499576660358836,0.7110883326180271,0.7659901037575397,0.9120527949290221,0.8521819861164517,0.7487513119567987,0.8007705591214929,0.7777010803726838,0.6429411787362611,0.9107193595265206,0.9108337444463499,0.8004631541972307,0.7447489001702144,0.9534482453377293,0.7322039148117474,0.7464812211408338,0.8264125053795186,0.6189882784923736,0.7748636037111357,0.7458399768694828,0.6401679728294044,0.639871477166808,0.7044553299957126,0.7372848903110276,0.749303168795959,0.8825313630420701,0.7257377355041802,0.6815807209769004,0.6695334969789217,0.8159919757096359,0.8181815893550447,0.6718618799545523,0.7658763076900422,0.8612779483846621,0.715487829504535,0.6556553620927071,0.7800609017912294,0.7349090408852914,0.8409909309138808,0.7851519893282153,0.7301162874278785,0.8471445836488409,0.8730118909670391,0.6746226840390691,0.7428221222522178,0.7532532731110522,0.7818541034833296,0.8115879823611987,0.8663636638027992,0.6717974439079903,0.690629326108058,0.9290382997370914,0.707241795661624,0.8787343523074638,0.6542619409242219,0.7220542535021769,0.7666122883086789,0.8235883846933637,0.7394613850266246,0.9228347893022315,0.7357023900437919,0.7339328848462483,0.7665989783752627,0.8678843286657563,0.7688752726837023,0.9263963073256267,0.9167989818050875,0.7246464375107816,0.7374422502593264,0.7937752802878556,0.6981632584272544,0.7517183450686465,0.7748391537814189,0.8541381143223934,0.8837848131062059,0.7019314381050941,0.6941077502657548,0.7644494893781455,0.7533112143520972,0.8396451156082495,0.6658909768652547,0.9319598197072467,0.6208960566152446,0.8680300204639901,0.916598816441857,0.7164628407290529,0.8049790730305566,0.7929207444520562,0.6384342722041083,0.7340381763375552,0.864534370197817,0.6661489002990424,0.8170114354997283,0.7741115710565659,0.8240826617762804,0.8768839470073111,0.7853854280493514,0.8246324520090977,0.7656384892903771,0.8183410905463577,0.910242864934522,0.7427449262386863,0.8604704749548118,0.7591570910374342,0.9103174989854915,0.7656119502630369,0.7917811684093311,0.7953582993499428,0.8172282938514983,0.8056789208482007,0.9598859544450793,0.8245405659578228,0.784109895781675,0.8841433421726157,0.7361750875926419,0.6882575412677153,0.720074181890839,0.7649882317221907,0.911815776856594,0.7668947120818762
