0,1,2,3,4,5,6,7,8,9,10,11,12,13,14,15,16,17,18,19,20,21,22,23,24,25,26,27,28,29,30,31,32,33,34,35,36,37,38,39,40,41,42,43,44,45,46,47,48,49,50,51,52,53,54,55,56,57,58,59,60,61,62,63,64,65,66,67,68,69,70,71,72,73,74,75,76,77,78,79,80,81,82,83,84,85,86,87,88,89,90,91,92,93,94,95,96,97,98,99,100,101,102,103,104,105,106,107,108,109,110,111,112,113,114,115,116,117,118,119,120,121,122,123,124,125,126,127,128,129,130,131,132,133,134,135,136,137,138,139,140,141,142,143,144,145,146,147,148,149,150,151,152,153,154,155,156,157,158,159,160,161,162,163
0.0,0.6376563835880024,0.6223129455497638,0.40515998831873035,0.6532432111361638,0.5591020962236449,0.5213708033865356,0.6465910597152312,0.5818111701498653,0.6195787535183975,0.5987114606540442,0.5224630457867345,0.6528763498427906,0.541314088942479,0.5924540806026712,0.6177784835055206,0.6330774015815006,0.6928032229439843,0.5704666032880594,0.5778866917057621,0.6578698832281957,0.6541375150189987,0.616579997287663,0.5940053890205156,0.6616783838699998,0.5490687298010282,0.5441161955080401,0.6219030731599628,0.5202759099647573,0.5415950096448224,0.6479368635780465,0.6412601262487828,0.41071520438445097,0.5915697323852381,0.6438318830809997,0.5470157635106212,0.7219534912036486,0.5680308986455929,0.5595339762141835,0.5780040848277251,0.5070907598936241,0.6141731278567534,0.6121947085024212,0.48774945538571307,0.6471294072901548,0.6011508343878991,0.6139658972960623,0.5758299251148217,0.6768572367164428,0.5470808230028696,0.6079626401063253,0.5466055338054687,0.5250218788656013,0.5213040432312432,0.5122090494382828,0.5474077377998154,0.5937018451692738,0.5959519466911216,0.5443935275851924,0.5771674458650896,0.5914584099755279,0.48295156852542626,0.5380204755774534,0.46602251207944584,0.5184618283044726,0.4944835222289364,0.5672495977982317,0.6525208707919208,0.5529294222693928,0.7046731246509597,0.6529770465631412,0.5149456034920531,0.5312419575388144,0.6460397630854127,0.6226777521082356,0.6200573784842405,0.5167374220632512,0.635707731742045,0.5766676701550454,0.5163382839327986,0.5546711277326186,0.6938152526211486,0.5787182895925986,0.5589300465247622,0.5358926024951585,0.6702506085226856,0.638804021373937,0.5777945508488319,0.6943777089361098,0.4845959680333089,0.6229775901150902,0.5553078918026264,0.5848681656205299,0.5408853338623202,0.5468041775308742,0.48632944277420276,0.46960915972994716,0.5199717673357419,0.5032158475891367,0.6486224904270322,0.5159701017076802,0.5124339331195302,0.44936404687764214,0.4097430019080886,0.5694253782212135,0.5936262317305253,0.5041277200955602,0.6435244801944153,0.6074376199483907,0.631567426596645,0.5300574897734542,0.5304041656392533,0.5974090793123543,0.5381942792718412,0.5611113486648245,0.6417622872328894,0.6382721610916542,0.5655227295711044,0.4390591457056974,0.5822254436075163,0.5125022329648138,0.52486019061577,0.6224619952603123,0.6829881426003563,0.5404452528542889,0.5489717592020514,0.5231510433501811,0.5522001992852645,0.5377348980227035,0.5236949326744029,0.5277288211149944,0.5335655741516222,0.4934738689970497,0.578976158655413,0.5602791291749277,0.4702519720662499,0.5660439299843378,0.5822178819219119,0.5622660865926918,0.6287351546173532,0.4027808219223485,0.5362457993300477,0.7294053545243574,0.5160958933242268,0.5823082017667903,0.5857768744643743,0.609398561747227,0.5776965601727372,0.6937441365674376,0.43313381473372703,0.6210174456757658,0.5313559015820329,0.5652769908964173,0.4683226660112043,0.5498962181276154,0.6225326318964692,0.5507268161476992,0.5770203160221012,0.4206452702025915,0.5275783285875831,0.541765158149227,0.6158416398911104,0.5148664431652195,0.6934189977396673
0.6376563835880024,0.0,0.6414369849705674,0.4192733893304811,0.5955228001017645,0.58952400274558,0.5617419633002456,0.689403271644862,0.5645550997421603,0.7476984926102841,0.5460111568453226,0.5899120977410703,0.5946613645274865,0.48221592840276073,0.6596324523146545,0.5346150128069449,0.5319964915852985,0.561122421315777,0.5292283491978658,0.4899711028871721,0.5643996293563709,0.6618303669454846,0.6164535799980249,0.6631481260466254,0.6726705407532569,0.5159739720511738,0.5580278902294644,0.5475916119804366,0.5495921579569861,0.5272947915811538,0.6647853863184393,0.5247259524661616,0.44614365449634036,0.5585770244182862,0.569935320384543,0.5008350479048915,0.665216948234006,0.49003839730434706,0.5210829148149624,0.5725066630486096,0.5183303780646474,0.5987685801008796,0.498274202935649,0.47529569940537303,0.6357852738098293,0.5380214633270411,0.6040080565579504,0.5226469473108056,0.5808278176115449,0.4576700858823091,0.5187325936356305,0.5240259107218874,0.45573712452976806,0.5169971494349719,0.47566250480270217,0.6026690946846848,0.48677575926190664,0.580215935920556,0.46906076314920425,0.503339478916208,0.5365983900632024,0.4193875733310026,0.4684108427141882,0.4103444072614054,0.43566920281198107,0.42408928265574336,0.525833561162444,0.6088217654747006,0.46834271499732655,0.640049878010557,0.5529370190570542,0.44664318755063004,0.44690152602599187,0.5576356214094392,0.5317294368857387,0.5221587185874548,0.45673409680778143,0.6563242066350056,0.5140584100224184,0.45780086870478043,0.5023551325139599,0.5956081271140521,0.6719125654981005,0.5073485829689545,0.45243035264907044,0.6850483261207793,0.5424981343784235,0.4713220960164553,0.6124101656775738,0.535759122323989,0.5440788321364417,0.5678042892141137,0.5056576170332102,0.45707457735389123,0.47169204655791325,0.5660694206194816,0.4165916411601877,0.549693668882051,0.43438216993339873,0.6156039230553079,0.46674828054910494,0.44518124994207736,0.42429190976235637,0.44341682107201313,0.474567734989297,0.539520039876866,0.44039212128942845,0.6778887472210503,0.5757437426814892,0.676146071457144,0.5073332990660557,0.45090517054234,0.5211405304532148,0.4705023482522121,0.49868296530446726,0.7059781030956335,0.5525973587260178,0.48223792962323553,0.42914337505989647,0.5476819883407628,0.44671114356843383,0.49718826935578014,0.5180242694748598,0.6621321997885414,0.4602351663010954,0.6046496492232887,0.44961383279825856,0.5752539708831698,0.5253634337613554,0.47753833902676024,0.5457631540775364,0.4622376024806822,0.4367426134552301,0.5261644416334009,0.4996269447586709,0.4139155360825296,0.5754226914832494,0.5706888719227254,0.5484505573644042,0.5454395095781631,0.41485039493809595,0.4610889822197359,0.6244614438793495,0.4503960979021173,0.5208077811176893,0.5505548480077851,0.6589507641985948,0.5631646502816406,0.6636598819808242,0.39270671496475623,0.534294698990557,0.49327118921521795,0.48315731775352666,0.5014780037895055,0.5852304441669273,0.5775124229082247,0.5304405799628298,0.6879371273198814,0.42979572289761786,0.4482906662129918,0.5160739159918734,0.5328207171883483,0.4630889148000217,0.59050258969499
0.6223129455497638,0.6414369849705674,0.0,0.38892920732004227,0.6052613454273755,0.5251020086354926,0.4800925355199806,0.657602385694734,0.5421196902400214,0.6680416408966365,0.5679507112732362,0.48977438844810045,0.6725340171983527,0.5396423126704083,0.5491099881471494,0.6300493445321944,0.6104876851064123,0.6215384008231706,0.484932805378188,0.541433477774456,0.6152263345556571,0.7429575099568266,0.5521793353907712,0.5832483808976642,0.5863600934206767,0.5471781227778357,0.5678384365245366,0.5516116402984926,0.528063514572513,0.5015109332044736,0.5514430589369858,0.5745972561485261,0.3979944632875069,0.5126521821914076,0.5415896084886617,0.5249162104526433,0.648820030667781,0.5514157271789534,0.5274843583554019,0.5864179787292569,0.4893579301139926,0.5965326588798169,0.5487317652459415,0.447259809834459,0.6474892911612585,0.573050697479292,0.5977867688857191,0.541797250143904,0.5777426821949697,0.5186642103051549,0.5362961554368466,0.5017780891738423,0.4868155574358577,0.49773881444892903,0.4814404700960658,0.5398003659123258,0.5298577884613855,0.5518601526643944,0.5253787319408062,0.5479934816775287,0.5846491304040052,0.46644955762738677,0.4951866319246687,0.4671429986380235,0.474469533429824,0.4687749092423399,0.5747371445292624,0.6559044734266791,0.5680501858060876,0.6443675468378206,0.6089226385318421,0.4853692199566497,0.49693412940885334,0.6295181527587002,0.6037983370598106,0.5139103786814758,0.5114257718534254,0.6311022662753492,0.5335431375839582,0.4729404379951344,0.5297769670497027,0.5889351782032011,0.5762757139769168,0.5539746255790081,0.4925188059398847,0.6756515601000121,0.5717242363839253,0.5154282572899931,0.5977702074587895,0.49658719985055244,0.5559340651907988,0.49275475408873537,0.5306681680851556,0.4779361773907338,0.5189231291783549,0.4724655728054318,0.45837124577750626,0.48893272758602274,0.46710221517010336,0.5955934798569763,0.4860718457167238,0.5018962834030036,0.4142651236455086,0.3949815633731562,0.5127906118777901,0.607664547453286,0.4972981373274058,0.6339053867680808,0.6026276796486469,0.6330333754452633,0.47493401112717076,0.493955752491753,0.5472055609873725,0.5298799805886204,0.51038218145936,0.6301506648169535,0.5292010237676678,0.5283457442334553,0.4274491438872361,0.5477472255357345,0.4976057631828816,0.4949665375692839,0.5539529562372137,0.5899879130147849,0.48438477810892905,0.5263396193509957,0.5094571112487134,0.5795963556038402,0.5265082939717542,0.5335186097139327,0.5322002179544238,0.545076288264121,0.47492381650455806,0.5185032641097956,0.5507869268424826,0.44874838085179625,0.5363843260975721,0.5490124527643736,0.6037202612582059,0.5635362146905911,0.3837977147696067,0.5246752775991775,0.6237274164656215,0.5022750296569689,0.5626022817268279,0.5251849170862619,0.5964850343605144,0.5875646732373493,0.6857213016748385,0.4402870490230855,0.5137607002668102,0.47503786386147506,0.5456723780661517,0.524298087961891,0.5169930485035,0.6050872997649944,0.5347394714547566,0.5651168794537026,0.39530342316179706,0.47059505777420824,0.5473947686748193,0.5130724366047232,0.5047259931479399,0.5869895134016722
0.40515998831873035,0.4192733893304811,0.38892920732004227,0.0,0.43559741019921205,0.4770014119495402,0.5154545547371809,0.39443462021415865,0.3385866289895147,0.4176884832011586,0.4592022183315381,0.4537239473866582,0.36927807368294163,0.3714092528924088,0.4561751790321857,0.35797638580696417,0.3887677054641569,0.3802715759963381,0.4804311009584178,0.3261658921534639,0.4188999540942987,0.386711093584723,0.42633312699156184,0.3987855827639439,0.4502526725832015,0.44966997336981174,0.3657825008252645,0.4242849008378756,0.4970141707237777,0.3306999748450522,0.4224159404089517,0.3695334098292315,0.6901182791399147,0.43729080123551056,0.47661818004406714,0.4529336763877576,0.40866388092832506,0.37274689520840115,0.38526029168779036,0.41238949532592095,0.5414552329277124,0.37455559162114804,0.38329759460226687,0.5815239993155752,0.38395249132788367,0.3525659875903442,0.3623221174044861,0.4561246385696087,0.41430018525452383,0.3497912237804612,0.4482150048583118,0.540634946151116,0.36170061664757985,0.5658872288888351,0.4766870315867563,0.3581148393979952,0.3617282779546386,0.48244328091263194,0.36614037867448873,0.3536336970674169,0.4041155276555694,0.33375319525912317,0.4528248210086263,0.3263969908957689,0.3418754636532926,0.33164737884818585,0.37066406466153545,0.3719074568918605,0.357999750073504,0.4349103727719929,0.3765483924758971,0.3516908991310418,0.3972689642629259,0.40421028099107925,0.3834517987876681,0.37467229051251516,0.34926725646106715,0.43993906815669576,0.3993765482291555,0.37594419291420494,0.41161816753307207,0.4282586236794605,0.361691292783856,0.40573197357007323,0.38675311096396064,0.385933758799611,0.4110026827013357,0.37385025459359567,0.3864732144042094,0.32137022821488603,0.4893596881120899,0.4911696642808112,0.4174951141082619,0.3543587611222364,0.39566771207283963,0.4949827507364044,0.329296243891942,0.4852890022345962,0.36894272535477457,0.43488115806072497,0.3718575829391988,0.33977996614736755,0.5590532919911769,0.5481302837855198,0.40205887626047193,0.3431117496231974,0.3424243872658016,0.41579790930668764,0.38796630086164097,0.37797419088003864,0.5441936777044879,0.3833941451153546,0.4540267395345722,0.35173347376605074,0.4379889345741574,0.4056703576423171,0.4386291579149759,0.3406360240225583,0.5997971922033357,0.47095247343889035,0.3348847511391894,0.5089316324855193,0.39502694709440456,0.43758707506615335,0.3747205611187364,0.518913372069015,0.3570791148292711,0.34295495051811176,0.5056189926403891,0.3495459150865102,0.3278566486502445,0.3368870710462504,0.33446834450245544,0.4511477160535847,0.3591086429214992,0.32573183055661004,0.3321958951472891,0.4534753541988419,0.37511498524184056,0.37221570764244444,0.669931724376522,0.3445215740502261,0.41255511276649676,0.38338465568417085,0.3938382070645025,0.43581628660906263,0.3769581940002204,0.368828794196204,0.39200263979238165,0.3133805242761523,0.45619924680499263,0.47447300200615444,0.3467939948002542,0.30907616011215494,0.5192485365705732,0.35837976564198326,0.34378877910994216,0.44688723886106335,0.6917534082445084,0.4031701243955143,0.4136180475846235,0.4503954793740267,0.3505329207808918,0.43345044283096135
0.6532432111361638,0.5955228001017645,0.6052613454273755,0.43559741019921205,0.0,0.5418770148024983,0.5519810655520953,0.5596525330618383,0.514241678758355,0.57539443125571,0.651368397004689,0.5293938314866222,0.5541114243010131,0.5226831937911719,0.5961282479496351,0.5550351554174564,0.58006087999852,0.5888695671314789,0.549965801313773,0.49533753033002187,0.634919648848317,0.6474096107923637,0.5890432004563991,0.5752243576060959,0.6141131907500063,0.576328377419073,0.5199483060150933,0.5601865203395211,0.5623127629006621,0.4854389108755875,0.5913328692521762,0.5451105093108433,0.4362843686149572,0.5461811252368501,0.6613115432296133,0.5752843813896945,0.6370583101988546,0.5442146472525347,0.5557355980904686,0.5684116554202453,0.5413879349970723,0.5755892471468627,0.5585000062460715,0.5315051613656006,0.5649182643213763,0.5069855280075725,0.5393588714409643,0.6147583829360335,0.6275068796211357,0.5106525675135033,0.5943346301211856,0.5600861190553901,0.4798271850177802,0.5611446193789904,0.538181775317201,0.4972159622312167,0.527922901813493,0.622517879318067,0.5118027515906622,0.512837929122492,0.5397772268556837,0.448374180780564,0.5291631210156885,0.4570882707638931,0.4758158987608294,0.4431165694005281,0.5308883491557376,0.5772973721186924,0.5242981905553481,0.6354709516103757,0.5834616695501503,0.48693032114793094,0.5246873852989402,0.5963235735883575,0.5535422990608055,0.5096119136907957,0.4895562801554174,0.6798926162623464,0.5225744588287131,0.48668600246077975,0.522656043629858,0.6528800356435057,0.5257072742512813,0.524476458644306,0.5153748417179889,0.58875765155704,0.5828659891962092,0.5278675626823957,0.5433982981950163,0.4470562135338804,0.6910448101631532,0.5600839760845006,0.5816784182730593,0.47743575429159574,0.5437839645347994,0.5065950155046084,0.4359034999168718,0.5194674293936941,0.5036196007780613,0.5710999756199824,0.500393002325132,0.47054218757616295,0.47367174321904637,0.4278433407993919,0.5377717408761888,0.5103299154356238,0.4611974735943101,0.5928773619779659,0.5504781539836783,0.5716864092603796,0.5616031447064253,0.5314828500987822,0.5755409319632352,0.5077020629657346,0.5305707507391467,0.582195226952191,0.5534027833474712,0.5191322546424825,0.47153991212076096,0.6006854252985107,0.5008306238399018,0.5375808091616593,0.5734375740122417,0.6203685241088034,0.5272437154117882,0.5589453069340083,0.4928959456224797,0.5074817671699574,0.5556235243225641,0.4954376625649565,0.4695645927419869,0.4936800447362967,0.45685304738961213,0.6091423041629104,0.5328083880569219,0.44587919692186573,0.4848520505970192,0.6080851829061191,0.5424880076719352,0.5615960626113871,0.42062506066094735,0.5071397982513421,0.639912422341595,0.5240584072908108,0.5787218011954731,0.5759570259522446,0.5835139236936808,0.5124225556217847,0.6042047327861385,0.42121715583597774,0.5963781526921492,0.5220909496565931,0.5340589184886178,0.4392572168648306,0.5636526241161902,0.5442745502258257,0.49335003726954124,0.559346330102551,0.4519848083156978,0.5059410370347759,0.5099046860510287,0.5865992929485633,0.4879768326992776,0.7235560130403395
0.5591020962236449,0.58952400274558,0.5251020086354926,0.4770014119495402,0.5418770148024983,0.0,0.5487364001608251,0.5716572630100658,0.4802772526234307,0.5934146918888892,0.5173805315034491,0.6355992491546382,0.47807668979750517,0.4229980197802724,0.5408290693626733,0.46252689384607865,0.48225196879329235,0.4718741490662034,0.6119562698167452,0.41618105880747475,0.5382984839237227,0.5028655190233678,0.5146532156699178,0.48944005406663205,0.6719405977731046,0.48506161007489285,0.4337393548462646,0.5072574391189528,0.519112217296035,0.4653957071564035,0.6055009810573819,0.48809642068340336,0.4914898367701591,0.5473355507688326,0.5563526995524298,0.49636419097489876,0.5487183228738726,0.4465297243317863,0.46086566347120866,0.4599128160205211,0.5268658946474967,0.5495315985707536,0.46984602920109764,0.5438630408971248,0.4962754927018236,0.44610700391769115,0.5158290172535765,0.5182232613955374,0.4990902914882637,0.415662234002332,0.5171589001617407,0.617184104540118,0.42394182466882446,0.548752004998599,0.47962515434067626,0.5305719479526312,0.44151859019946826,0.7019785260125225,0.41821139722007183,0.4279851696004525,0.4910188915696704,0.4002037227975025,0.5124904680412454,0.3733991906726897,0.4051569127000347,0.3942900398091763,0.44093698636260925,0.5030791033607694,0.4225193584174681,0.6061412286093909,0.48629070311691325,0.400390330605068,0.4507516347249222,0.4910131972564912,0.4961044601292148,0.47895446241502876,0.40709877769204006,0.5523250550559146,0.47977157732202,0.45221189685873564,0.521086477364792,0.5740764784904352,0.5167340205947526,0.4822221797862167,0.4506867061023218,0.5309760485938654,0.5531400032889427,0.44150022529074096,0.5284120667530835,0.42939049635859206,0.5706945767150763,0.6612187726602311,0.47548877471907125,0.4219803050560977,0.44777576699766247,0.6342956715924464,0.3940795331062043,0.6753093138525719,0.4246274809460074,0.5433893296682046,0.41828868729708885,0.4122132859582886,0.496161419996058,0.5340906999361158,0.47300131763337716,0.44880905407356625,0.4093027107036189,0.5933202048764298,0.4680989977754585,0.5207241984099443,0.574267848405499,0.43573643312656624,0.5494122652743727,0.4310402212912526,0.48360203479581065,0.5474685126551256,0.5881156087653039,0.4197984345356207,0.504821524089631,0.5757972711589856,0.3907520724869889,0.5619597925402365,0.49980765490840773,0.5845187000230317,0.44224354352005774,0.6069499955848615,0.4288109983194341,0.4473318502226637,0.5551097530734496,0.4040973353637292,0.47234830230672004,0.4300695864575231,0.3911545705369452,0.5374157661973898,0.43561899327161113,0.3770064724302928,0.45602041712395147,0.48518783211096833,0.43245572536059784,0.47818854304751507,0.4713309792839552,0.4255547391080446,0.5423188588679589,0.44249826731368525,0.47297298497576074,0.5630972977319519,0.5434949449669272,0.47347197579780476,0.5647178624401544,0.37277561315008206,0.5447344258146759,0.5316165128703767,0.4166310807426816,0.39136232414877015,0.6953827382612375,0.4680492824410564,0.41886734972154466,0.6531637040043817,0.45423716563137334,0.44805670734220837,0.47988876589892593,0.5651622037273634,0.4316985709515935,0.537337530079213
0.5213708033865356,0.5617419633002456,0.4800925355199806,0.5154545547371809,0.5519810655520953,0.5487364001608251,0.0,0.4960430517523732,0.42922620662574046,0.5617143939035858,0.5188731283574736,0.5929726643510296,0.46614627676237674,0.4221122987160577,0.6196388175002802,0.4313388318454587,0.4514844016770256,0.4618234507222128,0.5325349844943129,0.39370627664127966,0.49138735574529663,0.493171696532088,0.6005134544319887,0.5478993959846209,0.6012007160756995,0.5053785855400534,0.4617838815015257,0.4966479791660406,0.529327474242925,0.42455324118642934,0.5587857615036144,0.4530117351651929,0.5302690834900144,0.5688024583096928,0.5517172159029949,0.4794816931388872,0.5469814727014831,0.41287699843736636,0.4547553089520122,0.5141704098485443,0.5174634033602357,0.4839110590339481,0.44607361389468975,0.5420175604131691,0.5000432441160318,0.436029654840522,0.4773829043349558,0.510111428918976,0.5454546028662882,0.39914664861042093,0.5115988930993604,0.539845623252042,0.3971040771236317,0.559883862818659,0.49540766077939924,0.4684351265278159,0.4193646943817983,0.5459180592803283,0.4278286638047717,0.42232136218447763,0.4592344661995096,0.36965742139914465,0.4485001861269083,0.36303717812066777,0.38737952672941334,0.37317218868390273,0.45590577100418334,0.48659392623377573,0.4062808241761899,0.5216568712904768,0.4569462315312629,0.39561114646322404,0.4249297261832484,0.49078578097131104,0.43042991409946463,0.45538793863325655,0.4152372316926728,0.5833193527787839,0.44259735954772444,0.41405127686802057,0.4394865275813285,0.5236558794756891,0.4830845732608959,0.4290744543853041,0.4176464566633255,0.4783316672185028,0.4769892062161671,0.43700733998826513,0.48777788895979857,0.41514626923844733,0.5470511709040502,0.6128858111469155,0.4698647922163052,0.40514555936318264,0.4324593036770464,0.5977751792351639,0.35962552839086703,0.5585249862564589,0.40027021025967263,0.5562685742947063,0.41931096417306735,0.3946307969175232,0.49300042065090954,0.5031615506582959,0.43193674247327046,0.4237201272074938,0.3855762243415915,0.5257201011614451,0.48028829243752363,0.5142658617559258,0.6099109468370416,0.41767454068753035,0.5029840859649117,0.3971597222287515,0.46121267063756605,0.5225463259151613,0.5003968695789924,0.42069536081418746,0.48331584806614564,0.504513257338577,0.3855139326749897,0.4904939638547446,0.4548332291268935,0.5715805101668391,0.41131964069614035,0.603227071185286,0.40267403094016857,0.447445814799659,0.5142663074206263,0.4051454423600701,0.4097567782813858,0.38199028676736185,0.37687486724399427,0.4814076859521505,0.4212999752298025,0.3626127899248972,0.42895701732528735,0.5444979903691709,0.455349462830908,0.4492588826364528,0.47406867958585514,0.3955176215925582,0.5259707467097269,0.41050151238631527,0.4557462416218117,0.5821449669109613,0.48684003688728056,0.44363116837968525,0.4950404318179912,0.3360811810690051,0.5195516193168815,0.47571905144589727,0.40804590189152495,0.4021282381490036,0.5917418321937608,0.4523937801449249,0.43683966619004483,0.5996467784686647,0.517161192023189,0.44430805032191806,0.45351798365956664,0.4950201203727004,0.39532473282437697,0.5209825221708415
0.6465910597152312,0.689403271644862,0.657602385694734,0.39443462021415865,0.5596525330618383,0.5716572630100658,0.4960430517523732,0.0,0.6071162907641664,0.6721177030660762,0.5344161111339853,0.5542055072109432,0.6312257070463205,0.4811704487327907,0.5788302423126053,0.5794251019463351,0.5491804576641957,0.5726161691117383,0.5180509431329188,0.5250028520243246,0.5821505507333683,0.641259779064272,0.576600128050439,0.6015838570808425,0.6500184787812111,0.5191755744726996,0.555032184124291,0.5486433164805234,0.49378938128996114,0.5542433417522734,0.6525293841457956,0.5564422502193773,0.4093975319998031,0.5592210421450896,0.5360429707788182,0.49411719252484654,0.6945454051281514,0.5137154622464817,0.5321078896883598,0.5404481615269096,0.48272024335804303,0.6175901750927707,0.5267870832174729,0.4493181881543602,0.6773224796192701,0.5722177979382385,0.6015368096680145,0.515690470094928,0.5643069906880935,0.47573233497128226,0.5185054871079638,0.5038634327435348,0.4579107558172641,0.4872730720277809,0.46327551723798865,0.6127506528939314,0.5105126208598998,0.5843775083828738,0.4709212393274899,0.520589015859615,0.5691351731144666,0.44168077163855396,0.47713901429439365,0.4215804398483334,0.44974181928413687,0.4492173855769672,0.5460925205737197,0.6392741479760378,0.4884635008617022,0.7088890117132399,0.5863490123936977,0.45382585008702414,0.4600875618131019,0.5749595026736736,0.5670843916479769,0.5318443144597509,0.4815046031894991,0.611535427563174,0.5439632499728301,0.46914061949810926,0.5124001479716604,0.6105981534755172,0.6616492971000325,0.5286865026197275,0.47186425405450494,0.7382522439515824,0.6091244169751089,0.48774282172975014,0.6583104272110484,0.5613971756953732,0.5327812626480366,0.5322665160821968,0.4968604606910598,0.47049975793341614,0.47805992844573597,0.514289104399665,0.4426365851830946,0.5275911328054933,0.44128964632630513,0.6060899741489675,0.46939268997254713,0.4906139297337299,0.4163820525696752,0.41534642116139137,0.49121165381126297,0.5950146702745698,0.4692910368318989,0.6769478018612735,0.5650247149060064,0.6650354682631574,0.4847594811958931,0.4662286528213774,0.5288848798969542,0.5066060727223185,0.49750675345978,0.6746091478964718,0.5492128830332698,0.49887344032805825,0.41177245602529033,0.5420532511528385,0.4586214607184444,0.5107057687541138,0.5354333648692242,0.6356414478629724,0.46594097587484207,0.5518824264014306,0.4707603111164079,0.6174365615032329,0.5063011915507303,0.4866049692539521,0.5820442791830148,0.5045325369898065,0.4656831612642619,0.5234302823119158,0.5237288631954676,0.42028278152089843,0.597747816217352,0.5268886622533766,0.5485924674680488,0.5841163863936445,0.3893474784553112,0.48272798396344524,0.6208852991827938,0.46411963004423346,0.5346226022799807,0.5427858128134636,0.6725076653463011,0.5804487534552811,0.6900042582112418,0.4115521298176703,0.5440576980324132,0.47411822102554846,0.5019783689838864,0.5057233920677672,0.5604951028762283,0.6364198982440192,0.5381558394507586,0.6473149036216556,0.3955595922595986,0.4554465890510581,0.5071323788552949,0.5249591129125198,0.4923151651647263,0.5833452615244864
0.5818111701498653,0.5645550997421603,0.5421196902400214,0.3385866289895147,0.514241678758355,0.4802772526234307,0.42922620662574046,0.6071162907641664,0.0,0.5347083578171342,0.4527181300186089,0.48005255854011236,0.5333494401148885,0.43681331553377567,0.48288728763571925,0.5151530285099234,0.4781488206281658,0.5150466604113875,0.44432648891357707,0.5191239269819478,0.49020713696399176,0.5782033056454321,0.49397865885982617,0.5074477408179076,0.5312545103544547,0.42574777803396063,0.5022438122853549,0.4641179935897083,0.41085519086248445,0.6533866084397981,0.5580586933970979,0.49758448692860535,0.34992958864201373,0.462312310974159,0.46885872806704326,0.42128423577651425,0.5567899011090909,0.46343952372321057,0.46532431612236647,0.4511877813164155,0.40097567662496864,0.6614975518994916,0.46036164860529677,0.38666723232331984,0.5376981065451886,0.4977736101870634,0.5758095536582216,0.4329802816960501,0.48689593479919396,0.44225824590909474,0.4390137872271497,0.42187118394613915,0.41994955028055525,0.40212075079688686,0.3908776887688129,0.6410816791912017,0.46539319078861885,0.49202668394183574,0.42567387236855814,0.46786169451874027,0.46018487912170675,0.4118296435588545,0.40842880128361136,0.40266464464817897,0.4258856149326395,0.4108839325049372,0.474413195606375,0.5731610424614539,0.4496846925331105,0.5535332350764073,0.5247835724347549,0.418112703520974,0.41849277725104456,0.47827288846791527,0.4971932114498934,0.47340641542852024,0.429450602313871,0.5011444479817503,0.44916938268923917,0.4195532440205552,0.44083064830458796,0.5377862252018673,0.6514543848270664,0.440828986929633,0.4236431600072858,0.608945094293913,0.5128856522435363,0.443446601255614,0.5376220519968548,0.5996179476992571,0.46247839488802694,0.46850617236524467,0.43363235688175983,0.4279181284206312,0.43066986898023785,0.4446560822211183,0.41011871325179705,0.45330758746679745,0.41844775400112466,0.481336197054197,0.41927157291642553,0.4376522101909968,0.36222765685918407,0.3646952661461012,0.4360040618665664,0.5296196533513393,0.4171574517640703,0.5626168606841186,0.4719194172353144,0.574942103829224,0.41128030877751665,0.4248361029169736,0.44758796881682206,0.473766859802054,0.4168774117157278,0.5659599471518958,0.4678040875053163,0.47409097930554933,0.3531355287498346,0.47079041058941457,0.4403298103103062,0.42159408886485206,0.47885594506805995,0.511576137169518,0.44383024915611835,0.4355866861584476,0.43460449824260394,0.5561724646368474,0.4130747367552097,0.43780033771739,0.714164488202263,0.4762652334247604,0.4287462702799176,0.46893486913728183,0.47170274655465805,0.4008169448784853,0.5989309549573355,0.44301395316083403,0.4669206455349894,0.520325786853449,0.3351093449680304,0.45755973739794653,0.5392348324005567,0.4251352635643874,0.4648613405746577,0.4854199631308831,0.6778041721465023,0.48808726241853095,0.578357214259895,0.39705677701242265,0.4631259629279966,0.41057715063680433,0.47938248973521147,0.5057365443686073,0.45704274129631267,0.5675220908772602,0.4942615163326423,0.5152722402005928,0.34300984300881404,0.40260888519289373,0.42361330403797515,0.4651523310886051,0.4581813254601078,0.5199180374449693
0.6195787535183975,0.7476984926102841,0.6680416408966365,0.4176884832011586,0.57539443125571,0.5934146918888892,0.5617143939035858,0.6721177030660762,0.5347083578171342,0.0,0.5480130936315102,0.5809248283589361,0.6039589975726405,0.47909338154309594,0.5990385804568666,0.5461317193792334,0.5437216963510337,0.5569496307340994,0.5312044069376952,0.4840748494545301,0.5704061783787917,0.6334333797346455,0.6271117115133499,0.6127933577423075,0.7026552529792534,0.5147359433200179,0.5506127118728328,0.5611251281843891,0.5462829589933452,0.520808219231637,0.617561086034216,0.5502258289540316,0.4330866116466248,0.5736017718532698,0.5478944691101483,0.49807041791375095,0.6627424224017588,0.48244432395343173,0.5041946510803792,0.5624910593641569,0.4959867558739333,0.6098721255519381,0.5046555984657684,0.46881002480751977,0.6271151430798156,0.5337533622306218,0.5990448694060285,0.5238696182835937,0.5931424968853359,0.45646099805765217,0.5251013027237424,0.5170203693812961,0.4495171140753838,0.5139775507137141,0.48151796738159003,0.586511086743384,0.4842006133591267,0.5832601778359698,0.4806202938508356,0.49765667785794127,0.5419427078776013,0.42129320607637394,0.4705085869561698,0.41184688970292765,0.4335664118851189,0.42785603544769624,0.5273996364696182,0.609143943968547,0.48125609660575525,0.6410061184676894,0.5405689278044076,0.44132687426970857,0.45704467854330544,0.5733299413547822,0.534131590757082,0.5222927611716809,0.4697021178895484,0.648889012559631,0.5021309103280277,0.45728590580780615,0.504368329545376,0.5769376721916729,0.622064326171377,0.5011549320186098,0.4577143009631874,0.6260722048627059,0.552053229336749,0.48156963978836437,0.6203130870493714,0.5057870319758042,0.5445063725925511,0.5573173566810762,0.5047471034532457,0.45414138075239857,0.4720509533396551,0.5480479007660454,0.41360379282354237,0.5510723219344948,0.43097295352265347,0.6243393998172551,0.4571608857447524,0.45920873344164936,0.4314826015614214,0.44211917543812873,0.4740602671453841,0.5384612767042823,0.44985775944293577,0.691823545909158,0.5660879456442828,0.6705865511625245,0.5171703902891474,0.45075457753641285,0.5349715795070598,0.4747025482040382,0.4884651442509173,0.6515838713225762,0.5584134127866804,0.4961674899269929,0.440167310070538,0.5397080636603989,0.43633973508950463,0.49458904643744717,0.5184854938040319,0.6381542615210012,0.4498366396923079,0.5918187321971916,0.45807331786957545,0.5551155438381532,0.5329610602750239,0.46850189021608346,0.5363840180978632,0.4672470267912927,0.43331827568280445,0.5019826805452303,0.49262130659691195,0.405984617125633,0.5448137542763318,0.5390681147641099,0.5408368469002852,0.5348527294354941,0.40944763906433607,0.46666630029711037,0.6167813063104114,0.45389693914608864,0.5172433190995208,0.566869000771453,0.5942025713324418,0.5594748137203959,0.6857180038501217,0.3932197588986057,0.5233099349650259,0.48862142133838044,0.4803115769295827,0.5007565840840176,0.5829883007566394,0.5631026101905932,0.5204001436285228,0.674126932324734,0.41983360791344476,0.4602036439617394,0.5209396227601163,0.5221904741841218,0.4636410237386373,0.5632379222210728
0.5987114606540442,0.5460111568453226,0.5679507112732362,0.4592022183315381,0.651368397004689,0.5173805315034491,0.5188731283574736,0.5344161111339853,0.4527181300186089,0.5480130936315102,0.0,0.4930993270320004,0.5569624253612346,0.5581272229004894,0.5474550900330142,0.577553487323048,0.6391689468790391,0.5943594479829751,0.5833033787157106,0.4908237127518878,0.6412137174839392,0.5853617120019178,0.5810013302782794,0.5352827302139311,0.5771499641529545,0.5961662861814774,0.5301058599974436,0.6677151033709268,0.649982054389527,0.44434621990759077,0.5349268724217588,0.5602530450256052,0.4409989049397217,0.5547764021532317,0.6563148433297462,0.6213998390869643,0.600367162471781,0.5850368545062836,0.5845909217751157,0.5925143060474777,0.5680081594954435,0.49797586087833734,0.5714257872410935,0.5409997398144405,0.5440977758190066,0.5033719891780113,0.4618316824323914,0.668774528433764,0.6512701107619872,0.52516990450057,0.6402153063897077,0.555446349678362,0.5096079368972061,0.6160691636142193,0.6437415971368571,0.43547300107837494,0.5598410027566546,0.6095956940023786,0.5391388722679957,0.5365727364453302,0.6170785196730031,0.45948879149072885,0.5735546311546547,0.47199343868420773,0.48068489530082326,0.4631279916213972,0.5385520578131393,0.5100285697980648,0.5503303672820421,0.6416556403608341,0.5456624571585813,0.5161891698444407,0.5634206536420737,0.6361163832851988,0.6042564647679758,0.5216664742979488,0.5295386906717118,0.6378525091658083,0.5511196939286931,0.5222596866099405,0.5392430454037899,0.5835157486173442,0.46567631209198984,0.5889886961434868,0.5542851567160885,0.5433601174751622,0.5999414436984922,0.5480151953165882,0.547181072705321,0.4046581008550835,0.6854556104970017,0.5065345558661308,0.6690982733797189,0.5133412140566964,0.5818561603454727,0.46570152637558837,0.45275734763613706,0.4801943081146558,0.510369215266905,0.5739774095913052,0.5475293474085884,0.4989069474348657,0.4849465196481147,0.41396426429048805,0.57728614722399,0.48991641886046927,0.492074505861345,0.5578857352569054,0.5493509801802599,0.5190652959996985,0.5830891102193608,0.557847446059055,0.6049069866829127,0.5475082937954379,0.589244513734218,0.5443722511022762,0.5737676126967053,0.5343588012932006,0.5017622311368887,0.6063394790501931,0.5072815027421222,0.5739656669344048,0.5763405607430105,0.6006473184842345,0.5386157560975837,0.5855039096818289,0.5022301758720022,0.474790265387152,0.6147007742927738,0.5051228930889343,0.4258424311235212,0.501893604700175,0.5033036724569382,0.6201210537340374,0.5463676733651224,0.4522829274435814,0.4466994936392309,0.6093332845581482,0.5636588799248565,0.5658062952019427,0.4405353951278667,0.5238455795686504,0.6075424253816407,0.5524799663637466,0.6032376322859031,0.5036532228507231,0.49006901892546995,0.5215212882184563,0.5620892325079841,0.4456100663169942,0.6315216498813765,0.5731411159012257,0.567297746831195,0.40094906008263387,0.5444854500033416,0.5200790678568931,0.5104763169289879,0.5140777663965062,0.48391697318795074,0.5799581351946719,0.5336441703265058,0.6055339904207163,0.4918002550966264,0.7064687109700363
0.5224630457867345,0.5899120977410703,0.48977438844810045,0.4537239473866582,0.5293938314866222,0.6355992491546382,0.5929726643510296,0.5542055072109432,0.48005255854011236,0.5809248283589361,0.4930993270320004,0.0,0.45442660555397435,0.38965620066295037,0.5586370899281985,0.4386985300399363,0.4416376103811461,0.44054196016555014,0.5722004281115206,0.4020103136780512,0.48927401905584933,0.4913068354077915,0.560173956877521,0.527849311625718,0.6744537216390731,0.4561982703579677,0.444768774629664,0.481961593480459,0.4877897331579256,0.48629509994552667,0.6273573029462541,0.44995237563729673,0.47370427188318626,0.5696029892912553,0.5152447637447816,0.449545321584781,0.5425099330099568,0.4099906743487703,0.45640922469752043,0.45041035697681436,0.4800818531313326,0.5369336008902459,0.43506759808778445,0.4999099999877839,0.4953184676347515,0.4265105950784957,0.4909472498780615,0.483210277087851,0.4974284304880607,0.38467777514226553,0.46544287214438484,0.5158274246481153,0.3790360127272113,0.49824633324446577,0.4481099413993561,0.5307752661410151,0.4115858437308336,0.6219504425770958,0.3900325132796653,0.40540813480065796,0.4453851167506773,0.35973784694863015,0.43290260571065586,0.350944809415369,0.3723682633541105,0.36213231336682694,0.42447523105243945,0.47598925958781546,0.38808833886776545,0.5524268370220387,0.4470361733473788,0.37439677519277575,0.4012584641249127,0.45581678169510415,0.4388957690259266,0.442317197957819,0.3917028705449457,0.5448357095433495,0.4406709021545492,0.4091547686986334,0.4393896263577337,0.5198428452228592,0.537136877824258,0.42498841469385723,0.4064541261432444,0.510580697260725,0.4997522455731731,0.4061493448080318,0.4923611293692599,0.45360228857785445,0.507602620459249,0.6145569114011196,0.43894912753918836,0.39146958615652727,0.40411316824953547,0.6769504285764013,0.35881365627996065,0.6246363387129606,0.38634292034099965,0.5016587106557413,0.3971402078815129,0.3912473108329775,0.4495443104221798,0.5322412566919595,0.4171277697279694,0.42897873091139344,0.3769323033492655,0.5869177283200399,0.44353807738757156,0.5405623759547484,0.5522443896974978,0.40190467707125094,0.46870505123232653,0.4016468204812487,0.43040385615472415,0.5377657892376844,0.5053397317596476,0.41602594253112113,0.4444244587854748,0.4939151119165092,0.37323896815753427,0.480908257309605,0.45529542464378453,0.5561661086028845,0.403416225723603,0.584970457009739,0.38505784171135415,0.46190566698521884,0.49299133499358533,0.38158559055461116,0.46728974712493015,0.39073554527450416,0.37091689669867334,0.4833033813353065,0.420498538769403,0.35002973358685413,0.47330419921947614,0.4730987725254873,0.4325875526815261,0.4610016950381117,0.4306267596846247,0.39243629552996045,0.5021198461310111,0.39871180529555256,0.4458018953258548,0.5575438228809784,0.5521143879439451,0.43956812921002336,0.5409950027269296,0.3451817212760382,0.5122263457504903,0.4589416683640185,0.4030241955868213,0.40213807511194305,0.65750932691586,0.46005697877234003,0.4269265610934555,0.6715043258883638,0.4346578631904346,0.4091442532045741,0.4215660511484704,0.49409106143461656,0.398936759215276,0.5137163305465261
