0,1,2,3,4,5,6,7,8,9,10,11,12,13,14,15,16,17,18,19,20,21,22,23,24,25,26,27,28,29,30,31,32,33,34,35,36,37,38,39,40,41,42,43,44,45,46,47,48,49,50,51,52,53,54,55,56,57,58,59,60,61,62,63,64,65,66,67,68,69,70,71,72,73,74,75,76,77,78,79,80,81,82,83,84,85,86,87,88,89,90,91,92,93,94,95,96,97,98,99,100,101,102,103,104,105,106,107,108,109,110,111,112,113,114,115,116,117,118,119,120,121,122,123,124,125,126,127,128,129,130,131,132,133,134,135,136,137,138,139,140,141,142,143,144,145,146,147,148,149,150,151,152,153,154,155,156,157,158,159,160,161,162,163
0.0,0.2977670296457202,0.2592826671080399,0.24674935884713003,0.24847636700554215,0.26068308263789414,0.2386069708708432,0.27611337151863324,0.3198085520232326,0.2800216990751487,0.29861859981800837,0.2556191708501771,0.3649904000228535,0.28220597820019766,0.27652422070540605,0.2927318491028556,0.31739121248723695,0.4559800904520111,0.289584473970495,0.38404303173339427,0.31838527765681857,0.3016640096288379,0.28598332782153824,0.2625471828444836,0.3574222508494903,0.23707363076121088,0.24367431374280957,0.2817991471784489,0.23798359304420347,0.2510081315452992,0.29357834650973624,0.3290707961168988,0.23705713048840485,0.26718604887708663,0.38207877364493514,0.3223233942114446,0.3462219535811819,0.36080165275791226,0.22861418378463463,0.3142635894112729,0.25692230158153984,0.31112603200989625,0.31235507296505854,0.2799389207847503,0.29280982531955724,0.32936735306031345,0.2512543202226947,0.27566271822480815,0.36171893296573626,0.3852824889708767,0.3360648037986692,0.29194285945607396,0.2857048096923855,0.2633202530402493,0.2870546634304303,0.3064366637817843,0.4195307416195514,0.26898362746718607,0.2790304404296944,0.3619820883285801,0.2599551110085088,0.2672572436638945,0.31098281498349056,0.2625088070243794,0.30364787506779756,0.31546946234964174,0.270233176755541,0.27625148775715347,0.26358318543399367,0.3222838442650783,0.3534155375260274,0.3147188914087967,0.32263856960386944,0.3225304182099543,0.3186746129234721,0.3039491126633974,0.22668737142084316,0.2420199288767349,0.2790705727548108,0.21374128669106413,0.261325647039768,0.3466875644242155,0.2764514985129216,0.3028507881017119,0.3459183575351672,0.35923594167894174,0.2854496996186858,0.3167513568197526,0.33114190273516364,0.27057642137006443,0.353346758996202,0.2703294343910511,0.3573900337390858,0.3402776679972198,0.33207011193541897,0.24874488420952287,0.21398455012317655,0.25059201107227497,0.27469133534621076,0.32232376469792534,0.27559670537862424,0.24282142694090084,0.24765451319748355,0.22494029655677453,0.3927824869896242,0.2861722400851719,0.2834753399378749,0.303226593124702,0.29624540319298387,0.2790261528115145,0.2775928643527058,0.37985846147761176,0.3265156053978284,0.2630865785312506,0.35863122644881934,0.32325398207716116,0.30505924574792875,0.31565815842475115,0.2392333315128798,0.28090965045391514,0.28829259641000154,0.23563423578861598,0.3312473285300085,0.30722022146535005,0.2783855778664766,0.24344402537326024,0.2635341466512429,0.23579315033723866,0.2737296581744412,0.31211951380945674,0.26341150428416,0.25782372829184197,0.2539548206509899,0.3214203922422966,0.27946599313864207,0.25786371292068305,0.2802745338070454,0.32123936768313344,0.2822378577687712,0.32537495106887265,0.2204735787594547,0.3136086777092252,0.34170246584118547,0.29239411104757695,0.31240456274122824,0.29423634585725733,0.2832557238143686,0.23022042963455136,0.3256526022327315,0.21060507009896057,0.34526141379504255,0.2696022449302216,0.32803531830666904,0.2126924201787779,0.2863038238176034,0.3107488249101412,0.2815617147372906,0.2582576994556912,0.2534897187779295,0.324010441759293,0.24599032176237,0.33398977052719897,0.21887416941236998,0.4066108304659069
0.2977670296457202,0.0,0.27158374963015114,0.286255484920104,0.22354017472477056,0.31845156928762663,0.2721265316924465,0.3229035776887916,0.2545156974889902,0.4054173314175883,0.29104019372570106,0.29131884898407073,0.28513425325364733,0.2926661816933852,0.30539905659664535,0.24453633122620597,0.2697609724742185,0.2902883388386247,0.3170706943617856,0.27751993939084346,0.30693437834324944,0.33689041152186416,0.2917163231851514,0.27905760609322844,0.35955089780906924,0.2160674473743146,0.21879027547675772,0.25924318469797175,0.3552247010694343,0.21371418471463868,0.30396884781009026,0.2809612715321899,0.3014929650547008,0.23920536598827694,0.29654229152189066,0.3310601050853538,0.2848603872278008,0.29133013614191816,0.2635308888613885,0.3049650393121924,0.3224473890228802,0.29424138578188425,0.22846436506867482,0.25664770303972495,0.30231220643958545,0.2631782644309883,0.23268420366561177,0.25263214418402263,0.3179813063649734,0.27037245739149446,0.29627624159178284,0.2627322899962427,0.32047311757827374,0.357148459027845,0.3134213033689984,0.33116579912085814,0.3035516596921001,0.25189412889084994,0.308986750935461,0.3309032831139479,0.3194713745429732,0.22705650188862853,0.25490285043274186,0.22668315464405617,0.26055890302245305,0.24673527143364388,0.26808340602784914,0.25067214945393185,0.2264983740754057,0.30515866720688534,0.2706134002404017,0.28371673868174535,0.23414769059150975,0.31139513870293617,0.29679974652557484,0.2586535293436628,0.2297549522317081,0.29397042760238634,0.24931042494486183,0.21210443946224425,0.28332148969138155,0.3000236255270307,0.3396713767115368,0.28097550878191735,0.2826156582143289,0.36943267838476224,0.26075591097316636,0.24269382159481095,0.26303504773085806,0.2974748316931948,0.2485896739699802,0.27294530000165185,0.3162903764438445,0.2898010253964371,0.32349246719452796,0.3209263065536424,0.23491402971459024,0.26412988139154336,0.2410590191615065,0.29060496102869976,0.28643531089247604,0.22247326482533356,0.20647111630612572,0.2643827978208709,0.27291566928155137,0.23769207835372372,0.24709123101088978,0.33993523366119194,0.2928748455353579,0.3284199464192461,0.26588555328199165,0.26654130504279805,0.2940857957959568,0.23901606524943253,0.32439868810005057,0.3194472752983803,0.30394861393359934,0.23915511690458638,0.266793578758153,0.25875166205303785,0.25186574984262716,0.24536479832572855,0.28571903539926896,0.32666877127382393,0.2679979067748804,0.3232652798435499,0.255873697136965,0.2639382550524321,0.34807859897284177,0.2789220842281895,0.272896641727748,0.24832918369162738,0.23902285410264826,0.31248451734658944,0.29195493194882355,0.2527757205886193,0.2530712506562936,0.2928040546885917,0.28289057170869836,0.2825617711981,0.27030852863479704,0.3011014637737261,0.36475074230535454,0.2760024177564186,0.3064490747144591,0.2381316640833948,0.2964947090305809,0.2783867822255096,0.36656341195229636,0.22007282160225763,0.26560469738464154,0.3453073930952769,0.2614072108090387,0.2665612595522477,0.3004450669002658,0.30751299976622365,0.28526185774812785,0.2916962576234188,0.26623494280213844,0.2521745928406334,0.302242763064703,0.3341427376394302,0.24102259837573148,0.29133712908547515
0.2592826671080399,0.27158374963015114,0.0,0.22278453295785888,0.24870202912695752,0.2879925288697548,0.20475777011248822,0.2605092227736353,0.21800411783486148,0.299363305520879,0.31264038604167815,0.24996324499938874,0.32120407603207046,0.2341215864614209,0.22688210308617243,0.3780988898977757,0.326170083901366,0.2644969073047349,0.2096734956603238,0.2170111439422173,0.31133889258616276,0.37285537590933143,0.21417225728297343,0.2448090519160237,0.24452770049656072,0.2615959477098709,0.21894048580222417,0.23281350857127187,0.24828904199736299,0.24744547414672452,0.20538539613623347,0.28782542921606274,0.20951125766474166,0.1987323417031402,0.2160893341876125,0.26346813811232167,0.27386189701375707,0.26613129844745614,0.22239210025031722,0.2607906368984971,0.23197189048174321,0.2832349745042001,0.23913363769818377,0.2344577312833607,0.25378055060571,0.24231461709860525,0.2505385186224084,0.27986396340316577,0.2415424419777112,0.2566518165715392,0.27241184151991843,0.2693332515181149,0.20350780672428267,0.2736434432169479,0.26683764549677,0.23445297948065436,0.2409519383086479,0.2948433812170754,0.22071398027055802,0.2538579868458641,0.24571048617632094,0.2225384820383131,0.2832858416582008,0.20800080751571468,0.19967798918479399,0.22026563939301297,0.2246670933690167,0.2809868481686008,0.24369827212891812,0.26132943766344574,0.27182572812986766,0.20652042370405438,0.23963358080366284,0.3521003440288768,0.29094941880730246,0.1876423206316309,0.26240322878204936,0.27632866440557585,0.20515105272287384,0.19887628624893625,0.24733194525994337,0.23349102796751742,0.2852948484834884,0.2606128866838712,0.23496156612250424,0.2869734232362003,0.21251437404053616,0.2025821281885362,0.23137930206619833,0.21364634666725166,0.28542201816514906,0.18867569817958152,0.2846829550758726,0.20038845507064132,0.24594439190133596,0.23193927705678677,0.18874783751060806,0.2110253609943369,0.19445509024977056,0.24067979851721966,0.19482951350248734,0.21732050965140237,0.17819322970545437,0.2030006051686513,0.24777462943978604,0.29307118194966225,0.2501474143495429,0.24840542735293267,0.2502137543376798,0.2842079795362137,0.23195081560569294,0.22562649590414668,0.24152020582121772,0.2212027327650644,0.2351285828608686,0.3111756170539354,0.2001869020493765,0.2572046787498929,0.26467741106743026,0.23212309098756362,0.2572583810919609,0.20027790670305556,0.217608570450935,0.26315843940180406,0.18135008308422434,0.26651700740826534,0.227110129977753,0.2700575341485243,0.27164256808218584,0.23575588809391435,0.23789733037019264,0.34541531794561764,0.19415176665079611,0.20862798030466667,0.22953110961248596,0.19491841029512752,0.21191624722327373,0.2200634684266271,0.2334072382056772,0.2207456438635604,0.18444896469652725,0.2663195464242385,0.238831716885836,0.24879798785047144,0.2509245885714492,0.18908468418674937,0.28533722926529836,0.24370001623391058,0.2744279472688074,0.20734086985779535,0.19361345035358898,0.1901974295898478,0.23800517732730994,0.2707407836735628,0.23774325932560783,0.2254501170607259,0.25377464316806425,0.29802280416697857,0.17038972177553802,0.2486495550302811,0.23651037047867834,0.1926260178106352,0.1894248963068086,0.267893723505974
0.24674935884713003,0.286255484920104,0.22278453295785888,0.0,0.1929906823206928,0.2597242968436701,0.26979690527098876,0.26413269630010006,0.21244558864936486,0.2706733080503488,0.2438191883358068,0.25479132940173893,0.26034362920027915,0.24427821267358166,0.28903844907411386,0.21820033773990055,0.23643440176867891,0.2587627289301486,0.25554563532640917,0.2227639043936383,0.26427089117986496,0.23816068586439518,0.25951474165568933,0.2209615378381348,0.28996129269248083,0.23724696981114787,0.2444362930211115,0.23736027046253144,0.23932240758477613,0.17923724552713477,0.2551594140603323,0.24192926199360212,0.392655826708782,0.2530157991771596,0.25513081738611226,0.2981206260139308,0.2623847443056724,0.2531497526579355,0.22352729076883657,0.28364136465831175,0.27352023353925065,0.2381653518331084,0.2163869794716593,0.25831089562241366,0.272305620404938,0.2616446915553841,0.18069038916733648,0.2208856513230154,0.2563185181267681,0.24216362949960757,0.30061334859459643,0.2707492737156984,0.24584406746692225,0.34022490152959406,0.2876605484250099,0.2487916645882286,0.2615782929248117,0.24427289289959023,0.24836654408895575,0.30372678351731275,0.29218768785640936,0.23161775255336356,0.25261106088859686,0.1918981558937129,0.23860940037381295,0.25148256156203774,0.3007369718321953,0.21644262761268573,0.21351450828789098,0.26316628604100817,0.24048602447491438,0.24039384531350297,0.23650045782022625,0.32489299109702463,0.25363124335402915,0.21936797664946853,0.25295560275917034,0.25444720547587474,0.23090111639549343,0.17796989721971762,0.2196481218936851,0.30502391224014974,0.22829091754930936,0.2523126586837256,0.29165782246754507,0.26969280689234376,0.26942793434091467,0.25551070614332105,0.27114453609989814,0.2463630713724202,0.2528251197590224,0.2707738130667992,0.24555577968342682,0.23632343244886067,0.2817779325853879,0.26142266753507576,0.2062570837716222,0.2652561358801527,0.21687884651812292,0.2921668174922177,0.2451571875367714,0.23042577625319538,0.2701813928261909,0.25482392180814856,0.2696768650462706,0.2331544082832169,0.2500827679668853,0.23583181561120845,0.2568010066530498,0.22752025115573649,0.27360939453942146,0.2593478421892299,0.31288000988029785,0.24637680816161522,0.28506153962087455,0.24667047419461868,0.25754066777513285,0.1990674626442657,0.2589455386542525,0.2633598855992211,0.21555446769000022,0.2848512111146871,0.23817424375680452,0.25838341339305515,0.2063609890847803,0.2577510844918066,0.25132340788439944,0.23717674049679302,0.2869691758928428,0.2685157456548018,0.2077534336878772,0.2264459043265271,0.246874167280308,0.2636002546631897,0.23997260737234152,0.1915605802872688,0.17962730303606508,0.2678776879729714,0.2536236575063137,0.2530439307660472,0.32527401546164947,0.2349041821844494,0.31499945901621995,0.25504697052188274,0.24533952984724527,0.23407704926503486,0.24108657791186228,0.22195027377398088,0.23203635259898667,0.17481181408008412,0.26613718639279266,0.26014949727583914,0.23251811833877584,0.21128906206699358,0.2831257596196499,0.2692541978217207,0.2468436725159237,0.2593963661769662,0.3312493378433325,0.2523001251941262,0.25248113217831325,0.24574855778365812,0.2239106263924654,0.23982565140239354
0.24847636700554215,0.22354017472477056,0.24870202912695752,0.1929906823206928,0.0,0.20434870799800886,0.23539038551715488,0.18839380414140805,0.2119761482961228,0.21843413416352286,0.26161959269496293,0.2058807349979972,0.21475215433544367,0.22010454585110603,0.23394111733388373,0.24735038814445148,0.2533078364150625,0.24757261312387935,0.18485135400064678,0.2012167401379855,0.25108863456472336,0.26446944279274354,0.2294116201891931,0.23206001821569416,0.21295665359195054,0.21795400339275137,0.1946715658909219,0.1899961974621819,0.20946373087142423,0.23687499640610504,0.21574595303460156,0.20403261641021428,0.18912195462449635,0.18539576212822917,0.27126262821221314,0.24507473296300047,0.2377959713946311,0.23016482356764495,0.2127868667289378,0.22371483649060528,0.2191403281002016,0.27168103443937847,0.22416975826916322,0.26116181338562944,0.19040406010061953,0.19566492894423787,0.2441817225020427,0.2675420921788207,0.2457236354086354,0.23991951286530858,0.247699973338408,0.2237238173518622,0.20442995403659256,0.2166732331886346,0.2270983582120795,0.20977506861484416,0.211064607285622,0.25758571400839,0.20245597378590396,0.21454899608722072,0.1743552554088962,0.18849570300887594,0.22352509527448586,0.21055093653492893,0.2095843756907625,0.17276015314164936,0.18710910383013477,0.23000569996503756,0.1934338497210778,0.22285034184327232,0.23173793540573234,0.21855139661783043,0.20138199560822392,0.2285413374029755,0.20251401505613464,0.1812732087948443,0.20593377256670314,0.3309632003591546,0.17745188905499615,0.19391649517849707,0.21263967089450275,0.22414188132865337,0.2578556734792405,0.18566800280792903,0.20994276858905675,0.21196745077416596,0.19299495037145795,0.19870227889846187,0.18744333769948845,0.18880129483868896,0.32620688729246966,0.2179486898906279,0.2896832360751491,0.18156802484998932,0.23362134457426761,0.20378762816627233,0.15495933257653902,0.18790655472926346,0.21730407471556934,0.18941023425956743,0.19945717354881043,0.17415308878764094,0.1825465527753387,0.1744762975526879,0.21423597573956477,0.21481482963918153,0.1862447042753819,0.22883095177987722,0.23165686448118078,0.22758033017265988,0.2220660818209098,0.23563441112130315,0.20345350758918065,0.20963550820882904,0.205513248469229,0.24050514293733802,0.1906943450835151,0.2196391409987874,0.20383158038662944,0.22911775871806592,0.3044470688684327,0.18312425541703292,0.19820179423400072,0.25567486565412245,0.20539490267469263,0.19709682333456957,0.1925147035653888,0.22193385138330315,0.20508298207755765,0.21231127052050114,0.205142585899168,0.21979815387763701,0.1707290239373574,0.22314237663378286,0.19672251285586762,0.21573955059427224,0.2030925711169989,0.25861767264365326,0.19837054364905343,0.217325034472435,0.1676265796685589,0.24255373712376083,0.23376110288611293,0.2228928399132005,0.2401955885344369,0.20124333320372226,0.26215967313877636,0.20234689485079943,0.2082291320606166,0.17704517261252942,0.1968186098570527,0.2001957132000477,0.2317215436298658,0.2147588190353206,0.2104093199495858,0.20718983837916272,0.19207092061740152,0.24612475791842264,0.19139404613900515,0.21279444182017887,0.1904477094714159,0.20786667580053036,0.18030300458470142,0.29768882088877324
0.26068308263789414,0.31845156928762663,0.2879925288697548,0.2597242968436701,0.20434870799800886,0.0,0.22987810990060636,0.2779692999679761,0.2323616586946559,0.27321180247841365,0.2894125537874307,0.32689173842675634,0.29140084443903835,0.19938265050761564,0.2651053553037314,0.28420975916187935,0.2722731629156515,0.21214296765536653,0.2962787892039628,0.23458490774902122,0.3226838213158138,0.29052793308098335,0.19550575057703143,0.22687095910500985,0.3020174552939172,0.2149940483319481,0.18354262556032894,0.2203921000400072,0.25765833441860264,0.23003138489573946,0.258922662482575,0.3188723476786388,0.27379979861360804,0.21243150476210357,0.2266986168860648,0.25311470565943744,0.2745040729282147,0.2376420779449192,0.23833490711785513,0.2257886291639032,0.26428490172664776,0.2845341986753949,0.24518293007981518,0.29488837853646266,0.22374522859117477,0.22670499972423483,0.21566413653080024,0.2623718454786881,0.21694386983375194,0.24832962985028353,0.29225155497712785,0.31739913650462986,0.2251156059630041,0.32378623902427583,0.2570373668019725,0.28867910897997684,0.2662759500032552,0.3523966170220517,0.20245495724596418,0.23401455980847566,0.29181146675141023,0.24689702445711428,0.3262958543084512,0.1759062875507803,0.21814589984723792,0.23021738105921763,0.22200619759354956,0.26667875601468227,0.1924998616515503,0.26366903475155556,0.27651523735140116,0.1958154511632117,0.22524165854925599,0.29241174311584744,0.2953514355264767,0.2086085505005159,0.24599485134727866,0.24507789155782833,0.21092823212825393,0.24351973586966053,0.3324999981949292,0.264960672868029,0.29538453588641383,0.265049031883166,0.25339150654018866,0.26701786520195614,0.26872349992172667,0.21344678730084513,0.24876077608746103,0.2312056587798613,0.2696816659699648,0.2507104079109979,0.2808369557580034,0.2281003161730685,0.2345956387561969,0.30965110009947366,0.2218733885109957,0.25694888666141114,0.19963026330088957,0.2360003541551528,0.211049932143363,0.21931905513723465,0.21066952850972356,0.2232070748149382,0.25542944362407066,0.27112540083661546,0.26815782219232676,0.2628584958017509,0.22544576143876718,0.28368633533790205,0.287105141055349,0.22098742062421908,0.3058420157160145,0.23381474697971236,0.24573994348770553,0.28554748152623916,0.2615822886207628,0.2155065562706347,0.3241895850170158,0.23488028592788843,0.2260101597119421,0.2522814796233638,0.2424399196444441,0.30293443392490266,0.22449784180554377,0.3014913980477891,0.24720675076103973,0.2394052894023629,0.2744217205183021,0.20876191080416323,0.24747639194277032,0.3558946025339676,0.21708738265540292,0.25595752649373493,0.24576570138625206,0.21834355765776653,0.23631662107918217,0.2097305027407653,0.20780536902972024,0.24186781555162276,0.23920611669680217,0.27905788077543464,0.24693346913189784,0.2444431245515567,0.26493373121187924,0.21315713124268704,0.3136024993373576,0.2745513836809033,0.26590590706112366,0.20475692213303504,0.23737300481507373,0.2579316282260121,0.20783594875925437,0.223034408829113,0.32219659489806335,0.2497505378227563,0.25172844659353094,0.3465219731139757,0.20819703422943062,0.2671069308642175,0.22613616156700936,0.26080516323598796,0.2110983806569287,0.2678376561695958
0.2386069708708432,0.2721265316924465,0.20475777011248822,0.26979690527098876,0.23539038551715488,0.22987810990060636,0.0,0.1965877654347223,0.19371725134180454,0.24545926539941285,0.24308021590272066,0.28212265055852054,0.2436838200459911,0.24400038306354985,0.31768056601001543,0.20279465706956024,0.22382181788385014,0.23466683055252882,0.2334558484887335,0.19439920886948583,0.24949357845185596,0.25238225863212665,0.29937592896168835,0.2763429018783191,0.2546256225947613,0.2503031975688866,0.20256350693460484,0.1980474070770401,0.26634824809406543,0.2049712575103109,0.24512400087764122,0.24595234160155383,0.2899646530376405,0.2519358217531917,0.24146661440854314,0.25856278588285747,0.2943025654424952,0.21091151310267223,0.24535893790277527,0.30375033327212875,0.3089451279731793,0.24696559993965403,0.24703819255213083,0.3011541500124075,0.24934713650496154,0.24253677536691456,0.2588227661569088,0.24271449073902338,0.3424957911821329,0.23002504229231072,0.3181191074724892,0.2463578998445535,0.2188853245140691,0.3155239669636153,0.3126829101858976,0.25435543067558786,0.23078133536506915,0.223384495421162,0.2659209392036207,0.2457263584744486,0.2022736016013167,0.22153627758325906,0.21258921933494918,0.2115787140001885,0.22619501585197765,0.19773743523799253,0.2618741917200429,0.27642296301118874,0.19400701335216602,0.20529236994473757,0.2712127536901987,0.2306159991601934,0.20068141221765992,0.2805923752349906,0.1809407898001529,0.23380735268555744,0.2841581919702693,0.3052701399575814,0.19984814336080395,0.2029774555778145,0.23977793568610498,0.2513168128311337,0.2610347571575171,0.18647880174746215,0.22106302115083867,0.22500323278882498,0.20389875752553063,0.2418963337469652,0.2244025580744377,0.23036049113929566,0.27520432592920535,0.32647326067327936,0.28512786191175615,0.2304070023269846,0.25028835983622644,0.29586642152206105,0.17804503057376586,0.25645593918796794,0.22709575594968226,0.2648769039591024,0.25110428048839645,0.21303141131081027,0.25466615824935585,0.22252088171246853,0.2107591341492256,0.23108408727625254,0.2118335022717134,0.21930034366811785,0.31127255514358093,0.2713517949074894,0.3565812758090939,0.23776862827731782,0.23954916783679103,0.1881761794246024,0.23451689664000278,0.23577420019499815,0.22581321978710375,0.23610057233186732,0.2528567115024765,0.21312276625305132,0.23555124655508053,0.2125970918443771,0.21648216937791784,0.31040941951211803,0.20588015446542712,0.28757213794163144,0.21559849573523396,0.2659827631530217,0.2393338297016859,0.25570995135995833,0.18665970056770134,0.1894715784768446,0.18804814649993093,0.221067909437245,0.20682221356171918,0.23698715326010097,0.22524510064397701,0.2987658387310393,0.21802168788412432,0.25427797811908653,0.24116552708822606,0.235777405117132,0.27816278659311505,0.2211523926813173,0.2764186290474293,0.26797349980766355,0.25140684767546295,0.25436529197388646,0.2159796838602465,0.16238513829403453,0.23080667899661214,0.2529379586100834,0.21341466985541416,0.2835959060920716,0.281622639854167,0.2470010495384841,0.23926888016481235,0.2819564574083883,0.276485242124486,0.2712505958349665,0.24237993621772333,0.2322940644431626,0.21408517303937002,0.25386315032157614
0.27611337151863324,0.3229035776887916,0.2605092227736353,0.26413269630010006,0.18839380414140805,0.2779692999679761,0.1965877654347223,0.0,0.27253625542233867,0.3046879840656901,0.2517680712748137,0.2583216021398797,0.30088530333047525,0.23848895020537345,0.24613870163995621,0.2721821517805803,0.265453624576472,0.2663055736879314,0.27262102533013,0.27357175051556787,0.29564027091506245,0.24413117561603698,0.23645825489139408,0.2168584151641636,0.31714417722456595,0.219727486270717,0.2473359637826,0.27001030524851394,0.21603440372886926,0.2134405055935249,0.328512251346185,0.2876605845503084,0.24527141856947185,0.245695652005253,0.270543014875727,0.3223346542786688,0.29461500485742503,0.32460955251805146,0.24742253009345463,0.25246877461907047,0.2535268842129281,0.2528213399471738,0.25692002631509825,0.22381973648216663,0.34494617440238917,0.2648959733090577,0.20818470257094318,0.23478961513986799,0.26492697866053505,0.2649451307221866,0.26798927262058486,0.23688956669500696,0.25046824751241786,0.25644515678742524,0.2654465734443844,0.27663859407711194,0.27748050056406265,0.2951372648356759,0.26657269935428757,0.2902486514985445,0.4070142716918817,0.23228161761223937,0.27978589972953877,0.2259162694689421,0.2270682343918383,0.25551732365992674,0.2680409991225509,0.23492727599812108,0.2536696307540892,0.44834290962105067,0.2566926119113811,0.26318797905048125,0.25624321163509717,0.3187590951875611,0.35256602173934526,0.24058401094889192,0.2569476690834708,0.22718274173752442,0.29580711017680156,0.18811617406188139,0.25641243613074,0.28320209192142476,0.2776849173737274,0.35931222647265537,0.3031355603964396,0.3755524710897275,0.40285431572703084,0.26006706351478165,0.3391331284461221,0.27473923634113395,0.2351874872681253,0.2421662179735037,0.26375718587779834,0.2443068723198952,0.28864008022660864,0.2508428488286514,0.26566648267126486,0.2704092628377534,0.22183487400932245,0.3097108425361893,0.2523660460119372,0.3002979067244044,0.22547058647847676,0.2535406362417238,0.3319830677801162,0.2707841920268815,0.279357701117016,0.3089481870099058,0.24463606844504796,0.25221247739848424,0.22632940595032283,0.2670601901869405,0.3002450856431531,0.2840905908393148,0.2935245223459178,0.27555050888886684,0.29368034023363904,0.22332516663642166,0.22857109929092384,0.262992389590264,0.22397684166178222,0.35978017436601056,0.24783569464440683,0.2617964724434598,0.23444338654858188,0.2519586295906584,0.2486157737432025,0.2777852575518234,0.2956568997797253,0.24804199982749034,0.2989025925483666,0.2683847926164502,0.29888961223802285,0.2633225583312757,0.2860726922569806,0.2016478644661464,0.2284440116406906,0.237807674720751,0.2764423430156632,0.2941753283564814,0.24471697270003775,0.25184287914295517,0.3042966374883254,0.27685979980899206,0.28188335347142573,0.22996320259152248,0.28111905165102724,0.2529975068689088,0.3195710232703562,0.21380093502057898,0.30794393585599705,0.27742732662320196,0.2432827324104331,0.22072408513687883,0.3131839935851508,0.322772114207717,0.24939573860270178,0.2791785422936629,0.20856243515710923,0.2494749704097065,0.2597351263385424,0.28375604894735523,0.24949324372072487,0.2549790345043669
0.3198085520232326,0.2545156974889902,0.21800411783486148,0.21244558864936486,0.2119761482961228,0.2323616586946559,0.19371725134180454,0.27253625542233867,0.0,0.22268016361768736,0.23164027231465792,0.21594424371194249,0.2330125292554203,0.30564301565550406,0.22740561297909764,0.2320961064369921,0.23767055509256674,0.31279363928303355,0.23315568029275124,0.28924284132668404,0.23423374572869513,0.30088608958171187,0.2066726776290142,0.1934981596527867,0.24889048843480802,0.18777706292813212,0.25570661465882855,0.24008200629135285,0.19867600981297978,0.26900289665585403,0.30194213726241154,0.25197767434465834,0.21273855797054728,0.198609059513295,0.2925436368999629,0.25673308512333,0.23074526949778518,0.3595741291889847,0.22651026497400548,0.2114313084811006,0.21207719717334758,0.29610387405032557,0.2292769456690681,0.2126226527301698,0.24428806742572662,0.22551172716526832,0.19449376435879345,0.19889549447669103,0.23163446355912384,0.27072358887803255,0.23388515124314233,0.20671840121666898,0.276841198727752,0.21640948055434905,0.21750623159873056,0.28467390836975925,0.27322215013311363,0.24822242811362855,0.24242460355315468,0.24464971913482098,0.23459624252064304,0.2594075400352346,0.23120670577274743,0.2517968694600119,0.27450991635661104,0.23476966917014055,0.257337181653366,0.23909978623905875,0.24463133669398932,0.3011591875719788,0.2865291736639156,0.2812471528970876,0.31008726589988883,0.23521379876052417,0.31349584472018405,0.2469244779442694,0.19417298576895,0.19253472007217765,0.24182916733481682,0.1968109084783261,0.23097882781221188,0.351141933210985,0.26781316913935116,0.2563324982231548,0.2917943671243803,0.31354627801284246,0.27030170180039303,0.2962582234971721,0.2688201117641649,0.3140312934937931,0.2735575411243501,0.2863993061862686,0.248914022849333,0.24226198313869912,0.33084405740273626,0.23851588555407424,0.270799274650387,0.23015423382757483,0.3243730926472817,0.23338606934885103,0.2839033843064327,0.20306866330100032,0.2318949331210208,0.20972410739737932,0.3487980236101998,0.21990212827889177,0.20731644166141616,0.2504797480396306,0.21016589790110407,0.19964567384338988,0.19341776081126666,0.3075193436181294,0.268500543181094,0.35752957803316326,0.24998639947036805,0.25125929473304676,0.24895326957368463,0.2290606318061655,0.17712744343838735,0.3115959912509481,0.2500406504099351,0.254635220774604,0.24734004573341295,0.23461945060992484,0.3795083499422756,0.2016111830641717,0.2626011772214523,0.20923905764877038,0.2083353697958706,0.2514957691525998,0.3788602479255045,0.26491218840714553,0.2685578401821334,0.3644025307715314,0.2478458960656551,0.23005679436814921,0.21926752469753175,0.2246087928862739,0.2486981603494552,0.2960985905704444,0.22740480679567115,0.2768498166971407,0.29750243809489274,0.3439214047372691,0.2552759288692769,0.23202338490447236,0.3079859611453979,0.21626864781695623,0.25990565925106146,0.22622166708225627,0.2992063491577236,0.2572137747011654,0.2647888866633972,0.19394263236039058,0.23288650909629977,0.2926445497422272,0.23001215221168592,0.21529057231647394,0.23681365350118722,0.24005748534050678,0.20449861157326954,0.3179263640580192,0.2890693831618998,0.29845179303299046
0.2800216990751487,0.4054173314175883,0.299363305520879,0.2706733080503488,0.21843413416352286,0.27321180247841365,0.24545926539941285,0.3046879840656901,0.22268016361768736,0.0,0.2458857271762757,0.2446070702542268,0.2969649810629919,0.2753361259984113,0.2481781325703648,0.25262893859527613,0.27774425522553253,0.30137267194984824,0.2513169512532733,0.24287686339961403,0.26392886004920113,0.25696461301235646,0.30419472349955606,0.2226040670649245,0.3723466938723387,0.21525364083688292,0.23620746916757104,0.26543062792362676,0.327797392073271,0.20267367970188607,0.2764976766409097,0.29835826674962146,0.22569689030931334,0.2514549784395268,0.28825572959499496,0.30694333795772655,0.28743153065310123,0.2636341499903263,0.2100250112806633,0.28271795895807034,0.2383992011849372,0.2827650964341424,0.22870507634099466,0.22923528661944073,0.28333073630465544,0.25412625683944096,0.22386485465085343,0.24088909027137373,0.3244430537392198,0.23911629771552484,0.2694314997379291,0.23489527572791125,0.2525483174470588,0.2817076306292745,0.31365881264840345,0.3121391142045246,0.2514231445590961,0.22999263348274648,0.29719360857802296,0.29168934060593005,0.29676660499291474,0.2265910309995767,0.22842039467194195,0.22659931430419145,0.23521116273631823,0.23269213453359425,0.2543941189219968,0.23809918694535767,0.2425592184644162,0.3025987922275341,0.23795412221978535,0.2894200549285343,0.2336606641954288,0.3085270957333214,0.2705291559842285,0.25978129297709396,0.2338417796585615,0.2882437764183639,0.22146259481680008,0.20871279656704558,0.2687263439327325,0.26282524515723843,0.2821477368333713,0.2887824315024658,0.28120921205457106,0.2995865656556609,0.26078068112680286,0.2559133299198326,0.30751104949228614,0.2424266480878742,0.24275743264531013,0.2558087391909445,0.29404615692434344,0.23312032967714205,0.3042875103275385,0.2722225082938829,0.19252571025168178,0.2729592323378663,0.24094090961686251,0.3145429051631805,0.2580669523458359,0.2328421013920176,0.21506373080857893,0.26776459844768785,0.2637720783245629,0.24503493162948822,0.2531276501453318,0.34549526479417025,0.2719264442485275,0.27713396026329074,0.23841943620280956,0.2567829118503984,0.30820744130354216,0.2557964462240915,0.2716864083579077,0.27916676711031485,0.29401017088659515,0.27236934250115946,0.2707466766496102,0.2825698334943307,0.22538585623058532,0.24536862414190158,0.24840447594987405,0.2758705166473137,0.22926336737626618,0.29012036607219177,0.2641562100896459,0.23632820963077933,0.35322028631950886,0.2641031114076363,0.29206205666578405,0.23155666314202067,0.2405605684711242,0.24098411870129757,0.23613757375754021,0.21044310661387958,0.22563880788424906,0.2731413708478047,0.27193277385705067,0.2535975368168978,0.23126316861264254,0.2919560368171744,0.3282729947723953,0.2530885828665272,0.2706159553899593,0.2419368937598204,0.2263776784000615,0.27859149602579286,0.3966236978211953,0.21472332835642668,0.23150121317816572,0.30036570980107835,0.22565328560390913,0.2570926975193896,0.2722565225731698,0.2680130219633241,0.2300303075688506,0.29016899712680794,0.24173592684461154,0.28781534392106667,0.3344925831632971,0.29479053767068253,0.24004787676244208,0.2421523384449715
0.29861859981800837,0.29104019372570106,0.31264038604167815,0.2438191883358068,0.26161959269496293,0.2894125537874307,0.24308021590272066,0.2517680712748137,0.23164027231465792,0.2458857271762757,0.0,0.31135753539551825,0.31608042637600353,0.2320654977591252,0.2623273447404107,0.35239489989423645,0.32604782272199334,0.28647910046812725,0.2594865274585763,0.24198406656879662,0.30893009073766586,0.36696089431866846,0.2498751365326486,0.2766397946047724,0.2912478732492076,0.25866804081568884,0.255627158539162,0.27610078832751744,0.2814402959032769,0.2740383017300868,0.24685953721963294,0.28119993833727086,0.23666622327749728,0.21926295888732283,0.2543295363725369,0.29179577610368634,0.3339090133743873,0.28623539077910737,0.27847622506949793,0.26424173278689056,0.25471899010485716,0.2880742844635669,0.25712096900034237,0.2827925158362925,0.25383347856400307,0.23840671789256002,0.20006142325642237,0.33345619633960016,0.2825253020004397,0.24819312128658289,0.30620668492291137,0.24539775698633084,0.214693060676548,0.3137321386137121,0.3393549444349431,0.21714805082916983,0.2809365423101326,0.36560098299243915,0.22817055665462915,0.2648244258892418,0.26077326449425997,0.19570912962629766,0.29827449940713013,0.20764587684289262,0.1923264172025603,0.21052984139963862,0.233898570894279,0.251225966427851,0.24994591498152097,0.2924324657450375,0.2641529535450064,0.21440651806641112,0.23859168822457388,0.3143320706991539,0.2977447426300344,0.21062354934021918,0.2831479789491545,0.27747282051289895,0.21590030864635157,0.19612759531839674,0.23796765296739825,0.23302862043442826,0.27132731412636385,0.25893497023361545,0.23095475484716882,0.2672962688968781,0.24885565711949986,0.21601637799233261,0.2300576195346403,0.22604471081383185,0.3589702317704363,0.1979550801944744,0.35008134331700697,0.2380974036579436,0.23512941492375203,0.25862781972834237,0.1888469514676412,0.1972398618672262,0.19370741462385943,0.22902256238957563,0.23872458151234185,0.2257354770925561,0.1933175271553363,0.19751790617093742,0.2541390792079886,0.24085641931848412,0.22801642553081683,0.26612424203561474,0.2415461862917362,0.30279650793691704,0.2975157144273497,0.23809281649950226,0.24251074364263445,0.240606764917072,0.2682016386494538,0.31090244552709234,0.22446952909493936,0.260947596963481,0.2523150377698532,0.2350258835272958,0.26897862381154186,0.20627438792944788,0.22591583962226533,0.30854588411906253,0.1999389420733975,0.3053607260650105,0.19140260326711986,0.28933584696727277,0.25674931928500727,0.2261868999057942,0.22323770153223016,0.2793169314039209,0.23412778645687868,0.24773559171597492,0.27503370111521874,0.20658497370064008,0.24351516284579536,0.24358716986816575,0.25027081086380015,0.25602817535462397,0.2184472723577127,0.26693953048132885,0.2301944974209946,0.24064483036069642,0.31026158725775554,0.2051475511380774,0.27336402529262727,0.23377215115196012,0.24767206406293307,0.2134986277184563,0.2709019271606308,0.22427451894994826,0.3244518749849826,0.22935836202497106,0.256160592696879,0.2623507453313908,0.28697107914049824,0.28281152589804287,0.2139573301710467,0.24832323718436294,0.20855167005582337,0.23919854353352282,0.17987633769791278,0.3751935744656055
0.2556191708501771,0.29131884898407073,0.24996324499938874,0.25479132940173893,0.2058807349979972,0.32689173842675634,0.28212265055852054,0.2583216021398797,0.21594424371194249,0.2446070702542268,0.31135753539551825,0.0,0.234559697666298,0.1768462033319336,0.2684950123108564,0.26143936246580946,0.2536917609213664,0.21858070680813332,0.3566973020640134,0.23033152873304738,0.3437407048508742,0.2624566232157984,0.23209042709080618,0.27208098493452815,0.33796531396959506,0.2301365740227983,0.1994922169878303,0.20913884154624537,0.26038054879406075,0.2482806510177081,0.2840705471761614,0.2718412186916453,0.265053847873293,0.2572260689935675,0.228295276866719,0.28424932986229784,0.29892678984052096,0.2549976212320953,0.3106772234375842,0.25091643737564134,0.3103391038124425,0.24172749959289372,0.27583291723206993,0.30976904471485633,0.24852535789310515,0.25060344511157817,0.23486577290055108,0.2932421201997325,0.26369465460388497,0.24593789159040372,0.3279353694021724,0.29705915370856284,0.20640681810766323,0.3425430412272317,0.34137870590749225,0.23649839183748803,0.29532899524951245,0.3409457500170835,0.20412503533444695,0.25173193252131304,0.22668647741280254,0.2068724966186312,0.2799545062863767,0.19103689694227846,0.2093326105453058,0.2271248657837392,0.20740403202264715,0.23021973045549404,0.1887829658973034,0.23927788175380993,0.2537346764414916,0.2016301861634306,0.19878020103781444,0.27000059820748534,0.2434011948524989,0.21756490143411414,0.24481421334389886,0.2645462599602851,0.2316483089079674,0.20097978195024482,0.25638424880644284,0.25925954847314026,0.28164614728736687,0.2208685466903901,0.2503735145740547,0.27852455865497955,0.22957796085325313,0.2149936982205987,0.2580680404268713,0.24320498971816742,0.2753132684258766,0.2517984978274788,0.2921432975607898,0.2552548902574164,0.21604603260882022,0.3385305704056723,0.20007616115253513,0.2615496187980383,0.18940017823441416,0.22944459951505763,0.2182832246907527,0.23286918963058986,0.244663633323705,0.29013826668675596,0.2352771501982784,0.2533956877744299,0.2568050382224887,0.23967057290421426,0.24367971054567167,0.3144738919862984,0.4118778759500847,0.2545931802922875,0.23362986635508223,0.21931862725734147,0.25906534895675065,0.2614694788673673,0.247389625819003,0.2736201976990069,0.27822076082724323,0.20487068442705392,0.2246193331124376,0.2351376234569299,0.2277452549729123,0.305870207566486,0.18957683476386578,0.37623976919693175,0.1963930996788324,0.2756300364328289,0.30034370639037333,0.2140461892980312,0.20830618755066668,0.2403911836814337,0.20136639942484685,0.25038950699273893,0.2646210270735043,0.20160372231331153,0.27380665895552686,0.24180416714321543,0.2243751290551821,0.29519540455779797,0.22015584604048805,0.23522960680881144,0.24529057748907274,0.23114757009760403,0.2985275753627773,0.25655228102980604,0.3239179438990812,0.24703672151766073,0.2851833107991146,0.19866584127869058,0.28355496870849284,0.2586904734456785,0.24483478022136324,0.23157284904247036,0.39991765388690714,0.24234140738326276,0.24813204775773023,0.31392760913923834,0.20596496979576467,0.24027519972784084,0.19558519322234855,0.23940178184446995,0.20229488453196554,0.28896585169435396
