0,1,2,3,4,5,6,7,8,9,10,11,12,13,14,15,16,17,18,19,20,21,22,23,24,25,26,27,28,29,30,31,32,33,34,35,36,37,38,39,40,41,42,43,44,45,46,47,48,49,50,51,52,53,54,55,56,57,58,59,60,61,62,63,64,65,66,67,68,69,70,71,72,73,74,75,76,77,78,79,80,81,82,83,84,85,86,87,88,89,90,91,92,93,94,95,96,97,98,99,100,101,102,103,104,105,106,107,108,109,110,111,112,113,114,115,116,117,118,119,120,121,122,123,124,125,126,127,128,129,130,131,132,133,134,135,136,137,138,139,140,141,142,143,144,145,146,147,148,149,150,151,152,153,154,155,156,157,158,159,160,161,162,163
0.0,0.55743854424827,0.5089452259030087,0.447337774373332,0.4832061730111867,0.5041898852109657,0.47590342924445583,0.5422132448498611,0.5597618607535481,0.5066636166503798,0.5188687894602106,0.44728149586327065,0.6130778828626819,0.5346905591625942,0.5385573586005887,0.5424481556536596,0.5793169305039811,0.6996689726184445,0.4889613546668296,0.6072821523539638,0.5475047795339779,0.5588377515415649,0.5289186680418074,0.49404667043623657,0.5674162390851917,0.4638085331740592,0.4737282693700441,0.5370166199859631,0.4674098857541789,0.48398894597090936,0.5239444929156454,0.5716691011069539,0.4606893101383169,0.4610662761073824,0.6149782308277962,0.517188820360283,0.5711060438304508,0.5514310981574392,0.42919296240391674,0.5857925530512853,0.4925810100866845,0.52427179676111,0.5922765373604321,0.4956690896328048,0.5550250079540757,0.5472802811191987,0.5101159361262652,0.5110785677773452,0.5878732082612761,0.6058929432121855,0.5966110053622918,0.5417308885908306,0.49635594406595,0.4923463449859585,0.5148484041810479,0.5308602316878909,0.6219907992686913,0.5006501240665676,0.5186233595990852,0.5738646516265384,0.5222746077285838,0.4742706821967181,0.5872977791841154,0.4643770555497135,0.5357962318529347,0.5024393347389269,0.4843127231605814,0.5362147169845013,0.5023691503015584,0.5731705369108688,0.6162237852910896,0.5560269705521682,0.4978108772526492,0.5752196792624545,0.5288082442284173,0.5091409876069715,0.47139802555595456,0.4761339890249091,0.4928767596220901,0.43194460284001523,0.49168579273421076,0.5798405825619412,0.5271055619034515,0.503914337401164,0.5625877501487723,0.5600598950261789,0.5379641408725532,0.5303021787524776,0.5504502761842985,0.4426887873215647,0.5815276123467888,0.5036803470659318,0.626175478554505,0.5323667514356415,0.5909786912253282,0.4598065344540291,0.4473300448922593,0.48356371216353045,0.47223318100074674,0.5195337035150931,0.4764356459919712,0.4890598721522766,0.4391365646320628,0.42228707118428305,0.6432236816329883,0.5467481768512116,0.4950554801886203,0.5230246542529429,0.5608252479171063,0.5079270858359277,0.4672243594834867,0.5318722890748995,0.5442603221544956,0.45422603198890016,0.5700017312944632,0.563283280396028,0.5683456377575757,0.5195775066868032,0.4549564675924135,0.4736895197657107,0.5303208285965036,0.48242254866873563,0.5678178741080395,0.5532816801151729,0.5444091588440104,0.4704767097616078,0.46154451386810497,0.47305675279568105,0.4998189068791057,0.5545005846858224,0.4956869518709322,0.5128494395927048,0.46581240926537354,0.47356457677603164,0.4791561537210404,0.49070893730080806,0.48781186780849595,0.5671964990024918,0.5509609880518704,0.5123268526687981,0.444944905778061,0.5162366564660477,0.6008439361029477,0.5209114801049725,0.49644957573023785,0.43539982115274506,0.5189971439652434,0.45756530501433923,0.5662214008125357,0.3707225275504045,0.5502069855774231,0.4969175992056304,0.4938736124044962,0.46868473105087916,0.4754026132332222,0.5385568451509619,0.5358303790486846,0.4897731969555479,0.4940032741182903,0.5368026779152641,0.47273024334604574,0.5733130509541974,0.4398927596858352,0.5454191869425522
0.55743854424827,0.0,0.5396751107027005,0.4827233871905844,0.4393490175655449,0.6158783363296529,0.4478009863415201,0.6640828520869109,0.5314897700367728,0.5457950067022014,0.5215482651524549,0.5539826755036511,0.5407017074719178,0.4656547120094151,0.544467429797541,0.5304049115192903,0.5429529880419076,0.5007873057902932,0.5718884373527139,0.548761483195919,0.5838268595431134,0.5677289689362051,0.4824992954792381,0.5437343361750414,0.5785992285690403,0.4388939238405606,0.4485687673592873,0.5145942142083628,0.5536904310616578,0.4618404950360987,0.5765038526431796,0.5094093157884738,0.5324200655812544,0.4746601617040132,0.5363458423908417,0.5389685745333063,0.5245472502632659,0.537909588306553,0.5061309352404532,0.5446317563359255,0.6008384155295301,0.49686487502602056,0.4888667279338678,0.5106974946085522,0.5606495032477746,0.514275785212054,0.44694993364794267,0.5105769359139019,0.4985606091973899,0.5071119455132944,0.5300325086804845,0.5474172101940341,0.4805521320515783,0.5794955171883384,0.5401486850697346,0.5627675772975388,0.5680587320989098,0.5467622980082404,0.4368563978212105,0.5528747269171737,0.6160266222813893,0.43887497801195857,0.5314225502620682,0.424298315045743,0.4617983759921287,0.46066608863705366,0.4682122903621265,0.4557569317148981,0.40498107203948563,0.5553066608737605,0.5348217722462486,0.48220227549213684,0.4313574060669884,0.5262607128339559,0.5556792033458078,0.46216741914395654,0.4475285340118621,0.4827996247797439,0.5103420177402913,0.4492306724592496,0.5240502298284665,0.5543337346470478,0.5767233362082114,0.5370712285350526,0.5234583071340815,0.6467848850154527,0.5331966759918427,0.42416708771147443,0.5286783977952929,0.510077092786415,0.4844231966330399,0.5141332320364853,0.5794531392114581,0.5144928428559848,0.5234949084244833,0.5203714768704782,0.49454252206244165,0.5275239968240666,0.43376054077024495,0.49581886167056566,0.49088965482628205,0.4764808019502331,0.40794273576593837,0.4655181917889267,0.5464418250061546,0.5170372818890531,0.5037788904111112,0.5470794217471975,0.5293148188032337,0.5708786582774443,0.48466245627868115,0.4813587583968961,0.49678758554944547,0.4601518223751822,0.5338455364640423,0.582940302699276,0.5604607262591668,0.4610616722095266,0.4619111507670419,0.4639034035781187,0.4829529001078197,0.5025710441752337,0.5388551972324208,0.5876970588429199,0.5058232134576469,0.5724667230409701,0.42730768788643103,0.5202387361513491,0.5878948853510939,0.49010561235238753,0.5101368970865612,0.530393758705046,0.467936828733451,0.522298655048582,0.5283210619301195,0.44948725552132424,0.5053162263013509,0.5192420601433313,0.5327221834518562,0.5426296102209823,0.46162259657885185,0.49363987603766024,0.5833177456821552,0.5150070028387012,0.5168548291399917,0.38001498399286093,0.5915387944774143,0.49983466765202256,0.5993683747235379,0.40016327409950664,0.5499030823073701,0.5260420463793981,0.48795820692836983,0.4543500700267879,0.5548473388276202,0.5470321016049551,0.5457408044126337,0.5541449183687099,0.490557984769552,0.4618264956859029,0.4610359701935266,0.5558235072708538,0.46049590137826896,0.521813310878553
0.5089452259030087,0.5396751107027005,0.0,0.4345113080624044,0.48065213187425904,0.5278901016313068,0.44012479940997257,0.5245081200611107,0.45121038661113194,0.5577560286003613,0.5401692348612918,0.46386803758891065,0.5741277328776481,0.45803267025683175,0.4488489126654392,0.5938881660046874,0.60805027061744,0.4985669451118898,0.45428624197020967,0.4855196509315142,0.5837375310185109,0.6204036524086411,0.4707491504269407,0.4824711140726164,0.5229821436213862,0.4520344723803813,0.4463358175822604,0.49265130675192703,0.4883364778315223,0.4475914412224327,0.43040814003741207,0.5365967311670934,0.42282983342144664,0.4291773478185165,0.45251866491024695,0.4859115921226718,0.5014034692871321,0.4768129443614855,0.416800883415822,0.541896998450501,0.45304110758855365,0.5573227200276916,0.48941032287012026,0.44689527973739834,0.5035076693022221,0.4649649539843946,0.4646608057540939,0.5031563094822951,0.4936883859582961,0.5035126957215618,0.5198449316444248,0.49865325730408583,0.41922502829856684,0.5062557327924013,0.49572739739610694,0.491478843538259,0.5000741555966889,0.5267261102297386,0.46492154923534507,0.4847840764341009,0.5242680377322924,0.4223051777035563,0.5152534024138331,0.4325274177183123,0.4302098298883149,0.43612134017085397,0.45801924520808357,0.48554451414633165,0.47150462051762465,0.5105773478259961,0.503497320197991,0.4275141658384328,0.4632117802717707,0.5850514282649146,0.517381184509429,0.3957098393512459,0.49608151971573516,0.48657636633204004,0.4182571963724802,0.4003186726950374,0.4669054071097177,0.4848689697774614,0.491876547604113,0.4553586737806247,0.49373061148421354,0.49662059047301876,0.4857458684143525,0.4299854254318085,0.45215880346497667,0.41820371455359334,0.5156476149672157,0.432551676302995,0.5269082004089144,0.4293112996266572,0.5076618762162628,0.43859590895073647,0.41873227517806844,0.45801744003229666,0.40402208712328597,0.462179345901374,0.40402394575973,0.49407136170281324,0.39678193090082325,0.40358209194939626,0.48394332685724123,0.5144300061537894,0.5012760678587016,0.5260833269669792,0.4892449108141478,0.5399176732118188,0.46478377521006214,0.46239544645370556,0.49910083988728227,0.4377719376461639,0.4435695725938164,0.5271437991493733,0.4567948668102173,0.48710001255485263,0.5060568213483483,0.42665614933164764,0.46078330116029026,0.4341517307927743,0.4945387629051194,0.4853296496988739,0.4217494065186894,0.45574372911496225,0.4488117450789138,0.4738197617164113,0.5197024486475589,0.4570677830030642,0.46807677474213233,0.5736884430858759,0.4085678104436942,0.4210633729068993,0.4653384697292655,0.40216454481082015,0.4207227321571037,0.4507302916625971,0.5174731401175066,0.44501609458224134,0.3852989826300522,0.49905849868035423,0.5138832011209344,0.5067594528875703,0.46885561395979375,0.3971786966749134,0.4888152044079089,0.4414464202755878,0.553990217901165,0.38271034154644207,0.43754283053212406,0.4182891095851064,0.49051318641672786,0.5175136245113409,0.4687889925741698,0.47177308038194177,0.491278227663208,0.5023413225168806,0.4042198955921026,0.46574719841734746,0.43406882691728693,0.4363100135561424,0.4134808099092445,0.4751590659846911
0.447337774373332,0.4827233871905844,0.4345113080624044,0.0,0.41804303771313134,0.5014633073817539,0.5054793653690819,0.47140739302118195,0.40637588958851867,0.45094560442191906,0.4798256761724265,0.5096742036016229,0.42626851951666894,0.40022419877466675,0.4573163521537899,0.413045075865035,0.44212894502253836,0.40893082522630014,0.48628312547526387,0.3908775857905379,0.49338981468339577,0.4427181985303736,0.4797994020492,0.4557695871311315,0.5112038853699602,0.4567671013699539,0.4044227375342735,0.454068441601863,0.44356007111970075,0.3726613801005977,0.451583544432694,0.4189759472323199,0.5818024812222445,0.48078437260693324,0.4732769817265015,0.4832376953247991,0.4576768194646296,0.4152254089782868,0.4102540005507113,0.4864313677237512,0.4990874455258648,0.4607133198588585,0.4127574821467303,0.5277241214959951,0.45580945200107725,0.39878198874362814,0.37814105790409586,0.4611030581985169,0.46088393697806695,0.4041498278871344,0.49370457933324474,0.5268725014516964,0.3682617959645217,0.5728017487107789,0.5019901509742729,0.45459354621080716,0.427096043138894,0.50461535746022,0.39872044927352895,0.41292716805705904,0.4678135136106829,0.36553057393560606,0.4554542517359066,0.36985223567297076,0.3798907648509942,0.3765523010814216,0.43963673431815,0.39999330386286625,0.3652023522105283,0.46936401957002666,0.43178384895301253,0.38992519271898585,0.43971420925779975,0.47315397140991466,0.41385272852986754,0.37374963760835267,0.4179001123068058,0.45085087180938765,0.4085752591588019,0.3812171344140309,0.4159197134865652,0.5006200456343844,0.4187208968714227,0.4102864086128303,0.4753623074150491,0.44564496826196887,0.4803799982123217,0.3914750045712282,0.4152665768138354,0.40690478571165795,0.49471342279201114,0.5241276692059667,0.447892244464937,0.3932178568768424,0.4769443931512036,0.4878519792210571,0.37502534239207214,0.546939191570143,0.39674833500656265,0.4614313017585295,0.3994554338990674,0.4154978075674418,0.5014639323153501,0.4889606117129063,0.4494782374782293,0.4036985143219915,0.4078646977553801,0.4746752961932245,0.42152587304327443,0.46039587075157967,0.5689089462197789,0.45255024512165065,0.496870034785925,0.39789084819041776,0.430372365773123,0.463562289209596,0.4446803768428693,0.38296451587452635,0.5606336139226898,0.4508481115950906,0.3893453239535959,0.4969187548841748,0.4665785769128778,0.471793561728771,0.4152792500548619,0.46479392396340286,0.4002738882843309,0.40887562278044104,0.51759542984728,0.38807309241945254,0.3880337131620444,0.40723391877106546,0.3827380617008952,0.46953178555566794,0.4179649737949928,0.3475484768504696,0.3621806818253695,0.45923418616265915,0.43925892691881774,0.417034409134947,0.4635839462544305,0.400155036973056,0.49729040059177604,0.4625487017979488,0.4420147212216056,0.4072709422253181,0.4435970387429832,0.38092158127782344,0.44297453610762866,0.3335454228869512,0.5000876541668439,0.4219749665513969,0.4018851281170539,0.3819947109440213,0.5403146552607333,0.43031437532232286,0.4165923750541194,0.5007194712295536,0.563913644336962,0.44598185007335195,0.39070877538697013,0.46071324587952567,0.4003174154179926,0.46945241240346525
0.4832061730111867,0.4393490175655449,0.48065213187425904,0.41804303771313134,0.0,0.41843596441158565,0.4781957512966759,0.41914235857174986,0.4515388687000937,0.4225828809807572,0.555439744253127,0.4546402990517136,0.4427873025317775,0.4226630068511808,0.457654656768037,0.4887538469321776,0.4660374001730605,0.44717510364113894,0.40694410563447336,0.4264342277156187,0.490327390995014,0.5328463100422235,0.48441574800478615,0.4702079522626287,0.4699365206385661,0.47301058566659593,0.43367839889770615,0.4102959350150513,0.44271813232362695,0.46267519010344127,0.43478870279486115,0.43496884158500737,0.4037999798770887,0.40559620209246666,0.48092951521861904,0.463968000855839,0.5008291565093957,0.45751031119014274,0.4280063824093565,0.48257842976266263,0.4267016879289114,0.5093582321525763,0.46917160834051735,0.4939148532587529,0.43414331698680836,0.3925429593248264,0.42610351168779775,0.53786004033877,0.5047900722630954,0.456001199861234,0.4766740872925682,0.4409135372133414,0.3555983644396225,0.4443544034147803,0.4801430427474816,0.4380449057993628,0.4436634030442874,0.5093282822709473,0.40604319104011005,0.4170679668440574,0.3978508243263701,0.377120395520069,0.43167638506901834,0.4236429194055482,0.3936256236851515,0.3634675004921188,0.4191859085183975,0.45950521563968744,0.42179193497523687,0.4584750470175073,0.47243142419912015,0.4214347737109976,0.42661652596243604,0.46489426647688153,0.40166336393858043,0.3601560233641788,0.4480940347848027,0.5351749401081899,0.3805883854422535,0.3855108921111637,0.3870241989508597,0.4684611119590043,0.46334890562683595,0.3862487410203568,0.4538122604799546,0.43882722936868096,0.4544460586360873,0.4131322686102309,0.38134959139918084,0.40265927803640633,0.5884861863729463,0.43286421547902193,0.5083835593952211,0.376262458666333,0.474015138849721,0.44264522569991543,0.3513905819222925,0.41634720053735225,0.4327632200465039,0.3893519735025625,0.4110607443073608,0.42285791159768743,0.40872105269135767,0.3875074600175531,0.4359698982609033,0.4263922707972527,0.38777481032621713,0.4484389551898396,0.4203963161318593,0.4650818786422793,0.4647287574624616,0.4932743598174557,0.42785647113735487,0.4122763534960793,0.39848590215122526,0.453007493931812,0.3875026782929268,0.4839541332692639,0.43115225241596794,0.42231628349848654,0.526222078457251,0.4181911868230065,0.45580406260495016,0.45667933254067616,0.4474718779476337,0.4170576889170463,0.3903451304962099,0.4533797906238105,0.4286765931623915,0.4290579972419751,0.4059394445775797,0.4428956284014004,0.39100351798607197,0.4421680358159601,0.43228173745679643,0.3900765041869951,0.39966642648673456,0.4908780117837905,0.4678170396589279,0.4374639158638306,0.3631588478086268,0.4607506744173408,0.4544662503500549,0.4721775936139744,0.4811166524382648,0.41561986446333166,0.5065665918953347,0.37065505225249473,0.4543497500895414,0.3531995931552028,0.4499244137459179,0.3817205406444598,0.45289020045344697,0.43591532959874557,0.4374972739253741,0.44001522850564523,0.4368509362590962,0.4510430568690323,0.4276438267942037,0.44446453591547963,0.3597824805343841,0.43373820794238227,0.3923139469615919,0.5488122313745734
0.5041898852109657,0.6158783363296529,0.5278901016313068,0.5014633073817539,0.41843596441158565,0.0,0.43023674879865026,0.585338614478885,0.4569521555713402,0.5211786692114098,0.4869135404806347,0.5231221808044126,0.5128464125252694,0.4240954788215575,0.46463454288085043,0.507068339776123,0.5306403240804224,0.4541155229820729,0.5414847447032598,0.45474015628193404,0.5477969756395462,0.4869666140487169,0.4436033020666176,0.4690747487796218,0.5411336588255552,0.43119549513722155,0.406761739153737,0.4976961252053231,0.5103659764238689,0.44330174741042566,0.4841668116369917,0.49406364673929637,0.536034996692615,0.4545856260570415,0.4653314395117642,0.48149426566280357,0.4855688142901186,0.4733682494482201,0.4299196015319032,0.4873855413305016,0.5440463567640117,0.4845102090036829,0.453104438929628,0.49543173687023073,0.4848021774801483,0.4704409351872359,0.44246540444663063,0.47834485632716683,0.4490587375707194,0.4478326026005348,0.5093566862450658,0.6040473680746061,0.44662916977736167,0.5465624819986846,0.4927361497572667,0.540435305364202,0.49793207372275544,0.5680841325757879,0.4005969946946463,0.4778188115021575,0.5640018545713859,0.4267174524335864,0.5651228126409628,0.37870537370335317,0.41486277833639856,0.43492692095913577,0.4255482001209165,0.43942237115091165,0.38593136551546214,0.523868218784319,0.48416338405157494,0.41901571841206703,0.4200074835144837,0.5004272319297434,0.5354824128804685,0.4372219691333388,0.42522624182416124,0.4678472192000209,0.4738705441314889,0.4614021964345758,0.5523776958662309,0.4918037426516386,0.5286768035425371,0.5194258666824694,0.49431785948634643,0.5408788029982691,0.5061347561909985,0.39687568804202356,0.5046545345394648,0.44430483317780706,0.4775071458294671,0.48309793379556565,0.5093941326797666,0.46759937169556526,0.47589304031326973,0.5033561137440167,0.442024037900804,0.5321371713955377,0.3988883407770258,0.48182653619142546,0.42236123988677576,0.4423812871923189,0.4084711262103694,0.4677259962527013,0.5001649695160323,0.49068987999712427,0.4804236550618036,0.5282967481738053,0.4820111003949782,0.5113007731904705,0.47786722779016694,0.4363212166489012,0.5057253193308122,0.42750232265491755,0.5100283767560587,0.5715221273184363,0.5593922341506619,0.40663245910559503,0.5076761425273494,0.4573006947582473,0.4200419534266518,0.5060793341800784,0.5028358831822847,0.5542212960422314,0.43772155621643355,0.5443177600354913,0.4187907445229111,0.4594737933925577,0.5741946760843959,0.42638014912829636,0.4826572864940021,0.5163196783620098,0.42413866323912014,0.46898183631572365,0.4373177318774235,0.3977490642441033,0.4505955493221351,0.4482739952441964,0.44309094184845543,0.46462732545971946,0.46539503612375754,0.4552531928569303,0.5131164651086929,0.461175210664985,0.46061297275701657,0.37130016030214513,0.504264498873316,0.4831777026106086,0.5253452504187759,0.383545860288751,0.4823491827641126,0.5060998941631845,0.42360477777078426,0.4136289743862082,0.5514281954381072,0.46613409193063715,0.4707400527761586,0.5878285523157057,0.46054727012124824,0.46392952057187675,0.4575648759418584,0.5129331609140927,0.425460509070003,0.4715643866363909
0.47590342924445583,0.4478009863415201,0.44012479940997257,0.5054793653690819,0.4781957512966759,0.43023674879865026,0.0,0.4265423928174629,0.3985825308647749,0.4770570660768629,0.4583760511159561,0.4598549401972616,0.4612204535396459,0.435135510058278,0.49473194459751846,0.4272458426385563,0.42886645296230724,0.43256256192653475,0.40857370134100124,0.4012538648060268,0.4776377953999654,0.44887298628546574,0.5494550145947479,0.4772014941904584,0.5257196468996036,0.5348528420046257,0.41409006190832515,0.4067478130335544,0.4293532191181932,0.37632171795093344,0.4657203703035048,0.4782536616619169,0.4646928199012415,0.5121753318266409,0.49261858896240596,0.49816780925629395,0.5494175189224656,0.4015783501368889,0.4034754733617646,0.5469997782921742,0.42691360637723663,0.46273300275934226,0.4820512912702634,0.5432845796999083,0.50821830399462,0.4257827722606389,0.45718302790376336,0.5268535967700041,0.5929427002933676,0.441260429032365,0.5549327839032655,0.4636354139413934,0.3540505965072777,0.49942333904542224,0.5498931618520414,0.469832684166217,0.4244627872034256,0.4399125958244301,0.47765507829502957,0.4309514285756768,0.4245167598583447,0.3951503327467734,0.4231055035193095,0.4124127491645614,0.4079090672507718,0.3917345947224156,0.508082655260287,0.504635748610881,0.4025266365571282,0.4356484278317558,0.48378893105770016,0.4303390636601384,0.45850281774621154,0.5161636459085918,0.3693891342097935,0.4022569843776618,0.49379979074778413,0.5270044910227202,0.3886324887064088,0.3765704395934821,0.3890474337458369,0.4982271552887525,0.4284431166706118,0.3735913668132462,0.4682538281742301,0.4119340637341171,0.4731122489987755,0.48484655967104245,0.42366981315604546,0.4080708804091799,0.5265151021042166,0.5672795354600377,0.4785664174072783,0.3906296445065611,0.4876653261930915,0.4876632223494812,0.3566464041871499,0.5032095751190264,0.4317310844961066,0.49659212448415657,0.4252265291552801,0.4667370190121414,0.5665729562895405,0.4368604936476389,0.44750130399950033,0.4345523385794634,0.4156921222388795,0.43589741288539435,0.4717499344936243,0.49985799192308883,0.5947525650300483,0.4838905361239021,0.5190370097578882,0.3779229660888146,0.4138598584510212,0.4211477792654558,0.41656361466950625,0.4657066140173492,0.5035488249238549,0.4217680845662341,0.4239235569209806,0.44116869395519903,0.46662167933397825,0.48602536361816245,0.41842640673125436,0.4477306249746107,0.4294684181646179,0.46162530486848735,0.47170103013219994,0.4385389050249952,0.3705190881378046,0.390567140739,0.37463796881769107,0.4034791741460978,0.42231877427306297,0.3730116162284332,0.37603458839941195,0.5339443300758892,0.47003494269976015,0.41945865327163806,0.41135119194619013,0.435050204841919,0.5122627790947327,0.4620643493271424,0.474285798671175,0.5454028307271028,0.43623716906595733,0.3787064040425124,0.4580462794430729,0.31250725616098973,0.47755334125239657,0.3857492531779646,0.3883457462763526,0.47984215245177075,0.46786711754951676,0.4576871704708242,0.4187207264500708,0.48131182778385734,0.5071653096225276,0.5052200201519473,0.39674980741005206,0.43474228310380114,0.3935906833064062,0.4457274896147489
0.5422132448498611,0.6640828520869109,0.5245081200611107,0.47140739302118195,0.41914235857174986,0.585338614478885,0.4265423928174629,0.0,0.5521318993186012,0.5576206806531325,0.5112365188952129,0.5286849810689769,0.5560102727510501,0.46101344807691913,0.4938615544842409,0.5574504554121645,0.5523257541692744,0.508735294492822,0.5411338003450056,0.5460496159018093,0.5712723138475366,0.5217724973090886,0.500231963827583,0.50209305698257,0.6057388286503582,0.45183184831281015,0.4789972779001628,0.5403946674303952,0.5101789425443014,0.4817641797901696,0.554509994601061,0.5087779755208891,0.4859892507200333,0.4834564727789364,0.4995272771888338,0.507996802538636,0.54144767061816,0.577144684371619,0.4838849971512651,0.5320964064509608,0.5484645753222781,0.511975745526305,0.49221934829316916,0.47332914678609167,0.5684904158015068,0.5282516121931269,0.43417497624200724,0.4851744934303654,0.4951038307153654,0.4849147966191266,0.5089053441503176,0.5192187142123502,0.455696185372686,0.513201895939232,0.5067846177651779,0.5998485620304634,0.5664456699874559,0.5641847915207883,0.4288091371647207,0.5370691900474331,0.6390162301779556,0.44277574216521853,0.5212909754275622,0.42184520018660326,0.44472935105882455,0.4690661741020824,0.4831910224916007,0.45837033028922364,0.4156919504978156,0.6416686049825326,0.5262804927138198,0.48278814845786144,0.4383892222535844,0.5265252948501006,0.5824166989741486,0.46695055908300065,0.4586115281868682,0.4842230735623109,0.552853121339857,0.471113362435609,0.543448018882615,0.5376691067716264,0.5832657081592936,0.5921673694811821,0.561480994999529,0.7064888146928754,0.6103540921848966,0.4264766772358717,0.5734463127148692,0.5420630407512077,0.4829968785418924,0.49248745663381666,0.5323122972916986,0.49915279835662757,0.5320970942895709,0.5046042489785655,0.4834635242177316,0.53808224095089,0.4314898872858944,0.4967318339212988,0.489156003373313,0.5148162795189618,0.41480600166602505,0.4623564748715789,0.548816628787455,0.5491643533967265,0.5224573079420384,0.6169060454688519,0.517315349878756,0.5468241619208973,0.46224703429548625,0.4966614623349881,0.5040239053251077,0.5229194660964163,0.5330967209901747,0.5991641188555183,0.5749269335011838,0.45434016224870993,0.44662542366879016,0.49146213631714064,0.4721591653355618,0.5677350406798373,0.548746788481397,0.5776366637375565,0.5008572809177259,0.5455922788483065,0.43073398568040755,0.5168113113299299,0.5677585095339015,0.4916622324741545,0.5633459206950894,0.565819335081302,0.5225815882261706,0.5165550904620438,0.5084006751208124,0.4273752245559313,0.5074125219897577,0.4898947849908418,0.5498668110305216,0.5795478791326268,0.44750229615779763,0.49743195362269405,0.5638785610066134,0.517151154459158,0.5328740316948359,0.3802293913686172,0.5550213792929753,0.5255285175549058,0.62247543890898,0.41582076556533787,0.5560181028052941,0.5196836915561985,0.4744856553439382,0.4500691332915515,0.5846632512531972,0.5870758552418679,0.5502131156608848,0.5825273532496164,0.46292746805420626,0.4749101709525291,0.4769585999716956,0.5701070248779121,0.5207454014185515,0.519194682157893
0.5597618607535481,0.5314897700367728,0.45121038661113194,0.40637588958851867,0.4515388687000937,0.4569521555713402,0.3985825308647749,0.5521318993186012,0.0,0.45028141755228956,0.5038622667080193,0.4520247119162704,0.478951416470024,0.46521431695883736,0.4642791187044744,0.4981047227327285,0.4899816638384631,0.5205335294085007,0.4621480150035491,0.5489000910111964,0.4792025113879255,0.5306002219243938,0.4707633912524979,0.44598212235641715,0.5058960806307252,0.40412798578968623,0.49789480403389186,0.4844790881271086,0.4468474823606469,0.5422235948064253,0.5151360437657211,0.4459689707355162,0.4127964373649676,0.4065655487416539,0.5273601239330844,0.459938177783239,0.49164648988023735,0.5958174070200598,0.4512315317614771,0.463714285352264,0.46052942131372016,0.5246122205500053,0.45304934009068587,0.43187764429157793,0.4694561680558191,0.4417005424911768,0.40230406393885493,0.4420465664460694,0.47076321231882723,0.47582112287359246,0.44778133829268296,0.4369249467750552,0.42821207591067145,0.42770958085559074,0.4410953968007149,0.5243117764231012,0.5217871008505828,0.5126013250799116,0.4054211937044637,0.47996525096576476,0.4709281501272898,0.40879204515742634,0.4525318327106313,0.4343936377993038,0.43343719295127964,0.40800890234608017,0.43328850559414117,0.4316277560984155,0.42645654872661803,0.5873389076487494,0.49360257537098684,0.48622933306454363,0.4301295986400092,0.45210896009095836,0.5200425815658959,0.42020468227141056,0.4100609597716733,0.44286603929047197,0.4544835014420395,0.41551491143169705,0.4411887350236689,0.5187052075003671,0.5356472698414461,0.4896123231454958,0.49916258646168504,0.5992810358962712,0.5326971232372152,0.41712652282582857,0.46610782809489454,0.501729700332307,0.49369062507131983,0.450215139126254,0.5032413178147558,0.44430357739974763,0.5160011180917242,0.44713229505406904,0.4246640085166376,0.44148983021721916,0.4562717918157113,0.4139769012800367,0.47054405469757504,0.43361986863073354,0.37897962992735085,0.4001288778310381,0.515739871909487,0.4570862993772894,0.4181514591557758,0.5243128589370714,0.4371398843597429,0.4565078531622165,0.4054627473818256,0.49699375251158406,0.43907139690852126,0.5299123009324958,0.45925149722707687,0.5309733052738489,0.46984828270865286,0.4535119984848747,0.38080293575447466,0.4906622315230062,0.5159013919661019,0.48086603127684835,0.49569389698608896,0.4788544272076541,0.575459608974089,0.43405042577455444,0.39966047723499637,0.45483345748153386,0.43957097664171396,0.46828494703860896,0.592367298205239,0.5007811263902467,0.5080371208138695,0.5487022131447329,0.4709523245933136,0.4308968834648898,0.4739979324281514,0.47288665358454923,0.5016386746424074,0.5356147397385881,0.3949647172940499,0.4857373632032391,0.5101863371341483,0.5070970661528055,0.4876895065925961,0.3683313285465325,0.5669123007388136,0.4262513695922362,0.5179524956264596,0.41059850583231583,0.5196519115757182,0.46505588373797935,0.50083235327747,0.4091681774394687,0.46225668880165127,0.525516350099358,0.5088047153636649,0.45573995284648194,0.43908504389436925,0.4326683738345369,0.3992557708768048,0.5573573889364595,0.47503408645448536,0.5766697158828484
0.5066636166503798,0.5457950067022014,0.5577560286003613,0.45094560442191906,0.4225828809807572,0.5211786692114098,0.4770570660768629,0.5576206806531325,0.45028141755228956,0.0,0.4877426512727316,0.4711241906184158,0.5740267470541915,0.4728857330074256,0.46533664588447665,0.5358951555137806,0.514782640226556,0.502560458716371,0.4481089628975072,0.462036458172045,0.5013554074766091,0.4923722122003796,0.5274247189070347,0.4487437481627127,0.6452316720335692,0.45756898355379394,0.47686368482631936,0.4874577361013581,0.5517826848144087,0.44319462068744964,0.48275812796141443,0.5619818792715299,0.45187248622679493,0.4655033501189556,0.47213801773008535,0.48857756311218464,0.5625243397047804,0.48197020373655963,0.40867638021092084,0.5309995654227927,0.45570146740784906,0.49712477293211355,0.5049641207729533,0.46291507342276256,0.5395538589962722,0.48337625638158105,0.4732336249592483,0.49891696867058904,0.5415410522442952,0.45672664168971505,0.504783601324255,0.46408851189688294,0.4055557251224159,0.4744103311997894,0.5327489205698589,0.5447283844178953,0.46725655371944674,0.4974740837499529,0.4757903842873549,0.4741406714962442,0.5157056066623301,0.4315651340237616,0.4745981314646996,0.4273913724168494,0.41506870978106264,0.43375918236258476,0.4778467218935363,0.5091078758798485,0.4661593995921391,0.5566822318073078,0.48657876617350987,0.46342913766466903,0.4418570024218824,0.5318721649181323,0.4755319854228051,0.4599168483004276,0.4730701824574683,0.509318189010126,0.4478631529762029,0.4244012171595322,0.48734269483285625,0.46327404964043745,0.5136048448883572,0.4871861871018708,0.4922242399612143,0.49601835663851307,0.5351760842963025,0.4672319163978227,0.5391176886659909,0.43582971833920314,0.48764713732421344,0.4826655393848259,0.5235673109870902,0.4271642181401968,0.49411199613558093,0.5173160488627273,0.3986561868982717,0.5169971776784283,0.4156905275108474,0.5000136476248379,0.4490844878492242,0.5123169766070566,0.44242769759133,0.4799202985490504,0.4913843076573259,0.5052141564378545,0.4811480979321882,0.562925892701892,0.5182311943012539,0.5182066222764367,0.4604627785739208,0.45762524369143054,0.5166705085175217,0.4579856627514878,0.466480522333437,0.4851041569472576,0.5141273787272563,0.5070828530071597,0.4863954129787714,0.46233629518610514,0.4229247177102892,0.49455394925636303,0.4827509171312759,0.5158245164813149,0.4364174668566058,0.5301927437662385,0.4273354154451501,0.4746748082017934,0.5565971800298004,0.4873778041155897,0.4881766595083915,0.47471094514341866,0.4364185577119442,0.40840444572766843,0.43844789472793044,0.39990200635377837,0.4474466498668724,0.47718515911680204,0.5386548999686913,0.47702256957113953,0.4486800413805625,0.4961427735111757,0.5067243862801939,0.4820115897320406,0.4977151149344677,0.42130525195067414,0.4493731239602303,0.4860542905845752,0.6537640364207197,0.36941384397645877,0.4601983668452056,0.4732960215756775,0.4131233510755965,0.505753032865232,0.518478303318658,0.5038023859647135,0.472043730910544,0.539930694603253,0.45433162890883816,0.4990570133927882,0.5056903572168804,0.48838342054787237,0.45424874062585646,0.4402776472693831
0.5188687894602106,0.5215482651524549,0.5401692348612918,0.4798256761724265,0.555439744253127,0.4869135404806347,0.4583760511159561,0.5112365188952129,0.5038622667080193,0.4877426512727316,0.0,0.5294254872042289,0.4973544825399409,0.4556377505293687,0.45635457116500144,0.5782117538505392,0.5654609879435926,0.48172437772691434,0.4931979736182231,0.48400265273210163,0.551731440941649,0.6060707498938377,0.5453699862729229,0.4935263601207989,0.5537515619107274,0.45902293551286877,0.5182389986054077,0.5385653738388426,0.5276144134505125,0.5078906025589137,0.4653369147131716,0.474193337926228,0.436164834671283,0.4505993749283009,0.5178023121905198,0.5017558579456598,0.5257369220622287,0.5351329199725734,0.4704260919812031,0.5215636055783399,0.4688987739189742,0.5804535242183388,0.4619963086233608,0.4914574000637114,0.4757808386324745,0.41427810535595666,0.3937062089972624,0.5431418429840951,0.5344998690771325,0.46767293951614836,0.49101179712246,0.46706549784289,0.38482716305641346,0.502189980532182,0.5407501493829985,0.471038311917972,0.49980778093894135,0.6436639394759719,0.4195970966000218,0.4593191832402279,0.4867524066361065,0.38431954277816144,0.46581787823506954,0.4403743863155916,0.39845196652227693,0.38587401726428344,0.4491096517657855,0.4297367421772829,0.4408025365653234,0.5684779222820471,0.4666819592506577,0.441148778271829,0.46629760005602505,0.5117804924250675,0.49825019245584506,0.37999507717193737,0.4781263703704792,0.521493050274906,0.41504369435750615,0.41306833997888726,0.4231584264632851,0.49268133829463234,0.4893567284912237,0.4538568747892214,0.5135997069576416,0.5107607083071959,0.5415178881480386,0.41197955343503206,0.42580625510253695,0.43701296088277003,0.5839784407227437,0.4452823653318526,0.5537161553526636,0.41393135348593546,0.5230744898513381,0.46614082617855623,0.38667976503032514,0.4570005238761935,0.4371465318287162,0.4192319979612219,0.44601430226431327,0.4633365771966616,0.4101454434860396,0.41801125779509485,0.48045708459374803,0.44557698412895674,0.4279012582339892,0.5663165378699937,0.431298096161731,0.5087077206327573,0.49877389271527145,0.5160143748482078,0.46882233050291156,0.5060584109106215,0.43233081344996543,0.5336861433266348,0.4398447666858438,0.5060857887503389,0.4749938650433825,0.4767540168841677,0.5101848472472525,0.46797659702444244,0.5143363288292964,0.48546091989036033,0.48415496634893335,0.4654518863401508,0.4071811629743583,0.4676192804755895,0.505817774107282,0.43338065654099855,0.4739217796172129,0.5103057423233688,0.4618367803554435,0.5158189904294359,0.4851423143023913,0.3864261372001576,0.4202228078814139,0.48135699814342325,0.5436407928616946,0.4839961952878829,0.3928711675977101,0.504764329044379,0.5028440575369529,0.5340210053312422,0.5195697525419924,0.3916870103197956,0.5180389592819982,0.40213424025747496,0.52701933368205,0.4093744266948573,0.5092911489388426,0.429573769626942,0.5479706678758246,0.42314084857161427,0.5002461174855674,0.4814480955399776,0.5340948799246127,0.49379022658696026,0.46842037048366736,0.4796895387979029,0.3819174030022686,0.49204516220633476,0.4307371216939623,0.6352197972934206
0.44728149586327065,0.5539826755036511,0.46386803758891065,0.5096742036016229,0.4546402990517136,0.5231221808044126,0.4598549401972616,0.5286849810689769,0.4520247119162704,0.4711241906184158,0.5294254872042289,0.0,0.42880315945830694,0.38134864228305276,0.4831728577780795,0.4668011856640077,0.4516133791830871,0.3999034010406516,0.5531113769905946,0.4325285876398272,0.5376020395120279,0.48342619848587226,0.48810422157812666,0.5404255853758524,0.5588261991690969,0.4427394207675196,0.41344239090382123,0.44422155540716535,0.5038940447658032,0.4374827445329569,0.5349149438846363,0.42589314014749213,0.49922391432095575,0.49722467951801125,0.4685646217759837,0.48576207239989394,0.4927411692367574,0.4542980031255644,0.537525423851046,0.46617093618431327,0.5265679802763993,0.4750562847149755,0.4304098929033487,0.5414350790476324,0.4785140865886883,0.41049648504505726,0.3830790712370624,0.5235126947851524,0.4680976195777458,0.40968366947999535,0.4628115293549061,0.4784578876283532,0.3629617475306655,0.5444221952257988,0.5226752112437096,0.4904190519077033,0.453802915589164,0.5863205221095689,0.37110934137927315,0.4262980694772302,0.4761158259325527,0.36157460686314763,0.4301960566754057,0.37816989512989074,0.3764205476719531,0.3725077213859539,0.42629054043109216,0.3997884182288318,0.34934919063353326,0.49141483078286263,0.44125947867326826,0.39880549725680003,0.39003842673998695,0.45049522120460056,0.4296729735375843,0.37821293187571625,0.42402036073460364,0.5016240689615267,0.43668212868376066,0.4196083946220117,0.4278849781507414,0.48730993118456944,0.5010141105971699,0.4278464473975781,0.46798151455176495,0.5092049361722994,0.5116444670545104,0.3680266420389198,0.41978856404231357,0.4903448628355525,0.45994246524453025,0.49183987524085504,0.47757703989785033,0.40512056207357466,0.4447849457154325,0.5513190915860009,0.3945028139579413,0.5284668669962685,0.3961787840677305,0.41552160703765545,0.43943759440450086,0.4417894273416927,0.4170697641539938,0.49378289848496587,0.43191862442401335,0.42869829990101127,0.4166524842467228,0.5161209391324061,0.4227870651578415,0.5518137589104022,0.5446343269105656,0.45752542596878426,0.43256288251469227,0.4292240009677959,0.41889156784058534,0.480795926547469,0.4426864182990679,0.4296539963736041,0.4568805604600858,0.42733940675826626,0.4341481563353129,0.47818580080376677,0.4818453520955499,0.5190232078524137,0.44035906523793883,0.5437645854802702,0.3707667427992903,0.4903949954542472,0.5309501148973136,0.3981364572939509,0.4290265874959468,0.44458590868213954,0.4167519545489647,0.50933256574361,0.49261650698993936,0.36785054679066453,0.4376573563975647,0.46393759168536136,0.4721072312028223,0.49786534542769495,0.4128454206359457,0.42906032828542173,0.4778927319734078,0.46145943549621526,0.5114276348341766,0.3750505307725142,0.5556042494113261,0.4116644031352955,0.5106304134989413,0.3726818337223926,0.5357288257321874,0.4317740165920394,0.43724500191406956,0.40201497919019186,0.623903685320828,0.48298737309230894,0.4685467052695406,0.5595237598566936,0.46546201516161045,0.418199421453575,0.37464219351228245,0.4790826844065268,0.4346198393758985,0.5188897547590069
