0,1,2,3,4,5,6,7,8,9,10,11,12,13,14,15,16,17,18,19,20,21,22,23,24,25,26,27,28,29,30,31,32,33,34,35,36,37,38,39,40,41,42,43,44,45,46,47,48,49,50,51,52,53,54,55,56,57,58,59,60,61,62,63,64,65,66,67,68,69,70,71,72,73,74,75,76,77,78,79,80,81,82,83,84,85,86,87,88,89,90,91,92,93,94,95,96,97,98,99,100,101,102,103,104,105,106,107,108,109,110,111,112,113,114,115,116,117,118,119,120,121,122,123,124,125,126,127,128,129,130,131,132,133,134,135,136,137,138,139,140,141,142,143,144,145,146,147,148,149,150,151,152,153,154,155,156,157,158,159,160,161,162,163
0.0,0.3235285108219222,0.31676603404895837,0.2519150411656548,0.3198579411708404,0.3059589820236878,0.27130645978465673,0.33021233541769585,0.33192486938688165,0.35007948111066317,0.33185830651530634,0.29915201231605854,0.40922739315386375,0.26195672593224445,0.31933540901444946,0.358870757031676,0.3628204744438619,0.42474545454399687,0.2914528768275945,0.42888055924685303,0.34981160917609505,0.3322549422852812,0.30352756799683756,0.28234709554079,0.4209132346364428,0.2552107903466517,0.25055703411500374,0.3164990136696797,0.26183218283262455,0.26794836861817156,0.36307328176192394,0.36036787806168286,0.24811938878029144,0.31809298966064437,0.3829811981348984,0.30404750643395484,0.41347101726969776,0.32439150608658074,0.2761442744354274,0.32100989708075905,0.256746034258764,0.3311378019095981,0.3507171447003755,0.3214450437312483,0.33878921857161604,0.3840512783903439,0.284566739819876,0.33842709278763183,0.3685368298904952,0.3562707905725829,0.3760028127629053,0.30947473713000895,0.286012939807184,0.2821595265752975,0.3042821193908991,0.3046852950861572,0.4086844453514373,0.3305897856679636,0.3001540788736846,0.33214913822564646,0.29942498506980425,0.24419395668722751,0.3156921657249522,0.24960636927300822,0.2964522020611608,0.317210432776473,0.3043143745861108,0.3140743796360851,0.27729302361441377,0.3688610018767437,0.41019742527789077,0.29049249327421545,0.30375725832966716,0.3484280103354332,0.347463141071898,0.32267703678498055,0.26121352997463926,0.29665500353167945,0.3094067449534453,0.24123068873434533,0.29488848170274734,0.37215142315806254,0.31872250559720794,0.28570399281649517,0.330121541234415,0.36173725162749026,0.3292358850860966,0.3369062628834451,0.3777913383216092,0.26889407977479335,0.3779126588138992,0.3208604049792351,0.37529725505134726,0.32091938356240046,0.34260776788205693,0.2833639149677889,0.22045206499989806,0.2924350128414564,0.2416300138177836,0.34597346639246024,0.2692442920183972,0.2901381923986867,0.2558311066306638,0.2676234269950797,0.3601308480484191,0.34605197089349155,0.31007642909262967,0.3621256156104005,0.326961437684047,0.3371714869108471,0.3074866571209916,0.3468259713392139,0.3462219897690707,0.28741317308002523,0.325024827601885,0.3264467147182191,0.34901497613079335,0.34170916311224453,0.2599728878031461,0.2737367204190717,0.2935628947064658,0.25512015731759924,0.3338795320715075,0.3966039699201346,0.28158558659823074,0.29414776375497637,0.2529753579133322,0.2658245978826418,0.2934873519275087,0.29485504389433814,0.2677291572390301,0.2807658665635574,0.25393729474130217,0.305671064083087,0.3026728123507014,0.2836816531733853,0.3146872691598146,0.30626241017443134,0.3083557343042496,0.37476737190544646,0.23444152825969242,0.299249944250766,0.3967814886912919,0.2956601683536455,0.33234222139148856,0.3163225955406732,0.32034434873543927,0.28794878897272874,0.42129026198385894,0.19677546745800154,0.3765091969194797,0.30703315210435805,0.3188184233887544,0.23299912192475966,0.34781250000627995,0.36430980609586877,0.276498805595925,0.31337836325507507,0.24907602152914074,0.31037454112046264,0.2590897878191851,0.3295876268736143,0.2395095580303199,0.417599685675389
0.3235285108219222,0.0,0.31759833580064767,0.2792673866887689,0.2641250483506483,0.3455677373889671,0.2793400239072042,0.3827400872752994,0.28007514457536503,0.4028298274715384,0.30247137051171175,0.3204083587295848,0.32768521488819635,0.27814172869765663,0.3290339900463457,0.27586567905269876,0.30719584254800547,0.2994906806665574,0.2707818788742556,0.3113674217133062,0.3038039913997661,0.3590950538539016,0.30642145047478686,0.3207788655879426,0.32970019691757607,0.2524054945993605,0.24709756756780368,0.3040114467260242,0.33287666593155435,0.22560249834121895,0.3385718582937459,0.2682969072935185,0.3121458543577074,0.2745281356049658,0.32226040127434125,0.29801177661988104,0.30273449884320214,0.28640800997474175,0.2774224946405438,0.3046012532299254,0.3355292691864022,0.3029253885787825,0.23134590121861992,0.26585255922213086,0.3761459024206315,0.30608284743779945,0.2693519228465755,0.2645904539885377,0.2948344387769336,0.28100495377257706,0.2965240835835956,0.296430868914422,0.3084908691336112,0.3303930691271377,0.2914281466578607,0.32195929475086676,0.3015693091614236,0.2811482622359611,0.28318431945284483,0.331766936190572,0.3262889417976441,0.20598921103924075,0.2592413100857495,0.21484778353303927,0.24406744434977953,0.2504604585582166,0.2980894631431723,0.26635080423141755,0.22988820095340426,0.3110906626716194,0.28450117931023905,0.27569295859210835,0.2430259616387716,0.3238140743127454,0.32070947358749446,0.25610707731473537,0.23653484235647204,0.3264833105640156,0.280570345993601,0.22323569012830904,0.2608496680042611,0.3050052841770236,0.3500173356414347,0.27948305219785746,0.27220532691205035,0.42018200001958095,0.26157904960589656,0.2343023465187608,0.29152166979964245,0.3231774400569119,0.27146891422756564,0.2951280204104382,0.30207547243760546,0.2814153437740182,0.2996074845005659,0.32525670048424715,0.2269860575133619,0.2922917218715193,0.21053381689859932,0.35218443611189104,0.2671536132479753,0.2164105438028021,0.20583365240413548,0.2608627775325746,0.27082299514528646,0.2963522593090538,0.25652584641221376,0.3864107560314011,0.31925461055549215,0.37695603213329165,0.2593821998886777,0.2568975252402436,0.2943455033272197,0.24454286384709742,0.3396794104078176,0.46682387096475875,0.30423935007891273,0.22280309023712083,0.25743009149085677,0.25481252679612315,0.27879991119259045,0.24805275827030526,0.3003098240794841,0.35228399371112923,0.25960405402280406,0.34544453251568674,0.24589751887732905,0.3090467506046808,0.3348120463819847,0.265514516541781,0.27934521243494226,0.25349801468159505,0.24178315948327314,0.31714853228624107,0.2825923713004446,0.23922046000495287,0.2862379530441223,0.31387526510919755,0.28518457545091364,0.27119786903747295,0.25312074838937876,0.2556319525983901,0.3809090798233554,0.25465959654554554,0.2941520982453343,0.2613132660476443,0.3330310387644231,0.2929694320581239,0.3559800133070755,0.1901849861944948,0.2813066353570282,0.28641847936177617,0.2633307763356972,0.2659494487328573,0.30352503954890314,0.32117746960362314,0.29138379551898497,0.3478981658153401,0.25389661652311035,0.23771965296931205,0.2737869827598284,0.31530176742518945,0.2249784758466798,0.31907189760069626
0.31676603404895837,0.31759833580064767,0.0,0.25474176228342194,0.30892826117740657,0.29917679640409583,0.24956450651712123,0.3155852096205392,0.2559722759124712,0.3387985401802285,0.32417912992047904,0.2576809291864206,0.3598350940283314,0.24936972639160138,0.2883531210190015,0.3479409494957223,0.35301067288192645,0.3251194318834165,0.22519443178937534,0.2666565135310432,0.34564337988056876,0.4551413320453545,0.2625859972589615,0.28971390853157014,0.28279472923106175,0.29488503462891075,0.23687085563135285,0.28718991780642694,0.23846830667396213,0.231500754481014,0.24207972731249658,0.27202627685529646,0.2389661250965115,0.23765928603211225,0.2515949843873156,0.27127456205810313,0.31851351362645114,0.2757120752002014,0.25112392716543086,0.2972588820895028,0.2657872147626492,0.3228914659724392,0.2666074918878798,0.2495548173909439,0.325837167852664,0.3103249127293604,0.2741969189550651,0.28751649519386424,0.2826908331112902,0.28097357062904954,0.30293996741646745,0.30690892802130715,0.23163704036722108,0.2935032505550164,0.2578267636678903,0.257854594850533,0.2719322402759062,0.2951780656369559,0.26470751435164097,0.2822055609140274,0.28972973299428634,0.21785223411728075,0.29733912447688493,0.21840178055037332,0.23902040293075094,0.25919363464141354,0.2870543249698855,0.3395709332582904,0.2848650411805476,0.3044304211243995,0.34399169019015124,0.2264057484517865,0.26372883214643345,0.40907795786649115,0.31192251544653277,0.20957958264997867,0.28328724578416065,0.29972192098154665,0.2566151227031814,0.20455073618328115,0.27116842551344045,0.31182890518605066,0.30401540487583717,0.2757355526110806,0.25856446367114666,0.365676879924125,0.24293944265352252,0.22468989410425202,0.2656202227758176,0.25065344148193053,0.30581783907444754,0.23195006418921713,0.2770996563050628,0.2217232823881559,0.2975460839421026,0.25512557955241105,0.20835156595331045,0.2576290868470231,0.201493163078768,0.29941239975542266,0.21091088017933984,0.24332726133003243,0.20572866694020034,0.24242864546489806,0.2639457352491485,0.3568163103937944,0.27092274073107586,0.3021512570620174,0.29328817469979657,0.34844703152379064,0.25255679677872384,0.2524826080425731,0.2767253963186617,0.23616813736285994,0.26288904952602404,0.3553977263277493,0.2273537691598554,0.2545259767746805,0.2772171387351126,0.24835063188826362,0.274332319653147,0.22871122710207747,0.2596433263593096,0.31069983176536387,0.2100230073247774,0.2729487565709553,0.24678917843909873,0.2797991322033491,0.2831812557931809,0.26612863862318015,0.2444872006849778,0.3412872860889079,0.21049560675530962,0.24239800026459224,0.2751973649831984,0.22660989182941577,0.23009240738841635,0.25147681573875835,0.2809168734677913,0.25463129235755266,0.21249679825421905,0.24532042846606605,0.3069968647666937,0.2753221343186754,0.26831765296393667,0.2294219421088382,0.3344118723382612,0.2873717933110438,0.31850595253153696,0.18963623639238078,0.23457760310590894,0.2069807219664861,0.26663142993899897,0.28110061241014783,0.28487890586408166,0.2997499992033734,0.28991165408629205,0.3268948758585226,0.192266156658018,0.2391979973974773,0.2825033900291524,0.21260332999665768,0.22802798226372523,0.31926300576332634
0.2519150411656548,0.2792673866887689,0.25474176228342194,0.0,0.22667499698892532,0.2507260144151167,0.27629597526669614,0.25064834724981677,0.19766210514221205,0.27066205868143683,0.30057055182530923,0.25892518919452395,0.263462529944606,0.24092110584390541,0.3051121771513748,0.23972098682149828,0.276544347774719,0.26636629736089923,0.254538159384771,0.2354887301214194,0.28558595939520215,0.2668973097256678,0.2581051444827598,0.2512797276106093,0.2720184327414816,0.273605401057676,0.2314767023235757,0.26776686517324466,0.2809846266618421,0.17208527750337238,0.2390878007037948,0.22887281595120615,0.3922205133605585,0.24611100784758053,0.2632098421816312,0.2782920004177534,0.2571617399548877,0.24335454404323645,0.25814840497396496,0.2983543758690044,0.311336443621544,0.22369224343173777,0.23492847482623258,0.2938401635511742,0.2709516195903093,0.27293698512280956,0.1768439370753809,0.26933081307073165,0.25982098558661015,0.24840904406458128,0.31654327650602243,0.29599870664726313,0.24728420323353312,0.38163851675710253,0.2934786446132009,0.20528160352447883,0.2821850437404906,0.2580917934564183,0.26615124061523093,0.2839275591022072,0.31533840632924953,0.19769455426060253,0.2647149910954269,0.19212335648061535,0.23874590792288108,0.26104780978553854,0.30676113237555297,0.20871989218626938,0.23205832041035634,0.25229761660763755,0.24594767034002082,0.23088190967108735,0.2395292667334594,0.34480484067856787,0.26367053804393226,0.21053924999739135,0.2723050593368273,0.2657854602222892,0.24917529117334405,0.18838120246386691,0.2270563093106794,0.2889409423662755,0.22002008019450545,0.24079947072154298,0.2725216295232774,0.2468049661363428,0.25195121799004916,0.24302073778351724,0.2403652124124633,0.21247236305164166,0.2768651408807015,0.24699286269633855,0.261099600231561,0.24049725159968932,0.2830564476047544,0.250736827383542,0.19890039767109746,0.24650643168193814,0.19154505793417934,0.28784381234364315,0.23576605178006876,0.24479305291204803,0.2730608843984022,0.2583577811823195,0.24947914523294576,0.23446201637570407,0.26433289078362543,0.24578931170061466,0.27744388523022806,0.25447675785289314,0.3051679892449952,0.2487077768757771,0.29266992622183235,0.24008478652794732,0.28221183461928057,0.26251844114567663,0.25131667683247544,0.210119758747832,0.30089095027260804,0.23711056620287527,0.23749125112901806,0.2647531623491466,0.24475822097506572,0.2657061720303147,0.20676727871771663,0.2824914321799311,0.2310311881821764,0.2307192382178097,0.30701735362480553,0.2705519926328867,0.18147660278256533,0.2365352130625213,0.23499164584943402,0.262778770143792,0.2677624364915108,0.20282488173761562,0.18258845305798627,0.28062161456425333,0.2808858357236049,0.24878934218961732,0.35289212586655855,0.221141644352187,0.30452055003833917,0.24644158084005865,0.25542077585277,0.22076693578729975,0.22704627709878583,0.23991354058126227,0.23524924959808155,0.16554512668733573,0.2847114738917222,0.2578255463568035,0.26080504782920777,0.21034506242123213,0.2839253853565423,0.2526741031166028,0.2466529378429311,0.2629594806304901,0.34575690201468634,0.23205016242595014,0.2582993279010104,0.2391478570692279,0.21993614376070644,0.2714663204224663
0.3198579411708404,0.2641250483506483,0.30892826117740657,0.22667499698892532,0.0,0.23545185069954844,0.28238375920940706,0.24620463227109632,0.24531790072376844,0.3016987701639041,0.3160040006814774,0.2418385767858215,0.26429659542937856,0.23941705637091054,0.2838653729706899,0.307224560900901,0.29975115227878485,0.32244145012796366,0.21844505439518516,0.2529733213059053,0.3049701070784515,0.30952819361411504,0.28767132423954084,0.25819101614724493,0.2881010260600205,0.2699517011283607,0.2193508705260356,0.2396768408305243,0.24382326667464696,0.23245948917588494,0.2696958370102835,0.23991114354303336,0.2196223203555522,0.23842426195054484,0.3379555686883488,0.2790933016893294,0.3032742509600133,0.26319196726508104,0.2582991275827998,0.2623681632910017,0.2429474633561119,0.3045786129035725,0.28041100898590515,0.30802878236800796,0.24676958939891097,0.2608177033946587,0.25994576958224924,0.34833071896543233,0.31312354005793985,0.2637076704070324,0.28993507400031576,0.26291862067468574,0.23001541991725033,0.2529249378158244,0.26613653955145933,0.23639795728159732,0.24682972184034593,0.308007140636726,0.25047170596698565,0.24021855343645812,0.21954599138800698,0.1994582303605341,0.2514785231832034,0.2329762098023541,0.24227487128221548,0.21469943254871468,0.24809351685253325,0.28361794744772395,0.246964560091434,0.30184043150321127,0.29722565586056915,0.24982639370226292,0.23307254749500017,0.27823160806228636,0.24365663165106635,0.2194585259222263,0.24105820856944535,0.3683127684271218,0.24187271134774646,0.21192223735220303,0.24825475809279796,0.2946992034944749,0.29295017901807696,0.21999606703622038,0.24943707504864918,0.2587331783000008,0.25169094355785987,0.23596667413840025,0.23844574483636072,0.22137486639749382,0.3990514697005917,0.269279235448722,0.3149693744545963,0.20667442526441782,0.28604914405685383,0.2541778751340848,0.17262720302540413,0.23570826146390542,0.2225947078119352,0.24504617014838617,0.22318452764351132,0.22482110788656604,0.2312185474227809,0.2347115008914132,0.24555921096595693,0.27879965099510223,0.22197070527382307,0.31806124114833356,0.2839896119814174,0.29121392251970285,0.26305102451686696,0.27853196496461885,0.25378854979319215,0.24957318205303794,0.2498743119295427,0.27044929235220744,0.2397387892096375,0.27248610930093614,0.24193101272607936,0.2620708642942713,0.32745795083056267,0.2258255267890578,0.2450748721072112,0.33014758588703924,0.2391917265307553,0.25235375327778803,0.2105026115543943,0.2459895345172015,0.2600824545310379,0.24286025202702097,0.22001558221153697,0.23820759416026996,0.20374435705416613,0.2560105202454514,0.25712286299331366,0.24823797093559224,0.23377425069058214,0.3030318247049353,0.27012104763566697,0.2757296842804333,0.2076423202527054,0.25781022436348183,0.30035374567559275,0.2483003341970823,0.29622201910409474,0.25770681562235026,0.27798212283511226,0.26242303515146087,0.2867737782470462,0.18224779179814768,0.25488801559532076,0.23916836876671244,0.2667362737619592,0.23540614110955574,0.29290941273433113,0.286696444156756,0.215232119774084,0.30446703516740764,0.21863855380498226,0.23270404273770517,0.23613444847147252,0.24860891115639167,0.22569841959978776,0.3806701026847009
0.3059589820236878,0.3455677373889671,0.29917679640409583,0.2507260144151167,0.23545185069954844,0.0,0.23363248700299571,0.3173024235419946,0.2789270458480722,0.2788927087196727,0.2678944552683258,0.3571231399700534,0.2933303001157807,0.20440075106441358,0.27194635001346545,0.2923542300817112,0.2908987553185045,0.22738566538884955,0.30117255759977674,0.2879680694788173,0.32135664532447755,0.28683176603593336,0.210821260885747,0.23397948062090426,0.3179180645393992,0.22712472291938682,0.19708748104036625,0.2514017771354608,0.25164909328575297,0.23904089041336324,0.3146423545154898,0.32163855616892567,0.2822899569792457,0.26280265029982464,0.2685505749512061,0.2540820424243491,0.2781344941795122,0.25368128903639636,0.2507852972179159,0.22527452198524955,0.27606953031678866,0.3113142659671024,0.25043572362743166,0.3029554747554802,0.2684799230430727,0.2553181679955301,0.2481985378192085,0.26362096276471125,0.21980008252640051,0.2738352832016884,0.289022610582718,0.35877884440953606,0.2451093118160334,0.2934616222333602,0.24970750370765368,0.30954440327585137,0.2851654736687677,0.3927039929716601,0.2068733789701806,0.24843450135206302,0.2882888867947538,0.23950439866917117,0.3245171502445038,0.1866642242981665,0.2389491234035986,0.25298871358282427,0.23829832641860432,0.2622263432084519,0.2007325398951047,0.28256711179782595,0.2914912190320228,0.20959769634241943,0.25958998567061514,0.2800739509205257,0.3341349757572195,0.23606288593460048,0.22751268633458915,0.25197031198168884,0.24702330329503527,0.2591771649305867,0.31040551849169956,0.3073329205481724,0.27771752489410806,0.26149231663734024,0.2870259188025224,0.3068212666681717,0.2996001968511319,0.22579851642443194,0.2861364996511068,0.24895926030203513,0.2869260265998609,0.33501237744080786,0.26503608830376385,0.2510997195499358,0.24762223266633757,0.31180680539831573,0.24455905726770563,0.3430297024152369,0.20715717180773172,0.27579456328792423,0.21019347308007846,0.22659544081166277,0.23665371019266138,0.254505218619193,0.2881612105789757,0.31038897109670427,0.27906103939841775,0.30122621036141417,0.238803044105713,0.29319878651640796,0.29027883083001105,0.24555473704412042,0.3266027573381226,0.2514083645686324,0.26305711643189644,0.32435421881656584,0.3130499233401238,0.21523895508572863,0.3010062048995275,0.2509735332213863,0.2424459899815099,0.27058862076411194,0.30342038603054466,0.31073853354152353,0.25800338719409066,0.30284256321833675,0.2622180788713988,0.24126852136122076,0.2957904090630619,0.20821607919923418,0.2774955845146317,0.34723944465077206,0.22018673250410725,0.3008198070613552,0.2579800059878403,0.2217710638463191,0.2499927567491901,0.2264168327935371,0.21412091289850937,0.25593864480184253,0.22954025865724598,0.26924573646080907,0.29043650154811645,0.2608213114692748,0.26802286454666857,0.2636574533142523,0.3277633078986781,0.2616443568607077,0.3148143773301281,0.1998108713613833,0.27900179467706643,0.2603378249263471,0.2182522771566023,0.20638907478403978,0.3498902880138873,0.2722156886917719,0.23986300813438124,0.3409488922576458,0.20974901344507418,0.25143294000303357,0.21557980673834987,0.3043606149096256,0.2274752272829049,0.28525597227371424
0.27130645978465673,0.2793400239072042,0.24956450651712123,0.27629597526669614,0.28238375920940706,0.23363248700299571,0.0,0.2230541095630717,0.20420331547945547,0.3011599611999418,0.28106383296842596,0.2928097006285803,0.2797579139035437,0.23664149527804587,0.3390782374113005,0.23322113661685986,0.23723625108784724,0.27056303935375403,0.24418311547274546,0.21137202445169131,0.24449411054498024,0.2815929355862356,0.38647319405507996,0.2970768276549779,0.30309465752571607,0.2697540948314067,0.23663675867432743,0.24017951969309612,0.2741513284191074,0.2148865479627091,0.262222850719011,0.25054054548447763,0.2667190946338372,0.2780050191598143,0.2547550673105752,0.23552151813792865,0.3101710397335309,0.20792172729348957,0.24095195936709995,0.30328889539447396,0.27553014084662747,0.24781140473692018,0.24642649240996659,0.28427630282196636,0.284799167832826,0.2663328309743927,0.24735801885969474,0.26355552825695033,0.3791539110131654,0.21560115596631227,0.28932268395198074,0.24207873879643463,0.20201216553026563,0.28638098391495903,0.3008198292574609,0.23027110604475612,0.22879714922977573,0.24667583358497575,0.27388985086212747,0.2381183955015557,0.2132019762370139,0.18693093261195817,0.20692001455968645,0.20300344362116585,0.20967513259815204,0.1992769025597025,0.2855182524680073,0.2800325288790927,0.22138627360049176,0.238540646379395,0.2597188517679678,0.21855785644314815,0.20425800675773378,0.2880441868023664,0.19212157623259574,0.23671997440601886,0.2892472206710925,0.31619286884439735,0.21669810618160149,0.19677367162340909,0.21997472224538206,0.25045193141664096,0.25973440224766703,0.19141125488913102,0.2133473914347397,0.24092152943683331,0.21658500094519662,0.24002921471481964,0.24583576006562635,0.22007731743340483,0.2898674918768116,0.3040407933395721,0.2731351753272199,0.21952258317289483,0.2407611882104896,0.2904213038517091,0.16150069615958404,0.26626099347980337,0.19400801631780293,0.2852951009797295,0.22735233371928698,0.22781187799081784,0.2576825299338097,0.25346555362695605,0.2034401538814963,0.25051928736661994,0.20429697645535064,0.2660623681534695,0.30700320700481654,0.29201902616899905,0.3321829825403645,0.2265378875880191,0.237577848506382,0.19657138096714252,0.2350517666373756,0.2647968930683326,0.23458048672004747,0.2655195121403477,0.24984558902061615,0.21096421117783942,0.23275797314633603,0.2116588666005704,0.21552304285622734,0.32261233241711545,0.19840235533924272,0.3141266325917802,0.19619721069259988,0.2664432522550011,0.24337997902650726,0.24284078143063104,0.1875478623885999,0.186606529396715,0.19778536201149477,0.20885878285111933,0.21748904951979303,0.21360726669450367,0.22936176890984392,0.2888716754602792,0.2611364356447163,0.2574818749423008,0.2483330765925584,0.21165490776546692,0.2733326270510029,0.20438454398376518,0.25460673695860364,0.2869839884161929,0.23425431764806723,0.2620027916670402,0.25278593738102306,0.15232780916419472,0.24563852289323532,0.24012906122574193,0.22679699785449284,0.2783704811344705,0.3072345621251651,0.27220727067694267,0.26723295927031787,0.3069475780577786,0.2730088726557718,0.2536931577931533,0.24280863202891684,0.2261984682145936,0.20779833107003712,0.27580635249941243
0.33021233541769585,0.3827400872752994,0.3155852096205392,0.25064834724981677,0.24620463227109632,0.3173024235419946,0.2230541095630717,0.0,0.330318669571871,0.3515983955713529,0.2761841533123245,0.3083949941580307,0.32744133216103993,0.23797560100079812,0.2804958094820847,0.3161193392624588,0.31298436200731317,0.28244362247506216,0.25327857757499433,0.310707777489903,0.30958510956102686,0.290787119645537,0.2564505363500879,0.2513306364511268,0.32843575055975344,0.2511257296622367,0.25435437983646714,0.29853291542796495,0.23616003641994632,0.24137608295532806,0.36923526735597695,0.27996448304799026,0.26175900932288065,0.27389950591681,0.29653961279479124,0.300665722548873,0.3308272931071013,0.32100886647733967,0.2879987209537813,0.26586370195893516,0.26654780598020295,0.29965404955673935,0.2644289957702905,0.25659831530286314,0.3748354790196833,0.31155357557602265,0.2549593965572074,0.2714864576828919,0.2707879395508332,0.2793081787564028,0.29008817951755705,0.2755070811079772,0.26540450357672424,0.26492787639555176,0.2651631253461867,0.30578963186659186,0.289903110306925,0.3376120570246282,0.2610374679186788,0.27978688408824237,0.376212476627698,0.21867019123295559,0.28379252583205455,0.2181043920831498,0.23435389793773204,0.25911121553142413,0.2976015042667132,0.28235720240090384,0.2547143148925029,0.4260891621079856,0.3085313482268811,0.25487819053187843,0.2638051424346396,0.31885053095496246,0.3634376149966964,0.248410129144821,0.2653888607974986,0.2651390467321142,0.3470695409990082,0.21301416844117174,0.27093991034561804,0.310369885066986,0.33593458944308136,0.32244004036405555,0.30597449881258587,0.4418468337765974,0.36845867503716045,0.25986834568298833,0.34395274460936387,0.3189620743477355,0.2783319436417859,0.2789905890270092,0.2805308337385012,0.2505148970780931,0.311916310919421,0.31276992778820134,0.2438997337857605,0.2973552765725135,0.20803300295985144,0.32696674230895956,0.2425567732821464,0.280495455958043,0.22681486050920807,0.27552172293037297,0.3108507834023468,0.3418405548398715,0.2822325854887246,0.38587498120621444,0.27540082978256514,0.31731795389545875,0.23482950761246044,0.2745198938015673,0.32238148703162023,0.29198033577383214,0.29878949508537556,0.35633013100777355,0.3031636218956054,0.23141906572931567,0.24276216758672728,0.26415561053527203,0.2610114675560936,0.33597091638551835,0.27905404257476357,0.32280262655752084,0.2510636914708264,0.286036512152831,0.2442453158018858,0.3047044553906894,0.3119822278017145,0.2500985224457785,0.30968148376461463,0.2823632312869173,0.2799877589636647,0.2820037133986479,0.2979617414981636,0.22643527839009425,0.27709588677359753,0.25534118179324317,0.27738770618070857,0.30523790469303513,0.23736462260391478,0.24363821757561932,0.35052634709500063,0.2703433783727839,0.3048560621632101,0.27170163176605794,0.3551603286024269,0.2861463389834859,0.3752868929121688,0.19597162534555645,0.3208537551353781,0.27005484179553463,0.2527171367946591,0.2424084845797926,0.34045960790272645,0.3652680222578869,0.258065763107214,0.3490189595504377,0.2131523484295468,0.2453862734150916,0.2527090528105809,0.2864821625462832,0.25150866530970895,0.31172065229431206
0.33192486938688165,0.28007514457536503,0.2559722759124712,0.19766210514221205,0.24531790072376844,0.2789270458480722,0.20420331547945547,0.330318669571871,0.0,0.2606945405637587,0.23796399617806044,0.2750227930960295,0.2581180094721189,0.2454265714723265,0.2365385139885306,0.2727650520700501,0.2585498521359101,0.28276181163700675,0.24021406652007932,0.307735260263386,0.25957598051635616,0.29947737824933784,0.2188714948185246,0.21488986680883992,0.2875778533161165,0.20814889960380822,0.24100515951377574,0.24134755096523738,0.20802986156533518,0.33481540773770724,0.3457908021372565,0.2795192004071071,0.21067817304619993,0.22222493457877507,0.2813753720660585,0.2451951137057964,0.26022322936460707,0.3270692866640689,0.24817765518866117,0.21536043014800235,0.21992234064371766,0.3500236909379668,0.25467635385821086,0.241067448186286,0.2739957584561347,0.2518254921768852,0.24957849261652534,0.23343121036492523,0.2368031706381326,0.2652574455011794,0.23787895185778984,0.22734768598826724,0.24597644610560604,0.21745630918608305,0.22003202437006628,0.34747226704160117,0.2709765533519879,0.3017275341001402,0.22965008944493365,0.22879165554517256,0.24069019415239365,0.23643979111283958,0.24431494136271728,0.2327041051067018,0.25495752220309187,0.2367494294124082,0.25634614012713486,0.2635423231935315,0.24251446797899734,0.30607116450683386,0.30667257683112276,0.24432747363488116,0.2842852024292531,0.23966438729153705,0.3161627155600108,0.24953808623873253,0.20364124449859888,0.2184975945844948,0.27227933085428413,0.22041256902494374,0.26355708039406356,0.32956943907677244,0.3269097186085763,0.2509510708482766,0.299662055858963,0.34419626454018554,0.302218215924224,0.2720493270854505,0.2770243958601384,0.3439061764515798,0.27807479050029793,0.3036653247567891,0.2503577031779509,0.2340263038894299,0.29657075678740724,0.28527802611411746,0.2501502049417882,0.2806094973080436,0.2622600889226971,0.233732838882171,0.24167528242455663,0.22911432338433876,0.23408627306741928,0.2433844265819277,0.31104362140944214,0.26943930406032224,0.22776103268822712,0.3072423802360501,0.23366009495779977,0.2503974148721882,0.20799612352064858,0.30630614825088204,0.2725829014058257,0.32282279988175216,0.24073773093856804,0.2745221189899809,0.2794101139606192,0.2434690846454735,0.1977672546932654,0.26168679335826034,0.2570616551216622,0.2527703687007469,0.278133446140517,0.2652078581491619,0.34467373988761874,0.2294531478575886,0.24469147630896196,0.24566220091296434,0.22975767541814993,0.24216400365235416,0.44486801592780906,0.2930644482761023,0.23764940294878562,0.3096291158057098,0.2616003562828332,0.2412556626139863,0.28627780659571717,0.22584579250736797,0.2554789590056473,0.31430098900404235,0.21156485982398895,0.27195611776059886,0.29054577548602106,0.308324096434597,0.2785978480095663,0.2694500788742148,0.37622492867654855,0.24243323843150824,0.33522882794642644,0.21901382486350382,0.2965236838021422,0.2532430925095666,0.24688789368985584,0.23884071442148713,0.27975046429491573,0.3141257168184086,0.22484765882745072,0.2706655297138465,0.20579112830716106,0.22730575916020063,0.20815340754630338,0.30814372611985935,0.28831429072298975,0.2923019747129957
0.35007948111066317,0.4028298274715384,0.3387985401802285,0.27066205868143683,0.3016987701639041,0.2788927087196727,0.3011599611999418,0.3515983955713529,0.2606945405637587,0.0,0.2862718618847506,0.2662297051140165,0.34925357933956847,0.273425086512525,0.30712747269303664,0.29714388720538987,0.31279123246751595,0.37053694769242723,0.24376880947867693,0.27401505040565627,0.2854071594082296,0.2993890814746819,0.3865185770934098,0.2728129267609996,0.42582320204722723,0.2665833292454392,0.2745571779630768,0.3042481473226881,0.3075839070537217,0.23972329889830113,0.32666711861184744,0.2860206004935136,0.23682875074570955,0.2769603043499826,0.3177358861820046,0.27505598453100805,0.37718038475918725,0.27426914104842187,0.23019770610359708,0.30476126592465136,0.2454553324740579,0.3186473830232282,0.27552002830200795,0.2580535153901641,0.3351030459195278,0.31884933550858485,0.277125693176285,0.2885740530740653,0.37761908263356336,0.24532146542015817,0.29683203357287147,0.25968709969749115,0.24685904652162732,0.28132347304677435,0.2947055801527248,0.31804240072779644,0.26657892027382557,0.2662777642021415,0.3112836530592729,0.2860918941564578,0.30238472518453774,0.2136919444490675,0.24373155417826792,0.21982364114636183,0.23846400552622407,0.24840599564780194,0.29131397516395213,0.3172482324399836,0.2859958686339245,0.36691947267076874,0.2841950100581235,0.29714441014059945,0.23545510701838007,0.34181360530890126,0.2726166804590065,0.27890628899116987,0.2581728305880409,0.3568303269145231,0.2665612369036086,0.23237392986328995,0.2739992356010326,0.29350122207293805,0.3607153128222309,0.2876592396049381,0.27268364661227723,0.3414253325499328,0.28700236663210105,0.27737599337856345,0.3485655984920533,0.26632694015455727,0.29701979464833245,0.2820949262203793,0.2975855335533241,0.23271415634939407,0.30608366900689965,0.3180031643862143,0.18530274591231521,0.29407158585373167,0.22200732223399564,0.3465242235016116,0.26415591570388425,0.25107932183415554,0.24142030709955192,0.2980917323822919,0.25907299839223374,0.3109162437265435,0.256508139144637,0.4457922729767642,0.3135943172180088,0.352790895295691,0.2546743651880723,0.2605067174110857,0.3047569372233391,0.2737086322968092,0.2915725451788148,0.34859969170744654,0.30580294210629133,0.2841896540148483,0.259960085464081,0.28398234645192016,0.2555354868228464,0.2628938727666383,0.26085117887611925,0.3502595892896313,0.2378647238632925,0.31944078261786085,0.2347978379023861,0.27638280520569014,0.316547900767652,0.2807927462445031,0.2933900426895778,0.23601305899826505,0.2545751886036778,0.24075412052119274,0.25009856291701776,0.23010281542998887,0.2816800827827482,0.30874156192600105,0.30713743547463873,0.2924754604983952,0.25469365717318815,0.2645285601848589,0.352648826610467,0.23859020786642426,0.29514337711259875,0.2988031769406716,0.26233843343351887,0.3430464441248526,0.41980725658172563,0.18442356719436556,0.2659598805054808,0.3000840052875984,0.2463018091714017,0.2747689528109641,0.31557552047579374,0.33078189029019395,0.25366215024027705,0.3884353110891591,0.2526080379359101,0.278307990014651,0.3387811248264404,0.3071934451080071,0.25843353648405265,0.3010487541632828
0.33185830651530634,0.30247137051171175,0.32417912992047904,0.30057055182530923,0.3160040006814774,0.2678944552683258,0.28106383296842596,0.2761841533123245,0.23796399617806044,0.2862718618847506,0.0,0.30576892096310276,0.3285684932109628,0.25105828921457735,0.30241272805739794,0.35275260981408774,0.3670540997478451,0.3313181538324148,0.27394887106889726,0.2762902879924036,0.3322027217865698,0.3439394466014927,0.29623949955100165,0.29665149025704535,0.3070550236057817,0.31121920706217143,0.2599239468938537,0.35173651710332937,0.3134985321000286,0.24429886711706256,0.26988427020220496,0.28428332778841325,0.261941796750528,0.2653620362853577,0.29971290629547565,0.2992159492314137,0.34634374197624573,0.2950363398308143,0.33483087624424884,0.3069065354668561,0.28543199424102433,0.2772909829414663,0.287220407811611,0.3144877019258199,0.28984189063270116,0.29799787874081607,0.20358693406849643,0.3817985393905203,0.33581707366679586,0.2676518950259982,0.36546987248027624,0.2785661758664463,0.24772724401665774,0.34660529714942767,0.3729001794755679,0.2177371910836831,0.33197754542892843,0.3430625361106599,0.2829062662351062,0.3037501423818959,0.3227918418276707,0.1980212442739478,0.3073206252222028,0.21485604829579907,0.22425804027706486,0.25033345989777056,0.30084529427426165,0.2584249856957502,0.2783020362256291,0.31325128262603036,0.3034758663451412,0.24079153376992057,0.2608983904932341,0.3770721605939857,0.31185104176721007,0.24489433401563046,0.34855816011223234,0.31607497327554834,0.2756784023566194,0.22773831732080704,0.26613758466458787,0.27473114523055375,0.27572288083501406,0.27527132604811666,0.2669253769958523,0.28712043427188544,0.28457614041587287,0.2532511430003878,0.2633467566196668,0.2380977284333163,0.38331928736487425,0.22549838758646373,0.37023806852231234,0.273763020487676,0.28961168426622175,0.2584643947588363,0.20060460970042635,0.21762105375365595,0.19981860666899656,0.28256646454530715,0.2713014467193226,0.27163472973073527,0.2295983236988749,0.21778205439816567,0.27093936163222093,0.2667790646621938,0.2559280920730334,0.30065378163627776,0.2789889921591254,0.3160778877992563,0.3405631156274113,0.26786051013071005,0.29319016383481367,0.2741887143707561,0.3157247735787684,0.31957811872546754,0.2744206970017937,0.27996961736191267,0.2677340120184119,0.2526393648722295,0.3060007932899292,0.24337338597435315,0.2681037920830796,0.37368440685264614,0.23134016468428684,0.33932677738795936,0.21073039150740328,0.27780784895617633,0.29817083788102794,0.2555847997366038,0.20844999533949599,0.2869590760763845,0.27530252823999957,0.28524349475657496,0.31536755419782436,0.2390449059849355,0.24137820973878205,0.280920311879536,0.28623292174301307,0.29918486082413664,0.25599487228694506,0.2556297251905485,0.279836392451979,0.259414856128238,0.33708944721839185,0.22686343948739773,0.2682220663787866,0.28012206054751293,0.27160045187783505,0.19393003507799647,0.36161765754794245,0.26042120548973985,0.3624048629460924,0.2198794420581663,0.28487906713578,0.30232367512442987,0.2917780946518583,0.3075136421798403,0.25686421478477006,0.268095219458763,0.24950046578555496,0.27384818706348313,0.21826752048749193,0.4349471893603345
0.29915201231605854,0.3204083587295848,0.2576809291864206,0.25892518919452395,0.2418385767858215,0.3571231399700534,0.2928097006285803,0.3083949941580307,0.2750227930960295,0.2662297051140165,0.30576892096310276,0.0,0.24962164664883132,0.18022695647930193,0.2758541515276966,0.27396173833937093,0.275633455937051,0.22778780957429648,0.3335041343829609,0.2743520601905211,0.31761962474059424,0.26603520629981214,0.2550762563486574,0.280629682119416,0.3545855725970479,0.22911174148961524,0.2219588982230509,0.251559908751979,0.24401359003383077,0.2812117662408786,0.3390424397802014,0.2714184441246619,0.25926790411697453,0.30435587446355544,0.24926324782043038,0.2514124191851375,0.3020697786291017,0.24608187614655935,0.3229975803600061,0.24343600631015413,0.2817969598414475,0.28987994096775016,0.25498386322342953,0.3080631490468469,0.26545259096111185,0.26754830241108674,0.2555150643078393,0.27486589730430916,0.26076118884226285,0.24807436756978088,0.31908962888174525,0.31013886891281284,0.22416545844187485,0.30406269022230326,0.28924633874398836,0.26523948748853565,0.3084967143043264,0.37642994740366953,0.2078919457810964,0.25032053702582635,0.24733327052028228,0.19133411969416064,0.27238878551971757,0.18602418230652026,0.21769919363676032,0.2365563026003006,0.23185041753618962,0.23690582380439418,0.19032308091884273,0.2646238798885834,0.2660786085188712,0.19876847568063472,0.22207309984577348,0.27165408491042775,0.27297295789567744,0.23947771517330965,0.2478611345678789,0.27268469688700936,0.24886348140478354,0.21908894083387404,0.2480053920712496,0.2909486904726588,0.30270363659492805,0.21350371192063242,0.25589174911839474,0.29797672477132187,0.25343288158007016,0.23222915971156766,0.28199759412691033,0.2709952578383254,0.290313706903235,0.2956189024782328,0.2759932379175866,0.2704421974401317,0.23481106778833433,0.3462046916059963,0.20176538715879325,0.2965948395242722,0.18600190496111688,0.25142224776071337,0.21307926653008546,0.2406319532389823,0.24545594455818273,0.2794665050762162,0.2389269369780614,0.266061969027331,0.25842470502197606,0.288278632029537,0.2400689896991709,0.338227704428505,0.39657587276538697,0.2547644981749202,0.26039607297349154,0.2476009675189265,0.2437159569095842,0.3035562656408119,0.2776280352675616,0.25374754589592635,0.2637429118712919,0.22033116243168085,0.2298181702110022,0.25104486767734996,0.24995438929240962,0.3318172072210815,0.20986003792624502,0.3356449013392545,0.2079403288066842,0.27686008523054906,0.27031986808527453,0.2033433449423957,0.23848989080403943,0.2498798388291322,0.216333256080556,0.28558718948952516,0.2591964898386798,0.2049671533718249,0.2935361969168488,0.23049381347146625,0.22162122866232906,0.30453419963847467,0.2133180181449207,0.22210360381665895,0.29431433528983264,0.24048222100765076,0.2795153109074261,0.2913578010397671,0.3857403899660234,0.24869754963011262,0.30130384983205016,0.17993859798136838,0.32232677947799937,0.2704173844640744,0.2548979315579046,0.22091475943759675,0.3888107165053451,0.2647716017746479,0.25396386701984613,0.35193270943263266,0.2161631437016423,0.24232887442056197,0.19065566768702788,0.2588915095681924,0.21414213685167033,0.31674586477639816
