0,1,2,3,4,5,6,7,8,9,10,11,12,13,14,15,16,17,18,19,20,21,22,23,24,25,26,27,28,29,30,31,32,33,34,35,36,37,38,39,40,41,42,43,44,45,46,47,48,49,50,51,52,53,54,55,56,57,58,59,60,61,62,63,64,65,66,67,68,69,70,71,72,73,74,75,76,77,78,79,80,81,82,83,84,85,86,87,88,89,90,91,92,93,94,95,96,97,98,99,100,101,102,103,104,105,106,107,108,109,110,111,112,113,114,115,116,117,118,119,120,121,122,123,124,125,126,127,128,129,130,131,132,133,134,135,136,137,138,139,140,141,142,143,144,145,146,147,148,149,150,151,152,153,154,155,156,157,158,159,160,161,162,163
0.0,0.6783809271979129,0.6240778560993866,0.5320608603917932,0.5694099458619222,0.6328180557924645,0.6068065731366097,0.6625524487856762,0.6087667427378234,0.6521286567950034,0.6171466954928516,0.5789433607366089,0.7341104104436126,0.5573151149497583,0.6407109030138503,0.651449076227591,0.6375877425338047,0.7298837261515613,0.6189572820628536,0.7143557130684357,0.6183698572985936,0.6826827837723192,0.6348936763467596,0.5978595156832528,0.6996795866715365,0.545031215274054,0.5899657922551523,0.6242261506575698,0.588335649095289,0.5367706213527291,0.6409858492846768,0.6725766683017431,0.5632423030637125,0.5741216979535249,0.6536916942340024,0.528435827796103,0.6919020502986523,0.5879946135944236,0.5619132554205816,0.6827077183199323,0.5572300049346464,0.6137804002660695,0.6054849137410333,0.5469219360893627,0.6568652333245543,0.6395041194666611,0.5709146924687548,0.5651716341173952,0.6811704871360938,0.5812257528022402,0.5984976752250932,0.5912667738157523,0.5363149985612405,0.5572771906332555,0.5286810627383798,0.5474102839726428,0.6298108031767196,0.6468232391303288,0.5858513562111358,0.6026195458348604,0.6029945173166525,0.48411180516811686,0.5481728091176326,0.4920087171148993,0.5434299748590852,0.5308765693184957,0.6051467214948882,0.6298555746037999,0.574706298298059,0.7246271318387224,0.662751320155118,0.5335230099824306,0.5361067656472774,0.6598876691541158,0.6296709178140638,0.5937211895465525,0.561083716592629,0.590556540070632,0.577678709055478,0.5036038552978734,0.5561863979471984,0.6639491507889188,0.5831634330017983,0.5625776456402788,0.5426978840743428,0.6904579445724232,0.6553604081291171,0.591980604566495,0.6491600642870459,0.49725560388037554,0.6346755880039943,0.5994917404262987,0.5841525548194572,0.558635536135204,0.5593605550442834,0.5755061689923956,0.48756688456935354,0.581879023082967,0.4822477035699798,0.6284237586223458,0.5127055425948395,0.561005352004569,0.4988803676800385,0.5411085823323898,0.5604428471236971,0.6338209659048875,0.529728042393985,0.6704682718170278,0.6332366454603149,0.6084869000356,0.5674308585161127,0.532731862007334,0.6039251705678513,0.5668185341845782,0.5607669180161414,0.6623429293380417,0.6567913555255175,0.6248139894058884,0.5108710387821092,0.5491383811178021,0.5643309305754315,0.545246177011925,0.6216888935062675,0.6569113944495207,0.5555782672537386,0.6091444058487057,0.5259792564974202,0.5520720146909566,0.5583966784440523,0.5844405470223395,0.5357019780104436,0.58415566453706,0.5483637324043475,0.5851355557796817,0.5795726669678365,0.5103682970460262,0.5894977168938749,0.6288970288006908,0.6818772777824925,0.6446965950977109,0.5157054727892917,0.5606941530760542,0.6957240206838676,0.5217366318259357,0.5780415067382161,0.6303912303946874,0.6001484476526738,0.5956085901918698,0.716264435245869,0.428854393304477,0.6244686594064048,0.5677801764985155,0.5903986693545101,0.5234754752810942,0.6158083110741688,0.655559285829499,0.6396034213300602,0.5903193121562288,0.5371570328269619,0.5271043906816716,0.5383364619979886,0.6361696923019616,0.5306135318877929,0.6920095797343945
0.6783809271979129,0.0,0.6223417850856502,0.5129450688643705,0.5193161105486573,0.6973373095415245,0.5986252525595513,0.7685311640723601,0.6316703601555239,0.6804564745761486,0.5332154678676942,0.6679850944005004,0.6705365280981117,0.507352220803532,0.6280999752041121,0.5868872314798912,0.5617319288385847,0.5736837122224706,0.5774732610828132,0.6259686917989209,0.5754975199461393,0.6403199188137187,0.599934549883096,0.6240914889416299,0.6777876944158568,0.5180673964516158,0.5655096413427528,0.5522214968520996,0.5511647116654664,0.5330421876858094,0.685428123156862,0.6016750698846496,0.5804099753529838,0.6013603348269869,0.5836245904235492,0.5088122311175804,0.645266551426886,0.5216928928910348,0.5446913125589404,0.6252992058470856,0.5427479061584892,0.6230153644898199,0.5219784471522639,0.512331156652637,0.7222772632378244,0.6154015817912575,0.6071694466653844,0.5119105667951124,0.5830735313621825,0.5170099882246333,0.5348463862920656,0.5720647025983933,0.48550378567916264,0.5382282023193294,0.4864862914902601,0.6408687426175204,0.5458369956357675,0.6202704311805529,0.5082662991580483,0.5725975047890621,0.5686224192878597,0.46191409834047775,0.48888855697454303,0.4568058192410294,0.48117108447950324,0.4826437353094613,0.5834173867224409,0.5951077998874463,0.4861027901545668,0.6234318718606634,0.6040180165011426,0.4792888454768581,0.47922587854385806,0.5900012644846301,0.5655697408232844,0.5399753781263937,0.5113634289722488,0.5776242639091337,0.5428178430381656,0.4661783990321789,0.5149129143975444,0.6285274107223007,0.6351883191692432,0.5203983856732055,0.4910980529440449,0.7624333638943154,0.5924479745214414,0.5091914500605474,0.6362797852703299,0.5827970291535958,0.5491953638732658,0.6494056739732498,0.5127501572296771,0.5048166707777545,0.4969722662949104,0.6352427618218732,0.4706102235498222,0.6600621226083313,0.45348448741140357,0.6473311559014947,0.4788173276541923,0.512351559586994,0.46699044828730346,0.5591108409840172,0.5047727021399638,0.6422072765045007,0.49825778598656095,0.6844503710221366,0.6064889551470497,0.6643080875995894,0.5431005688152402,0.4817540446690005,0.5531832111154942,0.5103670831824668,0.5126518515963864,0.7156115534512276,0.5952348555807844,0.5283543972062772,0.48183295032413687,0.5307060684036915,0.5025577838240507,0.5144884640019791,0.5779533323797431,0.6323362203951897,0.49173073730036104,0.611853264175838,0.5039966303871027,0.6285067027964439,0.5500304105961837,0.5250415107861396,0.5804185470060521,0.5360920326042639,0.4925150840470189,0.554181000331332,0.5438895859323897,0.4551517388379643,0.6281239029756736,0.5811989087938061,0.616234173074721,0.5847754126794621,0.4807710613918463,0.5173906386649806,0.6709346210604699,0.47973955915951216,0.5356406769621918,0.6290621677917289,0.6782104420338751,0.5749996047349105,0.7101655471374467,0.41915454842254524,0.5613978976309197,0.5048628184825958,0.5256514126852005,0.5851114586048132,0.6311692730577948,0.6310618554733932,0.5866920264091476,0.651028224894855,0.49204652274036637,0.46677774155871793,0.49837565538954903,0.5597721238091933,0.4984658169437254,0.5852001519017718
0.6240778560993866,0.6223417850856502,0.0,0.5011573017947255,0.6038770361908187,0.6359129510233802,0.5417257844750337,0.6238990556524352,0.5513261607910067,0.6208824090345209,0.5802362162030343,0.5606005564934096,0.6522279080417975,0.4963544394180484,0.5644090909149262,0.6514747714160526,0.6233774368458244,0.5989389651118954,0.5408399189673457,0.5819658900447741,0.6374251468260138,0.7381466067941331,0.5440840290372887,0.5848223394569174,0.6026805173060922,0.5451563488743035,0.5282259473387252,0.5361075740438613,0.5430058104654669,0.5173095771847152,0.5333207275396723,0.5805472763693255,0.5225284717715266,0.5025809446174563,0.5268299142774868,0.4948190455840122,0.6000593099830575,0.5388885759838717,0.5193295738266492,0.6221053016030608,0.5342074530325301,0.6522559379086528,0.5520990376365829,0.5090140343306214,0.5807808281728037,0.5727434826020831,0.5832792225213533,0.5392901129263113,0.5561076568315363,0.5356116472033284,0.5494154356669811,0.5906103842865731,0.48640533241074574,0.5360537793920003,0.4803661434314815,0.5408940780711513,0.5549220976501867,0.6612030195741941,0.5196052469943314,0.5296092920136165,0.5552054428828743,0.4582934427492666,0.5341987813668235,0.46055325434402655,0.492865760931822,0.4906792508175104,0.549925482065215,0.6250551596055581,0.5434101872620898,0.6325999155217978,0.6197959765338051,0.46498424007149775,0.4998153351821737,0.6298839995379171,0.59592085012208,0.4825209188378022,0.5368523425703913,0.5926668449832816,0.5241505695061358,0.4766488966563502,0.5515785473618818,0.6023658170200467,0.5830409916174134,0.5223325428203757,0.5066934944801899,0.6480182003650296,0.5738666821299646,0.5016216633688941,0.5386883944888893,0.48761983430922123,0.603151742868385,0.5261813143929726,0.5217575821032342,0.48320832954092574,0.5211291424359431,0.5451403122249161,0.4645901250232463,0.5527606891320926,0.44276644824706274,0.5501429582030991,0.44813639348234446,0.5287861481022866,0.4620436646276255,0.512618781806169,0.5002378584064239,0.6374871831763887,0.5157769460517517,0.647684733104502,0.5813747096769726,0.609643487887613,0.5284425597651673,0.497306815283679,0.5522023235374695,0.5251715502830723,0.4989122544954751,0.657168249798867,0.5446371039758747,0.5385278017566721,0.5180512583354994,0.5068961865120325,0.5337373064767685,0.5111739476139551,0.562640682766158,0.5919791192673972,0.482722956983974,0.5526743527755358,0.5090129337772876,0.5412643585048517,0.5326125841668977,0.5307343591081399,0.525991474594134,0.6367575614262246,0.4790708376754431,0.5306230928824537,0.5409098441965074,0.46861207360431584,0.5371297536786601,0.5422654593307396,0.6046520783206185,0.5601591002518385,0.46085467368456673,0.5237309653395984,0.5992875385855926,0.5013542878238233,0.5396123699477643,0.5647586111686541,0.6221697367751221,0.5746372821963699,0.6489470293335394,0.4240800145879133,0.5182961107019834,0.49366501436512505,0.5563329076266968,0.5608606772194723,0.5973585932096067,0.5831083606391418,0.5560304875554565,0.609754191411576,0.46127663809181196,0.47200433429373684,0.5139724833937094,0.5222068279122377,0.5092809607295123,0.6196900933724391
0.5320608603917932,0.5129450688643705,0.5011573017947255,0.0,0.4917157222084537,0.5480591624791038,0.5614191297970341,0.5093782373186531,0.43237400560680705,0.5106439977334806,0.5800430870647382,0.5119410663634951,0.5094693772233133,0.5030648362504853,0.5314572086875514,0.507223318853945,0.5503518733675657,0.5231336262888495,0.6254742589077236,0.49526843677059484,0.5933360648811357,0.5038914061050838,0.523611062292986,0.4957657732829106,0.5522755890824929,0.5649428300767187,0.46459158422397184,0.5484931490062392,0.5814121258997482,0.4002743436965344,0.5135984608379536,0.5338627539661288,0.6752767810980843,0.5508340863651555,0.5801462796086306,0.5698981761088887,0.522501259226563,0.5296737374160175,0.5428611944064905,0.5866040955920211,0.6333936185661874,0.4697909572788295,0.5385885069303004,0.6285583551671277,0.518655162612677,0.5062932028684641,0.4385618812464608,0.5622423579163459,0.5609613303130793,0.5220757341188681,0.6180998005246647,0.6280593675024448,0.5042268565602217,0.686218205985882,0.5999464628366636,0.4299514400890154,0.5495864353619133,0.5788347863108702,0.5470153043997037,0.515839707462759,0.5842092777620401,0.4610356777158168,0.5747920503920774,0.46824778646145554,0.5053190296031375,0.5008237112742242,0.5446898591851603,0.47411073638869644,0.4873438469410158,0.5551948108710262,0.5315466247206965,0.4963031164902658,0.5587444073422978,0.5903380931353045,0.5354145041632596,0.49609797481054535,0.5296012994118147,0.5236424408134415,0.5516914583760691,0.49280934054030084,0.5453934026875329,0.5859441807541478,0.43402185263807375,0.5332931599636335,0.5760489751864313,0.5100937970103806,0.5786618971825972,0.5371919449735109,0.5091358141084356,0.40070664525432825,0.5983562988824712,0.567718853378127,0.5591800405881197,0.5162039292102509,0.5779635831085482,0.5068732056967038,0.48370271806742504,0.5564388569018137,0.4808719142166631,0.5652233681932887,0.4988118500245449,0.529769466492644,0.6427312621639425,0.5636163348112629,0.5550549520348297,0.48673365190825074,0.523815361927843,0.5180178820553959,0.5344161016884781,0.48514650479602217,0.6679753903746963,0.5543560623053374,0.6160462590729614,0.516476197261268,0.5589039497064581,0.4942268718689541,0.5857278330734398,0.49398280222809093,0.674752153166523,0.5300318688684859,0.4943068361427824,0.6118861406812576,0.5675973867586701,0.553621658904074,0.5235558668193978,0.5840422344683065,0.5179762226645287,0.4437788168952163,0.6251231912137277,0.5045748214150646,0.40313050726384186,0.5108300264107779,0.49613726815074893,0.5951423240513022,0.5323419300267043,0.4642812739981378,0.42239804776833034,0.5732191221331957,0.5457239829438612,0.5409074630429705,0.6160069505265084,0.4984604938230893,0.5845061935040315,0.5517291289384313,0.5531564522143785,0.5315823784530107,0.4642587856728477,0.5048204719108214,0.523483357044328,0.41486868636059077,0.6222601615303911,0.5876111269168927,0.5093048096911249,0.40704321759114065,0.6133589711466494,0.5050431509894541,0.4769618532206294,0.5018228452935379,0.6685184394744308,0.5433287890320027,0.5226935899797249,0.5905960667711916,0.5176498505780033,0.5744063934288776
0.5694099458619222,0.5193161105486573,0.6038770361908187,0.4917157222084537,0.0,0.5294151678866046,0.5574164599859264,0.5040146526622856,0.4887609751104453,0.5139720680446764,0.6070631231428091,0.5328044532607498,0.5420440254260108,0.4723721947478319,0.5512371363902878,0.6000461578189233,0.5661990279794712,0.5486962268600474,0.5164419238939626,0.5160041428682471,0.5860564828340916,0.6166441235016953,0.5363726796420364,0.5515353037413298,0.5404385103960107,0.5540900005424723,0.4944153386983222,0.4920836458966351,0.5411952584336526,0.504785725521839,0.5062311484648311,0.5319228806690075,0.5036916591158404,0.4785090747744425,0.5245509572159796,0.4899382240968669,0.5674575626293733,0.5227926503324294,0.5332036077670408,0.5755757288760537,0.5223005348474417,0.5481593773784041,0.5583656871824763,0.5439124212076151,0.5061843719945939,0.5051099000442585,0.5269479122402074,0.573861760755254,0.5629351367385365,0.5215004423211724,0.5479421249298446,0.5491728878642573,0.4534108485383958,0.5175061773727312,0.49863266204579354,0.4631415984466046,0.5302551521594349,0.6381706349924494,0.48828784944620035,0.4939752034006093,0.48266067364776055,0.4397353069253975,0.5137659400123326,0.45370487139042487,0.47338311578225956,0.45026635531013137,0.4953447145772778,0.5613422816804776,0.5123614151854,0.5549850635267933,0.5667725196378691,0.4623374028751248,0.474495111029803,0.5631776185371568,0.511200530847545,0.45615442133482154,0.5274977493679512,0.6293556303156232,0.48931447401621286,0.47972105244797575,0.49730789485059673,0.5473435575706845,0.5227775767136535,0.4753300592473986,0.49182023964680327,0.5354470056193525,0.524651667640801,0.49408150435061576,0.47592765176766244,0.43235797373217416,0.64820107736483,0.49644615294526584,0.5481351809416373,0.4601524121876922,0.5031748754722818,0.5137508821155573,0.424646914216258,0.4875532460511671,0.44872084587603384,0.4821277308159566,0.4512032111290918,0.49870675013417554,0.46708213915482166,0.483741274648901,0.48041699794636894,0.5394260153552451,0.47049670127186516,0.5360032696720618,0.5306051280016635,0.5291221821103661,0.5370710384717563,0.5065460873884237,0.4995238068944944,0.4948892475665272,0.48045331590007884,0.5491503300923196,0.4926668527619882,0.5575357892118626,0.4993325605523769,0.48063902109258705,0.5733812571705912,0.49280356838096484,0.5190800720981901,0.5656402374003059,0.4820217115309814,0.5326226039156744,0.4688635571228682,0.5048662650407003,0.4971493668157786,0.5080713887908791,0.44955255634308644,0.550360683994399,0.4619540673118956,0.5197383396517601,0.506928922404429,0.4681926247591354,0.4941333521973523,0.5576657665760156,0.5473261530655417,0.5461180199601365,0.4485256528873152,0.5081650831063718,0.5332973982155482,0.48648049460627946,0.5398013007534068,0.540420518574662,0.5616156757997289,0.5076362414061356,0.5457476987260392,0.4096440823800049,0.5132463803394288,0.4808428238127541,0.5355213814156518,0.4822513115044743,0.5466466735754473,0.5177767269226989,0.5106076458242559,0.539205192644016,0.47270315918573635,0.48273328083613415,0.46174107757998767,0.5087894318483002,0.47656076395249186,0.647409746519203
0.6328180557924645,0.6973373095415245,0.6359129510233802,0.5480591624791038,0.5294151678866046,0.0,0.5768912850527039,0.6571168349840079,0.5375647485823339,0.6289222769551737,0.5532241843318255,0.626931915277443,0.6496099135143153,0.500818641003296,0.5707415826481171,0.6018745844061041,0.5873295068520051,0.5485878818118766,0.5839788845195848,0.5622137383162458,0.5982144821335961,0.5948001050344374,0.5507829846358454,0.5749521190619181,0.6379930594927673,0.5453143039168189,0.5118010928657892,0.5514040547815025,0.5756084663085206,0.5010207611683393,0.5926451433764768,0.6060280785022008,0.6131362356859607,0.5794355923036625,0.5623577959962688,0.5150663388560699,0.6196210292877542,0.5215819203549443,0.5246950187899998,0.6056412117080915,0.5642142737271909,0.5888825105693888,0.525710902440094,0.5465564886898113,0.618692247568316,0.5790373072356464,0.5856858237107836,0.5401569347634755,0.5559966080779052,0.5114061161001514,0.5559627045184391,0.6492767019183666,0.4889621984353079,0.5661079081690958,0.5020771662216074,0.5789055557658331,0.5427041668185513,0.6698625205397362,0.49554300276888963,0.5474092041538535,0.5793377782451485,0.4731535803037994,0.5327299889481466,0.4473524050721407,0.47378274016812555,0.48658048687681343,0.5529349909432212,0.5793890263908149,0.48349720169268295,0.6075702987863381,0.5933377710467265,0.46906905455767267,0.4938966484244708,0.5984479579028267,0.5799087452989609,0.5274285206308957,0.5164121925385404,0.5934597021588257,0.5455746093048345,0.5032766519732745,0.5597952294769573,0.5942437918287256,0.580231579572803,0.5443643238922918,0.5060050126873596,0.6580137403523245,0.5964972613762134,0.4989275833732729,0.5984848096888735,0.5060455747455356,0.575315630423671,0.6084884291942672,0.5225435430082093,0.505578470819449,0.5038480935332266,0.6163614445212039,0.4689176302354009,0.6513607329672896,0.45405207143513626,0.6262805923286299,0.470350674728241,0.5080917725783548,0.48436898096827996,0.5619035795062558,0.5123326006083986,0.6199412895981441,0.5092710684238263,0.6456859271169663,0.5874912245684517,0.6158270515892773,0.5686312101746618,0.4852431178441597,0.5903997763763874,0.5040430950482341,0.5324108532770825,0.6842904752215093,0.6115235126078249,0.5010466086750502,0.540222807021554,0.541277062223958,0.49734371942383687,0.5385621643732702,0.592829946017231,0.6369583187959562,0.48761074630296525,0.6327539664966477,0.5143092437986407,0.5656184093365627,0.5850214066356914,0.5069703337408381,0.5248869762992484,0.5612020327376038,0.48808179179878397,0.5563634452769777,0.5189431196148064,0.45306995244925113,0.5580646624084624,0.5581562077614804,0.55619713174119,0.5507455312220573,0.5046186629419901,0.5231745573570183,0.6203929724136361,0.48341276410327694,0.5377883613363832,0.5915521185679924,0.6014065836225153,0.576819350359716,0.6414468874294628,0.42755922233472493,0.5503023890386886,0.5230552780100386,0.5030754316600862,0.5148484535145386,0.6471662045396447,0.5685599227213644,0.5455619592872519,0.6662944424060053,0.5046596516748472,0.489899513594703,0.5140657364913958,0.5682673494772282,0.4919889899521823,0.5835110541835216
0.6068065731366097,0.5986252525595513,0.5417257844750337,0.5614191297970341,0.5574164599859264,0.5768912850527039,0.0,0.5794583412678318,0.508797096712101,0.6197595197765028,0.552936842768448,0.67171736332209,0.5763557161480252,0.4641869825269459,0.6728491797100585,0.5467304114826609,0.5243529743866651,0.5462781840811232,0.5949876399456832,0.5284237620677326,0.5717983962020791,0.5631230195578008,0.6912005579106704,0.646211844579082,0.6911385611162092,0.5526800003913902,0.5255316734035874,0.5273372099656641,0.5460761683426483,0.49921198076720064,0.6375081563156784,0.5719069014173426,0.5925926774497239,0.6302802756473317,0.5513854229985733,0.48921182761343596,0.6671424033986437,0.4859973326377505,0.5623662856858688,0.6369277891016821,0.5325221773839675,0.5484866721283367,0.5537783324836251,0.5652178725630865,0.6078809057047914,0.571203171155018,0.5402937025803914,0.5533608908703302,0.6709258849794868,0.48810985992565836,0.5704894307706604,0.5489199722072655,0.4486362165327537,0.551119468900131,0.521499239051088,0.5237479389998116,0.5286650086507197,0.5989178363567922,0.5128534329541597,0.5154549923768131,0.5239965792768108,0.42962634223932034,0.47935292534408286,0.4284623458521712,0.473865879409263,0.4677458356718498,0.5682049019256113,0.5887006356376153,0.4643685285871655,0.589475173504558,0.5675461237467636,0.46560132643833707,0.46310591982592836,0.5870575826912853,0.4879305988113946,0.5346969844204017,0.5466089169445068,0.6347911627191957,0.5236440976367011,0.4814072835308602,0.4944746249554619,0.5927180746770844,0.5683690530879282,0.47040763345980957,0.48947567416923704,0.5639747991669718,0.5762101114668206,0.5225418927850753,0.5689288985958776,0.4936858213207548,0.5675802755431286,0.6214574880199004,0.5248594643877572,0.4901022431405761,0.49070394606031853,0.6270202496329538,0.4287004503474283,0.5885746373145745,0.4333348826987213,0.5864001332707809,0.4761456507573668,0.5356020266864134,0.5195405503523741,0.5914029095939491,0.47649569811950493,0.5585183035404001,0.4817965005447789,0.5889664301879175,0.58453165948958,0.6220743484154345,0.6385226801679982,0.48627005648047794,0.5344123463283782,0.4845830478669488,0.49182392993112545,0.5666197359290207,0.5609741700132024,0.572880312361651,0.49692589109174923,0.4831249173264066,0.4927399927972235,0.5176520756091437,0.5308284998017264,0.6772191425522733,0.47318896114820636,0.6436692333631672,0.46362256856389167,0.5539390855219821,0.5230056281090685,0.5062844192650161,0.46504313619481935,0.48628477479796006,0.47507367451368576,0.5120178632117177,0.5238809076042498,0.4454805801114631,0.5460946876598627,0.5973719713459155,0.5858680716704203,0.5978483735959254,0.5029072563961924,0.479637766796105,0.6057929919595461,0.46334145607846144,0.5470357508164415,0.6603911481718259,0.5625607121544298,0.5532458751696804,0.6029399028079901,0.37738055601070025,0.5902947099892538,0.5075499349337343,0.49442898485827064,0.5186456050353883,0.6687033314396645,0.5994033928669167,0.5735252249020137,0.6445423456119465,0.5332811659989228,0.49927555078152513,0.48871281305241826,0.5447587151559744,0.4948328063417118,0.5943813078799971
0.6625524487856762,0.7685311640723601,0.6238990556524352,0.5093782373186531,0.5040146526622856,0.6571168349840079,0.5794583412678318,0.0,0.6511237443749702,0.7257377852309652,0.5246404294484324,0.630102409035079,0.6769659451947294,0.5078523742259992,0.6036726016149653,0.5891520727489072,0.5609626213001679,0.5899138368455973,0.5625338436003142,0.6224585733506518,0.5727067661406477,0.6243954290704503,0.6123278674865182,0.5886569010894503,0.7018238757131483,0.5212390360349826,0.5915594706952143,0.5565984255326731,0.5326921420855307,0.534291845111409,0.6662268292094659,0.6011409327183083,0.5549161588668566,0.5911989049437604,0.5632829762434961,0.5015777304166568,0.6495709264378251,0.5313694770455597,0.5306477283140544,0.6186202811561581,0.5287695159321788,0.6417515741171461,0.528488802135184,0.4951356258791834,0.730682861309707,0.6280200151287604,0.5931392350973144,0.49893542842255323,0.5831014071631105,0.5130935374949244,0.5301568201782119,0.5532892009284068,0.480777417154854,0.520748074887707,0.4784747122214776,0.6543680276951688,0.5440035873196055,0.6181660625750885,0.5173677015418973,0.5638022426939405,0.5752187379354619,0.4637112128024276,0.4870143161835167,0.4592817537619753,0.48243288465657885,0.4901446583846769,0.6029766738617685,0.6083724527024146,0.5042291392449633,0.6744331835275209,0.6049374328187846,0.4812592155737057,0.48641346991892265,0.5966027973621084,0.5744067740281518,0.5414546322867542,0.517950750920554,0.5698440963615946,0.5554749962715572,0.4641480103924439,0.5217639514397234,0.6344209869579088,0.6294479483673443,0.5293427242025799,0.5007987909154149,0.7846707294038276,0.6249972572554526,0.5211345979006702,0.6649235779394896,0.5902141893771069,0.5493183874505257,0.6365222931946252,0.5020967691514435,0.4967156905837369,0.505510103063573,0.6203656812779152,0.4716215196430896,0.6670325406321373,0.45254941847610003,0.6502696830680403,0.47560109968916287,0.5353862423331905,0.4765875572320461,0.5663294533806155,0.508142994124261,0.6591012780661074,0.507231007951438,0.7354306736778506,0.6046351905584557,0.6381768292736633,0.5280508100551748,0.48867782126069303,0.5588759334874136,0.5396207711669071,0.5085535180535349,0.6911991869082582,0.5984581872190046,0.5310372937242751,0.4764624034962934,0.5422408079200356,0.49514904808135163,0.5370643711051319,0.5715336847501428,0.6181514093268214,0.4906234997551097,0.5915930759569322,0.5101427594630613,0.6088887556797619,0.5417059075391778,0.5337057429548736,0.6049783990538135,0.5478460952706331,0.5051528363342139,0.5455663694411452,0.5400347875502648,0.4502514312223791,0.6073144443048644,0.5641047304734548,0.6383958662892969,0.6039273505115546,0.4794708369438702,0.5168802313547745,0.67178240757825,0.48774408405986247,0.5395619695163446,0.6399723909497798,0.6486337834928361,0.5933660880363796,0.7462799838369749,0.41968193001786996,0.5607194627153382,0.5059419743239436,0.5218754849200857,0.5950846945973548,0.6466434210411515,0.6634536409273242,0.5771264389555325,0.6515027554464387,0.48168402948350314,0.46845584209709795,0.5150614470435072,0.5596490825295047,0.5303107547543338,0.5757436900692582
0.6087667427378234,0.6316703601555239,0.5513261607910067,0.43237400560680705,0.4887609751104453,0.5375647485823339,0.508797096712101,0.6511237443749702,0.0,0.5941616393100002,0.4769021869010906,0.5550892850128764,0.5692841816937823,0.4613108686968316,0.5334442425217754,0.5190706845081212,0.4901809459939244,0.5427852808196673,0.4801603673601221,0.5672768451344918,0.4824335261790288,0.600120574670129,0.5561012562175867,0.521768170557509,0.5886413303001536,0.4442395127597237,0.5906827504221022,0.496571792900331,0.46166788435829187,0.5911820293513586,0.5787687027416298,0.5062747665297205,0.4634219847220372,0.48808264274565333,0.5134871213292276,0.4366937198358575,0.5589381667954811,0.47732525784559415,0.4591587429936877,0.5130583385336903,0.4466654734165698,0.6661466315454,0.4608673162682978,0.43049373481025344,0.5766377544401516,0.5115647157532747,0.5480756389023189,0.43801191102790843,0.5127043071619343,0.4572753463569397,0.44912386477225513,0.46423412935968617,0.4244027819814589,0.4374181871992666,0.41370049929887404,0.6343733477599774,0.4722938119183877,0.5432205884038587,0.453262026452068,0.48319945208746623,0.4686966631560836,0.4083501791253497,0.42339636222132354,0.42530570502580745,0.4295846978686893,0.41966667247982004,0.4998046739580911,0.5464142552810368,0.4778520292718523,0.5900376638757169,0.5185684420025427,0.43261070740954366,0.43595233434158986,0.49496123337627146,0.5044748512104342,0.46459650022437426,0.4437073143122712,0.4961871702990139,0.46013402734417647,0.4019138408466697,0.439179558165027,0.5429151618256692,0.615219040045608,0.4544322629733425,0.4327474751481378,0.6483546784098383,0.523804050863378,0.4597406852933465,0.5378484073908267,0.5870322469883489,0.4975702725954339,0.5355230072051432,0.4440557017910089,0.4291096142683997,0.44431597233864084,0.5507006462763675,0.4091527368036075,0.5434074748485681,0.4161714458244547,0.5101689426105915,0.42119486944512224,0.45007677232289117,0.4116700886014431,0.49251887813127254,0.4462036856313588,0.542277385337311,0.42419999230538963,0.6436083996618278,0.49523916723070577,0.5514256121885274,0.4474235619866474,0.4347902951651536,0.4674872775671321,0.48569032367094067,0.4350116143196524,0.6223030192324318,0.4929190054680866,0.49123443674898665,0.4090941063705784,0.4905832449132288,0.45577642852255457,0.4523953342764132,0.4907152796154438,0.5088978487703213,0.4499066837881088,0.48241869952670297,0.44166893830334225,0.5422116494228314,0.44957045829228043,0.4690293625859527,0.7019658526647695,0.4778842813512597,0.4476768429372868,0.48678188959923374,0.47255981405627134,0.4091755445676799,0.5881074028259093,0.4922428995617673,0.5537989444742392,0.5146080620980005,0.4154193907114254,0.46313478023324,0.5503810870171618,0.43459054705511424,0.46516237164985574,0.5718000888477428,0.6353571011584279,0.48286269889547373,0.6184949124397373,0.3912850202430169,0.4816851856004411,0.43729527519788103,0.48938927315538766,0.5783714800217208,0.5207087236826752,0.5635301534489016,0.5277498156246754,0.5442341558651901,0.4250072753341338,0.40930161450499175,0.4341676686581967,0.4882962615506582,0.4560691853364836,0.5311006487757585
0.6521286567950034,0.6804564745761486,0.6208824090345209,0.5106439977334806,0.5139720680446764,0.6289222769551737,0.6197595197765028,0.7257377852309652,0.5941616393100002,0.0,0.5354996441546915,0.6154487408734712,0.67487961482363,0.4942546528282492,0.6034148780814629,0.5918386022636134,0.555036367036986,0.6036301275431295,0.554648662990417,0.5792185086195537,0.5588396902762215,0.6071875772147852,0.658833141882083,0.5793698301208262,0.7783310309868638,0.5214670965413242,0.5981215649110259,0.5591864026076242,0.5525109302423461,0.5442602342025068,0.6295514733795088,0.6049554118121536,0.5451624519516591,0.5746062726811075,0.545277852667733,0.48123220021577395,0.6801740224767222,0.5167743987632991,0.5099213164958433,0.6207117089084989,0.5113754114090955,0.6301462345226503,0.5400173969769616,0.4988452186975379,0.6591832544905386,0.6061899672940159,0.5878585804614997,0.5097435589682096,0.617293890108667,0.49272648511683675,0.5288954865373005,0.5339976957796863,0.46410145331590125,0.5075958308511088,0.4825023861846049,0.614422235715563,0.5275083243937285,0.6123904624623557,0.5235162499196946,0.5291741211081504,0.5500499754648556,0.44556832696623977,0.4815441930552537,0.44453394394526435,0.47114354864373525,0.47912335786140586,0.5817571161823998,0.6384135743659546,0.5168492877285775,0.6967731116833283,0.580586022077519,0.4735631947044594,0.47553527056344386,0.5919136164106232,0.5484088995261149,0.5509626126392442,0.521804965511509,0.5927180291744666,0.537243560642232,0.47140044916535473,0.5232331459705112,0.586522136789383,0.6338843622356408,0.5154997134492447,0.4896801807572199,0.6642541794398519,0.6150096244636575,0.5264070967734389,0.6547952145094881,0.5403104741055108,0.5540172331745475,0.5990034808929772,0.5043785000989879,0.48297329145057316,0.4957470141512999,0.6395843911591796,0.44086999944763244,0.6279638908267869,0.4362516228916785,0.6138408887110648,0.46780675839603625,0.5358815650623847,0.4832810071189502,0.5964873851585328,0.48936827851155645,0.623071011065361,0.4927200790502452,0.752294313994167,0.5986140397347234,0.6297870029067968,0.5316360305323421,0.4770835359345741,0.5501777055203982,0.532295548470134,0.49640783169540603,0.6403243574590884,0.5977674861341684,0.5621575434739298,0.48220131061150084,0.5229049700870502,0.48184516778929737,0.5297247944010534,0.5447694011098517,0.6276124068122333,0.4781000186866444,0.6112551327142999,0.4819995275431742,0.5654401910505142,0.529745105552296,0.5292266639415226,0.5750142845374177,0.52616316179119,0.4963504046929695,0.507536285611112,0.5164530233651554,0.4451517232071766,0.6008806489213427,0.5571053332071005,0.637867082749853,0.5974123188783931,0.49352319108037906,0.5036454993219129,0.6195777203884963,0.47165989152322385,0.5374036501274563,0.6474586648072629,0.5865199849665291,0.6074638072139433,0.7646155404808591,0.40138493659645014,0.5463394291851635,0.5155207000321314,0.5001442244417907,0.5854072470294509,0.6585947416179735,0.6444504862479498,0.5841020978597989,0.6696867047886466,0.48989280993936746,0.4784330533531687,0.5321553697319961,0.5556322757048121,0.524812657236113,0.5686125327006282
0.6171466954928516,0.5332154678676942,0.5802362162030343,0.5800430870647382,0.6070631231428091,0.5532241843318255,0.552936842768448,0.5246404294484324,0.4769021869010906,0.5354996441546915,0.0,0.5179195548409323,0.5970867926380062,0.5571177121645243,0.5306262190056188,0.6624694052479512,0.6981099247300998,0.6163878354275901,0.6139036029434044,0.5827091029026796,0.6406069295418252,0.606593433034373,0.5720475357827142,0.5285287684051353,0.5760118989704751,0.5722670619966672,0.5380469114659553,0.6408491787189546,0.6464854956797671,0.46772802447939155,0.5119761398760845,0.6172231716150213,0.5331831570679122,0.531775553164288,0.6088305997182014,0.5540514631893035,0.5851275292516118,0.6107039805775702,0.5790134901851421,0.6447658433013924,0.5616727511920474,0.531163985812502,0.5896978300649919,0.582791962429982,0.532396600259435,0.5272177837120734,0.4627578417109122,0.6310129422631418,0.6477795326551283,0.5852719523539652,0.6277654135469092,0.5811135769901867,0.5204266115713536,0.6016695366527866,0.6060850839932183,0.44280268766675984,0.6304868478266247,0.6635722983109105,0.5803144849860236,0.5603435212879874,0.5967000012082477,0.475873037032159,0.5836827399461639,0.5132330585939795,0.52219083240934,0.5103555573974351,0.5606625325961885,0.5169909001001427,0.5855260630526945,0.6222996287152451,0.5721791197023546,0.5298088269464579,0.5938286885263191,0.661380508665539,0.6229370315779252,0.5070882205553574,0.6199520698971475,0.5870427642868196,0.534043336884422,0.531383602974465,0.5433762674769977,0.5764966638695714,0.47261894349197037,0.55814666102931,0.5890064396855436,0.5431986941703645,0.6197495312449139,0.5696605108556994,0.5220838013723589,0.41380331927362285,0.7084494656090216,0.5106657103625285,0.647912952250501,0.542942970689616,0.6054130389510868,0.49156987738606983,0.4768038324962012,0.5001879784363266,0.4984037719177525,0.5360294091927084,0.520099850155891,0.5697985517463234,0.5184993504282044,0.48494448505372467,0.5657286968651897,0.5302557824618044,0.5367936837270776,0.5654070950211766,0.5483014943861667,0.520758574123192,0.6145045426958027,0.5820428472131862,0.603944284475659,0.6020347368415705,0.5505509387850542,0.5503293896100045,0.573478478998618,0.6239909267219278,0.588597301348377,0.5399579094694102,0.6041480014707233,0.5504289444672548,0.6098641925310804,0.5765699897479566,0.5648495313783998,0.5675847462849555,0.5305535619878345,0.47860106137732117,0.5811898859153506,0.5417728651823693,0.4406081624067088,0.606474253351392,0.5685097182426968,0.609767119331909,0.5728618631617532,0.49929593672791933,0.46441696008666705,0.5860185186998729,0.6163314412675006,0.585222163742756,0.5051726384732383,0.5848134676287792,0.5961996738566738,0.5705790091985871,0.599593492461701,0.5285772865294869,0.49685860388657876,0.5259410377507829,0.5683556029950693,0.457929162455972,0.6077323282921862,0.5663354906807374,0.6467586456219957,0.4362870911106832,0.5633982690070448,0.539452519200602,0.5758520040650454,0.5109909475538399,0.5660582044764253,0.5958245223263475,0.5017935595349718,0.6044500195420904,0.519085250886251,0.7478610886784123
0.5789433607366089,0.6679850944005004,0.5606005564934096,0.5119410663634951,0.5328044532607498,0.626931915277443,0.67171736332209,0.630102409035079,0.5550892850128764,0.6154487408734712,0.5179195548409323,0.0,0.5626503209385136,0.44029762725271804,0.6108413592504465,0.5366409095144424,0.5051951941871826,0.5008770568240009,0.569164898787676,0.5209923632991742,0.5437744602434035,0.576473049920403,0.6213730827752652,0.6480415861539637,0.6569282771179487,0.5017551331174501,0.5227508945754242,0.5065982291418428,0.5117684864060025,0.5387534977148595,0.6407254019147418,0.5382651537427737,0.558711693701571,0.6091587551220726,0.5178676479584621,0.4663253251698549,0.6146900656472697,0.4626055563456839,0.5366058822820593,0.5689908759742652,0.502368757631708,0.5955880613102084,0.4899547351002324,0.5083325530912337,0.6098731354711606,0.536957258505813,0.5525069830060348,0.5006875428075044,0.567502791171934,0.4593509122936781,0.5073639548424786,0.5280169919025633,0.42464615517564525,0.5160020285290993,0.4702721711229445,0.5875841689962711,0.4926517986421144,0.615883637832175,0.4572135578395708,0.4968778887415498,0.5020888187665141,0.4121993603848314,0.4476727456981896,0.40977547080456,0.43475701718058124,0.4327843157234687,0.5267950980972907,0.5516353663354439,0.43297680736641025,0.5643562552663421,0.5330437547360088,0.42868858609295263,0.4349626585558755,0.5393623681755386,0.4842612084491578,0.4839063466450171,0.4964003495350978,0.5914747786387319,0.4868802950034231,0.44606950373725535,0.4645905261164341,0.5685766026728308,0.622012034768543,0.45175840309802046,0.4536897973933651,0.5983050045301412,0.544222604871439,0.46257016121341543,0.5460343016079587,0.5598592109391318,0.5230493292217318,0.6118796211936652,0.4787173193768923,0.45577286129323313,0.45183389949539327,0.6507971790696415,0.417463620627174,0.6134975742682094,0.4139087709858798,0.5575097953173545,0.4410483942945191,0.4877567716218494,0.4584457996154824,0.5662941002041796,0.4477713654764459,0.5562567221052597,0.4536604245714929,0.6166706819569153,0.534728962277491,0.6586944229590179,0.5693471203293945,0.44929681152468126,0.4962702302757129,0.46473148227945166,0.45589470368715385,0.6177939241837335,0.5223467160084075,0.5113882906711753,0.46337652771216115,0.47490562422722704,0.46366273904028715,0.48084898933911935,0.5115744081419898,0.615094875368202,0.44240159891572295,0.5944597388826495,0.4478410221586471,0.6039017212356986,0.50170911597811,0.4623163968976423,0.5159125138643107,0.4797766343757774,0.44669347591078373,0.5042663756240258,0.5007137630957491,0.4111046400605238,0.5791058840088622,0.5326899457150904,0.5438465773179777,0.5489975223408029,0.4517269262133048,0.46338702248191044,0.5822394385050773,0.4391829974648045,0.5040504226279784,0.6115877557157409,0.6403079124121819,0.5193335291536869,0.6037729848826807,0.38139876312733134,0.5333195220847449,0.46144372393788524,0.4846080583223535,0.5529535408319375,0.6403945848810588,0.5719965555752293,0.5565345693693967,0.6855520191683838,0.4703181015395844,0.4466857235862251,0.4445985614797249,0.5030915325807458,0.46175475787910686,0.5605315915593113
