0,1,2,3,4,5,6,7,8,9,10,11,12,13,14,15,16,17,18,19,20,21,22,23,24,25,26,27,28,29,30,31,32,33,34,35,36,37,38,39,40,41,42,43,44,45,46,47,48,49,50,51,52,53,54,55,56,57,58,59,60,61,62,63,64,65,66,67,68,69,70,71,72,73,74,75,76,77,78,79,80,81,82,83,84,85,86,87,88,89,90,91,92,93,94,95,96,97,98,99,100,101,102,103,104,105,106,107,108,109,110,111,112,113,114,115,116,117,118,119,120,121,122,123,124,125,126,127,128,129,130,131,132,133,134,135,136,137,138,139,140,141,142,143,144,145,146,147,148,149,150,151,152,153,154,155,156,157,158,159,160,161,162,163
0.0,0.6178181526402525,0.5904921959932419,0.5646789613572589,0.5434165082122261,0.6189886903911844,0.5538069158611527,0.5830534822505173,0.5804139613538628,0.6184738735176679,0.6497242439741399,0.5733380402808869,0.7155613850724416,0.5618613261300021,0.5927446007533328,0.6608425463685873,0.6506325806077737,0.7000055907185182,0.5648192101542445,0.7039507178015932,0.639392836819542,0.615592006911991,0.5447587361775292,0.6092231321932234,0.7249179694813608,0.5767852679082327,0.5358612800203629,0.6071646896758204,0.5464384582390929,0.5217500041171388,0.6331153113759974,0.6548782531068922,0.543983388916301,0.5610493571957225,0.7001719594630985,0.5369229070807551,0.7129521714809421,0.588300954105167,0.5326104094539144,0.6101797192037294,0.5242324748367327,0.6343124696076103,0.6085828868854481,0.6419463025563639,0.6476971447984414,0.6355561625692124,0.5382470272870807,0.6206367545449025,0.6515842926460566,0.5819964472111882,0.6088576741847075,0.6219887201477999,0.5324500432667043,0.5884291777078061,0.573710583795612,0.5876449904002871,0.6584226628735205,0.5820991338336063,0.5656678717322884,0.5796763389138425,0.5984147425889473,0.4873323733562241,0.597833716231521,0.5124857129200024,0.5878876513521727,0.6340161317662772,0.6255527681410761,0.6073560084393457,0.5643242618099159,0.6294391415984011,0.6641594370884573,0.5934698277235623,0.5835103709306751,0.6500209633343519,0.6201001352059472,0.6562348864450334,0.5656801493524268,0.5791040633547851,0.5475319740379763,0.5228725608755084,0.5755744990696603,0.6062104432967255,0.5712818026017398,0.567029107479558,0.5986666728473644,0.6123234886688586,0.6222194290103803,0.5525453244094305,0.6486796787064456,0.5432649688448132,0.6014461950685833,0.5727238655017358,0.5752523941503667,0.6333880581948629,0.5849220582415079,0.5912035694265703,0.5102324484940821,0.5986632809433229,0.5012138361648002,0.6299282930726613,0.5641106192148423,0.5472577362735629,0.526926337678387,0.5414005118694871,0.5931246668615779,0.6166581435554997,0.5715816559899711,0.6213399873626725,0.5953389353093809,0.6519107568967027,0.635464899416898,0.5730151499831265,0.6229858075724266,0.5564721355269231,0.5994000974862919,0.6343728683141807,0.6493769814825091,0.6040322747497071,0.5697624070524152,0.5517040782428895,0.5963338247834808,0.5081666287994685,0.6142509339629576,0.6585850151811349,0.570487093009148,0.5972346271052645,0.5005072670053611,0.5551595100083418,0.5837949404513195,0.5917942123190912,0.5559230821553285,0.5867158025598936,0.5563620426169871,0.5583783700083453,0.6266276058796447,0.5737601398706735,0.5749605138814693,0.610054480494235,0.5807450589179597,0.5592136078336559,0.5557251746695914,0.5926303718571514,0.613101346199697,0.5238565861644422,0.6447049983623788,0.5360808001801287,0.5599761849650686,0.5455748527312196,0.6547053015624823,0.4399267658503877,0.6730241993711745,0.5417438256646626,0.582086189529675,0.5044180892314883,0.6073054065706495,0.6684019993190657,0.5685554768830898,0.6325719037392555,0.566273321054387,0.5760774729413043,0.5659459311797541,0.6341374155590566,0.5101765570369732,0.6798592182551259
0.6178181526402525,0.0,0.6054827449691192,0.5758238941392567,0.5350727666876467,0.6470092841845245,0.5388091642241836,0.6018754291040797,0.6199101291090289,0.6579528502841038,0.584557915369954,0.6173963013773036,0.6014920836988411,0.5485562289967669,0.6264676239177672,0.5905894559939534,0.5830003182666036,0.5865216439821213,0.547815632202754,0.5823509775451686,0.5967917473626645,0.6605402302429267,0.5059957705203721,0.6050506942230329,0.6215211827377972,0.5088147293315645,0.549500055783164,0.5358697815276916,0.6243830390323108,0.5288183062909402,0.6539460667121638,0.5568870471944501,0.6250592613709919,0.4942183262219772,0.6092279481204705,0.5392540677413753,0.5867110490658209,0.5772861830205916,0.5782128786777847,0.589381389340473,0.5829482379980597,0.6156074070242904,0.5063868809360265,0.5883690433335795,0.5882427578193314,0.5835096827340714,0.5173027324295295,0.5326331641595308,0.5512813528201714,0.5340075368556987,0.5488133835101154,0.5747682169193142,0.5610555740636156,0.6111712780111666,0.5467550587479048,0.6367981737819536,0.5822422052803026,0.5837691657193228,0.5036532924582626,0.5779205327702027,0.5809620418611477,0.4793701916568219,0.5279510158825164,0.48465220125549574,0.5320594929227862,0.5323432706023447,0.5742774307086673,0.5433955313589007,0.48678932698047955,0.5809112747996469,0.5980893499575164,0.551283957767157,0.49390136552504277,0.575716800000403,0.6233451730433394,0.5682982154749314,0.5102181049633274,0.6014198875065808,0.5144071728702795,0.5069395404380608,0.574572005483991,0.5948550030061689,0.6574495191479787,0.5519996380590199,0.5348690836843223,0.6563358868018915,0.5347082002357707,0.48346558509796805,0.6033680362063241,0.6367455833883501,0.5486263847287703,0.5944760612940932,0.565475893065864,0.5660077420037631,0.562714000017326,0.6584379862066887,0.5238802798913031,0.5784954433573833,0.4906468629735152,0.5793347263831219,0.5668375801035115,0.4882109235121387,0.4693930535316323,0.5580956323976181,0.5420761216044641,0.5629899617399422,0.5313985663853851,0.5859481280740831,0.5924913196063412,0.6169328114129923,0.5608180441803945,0.5210281098357257,0.5342358632232875,0.5653757421639566,0.5548083280359002,0.667189063553949,0.5867505806692087,0.5208739568247968,0.5113559763399583,0.5692655985319615,0.5763691421845093,0.5106803053484191,0.5221280695609622,0.6641873537519709,0.544840268686202,0.650610848800862,0.4841223244326813,0.5901385306583988,0.572350351436807,0.5713628528924969,0.6175892762934468,0.575479259500152,0.5266967723311107,0.6025539580331598,0.5841857226685406,0.5475300393782033,0.5585353210692806,0.5904008684714268,0.5409562645611773,0.5690659111718428,0.5624222573728229,0.5683826525041822,0.6323966895444932,0.5255646877466096,0.6104264954856573,0.4579291558751256,0.639546722489725,0.6134063405792758,0.6118290083053641,0.46051976857801524,0.5721992623735721,0.5735100013282749,0.5695105983539163,0.528418555990061,0.6159592250465556,0.6222475596476946,0.5378810440551627,0.665187226288477,0.5647820043006712,0.5008429388931788,0.5658144229406037,0.594936767268278,0.5329071575840442,0.6234380257578683
0.5904921959932419,0.6054827449691192,0.0,0.5622661183396283,0.5955114625865859,0.5905049641943089,0.5252964494599179,0.5886790676160574,0.5368486005368166,0.6336489655526862,0.5849298981143994,0.5562925979939631,0.6139373844864391,0.524141355636197,0.5916973135526615,0.6285588509163488,0.6123263095259163,0.6058428032292208,0.502906030210997,0.5530244582596617,0.6591857782003178,0.7066948194773578,0.4909110469781873,0.573747703052388,0.5931179977208191,0.5806167590314408,0.5157715834338101,0.5038638786250976,0.5413449764036745,0.49006136764760266,0.5526233721617332,0.5659323530987797,0.5643374138872924,0.4757660859223415,0.5515915547088771,0.5503445665599136,0.5817980895714442,0.560945924638113,0.5234332931324591,0.5922288557253101,0.5517066816610995,0.6252280412007838,0.5753750322459931,0.5804886242056381,0.5973918363704279,0.5895004504194142,0.5641936151470833,0.5626760313049575,0.5416296070531288,0.5758004727189033,0.5846094525319178,0.611795334808692,0.5136918155448559,0.6107686405174851,0.5426269809414346,0.5551429156648884,0.5651384209897276,0.6001873664890447,0.534736313657682,0.543357019115701,0.559169195334762,0.4867755631179217,0.5938988957402801,0.5016200247558619,0.5467047157079428,0.5577756998783883,0.571011230077198,0.6093204853472683,0.5733112679303073,0.587918385249344,0.6442736975030644,0.5184630831510774,0.5240286154542277,0.6443971968773976,0.596837758735238,0.49722966613090563,0.5469755939311803,0.5981261563277969,0.5128123787105564,0.4584123784769822,0.5632978848996755,0.5989760546212527,0.569583220314755,0.5284838328360415,0.5472423840565774,0.5961078716601526,0.5364838587523449,0.5080164476969664,0.5447539417731865,0.5221487584420966,0.6057362112330842,0.5419112820738463,0.5512478578549513,0.5060544035517672,0.5662764839420177,0.582655770154065,0.512393897699182,0.5642874461066689,0.472497354249345,0.566366573759356,0.48872411146422945,0.5401457008319811,0.5067807478169473,0.5507116736885945,0.5478796602585851,0.615799873276288,0.5760945310355878,0.5669287440759886,0.6017090713630169,0.5845674078923342,0.5627721181287845,0.5452710746883532,0.5455196167786057,0.5285371971199568,0.5375269869863146,0.5995050592358988,0.5271468291692835,0.5366970848926562,0.575289229952878,0.5245164155014501,0.5732333010955635,0.5168867205718718,0.5100611253341311,0.590280358642105,0.48532931622457265,0.5725012319676756,0.5081539597137805,0.5720237410506759,0.5723035974643255,0.5925762496585939,0.5358765884974477,0.6343705066193204,0.4721485453406069,0.5173812216549518,0.5766998996066468,0.5293444445282286,0.5004732801600521,0.5722078346818965,0.5653983652638918,0.5315374666239584,0.5204725348477209,0.553742259287086,0.581559764163844,0.5462578884628968,0.5906699072074634,0.5015674663030208,0.6027273380809506,0.5612089264081095,0.6135536563885199,0.4357127502783971,0.5315104416249613,0.49776760388223024,0.5656763212815857,0.583717184204259,0.5981071674765704,0.589061871884736,0.48106459517968153,0.6292194639004678,0.49302954585206615,0.49305407505207904,0.5735377428080992,0.5082578104125941,0.5096485905394512,0.5774644284782242
0.5646789613572589,0.5758238941392567,0.5622661183396283,0.0,0.5440514594962533,0.5428937795317428,0.5750871689287295,0.5604311361232618,0.5023737124484906,0.5708426227200155,0.6019898567325682,0.5521994744027604,0.555369057629182,0.5428923664710729,0.6239147593878711,0.5570377286177923,0.5848301440990445,0.596992626829187,0.5524628072630082,0.5161636234544139,0.6113833009763496,0.5852632818035959,0.5224570284047771,0.5440649512225961,0.5690002382325261,0.5618680305867745,0.549073658401004,0.5457699098193804,0.5606370330371286,0.46433576014124195,0.5692933833234969,0.5509254629804469,0.7053589231208245,0.49988187363599956,0.5819679906243108,0.5857253069174001,0.5486606158570414,0.5652219836754465,0.5696037318404368,0.6209276189414032,0.6042484146273618,0.5318364822232737,0.5511875541883241,0.6161152019145797,0.5683788047153173,0.5784274371233468,0.47390433845870045,0.5308913430951706,0.5751066182462313,0.569802122854594,0.6484758336725356,0.5920244562758457,0.5590818711649573,0.7217787080455977,0.6361603707091698,0.48922531403452785,0.5927669258149324,0.5861673742116581,0.5504122118246818,0.5817809159980043,0.5880441021064051,0.49011893658927225,0.5869133193963879,0.4901042938414468,0.5604326920823742,0.5585734341569776,0.5852905010016808,0.5155485324822322,0.5269414210158927,0.5826022702594177,0.580977376536166,0.553541253908491,0.5319726591962253,0.6460061229199199,0.5858229830963518,0.5267793789002329,0.577005142878507,0.5823102853973189,0.523809947441263,0.4669273658028135,0.5327966344918633,0.6170498711344927,0.5105402965271033,0.5240085760498038,0.5831962583927748,0.5467996919548324,0.5324986950236203,0.5402196259944744,0.5682151450235381,0.4829571379290455,0.6247140538711813,0.5804179038684367,0.6090450713827698,0.5518926769251037,0.618905746967521,0.5508503231730987,0.5222339519472052,0.5354110655198225,0.49112664863419186,0.5997623568444977,0.5405084462121479,0.5503420852384958,0.5680600072840983,0.5527325282089607,0.5856490970788979,0.5331876172277111,0.5791457966802105,0.5191419244816278,0.5989865211605094,0.5111247879113986,0.629034192626546,0.5753498095558346,0.5460232207978829,0.5623395700042336,0.5834789773168211,0.5632283916024503,0.5503190464155022,0.5273800216915233,0.565477131535393,0.5514853007161353,0.5631120361985708,0.5757054252389137,0.4862961947737805,0.6126864718879976,0.5006749868677449,0.6015300164729797,0.5140877950136125,0.5299796852947471,0.5742964571119988,0.5796187880048136,0.47581641761068405,0.5511755587450172,0.5079822893286409,0.5632700174443926,0.5519359031851333,0.5151501347880256,0.45286473479748945,0.6118672820417561,0.5470560245156765,0.5632912961673171,0.6162428066725747,0.5324097277081095,0.6304619557542314,0.5715974291980987,0.5846208454064492,0.47487815212341494,0.5276574960955086,0.560785845563817,0.5319947704325296,0.42631175701725627,0.5986331133809972,0.56091082117991,0.5882090685580168,0.48295721371649564,0.5988129851525478,0.5622941317849413,0.48812243103712327,0.5743602703717722,0.6223927686241103,0.5589353116469619,0.5632183101604501,0.5412824062160423,0.5243131240932557,0.5907048178088696
0.5434165082122261,0.5350727666876467,0.5955114625865859,0.5440514594962533,0.0,0.5044057314090356,0.5747910442616313,0.5021021713942064,0.5115392833534215,0.5496244923495279,0.545111388987033,0.5465002318819506,0.5143469829858129,0.49705330614892906,0.5947419765091306,0.5733511460410066,0.5721902293237179,0.578444947039987,0.49876006893277247,0.4944915255166929,0.6074899862168448,0.5924784782778153,0.5200901811871956,0.5348512453768921,0.5369836919150156,0.5471170656833809,0.5145798187161862,0.474838600200587,0.520019265028393,0.5300026333247909,0.5353006237429131,0.5367149268646837,0.54196082835531,0.46196997389688677,0.5291506408764795,0.5433660523386711,0.5237209518273682,0.5397071778552395,0.5348172278596419,0.5695451858256874,0.5508187851487226,0.5741851549818289,0.5712052729753395,0.5757300512055624,0.5167601309816596,0.5565557489188216,0.570139120694783,0.5112507793548269,0.5598021187743343,0.5774782079722587,0.6047949330484028,0.5616845630711254,0.516456287653336,0.5627608693317773,0.5448245168381998,0.5012158483949638,0.5579704593483554,0.5962379012753948,0.5161434201998131,0.5422698029028526,0.47094478292866876,0.4891658375910616,0.5439186584055257,0.492165081350971,0.5448495459914826,0.5033316348207447,0.5039251563093968,0.5470787935311622,0.5311071518130109,0.5224995721164629,0.5799780790571364,0.5209206183930649,0.4803616236930842,0.5835565198716928,0.5245427818439473,0.4876217519880621,0.537507923212536,0.6732373890779173,0.484121313144716,0.4560782505346039,0.5098466113992642,0.5781361627195387,0.5516337244585597,0.4641312520951242,0.5432517222854653,0.5246665049224528,0.4730134130919407,0.5222985115967396,0.5154250441918196,0.47301610858308146,0.6805622853134944,0.5533068599966815,0.6070221447634039,0.48990281806901614,0.5609704524519753,0.5314435132061722,0.46318154467771866,0.5089799041276688,0.4917755485127613,0.515889788180141,0.48110340361911735,0.5065474453170384,0.5201787609108454,0.5231682721622899,0.5296862485987434,0.5559031652801703,0.5344398523139681,0.5062162862777456,0.5949240617715383,0.5043875757590703,0.5604956173582505,0.5656351660685587,0.4779987496911733,0.5217321373675871,0.5150920039671743,0.5495306112898578,0.505625713664368,0.5554823421849777,0.5079990293452967,0.510011570978496,0.6274237482572912,0.5072536640228135,0.4631776177569275,0.5927388531119986,0.4719903447300792,0.536662111491621,0.5000397443210756,0.5419525230150726,0.5127077167772642,0.5630116908109355,0.4938067447918233,0.5598803240944034,0.44418894135897397,0.5052354118529901,0.49756101439689104,0.5185676696715263,0.4726496787216158,0.582098412052502,0.5082139736662642,0.5576461501408536,0.48245994578871737,0.5353838820980437,0.5798897471292167,0.5407252290180905,0.5615994734795556,0.4913247690277312,0.5763046278170059,0.549861775999992,0.5345387832764119,0.4255413772476934,0.5091902308525904,0.5088570408872176,0.5655012766688432,0.5475180194488158,0.5609877467465878,0.5165377313062197,0.44524013353485853,0.5709438648544254,0.48497126803889123,0.5143554915049044,0.5214160791919913,0.49869296583168066,0.5157881632130772,0.5733456537948712
0.6189886903911844,0.6470092841845245,0.5905049641943089,0.5428937795317428,0.5044057314090356,0.0,0.48798867227943465,0.5909828611642745,0.5830170571121575,0.5812380625103764,0.5936014364219117,0.5815876902218968,0.6061305710742353,0.5107063563868349,0.5404911999835608,0.5986501306931039,0.5617793547669658,0.5359054542131635,0.5377515539108394,0.5617149389762784,0.5924719913443162,0.5985727404389597,0.4513630140712898,0.5379814384305557,0.6096724470487918,0.5088373609385828,0.471141451600572,0.5103040119126175,0.5568825432040715,0.5040042740935301,0.6123290783372618,0.5728272482986109,0.5578581003404528,0.4809973676229685,0.5723664571657855,0.5098159728452271,0.6132545640659012,0.553317123269237,0.5437053890200595,0.5113775851687039,0.5199329813550234,0.6048551690800275,0.5095736937124097,0.6128474659148567,0.5491742131499163,0.5346337681580778,0.49215689910499716,0.5830004232802445,0.5085715691757492,0.5086717590973191,0.5400875543923067,0.5892801790942157,0.5142953793689158,0.5881271932510345,0.5333276917982382,0.6219109293456253,0.5607222261327663,0.5977556372858224,0.47021635117124166,0.5180986483301092,0.6213876733324293,0.4822185266756113,0.5686739514116318,0.45649062120441025,0.5145808594771694,0.5448064184571817,0.5546422477004203,0.5594770110908253,0.4711939802153358,0.5966021684269635,0.6129406830507114,0.5084941823516552,0.5144794420380813,0.5570167248375311,0.6232155889958714,0.5570433775205654,0.5098282285657223,0.5536250518738157,0.5019816806507792,0.551798395313364,0.6208488342917194,0.5749928909381044,0.6022094268209834,0.5697169987386143,0.5342370301890038,0.5944995823098861,0.6171968884190201,0.4700008351869304,0.5666947110489924,0.5810377395030604,0.531468787505827,0.5534095572361519,0.5248209331767072,0.5595196091705389,0.5369670225683834,0.6472053690860973,0.5392428673500886,0.5662495902725723,0.4771716992995392,0.5428565220381297,0.5393086728591461,0.505307677002417,0.4668616642274953,0.523259734212665,0.5395184003992207,0.5419014024384453,0.525774478466395,0.5508203806637014,0.5179319561199787,0.6102686534656625,0.5657706765538476,0.5052807320517891,0.590282898296184,0.5417951152536901,0.5352688641032914,0.5917710464046191,0.5726720847217808,0.4957140813643438,0.5367185582649043,0.5514784628925181,0.5337588080447191,0.5177452613085277,0.5444005394951568,0.629709382052325,0.5527846214153521,0.6157743338625344,0.4765484418094021,0.5524212916843578,0.5544865533440874,0.5165915807864853,0.5745376416866181,0.6193570682591613,0.5421298410710294,0.596393179006901,0.5858662489691805,0.5348670619911873,0.5327190441173391,0.5145903163810326,0.47983143028867253,0.5281304919666305,0.5530631288430037,0.5760406843265421,0.5631322633779148,0.5121598269084654,0.6030396153842087,0.4514381789625353,0.600754233720776,0.5572303186094099,0.578268673042038,0.45358231391941295,0.5854085011220636,0.5414485439739236,0.514763016487753,0.4636445365417746,0.5936492761833708,0.6162655205727374,0.5189544438832583,0.6561635152270735,0.5213759571062365,0.5105450220321471,0.5284169943294926,0.5995742927141905,0.5063701223192245,0.609175693738427
0.5538069158611527,0.5388091642241836,0.5252964494599179,0.5750871689287295,0.5747910442616313,0.48798867227943465,0.0,0.47879954666027036,0.48011394333622853,0.5994329467564335,0.5281240101957183,0.5226969038806976,0.5444026766157254,0.5205519531033472,0.5973600441461072,0.5207801675304828,0.531063582701456,0.5706672554330081,0.48362251088822433,0.47925722268339416,0.5336798029910349,0.5501027358330879,0.5754400804429401,0.538445312829422,0.5572988383868176,0.5157811106055181,0.54586213738877,0.49807360856507454,0.5138867396751311,0.48303506653886663,0.5296590217031943,0.576936215198076,0.5402301108411593,0.4999186255164995,0.5353301068641186,0.5080371411192874,0.549553489602627,0.47170834810573803,0.4899656912524985,0.6201322650027594,0.48062655436263985,0.5489985697566546,0.5204322132713315,0.5423312738059216,0.5377998093123396,0.5493172175150846,0.527585880097007,0.49278184103771955,0.6541721433612334,0.5244488383054571,0.6085827756914983,0.5037798345392925,0.4912506408514169,0.5588744836623722,0.5656421797111538,0.499945349387342,0.5222149212053794,0.504647851169635,0.585928218614507,0.5426007930261443,0.4815438831416465,0.4619946517975742,0.47856349196796805,0.467265820378431,0.5215114742183735,0.4970276279031807,0.5661093145456503,0.5528630475316074,0.5097495459624809,0.49559430731368026,0.5387750353982944,0.5135948562885171,0.492940730852392,0.6103275622187319,0.4780086251650577,0.5322023019344732,0.5886424721210368,0.6190858242473295,0.43950159830007796,0.4366431508372521,0.46074352418507974,0.546653573707446,0.5150975826108826,0.43055533320266404,0.5036433103008502,0.4735957194213306,0.4669074835501782,0.5699225825029863,0.5434747138456786,0.4676631400725492,0.5861805992874128,0.5824181136839551,0.5689657824818649,0.5010299556141381,0.5418737933960417,0.5234903667167891,0.4315010189390254,0.4970668893944365,0.46599212827828923,0.5918898708893287,0.489966485737611,0.5039589397889926,0.5282609668104498,0.4924566359434158,0.4974863794743014,0.5082520553660257,0.5066454213739369,0.4858455430865461,0.5927656600686075,0.5208239255569161,0.6126491729618766,0.5072548631787038,0.5077697211607209,0.48125221351635883,0.48622255811855414,0.5191499417061065,0.5034676378073945,0.5821269465877639,0.5019902827763185,0.48672228179594984,0.520168479189747,0.46193980173337074,0.4521911695941692,0.5857557554942847,0.4531890682684052,0.5282635906079699,0.49775444915365197,0.5256866070529747,0.49146122744740434,0.5316845414182851,0.4625401203403538,0.47351086653729046,0.4428667638612925,0.4620628931968608,0.47697245803166294,0.47430930434368435,0.44689915880067393,0.5751663505100155,0.5026069254092675,0.5029093187770555,0.49198352164173814,0.5098867615319768,0.6133613044161871,0.49354972756306553,0.5207715323603334,0.5272958381998837,0.48969259698538536,0.5143020120410748,0.5064210494497373,0.3793550631154154,0.505751194967478,0.48507411714134463,0.5210584413198244,0.5616432159930844,0.5135371138265714,0.5161289954543782,0.48033134916461295,0.5485625166899267,0.5367991626090679,0.5666924094930206,0.5090287102683728,0.4854049070378972,0.4640764993741668,0.5230053917667968
0.5830534822505173,0.6018754291040797,0.5886790676160574,0.5604311361232618,0.5021021713942064,0.5909828611642745,0.47879954666027036,0.0,0.6161031775280355,0.5787835726311392,0.5600635923547409,0.6195967007738292,0.5799404840152402,0.4899612809346001,0.5910131562723333,0.6101702116223149,0.5622870956950637,0.5774240490537197,0.5534044009911525,0.5733928386664188,0.5853308054511085,0.5834605088739945,0.49599543581438454,0.5338854123511796,0.6041225943765073,0.5268227008299495,0.5582079304042148,0.5330901343580032,0.5100269284070251,0.5411197979082346,0.6725997294785403,0.5436209880087935,0.5812553950010282,0.5000841248337855,0.5467782707337919,0.5357430699980251,0.5774510240018009,0.6020618111711953,0.5822528762177482,0.5277317180696566,0.5560064936105812,0.5540987062874508,0.5592134488777321,0.5379245781386143,0.6320883885133131,0.6113876154358648,0.49058641891903854,0.5106904994264034,0.5167631996752254,0.5382523947434331,0.5440098508299848,0.556714722815122,0.5055669929279738,0.5643097784072415,0.5339894740833154,0.5490958675308424,0.5795120533602948,0.6603574996889113,0.46857442386722087,0.5613558322609852,0.5985095544092537,0.4817521338753386,0.5688554792354752,0.466174026830343,0.5104693496205631,0.5454474969661155,0.5389385751319011,0.5236859621098925,0.5101501429139749,0.7159480153524537,0.5896730591768422,0.516645359032782,0.4768685694176377,0.5699116402763952,0.6478074516448484,0.5225933089410283,0.5184992423869946,0.5408666807952541,0.5881245610506365,0.4582314147551699,0.5333796076364468,0.594318657701298,0.5868927808887263,0.5776409025067132,0.5415395218884145,0.678448008005736,0.6039644761067674,0.48982860399080475,0.6275621104490023,0.5876208452981372,0.5531619400394202,0.5476787689417955,0.5356959233623673,0.5238760706824802,0.5206470948050165,0.596190076301856,0.5447953394093293,0.5641510636558588,0.4599073209498187,0.5535560311990896,0.514446726357016,0.5776075725556774,0.4892796311530401,0.5731019906446687,0.5653394789162528,0.6040629074608924,0.5648945833150185,0.5731383994404226,0.5551319521360081,0.5262854042780636,0.5245039308846959,0.5303199761070423,0.5024602368219881,0.5929916422325762,0.5660941037537222,0.6124482741543329,0.5501088165967047,0.5142825561259741,0.4804760914192193,0.5432834966077494,0.5353826451278519,0.6034169239697645,0.4863995937941118,0.597372963823918,0.4824080955945776,0.6128693734262073,0.4710798766251421,0.6249604408623592,0.5482177283217904,0.5571011195680661,0.5923603600881953,0.5962995178284118,0.5364481938819522,0.5545495232874423,0.5700961273296158,0.49103020037663087,0.542064873503139,0.5445594087749313,0.5536036725739638,0.616990906420443,0.5374153732620743,0.5234253476873721,0.562594532605854,0.5195927142624057,0.5750514817274461,0.4623646703004381,0.6232997162454488,0.5795996338389211,0.6017261320338049,0.4503935231498188,0.6054435142459359,0.5211081903221524,0.5616230355259972,0.49673761628515617,0.6400136112686424,0.6386407851586755,0.4917298950208979,0.6295094708034173,0.48850424536716025,0.4821739533055196,0.5199864316751509,0.5325670636020181,0.5303202308174257,0.5708292043408255
0.5804139613538628,0.6199101291090289,0.5368486005368166,0.5023737124484906,0.5115392833534215,0.5830170571121575,0.48011394333622853,0.6161031775280355,0.0,0.5633683737612805,0.5157960698062057,0.5631346833197431,0.5276738016491828,0.4912403602358199,0.5667569734087098,0.5339777008462329,0.5088264671170833,0.5505771934742874,0.5087465220861374,0.538175391304724,0.5373792035014774,0.5913849758706904,0.4632805300456667,0.5012906574491862,0.5719961201167189,0.4639004517360244,0.5140090569033032,0.47631289580626546,0.49499665883494215,0.567385399366791,0.6597716746405852,0.512047253255117,0.5266599460925595,0.4455884467253327,0.5435131111291929,0.4911062670065221,0.54632107122274,0.5590633565718198,0.5398335585806187,0.4875125095724594,0.5073830016471287,0.6248918840407012,0.49254018534015304,0.5172791737421233,0.5270868403178085,0.5286396467214716,0.4906356280677343,0.4774020586160567,0.49294453396102933,0.5017658791448858,0.5042803137448887,0.5081088615870661,0.5111945184368256,0.5123450573626411,0.4803044872680044,0.6406669734057369,0.5351405707140932,0.5792083799442603,0.4575200663399808,0.5116621887234448,0.5237163042212749,0.46900816008398016,0.5010240745259158,0.4532180312468754,0.5138728767768254,0.496663261465368,0.5178288873514153,0.5337561568006123,0.47275745023051935,0.6119406902510482,0.5820993478705934,0.5050151821965387,0.46853062770711495,0.5124200442925014,0.5811870293964313,0.52085623741719,0.4710295466860203,0.5294278721780983,0.4912645878122938,0.4680874199850714,0.5338455065551075,0.611287955686187,0.6496504775896571,0.5102301390226343,0.5098084256319815,0.6167056203795855,0.5541885263056068,0.4732194118847627,0.5607139865978259,0.6566474803387116,0.5295314017958066,0.5758817154694208,0.5059689039056308,0.5015016744669503,0.528859146993572,0.6122548086989149,0.5144247203699667,0.5360504487553828,0.4786216271977942,0.5043229124367552,0.509464664152022,0.48806236041586026,0.4564838196286582,0.5292467339905206,0.5250271424415878,0.5208682668285279,0.48796802947221474,0.5355866212266301,0.508464639198864,0.5219220855688729,0.49164854692233223,0.5053127713819933,0.4939916459885006,0.5829124879426673,0.4961466110160906,0.569893102784942,0.5286886694778921,0.489001750638265,0.44493304812761597,0.5576593497123923,0.5315352966624287,0.5326611209109055,0.47431149862712035,0.5798902198514503,0.5322821040057294,0.5403790135275396,0.46247395380302336,0.547782154115138,0.483149532595868,0.5232107785431269,0.6978219036449965,0.5666529134803068,0.510096129131997,0.5914242735451217,0.531670566745516,0.5109802153912479,0.5228116263154469,0.5080551692645354,0.47890860443461364,0.5786333140894382,0.5074069629560541,0.5281825409489926,0.5781880980407195,0.5191720979795277,0.5525581827257813,0.44462526546742714,0.6842374799756608,0.5572420251418201,0.5602176786572807,0.43814123858473736,0.5538073931866678,0.5324090574098803,0.5247284492060049,0.48648159138949476,0.5717962775232527,0.6160393309480194,0.47630834297491015,0.5894178983084758,0.48203566975290457,0.4628281786634692,0.5029079849326541,0.5631945803970828,0.5546971770348653,0.5833336439060173
0.6184738735176679,0.6579528502841038,0.6336489655526862,0.5708426227200155,0.5496244923495279,0.5812380625103764,0.5994329467564335,0.5787835726311392,0.5633683737612805,0.0,0.5764459840251289,0.5852077920532643,0.6236696132136258,0.5472537130753168,0.6101355834233545,0.6047237522411701,0.5905915629563342,0.6356936441341867,0.5246154109768209,0.5562036485626185,0.5903736910829538,0.6262534541931618,0.5579186102674554,0.566778894841574,0.691088401820251,0.5316252270577899,0.5800220414713191,0.5417154273617143,0.5974523183776642,0.5294626159858438,0.6082709198314521,0.6085330919109526,0.5679970353071703,0.5094612137837685,0.5833972316087548,0.5327764892756157,0.6158298721147295,0.5505762466036548,0.5218519637975585,0.6086060853174677,0.5285004095737021,0.6359843639227043,0.5518307344413085,0.5718665172200456,0.6028958074646521,0.5996233726940562,0.5540479628653332,0.53612042506957,0.6196036454926463,0.5389389385624277,0.5752528830469024,0.5479433450671457,0.5199780507687589,0.5756114455184603,0.5643036275963579,0.6012859629456111,0.5615959957988536,0.5737499766950187,0.5630106558383193,0.5571266296933598,0.5462279821165819,0.4779728932365667,0.5249992594561987,0.4966155186828991,0.5344814091094002,0.5398917687189513,0.5896786836032032,0.5950459472327391,0.554833665384195,0.5971134332187205,0.5893526873278344,0.5507531450912782,0.511999722833481,0.6170033322012126,0.5747326482703136,0.5809607358861997,0.5475348550488092,0.629218305816409,0.500123114403816,0.47815023250935956,0.5488842576780296,0.574799268896541,0.606591903968875,0.5165732447084027,0.5415465251847317,0.57831404609781,0.5382723137057698,0.5385164031037795,0.6281906838770419,0.5459053507255801,0.5818700474225308,0.5951634637781931,0.5715449712897572,0.528582059123891,0.5642544007970423,0.6381071175811327,0.4782122851797725,0.584281799624152,0.4815486163333609,0.6032174215546944,0.5299207140186512,0.5281453396038949,0.5172253871063494,0.594277994785024,0.5382749761116667,0.575853604301145,0.5459482889833668,0.6011274740156013,0.6180850452587687,0.5963862869785427,0.5800455591877317,0.530250896739738,0.5448413189872189,0.5608183406874259,0.5327413803202502,0.5943307957146353,0.5831872162206688,0.5948171729423626,0.5363855711746716,0.5491675934469697,0.5432891380805632,0.5111730606974574,0.505271525868357,0.6345002672889891,0.5037222111186163,0.6204913283039031,0.49382368921884123,0.5626179587915644,0.5664611418813069,0.5873623302890962,0.5812158843000057,0.5507297700629211,0.4962007349426753,0.5118162965088018,0.544298997902925,0.5188089099610873,0.5272223822366291,0.585552052319971,0.5683554107224568,0.5603129340239963,0.5546466134171182,0.5649581246674095,0.6191555397723355,0.5263284876600433,0.5994681643703692,0.5124758753770561,0.557039151038486,0.601268840616786,0.6572531884141455,0.42935908763925923,0.5493742951023863,0.549602245630324,0.5450426155691493,0.5810624320379727,0.6162166151965138,0.6073941676269746,0.5114871284907537,0.6512167048050189,0.5414055526844255,0.5319477894293907,0.6051818689943483,0.5571447065990445,0.5324596948296372,0.5707657156617517
0.6497242439741399,0.584557915369954,0.5849298981143994,0.6019898567325682,0.545111388987033,0.5936014364219117,0.5281240101957183,0.5600635923547409,0.5157960698062057,0.5764459840251289,0.0,0.5749856768020104,0.6471765535661766,0.5288891837089551,0.5791505206759402,0.6767121574185461,0.6350778005192182,0.6118414118495314,0.575827181585671,0.602676216088594,0.6268978058133791,0.6220681737470805,0.5172542366008447,0.6087673758070439,0.6370800742524924,0.5636924265855798,0.5332608423419944,0.607641381543116,0.6060612084361533,0.5007346211625365,0.5793038430764139,0.5906457726424916,0.5594147498324656,0.5185527711570065,0.6097460907028116,0.5240382011956835,0.6604664721321868,0.5865617407653483,0.5886239304433432,0.5970356634751602,0.5352448790110276,0.5539159409791545,0.5708716324442742,0.6534008399984156,0.5758468889714937,0.5652836706781696,0.4615782453883091,0.676314425271872,0.6095775914107745,0.5418326203378023,0.5907256144013316,0.5734573359762444,0.511315367932828,0.6309800167051928,0.6292327442649616,0.5014758061368462,0.6310769138349737,0.5991393176917894,0.5187413381762604,0.5483711377352692,0.6406624718329029,0.4572492879667394,0.5860540300479786,0.47873388161240926,0.5331990989626607,0.5720236385086921,0.5874244518628802,0.5408619802822121,0.5236263048476751,0.6290211310901704,0.5917425829000644,0.5518097292839874,0.5343481099792602,0.6275023555998054,0.6197057500162797,0.5659428268737977,0.5939870024803955,0.5869867590408403,0.5275510477294051,0.5406410608994964,0.5582624873588562,0.5521875963509926,0.5436139901506885,0.5700464752779294,0.5640988222963226,0.5650025414561668,0.6087567476669474,0.5026617761864798,0.5672402973339918,0.5012097814301015,0.5754236529791439,0.5062872586920026,0.5941235868076357,0.6037944369577655,0.5622822071956237,0.5672871344789927,0.5017672015300152,0.5155244016172612,0.46676740753718854,0.5488628038731985,0.5777303123650425,0.5560693359127704,0.490099918615903,0.5132693417712447,0.548891402783812,0.5472439410544054,0.553754651872626,0.5650239715552451,0.5500086740267315,0.6031918421317953,0.6386383601865953,0.5441765770282116,0.5698744173458066,0.5673423461625169,0.571662249942556,0.58985179305468,0.5694146398295448,0.5984383776813496,0.5634804882990508,0.5176644978997138,0.5944897530661738,0.5108545266999445,0.546600420798694,0.6463495205764688,0.5420147061677245,0.6462352363759837,0.4624371002212084,0.5405274869522954,0.5731904740034661,0.5595959476345901,0.4935474914509027,0.585599013413599,0.5937747329427475,0.5620036637416139,0.6459376294504571,0.5480867001223184,0.5248967153349176,0.5808197861357232,0.5685863540570497,0.5593603204641903,0.5690502533574949,0.5654407889163019,0.556000253857377,0.5140760591031406,0.653447734098686,0.4601818704964848,0.5288624226225092,0.5471527787219913,0.5779824968133905,0.4397845243717091,0.6560295671693454,0.5444651509129614,0.6034448596743798,0.4599400016715872,0.5921126680187274,0.6278533664014836,0.6090617951833605,0.6075683442621174,0.5925641230850824,0.5752454026037452,0.5299620824258866,0.5852470990483,0.49475808491767803,0.7089954470554364
0.5733380402808869,0.6173963013773036,0.5562925979939631,0.5521994744027604,0.5465002318819506,0.5815876902218968,0.5226969038806976,0.6195967007738292,0.5631346833197431,0.5852077920532643,0.5749856768020104,0.0,0.5371481755932,0.4571191902221827,0.5872253429946489,0.6094330528541364,0.5785874474280875,0.5471709891205941,0.6453368774841607,0.5607687320064153,0.6038098008298173,0.5612586549392793,0.5561494768695706,0.5935991863391972,0.6385828220136328,0.500082859828702,0.537770224353073,0.5586952818526462,0.5353518625462147,0.612875214014427,0.656705122323359,0.5469623105301928,0.5572156962839172,0.5485900257394389,0.5436990078183204,0.5138065404071944,0.5546160072793154,0.5444339867739096,0.605094841798131,0.5341105740837012,0.5528029251909222,0.570827546702549,0.5378579073365282,0.5608239237158558,0.5760241531425346,0.5818218779020083,0.498341921594925,0.5118991783503772,0.5580954164541456,0.5145387893787534,0.5431129649512956,0.5565523081726895,0.4903719483005892,0.5645707108788386,0.5412942546405396,0.5381968678934788,0.5852821374040466,0.683550904272243,0.4589386205831772,0.5490983973224799,0.5222395338736344,0.44451889942668527,0.5217652837313344,0.4494456149425149,0.4906454005704758,0.5022864254574435,0.4945825589621786,0.4868447349859445,0.4648919062928855,0.5858838418502705,0.5312738140809775,0.4935360715408782,0.4511450995810013,0.5486137857903485,0.5793654433627827,0.5255133080323027,0.5083213312405891,0.580860019575183,0.5372133450691828,0.47274017232382337,0.5084701733887107,0.5530389024228209,0.6008884657925575,0.5036811718034847,0.5280903233086695,0.6059445734310321,0.5243977803476779,0.46593697552467783,0.5936689419877369,0.5501573885554851,0.5498857729045141,0.551956552786325,0.5584117344121818,0.5321539758902756,0.49374716518054346,0.5873402771483062,0.4776437101729046,0.5697470902410964,0.4468373496084604,0.5278745221937802,0.4963110329882156,0.5175235513837576,0.47746794073253995,0.5912905551032647,0.5140605104444719,0.5686507901410763,0.5335223702059523,0.5960153029819912,0.546817369728829,0.5638479398469989,0.5863081257699979,0.5129870889781712,0.46991116581049297,0.5438767053875478,0.5282986710864777,0.6222990496152292,0.5746790008463378,0.5539555291454373,0.48543553913100884,0.5003531422094974,0.5365032964130083,0.5098737722022085,0.4903138118426873,0.6340608975781309,0.46783690472265893,0.6321390554661676,0.4466519292580726,0.5907985853873919,0.5506386426334725,0.500920408015167,0.5656850424179605,0.5446157078383376,0.4873965817892225,0.5324252321359747,0.5431644157088451,0.47176957657245033,0.5780945908794949,0.5383820460152517,0.531078230525349,0.6139472181527393,0.4952271245672571,0.5089263369997908,0.5602989557798114,0.485785904919171,0.562610871286815,0.4618821545236679,0.6030248541391479,0.5598218068974771,0.6077807357765859,0.444844414274529,0.5880633625139724,0.5272340452269973,0.5828529992664413,0.49118556178331685,0.6764059558264085,0.5648235250700437,0.5056309751970414,0.6580782589852272,0.48495115916926845,0.4906232758465991,0.48443393876378954,0.5360458124328439,0.5018126381686284,0.5924941868681591
