0,1,2,3,4,5,6,7,8,9,10,11,12,13,14,15,16,17,18,19,20,21,22,23,24,25,26,27,28,29,30,31,32,33,34,35,36,37,38,39,40,41,42,43,44,45,46,47,48,49,50,51,52,53,54,55,56,57,58,59,60,61,62,63,64,65,66,67,68,69,70,71,72,73,74,75,76,77,78,79,80,81,82,83,84,85,86,87,88,89,90,91,92,93,94,95,96,97,98,99,100,101,102,103,104,105,106,107,108,109,110,111,112,113,114,115,116,117,118,119,120,121,122,123,124,125,126,127,128,129,130,131,132,133,134,135,136,137,138,139,140,141,142,143,144,145,146,147,148,149,150,151,152,153,154,155,156,157,158,159,160,161,162,163
0.0,0.7968667971847166,0.7986199522541385,0.8123333880065078,0.7887014445586857,0.8312915610378833,0.807058575022089,0.8172556466990163,0.8362793519120902,0.7167918737073724,0.8213320160224988,0.7630658527153131,0.9272123996605984,0.7906472245995412,0.8144738993343112,0.848830611108793,0.8983838257951436,0.9569486147135831,0.8094942740630602,0.894264010923047,0.8227734489107816,0.8365011515910664,0.8708349538468421,0.8044474931056013,0.8085785704657853,0.758238384263896,0.7944367840681325,0.866166541385288,0.6943953402804081,0.8954715717941174,0.7638232721691608,0.8462877642812265,0.7909244512757537,0.758999553101812,0.8699583783148616,0.7429128483323483,0.8653311063843329,0.8850883572024,0.6922205413408771,0.8576997738601099,0.792269421937826,0.8931478245238176,0.8313405026382966,0.7582948062311133,0.8052776915854929,0.8714382028799404,0.8454252790246782,0.742293343445748,0.8844401496224518,0.8989309801145562,0.8415016826375954,0.8596067192787337,0.803601442112819,0.7450987430103289,0.6994828036011609,0.8485158693557155,0.9320216321730737,0.8451786482113197,0.7620704259358059,0.9104532859092496,0.7606192075868298,0.8023515711002684,0.8583081253674661,0.7128686830977221,0.8294641151075594,0.8048840158499627,0.7606267881120303,0.8312232999673002,0.8450574417567441,0.8852436147226567,0.8643652398760907,0.8024969862455871,0.7837136828002605,0.886508439528395,0.8745306627746496,0.8014382990070955,0.784537049214985,0.7629541712726158,0.7943982525850791,0.7075560323694514,0.7913986554389845,0.9095661278638877,0.8346973946372384,0.8465392816251255,0.8720353757435634,0.9270882735904216,0.8267536038099179,0.8323834332301923,0.8616499790267149,0.7493167499171118,0.8890818054377102,0.7594091216043116,0.8097826733017419,0.855886349972738,0.8623106064349262,0.7418011380678928,0.6593872189890659,0.7747235859736984,0.7538760012575549,0.8424672739414711,0.686297988299371,0.7280299496797451,0.7061678996526143,0.6902739532840324,0.8591733200908304,0.8757236340641019,0.7877276956625562,0.8674637021495912,0.8351027966972945,0.7892095770893987,0.7721546667776436,0.8449250787965614,0.9065215669907384,0.7669920869710176,0.8630830257502397,0.9382601816401017,0.8650094903947156,0.7608662745017778,0.7736584083048625,0.8047116113263046,0.821470946196144,0.8265782135901691,0.8772637991197438,0.8134662653156903,0.8064581589420665,0.7210517230478085,0.8520568163069588,0.7835989507422981,0.7257385894206838,0.8319185780591933,0.8577684423100779,0.8370941662451926,0.8172761783092557,0.8484469074025224,0.7175338813913911,0.7748431692418283,0.8577103832031244,0.8426342683544868,0.7664753486756493,0.8375838198616878,0.6899413146859412,0.8034690620748238,0.9076274876575499,0.7086784938835504,0.7619357903395068,0.8534638766738931,0.8404852596953154,0.7694233864652413,0.7576379324536469,0.7316882649679431,0.8590735440868077,0.7520709031558284,0.8670515063085198,0.8043697969815448,0.7930714930817871,0.8346140024307824,0.9017937585819535,0.8151883410426328,0.727602506449448,0.8382152328674436,0.7580783299668451,0.9265745235106886,0.831877585749801,0.888412116243708
0.7968667971847166,0.0,0.9140463418212431,0.8431755765823371,0.7305624672102838,0.9023712557080011,0.8476244726517056,0.9218772059342913,0.7477290392168228,0.9556844194548332,0.85478836406757,0.9150897709495289,0.8989376783784344,0.7680409454602792,0.8987316969061725,0.8495738864664599,0.8260285919663789,0.7934725595177848,0.8969307030938023,0.847993338552195,0.8260882918383341,0.9311653424733959,0.8254410716063191,0.8290121800217628,0.9429344052380356,0.6684570308434761,0.7904251219360097,0.7851404707606132,0.9109028739199919,0.8061402134690935,0.9212732394872923,0.9025806429179447,0.8993170275058349,0.7548323220534638,0.8268092708173771,0.8828735185098087,0.8654523623403808,0.8327649706090805,0.860428261911633,0.8141647828735107,0.8619191733128525,0.8248702450610023,0.7935858264012564,0.7915844982769239,0.8898305164267415,0.7880554217624073,0.7830170420525591,0.8119874303207961,0.8894250529531599,0.8158693238973286,0.7766110692365004,0.7244262214982921,0.7435110603097569,0.896354016039804,0.8675730595908873,0.8345685429830678,0.7744127687814797,0.845024822452625,0.8284421464974153,0.8602708597917473,0.9080499075098334,0.702890969494237,0.7399565700191001,0.7732739672120875,0.7057777218741806,0.6937487847549162,0.7883850733312331,0.7873948040809363,0.8039524127170771,0.8804025228956468,0.7597896371063039,0.7521009721623916,0.6319719337285796,0.8576945231504343,0.8629812964614264,0.7411368704582763,0.7908910387882288,0.7797125663421269,0.6988391771384248,0.6370570110471477,0.7960371675488126,0.7783416953903319,0.85352075421237,0.8397427480968263,0.6778954494452601,0.8916159788583236,0.8277306322039152,0.744318968442804,0.832873242399291,0.7805096913683996,0.730772466414692,0.8509823947876588,0.8663004643188712,0.7223392148838613,0.7205280973393674,0.9455309283224735,0.7685740030165611,0.8488491248879069,0.635134452379968,0.788422289920885,0.8459161729857236,0.8343560124688311,0.6398075840602804,0.9025262563074445,0.7319124595114112,0.7766216347852606,0.823179720859692,0.8767447246431261,0.8359317002490075,0.8897298613816224,0.8233096341967477,0.6741882477956395,0.7982612565413687,0.7622095918776342,0.7076431100127444,0.7777111428128787,0.8053584083581095,0.907435223967899,0.8363148827935087,0.6862306299928178,0.7103010398542603,0.7597129913761347,0.7260217992097003,0.7947607205110842,0.6905166537898757,0.9138765306998188,0.6940088194256684,0.8607666299058032,0.8858758485341757,0.8535771229479977,0.8473191774488769,0.7989216213955499,0.7057927507366654,0.7184643213827634,0.9014229242382953,0.7626052145264549,0.8596644855111396,0.8121142832915657,0.8631835679475436,0.9142630502133434,0.8313401164218697,0.8682375795252965,0.8637719516627039,0.8096696664946229,0.8558871781250876,0.7330497044442417,0.8439617185603473,0.8646961518464312,0.9271617412389656,0.7809854572906556,0.7560129496543073,0.8616124053528034,0.8504233814771758,0.917066227336159,0.9070281226409795,0.8985946804700558,0.8761231202369079,0.8234554133923634,0.745659329335591,0.6859527776071692,0.842786612054765,0.778336671965409,0.9616529248718013,0.7254341389393173
0.7986199522541385,0.9140463418212431,0.0,0.8368953748019716,0.8699687591587323,0.9622345364711776,0.8820942862617783,0.8335319244674064,0.6733603969289909,0.8856504572849482,0.9572077099235301,0.9448371377624563,0.9228344703127043,0.7134851984752606,0.8858788080042701,0.9666088479941786,0.9189502902920867,0.7777608912514934,0.895375787845089,0.7985662982726741,0.9478784316612461,0.9740739407386951,0.80099466509319,0.8871945762619431,0.8980983501531878,0.7761984225471525,0.7200448119307838,0.7511128173174674,0.928692624099697,0.8705910566721488,0.8163133821630929,0.9497105414027485,0.8762812826505469,0.7347501673111533,0.759098115756992,0.8957834483030036,0.921643400390348,0.8673669510429974,0.9219429455237359,0.8483766360412719,0.911519364685369,0.8604169073943956,0.897914991157008,0.9129691596921096,0.8173252570766086,0.792406882801013,0.8603514959660193,0.9421543962988254,0.9084516159322428,0.8844540344551852,0.882845356556022,0.8228911005175361,0.7200516313721581,0.9497741093623766,0.9213558614524253,0.7886035609547818,0.8376087667986648,0.9559877090805255,0.7639112703231553,0.8424451351962725,0.8605892200813137,0.7709639719226807,0.8523823965930915,0.751600907893162,0.7170188526933486,0.710479242877389,0.7260925316074965,0.8660210479210017,0.8115768752271045,0.8529872707515842,0.8354452225144,0.702725410776155,0.638807250490009,0.9332217293683782,0.8643510179493239,0.6770303804310348,0.911549094257972,0.9022462303498191,0.7108469713031558,0.7508263420630094,0.891217924085241,0.7614994125578878,0.9002463761954738,0.8364396304925418,0.7488836737263542,0.8522372559971096,0.8242499762066029,0.7127642797907177,0.7366011764195526,0.7078903532252977,0.8397862325499265,0.7337543319201124,0.9584644849556483,0.7299436488074657,0.746900669638021,0.9272693150867716,0.7224444135910283,0.7797105818145563,0.6460687650387026,0.7127756878575529,0.7832649446382284,0.8913127086663256,0.6498708794538361,0.8311350753277833,0.7195435504910886,0.8479181838801367,0.8925170846964299,0.8503068051865702,0.8640972913117032,0.935673784469228,0.9231271824180713,0.7551900876720713,0.8190186282486602,0.7366163485411128,0.7311201568902329,0.8143867109858003,0.7578818765690165,0.9457580193552323,0.9456879020485836,0.6510591915604673,0.8313345831263177,0.7786063737494133,0.7679280590752967,0.8726385200093758,0.6566577177098427,0.9387961101924973,0.7308432070511562,0.9136197879449294,0.8964229343789812,0.8523115384975537,0.7734357257141474,0.9336221763756158,0.6830552523307392,0.7228382802990454,0.8922698355866037,0.8262758689369573,0.88041068289131,0.830224045780461,0.8080552201396137,0.9307377592023532,0.7412645767771067,0.9479086834676167,0.7941764036438166,0.8161141942879276,0.9519979509826356,0.7370962428941128,0.9018471743378634,0.9055787070444493,0.8856928225276818,0.8288766463146485,0.7239101194397741,0.818281465912859,0.8815766080525699,0.9254784702643233,0.9369370494388763,0.8433496208226573,0.883716011463058,0.9006208442549524,0.6733424326424269,0.7903568646784229,0.8147397463382465,0.7364327386312732,0.8909176895584053,0.8125787495134585
0.8123333880065078,0.8431755765823371,0.8368953748019716,0.0,0.7531237208753007,0.796315598927264,0.8489034175548144,0.8244937750743081,0.6905725897397629,0.7806387287237477,0.8717134045326977,0.790582981726821,0.8960572103178004,0.8302397643647131,0.8610402870338228,0.8280710258830933,0.8489095090073806,0.8382040741590712,0.7951558929848077,0.7990520430002805,0.8118776420742889,0.8754597530291881,0.8471020456497925,0.8235515535343397,0.8047202575979974,0.7612795273098575,0.8319425165175627,0.8233310601768472,0.802157578644998,0.755936186831419,0.7625199790583617,0.8172257184001883,0.9156699680531466,0.7446637850180331,0.834210778852544,0.8540578327028676,0.8456760695502794,0.8575124333702647,0.7898214166897021,0.9090747236240775,0.8654963648208697,0.7779901919833907,0.7866387030847528,0.7851013108685739,0.8456423884602843,0.7954386492502652,0.73764496583511,0.7871558955278484,0.8905875528675908,0.8510324511442936,0.8273407785760362,0.7713416903930191,0.7427695195398506,0.8717043693550688,0.8272824710595836,0.7222745337086958,0.8210977254973725,0.8142553673511992,0.8258019296524484,0.8959942891461766,0.8708989083384485,0.7245040222457283,0.7826873754667332,0.7606342513350746,0.724282040425316,0.722686458587041,0.8742693916097981,0.7709190002062137,0.8253231585119895,0.8512505280555657,0.7834446736276477,0.7992528869780331,0.7281962679274133,0.9075205082530969,0.8315469574774956,0.6825674083884286,0.8489077051704027,0.7776756016977409,0.7312873757272227,0.6493236054875057,0.7392852106857536,0.8055128205034179,0.7746671485033488,0.8407383792972889,0.7662721905554803,0.850647446137284,0.7982455646894305,0.7844608678426525,0.7702732722275991,0.70926830325056,0.8094522875479007,0.7354972314682159,0.8455960135584973,0.7516847720053021,0.852437821084289,0.7891162682086147,0.6992357143921313,0.7361155877114154,0.6863272359893526,0.827614829644742,0.8215835523802983,0.7972979342737588,0.7199260772310534,0.7389016103335458,0.7801098599113394,0.7851362706646317,0.8070213545086552,0.8108452805641398,0.8399404498110432,0.7978363054903508,0.817362114137231,0.7902667447033263,0.8605108858386876,0.7660807997845737,0.7904439528205722,0.8233833063780486,0.7337037185284204,0.8001631547868377,0.8315981450824804,0.7404807337683477,0.7764721108599563,0.8468582383386484,0.7513097597947427,0.7797650298772177,0.6993141729804991,0.8034708740479726,0.7787365480513632,0.8143347020130285,0.8075123905939239,0.8821330183309769,0.7295943522612869,0.7848105278488696,0.8164658789981734,0.7939015562725373,0.81262359351086,0.7384504374592274,0.7621240465752003,0.8916261073093904,0.8587111662212411,0.8256205194664791,0.7897594088015483,0.8074213216007148,0.8630471019861506,0.7862951151896321,0.8209782923873732,0.7480797890601821,0.7825202801940848,0.7812934272742842,0.7683296450881784,0.7328487940623891,0.8064542409100953,0.7532366299463009,0.8768336968931119,0.8296604264705129,0.8091499008634296,0.83653749786029,0.902961349371447,0.7855709882286718,0.8729071057080849,0.7818477246629277,0.7817564112831108,0.748787784627444,0.7947214812284397,0.7994277541347994
0.7887014445586857,0.7305624672102838,0.8699687591587323,0.7531237208753007,0.0,0.8638305434177057,0.8781606907266908,0.66478607365461,0.6330565171619139,0.6709671403552693,0.8858741726010207,0.8104716020876372,0.8385948123361293,0.6287588167036849,0.8094458542246696,0.9196716358331846,0.8841531520980493,0.7296125323823743,0.7332111102891057,0.6766825434588243,0.9254839976682447,0.8607021006848034,0.7372344822156195,0.8853909866892266,0.7164909591165942,0.8908324217919397,0.6337897655307033,0.6567646621701181,0.741289023047539,0.8989145185816233,0.6612999159630875,0.8120820757774938,0.7763750745711675,0.6597726479868312,0.654093676178175,0.7229595878778549,0.8834701475168331,0.7770216331266081,0.8088660723969947,0.8461137814368337,0.8327801096344009,0.8484530565029028,0.8603551290225272,0.9156563340426455,0.6720626808678413,0.7651442249720906,0.9054018872364781,0.8937540589536976,0.8187094688542734,0.8356092201755063,0.9153847414216836,0.9057609422955729,0.6646337395056959,0.8088925423356753,0.7559745364851684,0.7581369658195876,0.8458190080218614,0.9157912015546528,0.6167298197208829,0.7628778962082831,0.6733368373839905,0.7975779497624378,0.8733553429650419,0.6151923847481625,0.7029823672454278,0.6777436912476617,0.6586283282323031,0.9127979024607411,0.6955504073804122,0.7217760392330531,0.9017218426062122,0.618592253402714,0.6144079647287749,0.8856574632391914,0.7338658805781203,0.6141076319414821,0.9199577857882979,0.9674015734920313,0.6812059996332925,0.8989984646786537,0.8609930308174665,0.76169136847829,0.9031331736235217,0.705545273291985,0.774123153305397,0.7630191393143609,0.7018304220563221,0.6338656143588798,0.624851225609489,0.6840446294655552,0.9388273408687571,0.6286174504871841,0.8707590508845449,0.7196692609349363,0.754565688299318,0.7695661713692583,0.5803257158542285,0.6453814715311796,0.6528918504529273,0.6406484279464535,0.6422635570312726,0.7430670920084436,0.6059485807229754,0.6319906779534012,0.6455742446509135,0.8744256437937872,0.7833485586465632,0.7274919407114571,0.824926277268484,0.8542203192191776,0.8827991881159003,0.8041891919459749,0.7690501382025979,0.6367454066281423,0.7301253027081962,0.865552257192182,0.6537347709384651,0.7684742542199355,0.8367740213708396,0.62572797296657,0.9684151850199354,0.724222176220195,0.765602851425392,0.9174025897760102,0.6265788180968036,0.7760303587581489,0.7515813711889129,0.8711514998698113,0.7076104941642507,0.7636748997962859,0.6774749573815627,0.9370496499935109,0.6469349625580024,0.7507004379582989,0.7044043760604282,0.8121650432929324,0.8264944681851251,0.8142148484849593,0.653454570203786,0.8129437230773939,0.5851763748653458,0.8368163798706323,0.7289532503801069,0.6663754467123609,0.8718959836142058,0.7224650406470104,0.914679485614163,0.8297806990764536,0.6845031362723094,0.7154477173757966,0.6634307358735045,0.6643123906691827,0.7892506925900595,0.8331553576439601,0.8045687826286624,0.7369495181885511,0.8419043388639433,0.9178719100799791,0.6077266644288063,0.8877570968089488,0.6847517776312813,0.6830700556378277,0.7335645749100234,0.9301427704751543
0.8312915610378833,0.9023712557080011,0.9622345364711776,0.796315598927264,0.8638305434177057,0.0,0.8729436054616082,0.8375009667960134,0.7090676481584961,0.8482997636604834,0.9078498321229762,0.9331038468390832,0.9215612867854143,0.6867618302844011,0.8860993371882965,0.9469426081233053,0.8984170054437967,0.7753519536577355,0.8963998829161642,0.7975822138341178,0.9397530676938515,0.9423959268550862,0.7695118012122875,0.8772546317049532,0.8822125800561427,0.76450861113912,0.6841029002568773,0.7306690023362966,0.8651111631520257,0.9012266187891838,0.8402875514425865,0.9553137406790005,0.8629158726946196,0.73007224199319,0.7441974608763319,0.8399009123552581,0.9287487374694531,0.8374266873609773,0.8948988674133316,0.8172216625415943,0.8825572725873093,0.8768417576563972,0.896658587937306,0.9054019334747145,0.801062386904378,0.8182301139931378,0.8956266377565344,0.9131674745888574,0.8747264443128832,0.8760730442092568,0.8946639434531649,0.8481034949308098,0.7454879538143964,0.9118559849253509,0.8629949844248401,0.846349945661625,0.8566585527088714,0.949654288097027,0.7248562498743694,0.8424377520516273,0.8474718312393871,0.8164852112857326,0.8711583185597759,0.6952700692280721,0.7542324073351031,0.7441287883728838,0.7133389045464031,0.8984211270704107,0.7681947578034639,0.8480502665242771,0.8769263575999855,0.6829834800991617,0.629560703114353,0.916797521077537,0.8574532775566627,0.7278007372718336,0.8907981479004459,0.8901565202996512,0.7233949580058343,0.7875847310879087,0.9263506643050092,0.8102201249105153,0.9361537756147618,0.821788826633223,0.7538293114010278,0.8606419232062897,0.8422021559144826,0.7153161221389559,0.7666764389594803,0.7453119706359869,0.8366692968295111,0.7704921876251204,0.9268400188175662,0.7738178649593441,0.7362840560965546,0.921001075191361,0.7446333090356424,0.7852539277412842,0.6454566778222816,0.7274394561566181,0.7523678547011008,0.87332227471809,0.6372561742759131,0.8010962147508076,0.7279986879985003,0.8678765397411626,0.8868893728181592,0.8276315500518391,0.8611832366033072,0.933256414743755,0.9085170090515678,0.7353853849103602,0.8455350616137753,0.7100126679039049,0.7434798194800081,0.8317347416005486,0.7886672155561247,0.8963716428516386,0.8958518903462168,0.6510100677102774,0.8255661486866093,0.7934204351359755,0.7767639955778274,0.9056630214613175,0.675284198273538,0.912085710700572,0.7503649087344659,0.9168915133170349,0.8432851665482557,0.8241052562310329,0.7975720468424559,0.9453171126119724,0.6853945384841406,0.7419789641270937,0.8509764617583634,0.8449993268190527,0.9075767938520184,0.8011850935001564,0.7446287675335633,0.9382261079260507,0.7256119641424336,0.9248276587263498,0.8187401369230498,0.7726763571761363,0.9143558889168365,0.7425046377159589,0.935942077375558,0.9224261173284495,0.8541517462690243,0.7884541266014214,0.7443686266014451,0.8224392323608554,0.8414377854111628,0.9059093884788426,0.9250691291157526,0.8625011726910171,0.8802871092786959,0.9233364142498385,0.6446742664406486,0.8053495034099726,0.8056740920192215,0.7747003734685839,0.9141796713464838,0.8199043604127311
0.807058575022089,0.8476244726517056,0.8820942862617783,0.8489034175548144,0.8781606907266908,0.8729436054616082,0.0,0.764039746966364,0.675156888963504,0.7764712362202926,0.8534513826742463,0.8711663500434611,0.8965624588276017,0.6863342845146659,0.9356956532050104,0.8742836476045118,0.8359919548592483,0.7589674074164333,0.7681631375527647,0.7277983565396728,0.8880791148502946,0.8932185116192634,0.8259984648576417,0.941966021582467,0.8116491353584001,0.8469181700094727,0.7078482169974551,0.6874632966073584,0.7914187698974284,0.8444384757126038,0.7933186200704694,0.8490697219301309,0.8957689712339817,0.7499145731725183,0.7210727294334938,0.7812717356798771,0.9450677727810255,0.7566802799890059,0.850154029124251,0.9188261414566038,0.8661698048609957,0.8399195634544955,0.8439252881224276,0.8908670016676092,0.8084070023735765,0.8389391773138182,0.9005044651857647,0.8700276853542795,0.9057970818369264,0.8203669186360029,0.8954646151577431,0.8381817719601174,0.6778205913242853,0.8686787967898852,0.8052282493223243,0.8496703789587035,0.8117615510244144,0.8572066041528502,0.7190021758923913,0.8333941369310683,0.7624472521422875,0.7599968841491723,0.7870146116497623,0.6509837321481251,0.7203886928158585,0.7051788678566067,0.8290466169330675,0.931131152095526,0.7089472436730573,0.7667126763249021,0.8925252085536359,0.6804225467107216,0.6083123995258123,0.9187464545468754,0.7310490624102339,0.7001705250428965,0.9197652326540078,0.930452124927783,0.7067770843725178,0.7792854902810694,0.8183191765307246,0.8237184440096184,0.9282979838168661,0.7239972676569386,0.7184262942896644,0.8280330858708512,0.7485846600695141,0.7075500211664348,0.7287589783113847,0.8110890197293732,0.8410791963900652,0.7833282147315073,0.8571786690786857,0.7369553873976381,0.7501532121361113,0.8770467509071674,0.6307771862361895,0.7479311421425463,0.631422175718427,0.779145604848834,0.7508426317315858,0.8004293985191352,0.6734317312629207,0.7297030307883486,0.6563837851215297,0.8749683860124466,0.8081540222219844,0.778490538044105,0.907047107329218,0.9281795834292038,0.9104358561724417,0.7456306291133347,0.8197808397472515,0.6429568767521919,0.7326984948388465,0.85318429731857,0.7004831711343595,0.8151684061240816,0.8279499953719845,0.6394604986898805,0.8523287874275496,0.74883677889839,0.7510667241909696,0.9279118440536993,0.6248186548797751,0.8524477544482898,0.7465641781634643,0.9412291459276606,0.76419095594297,0.8525903248480597,0.7222289720856463,0.8370011486982168,0.6697542721343794,0.717804944561164,0.7843170474416743,0.7950153379625792,0.8682479287356728,0.8994847637366079,0.7497439868174783,0.8718948424206784,0.6834210397484467,0.8193684849078227,0.843515518666687,0.6844880149995505,0.8926706806493298,0.800988969005642,0.917870487776735,0.8800521917046384,0.7586449696019478,0.6689809489274268,0.7300330845861013,0.7032324811425347,0.7829595575407917,0.9555768245105472,0.8711605854651582,0.8772560573103487,0.9097916642550944,0.9381468225499101,0.7121892763447096,0.8145378768646835,0.7712493952254939,0.7019332243900224,0.8464612074755057,0.8398244394378622
0.8172556466990163,0.9218772059342913,0.8335319244674064,0.8244937750743081,0.66478607365461,0.8375009667960134,0.764039746966364,0.0,0.8033409826551422,0.8943891295890316,0.799378118176238,0.8604884546986042,0.8778304557146098,0.7607363836152568,0.8344682826929277,0.8007740446260034,0.7895245581982507,0.8141561083877946,0.8825847544063535,0.8957447133425429,0.7662260161921488,0.8527074634589197,0.8406984519609585,0.7630026823556347,0.9360806127415934,0.6450602490398866,0.8316186134900473,0.8338135981714713,0.8029552423144445,0.7823527229025848,0.9364181850283634,0.8602222004773519,0.8332717598791084,0.7970635328634438,0.8539997688929296,0.8416878675402344,0.8350469338135675,0.839125421221255,0.7817632873411172,0.763686356741817,0.7862288409457723,0.8004670733566738,0.7731362211465459,0.7145501349147659,0.9336223421406432,0.7900445498467777,0.7286937284021828,0.738324991765316,0.8535507642025868,0.791469354600035,0.7278021918647468,0.6933756894608998,0.7065688238937339,0.8082409079503358,0.7949590027420321,0.8172756435270262,0.764959358705484,0.8101923916263671,0.8074430874082412,0.8501176255132026,0.9085350495829538,0.6770690029616396,0.7195558143749603,0.7720102657248404,0.689158959659934,0.7086896736237749,0.7997595226474237,0.7347480816980042,0.8250641709693074,0.9440419504643829,0.7267512100960021,0.7598039500409144,0.6709743374854508,0.817327796962846,0.8683187858000644,0.7491984985296889,0.7392933429760734,0.698501686632989,0.7424224061864593,0.580823566026388,0.7229066419490023,0.7985035542529658,0.7853464938103661,0.8618398653220181,0.69766330862952,0.917364611070379,0.9195027428593409,0.7829815523656943,0.8986437270168999,0.7889386735572566,0.7055666888785534,0.853797604734536,0.7842078383360225,0.7118636377855173,0.698550106584483,0.8704297938803252,0.7733415816378366,0.8827611385285847,0.6323765600256915,0.8246299706993062,0.794109191322179,0.8440650073536867,0.6926983172348611,0.8847384243907769,0.7836426681559058,0.7630699497086697,0.7956153793013179,0.8965952299590607,0.7773134659335924,0.8117048306538133,0.7588150858539381,0.6865366875034132,0.7997414891950262,0.8057081240481103,0.7185177917006098,0.7658288994733258,0.8235941580513843,0.8488549784674473,0.769353493586539,0.7258443611656673,0.6578610524412847,0.8391722945900263,0.7354553417357966,0.7294736667443162,0.6841580110165362,0.8292612065985181,0.6909653944260843,0.8115763868182396,0.8396931566180251,0.8127325266719138,0.8778829452841646,0.7500444456390052,0.7691347176454139,0.7228724238772674,0.8642937726417487,0.6845297213942424,0.8289978168733599,0.7705122931582041,0.8807267240416214,0.8928268400056509,0.8123760487149748,0.8000940333838233,0.8482406601524476,0.78495599843504,0.783468141136608,0.7742030298891185,0.7920420323834257,0.7761410471437523,0.9069147331675905,0.7561214074986801,0.8442753650788303,0.7971213016518391,0.8336484598673437,0.8409674478946733,0.8709309101956519,0.9154698367771859,0.8392852320252003,0.766846262403585,0.7216855205844125,0.6557116483057882,0.7792358877055279,0.7925609859482969,0.9417054711362708,0.6992546354481612
0.8362793519120902,0.7477290392168228,0.6733603969289909,0.6905725897397629,0.6330565171619139,0.7090676481584961,0.675156888963504,0.8033409826551422,0.0,0.6865378171273961,0.6823012072627535,0.6766217243961415,0.7534856709768648,0.7511349564526664,0.6857966837188673,0.6764771597497429,0.6995936970576395,0.8090938661016567,0.69479730740331,0.7774477396917013,0.6363611953897282,0.739776447957327,0.7548825730416566,0.6359737710468805,0.7367589922106599,0.5683606534014909,0.8261535412504994,0.7774213774047816,0.6142551035884829,0.7985840829540378,0.7428707957004728,0.7000995225095541,0.6639207771773269,0.6345341611875384,0.7934482142268835,0.634007705798283,0.705451908408588,0.7429755276054039,0.5939908794367158,0.6649622700965697,0.6139418255729516,0.8443582520497613,0.6210588367216683,0.5836735786485223,0.7088312217169205,0.6659114574041272,0.6622096539075601,0.5840124124000834,0.7131839262114138,0.6872199557164942,0.630609483262284,0.6316621909004533,0.6803339502775236,0.6135681288179226,0.5883562799655766,0.8369966522775861,0.6953896597405073,0.7118806811275638,0.6709460013955182,0.7277623015184338,0.6813502859250078,0.6291097023549782,0.6357476782388948,0.6529667082959995,0.6468306447341023,0.6010707435570324,0.6930195582754863,0.6725220304881709,0.7517495234176149,0.8436760043526975,0.6744061830816828,0.6700137655111532,0.721871251531548,0.6897068943525144,0.7799819026849585,0.6687217807668384,0.6196631160048326,0.6130765822755934,0.6015394001404174,0.5438423156577797,0.6092113142696164,0.8344159484307252,0.7232679054574331,0.6933955503821774,0.6543356715394474,0.8115745140895941,0.7769816028704329,0.7276116789649099,0.7783625979776904,0.7815623242500319,0.7086844849028634,0.782037526149797,0.6451328300622187,0.6413468779156394,0.7282814318581705,0.6833985856685485,0.6030947758221796,0.7122034418521748,0.6962269020408354,0.7194660762813662,0.6065677892393428,0.6149767999874024,0.5786106900713576,0.6479876588869358,0.7324369144026277,0.6622562913765158,0.5991515439435128,0.7815266327816326,0.6358684599861186,0.6542278446062814,0.6103253947575844,0.649947801771869,0.7372098093357872,0.8096473169044723,0.6354984143592761,0.7718191682623364,0.7159566814096053,0.6578827067056094,0.6048703909650417,0.8526573157035514,0.627055679408301,0.7265799368901031,0.6744731651634841,0.638653145175562,0.774597219678116,0.6095193903545314,0.7125705442753546,0.662763793477935,0.6090068755591485,0.6555730517259943,0.9390405530560826,0.6712613583787783,0.7505740395874584,0.8240994185918482,0.6265760650182153,0.5903098731739961,0.6959322538752019,0.6506543578573623,0.6769687603580059,0.7049041546900474,0.6288170493317349,0.6854500366682138,0.8482031374366333,0.6823354423464912,0.6110511734825864,0.7266531603291367,0.736354641510892,0.6270445222181598,0.6910757426982982,0.6590339442048262,0.7307693482913689,0.6632625861704012,0.7605347301221974,0.6973188794635569,0.6651138585736924,0.7530388977488708,0.7510414880346127,0.665142999599667,0.6588199486193876,0.6288242839597046,0.6100984221254308,0.8105719847888013,0.7747158397254633,0.7230176554119276
0.7167918737073724,0.9556844194548332,0.8856504572849482,0.7806387287237477,0.6709671403552693,0.8482997636604834,0.7764712362202926,0.8943891295890316,0.6865378171273961,0.0,0.8187562075126282,0.8921043299542374,0.8282390345963014,0.7354629632272782,0.8168770955136323,0.8054947753290183,0.7725221409592641,0.7305758560442447,0.88415928584693,0.8116085916194532,0.7736445282975478,0.8749462081248067,0.7814065109935459,0.7521772834354903,0.9490342899371649,0.6142778999416081,0.7588081097769298,0.7566815523988041,0.9357941334149213,0.7377681578701761,0.8952556844664114,0.88412158651289,0.8201260240882666,0.7363656145057187,0.7900037572792491,0.891949539249014,0.8011383481591536,0.7922284266354056,0.8370078685041341,0.7329547300110909,0.7975472844809781,0.7605412621222765,0.7596938938930728,0.7468908438167096,0.860206446859692,0.713482858652061,0.7143764277385052,0.7881679381146433,0.8463563520165782,0.760474568308831,0.7124592261874091,0.6519532081633561,0.6843686785151568,0.8656966621153448,0.8884062484427971,0.7525478981732867,0.7011973999210929,0.7993189649076351,0.8385231769265983,0.78278493505369,0.8925733123081436,0.6490992252072216,0.6859881608672194,0.806475684722231,0.6472592320727352,0.6476248914840794,0.7295020035148744,0.7153845358375498,0.8026829514061667,0.8470132108719305,0.6767929141407101,0.7238596986803784,0.6127105486040929,0.791732019442408,0.8277553326209075,0.6969278802945563,0.7424667515096444,0.7226342505602575,0.6522159275423132,0.5844873550404482,0.7457589847024694,0.6849009451347714,0.7692223095514565,0.8083982255151713,0.6348004142124121,0.8077390827451528,0.8143518624152426,0.7280660307713753,0.7899751638148477,0.6968727620970193,0.6662722229575331,0.8089833047881972,0.8315283265785661,0.6525774319684957,0.6573710567331712,0.9270032973604672,0.7630903083403975,0.8410820322254449,0.6064310542633237,0.7247796068464275,0.8372934876188749,0.8481083408282286,0.644556995672267,0.9559059743045418,0.7001317807000204,0.7051399926469208,0.7977363994407431,0.8495747942947631,0.7627947238772387,0.8376571943755909,0.7856337570238401,0.6314105030594199,0.7391329451143628,0.7592702787520131,0.6443322802762904,0.6837583927505818,0.7729616298079784,0.9353114529357796,0.8288742414370904,0.6446788386750713,0.6403877904223452,0.7122931836373569,0.6767903205431595,0.7157613860932895,0.6450515439499624,0.9058490511180494,0.6368697634814586,0.7957664271247954,0.9129257000973854,0.7951572306757254,0.8016697124621555,0.7445065147811689,0.6541341682124219,0.6355074132119471,0.9096659890661585,0.7067889735478591,0.7938589110110171,0.7357456577603747,0.8638249545464045,0.8641963463168306,0.8354318263452369,0.8528620680899457,0.7715269332353392,0.8328335540898532,0.8274948122813274,0.6963783533383852,0.7561413125089704,0.8066748849826457,0.9622783022628014,0.7908795072037621,0.7043817672756004,0.8554066606811584,0.8049633735443203,0.8586181389497352,0.8788564785004287,0.8288766284037274,0.7840350088759842,0.7500710665337781,0.6975231274460398,0.6331535538995259,0.8185620307983669,0.7207874681224634,0.9176284022134958,0.645258905576253
0.8213320160224988,0.85478836406757,0.9572077099235301,0.8717134045326977,0.8858741726010207,0.9078498321229762,0.8534513826742463,0.799378118176238,0.6823012072627535,0.8187562075126282,0.0,0.8893847252526601,0.9165431961227863,0.7533684996556513,0.8339383298504738,0.9698326660182554,0.9509327816602746,0.808987116516853,0.8701197201408325,0.8046610854475261,0.9278718775647339,0.95897756796334,0.8245049952024601,0.8570536523464196,0.8549928682068145,0.792235872007807,0.7626249489343415,0.801444426749985,0.8897021368442926,0.8801612217238151,0.7544787155678462,0.9136170123696586,0.8402836984503781,0.7247582590034707,0.7921806652131007,0.8829648973591608,0.9011287427234386,0.9196646661753068,0.875761734656821,0.8604373295225082,0.8829305498392004,0.8706104236763181,0.8745356688541973,0.8889669433856482,0.7832622777142545,0.7590332717760853,0.8114057068794729,0.9178424204498007,0.9157046334624652,0.8989731988921837,0.8773799604077934,0.8250151052014079,0.7139853957614749,0.9106440666143377,0.8975295490969727,0.7414519693741481,0.8626631428992055,0.9649707339409214,0.7551199038654323,0.8457250736388332,0.8336255084127608,0.7585585439556344,0.8635835178395109,0.7775768487196801,0.702127377767347,0.6903542458178292,0.7218406087318252,0.8255233101747586,0.8512615969389511,0.8687112068899943,0.8161791975607043,0.7271558338680669,0.7030643469505342,0.9340070446030969,0.886174662633944,0.6421131827623369,0.9166288810262946,0.8852435021207617,0.7012049332376444,0.7460830917220046,0.8389527894380573,0.7578898873274175,0.8525227999458922,0.8488164797485098,0.80179339225144,0.8423302630870472,0.8326591814468856,0.722306869457841,0.7088692793426823,0.6711501567533809,0.8952655292184024,0.6820845359424895,0.9548316531473097,0.7286543616294621,0.8081278536666943,0.8486463684603778,0.6765910375328202,0.7333831646259406,0.7011818635911273,0.6948335813880521,0.7751639725202579,0.849264324697273,0.6575498873320031,0.7637789202442387,0.7511450213439967,0.8261038718744647,0.8502065688093172,0.85298521516504,0.8213649672678475,0.8741514936307309,0.9021986109249003,0.8265051411409914,0.8330668396993869,0.7963426432367602,0.7481348559665898,0.8391917332146699,0.7366752066688852,0.9148660239447365,0.9373437574479905,0.7053004730968242,0.8702404067444833,0.7986915921996901,0.7956323442249799,0.8358649734994925,0.7061977945846786,0.8681119168854472,0.7568386736827509,0.8652254061937414,0.8612731688696229,0.831474560232868,0.764358079725192,0.9331043165333199,0.7533885676118633,0.7954192887481794,0.8512555619168148,0.7933083439041091,0.8318985019895372,0.8361811313255685,0.8108776949297344,0.8885917041632178,0.7093601757048555,0.9502365064660587,0.7870038523896724,0.8346069487546045,0.9286790327225505,0.7349831899108323,0.8658581454826498,0.8301870882356155,0.8335261908182312,0.8660080875468514,0.748635921743723,0.7852835086438251,0.9375777741549345,0.856014433632675,0.8798528956859174,0.7997305668253936,0.9005025934048224,0.857555006521145,0.7081151619267224,0.8394033468392985,0.7525438022618511,0.7622745223706627,0.8186026744687785,0.8734603172746569
0.7630658527153131,0.9150897709495289,0.9448371377624563,0.790582981726821,0.8104716020876372,0.9331038468390832,0.8711663500434611,0.8604884546986042,0.6766217243961415,0.8921043299542374,0.8893847252526601,0.0,0.8700348601060185,0.647211942621312,0.8735468727210955,0.9116742778544188,0.8458532751029837,0.7163913812541233,0.9104480041861149,0.7987208408363157,0.9103050668030465,0.9123886186949404,0.8176652119729979,0.8911752235109297,0.9354216298643494,0.7486112111628763,0.7001794243883792,0.7233094468518866,0.8879913205751031,0.8455062073389861,0.8873417837144117,0.9129193416547469,0.8397467814591154,0.8088579125218243,0.7425011518711773,0.8680722912355338,0.9143507910564405,0.8001496830538208,0.9365781207191773,0.7992996211947503,0.8661848733589719,0.8372908372847802,0.862655019005128,0.8824477136553418,0.8572911960333004,0.7810074488632236,0.8362890049665627,0.908079064051013,0.8930675423400419,0.8087921453814709,0.8183360746359484,0.7765176808576069,0.6424945857869134,0.9081364065443169,0.8879731479330965,0.8213961844306455,0.7846946193174172,0.917994058937205,0.7170665132786344,0.7984813175089945,0.8294938514548664,0.6968725071693895,0.7700589490794048,0.7228813833253975,0.661851810432866,0.6752195374924248,0.726633560321688,0.8235181059529916,0.7377461441983084,0.8256222624876437,0.788350597061207,0.6597397212415568,0.5927331773655448,0.8676772754833706,0.7962157049771861,0.6727899083130094,0.8573962580447415,0.8649031557596653,0.7145572274294523,0.7094027586903574,0.8233158045597885,0.7464156619484196,0.884967310148806,0.7806990387737366,0.7072160254782465,0.8543891797995099,0.8404053235084513,0.6680642255685801,0.7446035759134254,0.7690005768124166,0.765886692172576,0.7898931443449935,0.8776823775736392,0.6922391779610111,0.6581280912652747,0.9591719473781154,0.7033244262963354,0.8541068914384474,0.6049641435730683,0.7123797317501571,0.7712338888813774,0.8935110498405117,0.6649856923307922,0.8814365009600065,0.6686786713419013,0.8300216772357097,0.8552057157182738,0.8633533695058467,0.8254411019790062,0.9615176606896334,0.9279891662501583,0.7151857703119511,0.7599607949637343,0.7009302353392644,0.6813121262022812,0.7764998061054472,0.750103941951389,0.9317484645345264,0.8870088644407185,0.6160728245162799,0.7643540252653978,0.740828236110054,0.7654966663909675,0.8481682198169741,0.6139985911638287,0.9382202407777868,0.6653869962423499,0.9302545606068663,0.8927730777018975,0.7890919161962519,0.7755926284813327,0.8554565245805437,0.6467842598200254,0.6887519773885613,0.9154314459175406,0.7500826364042177,0.9051189187488432,0.7982147876071226,0.8106229390159081,0.9450457200260515,0.7064606917919947,0.8821325606684002,0.7709308389984428,0.7598003573970019,0.9392001227767262,0.7671151627582321,0.8982191928213937,0.8611713311873392,0.9116094388050158,0.7902081214948936,0.7550287292086961,0.7607182131008127,0.8249955911554944,0.9256257838288511,0.9791369406487112,0.8741266505082541,0.8506651046035891,0.8978595449328461,0.632303715790398,0.7147723441468515,0.7552751797128896,0.7129620277479848,0.922635621616048,0.7627665917264225
