0,1,2,3,4,5,6,7,8,9,10,11,12,13,14,15,16,17,18,19,20,21,22,23,24,25,26,27,28,29,30,31,32,33,34,35,36,37,38,39,40,41,42,43,44,45,46,47,48,49,50,51,52,53,54,55,56,57,58,59,60,61,62,63,64,65,66,67,68,69,70,71,72,73,74,75,76,77,78,79,80,81,82,83,84,85,86,87,88,89,90,91,92,93,94,95,96,97,98,99,100,101,102,103,104,105,106,107,108,109,110,111,112,113,114,115,116,117,118,119,120,121,122,123,124,125,126,127,128,129,130,131,132,133,134,135,136,137,138,139,140,141,142,143,144,145,146,147,148,149,150,151,152,153,154,155,156,157,158,159,160,161,162,163
0.0,0.27992794661623494,0.2844644996820727,0.24746091471738826,0.2997454949740629,0.31164394630363473,0.2429899869361168,0.2774706664431168,0.3175386680265167,0.27352825883556164,0.28965902610315,0.26444998584256285,0.40258859185368656,0.2770338246593186,0.2804953520270267,0.34300994328502915,0.33478986385677917,0.43108609514485385,0.2900588883464566,0.4432016402176929,0.3330954225231954,0.29636114397443847,0.2611851880265857,0.2678795224029854,0.37398966090310826,0.24183756611888102,0.23945743716681564,0.3014703879523057,0.2213802330316042,0.26236620323121135,0.3083891494090708,0.3403101656091065,0.2376865847774301,0.281895815194849,0.39567091023901907,0.27128731993199395,0.35116848816263263,0.33672836956643426,0.2270276273496861,0.2924966971948038,0.2446570603446882,0.29091353926975744,0.30057604209039684,0.30115828898772595,0.28883280166952074,0.33932109588859205,0.27617632452884505,0.27689907627445914,0.3231300769566487,0.35534100228168924,0.33126997170240946,0.34044749993864726,0.257748496126997,0.24929935334526787,0.24175416413065368,0.2788844108370479,0.4195076526497935,0.2991980032949702,0.28321000315253275,0.3430291323718482,0.25989445541560185,0.2534183801261782,0.30151041589123256,0.24799412082354205,0.28439358235987694,0.31053513014635836,0.2844649376775043,0.32021662773880577,0.2623535506991954,0.33729562813442165,0.3699683413266618,0.30029176086236165,0.3265960001737276,0.32717207289903294,0.3360274509840965,0.3141478882606406,0.23470306463120658,0.2687839788176907,0.2720995217919964,0.24583706544482484,0.2728838492192506,0.3314269358271856,0.2967907953021803,0.30263227297614576,0.30546741893284324,0.36482425073348546,0.27384522061325434,0.3275221123803795,0.38868303981206437,0.2571659810781451,0.36307422534100997,0.28646958039298454,0.31412370692080854,0.3286697289780734,0.29977159699414896,0.25546545063342146,0.21041750573361706,0.2673523614506438,0.24108729001021093,0.3667956279827807,0.2658578391656702,0.22409829482968224,0.2537881073849376,0.25115955043417465,0.35360821718086904,0.33775571097289697,0.2829632688098833,0.3103449859915643,0.2861866499011601,0.2848084176009777,0.288760634890958,0.31079430890659704,0.3367962438458368,0.28775469651911667,0.30980823938969004,0.3467656333889395,0.3141561157428165,0.3079423472358614,0.25348884845273145,0.2980975379707359,0.3039847337901296,0.2351663139827939,0.2974368013365162,0.35845950857524195,0.27031010983486475,0.25727098702095996,0.26505540862900495,0.23249502250325396,0.25309410804834265,0.27997811922739874,0.26244242779419347,0.28737399559738136,0.26787249184846,0.31208998956599754,0.27153532300156513,0.2589939447719987,0.30204000925018465,0.28579395986407946,0.26255965459066855,0.31702143752766565,0.23058776128222763,0.2917702764938693,0.345665000985618,0.257951651966289,0.2970098383377988,0.312898777167609,0.29295223334684184,0.25455561287911865,0.3220536702638735,0.19771218134356458,0.3491627361852799,0.26481729774303014,0.3014224202394237,0.20680924237697662,0.3184675194908261,0.32533955399619435,0.28846190337178274,0.30717610260151446,0.25068803898887815,0.3159942502961361,0.22857526101209352,0.3400659488623972,0.22635000086291135,0.4240938045986814
0.27992794661623494,0.0,0.32060535060346956,0.2673309366404645,0.274255549135638,0.33839733651196374,0.30418908041212583,0.31868464571418836,0.24971788377478205,0.4440788245382578,0.2721172580658515,0.29207017016396836,0.30602523216207084,0.2969721630513007,0.31821571093032197,0.27005345546823173,0.27897372705195167,0.2778610598390712,0.27215006278802495,0.28122555684897854,0.2942172135734562,0.38382878004948146,0.27647382047796093,0.3169382502340888,0.34206408739171656,0.2161314904831137,0.22241335404015264,0.25816884944887303,0.32048647130928304,0.21632483553076687,0.3021918398364245,0.2774865936863081,0.28777286023195414,0.22821200930036203,0.3027184803631599,0.276277073544537,0.28016362152047775,0.25343158221488554,0.25763213895628584,0.2927075410225538,0.30075052135598956,0.292493298724145,0.2194687276000806,0.2648650677634465,0.3107447680431996,0.2570949823730769,0.2663165582259522,0.25337018266116856,0.3051531340291689,0.2521922262522709,0.26838853411265795,0.26628453275921077,0.26191557283445954,0.33297891546960035,0.26983923628081663,0.301038836068915,0.26654379400547257,0.2483861999970168,0.32323510684140383,0.2996276281954398,0.28989413347759035,0.20247442766507182,0.22134748784716624,0.2264951883589685,0.23462662978560841,0.21857871745512103,0.26909150322017317,0.28286970746045775,0.2239191711964584,0.2752451335697129,0.2703850538291394,0.2833085676910003,0.21611667196098533,0.3107728858316392,0.2698838006026443,0.2384481627342033,0.23514464609887803,0.3445453369298591,0.21651039136565683,0.21900704923980088,0.26145145429901806,0.265125992694624,0.3773716563180539,0.2521011002061681,0.23371909400347088,0.3520954632885295,0.22207210789749962,0.23411769853279354,0.2650957270282338,0.2693944367577137,0.23840012235704905,0.27750382313444666,0.2979905419784701,0.2422944430941713,0.2764892684159718,0.3436011766417402,0.20736354012317645,0.2747172176379804,0.2144770924275128,0.3064548285635007,0.268611213541177,0.19991758014059383,0.19128532088269112,0.27712166140465566,0.23593515504353288,0.26277352756773803,0.23127413955699058,0.3434083506599573,0.29086001566400316,0.36847273629904465,0.255398333637432,0.22167261365271182,0.2596113969676986,0.23013291033433783,0.26061052301182874,0.3550307677415685,0.2678971444132223,0.2408409982929785,0.2752890304860261,0.2460276441592489,0.26830831943437294,0.21022670860130616,0.24177286616802451,0.3333281903092452,0.24075896936352714,0.3313760888859541,0.23712416791846497,0.29018068203875524,0.31023399904958654,0.2620931945038288,0.2693873986665368,0.24838287054479757,0.22246832549073678,0.2662668713744593,0.2680311511915988,0.24572758639728656,0.28059013976581326,0.2786460111514568,0.27482744587007757,0.25410546758478153,0.2636514984390711,0.27910767740295855,0.3395659709356104,0.23509794288942354,0.2784884171727643,0.23962157527524913,0.309778691077408,0.298175266237926,0.34892457723970904,0.19837032617650496,0.2329494999632895,0.28932866944788094,0.2446637185568204,0.30244807530739365,0.2911343572434769,0.29108767049041007,0.2767675996586245,0.3469444410054533,0.25873295630288745,0.23051499871965236,0.2780432147750838,0.2883106984781672,0.22483702364165545,0.2774089406090214
0.2844644996820727,0.32060535060346956,0.0,0.25095644317958943,0.27731511134793585,0.3033987779659444,0.22724484911576787,0.30017568621252333,0.25123606878594207,0.36177811318623415,0.3116609765958674,0.27052072092803864,0.3393983731950956,0.2620462707473212,0.2723301612500597,0.3573332391405165,0.30516788062059996,0.29777379046714997,0.2361172325667025,0.25774088849584204,0.2943532946892132,0.43208022099529997,0.2291974832945526,0.24365095107672724,0.285005603149012,0.23939731107091514,0.2421864883715421,0.2658857017426388,0.25638475890280726,0.22495767041475395,0.25719005420152263,0.2921764437369217,0.24494618262651244,0.2149068915047551,0.25712371976902426,0.2828953919248187,0.2883821777335095,0.29752812012213425,0.24170893245258246,0.251621730112721,0.2506218854402268,0.26230623477679355,0.23220367815897278,0.24107769083773425,0.3061522675146623,0.2605501959283602,0.23188809611432237,0.26396270825496576,0.26472569796075923,0.2650983126915345,0.26457290309706283,0.2592947495238867,0.20147853918330436,0.3036603217671613,0.2759694126803976,0.2252268526172097,0.2461974412365662,0.29459850338374677,0.2568873172970243,0.27379017358505897,0.26081421439351016,0.21120791146243978,0.2504654242663447,0.23216307684522677,0.20604567541277644,0.2198462762578097,0.25217929702915937,0.28567469234717213,0.28359499239516983,0.30721294551577194,0.2793025121333996,0.23076802347674777,0.24141118220015262,0.3624190435463247,0.3168171619828336,0.19501697143109825,0.25025670674017775,0.27460983791963517,0.21750588555348893,0.17857173853716501,0.22943026576757086,0.2650754746403592,0.27413742733345087,0.27684086675387576,0.22238971999387647,0.3551175035302342,0.21674059536271517,0.2262327962004738,0.2637831705815759,0.22515156325755553,0.27743703536591985,0.2212312767362954,0.2753196785246217,0.2008953776884787,0.24660656650785007,0.2793817862417294,0.20327028943996128,0.24350206672744007,0.1949965405676613,0.28249587035242935,0.21888698515434032,0.21434899260206236,0.194946351828593,0.2766424426896575,0.2552337168641684,0.299476340280918,0.24439712954910572,0.27901333217603497,0.24680191133978172,0.271811976984637,0.23467726979403367,0.2197608985868313,0.2485926422171633,0.24653879544882198,0.24058283580840098,0.310129030706448,0.20772546553872046,0.29058658385504865,0.2624006295390478,0.2557931651755814,0.25474631732722336,0.21014991823092768,0.20763399497967505,0.2719789895127894,0.1919879947390754,0.31433729939201144,0.22959794365882732,0.26647071466529515,0.2929645188318044,0.26008553076739954,0.25094124995335276,0.3242935026141984,0.21067096549068567,0.22938107812945785,0.2671567280211256,0.1996637615551698,0.2172549722997753,0.23659914414112213,0.2717556800966941,0.2501816207768217,0.22333424578638023,0.2605878767831755,0.2603746157043107,0.2508723296813005,0.25580350788782624,0.2201192356063172,0.29895251050681965,0.2553775192761909,0.3298123655247353,0.20652715661515672,0.21726317138109083,0.20339988606959522,0.2658468789624874,0.26158245824131654,0.27506567729750314,0.26898776964698734,0.2720317617057689,0.30178540257158043,0.19172688667348267,0.2261557252099265,0.24304981315184657,0.2077483712777994,0.20035468985354143,0.27538147770263255
0.24746091471738826,0.2673309366404645,0.25095644317958943,0.0,0.25882898133187365,0.25151265173092124,0.298563623721282,0.2496872802801677,0.2129549312964627,0.24561576242788322,0.2924620645902989,0.2508805998698485,0.2813478503754077,0.2918387178700372,0.33587356441120275,0.2590503324107595,0.27207796788105904,0.27541194909257627,0.25300905265653506,0.23790908465280755,0.305997407551766,0.26868686479742426,0.25273230325842994,0.25504256196904684,0.2590257204443416,0.3052211250873016,0.2549296000648688,0.2512932267316094,0.2613415730143751,0.1882403952781448,0.25971194009729154,0.25470583252942774,0.39563170927754043,0.24243427739006948,0.28284592772133027,0.3155537437220643,0.28163355409330754,0.29193648162260233,0.2816545112453001,0.31941374307724746,0.31895895496760523,0.22348892735028283,0.2556117583871585,0.3018333012097716,0.28071071761032984,0.2810395772716893,0.19362456297106473,0.2716860789747029,0.28295085744279436,0.28485048403811414,0.3698742706336333,0.2899330441125993,0.246036818008931,0.3913947460712253,0.31601295237911536,0.21542265705438038,0.3026971261566912,0.2626287586941112,0.2990200316309524,0.33782559897839953,0.30303487510013655,0.24430714756296484,0.2662905271935885,0.2191999736759275,0.2549740087297337,0.259841303416528,0.35018759218083617,0.24614565216354287,0.24640854741823295,0.2556951980024542,0.27477348339300595,0.2770685865599906,0.2500811309080152,0.3994559592195393,0.26911510549342693,0.2170475313038767,0.3314494102575046,0.3204670075387682,0.2535034579367792,0.20596332853739943,0.2360498164756227,0.3085234838748851,0.2444939094586417,0.2658630807773006,0.28562580072652555,0.2760853995085551,0.2576572818684704,0.3075390316401372,0.2757592225215882,0.23145003094895214,0.29980074760705855,0.2639892143338558,0.28368043497696127,0.24403309200168574,0.29590127960959495,0.24908442837031267,0.21850579489803035,0.23418562809925625,0.22844207329935814,0.31245662691709664,0.28624020894133423,0.24529975326292994,0.2787629389610425,0.23027343681144385,0.28601351540239195,0.26499410856358757,0.2787364264118441,0.22434486840224918,0.2939535137256421,0.23146572364895004,0.2977974153059712,0.271769980028083,0.31785655113095296,0.2971990236626999,0.3020298076326481,0.2616341668805944,0.24370324028590126,0.22609086897894462,0.2663362186817619,0.27369932229021016,0.29367563475230385,0.2849264877018232,0.2345616578902967,0.2957503478911978,0.2212372216531436,0.2833905228883097,0.26957987296586716,0.26800039957775773,0.28250212149905096,0.33422300434087937,0.19205229989678804,0.27314001455192427,0.2822195663387458,0.2846214410963592,0.27168977588648086,0.21789146144211943,0.19003004345970279,0.32011059692300575,0.2795295878219059,0.2875573916959582,0.3380195439226919,0.26060539147848905,0.3196884574169139,0.26801606978787257,0.28686639847167106,0.23884245231400494,0.27037660757644216,0.2565369616884274,0.21651146105416216,0.18222901342871256,0.29207003613241894,0.25991254275762565,0.2753664403856948,0.22507171008029608,0.2810603137444345,0.27846875436464763,0.2693332003152354,0.28376848236767477,0.3459838763524535,0.27425461295194725,0.2589073636927025,0.25141712187692206,0.2481187784537068,0.2821223488879695
0.2997454949740629,0.274255549135638,0.27731511134793585,0.25882898133187365,0.0,0.23707914868757035,0.29966287447414963,0.2417942220992551,0.2603284144443825,0.27931208444445454,0.2920249291824585,0.24081713615876849,0.26287563003085285,0.2978669697536652,0.26849772419255225,0.30090434765317625,0.32725037993139755,0.330140906737262,0.2298496436549918,0.2718893832680172,0.3032688993145207,0.3032939262092105,0.3029518021609043,0.2486153373267119,0.27168308315574924,0.23722674566088361,0.26229291461483795,0.2581373593176562,0.23223662201279066,0.25629658963239077,0.2661346492000531,0.2499445447794017,0.23832096200574812,0.24550207973836208,0.3721115430509424,0.30601993060583665,0.2825800145547425,0.3068910443221802,0.25559216952470115,0.2695210353506076,0.267599518082418,0.3316661682917421,0.24618387791753849,0.29354884116366126,0.2407041787162335,0.2506545343195294,0.2603551787485364,0.26193474836033187,0.3326495997719095,0.29431481675377263,0.28775728707271964,0.25986311798485817,0.25121016535971635,0.2544303243437157,0.25038410902851854,0.24301056662253043,0.25693852744490225,0.32323671440241086,0.2808139825558234,0.28307533323082923,0.2148065732874161,0.22009952744112707,0.23178328843603127,0.28533995631566333,0.24638922628888402,0.20332950786218854,0.253491742878539,0.2605230508409798,0.25483204250692104,0.2994662975248881,0.270435282669214,0.2830212466920465,0.26028640825691124,0.2936550936651608,0.268219266626576,0.2245905049574788,0.25173565374905815,0.39780217410232144,0.21892910909412128,0.20568335461410867,0.24603971828979154,0.286862690336855,0.28593489330521726,0.23047517091873135,0.2581923288590249,0.2801483564275139,0.2383822464011655,0.26127033071124256,0.255049582388717,0.22966322704958092,0.41188501460513555,0.3098930252614103,0.33064780217926554,0.21370632957905994,0.3054065005551181,0.24679727447811917,0.18325441515865595,0.2520403589172907,0.26464304454563203,0.2605904378684993,0.2504767876488846,0.20708023954339333,0.2417299854875986,0.2401676052696891,0.25858516318729097,0.2652105045689116,0.227932924285117,0.3160349150803437,0.29012502551468294,0.2612301143860145,0.2727229480114519,0.28977402937907215,0.2525994732727479,0.32312792834125975,0.23582087146614908,0.2845989602343849,0.23995360634327514,0.2624799047976373,0.2483721479557069,0.3395912218155144,0.3571711837382558,0.23315455799983342,0.23555129995294632,0.3145146670754651,0.24361164301989022,0.23270752942865625,0.2583437290658108,0.2453277103617574,0.25709120237262717,0.25559097392983204,0.2635196936393449,0.26278083680819414,0.22052344366107463,0.28898402264256706,0.24276586506938141,0.24194711024091534,0.2243495438283978,0.2966066109396161,0.2544775307557656,0.2956554554101364,0.20877394059533047,0.30351676289608104,0.3433162348543905,0.2843281999628652,0.3034474277822041,0.2680669932990445,0.2901537704817825,0.2647074411616967,0.2649468895837307,0.22368205244197087,0.2391325727958429,0.25012706061361367,0.31920469625108827,0.2466711643214913,0.28959034809785034,0.27477179707373156,0.22529408955074406,0.2928391290957133,0.23475263317188658,0.24504864416805652,0.2338267908496138,0.2589798993709271,0.2524919461353401,0.3777615880948146
0.31164394630363473,0.33839733651196374,0.3033987779659444,0.25151265173092124,0.23707914868757035,0.0,0.2278275474345146,0.30386569054930757,0.2823300892343017,0.28608505736745937,0.2682232845846073,0.3046426987573468,0.3220887618181995,0.2202374839705665,0.28826114064337127,0.3005777211876253,0.25695106231028836,0.23302679535110413,0.3214226058932395,0.3005705919873604,0.3105656107755809,0.31264945762452373,0.19846501138591752,0.22923432855112222,0.3507326189208506,0.20375301640384463,0.19574119920807487,0.2296149648204352,0.22699148555262497,0.23499356542686267,0.3263712711641455,0.3744530113151841,0.2752691227448024,0.22851691468693724,0.2643156413556708,0.2618242243533286,0.2975377205980131,0.2547797298169925,0.24793966666945225,0.21402012194878994,0.24147677213771454,0.28578940239905665,0.2548182198502084,0.2872713889348003,0.26186947867427807,0.23962905093800543,0.23313251328147758,0.2715733488411323,0.23014943608945898,0.27257851748966133,0.28311131923811533,0.28814860814683546,0.22192149726341145,0.3021969491292697,0.24420312271927946,0.28805191818706305,0.2764527437715935,0.3355729636249578,0.2317830483893007,0.2507658043545229,0.30738348894730233,0.256645014385799,0.2815080846513651,0.19746688347504554,0.2437663715536221,0.24802300305809188,0.25202371531562273,0.3088285868256274,0.21820500736839457,0.28959909936166767,0.30168245889082973,0.2182063705789665,0.25053361837347465,0.29198847189406757,0.3227062003695928,0.2331127445693895,0.233087777444336,0.25174885592090057,0.21829991765886173,0.24442600407751336,0.3023159056877248,0.3076524577895366,0.295794777606401,0.2744995566161724,0.25466342704437156,0.30301770115682725,0.2952344566368485,0.2556364321852384,0.28726050942918174,0.23882596458518401,0.25279359286171815,0.2985683784494571,0.27016620405328096,0.23687274828154414,0.23910901596915377,0.32539119010722184,0.25181463237583007,0.2903658724835465,0.21346688182773435,0.2626576687366819,0.23061391178322477,0.2272106053237847,0.22437243269096185,0.2589377102356439,0.2871098073231291,0.28487897297655695,0.2719330498760646,0.27087529241635644,0.22264719550685244,0.2837735397131752,0.27150993918969274,0.2259432967684956,0.3312101890993333,0.258834620803283,0.23451310581993162,0.25855561073042665,0.2740556713459375,0.2412286562273634,0.28509265992361715,0.2437097110890652,0.22929586886232717,0.23945900426806005,0.25441432465305935,0.2993942302244716,0.2565128961190465,0.2894754050720536,0.2605815773620615,0.23948549858933035,0.26077164856206225,0.22491166360746573,0.268710629806346,0.3546944258390796,0.2355694554064116,0.27538677398029776,0.28715287219519753,0.22838327355666252,0.2512520908414066,0.21277740547146967,0.22835048783587641,0.2736740269789546,0.26011972983448944,0.3032713185209741,0.2750763393891885,0.2642584328386699,0.2686740768250478,0.2505857441176412,0.3255178375060548,0.26317694000652636,0.3122601099140192,0.20356571298090312,0.26421813651898396,0.26243043250670445,0.2218064744906775,0.21378146993854288,0.32481580529635234,0.2976786390923517,0.2605446227192217,0.32130160305935257,0.2141862475179798,0.2507228541734938,0.2156937202345539,0.2923474425802536,0.22634523245169777,0.26314894469288264
0.2429899869361168,0.30418908041212583,0.22724484911576787,0.298563623721282,0.29966287447414963,0.2278275474345146,0.0,0.21977040596364839,0.2105741119808801,0.2775760377644502,0.23848561767941132,0.2706747377165703,0.2601955513611058,0.2705027597374542,0.349503095391297,0.22262274530690454,0.23496471937212118,0.2534926784013847,0.23576819183625175,0.2174392017722929,0.2532168266271346,0.2716810611115449,0.3686763014530547,0.3156399954279467,0.27579715717425096,0.24979228724540686,0.24790749005359175,0.2315788594403563,0.2509036980885134,0.21674509359311128,0.2741120451060567,0.239979099675594,0.29628690486748555,0.27913215606129727,0.2648925780977364,0.24663150622636776,0.29409372725063837,0.2228557338080898,0.25424754490976936,0.30876339481717585,0.2927941062096871,0.25349167064384404,0.22656530880955925,0.2768947860566302,0.28678554207174645,0.2626047009316933,0.26538466263361066,0.23165676853187506,0.3676222315496371,0.22288596221304538,0.2812935647763256,0.2357393477361651,0.2217962434759742,0.28535843528562743,0.272686427471459,0.2577765696997176,0.23127110877137083,0.22986064682553292,0.2967219417018326,0.266661985987315,0.213770280077886,0.20475541610163486,0.19043988758267863,0.22673130677381256,0.22497829240196154,0.19528002099420236,0.3017159034414936,0.28204153181004943,0.20258278738603894,0.22384039783704057,0.25394287067744037,0.2517848721962136,0.2021072960705578,0.2856308957573613,0.1946122251375118,0.24646726597740448,0.293743165414625,0.3883796033231289,0.20602312536306108,0.2159337320906647,0.22989436207043207,0.26148104152022433,0.27976440687980686,0.19528171165815122,0.22130066154299735,0.2588602284430579,0.20816375252472394,0.24415840115260334,0.2649044124037305,0.24571629652222782,0.25766388888146524,0.3505393218089076,0.26328818528594417,0.22912672769797837,0.2578035864599983,0.28488117092974197,0.18041977104546142,0.2858211064264575,0.2266420147564873,0.30185710267558635,0.2757760984926627,0.21139984745096324,0.23983054908519003,0.2511191383811682,0.20780646465264105,0.2557505418956684,0.2125300112423978,0.256804132030765,0.31912277443180936,0.2868700265578096,0.31160337908243485,0.22860409110903104,0.23177071263439744,0.2222061820142103,0.22637456372660264,0.26163684482106325,0.2391127071822344,0.2399389669838521,0.22786053289738406,0.23827958876613484,0.2594803301596755,0.21318328627038416,0.21504597681737952,0.3346592620057956,0.21596581703687054,0.2773040696218089,0.22096824448581565,0.2887404615359987,0.23699225893994613,0.26895193081402546,0.20618717538336073,0.19876164448537878,0.2086784607882239,0.22935007599876997,0.21869540786413272,0.23247947372377512,0.23184120098254196,0.3063846160423497,0.24217167901011039,0.27301113160644797,0.2508438711575533,0.23268032624015766,0.31734405600529453,0.22193787728310416,0.2696504394767499,0.279617220276567,0.26531638361957377,0.28576166983091145,0.23524748645007001,0.1723086794322093,0.23784644843677055,0.25659401678309257,0.23550685113173744,0.2860926421037083,0.29668771157727736,0.27845132484993745,0.26636279534895396,0.317517772288001,0.28796258497175165,0.24848636087577522,0.2597230028076413,0.23765957800306342,0.2490271203910045,0.2590633196406806
0.2774706664431168,0.31868464571418836,0.30017568621252333,0.2496872802801677,0.2417942220992551,0.30386569054930757,0.21977040596364839,0.0,0.2642652675957408,0.2984526109152759,0.2547684643623429,0.28811814909752703,0.31520035021358533,0.22160019768961153,0.2768364384746461,0.3127717450276804,0.2743893371031544,0.2565571698715096,0.2611135442241667,0.2694759525192536,0.30760542182847245,0.2746204873969472,0.22560855419570217,0.24001742650119148,0.3107771346585541,0.22920992520112618,0.2327376347916218,0.24194694573967448,0.20081785165410124,0.2298077432199318,0.34821288635584124,0.2882643199917663,0.2560831593601249,0.23302278063050805,0.26884413388308287,0.29570411768170696,0.3238380100039814,0.3002463434707798,0.26901967800186183,0.24091958752319875,0.24830443680821632,0.24850771424113324,0.279571705176989,0.24969342745327827,0.35311624588591056,0.2674891867416194,0.24456830113749747,0.26058238976002485,0.2644838889631083,0.2718855309511782,0.2769924669987625,0.25343046950522746,0.21324321013072095,0.26403645512504287,0.2570921615863363,0.24794903502244928,0.2675329703507489,0.32775760256746234,0.2569013968231914,0.2749364546315991,0.3489196753926494,0.21611068464891506,0.2740147401347271,0.21888404925431582,0.2142041569156081,0.23148811740952363,0.2461419538494585,0.2872292708254941,0.2544838176979342,0.4297085145659136,0.28129343995458717,0.24680096506768046,0.22082636610713663,0.3280729804001219,0.3151782193651299,0.2109867231739459,0.27799807185267084,0.2593603610801446,0.2730868615874071,0.18580726380382323,0.23059127436383264,0.2760194350641192,0.3135499571911673,0.29539743484214104,0.2493688226944567,0.3770337850865065,0.3334968613396248,0.25285958991073915,0.31507245972616543,0.2520878689739018,0.25332009436974484,0.246082782375165,0.2658499120609208,0.21720328236868966,0.249507924675949,0.28931835628399216,0.24022297527157763,0.2609801809656697,0.193879449449467,0.28764010124071765,0.22592305713593822,0.29700457392565244,0.21318330428083665,0.2637142120440378,0.2825588332223094,0.31241937903185446,0.27219623887345,0.3015613475474489,0.24318524083681634,0.27738167762844607,0.2377980413711218,0.23521150425267054,0.26527213004197775,0.2532263752736729,0.2547441589436726,0.28814335312506467,0.2396490334514691,0.2403388091859873,0.23401958337986056,0.2363297911731826,0.2484509736950723,0.3086885099447729,0.216945558563889,0.2854536194005106,0.20343210237924816,0.2642735966937802,0.22775745892198046,0.3493335597057271,0.26806994006086293,0.24454824529312347,0.2643083076445633,0.2822646590453716,0.26079532029534,0.23287084929985932,0.28149417656852016,0.20147449088138222,0.2571571514910055,0.2390942675051961,0.25400469126926434,0.29296092956002107,0.2333441059744341,0.24365422648636617,0.28241821723996435,0.23668277521253722,0.27558547270594713,0.2531810955014553,0.331309174829251,0.25915571639118884,0.30361996829559346,0.18823119075076725,0.2772384682612285,0.23760149014027218,0.24764151980721485,0.23921471915016676,0.325806269590338,0.3314612921198952,0.24608368505146297,0.3369218690847133,0.19372316507570295,0.22995467034365516,0.22209695794764187,0.23846660635192754,0.21190823765983963,0.2583519067528773
0.3175386680265167,0.24971788377478205,0.25123606878594207,0.2129549312964627,0.2603284144443825,0.2823300892343017,0.2105741119808801,0.2642652675957408,0.0,0.22889937972533714,0.2248462427823785,0.24617306219484925,0.24158216184916317,0.2572575700165075,0.23435082856989786,0.26222065815794815,0.2459401656547015,0.27813647046413204,0.23053961021909072,0.26453731777239337,0.2537663772208379,0.3106894398241602,0.20164455847597706,0.20337296158916635,0.25939145873540304,0.2025873470193321,0.23173262938787476,0.22488017657230372,0.18388078556580673,0.33581714791884987,0.2996752345987814,0.2700841215083203,0.2141583115975108,0.2053642876560443,0.26420252679960243,0.22881293676178505,0.2430832154776238,0.30657621990320033,0.21551389099333826,0.20843561143085396,0.1993026078341536,0.36100762178934354,0.2251704366658285,0.2271823368620214,0.23744917955138758,0.2284545939302558,0.23533799167042616,0.20331493758013344,0.22503784389488118,0.25464570310667356,0.24284693123099826,0.2354776435903108,0.22465872268034073,0.21840644420084177,0.20125917590172784,0.3316948583970016,0.26068273648109386,0.28362777270456313,0.21491634443600044,0.22724268653152663,0.20874104359082096,0.2594625166608148,0.2359779211388567,0.21373905924898545,0.24938099464709637,0.2252742625426422,0.2425658362098079,0.2806921216341514,0.2287705336529037,0.28503961075822154,0.29918117215781287,0.23188697846855005,0.28232310977139613,0.24582945294711991,0.2898048934483623,0.22162609925661797,0.20553564240497058,0.21853055228708151,0.22157968266042835,0.21199778037518674,0.23237303332194112,0.3496918511907743,0.3277629462162355,0.22566177515930913,0.2700225475372603,0.3115517817321888,0.24902774934032695,0.26541106868425135,0.2592480003617161,0.3177342572798111,0.3002155339293225,0.2927507250131603,0.22889467053959298,0.2179101086814971,0.28558917439456416,0.26891432459547027,0.23076731789669094,0.24937987257955838,0.25995313149067123,0.23621137489026897,0.2273443646900359,0.1980767719417978,0.23024059877856257,0.21451169239244003,0.2927383944641684,0.25355360085733547,0.2088320503224991,0.2599982441880494,0.20413296835978578,0.21600525463132061,0.20819062723770165,0.26609968227060093,0.27465436077596755,0.3148070079285813,0.22542958753432582,0.2862314158318358,0.23408456126185379,0.22813567653665795,0.1909105997008682,0.2937835394819922,0.2581000282559777,0.2374019212933878,0.23694693258817073,0.2582221702363145,0.2933454113829524,0.2050951353843553,0.267152765586389,0.2289846453601295,0.20329193983915525,0.2260441898053195,0.4014824401687509,0.3052517707948033,0.2315948715407988,0.31546857619814,0.2222108897743302,0.21558060558598258,0.23944352401641303,0.21546341092091123,0.21486093340891427,0.27492223041629255,0.2031785950200563,0.27571339761852454,0.2864677205615673,0.280836188975956,0.2393709513202387,0.2668360246394536,0.3738934147376287,0.22027548916722184,0.25628473489685555,0.2077506701981175,0.26450571443006315,0.22333363381420676,0.2424459199570243,0.22045548211076013,0.251636627200799,0.2778220801898059,0.22479131080014958,0.27333579462474417,0.20469562685794743,0.24730920052776809,0.18821766995987632,0.27635831027102764,0.2607403417589158,0.29187042303716737
0.27352825883556164,0.4440788245382578,0.36177811318623415,0.24561576242788322,0.27931208444445454,0.28608505736745937,0.2775760377644502,0.2984526109152759,0.22889937972533714,0.0,0.24832682711144285,0.2754792406226351,0.29529239829291626,0.26729459528312244,0.2738432295904425,0.2798561982101195,0.283282833702207,0.2872507970083076,0.24671576655883368,0.25402721425642477,0.2715680495211123,0.29795739028754015,0.27945308961066256,0.2641605946884986,0.35524181528262183,0.21095295847459708,0.22833540864682136,0.25125954733991535,0.33091737737780247,0.2188408656982926,0.2939721149313715,0.2864301560734147,0.23202273075057664,0.2300082027757878,0.29053112519904456,0.26199108856388453,0.29118050117489225,0.24735944483758526,0.22677432046505702,0.27368673318915426,0.24403196419222806,0.27273452422637406,0.22682885049271814,0.24757838849273087,0.28273157385059083,0.25305612995212834,0.2566845845816821,0.2516179687078951,0.32826635345332283,0.2331832248678196,0.2589707864108843,0.2441273219587909,0.22307260886215988,0.28247419466012247,0.28549151912653675,0.27354767095529425,0.24578268982420368,0.2406012805658938,0.310237301675004,0.2729341798676543,0.26079372394190814,0.19951336482456883,0.2091377294630925,0.2238672101444362,0.21734357420318137,0.20524184026090342,0.23986544739170038,0.273288949815196,0.23617201046392378,0.2785269573793463,0.24473242748685975,0.28556108750279396,0.2074379667333,0.30643862882774214,0.2490843679909866,0.23848032963150134,0.23583336218847717,0.33707449655056476,0.2065109790960687,0.21197285061787485,0.24959311019730313,0.2414721898714173,0.3377042357706946,0.2484677487174904,0.22966753202170484,0.31798921316365647,0.2197333910981559,0.24474860412533855,0.28673292231661435,0.23157488189573994,0.2417077445039748,0.25999045486897077,0.29442219980619194,0.21442230471916293,0.2629236233358253,0.313836880169642,0.18124754364702836,0.26910201346488694,0.2114322372643245,0.2966669719219121,0.2508446326200742,0.2084941455037783,0.19805430109247615,0.30692906853650964,0.22815133031371146,0.26394951078569906,0.22780939031923741,0.33434054287012105,0.27067269905616637,0.3187803257804842,0.2410882722101836,0.21861479326980782,0.24941863947288073,0.23828236636362307,0.23724793026707935,0.3051783162937665,0.2566967629626925,0.29384697227113826,0.26602578302637525,0.25396198018830185,0.2556127820491012,0.20852164783254917,0.21738010310474487,0.3087572937483687,0.2153369156963717,0.3256861032897344,0.22795190098735496,0.263998092794364,0.3195864399166865,0.2512448739138334,0.2754100815331695,0.2366535695996623,0.222863398663737,0.2230837175216286,0.23521124808161006,0.21677431953644083,0.2642268174694016,0.2637406338084961,0.26362959499862965,0.25402193707709647,0.2312147520708417,0.2730667603882858,0.31062022230314607,0.21955070571983026,0.26510615934886717,0.24718944503162743,0.2573345710597976,0.29782922325278427,0.39745922862227473,0.19381398487460688,0.21690140985722348,0.27068658405828655,0.2317203283183635,0.2838499363262086,0.28308595862170255,0.26846156534414656,0.2391396716166657,0.3407701306562904,0.2349385991856782,0.24904165995683333,0.27664141538340875,0.2683480202984549,0.2220685564236276,0.2560835953571576
0.28965902610315,0.2721172580658515,0.3116609765958674,0.2924620645902989,0.2920249291824585,0.2682232845846073,0.23848561767941132,0.2547684643623429,0.2248462427823785,0.24832682711144285,0.0,0.27509137044095566,0.33631153807838704,0.2665202031869572,0.2537255308414771,0.37539542920340513,0.32745032805567514,0.2999307581507605,0.2648037805224637,0.2660123443578849,0.2919785241597182,0.3381911837690147,0.24456939420112794,0.2534020612249126,0.29495189509673475,0.2726070862469573,0.2714581458186178,0.3165343508354518,0.26818882319378345,0.22952830218943393,0.2556454335706881,0.2969371143349009,0.24436311324467888,0.23260414548289263,0.2970942386011452,0.3066383363746273,0.3230776520287002,0.30582288762986565,0.3116256268577803,0.2528520449781023,0.251747321848638,0.2516192945918043,0.2521085791382914,0.2921916189833968,0.274603792482918,0.24177152985821593,0.18216938620508316,0.35683632039649893,0.29874734452894064,0.2570420410093526,0.29179128632586515,0.23827843473259916,0.2061608504021822,0.33418527436323586,0.34652526856916394,0.195762826352412,0.278017870677549,0.33434557967356,0.268379163853707,0.2889867267744585,0.30772979064339184,0.1947963927124921,0.2554182525643013,0.2376399733937758,0.198589383741418,0.22319683735701035,0.2875239388482015,0.24301825671187588,0.2984713371549011,0.2990927286231002,0.25866296644776293,0.23884275622845372,0.2702869451292126,0.34933978282282324,0.33341655397028674,0.2181847903923699,0.3166743439530691,0.28716226721918103,0.2274509642976897,0.20066640494108023,0.2265706635300199,0.23540488810968363,0.23748524390828055,0.2954165813409952,0.2308938398911256,0.26626873487978686,0.26116010716275895,0.2456989326615172,0.24663141911462494,0.21975172162049367,0.32947492419245306,0.20447662426184654,0.32698356057642436,0.23843455131882949,0.24374990445254702,0.25334156249258466,0.19703913386853714,0.20453321621018847,0.19902486049660137,0.25847192741298525,0.27801346610526356,0.24418231338192126,0.21509116453036836,0.20929443534786826,0.25990272847742657,0.23207565902401103,0.2434996469056508,0.2652664297262955,0.2320952130745238,0.27038712722662966,0.3107151392859574,0.2394670291892263,0.26903487699391576,0.29458436918691155,0.2598917717279254,0.2668495159628781,0.2263049057100161,0.27911214701692627,0.27102389464430693,0.260547224889619,0.2779366070914293,0.21777574633274918,0.2287463438458213,0.278694046256041,0.21249119020433016,0.3053099524460077,0.207204495870034,0.26459588717285276,0.27452280964161463,0.2456169232259722,0.21110918459223008,0.2862977260848054,0.2854514827634917,0.26702453989166414,0.33873071484459183,0.20706080464016977,0.21869746188919806,0.24706945853846551,0.2727749039459102,0.27046154513386844,0.25719386874570455,0.27960509962998253,0.23804524688373913,0.25006829389685176,0.32352057356584096,0.21216557379195486,0.23919293263916175,0.23626620238602614,0.24110596496082767,0.22345565542652768,0.30618805155501866,0.22737971628328682,0.3650802464989977,0.20649627520723435,0.2614622608313348,0.2779402028320172,0.2750535820833814,0.2710720150033708,0.24262815864520226,0.24685261146983267,0.21932818069235335,0.2483148543304756,0.19744568868393755,0.35585723379424555
0.26444998584256285,0.29207017016396836,0.27052072092803864,0.2508805998698485,0.24081713615876849,0.3046426987573468,0.2706747377165703,0.28811814909752703,0.24617306219484925,0.2754792406226351,0.27509137044095566,0.0,0.23899576165159797,0.18088419245755863,0.26418335260090153,0.28125381673508254,0.24424793476785753,0.2219196864841783,0.3297668404200784,0.256991683496387,0.32412195301000507,0.26088133001513525,0.2428829073807706,0.2680287667508893,0.3782771037883495,0.21944688848545466,0.22829702740398153,0.22086980421369581,0.21508946560360442,0.2589742285633337,0.3298431801269267,0.28901865629333967,0.24076656779602623,0.28804055330701656,0.241963905925074,0.27931103168740656,0.2881146693595551,0.24987403513017134,0.3089620695991448,0.2293506288444793,0.24782822917007877,0.25828509438359243,0.2587750080285107,0.27798849545546483,0.27335724325562816,0.25419895388435304,0.26013436843225285,0.28118133421065694,0.2691239279014669,0.24674723141437965,0.2890238042341176,0.25933837143730293,0.19090695915898295,0.290968083597691,0.3051552422161465,0.24359531227025322,0.2794537322289867,0.32630249425550667,0.21655851074388616,0.25232966842540083,0.22472077439447724,0.19987511061510913,0.2330641173498995,0.2109768845444385,0.21036335751165572,0.2254695513801049,0.22511997060094954,0.2372405316494145,0.2021805427161404,0.24517600587773897,0.24215575088896046,0.20772998127177222,0.20920969845182774,0.26665208987669664,0.25033152051265906,0.21952094512714168,0.24633823651403555,0.2836398013770802,0.21906153558407407,0.1922884799231738,0.2191865138080496,0.27443944248713054,0.28080869428503785,0.21117217778786446,0.2440824909398472,0.2888200108888671,0.23000203826026158,0.23828421940594463,0.30044211860257747,0.25247129627311354,0.25464076766798494,0.27324818562471737,0.26084778670686115,0.2362900069541687,0.21238784881652495,0.34677279985002246,0.1974649640637159,0.2869707048803773,0.19252557480056437,0.2516887831363652,0.21960295731479057,0.24069124208037174,0.2509624995736002,0.3229013488296083,0.23515589627325603,0.2654293016627623,0.2615034696033191,0.26339531849178266,0.22596840663630136,0.3167512755970383,0.36174550055899723,0.2522233213115008,0.23895411785655557,0.25259314588424814,0.22732957868576054,0.2515667855217232,0.24139570524975912,0.30662350199662647,0.2509402448028369,0.2179204164456658,0.2234201263227741,0.2225238238224097,0.21641319635166628,0.28452886652735004,0.18814500740269763,0.312566630343754,0.20839363422748333,0.29384891353945597,0.28381097059201427,0.21205990538179123,0.22952334451489725,0.238972060614466,0.20484451555247454,0.24708821172499854,0.2779466535755704,0.18907868690782048,0.27721320605633865,0.2293737073494336,0.23638992758260358,0.30654372571673233,0.20838765427155048,0.2357381093835641,0.2616748836206513,0.23683218639253203,0.2805495215461885,0.2999413321973804,0.3477401582959691,0.23518218021547246,0.3176091362799011,0.20147535445706383,0.28666957091614165,0.23758192123482785,0.2573178323551384,0.23990909361042756,0.38365330057620645,0.25414373810852897,0.23371822601415201,0.3345657625799141,0.19416266938357454,0.22954907173453556,0.18661783827795578,0.22450867252636306,0.21153354687576384,0.25990934019463086
