0,1,2,3,4,5,6,7,8,9,10,11,12,13,14,15,16,17,18,19,20,21,22,23,24,25,26,27,28,29,30,31,32,33,34,35,36,37,38,39,40,41,42,43,44,45,46,47,48,49,50,51,52,53,54,55,56,57,58,59,60,61,62,63,64,65,66,67,68,69,70,71,72,73,74,75,76,77,78,79,80,81,82,83,84,85,86,87,88,89,90,91,92,93,94,95,96,97,98,99,100,101,102,103,104,105,106,107,108,109,110,111,112,113,114,115,116,117,118,119,120,121,122,123,124,125,126,127,128,129,130,131,132,133,134,135,136,137,138,139,140,141,142,143,144,145,146,147,148,149,150,151,152,153,154,155,156,157,158,159,160,161,162,163
0.0,0.5209078800942782,0.4419278860321903,0.5821805641983754,0.5585952119068831,0.5639115804363615,0.5789280140431455,0.5212600322814217,0.6623329734750942,0.42523927715197984,0.5383570038590092,0.4670943893565033,0.6688445166063985,0.62789257764484,0.6008011112748527,0.565855213337213,0.6186998024752854,0.7177108958422647,0.521332489323612,0.7018950742187907,0.5858856358209953,0.5235769365558418,0.5420365397116188,0.5873077822857591,0.566791873900759,0.5970358905032946,0.5325689918131484,0.6387343808251933,0.38315083358943053,0.5475785098543692,0.6041320123555854,0.5798771366465973,0.5717304596336352,0.6159523052158561,0.7021836863484118,0.5035507157027272,0.6385149364977667,0.610177813162032,0.4896448483376397,0.6211364050499869,0.5361581395948147,0.6147072401586708,0.5734019876472622,0.6081736542089813,0.6005755599984903,0.657615554904007,0.5534013461020101,0.5019951099118565,0.6139615723999867,0.5826814585862339,0.6231718115111158,0.649984847920493,0.5382327865558165,0.5044064325418817,0.4644836544005512,0.6101388120912564,0.6715000463611234,0.5369619536795818,0.5867043153121895,0.6056437959997846,0.5291913430786753,0.5540638740485074,0.5868042650754014,0.5026759526841516,0.6059444134143251,0.6418663681116531,0.6786057167168236,0.6670511527765437,0.5452750650331323,0.5826624170066332,0.7096243461388723,0.6060204356121824,0.6286804793621956,0.6388369690137509,0.599032442461744,0.6556125926566376,0.5611987222273056,0.5560774879131791,0.6190043942344083,0.5890952209208248,0.6032293363685393,0.6288791017690651,0.614919267615993,0.60199977479735,0.6049343221909829,0.6758492022720168,0.5596229728481052,0.6046396945198356,0.6702049489947682,0.6084380941915936,0.6124214515309485,0.6096994322345398,0.5216949889297018,0.6462434897555405,0.6088729228952428,0.4972152618712815,0.5024606923964897,0.5887632254614543,0.5355561573829826,0.7112548629066647,0.5938291551120694,0.46661843992176083,0.5545325127615692,0.44727927184081967,0.6141252997966694,0.6665902421847615,0.5451970262332972,0.5940871168209116,0.595040687205014,0.5401347407531504,0.5760564634288802,0.5719513801201812,0.6859761317648586,0.5874788397906955,0.6388269877270943,0.6889532216329852,0.6461500499526383,0.4494138259323396,0.5047704735081014,0.5977898518177939,0.6238320645314143,0.5098271234126629,0.6322644478549643,0.7233893195947316,0.6049119463009863,0.46909297146291573,0.5635874323759544,0.5215277170097697,0.4778697471901215,0.5930655809204493,0.5768420869108573,0.5899996138099811,0.6063205418548686,0.6337484598275896,0.5142030724290962,0.5947465529154082,0.5996774530783348,0.6225118365255646,0.5327798412035963,0.581279170351987,0.5566131386538731,0.5628233481306735,0.6334681460381789,0.5170663154908005,0.5869316406258498,0.6430790776196615,0.5914493301694097,0.5633665432557904,0.4739747360197634,0.46203910211853416,0.684625656492475,0.5473046889210763,0.5303244941391382,0.4765303488214699,0.5767420611648586,0.6803183793460227,0.6002457709960652,0.6517717428849358,0.6121220823680743,0.6134217053342546,0.540169966896049,0.6683055459811492,0.5511721719823705,0.7248652477754766
0.5209078800942782,0.0,0.6223439473039512,0.5247685269467672,0.5463108419367861,0.6426546119435887,0.5723690836711645,0.5183627706120724,0.5037102072378769,0.6065561402122976,0.5785084494354453,0.6250122796636938,0.5760982891767883,0.5315623561759659,0.6029742155355976,0.6053259562385969,0.6136453660167677,0.5253374011133821,0.5920758968576748,0.6074042785261401,0.6143124567811109,0.7142498396925189,0.516755846747166,0.6480744188179529,0.6600359910044201,0.45616951202743483,0.5039687045668942,0.5597231941272444,0.516714376740239,0.5079573574926133,0.5901980033865158,0.6055554031042566,0.5815665849292995,0.5495711233276908,0.5700649194531736,0.5618847226349196,0.5245216514040499,0.5247950734318001,0.5636880556959436,0.557537932938256,0.577973386290192,0.5856338202073288,0.5064696978369625,0.5825981932566006,0.5895761133505837,0.5186992033105434,0.5372423026055263,0.539159053924848,0.5738012650725369,0.5256270764957551,0.5178097328779497,0.5126322511596556,0.4908163415658299,0.6049945159726687,0.5393316946137362,0.5378549560571403,0.5138996407930575,0.5591819937655493,0.5935640649412989,0.5378875111398513,0.5197621159449699,0.45122607426482503,0.4811853777016359,0.5391834821958301,0.481758249192803,0.4767242035895287,0.5125559308638404,0.5170776193846789,0.5256433393184714,0.5025840857950516,0.500212449965461,0.49361503834617465,0.4685304441623033,0.5721574545262041,0.5967652867905565,0.4852863643547358,0.5018974449082638,0.570207059318971,0.47132133749423233,0.4452202903892348,0.5535622901546348,0.4893171742059873,0.6128531041680121,0.5191204463221665,0.46945626643133564,0.5877406903552483,0.4551586283512216,0.47492774569429635,0.5292306810747023,0.5123717755545119,0.4847836502467959,0.5560085798508322,0.5712133349209498,0.48349548318961777,0.4826878560855376,0.6086413937331788,0.48535077740374966,0.6161320351132314,0.44705161206384286,0.5353848856023783,0.5249275430570872,0.4483260521161491,0.45368417604730704,0.5848972340979567,0.4832529029777052,0.5316511035906886,0.5352281644424147,0.6557244290262969,0.5659665301703595,0.6820745804480508,0.5900316173595922,0.45854023804276367,0.4966543955709857,0.5051236059154265,0.4704628588915224,0.5266846921566783,0.5530029132629645,0.5498612322996119,0.6025409122678382,0.4669734253548379,0.49654077906762145,0.41985983382699305,0.49857351465935856,0.5723654195726787,0.4664072936947055,0.599237941276679,0.46560492222789196,0.5409978126658284,0.6373467099762998,0.5227333853093995,0.57799299464587,0.5539346131072415,0.43468895430849896,0.48361121903842746,0.5885267872651089,0.5173236229875304,0.6012623907370565,0.5326452385782648,0.6226103922237523,0.5342227048051654,0.536100227389749,0.5864745661995742,0.5429557954812166,0.5263131410341095,0.5706609273017147,0.500134993016271,0.580614279599233,0.5959436334144869,0.6519489259996298,0.5291994020817691,0.48246387735046287,0.5574584181545651,0.5639483527066208,0.6252549276198011,0.6435135249697798,0.5347400302255846,0.5202346849468524,0.6110820371574884,0.49831028439750963,0.45146003700825355,0.537167535537721,0.4949107507659932,0.4765614042806334,0.49753985773845605
0.4419278860321903,0.6223439473039512,0.0,0.47413264487509216,0.4881525532711358,0.5956323107700655,0.4640373378734706,0.5405831143730155,0.43977174469173014,0.6212160790963188,0.5671944452744901,0.6197421904756593,0.5167706384647222,0.4578771143740388,0.529742369324347,0.5973874478906535,0.5261349595259379,0.45290332303298136,0.5331979265122387,0.5103425597714321,0.5498884799816272,0.6899682121184688,0.43553065945632613,0.5104039047621786,0.5760328587194483,0.42543957296428386,0.45689708847167787,0.473257980884305,0.539493262973431,0.4527381977478482,0.5370408415732489,0.5567201565406951,0.5263931640099342,0.46554148151427893,0.47477739845931305,0.5600285949169768,0.4816399412272826,0.49094288735727026,0.5808707649027512,0.46079440969251145,0.5194243354812526,0.48174499415933375,0.5006321025198407,0.5202371492563967,0.5509779529511342,0.45479850135860694,0.46089743073957173,0.5547282240582357,0.4787066595629529,0.4848785094868556,0.46847115615118784,0.4470704568781629,0.4245126620439153,0.5909509151450504,0.5706215736599909,0.4428807930751283,0.4477601880838324,0.570315766336635,0.49874806643360536,0.4687078149784582,0.5252894965026956,0.4228385116298174,0.4665795513407949,0.5000559849108811,0.42343422562714444,0.4311135751675481,0.45103224808792614,0.4703464949104001,0.5261419306695144,0.501548494347933,0.4528468231086153,0.4317361899432748,0.4183632909453539,0.5157461575487736,0.5609217709935023,0.41029504569608,0.4826637896217409,0.5009692749389371,0.4390359724558699,0.3860264058814447,0.4895710884669854,0.4368565484765291,0.5129602656130837,0.49876278571978877,0.41960178709646867,0.5099360309681841,0.45160339284414835,0.4352752420189887,0.46102851338944195,0.4393069525115081,0.4400847148736004,0.46803277671332755,0.5334752007857575,0.4121074419604192,0.4229249415464041,0.5978951319182593,0.48629624234859553,0.5155325159788064,0.3973656885233732,0.45238851537438934,0.4668790121855768,0.484308204458736,0.4204913987173564,0.6055869656756737,0.4475133063343689,0.4766531329327758,0.516698736323477,0.5325038805912437,0.48200390317177333,0.5448207358444741,0.5106421649344913,0.41740344163930676,0.4416723338934594,0.4678226488085752,0.42250249955972113,0.43849587104889887,0.4534849014652224,0.5633421803723534,0.5715031597159543,0.4152810702665453,0.4358977507187085,0.41650914428392155,0.4221623015423946,0.47886021702273024,0.40243100189937386,0.6349290531926657,0.41764043218102126,0.54222155802337,0.6395703854915163,0.479266767272671,0.49037024408704133,0.5373837827338238,0.4021595128541887,0.4238626658505335,0.5899451913269362,0.453586754379758,0.5026080757868554,0.4587856117751676,0.5862714904175093,0.4955256049179442,0.5060081451195036,0.5371127703020306,0.4511681521338879,0.5099282145488274,0.5215021510324581,0.4392920712995077,0.5237432041263153,0.5285366646212243,0.6508589993949938,0.5110834745323777,0.43662899350300227,0.48208859254898095,0.512041840662851,0.5611271114677543,0.5779809971442661,0.48701854822023666,0.4437217627836349,0.5210937405862399,0.42365858730989764,0.4012079440331005,0.47302049303647414,0.41751487763901224,0.4265767178263864,0.426503268970753
0.5821805641983754,0.5247685269467672,0.47413264487509216,0.0,0.5924690963194774,0.5348449842366563,0.5942421726257906,0.5482554849660228,0.5376260196577184,0.4327667907047361,0.5789608078109328,0.5041267883732664,0.5812183926439453,0.5977220884336047,0.6444446149289681,0.5748526525514394,0.6472201935550895,0.6123994303904291,0.5702883928127891,0.591264100463907,0.6550535443633372,0.5568800262337871,0.5473990575810517,0.5836917763213155,0.5364954335411711,0.6119664300386303,0.5620401149805532,0.6312292486869125,0.4020788282896828,0.4946049926063977,0.5835318535422404,0.5667502119913422,0.715188118343512,0.6178532775305762,0.6193548203583018,0.6103773271900883,0.5488407652363336,0.6242697967421791,0.5803438211431244,0.6545240279699623,0.6450223426703205,0.54445687348673,0.5872502577854095,0.6238006095868242,0.6237942848397909,0.6220924884422983,0.49441690524495896,0.5029302751629008,0.5958600558936399,0.6503775364744991,0.7189268028923598,0.6341512149595561,0.544985828377737,0.6215720933132446,0.5363989412336315,0.49206180230676455,0.6565439838285316,0.5992272022419711,0.6115196274952863,0.6698460314853235,0.5664896597858511,0.5580080378939712,0.6118182632789947,0.5375383892149628,0.5823068757527547,0.5915492688961765,0.6428996411538351,0.539536404343305,0.5609769248734051,0.5725868983686125,0.6130914750367842,0.5698875807551518,0.5920596921975788,0.7400484347226042,0.6289993874207064,0.5101243892024615,0.6507656903511243,0.5713714278986702,0.6098047190148301,0.4824530239577653,0.5431891797682192,0.6414666966650976,0.5317421923804871,0.5718643914868385,0.6163834744459334,0.6219018880658077,0.5248184774761864,0.6000477293952574,0.5850170738001353,0.518950649332502,0.6483473979218827,0.6086151273462534,0.5865731045654655,0.5698944403650913,0.6247029646201053,0.48686910480903617,0.5542579064733976,0.5641806313956046,0.5225359031056797,0.6747040372148244,0.5754857294784413,0.517780792662584,0.6094155122057949,0.4701562118686484,0.636994588742756,0.6107273591905468,0.6334440116887324,0.5469713424224056,0.6114709713151506,0.5005747311381352,0.6510347929980196,0.6076406046235939,0.5836435211131559,0.6120316925566753,0.612402763931151,0.5967130779604057,0.5547971139169032,0.4650331457380872,0.5523693313663659,0.5607861268077143,0.6174692154845633,0.5527132152598005,0.5262396000208913,0.6414734803882653,0.5092146802502252,0.49537970960772304,0.6018612132594611,0.5545560088901658,0.5262299176367554,0.5912968565769617,0.4949136030709974,0.6151141788734532,0.5389729071237316,0.6253490254847329,0.5449766739108884,0.5310440304317123,0.48969230532590463,0.63719799402135,0.5835006443405201,0.6191208452373786,0.5660319387567023,0.5582460147295811,0.6510237857299939,0.6098210474983785,0.5882476963883351,0.5710350516594849,0.5822175737249594,0.5638874948234006,0.47026532856051384,0.4902907837089629,0.6446452336018931,0.5400063608839069,0.6329688530111026,0.4888984071203335,0.6122947164062145,0.5934584716365903,0.5264975028519764,0.5956567415485857,0.5993530945101007,0.5809412958097029,0.5145447628141017,0.5371510562229952,0.546163858345499,0.6202705127270429
0.5585952119068831,0.5463108419367861,0.4881525532711358,0.5924690963194774,0.0,0.5132368280006329,0.6629081363829016,0.5040050323171913,0.5682144365747592,0.46996504641297016,0.5352393946453484,0.5265297097551241,0.5369985238893275,0.5953060047916163,0.6206651313067505,0.5874434075910686,0.6411951604151509,0.6142955247999825,0.5340546495975546,0.5660918567121956,0.6262381687668138,0.5549818401850524,0.6234422264632126,0.5629295688853896,0.5689779788681264,0.5644092465456829,0.5932550126031859,0.5584581120913148,0.425019699244988,0.590684408703922,0.5906505757910471,0.569295276819236,0.5973143446443993,0.5831837526952232,0.6155308505771654,0.6069236318335671,0.5315013091810308,0.6344914422704657,0.5444408562446098,0.6241818821772551,0.6350071167022356,0.6174177900888909,0.5785498047959974,0.6066010237505971,0.5713688674211913,0.5893385524769753,0.6136986747324036,0.4842450074816289,0.6382031601727067,0.6206777878715078,0.617221524662104,0.5759442551733782,0.5230107438961237,0.5342962921315654,0.5113937331556698,0.5470785182527682,0.5868477208419158,0.6126379110792834,0.6147343710322747,0.6190571296361126,0.4660915682948979,0.5540270762224765,0.5270644581576328,0.604655042921901,0.5456275982550848,0.5098421090983662,0.5495199554784224,0.5541968954442431,0.5897669431336309,0.5305102589046036,0.568082124667432,0.591200797114787,0.5282994806259302,0.6128094859961444,0.5714941385954619,0.5128061099492717,0.5513439176119544,0.7143709068582497,0.5524848245116565,0.48584223588664976,0.5485287991745186,0.5768103596765005,0.6050490840775932,0.5244692582063332,0.5872414250224437,0.6235228023115102,0.4718538046169679,0.593017691122393,0.5791158019396376,0.5272714226629581,0.6854802303903822,0.6755133881367618,0.6161362894433139,0.5034229174356899,0.5940019582014953,0.521946653220061,0.4738908258831331,0.619820686916714,0.5717615172482232,0.5871585729309458,0.5588146470038533,0.4669352853065214,0.5961845681891448,0.5201696460958861,0.5760556819773607,0.6197053738185626,0.5621501174085857,0.6131770693217136,0.6466420172700361,0.5084421667990284,0.5881695351198089,0.6093345461927361,0.5115241386546808,0.6388318716587292,0.5467817332536192,0.58655234584034,0.5706569297946754,0.49955293962684677,0.5290294319720075,0.5911355800358233,0.6616276304230728,0.5108216563027226,0.5149164365614347,0.6352369951141806,0.5122457914918614,0.4990551342559591,0.5764032946958413,0.5499288065067306,0.5322652124138549,0.6036621858429078,0.5794724033238331,0.5847480030633084,0.4776204860953356,0.5666667285368181,0.4949520946127972,0.5372314574669115,0.5402678322184151,0.6537581411798965,0.5859050644095104,0.6544245547404846,0.5162562287575568,0.6080800789956728,0.6346935496557403,0.6083039865047833,0.6128065522671368,0.6347175782412066,0.6210314904921119,0.6072733485926459,0.5187254192144326,0.5485136276078152,0.5390351465770801,0.5740868530489865,0.5826971415095189,0.5756751633119463,0.6526248199430916,0.5457387470094031,0.4735070465916246,0.6211803663892068,0.5365847335237828,0.5420807340998635,0.5444478175885783,0.5530433874458464,0.6170367921855305,0.5856907220965809
0.5639115804363615,0.6426546119435887,0.5956323107700655,0.5348449842366563,0.5132368280006329,0.0,0.5135015854553727,0.5842808394675973,0.5293584183875772,0.5281509591886033,0.6262023998634495,0.5880468110163077,0.6491607673771356,0.5210576397392187,0.5800547498537835,0.6512578844059249,0.5990648300721763,0.5265999490152673,0.5962996726068472,0.6462201539711661,0.6265507793313654,0.6703678216822614,0.46719231450685317,0.5836003212139367,0.6621121350735811,0.4839602467563383,0.4736455420213456,0.5621214116127367,0.46136323419109976,0.5008391124640854,0.6320066672315647,0.6565690484771415,0.5718263934510625,0.5523123020731857,0.5735378242660242,0.5477380867287949,0.5935282249946502,0.546519318010738,0.5745055514343722,0.5126904462588565,0.533423921802223,0.5727222335459026,0.5529119944857975,0.6216124056656235,0.6234484893468976,0.5250507234834421,0.5016995361170955,0.6149178737715126,0.5404625482269423,0.5331290060626067,0.5425746629506909,0.537812824461813,0.4751387912998481,0.6089871658683034,0.5452116134420243,0.5345272509937573,0.5342993568370367,0.6035933117152669,0.5469483544229687,0.5234919040294501,0.6237609633509468,0.4758250783611179,0.5485543418654152,0.5024247169541224,0.494876477290973,0.5241462978734237,0.5466118088457208,0.5702970917948819,0.5371492497400043,0.5796184941980712,0.5542864505433851,0.48679954922462215,0.5069611632912098,0.6005329212495195,0.6576336156210718,0.49974011453097583,0.5434319018487145,0.5299036247950514,0.5046615619687366,0.4713180982668744,0.5926504538045582,0.5171833683226852,0.5955182634651924,0.5865046019788064,0.4871470728070475,0.6002665511513684,0.5523932059057709,0.4932273653168197,0.5468403602887586,0.5251878822402289,0.4945020730543487,0.5397681224712907,0.541802770573898,0.5067941651028368,0.48653723370478796,0.6126816464805511,0.5462068081077346,0.5968372217172476,0.44487370288806327,0.5439589967741847,0.5377355907412613,0.5063201836151963,0.4699252995534208,0.5351621936986822,0.5183339509892972,0.5513383335098573,0.5630405334770366,0.6006381928475276,0.5215781751308675,0.6477420319084186,0.6034836887305648,0.468154295342494,0.5708312632519287,0.5203534611389768,0.49214215515151893,0.5197071914797587,0.5476868624035095,0.5236884044892761,0.6100722829187744,0.47603932369020296,0.49176615814004504,0.4574151091845895,0.522548019448538,0.5855806487851445,0.48509727435201094,0.5893289253832942,0.4734532883967333,0.5640181677139472,0.5917047659366247,0.5181455636384881,0.5576009365280777,0.6302354939740996,0.48455463830929474,0.5096423690663847,0.6539351747344316,0.5270954087422643,0.5910273624649375,0.5062082823168826,0.56319420961022,0.5412375672197132,0.5711485369032797,0.5985124115768482,0.5242431613550894,0.5319043605081286,0.5893208616124491,0.5098028205022352,0.5972950353219234,0.5645188410884001,0.5940099145924717,0.5023254053519629,0.5421771232008378,0.5319592423033807,0.5393216893279945,0.5136743568382481,0.6372655526008325,0.6069412910449464,0.5443970085823848,0.6321636014534696,0.4941346558574003,0.47530192264439813,0.5103422718056365,0.5100918354484631,0.4713751066530212,0.5200049779387513
0.5789280140431455,0.5723690836711645,0.4640373378734706,0.5942421726257906,0.6629081363829016,0.5135015854553727,0.0,0.48697534224250444,0.5502589761977021,0.4819130319125008,0.539189396121158,0.5337185934369851,0.5591034940589521,0.5885972382735374,0.6345113868636816,0.5673547556794151,0.6223542527589557,0.6138249837409151,0.5475491476585935,0.5736420478200067,0.5822950590559763,0.5383330494029762,0.7439693867214072,0.62355031298601,0.5978885544637598,0.5318877889342456,0.6222637088192781,0.6174261173337521,0.43183796865919927,0.5959900252014402,0.5942358837928765,0.5784251603422609,0.5941821665888852,0.6557001523291709,0.6233623065688069,0.5414237908392135,0.5517270990349539,0.5647081467705825,0.5279395864923712,0.6842835836891059,0.580204364594597,0.6041318124107482,0.53493024520571,0.5912003918364981,0.5738869305943461,0.5935101072406413,0.5755811570199985,0.4805173050377322,0.7488214277542758,0.5544660165027302,0.5925512220128244,0.5452781074967084,0.512552838278244,0.5240585216574876,0.5066466982665776,0.5606214514794025,0.579137619300907,0.5536645001375342,0.6253528118719671,0.6129160810855752,0.46814948242571475,0.499912751238793,0.48615709072499147,0.5381187026983855,0.5222150451922014,0.5015756950714015,0.5688139595351893,0.5452192026466286,0.5313576590998962,0.5124284238035947,0.5372160207896851,0.5785204828482126,0.5084908431403811,0.6041894008945026,0.5409738105955078,0.5616764648250187,0.5540092094935887,0.7040369465579799,0.5228081861829148,0.5061502540008854,0.5268101460934865,0.5406358428163632,0.6280070514150646,0.5034118729746033,0.5461429633618894,0.5916671799726032,0.46191047741300295,0.5688349591168393,0.6120391133835608,0.5449943112298062,0.5973668931351985,0.6544850350477912,0.5922594904394882,0.5306222110317866,0.5588591625205608,0.5242543251994454,0.44491012968802657,0.5993528171510982,0.5206483005409793,0.6218251856591712,0.5772665774985819,0.4482140199260608,0.5459115365961275,0.5042468672887432,0.5280366463603422,0.5847749401046167,0.528606918170261,0.6304156693996862,0.6487964511807546,0.5446974224009464,0.6169502080118139,0.5428345271347252,0.5142797221028154,0.5851426695282514,0.5330567677558248,0.6069736747995161,0.6003263347096861,0.5075926820196193,0.5120453524393939,0.551150665116301,0.5960950370966526,0.4679985784969233,0.5194461535963175,0.6862062062357319,0.5070231049142742,0.5098020671466824,0.525604514524491,0.5375484221365181,0.5167675570063092,0.5677983672198633,0.5685876564109533,0.5221800919036426,0.48733441362116425,0.5374699391232014,0.4875805853480606,0.5188866215213246,0.5754322139614129,0.6532094183324805,0.5850847853999083,0.6135140347874406,0.5216745376451216,0.5691649896046886,0.6379573171305077,0.5268313424045975,0.5882203290022451,0.610216780701228,0.5639692625372712,0.6093567602635147,0.511140391336237,0.49123677208957983,0.5427079239676107,0.5780277591153162,0.55985623420063,0.566534293943671,0.6265176530921179,0.5524910014002574,0.5350361759848936,0.6471719697094106,0.5876735024472426,0.564670442604204,0.5385769323520763,0.5672787291006232,0.5583764038944508,0.5876169706677093
0.5212600322814217,0.5183627706120724,0.5405831143730155,0.5482554849660228,0.5040050323171913,0.5842808394675973,0.48697534224250444,0.0,0.5445911265008194,0.46825353526239205,0.5588326949447318,0.5564891581401618,0.6027900906442875,0.4840365926862968,0.6142367701811695,0.6194413435655907,0.5326168702017188,0.5216378787338303,0.5298245637589258,0.5515212994814326,0.5545551305290135,0.5842343327450669,0.4670952604593759,0.5085143550024905,0.5598040720887159,0.5139255048154074,0.5318338251933628,0.5205480704555995,0.4038760756332979,0.5215875209402091,0.6637718514280838,0.5825393008671165,0.5923774127433492,0.5275470579164981,0.5072549787219492,0.5498137327221972,0.576985511998721,0.5545254817131021,0.5922805982248951,0.4906862918932513,0.5144449495936624,0.5001173905706706,0.6111689715944867,0.5273352437374719,0.7109341606529525,0.5534527819521089,0.4771137205048645,0.5186603737761406,0.5044970608253522,0.541009513437263,0.5512043602668876,0.4969929200375928,0.4410223230639261,0.550447380690165,0.5302919031558446,0.47494256349739894,0.513924321441726,0.6680486655045975,0.4904576069895286,0.5357608143404173,0.6107936812918361,0.49782247316106243,0.5578112137938794,0.46759965649700935,0.4692414305781359,0.5065119016652955,0.5357547628409549,0.561123035234972,0.5682921950131802,0.7147409997024748,0.5579833695199172,0.46604155509508643,0.4661541609976704,0.6015107712814848,0.6089903335203788,0.45625410079615464,0.5947142864262173,0.5097093200258707,0.5529287796641075,0.41042717441076293,0.48720729004862184,0.5323327938730057,0.5594223527958466,0.5629366957830635,0.4732606893410703,0.5962898608706918,0.5931297720809416,0.5248055300665164,0.5636845549715184,0.5234664420502705,0.5175098270385645,0.5204412039661476,0.5211858990521214,0.45879526772611806,0.46326458931482406,0.5515230455854027,0.5469544950548115,0.5223358578544675,0.42480311995522957,0.538290830968214,0.49743714204970496,0.6401430014882735,0.4915651398688561,0.5038885107190892,0.534599292096367,0.5842328278374463,0.5725340122231881,0.5183797154507652,0.5146596141250174,0.4882302145034421,0.5237340924119381,0.4727215424388721,0.5011485044960271,0.538802141865893,0.4981186143126759,0.5042670071247595,0.47273919190095137,0.49284717443923787,0.48289314935336014,0.47186569195655853,0.4776035904528466,0.5500544629274947,0.4396062667169265,0.5473776113982304,0.4237342812071832,0.5438117400269245,0.472020477867413,0.723614925964071,0.5046218031766068,0.5308112579420622,0.5217070385591245,0.5917110537212896,0.49433712921369827,0.4809421676411868,0.552516310737134,0.45817863878828363,0.5213212015891832,0.5040102020139169,0.5677522081921514,0.5927717952750378,0.5356518910561644,0.5180078881514355,0.500817509899668,0.5205592507093241,0.5309274194413192,0.5180443892891083,0.6106151159345933,0.54313056802355,0.510023140706082,0.44996226994732397,0.5510819987777614,0.46864088457758674,0.5268217706277631,0.5134703746381437,0.5924065356203809,0.6203172006248249,0.4867484847866206,0.5910212775181986,0.4540570844780273,0.4629161258290091,0.4598874673389455,0.4484619565884183,0.4618356295671517,0.48595828645882233
0.6623329734750942,0.5037102072378769,0.43977174469173014,0.5376260196577184,0.5682144365747592,0.5293584183875772,0.5502589761977021,0.5445911265008194,0.0,0.41905488336417085,0.485881421201423,0.47313873452205535,0.5743031311908914,0.5515725401330163,0.5806170356551879,0.5293785349969451,0.5480239490141366,0.6176278596611399,0.48476580166686073,0.5911448174177771,0.5473034925640602,0.5132364056182321,0.5263314289924562,0.531212683863415,0.5370206921059986,0.5566759761260758,0.5436402954740599,0.5367717795584793,0.3646385463268969,0.5939035830098529,0.6085611963358118,0.5287295077433473,0.5413675328443708,0.5567146575128239,0.5924371329635368,0.49231466662716605,0.5745295190346741,0.5738976263135708,0.47537590186928314,0.5485209913459451,0.5097894156492153,0.6524808925784598,0.538184632557016,0.5319246528952782,0.5836267880102515,0.6025223634076374,0.5762771726176403,0.4524206280349902,0.5443473013510165,0.5488089510690887,0.5617380010938313,0.5766527881446236,0.4870387720321929,0.47021844596472673,0.4340576655093476,0.6558319619082331,0.5719978757685954,0.5506711815620332,0.5187622646689252,0.5606894587435921,0.48039973517783696,0.5391264374164517,0.5276921623455254,0.4845201184761639,0.539880216159584,0.538161630346823,0.5954658066292832,0.6344463028144708,0.5253957294457149,0.5769040699604937,0.6495010302494578,0.5335133369857387,0.5477103757009119,0.5743270616587085,0.5525133145761768,0.5347671091421089,0.5172878782821776,0.5425403940314016,0.5690246891677337,0.4867689008518811,0.5270853770475733,0.6437820838433511,0.6383563719245832,0.5296859155595824,0.5535527835814916,0.6828000194388604,0.5325483414355975,0.5651521095003715,0.6120846324414841,0.6938479698566815,0.6060838395765247,0.6403063087781032,0.48466113897290247,0.5157445432608997,0.5550607763136624,0.49816022124486453,0.479142736542625,0.5947991035966768,0.5199451505259177,0.6202447231154546,0.5141304799781885,0.45918627203663387,0.5419061499932576,0.4510366985806546,0.5686052010451057,0.6486744388584255,0.5082583578171096,0.5731865049301099,0.5525485098770306,0.4979541200731787,0.517912421296707,0.5500368801943251,0.5627993851811375,0.5803998739855135,0.5453271164966144,0.6503390348212005,0.5485794592276141,0.42923724193618823,0.4572495999620962,0.5991549423261898,0.5701728854783916,0.5233385715416319,0.5336103898612251,0.6184909972144432,0.5236969820841069,0.4442309740214237,0.5543175186376745,0.545208767197862,0.44926589993348176,0.5492410118700719,0.6543159330898702,0.5659009179721505,0.5225054632014754,0.5945385467901001,0.4756784970322558,0.5067244044604684,0.5604253961237882,0.5650853278385366,0.505379742041883,0.5780765313230727,0.49239810258424777,0.5247273967784352,0.6109879851445945,0.5127128838695815,0.5374238796978924,0.6744706053630833,0.6745808484008531,0.531885565953128,0.46507349766126405,0.45173213480756996,0.5895386964837774,0.49151722917198765,0.507263332600179,0.5066102801365098,0.5680804592083902,0.630318033869414,0.5020656634176979,0.635637013127075,0.5071931618112776,0.5181509509325679,0.4898906239944818,0.5613051614639936,0.5557621541596646,0.6163465074086576
0.42523927715197984,0.6065561402122976,0.6212160790963188,0.4327667907047361,0.46996504641297016,0.5281509591886033,0.4819130319125008,0.46825353526239205,0.41905488336417085,0.0,0.518608982063734,0.5894768109401752,0.48527492186020027,0.4500931741204964,0.49348580678083503,0.5539344687324048,0.4920116160195646,0.44044274425509083,0.49580284963085447,0.4764844475295765,0.48435304973615034,0.5607783538969442,0.4596280461292641,0.4803646642802494,0.6059445758861145,0.39777370521861505,0.462589278991846,0.4599188287043973,0.650597451415993,0.46696441584960685,0.5160237265344043,0.5462671666517538,0.4771917376935628,0.4592421237725836,0.46396863901215063,0.5031773176556105,0.46920473686418723,0.46216137850674577,0.5088939347085427,0.44715049089330877,0.47622654025060235,0.4652437630007052,0.4660653548486443,0.4937696333794563,0.49792702007683776,0.43156106843597014,0.46662257082645614,0.5168863375964954,0.4989299984137286,0.4394262883163478,0.43311099744110754,0.40851981320716124,0.4040326376097379,0.4970705412442966,0.5443483876858252,0.44454064431736634,0.41845984063828423,0.5068684753465327,0.4923485047564521,0.4412345749593507,0.450168374025044,0.39878047633769576,0.41239777537529293,0.48983428869564166,0.39597382163108347,0.39754846033674135,0.4226721970468322,0.4515806139718344,0.5001336296723788,0.4599168195922094,0.41438705154623806,0.4325373436615505,0.39063505985348485,0.4641048198621851,0.49064812286965437,0.42568410141062124,0.44292522338550966,0.5182801463417008,0.40914308716063696,0.3915378759072979,0.4694908663233116,0.39681836961143047,0.5159377907557859,0.46196244488291227,0.39790119639298505,0.46803194770931983,0.4152317575043082,0.42528771108116753,0.460633455697418,0.4199884066958676,0.417245547667816,0.4587002967420982,0.5249280823248388,0.39491326932305476,0.4013547056518554,0.6268397121586058,0.41141480482822285,0.5034327260373216,0.39170752022054656,0.43042786377798126,0.4707992611033197,0.43179428267477354,0.4050404597312043,0.672773483753756,0.41397296731882643,0.44440258741945804,0.45820390858090865,0.5448080474755299,0.4720665343695091,0.5326127505639446,0.4795101701477529,0.3957211880281224,0.41308757183350686,0.45477895590485046,0.40059577081996006,0.4166208215712588,0.4604105902873338,0.6307124638276617,0.5194510592693207,0.40732229798332925,0.41543398408799426,0.3870121708345039,0.40785778396294076,0.4672688544602453,0.39692360441958174,0.6588219579001032,0.3886141674161235,0.4897906834721709,0.6051494600221169,0.461723397497692,0.4984704910526757,0.4612957916380629,0.38723631932938085,0.3929329338109631,0.49813986841201974,0.4384375416940369,0.5293434837132237,0.4490575187031703,0.5588459998941608,0.47806507672463006,0.49275516454558577,0.5289760701070007,0.4288608446224697,0.4596694794356211,0.5085578691497366,0.43215101712901716,0.4640379483652654,0.5338601874759085,0.7328853338639466,0.49937703645333864,0.40740076367997846,0.5042458746716587,0.4550394683944647,0.5634390704950256,0.5508764106784294,0.45288761864764315,0.4311376619656615,0.5032001608430465,0.4231356549306107,0.3980005564270047,0.48527603768670774,0.42221489862051403,0.4226692643042155,0.40430075809856697
0.5383570038590092,0.5785084494354453,0.5671944452744901,0.5789608078109328,0.5352393946453484,0.6262023998634495,0.539189396121158,0.5588326949447318,0.485881421201423,0.518608982063734,0.0,0.5815415517404746,0.6447469414391719,0.5456345071268474,0.5815824554567567,0.7176331455550512,0.6152187321896944,0.5289122534091039,0.589488794814561,0.6113193360798627,0.609787813958183,0.6488917959777755,0.4998696336179228,0.5831336782346765,0.6480988785030484,0.5147956367427264,0.5237229347989221,0.60819999958957,0.4902748305677985,0.4904538009999331,0.6056066908885692,0.660932332390921,0.5780278060641191,0.5798261825093364,0.5843959911404087,0.581857438491746,0.6185164318515799,0.575321871574296,0.6498538214158422,0.5422968092564516,0.536184939030621,0.5224026467442107,0.5749209186870531,0.6548046456908934,0.6289478939861374,0.5110733811993993,0.45625176934625583,0.7046903241517549,0.5978062427560553,0.5381937149630721,0.5605569131424049,0.5036897489402449,0.45568623480753123,0.6379268240468725,0.6595493968354831,0.471773569798003,0.5378790683594944,0.6172292067790324,0.569550774835089,0.5344697684115698,0.6392630036194931,0.46750441618399086,0.5323421972661768,0.5309002014538156,0.4769440037371477,0.5055820175401609,0.5709900362947399,0.5363758614328644,0.5735808960821526,0.5948158589834748,0.5274173456327521,0.5097636157827861,0.5142387207174335,0.628889487768319,0.625504564696815,0.4868836397491286,0.6369476552046744,0.5672221206421378,0.5035440317599797,0.47213330341115817,0.5344708495211795,0.49353283523578245,0.5405560796979495,0.5892846098192175,0.49540405258253783,0.5558239847953023,0.5651792584585886,0.5146879063218293,0.5323077783586754,0.4843773646542331,0.5129504314133669,0.5111334438484559,0.5960521754849729,0.4995387565769175,0.49580688499185704,0.580956299639687,0.5123811746226853,0.5359489133008477,0.45113783696158,0.5312389527905887,0.6045350373745751,0.5484142176008032,0.48710327792197783,0.5168026164602262,0.519542158640105,0.5263776734901753,0.5652117217774856,0.5760576883073508,0.519549186817907,0.5909347503902926,0.6516272223543506,0.4880300468457071,0.5540799317337691,0.5612229901167463,0.4956495309631527,0.4982136715029434,0.5148439394385257,0.5881286073925703,0.6191415681196866,0.47857010063746974,0.5157523171895448,0.4706501794939958,0.5039819861604289,0.5771412038225905,0.4821126011845373,0.6240636446082207,0.4653150051165067,0.5767738390591844,0.6096493321406554,0.5365171987649738,0.49385072712681166,0.5907668514231806,0.5269424448673606,0.5074678760857481,0.6798510292137377,0.5113715350809721,0.5393024126183056,0.5365930350067171,0.641061145364945,0.5627207561419212,0.5832030678561132,0.6238923764611684,0.5097919871320006,0.54899672952573,0.6453486713034965,0.5021041080827349,0.5343903749442361,0.5473471367871267,0.5656597909311456,0.514802413806953,0.5641360982623003,0.5281979472227089,0.5764423783426175,0.49114447527824995,0.6179017027026266,0.598376817565808,0.5787347175359671,0.5886194032412018,0.5377987885694031,0.5132283555203413,0.49212878147264244,0.5013687146516839,0.47032338760741926,0.5344454584093138
0.4670943893565033,0.6250122796636938,0.6197421904756593,0.5041267883732664,0.5265297097551241,0.5880468110163077,0.5337185934369851,0.5564891581401618,0.47313873452205535,0.5894768109401752,0.5815415517404746,0.0,0.5210966025101541,0.4563589863153089,0.5632026380792428,0.6136103596177235,0.5465605136256743,0.4681110975157614,0.6180392407516311,0.5295846508504781,0.5705606783439374,0.6338653287511863,0.5041745712966608,0.552491850031988,0.6339799948690065,0.43639492910523914,0.5011068977695317,0.5212945066925672,0.4930491078915674,0.5277303610794349,0.6028356011416253,0.6018843877297424,0.5338117693633926,0.5522348876072223,0.49574696915787375,0.5570499418276703,0.5054540691478242,0.49130134179882484,0.6405329601140493,0.48337262806555836,0.5140584841332642,0.5228031502313042,0.5140377195795511,0.5334637988687408,0.5832092305909872,0.48004161159755665,0.4755993066400752,0.5276755231336142,0.538849371807028,0.49472139232564655,0.4996913217103018,0.45633735871887793,0.4273730341406686,0.5856810648871176,0.5817456526739591,0.46762009939165505,0.47567148954674826,0.6304463720498946,0.5066989380106042,0.500834745167727,0.510313269002449,0.42798749480021087,0.4579543672510596,0.4907450903245906,0.43291363180267545,0.43597996046235393,0.4685393780479472,0.4722836391063034,0.5020257188004582,0.5153277301494043,0.45938897724720784,0.441018645968652,0.4272375159314875,0.5407981592115072,0.5497269854321161,0.4334584482190028,0.5251851437106417,0.5423628543055745,0.44880818323922284,0.39879238964748365,0.46830724843496885,0.4625901430871638,0.5503098833061362,0.4714158496062551,0.4403074824990914,0.5216494991689937,0.46409497716462145,0.46021664440402216,0.49787384574168897,0.4725811197335567,0.46781185138215925,0.5184279072492828,0.5591328818133192,0.43352727558271215,0.43399789180445014,0.5941961725711568,0.4672247460005868,0.5472880442941521,0.4109822050162544,0.48156655002460436,0.4796664966635248,0.5030379263331829,0.4465427796784797,0.5946350660067111,0.45732269947972914,0.49504603287979565,0.5246771966025167,0.5656061256496173,0.49625993684546216,0.5661310314683778,0.5849720795624742,0.43701542453412384,0.4461633425422536,0.4945471802323337,0.4292385835600702,0.4664787816900501,0.4784794485112833,0.6104196824371495,0.5339728166652385,0.42945908221035983,0.4522997746865522,0.4267720578681559,0.43384243370237624,0.5203675240121195,0.4087740170352178,0.6151507523606988,0.4331101875126915,0.594159458179353,0.5900793987059451,0.46808139508881863,0.5199234229840048,0.5244681051031896,0.416344618584662,0.4432261947725261,0.5641666599360765,0.4383157415853112,0.5321770032958049,0.47527408204734173,0.5785655483239532,0.545829621823902,0.4817808055840359,0.5398696625798814,0.48938355656078736,0.5093767528516513,0.5302055071810484,0.47982564337647954,0.5539917222265136,0.531938176081047,0.6188062092864125,0.49701048687015753,0.47115582985843224,0.48829615474108445,0.5558880996031108,0.5737353534643694,0.6285083523176946,0.5062096935032736,0.47408297319212356,0.5654393006603785,0.43662151595074833,0.4325764715422779,0.4488335058544799,0.436117829046405,0.4422043901759065,0.4546389059131809
