0,1,2,3,4,5,6,7,8,9,10,11,12,13,14,15,16,17,18,19,20,21,22,23,24,25,26,27,28,29,30,31,32,33,34,35,36,37,38,39,40,41,42,43,44,45,46,47,48,49,50,51,52,53,54,55,56,57,58,59,60,61,62,63,64,65,66,67,68,69,70,71,72,73,74,75,76,77,78,79,80,81,82,83,84,85,86,87,88,89,90,91,92,93,94,95,96,97,98,99,100,101,102,103,104,105,106,107,108,109,110,111,112,113,114,115,116,117,118,119,120,121,122,123,124,125,126,127,128,129,130,131,132,133,134,135,136,137,138,139,140,141,142,143,144,145,146,147,148,149,150,151,152,153,154,155,156,157,158,159,160,161,162,163
0.0,0.5620270517025757,0.4863285118842639,0.5253413412881742,0.5799383347265982,0.5235876037139721,0.5766013339986266,0.5876258494354866,0.6557565042162778,0.47431771264938644,0.5951409344086843,0.531668430463208,0.5993929156811636,0.5386300018775503,0.5560464855357635,0.5674760805007836,0.5948174065611457,0.6991326675138817,0.5780236352577306,0.6792927555122813,0.6282948877042068,0.56026228637767,0.5855413761419882,0.5658188895417889,0.6043825457991981,0.5673419795025659,0.5114036860302462,0.5611776133271318,0.4403978891689724,0.5904182465244147,0.6185198678542261,0.574976558216456,0.5089579879836721,0.537790310031076,0.6482247975674142,0.5312398264105285,0.6873240362486935,0.6379775532370711,0.5408517517549616,0.560590933720251,0.5618534202155567,0.608359299402457,0.6433572470268069,0.6032981291465277,0.5975441503395643,0.6236404348456668,0.5971284240182293,0.5708874886020273,0.6676821406383897,0.6479562561192734,0.6742035066386579,0.6164131313803093,0.6117334053217474,0.5604102473867528,0.5304468360935917,0.5755557681704179,0.7232068512252023,0.5802162418673805,0.6183157436265476,0.5736691949598935,0.5592447941461923,0.4751799564800317,0.646659977863607,0.5165975813295954,0.6223606668928552,0.616101573378013,0.587911214692269,0.62340756289598,0.5858818274094454,0.6434754202091206,0.6950032555442773,0.6059985166426353,0.615504493640649,0.6202827783227487,0.5805960276426051,0.6425532280118549,0.5588232234231625,0.568847047492013,0.6064980758328585,0.5298593272679308,0.5589524510001387,0.6661036092904234,0.6140288465127347,0.549895717261503,0.6216130825515193,0.6480637358839522,0.6387507456902829,0.6637105125258866,0.5867855707949508,0.5688624790845337,0.6808596022801259,0.5862900751930963,0.5972483935925873,0.6576511082497286,0.6469337417818279,0.5327217158916059,0.5408968658565161,0.5516202548729009,0.5007704906868164,0.5658630419703988,0.5427273626456386,0.5548165027072293,0.5725094385431279,0.48150347710970615,0.6380452060624741,0.5840948802740511,0.5446817902034845,0.5672138111727015,0.5903649046265664,0.5869890110719425,0.6054884433411629,0.6484877763938053,0.6019753012259353,0.5612744696107732,0.6055170940314267,0.5848132321968317,0.6283501856066821,0.5191493382979226,0.509763975861128,0.5158965213891697,0.6163525814110402,0.5627517287602226,0.6240429064242642,0.6549338303450873,0.6184977833676032,0.5089110776600024,0.5064511113859067,0.519938865174098,0.49583615471442044,0.5921953332531044,0.5505819627273215,0.5580784706286519,0.5716139101391715,0.6120458841859112,0.5738222819033743,0.5744893726861656,0.6104114559602224,0.5767896315269985,0.5281850276717931,0.6424529167857284,0.5266024462366816,0.5321368041477443,0.6674588882577939,0.5755165250287174,0.62743480067308,0.6369045968446665,0.6229816520125505,0.5246919082574498,0.5472520255119706,0.3896256988237494,0.718167260522013,0.6038812161254917,0.6194677728897038,0.5025178871209163,0.5716668828573167,0.6570251084295734,0.5632607110180881,0.5613459980521234,0.5366283754585944,0.5783358868624048,0.5286125487472396,0.6874681934633364,0.5448057467596212,0.7313056873573548
0.5620270517025757,0.0,0.5957021311556584,0.5501055930165077,0.5168822438694795,0.6017044701635937,0.5677784853316581,0.6851772816700192,0.5348690674298723,0.6049871805025688,0.6247774353687565,0.6294600217325422,0.6339940332663088,0.5678673288759559,0.5469382500456232,0.6121904718799709,0.5868094011405037,0.5426570071556871,0.5508611090836942,0.5643143826654379,0.588531886045282,0.6166169283716852,0.5400376495087864,0.5596263201618773,0.6104834185979338,0.5286104981385604,0.5525089815212991,0.5361857488691552,0.6054370157687263,0.5283492983160388,0.6148617041188111,0.5960179281703868,0.5993896152780234,0.5230855538063724,0.5701495871224889,0.612352332041674,0.634131495142057,0.603758104554958,0.6004965956293128,0.569180640355851,0.6336966421352922,0.5413545733020639,0.5313724003640119,0.5800462761378824,0.664394394711736,0.5655276815031248,0.5670591045955584,0.591529831111125,0.5851136147881548,0.5656276172436261,0.5810873121587262,0.5495547762836163,0.5674181244220884,0.6834805374990326,0.6481583042488577,0.5722512884367047,0.5539012580276399,0.6047147873550501,0.5701962734516005,0.5882486636677335,0.6527943502872045,0.47399891239226954,0.5519045625245068,0.5288319234531556,0.4844919333875332,0.5111680050559758,0.5756138047775654,0.5513111089689733,0.5465707504051445,0.5936442483836455,0.5592506570939042,0.5505267524204377,0.5120249723019896,0.6041661073832372,0.6098085102062456,0.5453770548699695,0.5607371243514029,0.6385352928541236,0.5352146736050911,0.48937393280853486,0.5482042562816655,0.5298552972189808,0.6442040353750416,0.5943934908683505,0.5156368424501361,0.6479059015411548,0.5659365962657846,0.5399235285783155,0.5799826735537457,0.5878913855617809,0.55212002452815,0.5730345249559781,0.6373203122171983,0.5375829064558142,0.5485726339765364,0.6661800300955948,0.5515381314686375,0.5659587553559444,0.46807308320648017,0.5739795888816351,0.574598391574934,0.5473216020605641,0.49341975011694233,0.5343112033457439,0.5550752727458825,0.5549480329476545,0.5532996376371685,0.5730858942099843,0.6160097270943324,0.6312007621946938,0.5786956344488021,0.5209342284455316,0.5525352043898122,0.5476230987433434,0.5541422144983897,0.5676254976390789,0.559439894771594,0.5186633054055217,0.5550944671468483,0.5158020899412745,0.5253202655264064,0.5478819492530564,0.5245760425697874,0.6142631142214688,0.5033817729221002,0.6938935511771435,0.49078809710620835,0.6364175008845719,0.6186363442430257,0.5808458647243999,0.5670190428179307,0.5434300313781675,0.5327110244126327,0.5434028420038257,0.5760843496289441,0.4994838320761608,0.5865965748595722,0.5590406106254613,0.5636707358063776,0.5791217573539631,0.5698259163035588,0.5708659598558711,0.6051232656432242,0.5731596400457698,0.637102277811175,0.5163203734742774,0.5993962435714889,0.5930432530216876,0.6201190017067406,0.426219825455965,0.5388181552584664,0.6129080873379915,0.5703539254599834,0.597610387135219,0.5922913123909557,0.5838528229368959,0.5411385225518274,0.5992879907355942,0.535195514721993,0.5120394444079093,0.5568355957771662,0.5529347396894352,0.5012270465212397,0.5333618573416395
0.4863285118842639,0.5957021311556584,0.0,0.4915087989364526,0.4981598231337848,0.5493485765167553,0.49559439729882204,0.5969669095953732,0.4584269034667649,0.674436604536307,0.596936012493626,0.5577888299551269,0.5740811888194701,0.4617838969301274,0.47831856736793743,0.6100094658680839,0.5779275671803402,0.5114913507167572,0.5116544334926123,0.4950686142524316,0.5941416216821154,0.6222957565698104,0.4962419075100301,0.5170841314071033,0.5862886822995739,0.48704874202076176,0.4893951349749799,0.501872081508078,0.548326842170571,0.4932707988546385,0.47925781045050225,0.5411657065749309,0.48371070940668137,0.45232321882861476,0.4533200277734453,0.4940535502401568,0.5466835720780937,0.5164321127575806,0.5007743061594323,0.5140344929740615,0.5213334968520411,0.5461551970755221,0.5175276255044552,0.4946644638309702,0.5372749737055855,0.506482635384034,0.5157843056254754,0.5540977974550544,0.5218605896760177,0.49465426623624126,0.5197562131989357,0.49753722412178,0.4809735895278976,0.5797884984687895,0.5385878698981841,0.49525424470445356,0.49451596868912073,0.578493916339141,0.540511940341346,0.4741977962994807,0.5791004330791047,0.4120201252843,0.5290179680811354,0.4605870977861026,0.4468041161248222,0.4806549791859775,0.4995731127272893,0.5352337931640516,0.574803781381421,0.5756057745726546,0.4971584416687477,0.4493926193755446,0.47055666577617866,0.5834555150490723,0.5723221183916742,0.4542648077974132,0.5387118499156685,0.5632228435343872,0.4763769402244303,0.44429880139794903,0.5443673596711676,0.4707739121412936,0.5678091438642526,0.5176761589068012,0.4731127443658391,0.5372897194523675,0.5136111493751209,0.47336152878797666,0.49192241823432825,0.4745891855809207,0.504216505946352,0.4579608499120194,0.5315113486907255,0.4556025753467953,0.4914173555777002,0.5523072739306996,0.4779601510342983,0.5005274227802678,0.39415855147873496,0.4811851529906869,0.44431332460491674,0.5562906790292873,0.4546533996857849,0.5259658842289038,0.46899316029163896,0.5194140884852604,0.5423465943612068,0.5768256652738704,0.5338124024500952,0.6058432814079178,0.5242130468462424,0.4633148258105467,0.4962628367138811,0.5072658781680565,0.46159030113609906,0.5005755176821056,0.4949320006669817,0.5210386672272601,0.5822840432694778,0.4360051931005895,0.45653807645994854,0.4830248172475671,0.46568417287604,0.5271477488563627,0.42536000717694544,0.5769780794813274,0.43937498310893724,0.503104627352128,0.5522657881290957,0.50476515321071,0.5132237883824925,0.5647564417227581,0.45038978009515124,0.44235844179778855,0.5316650795079391,0.44596049778325286,0.5029779929799698,0.45835398760045365,0.5415771447443114,0.512726039844135,0.49174738564436454,0.49322143493351334,0.5026564263113134,0.5177825677442353,0.5459945570478637,0.46581958227849724,0.5115243541965546,0.5718843782777427,0.6241249938160147,0.3921520137597965,0.4571183379461031,0.520553358642959,0.5329396857360421,0.6072925227773758,0.5737420515736306,0.5237234202350063,0.49658470253639997,0.5700644721142815,0.4355376831250943,0.45663065142962933,0.5594514636685002,0.458633253978528,0.48008348129052364,0.4789501005945636
0.5253413412881742,0.5501055930165077,0.4915087989364526,0.0,0.4914097896679724,0.5180958647602322,0.6203420785617693,0.5604595193039782,0.46970184498663164,0.501097250246769,0.559580787142494,0.5200827333291221,0.5417855063863822,0.49071499186969625,0.5228070149974836,0.4985494372506744,0.5360703159202269,0.5367206004181171,0.5202216290196089,0.4647781096962416,0.5518433411499362,0.5127370293937754,0.5642521334673773,0.5280781941668674,0.5496934803711104,0.5626661715477003,0.523708291132925,0.5405359322633588,0.4693020458360212,0.4631495244482405,0.5004506242289511,0.490005557369292,0.6667387773601667,0.4995503697125659,0.5043890739677425,0.5011491623320118,0.5578172052136255,0.5130803600030428,0.4810108582477199,0.5907988212944238,0.5997288992638996,0.5153427872669543,0.4933226082307219,0.5524291399393942,0.5372413320425222,0.5291149027056976,0.48579037294516825,0.5020011162685329,0.5563909130573835,0.48681052915216116,0.5885311148321214,0.5835485593969976,0.5115767309511388,0.6239115748705875,0.5313208000467614,0.5022159582597846,0.5169527441319953,0.5505113941465419,0.5381436555055542,0.4974992338628186,0.563153146045277,0.4211282823844285,0.5543337079846972,0.43370116464852354,0.4641641440964304,0.49158825350523266,0.5583025310763067,0.5185362714387198,0.5016267343069197,0.5775007546712573,0.5174972418347745,0.479283080705082,0.515604336495127,0.595128093414249,0.5217333206005264,0.4971341469034782,0.5328359006001995,0.5707027908062484,0.521295326352447,0.4720856971100738,0.5207069769265984,0.5317607594518099,0.5335517576790816,0.5171066851862708,0.5165771012340339,0.5430301916678344,0.5252812952044309,0.5114186166664132,0.5264485014070628,0.496304008004121,0.5807490475888509,0.5331419119998233,0.5214196673423848,0.4975194991189868,0.5589591067634345,0.5435945688711993,0.45890163458122957,0.5340115951332813,0.4215941909223142,0.5691020862689516,0.47331614906676295,0.49679066485276174,0.5721468687477743,0.5224155809740878,0.5082062930948508,0.5008446575773787,0.5016260281425848,0.5393859164428275,0.5624983234335371,0.5224481074205303,0.5957521419425602,0.5066968036342208,0.5567559302482308,0.5054425619909029,0.5393944340256316,0.5589558386072253,0.5330624854113883,0.43627969916126447,0.5788378196544302,0.49826840521486004,0.46635840565143555,0.5864374517188984,0.48567678056041597,0.5882871029832217,0.45648715647012084,0.5418390095815586,0.4648909555879343,0.47675909791111526,0.5137594933327931,0.5090753830488929,0.4693077367586975,0.48181379978819366,0.48774157073766644,0.5122668237714221,0.47498922033361307,0.4369977679509468,0.46084618309047515,0.5274175537158312,0.5075385106632441,0.5145953092937794,0.6339164675636855,0.4519544819936947,0.5742693991619281,0.5061533890045946,0.530739848674283,0.5161239260772255,0.49796860821778155,0.5312439226848731,0.48506741529489394,0.36212710418577226,0.5336585117065686,0.5637254797498366,0.5000908147075824,0.48814602163762194,0.593946393835663,0.5272164403605643,0.5084820260214958,0.5953232343088366,0.6149056460659275,0.5250922415071582,0.5582100904567446,0.5209941023785641,0.4928633783693067,0.5411003107808764
0.5799383347265982,0.5168822438694795,0.4981598231337848,0.4914097896679724,0.0,0.46453910459700515,0.5781829670213399,0.49874787841221896,0.5400156929878501,0.453908116428126,0.5846988207048126,0.5234089419907759,0.496397097840865,0.4665005318377846,0.5933119358308989,0.5141324011897218,0.5110197570002314,0.5695515185032183,0.5154784753879291,0.5225176881065234,0.5763146203501335,0.6031712599591162,0.5189534301422187,0.5628724031899064,0.5246120357426998,0.5156498186366778,0.46736087243588825,0.45789114878761994,0.44786607035570647,0.5445572071429562,0.5501686558697936,0.48812647293722167,0.49864401871145486,0.44460742267611325,0.5446339938536529,0.5025772455065504,0.5673786617713779,0.542013784939897,0.5616373949394982,0.515468746872307,0.5512992395312905,0.5334116908766761,0.5955032397471064,0.5962426419538854,0.5033685108359639,0.5078948155043652,0.5454274771481821,0.5763647220142677,0.578808192189535,0.5722828356340959,0.5897991155385801,0.5233377086528376,0.5116854529248823,0.5504300460366418,0.5216157994655038,0.4754878436548505,0.5558716910783597,0.5521998934346857,0.5372840095175673,0.48747453387855233,0.4737945462925353,0.41980710737601523,0.5488706624743424,0.472334654871201,0.5411695993770115,0.4825728092601311,0.49043033592776697,0.5752682101852582,0.5327685085445629,0.5443819077915304,0.5880249123210641,0.5075821901603411,0.4822227779040871,0.5404003281949963,0.48764316730731666,0.47924374152792976,0.5090977350310993,0.5760494515166871,0.4928348006191904,0.4498589864673067,0.4844625822375609,0.5747695958990465,0.5797464555513638,0.4576585763948233,0.49769130743378637,0.5314202492388047,0.5029292439198686,0.5400893244023859,0.4612478717172951,0.48376146064383163,0.6301738072825622,0.5111539342870157,0.589840783576669,0.49399189924109765,0.5412177246164854,0.5262890818024072,0.46916909827531594,0.4674067766188253,0.44613405621398733,0.4582784235998923,0.4799198290015022,0.5002544461871289,0.5031973752568861,0.4771804964014424,0.5101422717006557,0.4926659315768321,0.4705312937922076,0.4815232553108025,0.5300799884863999,0.5299986006132962,0.5544765025986867,0.5490084287644771,0.4761538677827305,0.47722223064947406,0.4902190333229695,0.4928554094588924,0.479402552693009,0.528051386491751,0.47490736566592456,0.4414710663113914,0.5983888325120542,0.49090481779417494,0.4780957701220634,0.5707427872208977,0.5118086025174285,0.4976900079613867,0.43538966196167433,0.4944303250794951,0.454074476130217,0.5478290496669399,0.463822863069612,0.5000397624654956,0.4562250343218426,0.5211313247045616,0.541744656834429,0.5466076237827282,0.5239771526142185,0.5554656322424821,0.5006791945784181,0.5795776778248417,0.4910915477417396,0.47494007890927903,0.542249445439236,0.5324205608913264,0.5648686218424863,0.5296845184187016,0.6320258811254719,0.48302671706814976,0.5000905913921541,0.35952177944895847,0.5505067819388851,0.5260627348848979,0.5830372395548858,0.5048843013591352,0.5241983124627242,0.5480752103708675,0.4901740871183643,0.5087888834418959,0.4944826733291131,0.4773353878555572,0.46900932941610585,0.5147644911913202,0.47746957690866026,0.6307667488626192
0.5235876037139721,0.6017044701635937,0.5493485765167553,0.5180958647602322,0.46453910459700515,0.0,0.49229289696285844,0.6320387951760374,0.502695644110942,0.5594423137803747,0.5424276827544708,0.5911112900599895,0.5760245649031641,0.4918489325167424,0.44240843755779746,0.5958267922185455,0.5820394370303674,0.480490207469868,0.5531325825926274,0.4999060307199008,0.5802464238311646,0.498669258353713,0.4787661575781966,0.46117866191180384,0.5960397146427109,0.49655065148954947,0.4592267909066235,0.5214254555074723,0.5012369567707882,0.5311593016380285,0.5281448557774622,0.6284238789071382,0.5050625188934249,0.5231778405321348,0.4913453229936972,0.5298572571886043,0.569777356067164,0.5402673359142668,0.49152920836324315,0.47329558072242855,0.5211338816623563,0.5816006443611128,0.4946250335024342,0.5375423691683374,0.5403969848291205,0.5119479520082773,0.5519713065282587,0.5304721647406022,0.5051577868981921,0.49953237485489754,0.5515951174117368,0.5792257414575961,0.5190362109089406,0.5737941179632902,0.5412783851505768,0.6263437072245005,0.5197955693505414,0.6600180176285214,0.4925209033370915,0.5091968144290518,0.6139048408059672,0.48854260688415824,0.5825957110977424,0.46674943702848026,0.4516599393923107,0.5074947817508123,0.5111713205855416,0.5182150750291136,0.49277514536682226,0.5718115435423717,0.5185054472043611,0.4733469018073073,0.5375339719277691,0.5578410772632744,0.6256693513048891,0.5329259933987591,0.5276940017762123,0.5678271760904673,0.5048569955184843,0.5538583523213629,0.6275651781347824,0.5027126932744791,0.5757223558287216,0.5819954092604066,0.5408185887191093,0.5634558015379373,0.6148944756187292,0.5003288069010049,0.5776341756176293,0.5275510743282349,0.5325614095237936,0.5582662836400486,0.5315958687310642,0.514367334693277,0.5203519254429769,0.5878635666568125,0.5303788366864719,0.62046773612761,0.45670294760386154,0.5478425864361337,0.4841167144732764,0.5368096385966477,0.5064525911092383,0.5123707294094958,0.5397884039354894,0.5366936656569671,0.5620932509394041,0.5785805506122287,0.5121285137673492,0.5717732952709459,0.5743575659934347,0.49743110024493914,0.611712961649355,0.553331413425332,0.5136476622151861,0.5386698712985114,0.6074567160586004,0.4558666430285731,0.614474192858856,0.5328886060123714,0.45674454663562497,0.5706890651975581,0.5465465009595527,0.5721485904824536,0.4763778438163678,0.5719000955578,0.5164126589781538,0.5242394388110189,0.5924239771358768,0.4680069910247501,0.6023949801803201,0.5958270485804955,0.5057525264709143,0.5207604427518874,0.4867292450201854,0.44026627127743606,0.5144420307488475,0.44787449342528807,0.4472025297835942,0.5179258812984014,0.5080002684997399,0.5682471902109747,0.5581604484958791,0.5472952900051197,0.5635936007659422,0.5054149646396037,0.5288504635121932,0.5598493317263467,0.5732293609075039,0.4422293873755107,0.5049995461131214,0.5887620733243142,0.4855387632181678,0.4855165177231668,0.6010976725256654,0.5152601739069522,0.46846583153886,0.6248259131174545,0.45528558135747976,0.5395642326419169,0.5316134373692676,0.5605480879839929,0.5127328823904175,0.49222661447721455
0.5766013339986266,0.5677784853316581,0.49559439729882204,0.6203420785617693,0.5781829670213399,0.49229289696285844,0.0,0.5439369732646298,0.5058451724229287,0.5086109010978276,0.593141560144326,0.5566280482413875,0.5486939385689117,0.48757769305382986,0.638421626525749,0.5114720833036025,0.5208552656121083,0.5776391966009048,0.5400097757790013,0.5002688033157555,0.5692174950415565,0.5702533596103624,0.6141509572658934,0.614969578113996,0.5803950976801822,0.5504581129020526,0.5237992973078351,0.5095329470840504,0.4747368192536638,0.5099850167449069,0.5686685191864098,0.515360004400719,0.5991937544189223,0.5014213892734771,0.537485199333121,0.5039008191596774,0.6318250734775025,0.5143218143064223,0.5496288258056437,0.6063123211740086,0.5746643713424197,0.5270905654122463,0.5564015523203031,0.5993344374639832,0.560137718054376,0.5555842815806992,0.5258377099380914,0.5588774014230941,0.6689681469516016,0.5247566882113563,0.6411246519577561,0.536946573515436,0.5179889417110419,0.624005421542052,0.5691480767875243,0.5036032047161203,0.5493108777353425,0.5409356977648317,0.5918987760725956,0.512844317212549,0.5369375390271894,0.41902128979284337,0.5317804110579838,0.44691714098732627,0.5120511942049583,0.502657715372155,0.5733135140247352,0.591656676931271,0.5131532579110003,0.5765269189793237,0.5672258150912993,0.508075256666117,0.4932421980819001,0.6083397395226063,0.4925628674703168,0.5330762166985378,0.5753209653616959,0.624892126414078,0.5097222810280515,0.4693484530856406,0.4966956107937209,0.5696860029907044,0.6014580497143472,0.47497571897695806,0.5032205660666076,0.53699165942944,0.5275694037259943,0.5672818449657436,0.5214234307661257,0.5207408040504952,0.5970525450355216,0.5550937701937462,0.5797024190661102,0.5228538104897755,0.5563042334765625,0.5760860813267898,0.46342808596124013,0.5020665903437398,0.42795965388896323,0.5401953800390711,0.504360435444054,0.5328367421819322,0.5532835363143292,0.514190999534956,0.5049445539987424,0.5058682056045559,0.49568618476744997,0.5116921263832815,0.5951431529837335,0.5756995313707821,0.6439084093259683,0.5208947227181834,0.5249425836214348,0.4889529226442679,0.5165876605133259,0.5271238166637543,0.5175214378436559,0.5121184825864835,0.5120083066961302,0.4585543055011338,0.5159049434977708,0.5279630961351708,0.47871332104021724,0.6562724765268784,0.4814427181961319,0.5629260860759835,0.44805593052589177,0.5172129234581073,0.4826013650787838,0.5537329518313868,0.4645810181486021,0.47606173534256735,0.4861998509964842,0.5061037677295692,0.5247362594772876,0.4891824023885233,0.5127272311630617,0.5814239927609787,0.5308889687709363,0.5776338881365637,0.5829508749370618,0.46379008484843315,0.5990863697065937,0.5106850050106791,0.5684798297854464,0.5540643472814447,0.5533741400680672,0.5369836514038034,0.5044453206839845,0.34841407248192535,0.5753142116796333,0.5633104385047052,0.5417604434290463,0.5395155131235253,0.5756981858545142,0.5887804482418965,0.5591258430733773,0.5829937273920398,0.5992433046798812,0.530132533706774,0.5252613922464737,0.5261833346627027,0.48892400715190865,0.5874678342360271
0.5876258494354866,0.6851772816700192,0.5969669095953732,0.5604595193039782,0.49874787841221896,0.6320387951760374,0.5439369732646298,0.0,0.5597789586022938,0.6118845115833921,0.5949777640314128,0.6090934931025981,0.680024624197575,0.5445976481312387,0.5039710529434764,0.6650952398151057,0.6679725227727326,0.5820876866449406,0.5806347181757467,0.5865091626288839,0.6548677997763507,0.5666623113445828,0.5814688452026732,0.5353755556302376,0.6722294842955211,0.5632634850722569,0.5630207123013895,0.6006658804578641,0.5115682713524001,0.5696616044900219,0.5795396769845784,0.6402111503789017,0.5418330763347966,0.5679423226957208,0.535682746843916,0.5693580003786601,0.6510267234823278,0.637211224077452,0.5408596932222176,0.5706805335859327,0.5945264718854657,0.621007885775088,0.5632275638510543,0.5445025010927163,0.6798337767563533,0.6355442981048651,0.5972426307922796,0.5470254976529927,0.5961788426035729,0.5709244897298519,0.612785205404697,0.5999677954626796,0.5788444487160532,0.6149182826507072,0.5719563001402557,0.6451596121345267,0.6030160708484045,0.6662444025172333,0.5902553576341257,0.5904206894250942,0.6963479079512436,0.4915496598890179,0.611638512608056,0.5178443039396918,0.5027229848273401,0.5780152474268065,0.6070214849881914,0.575607316044544,0.5901282771378459,0.69103227020717,0.5812355965748189,0.5416757701114252,0.569554118786334,0.6705741084562645,0.705657220501705,0.5804481931557398,0.5992186627802196,0.6251452060757995,0.605006693921613,0.5289128017412903,0.6254692313850847,0.5596581427056792,0.652214887119031,0.6489895091249626,0.596468575207787,0.7146908799363131,0.651795922544842,0.5702900602430977,0.6780777006787113,0.6109451168104519,0.5872604277560564,0.5763171483365741,0.5839638930609256,0.5655298208296968,0.5924261452902,0.5951029717683778,0.5660811301354962,0.6398937509721776,0.46803781138333495,0.6277229871271924,0.5271906802713394,0.6204650454231975,0.5436768555889903,0.5402042335532208,0.5914946029783134,0.6424712385002795,0.6461093393411895,0.6950114936836947,0.6290093886045639,0.6367843139195275,0.5926882089079837,0.5625000389975854,0.6130319943779912,0.6437122084526891,0.580041648876274,0.621642073676249,0.6521180194696439,0.5044975165886663,0.5860036509916422,0.5478433853589934,0.5133159586720808,0.6264386456848908,0.575686231929646,0.6393793279207797,0.5011217885299692,0.6025915056674683,0.5348843078432471,0.5854675785713107,0.612734895626843,0.5652443855597631,0.6560576164520758,0.6281334215746879,0.5676588408395319,0.5458711132860838,0.5519128310370539,0.47944027348238305,0.5860032302777773,0.5173286596872909,0.5575451552827031,0.6181855579328076,0.5398755496720999,0.5704063709259383,0.6482589644260984,0.5966263186282502,0.6409492610539117,0.5583621994386884,0.580528100614498,0.6501354039959005,0.653444640289104,0.4349132207752169,0.561778702140625,0.6264411216710978,0.5760338980827125,0.5918509433787824,0.6736024275215613,0.6202008377197884,0.5399765629406502,0.6767383771842745,0.49381743496543046,0.5563361477530251,0.6200505598247879,0.5851887989833587,0.5858664032943357,0.548716838836766
0.6557565042162778,0.5348690674298723,0.4584269034667649,0.46970184498663164,0.5400156929878501,0.502695644110942,0.5058451724229287,0.5597789586022938,0.0,0.44939490447839747,0.5155969707629029,0.4986041676851241,0.5197021941817226,0.5153549500204824,0.5075739285694097,0.5097670771069094,0.5155950524792674,0.5778699100509711,0.51574025958051,0.5870246254346545,0.5494533007491069,0.5320021156929543,0.49546189194387097,0.48235818001724917,0.5351385289772495,0.485807487623442,0.47828198790193654,0.4801690781205068,0.4156646561167609,0.5904884636289387,0.6037402907693233,0.5254479126413175,0.4673075170659019,0.46746838147584524,0.5804833570706277,0.5073413447658851,0.5747636075836793,0.600062304675618,0.5200474286206278,0.47923247177861433,0.5077582159288413,0.6063411046642239,0.5426064020919469,0.5279205618662038,0.5252708674074474,0.53174538654872,0.5515403738928627,0.49590946578674205,0.5407164867789647,0.5866947435903755,0.5668324559635529,0.5267871715659667,0.5779890914472687,0.5025362495608491,0.47978770239568735,0.5939118586291984,0.5952282753135553,0.5482782977922553,0.5335177221372787,0.527133743403117,0.5097903583556798,0.4797900305008954,0.5511999895668888,0.5030788690658548,0.5770651354517272,0.5333525147663694,0.5320236382823156,0.5670045987088178,0.5265021976892509,0.5872633329765081,0.6309732683693552,0.5562687133119608,0.5623297833678891,0.5303351497955351,0.547775104854516,0.5564835044079836,0.4972261417072625,0.517492954384275,0.521256265917543,0.48834099643517453,0.520815787934586,0.6593041832946243,0.5949307771142159,0.5039662637443487,0.563926220405513,0.5991281703837832,0.5974667349122799,0.5947707181415194,0.5314988663391517,0.5919227007945022,0.5986817585243497,0.5908272730738395,0.5376002790744615,0.5544574946325274,0.6048656353172669,0.513841631347566,0.5489723954641554,0.5163656713159884,0.5182292741089416,0.5025613921041149,0.5163430829254063,0.5110117113723608,0.5142184049847675,0.4520911240746037,0.597832507802895,0.5169636163784014,0.493860253340719,0.5076911686238477,0.511879174599733,0.5152093319299479,0.5158059309032801,0.5964955275064788,0.5426668478282516,0.5654509669584996,0.5183384761129223,0.5224030773263068,0.5453833778703094,0.47586823473119055,0.4502718190795273,0.5222074030837658,0.57160609756429,0.5492481062016518,0.5422790953967176,0.5640481684406022,0.62911610675899,0.4644658271158614,0.5024923169894766,0.5006491634900313,0.45273252156816235,0.5353112154430695,0.5909907404701364,0.5446310208902285,0.5355162772367321,0.6358740606162671,0.5268572047275828,0.5423341574810902,0.5383786851280608,0.5055671977924016,0.46284985355188885,0.6051841690217407,0.47575042719581734,0.5286087906557587,0.6306230460365305,0.5919817957466983,0.5677197417356751,0.5522656032979585,0.6597593752736126,0.49272847573275397,0.5079512507674206,0.3944525823087351,0.6038601726597891,0.5615158549434982,0.5635334208896231,0.47698053179463856,0.5172992133764512,0.5983014214544681,0.4851508501778162,0.5082112588574194,0.4758455148046352,0.5097142365323314,0.47846762482861477,0.6305124393537055,0.5562359198754524,0.6193325424647469
0.47431771264938644,0.6049871805025688,0.674436604536307,0.501097250246769,0.453908116428126,0.5594423137803747,0.5086109010978276,0.6118845115833921,0.44939490447839747,0.0,0.5688493168614084,0.5821641152157337,0.5650482784514654,0.4562844464128272,0.4685327515660528,0.5781551648133204,0.5465104709051632,0.49249027068244927,0.5271786860728525,0.47853137632928533,0.550587483556635,0.5561215549874134,0.5119252907553883,0.4917379400024204,0.6280912535055707,0.46321071381989115,0.49816227136685176,0.5148136808166353,0.5749264205449127,0.48901694220884756,0.4917535244894252,0.5603833777804792,0.48803830028980394,0.47187366337127695,0.44826439094700493,0.4865267142070458,0.5472099208551204,0.49539266582040126,0.4943337259232165,0.4978140581974434,0.5008063263075629,0.5237640855652831,0.49685986583495434,0.484483706388748,0.5398709963808697,0.498677451612164,0.48974038159486555,0.5289439626756927,0.5310372100295951,0.46701161231444877,0.5079677715474477,0.4723697400705818,0.46890179295314516,0.5692229020748232,0.5579932591784843,0.49894304480497614,0.4775541767009437,0.5625097464713925,0.5353784121428897,0.4693635378463998,0.5928707678231226,0.407208701422488,0.4961959373608659,0.44559694213132744,0.43007418255549706,0.46955878586644945,0.49917234335853067,0.5095854036099046,0.5375814300564209,0.5772150331380796,0.4705707694206297,0.44457800382583856,0.45887547420964614,0.5617495610175607,0.5545506047524715,0.4743221381215957,0.5352259970353549,0.5490921819721697,0.4670861188107222,0.4442847209288283,0.530000723833734,0.4559048988867795,0.5546193677982508,0.5108391926399659,0.4639168249269749,0.514896954193267,0.5221729794018546,0.4767006588898245,0.5191929417118925,0.473182567659413,0.4791678594173971,0.4703951611768853,0.5230646057624453,0.4544140660747151,0.47521225592561195,0.5790432272732852,0.4655239298194039,0.5130925077151428,0.388656480811761,0.4926895156688041,0.45166241253833694,0.5664883767595357,0.46139074178425005,0.5601783007790361,0.46091743043787553,0.4953335465802562,0.5329316914300144,0.5793922382494344,0.520970688728652,0.5901154468725427,0.5318301306883971,0.44650574184703745,0.496741644663384,0.5119943335696995,0.4534979786409396,0.48150668622278464,0.5120944504337971,0.5275111162287531,0.5683423554479196,0.43746009355967874,0.426702198488944,0.488127717700638,0.45320930099329587,0.5265174639811233,0.41735557190004885,0.6205617686004433,0.431346987686937,0.4965579944034608,0.5627247222125883,0.4832707652624948,0.5162554875481871,0.5185339346246799,0.4553791168735469,0.43126297787684764,0.5083032375270459,0.42442586667234705,0.49558519062102896,0.4454047833790349,0.5238517438215243,0.5130956740487438,0.5136123935440671,0.48720530342689433,0.500867245142608,0.5010276445531299,0.5338440390276807,0.4625676520837578,0.4788779058703979,0.5847044289454701,0.6391780135994005,0.38686873020667745,0.4580668966006117,0.5437490011375739,0.49860966160740894,0.5704731630723384,0.5870784511347888,0.5180643474360676,0.495187352121591,0.5724664145996587,0.44350893418484016,0.46629583057779234,0.5639508837123883,0.46370160437001545,0.4800702043538019,0.45481514832040515
0.5951409344086843,0.6247774353687565,0.596936012493626,0.559580787142494,0.5846988207048126,0.5424276827544708,0.593141560144326,0.5949777640314128,0.5155969707629029,0.5688493168614084,0.0,0.6035652863851623,0.6153195909860123,0.5135412069789597,0.5526219173016496,0.6348568609212822,0.6237785952520944,0.5993861061501841,0.5945846236717325,0.5733695986454982,0.634613443934694,0.6656207613953579,0.5926770171708002,0.6002899337375922,0.644566714512666,0.535806559735195,0.5478101368726164,0.5832218717042639,0.5542754031106837,0.554384245546589,0.5552757060317551,0.5746768768549346,0.5361513878105411,0.5076437105098488,0.5562231885664084,0.5368016930974446,0.6565364099858583,0.5887885713942468,0.5830122995926754,0.5816372553634058,0.5773853611413385,0.568287899699152,0.5817134438036243,0.5952596211969388,0.5818955183106737,0.5437826491359106,0.516690801776928,0.6591709529266442,0.6678586890575956,0.5593897891305609,0.6075506627209493,0.5422099148816607,0.531521678924292,0.6536192696696669,0.6321455510517807,0.5034042457131458,0.585777300056593,0.6253220767867826,0.6028981195869505,0.5287308697975862,0.6065717161077357,0.4263168467394466,0.577581591722625,0.4961530719067178,0.5004241334025299,0.5148889035385351,0.5516193848949018,0.5616884498328334,0.6028346616659308,0.6455243584096678,0.5534896837071628,0.5227348900898977,0.5268915844365925,0.6373152430911215,0.5920862238037792,0.5206744402147842,0.595759210255422,0.6233475805401083,0.5209514649217745,0.4879090533476176,0.5352607344757493,0.5310172448799365,0.602921824306755,0.542374351104495,0.5247724767859333,0.5810149397078673,0.5751389457536045,0.5443288874610545,0.5280260136665413,0.5038990318726022,0.5982910541923911,0.5071935202998936,0.6441570606583491,0.5355557975426992,0.5579717038009272,0.5807306461447781,0.49358691071422006,0.5126350063599165,0.43614015233154746,0.5162195986245963,0.5202818586224752,0.570687781223967,0.5044938243596164,0.5228020556413966,0.5285699794840965,0.5275935511935029,0.5351502409520983,0.5890715035595696,0.5693789283621203,0.6384334513358557,0.6311245993857983,0.5332303323137446,0.540169521736042,0.546977982127125,0.5241943150163142,0.5481373957440596,0.5456074471879084,0.5876945261806313,0.5771620449757259,0.4711399268505998,0.5391383391426618,0.5169929411613982,0.5228858139496796,0.6109517504162564,0.5009875839598653,0.6096446418116532,0.4535529111973757,0.5284313708481685,0.5509590534930129,0.556239283436337,0.511463312569859,0.5474599691583776,0.5235853774765842,0.5195264403623128,0.5994938693201596,0.5027799700294493,0.5591358882179668,0.5434797158862735,0.5907232947753042,0.588655870256851,0.5519129241756493,0.524278696967805,0.5684699957671462,0.5541809090168389,0.6288762892901035,0.5186831788753512,0.5578612654358954,0.5481014864334265,0.5995085936493636,0.39298676229134283,0.5655485395152624,0.5937746100467308,0.6498849805817968,0.537839120563466,0.5968456007761415,0.5890993212895141,0.6027315837474071,0.5785840082297394,0.536429652064773,0.5308215873512201,0.5325342887048059,0.544504194726649,0.49273219544737584,0.6088702378815056
0.531668430463208,0.6294600217325422,0.5577888299551269,0.5200827333291221,0.5234089419907759,0.5911112900599895,0.5566280482413875,0.6090934931025981,0.4986041676851241,0.5821641152157337,0.6035652863851623,0.0,0.5326343328489189,0.45832175927559465,0.5131957858804247,0.5810176521012679,0.5508518308092716,0.49716119218987603,0.6551729720128711,0.5306412894031598,0.6028434451103131,0.5495693086581884,0.5468533775153185,0.5367639291984615,0.6695452805500187,0.4897353807070036,0.47526618107212587,0.516265218482878,0.5425952163769553,0.5550425874076987,0.6086416109079734,0.5817968589650984,0.5241329787042099,0.5486667401789166,0.5251615710031595,0.5503836726020398,0.5865308987311278,0.5316819879596725,0.5936172352400026,0.49149069474549834,0.5612608407952137,0.5407644691171577,0.551002486590194,0.5954198385451163,0.5734069365671921,0.5143291163030413,0.5376749364249739,0.6019183601551025,0.5787205759848086,0.5179438153511478,0.5610424323041547,0.5318464239805485,0.48818581002699957,0.6263795748160029,0.6214007485886202,0.5234664235915382,0.5295899453894237,0.6637687885701896,0.5137054744683188,0.5037682156355814,0.5499691159842504,0.42770851957887507,0.5364575033101249,0.47565796770735175,0.46323802960734334,0.4790714625997771,0.48938033806825926,0.5062505031003405,0.49840736495411714,0.5703915620055544,0.5081114509655139,0.47981226178964204,0.47635198187387595,0.5484130612845912,0.5442075742465505,0.5091308398076139,0.5224095938826929,0.5865049560641157,0.5086007937051797,0.46897608007281255,0.5198609007666479,0.5085094639504013,0.5843281589947494,0.5068555081314289,0.50263491339037,0.5567698441228921,0.5567649944948583,0.5042285404303167,0.5288442100282151,0.5059086348930278,0.5343140126421024,0.5553167365762398,0.592959512606327,0.4991511050059121,0.49033840657608285,0.6513912367964025,0.49392420625421535,0.582306494483131,0.4327724391389341,0.5009404671913265,0.49252117822842634,0.5539118132061334,0.5120010799711183,0.6050742536274336,0.5086772766682247,0.5111718833419668,0.5253082678764739,0.5719990395040744,0.5257033395784874,0.6202473317888351,0.6489015457155282,0.5011774595473093,0.5028817295330182,0.5040726054734294,0.4910337000851606,0.5015514166537186,0.5567665789898897,0.5549088264353226,0.5660340270475154,0.4587947573362138,0.4779914657200453,0.5119158742102891,0.5064879714333328,0.5807367333960852,0.46614915125651335,0.6559068969735634,0.4440841295712573,0.5460365103694633,0.5885152128900678,0.48675854621151193,0.5214632211407204,0.5152525785216839,0.4653231437031272,0.4968568397125803,0.5556382602478468,0.4581567204296926,0.5749375641693627,0.49204887131338215,0.5095554395088915,0.578938639729347,0.5188710203043223,0.5158322598942472,0.5398343018250434,0.5310605612551473,0.5890608014271843,0.5270549478519821,0.5663065594116526,0.5257855015913935,0.6473599878638678,0.4025820169105845,0.5421424409673742,0.5782364219741796,0.5415814085927547,0.5161843281251035,0.651953690406835,0.5343173845826743,0.48921190897399736,0.5837220892594579,0.47348197612972215,0.48938845069790615,0.4898023988436778,0.5279648051673558,0.4802253785314681,0.5145232682490749
