0,1,2,3,4,5,6,7,8,9,10,11,12,13,14,15,16,17,18,19,20,21,22,23,24,25,26,27,28,29,30,31,32,33,34,35,36,37,38,39,40,41,42,43,44,45,46,47,48,49,50,51,52,53,54,55,56,57,58,59,60,61,62,63,64,65,66,67,68,69,70,71,72,73,74,75,76,77,78,79,80,81,82,83,84,85,86,87,88,89,90,91,92,93,94,95,96,97,98,99,100,101,102,103,104,105,106,107,108,109,110,111,112,113,114,115,116,117,118,119,120,121,122,123,124,125,126,127,128,129,130,131,132,133,134,135,136,137,138,139,140,141,142,143,144,145,146,147,148,149,150,151,152,153,154,155,156,157,158,159,160,161,162,163
0.0,0.2908568437444348,0.27073640063024285,0.24871903023757977,0.2695013596893613,0.2811869779371087,0.24068054513534887,0.3042935127305064,0.29862122977286565,0.2997956320404427,0.3187746333557073,0.2554389125506055,0.4592568597430976,0.2538373086714815,0.3164020840145167,0.33283809289150895,0.34010415146974987,0.4308352746507192,0.25930107877058367,0.3655315318782184,0.30565744051150107,0.2729039276997155,0.24739024625805753,0.29503810817069676,0.36785240545479014,0.25056023915673925,0.2542804246147284,0.288322779947432,0.24376279483464366,0.254425685554242,0.3195013706816949,0.34238782731119627,0.2448361825380204,0.23958784440186656,0.37333628715471223,0.254008993989922,0.37005157315488185,0.2955800372175772,0.23300490961017586,0.396622234927701,0.25384729245263143,0.2916601744656662,0.30682112304173736,0.30172514861487787,0.31952086217114445,0.37865556042436505,0.2505504456851436,0.3074527034808441,0.32370016777393357,0.31545891216856115,0.3409999516589583,0.28200219661905507,0.23251484796731098,0.24757635796820207,0.2637592351871484,0.27542295706783887,0.38919923254942035,0.296194535792538,0.30832299727888796,0.318359629829717,0.2821258149749839,0.2167875648118323,0.2967106040788141,0.2113390707814658,0.2650858104261895,0.31575579295324774,0.30921095774364793,0.2775370792956387,0.2579644499919614,0.3219424345610624,0.3465508403223708,0.2824655819866945,0.3073088174650677,0.34940302510495047,0.3203778107261806,0.2914714952113685,0.23910922839657486,0.2633439135009422,0.2801903307353493,0.246345233601191,0.28398427354428457,0.2828420938156734,0.2969271274709865,0.2888384310093527,0.3252397234823448,0.34141179598569765,0.3059979105015404,0.3077893351644342,0.3536634304803573,0.25660282702030923,0.32840163578551856,0.263605057977307,0.3199324048938472,0.3008442564819272,0.2888003277467997,0.23451403350429517,0.190660674239556,0.25189243703534747,0.20798772953583683,0.3930073105898529,0.25444480545361825,0.25686043652621215,0.24434866620592954,0.21782978334124076,0.3383701740179981,0.31394420057774003,0.2887282897657077,0.30489427752556236,0.3461505810754339,0.31364758624984657,0.2674377671031291,0.30380553123237986,0.31946654640603883,0.2531799260592141,0.32289269906498075,0.3600642959880356,0.34907546540262446,0.268624822723873,0.2409673598569502,0.22487184484599135,0.2852538553875069,0.2145063073467002,0.2839990493929646,0.3801148497159662,0.25959082413144946,0.28410333420905304,0.22375862519256254,0.24620582316121872,0.2520895510621726,0.2862326265047045,0.2555964257701536,0.259089214056673,0.24606790505092244,0.2522001217404445,0.26653001879162513,0.2584345603316851,0.2921534883439757,0.3343512024264451,0.2899520861755416,0.3198015148854255,0.22694703390425508,0.2561820528308024,0.31505568077945234,0.23253092500910283,0.29304812604151304,0.27208064805360915,0.2561051624646655,0.26469431153326184,0.3199553694566282,0.17757523260437108,0.3836506138117393,0.26773264432698435,0.27256034656592926,0.2331179814932342,0.3035014351652483,0.3311606078959571,0.26917650510246344,0.32353910925652907,0.2709681101714593,0.28038887879330887,0.23957790996219008,0.33843293393385315,0.21157352176196945,0.3931662186723594
0.2908568437444348,0.0,0.2932820800214649,0.26729251220786027,0.2557674830907879,0.4102244705218216,0.24411414363694528,0.33917862575396523,0.281439847213299,0.3630708464030328,0.26485249505958247,0.283505180837375,0.2839853483939876,0.27546127641217166,0.32059698364355693,0.25864641090955454,0.28807569901080454,0.25119842078271604,0.2550313715080997,0.2819485003910897,0.29573089196012103,0.3495504746095625,0.21022872123062702,0.27905108449676214,0.29493475916714745,0.21065359900088856,0.21563210338257233,0.24618254853266341,0.31344703213879777,0.2130355592566153,0.3431390154181459,0.287058312104479,0.31576703163428826,0.2168408187714564,0.3122033751344584,0.2789488665162323,0.25483859052168883,0.2560591909579831,0.2826771009824385,0.29595660871141044,0.3036598017302662,0.3228882959946511,0.2173614155350464,0.27696411448554836,0.30396316776015014,0.2449295482473151,0.2376801989322726,0.25258664023815414,0.24171780824814257,0.2795928145465597,0.29887462570825113,0.26713326657867614,0.28103008717456257,0.33130520845193034,0.2777373859028069,0.3237653366732761,0.27722560897342935,0.2740431396744885,0.2864615134488121,0.2804843101897083,0.32469126011339533,0.2035155420769735,0.24959295030986536,0.20093161964771755,0.26023091721481817,0.24841367015688115,0.28017390536888276,0.2431724517853415,0.20729893790085374,0.28802825992158415,0.28703340121405524,0.2624146983175099,0.25428453868185363,0.3073006407211772,0.3354360659840793,0.2285273321742043,0.2256287187270112,0.2848257998453633,0.22132313666811815,0.2325161797309559,0.27032313405464803,0.29674179923999894,0.3335552194755913,0.24002979622911225,0.26786029035514053,0.3257394601747408,0.2547146937128441,0.23595229503270126,0.2506002322046892,0.28455582303945937,0.2507059063171103,0.3031230019635817,0.29636798889061483,0.2554769967144798,0.2911826177600923,0.29480996069195975,0.23012116967208945,0.265207418406868,0.21165530227812246,0.3187203332711923,0.24824467325251334,0.21536173262089667,0.1941686859178147,0.22150633182325571,0.2704504344723061,0.24571275932704434,0.2582953544249114,0.30505493046326676,0.2826141145141749,0.3293306161505883,0.2503181423945888,0.23429187954699168,0.30803176815573174,0.2435668329817918,0.2659046226202666,0.3736878265034368,0.2811370461455423,0.20357078507875193,0.2607697688125664,0.23365467036370144,0.26216696364798436,0.22545834281419325,0.25759490842927135,0.32908421569386564,0.26514240901429326,0.30967732424553734,0.2613506819964668,0.2657919544202227,0.2967529427388628,0.24361829352314318,0.29299256190916145,0.27815412683060387,0.21457710238695096,0.3180191726737528,0.2703536017352265,0.24409093062420792,0.23911019062816202,0.29689065759798666,0.24974065621571173,0.2537217671812369,0.23567509438021234,0.2820046687487445,0.36743151061379603,0.25917536753585635,0.2762717529775015,0.2272287252165043,0.3225448010233346,0.2659277107124097,0.3075688908434453,0.18356472449990366,0.2632393024416758,0.28462924617973906,0.22976386309248722,0.2616986554965598,0.27523222849402984,0.29109237920616865,0.23902803889730667,0.32193964447015266,0.253145081985373,0.23407272867522197,0.23934248278007197,0.3209390249766305,0.21768771507415444,0.2878696075998595
0.27073640063024285,0.2932820800214649,0.0,0.23418321874549,0.26621403156447465,0.29110889397951994,0.20573217660736026,0.30475781618160347,0.26224536912617263,0.303014694273721,0.2761200933335343,0.2505146655874888,0.28096974616351383,0.22527207804496807,0.26874867188127316,0.29118353758420085,0.29462698292800943,0.26330182669295843,0.2210294603321527,0.23910776492534788,0.33549932558779105,0.3999905802520818,0.18958983945486943,0.2564628320338061,0.25731022385716634,0.2414101402494526,0.2093333580254105,0.22460998381668026,0.22184474818127048,0.22054316546351063,0.24706973492976564,0.2667214153690268,0.23476706220295343,0.1867385267987773,0.23401157903660325,0.267782540514455,0.2574261433732778,0.2691034563641188,0.24070902614665413,0.28247897661920957,0.2678499502152567,0.31210462796836785,0.24220692366881919,0.24910008567672534,0.2742195414942685,0.2412549542888462,0.24371526218244433,0.26113994595089535,0.2316016804371372,0.2744934681517201,0.2816471277523395,0.2723332812769431,0.19874257312066199,0.2692581825268086,0.2392228711291837,0.24480760598153065,0.25257689671327177,0.28097110871818426,0.2567973331458973,0.23777490030464105,0.25146849980777797,0.20217950543434426,0.2916830939725399,0.2120198314793006,0.2382402024054148,0.24442428018566506,0.2433945200618557,0.27615065880771156,0.2597563285986645,0.28514995200012183,0.31744035224545486,0.21045650458655712,0.2683516790629889,0.362090439987501,0.3196052357876354,0.18407879980859457,0.23317445813286747,0.2353176332656731,0.21714703349358622,0.18398403038327604,0.27228232006170544,0.2993291455331027,0.26589515843419664,0.2446011794447273,0.25248773212485454,0.33660675284941044,0.23217014281413356,0.21289294296153985,0.22321319842357637,0.22530381248373357,0.2702056050834974,0.21826648514137323,0.24816463483933343,0.20108653904425153,0.2707171509527645,0.23682265888607026,0.2149201346494081,0.245158956282433,0.19808649824246657,0.2587055277129078,0.187137731663204,0.23585848690782804,0.20050089150644668,0.23915545829235038,0.26699508904267466,0.27070529831328954,0.25501089180426645,0.24684326398247539,0.25205448141671577,0.2949055076610902,0.23420834250838607,0.23886317213284997,0.2575832640395728,0.21951928083413028,0.21772906640015527,0.2936035066162033,0.20744122659856787,0.23889494843331738,0.266931002069236,0.2191773102121263,0.25351588604213093,0.2094090055139529,0.22309217444322388,0.2650738004470659,0.20701384828039973,0.2571787013673211,0.24075154977678626,0.241333073419054,0.26049969685288493,0.2576428461731982,0.2593612069289025,0.38451004531492783,0.17978901463332628,0.23553433610577576,0.2787283751854796,0.21935643332399818,0.19598958595295743,0.24083967432012005,0.25758992584852647,0.24879574856650546,0.1979080202178212,0.2374222370313295,0.2632432024109857,0.27733744666070176,0.25582475096720275,0.2073063835598429,0.3450583525659807,0.23327332072851442,0.3032935519473729,0.190587104527722,0.2288285791477826,0.19492269838019058,0.23579465639025096,0.2846434180240754,0.27145384041066317,0.2665738488161078,0.24451596106484813,0.29389958985338716,0.18099575371895163,0.20961250615629912,0.25414463879032806,0.21091396940017182,0.2217625054591252,0.2845023698222553
0.24871903023757977,0.26729251220786027,0.23418321874549,0.0,0.24770958588318076,0.26738575786120866,0.27414250474026025,0.24903282796297982,0.22283801954303892,0.24799910823211968,0.2759540424018053,0.2757112404301805,0.2362264826485853,0.21868525729450344,0.30832808289646924,0.22701353082658215,0.2597273254502138,0.24358861636023396,0.25547771096952226,0.22353635238575015,0.2907503301183787,0.25521750846967667,0.21023800172236334,0.23581007643642382,0.25712548426098947,0.22544799233422244,0.2197057080475893,0.22544143605382352,0.23190242665529515,0.18906430101279575,0.27283081594738406,0.23153959229983337,0.3739801572569063,0.21441007640562026,0.2559901304038682,0.26283109300082524,0.24645883513672923,0.23448443962726923,0.2847598499262893,0.2918931699774713,0.27058937501426145,0.25800691915616286,0.22645076871877579,0.3007004709044102,0.24266933556590065,0.24454396529733965,0.1719822589334418,0.24825736751303953,0.23699721271080398,0.25176752045736317,0.3540421848488644,0.2636841835339825,0.23290688111216967,0.36327874101993524,0.2819801480885472,0.2128047033977255,0.28410650788196234,0.28494650518790104,0.2682092098720577,0.2616697872775293,0.2890924000008732,0.192854848672628,0.2589009626772672,0.182368889611287,0.26150961289662644,0.25246473540934816,0.29059610533555386,0.2020666726282396,0.20733048203524176,0.2513631075082404,0.24945507208305256,0.217459433416142,0.2520277831510256,0.35250885130925574,0.26719399094861496,0.19241580397045638,0.27379885434955376,0.2634670544367642,0.21222818457630063,0.19070897370581344,0.22380884582166052,0.3177138404310726,0.22711022616560061,0.2019602633918915,0.2806855775478797,0.23184317539862165,0.26091036153751024,0.26106653966070525,0.22748002898339909,0.21653894937601198,0.28761783158450066,0.27857322206029006,0.25188632439429176,0.22543765886029168,0.2835166191747874,0.23907241506444277,0.19879774830226213,0.23447042554535769,0.20085889808601443,0.27562050512746394,0.22463281242343963,0.2519866994457553,0.28113722350691783,0.22862291832598022,0.25510727030544095,0.21251197795056853,0.2628535624677559,0.22168559642246163,0.24085162706978736,0.24553159616987888,0.3164885079210992,0.2468553517834088,0.29298302643450286,0.2628065073897878,0.23489951431707615,0.24462059534603925,0.23778524085852512,0.19837125842198197,0.27227872538260395,0.22746875344720782,0.24251000168599907,0.25173883767862615,0.2163052918921473,0.2789557805106757,0.21026184556800914,0.25374498840647236,0.24384941181129483,0.2350309349722224,0.2446432839557841,0.23433704720892756,0.19661990374363897,0.26131480712766564,0.22050402412415757,0.2763867346249625,0.25843352410006076,0.19947382948902687,0.16969753888440675,0.26052489671205664,0.2366069147068497,0.2698471096105158,0.283372666569889,0.2284574372696386,0.3283555689001213,0.2580197550740973,0.24538022451698588,0.22351640780508508,0.26094740185703563,0.22652281930732016,0.20880400381075134,0.15968261001219836,0.30019193615107537,0.25702509959313485,0.2584523191456584,0.202710263849713,0.2844258985078848,0.2596902403420067,0.217437889634765,0.2758824701388055,0.3129359568826925,0.23226169482273085,0.21231683115153976,0.2435822073643466,0.22629328980601238,0.289140961932492
0.2695013596893613,0.2557674830907879,0.26621403156447465,0.24770958588318076,0.0,0.229150058199469,0.29301801432849967,0.24125039175184876,0.2564453923401404,0.287300156133565,0.28300774675448487,0.22978434015316532,0.2441185600754175,0.24573292707192942,0.28896747076587465,0.26422946012088444,0.25773688681023393,0.2867639876653159,0.20156290266012558,0.21369203512907922,0.2892355763683078,0.27617146248220076,0.26137799232183595,0.24015996380930923,0.2668649848203856,0.25361428727044916,0.24930093718343155,0.20253894993735214,0.23180816997026646,0.24934557823482645,0.27849018984465856,0.23323327921512516,0.23434331638894304,0.2006757769334849,0.2976845534283392,0.26850041903150795,0.2661607301059666,0.2560528568216838,0.24105894064622868,0.279877278989216,0.24918298570108513,0.3495141433083831,0.25598659243319966,0.2973246746521041,0.23026880960170076,0.23219968252953832,0.24322793153802924,0.28618461933684725,0.2767921259245519,0.25261798004293523,0.2854015874351332,0.22194534110330216,0.21072154100777524,0.2390908723478694,0.25135228943804205,0.24741283783576043,0.2240523431235586,0.32166549627111857,0.2602731193917241,0.22579595809418565,0.20287011707031508,0.203583340862759,0.23112019463812655,0.22369922715351995,0.23869550810352502,0.20036107502792927,0.2571993586839765,0.24708837469864453,0.2316474320034555,0.2977913671013339,0.2655066861585883,0.23733117824603125,0.24030602174619564,0.2727229683998356,0.23820059629636137,0.19704156484573554,0.23736740876757503,0.3765689304303568,0.21160240038243128,0.2073594470061252,0.256066124890892,0.2778161164061566,0.28489897232156597,0.20140223410237237,0.2635733382255216,0.23987029264293241,0.268208547221198,0.2473089203813498,0.2197268825782375,0.22645037021728748,0.4087336827401798,0.2940443050167907,0.2937059597628587,0.1834429393248356,0.27964446944272336,0.2315525468183552,0.16630552031023482,0.22892968982538028,0.23580146760173665,0.23586986565636975,0.2156514001480037,0.23065715688645064,0.25564764045812854,0.21640821989452216,0.2463899123805799,0.24031685326504656,0.21670536825042253,0.28661977500642705,0.29403553354107886,0.2493072429386693,0.2462627963847985,0.2879571185994032,0.25249272878340606,0.2879971557371994,0.22696530428764639,0.25683778526790296,0.2277639095527644,0.22929936879321655,0.2186772939935862,0.2571894831498175,0.3143456392806445,0.2340762995122465,0.21367769018309055,0.30542924614231437,0.23619594350814146,0.23609481840146598,0.2239668024302466,0.2523706240364831,0.22534814288220448,0.24504712469925136,0.24853814917675704,0.24698419394200946,0.1942316631156694,0.25076756923953186,0.22749047990790905,0.23109563883492273,0.19711658940841145,0.3123929019330018,0.26385514862534337,0.2980087723060738,0.20439998191947314,0.27136766680347485,0.28425578503670407,0.26101440948468463,0.29415224524993,0.25444402298784924,0.271906675021192,0.2591867591383583,0.2523722333710258,0.18691481549740835,0.2404159416599748,0.23979472953501735,0.2401963082482481,0.2740169353871777,0.2963666217304404,0.2813034002218778,0.19914710947547754,0.3145590882306239,0.22742211401981477,0.22725529571454392,0.23196803502589888,0.2534297709124556,0.2549914905856797,0.3382159270720871
0.2811869779371087,0.4102244705218216,0.29110889397951994,0.26738575786120866,0.229150058199469,0.0,0.22554306284130918,0.30027999485796736,0.2565574203178517,0.2629263160535252,0.26972385254573705,0.28660732137812883,0.30519928241453004,0.2272418876806836,0.31154042869421966,0.259521697952433,0.2596294514154708,0.2170642830574169,0.24583807489456685,0.2615221828062734,0.28381459711623536,0.31769781537288594,0.1716434860653126,0.23525121397754636,0.26829182834457754,0.20935167488955053,0.1918020013978112,0.21632855006246718,0.2615082797384423,0.19993577588876735,0.3013497950691717,0.2877268964373321,0.34660231473561015,0.19865643779629433,0.2691606386931385,0.25262217071327303,0.26068843582986884,0.23772434975369172,0.25494579655998917,0.23761502224652895,0.29197101647369733,0.2747616404246568,0.21888374145938544,0.30949073247669834,0.2612266635477175,0.2275885402516833,0.2133283842318589,0.2614669740426495,0.198078241235832,0.27276098255246506,0.28333764618935525,0.3017676520635907,0.22784805882575435,0.3287592449639346,0.2529935440329431,0.2796569896346815,0.25209550451443674,0.3112476331290091,0.2236709995716024,0.24216970423271458,0.32467953624891094,0.21214735684056202,0.2809077431234274,0.17519690453799128,0.23467068561852047,0.23535325837049945,0.264937309452275,0.26180864098022516,0.1971738113736652,0.2603101810697332,0.2928329171311014,0.2110096489495354,0.25065654306676083,0.2841569895788063,0.3308745113569879,0.2039294130487333,0.2214159452094667,0.24152451412814646,0.21235380250803773,0.2330206299418086,0.277679122054283,0.27898551982960235,0.2784103367373539,0.2514233133029533,0.2423601781842879,0.28019252091053126,0.2652651130566697,0.21947913182666234,0.23956072102037496,0.25606528348114915,0.2572736764972506,0.30139515057808214,0.2651862489931676,0.22584971960269232,0.24356266779327831,0.30821346906554675,0.2286083213901826,0.2612283820219231,0.18765582293813982,0.2774067859697413,0.21993093538881273,0.2053158605421914,0.2049895540804639,0.2125582932119803,0.27094280857263064,0.2604098872979917,0.2561527581798182,0.24338647823079246,0.2394148717192267,0.28260066950251234,0.2559197432673236,0.21180820557492128,0.3328038275103674,0.22717073466054635,0.2419024974002856,0.30066079213875585,0.24354649553322033,0.18582008000779648,0.28688194152999663,0.22104338546114222,0.23782905350283037,0.2358586327172399,0.24265930581504885,0.29554252495117733,0.24625654959510598,0.3076632270789471,0.24319688966210226,0.24009590073829393,0.2671769179576174,0.22198292543156856,0.250597738508822,0.30548330949596764,0.21404464154727418,0.2843593723597887,0.26791788876292044,0.22815525309973103,0.2216913511557532,0.2412669252403585,0.21457824943990156,0.2306441997167746,0.2585167412197321,0.2588252826846981,0.2762063849296248,0.24124576998041,0.2582230857664898,0.21666954581650766,0.3110855598178156,0.24858563226259758,0.25459775591052236,0.16799919735313104,0.24891199777055245,0.2467395107940111,0.20080117691193122,0.22134408384136942,0.29489952487653753,0.27531756407751096,0.2352441490787341,0.31608108040810956,0.24225254826820272,0.2226218654738394,0.2079403081732188,0.2742396252458911,0.19371870769485894,0.2662483561509224
0.24068054513534887,0.24411414363694528,0.20573217660736026,0.27414250474026025,0.29301801432849967,0.22554306284130918,0.0,0.20901133718852868,0.22024973067983858,0.2671703295243975,0.25502170363675386,0.27999626929039073,0.2332345365004055,0.2184409694323424,0.31965544942181073,0.218465942071504,0.21746447140711794,0.23574947490301185,0.2467365964951193,0.18648289519358097,0.22920653056490278,0.23754619783489778,0.3080520118584231,0.25090306849352645,0.28067031232964457,0.21283098863161257,0.24379962870236024,0.2159185363918434,0.24328177044564026,0.2482220299592214,0.27331900954318405,0.253973635136244,0.2578592726393871,0.2413743073467453,0.23880658270390262,0.21261384584059165,0.26757677656261,0.20098849694226045,0.25148603602829445,0.28629294591170157,0.23079214685432634,0.26447580347660005,0.22452999027815562,0.2753712823645349,0.2262069846918286,0.2236511091558821,0.21182972890744167,0.23126969633440153,0.34530666759263867,0.19833066131947363,0.2829823483152289,0.20385703249303763,0.19218707651813818,0.25217696640550114,0.2892032504228504,0.23852256424981547,0.217356260203629,0.2539953924042329,0.2591107500205732,0.213677075858658,0.19770978970599914,0.1846959916692213,0.19096440930704936,0.18809117908240422,0.20701388488600342,0.1826103787684372,0.25425428553969087,0.23968262263450218,0.19253439465397407,0.2329320837776432,0.23418409616219554,0.20415099293700661,0.19934199191852564,0.2613259188278269,0.18699803253950234,0.22824763256424183,0.3003385268493246,0.303809318155686,0.18635033562093373,0.2093300830625482,0.21988339392908454,0.24800339520087486,0.2628017895435924,0.17011987566315226,0.21781296424142413,0.20865255846776395,0.2233111616895374,0.24161418555159642,0.23524024583688105,0.21617932319883063,0.2773243711375171,0.3238481447067359,0.2697309564991463,0.2075549177875321,0.2443427665895569,0.2600140371319014,0.1581723059541116,0.24174949284060476,0.20217287469133619,0.24262873522348713,0.22731342467432525,0.2377657514380505,0.24883054736095037,0.21607957962800325,0.19970888593162753,0.2089120821866718,0.19270531220349799,0.23577302381699747,0.2591043558684571,0.2449479509920386,0.31997949893070426,0.2190619954876153,0.22593009670968314,0.21995179385984887,0.19869572436861452,0.22238198566658296,0.23115075276204147,0.252743081161113,0.21291812024753465,0.20945855876819047,0.22770710158988847,0.21150896043838788,0.1875607365965334,0.32270759023909007,0.2102852125605353,0.2671901770845255,0.19555664262188283,0.2440763801027183,0.20425457626440577,0.21391502305238394,0.20162135021430375,0.19118498553199675,0.19684669291840204,0.21134347478907323,0.19439254119977578,0.21086963151924618,0.1952834142591637,0.2610400055865077,0.2226885405101629,0.2702019600554597,0.22154321893359843,0.21943197852669602,0.27403521528836505,0.21295300494087546,0.23915687101701463,0.2483618087683872,0.2382860003743944,0.2542019333839198,0.21546742362606586,0.1527557882378842,0.2436810607254359,0.26190716778928236,0.21515190234893358,0.24546068254648792,0.29213554668208885,0.255519289665576,0.2353626374898,0.2995984182679928,0.28390481175511645,0.2711284398145492,0.21135143087460467,0.2304303058833735,0.2323355619594644,0.2617009023363665
0.3042935127305064,0.33917862575396523,0.30475781618160347,0.24903282796297982,0.24125039175184876,0.30027999485796736,0.20901133718852868,0.0,0.3127344333857704,0.29689605213505865,0.2689750145116435,0.27762570473450343,0.3187206622270252,0.2381192799082071,0.2954704135419084,0.29353021185113676,0.2944971854260044,0.2707870862902137,0.2414931698099123,0.2761879030870237,0.3194960460587912,0.2785791653153907,0.2088500832656299,0.2454652547815087,0.2901548143147617,0.243445468308331,0.25193694749788553,0.24799581208543708,0.21828452627047595,0.23645663605738526,0.3655519052709438,0.2887306195026132,0.28493975990526627,0.21721224031200284,0.2885542127540753,0.3067888413942217,0.29150082051578197,0.3142700970268735,0.26567855537990476,0.3035954841910383,0.2872605048882406,0.29117643444301977,0.2701564959089938,0.26988931792944243,0.3716471162339192,0.2818622264396503,0.2404326130283924,0.26169561727113455,0.24842277975875182,0.29786770255292894,0.28912117963876777,0.2520276238318825,0.2222936462507791,0.2619948337580336,0.26016618271822073,0.2693826596564479,0.2764639880745202,0.3564729095012266,0.27810839876687715,0.2692641961812412,0.33039689025633384,0.20746536957593972,0.2927023504846042,0.2146531107772998,0.23731897584858272,0.25167107893551205,0.2785640993295048,0.24406489867523148,0.25806827107964786,0.3885893231492796,0.29223045527595165,0.25704441949579043,0.2727265601035115,0.32895012245319766,0.36969721678195133,0.21447113919590194,0.25133422577843256,0.24940196866264674,0.2905234738170184,0.1950436077361416,0.25327574235857053,0.28866858225860575,0.29322408703845076,0.283513072861248,0.32420613422175903,0.39506743441641334,0.35445647185229323,0.2563089151411134,0.29314819283452753,0.2682629066755087,0.2760160798973321,0.2719089303786622,0.2712945573416799,0.225311382859609,0.2884933683140711,0.2604205629825912,0.2329647455494897,0.2732703492139958,0.20225248503969848,0.3262801555834863,0.21961649994322868,0.29257127486257645,0.2304687621928461,0.24069768681334833,0.34092885746182483,0.30125192938450507,0.2884854162135935,0.3001592151798992,0.2902084008380811,0.27508497135304544,0.22899118815376804,0.27414509568246087,0.3051998497279803,0.2674809659782265,0.2758540895639405,0.3325771734765921,0.272237353334848,0.2182192437440055,0.23310812409000886,0.22478922318854033,0.27113303279947953,0.28694501661008737,0.24472398813431007,0.2855453647164263,0.23388526751078104,0.27013252666450216,0.23606616094946953,0.3083936657893793,0.28251518314461926,0.26668846170646,0.30823651567398347,0.29710192735614677,0.2304719135431944,0.2498376684679697,0.284435584041731,0.21418910571237082,0.23295099228231664,0.2927473979629243,0.28092112515890905,0.29466841718763787,0.2273607824343526,0.24758142462967148,0.3022573552057302,0.2638255970122958,0.2951288930905132,0.2587690019674251,0.3281919368198319,0.2540789581181371,0.3250211319000744,0.1891685270540649,0.3119370223010133,0.24723690536248513,0.2366789421890134,0.26482002433006097,0.3296345901676048,0.3163897514141451,0.22929185301259458,0.32422694619975245,0.21208282168138137,0.22477754300185296,0.23400544607920554,0.2737104671646128,0.224366045049017,0.27714956617825354
0.29862122977286565,0.281439847213299,0.26224536912617263,0.22283801954303892,0.2564453923401404,0.2565574203178517,0.22024973067983858,0.3127344333857704,0.0,0.25571011791773207,0.22742655638015274,0.22176139813020807,0.2656111367288407,0.2989425021527009,0.2662475462805968,0.26125801488331074,0.2469838085588273,0.28144813915661204,0.19220349906986228,0.2461840884324472,0.24863554641065433,0.33201071370560176,0.19094613814371483,0.20836892140376215,0.2462914799065634,0.22863400276070447,0.2491417973404127,0.21318434951370263,0.21278306221742682,0.2715318435515276,0.3210611737490788,0.2587559530416702,0.24971376823134517,0.18463655532672918,0.27869598586906413,0.24408880350207035,0.25072068407321774,0.3272853733252581,0.2423563187852066,0.25472023395358545,0.22706775147132027,0.3279148729060936,0.22604398758059505,0.2495439813186601,0.2741201522904852,0.24542021977387496,0.22673271714811316,0.22068916983800166,0.22561388293790752,0.25670631427474794,0.24806178200184703,0.22320667941607064,0.24069593376323536,0.23403584996592047,0.22520272857347068,0.3448985847575054,0.24855483152028252,0.2664405436590633,0.24787351284685916,0.2243766193053789,0.24342465249910236,0.24646762933651375,0.23513021929731845,0.21606894637524318,0.2512706788728517,0.22759761650555266,0.3095961548520559,0.291423493815436,0.24266240465263889,0.2940324060508086,0.3420426376703377,0.2517181009436891,0.28939315648714103,0.26175009681490435,0.2989848873206565,0.21713192395207903,0.22059653155266162,0.23245528059324386,0.25234769960048764,0.21501588891585638,0.2553102316594773,0.34427624705592813,0.35041178496733527,0.24138873278918416,0.2914154697272358,0.3367565250755341,0.2744472943902343,0.27577631329194036,0.2521720843180905,0.3881534220746554,0.29318672050761685,0.30673946940156543,0.24562051564787876,0.20949481050598803,0.36436357299660355,0.2859777529120496,0.23461900461674673,0.24506271929349563,0.25609661692227376,0.25414953510767063,0.25183758657746513,0.21969386233807614,0.22985144979811942,0.20796079310846935,0.3065956783056787,0.2672356962490621,0.2176501323322532,0.2622020479232022,0.2522055110080646,0.22430794049966507,0.19312442922729486,0.29800835127468556,0.2986386373909083,0.31716667609800975,0.24239132633496435,0.284423910928428,0.23581816117230756,0.20817985398536137,0.19591487961803064,0.26915689737272896,0.288127924363057,0.2622440238442665,0.23483372956580312,0.2828423627361026,0.3448139543084963,0.22827165782233894,0.2649402437360395,0.25373127393107486,0.2216658644861494,0.273766382337368,0.3930415195644107,0.2935918181124978,0.238511472529245,0.3134180571928326,0.2368646344848388,0.2557289412829141,0.22353249811278694,0.26027472883293234,0.2573496838087264,0.28866956875869243,0.2285811736681234,0.27103476753488914,0.31116374152643644,0.3075849442909723,0.27695254590421775,0.24714710225233774,0.3678433134228221,0.2600402619298502,0.2739311723674412,0.1904171918373608,0.2669668211898329,0.2446205420554135,0.2199457160815895,0.27473538807670755,0.2616052210900983,0.3259198369292377,0.21482420296157284,0.2895463453115185,0.24270049886649506,0.23852036561088952,0.21947315616856442,0.27604766059946423,0.2851414862628678,0.28038324369869255
0.2997956320404427,0.3630708464030328,0.303014694273721,0.24799910823211968,0.287300156133565,0.2629263160535252,0.2671703295243975,0.29689605213505865,0.25571011791773207,0.0,0.2568219953748676,0.24485006681507343,0.2903660112992635,0.2632098573253349,0.30500189776106207,0.2703534281509312,0.2664119055058717,0.31124897138504654,0.22881575054086442,0.23651999638751514,0.260487107485776,0.27050061544580584,0.26362726036245343,0.24438014561556234,0.3773405190459014,0.22540980447685252,0.24993488478270418,0.2266920060908336,0.34435340991078395,0.24432891318558386,0.3498322786633119,0.28705449106857306,0.23231049249165783,0.20406024210430124,0.2872072470686164,0.24192487856626216,0.3136261821544112,0.2557225686334162,0.22237121776894653,0.29950007632944387,0.22920026305525765,0.29814158034305155,0.262038417094867,0.25905682266337465,0.2741859213783458,0.24748310100491067,0.24345924480457837,0.27237806161654,0.30772391784129005,0.2238763090743811,0.284101553903679,0.21636961274671357,0.20897396186980433,0.26231279649584827,0.28373831005303024,0.28543659035165736,0.24021938029809903,0.25687218174687837,0.30823194831334183,0.23487926276062732,0.25613931728420336,0.19707444575804173,0.22046348918960468,0.20068563481370696,0.22978332319621933,0.2206380590166214,0.25180546837084283,0.27237353329427977,0.2537241365381957,0.3463630634080085,0.257279359232084,0.2802764199283928,0.21866320209633178,0.2994610544040455,0.2547290827367105,0.2488588223238505,0.22314943921212135,0.3269522568252773,0.21507179883861413,0.23322810217565107,0.2673139174621121,0.25439515587670664,0.3498973115190811,0.2375194682235428,0.24921021838694693,0.2720172693617476,0.2728900205603132,0.28449698367751436,0.2859287891372742,0.22421577866665848,0.2692587864084013,0.26252865812526754,0.29006787845980286,0.20413361769942037,0.26651923984821596,0.29257471378645855,0.17429543722003926,0.24633778948227295,0.21585976752719252,0.2883872808272452,0.24882468215128006,0.24311598484839106,0.22748246547737833,0.27672330191896005,0.24241993107330687,0.23791011706335755,0.2278759485951669,0.3221088711963943,0.2830471594994706,0.2885711862825024,0.23120262077749532,0.23007881513779524,0.2680567203502984,0.26714561127297964,0.23788345044770934,0.28947235490204437,0.27464558765088776,0.2810202847387776,0.22730422765631114,0.24435718855210942,0.23903114013474655,0.2320456812352197,0.20901694771091037,0.32768059416114975,0.23321382920487527,0.3388928044353356,0.20995670076320572,0.2533933603172815,0.26627927348020675,0.2718964527056062,0.30658105051264867,0.2365637298698721,0.22471922137318645,0.2171202030720896,0.2278946147947357,0.22346795703131206,0.24807157539861346,0.30704042924983876,0.27970572151382944,0.2957797343393128,0.24709042658265065,0.272979869599615,0.296830441914613,0.21814281775558036,0.28278635407331765,0.2581028406535988,0.2399118459791829,0.3067702946400012,0.3800456140750011,0.17278915475666368,0.24762760693618874,0.30684617976389594,0.21291140746169196,0.27516233706572835,0.28664669212597893,0.29391030999569934,0.2165211538824208,0.34557547289492135,0.2572834955028141,0.2616770002047554,0.29579724776615274,0.32546844380208706,0.24618225890144432,0.2726458231605369
0.3187746333557073,0.26485249505958247,0.2761200933335343,0.2759540424018053,0.28300774675448487,0.26972385254573705,0.25502170363675386,0.2689750145116435,0.22742655638015274,0.2568219953748676,0.0,0.3196476954847648,0.3152047189808324,0.21456889164849624,0.2768236667087661,0.3290173343394289,0.304671866962643,0.2648192290226148,0.26457243625449983,0.2504978837120618,0.297181391205117,0.28703721517069414,0.24128590477864287,0.2919097656189723,0.32100722384136093,0.2573691950713818,0.2688841687920123,0.2786633816228373,0.26118374408984085,0.24819141426684535,0.2766201034955747,0.3105479010487934,0.23146066335930535,0.23785598206572606,0.28060208585820423,0.2745088209570665,0.3315305558220815,0.2521085724157212,0.3188561827466039,0.3126223404995491,0.24033811522513068,0.28835148730640336,0.25086763657301875,0.31065380902664635,0.26250918323959044,0.24386708227489978,0.1804036859508687,0.369666785063125,0.2960501279339332,0.23806780425423502,0.3243230792431856,0.22452938920273902,0.1914365200758377,0.2847646758657994,0.34503060218795945,0.21157579556782588,0.2879551243734909,0.3514182685845019,0.2627255376659207,0.254238242632702,0.28316987229568785,0.1728436724002701,0.26354022343004724,0.1966540777405989,0.2029253999598621,0.23278738289223225,0.2892396410744438,0.22258357914360563,0.2322619023980005,0.29259556520982544,0.26109196697498216,0.2128824062668018,0.27689166942875454,0.340447003116584,0.29188658226321906,0.22479759541857633,0.3197348799461664,0.27341331425251963,0.21203863777725102,0.2198255064048415,0.24443456452339407,0.23819621617132405,0.244232658298605,0.2347503146620581,0.25824230423082584,0.2467003754366238,0.29526127313138756,0.23552934127994102,0.24488515380997966,0.22515375359710887,0.31741610639636647,0.21317678833324558,0.3211132656725471,0.24816670323386897,0.24582190222209804,0.23243876432452218,0.17648269291413857,0.20846951375112022,0.1847975176780909,0.2613594161880777,0.24129916956054887,0.28246834556169303,0.2215575977626881,0.1915186353566425,0.2511532292040443,0.21846220195276783,0.23859179341904163,0.26642089457216267,0.24202474531950768,0.31167117041162545,0.3555355085732605,0.24624963133822436,0.2813356537187753,0.25662110134498733,0.23562606518150492,0.2734629518294163,0.2547917567464414,0.2637460627343868,0.25666315934474154,0.21210936602425917,0.2620759563721816,0.20415050134371332,0.2347652442537156,0.32576497371745766,0.2163956236220651,0.3000291396241888,0.19208052423349464,0.25710642125039535,0.25164779463881604,0.2189914515116867,0.2088457647719438,0.26744698630348424,0.2528621503590606,0.251830772099691,0.31175702117881415,0.20964453541163938,0.21865714662469832,0.2579947377052724,0.2630786162172066,0.2854486742459634,0.21892822861366498,0.24611578968734676,0.24056675617639622,0.23542646844641962,0.31424971732623264,0.21426856741601294,0.2432412002585757,0.22763787898501528,0.24207839052157556,0.18534481346542456,0.3776692141741651,0.22945106564987358,0.3103192832001359,0.21802343366762642,0.27532575471929516,0.28151006274400564,0.27258814655237384,0.3014544278882972,0.24857892515710173,0.2500073886188363,0.20390554273589948,0.26441000527086933,0.19735032190042454,0.4048446562922701
0.2554389125506055,0.283505180837375,0.2505146655874888,0.2757112404301805,0.22978434015316532,0.28660732137812883,0.27999626929039073,0.27762570473450343,0.22176139813020807,0.24485006681507343,0.3196476954847648,0.0,0.23999526333591584,0.16965736591245564,0.2676914185784986,0.2659308940127467,0.27004034314585024,0.2161633933591597,0.3148818779665616,0.2341605194835095,0.2893823070052887,0.24397816417907656,0.2358339034339475,0.2888124405860989,0.3102679554999616,0.22129357817413764,0.2486417479603253,0.23906357721762786,0.22820316115610995,0.24911532731807554,0.2846858447122731,0.2648813275182628,0.2523578766652658,0.25870380701100143,0.23871022649905407,0.24657113377681306,0.2575476059512797,0.22367188267577692,0.3250374014326892,0.27790999043881687,0.2732870901740403,0.25306737727212125,0.22504759452700934,0.2779260641499862,0.25876816765992683,0.24852005114326706,0.2073054019707451,0.2614396609417751,0.258220794743235,0.23603047240536726,0.29165932160484903,0.25619585967131675,0.18461958481252425,0.2901440977032385,0.30878362478082544,0.20823727732131878,0.2824469410043558,0.35008032806152306,0.21003519469552653,0.2469970697953563,0.22470248164874554,0.16250728762198566,0.2396157582663928,0.18257566739623915,0.1931762196319847,0.21417376925951082,0.2225990729050146,0.18637895133000842,0.18673691316180516,0.22667980853450964,0.2128072591549202,0.18836308223663198,0.21391717958226217,0.2788585218090418,0.24993807525187484,0.19590098528616093,0.24848622863666428,0.2621138436463946,0.20657841764337076,0.1849454145588625,0.19816424492338275,0.23710447830579806,0.23781952082190239,0.1907268165388066,0.25117672472201436,0.2585439300425398,0.22140345436158831,0.21017869028190717,0.2590356745709992,0.2245488767486893,0.2593374095330224,0.2489234418063349,0.2669197922798384,0.2294373394100388,0.206992058455629,0.26770521731164315,0.17047103503598648,0.25436057265970136,0.1694526811419913,0.2558042735939262,0.19539026399123283,0.23456230288680147,0.2359629871093756,0.23860798443604392,0.2180401461246285,0.229982636457809,0.25086555379827097,0.2439421043146578,0.23693694039661686,0.30619501004203326,0.3825289476855733,0.2402549551013823,0.21926661872911413,0.22454263980896563,0.21875911863386674,0.2862864724193482,0.24477276228627776,0.24711465523480095,0.25799629556570985,0.1875639756232697,0.21991859419649304,0.20179926901747158,0.2059578365257041,0.2797191652409976,0.17662310886327018,0.31406210066160256,0.18887327645549726,0.2632803284725544,0.2600111817316363,0.19482781098052132,0.20705614559825491,0.22545747569611277,0.1923137613298434,0.2328242706493776,0.24452860593886744,0.17129824216134212,0.22906820579850662,0.24676596653081356,0.23025193935919422,0.2594671808060782,0.18836512502090733,0.20112965430376578,0.25365452247683984,0.21770363759800287,0.24954493721340149,0.2529432291660951,0.2893521856943733,0.21402477086768518,0.2512761100618671,0.17516088471162264,0.29557854910114645,0.22122527875534892,0.26116647802238224,0.22411845625720359,0.3385070574017974,0.2207617495358127,0.23162721647453172,0.30573275016811435,0.21403533430476399,0.2137071747814812,0.17099746239866687,0.2166182968668545,0.18231851826663645,0.2758228401015712
