0,1,2,3,4,5,6,7,8,9,10,11,12,13,14,15,16,17,18,19,20,21,22,23,24,25,26,27,28,29,30,31,32,33,34,35,36,37,38,39,40,41,42,43,44,45,46,47,48,49,50,51,52,53,54,55,56,57,58,59,60,61,62,63,64,65,66,67,68,69,70,71,72,73,74,75,76,77,78,79,80,81,82,83,84,85,86,87,88,89,90,91,92,93,94,95,96,97,98,99,100,101,102,103,104,105,106,107,108,109,110,111,112,113,114,115,116,117,118,119,120,121,122,123,124,125,126,127,128,129,130,131,132,133,134,135,136,137,138,139,140,141,142,143,144,145,146,147,148,149,150,151,152,153,154,155,156,157,158,159,160,161,162,163
0.0,0.5266198578620795,0.4246114016155447,0.6182030570505354,0.39097645575496753,0.5268230284226735,0.5455909424578651,0.4952639123724791,0.6102777906235286,0.4489583150575023,0.52760498285398,0.4695667338354461,0.661456670934279,0.5311081500062937,0.5732492434866165,0.503921920402974,0.5901235962920088,0.7056932650451143,0.5203003288022943,0.6645370134556083,0.536337134364362,0.5196153007550735,0.5696218816603137,0.49289705015722257,0.5756723199315138,0.5012427977206838,0.5328156223358974,0.5960895884642482,0.3989479634829165,0.4830215077744221,0.5448560510158643,0.57604747583771,0.5779551207066811,0.5472540677942342,0.6077470317360066,0.4944987231606494,0.5953932789670656,0.5995273745996618,0.4673307450303216,0.6489026047824523,0.5237022393045625,0.6099993031616465,0.5345395223672295,0.530869631714877,0.5573428963108241,0.6203702478669293,0.44868473557666927,0.45148346173196696,0.6190264022500717,0.6043479625916357,0.5912497358948263,0.5486030542151877,0.554214940168951,0.5096609613283725,0.48243120052164323,0.5842326657874827,0.6752363150894687,0.5070476867462532,0.5333821538575728,0.5729460663527,0.5101572773336566,0.48259145984060814,0.5533185171512188,0.4653787409721925,0.5879696620860595,0.5994184513764719,0.6038850816458817,0.524366775800313,0.5270427538623025,0.5452931526796392,0.6124656368923234,0.5436663870392554,0.5805534515185483,0.6279964026297598,0.5834385402782981,0.5624334115343823,0.5217134889900003,0.4487326155853256,0.5537451791764151,0.4388865908712965,0.5426095904960936,0.6113721936867325,0.5198209681242734,0.5520585512421905,0.631060972249746,0.6309419973091769,0.5283491898834356,0.5616666196961962,0.5860422126726499,0.5568745436541928,0.59201861256141,0.538038102027375,0.5327306947575983,0.6056323416582092,0.6275451344042289,0.49582601858446657,0.4615316292503594,0.5385583299593399,0.4674398199940485,0.5843494175329023,0.5102359126666381,0.44663277287567127,0.5221744086488738,0.4475055145956034,0.5795834645352332,0.5695133234040558,0.5429096259655561,0.6032672255558421,0.5726323839110312,0.4968205645116615,0.5445635895412739,0.6076713679344242,0.6534171163516899,0.5577400899190004,0.6105988939544796,0.6165885281745693,0.5963576619272412,0.4693610577716127,0.5073027941361292,0.507266890263813,0.5425179756019246,0.48855873780968445,0.6023647051703868,0.5600415175021735,0.5540644102151417,0.45720205477661,0.520899489427573,0.45041156025470436,0.4807687088754016,0.6004478670590967,0.5463398647864094,0.536350144428367,0.5387287196964097,0.5828960533152833,0.5073320763319633,0.5654359870817345,0.519392056692187,0.6232848444513908,0.5678608434567183,0.5628908564607248,0.5255087540278593,0.5332389311183235,0.6156934233286678,0.5371032015875503,0.5675782694487762,0.5755377388823546,0.5323490646727597,0.5182632831007921,0.4947457193727055,0.38888448822362903,0.5974639218440353,0.5330419112481029,0.545364085481599,0.47492018943337627,0.5531691513294308,0.5940700512335891,0.5965060053064024,0.5213753348646673,0.5979894710786647,0.5998935957777595,0.5208470184591903,0.5882068469248781,0.5071688608377724,0.6440065875754489
0.5266198578620795,0.0,0.47384260100251047,0.5323576372701393,0.3703886752043348,0.5834686537736148,0.5041118535596718,0.48058303961998217,0.49745038980383954,0.5732967338966181,0.503558987267396,0.5820072066368397,0.5428367018398929,0.4944295202040936,0.533344406062668,0.49591769520759266,0.5613196410334051,0.4999645550239631,0.5843906764159881,0.6218494767961777,0.5369321341557473,0.5459271618904914,0.5127970710218501,0.4979361537712219,0.6121057287993024,0.4192331048340307,0.47292524423895355,0.5246190023971729,0.5215433290148259,0.4407234294223539,0.559172443198234,0.5784009629327082,0.5874522734741272,0.5448755547092894,0.5623684005425341,0.5647848707426464,0.49216421329773363,0.5392038332433158,0.5231772290451747,0.5514304008080474,0.5900894333427327,0.5432416174554636,0.4631924690849415,0.5242150198274892,0.5481067833880643,0.519483988402118,0.44110745954264813,0.4544512484113032,0.5447132994392325,0.5435151495060576,0.49608238468175586,0.4882816915051777,0.5408297588771009,0.5791856749608438,0.5383707556965271,0.5660030908213981,0.5371957148065579,0.4953904209037672,0.5096739610519914,0.5517844337873599,0.4969311307779926,0.4455733262194873,0.4642215764540777,0.5084478095953909,0.4903294666795187,0.4857455886675809,0.495326281616981,0.4351512910550012,0.45814243298722,0.4572454641917752,0.48008489200135346,0.498684451336154,0.46547053810954075,0.5279044939477856,0.5751630299617112,0.4922887668020869,0.4522294420453948,0.4429675737607817,0.47732165976199625,0.40382345541841014,0.5365872728990472,0.4926946000314554,0.5032292828260233,0.5211929342101338,0.5127479429282971,0.5981104356022491,0.44391880217508606,0.4558319100886982,0.5217894704911367,0.524239156536153,0.46301447961823305,0.5450623903300049,0.5605174352284626,0.5180528319044501,0.506160518170741,0.5707293241451228,0.478109026095123,0.6147432606687825,0.44709147709168134,0.5144722488551695,0.5136416891238802,0.4129396885464119,0.4461163136541669,0.5401311303414449,0.49675000112820084,0.4977065287589468,0.5407387333356937,0.6390083176532634,0.5504384667870649,0.5580687706116818,0.542583448451143,0.49672526851453463,0.507427102096541,0.49884608381945594,0.4992387508391081,0.5117081180585973,0.5866600346502907,0.5056035636440804,0.5627058447413725,0.45554759143151796,0.4736653675578016,0.4187970597392017,0.5459321156286413,0.5042978681737927,0.4927674884980094,0.5416059354669448,0.46984110346472663,0.45809014619374855,0.6651055839161422,0.5261777298472539,0.5585434429501144,0.504009096475865,0.4371639080216948,0.5149633478995921,0.5609181036346677,0.5284768476918679,0.5409459264033284,0.5457673335393203,0.5932945868234311,0.5276598488053174,0.5062916052667779,0.5774712621599318,0.5573384107378838,0.5505131361233366,0.5712100057002222,0.47060199627648885,0.5228427084439863,0.5380984127869125,0.6504954725386406,0.4556157017003412,0.480982974680386,0.5765883691753376,0.5381445387347688,0.5258613875815787,0.5952175766625326,0.49885395252062115,0.498669315785539,0.4959778580914462,0.5109060934951645,0.45983350457078903,0.521557181440462,0.5204789141380898,0.47769840599276836,0.48240089908976563
0.4246114016155447,0.47384260100251047,0.0,0.4254003178432736,0.4610578839742804,0.5628794691326696,0.439547027403806,0.4171758150152744,0.38089744056399427,0.47046991845237124,0.563288659690232,0.5481628555004501,0.4886150624199764,0.3642085617018447,0.4788463881063786,0.5823020847771113,0.5182280009460927,0.4146587900108768,0.4535094727471002,0.4235365850382068,0.5508671875797012,0.6475044590169787,0.3970031730183583,0.4909280597531983,0.46434302051689713,0.43048511733374123,0.37461264060650884,0.394127228332286,0.47206363367107945,0.45390188473885196,0.4112658698400173,0.4913819484065812,0.46164745429560783,0.3873980309589838,0.3852350315326336,0.43256749005532674,0.4635641785011793,0.4270977358502936,0.4862821565226027,0.45265124317426286,0.4676266999442956,0.4762009370601667,0.4912558844543886,0.5028667669069509,0.42319976431301215,0.4261640070436392,0.4484907311353144,0.5524733120165317,0.4342392948316692,0.4598363923497021,0.4675114046416548,0.46018305264483134,0.39024962862441975,0.5208926615291054,0.48649949501413553,0.4088070056782086,0.4361916134457972,0.5664054054042846,0.39047065798881264,0.40464544678662373,0.4234215589029207,0.37775455202488595,0.49233805485163,0.37517419968422155,0.3959850941852781,0.39990915279831446,0.3851794037367698,0.4723975126207333,0.43069028640106866,0.42172412438649143,0.4531565434392179,0.360651362409314,0.36831193004993507,0.4973275870615297,0.46153589352695124,0.3581583646208069,0.47411168532712816,0.4804503686324952,0.393275691342351,0.3794430320804485,0.47761084740020926,0.4030488709525595,0.507735844236639,0.4134552228804239,0.39651218334955407,0.43843538004757987,0.39400565768363843,0.3727207738384658,0.3790566151813734,0.3889636435041883,0.45954810965611886,0.37673285209321333,0.5092133073350463,0.3848066899239927,0.3909450107823508,0.4974208778050333,0.3848399193151083,0.40471030041612144,0.337598789150073,0.37681404841821264,0.36826645647403183,0.4203673396552983,0.36642124851870866,0.43445205037229473,0.38393970408239886,0.4727340660263746,0.4696205510069224,0.45149318356296914,0.45275947868012084,0.5139530690862865,0.4849977796064894,0.39717319343521085,0.4048820802844867,0.3832364240374843,0.3946828847748881,0.4406450440131875,0.3899186738294792,0.5033179339154445,0.5549812744491831,0.3461587498331286,0.44704396193461476,0.3705039680565048,0.3965396487655795,0.46530247335556363,0.35449773957753655,0.5107245968491567,0.3745076100678401,0.46222763287414065,0.47176249509903034,0.4301550680425879,0.4048363043116688,0.5619624158007402,0.3514323222147207,0.37883213722443376,0.4659562515296757,0.4410922287725797,0.4677073871942566,0.4260631598206019,0.4490059083705298,0.43381578974899554,0.39494953522619647,0.4556918335183525,0.3956026798577397,0.42213787274905906,0.47244448097588015,0.3938243689727337,0.520013607116431,0.48217422272293325,0.4840939366409974,0.36395501877709663,0.37913647819523844,0.40250467104253085,0.4608273779227205,0.5330152183248905,0.49092051014643195,0.41740677445333696,0.43505187922113764,0.5093470478032748,0.36558687883678587,0.3981321439535713,0.41109460371179635,0.36582264594872305,0.3660118193719081,0.4389991162346224
0.6182030570505354,0.5323576372701393,0.4254003178432736,0.0,0.3669365392270564,0.5111480072307578,0.5238271391271224,0.5509494351909358,0.5537887547453967,0.4572067822398107,0.5072236800073857,0.49870200912632207,0.5733983121970463,0.49640480602865183,0.6104330213695623,0.4745219860852919,0.5482737989174874,0.6051977709656582,0.6023122520691145,0.6394353663176935,0.5595206926017724,0.5126941914844766,0.544705258260957,0.4821332599262228,0.5753944378944325,0.47961870032427834,0.5118507824586707,0.5806575386225814,0.3967049898982597,0.42919051840794215,0.5896362171862958,0.5637642992013892,0.6646967475504653,0.585595590424446,0.5728327036010604,0.5516491480385509,0.5357650843361719,0.584759578400924,0.5280011594666497,0.6022451545547306,0.5714757423539091,0.5307256769965757,0.5466691627072366,0.5224455527727296,0.6133895593657136,0.6372442750669847,0.4111261144172959,0.44002794105939363,0.5808298982179415,0.6401187872057372,0.6253146449823338,0.5267036232270234,0.5728871350483458,0.5970483796775801,0.5292189538634807,0.5100148161688054,0.6795380507444526,0.5082960118901265,0.5583938256525363,0.6010299916392728,0.584494399348863,0.4800978507146596,0.5588213735716593,0.47187882611077897,0.633683708135015,0.6599165954332283,0.6328218510159961,0.47063728142146904,0.5053070446541463,0.5569171563841503,0.5777726162578346,0.5262919035401626,0.5660607196426791,0.6601639763572815,0.5978714709047781,0.5200738586454808,0.5420711550081062,0.42091850585201734,0.5982307960634298,0.3970046782696238,0.518239366461373,0.7050197095751167,0.4684927305713195,0.5422096515408673,0.6668077895102767,0.6154152087566986,0.5472738360435946,0.5769527165902285,0.584891742276414,0.5337608653148611,0.5376436991991149,0.5751495367657267,0.5358075817728113,0.6029004811593042,0.6333816406863859,0.49118931243672775,0.5516644823944344,0.5625614390105401,0.453044946249502,0.6099353183893318,0.5113464139131626,0.5064712192460619,0.5893681384974605,0.4840493609352189,0.6210830466791943,0.536108200071612,0.6508517363546771,0.5555123896356933,0.566077583693683,0.4773785284006016,0.5870212387925371,0.6326678122705003,0.6160704505299518,0.567159652541778,0.5943512411024345,0.5236630928462139,0.5769851657451558,0.47427555030706575,0.5185007135593078,0.4777474368277748,0.4924924624852571,0.5330269107937089,0.5383865380556179,0.5299578744758955,0.5099674345553988,0.4731086539037945,0.5348506973581945,0.45435613224445964,0.5141893601426122,0.5900419024992747,0.48887863538464116,0.5311740655923567,0.516988544156532,0.5867459426969225,0.5787566689142526,0.5296072144916041,0.4634276994164902,0.5893284638948885,0.6111665368704481,0.6224284309062926,0.5647804760191398,0.5051949862213795,0.6590201427303586,0.627524638087117,0.5608376092116528,0.5416653490978367,0.520502694359897,0.5176472939289675,0.5020415796570409,0.38465440438359916,0.6718000290214268,0.5403806046512409,0.5897162997970273,0.4640951594812876,0.6008784808416912,0.6134303363992727,0.5314180298428189,0.49119195128107507,0.5791209254793257,0.544598840942497,0.513827242395523,0.5331157370649633,0.5331860883254783,0.5498869945408668
0.39097645575496753,0.3703886752043348,0.4610578839742804,0.3669365392270564,0.0,0.42616450954497204,0.436567495084454,0.32837968407097234,0.3392867857475,0.3490746159807867,0.44627330033069307,0.41421536727054914,0.4070498312391668,0.32767151981851655,0.4115123638123871,0.4922241877017078,0.46672009479797577,0.3795205236543643,0.36670889257440215,0.3533405439247718,0.4733510078252886,0.44490456787805843,0.37874488639159554,0.4672800640303402,0.36973880469818104,0.45643591722742594,0.3332330491613418,0.34303182348629035,0.3677238065808708,0.49117112368443455,0.3420577613707809,0.40076485802129447,0.38826544861009965,0.346330004197775,0.34002318213154026,0.3553168484047005,0.4095053529080056,0.3741261139928854,0.39035285023408317,0.4361855405752224,0.4125882650981877,0.43536616219678526,0.4334912447891531,0.46316895253722207,0.34422098698226483,0.393678777776861,0.510698424993002,0.4530116013162254,0.39838259274056614,0.40563629138156043,0.4392922093159566,0.467731044281274,0.3568971194162866,0.395465865096651,0.3780049984765758,0.3778857685925022,0.4061594823689225,0.47070411215181585,0.33675614433107554,0.3653404204682944,0.32850043805999096,0.36005853933754006,0.44102527042894474,0.324797665409449,0.3641175023822587,0.35640840728630985,0.3380870545305566,0.46143931863301707,0.35903120823769924,0.34703643834392395,0.4253676334159421,0.33255299820313655,0.33057364558430896,0.42583014257341956,0.3687056081242958,0.3350847840883233,0.4272788124847147,0.571146276250898,0.3575546095407231,0.44022163911199064,0.43210658803060786,0.36176795418938185,0.4989081013141834,0.34721253440192523,0.3719152843680762,0.3763355671359864,0.32884186527064396,0.33726524858199586,0.3357873484061367,0.3505370108327912,0.48550659313896455,0.3366943958109903,0.44701696823961595,0.3595045598600643,0.3639008263722581,0.3872222770033858,0.3119440502819718,0.34478279414856444,0.3241270282065829,0.3377003154879621,0.32739450241523127,0.3403511495298009,0.33570246285921784,0.33862218993626303,0.3388955282357575,0.4584564623849723,0.38817453598766094,0.3811097089068123,0.4276390571611218,0.4294458815846567,0.42615034222644566,0.37703153426227753,0.35496990619742896,0.3370472285395594,0.37196766171170065,0.4481412034438829,0.3515671247023656,0.39212277401591117,0.42898186949211137,0.32351337721620316,0.5052938485308625,0.33184982535736757,0.36912851024465443,0.46695363749436375,0.328900483439841,0.3922444090230346,0.3513352905618639,0.40575236532005293,0.3632387558952029,0.38204506676674177,0.35190974976863315,0.4747561462723881,0.3191401051326921,0.3487523253784523,0.34982894383316165,0.4118730489651897,0.43436671319189296,0.40513626891635396,0.3546541810801707,0.3821164694978366,0.3259719858367946,0.3929833710422444,0.358446862196994,0.3485442271929031,0.4113324061925685,0.36881684806059056,0.4651165945012725,0.4342754168748256,0.36139648762729504,0.32514678575286654,0.335437393315612,0.35415599030608363,0.3863500436545503,0.4531528554158949,0.40389362820569946,0.35423324220580293,0.39052393164219223,0.4927323214277916,0.33332019086556497,0.40488917704213706,0.3642207493381499,0.3420574127016389,0.3393604856706843,0.4515923281109762
0.5268230284226735,0.5834686537736148,0.5628794691326696,0.5111480072307578,0.42616450954497204,0.0,0.486052289599109,0.4907447519588962,0.4536313032134392,0.47550904810013,0.6103461603442654,0.6160724803234565,0.6364569653282458,0.43508518921841577,0.5476696665725435,0.6452667108451972,0.6026589165741072,0.4687443927232307,0.5243256692857104,0.5308716589864568,0.6066071318320001,0.6076341234364303,0.44544102493660015,0.5485230322804353,0.532280314143755,0.4991855295411996,0.4253559842898348,0.46717207247111286,0.4817625290676257,0.48392558377302675,0.5110415835757085,0.6019658980826392,0.5967196937191565,0.4895745274550007,0.47327923406057226,0.5134160119759338,0.5742182543569292,0.5198694691317711,0.5740819840278745,0.5390179777709929,0.563958163048175,0.5214026967131898,0.5284638377586375,0.6135184056033861,0.5264809414309568,0.5243375739028561,0.47487209914893797,0.5842316042806001,0.49710441047647413,0.5443048675934667,0.5475779810816553,0.5622542689603299,0.4639729863828715,0.6127876404143853,0.5569510072562044,0.509692320704413,0.5403747823466555,0.6160515063198029,0.42738329060308433,0.5090574052170957,0.5206803183766753,0.4599740867682496,0.572221499004706,0.42385804063740457,0.45502442157641687,0.4855921052037243,0.471977719987119,0.511276652529699,0.4430587443064744,0.4757479211216212,0.5510919279376162,0.43321403144570386,0.4325061853264783,0.5809577800036859,0.5593355452602493,0.4411037640048672,0.5375948148455778,0.5083941476321091,0.48653068570059727,0.45221006293600524,0.5702993480128516,0.4747180232462121,0.5817489446230302,0.5292034494650577,0.47957417686036546,0.5632773400825534,0.47403269497860195,0.42589366136392937,0.46939210923370916,0.502036271016727,0.5086249037960273,0.4541405235441454,0.5786956703264751,0.4915374021002291,0.45830539507123885,0.5805652944308323,0.4626433398709685,0.49035528733958894,0.3995653025432403,0.4681711245630857,0.46245817612669754,0.4535237891888398,0.4151638599610319,0.4536512605670795,0.4662465477262469,0.5835641538689147,0.5616003912119925,0.5239526961972987,0.5368821733837488,0.5911908021446742,0.5704257170068728,0.47035056784836765,0.5089984044138177,0.4479259945616411,0.5053458078047234,0.5539475978389082,0.47699959788370927,0.4893540248882737,0.5918072635667392,0.4150498635140745,0.5243023306592111,0.43324013576748654,0.5036852733133145,0.5714720314332524,0.42984050629425735,0.5904597941446376,0.44501975527314125,0.5612556021902688,0.5615502671414091,0.5071325469652241,0.47556221925013586,0.6409737492898538,0.4406879632362745,0.47938643238072076,0.5436995484898316,0.5225560071745966,0.5863794084659357,0.5232893553981806,0.503213764805019,0.5086989649494701,0.4630001332072993,0.5609826176719065,0.47513489991312213,0.47869204950339234,0.5861604557820018,0.44961311993560404,0.6219091641653216,0.5574705673580919,0.522562779642187,0.4180794011897536,0.4684116203294372,0.4700660803850635,0.5058653038624286,0.5224055284115786,0.571285994976226,0.5049619581102263,0.5361607122538903,0.6049986516676461,0.4465891370844615,0.48385492082766596,0.4598368437985733,0.45067859469076016,0.4176692794197593,0.5226144765974879
0.5455909424578651,0.5041118535596718,0.439547027403806,0.5238271391271224,0.436567495084454,0.486052289599109,0.0,0.4118265836798289,0.4410877545144281,0.4730731419060183,0.48779881104105255,0.5071031543582922,0.5311917731811543,0.4391958546991009,0.5832058650113707,0.4949251406287095,0.5517455475357479,0.529418933268463,0.49837800463005316,0.49684020206879154,0.5616016413865462,0.49365947846637087,0.6204921468128368,0.5665744899683721,0.5509895916018973,0.5006960897759208,0.4441032178446476,0.4708889775109793,0.4238957568984869,0.4756113812267037,0.48407577362333387,0.5622615552221094,0.5260636950586112,0.5414641525262441,0.4827144115118387,0.4642869942373289,0.5383364680711589,0.46969160334038823,0.4734879165874532,0.691698393343374,0.5186252852079642,0.5514147530176295,0.5346803492552077,0.5720538392951083,0.48576654197583413,0.5773082652519058,0.5223265628094433,0.4707015247672013,0.6922185565653292,0.5320399175622943,0.5993980598113852,0.5227373868208781,0.48174432915503324,0.5092724457556681,0.49390837554318767,0.5250622965126145,0.5570353608660923,0.47783663395657555,0.5185996236168743,0.5060935826166211,0.4223623221975373,0.43716668143282983,0.4762893973714577,0.42817458420136306,0.5226448523083238,0.5017784616414384,0.4997520289589625,0.5291988272918517,0.44577469940175285,0.4309232222844994,0.5297325084826754,0.4704517714480978,0.4469466089433122,0.5846090374361725,0.45090584338011586,0.5108884297344818,0.5308274256575889,0.5338054839138348,0.467519784245889,0.4555666402123944,0.5240515021400474,0.49712621962141595,0.5417873313096782,0.42935990646849154,0.52445430332215,0.48948518137719627,0.41825389016123427,0.49370427279905355,0.4910984493298675,0.47270235075113426,0.5432669630516604,0.5069063157937949,0.5612880548270569,0.515219030850966,0.5126606072286387,0.4986403042510524,0.39455699590977017,0.5034517638457338,0.41904699609471674,0.5061982134045013,0.4548936523331275,0.4204412480707023,0.4935266209026895,0.45867638741376454,0.4522508645573435,0.550913025164167,0.5238983595194229,0.5301092305830554,0.6444796972667082,0.5570160984867004,0.6339866818521329,0.518646801784364,0.496878220679259,0.4433370667259675,0.4894182363731994,0.5175065459408409,0.527701854735619,0.519697464333366,0.5298536398052973,0.41249305952125376,0.5328641580862103,0.40912108607342235,0.5064195896553414,0.6110224853586641,0.446116259745017,0.48175849232737505,0.462458995933201,0.45072032019050606,0.47685166271254487,0.533455818532604,0.44600898308435777,0.48361071164055136,0.4106245833918763,0.4455790073556603,0.46144687059452644,0.539372284086266,0.5265013853093578,0.5980570949897538,0.5078409587745771,0.5280064026461463,0.4504079158218788,0.4947655138973639,0.5399668519631036,0.4660914699203985,0.5579102774932668,0.5597668811775831,0.5013484406086686,0.5616483374563516,0.4891598126316869,0.3597488066141419,0.46923360087886595,0.4975809764649748,0.47945787750785474,0.5796243029459328,0.5619168033453408,0.49092787884180794,0.5147155830232447,0.5608485811096465,0.49262412171765474,0.565439727926988,0.5194913906699854,0.4811824293119576,0.4721135044488624,0.5311158780200119
0.4952639123724791,0.48058303961998217,0.4171758150152744,0.5509494351909358,0.32837968407097234,0.4907447519588962,0.4118265836798289,0.0,0.5311349623190474,0.4466394291785587,0.46864482084438697,0.4834836868490452,0.5336430199030793,0.4374471140198339,0.5212954078972344,0.45462428926482046,0.44739003062147353,0.4819105887708909,0.5007300712019296,0.5364044300956874,0.4516678822089194,0.47142871005530673,0.43429544388395414,0.4039921686391775,0.519976888772832,0.42266825066067654,0.4990881126061316,0.48328441890477325,0.3836112646555552,0.407121626221126,0.6181880435937928,0.507460184144071,0.5657907565206721,0.482323326815423,0.47781835872197387,0.5088721971632069,0.5094912119846453,0.5377199637208059,0.5154078717206654,0.44534618051280295,0.4702004791975758,0.4342070445804023,0.5010304027640312,0.44019667104852206,0.6341248321021652,0.5114144844353333,0.3648676480168883,0.41874015599961756,0.45444439405605036,0.5032230420212234,0.4773813789460221,0.4228366246564243,0.4378788820823161,0.5017935173572831,0.5065313225641622,0.44512818863517906,0.4895272438471429,0.49821269976576626,0.43534228425368604,0.4969134906430833,0.6457473789336146,0.44307868182698684,0.4910100221146938,0.42246849673067804,0.45352201129056163,0.5027216670405222,0.5172367434777783,0.43082178436110136,0.4827421775112024,0.6497591960114455,0.4899086368552299,0.4466269803660114,0.4487615990727348,0.5106536491870891,0.562303422598945,0.44056964534971615,0.48046314061750783,0.37593527050087266,0.5483355017219425,0.3456067468258244,0.43572439980536276,0.5193499012772135,0.43402159672983576,0.5612978407002668,0.47472053647189244,0.5616056137556703,0.6406978474330177,0.49059268946299267,0.5394455480143607,0.5095743025497812,0.44181155410802625,0.47667182736911434,0.4608081606671244,0.4535566936456303,0.454964602832456,0.5025730204071186,0.5561248087806637,0.4814073118600226,0.39218330131583934,0.49250317884295064,0.4723426211869704,0.5760272500266683,0.47002854070702266,0.47599861661851767,0.5354277626826068,0.47367760062129977,0.5331074018922243,0.47711665002581444,0.4539950433737962,0.41406397619734137,0.45055362482069095,0.473525621148017,0.49416293908526776,0.526114348148204,0.4949033012157073,0.43964423192838364,0.4541257988113108,0.44663975741811707,0.4271471511865,0.4367381203552088,0.406761960669474,0.579323027884187,0.4248097439006127,0.44314219827995316,0.4213889711498844,0.47998866502467363,0.43417561080621303,0.48187199353916343,0.47344746053745096,0.510570109105855,0.476166389691249,0.47603868218390943,0.5164355867419731,0.47903448613879973,0.541432976827369,0.42951492073589315,0.439311815921984,0.4702807309150069,0.5581239262660475,0.5560864190799639,0.5419996533083724,0.45737604938607357,0.47442933019484135,0.520258602461508,0.4860275211790783,0.45145533799736914,0.4829202446108401,0.46135034447728335,0.4872722564469418,0.37195263178055965,0.5648894837988693,0.45309395108424944,0.4787804876752129,0.4213149053225187,0.5182502479826572,0.5853934942118608,0.4587154097357935,0.4419564586042431,0.45674326602377746,0.43318331167305996,0.4313769991967548,0.43795808703271827,0.4435963169796617,0.43547766523338705
0.6102777906235286,0.49745038980383954,0.38089744056399427,0.5537887547453967,0.3392867857475,0.4536313032134392,0.4410877545144281,0.5311349623190474,0.0,0.4294936001507862,0.4440450851914147,0.42832562634187105,0.5195129414995907,0.5247858054442615,0.4931422567819715,0.42789908266910015,0.48011143556663755,0.6070606339024247,0.4766805427613529,0.6159477225037331,0.4452691594819475,0.4571980660781072,0.5107671988177563,0.40783676816380277,0.5222480639084963,0.41787057563845664,0.5938412697210679,0.5621819465525104,0.37015837362889953,0.43747290729899163,0.5464415186612173,0.4766202065904796,0.5217277721062635,0.4880733116336511,0.5900190842889093,0.47755205338675477,0.4834652646134067,0.598318805681786,0.4265604499382178,0.4982892806938031,0.477105051544377,0.5277919012813134,0.449491413486345,0.43129624164942054,0.5349259104408753,0.5202294210787793,0.38698535463844314,0.37887264630974327,0.4972749045184432,0.5180276958651636,0.46753319558082496,0.4490673125324328,0.5133584383978921,0.44353936527735693,0.42773694073335133,0.5453831716289305,0.5359361131497682,0.45644866584817717,0.48366660789678384,0.5243613462476522,0.4840208341674564,0.449391227818823,0.46209289146694793,0.4697176160681658,0.5076739981051245,0.5057909793424256,0.5407913680784083,0.42940412775162,0.5118361977987844,0.5589521680441828,0.4960415024473771,0.5278454263997662,0.542199705819622,0.49458691477051775,0.5735082719285656,0.4986052220488884,0.42635659160184125,0.3810474314093632,0.5295154856857454,0.3681050158954473,0.4565941439572922,0.5758144311876873,0.4478395911258558,0.5488700925255892,0.556123455151319,0.6437037850075723,0.518375653061497,0.5222702664114568,0.5782477121740621,0.5667843631059872,0.48969961918585053,0.5365270273602121,0.4519990702567006,0.4983873342102847,0.5639105443083198,0.4597267701600811,0.4659437396240504,0.5354047903381052,0.4675203362647484,0.5341607322546659,0.4873612062876121,0.41734497643956586,0.49619938288493154,0.4509684813377397,0.5824170036508535,0.47473112022963854,0.4717002798367637,0.5755633172458525,0.47600640230391156,0.41474024792058684,0.4377425466894088,0.5524749703800851,0.5350949791813101,0.6305050234057352,0.537421153342638,0.519827395930029,0.5436248870178882,0.4147521048681678,0.4234431290142392,0.5539766925888107,0.4483293754515741,0.5119499608373744,0.5087631444864041,0.4496986535515436,0.5399517585418274,0.4115606023523187,0.48628465438677404,0.4099088328609247,0.447556332596281,0.535310008700506,0.6319546623691501,0.46009909920992403,0.5369624316249597,0.5961555859077888,0.4677544481856138,0.4654045775682269,0.45157516560945143,0.5217389192916206,0.5553147541372018,0.5314663242152078,0.5164609654345239,0.4753186085875972,0.5682324191151943,0.542398082681653,0.4844763085417583,0.5062540392332578,0.48041959824100355,0.45136511231740345,0.47708230670080515,0.39502246342176855,0.565228957301865,0.5074476810927963,0.5044592291172867,0.4219857623625991,0.5009901987277917,0.5477640855992806,0.47586181028576124,0.4363063167747191,0.5481962605220686,0.4654325026797825,0.47275950859045596,0.5597570116824554,0.5198239144887127,0.5099274923482356
0.4489583150575023,0.5732967338966181,0.47046991845237124,0.4572067822398107,0.3490746159807867,0.47550904810013,0.4730731419060183,0.4466394291785587,0.4294936001507862,0.0,0.47116909769871745,0.5188594931876795,0.48099308390701356,0.4332435258483762,0.4852882971323542,0.4574912251479342,0.46829849744018476,0.46385306252838876,0.49590156668095436,0.49406418479620334,0.4571816051312886,0.5002435400700876,0.4898466204230378,0.4290896094663491,0.6349815960848068,0.3795119666774045,0.4576264944978225,0.45949081690467725,0.5591541738307992,0.4111315606173788,0.4986550105626013,0.5277283457347287,0.47809110912369795,0.4561239080311133,0.46897050571733756,0.4806940002404561,0.4636327231860752,0.4673044234450921,0.45937082851524286,0.46485077820451254,0.4669223855614941,0.4703688790039646,0.45298672145086577,0.45838968718598827,0.48421229782941916,0.4452248411334162,0.4018087956414208,0.439480078920775,0.5206604950635649,0.452285199587386,0.43474892870562637,0.3971463405715573,0.429334908438851,0.4829509694606021,0.5243788466504632,0.4608640626463108,0.4374905143045324,0.4489639758168703,0.49875654612689807,0.4392298505506442,0.44360616647690676,0.38357522356424706,0.40759906199396645,0.4614733675750105,0.42385939134729267,0.42032858542656276,0.43803361135904884,0.419369611043973,0.48183966457704286,0.45072481222276384,0.4167537795409386,0.44182357261089533,0.4075576517153789,0.4647625163259774,0.4766524193650782,0.44351401830752224,0.42124885970576015,0.4139804180236111,0.41674926970023146,0.35728957830363267,0.46365704125150936,0.41771705532926295,0.4521387607856289,0.4529789595438346,0.430259821387125,0.4701395291441448,0.4208321761733451,0.44024023188881045,0.46606849892362784,0.42511248218637193,0.41489831658778126,0.46043740990403986,0.5018452230292695,0.41470894848973144,0.4324964513677511,0.5728577235937073,0.4032401634172863,0.5065349553849535,0.3851160334168701,0.43330315546921155,0.4525397431050478,0.4152878462532893,0.4265975789855355,0.6440955921459365,0.4263756464362478,0.42665316891237937,0.4643848167427141,0.5636150101590427,0.474008292145981,0.4859142282052728,0.4688158269344825,0.4270416807423235,0.4365142091623906,0.4601339322640863,0.4147028964578748,0.40896378078702195,0.48637495142900816,0.6026537179636501,0.5046623291993011,0.3982820020740929,0.39956748744283116,0.3920354441701669,0.43019320861717736,0.43760617058691603,0.41907366978584615,0.535924554083039,0.39197071612709267,0.4084892598153503,0.5620923809427557,0.4845548583262065,0.4841334158229772,0.43154267891651693,0.39202329149097803,0.40287413429164376,0.49737258744562135,0.45410152602665776,0.4737263165134968,0.46464145017533814,0.5960756600675267,0.48455375158003405,0.5022512840495145,0.4917894228252807,0.44999900911572893,0.48350551968875083,0.5070546582214533,0.44199129930275954,0.43146245315087517,0.4953531867477173,0.7553845051426231,0.39009203771291334,0.421749333393646,0.5238040371664536,0.4522101694644279,0.5095784606082391,0.5396609528671763,0.4594563712157093,0.4374922775688684,0.44235081411067234,0.4506770111239497,0.41155608234831387,0.5109795378395335,0.442473850200742,0.4417033047127896,0.40830875227427743
0.52760498285398,0.503558987267396,0.563288659690232,0.5072236800073857,0.44627330033069307,0.6103461603442654,0.48779881104105255,0.46864482084438697,0.4440450851914147,0.47116909769871745,0.0,0.5668153955479507,0.610279715777754,0.41636751956727946,0.530661693020721,0.6818661153318615,0.6190497970176926,0.4962530734594242,0.5328681398388991,0.5074279386703937,0.5787650863150969,0.6534736143983895,0.4661076436191034,0.5167548677952639,0.5359536782145755,0.47158190752604706,0.44716851739503755,0.4971142019953542,0.46918583284321974,0.5256211271649698,0.4698242198806875,0.5824109663133781,0.5172941967056629,0.45126309677724347,0.4525271876390767,0.46451618003536377,0.5657870098703539,0.5084918232218479,0.5381293923115718,0.522039273446462,0.4938191348672766,0.5290348471627838,0.5496924269678733,0.5563937356322206,0.47688072388988234,0.4830943528221362,0.42798743336444706,0.5821392713858433,0.523578455024667,0.5188958599256936,0.5407840606127591,0.4954907762429877,0.43732218860602845,0.5569180125338616,0.5555735149599779,0.44384022814456786,0.5326844101502787,0.6532853936509152,0.43121142023003556,0.46624884234870995,0.4969084929082108,0.4121428907089133,0.5617444612462976,0.40452447759948273,0.4429725175286494,0.45888847509845015,0.4468305325707456,0.49942810145127825,0.4851619936124924,0.5094045425736345,0.508885504767846,0.4144868572667043,0.4292140964470816,0.5861635041641847,0.5551235994125147,0.41860293426649503,0.5700442985238209,0.49220103929733894,0.44985443264657166,0.4255683169167438,0.5093532584778919,0.45553746127588135,0.5396096356583805,0.4857997767031968,0.4631184498526249,0.4989249552759208,0.4740966236243063,0.4301701151218889,0.4433888235418871,0.43394013168799134,0.5364641367759515,0.41327673731633624,0.5915128517611061,0.46156362528986467,0.450818141460681,0.5171215875742834,0.41683656688168647,0.43278855662434146,0.3742501567183167,0.4276554863234636,0.43065280418691526,0.46893420672066155,0.40833869960686064,0.4383822731887535,0.4455402665042667,0.5124209201195904,0.5151869171844277,0.5158183986721593,0.486601617838757,0.5264929285033669,0.5563345713636889,0.45843567780709477,0.4773064775791307,0.45955305984801587,0.46375785186993207,0.5143392648964745,0.4499091437102955,0.5613890792170915,0.5594253765119994,0.39458829041676013,0.5070784755381016,0.422254881356993,0.4562154838270698,0.5321663219270699,0.4122911564782875,0.5366482875910902,0.41058653172167414,0.4844289515733724,0.4914003155830394,0.481154634378999,0.4514413674682893,0.6104512974806331,0.4375410103443079,0.44657781579105094,0.5164327504742087,0.4858482282728258,0.5156300367561971,0.4866722840685092,0.5105373852203613,0.5062030570865305,0.4510442413968237,0.5149982942946014,0.4490381027161184,0.4662987641378422,0.5415833826768383,0.4333654403139684,0.5351559510397491,0.5131321507590616,0.5005194829715337,0.3857530216829248,0.4616962842287649,0.45967431882667464,0.5489649192816891,0.4772016082708675,0.5351156281671325,0.4885483551231385,0.5766066304066291,0.5443214033064602,0.4389443979889109,0.496660224322973,0.4349700093291162,0.4313908170337306,0.4032086611508261,0.5491336052598199
0.4695667338354461,0.5820072066368397,0.5481628555004501,0.49870200912632207,0.41421536727054914,0.6160724803234565,0.5071031543582922,0.4834836868490452,0.42832562634187105,0.5188594931876795,0.5668153955479507,0.0,0.5311633618115593,0.39805968904231676,0.5736860665818915,0.5764293608651008,0.5387209634828014,0.4451791744248568,0.5808378501590978,0.4925530482222777,0.5773960086705037,0.5808775899196251,0.4709710845651402,0.5519761004339374,0.552197069452322,0.4447729700673012,0.42655316917259656,0.45450161948082185,0.504432983196081,0.4850025797299289,0.5230452721145769,0.5697971092788716,0.5683288794943343,0.49354664194190395,0.4406006216648007,0.49704222665419606,0.5186940290309561,0.47565226085226425,0.661601408914002,0.5106402702528122,0.5487624311906468,0.48564059675853555,0.517314339823677,0.556003238633576,0.509881862652946,0.5038533028870774,0.4441335690415711,0.5314542500002732,0.5094573412181788,0.5017698328953245,0.52013036999417,0.4790494999471101,0.43911668415240623,0.6116863586929546,0.5887180273839178,0.4632095009157082,0.504387986676598,0.5913445168752566,0.4248949469613781,0.48453318136672,0.4865044220366841,0.4135108896873964,0.4876133233345107,0.40616598865381776,0.4352665261679317,0.44830658642833726,0.4408750689090887,0.46111824623827297,0.42116944874580875,0.459220063540745,0.48038257612813,0.4110270451832192,0.390967199660129,0.5408913228195636,0.5052045780735246,0.42441559119452704,0.5226288531719923,0.4965794562226696,0.4595867928260271,0.40826046271411376,0.5002820777340935,0.45190487354907083,0.5569654148227143,0.4600744320956083,0.4472674178703814,0.5097341924437794,0.43924021122122936,0.41470713399885817,0.4569310407814791,0.47015440157061056,0.46653995723168273,0.44887269072785674,0.585876706197917,0.4573795720001099,0.4272597204280494,0.5847705130808107,0.43782126968410945,0.4736729323440644,0.3722244340977108,0.44050169492514407,0.44193953407371356,0.4652153886744287,0.4092696979335464,0.49730795439212533,0.4305403753659136,0.5160838555796857,0.5449257649219448,0.5086273927615892,0.5208380181531022,0.5709086796443089,0.5817003153887753,0.4419373272042203,0.440586752938633,0.4355418687535675,0.4509966886190928,0.48247318995438987,0.45979515398467574,0.556445249063497,0.5286752939400872,0.3815903677474058,0.4708818261438053,0.4140272957318721,0.43947430416771854,0.5464116895563877,0.39486244686923994,0.6478043484144338,0.4069150182998109,0.541416804975161,0.5478221807102392,0.47590835937017834,0.4499354194824568,0.5369112090346995,0.405465588367884,0.4340239013704694,0.53917977846352,0.47278405965610576,0.5579431167607433,0.4928049326279765,0.5154548758633613,0.5396530836285284,0.4496702365549375,0.5001059354850912,0.4612010180838332,0.4632907815391952,0.548434977930222,0.4281843833684675,0.5662505793475174,0.5685730060861434,0.5460185718186525,0.3917909292832699,0.45089514231102285,0.4718846789220572,0.5094110993132343,0.543094655953155,0.6024353146705775,0.48465696160216715,0.5067015268209091,0.5661220167226269,0.42408993596873656,0.4489476877203397,0.4434032271602635,0.42066923321461164,0.41563372635951584,0.4715273119833767
