0,1,2,3,4,5,6,7,8,9,10,11,12,13,14,15,16,17,18,19,20,21,22,23,24,25,26,27,28,29,30,31,32,33,34,35,36,37,38,39,40,41,42,43,44,45,46,47,48,49,50,51,52,53,54,55,56,57,58,59,60,61,62,63,64,65,66,67,68,69,70,71,72,73,74,75,76,77,78,79,80,81,82,83,84,85,86,87,88,89,90,91,92,93,94,95,96,97,98,99,100,101,102,103,104,105,106,107,108,109,110,111,112,113,114,115,116,117,118,119,120,121,122,123,124,125,126,127,128,129,130,131,132,133,134,135,136,137,138,139,140,141,142,143,144,145,146,147,148,149,150,151,152,153,154,155,156,157,158,159,160,161,162,163
0.0,0.855558150396136,0.773804274952853,0.7720205371090518,0.815465166112429,0.8467515497464865,0.88135298137353,0.8714235391750406,0.8639564700394614,0.7760367373966554,0.7998406858946112,0.8316299575961992,0.8962384298628183,0.754149480732002,0.8852020010682878,0.8156181129537832,0.8525779986072183,0.9159789054824611,0.8078373063743814,0.8789909744040303,0.842943726139318,0.8300660890811848,0.8757937821380857,0.8755360245106816,0.8680562352231777,0.7925914071963056,0.7923564313123412,0.870905388829693,0.7007726610627651,0.856748819193883,0.8987522622126519,0.8261926482428342,0.8091164894927304,0.8862851811644095,0.8913710860631988,0.738173852968324,0.926011824418011,0.8169777092016796,0.7583409934358523,0.8082891500232269,0.782013604900522,0.8736984122652883,0.8370459690310598,0.8056044202875114,0.884086868591528,0.9070904132839623,0.8869290247079076,0.7691238436888713,0.888192161046245,0.8120831781416673,0.86504085756697,0.8650228474714008,0.7575205355163839,0.7779876644415313,0.7158116512560153,0.8718557073412366,0.8914388526820658,0.8317799685290775,0.7713041255831782,0.8406497825516124,0.796920526374262,0.6946915050007391,0.7903610143931109,0.6504904862792177,0.7915452007722623,0.7945246696252041,0.8287563292120353,0.9046184296177902,0.7793023193760146,0.8962144551667394,0.9305504175795565,0.7554842801817272,0.7569993252472965,0.8698751583958036,0.8390039893488903,0.902175563020013,0.7767643820475678,0.8237991268730877,0.8590896687088962,0.7300417197330346,0.7881251429866367,0.9209982358117104,0.890712948115903,0.7856249717766025,0.791927421619092,0.9117151732940745,0.8456572176811084,0.8368611995644429,0.9248222390235142,0.8499412658383632,0.8774530319656451,0.8676541334908504,0.7730633176319999,0.8338421331629402,0.8007488809428566,0.8360139633217147,0.6677211324040075,0.8476536682969806,0.6633677041056512,0.9045612646937133,0.7384009627410549,0.7347834682925211,0.7312384917854643,0.7722134988632059,0.8113070285164506,0.8928822958172403,0.751782285006717,0.8805534841344265,0.8489874021454272,0.8753412724330868,0.8329823271725225,0.7788164829566151,0.8740925246296243,0.7924239205785935,0.8162329191049855,0.9126427153253635,0.882442503203824,0.7361468459280783,0.7312020668947904,0.8079616347419134,0.7711554345298257,0.7765891993603719,0.871800728162578,0.9290985694434941,0.7737467762475112,0.7951890058750608,0.7528481590282795,0.8463221800147853,0.7413787811996246,0.7685812659860908,0.8357171507348633,0.7593882397433855,0.7487001935768789,0.8242783333297791,0.7631352186180914,0.7302849073432627,0.8975982588856691,0.8231524854187396,0.7683871037643278,0.8772626141736374,0.754813580724416,0.7300915079864051,0.9322271650728573,0.6740251350391454,0.804003438794233,0.9005380647562986,0.8841559092369207,0.81607968104443,0.7892923511707978,0.5826036593468049,0.9014543696292422,0.7588145256280246,0.8030328077216234,0.8101476159674882,0.8513633217576803,0.9121470001708356,0.8545655229633368,0.902800555593386,0.7505745218427942,0.7736330980543626,0.7678717255355118,0.8754867856199375,0.8923686285654978,0.9126689889726298
0.855558150396136,0.0,0.925766138075541,0.7991674291105064,0.8109143031714101,0.8862715147073926,0.8912655136356114,0.9396655818133755,0.7944538608250653,0.9495227714037409,0.8878910395936739,0.9203992170152204,0.9217927833448526,0.8075602572273332,0.9292028031576188,0.8841333679417668,0.886158777053765,0.8606014322893707,0.8322345548005201,0.864666283483083,0.8770120106238314,0.958510857984984,0.875863937423396,0.9151537586265681,0.9292867422915678,0.7539519428765992,0.8610707182785488,0.8702160946430673,0.883689540294671,0.8115207152420234,0.9241111297451837,0.8546158179977753,0.8695828796993085,0.8442666811581746,0.8748595322150381,0.8497898551990867,0.9137679705131967,0.8754322018010414,0.8823304112756958,0.840431181844126,0.8667999169126216,0.8474961029367254,0.8029338948975381,0.8202014464665123,0.94006213843336,0.855002268291765,0.8420054503954509,0.838813345359999,0.8979433509328085,0.8031442559081348,0.8161063987323,0.785334042863054,0.7508070794461854,0.8840824265346873,0.8301866646547877,0.8385725868613078,0.7988203030529201,0.8692479785401517,0.831205067723196,0.8552337607267214,0.8914599010131703,0.6480950836330636,0.7328156525757101,0.7463557130796644,0.6873189931047999,0.6968901063523655,0.8407614926434044,0.8584574036664697,0.8448989945930211,0.9140255241354438,0.8331461215889543,0.7589046203022897,0.6682678811943433,0.8920201111763045,0.9155139712580943,0.7886955281836867,0.8016506033090143,0.883405875059861,0.7929558273502637,0.6511193339844051,0.8049696991493727,0.812599608917816,0.9128714608260913,0.847073552832168,0.6791626311846853,0.9368534912540892,0.8011504867367888,0.7574758309481171,0.8841700259126604,0.8452050544407858,0.7999169683275262,0.8431821733834762,0.8543959480404552,0.7300110299225501,0.7635221643938466,0.9406431420352213,0.7133185275459505,0.859461576053446,0.618829924141477,0.8676290950716922,0.8146804309216972,0.7795433558128008,0.6708751040845885,0.8757503876224784,0.7465711896553955,0.8478352618483908,0.7950987219922209,0.9364843213583681,0.8861037475013065,0.947588448205026,0.8403215834984612,0.6948638134986242,0.8001955428263017,0.8833046195231242,0.7563851663311834,0.8667768333412436,0.8212488109279732,0.8339891808740265,0.7994933096267957,0.7813291827964369,0.7419101636248203,0.7524113007414199,0.7685333570973524,0.8991595892656746,0.6927741311177887,0.9358911291604634,0.6905262409432263,0.9163381100847284,0.8777296069814674,0.8242496774431989,0.8525891504810293,0.7866739286900866,0.7160019743395494,0.7700810614955286,0.8799414856885216,0.7285289461676008,0.8963290530101602,0.8435235319911015,0.8818582290311822,0.910325902766196,0.8126051455376431,0.8129846569391814,0.900634294878,0.7715122692191687,0.897121929922443,0.7920150789551154,0.8925014805897022,0.9167080473183709,0.918321747438052,0.6823731517667382,0.7898572268117123,0.8214739655346076,0.873595368615768,0.9140068258946368,0.9137276677808174,0.9146729968969818,0.8665900867943983,0.9151041030360229,0.7678407347886769,0.6790483043535728,0.8513251908412054,0.7756072293129935,0.9456885067327665,0.8143357876651903
0.773804274952853,0.925766138075541,0.0,0.7385630256689645,0.8459136420986256,0.8707599176835419,0.8197709819148401,0.8818921876670304,0.7007596173247672,0.940157656031919,0.9099437635913756,0.8958397408881462,0.8895168690644891,0.7455226820451661,0.8635964441328181,0.9420983901557832,0.9038937825398189,0.7964006573323065,0.8047520535691484,0.8211116825334741,0.9221676572898835,0.9644025085095161,0.7923591833997893,0.8772061344144759,0.8862611369977317,0.7561626449825277,0.7775748959787727,0.7933035892824454,0.9033635677759791,0.7767663523455421,0.8372929577186183,0.8705890092265692,0.7995182062239581,0.7726444054462932,0.7775932019432189,0.8513098555619245,0.8773294550642479,0.8636850118837912,0.9040790075023801,0.7932474815638345,0.8356119137930326,0.8054155779924905,0.8581092129599186,0.8198511533423929,0.8787322452301757,0.8055498700391623,0.8303622485941357,0.9057559309654504,0.8471876314739082,0.8222440208910414,0.8119756040433392,0.7612221338719061,0.7070136088381743,0.8833751022092496,0.8564423581731402,0.756113622738101,0.7744818513754225,0.8809648526532273,0.8117881320619111,0.7978511640013671,0.8767738166779125,0.6546799423245007,0.762959369096868,0.7648976270491693,0.6737163536108445,0.6969866928987057,0.774361570957184,0.8532048956619587,0.8773494476092238,0.8668061286172468,0.8143820216102707,0.7067892837544004,0.6407258280629115,0.8883027645621294,0.9039400387652957,0.7027914805207713,0.8375297565232017,0.8901186572373716,0.7536697068060817,0.6595956295620176,0.8385797519689845,0.7381351182428326,0.8652373982236963,0.8272667435011202,0.6664224343680895,0.8552562788373043,0.7789845321242882,0.7197821229628468,0.7857217154686478,0.7503188625784731,0.779438723376078,0.7428818076587665,0.8751143673300773,0.681158536973663,0.7180880273909669,0.8958469634754445,0.7305312428343943,0.7903198904199641,0.5811467016167772,0.7703390297517674,0.7631611296585712,0.8489128997760874,0.6396322781805961,0.8425645114264175,0.7084297621152627,0.8390570743165318,0.8540982455699034,0.8760540749948559,0.8492670975682721,0.9336309444750746,0.8271496886683091,0.6853327502741293,0.7557918453494962,0.8346632420023246,0.7075753628967829,0.7873352857510085,0.7484072467019601,0.8843057716689717,0.8328138343231607,0.6828522501374554,0.7548067639912192,0.7113302067362108,0.7292223675427271,0.8523656014568678,0.6250421521350513,0.9313219213886248,0.6685970046074213,0.8974295550437947,0.8904922731124991,0.8079916112204367,0.7756853219362514,0.8805305750167687,0.6623041749120523,0.6816084753874628,0.9096678404381201,0.7513305024881216,0.8536418240540847,0.783866735854089,0.8561578375698553,0.8795947449776543,0.7564821834970312,0.8553747524848369,0.7929644385006155,0.8025411647241327,0.9228718852102125,0.7361273995003872,0.8548042520565491,0.9128002273200004,0.9243007825605883,0.7210092175810577,0.7141380959844055,0.776539790465786,0.8696007917419732,0.9012773830771739,0.8828491516828527,0.8540860634295011,0.8086792113695371,0.8762781895317583,0.6877887455466635,0.6618195722153917,0.8346897570021766,0.6826935393266943,0.8795401917928495,0.7613035550738175
0.7720205371090518,0.7991674291105064,0.7385630256689645,0.0,0.7607094435144768,0.760865306400974,0.8901030599813836,0.7675450652035033,0.635458878854574,0.7448630916050251,0.8442585119035585,0.7681674556232061,0.7795884330978203,0.7905236032861557,0.8664050789021686,0.7151246814788729,0.7918077616513869,0.8001853839371813,0.7658739706669717,0.6679103472277125,0.7858903215847444,0.7805699554857877,0.8258176641003743,0.8124969881130867,0.775203782917849,0.8397255688133878,0.7893093023960283,0.8448238850812562,0.7819320460063267,0.6370968228404952,0.7653702645341035,0.6910508597391761,0.9679874938014215,0.7950582967849364,0.8710388260675148,0.8278661464243751,0.7948793958275298,0.7961012901728965,0.7561886392462769,0.8450177140292681,0.9167171291557312,0.6877178659014123,0.7291006736018025,0.8736566959433207,0.7952339074414422,0.749974153245615,0.6821226789017285,0.777921087874716,0.8267964789848573,0.7277484853999331,0.8601042459013459,0.8549375586439665,0.7260370788038311,0.9000881299828635,0.816037658241145,0.6678842249186365,0.7457926691987764,0.7855741612476077,0.7786157369151394,0.7664544262529772,0.8145538259862377,0.6088599637158106,0.7896085612528165,0.6517721416459762,0.6595693102447666,0.6625660430519839,0.8085077344906023,0.729706400021495,0.7543450723371333,0.8190770233832039,0.7545546240145363,0.7430006367770334,0.7631799306960925,0.843915470385003,0.7707590369728745,0.7061088176671992,0.7517482972654154,0.8048309551984123,0.8025162103850675,0.6481597135102919,0.735551428459034,0.7962454008981753,0.7192692432495208,0.8088718787946035,0.7571127372756035,0.7804869604398398,0.7320735555683568,0.7499212692569697,0.7576013905323169,0.6752366120630919,0.8746374550744398,0.8012514649102234,0.7969891765607373,0.7071753077804962,0.8808434921974428,0.8113891504528306,0.6226788592403005,0.7818248097098689,0.6426318609385885,0.855996315016237,0.7763866270141352,0.6716786456742188,0.8507584307998046,0.8147281909552742,0.7825643435339011,0.7092859951076306,0.7007214467544192,0.7782787869435198,0.8128712431513868,0.7436155807672676,0.8628049473941239,0.7873546048006548,0.8483473515320537,0.7479224882888187,0.8426330591921933,0.8008893326679501,0.7603267041672351,0.6601065660703976,0.8561773809651867,0.8410255045618796,0.7004895593736188,0.8900818534762464,0.7242466945406552,0.8265928747151002,0.690405692621582,0.8314221316485629,0.6908220396254433,0.7303674263575077,0.815768540377936,0.7632512946738068,0.6330211451219434,0.6391787223117782,0.7043624101648903,0.8414639769708946,0.7242267907889888,0.6515296107743741,0.6758789847559146,0.87478107630912,0.7908583159273957,0.7487948204877949,0.9279573635229185,0.6522027672999378,0.8305507138460884,0.7353961685834993,0.792510620100143,0.7595413748286423,0.7197985253090429,0.7541485404408037,0.7003980025647216,0.5658664828400176,0.8416602354413271,0.8110107433235729,0.7507630408157896,0.7028700430538742,0.8417726456859078,0.7501681519662307,0.7608701083820477,0.8080523043801252,0.9498145506067739,0.7662249443613155,0.8118836298645058,0.7850279000277097,0.7489777314476599,0.8314177131413137
0.815465166112429,0.8109143031714101,0.8459136420986256,0.7607094435144768,0.0,0.8160938626382646,0.8787101157707629,0.7657359993023942,0.7030239339780673,0.7647330827111699,0.8651171662812162,0.837988905264251,0.8221428332770245,0.6986462394479782,0.8606245988384593,0.8655650087662518,0.862506729414973,0.7898551436605005,0.7551407727799874,0.7315323567650941,0.8996958027098567,0.8646325676730271,0.8078640339507029,0.8845081661445082,0.7982859062817081,0.8513342059188969,0.7347516930921836,0.7462663578327178,0.766934198305681,0.814620307286039,0.7890105005469585,0.7807794263032446,0.8010014138958692,0.7697624393739769,0.7769296001843137,0.7682036823270528,0.8729747201837958,0.7984927795446399,0.8271471194793458,0.8035937614132714,0.8219551234154403,0.813838805247596,0.8462243308792977,0.8714252314655604,0.7880860630121403,0.7931904602998194,0.870309601620541,0.8644633517175021,0.8440991631434095,0.7971815395245312,0.8723698977699674,0.8483969276449962,0.6786207523359681,0.820490657582085,0.7717075866180679,0.7549912291145638,0.80280541680513,0.8744014581908937,0.7176143260213663,0.7641744641174477,0.7361534079581354,0.6642105886562558,0.7904972011028623,0.6560124540097219,0.691028803991726,0.668966601720115,0.7452701452543152,0.8829860170377413,0.7544979279047437,0.7965022238439058,0.8726296178406452,0.6843623755856548,0.6538612517003012,0.8578220512078709,0.7676279990073047,0.6998231457359997,0.8246512010981053,0.9481774967446109,0.7533356515684836,0.772975351519215,0.7954631574960038,0.79295647969989,0.8676884738108406,0.7273012281640426,0.7237523863657704,0.808456745249186,0.7307986396970648,0.7160246918184027,0.7347890444256278,0.7428904538663842,0.9164063733175462,0.7587881212706128,0.8358555207671536,0.6971111012986039,0.7603759209430728,0.8311539348595098,0.61245025533048,0.7533790913128895,0.6296476148982295,0.756893301287959,0.7115128838680417,0.7308211432062419,0.6907492127833896,0.7561108154337464,0.6966723567280002,0.8408785497348992,0.7432285651429613,0.8002502946820329,0.8300132786803626,0.8639997803090016,0.8555834043781105,0.775030510820986,0.7573558119530552,0.7245062574057703,0.7372401755062791,0.8347036852390447,0.7214403911585405,0.7631104816062511,0.7859208254614224,0.7127805695516665,0.8625955392739402,0.7324903760416328,0.7547205613551298,0.9115137653740035,0.6593517823377983,0.8272899999344759,0.6891797632434327,0.8547059266979883,0.7620471429797543,0.7579035899788343,0.7148797710101253,0.8156334052316708,0.6478394314677336,0.7523893292876349,0.7598373116652941,0.737796688721158,0.8201479370217968,0.8160056329904519,0.7491658339374186,0.8373914895829736,0.7153288571024681,0.7601408983540354,0.8016836482121363,0.7020626777326349,0.8685081155876914,0.7896809489965394,0.8749327642186541,0.82627502047418,0.7598581521199956,0.6174529727945706,0.7519312727145987,0.7204866514507527,0.7996882423130353,0.8196104812608888,0.8407999045529074,0.7981283136205167,0.7869596120287881,0.8974281140198652,0.7136979720123804,0.7484286329629358,0.7394791430191282,0.7217620795629384,0.8061039734303079,0.8945525651538114
0.8467515497464865,0.8862715147073926,0.8707599176835419,0.760865306400974,0.8160938626382646,0.0,0.8211433501947846,0.8822708682397468,0.7834619398625386,0.8678519286713475,0.8409470998229441,0.9417731169852477,0.8228172110676398,0.6735433834051845,0.8145729032731297,0.8600403871655508,0.84798138737445,0.7498849946118367,0.904561090890986,0.791551544095569,0.9088690879902952,0.8502255940070278,0.7651955725995558,0.7978756528054064,0.9276921788735443,0.7096057030867443,0.6911708318063954,0.7907154980251976,0.7991403083224433,0.8428780826828725,0.9113275894933096,0.8948059190519573,0.8010126216098709,0.835168831455383,0.8211978436817883,0.807403446328361,0.8697558585410834,0.7978114432136448,0.8292463137010134,0.6991538849745481,0.793304322712016,0.8851661134800203,0.8327076568670404,0.8748443076048592,0.8163110095703426,0.7607058685443213,0.8525488507335844,0.855092275035259,0.8054849064413316,0.7625113804932832,0.8333935384880253,0.8451001294123258,0.703693184194752,0.8492194415425481,0.7965580942288583,0.846238133473627,0.7812671103845139,0.9584641010140322,0.7095445637061835,0.73939907310475,0.8253791889577432,0.6901939265771843,0.8234470930542658,0.6620011065548981,0.6883921259637729,0.6948376341203658,0.7067904267570772,0.8330173488286463,0.747633442156931,0.8911870168458886,0.8244378815131834,0.6492479240640177,0.704143945693421,0.8165918850322883,0.8969975942064041,0.7804627922658081,0.7441531813942313,0.8312068233272617,0.7530270570068761,0.7355316107451986,0.9046514569472519,0.8339082391764495,0.8693394299199898,0.7918994829212327,0.7509285424798937,0.8402458937620223,0.8914476203441299,0.7297696359996966,0.8298237941445136,0.7620390425082658,0.824635101235642,0.8813578260518936,0.8144935006683487,0.7179673031318173,0.7081777947558924,0.9307193303292928,0.7297919190889172,0.9097545014440155,0.6456708268552996,0.7799265405583149,0.7049523561097435,0.7863989287774175,0.7342297019155736,0.8885551441760087,0.7757651541067517,0.7944295665232083,0.7841991255050728,0.8811682023451131,0.7568315620645789,0.8931563415913513,0.8924080636585037,0.7055826916321395,0.8521932007190008,0.8064617424823397,0.712582510718402,0.7900111273829948,0.8778267791822246,0.7910826157317357,0.8475769071912155,0.768582936927393,0.6755380599199851,0.7921503904186531,0.8158095595870053,0.8787291759048118,0.7174632390295829,0.8840069854531697,0.707126748280012,0.8250358172239635,0.8497424360850633,0.6787168288421188,0.8386132295480304,0.8604276710071801,0.6383723776913666,0.7933389086630509,0.8070390818895364,0.6907157339766967,0.848230466208371,0.7152593329080914,0.710301706147439,0.8677473057704979,0.775866598732101,0.8282086619434228,0.8336989572816459,0.7853519368056948,0.8494368273608249,0.8124050676925058,0.8879408664127532,0.827835193949788,0.8871716344290561,0.6935671403914592,0.8160044105300093,0.8363603444162557,0.7687037162412765,0.772141780472109,0.9403206835952446,0.8179499704223413,0.7387567278032068,0.9072264953383277,0.6875709003007453,0.7133541095366218,0.7558437043675462,0.8418832773743213,0.9311609786285654,0.7949803323029987
0.88135298137353,0.8912655136356114,0.8197709819148401,0.8901030599813836,0.8787101157707629,0.8211433501947846,0.0,0.8398066167033802,0.7513565249072921,0.834385482365133,0.8817332178960968,0.8623720934150788,0.8832594230729085,0.7985378003209018,0.9454956869005309,0.8181439419923852,0.8594346739066322,0.8824916140856579,0.7930554943266518,0.7621788524827093,0.8495926481842485,0.8800196808507142,0.9422692503357566,0.9225159424398167,0.8725944604071556,0.8501874687987048,0.8672756310153087,0.8751468263150735,0.802222814160883,0.7923649696060009,0.8627155738193881,0.7904702238867138,0.9122399950758355,0.867560709575555,0.8871049314215136,0.8020212770891942,0.9219728390929411,0.8109980974537377,0.8122773421495365,0.8932158814768162,0.8661410695647074,0.8272620119295249,0.7968231004950646,0.8656803633701927,0.8803443434624871,0.8466625819939492,0.8267684479784977,0.816587045827506,0.9456480653324743,0.7723543773160745,0.8898919078029824,0.8423116878915945,0.7185494383663513,0.8688499739049255,0.806356475613255,0.7989276648349354,0.8057346027789877,0.8479509161918416,0.817713805676997,0.828744159193002,0.8095663717607897,0.6300646630224486,0.7488262771071915,0.6692720297699261,0.6900811493131217,0.6796803775507527,0.8666865150213066,0.8731451543349148,0.798423766123454,0.877985493049936,0.8497630207404542,0.7544678447575945,0.7161057013020713,0.9099795036483952,0.7980041167828602,0.7900949089811201,0.8326758571052905,0.9261277621139581,0.7897534683488334,0.6954149311253215,0.7515683194091667,0.8515879123982548,0.874276204636439,0.7714414059858314,0.7299978480049344,0.8650380639967242,0.7711255723835339,0.8048139983118819,0.8498195372084787,0.802687003609444,0.9181428123928599,0.8612486048131035,0.8364300717858514,0.7364004491678248,0.8398452052871699,0.8883370071789625,0.6057029510044457,0.8258925078032374,0.637768287683954,0.900334835114644,0.7865374053745887,0.7260588299751365,0.7699151622468482,0.8267870187048356,0.7417805958065156,0.8235646271540077,0.728394448338583,0.876014676925182,0.8895261302928308,0.8791098482761643,0.895641569819854,0.7676781468274981,0.839657773355226,0.8050608275693218,0.7946180991291212,0.8949324678011594,0.7966994392715031,0.7614638185489326,0.803551373234033,0.8220225417325504,0.7761102867091237,0.8018303221412519,0.7656023159633248,0.9404849155499299,0.6919041125567567,0.8721140378770411,0.7097253828440065,0.8595762082772634,0.8005316736573406,0.8031020435468856,0.7558688166852049,0.7047229622499656,0.7178539339049762,0.8038443962401256,0.7674681106165423,0.6875049295558823,0.8174777491279047,0.8996924018045686,0.8329386838779229,0.8581904025074224,0.8299660864508988,0.7242550790050187,0.9230876530880374,0.7098961588351255,0.8572742974591753,0.8599809826516108,0.8445469746852925,0.8476332825250869,0.786368554775669,0.5765969308981694,0.8404543740740542,0.7872464122335824,0.819682920292933,0.848344248869699,0.8895384053484542,0.867467946999653,0.8663607082031621,0.9250012057019135,0.8560666955876037,0.7869879116452362,0.8132843774610783,0.7996172698192323,0.8564912900423094,0.906687524498627
0.8714235391750406,0.9396655818133755,0.8818921876670304,0.7675450652035033,0.7657359993023942,0.8822708682397468,0.8398066167033802,0.0,0.8495447281870936,0.9027569228226989,0.8380018316614075,0.9108878130244997,0.9093340936298726,0.7494439434557604,0.8895857109865047,0.8657564342189572,0.8450803324754635,0.846864046070666,0.8264494304114073,0.873170009873314,0.8466078436818509,0.9051130628826574,0.8548279260077145,0.8637286605922327,0.9263542926187002,0.739462730046755,0.8451170024661206,0.8587860573584639,0.7926241609285676,0.8412471916639991,0.9446582612503437,0.8498931858200096,0.8236953767040709,0.8586072835744892,0.839039527436641,0.802118273187763,0.9164159099645375,0.8534602513982407,0.8412167934889068,0.7847487456976099,0.8008721886800114,0.8604920161250097,0.8141238234666083,0.7723634112609856,0.948986292950618,0.8603967282721124,0.8321759595413906,0.7923860254495804,0.8556828395829466,0.7794722495684764,0.7929021598436307,0.7697664145712296,0.7004353447982795,0.8231728657846149,0.7760244378538039,0.8588470415050276,0.7910396444434032,0.8802390881490253,0.7698339078411945,0.8265106974609687,0.8826824013606398,0.6523997067892277,0.7347435649715359,0.698004055954049,0.6741481295326928,0.7094902472913304,0.8242276754390692,0.8587837898087787,0.8300922320868357,0.967823501554629,0.8405306051554553,0.7122119353060814,0.6700105673063133,0.8652286038411812,0.9099915318438986,0.7849121332615389,0.7853074239668761,0.8253059345321345,0.819934439410909,0.6213071761351606,0.7682790890334762,0.8406591254222923,0.9029166556265156,0.8331332249205097,0.6861027267884279,0.9457712193967377,0.8804796828305073,0.7665237533629383,0.9145958303530153,0.871816975182416,0.788045306226314,0.8452360873179376,0.7890047003762406,0.7125794252880907,0.7166308219715359,0.9144761518501028,0.7216509728291934,0.8701970382570726,0.5973975952237964,0.8615013261764787,0.7548131415550426,0.8247513196422303,0.6803175559286319,0.8560687636279574,0.7597620130862366,0.8643735379365122,0.788059052605234,0.9318611338395332,0.8338547985468096,0.9061584017192578,0.8074345115133528,0.689398118929924,0.7978494320845392,0.9060786054228289,0.7398599511621204,0.8580496422130489,0.8141107769816572,0.8017213986339543,0.7488334910073927,0.7804143632766609,0.6954959325877876,0.7974411045423916,0.7595863567934767,0.8697787266852107,0.6578372029197896,0.8812013566266265,0.6896807385321796,0.916768180520963,0.8221457085612683,0.7784617714597063,0.8892989180952902,0.7905162520123312,0.7293626671922825,0.7585142321709679,0.8471558681943003,0.6700855484324357,0.8967688496189193,0.789470718497317,0.8419564729508057,0.9216003698158637,0.7730560800436079,0.7728526476783688,0.8787402141573208,0.7404843787365324,0.8431369239775055,0.8220001952149764,0.9007793874260172,0.8672600859958755,0.8992066791626964,0.6538377071622277,0.8214373267138456,0.7631462875641291,0.8369813925316875,0.8801936104322223,0.9050023527247436,0.9403131995880619,0.8366296545514613,0.9067995637349319,0.7143155061206617,0.6635800063422315,0.7856928479093593,0.7603036351325233,0.9532662233028998,0.7947418331738194
0.8639564700394614,0.7944538608250653,0.7007596173247672,0.635458878854574,0.7030239339780673,0.7834619398625386,0.7513565249072921,0.8495447281870936,0.0,0.7288478433107752,0.6575797009320192,0.7910616393129355,0.7627604721682036,0.6299940828598966,0.7647121551545498,0.7031653540443996,0.6827834440354866,0.7502179604279023,0.7109198708423708,0.7902439744278247,0.705058260335705,0.7524199394077307,0.7581377505895704,0.748407898186082,0.801429574371243,0.6322248508277168,0.7241962344929986,0.7081597299559812,0.6067215423627068,0.8847835687933477,0.8732725390228845,0.7247362234662351,0.6781463057383187,0.762836491637097,0.7440627854697002,0.6243245870091275,0.8070232947297888,0.6768196420739002,0.6731281182637646,0.6600412564762783,0.6381448685178347,0.905993200304426,0.6774836589830998,0.6519664892164686,0.7888023472263246,0.760883670492367,0.8252282412572672,0.6321984464068199,0.7276245186804918,0.6557537719713891,0.671388025499483,0.6935264638729404,0.6153474326599699,0.640219741236067,0.5906871771773288,0.9479050436140043,0.7017457753601468,0.756371351450802,0.6244443493162866,0.6984485397514555,0.6754221313041961,0.605431247494274,0.6190302731269218,0.5719998576383425,0.6461335154760829,0.6272296041593133,0.7169954680631339,0.8157140380057616,0.6494830589526464,0.818101630284515,0.7980412480306254,0.6061863852805323,0.6160756638934347,0.7012597844116397,0.7240460448243929,0.7533434735951142,0.6389327607794236,0.7063121420335277,0.6871809994358173,0.593657890443129,0.6555635713967314,0.8593027097372112,0.8736741935358991,0.6431637009505754,0.6193799854251926,0.8514990383906998,0.7921523557232886,0.6824066045422664,0.8241683799473072,0.929139424873717,0.7135444303214651,0.8410292491753163,0.6241439590639842,0.6522125068546736,0.6270961893742721,0.7903711639299977,0.6110757088957839,0.8103101016443834,0.5966979469939162,0.7581512450917248,0.6146782944193293,0.653310359257643,0.6139253496302357,0.7152634874684451,0.6584732525361517,0.7799769830687526,0.6155680888854892,0.8162343267448179,0.6944664836935308,0.7983575863057064,0.6870966143707427,0.6175682224700907,0.7103913025180522,0.737661898536451,0.6260564696211407,0.807259035944243,0.7427837113001278,0.6590402579932997,0.5935305324642867,0.7399674244457222,0.6307412565769224,0.6771818122777911,0.724896227438264,0.7788800868075058,0.6711316019858633,0.683740821112522,0.6522922012221024,0.7968689417374404,0.626019704886329,0.6383428115577469,0.943571226498415,0.6842996687510579,0.6363513203461086,0.7422581949141454,0.6761358502431956,0.5929445811135318,0.8484350705377439,0.66898498777235,0.6620001015161682,0.7916700352620586,0.6249730161121121,0.6533672710949737,0.8311754453457696,0.602738465869976,0.6753159831290261,0.8264897809196045,0.8958897365267176,0.7082427894159774,0.7477412448279116,0.5522971482156284,0.7552762492790941,0.6322044821901458,0.6900076459184449,0.7805705606670251,0.7644601691291231,0.8527659609726749,0.7332325196332634,0.817789909905644,0.6087327954149118,0.5918134355480474,0.6249878974336175,0.7466522802868973,0.8798857694001017,0.7622109456058316
0.7760367373966554,0.9495227714037409,0.940157656031919,0.7448630916050251,0.7647330827111699,0.8678519286713475,0.834385482365133,0.9027569228226989,0.7288478433107752,0.0,0.8733457017810989,0.916198271844175,0.8669262224400569,0.746930422562239,0.8545077452558426,0.8816654305025577,0.8483516463014477,0.7917307607341195,0.8320286198214102,0.8191238930619943,0.8478166755242447,0.920448815142293,0.8285823217329624,0.8358157965015658,0.9430895881532491,0.6917649083394557,0.8058893352401985,0.8233484510223571,0.9160794597908752,0.7825853969770469,0.8862020245652519,0.8776175638125038,0.8004947389610002,0.8054026559206573,0.8063787355839016,0.8374334023804335,0.8680545442707361,0.8279666714277946,0.8671133529579023,0.7648061808766026,0.8028403143362448,0.8081574165683794,0.8065178221865574,0.7913136272337387,0.8856294743898803,0.7790384854463035,0.7950777821674696,0.8483740075053968,0.8670487660355777,0.7571766282159734,0.7665773090533952,0.7121767165358388,0.6875776314045883,0.8546388319103425,0.8527145645100592,0.7793462282784825,0.7298924264016933,0.8586869754834333,0.8223953209888366,0.7770640040834225,0.8633594530981259,0.6148338989914002,0.7007326041855091,0.7562979879599765,0.638278444785262,0.6560064270341855,0.7649318379114687,0.8083437522799083,0.8630109340349373,0.889079582261852,0.7490835942638825,0.708968487753792,0.6312630471178178,0.8394977780593045,0.8861654767447054,0.7461270984925448,0.779253185687755,0.8419883723436059,0.725471687421357,0.6149708430802605,0.7909348571798941,0.7250487984756899,0.8527969653430809,0.8087481024568852,0.6378455824217284,0.8446858588320719,0.7945188806663244,0.7393070898913077,0.833969446323075,0.758886751827912,0.7380795283528018,0.7919254427364044,0.8471566406022369,0.664977376059643,0.6867069759852616,0.9308856435389143,0.6944165838674555,0.833661656139673,0.5802120101487801,0.7837563836349135,0.7760954154281371,0.8198426392186678,0.6590144274810934,0.9031217503931939,0.7010639265447826,0.7809308391811939,0.7927585780491885,0.9102551178052896,0.8167993336731529,0.9129079283950504,0.8185987845112368,0.6436416141674837,0.7488528408263121,0.8745254896667575,0.6834964255582665,0.762553971740738,0.7924109083312396,0.8987540556860828,0.8090284096241429,0.7093926205566035,0.6685641837937101,0.7123323240528792,0.7100807711497705,0.8255331709383106,0.6345217414578294,0.9406332349113132,0.6339218134262086,0.859924265729046,0.8944851486899619,0.7724881760017089,0.818853739329388,0.7737800002535248,0.6594337643743304,0.6705122503327485,0.876068448417887,0.6917352577911419,0.8513425813882791,0.7641004873013237,0.8551289544731936,0.8828377108027656,0.7889467140118199,0.8307337024520305,0.8043173483859,0.7851830999455123,0.8830117754848227,0.754171499400913,0.8169187799859947,0.8873005169429223,0.9657043472569572,0.701948777064549,0.7285796368460381,0.8206968506708061,0.8267501171804047,0.8779581061767325,0.8996863360508451,0.8509043205313797,0.7959629096411162,0.8572389178771199,0.7078801829013116,0.6491557711617161,0.8337017375157995,0.7222114542041993,0.9104367406331039,0.7202630858080961
0.7998406858946112,0.8878910395936739,0.9099437635913756,0.8442585119035585,0.8651171662812162,0.8409470998229441,0.8817332178960968,0.8380018316614075,0.6575797009320192,0.8733457017810989,0.0,0.88082991743863,0.8883265881492501,0.7941885881909585,0.892628125189356,0.9216771480699759,0.9292683348520007,0.8238103334482754,0.8427152739299006,0.8008580504252165,0.9233427843972087,0.922296938703782,0.8469034296138468,0.9014163165665015,0.8738023787948105,0.8313160326782708,0.8080776533223196,0.8757268023289255,0.9205159266499225,0.7376212256921811,0.8317628772585587,0.852852190801419,0.868775041095381,0.8330002557427564,0.8541596520108539,0.892775793900465,0.9037346969104464,0.9064769168754477,0.9429320548520406,0.8502199230451669,0.8934726651235788,0.7497838913071898,0.8744820479855129,0.9087543314139457,0.8726955602084705,0.8034653488018174,0.755021497047612,0.9605854837954486,0.920584043705771,0.8377786570534447,0.8941403189944774,0.8056961645466818,0.7285586261205862,0.9504237782621592,0.9411060416112179,0.6952205352156366,0.8335479402847448,0.88442268643564,0.8421773269153034,0.8307937534231871,0.9134351090960544,0.6486899981630095,0.808752138379769,0.7624271041913574,0.6907153094825512,0.7164311044455083,0.8200943232400456,0.8128099763838292,0.8641340962418621,0.8770386778419856,0.8105406412845539,0.77537238757554,0.7126540921598543,0.9286543297239738,0.887368961484335,0.7378627877064909,0.903240326948334,0.9159432204476307,0.8000208414943281,0.7225806044931904,0.815261208749345,0.7519067724422608,0.8111820308123882,0.862391369142714,0.7470993989722671,0.824979257578622,0.8072420134654278,0.7714844940653567,0.7883131175560476,0.7078929708308482,0.8510107974300277,0.7515040192522601,0.9396479348060605,0.7502842161006829,0.8079057431163384,0.8759344533811958,0.7043978553623256,0.770941059302909,0.6232249871573873,0.8072128811342139,0.8603540053741188,0.8481102057310668,0.7156301951604856,0.8308100788230915,0.7638307065325214,0.8000819990782614,0.8444577144458194,0.848867621930042,0.8601100221823647,0.8942221868580906,0.9163653391083991,0.7801418829470619,0.817565832776766,0.8692227104796044,0.7863764740406465,0.7994636849551855,0.7715091555351414,0.871567915858598,0.8858871667838467,0.7276231473730667,0.8070759170638,0.776223015996502,0.7681983217853766,0.8908456649137512,0.6940329260984608,0.9537886206750624,0.6754752486779292,0.8640269510920873,0.9104017408701512,0.8235342326991643,0.6925070863696053,0.8096324326410338,0.7568537575772863,0.761409574682632,0.908758254700597,0.7623233337536961,0.8046331433711738,0.8570053630379929,0.874392053511224,0.8887433392109557,0.8315035511762148,0.8348711349955938,0.8137541740931538,0.8129230534257791,0.9695739763964266,0.7436575399446197,0.797031295798467,0.8731248159342465,0.8484144301616937,0.6918534393086383,0.8184267245186506,0.8271548470487211,0.9019879629882926,0.8107970697847334,0.8881583512543957,0.843776176646332,0.859670419612878,0.8654933179597607,0.8046684826255767,0.7820433611051749,0.8255005289150467,0.7512240351317324,0.8173183362512415,0.8474321881568597
0.8316299575961992,0.9203992170152204,0.8958397408881462,0.7681674556232061,0.837988905264251,0.9417731169852477,0.8623720934150788,0.9108878130244997,0.7910616393129355,0.916198271844175,0.88082991743863,0.0,0.8319881312373236,0.6773568957412341,0.8503063720786813,0.8849624053989276,0.8565150769331099,0.7630175371123291,0.9189152701232854,0.8169142526928231,0.9106004089595306,0.8903906216036014,0.8426859581042792,0.8474794835250498,0.9691590833976184,0.7154121420662791,0.7560537737397908,0.825543510768895,0.8358501484202765,0.8723987520279649,0.9429324591497559,0.8867565369658001,0.80398721619931,0.8812302372409225,0.831758455658245,0.8246305374242688,0.8913290312579409,0.8102713647476668,0.8895343939638616,0.7313849026738364,0.8015895703140211,0.8940853368967264,0.8325084087875985,0.8575042952759584,0.8617207678183874,0.7691002814406246,0.8325972850796801,0.8622311138601516,0.8653170162500127,0.7566567350736179,0.8137749731315831,0.789920110755029,0.6606900846673114,0.8578348433265214,0.8260502417687665,0.8351641355017547,0.7734886885210104,0.967290763374324,0.7319164312799148,0.7566013444358204,0.8210246116731116,0.623854582453552,0.7492418389297733,0.6917883778023926,0.6486231825405658,0.6491776620689862,0.7301926487620035,0.815645055088349,0.7692790868224579,0.9095702402133709,0.7877952316392102,0.6582158020554225,0.661745272381741,0.8303166039948862,0.8753035051127334,0.7475192165365141,0.7732340822427993,0.8653579400749423,0.7449871823253803,0.67222660031725,0.8063497214779702,0.8124397062169624,0.8866302774644326,0.7657843331678259,0.7124763739992889,0.8613037449937152,0.8684987975156045,0.7234740608243294,0.8302192963980577,0.7913201843807595,0.8164743788062995,0.8733191364937491,0.8336135349037279,0.6859869041509205,0.6876541893259069,0.9522273221799284,0.6838028744207867,0.9069224752035797,0.6170870543186462,0.7781808835273152,0.7272111137946274,0.812630007263408,0.7189284816398189,0.9162847572204698,0.7282840559063436,0.7972237899476793,0.7725614287594601,0.9291983388660545,0.7738613243206925,0.9303747670841498,0.9083740822389,0.7067584245694474,0.7815536015043791,0.8600151593064398,0.6860117739181636,0.7987338132788929,0.8352696010005427,0.8579572678584815,0.8248209194084364,0.745045240799545,0.6889951561181109,0.7611142109122168,0.7829494410936405,0.8771159483588536,0.6724620427607565,0.9132363168474136,0.6584304992492968,0.8703187495005499,0.8659854740603805,0.6961485603939892,0.8499969303831468,0.8141550141458995,0.6443435384024434,0.7677995784605973,0.8502864491306771,0.6586349178355881,0.8762353257921054,0.7449866878353434,0.7762150853499403,0.9237852593692161,0.7594835482301235,0.8200024778734415,0.8402696974303563,0.7821234317057291,0.8830373132260625,0.8247051722049294,0.9001561404902529,0.8305231402259,0.9320275990320209,0.6964604760263827,0.8189798661180222,0.8058755948637433,0.8302544151062424,0.824289409875067,0.9669234118843596,0.8488286351886628,0.7778039758737734,0.9156492792048548,0.6950522579980877,0.6872794988440118,0.7351167711673668,0.7933790882452537,0.9405862899812111,0.8061208231711641
