0,1,2,3,4,5,6,7,8,9,10,11,12,13,14,15,16,17,18,19,20,21,22,23,24,25,26,27,28,29,30,31,32,33,34,35,36,37,38,39,40,41,42,43,44,45,46,47,48,49,50,51,52,53,54,55,56,57,58,59,60,61,62,63,64,65,66,67,68,69,70,71,72,73,74,75,76,77,78,79,80,81,82,83,84,85,86,87,88,89,90,91,92,93,94,95,96,97,98,99,100,101,102,103,104,105,106,107,108,109,110,111,112,113,114,115,116,117,118,119,120,121,122,123,124,125,126,127,128,129,130,131,132,133,134,135,136,137,138,139,140,141,142,143,144,145,146,147,148,149,150,151,152,153,154,155,156,157,158,159,160,161,162,163
0.0,0.5772026932837271,0.49107737610055685,0.415000538783058,0.4621679576899174,0.5095118221771974,0.5169478535007285,0.5674978336054153,0.5951406151689415,0.5119360654206829,0.576740307842119,0.47411359602683034,0.6558505236034441,0.5709064430004979,0.6382736624179258,0.5343856137790213,0.6165118079221258,0.7198398705876701,0.4974371558774889,0.5463043347654101,0.5855869077403065,0.5693233945577827,0.6173205932062003,0.5676405514757158,0.6048989703613468,0.5682218373277947,0.5787993428890176,0.6241149377069579,0.45051256082481184,0.514375899433363,0.6198165497524366,0.608978481144606,0.42091397117128243,0.6233052135114657,0.6418786214804775,0.5823725235470574,0.6591303293197165,0.5819401304026346,0.5148400377727125,0.7151260617848917,0.5186623716238956,0.6528585684101956,0.604264386761851,0.4952859239396856,0.6588825996966979,0.6383583762875741,0.5198068216325387,0.5216192512533451,0.6718443791632063,0.5685711264811907,0.638805495919323,0.5179685265317925,0.5420406238134394,0.4955662917205319,0.5349860243678191,0.6236214448981963,0.6066635510697738,0.5240251092431858,0.5327783809063499,0.5921012578505497,0.5533695348668314,0.5290741792627265,0.5690501927184345,0.4744733223980358,0.5588362954418286,0.5437554475693366,0.614858319601398,0.5702005419062451,0.5347787682930202,0.6020342201577473,0.6608001738495943,0.5427023256483331,0.5706148525937671,0.6428798203048901,0.59407463946553,0.6256037776242467,0.5158709105090775,0.5152953155016214,0.6042930846375124,0.4812883243340862,0.5782884264639756,0.6475914540635719,0.5453259772279814,0.5730526721629631,0.636687000393047,0.6426428728051788,0.607283774617406,0.5544957330493964,0.656248247242769,0.5573621506291478,0.6076895479435706,0.5501069083476628,0.5944797157980446,0.5757829913108851,0.619458650521571,0.45615285692793367,0.45716720903051994,0.5193528794514386,0.5524096491264382,0.6729656384442707,0.5561916110185757,0.4969350658839076,0.46796519603325526,0.37947664657142016,0.6382376245268354,0.5758314762545377,0.5282445836022585,0.6144607599087843,0.6721813349861946,0.5798065449038337,0.5213668182392642,0.6213765126171936,0.6463836218631622,0.5221701668216406,0.667470413959885,0.6459094228947386,0.6387141384397916,0.495344960700694,0.4383464076208848,0.5616037882785413,0.5120652036548808,0.5100560776801024,0.6645509272783445,0.6442075562305359,0.5724153791357462,0.49473739536175454,0.5329167128710263,0.5371450425463472,0.5299868771266268,0.5626860279160185,0.5566386522037,0.5080649320533225,0.4874354436623245,0.5701711745006782,0.5260756947766237,0.516745334051158,0.5236793050683656,0.7050167804696028,0.5963776352301183,0.5876273079905417,0.4039270037593015,0.5495757102774468,0.6614804269910215,0.5589713521238464,0.6109121408987902,0.5289841587205155,0.5668031251149733,0.5479331824366269,0.5621626241238258,0.44849778927556583,0.6428149032929429,0.5214322134462369,0.5085453375821669,0.48173798157205777,0.5300053119499188,0.6304282506503249,0.5617569163686502,0.549533910237182,0.4498763025796107,0.6001562251531266,0.578105188086203,0.6018098335177298,0.515385120968453,0.6530178874491549
0.5772026932837271,0.0,0.5403339359984808,0.4295172014747965,0.4379607075674163,0.5909670004290564,0.4925501090270147,0.5753472864428242,0.5409588746465583,0.5914373531748994,0.5791764794700056,0.5801743424638752,0.5304552512557789,0.47351118389380176,0.6330845584191244,0.4924900723578688,0.5601481448741905,0.5279157695070766,0.5885466484529304,0.49216684059228655,0.5868772414284054,0.6292403962697932,0.5347110107588922,0.5841355569207346,0.6310367222086556,0.4547931077145568,0.49943862599563743,0.5782093638812982,0.5278845093291301,0.485521385521661,0.6232365393363456,0.5284242870084269,0.45005310515347835,0.5544745230534167,0.5681494755758946,0.57370422766333,0.5256208069956553,0.5084591444361047,0.5526099384265839,0.5659136524585283,0.573348423130865,0.6320500826200401,0.48841735321563273,0.496702044686341,0.5636688362943266,0.5078254173682396,0.46072498005059853,0.5027560300392966,0.5404284255471354,0.48429768190131833,0.533591471831178,0.5020597334166774,0.5118137829159526,0.5592702881320644,0.5398289011125977,0.5860020159889446,0.5147544833860161,0.5561200030247632,0.46441281922223454,0.5067161254665697,0.5488584488197223,0.4349443608034252,0.5121356717753048,0.4291538775303927,0.4733396860184129,0.4530826881882472,0.4913618134301877,0.4646528284783138,0.44791556561081386,0.5473043357970899,0.5124401335617229,0.4493073783307117,0.4692043472519892,0.5414238643086803,0.5999889881060766,0.4939731729888227,0.4420219217483515,0.48025199390373313,0.5069780249610514,0.4303692049554524,0.5639155080187468,0.5701549072146878,0.5427400246959083,0.5225590743065355,0.5116810832326677,0.6144030865540263,0.5138255545598875,0.4379356240192523,0.5345289434677467,0.5288587375504993,0.5064022854535932,0.5440718237807444,0.5583049265251881,0.4950881083086002,0.5106478250326086,0.5001889643104723,0.4513944391877267,0.5498125029157274,0.4596140148355083,0.5399208660776819,0.48595407994592243,0.44008453545253085,0.4251359828776715,0.4192569652308458,0.5177254846763353,0.47781184635673224,0.4805121945368113,0.6384928932758441,0.5479492122633172,0.6208188456499365,0.5336047937833008,0.4913147772187666,0.5256414081975939,0.4711785356545535,0.5239941169851392,0.5838403716096923,0.5985602739293341,0.4682045201477993,0.46136321571677535,0.49423005570606604,0.43928644866365946,0.4620112003312437,0.5465129656539474,0.5785139484414579,0.49462458787073565,0.5568672361195037,0.4502004584964275,0.49555088727700214,0.6010571389718063,0.465004210589664,0.5596282300494536,0.4804409870153685,0.4168913948564835,0.5570904724391204,0.5386360682135458,0.4561705131190921,0.49883472066205736,0.552123617621448,0.5453647924871947,0.5360418318405648,0.4163400630222193,0.49139017910729255,0.5874033145512656,0.5308358852775192,0.5419945348022362,0.44246720548795915,0.5933124578194716,0.5292871841574136,0.6169984548061819,0.452798399811683,0.5484358309296785,0.5470365545735194,0.5029965550595021,0.45982224351010187,0.5897352441409441,0.531260884432554,0.5099567647259651,0.5536326524431596,0.4406074350425388,0.4628908573987668,0.5252205572215217,0.5373506186907221,0.46763563100476957,0.5590224598613801
0.49107737610055685,0.5403339359984808,0.0,0.36506138116356524,0.5064572898471981,0.5219171056981027,0.4405974160699038,0.48979589352124725,0.4354721189641473,0.5140662500805482,0.5767050220293088,0.4938654689782077,0.5515696805236869,0.4332693706969021,0.5197422928218373,0.5937816435776925,0.5806107447657013,0.47369746092850007,0.4522970201897129,0.4561896012116819,0.6135828957029011,0.682170740753451,0.4465491977773136,0.5711167443897627,0.49460664610792754,0.49154900917202715,0.43236863159201144,0.45462649782745235,0.4866778168652876,0.4768314494432377,0.4707886393980963,0.5536689113608233,0.38193576471939394,0.4596440633276128,0.44101658046240266,0.5148750464579112,0.5198009963424659,0.46902196918853634,0.5347414448241542,0.5312705116291883,0.47265133957900285,0.5478259329015577,0.5368112974496853,0.45946793401151886,0.5149468101185989,0.495537067584518,0.515760336425844,0.5794037445087594,0.48917623433417773,0.5026758308025383,0.5274514600167908,0.46697985282550614,0.44547842219762485,0.49901121318499,0.5180916190273727,0.48011484627475165,0.48581446507104536,0.5289401626375586,0.4396383103862196,0.47894747939885185,0.49776885540188204,0.4524597144397674,0.5163841873453973,0.42173047021744453,0.4479127366730518,0.4481482390013663,0.45824634115707574,0.5187626366678191,0.4612283466301564,0.47017777862520604,0.5293859695221261,0.4117010240286236,0.4283937893946615,0.5637828030410844,0.5214670922814963,0.42310287913229894,0.505355203398195,0.5251826349290927,0.45323753478220274,0.4319676219146225,0.5259232045029697,0.47218270213887864,0.5258743581930503,0.46524924262718337,0.46213336858226167,0.5012413834518197,0.4633516627910874,0.4187600734843433,0.4491527038960683,0.4519926187393104,0.4896106104338484,0.42212101847260997,0.554627116879646,0.444324677675757,0.45404930470289134,0.4330105354083376,0.4305499770542379,0.43033829735553275,0.41476136211859266,0.45956858718373356,0.4308753199780342,0.4805620376705205,0.3755512594540652,0.3568235942066931,0.4547772839302761,0.5275628081257241,0.5126684382018103,0.49319418159967937,0.5411162197480541,0.6277927936146992,0.48044356071407673,0.45804214623331274,0.46946191647918084,0.4213798772566792,0.45949535048584467,0.5086867950428314,0.4496782775737672,0.502793497430555,0.44170451290560164,0.40692919935018923,0.47030221587027565,0.40719305955005686,0.47948716928986573,0.5326679000621667,0.41333455430344657,0.5005644267869991,0.4449515093771092,0.5742287820309878,0.5158220253923718,0.464206072558889,0.45732719853274695,0.5526389358492041,0.38763502975495523,0.4320032974920124,0.5164348004663262,0.4597660625613212,0.48363965956342325,0.4865763938096487,0.49795568528629597,0.4794551620229912,0.3498774695248364,0.5131274570731376,0.4745925401553627,0.48185215776158524,0.5279594624498845,0.4167723451360998,0.5626187968430306,0.5212636638068431,0.5367646905618314,0.44422490665888864,0.43806895363928905,0.42360970675404097,0.48435834237159064,0.5342966382159695,0.4745042425221581,0.48485347700679976,0.4787589538538907,0.5236557744228998,0.35758188610092856,0.44984074035678895,0.4685358595540142,0.41697565116083185,0.41497727997659567,0.4905224352680337
0.415000538783058,0.4295172014747965,0.36506138116356524,0.0,0.36752143040988144,0.5029329161969938,0.49231753672275225,0.40382444861237693,0.3656127708743273,0.39600051006011283,0.4335045990649498,0.4783459721388098,0.3628823660029293,0.3549365000374714,0.47023980747098537,0.3399321548010195,0.3806637967099961,0.3744845298724267,0.4973308586593312,0.3270346456396816,0.4082404559111494,0.3835453432360976,0.41817772932287706,0.3911211781186673,0.45654700917311825,0.40067159633734534,0.3619870974116965,0.42892897511939826,0.40505137089760496,0.34283180935514235,0.44253406447123894,0.3674474385530627,0.7109713482733224,0.4536254184662976,0.4700149659514446,0.4487663124699647,0.3902778757464714,0.3611812650758358,0.37200550010553407,0.40164680285471455,0.5118629319556203,0.4087998362334809,0.3702085789287726,0.5353365442407152,0.3860808341203979,0.3511608791501751,0.3492555587847959,0.4032949786207692,0.39747628987220196,0.34837337074967684,0.4397345787998687,0.5131786775142536,0.36338795579937366,0.5276491516075579,0.45037214336983494,0.39166482774522166,0.3607326907286618,0.4777040568269439,0.34990303728050537,0.35011557500120954,0.393553770700763,0.3326561476791633,0.45673530107468724,0.31696639825677175,0.3469195912109432,0.33436705935023897,0.36190191815960976,0.35264708963637387,0.34197453264994304,0.42567220654968735,0.3717336336814457,0.33631340572337237,0.39771283098114213,0.39393409178540567,0.38806814018487173,0.36567868360226696,0.33481136247528764,0.37820206325754946,0.38802032077770493,0.33927258280052874,0.40435761214935795,0.4455136580461133,0.3649920975084431,0.38713996027484393,0.3944193675372191,0.39102413488423493,0.40788000985484973,0.356489464890756,0.3836794978762573,0.34653266500396623,0.4638936450819331,0.5360328685940726,0.4005082433687216,0.35562365344271873,0.39183804237085257,0.48057012323197285,0.3307025715846889,0.5364779103482089,0.36554247981364196,0.43170495390989927,0.3541716080081406,0.33197102374248366,0.5413858594468509,0.5043274635885311,0.4091577451480991,0.33630531570033684,0.3417764744838473,0.4232572778074554,0.3762917149800805,0.37746944231728957,0.5417150086701402,0.38371668413715987,0.45131286377363705,0.340986554040045,0.42917461098514426,0.4138500549893889,0.44703864050139513,0.3249731573545586,0.5477654213322521,0.4428548185187124,0.3197408079269513,0.465039164489554,0.3949450262756969,0.4215318894898769,0.3695276100595874,0.4549393510872413,0.3541750145745596,0.3404077896257177,0.4778757856670113,0.3344253786212772,0.3548429137331566,0.332938779687207,0.31721328422179385,0.45383497771923276,0.35291216472450737,0.32232976411456454,0.3303769806915843,0.4322125325205915,0.3642068057725737,0.36456009281307694,0.5633828326867444,0.3384670253382933,0.41562335776993514,0.3911048979906388,0.37600095802365485,0.42036025136754135,0.39364068758038945,0.351404064314468,0.3832719120437499,0.3130726001498409,0.4640558046755684,0.45108899908672345,0.3425616911158364,0.3126607260779823,0.5241367810604156,0.35778251714201303,0.34079453142856947,0.4417656715076754,0.5972644428665972,0.39048666661841575,0.38886875706320856,0.4363982419541903,0.33994836812900114,0.4212127195550848
0.4621679576899174,0.4379607075674163,0.5064572898471981,0.36752143040988144,0.0,0.4728515280269797,0.4811837294360342,0.39614579624777907,0.39188991896346415,0.4153286000091103,0.5179316546402818,0.45410179273644424,0.457541982780841,0.38922697925601046,0.4960997637563784,0.5008745850117555,0.49548593293358567,0.43269534856166847,0.40533339843854227,0.37893785844722233,0.5184917097646502,0.49191951855086397,0.44102056439085924,0.528398885790596,0.43957551489763946,0.5488537673901434,0.3907787594517054,0.40028443073290937,0.43782188475259176,0.4948933669466897,0.423307116116671,0.4548140683367513,0.38859203009538423,0.42252999327860413,0.4165621024579056,0.441102970129958,0.4928593726690677,0.4213205637500798,0.4478197297966758,0.49977850569491256,0.4626209221886338,0.4921604698258714,0.4944730681661562,0.5050076824896267,0.41690256891222566,0.43660748683983824,0.5593886647492444,0.5576938506108238,0.4652566372796596,0.4317118951145596,0.5097511191526185,0.49470494654316577,0.39399449825750743,0.4409610446055903,0.4575051693223855,0.44725645865141533,0.4345195707582106,0.518043165362888,0.37989412042345555,0.41213539678341105,0.3898497372144413,0.4157166440773099,0.49458754382921727,0.36451736659198747,0.3991340106610156,0.3866398598314791,0.3978799634606593,0.5171255083096028,0.39923680907638515,0.4174369744359557,0.4890417398331202,0.3820040911788738,0.38698999602521783,0.4745917227212059,0.416853336448778,0.4014133390591091,0.4443068410889545,0.6585246260936353,0.42018611158784364,0.48756971563890616,0.49045757642903975,0.42996914169844996,0.5250575113752244,0.4083597578166346,0.42881070699076695,0.43393791035440354,0.4067741693361484,0.3880887588503729,0.4015718238128655,0.40219023963469663,0.5506148985244131,0.4083506459959987,0.5135334180353183,0.40054172236584235,0.42013192154239537,0.42707689331138504,0.34811355793059134,0.4036992119856617,0.4005827416184778,0.41201017493646375,0.3947227600848769,0.3917547811264933,0.3818734225826162,0.34847371296521523,0.40754227570543006,0.47336650896999244,0.41164352269087034,0.43758595241403586,0.4941523565240545,0.5008134355717646,0.4740746396975482,0.43584905393766826,0.4277975982028926,0.37576635019303406,0.4457305310672814,0.5004111101923897,0.4181277320896412,0.4218796641213422,0.4280971966417887,0.3997811314250209,0.47327089590730287,0.39892403474557186,0.439271559334932,0.5572513912535919,0.39146391743391346,0.46436916818725504,0.39779035090226694,0.4825912586367096,0.4364379849872725,0.4184127871322871,0.3991240675180045,0.4533664068419398,0.3559000514192531,0.41253839085058164,0.39714345241447874,0.424545398417133,0.4538934062227375,0.49499383106365863,0.4069274418765382,0.43281133850523196,0.34697036868094205,0.43894923801672836,0.4230659607110835,0.40539239075582656,0.4807265307688998,0.41839788262273375,0.5158877167806095,0.4676443946413178,0.4263147262135136,0.37804731283546805,0.40988538154631105,0.40732728061194384,0.3984624928491587,0.4428675433082413,0.454905076449917,0.4148373223394338,0.4201853887778685,0.5517599688692832,0.36846921311244807,0.4630508166118334,0.42858550926616773,0.41182290228658225,0.3837326418265593,0.5124653617114826
0.5095118221771974,0.5909670004290564,0.5219171056981027,0.5029329161969938,0.4728515280269797,0.0,0.5256425737542355,0.5071860894976202,0.43943600387235027,0.5012152772701887,0.5980527570757715,0.6608128290042491,0.4708653856905956,0.40159335940745167,0.6167613766921509,0.4550015153793882,0.49679198653156303,0.4460911827272904,0.5753961153927711,0.39642553232349304,0.5517155005415034,0.5381077979741827,0.4718368279861067,0.5435552868955574,0.5673889536830405,0.48177278730738865,0.41845573773971784,0.49246684817233566,0.5140912491481516,0.451681598595706,0.5372149165336527,0.4630691108388032,0.5516474202321365,0.5057309351610311,0.5017007979441662,0.5164089981130519,0.5034269974253519,0.43659586705339154,0.4855875250367399,0.49943905298659547,0.6131468075172526,0.5391545328995225,0.46130327572102514,0.6117980601122859,0.47273350669739095,0.43504058548654023,0.44625595672090906,0.5474871024781053,0.4712897920233693,0.4183204163486591,0.531526584238605,0.6039701228111038,0.4250201522817865,0.6244218423256376,0.5369635804878995,0.4999936376611231,0.44107930229984127,0.6839872569256713,0.39111942590736487,0.4203534267181109,0.4850305386934626,0.3917426834855795,0.5708461787926532,0.35962608114840694,0.4020486883402756,0.3943730373900607,0.42065376480904476,0.4513730545547635,0.396189288187921,0.5167713675568232,0.47095553279467467,0.38055436728374353,0.4227993845537731,0.49377206447794164,0.4954549164526906,0.42360686621852406,0.4105018212412376,0.49701985011723926,0.46235866547689514,0.4254667778787562,0.5407263366484474,0.5092626032567092,0.5116201438565497,0.47310106039620525,0.44970845938854126,0.5032678457153592,0.4831405301889502,0.38991351400120144,0.4520590482136978,0.4373779354216148,0.5408765068417937,0.5210241183613731,0.5089473383789557,0.42209281986061153,0.44130787497091517,0.5689081003715103,0.387322546080484,0.5483782556753202,0.39929846626257115,0.48069182241820824,0.41194639924088655,0.3997445143863231,0.44627706439502696,0.45826436871548276,0.4559083024732493,0.43151048023758665,0.41866619839300395,0.5344370458739593,0.4752270002178407,0.5335716877922526,0.6069367003757095,0.4339068298035134,0.5063001828623819,0.3965070222094199,0.4967378426611722,0.5545638131190094,0.5135283481835176,0.4013730325514372,0.5491710331814563,0.46213555058903916,0.39434844919040246,0.48057745729389095,0.47238700923710697,0.5785317315560563,0.41675786745284116,0.6187487586521104,0.398963766315773,0.4541216990131551,0.5798652822716909,0.4010110755768468,0.4462377150946527,0.4344347282997541,0.3676330635536576,0.5057695397023486,0.44112782826952757,0.3942373990107783,0.4387521002320364,0.5093851974847011,0.4399009761091034,0.45142265356065425,0.46155168408516434,0.419411921337407,0.48013845370316083,0.44636809266282,0.47693332513746933,0.43561384249651425,0.5549259106286331,0.4648790031385365,0.4923052086939026,0.3803846703518171,0.5070097945622767,0.502281827630898,0.4157689124098735,0.39851665086806376,0.655831368977972,0.4460221324853737,0.43695715868404955,0.6500294183768491,0.46852015750318926,0.44531613072149134,0.46388293668224595,0.4805693355175353,0.39342095492350626,0.5342860870044115
0.5169478535007285,0.4925501090270147,0.4405974160699038,0.49231753672275225,0.4811837294360342,0.5256425737542355,0.0,0.42865073771499584,0.41678534842802184,0.4915332842249209,0.5104594508439335,0.5110969584896794,0.4550419386009763,0.42633530238252354,0.5677482897460098,0.41935286367125074,0.4630695875813916,0.45878516931174124,0.46932604674089906,0.3762651864522622,0.47592147014886993,0.4605834517230061,0.562439185547106,0.4785795112460033,0.5556544455685424,0.5013880275050935,0.4382842688986763,0.4728984132865336,0.46796757661617305,0.4333037376275373,0.4981964002824765,0.47191855715608666,0.4988544245502631,0.5426994760087808,0.5328066926635584,0.5029299941010357,0.5062122264647831,0.40956853040099517,0.41211982470939046,0.5231192372524396,0.49619295318506856,0.5277456142298712,0.4583163821165175,0.5816620618767115,0.45900789378903206,0.424251980096027,0.48218972826151374,0.4928695050857941,0.5417708458646726,0.4125231214433733,0.5428097199249147,0.5279912823678926,0.40119646449636504,0.5087136085639603,0.5231561883753151,0.4927838181126816,0.4160660386163793,0.5219124523279267,0.4254074991673993,0.4134934185327005,0.412995486715188,0.3966023275153164,0.4840376854569975,0.3726303606047237,0.3989401419641867,0.3801363287341306,0.4311541800351309,0.46835781947059896,0.41693344248189496,0.462278503012732,0.45242285686938677,0.3965204044638591,0.44789331475422833,0.4841566249911369,0.4210564532972215,0.44618976085263934,0.41172479989293637,0.5158230460656464,0.4188780867710965,0.4036830961117528,0.4591889927235268,0.48520152834245384,0.4587692834074918,0.4148762125095193,0.44868680299973807,0.4379323675807861,0.44561081766583693,0.4378508430614622,0.4554139412545225,0.4026796890665123,0.6015673328100857,0.5926379138795672,0.5001222512312401,0.4023579604940024,0.45122904327861807,0.5219539676239069,0.34411884512254315,0.546673063922512,0.43156975350897175,0.5160624832796036,0.4109299791895564,0.38185134256033704,0.5308597951185844,0.44212177287516025,0.4506433809963773,0.4138498409614996,0.3918897274825512,0.4990302921507823,0.4837880941219636,0.47627791996342594,0.6140977279165678,0.44701385987732173,0.5207427833615731,0.38298761853825203,0.47484060504095504,0.4937658566171611,0.5015893489314035,0.41080698574375396,0.5309126043238915,0.4846950243907405,0.3872329475616348,0.45299098683905176,0.46252329792019947,0.5329130287482893,0.4144258680459835,0.5067212976916097,0.4166811500783639,0.42158603390508825,0.512453374686124,0.40358240967247183,0.41856367402844946,0.3824269230538042,0.35262457161910715,0.4489545256331005,0.38921360808103317,0.37988506173371334,0.40382275104157656,0.553648815172744,0.42998676511371436,0.4211246928435183,0.44667493243698586,0.4170355582170909,0.48903922018908247,0.4332663643837614,0.4565309510810205,0.5635039084801139,0.45835635333923,0.4222056351428769,0.4604029608138659,0.34986342275773713,0.4780587754736284,0.4713328601809321,0.3849408897489432,0.4080854889740377,0.5385538067528804,0.41766463125124176,0.404648735905659,0.5464964392820135,0.508948698202977,0.4983850136159959,0.4622598644819082,0.4811231303328863,0.3840646438282319,0.4914339778788777
0.5674978336054153,0.5753472864428242,0.48979589352124725,0.40382444861237693,0.39614579624777907,0.5071860894976202,0.42865073771499584,0.0,0.5959787388895434,0.5172146541367135,0.5364369404179039,0.4955929368046273,0.5571438901935445,0.47617424355749266,0.572535434825959,0.49778935449540385,0.5151931996574202,0.5445466022120056,0.5088348864699607,0.5105558957819554,0.5187142857529357,0.5491389165309947,0.49899795816297726,0.4904677863335811,0.5727943243688699,0.4630639787117255,0.5576718621096399,0.5648598603059336,0.4437120056864365,0.4806673023585729,0.6555812086629428,0.5228940757525371,0.416069397492412,0.5294905429361687,0.5243464719387132,0.5445945644033443,0.5518752917723057,0.5528053525028953,0.5481718968407886,0.513108711472861,0.49493182910754335,0.5338775238385919,0.5208271655488796,0.43983871541028974,0.6413899558543141,0.5381843993092391,0.4235263265831633,0.47115983944726114,0.506102057492229,0.48934356964386894,0.5085594683418547,0.448122576074174,0.47737218681686466,0.48310669648643095,0.5108795779354932,0.5320049011460724,0.5158718166687547,0.5315934584760846,0.44842718722503006,0.5176893031826886,0.6255114359287871,0.46022216025972584,0.510806245583309,0.4294279873728998,0.46858635129191367,0.4805433698732789,0.5242367941465197,0.4703433490467331,0.48087285325989904,0.7016354929289612,0.5302611132939778,0.46238968983619466,0.4697761726497505,0.5343802456685034,0.6273622785146764,0.4974799963161054,0.46349903495856065,0.43996793511016474,0.5831888940475946,0.4091645590145341,0.509900412474887,0.5655484504508912,0.5064080439868431,0.5881326147868625,0.5159569202348463,0.646269470603305,0.6570652937737955,0.46525742586792196,0.5912719540183785,0.5618630411376528,0.48371438814574524,0.491996100468111,0.5105011485952083,0.4861293795819211,0.49767381569472435,0.4597595429405285,0.486506038946459,0.4895853681953642,0.4521832072063444,0.5362659048079411,0.5044493310385774,0.5233886988752746,0.4206239571836868,0.38947386471853657,0.5570014654176635,0.49954882043256327,0.5002270749829825,0.5692772108103487,0.5181350197805762,0.5073684454425075,0.45913723574536935,0.5027118739807628,0.5166288223054369,0.5257651908362355,0.5409387486168709,0.5351789807138106,0.5327856230910023,0.4625683083355663,0.4028445323955682,0.5004519459826904,0.43219156270653647,0.5332065595028664,0.5017027615665016,0.5262091544122706,0.4803128090663779,0.5072660653771779,0.4503635122375726,0.5345915028131485,0.5146241682691955,0.49178665457971105,0.5655638819744988,0.48873939258869586,0.47893893653574876,0.5323431360820604,0.544081790114831,0.4422718079322377,0.488372347162719,0.5201693512382555,0.5759285918323331,0.5866442870353336,0.4030184528468773,0.48397784872871463,0.5380289828023781,0.5296813922889341,0.5338440222821911,0.4344667413927867,0.552257243966332,0.5190232792347951,0.5656020112288621,0.4465754807119923,0.5950068570763629,0.49026981797090136,0.4902891420048943,0.43905886835221997,0.5286659713185026,0.6169155633072767,0.50876164529113,0.5036241126990668,0.40972506941970366,0.4611261011765728,0.4960910005477514,0.5045109275228175,0.48659234642809407,0.5190463916068417
0.5951406151689415,0.5409588746465583,0.4354721189641473,0.3656127708743273,0.39188991896346415,0.43943600387235027,0.41678534842802184,0.5959787388895434,0.0,0.4728172053169899,0.4686685801122204,0.4280310112620876,0.540520550031572,0.5193760255674482,0.5296264734319842,0.47095283290498346,0.4946100167590895,0.5957411817607255,0.4421536870355035,0.5484061462416318,0.4802986106729006,0.5119490623001923,0.5066405801206844,0.4776897358255925,0.5170287390049885,0.4454377750531985,0.599333285148911,0.5225897050677318,0.4049060558317305,0.5010592233802171,0.5970007720894905,0.4942987941485282,0.37554740569813455,0.48853716289923094,0.5253307909394884,0.48720268468705313,0.5325935660266451,0.5726122987799134,0.49421786373786974,0.5235329000878891,0.45285282744418537,0.5615915380030714,0.4869944945772258,0.4046633919857932,0.5809306078810313,0.5633072126700253,0.43819020368647144,0.42335218281598563,0.5109110003784412,0.49454437255471456,0.4747262527885352,0.41790204901219585,0.505233599446575,0.4181836816791519,0.43880973839694865,0.6146756593924653,0.5309927205174024,0.45373486649596595,0.4641007496202697,0.5388355801241241,0.5161926306380943,0.48098734421052874,0.45072807211786525,0.4537148710004343,0.5048091989794518,0.49330589312510936,0.557834747373514,0.4833531333288075,0.4769628825661399,0.5772776755149462,0.549931197111489,0.5157591733077506,0.4755292745950769,0.5007094617792935,0.5639574625279001,0.549413945190997,0.44524628864529975,0.4347443137106674,0.5594314362537236,0.4279728692027565,0.49787334070737316,0.567616762548441,0.5254234446859188,0.544460254361048,0.530633201112753,0.6714886616482992,0.5641227239611228,0.48065092155833955,0.6072502578082981,0.7296734298252006,0.4666356783441209,0.482154592193989,0.479833637558724,0.5097389103614928,0.5347513101049577,0.41911028238128606,0.4685010169162757,0.45798074976559067,0.5039634651978339,0.5267549125220742,0.5395563490645934,0.46734519931574664,0.39687892432338656,0.35434818192453543,0.5453628542853464,0.5118209129205982,0.4744983259531496,0.5526827944722588,0.5327851170946639,0.4952339855322094,0.4145553086180123,0.5285720256927351,0.4961935253599182,0.5711304924478218,0.5245268187101582,0.5450331374620487,0.5302207401361593,0.44903554037469134,0.3617171210784812,0.5232065435377976,0.4693665971508239,0.47914656871181627,0.5265174848955163,0.5149021290125912,0.5590291149880514,0.4362486148855003,0.46882681975048945,0.5078558731471036,0.4454523422212454,0.5313874989611249,0.6798781947274151,0.4787330879511803,0.5166122649838186,0.5472987831807185,0.5099866184074952,0.4829478551433037,0.5146887991275135,0.5297230611382481,0.556561479978535,0.6004040808117385,0.3689606209183771,0.4988638917330534,0.5701037489460836,0.5183392848918343,0.5347691091282177,0.43135285326955974,0.5475532360057188,0.5255606868516514,0.5237906231541588,0.4578914217219905,0.5531833540470198,0.4774993686769687,0.48577022498530714,0.4574479209179481,0.46747458830848865,0.664900402950713,0.526648614736764,0.46932845679495777,0.39529959211348903,0.46104197603104075,0.5071244920273362,0.5387402432674668,0.5639550036973492,0.5373255057430673
0.5119360654206829,0.5914373531748994,0.5140662500805482,0.39600051006011283,0.4153286000091103,0.5012152772701887,0.4915332842249209,0.5172146541367135,0.4728172053169899,0.0,0.5250370300719839,0.5044729896106345,0.5191622903922711,0.48153468158413015,0.5351444606757002,0.4832960359984362,0.4954123450452454,0.5051672871193829,0.4668398024651578,0.4443640987375268,0.4810256893473308,0.5199401180988863,0.5472591214722927,0.466348381231607,0.6671116130366822,0.44652886922426815,0.5280559503503626,0.5058895276815714,0.5932283995162643,0.46644413723857536,0.5690490960366283,0.546239804954939,0.4138054325942123,0.5154404643017498,0.5261320463698856,0.5434905965330399,0.5406710742260707,0.4847963186017933,0.4669735707667983,0.50927489895621,0.4744966373659014,0.5335181239213528,0.4933726971088246,0.46472782056006434,0.5409536106240721,0.46675935249737976,0.46678938371168666,0.4992184125378769,0.558338313843809,0.44457675690366155,0.48034187738989514,0.42697524000385906,0.4314995364167931,0.46692712974459405,0.5561247367249037,0.5354006985143533,0.4412620330510017,0.5003558075748173,0.47172358878962434,0.45692578749160745,0.4753352179999269,0.42866951137793236,0.45104429708602645,0.4422072106467649,0.42014144637017964,0.4143281539231337,0.4689225547133334,0.4772028290394561,0.4966089208698436,0.5331269524357137,0.4627491132679435,0.45300782421536906,0.4431459215439813,0.4915378377348675,0.49940529939236894,0.49736971964539367,0.4308194464328961,0.48814754946621414,0.46049204674108746,0.4068225896762215,0.5014490438147069,0.4624920787729152,0.4983755859631825,0.4985471525250597,0.4626078551985291,0.5068544781283061,0.5019978873143355,0.4623689201629162,0.5342772148160404,0.45796144177178305,0.4800527272887263,0.5092470125452464,0.5359867664905844,0.4236842456711081,0.46226155272594055,0.5230446181066368,0.39154033085066997,0.5196579892654354,0.45264297341545673,0.5019203586187994,0.4875069993275975,0.44282739493815215,0.43436156565696565,0.43585951578909826,0.47901690597868196,0.4512775855223017,0.4420880953101768,0.599141994238992,0.5199457780095046,0.5240616696771986,0.4720525252572935,0.45963326624895456,0.49252899570650244,0.4639098224157751,0.4741024225648333,0.4721378634788744,0.5343270338666047,0.516868892770176,0.4445216896336216,0.489998074245541,0.40550868346685887,0.4547329918012616,0.47697071306657285,0.5054480904354288,0.4535326478490691,0.5667817386641373,0.42208434399907846,0.47484245496005073,0.5826761371539506,0.4718754709604446,0.5311630714445527,0.4272638933673363,0.4041562007591364,0.4428481428990809,0.4628416617495692,0.4251260398139723,0.47699868739397727,0.5267605439836718,0.5540965746090839,0.49663368704192495,0.41806940348865873,0.5001580876364299,0.4905118280440128,0.49066252259855053,0.5327885521889616,0.46901629032529335,0.47224026294880106,0.5075969279349197,0.703028000682742,0.43353871457332743,0.4739398378762126,0.5183846420051776,0.4238671463625866,0.4730043487496264,0.5335252159180678,0.4914429952060116,0.44547683822244694,0.5047805884716571,0.42550782279760724,0.46141541056230095,0.5531302166172085,0.4974080105242045,0.4516639191563566,0.45864998882211916
0.576740307842119,0.5791764794700056,0.5767050220293088,0.4335045990649498,0.5179316546402818,0.5980527570757715,0.5104594508439335,0.5364369404179039,0.4686685801122204,0.5250370300719839,0.0,0.5721155138472165,0.5670193714554804,0.46234297823395554,0.6338853154968612,0.5792409795788839,0.6149389611181165,0.5234476393187933,0.5571011620747018,0.46631316823577934,0.6511778051723305,0.6185975275184994,0.5270754250175769,0.6061004834702756,0.5940274562693981,0.5542654557759514,0.48066780071292287,0.5551319722341145,0.5472820499686658,0.5080276664069907,0.5692701323184396,0.5727385139662771,0.44827185903596045,0.5545376948338339,0.5352328108443579,0.5875562799855849,0.6075757193796463,0.5266066913735257,0.6123889933232659,0.5915626273132677,0.5710796681068208,0.5626699826131832,0.5861463991519459,0.5761532004929744,0.5450222193817089,0.5126418717494368,0.47406951762771554,0.7014207761863946,0.575577259563976,0.504056145315754,0.6262660830003907,0.5356551409608535,0.4736998693948856,0.58425488278843,0.6676098342843708,0.499522982584221,0.5349418966589343,0.6597116221424595,0.4501053006001862,0.5001703585272473,0.5550591294959224,0.457785369605665,0.6143658707057567,0.4207869821642981,0.4652210384700064,0.46222316823527626,0.48803034654425487,0.5107676929437421,0.46646264661846837,0.568450875329722,0.5522883651716394,0.4489069153062935,0.47050406697722075,0.5952942674887322,0.5721979981914302,0.48592838902383034,0.5132539529861434,0.5693053050562586,0.5301428983363945,0.49282048990728783,0.5927360896611499,0.5321002598165789,0.5441113831246502,0.5407667919663524,0.5301598576122889,0.5476140766221278,0.5572506395057101,0.4521460998809705,0.5082276311860582,0.4658616064673779,0.5881290199539244,0.48708956930162506,0.6712781060953878,0.4963552094626081,0.5064124230230729,0.49457114789581536,0.43341930389996663,0.48668252180407906,0.45530787188718175,0.5104891804308579,0.49924593723172744,0.4915547996992157,0.4389034878604802,0.3997323569713434,0.5215822658394575,0.5065986054801154,0.5038562066822714,0.5587392646320142,0.5615453819925915,0.6043419157330616,0.5939915522328673,0.5185873942253427,0.542598782187551,0.4661427408043925,0.5609144918818276,0.568773321469548,0.5406097743700335,0.5068516659269091,0.4923471346897613,0.47527399762325795,0.4815050961038169,0.4918776910055414,0.5389353679719997,0.6627042426969152,0.4752474322621357,0.61845987422653,0.44701915878449416,0.5422064487702762,0.5979202181195895,0.47897134470354036,0.46873156283384537,0.5173606586698523,0.43536231658956975,0.5253887576979658,0.5309998951276487,0.47127668199291034,0.4988245762815019,0.5869959334890509,0.5286753511922319,0.5499763878408078,0.4139277496278157,0.5178255378820366,0.5219123846590492,0.5172008779096617,0.6091777474367113,0.4482216446325129,0.5718093426013101,0.5435786513193749,0.5537551002916691,0.44601877005305773,0.5646453300343833,0.5199060895989566,0.4938418572208385,0.44336119663185986,0.582361458530595,0.5266069436236933,0.5272815812041095,0.6018403218946599,0.4390861905639558,0.5418947543151581,0.507406792182169,0.5139256369375956,0.44831287932734937,0.6193568590279334
0.47411359602683034,0.5801743424638752,0.4938654689782077,0.4783459721388098,0.45410179273644424,0.6608128290042491,0.5110969584896794,0.4955929368046273,0.4280310112620876,0.5044729896106345,0.5721155138472165,0.0,0.43997666191462326,0.37818566858867814,0.5899740670544263,0.43985163790907683,0.46832834878410157,0.42339960085053174,0.604555788170901,0.3878413478806993,0.5117800415424061,0.5119052061576086,0.48438491119551835,0.5343955368530037,0.5677707878683059,0.4393715297104475,0.41958087109126296,0.4855330530628697,0.5215774082271211,0.4604450117365567,0.5387881804706742,0.4418962657633124,0.5206528226363466,0.5081137664708788,0.4785429807939469,0.48925062657147533,0.4747582344129501,0.4182122713919321,0.49141359262409845,0.4684787776250396,0.5690323349125467,0.5059769469489307,0.43882669733641694,0.5541453521884734,0.45869955756640296,0.41487624871781775,0.4195468315823506,0.5090246595022965,0.46366674492721294,0.3969734667772374,0.4833402939112581,0.5172481375693259,0.398106354071262,0.5709607347710826,0.5229558643899681,0.4687310371395301,0.4208715526776961,0.6596531818434362,0.37404512178256305,0.4046662881015692,0.4526847376199198,0.3640227297422853,0.49121764341316093,0.349324551595478,0.37812408834685507,0.36966815667259256,0.39556875770947236,0.4146490865504614,0.3784326691202898,0.49449908471790943,0.429152107003413,0.3658431897961267,0.3899698379123917,0.4575092086303763,0.46665125359668036,0.40445661662447846,0.39238683892476517,0.47616895075856974,0.43971969404198186,0.3961640071289294,0.4754782700461134,0.4692155153235561,0.49549038430573733,0.43998075818588106,0.4206983916253001,0.48198246368269576,0.45344541170002955,0.37169541964459957,0.43581572987816386,0.4263260988626207,0.49313252140710395,0.49637717217407257,0.4907228120372271,0.4003546246936422,0.40844276287581127,0.5638980662249367,0.36762672102593913,0.5260565732447329,0.3775234772461496,0.44586086167745975,0.3983491977823448,0.3877000152685992,0.42216591096463685,0.47295532823764264,0.42441477777376585,0.4091235967288694,0.3976760315288274,0.5302046717685094,0.44703320301110644,0.514208618705168,0.5753591324272197,0.4103697314800188,0.4462358124662013,0.38655236657370984,0.4543308292123683,0.5143489177228677,0.4866317749601163,0.4065630180342765,0.4960719988226145,0.43086108420027813,0.3774921220329038,0.44782300633631367,0.4389609386826522,0.5339767633966371,0.39331898083312844,0.6237095432876217,0.3704593088820359,0.4452314917198052,0.5545655975379422,0.3812733576506802,0.4390216468441866,0.4063231940275768,0.3545123860484994,0.4713949647508333,0.43040587562613614,0.37145350011295564,0.440004787028678,0.48140617776637307,0.43831175504760606,0.4478099346762174,0.43909376717470844,0.3997454766583142,0.45266042272933843,0.42162760262612226,0.454946450509647,0.41638387706763963,0.5280301254247639,0.4427803373640695,0.49485558627833165,0.37273746720369605,0.48554241054586444,0.481222983805314,0.4117493537044277,0.39021749478472456,0.6458582465787855,0.42750783431686,0.4274153294353031,0.5936303973035985,0.44566199369869725,0.41527195690965785,0.42635880550510025,0.4538764517021321,0.37869881307086634,0.49902055844496995
