0,1,2,3,4,5,6,7,8,9,10,11,12,13,14,15,16,17,18,19,20,21,22,23,24,25,26,27,28,29,30,31,32,33,34,35,36,37,38,39,40,41,42,43,44,45,46,47,48,49,50,51,52,53,54,55,56,57,58,59,60,61,62,63,64,65,66,67,68,69,70,71,72,73,74,75,76,77,78,79,80,81,82,83,84,85,86,87,88,89,90,91,92,93,94,95,96,97,98,99,100,101,102,103,104,105,106,107,108,109,110,111,112,113,114,115,116,117,118,119,120,121,122,123,124,125,126,127,128,129,130,131,132,133,134,135,136,137,138,139,140,141,142,143,144,145,146,147,148,149,150,151,152,153,154,155,156,157,158,159,160,161,162,163
0.0,0.8461321052131975,0.7367003074994547,0.8494552854406229,0.8022250616117916,0.8551650117159237,0.8429175476263603,0.8361811049094651,0.8369636695501841,0.8136448941025655,0.8936197248479503,0.8670370709152909,0.9514022512499386,0.8084568471590723,0.8757473734915818,0.9129900726872566,0.9341109707450436,0.9658832078037707,0.9059226327612215,0.9378100098880494,0.8731273044089171,0.8110683569966035,0.8781455312054518,0.8680634023086822,0.9132768232352256,0.756242294000951,0.8795749052831179,0.9309615414161636,0.7632014230088265,0.9197564391504061,0.884889490100292,0.9234545454844939,0.80754675824894,0.8623077961770634,0.9248143719780265,0.7748249014960185,0.913387637765186,0.8527660464319002,0.8146755687049498,0.8885283835349488,0.7740163648483035,0.8300744656384709,0.886433412258225,0.8392897826268101,0.8807343955571387,0.9278097848335303,0.757652734254632,0.8256537877584414,0.8983284453789298,0.9049730719669867,0.9233992849507643,0.8184500066868139,0.8210899071502383,0.8298178796787136,0.8408139020459895,0.7535038623378794,0.9566954744172618,0.882798881465102,0.8830399273589103,0.929444456510618,0.8459170608856308,0.7288880014471026,0.8277789213716076,0.6785488625992288,0.8566467567853667,0.871347313971827,0.8421822712442834,0.7956280348188086,0.8192326004832479,0.8766533958602528,0.8202373946099708,0.8745275438334399,0.8359889725412162,0.9353357561377417,0.9036750487141468,0.8751648961138954,0.8533343832472102,0.8216190962890604,0.8213345566978693,0.8027234924692543,0.733583110890195,0.8396921925704218,0.8640098436472311,0.7969168703351502,0.9069258948795821,0.8366897630427439,0.8156151630366343,0.9187745219630553,0.9402081708792934,0.7524850993012513,0.913110590993942,0.8256989421851142,0.902063862487405,0.8989641184859619,0.8658476391648037,0.7586546272648208,0.672609627798793,0.7364758369439496,0.6537027822846208,0.92356746751818,0.8159904736414051,0.8037285635727432,0.7925115329670736,0.7273638354818729,0.8749212963607179,0.8705940181819134,0.87171981123624,0.865384901669137,0.8851391149663822,0.8520168127657595,0.8639680678039926,0.8446566825241134,0.901587782186445,0.8624917078913451,0.8935246890222801,0.936281249789394,0.9107416303989749,0.8646126531937236,0.7630446746989858,0.7236191779299092,0.8607152028427734,0.7168831366104548,0.8207835659921308,0.9076745923101528,0.8138088416274828,0.843583117391131,0.782046262333695,0.8265238528165697,0.7834064152313517,0.7964414929010024,0.812586364475897,0.7792300745988405,0.8591227510885008,0.7902329403781652,0.8048633335242227,0.7483175016996372,0.9030181018053158,0.8695052771318319,0.8332065036427785,0.9177105257915131,0.7774601018302755,0.8246269113245982,0.9154050211268202,0.6915581403024156,0.8393700855789118,0.8537241837854389,0.7492647739291752,0.8409396789976519,0.8162996814875125,0.6408216766623492,0.9082137211347268,0.8463984883196081,0.9078084059297388,0.7529576065802362,0.8557821777875184,0.870520681608562,0.9023119042595222,0.8819243536844397,0.8280088776738815,0.8695949622641839,0.7010219156781563,0.9205818641026595,0.832897544017776,0.9316973572079145
0.8461321052131975,0.0,0.831476885631563,0.8282454994485674,0.7882555268470635,0.8963765982894942,0.8305956128827918,0.8031281847259556,0.7910922259038161,0.9336008836254456,0.8413292176988676,0.8828311964662238,0.8790576803352715,0.8295629565154364,0.8848439914068182,0.84640208896615,0.8565674529050354,0.8304638287961339,0.8321439664103384,0.8368866704992357,0.8527582256002618,0.8940701012139397,0.788442894244557,0.8672727548843892,0.8774662673013044,0.6907234637645305,0.8188210372957998,0.8081207678587286,0.9012152350239828,0.814033537025887,0.8617144648808918,0.8500419799534247,0.8712406687391849,0.7679964090284042,0.8720539395690262,0.8329270064822487,0.8292960557365113,0.7933607204357915,0.8259674999061813,0.8630918266092181,0.8528902522446173,0.8322114450434551,0.7607302750988233,0.8401907727055627,0.8427732094639134,0.8218368615775757,0.7787698176701887,0.8150387114150549,0.8119972240166174,0.829101623989402,0.8246073084835811,0.77333845844565,0.8104369547407135,0.8896491740240473,0.8344772139815009,0.8300683994017158,0.813418215677316,0.8298311234906107,0.8625170647698545,0.8618206470550375,0.8200218287856074,0.69727169361599,0.7358822870300193,0.7174708761706197,0.7668055916391333,0.7450245625999374,0.8142392710734768,0.7745202918394302,0.7517711938975915,0.7800391299549869,0.7687989682087414,0.8062097897397571,0.729218645065316,0.8621578967542636,0.8557548523947043,0.7715853759848009,0.7705864276755072,0.8422239528057676,0.7126032258407088,0.72794801191084,0.7687090045501725,0.7897767128129652,0.8950981697917655,0.7620845853569759,0.7554189239010856,0.8352877594068882,0.71446430500527,0.7771606957528794,0.8299489381428711,0.8054079833186186,0.7987403394403502,0.8733179613334822,0.8678804217832272,0.7828623928926749,0.824063462373763,0.8712271719182897,0.6899897606997007,0.7757043680355302,0.6560689299317601,0.8591213111338559,0.8079723748202983,0.7183011965106403,0.6915216358747631,0.8063187656669324,0.7687375999446368,0.7909186951098478,0.8070880706964475,0.8392511289784986,0.8805088305818941,0.9056813823185125,0.8172785436761916,0.7246428644030455,0.8287485168512518,0.779934494609554,0.7804922958555107,0.8684243952124494,0.820894242892681,0.8131881201013764,0.807953997471289,0.7171599946035229,0.7962277990873605,0.6565540581958511,0.7492244459397313,0.8532986067945162,0.7819944886183801,0.8929806399383815,0.7564108545084259,0.8315733115924439,0.8526382664441157,0.8007771026398838,0.8349318409637282,0.7603068320456269,0.7312783193844954,0.7784962774609828,0.8311188297597731,0.7621913899469703,0.8506153084207847,0.8527624269778186,0.8214203781421576,0.828441403410456,0.8027001064488359,0.8472373187783598,0.8990630409527405,0.7471106136518385,0.8514784485892856,0.7535536805855483,0.8048336778488903,0.8752564730217235,0.8673384544504983,0.6824323535314772,0.7638626570626597,0.8497444811941057,0.8429856950609582,0.8794069153231951,0.8623319696105048,0.8134463140200404,0.8202831323815167,0.8774339818226263,0.8155815626142218,0.7397408638310567,0.7655279500606027,0.823023412166384,0.9010395588457788,0.8127598359131739
0.7367003074994547,0.831476885631563,0.0,0.7282459891763303,0.8169289731528732,0.8675243965213103,0.6545921669753827,0.8203147442818022,0.7411425465522328,0.8208267001960781,0.7882618046448984,0.7754554604605676,0.806186473013882,0.7186392492793238,0.7797680298698761,0.8295096100899669,0.7915065764077259,0.7460300205665362,0.6962321868397784,0.7514453788745655,0.8644541628033076,0.9358687351846942,0.637329981942861,0.753739336074207,0.7628916077609977,0.7561959149168282,0.6954727178291172,0.6714881709712711,0.7885606002585323,0.7098197297006704,0.7370234923645237,0.7297462281473306,0.7901404585809163,0.6335241775210115,0.733384352771222,0.8334978954405533,0.7610977872783602,0.8319841796339175,0.742232349055602,0.7285343443790029,0.8422717224196341,0.803017296291693,0.7805244379763144,0.794228324480559,0.7836859269694116,0.7238815623601667,0.7919346372640172,0.8422213965609426,0.6586144237841399,0.8148964092674279,0.7329517796750177,0.799076160874103,0.6748752873352173,0.8218451223606179,0.7339329420997002,0.7512554936178282,0.7057247870285841,0.8508121808927543,0.7120643726602335,0.7096111475399571,0.7735727675349762,0.6947889989143538,0.8189058954598264,0.7338305169444561,0.6923402827503204,0.6958757684889453,0.7107571310454094,0.8319505036693341,0.834694264167345,0.7953216502125653,0.8242953020321888,0.6687992399473657,0.7142507236735278,0.7929362755416842,0.8399270455756896,0.5994792481934202,0.6916394490372594,0.7611219168081811,0.718811815911669,0.6148155795008255,0.824414365857919,0.7664920848272855,0.8094954442318788,0.8139778870047316,0.7003292333975724,0.857792304500661,0.7311760989677841,0.6676491946445419,0.6766358560076052,0.7262810979617781,0.7942937577170552,0.6939592664892381,0.7436766112509938,0.627097692169596,0.7437075470974501,0.8474257103124305,0.7287265957331778,0.7519576030268746,0.6061443007961939,0.6999198291554423,0.647262641846088,0.7160939621007032,0.6666189603649227,0.8100234364780529,0.7444653229136522,0.8058470857084877,0.7753039090234096,0.7838346840517944,0.7637621076238887,0.798234873085779,0.6917899144739189,0.728704634406719,0.7736682256480099,0.7166106158543839,0.7166001227521396,0.7772774810689688,0.6623360779615567,0.7070548292929699,0.8568651949432068,0.6877866747805746,0.7692011811394505,0.7148752545765028,0.6983304051835019,0.7143546110394738,0.6528992495909569,0.7933971432797314,0.7188366605629167,0.7921293893217288,0.8282280275149774,0.811505838835864,0.7857233109703247,0.904571309273999,0.6381873964037346,0.7198842121045689,0.8388569597166065,0.7416144319406719,0.7535191273535822,0.7507514336760726,0.7938605159464049,0.7258732470168268,0.7397385836918361,0.7902558200831584,0.7037396033115842,0.8213765738103295,0.8229987635956127,0.719647956973036,0.8844563746911078,0.7656133084550285,0.8530245456130218,0.707299881252826,0.6678738199443026,0.67941094516938,0.7538768749256636,0.8744618014476845,0.8298529298570451,0.7671099816927852,0.6712786140265823,0.8146612597545434,0.6416505449901642,0.6096414441571991,0.7456701349593942,0.6492745465082403,0.8675478239237764,0.7365733594321976
0.8494552854406229,0.8282454994485674,0.7282459891763303,0.0,0.7658080639396259,0.8251987486512702,0.8603252335762391,0.82198192942478,0.7331275003793966,0.789708795481052,0.8959917603552238,0.8608745515242175,0.8682412978683886,0.7786648583081799,0.8981661675213178,0.8237623333843626,0.8283649275558376,0.8277373481232116,0.8548656565550822,0.7848552790138192,0.8355782730963871,0.8134067178407541,0.8148102625840375,0.8476973695971891,0.8486137292843444,0.7756382835451446,0.8493940488297651,0.8475081246864076,0.7866686657624107,0.7790742328607024,0.8564430491899699,0.8284626577847863,0.9238361662234097,0.8109643765195623,0.8595130394053148,0.8145277761765052,0.8713983508417593,0.7833216096425454,0.8611957758722417,0.8761755881081931,0.8165650081750289,0.7420307897724691,0.800272693887972,0.878272639319734,0.8498799492706258,0.8177680268202058,0.6410386545330468,0.8370458925994508,0.837991425045635,0.8097932644777669,0.903005602969376,0.7732389057787704,0.7391608339438462,0.926656182020882,0.8872495895425723,0.6711024079752159,0.8412174698021326,0.854757709928156,0.8291459692148988,0.8511222739072329,0.8815100525742058,0.670183708223149,0.7769892767740421,0.6343002679775015,0.7536719796717049,0.7708869791303068,0.8972311031821679,0.7441791015022494,0.7367994524904297,0.8478820807936204,0.7735041346234047,0.7815265911428851,0.7961214234504719,0.912735516638674,0.8192021276672181,0.758277975310253,0.8611017828541908,0.8173574303826893,0.7530797545831112,0.7258339464677908,0.673460359328886,0.8430298109032089,0.7890849696399665,0.7512667856608197,0.8202600916485326,0.766372982695224,0.8100213073253633,0.839803532215386,0.8270130607502614,0.736781576766507,0.8650400090895363,0.8362984039770605,0.8593310475932031,0.8012939626143477,0.8699271847122967,0.7973501333112091,0.6790968838743774,0.7051078303807995,0.6160950562840456,0.8837104367940994,0.8258466264278824,0.8066552160618303,0.8445339076700605,0.7449430957799096,0.8053556079254389,0.7552045749038349,0.8161272962022247,0.7678477219917204,0.8216322309199673,0.8070062333816914,0.8873170182144688,0.801015893346652,0.8973503840242939,0.8163407767166866,0.8162947997967286,0.8372436861219766,0.7748623835543847,0.7962622585530138,0.7965432229823747,0.7126005444128283,0.7793159504099848,0.7686678005246483,0.7135397174762296,0.8640016580398968,0.7276021867974833,0.8670442447339191,0.741333623188249,0.8211769026843612,0.7853821225397831,0.7617665777337083,0.6820615385554278,0.7191503383313815,0.8271218675417604,0.8262122264005303,0.8234130497516582,0.6654494611337308,0.7498748665829454,0.8661154042615615,0.8105756759925762,0.857322060796435,0.8540324743770071,0.7552937788672807,0.8814309933421038,0.7351433113741205,0.8416570229384148,0.7740462303102479,0.7283002554052155,0.7913217088140556,0.7346344447461844,0.5910418351640511,0.8881628235008096,0.7934005792146048,0.8527516550210276,0.7154949970792482,0.8565474671426584,0.8496742293176416,0.854101915406577,0.8560960268613979,0.91895757272033,0.8210021523391483,0.6639549504977988,0.8024070271212749,0.7749273940109045,0.876617441687884
0.8022250616117916,0.7882555268470635,0.8169289731528732,0.7658080639396259,0.0,0.8159949310650777,0.7940229241242183,0.707065160769614,0.7255364893704702,0.7613239126459962,0.8604546757173449,0.8157677773285854,0.8115834806982751,0.7150771743180404,0.7937575808693826,0.8637599053853601,0.846967547866297,0.7800818161284403,0.7489140051060905,0.7385089761357847,0.8624065732128458,0.8579537991638612,0.7509351888412138,0.8319789055221294,0.7827829839038588,0.7756144153663249,0.7555476647285602,0.7423228068240598,0.7829935392300736,0.8412599708264182,0.7305061926172387,0.7770460745218318,0.7561058536136034,0.7046316182813758,0.7639856766979701,0.7362337722358219,0.813944973160942,0.7682963036183453,0.7690313801749504,0.8126100319219609,0.7670512017909596,0.8600783306803604,0.771324555712062,0.8540288908008311,0.7284402845590152,0.7375057619760781,0.7824424162963142,0.8493071147620624,0.7706523481894805,0.7859264507160293,0.8094850939568473,0.7889886648469362,0.6794781368196497,0.793002418641901,0.7661934683294446,0.7361150764672455,0.7756685504704582,0.8675030477152417,0.7264219675889078,0.7502496465813527,0.7075375689964494,0.6548942564026992,0.7523534748513653,0.652918218642199,0.6905109371071393,0.6706089826147323,0.7206321444171995,0.8086593313286324,0.7407425234092239,0.7470214429956273,0.7750468296599178,0.6989307197055823,0.7149430620566161,0.8254705849443928,0.7696508570214298,0.6673487888843909,0.7742614055215311,0.912814227646433,0.6665203843219717,0.7739066745904597,0.7278780772092983,0.7397375969278153,0.8652714092439394,0.6885609258779646,0.751128724700383,0.7504018571974667,0.692846096356175,0.7112060921737579,0.7052066331839695,0.7063141529137797,0.9061987015055628,0.7145964767029348,0.8214530057290024,0.6992902326375237,0.7870408793803079,0.7748043224203794,0.5855256030730399,0.6735135087852469,0.632894851988549,0.719401137643916,0.6947426929449343,0.6917409128504239,0.6772049131892605,0.690958815041902,0.696969691555033,0.7794837781960018,0.7306570864674721,0.7794466906110933,0.7812551658190243,0.8339188953450469,0.7946708630137376,0.7688994080791928,0.7609169641497726,0.7431601306165869,0.7170267762486147,0.8483616266469263,0.7047510820153776,0.7702771628091167,0.7952406092888151,0.6802349865253556,0.9012126468020306,0.6453176632845408,0.7257882965407793,0.8204641267455615,0.7049417699962275,0.7833530968372104,0.7044401054002698,0.7882903720171548,0.7367512497815035,0.7232089126694826,0.7387089577991055,0.8041651975769388,0.6900718229412593,0.7477132703836308,0.7350939140013503,0.7060734762928342,0.7851214417022393,0.7964070725974693,0.7369592042261133,0.7684788922788388,0.6697727548774938,0.802657422928017,0.7679085826289624,0.6927810774697053,0.8386759941996905,0.7507791214375485,0.8097498088102947,0.7690612836954202,0.746663977945272,0.6536279480799027,0.7139413460613662,0.711946893551233,0.805792735172433,0.800790871007312,0.8013711565348085,0.7371483814778582,0.7693505446661474,0.8701934763369049,0.7186939765257664,0.7402295470034808,0.644601962886798,0.7343063222934532,0.7546505481084599,0.8908900261715295
0.8551650117159237,0.8963765982894942,0.8675243965213103,0.8251987486512702,0.8159949310650777,0.0,0.7631273432554687,0.8733045615198112,0.8233161484386865,0.8507321551839883,0.8483770939766518,0.8825337859067495,0.8837992025557012,0.7594229820631352,0.8591607189067769,0.88110172253336,0.8450177782053226,0.8015093009714784,0.8293522028048248,0.8136958184656492,0.8980474868284265,0.88615293998728,0.7157350187201904,0.8002716782172334,0.856283189817351,0.7415180129013728,0.7474615761382029,0.765677175887072,0.8111751412937418,0.824225198643464,0.8835295455770495,0.8676340246088006,0.8683999939027327,0.7406947120432215,0.8260409565304913,0.85404532443958,0.8606776977804251,0.8328884270717662,0.8414233302889134,0.7718725925803898,0.8353172898109059,0.8340990917384542,0.8373411905507055,0.8906749734813948,0.838891635408081,0.8151810820412055,0.7948710708015909,0.8761584819909073,0.7540791170692688,0.8659012274529982,0.8657993150819611,0.8385416305276542,0.7759557242137428,0.9008754044191936,0.8347609594119145,0.8193232195187446,0.819041601895529,0.9263010924453172,0.767580638908408,0.8240958423779153,0.8682930747253264,0.7895393333571121,0.8608991863383644,0.6758448499555489,0.7869732317310064,0.7898207387093545,0.7865139844714553,0.8513091656114529,0.7720411640987842,0.8551260596009937,0.8703702540220032,0.7453031564688424,0.7680864860505375,0.8740748512846698,0.8988765798719099,0.7409897596182712,0.7908776888019982,0.8230006529150706,0.7594003165967338,0.7478022251750749,0.8476267568784618,0.8674427737975152,0.8950672952023121,0.8164454965517114,0.7990813034521153,0.8458981997647106,0.8242611448026966,0.7938276154480816,0.8163099877565393,0.788421857626476,0.857375609181644,0.8645847891006763,0.85123401044019,0.7642165785637514,0.811883590585547,0.8951131332259763,0.7747474812384975,0.7789796841964353,0.6594345247025558,0.8243475440564804,0.7609690853337147,0.7957110757729989,0.7522713728648278,0.8034055110546726,0.8404531440155613,0.8294104144023595,0.8549005759345858,0.7912021334487629,0.8201782553792007,0.8507461698719613,0.8146700327668476,0.7678867344158211,0.9091073500573638,0.7908599485230781,0.8013668309104153,0.8416998596829599,0.7902333028712327,0.7831560615273114,0.8351339728142364,0.7336940436034767,0.7946189907710496,0.7719875552267461,0.7427213709104015,0.8529618710555339,0.7615115483032915,0.8858943892170708,0.804442017799874,0.8655870786582458,0.8328682133124486,0.7793881547914879,0.8241462233967172,0.885377385409037,0.7480742043112335,0.8208336882568794,0.8446813490227695,0.765987776550116,0.8264336078639708,0.7865689024342839,0.750734507372851,0.8472750579265882,0.8134987128731165,0.8668137919132016,0.8447280556811153,0.8060410021657315,0.8639707100408381,0.7727054194476537,0.8808273774080688,0.856920599314863,0.8390092699694796,0.6827300810014182,0.8007477148461252,0.8105236164223725,0.8101730479698953,0.7993157899222455,0.888646062162764,0.8447622891041098,0.7690470637151637,0.9055422975966462,0.739385419834948,0.7444985786957977,0.7221497239592345,0.8012695101963895,0.9298199915297878,0.8187827876967778
0.8429175476263603,0.8305956128827918,0.6545921669753827,0.8603252335762391,0.7940229241242183,0.7631273432554687,0.0,0.6986450560711117,0.6894563740938862,0.8278751704841856,0.8668884681767641,0.8844463450598309,0.8359767701241431,0.7270318892432355,0.8755142231449256,0.8123562550606918,0.8164665839583353,0.8081540244410207,0.8756372977713204,0.7637534108112515,0.7823098759767605,0.7490744939124302,0.9195896572042389,0.9000976184762387,0.8762706108710151,0.6824213728771487,0.855048259735572,0.8643513423008305,0.8195756834780185,0.8697583637631927,0.8371982326151343,0.8702448462965964,0.7912947680176387,0.8574875452623961,0.8110896002874313,0.6899868174787857,0.8702243742183635,0.6726452646335603,0.8500150299516085,0.901882566517505,0.7053799949336205,0.753574191993339,0.7511378115579016,0.8349701038022294,0.775086086576961,0.8125754705555851,0.6627584710829124,0.7948242584495989,0.9458027891583037,0.7301482804117232,0.8814848275792172,0.6784787593716699,0.7286332118940692,0.8255888140673789,0.8718786835095419,0.6914977950306341,0.8416291398862737,0.7784065989392736,0.8556584105360847,0.8479474912701951,0.7632613337682131,0.6054734218466312,0.6483228514390728,0.5812845505886278,0.7241444086370215,0.7161341028741525,0.8363981022344888,0.7186250880121708,0.6458569504795069,0.7356737142402315,0.6823957848838383,0.7786915050958975,0.6727278690213352,0.8649729384758192,0.7194754820580511,0.857191924093036,0.8794593439687326,0.9046518084186206,0.6583278937435018,0.8469044514169004,0.6251138806936364,0.7191340522908426,0.8472622662548467,0.6230445162415474,0.752359890066726,0.667963772226994,0.6987847197856816,0.8326391924693682,0.8487449127745165,0.7232123325733679,0.7962074320330005,0.8246191154450727,0.8923471828423712,0.8500428106932572,0.7707973968351541,0.7583067264948009,0.5619287552995006,0.6457413348475322,0.5804379744793793,0.8521840259426662,0.8521546050843893,0.7434490127979989,0.7232317251400608,0.6822384062351337,0.6777107167481928,0.7131068318224268,0.7534961233521779,0.757868390575403,0.8364326949369093,0.8741823198404026,0.9293697661308549,0.6997793000321444,0.7727625534427077,0.7658483573857466,0.7317258659908437,0.8151224737409355,0.8162960585378698,0.8852277373055418,0.6998231829113793,0.6181757030419364,0.7797579740367822,0.6097730937000964,0.689301795325173,0.9359494738954767,0.7059961881284927,0.8631350250273202,0.65451024597989,0.792991888690682,0.7124091317453999,0.6873694458542475,0.6739847552547091,0.6302559692568708,0.7959380309937776,0.6951366126289416,0.733207641207802,0.6565683146955492,0.8095036466038013,0.8328066386461944,0.7502664388666976,0.8714194916556971,0.7307767277985082,0.7520338868571618,0.897645496972777,0.6020790563086618,0.816596534244052,0.7455478921971638,0.6602850720325351,0.8366602359758165,0.718896566020449,0.5524597337236294,0.8293886271349278,0.8308857148670693,0.8314171066907939,0.7379784002480101,0.802555438451833,0.7945529801971317,0.9328354560807812,0.8663975665875047,0.8955625189598746,0.8981677991270229,0.6358959560893654,0.8372632729226268,0.7209557438948506,0.8686658307373668
0.8361811049094651,0.8031281847259556,0.8203147442818022,0.82198192942478,0.707065160769614,0.8733045615198112,0.6986450560711117,0.0,0.8435508058465068,0.7895368912898579,0.8251621108792239,0.8304678980476157,0.8969905954332678,0.7408291089080897,0.8513121337587284,0.8553722985695642,0.7877610185507563,0.8093742706930701,0.7803674889245689,0.8330792390814261,0.826552553566952,0.8401649812494046,0.7064367463830817,0.7609400157898822,0.8342401942163788,0.7911295532361481,0.7961380309430609,0.7635672091205357,0.7144709642325453,0.7684604918793222,0.9039635023734692,0.8173087269667281,0.8412605469293545,0.7453211594300493,0.8022897970044375,0.8454760845328582,0.8852017357695481,0.8742193208106404,0.8314592689304006,0.7506797791567207,0.7784910539700345,0.742765137133932,0.8727191744099486,0.791762272528189,0.9308289158562727,0.8354352671804075,0.6960526015021753,0.8383487539643194,0.7291477017219993,0.8517747185398461,0.8217673936230152,0.7659278210916911,0.6863750645096499,0.8414216239541238,0.8103387245476743,0.7329411146278464,0.7948305837256019,0.8930626690474346,0.7385473727882693,0.8110680055855437,0.9274665522069545,0.7583908049002437,0.8495098137849914,0.6743850762631082,0.7425591960127064,0.812158089073145,0.8602370831422418,0.8351364047524721,0.828737759429235,0.958325911116078,0.877767290677369,0.7436889242230056,0.7752735550604507,0.8690282752323588,0.8843341439966339,0.7037571988479403,0.8013150981125374,0.7327070263989851,0.844370868975792,0.6372221870480946,0.7180510263619828,0.877772903226632,0.808360360935236,0.8745921095564884,0.7850661524153021,0.8881291932348193,0.9417668240475424,0.8195809817773688,0.8285061899322742,0.8252253230595334,0.8144140675892759,0.7874667148720697,0.7767423251232646,0.7235440088000322,0.7591852112879719,0.8438717946169697,0.8105728095186555,0.7519240787393066,0.6059236844527262,0.833158911523576,0.7564981799735696,0.89120054941864,0.7939030225037864,0.7808670946141757,0.8722097306028099,0.8509633629745048,0.8612881569167284,0.7763118328128318,0.7822594932067304,0.7726394581147233,0.7534225597973979,0.792038143480074,0.8865707022346317,0.8333403736828403,0.8135138479301541,0.8040504528052812,0.7235929872663038,0.7586989680907629,0.7437098698351338,0.726771630186585,0.7380686217673648,0.8892020743326877,0.7024867940095826,0.7825860456187358,0.6742976601870018,0.8413674798797319,0.7555635492818796,0.899523912048031,0.7898218648123116,0.8283002683877629,0.7844016892313199,0.8391002342264773,0.818294529701326,0.7823538262478673,0.8894489324078143,0.6801968375973569,0.7941560141047856,0.7875476384014553,0.8274140594698406,0.8644711288071468,0.8130474933341735,0.7780925252058969,0.7802923345766224,0.7886204200162895,0.8402076710194448,0.7995693293028279,0.8388622162226542,0.7829051595876904,0.8145498315521527,0.6372927486638292,0.8542995835237353,0.7055500951034384,0.7951355064501296,0.7691964704888833,0.8609061620422457,0.9403159774418746,0.7611937988407466,0.8428036500516699,0.71405013930416,0.7056009415844436,0.6718537150324393,0.7213098007236621,0.8982861845962549,0.77722063589888
0.8369636695501841,0.7910922259038161,0.7411425465522328,0.7331275003793966,0.7255364893704702,0.8233161484386865,0.6894563740938862,0.8435508058465068,0.0,0.7373877265294663,0.7569805814844381,0.7521491117039506,0.8133235279677528,0.7602794932015212,0.766408864525385,0.7691046064226869,0.7479843749145674,0.7981449358308655,0.7200667439926028,0.7750797254302024,0.7311481226293555,0.8209968345557564,0.6852572713845758,0.6945336542810173,0.7644862474388668,0.6529672989034692,0.7852074572670459,0.7316408702870721,0.6622750961205102,0.8167900610523874,0.8089074333085172,0.756286548407597,0.7401702499939404,0.6674706458884387,0.7861647264051341,0.7174798102382443,0.7842320162941642,0.7932061264683865,0.7094396051225231,0.6994682300060829,0.6755940356706709,0.8598220709605818,0.7184971725320809,0.6896890754638263,0.7702512673608315,0.7317460350286032,0.6982582578920512,0.6926028186814317,0.6932438669161844,0.7704440716900113,0.7371448260549727,0.703574219322014,0.7038444525410211,0.7199233140250485,0.6905647110578232,0.8337967555358179,0.7407605279510585,0.8201893436942403,0.6975123163833445,0.7524594566491042,0.7707303295802241,0.7107803774636258,0.7349745830767559,0.6418560110720651,0.7114607719288174,0.6942329416312263,0.7568951970884433,0.7835456298193891,0.773710314882073,0.8513013622080431,0.7971628485481164,0.6985089244979382,0.771720500253318,0.7713038868150466,0.8371831302406737,0.6780393861313279,0.7083743334748138,0.6968479441676341,0.6791055771595065,0.6209910031152155,0.6644638322207859,0.8616229866817462,0.8247776504971003,0.7378326156664543,0.7174873497219697,0.8217011430365225,0.7969884813129857,0.7602224114434658,0.7653459321444107,0.8339358110254255,0.8096162524681034,0.795197168129118,0.7219024158373163,0.6844252063484714,0.7808533843340445,0.7660927621256626,0.6905763200626563,0.6950136092909013,0.6577991688341063,0.7555339824401385,0.6817731314603483,0.7148709604193453,0.665028282257259,0.6780851536102515,0.7894706531485434,0.7408533009076504,0.7026277755218708,0.7501511087159201,0.7006383092183317,0.7148519518678554,0.6829443919959849,0.7173553705992028,0.8129406453612423,0.8224364403802884,0.7114863474811725,0.8150625284237176,0.7000091909036891,0.6969084983161343,0.6514860406618193,0.7909049612121556,0.7215399727170734,0.7430881101099422,0.6721637643464251,0.7308664416427085,0.764190649964492,0.7097530225045141,0.7622681935970995,0.7752792485157406,0.6656029429385498,0.7121600391893845,0.9115824060592338,0.7773150187428076,0.7443583963839367,0.8276757076484615,0.7220556480274021,0.6459441237750524,0.7389597599490921,0.706506128125202,0.7023169363514047,0.7640137956682346,0.7022410189597146,0.7590565137242647,0.8062143920249139,0.7473939098597074,0.7103285327930627,0.7460886891785851,0.8378113657255284,0.7111984558212604,0.7308712325325465,0.6318163608739122,0.7493044309569258,0.6927481723175554,0.7721282693239456,0.7347303619288866,0.7362400438443217,0.8099041990990047,0.7284772660225545,0.772402880814251,0.6838807787093149,0.6782801284202487,0.6120576148478775,0.7474031315557633,0.8440185123045902,0.7921060693270144
0.8136448941025655,0.9336008836254456,0.8208267001960781,0.789708795481052,0.7613239126459962,0.8507321551839883,0.8278751704841856,0.7895368912898579,0.7373877265294663,0.0,0.8514953028855127,0.8901685788510785,0.8607869205957243,0.7668249384040267,0.8527273860877955,0.8538235725714727,0.8327157222362832,0.8171644751337018,0.8360259740887955,0.8124196833705625,0.8156871948027017,0.8553402829178818,0.8084226799575888,0.8307896016930242,0.9220084882218565,0.6639786704048968,0.8241376488672889,0.8097971026311649,0.9328668427723711,0.822783190166497,0.8531123180657476,0.8643978018037382,0.804746289758161,0.7695159093655047,0.8254663849852268,0.7880434675575386,0.8393043851771506,0.7658651992588134,0.8164953664188963,0.8206337615406042,0.7756958201231541,0.794448320838249,0.7813507973294247,0.8155214823749023,0.8231395387068949,0.7906440334246765,0.7345983399132322,0.8326075234149742,0.8346974857600963,0.7742765621489118,0.7966072823622817,0.6987517981484295,0.7340792431416128,0.8424805407451653,0.856511403795477,0.7562069096816332,0.77957756720986,0.8246282701130074,0.8627407803758583,0.806816799925118,0.7975402941239772,0.6391636682437228,0.7012702978387472,0.6946886594657746,0.7101612136923816,0.712927385969659,0.7711838438590864,0.7575547167383205,0.77326938140881,0.7954561093223188,0.707041644402093,0.7755000852753168,0.6819636944689027,0.8357399814936441,0.818834768976801,0.7726903537001132,0.7749963813115959,0.8346268776402961,0.6913134238969448,0.7094647777709345,0.7298113769361231,0.7093320900272754,0.8633284652376766,0.7352444894253416,0.7175601204820401,0.7692773432299533,0.724383981951721,0.7846009284286841,0.825660486212369,0.7284592240455596,0.765301405423862,0.8060981668165564,0.8660910855778742,0.7479778265158071,0.7370495188004624,0.8793757118647445,0.635524267847035,0.744528630908601,0.5938527623984197,0.8035874596035252,0.7944143143579164,0.7460983457392594,0.696181649183912,0.8502050552965027,0.7223536879910972,0.7531668422293821,0.7863031080882297,0.8452944247244984,0.8354509599022795,0.8860002199557766,0.8124634821712234,0.6842340811643113,0.772663299396098,0.7884532080924052,0.7316943404672186,0.7930943698384232,0.808939396006039,0.8783708856046358,0.7925198334964377,0.6602521118319444,0.73112422771932,0.6433001608389587,0.7017507970596798,0.8280173896695323,0.7033841828004078,0.9151628643807432,0.6613342467761363,0.8009189297563895,0.8428747344988843,0.7690535185329561,0.8013991838845801,0.7183832505583082,0.7243059303538111,0.6734849586623809,0.816149036196146,0.7105968162852209,0.8472189497760775,0.8031999026212766,0.8343801539794572,0.8405904757253836,0.7996616451793057,0.8263470197877218,0.817479423622894,0.7061178791865684,0.8519217113861035,0.7471099075766497,0.7294654267388371,0.8659900787977561,0.909890274540229,0.6530032243666674,0.7513736485837893,0.8511153516033246,0.8136702858035589,0.8490151277357542,0.8697069943268,0.8023644662359765,0.8136771629729,0.8529266899330695,0.7838456065125149,0.7412017996652863,0.7558080651636094,0.7919957235500718,0.8619004279705711,0.7669635264942954
0.8936197248479503,0.8413292176988676,0.7882618046448984,0.8959917603552238,0.8604546757173449,0.8483770939766518,0.8668884681767641,0.8251621108792239,0.7569805814844381,0.8514953028855127,0.0,0.9204408419514303,0.9264675352361841,0.7889047875147992,0.8681278301502982,0.9539157445409145,0.9244242098794306,0.8736871839192877,0.9029385510011975,0.8579332598566416,0.8914988181057487,0.8683360746304626,0.8699713418663362,0.8747375744827562,0.9135183301068928,0.7693663411256448,0.9038057029668835,0.9079111017964638,0.8551568987447014,0.8987029226266371,0.8613133704037325,0.9204382356489113,0.8139875844315135,0.8408331318332402,0.8695539086688049,0.8165908448378675,0.9269331478601636,0.8455186174717697,0.9109073466639634,0.8829365416535366,0.7671794986709655,0.812503940507295,0.8639137799921203,0.8811618577017462,0.856665503081255,0.8296894088215776,0.6703415217188746,0.9164564327936965,0.906152135903513,0.8597104918539343,0.9196875071143429,0.7476003978589787,0.7318521286945995,0.8995137594772435,0.9394356856216679,0.6718668265810049,0.8973880095595718,0.9357568450873545,0.8579055730896878,0.881112812471176,0.8766499328903251,0.6750986913588714,0.7836929118394579,0.6868905885926622,0.7477687043213153,0.7722753862854232,0.8572957071890617,0.763141232517233,0.8105284173876689,0.8820720919164089,0.7650000534358263,0.8099722244798986,0.8061350019557277,0.9496809066064054,0.8786830271695444,0.7786960075502315,0.9268409325924748,0.8914567049758446,0.7409735172196804,0.7844882576783307,0.6808453923312376,0.7830562612541199,0.8396833010104763,0.7614439080665812,0.8527528320491511,0.7701893739250646,0.834478253137149,0.8690705529328747,0.8484370123894454,0.7147662314394795,0.9157305938065264,0.771016551453558,0.9430450099584604,0.8231417202048648,0.845643482833232,0.7932788511287594,0.6534491466623255,0.6817557994211778,0.6256123953016577,0.8398889772812425,0.8481685696442416,0.855273748407926,0.771591106480559,0.7284227836071651,0.8036808515644066,0.7935647320185465,0.8550149663545832,0.8310083763352749,0.823804859741089,0.865652602198857,0.9149010380889006,0.8325286654574303,0.8620453525382619,0.9136375657661187,0.797553435838936,0.8622620494229091,0.7996507509905902,0.924239657454223,0.806213112696563,0.6939964209369007,0.8672898923264581,0.7203199627943165,0.7478076969742455,0.8881521425577276,0.7438344701206382,0.8976020895349847,0.7294874630661319,0.8611095808472244,0.810586823094499,0.7619623632519881,0.7388743879365437,0.7920689641973089,0.8701132540161325,0.7870416082950119,0.8629636808283452,0.6866668648139417,0.8237541822898375,0.8458334450990986,0.850648042192089,0.9202342404316745,0.7639621680953022,0.8688451183987054,0.8633068773671387,0.7501945882912499,0.9175633056014589,0.7824562851513371,0.7384483467754354,0.8202623834134546,0.810379709294157,0.66143651476772,0.8838533383915731,0.8082404749130321,0.9466256867277411,0.7517618621841045,0.8660581974570097,0.8582845370031076,0.9131915481569916,0.8783447138975885,0.8363587789130339,0.8736718244251522,0.6403473420398905,0.8227171509830375,0.7785335614840985,0.935432147503611
0.8670370709152909,0.8828311964662238,0.7754554604605676,0.8608745515242175,0.8157677773285854,0.8825337859067495,0.8844463450598309,0.8304678980476157,0.7521491117039506,0.8901685788510785,0.9204408419514303,0.0,0.8859416070296746,0.7136267304546036,0.8755571654189916,0.9121929017701744,0.8742233638239975,0.8057279468751614,0.929011044360586,0.8552023701218092,0.9010362917705803,0.8259316345792059,0.8725176593645216,0.9075597721370843,0.9613178617832222,0.7483824213412585,0.836433943329262,0.8660672205901208,0.8460401447993823,0.8865299521452455,0.9248432988684404,0.917350963006174,0.8129147391670764,0.8936345961572584,0.8543060846437949,0.8114994553043918,0.9214384684373594,0.7752735170966765,0.9246539775584123,0.8484989957696214,0.7731307616258349,0.8189163513950714,0.8478880651585293,0.9041182195248908,0.8829352457512345,0.8396019099381121,0.7148085662078977,0.9061678701739687,0.8964681427021698,0.8118152279954265,0.8893222470794531,0.7546919108243695,0.6977890070771653,0.8959982413752151,0.9151189741557988,0.7475527973019807,0.8643850738849947,0.9150642759091272,0.8192600335462626,0.8578414194872552,0.8430502558601433,0.6533810959460061,0.7396076785814476,0.6628709678330144,0.7275187601928033,0.7591502682126432,0.8361012506285613,0.7557497751227018,0.7210144570355852,0.8320437927384065,0.7489698138999044,0.7672737516896604,0.7329248311357313,0.9030648713463525,0.8186521667066622,0.7948607463324722,0.8775835880001468,0.8905525229180556,0.7473156282479847,0.7824431487395977,0.6896522915665451,0.7836379002464939,0.869372604759071,0.7228179099220765,0.8238614927140264,0.7821736168125402,0.8152936949094708,0.8207615082666927,0.8608466018915716,0.7823396042677317,0.8359263246903125,0.8607242616554946,0.8962776871336648,0.8131532641986944,0.753303485557513,0.8582495376772299,0.6519328095287381,0.7712212845960935,0.6087578937948314,0.8548904048943292,0.8283611122957341,0.8352233317497526,0.7916370600931899,0.8028110341608579,0.7591381513124632,0.8061871037391666,0.8509836505658311,0.8548563931784791,0.8290867857631515,0.9430971124267288,0.9468850262783937,0.7867094105358221,0.8310240577334225,0.8252152041390555,0.7659677318980633,0.840612859680899,0.8284031362848114,0.9119979020179688,0.8057657334964643,0.6579359247197339,0.7970277193944779,0.6895499651617653,0.7720221410158994,0.905385200340965,0.7069271166934381,0.9291609589900309,0.6999154357856617,0.885929412461113,0.8416770261981464,0.7192662050412237,0.7569043198375667,0.7508367385713615,0.7980364589172672,0.7542921942218974,0.8778282818019061,0.6642165797400991,0.879888681639119,0.8269963556800646,0.8285548108008625,0.926908985951816,0.7461859377849194,0.8366781797235497,0.8672603860811479,0.7049742060088218,0.9243657495086434,0.8294165136853977,0.7693910845238479,0.8278245455133246,0.8632772189510612,0.6480305693803265,0.8813452823322199,0.7984418334441032,0.8787491483830264,0.7914451068074974,0.9404736067120439,0.8657761484983515,0.8777509132914525,0.9265312079276783,0.7921537510761455,0.8253098348736595,0.6391947107633441,0.8259491770842146,0.8442502758510189,0.8716894456952556
