0,1,2,3,4,5,6,7,8,9,10,11,12,13,14,15,16,17,18,19,20,21,22,23,24,25,26,27,28,29,30,31,32,33,34,35,36,37,38,39,40,41,42,43,44,45,46,47,48,49,50,51,52,53,54,55,56,57,58,59,60,61,62,63,64,65,66,67,68,69,70,71,72,73,74,75,76,77,78,79,80,81,82,83,84,85,86,87,88,89,90,91,92,93,94,95,96,97,98,99,100,101,102,103,104,105,106,107,108,109,110,111,112,113,114,115,116,117,118,119,120,121,122,123,124,125,126,127,128,129,130,131,132,133,134,135,136,137,138,139,140,141,142,143,144,145,146,147,148,149,150,151,152,153,154,155,156,157,158,159,160,161,162,163
0.0,0.5863464229736488,0.4982009877689111,0.5352129409381269,0.5067735251352213,0.5421325186485109,0.5892580565542074,0.5603921255204739,0.6040202364911174,0.5003669870866656,0.583521438494576,0.5385128384120298,0.6263690311501015,0.5814785698317274,0.6108584352080284,0.5654543313296563,0.585543503716794,0.7450486266739017,0.5661359826915637,0.681155825063039,0.5991184554785994,0.5807690692620676,0.5878251100416698,0.5753677015378575,0.6317019841651048,0.5485936097227463,0.5393804363977336,0.5612190519677214,0.47096207607248114,0.5372303158855689,0.6430142850527127,0.6065276091349534,0.5566255505729524,0.5766484402243367,0.6664519118162965,0.5745504225357062,0.6667238071260815,0.6142924337738795,0.5362625602944995,0.6049980346368135,0.5667423541110433,0.5942605099824556,0.6206520355207992,0.5856709713398877,0.6428224358624441,0.6648598706575627,0.5537701381723545,0.5440300445509934,0.6671441365934611,0.6229902822815478,0.6287301692477578,0.5862662363577191,0.5499241998480257,0.5425226398842067,0.5321541382738757,0.5558461273463781,0.6637450383886204,0.5724631528626324,0.5774986258739745,0.6536638628754664,0.5342614155269444,0.5453489823745352,0.5665872540787545,0.5283658357414167,0.5922910475941039,0.5869555139669155,0.6022508822448521,0.6014412462517381,0.5709126274697603,0.6161721348022214,0.6819140114853558,0.5863191419933447,0.5531166996782352,0.614468573324823,0.5792234776532006,0.6347564430810417,0.5352010553871562,0.5369795566760089,0.5927902725456797,0.48787931673291135,0.5391104413936826,0.6519669966996069,0.5579860767231705,0.5513127888140196,0.580029168190679,0.6588350972516354,0.5889122219927593,0.5977567655240544,0.6112044767695053,0.5456633778569923,0.6450290388199457,0.6312842577697989,0.5868435698239669,0.6119784963605956,0.5830616294825951,0.5466413161324424,0.5003391934909032,0.5779057517509408,0.5463865893305757,0.6090349663948804,0.5687353465694391,0.5267908259102586,0.545956357543465,0.5130563135457208,0.6152481732689601,0.6006191693498388,0.5349077846689868,0.5651789002286848,0.6331825620416597,0.5872773860735402,0.5901973917783583,0.5936110297493001,0.589691880226776,0.5374733743802205,0.617015368558619,0.5960139535554425,0.6149503686152811,0.548085390958295,0.4933980335648637,0.5596897556198132,0.5823188317930897,0.5237517845577528,0.6229935149243611,0.6521879608571103,0.5646323149224732,0.5425774115550887,0.5295336246604389,0.5668181143426465,0.5319350651118735,0.6008080533679532,0.5330167714620577,0.5376854358089097,0.5464856021026521,0.5936711976447624,0.5703720601046685,0.5387709212003543,0.5747181457711018,0.6246310876791165,0.5700252232064972,0.6433566804728778,0.5241375615089794,0.5870042274972135,0.6511575082703261,0.5375236873005105,0.6124568479998896,0.6023584706206692,0.5814101852520376,0.5350292200882277,0.5724748379536189,0.47325768405070745,0.6637744916384914,0.5524517937187554,0.582152358525978,0.5036262911350832,0.5983363519635879,0.6819608073095205,0.590200529560378,0.5513950852629559,0.5423483966088144,0.5439248780295686,0.5224685953442628,0.6372714715092185,0.5265881711395608,0.6830083327129887
0.5863464229736488,0.0,0.5857842787872947,0.5382261869619994,0.47296713713709326,0.6044855823202451,0.5727274164542767,0.590287800222385,0.5578020296806968,0.6167790859495731,0.5714355940372058,0.6250375872042462,0.5939110519382246,0.5268513574446496,0.5956742801775079,0.5503670607539376,0.5598882273474717,0.5743928127826513,0.5729600465036327,0.5721154130070947,0.5855081732380087,0.6769645040790537,0.5429165045747045,0.5979932395269086,0.64390040100568,0.4748173133999763,0.5367586396855252,0.5326809384922712,0.5493935335440454,0.5157118147688873,0.600226922845826,0.5651148399439546,0.5939082607520444,0.521602927461367,0.5459731466087097,0.5506834619104091,0.5750518280107173,0.5375585409586568,0.5481392035828416,0.5803925603661046,0.5784067268598246,0.6102921009702507,0.5042966680497823,0.5299798816569715,0.6087788435569845,0.5716004422846527,0.5166302658060744,0.5103151024183464,0.569233534810024,0.5241845074671382,0.5401670147856767,0.5288457535372253,0.5200733805317401,0.5833625462135039,0.5249734682021199,0.5771721407696198,0.5451294221348264,0.5731237105757971,0.5299765512923448,0.5805495288433387,0.5526579799533838,0.47539072015581757,0.4948718584220432,0.48216010409153937,0.49554893783132115,0.4979478085750275,0.5550989439887657,0.5368932166570246,0.5038876765866451,0.5712097353510306,0.5543116931466278,0.49064478435279874,0.4760821110788874,0.5776964631403305,0.5857078663905771,0.5218497408930489,0.5009549982396392,0.5336503646762187,0.5026809645067842,0.44775490325900796,0.5302974790030021,0.5649392478738515,0.5982943899173254,0.518974137576973,0.4934760594875281,0.6440018516665208,0.5165874805944811,0.4845400784757133,0.5566800245097436,0.576240293385281,0.5291617216301144,0.5910313948772424,0.5472342043418525,0.5174564430138404,0.5164006990414751,0.6123326015724465,0.4888490794026477,0.5807027115297502,0.46452996099309535,0.5622751163609491,0.5121238408548431,0.48988923624209263,0.46619448569978095,0.5643753664489198,0.5086928659633181,0.5396959673991625,0.5127596724944382,0.5874016330981092,0.594516637708697,0.6665856365379971,0.5630876707112782,0.48711668847801637,0.5251503665711703,0.5105656047044008,0.5093487865582843,0.5842990530437158,0.5554898583395789,0.5240544795716815,0.5019465367910562,0.5107573662686605,0.4923502075228827,0.47699651592628334,0.5236799778881488,0.6065560742745904,0.4813650359470231,0.6085372734581681,0.48306616623332205,0.5796390272463834,0.5664233596154471,0.5293193696525113,0.5692253845922005,0.5274170258401338,0.478081526553632,0.535418973690552,0.5674560238978357,0.47415563253807513,0.5469891117205575,0.5365094900266654,0.5634163159954728,0.576770211106468,0.5164097749410445,0.5485513847204053,0.6141092332743477,0.5150664355532346,0.562157253338945,0.49288887406466664,0.5927061569840121,0.5739881168672791,0.6220988176350009,0.47896392288215806,0.5262100029274256,0.5416706211252641,0.5654596000969897,0.5689911685202396,0.6307237887709931,0.6104871884128968,0.5821403959316163,0.5828839498833185,0.5022812740902294,0.46504433676811796,0.523858231346381,0.5323524835598585,0.5008154841861443,0.5581033431039477
0.4982009877689111,0.5857842787872947,0.0,0.4861853610584188,0.4941987581147932,0.6183058103016359,0.49690235478534484,0.5418674365271382,0.45028322973190676,0.5736214693668122,0.5755618599768324,0.5681325306523194,0.5902599950444876,0.47107562890308047,0.4953470708388109,0.6328115118672323,0.5829442337184462,0.49905659761429677,0.49607127618932617,0.4911598615045243,0.6029104884080447,0.6278565215848867,0.47140345008194123,0.5377402908516107,0.5499958086958832,0.5066921759325796,0.4693579692363857,0.47862517297863133,0.5368541281292981,0.48543239808176986,0.4812497619939029,0.564999544472824,0.5137253601797557,0.47479991161411783,0.45428325468479736,0.521768556485955,0.5436814238881884,0.500682277913017,0.5027770802302991,0.5325376956813418,0.5245863667303438,0.552908180915555,0.5117806263457467,0.5071976267689462,0.5452486847748342,0.5263143681046512,0.5312018737683744,0.5446499208645429,0.4999271405791631,0.5016606394762348,0.5253621150036052,0.5319432407651056,0.4563939391905201,0.5567887051901893,0.5160339569033523,0.498731447711919,0.49730703750675687,0.6064735147478181,0.476248355912466,0.5154699040085509,0.5288503462166113,0.4768425741790708,0.5198729919187207,0.4544588661444076,0.44362249701151596,0.47531202030230957,0.49667458152877714,0.5422110599439742,0.5075212802366005,0.5245386835404463,0.5254539703327527,0.4350835927726438,0.45144312781290635,0.5819631192015341,0.5581205024575655,0.44612937646741846,0.530967975500381,0.5603076236099164,0.47350610993539555,0.44879024759963504,0.53333382309317,0.48204331169303183,0.5437663214386268,0.5053871251201918,0.4683113902364944,0.5446449068069158,0.49093449173327786,0.4458625842126618,0.487541110837193,0.47589372256689405,0.5205909466871402,0.47665566703606843,0.5227903142024705,0.4566546213113105,0.4685039374156455,0.5399541083472463,0.45847824175061114,0.510934462945684,0.4225484792554697,0.5004434050601709,0.4465472317528072,0.5121648645058084,0.4378173427140208,0.4975798457028244,0.46769599491639025,0.565212565830422,0.53522353967649,0.5337221073371549,0.5527869232568982,0.6145165927336111,0.5319584548905182,0.45781494513437687,0.49988252996640686,0.47001086299191386,0.4752477397414029,0.5389019477921508,0.48018322325423834,0.5011733119593506,0.5472861245150389,0.4594832044922568,0.47387207026393546,0.4594191841227147,0.4848545068014945,0.5508538152265325,0.4145019929851723,0.5820757468093599,0.4743224852998143,0.5910574798924846,0.5694882030401687,0.4895639903429109,0.49071172540604374,0.5876292908500119,0.4377945746797242,0.45521718896520874,0.5117650714588253,0.43684588439345595,0.49485889432488805,0.4738656190589988,0.5104814186617337,0.5018910018437468,0.45139531606703925,0.5433597087357459,0.5016362461041877,0.48303071899712685,0.534482498157554,0.46259606183565244,0.5329673743418649,0.5572283900315437,0.5694277836750182,0.48911198601781025,0.45194951263861977,0.46426096740228145,0.5095042289835762,0.5779728478414603,0.5727856701609924,0.518644804488496,0.5036612231301892,0.5875748396966807,0.4223910223883658,0.45457587273530364,0.4975589233186996,0.4484895222256462,0.4535491196168655,0.4945191351133328
0.5352129409381269,0.5382261869619994,0.4861853610584188,0.0,0.44126688277309367,0.537069381543601,0.5478760564899876,0.5303694322038731,0.45964794312537494,0.4866863546766964,0.5708555037066018,0.5032553683496994,0.5436320367812922,0.5472670807856329,0.5178891426953122,0.5047978282595424,0.5561038071886678,0.5474523495421008,0.5485037230494701,0.4934097849440225,0.5664019019465014,0.5167708998304069,0.5168508388135862,0.49722737012327756,0.5405192452350757,0.5329867761627256,0.5105234604353583,0.5600231870975987,0.48670426005674816,0.4277802368455827,0.506615205529536,0.530076753875454,0.6811835125328917,0.533359766732147,0.5340863815749806,0.5857798641002985,0.528381498486783,0.5412336409658685,0.5042275036511291,0.5862818942050557,0.5998148258641068,0.5038139977442726,0.5012386527935387,0.5514720288887494,0.5497547192710877,0.5396898579183323,0.4399152592898598,0.49585476267945716,0.5432898405205513,0.5248653503047009,0.6041821739270542,0.5765542774838561,0.5237821807795858,0.636287282664085,0.5637326812366035,0.4674123405291368,0.5507859484069602,0.5532035606986897,0.5371240618397325,0.5738020145539537,0.5880218217979283,0.5067877354650899,0.5570261301743166,0.4756292244377499,0.4963728814736786,0.5271624569308,0.5831011309132981,0.48111170493127003,0.5063082263150395,0.5596249051408676,0.5314880957485482,0.49931138936463415,0.5527440114745398,0.6104564106524594,0.5708634326993334,0.5014556609108729,0.5393703307420292,0.49989061224351394,0.5295067870220403,0.45898959028944486,0.5238561827638202,0.5643777901376908,0.4608032457860615,0.5451127189687737,0.5607815291362761,0.539464347253506,0.5402222538281828,0.5158629943298481,0.5337552950622428,0.4596968152773958,0.578611510920117,0.5637884321602631,0.5403973434879341,0.5318402333435038,0.581200008414138,0.5011370891635737,0.49593106276724747,0.5421183901067316,0.48873215711148454,0.6040705248737692,0.5166305665559047,0.5129368912444615,0.573649538936343,0.5079845709939642,0.5648212507664603,0.5003915179008619,0.5413241812254425,0.5107588266328417,0.5566741607253546,0.5001712801552255,0.611102230219374,0.5385983867189674,0.6013256761795993,0.5280776664912469,0.575069874698198,0.5328363393748685,0.5453517526829792,0.4562177274816731,0.5733065308523043,0.5592861930045022,0.4786332132310293,0.5660286440371155,0.5248546380455129,0.5600762790456295,0.47861008957440826,0.5401152521406953,0.5372941674759536,0.48865975777360754,0.5729849726597407,0.511344931947017,0.4477363604006952,0.5105032602780617,0.5126520356731922,0.5670501394728419,0.5093237515206666,0.44632363696679533,0.427978239496804,0.5326988496243062,0.5164630768329586,0.5303364115924915,0.5834194492006217,0.5201596987494316,0.59669065518124,0.5485872501164347,0.5435825096368517,0.48807934277253007,0.47420862203336783,0.5134604909647653,0.4890050670850694,0.4660141150561667,0.5655259079008148,0.5420312768425615,0.5309585613843884,0.4412600529507917,0.586851108600924,0.5357351252817033,0.5120998877403734,0.5191558499142145,0.5945625005135314,0.5401469236842692,0.5228878187152073,0.5359747425010676,0.5038786019323576,0.5499207568238912
0.5067735251352213,0.47296713713709326,0.4941987581147932,0.44126688277309367,0.0,0.4665693208973093,0.5365160698638372,0.4219198384929854,0.44398864300229907,0.4241314141486452,0.5373116886045923,0.49339436044740104,0.4731304557250688,0.4440345382238371,0.5350037543693636,0.517010857758847,0.48959877701146354,0.4860645434739348,0.44901463808143843,0.4569993830184909,0.5313879014428873,0.5433160720325448,0.45921853702553994,0.5438636547260753,0.4675009184998786,0.5167422984480947,0.42189019851947823,0.41042725604272334,0.46156411291645855,0.5006616556738206,0.47661769623229083,0.47508807273716597,0.47986173540212784,0.42959750288689585,0.4764999070186795,0.4847853059275543,0.5200403142146901,0.4800154146491643,0.5114418580645339,0.5012296873264964,0.509491831642494,0.4878521370560016,0.528598117324061,0.5784897078295864,0.4559071258971913,0.4745174623157676,0.5451677272882284,0.5650280583235489,0.5072290740511561,0.5063572104135282,0.5262021595883539,0.5083803828589522,0.43596581134165346,0.48566480256420264,0.48325400890192904,0.44320070559573044,0.4908414585217536,0.5271930954310561,0.4401675428760098,0.47553181661257765,0.4138800557841603,0.4545460047212817,0.48574178057960216,0.4392315782691575,0.46182719582357157,0.4318075442369111,0.4429801131165723,0.5426370186839907,0.45173144308009816,0.4510555854666526,0.5414431700900961,0.4496256118332199,0.41907422215214146,0.49137150807766355,0.4410001376340085,0.43623415563183204,0.4772714412790057,0.6042954456270195,0.444566244460299,0.46380146119006843,0.463990445459963,0.48180245398849314,0.5243093589961434,0.42659594624355734,0.44878927181756356,0.4759258047259454,0.434388548546446,0.4464467926193706,0.42224136263355583,0.4356418561294108,0.5778252772063666,0.46746906545829464,0.5458726076730559,0.44607042673990344,0.4595140924014485,0.4917971277522135,0.4033608440188006,0.4365017477598328,0.45225384789110346,0.42988467731472585,0.4550055663960148,0.4344108515621426,0.43467538809414974,0.43500201421716556,0.44788213625387385,0.4916000991291204,0.43725802883550174,0.4370601043729668,0.5129743134148652,0.5110695690372763,0.5137042133882443,0.4799655354959243,0.4394029995384618,0.41980406037408313,0.46168221703113793,0.48187197145721006,0.4330919703875944,0.4938054404164791,0.45065307591079107,0.4307379353502653,0.5948929661297695,0.4252293023621566,0.4598633365088455,0.5540665144501665,0.4450677765538386,0.493980197505619,0.42853939779069744,0.5267700408157755,0.44860519740233556,0.489138872639399,0.41675044154443264,0.4826078927334562,0.4131984383751797,0.4681571162938441,0.46719423582114067,0.4908972654371914,0.4911289102421792,0.5309832496506828,0.44833882011869275,0.49960117204259585,0.4218423828335021,0.49746080280630506,0.4687857476938282,0.4485903374733235,0.5268475574195107,0.46703892899381005,0.5560094250907819,0.4677449651737725,0.4566431222623338,0.4174877207059591,0.4592772317900917,0.4444221871522155,0.4803111163459503,0.477882102858304,0.48682551402805563,0.4761309426325217,0.462631334545876,0.5002118513887739,0.438414138799158,0.4540296033481777,0.42647946961361866,0.4561107420080633,0.42553594995351,0.5659605806444366
0.5421325186485109,0.6044855823202451,0.6183058103016359,0.537069381543601,0.4665693208973093,0.0,0.5130152753234607,0.5884373480551689,0.4939779575747504,0.563466488000717,0.5670286909273674,0.5987865552306209,0.6007424891469161,0.4751233159345422,0.495528219256714,0.598844281624518,0.5866144015522081,0.5144122715679651,0.5595377590172954,0.5014140951731781,0.6158339080451866,0.5707757974263152,0.4829048016230383,0.5176143625004113,0.6011534111744644,0.4968192316983903,0.46866942744178863,0.5179432858990891,0.5000000279124551,0.5180374312718502,0.518131855254442,0.5975831230626154,0.54761993794571,0.509816278578799,0.472682770639729,0.5108260095632624,0.5692367462832517,0.5119075858779768,0.5004067534336696,0.5178266505045479,0.528791722980103,0.6153680409225076,0.5061914806249447,0.5266302949018379,0.5419959577112025,0.5455039243302183,0.5155290456815016,0.5205521355193834,0.5084534388127132,0.4928369979494358,0.5541525141399931,0.5799112342081633,0.4858813755554978,0.5662767252012946,0.5074125245702952,0.5644194510906095,0.5282195657528674,0.6678200886361564,0.4729598144007032,0.5256215540015401,0.5749896602156869,0.49960463057476756,0.5546247299023837,0.43482090281011004,0.46252507695447853,0.5070225850098288,0.5179834185495215,0.5470352753349206,0.48232065647877365,0.5807958542685366,0.5477865588672256,0.4417564742201392,0.482099249418181,0.5900993791883453,0.6121627707655581,0.49662794197176385,0.5298282095818,0.5425984916398224,0.4995767454073714,0.4999192481677449,0.6020355810476452,0.5288578357068222,0.5740494285282622,0.535115681072302,0.5065065685207296,0.5734358239185353,0.5559354815696543,0.461921380123286,0.5448479169028623,0.5141630074071907,0.5402059746540859,0.5324946455249191,0.5149136719402203,0.5006984598900258,0.49609011195654307,0.5689535128352359,0.4831357810659073,0.5687594539300793,0.43940474935578966,0.5427389910616448,0.4606166380322672,0.521863404608369,0.47044625711666616,0.522083419837097,0.498822201323803,0.5611701879209722,0.5465017823592155,0.5649739443605671,0.539721186636641,0.6141890346438282,0.5761213571557932,0.4722433330425504,0.5659721192560827,0.5072631657102256,0.5027491344722692,0.5794200864264376,0.5509495838064711,0.4751002517730253,0.5550473993838435,0.5064060766954858,0.4615402987206649,0.508377079012494,0.5206968586989497,0.6122967727528674,0.4434658594171001,0.5861511407618365,0.4998655316590514,0.5552752654783385,0.5602077049086845,0.4724770454917951,0.5404433446643813,0.6121141167543964,0.47462040508553577,0.5050456069316667,0.5029815534373535,0.4369929771308527,0.5002847649547489,0.46360729783003435,0.4727649185961923,0.5321376593989918,0.48939446839342965,0.5478839393665298,0.5500392045553314,0.4956316908937149,0.5389966887007708,0.4743351089955879,0.5461746847219541,0.5888452415828511,0.5583189714900136,0.48769124757981513,0.4986977846226356,0.5146561167348206,0.501750673821305,0.5007046661641203,0.6465408440907288,0.5540924785672904,0.5274227866884835,0.6602441992430067,0.4489710486183189,0.4955575336825595,0.5148557132600515,0.5066047249902061,0.4927834053464359,0.52992525587014
0.5892580565542074,0.5727274164542767,0.49690235478534484,0.5478760564899876,0.5365160698638372,0.5130152753234607,0.0,0.4872422239453541,0.49747334196139453,0.521076761223937,0.5638135201167113,0.5481128263431498,0.5604645604006779,0.5312400200393232,0.6023333088425334,0.5236536760472928,0.5275983956210605,0.5698745309380135,0.5050424295913282,0.5019978141684059,0.5398503990705782,0.5634040812371863,0.6027353535660664,0.5753439825387153,0.5797172740416011,0.5243452970271224,0.5337491080308464,0.4986569431612271,0.5046477702125084,0.5125291380017579,0.555814996157254,0.5590651856433787,0.5767349713554928,0.5323183385282712,0.551721643103247,0.5319488887526133,0.6065554582886652,0.5023303322055648,0.5105188262971014,0.6169837430964246,0.5299955861962397,0.555793632340548,0.5239242981815123,0.5706452858196455,0.5545403441497553,0.5481200399976418,0.5403060463942269,0.5248202108636849,0.6596880068571679,0.5184768525179898,0.585411232250008,0.5196127507389382,0.47834305329847054,0.5402673936965589,0.5410317745925745,0.5199017820962489,0.5259397482847314,0.5369211874144219,0.5391757954372804,0.5581916007185855,0.4775937677345302,0.481153150686435,0.48044432894627553,0.47127201259609386,0.48797017145694876,0.4741894092655163,0.5552402034823515,0.5734584221072834,0.499941149037061,0.5178738792602535,0.5553535899946518,0.5023011695420072,0.4789970223927667,0.5747830835158166,0.48578826340518183,0.5325876467855796,0.5369581579976855,0.6077348534752811,0.47300048640025805,0.4619172747929298,0.4800195663198298,0.5416547290982401,0.5530777503325125,0.46255006052612024,0.49107670512130164,0.5262818494268131,0.49012885893267993,0.5313627972119148,0.5258221252778791,0.5022250897452749,0.6002052633834559,0.599597982087262,0.570255126536052,0.5007707345434789,0.519066354654761,0.5647665339393507,0.4251630322458952,0.5213721595105659,0.48500813956969524,0.5581682602878493,0.5176097255838732,0.4773348410683693,0.5105358259945127,0.5036739440619673,0.49565812963209466,0.5177832800337862,0.4756208151676949,0.5100688762268376,0.600603583575356,0.5742326948036552,0.6064582188494531,0.5048193616619518,0.5220703227643306,0.4758753428845319,0.5061458578420186,0.5426066893005014,0.5132814486860597,0.5351719256828893,0.49014505014214194,0.5052723461342159,0.519748483438055,0.47042600598895074,0.5016920247678018,0.6285508455795602,0.473588345069536,0.5559777417169275,0.4848343134408523,0.5615703730102489,0.5041062514248785,0.5288941466699034,0.4758388407385744,0.47166989757114464,0.46570134108135525,0.502052400348578,0.4898931847333777,0.466877751514078,0.5011971768538876,0.5915408786628825,0.5174674196061692,0.5446164675001008,0.49914313389523474,0.5327171217364562,0.5884766780436039,0.4856036107920009,0.5553717562337473,0.5610098323059358,0.5288507625221663,0.5187685364824998,0.515501434270707,0.423649569415142,0.5229310447737759,0.5052897585486943,0.5112073657945844,0.5390249512526654,0.5569056472990698,0.552913299069672,0.5502267255660006,0.5586347520485381,0.5454150706409596,0.5262119637177222,0.48950375429422605,0.5223512041980359,0.4701263662131776,0.5737468223252328
0.5603921255204739,0.590287800222385,0.5418674365271382,0.5303694322038731,0.4219198384929854,0.5884373480551689,0.4872422239453541,0.0,0.5570119283631777,0.5576360289418886,0.535165666612202,0.5647915083085776,0.6203315905869984,0.4994993019700063,0.5166806315864108,0.5606621706001748,0.5399179833636187,0.5565783629566664,0.5366737052726585,0.5512187106283573,0.5441606644097803,0.5496340758743983,0.5162501703622007,0.4976229157114041,0.6201049839262618,0.49207722247151103,0.5617656298262049,0.5492276122867104,0.46380891804764024,0.5071950210591069,0.5803854320048698,0.5665028303903803,0.5416507432073278,0.5378341136326654,0.496877088035078,0.524864385820994,0.5878517866155072,0.5507782763575033,0.5062011294958096,0.5204564532021564,0.5136004339941078,0.5586067418805195,0.5182791099168469,0.47746097599813775,0.666872083433646,0.5907059991241299,0.47476054868239675,0.47768170832462975,0.5197202426286657,0.5024403361961766,0.5225250371247739,0.5082354458358451,0.4727118234294261,0.5211182150102817,0.49847104716185275,0.5496022608006743,0.5295700174519727,0.6001990235844065,0.4868121444975787,0.5611551496315271,0.6134618434793025,0.49488234150018967,0.5142120110604336,0.4577224634748346,0.46423283296330387,0.5183698668822299,0.5671934899119286,0.5253091329687899,0.5260330817943737,0.721748238056457,0.5444336568270239,0.470048645746776,0.4847640925394654,0.5760550922700641,0.621240775630408,0.5093219602024448,0.5201351911968696,0.48670957886673255,0.5570190419011259,0.4333782227766801,0.5116614655961783,0.5484855528413826,0.5396399158377092,0.5730175469119229,0.5054670060919574,0.6549340688149798,0.6317722194355057,0.49457488392375115,0.6191039422183473,0.5743045222016928,0.5170693397848098,0.5438373078604432,0.49323087941529764,0.49395781348732937,0.4943234371231327,0.5547871860585342,0.5031318460041112,0.5747088173034706,0.4447673022073362,0.5798817287972227,0.48650696774555896,0.5805691462182354,0.48408167415987574,0.5336542323392524,0.5295231815722437,0.5733730647380733,0.5412158751047624,0.5853825157534837,0.5425485431273734,0.545072471889383,0.5126277714270816,0.4865553292614039,0.5402923652658903,0.5572422242113744,0.5215658849565014,0.5659375392130116,0.5377697157973854,0.4832903545851807,0.474196113534186,0.5310455364426658,0.4523889854365617,0.5620743840720258,0.5034647998646052,0.554520115276211,0.4467989143486948,0.5583639526351942,0.4907015061054953,0.5964950775493101,0.5372856530072593,0.5094578371904743,0.5803884957187713,0.543750208548808,0.5286551439912173,0.5092451671018993,0.5270050542842095,0.4269969398458457,0.5113420006964313,0.48538761894854054,0.5483828910640669,0.581103489617375,0.5019157017220107,0.5224046605020493,0.5568310063648976,0.5025029277825216,0.5334869891580806,0.4970836324939437,0.5364074912658796,0.5526955690981193,0.5816688538787864,0.47695740018986776,0.5438929170538149,0.4948876435054288,0.5178761488134074,0.5083792840400926,0.6218586358795429,0.6449043611390494,0.5397683974640888,0.5730724461601958,0.4577265674776883,0.47044861850615366,0.5026401880538918,0.5043526713479012,0.5098549876063301,0.5125421408721522
0.6040202364911174,0.5578020296806968,0.45028322973190676,0.45964794312537494,0.44398864300229907,0.4939779575747504,0.49747334196139453,0.5570119283631777,0.0,0.4734018083139759,0.4745161327444132,0.5032362482312585,0.5106313172761634,0.4965726874752684,0.5443910350827047,0.46974877715996566,0.4652131906327631,0.5572241197752585,0.4835555405365956,0.5509636498643857,0.48690330191934567,0.5337953512908294,0.4921852252449901,0.4838758272116653,0.5486582739889511,0.44275141166361603,0.5104420111240928,0.4628563513735878,0.4193601618462591,0.5324849102549611,0.633898767048944,0.4919515665733158,0.4885478265707359,0.4689011114261508,0.5417172460549133,0.48322785644829885,0.5463213888062962,0.523181606053816,0.48651859985266943,0.47895841165811576,0.47791953516382407,0.5804131268596381,0.4820791088856102,0.4706833747784017,0.5428982084293082,0.5218623780923384,0.48554390793447033,0.44313850750528727,0.5081735072460066,0.4939921429864669,0.48508537423461123,0.4660701389235193,0.4733008652450656,0.45819339510743967,0.4410733942291929,0.5943849229611652,0.5081449491008286,0.5063791493978053,0.4716763554515408,0.5174850788314445,0.4730568348910942,0.4709611230993189,0.4533413609443493,0.45811152140872996,0.49402774755570344,0.4705160124960817,0.5226189709971821,0.5293695848275348,0.47692668003730326,0.5706702111850706,0.5589491322168716,0.488210482843804,0.464811726224011,0.4883732659175771,0.5057083800841832,0.5144601633258642,0.4460076476800784,0.4641307394703311,0.4870797931793447,0.41846918458247584,0.4652603335896043,0.6000319768246709,0.5594950424341054,0.47391490070042375,0.4765274114171253,0.6064741030359122,0.5362354976994385,0.49514820852617975,0.5309758089377623,0.645231242178001,0.5102673576609242,0.6007536994181281,0.471193395574682,0.4799487976956835,0.4970271472069109,0.5371168421652052,0.4651902655235163,0.525607616371351,0.4871035156825063,0.5033069156888196,0.49315937720109604,0.4620186904457623,0.46016657603191125,0.4833315880395253,0.5074220515559258,0.495908609205488,0.44537298176439755,0.5082114376431719,0.4990535487520955,0.5085225024483202,0.4697929002723039,0.4900972945789894,0.489732385745561,0.5092799641541061,0.4761000136281059,0.5188733037229422,0.501046621151967,0.4654973806505417,0.40742137114607974,0.5256256310265776,0.4807752239006111,0.48769826657701465,0.4909665005788988,0.5293851293397346,0.512801137507407,0.47207638862695933,0.4626454595656378,0.5257358087735805,0.44472363707016466,0.5037121872917806,0.6023942009305493,0.4752510732924667,0.48850019796122357,0.5549881099749315,0.5001415891947119,0.46194572540296575,0.5198947460851981,0.5000331310115917,0.4831338013718525,0.5707598620649752,0.46348341056540227,0.4990735514142134,0.5706282331610878,0.4888939016958582,0.5093262426261655,0.5071948447050081,0.6035144950914842,0.48167955872325163,0.5156522828043719,0.43122606792276724,0.5442602346778626,0.4843022546333323,0.4966793220255238,0.4831283993341484,0.5250771911385493,0.6258066327528854,0.4996409239177192,0.4986090183042754,0.4626447402607122,0.437893625548926,0.45275209061502386,0.5411013031121759,0.5086549747101644,0.5496018612880911
0.5003669870866656,0.6167790859495731,0.5736214693668122,0.4866863546766964,0.4241314141486452,0.563466488000717,0.521076761223937,0.5576360289418886,0.4734018083139759,0.0,0.519947612591276,0.5524610327998738,0.5796031367366997,0.5031305651743287,0.48097804435380087,0.5516217757114877,0.5275292458356348,0.5154615071042232,0.4921829806300249,0.4901126567107227,0.5063780849074723,0.5311897451459027,0.5324813432198297,0.4776259127597813,0.6510734211693279,0.45651339793904255,0.5454793469774964,0.512432175335211,0.581063523807035,0.49177235130536584,0.5157618734361737,0.5819630196528942,0.5045371409688449,0.5055065330593881,0.4741733326029583,0.5058683703904351,0.5508479436144135,0.4994889605800494,0.4640767561214248,0.5158263633208383,0.48608532027700135,0.5459195406468768,0.47817945930561423,0.4709823091386393,0.5612465823683348,0.5168576338180989,0.49554582186552487,0.4794439462910501,0.5387014719169175,0.4610192850480946,0.48426722352606055,0.4630689431632095,0.4483279636340063,0.4954622677145294,0.5112736016974134,0.5416325475562497,0.4695532533187629,0.5385612706381807,0.5043535646570318,0.5082907246947527,0.512208620921883,0.4622821025923158,0.4534147531259199,0.46559167830248155,0.42659899914230476,0.45641508718100715,0.5126455773083632,0.5103990062043644,0.5233943704446858,0.552649022358736,0.4771170671141772,0.459657386942239,0.4513221354118148,0.5300292313189943,0.5379806320836877,0.5038382587126197,0.48885893348480813,0.5239046991790808,0.4657345399481179,0.43624585681972367,0.5072731547722372,0.4624208405410463,0.5329245571038551,0.5123033303434475,0.46233249545937377,0.5370383416427122,0.5049870250250098,0.47367779441484986,0.5648238007052433,0.49402532608591065,0.48443905530593434,0.5203278860214693,0.5023401175941432,0.4499522317038308,0.46600295704355754,0.5920466453193085,0.42917856347978983,0.5597756310715596,0.43454385934035206,0.531247495208996,0.4782420917581184,0.49349912011447744,0.4587059192257486,0.579740799132999,0.46762368080009636,0.5122207163645872,0.49361432295039853,0.5955883082268264,0.540678440865576,0.5638617384152702,0.500840540563648,0.4471290370692963,0.5018871997016315,0.5143748867642212,0.46671004898194196,0.5068451637235617,0.5285808978813368,0.5236636704874601,0.49955383262324465,0.5031970729585645,0.42929974483018685,0.47122665094791455,0.47539797317765925,0.5280703220093532,0.4276555877958249,0.6022208976094965,0.4598780935247499,0.5302484516812541,0.5726121806948197,0.4903743661025245,0.5609602969732405,0.4889320225317159,0.4609654573164038,0.4445657263946668,0.47558222729636834,0.4165348757642151,0.49992355960675805,0.47027502694487916,0.5331385558211496,0.515263758641836,0.493166823689219,0.5426444905564338,0.5132470227912093,0.4754255652932745,0.5268669754646742,0.4825964841456404,0.47248284416576747,0.5709324064614055,0.6546818651807383,0.485006127751574,0.45738746914345546,0.5116507684829181,0.4672921381755843,0.5573955546714721,0.5884653638929984,0.5300343295950234,0.5000405785310436,0.5572318799666829,0.4532675178835034,0.46334904576082275,0.5435009291334558,0.4862746522960348,0.4876464833946005,0.46088156636570315
0.583521438494576,0.5714355940372058,0.5755618599768324,0.5708555037066018,0.5373116886045923,0.5670286909273674,0.5638135201167113,0.535165666612202,0.4745161327444132,0.519947612591276,0.0,0.5827763650172566,0.6079172821828264,0.5365200695056702,0.5657627437550777,0.6596463667713784,0.6295191303850588,0.5783828024989005,0.5861938388415231,0.5605557012713939,0.6504030302295446,0.6253898755999612,0.5378240522863466,0.5824638074426661,0.595265077597523,0.5650808143392081,0.5154048178035957,0.5528951527757019,0.5786736356061063,0.4996851403712999,0.5501238597013002,0.6120542191804035,0.5771947076762097,0.5377220585898682,0.5553495330090835,0.6094566925108403,0.6292497211917153,0.5983716771663021,0.6267882937779018,0.5988189531854857,0.5991287657560378,0.5285086643718548,0.6046365881781701,0.639339973523621,0.578223201036145,0.561971271639379,0.48335249917954315,0.6817378914441974,0.6224648188621839,0.5810862069905912,0.6350942565163551,0.5629389457819587,0.5057561561576809,0.6439201632378021,0.6764580590696555,0.46880522723138696,0.6052643822739789,0.6509090156196826,0.5346103377071353,0.5953248420503606,0.5789788941443815,0.5092381263464867,0.582371634578844,0.5086418324013068,0.5077452523719316,0.528216909607812,0.5539083916858873,0.5392178988258225,0.5490188419242171,0.5883307551185072,0.5797691313916866,0.5210136750918642,0.5108496890772604,0.6402719710980788,0.5920674703286398,0.5150039038847732,0.6134032370312971,0.5943102099926055,0.5379939495743311,0.5043386245600949,0.5425640497415254,0.5378586081519008,0.5224872992214599,0.5572938597089834,0.5434187121215744,0.5634388158059965,0.5652244670377933,0.5188545146194331,0.5227200766713489,0.46893594327178467,0.6188940135248363,0.5194196890215202,0.6737923178014329,0.5493369229364157,0.5427958904536189,0.5476947372728497,0.4916225010374488,0.5094236553518927,0.48793488936052015,0.5291212829055276,0.5628586875246726,0.571232493475285,0.5040141982274291,0.5078550154430889,0.547841977089124,0.5480659027202648,0.5589080687083247,0.5305515780771707,0.5859675901543153,0.5920322658437003,0.6585690946360282,0.5492118894643445,0.551069330317107,0.531762546536858,0.5620324365891436,0.5416766209648636,0.5322759484958157,0.5961155196020599,0.5633056392153785,0.5042210848351146,0.5718316989976172,0.5137727319647661,0.5466069838605082,0.6322188911820056,0.4952941893753365,0.6498601150968568,0.49190352104513085,0.5834436374200107,0.6005053775230865,0.5545934644903477,0.461726951553357,0.5747045437699817,0.5340860906971716,0.545905206940386,0.6020947206138272,0.5034216898864522,0.5102589355666651,0.5712936593023198,0.5698487564082229,0.6050496660635096,0.5233609203958131,0.6127637318646378,0.5527452267450511,0.5433713160605461,0.6571882691967812,0.4906443096534344,0.5319076149504138,0.5499430951950051,0.5595470607316637,0.5095956323707919,0.5768073245571331,0.5422606280168301,0.6094755152688808,0.4816265882801784,0.6075084460527033,0.5849862775027348,0.5972902006787248,0.5553389932323768,0.5273198826141751,0.5516828543496761,0.5024742169372707,0.5377727517494133,0.4897343201480014,0.6294801773374361
0.5385128384120298,0.6250375872042462,0.5681325306523194,0.5032553683496994,0.49339436044740104,0.5987865552306209,0.5481128263431498,0.5647915083085776,0.5032362482312585,0.5524610327998738,0.5827763650172566,0.0,0.5381231291334186,0.4439899332394903,0.547885126413578,0.5661787330364437,0.5342990317329701,0.5012852545040005,0.6028748151475846,0.5224951640057277,0.5762097106678217,0.5923454579425664,0.53659801454409,0.590155271010327,0.6319215096640529,0.4707492468843852,0.4871122703802543,0.5064686896705819,0.5122125701889138,0.5594330764029886,0.5789156229772994,0.5470510575865394,0.5345372581386425,0.5440940011115322,0.49500816636030154,0.5110574237073341,0.5643908740319159,0.49242918425944476,0.5588319892564511,0.5106339616493402,0.5259483207088581,0.5689872777620558,0.510073878473406,0.5330620790798262,0.5641199932653647,0.5203380478807804,0.49985276077100776,0.5301948934008212,0.5444888766964834,0.484263774601627,0.5174084836318404,0.5125439924731131,0.4425374675791267,0.5478408490305846,0.519625709772509,0.5163972023651059,0.510865898861657,0.6462299452019381,0.45644744720079855,0.5128300054476225,0.5004801528931483,0.435029934463295,0.48154167407016846,0.43655009271082296,0.4432157608604336,0.45271351236278456,0.48084982317347197,0.5006667823882132,0.4600237012086321,0.5468101989421235,0.5062637373022519,0.4367569539414148,0.4337647244606215,0.5334734049215961,0.5248494163061448,0.47017465869572206,0.49389557744756063,0.5373935494659716,0.48181276393631095,0.4356580084801844,0.48155980061729525,0.5093028066015928,0.5742697304732217,0.4723328626560925,0.4637365073105392,0.5662529500045251,0.5074889086899727,0.445657760173335,0.5063332203282458,0.5189105076989904,0.5172315726934251,0.5318308914383088,0.5247932577237407,0.4715018615706158,0.4520083457282204,0.5998962964316572,0.4410407731216647,0.5510370811322135,0.42335026171574963,0.4940553700003747,0.46067724607676824,0.4945561167995741,0.4512078474098264,0.5629708108344722,0.4649123728475667,0.5213416057096895,0.48438789437323077,0.5603383376923615,0.5192017083944621,0.6418195028026895,0.5884043034677046,0.46011737857493823,0.47271969127233043,0.4684487058309528,0.46810317468469326,0.5425573241700264,0.5067147533577544,0.5355652326162839,0.48990247556644806,0.4564769047216016,0.46705219945777243,0.4567983743967729,0.4907835049644444,0.5804570256587553,0.4303627929533848,0.6099653389557205,0.43528933811928483,0.5973113560605582,0.5387791844130518,0.46228866489747983,0.5144774784325368,0.5038079501071181,0.44217956334259256,0.48562981601938315,0.5306234821593588,0.426936059017287,0.557230501782619,0.48942696131891134,0.5134991729835847,0.5554432050342692,0.46172657001253326,0.5046654955481334,0.5200934475887133,0.4649444936241933,0.5315783375958811,0.48656679900114785,0.5802075250658123,0.5112941984291479,0.5911060330075616,0.45418556664183274,0.5111637386324319,0.48070445468956324,0.5312459084490464,0.5167233141840444,0.6423303759326398,0.5457532998739945,0.5379956085604325,0.5929968330128861,0.44672937343212055,0.4488068549220737,0.4468493579006088,0.4819866515555298,0.4495233918451319,0.5359874371938937
