0,1,2,3,4,5,6,7,8,9,10,11,12,13,14,15,16,17,18,19,20,21,22,23,24,25,26,27,28,29,30,31,32,33,34,35,36,37,38,39,40,41,42,43,44,45,46,47,48,49,50,51,52,53,54,55,56,57,58,59,60,61,62,63,64,65,66,67,68,69,70,71,72,73,74,75,76,77,78,79,80,81,82,83,84,85,86,87,88,89,90,91,92,93,94,95,96,97,98,99,100,101,102,103,104,105,106,107,108,109,110,111,112,113,114,115,116,117,118,119,120,121,122,123,124,125,126,127,128,129,130,131,132,133,134,135,136,137,138,139,140,141,142,143,144,145,146,147,148,149,150,151,152,153,154,155,156,157,158,159,160,161,162,163
0.0,0.9104909366592829,0.8527806824258412,0.7769432712661767,0.7245897454499595,0.9193565095540512,0.8511349885446173,0.8671990849441793,0.8418976750084529,0.9149146007204256,0.9219403432172733,0.8175553971190244,0.9531831312793595,0.8284528786146783,0.8310724022696937,0.849831233305883,0.8797133271081885,0.9036307193714203,0.8007016121997697,0.9110346536249744,0.8639021798991515,0.9015782608991572,0.7823936027432135,0.8812620454410461,0.9637183085950007,0.8625058835665677,0.6888065330987141,0.9024839674885075,0.8560049689151487,0.7112887060263908,0.9003087654618436,0.9151939854903812,0.7672570928726963,0.9226610417965021,0.9242439866300359,0.7692359051467186,0.9804760128992253,0.8952728915448962,0.7822117802791142,0.8281417193323188,0.7191080782019696,0.9375706967880677,0.8334651147125914,0.8935575761314475,0.8995446466834706,0.830022363113025,0.777793682193949,0.9188203371182202,0.9189625092240921,0.767024271647275,0.8346396980841825,0.866606066669394,0.7994411193674327,0.8683284517360088,0.8600656658518303,0.9475162547221383,0.9033184509488246,0.7746818900888581,0.7863874321452543,0.7626004499676696,0.9267122547512302,0.707668479411465,0.85008162744008,0.7144658761644809,0.8627057796590463,0.9050402236466688,0.8973641681200623,0.9258663910957803,0.7977704193767362,0.9394259165740952,0.9332656626774224,0.8259479483307781,0.8679159307137465,0.8898433600222987,0.9478502386802156,0.9607430384559595,0.8343141085065251,0.7954213586166315,0.8357727100946747,0.8155367409810124,0.8836369927448063,0.8972101461561856,0.8379125213024741,0.8820214701462488,0.881620948697828,0.8859181675978021,0.9358582385352451,0.7418256391021851,0.8966944000986308,0.8726839184481414,0.7939849606016987,0.7807998198175324,0.7749654557672103,0.9359171970583633,0.8880427446850224,0.9058527182241992,0.8314413567546315,0.8604082646973706,0.7805856170350934,0.8772981695491963,0.8710520887112615,0.8369281331265526,0.717990959665582,0.7314574056088214,0.8414965167583234,0.8233440812241052,0.785804248982575,0.9438959707962846,0.7829492136697809,0.9586559417359314,0.9134347361248095,0.8241170950554618,0.9503028990967335,0.8762071095941604,0.8672548674501726,0.873180328814698,0.922619819392276,0.8625238720706373,0.9019346741708477,0.850375191700432,0.765493796928339,0.7226602769639804,0.9509561984143416,0.8840418398044906,0.8568859685994514,0.8663904176349438,0.7259907596765058,0.8083237856056524,0.8952725645667664,0.7979717910201437,0.8322651974407503,0.796103809360527,0.8093759304254934,0.8822510154177424,0.9251322247261007,0.8675707330256757,0.8632388382248425,0.8296981609577201,0.7846674752209838,0.7495057305540311,0.7924053675202919,0.9004005512197557,0.8652647459954205,0.7565895376824683,0.9415716423690452,0.8462139445522647,0.8173777791070884,0.7667918947409749,0.9598395692118638,0.6875194189649982,0.9298973199436595,0.7898965625523121,0.7933037801788088,0.7426338169258807,0.8433798636972215,0.9475535929148596,0.885397887157196,0.8816326171283415,0.8191385773941995,0.8907854152700023,0.8824656490956266,0.8981654324768461,0.9119627876077049,0.9227688659312803
0.9104909366592829,0.0,0.8615343094092307,0.8536626476107718,0.7305558475557217,0.871560574697411,0.8772400051936498,0.9648183265303468,0.8413629673151723,0.955884217646565,0.9101360661096869,0.8672248636136064,0.9078648266800156,0.811523483611494,0.9342169410703719,0.8168074644510355,0.8547426691262748,0.9100749167648401,0.8104295117409227,0.8221958708220314,0.8298615705873632,0.9323828810212933,0.8488868810876985,0.9243813596779528,0.9256728402802318,0.8509984939767985,0.8004216442912038,0.9207561159716805,0.9340631828477326,0.7250888861540854,0.930590613820871,0.7952008212449042,0.8814397787073445,0.8751111021317478,0.8914955771766478,0.7937544007922482,0.9151828843515504,0.9319220755115244,0.8473862062103891,0.8872135102669942,0.833759804312497,0.8640196067237534,0.7712205888418034,0.8624934812867747,0.9187536525618287,0.8556823780807518,0.7520101874473557,0.8463051721224486,0.8911892105080768,0.727537163645657,0.8020644363400714,0.8514632755876563,0.8381282841664107,0.9046140564989467,0.8634903160064976,0.8971969120521723,0.8487849551577743,0.7953433948777371,0.7376974971498711,0.7983092709808445,0.9000131993180327,0.6419026166064795,0.8017772043653469,0.6635159400109775,0.7456571231490974,0.7721890055365709,0.8555246276116646,0.8548454611394259,0.7606742103128056,0.966101709234022,0.8606034003179623,0.7984857005383239,0.7363204107236606,0.8649795485204067,0.955524823814399,0.8535826256720043,0.7850568963067709,0.8180892412155462,0.9119609804972817,0.7460058291834436,0.8232624064655111,0.869239734247645,0.8782151524385162,0.8954156846632351,0.7708745506753808,0.9776099451172298,0.8179593981242028,0.676309575850394,0.9066422001772557,0.9192398484877099,0.790583569659555,0.7784059646741739,0.7945434148691849,0.8383760113233214,0.8377046598456179,0.9448553190065866,0.7409688568614441,0.8430245923410393,0.6850439049041015,0.8719915200946258,0.8579079286308361,0.7505147294739293,0.690710596360463,0.800695215119605,0.776995094704217,0.8133500562514842,0.7373564996397489,0.966799215835338,0.8374299291577713,0.9027201937853916,0.8607301679733976,0.7581086144602089,0.8259625915171177,0.9128737519473403,0.9052877692177437,0.9419168168707589,0.8639223741167019,0.7913022776338089,0.8479621021058135,0.8657720103810509,0.7544108686267025,0.789838132392121,0.8152502685252321,0.8948437609011319,0.750538166748401,0.9391579306288866,0.6597404284497768,0.8478758709234534,0.910434791927218,0.836560861501257,0.8517614578385672,0.7331105963481579,0.7737436797171577,0.887607278120086,0.8628831972990805,0.787682111827971,0.8653183572239739,0.9027575628477069,0.867050119851549,0.8263502361713603,0.8537785671257302,0.7788312308137774,0.8673998954168206,0.7099473521055668,0.8930373913428032,0.7714039677111868,0.8532584148305391,0.8444479385977746,0.9312351940672632,0.661311775338276,0.8759379203824779,0.8440883789741007,0.8292951530049648,0.7819541428229378,0.89401586480479,0.9146276941011574,0.8822865780795592,0.9076988107666033,0.8760833581856702,0.7903315189124345,0.9203643776153954,0.8284673568738777,0.9353143985271616,0.9051856350337916
0.8527806824258412,0.8615343094092307,0.0,0.7488247570809908,0.9222846771728495,0.8556275872954175,0.8871862271309128,0.7985320192341084,0.6989894762713699,0.8539379195490467,0.9202568256445753,0.8590713957011525,0.8967714834360708,0.737926864306813,0.8993987701069233,0.9655717585408552,0.973564277315626,0.870774020566114,0.7430761051656699,0.7509858212081216,0.9664321957260043,0.9711315817126813,0.8036528026289492,0.951122670527578,0.8119888933486118,0.962092204427097,0.700595170392924,0.7649101058114789,0.883159213434456,0.829392196572174,0.7738499416399676,0.8706876573285812,0.7867915176511858,0.7982881372575164,0.7473260702764274,0.8068025555578642,0.898048538615817,0.9084092701712513,0.9124351205029574,0.896322395387937,0.8245806250665557,0.8899372643202305,0.9385658310182018,0.8883735975539185,0.8320202535567456,0.9243254808441388,0.9272780040872989,0.9069321349771923,0.8849372325598535,0.8762337511860423,0.9171901664352174,0.918478132660892,0.8533375553029966,0.8916923345574223,0.8793365110243803,0.8271291967444161,0.9360384893740956,0.8758799704828593,0.7199768271832302,0.8388665978997195,0.7780712815262844,0.7948750780585927,0.9105955584392534,0.6798846434782281,0.8253293283225575,0.8126457506960403,0.7748719993164392,0.953234400919214,0.7962746760344442,0.8165366163513972,0.954838552969512,0.7371566170031267,0.6951952184373502,0.9410615734113684,0.8873451552891725,0.752047756826255,0.9244550445084636,0.967748377867783,0.8635941581560834,0.8168418846520421,0.8697310144900717,0.8342916233795988,0.9321630678130802,0.7765991572472265,0.822362331890357,0.8632355370189378,0.7236786018629235,0.6933338437816774,0.7740900700426703,0.7919986952276956,0.9058878626183553,0.6996211268839994,0.9196742045455468,0.8104255748415755,0.8262306566923789,0.8460984957350235,0.704057613902,0.7346456811875723,0.6970855425208581,0.7895738254523932,0.7373770565069985,0.870136426967385,0.665147700352196,0.6893026091659845,0.743987674413153,0.9685816268718007,0.8982110553364132,0.8386873990815419,0.9169539010679272,0.9060303728885684,0.8832061881885626,0.8424399598616222,0.7671500027957489,0.7406117558001093,0.8712515541158037,0.9401342757048947,0.7480329971896473,0.8964198007015286,0.8602702279549539,0.7237900930898435,0.9385916243402623,0.7248922071584066,0.7754107976347016,0.9551263503293567,0.6523284113166686,0.8948166670511525,0.7421070126366094,0.9609439438472217,0.8548584753303369,0.8593704418441015,0.7386377039579448,0.9123545781977361,0.6669175007586493,0.7475585791319096,0.7977387565883957,0.8711390472137425,0.8756940784346487,0.8798929996371634,0.7750272578948059,0.8680524851831134,0.6893146520129695,0.8746404220564745,0.8178215762363278,0.7306993474637525,0.9227111418433473,0.7796479942745029,0.9320813998835562,0.9370858075903769,0.8532602082995973,0.7503314870275362,0.7322512837470497,0.7193654154793816,0.9000973030931265,0.8893581807675934,0.8394148120480491,0.8152196862871297,0.8133200062980943,0.9462576763651023,0.710179413038241,0.8666035062574061,0.8657027703142017,0.6958776849122158,0.8545922459238482,0.9105536988226641
0.7769432712661767,0.8536626476107718,0.7488247570809908,0.0,0.6997466652706387,0.7725935197514664,0.8971946804388501,0.8425250732316782,0.679583167275728,0.8622969686013099,0.8022419957270651,0.8222909608668243,0.743018172096093,0.7604208845196719,0.8980302970478102,0.685447317873055,0.7650613670591241,0.8242862905555179,0.8308904934376345,0.6431297050197846,0.7598552594605171,0.7820135217235696,0.8646147242670083,0.7770492815824009,0.833516886761585,0.8013137127082511,0.7742532716332965,0.8573019156606334,0.8698190489684842,0.6316654907587134,0.8507344269568503,0.7091889768538077,0.9788522301778627,0.8462222606055173,0.8656015719101855,0.8931553659531277,0.759405688845583,0.8185682282831195,0.7517196124352142,0.8252616311580009,0.9038814113582981,0.7379647379881411,0.7321380542575774,0.8466645334915188,0.8116598967276167,0.7557031065030748,0.694126359970403,0.7379603263155793,0.8323250708018459,0.7082334573431507,0.8167485886105856,0.8428068293848368,0.8502556680987164,0.9294243699958699,0.8948755271003972,0.7285404108932675,0.7397398402677952,0.7844229740571808,0.7332031869308586,0.7541566432426435,0.7684150772417375,0.6363541267747597,0.7976723580002668,0.6546212027816376,0.7026290014513136,0.6701575114758667,0.7437486710703267,0.7209337759284228,0.7464688937404951,0.8624425628741275,0.7354025987393239,0.7510920018071459,0.7165436039652336,0.8007278535477611,0.8139251907859314,0.7382534388905432,0.7043456401018913,0.7561474328230955,0.8597516274893999,0.6321808079279734,0.7236894394857323,0.8647016166449181,0.7179960252400339,0.7753660785141527,0.7859367892576924,0.8050147172437956,0.707667685983721,0.7134857120777643,0.8273878126866437,0.6913609830541092,0.8284848423393778,0.8626711507364964,0.8024469353313572,0.7089376302519999,0.8402995827318885,0.8750816474692902,0.6426223535221667,0.8625193441366985,0.7221764549202913,0.8548966622208777,0.7462002884215865,0.6824213188426398,0.8532928747132136,0.9163785647406495,0.8400659714417923,0.6943134384058889,0.6934458345553849,0.8339663192468673,0.7960983623769031,0.7202927179686082,0.8587278794029667,0.799136677643285,0.7569458608842137,0.7850418672863897,0.9058715725679408,0.8107143403514397,0.8351326537233863,0.6913861921165596,0.8709374574183925,0.9117390816327675,0.6594266509447883,0.9551257966597834,0.6971827185142447,0.7924317563369364,0.6569854960592076,0.8751023953836995,0.6804156687992504,0.7139498973588296,0.9213792342706573,0.7558327419341474,0.6748304103756758,0.6193105845338529,0.6288876535201627,0.8342228204775914,0.6952910929315512,0.6546125807357923,0.6661349052361901,0.8855598512621206,0.7916734374651356,0.7608332504810785,0.9397226537953284,0.6678974823340594,0.8582740544720773,0.7896356174450673,0.7609902645999018,0.7854612494014014,0.7296174662635676,0.7358005134179965,0.7933741601396699,0.566270511990925,0.8290945328550114,0.9185851194246668,0.7418407850229787,0.6907005952370634,0.8914875771083652,0.7173525221953183,0.692452215638713,0.7980908044478168,0.9276947151346049,0.7676550098709689,0.8806040904708341,0.7688841241860942,0.840602928873902,0.7787907632834309
0.7245897454499595,0.7305558475557217,0.9222846771728495,0.6997466652706387,0.0,0.7825640954833665,0.8347555757630918,0.684933639366763,0.6051498119083403,0.7258233615823573,0.8164503711458473,0.8468841030663399,0.7460830773066427,0.6133411176636976,0.8243392200569012,0.9072480993309815,0.9037103481396846,0.7411078376562757,0.727107332608688,0.6126088602208627,0.9336452457529054,0.8445975701036357,0.75036244986133,0.8451407346343376,0.7012228368537176,0.8929116598922155,0.6231004052039162,0.6499745946958041,0.7845698151849613,0.8875789269399165,0.6836837742172418,0.7875594231175811,0.7408880141596521,0.7085686392130046,0.6331740848574497,0.7637061295670023,0.7641100202833364,0.7868356048852951,0.8902932880287833,0.7918779893181532,0.8176741867553411,0.802405177345387,0.9242688024628495,0.837649480769747,0.6925937606773657,0.8377683838406509,0.9416682632188978,0.8124451217258281,0.7799596092947781,0.8441303955248847,0.9014478163023544,0.8901385055948222,0.7867276766832103,0.8194910589537661,0.8130629343907403,0.7124083374117043,0.85629231171294,0.9185870477125234,0.6208644687016338,0.7686096450088313,0.6363656731830367,0.8043697094951402,0.8954756680107767,0.596360460364807,0.7406313674377252,0.6921379972088648,0.6312434434392726,0.8444714498992202,0.6979464181525761,0.6991947940468232,0.8469820540159753,0.6190700388396074,0.595896357068858,0.8417549677032744,0.7595155081107553,0.6359949358049244,0.8549980054034496,0.9717108612379752,0.7870576857506807,0.7761460794489701,0.8018047669548606,0.7584762252604861,0.878108940632653,0.6506941039703648,0.7687076008266167,0.7371399743374285,0.6144939943707158,0.6397110673760873,0.6657865748658481,0.661975637399597,0.9271550109968087,0.6599669279195443,0.9321252954526478,0.6956719444005174,0.7186791367603665,0.7573231915192865,0.5894351239817972,0.6632308100734043,0.6443700377411951,0.6772763376227195,0.6099527640846047,0.8004754447957166,0.6499515928051645,0.6615324336740529,0.6724229652733259,0.9114576611636064,0.8590772092353276,0.7156215371811849,0.8561326157289527,0.7726752925895458,0.8287423069853281,0.8031861860838512,0.6489917697382462,0.618889031504493,0.7848241414723688,0.8517309958312271,0.6667013098977297,0.8181002227371105,0.7865089986301023,0.6382481265197845,0.9189729932263414,0.7191284068411767,0.6581347457034028,0.9022719615614075,0.5527692135025167,0.8195964043642294,0.7086898483611487,0.9007961634423126,0.7583481250278564,0.7395625065793855,0.6479434895394405,0.8900269336884044,0.5554978136768411,0.661369576457357,0.6514874022850848,0.7615036772349172,0.7848364122289472,0.786039239424585,0.6506246599461394,0.8819234634283611,0.6136894851036582,0.7770711776899561,0.7293834591064959,0.6814983991908702,0.8028978262331968,0.7147641018171059,0.9064101219599409,0.9084805903571734,0.7225520784241048,0.7273092887881455,0.6344253346204626,0.6790986156068903,0.8264781685837131,0.8266210351327287,0.7995677988151882,0.6646314247161038,0.6794056483022021,0.8892424710049299,0.6186846471103864,0.8129537583549569,0.7376282282458717,0.6087541445769308,0.7588712957592577,0.8207307962957727
0.9193565095540512,0.871560574697411,0.8556275872954175,0.7725935197514664,0.7825640954833665,0.0,0.8141516273358913,0.8223412895604899,0.8029347548155289,0.8379103268520961,0.9191455040253282,0.9037068428480093,0.8469342616566365,0.6853205935525595,0.8104744581052534,0.8549054157487419,0.859230839009369,0.7789375227789082,0.8855727527916509,0.7809616035738842,0.9038933094020589,0.8679394400571004,0.7138897305689225,0.8597603622727179,0.9248251214962461,0.8364242629185755,0.6006715542575116,0.7989935710367615,0.8584593125021742,0.7834309624260917,0.8893625371598376,0.8480946313949131,0.7830276872203746,0.8390111193935186,0.8322628361639578,0.7337881114727031,0.9182036301689295,0.8572997459077853,0.8380017895963433,0.7471605794198235,0.763191957060202,0.9320842389463728,0.8263100374141359,0.9540257526679917,0.7680613996925012,0.7509111534657831,0.7869158625982567,0.9329158007901678,0.8160763729794567,0.7079476637291073,0.8238619035318802,0.9257243803217643,0.7426108107086284,0.8731402803707722,0.8334345954899506,0.9201444547166538,0.8650915664521387,0.8829364041037658,0.6472495243431483,0.6733345200294741,0.8323873313570715,0.6754108743183825,0.9113458776468792,0.5960347240520905,0.7626593350527673,0.7827027064354921,0.7429878070235386,0.8803011765216272,0.6754733244115882,0.9072655694575504,0.8946515815587747,0.6803246692791044,0.750747837253011,0.8130251081002883,0.9282818130576355,0.8448056279555501,0.7658331471307648,0.8265664124868742,0.8331515277004803,0.8832486219234671,0.963918062282695,0.8633210014960991,0.8854168947141652,0.845062005854241,0.8403885553831674,0.8582642192411621,0.8873488061630728,0.6350689907209108,0.7824019102970813,0.8169768929267018,0.8153211545803959,0.7621459453539507,0.7843965513872266,0.8533271305772646,0.783800169451768,0.9459618354379754,0.7576336681958198,0.8537940163865031,0.7084921153383515,0.751541145549875,0.7645836657402095,0.7567844892565844,0.6964415061964568,0.7761945580173869,0.7644618652477219,0.79319034745944,0.734832079180042,0.9026231871171471,0.7277039738584203,0.9237230076161361,0.9262148723870761,0.7715953813690011,0.8607021900977048,0.7664407521510723,0.8283951902503404,0.8656795836645523,0.9066877410134607,0.7870151217152899,0.909087341654593,0.7999172693297125,0.7620851268186216,0.7626712835898795,0.888296067312947,0.9192849464664152,0.8007343895650681,0.9047913342236904,0.6519369276567009,0.7872855883608549,0.8760716848390289,0.6952535453106437,0.8166414514560388,0.8448416383027204,0.7213903073818155,0.9200353675747128,0.842093104331528,0.8300408192735699,0.8792007679585363,0.7652166043496064,0.6717692257959383,0.7882250883077379,0.7823426642326108,0.8438942124506367,0.7749426945159688,0.7044674161300485,0.918490999090138,0.7661146114429833,0.8910603429285426,0.7904239432942808,0.9056972191838205,0.7351127302689725,0.8882686910404423,0.8500249412858977,0.7303359815139865,0.6804245020954535,0.9178868564840461,0.8454870609734905,0.8052091398665401,0.9341046745811119,0.7663129954622655,0.8400424703713578,0.8047833068780428,0.8930989970887434,0.9042749132593598,0.946332466999994
0.8511349885446173,0.8772400051936498,0.8871862271309128,0.8971946804388501,0.8347555757630918,0.8141516273358913,0.0,0.8534286737373065,0.7163488034592917,0.925768040498826,0.8611260882280604,0.8739384378777196,0.8429849312753638,0.7965824677176072,0.952158495744163,0.8232005772792097,0.8996687274037395,0.920039804123321,0.8051197634039228,0.7031695522443038,0.8816969930289235,0.8916612613337597,0.9425846573934258,0.8681306718540113,0.8622562666595858,0.9152698283994095,0.7959211143681838,0.8463375200858614,0.8756001400340057,0.7531566589536267,0.8524583973958643,0.8580237901345118,0.8980892533573841,0.904093857255978,0.8376219393002642,0.9327994278513412,0.8478211212468576,0.8622658490401827,0.8254677235351753,0.9127121251484795,0.8681870467670673,0.8601716733125173,0.8908566741871027,0.881165216180809,0.8869440288759063,0.9076835300984919,0.8689376580614656,0.8114640270303691,0.9516705882266498,0.8695174276080663,0.9518461590186167,0.9046217710379945,0.9206123586621344,0.9468678767459084,0.9492010548831068,0.8057891277237642,0.8661605784656036,0.8564928660671963,0.8085187281431933,0.8826259938908203,0.7706405608951116,0.7853714450997592,0.8714705856370212,0.7292149644534471,0.8332887688800861,0.7693345578759238,0.7983833131401515,0.8651409230909495,0.8591765849712238,0.8585951189752992,0.8675119870785424,0.7926142469552826,0.7476901153034121,0.9414515770243616,0.852157005364538,0.7851047619683609,0.8678055427868241,0.8920955554335159,0.8595141880111165,0.6904505384337207,0.7694421297582872,0.9336399282220018,0.8243736483087873,0.743182359832737,0.8707179274049734,0.8329061374656779,0.7195604069521317,0.8129414914234617,0.8833936234087455,0.7429349456667276,0.9487366495185776,0.8616934317482471,0.9253993514729256,0.7705758093521317,0.9015008641851494,0.8761718407554714,0.6689768073722132,0.8400392757535275,0.7836699773683498,0.909536192669518,0.7429740652108632,0.8496540856417916,0.831325268732939,0.8154359516870763,0.8672556842625163,0.8572400560163834,0.8527221161674695,0.8584079298806511,0.926502666360514,0.8107120303041766,0.9295522327482392,0.908423079551505,0.7876659141070823,0.7981565954707783,0.9164267608552731,0.8945845163402283,0.8219286752474116,0.8609777179453023,0.8968342689148067,0.854450080632471,0.7932607055645603,0.8668429595937798,0.7363726890206236,0.893606206504659,0.6414490760198764,0.8905983948500474,0.8074300813306148,0.8689416403718859,0.916547850138466,0.8469107852546957,0.7312428316882,0.7401590305198972,0.6287909117411202,0.7694871401064372,0.7303662651793316,0.7397750645509353,0.7506831483080092,0.9354884924558889,0.8151959558390863,0.8585934767718759,0.7960347341957286,0.7973360076005375,0.9493600098748599,0.8420988792706294,0.839962165793759,0.8904329969268973,0.8355888008011072,0.8413046625452433,0.859307611331887,0.6222557564407947,0.7918477777582068,0.8090023723527513,0.8733985481929467,0.8564382080757954,0.8845852347440684,0.7713239136313427,0.7427844385332888,0.8860082020685832,0.8157307944997934,0.8890963826327495,0.9044670638500181,0.7273009046121331,0.9022428094235696,0.8377482762121267
0.8671990849441793,0.9648183265303468,0.7985320192341084,0.8425250732316782,0.684933639366763,0.8223412895604899,0.8534286737373065,0.0,0.8870952331924846,0.9476240404711278,0.8229221331868487,0.8609078015162068,0.8389375512377931,0.7733057845634412,0.8993183190629429,0.748216291107903,0.7895185892029195,0.8757496818084529,0.8129008429077692,0.7879719677913007,0.7708272367483201,0.8604094371160632,0.8670721497797553,0.8492310867305904,0.9149918203844047,0.781665974413748,0.8179130147632955,0.9027555879223078,0.8528256066477952,0.7166333936998216,0.9541055449993462,0.7589639588898859,0.8614804641711462,0.8822219752595393,0.8721776622213373,0.7824778172926382,0.8468571513869809,0.8591692950969068,0.7815217153215333,0.8295472943035113,0.7988034094984817,0.8436959679382818,0.7289394359915098,0.7973866852290554,0.9092248548865838,0.8237522684397394,0.7282463579742057,0.7606692734685884,0.8542541882511018,0.6957261397082405,0.7587988157934827,0.7999205066632488,0.7891597264829089,0.8478108103989559,0.8071885726399319,0.8856636768834182,0.7842233167747694,0.771983827927755,0.7221177403590462,0.7762501300004284,0.8348326198679661,0.6172271576781014,0.7436525746763937,0.6540399365544591,0.7072294531644991,0.7175554169724829,0.8098865288035342,0.7902473826937044,0.7441410298749396,0.9496434404008556,0.7923039511867561,0.7595170222391175,0.7116543362444786,0.8100717564924739,0.8984650994013121,0.8195764040798486,0.723477877551545,0.7581599668407435,0.8744564162817345,0.6672861178831625,0.7464560415439595,0.8719403191681627,0.8274060758418739,0.8242282041218092,0.7401476956179667,0.9506754334958992,0.7858253364029246,0.680982722952377,0.9315404463685262,0.9016712030529677,0.7605033986141393,0.8200645762485008,0.7440816085049979,0.7670793681959234,0.7888607902500766,0.9152161865281481,0.7014156077767756,0.8740230674636583,0.6754559561607267,0.8667034077537863,0.787828836426072,0.7198597098112458,0.7104537566432014,0.8372866097188484,0.7733869028371811,0.7682285094138434,0.6971602671853153,0.9568458858136216,0.796377200374851,0.8314143070699309,0.8168930415292409,0.731336006862565,0.7784209264371403,0.9107835651086585,0.8469176769095943,0.8903110453291312,0.8592672257135576,0.7514195995270992,0.7948603884585169,0.8734157184013749,0.682360618650711,0.8032664157650877,0.7628331873289402,0.8270911671930129,0.7044919616373698,0.8765587223174663,0.6525375026240938,0.8035075821037515,0.8696790979652638,0.7794492835979806,0.8963208251137108,0.6709744185129873,0.7139299468898151,0.8442871799307342,0.7926463305340129,0.6963034606241246,0.8140000212989846,0.8534960885884126,0.8438535454621102,0.8172033394013378,0.8339648385600179,0.7187021741876081,0.8721623725929039,0.7053422735281223,0.8069449915561882,0.7848509688673109,0.8191867403064517,0.7817892376584694,0.9228652191763591,0.6190179617395606,0.853356695179672,0.819233935172138,0.7904875334198083,0.7646880533012175,0.8818481511708893,0.8614989113031509,0.8048061159659432,0.8533927049467589,0.8401452723537509,0.7325896910763579,0.8579218809273464,0.798055635783743,0.9472546655772749,0.8257315872048693
0.8418976750084529,0.8413629673151723,0.6989894762713699,0.679583167275728,0.6051498119083403,0.8029347548155289,0.7163488034592917,0.8870952331924846,0.0,0.8289828806272254,0.7222463942946286,0.7699691698276041,0.7703828760154152,0.6837023644015888,0.7267453440075674,0.6814791357421867,0.6855465711856857,0.7473700781604121,0.7475928986287047,0.8054052825182114,0.6898413094055424,0.7520699497768136,0.7069841506950914,0.731558216578901,0.871330134203082,0.6619046966607685,0.6633702297820353,0.7802381442186886,0.6987015693858695,0.6966366667959148,0.9036879425333967,0.7353344406907022,0.6840654256625474,0.7985185308974558,0.7970666989816462,0.6380334025477551,0.7993754976996265,0.7203066304681653,0.6656210220759003,0.6709421914586678,0.6249915504197304,0.8518743768017484,0.6516230009060264,0.7095072636392791,0.7896736286795796,0.6973816854668786,0.670328262770581,0.7061534216455969,0.7388373013352112,0.6079373835277756,0.6539221561053397,0.700436104119264,0.6424150718740871,0.6973240903642088,0.6642777369625263,0.9309167706211721,0.7035064651048859,0.6887359586660243,0.6470651298642311,0.6424281035167237,0.7715436471795719,0.5760676792987174,0.6602778812921177,0.5962973464779195,0.6700000354693494,0.6920568659586821,0.7465455772912952,0.7473908614219124,0.6480457972735474,0.8633196157741221,0.740994150927262,0.6640547030652395,0.7062818757472515,0.6951656717658864,0.8017835700764882,0.819287728968721,0.6413818415065823,0.6518562926636259,0.7078164588167566,0.6598074574155348,0.7151413780628917,0.8047798715156959,0.7682122467617897,0.7387909582773785,0.6810646786199266,0.836589965390395,0.8285102770102899,0.6292170647262884,0.8415083200895966,0.907664422230534,0.6503901052547918,0.7645886013311465,0.6154265176461591,0.7332917492704573,0.6889083310960593,0.8289925852218852,0.7086622366020687,0.829440389140474,0.6499334403700755,0.7522973947824243,0.7146334250834151,0.6651008084281552,0.6339925310122407,0.7275734445108049,0.6942300003618469,0.6845268820135977,0.6119311454725878,0.8731064154526975,0.6462200643876337,0.8010828517056316,0.7301824951677776,0.639732115764833,0.7681006473753959,0.821939794968583,0.6839006645355908,0.7617073362720462,0.8245591845262514,0.6919923281892707,0.7008175640453398,0.7816833640381805,0.6035207698259368,0.6652792087594582,0.7770703031212474,0.7315188927246884,0.7490936691186975,0.7335947884837242,0.6072836868667155,0.7029982702970458,0.7252865605579035,0.644816145598734,0.9780352373587402,0.6504913751365619,0.7058528181479812,0.7970438124454454,0.7657856274081405,0.6603739089953707,0.7902903536596767,0.6790033320560281,0.6840681216968724,0.6983471426536328,0.7102884524905833,0.7021582532466104,0.7686785476603966,0.6339892126461992,0.7330978445735874,0.7387166418716593,0.7619696429969196,0.6605220500556112,0.8715831974956934,0.5934113502584678,0.8153274632846592,0.7087430991589331,0.6610141791973236,0.6650756203425184,0.7690371606157882,0.8405248207761238,0.7519979202486596,0.7627903529307074,0.7062480298130209,0.6659917322271167,0.7073772387759214,0.8071587105482018,0.8831697407644272,0.7544856791826231
0.9149146007204256,0.955884217646565,0.8539379195490467,0.8622969686013099,0.7258233615823573,0.8379103268520961,0.925768040498826,0.9476240404711278,0.8289828806272254,0.0,0.8687476373706062,0.8456168140375666,0.9006668419470804,0.8535004661646187,0.9203569894821684,0.7959408909005261,0.8520375708664124,0.9453551315106388,0.7949977506381288,0.8120190694495226,0.8219240553901072,0.904678243740209,0.9020614378694893,0.8714670045346747,0.9416371200322934,0.8522335837955719,0.8213861276404576,0.9201032617512779,0.8888086067360359,0.7064242303779087,0.9294772088978491,0.8508528019071147,0.8619176534128947,0.9294048269098152,0.9152326612301034,0.8559583507475823,0.9006849780807644,0.8870357692017258,0.7861379757655446,0.8880169148427548,0.7959998092634506,0.8823849522202416,0.8077960645028591,0.8458616158567511,0.957183881354647,0.8736787015547708,0.7847235588489754,0.8181472020184735,0.943447681633488,0.7816971014267406,0.842074327930047,0.839006901573338,0.8518828131929548,0.9014804641536818,0.8924880598547834,0.8900837632661148,0.8374616662469161,0.780450941010294,0.824919131376015,0.8346483671694235,0.8676348600338825,0.6967825200111932,0.7982338864652264,0.7415606540663632,0.805640505891096,0.7983990405763766,0.8801041172441181,0.8646230178127831,0.8503722626832975,0.9437159105561931,0.8602839866473976,0.8393749688895763,0.7941535718030309,0.8990889059988297,0.9087442311032068,0.8711280583151941,0.812394189107982,0.8058340561395848,0.8569757604596177,0.69100766301481,0.7765498979979,0.9181906058948391,0.8228568813612654,0.8265705828446395,0.8222054368449659,0.9078818419485088,0.812523841566311,0.7799105255544774,0.9557859150962239,0.8543196361566089,0.8238629037131718,0.8502124571128542,0.8105800614095272,0.8135738486067408,0.8882358545336203,0.9181359463418458,0.7377840480581747,0.883347393342647,0.7615089336575129,0.937984930609621,0.8290883277976743,0.8146159301561192,0.7708598367060717,0.8175745738446986,0.8514835052723796,0.8138639573619818,0.7784663843654447,0.9471221601350206,0.8567103504562376,0.8675133489067091,0.8835812937527483,0.8224745056765715,0.849842782647696,0.9103887049716591,0.8879300081186907,0.8890864692430395,0.8756065222145013,0.8447635275308895,0.8696643917424084,0.8978041791549441,0.7308498197339536,0.8052199532285013,0.8059855834427043,0.8574603212153186,0.7290253654353431,0.8898105782991776,0.7411754705708522,0.8345768397456464,0.9228309814173736,0.848928637000476,0.835993424000115,0.7093713884517666,0.720533634856308,0.8234907902755142,0.8255488303377042,0.756620218163128,0.7985081551521667,0.9055000338859011,0.8737400608127874,0.8032456462138647,0.8389642990588319,0.8046004158280732,0.9371100175029786,0.7958512338596083,0.8636606650814354,0.8698900389476621,0.8106373619462092,0.7970655809562114,0.9541430358251273,0.6263210910632735,0.8641414849593411,0.8147098988170889,0.8332564415315606,0.8178763006735302,0.8718762704788293,0.8803833088273157,0.819191417506623,0.8665775685403796,0.8610380295921459,0.8293998301539227,0.9289205201944345,0.8043437602248337,0.9507158704907298,0.8456122834860657
0.9219403432172733,0.9101360661096869,0.9202568256445753,0.8022419957270651,0.8164503711458473,0.9191455040253282,0.8611260882280604,0.8229221331868487,0.7222463942946286,0.8687476373706062,0.0,0.8538663564253907,0.9355565464620506,0.7760830017285489,0.8879965385420271,0.9244871535361203,0.9431888210109753,0.8786908257260672,0.8096687576995256,0.8185484653079714,0.9281108772871831,0.9521670794391052,0.7775976665848541,0.9609556013038545,0.8862725086583856,0.9324839272439377,0.6889895916250158,0.8659272662771086,0.9562595625936701,0.7512825206596758,0.831597453171474,0.8564132406226155,0.8230159446113842,0.8408767610294205,0.8417942965419768,0.7766670755591052,0.9608685558772055,0.9622613483193094,0.9121774669263181,0.8821985955804683,0.8235250522101085,0.8682885309137466,0.8675752514335214,0.9486447905621737,0.8399936551775695,0.8529348497348357,0.793421367980167,0.9742453820277934,0.8970905927368039,0.7786024742724014,0.8708151198079569,0.9215970714004917,0.8443550799109442,0.928468325506935,0.9136443571184216,0.8473127501734017,0.945093136810884,0.840476086325162,0.7178429345398005,0.778172697124718,0.8986906521608772,0.6988077067747319,0.915143873742926,0.6531816314087256,0.8042275988547427,0.8478480605541358,0.8274742315941047,0.921670797898935,0.7529461544453132,0.9035897004582942,0.9369128575541179,0.7833944921149123,0.7526055772130231,0.9074366764134686,0.9639056492677909,0.855346928294882,0.8727796909631826,0.8933020396249127,0.9110980012985366,0.891815741449978,0.9395517175872217,0.8264984091795915,0.899554405176688,0.9086165098386654,0.8394783934822861,0.89595759529815,0.8339366101280136,0.6655466225434268,0.8070713666770937,0.823453760391953,0.8382973493871904,0.7013076422244658,0.8659476938051032,0.9197919523548407,0.8542201650281406,0.9058538362304943,0.7618301124378406,0.7708866380883452,0.694952394044556,0.805652673805018,0.8612654513527155,0.814032092513527,0.6694017545001293,0.7208332435995556,0.7677957389608053,0.8651106288906436,0.8130675704118643,0.8987728079151556,0.8393816474877213,0.9544443976197011,0.9194915863554559,0.8081911093495184,0.8561613550513782,0.8205136033384074,0.9274224381604075,0.9331325036152954,0.8449245541116475,0.8554331571999497,0.9116686621320504,0.781121035271151,0.8673285164626306,0.7436893079994348,0.8720674231142299,0.9627437315132885,0.7761673176659534,0.9555016458100706,0.6721319477056418,0.8640190779867447,0.9110352151090079,0.8336034469774752,0.7373593079813837,0.8579972467002399,0.7926663831386771,0.8731163979829736,0.8993134628073619,0.9177351145339073,0.8976566403480788,0.8812324367195958,0.7922114306928892,0.8207045355545101,0.7953739317786851,0.8710508943336638,0.7998882130264154,0.7059613764044813,0.9856061172617447,0.7475987760229065,0.8660822963445941,0.8841882486556242,0.8846836973338,0.7402965536111297,0.8615374233908974,0.827472129702181,0.8442252366748814,0.7559059907769515,0.8740817044185755,0.8936648232575644,0.9084293643860087,0.9437409997910033,0.8221508305244565,0.8942772705676422,0.9071699931793916,0.8296931643223405,0.8525516726690388,0.984650289450226
0.8175553971190244,0.8672248636136064,0.8590713957011525,0.8222909608668243,0.8468841030663399,0.9037068428480093,0.8739384378777196,0.8609078015162068,0.7699691698276041,0.8456168140375666,0.8538663564253907,0.0,0.7668431824591416,0.6344038192633029,0.8847976923591161,0.8290947720933423,0.852801741701427,0.7736947030260973,0.9319898690166942,0.6746185125415893,0.8943569730160907,0.8490313865307514,0.8173599658560883,0.8553924594616885,0.8672019125131067,0.8242283738101195,0.6676979981451511,0.7795093388898223,0.8509800551979184,0.8797724675921964,0.8928660416569315,0.7861118253500283,0.8557003493815301,0.8352261675187101,0.7604371326988393,0.7842396236644866,0.817296562924456,0.8261436029503091,0.8905358716115068,0.7710465368141919,0.8641723487489013,0.8803397319776664,0.8326669697547098,0.8990941290914249,0.7605605520561933,0.7965070140416615,0.8336668267017154,0.8163134892565255,0.814792688649205,0.7279258477143874,0.849277824231395,0.9197483020800068,0.7757073309696948,0.8834696783541219,0.8399642596929379,0.8382812812141548,0.8329658191319108,0.9685189850503876,0.6211526374592578,0.7258004203913448,0.7220102923717445,0.672542569301388,0.8772255144581536,0.5709283978809571,0.7006357678796127,0.6758178257249997,0.6670061739399309,0.8078904976222815,0.6679663836102073,0.8687318945574818,0.8158838109159942,0.634786784352647,0.6405136971752091,0.8053412451864339,0.870601435647125,0.7361833361359194,0.7489886114397378,0.8755014380558557,0.8714324814621979,0.7604427087056963,0.8375651273275865,0.86382552357137,0.9049853035740673,0.7416965254604315,0.7863799303126146,0.8591263144571589,0.7296543761954414,0.632257780212574,0.7950473892525797,0.7716458798343114,0.8804131648764315,0.8011549604273761,0.8525632200446174,0.7383792715376601,0.7316952312347689,0.924110890032027,0.6323455101451929,0.8412158175951434,0.6566378666199476,0.7440624844244649,0.6711349450278972,0.7385935884278984,0.723509453652998,0.8541143101508243,0.7354029715025672,0.8134806356588791,0.7439908771045789,0.8775591726190565,0.7893459119681759,0.8205619020710546,0.9004092353180708,0.7675024795915019,0.7187744212645341,0.7460565539940072,0.8300450697771866,0.8981977188796345,0.8442953348024874,0.7768096222733274,0.8445368011561067,0.7761700510184057,0.7571488410490433,0.847177629304526,0.7273775976368163,0.921431363232004,0.636621210502964,0.9219191211338007,0.6486619909553205,0.8351966337132659,0.8595640252456433,0.6919813862234017,0.8117055422596982,0.7830644863953916,0.6100211005245774,0.8240374102674747,0.7112706601554619,0.7071553914822903,0.8393164765600784,0.7989863514735916,0.6870247754389575,0.9320564388597766,0.7602970354717263,0.7394370270976505,0.8019377973863652,0.696243473211182,0.8207885436786604,0.76063936689833,0.933836386806826,0.8537603092867091,0.8600085974133331,0.6907460203399275,0.7935327405309085,0.8603285816205887,0.7844343289862257,0.7402183513893121,0.9716744125523399,0.7442200958687689,0.7240793812844771,0.9451105866755082,0.7362396762895334,0.7853777649756889,0.7765711590544724,0.7612795564867149,0.9188806209107231,0.875107532431587
