0,1,2,3,4,5,6,7,8,9,10,11,12,13,14,15,16,17,18,19,20,21,22,23,24,25,26,27,28,29,30,31,32,33,34,35,36,37,38,39,40,41,42,43,44,45,46,47,48,49,50,51,52,53,54,55,56,57,58,59,60,61,62,63,64,65,66,67,68,69,70,71,72,73,74,75,76,77,78,79,80,81,82,83,84,85,86,87,88,89,90,91,92,93,94,95,96,97,98,99,100,101,102,103,104,105,106,107,108,109,110,111,112,113,114,115,116,117,118,119,120,121,122,123,124,125,126,127,128,129,130,131,132,133,134,135,136,137,138,139,140,141,142,143,144,145,146,147,148,149,150,151,152,153,154,155,156,157,158,159,160,161,162,163
0.0,0.7580185713946751,0.7050771189278212,0.8391606272536793,0.8234126938300107,0.7490279840673284,0.8450484938145979,0.7740360613819298,0.8464073545584159,0.6519116107879322,0.7942487123497134,0.7425691703999666,0.870816899081095,0.7942507858093614,0.8003124689208506,0.7970899526105046,0.8699504017306592,0.9209190552806705,0.7585720932543187,0.9020626872130785,0.8187396723034935,0.7493420424652136,0.8759142760388449,0.8177331565402224,0.7543389117381236,0.8481099003756224,0.8069182134234741,0.8521656324909821,0.662661968396626,0.795618727058873,0.7993083115226564,0.819038887530374,0.805437823473977,0.8528404055914227,0.9006396726198245,0.802293086660802,0.8637164303312628,0.8228907149884462,0.7289224346806686,0.9086008479824548,0.8044832022675544,0.8497265777491885,0.8429654220238016,0.8452878369311401,0.859698725534841,0.9240445601976154,0.8599857321253037,0.7702371428108188,0.8865247555490583,0.930944696361505,0.91432850897802,0.8884324399074551,0.839141054687798,0.7795742951540655,0.7607967541971261,0.8095768082954021,0.9370962591567196,0.7900932251886224,0.8255100925507428,0.8632512166645366,0.7561111251390696,0.7389627428817163,0.8984970347625693,0.8082865207641766,0.8573999772326955,0.8915562552763755,0.8550948545232228,0.7792864395122242,0.8038517045710821,0.7789940093058206,0.9179044694266129,0.8326836460497622,0.8692142850969791,0.8741687212065283,0.7915183350055957,0.8455311330212902,0.8314689027563432,0.7770535847425001,0.8154106462800371,0.6842554548467867,0.7402793312548529,0.8581635555593868,0.7507585010687756,0.7447715243814154,0.9088383704316376,0.8462643813593411,0.8574919566173941,0.8657537519419126,0.8258203136949408,0.7700193085015739,0.9441426381355228,0.8346982746496729,0.8248207059694221,0.88714869913918,0.8937634370802857,0.691302528482732,0.7432308959570919,0.8169413230417683,0.7520625294767711,0.8551994711833092,0.7396857325558648,0.7568599117940311,0.8478479632167839,0.6535497794692388,0.8799877032901029,0.8756507272605308,0.8193251399782508,0.7835711528872754,0.8902639014868594,0.7867675254957915,0.8503904941850409,0.9268533118349565,0.8620946789841711,0.7480578152182944,0.8558909861858904,0.8666770184368976,0.867721728543152,0.7216879221491931,0.7863826871027162,0.7161952542498564,0.8935738750153516,0.7717758094307154,0.8873816535854495,0.8562520814769597,0.8189509507292695,0.6900400667417347,0.7897139990680173,0.7902296947221262,0.7513419761010527,0.8526788075766127,0.7533063286867255,0.7841904827048098,0.7383552175269893,0.7761884881880704,0.7533689391146488,0.8311541502268354,0.7859262250009433,0.9014964575113321,0.7883030412860165,0.7975635530785274,0.7098090465935099,0.7699727447470125,0.8871191434504239,0.7959015932023816,0.7982185368788064,0.8746585882622173,0.8194919353564755,0.6786483571304458,0.7152460351152808,0.6834139005439169,0.9244671875068761,0.7198058855974548,0.8473653166169564,0.7819296721881658,0.7401720876875143,0.8484739309864294,0.8232684670108122,0.781081713580589,0.8420344288563871,0.8423375738162094,0.7102863381058532,0.8493254729578967,0.8045234737380711,0.8927946705373851
0.7580185713946751,0.0,0.8936474261214465,0.8454379654500132,0.7507096806031521,0.9563815093219483,0.7798974303578676,0.9707935484955658,0.7700522375496516,0.872081075271247,0.912331169036419,0.9511076241101523,0.888384939570803,0.7852239868540293,0.8243999384290801,0.9067966225709568,0.8750393667953431,0.7116091623267365,0.8730735606091916,0.8657013744847644,0.8584062643690148,0.8877534929955316,0.751652569512077,0.8117185385869259,0.8745915236662504,0.6814627336902753,0.8151954727827281,0.8123730377385323,0.9253418152079066,0.7963952787085012,0.9294298797966289,0.9070252097697701,0.9396153914130524,0.7967574568812936,0.8334313696854464,0.922757050124096,0.8502472010768855,0.8717117279600622,0.9438607788101381,0.7991854921218846,0.9323473216868499,0.8091864081198382,0.773818926198233,0.8913935272187603,0.899665688144066,0.788284574676732,0.7781628787463223,0.8894468681726735,0.810163815579272,0.8533959633587754,0.80946400755344,0.7570719107220657,0.8371928958549014,0.9473663780433491,0.9504710578224077,0.8305931532443399,0.7940541395084216,0.927194133660724,0.7826342411626541,0.8455945644220546,0.9591114467857182,0.721425655050552,0.8158348206489553,0.8485892148258322,0.6852680911271468,0.7319319760546348,0.778040455145169,0.6962014405780395,0.7711813190754049,0.857670614358515,0.7594921764195198,0.7671319761502892,0.7015320418916863,0.8368820393347285,0.93998941049359,0.7524467752196993,0.8296772039539732,0.8422436437546384,0.7228505158512846,0.665944826861684,0.894608097331024,0.7118759167783345,0.8724723378129355,0.8577392427421293,0.7355687788595882,0.8857443909039296,0.9115971682105231,0.7155189293607878,0.820196631735586,0.8165996294200701,0.7375245452442003,0.8369869623954492,0.9412911830342426,0.770008934433635,0.7411196899854515,0.9167243970057526,0.8918404793926752,0.8695940885206377,0.6963975788257322,0.7676774726348848,0.8337839521692574,0.8643245993990795,0.6678032796042304,0.8329330209461479,0.7995551240373501,0.7800574855451278,0.8898009685752529,0.8434556424224101,0.8589052481513333,0.9056480291405028,0.8654456380214304,0.7291710201034569,0.7765080956122257,0.8668119114330317,0.7394589048633653,0.7562151112834414,0.8479825605891433,0.8338204730915674,0.8820791938947125,0.6904234091507567,0.7598460489068868,0.7894213929147679,0.7584848944124588,0.8534349513325189,0.7381289178746556,0.9362655817215312,0.71167006211891,0.9108860438580405,0.9395499795790923,0.8324712065956358,0.8764005834055256,0.8887423635217644,0.7224931158508514,0.7483396699585151,0.9042611141315385,0.8122395597859023,0.8390042713836808,0.7975588563570809,0.8466109024155117,0.9017502535733062,0.8793995262668797,0.8867113824219256,0.8176339479110722,0.9186520955620072,0.9223432290877055,0.6722306590999182,0.8893255271096124,0.8979832432554754,0.8955668714310454,0.8203653861208586,0.7725694988239464,0.9315380307931436,0.8709665963218337,0.8759444034279426,0.8871978817155203,0.8695337372754406,0.8148941565228718,0.862921310883822,0.7890726122686662,0.701512747632056,0.8199528565442398,0.7773443426441917,0.9609060917213387,0.6969072685831211
0.7050771189278212,0.8936474261214465,0.0,0.7957290074132415,0.8034399103588117,0.8887769716650873,0.793213802305226,0.8861207860281382,0.6454696340071628,0.9379099183698869,0.9414238822048532,0.9243417451860139,0.8497878276956349,0.6602049344517975,0.8273855667287893,0.9023034444189829,0.8572453462068871,0.7349268863682145,0.8593564805479211,0.7835578162065197,0.9064812185661644,0.9493349226674418,0.7523584958248312,0.8398353394776418,0.9249916583060143,0.6645959161102175,0.7304803323994685,0.7626081601989423,0.8935939946409264,0.7709255872772341,0.7925870809785603,0.8609213715247019,0.8128425002855322,0.7087044500568939,0.7041450081897561,0.7960158006635597,0.8366718027857872,0.7505366828565095,0.8611442297083729,0.775793496995811,0.8263523623590445,0.8579868283357415,0.8427048441922014,0.8509933148117447,0.8088033699483,0.7358786531927418,0.7596373138094915,0.9309850112215546,0.8194144368285314,0.7754755675465403,0.7914418906829892,0.7097163022464682,0.706601226932231,0.9116156461442425,0.894409827351685,0.7153792091402492,0.7300042538883127,0.9111104915600169,0.8126827377849599,0.7021839182835545,0.8828910041878142,0.6069369864472904,0.8126304489958291,0.7443576272077751,0.6716910034877008,0.7050665314678097,0.7076585072207187,0.7717970240533014,0.8340933671396209,0.9061844606839955,0.7244413367841668,0.6422214214557384,0.6484457377311952,0.8573214280538431,0.854296165539375,0.641452586320169,0.8404450681110516,0.8269883352713738,0.6491978598720425,0.5989204894106477,0.9186490378628019,0.6666642218140763,0.8612194863129264,0.7366108445059337,0.6631672697916546,0.7632059512643884,0.8418369296632412,0.6744044486459051,0.7009697162320025,0.6550057064678717,0.719809474111203,0.6983798707124358,0.8717485454538634,0.6570489656038433,0.6748512878871412,0.890126368940655,0.7562509882147701,0.7863941587618662,0.5756488440204313,0.6694467076935237,0.6737945578838781,0.9314338475196021,0.6612938995120854,0.8930559833427736,0.6741222351699999,0.739950095513243,0.8617652536822805,0.8585644846083311,0.8076291064373737,0.9478400548493446,0.8697596756522874,0.6533101489195818,0.7135469058566363,0.7460448338498531,0.6271674427091917,0.6740502412883338,0.7541458774991715,0.9100383008307728,0.9335800505460056,0.5710561266846496,0.6784354962252723,0.6615861079729177,0.6746402254482189,0.8111896925076438,0.6019369798560659,0.9033891835656268,0.6201789533728614,0.7892179645320959,0.8692203567351315,0.7762676942203109,0.7612714292359138,0.8962658989482786,0.5798597051919534,0.5988797323187298,0.902367661738753,0.7621967016977886,0.7819233197388121,0.7071394321081225,0.8663513268847545,0.8478509840800277,0.8401998993469527,0.7749886458880532,0.7134293046409148,0.8354641393790285,0.8621538745949519,0.6611561569686933,0.8138147699799327,0.9024786529067548,0.9237567070990532,0.688855177631957,0.6772981641365561,0.8371738688648745,0.8411855308344643,0.9246615642820459,0.9313254789128875,0.8587263909438336,0.8020971082214705,0.8818828737227405,0.6668310320495198,0.6389587739458779,0.8899200376158676,0.6339966488538998,0.8644765404047452,0.6698171099159875
0.8391606272536793,0.8454379654500132,0.7957290074132415,0.0,0.7635209958844342,0.8275299214483886,0.8609139469959265,0.8429360497978053,0.7408771480723189,0.7315734771785538,0.849494505126856,0.8105000509889291,0.8699288076552076,0.752311722976127,0.8325550181113835,0.7988143855694441,0.8755262038613859,0.8121044601021277,0.8326956965090554,0.8326832053130713,0.8798330709206535,0.8380152628806449,0.8089053571395536,0.8611407673501151,0.7858221098128563,0.7539736651773808,0.7824057341800704,0.859615418524376,0.727816118824027,0.708650316826029,0.7818838821642885,0.8243672831894859,0.9040306442794069,0.8077685810643679,0.8046696528184906,0.8142875655357641,0.810528516309625,0.7576181853147185,0.7965936971528988,0.9165543342759778,0.8542784373937894,0.8619336330214548,0.7699517113845868,0.8372634425028355,0.8533653782423447,0.8543089806116141,0.7544510231037971,0.7888726578998762,0.8390776834629089,0.8662845219346349,0.9125819809198903,0.8472563930235829,0.8614700525967369,0.9138761286886364,0.8187073746654575,0.7685782507391485,0.8719037815592136,0.8185108419368637,0.8507193543108162,0.830254826361565,0.8988179063059347,0.6821625754881226,0.8733326291366134,0.7583138033750049,0.8059064645821735,0.8543508246956939,0.8818017195055607,0.7308544403986976,0.7599502233416031,0.8020855018434291,0.8332642614333525,0.7234584880326738,0.8135148288525254,0.9331102034815334,0.847780304476264,0.7285422166238412,0.8869699481031291,0.7670169373541119,0.7207236297380032,0.6292613588280815,0.7959788972606249,0.8491419987669896,0.7579576996422631,0.7314025122029774,0.8184051449688126,0.8135860882164481,0.8392700025173329,0.7648989820815502,0.7740475284672169,0.7564597328241223,0.8244432627504261,0.8107128714160058,0.8309365659975623,0.83815968327732,0.8714064441909148,0.7346627742291342,0.8193966126410918,0.808884758659178,0.6631995843321653,0.8396167769281012,0.7103363543512342,0.8229497215218194,0.7717125675373935,0.704524667858282,0.7988171063480424,0.7915184693527311,0.8812998267595941,0.7854335104383677,0.8694307681615465,0.856220059365602,0.9190807139075419,0.7880915000067298,0.8632412161681373,0.7447341824976139,0.7572437039677054,0.8154108084152256,0.8197831793369311,0.7367482630416244,0.8715171197800149,0.6575122308042676,0.7650146564444876,0.7402577377807049,0.7873257402985596,0.8566950329001126,0.7051301013339489,0.753534237561629,0.7607314077968165,0.7883692338339231,0.8005770587482485,0.787666363939963,0.7239790602631605,0.8364296449077782,0.6770271367710754,0.7468863353759881,0.827598607396603,0.7615600997161421,0.7090601083970298,0.8054759037591147,0.8023188312559221,0.7835137671197647,0.7867766764637203,0.7526125133035635,0.9085275748303314,0.849245401683736,0.7894277805966095,0.7419673173862888,0.8164396089281633,0.7555374559169022,0.7422770869710148,0.6731614355958524,0.8393958420259024,0.7607332574352476,0.8975050538785863,0.8230408163383127,0.8030954234151968,0.8627973859633191,0.8761621062506176,0.8253030994592897,0.8398039179743853,0.766786305415284,0.7653756754587095,0.7300011684667386,0.8076922401885099,0.8020318655475199
0.8234126938300107,0.7507096806031521,0.8034399103588117,0.7635209958844342,0.0,0.7638692639544397,0.863851842300131,0.7221149688736198,0.7184453535610423,0.7082398447517092,0.8623836522257218,0.7807790924112791,0.8073352461184227,0.671116028343208,0.8624546332822222,0.8245647320957753,0.8103435500020705,0.8138333996635326,0.7394389777354928,0.7550265532020346,0.8484926178703741,0.8448979674336394,0.7684933807549021,0.8551392139489693,0.7696650820713987,0.7842984207731424,0.703023809535119,0.7010117105681389,0.7236414062102999,0.8394752378159951,0.7535567399052,0.7773533086043216,0.7788272483618721,0.6880543162109517,0.741649803425309,0.7334933305375242,0.8718834522983181,0.7437595697775071,0.7802640628953523,0.8252140243380325,0.7857822248588233,0.8511480769087388,0.8728919608486807,0.889712788779232,0.7425855735268714,0.7736691202656415,0.8381986382643664,0.873761818430973,0.8367692544509981,0.8126671697647017,0.862244275806112,0.7822659827492257,0.7153176650602395,0.7941765360309172,0.7782139440019881,0.7228225747741311,0.7944896903066752,0.8341666355194385,0.7581972032926966,0.7109876121164986,0.7180373358398043,0.6404945877026473,0.8516287383363331,0.7045128386401124,0.7608629408245631,0.7288882904516784,0.7227648197406455,0.8901707861856816,0.7756105907593258,0.7952568795024475,0.8734025428844857,0.6870099295805034,0.6817500494816244,0.8321970629176073,0.729734189749554,0.6848808401885919,0.8356174573526434,0.873603105047583,0.6756874134045425,0.6978837072481497,0.8137798709860731,0.752398549649901,0.8793202708787227,0.6675278523899858,0.7151952762829097,0.7394414303937538,0.7774662782514589,0.7308224004248616,0.668721468185186,0.6805335360098764,0.882771540693794,0.7089729028206639,0.8380943023264615,0.7085352409346244,0.7523972740267596,0.7670775599489997,0.6709736729395749,0.7024055274076572,0.6283969655678295,0.6726315787656317,0.6719168873402094,0.7843816438058098,0.7093594501764346,0.7033785606315069,0.6992506666683175,0.7775669200037125,0.7537956216813675,0.7329057613963088,0.8240075469567347,0.8361080901920779,0.8378017512780813,0.7520371925170554,0.7247235995637418,0.6712796483506471,0.6853197732307026,0.7391298243684717,0.7074450724824639,0.7914619975014341,0.7931445225490799,0.5973016834435928,0.8469132233786771,0.6794448656202647,0.7078758670749569,0.8929394639615763,0.6889728711446228,0.7513695528016053,0.6472328869202885,0.7708463778079586,0.7179646244961058,0.8125351697905392,0.6850496513919189,0.8237977218785941,0.6133994317264527,0.6581491481429383,0.7713776889047977,0.8616927783680893,0.777608764526598,0.803392984526514,0.7532389995631361,0.8189034194800949,0.7265020099716237,0.7308524796129957,0.7381572055942662,0.7511354856289312,0.8227211973178433,0.7322845478892912,0.8643234461407869,0.7713174565465278,0.734466262394473,0.6241070734139855,0.7459397207682867,0.7293304388425312,0.7956543567545842,0.8309366967314256,0.7818593481753481,0.8431329062424072,0.8070779820315774,0.8538696897122688,0.7284266648676827,0.7273743674444878,0.7404982928026768,0.6918658166954682,0.7773988336258456,0.8556943864392189
0.7490279840673284,0.9563815093219483,0.8887769716650873,0.8275299214483886,0.7638692639544397,0.0,0.7618712412935043,0.9402790136052986,0.7396626380717348,0.8378049250350164,0.8900703909493846,0.931885932153747,0.8946559391115507,0.7715075882788713,0.7610714530521737,0.9292949716651058,0.9003999168975227,0.6825570233961161,0.8490967326805149,0.8283090267120494,0.8689228864892631,0.848180849468769,0.7270609639647577,0.7846688163677163,0.8412121753297096,0.7056863546930561,0.7725677114945085,0.8034927071923232,0.8878919093190809,0.8207954704648146,0.8688582397574265,0.9217844777646844,0.902542158350642,0.8015521413719341,0.793290104429293,0.901450968826162,0.8407161992094497,0.8511351694226887,0.8946878231405198,0.7833322635458203,0.9009650969147076,0.8332481199840197,0.7613584407643851,0.882101555224501,0.8687146704354457,0.7885010911733108,0.8116428224160419,0.8744033657306731,0.779266028904066,0.8432629265901692,0.8220321248748887,0.7979133625974928,0.8268528792388408,0.9222112006816757,0.9168490439606382,0.863436922643733,0.7945671831299147,0.9545215564641802,0.74407132714322,0.841903671305674,0.936627972174662,0.7525837496176694,0.8517667107751287,0.8216956917045474,0.665383151781935,0.7389786271632699,0.7592746764302777,0.7043396943680423,0.7469471173180535,0.8199629089861487,0.7659858014258252,0.7370982200097881,0.7140497187748578,0.8428196058345755,0.943871889332026,0.7447366019261809,0.8473281100386298,0.8664342181187318,0.7173793022756859,0.7294858814504198,0.9457099817714344,0.6991672647068736,0.8756109203610364,0.857184964438102,0.7597969086453026,0.8664277982071243,0.907188100720496,0.7005197433671159,0.8215148169711194,0.804743489718819,0.7596412047739495,0.8242513506423059,0.9192806102816994,0.772405476002832,0.7370626362646079,0.8800234396697076,0.8730311750641445,0.8718190586427033,0.7011330766430386,0.7753224339818469,0.7958286056343186,0.8507729030199215,0.6655053936139945,0.7858236174204907,0.797696081542595,0.8122947586821704,0.9095499061606628,0.834558117087394,0.8482750287193148,0.8933710949638859,0.8673052066641883,0.7293941130530823,0.8032162355473417,0.8566289837999955,0.7460670110799364,0.7851273187794257,0.854255448631612,0.7910109704609745,0.8995969491894498,0.7045034404337341,0.7605870173593025,0.8052245117495124,0.7764679573151883,0.8684389736595899,0.7088239796053902,0.9041101644091575,0.7435842332038184,0.9135972688541333,0.9276804159842955,0.7823149455100528,0.8832001810755291,0.9431935554301933,0.7162750605237672,0.7440442593632056,0.8420805422349739,0.7702132599294036,0.8230033416288723,0.7589783395097557,0.7809736205369008,0.8494733851721893,0.8039511273800926,0.8985153164733496,0.8099401135464279,0.8927843720077584,0.8993588429440792,0.6748286235949861,0.8800121863035064,0.9011964941336662,0.8587627878861278,0.8389009420488591,0.7379704342600558,0.885882980893765,0.8370022046208142,0.857840450534173,0.8716850249562486,0.8084004512717854,0.7843728329986418,0.9038736085821817,0.7306245425688869,0.737869937231749,0.7991596874906776,0.7681650622306165,0.9296245272064219,0.6940796440655863
0.8450484938145979,0.7798974303578676,0.793213802305226,0.8609139469959265,0.863851842300131,0.7618712412935043,0.0,0.754950679218566,0.7068498726535848,0.7628318878571693,0.8409266259582917,0.7772585871413003,0.8661320714001705,0.7354235508708962,0.8864435938824401,0.796769350899712,0.8049961670550878,0.8520505358562638,0.7440120902534988,0.7666420544737609,0.8251963935531662,0.833326265689368,0.8485509665826617,0.8379846662458159,0.8166832823829635,0.7840917806660458,0.7747221728595354,0.7489960091418774,0.7333140760001362,0.7509261577468206,0.7868511039177201,0.8457673633365562,0.8217258240052219,0.7549737131479102,0.7801383596287155,0.7712698248244239,0.9141110870612731,0.7145552948779861,0.7637126628765553,0.897877693422984,0.7579353721942961,0.8532190791852567,0.864422521504039,0.8684973407284141,0.8168568297066495,0.8240063026983881,0.8316857957208104,0.8467455888774057,0.9315083389276404,0.8341868227656654,0.9238310117948456,0.7539652879883609,0.7438687272707423,0.8345127478511543,0.8296251430209955,0.7549951068314397,0.7893752235224358,0.7804859116388594,0.9041658259096107,0.7581180877957191,0.7822005179316055,0.6671070516520407,0.8060744622520729,0.7448758756285228,0.8009780060047879,0.7911937377460095,0.8711278938041865,0.9140237508585994,0.8258167953252362,0.8047780888395766,0.8704314064802616,0.7310264178303277,0.7596841882483074,0.9102263648503196,0.7256385269980897,0.7685033394327484,0.9297187636223005,0.8500775966566018,0.6549164651803022,0.6366746156272167,0.7589511010013785,0.7920827418321311,0.8107159895035516,0.6588868777300508,0.7428604349039865,0.7160599360569426,0.8313803804386066,0.86370305998522,0.7458070920222466,0.6966019887296857,0.8628926135076375,0.797967875760583,0.8474072627578131,0.7427425602616824,0.8218484210851028,0.7793931122287708,0.6965761344645119,0.7497154883483178,0.6512021523780244,0.7799639323432442,0.70976910749664,0.8659534924562858,0.827443035015308,0.721486480809896,0.737796077831729,0.7702250777389383,0.8029276076633387,0.7381284944969647,0.8828554335778449,0.8513304750997552,0.9007869421674577,0.7663472210737544,0.825967166122873,0.6899122272944076,0.6930802830210288,0.7163935184747303,0.74745512689157,0.8230564349647687,0.829846098200834,0.6205416285732945,0.7726823183654381,0.7024622388370375,0.7156078717444448,0.8839002405053474,0.6873849998019465,0.7609566730731813,0.7076447881643959,0.7845781131211393,0.7452847758904902,0.8532306807434716,0.6804006588770067,0.7629048321510435,0.6326453212705774,0.6404277041161569,0.7822708794710688,0.813455254559975,0.7233074665617776,0.8319999148015834,0.7937755318888853,0.7983650738738262,0.7941569181202898,0.7505822665957088,0.8307437443308167,0.7990167378179648,0.8182293517212819,0.8196464369463989,0.784828644383856,0.7704806657900044,0.750491103061986,0.6089663839742039,0.7801534103919607,0.7406274685497567,0.7951807768462793,0.8949853979940308,0.7752199650917699,0.90053375442826,0.8351757637088153,0.8309840813285925,0.8232945286186971,0.8018738003868944,0.8098605668773882,0.6990892240330906,0.8032769851888233,0.7690968135368311
0.7740360613819298,0.9707935484955658,0.8861207860281382,0.8429360497978053,0.7221149688736198,0.9402790136052986,0.754950679218566,0.0,0.75547387779713,0.8687310883358709,0.9028761460781257,0.9478514643691602,0.9048271182626708,0.769593186368674,0.7867198884055995,0.9210615408247883,0.9084213815685219,0.7353477822908364,0.8902337046700151,0.9014870391971858,0.8661736550827196,0.8551313652596665,0.7966950443452545,0.8128732016314988,0.9002339470603202,0.6978646475753041,0.8378393913518435,0.8751011314804668,0.8928385445644088,0.8015587281486383,0.901534732639016,0.9067949317076119,0.8992617984759664,0.8443711813291027,0.83136468178741,0.9053770527353959,0.8476232458537656,0.8785154214358275,0.8918025193756415,0.8085324785875526,0.9156116998157462,0.8195244748929483,0.7881603120746359,0.8595321208158808,0.9264219132360193,0.8198161224544789,0.7802889795820838,0.8677891795586633,0.8218350674849464,0.8478032756238999,0.7963576584324669,0.7770126994555476,0.8080477692981076,0.9145335719966562,0.9189960872673146,0.8276258563992623,0.8103742167544102,0.9329300596309298,0.782715023864224,0.844739693604109,0.9487898693017547,0.7055582817358895,0.8309116868061223,0.8497003786103702,0.6721086712463912,0.7551404251313111,0.7703134458939703,0.6763299488421911,0.795522039254813,0.8857258306212757,0.7376902470367126,0.7606869318851758,0.7174801356153756,0.8436326033530606,0.9599099675628185,0.7580455354722727,0.8157617592427273,0.8130640248354529,0.7722768831291749,0.6523992235941272,0.8850817722678569,0.6960154759620366,0.8350668570632672,0.8843580828615469,0.7636485106502156,0.9148979076970034,0.9319514348526952,0.7111444393137827,0.853852048389188,0.7985405547575676,0.7379238418095938,0.8125270419330678,0.9067722177765449,0.7742094389080787,0.7246276327877963,0.88039251301925,0.8601858509187265,0.9131770979774024,0.6820527393490446,0.7857164457975243,0.797975021435022,0.8677085470348318,0.6882194702600455,0.8466159942344389,0.8053030348274391,0.8168802737031243,0.911522427200175,0.9148940610579991,0.8599076330051261,0.9062642611700625,0.8618752392595344,0.7396835383910225,0.7787036999683549,0.8803207033540739,0.759122395866906,0.7834498610800872,0.8977829941951149,0.8267746918779821,0.8996845275283194,0.6910140120125378,0.7377659722074629,0.7886380229707888,0.7956673131961716,0.8288255174892939,0.7080818478832663,0.9113963603859218,0.7087190736921742,0.8861424156271234,0.9558069350138585,0.8138242495596355,0.8981399211345356,0.8844759430158229,0.7230406063263224,0.7255230438812672,0.8904369246142816,0.7609115571691153,0.8612973322909343,0.787575812298133,0.8846262715409824,0.8878120689234185,0.849034291988944,0.8636695816441115,0.8013572880648807,0.8832859066037512,0.901746575614206,0.6968749865676207,0.8477954561238187,0.86748725405877,0.9183519391188824,0.8267113279536209,0.7855108507315003,0.8956744322091846,0.8741010393264512,0.8664239971064006,0.9141625340343094,0.8588385367320588,0.8182875719193603,0.8687438653734312,0.7595967062119838,0.6998055107104622,0.8273645880023472,0.7788818104802406,0.947284286387704,0.6938759971965232
0.8464073545584159,0.7700522375496516,0.6454696340071628,0.7408771480723189,0.7184453535610423,0.7396626380717348,0.7068498726535848,0.75547387779713,0.0,0.6146296500851798,0.7182446686439005,0.7078639201040225,0.749991131004928,0.7945438391736707,0.7313602335974662,0.7094385893399219,0.7389447658526731,0.7367760120730751,0.7005445356676138,0.808484505643119,0.6971808802731483,0.7125124730254873,0.6892027943294081,0.6897377291577389,0.6654381241978056,0.6679526359232026,0.7623499825362808,0.7287227336486668,0.6601503265523679,0.76872680567379,0.8157868971050055,0.7333795988856366,0.7892077931390377,0.7193150350215127,0.863618645567098,0.780838602063849,0.7358828628168768,0.812610520397798,0.7366875252694176,0.7292126859645709,0.7687140923169383,0.7617707485839472,0.6664736649721908,0.7537700424981739,0.7600981481834019,0.7384813749951463,0.7288088649984972,0.6793755094691656,0.7135792201944031,0.824532626324273,0.7526192415201796,0.7476073758786528,0.8461422672176567,0.7281512918215608,0.7130681104502791,0.8193556933968217,0.7984618953758307,0.742811472086626,0.6845046661720258,0.8185153957941697,0.7274412385164118,0.7438925140818137,0.7469865959856048,0.7717341990006755,0.7420643934887484,0.7089629592945254,0.7489123926009845,0.6515443099064696,0.6761977957063378,0.7122332467788502,0.7998792453437616,0.7965718953230235,0.7584921405280522,0.7154350071666487,0.7775427380135483,0.7580307662225979,0.6928532162636156,0.6980670820014787,0.6955498954349986,0.6479148376364094,0.674200198164889,0.8068433512710474,0.7381905775414066,0.7306737024117284,0.7668025468561107,0.8223440937227391,0.7890743098286286,0.7389562487508964,0.7539669214362145,0.8491250996436367,0.7896987295313821,0.8363506046354893,0.7705720973243297,0.798802921989082,0.8131380593195104,0.6900158672839115,0.779760222646852,0.7388659365295636,0.7827158122863617,0.7493006155226555,0.7727983392372694,0.6466838661281107,0.6653767854577955,0.6091919889341063,0.8369893573678596,0.7183113662194949,0.698255731201407,0.679493534503515,0.7405330297790008,0.6871794301503584,0.7133262015728888,0.8006230881153681,0.7560159363361256,0.7814338246225859,0.768857499795389,0.7870176913149666,0.7585414458212176,0.6425290468511077,0.6648712092747642,0.7599675951463534,0.8250579278839336,0.7751452421287888,0.7665061962283874,0.7502388925259484,0.8952574777709047,0.6653650770420305,0.7500341110617234,0.7707064870608554,0.6991194194624003,0.7563012808673248,0.8127433107809439,0.7291967773484237,0.7705532786256724,0.8783948863303903,0.7058523100301248,0.7851743626936606,0.7218628300639554,0.7938409238124593,0.6726769229848136,0.7546623074706305,0.6859270424986778,0.7671114702912644,0.8405570910080793,0.7960375620118089,0.7365174049565852,0.6962261124171203,0.8432661548898555,0.6423291643212422,0.6595412155899929,0.7210767641933523,0.8247029253571628,0.7355453523269264,0.7820811808112148,0.6837749045327607,0.6565389715508729,0.7589669052211103,0.7215209879827569,0.6820302990594708,0.808101695810245,0.717850441883746,0.6044172870149701,0.8565516469717447,0.7930650447762784,0.7982914612223598
0.6519116107879322,0.872081075271247,0.9379099183698869,0.7315734771785538,0.7082398447517092,0.8378049250350164,0.7628318878571693,0.8687310883358709,0.6146296500851798,0.0,0.88284169646299,0.894772835007487,0.8127344035204481,0.6626009982632551,0.774033413406663,0.8585822904268243,0.7806242857128104,0.6888188773923417,0.8053836222077385,0.7395707808002718,0.7905667536019999,0.8678234600972082,0.7461659567304818,0.7428432532430171,0.9443759435013516,0.6117863320566339,0.7571991175886433,0.7320225235070544,0.937177732966908,0.7393272402354547,0.8039474669593836,0.8546304417655302,0.7716540104039672,0.6938969541878929,0.690792117481611,0.7830597441838063,0.8197357429618786,0.7320763914164077,0.822317368672368,0.7106658249396072,0.7614486588756586,0.7633530545772907,0.7953330189187102,0.7938592319798778,0.7937814439349322,0.6805392624709657,0.7132508926846632,0.8886584647756334,0.807764370920438,0.7119368884493056,0.7127774433823633,0.6199193455787082,0.6478873005201724,0.8393155795792984,0.9041842640587309,0.6912353743899703,0.6512418789350412,0.8475595177774102,0.794902901787488,0.6713483819478715,0.8408326630498381,0.5944304914387373,0.7063208016723793,0.7475019371893328,0.6013284859086083,0.635287507839244,0.67682020496019,0.7220976239541932,0.8346116303949204,0.8953186358840006,0.6426726286250682,0.648156604411314,0.608078196360497,0.774902802570509,0.8015784568369014,0.6596794724264899,0.7812493354404075,0.7932974179550719,0.6142100752610037,0.5665142716206863,0.8313740032863426,0.5913149354919098,0.8093678878289394,0.7331043377361708,0.6098229163952876,0.7133991636201438,0.8336304970633783,0.6780287310963182,0.7169551017694846,0.624940500305789,0.6519752838415791,0.6907598659696337,0.8470527515680975,0.6049630959880375,0.6160571572168697,0.9255998992670403,0.7038819931156247,0.772724269610936,0.5710565999861179,0.6464809154028206,0.6980565797792251,0.9117872275657625,0.648708083248209,0.9420447598828348,0.6472008265638801,0.6796447915035617,0.7948177590321016,0.8396048612942739,0.7608869924497921,0.8732043086726576,0.7962943635490559,0.6075843856642121,0.6718458519298334,0.7656180462565496,0.5964260906276189,0.6078184050581317,0.7367652935099275,0.9345008477270658,0.8694868872351232,0.5740829931134722,0.6134740438813271,0.6598976132485531,0.6272006903369455,0.740293515371754,0.5847426213669921,0.927819750424912,0.5866872438392446,0.7662208302886796,0.866933926804379,0.7624037682383521,0.766596723432197,0.7786560930259535,0.5849478561632299,0.5559231833601868,0.8459321512881197,0.7046495112285399,0.7662051541551249,0.6795271986790693,0.8615275685350027,0.8270373042641135,0.8863515775229104,0.7739231783461247,0.6608054428270351,0.7994897102560007,0.8455086224833886,0.6445632897322459,0.7217896384380533,0.8882605536074802,0.9516075697037045,0.6892728056924862,0.636050064681979,0.8657247028367088,0.7539674177255944,0.8885043865606781,0.8933003219812038,0.8117920248370164,0.7374190296227466,0.8097390783519858,0.6660813172505067,0.6189363839535997,0.9061990253691319,0.62885574627113,0.8577344073668278,0.583897435575149
0.7942487123497134,0.912331169036419,0.9414238822048532,0.849494505126856,0.8623836522257218,0.8900703909493846,0.8409266259582917,0.9028761460781257,0.7182446686439005,0.88284169646299,0.0,0.9480820212290554,0.8899670220136441,0.7060419973660932,0.8775335162716923,0.938753963663655,0.9107106982450647,0.8058525075288686,0.9070116278089313,0.8581528128347555,0.9237281342015092,0.9455906365951685,0.8337358567206833,0.8905185179955551,0.9318483741031786,0.7097546206009709,0.8050015693013348,0.841530150095418,0.8902671867816774,0.8588609824012525,0.8547278074356272,0.8870592854771545,0.8638503262380335,0.7689439760411771,0.7860038800047952,0.8333917564524413,0.8943429732045297,0.8251265481186739,0.9094097014446518,0.839014908268954,0.8819786074262838,0.8746046119270559,0.8807823584772752,0.9118826889180981,0.849790037026503,0.794068177563453,0.7814514258542395,0.952621133524213,0.8933079724519258,0.8380662732227842,0.8473917225906734,0.7590859972502438,0.7642373419090193,0.9263955383396797,0.9258315718161267,0.7386034237327628,0.8191303780962469,0.9550984606807111,0.8234333865776814,0.7676120758838062,0.892084635334171,0.6372744170881289,0.8601444559387889,0.7828451477723419,0.7145135356701209,0.7423490388639788,0.7418900890890426,0.7685336769257595,0.8452565477521219,0.9449036055782841,0.771938492712728,0.7097087084350658,0.6871760335002481,0.8855030126592001,0.8929800206012011,0.7108004220413866,0.8753021050105894,0.867648345129723,0.7118279728731167,0.651456282832834,0.8970176115228669,0.710773751899552,0.8949871831638758,0.7782085201632986,0.7252152604042847,0.8244219812782769,0.8937943502863815,0.7195158473829679,0.7549990809097032,0.7008045992414471,0.7953795554528462,0.7410898237781784,0.9386491328067297,0.7371487517310438,0.7284057629902562,0.8836691272974874,0.7717544341964576,0.8050499108368547,0.621121223944033,0.7084880455644772,0.735304350506469,0.9183826135840436,0.6927035259044784,0.8610028235258076,0.7349533086656524,0.7814587528821249,0.8716946084601057,0.884859016749361,0.853823850142282,0.9486276733250345,0.9139204585374313,0.7243488636953308,0.7406808766423973,0.8084589279702669,0.6960791875895471,0.7431642028781554,0.8182742313793616,0.9216208321110859,0.9159115470752504,0.6119261776437597,0.7667427031073691,0.7112676450648121,0.7328763068709675,0.8836666887200748,0.6766267087816472,0.9099996813982288,0.6463532175076145,0.8310863668807156,0.8789599141784743,0.8250875181627788,0.7926795686376881,0.8995345804808332,0.6556416821883687,0.6669864513252115,0.9167825196688748,0.820939388716663,0.8457768261378045,0.7878889073032059,0.8985837059197784,0.9310223231767625,0.8601554435245831,0.8086979204819055,0.7659104426695403,0.8537847467610723,0.9093262386763203,0.6944094116346221,0.8616968296644547,0.8886010288830287,0.907540960574511,0.7195284074130903,0.7773869490984929,0.8875205238062883,0.912106210866856,0.8940268377284681,0.9346152428130919,0.9062031096507226,0.891499690389474,0.8996306569145602,0.7567105196747963,0.7048384261366404,0.8413431207220947,0.7204979064472705,0.8867719123110114,0.7707682627143978
0.7425691703999666,0.9511076241101523,0.9243417451860139,0.8105000509889291,0.7807790924112791,0.931885932153747,0.7772585871413003,0.9478514643691602,0.7078639201040225,0.894772835007487,0.9480820212290554,0.0,0.8563558088612968,0.6916926544779494,0.8347609408839881,0.9273689143937273,0.8777776544885413,0.7148900327742234,0.9322138178507073,0.859728048378361,0.9011653486185616,0.8974881849921406,0.7840292034733722,0.8596585716791244,0.9337270534605487,0.6748974994012346,0.7646053087361993,0.8157684903806015,0.9184579468821708,0.8315097658129001,0.9019900199719918,0.8855796720768694,0.8704539823767763,0.7935341400126877,0.7785237411628766,0.8569677731933766,0.858393349939194,0.8265809587137571,0.9507983747823263,0.7769286149249888,0.9048931999821813,0.8167249582388009,0.8313510071600636,0.9027639938686213,0.8655634099609674,0.7770429997753954,0.7637100147540163,0.9365116539524979,0.8333758613940403,0.8099718739840713,0.7956862635560243,0.7445826983882431,0.7527745057205015,0.9291085736313217,0.9353449971504981,0.7634035645203275,0.7897260484614312,0.9581012363349282,0.7632735584696831,0.7728309880912385,0.9120700550520017,0.6468084854209194,0.819500967454543,0.7871605104245833,0.6699224100599228,0.7184471600947878,0.7118949915705735,0.7008230061230472,0.7690079096669991,0.8958247413661065,0.7278427710688157,0.7030711202255139,0.6516335943517071,0.8277421183590443,0.901603085863864,0.715147799893331,0.8203664682162636,0.8412933350110013,0.7310729038562093,0.6588965483853925,0.9117223901945759,0.6791416602712166,0.8860868863607231,0.8098208003166718,0.7093377307207541,0.8497091002802258,0.9002940996397981,0.6744581264316772,0.7731271902248369,0.7412630690921715,0.7212976560853681,0.761003267371837,0.920782384784036,0.7344467000958778,0.6760736791178547,0.9194082395203891,0.8158633540286647,0.8513582466917579,0.6265849933253669,0.7045706086641502,0.7602302844191694,0.9021992376212602,0.662225383369855,0.894816586437834,0.7313328126800159,0.7738448139282477,0.880641014956021,0.8876393625434083,0.8278654657300932,0.9528970014863044,0.8940434119149134,0.6976711858315658,0.716351599257652,0.8091249299701387,0.6941469357794264,0.7240748402983722,0.8411118518919573,0.8925335307099211,0.8989288335961878,0.6168767387569756,0.7294301661152068,0.7207666678450335,0.7380105704520412,0.8621043827048757,0.6719726170400768,0.9534744510541299,0.6393123018056517,0.8605988088942207,0.9236765614306908,0.7855450122141883,0.8225676657266129,0.8870991176452333,0.660442094487962,0.6780482032467726,0.9314290367062148,0.7893398564144789,0.8797025608212825,0.758570469400177,0.8730791962961528,0.944045135949647,0.8542070620422191,0.8235041334850056,0.7469331976041088,0.8479073939208731,0.9201995079084058,0.6636932397936046,0.8690445257512179,0.9041739414298767,0.9372519758886843,0.76592882875339,0.7704267711581747,0.9118761670376624,0.8715436327014976,0.8662232188277248,0.9657306113607895,0.8802973158772416,0.8351932305068062,0.8980847291953951,0.7202015711300528,0.6675753865221907,0.8147277644000103,0.7308450152658856,0.9253687953415559,0.7069283368065894
