0,1,2,3,4,5,6,7,8,9,10,11,12,13,14,15,16,17,18,19,20,21,22,23,24,25,26,27,28,29,30,31,32,33,34,35,36,37,38,39,40,41,42,43,44,45,46,47,48,49,50,51,52,53,54,55,56,57,58,59,60,61,62,63,64,65,66,67,68,69,70,71,72,73,74,75,76,77,78,79,80,81,82,83,84,85,86,87,88,89,90,91,92,93,94,95,96,97,98,99,100,101,102,103,104,105,106,107,108,109,110,111,112,113,114,115,116,117,118,119,120,121,122,123,124,125,126,127,128,129,130,131,132,133,134,135,136,137,138,139,140,141,142,143,144,145,146,147,148,149,150,151,152,153,154,155,156,157,158,159,160,161,162,163
0.0,0.9342725254427076,0.7860349557737143,0.8781871123348363,0.8943490598539142,0.6970721921576484,0.8884781473049645,0.8017458390612489,0.852470252331244,0.7700743503787542,0.9549719847806765,0.9195665482281998,0.8268285392111467,0.8440349283526246,0.901802566136694,0.8193667219119806,0.7992254493898261,0.9863947088781965,0.8904567496245369,0.9547504161725223,0.9269219231089946,0.9001346492908686,0.8783229653970662,0.9544118014688653,0.9373950949770096,0.8574993428360949,0.8559400239008755,0.7378957002703185,0.893701276999867,0.8474876341448763,0.9187735050976806,0.8415675699533808,0.9053469412292422,0.8134834638604803,0.9631925851368264,0.9368327547415498,0.9643378505298377,0.9276336369548014,0.8530180254295883,0.9254145324862478,0.9028124352360245,0.858848574629497,0.9738933487892344,0.9593786826326091,0.9244988096993508,0.909531594677993,0.8770374714320688,0.9675850739463447,0.9655100790121004,0.9755564204792793,0.9349652473261922,0.8623110750850564,0.8899556703854298,0.9476714641768721,0.9545368646567948,0.7829666825383739,0.9741454256008975,0.8553235930472061,0.8896555595199892,0.9324554238593006,0.7577509470693352,0.7470657100206208,0.9075870089567458,0.9169345697276438,0.935307419039639,0.9207077747282362,0.8358794631934997,0.8455449332591598,0.8905381024097037,0.8971479709263024,0.9256237770937362,0.9602600341209254,0.8270646981071937,0.8497557237743627,0.7920865992112639,0.9337250899713374,0.7710485274138473,0.8472897706540726,0.8171613645785057,0.6351846495237652,0.7166511647800231,0.9068882384629726,0.8187075079784131,0.727775236563286,0.9010555057133318,0.877739578361218,0.8897252415167121,0.9055991026380418,0.7806461386644299,0.8505297362962002,0.9527777156135724,0.8934756455942343,0.9555010147260293,0.9510623075523554,0.8929598329916342,0.905530904446235,0.8353847615717653,0.8092023405176499,0.868262423880085,0.7765096206616057,0.8862583177048032,0.8371455239510798,0.8999152373021658,0.9101587087063655,0.952186023555409,0.7981454657131425,0.7714497504712263,0.7193542034849103,0.94132232150753,0.9365423895005256,0.947214712089313,0.9719902369124702,0.7596169054506597,0.7468677062496893,0.915253043620819,0.7850100327968843,0.8332468601971112,0.9776761521910047,0.758606804737857,0.7334395334796309,0.935046265395203,0.7610713719697865,0.8707960402585219,0.9036097282363051,0.8589089636851208,0.9110033510830922,0.6897364803548186,0.8952370977567294,0.8164832380027048,0.9594541069469132,0.7623196804834743,0.7386970647192045,0.7847284986616341,0.828067918786739,0.9516621594866826,0.871886932543899,0.8824509418946959,0.975106795686835,0.9216057484596837,0.912541719927138,0.8977481972295446,0.8729496245398247,0.8951775375777834,0.8631156206125103,0.9756223881832035,0.902267475678754,0.8485778649312297,0.6413492974865027,0.9123263695280255,0.6251180428785671,0.9619743417234979,0.8503005773587968,0.9797785901545114,0.8362331544923115,0.8617757571789301,0.9570354076016813,0.8581296298296749,0.7263915945466286,0.9140510948191846,0.7722110519318077,0.7339384784260622,0.9421642001537727,0.963217744433417,0.9421214884500478
0.9342725254427076,0.0,0.727500126694113,0.8411146412785713,0.893079149608004,0.7302846884761351,0.8766089412276011,0.7452090536681075,0.8934291412775011,0.7174022194473478,0.9166134122371361,0.8919452533948617,0.772121119779488,0.8737225446188553,0.9014388293413919,0.7677513210442214,0.7299982099972311,0.8810436185130505,0.8323883182333985,0.8705896211028643,0.8394528221313374,0.8986147238820404,0.7815633294943303,0.8885228421335267,0.8312134588907718,0.7761380629443814,0.810420918595353,0.6683027027121472,0.9778339150924727,0.8546824213385379,0.9361260456165881,0.8072021693719492,0.9628996506630096,0.7356848698258183,0.9401913880499121,0.9294575134589506,0.9134622564092101,0.9023839118850907,0.9005507608617762,0.8519392684356222,0.8992892725501426,0.8017099127935429,0.8688177824411543,0.9519395539929132,0.837943159834856,0.8175456831582145,0.8277515119943584,0.9260809489999251,0.8872018774374902,0.9282322384858042,0.8962668995343468,0.7937522371247957,0.961421071468123,0.9505289713121697,0.9572857081451434,0.8127590833020977,0.908309387441532,0.8245073247227657,0.8156026363134381,0.9241522539199923,0.749781884807531,0.7944182731983412,0.828339402467196,0.8726160226492794,0.8994715240783909,0.8158859105203052,0.8053185624748582,0.8180066066702039,0.7790905387730148,0.8115190088107332,0.9093830931230507,0.9482281832939021,0.7626964126230016,0.7812514185518779,0.7593088849382502,0.9161930403132488,0.746235499087518,0.8699355894734924,0.7355903370288491,0.6849762786041892,0.706374687957761,0.8961556678176066,0.8814493645096316,0.696377692062178,0.8156092980369587,0.8282757624926929,0.8309559471098757,0.8609443822478536,0.7370689104129838,0.9447917484777919,0.9040645358775575,0.9229110926051383,0.9730891781342835,0.9319117149201013,0.887534644488684,0.9507205328699012,0.8839457209510861,0.7300796994849625,0.9129429871213478,0.7308036827001992,0.9614940508119372,0.761429409243719,0.7987982940805218,0.8064227182110203,0.9155433227112942,0.7213046662573355,0.7016126732239036,0.6369555084869732,0.8813564179811314,0.8659514554622328,0.8870463359950993,0.9035787160164878,0.7303617240238501,0.7539865573484349,0.8614354933736464,0.7469671107964063,0.7640335057145352,0.9085546013972097,0.6847450295282941,0.7774283501511631,0.9441891663674169,0.7643579583015961,0.7896806581029764,0.918959846695085,0.902295649074575,0.9332871528756128,0.6874013412140112,0.9277172731852298,0.75625837256769,0.9245230496650912,0.7751004949460549,0.7176156935568343,0.8236307929146314,0.9096357185513595,0.9021366449940991,0.8909503454539822,0.8366411211487882,0.9443116812476662,0.8019931152451706,0.8996330219368116,0.9084755254511472,0.914882273047007,0.907046885510553,0.8764190242992212,0.9555292306116355,0.8023081361357421,0.8862958213675239,0.6801313257132519,0.8072367959402362,0.6435047101824373,0.9119387069340811,0.9210045343028491,0.9244236923009452,0.7828863010381061,0.7715194802055967,0.9132531380926963,0.8335974891095349,0.7011330076760202,0.947785821869763,0.7648650037684956,0.6663418611951258,0.9563454782494274,0.9536397683120265,0.9234013678393967
0.7860349557737143,0.727500126694113,0.0,0.8272170281679531,0.7805149397597818,0.8378574566841523,0.7740450596280734,0.765540751267102,0.6146357597448858,0.8397315045260002,0.8032698390652818,0.7524051421515248,0.8979303487778243,0.7464343862367848,0.6735981321953023,0.8824810460121909,0.8646883678073922,0.7983067643639308,0.6812030086485754,0.7332222364404081,0.9041133583833393,0.7524929243903956,0.7664811015180245,0.7783601095650841,0.8080064137776807,0.9448416589749593,0.7441259726090839,0.7052809276145496,0.7281410008761848,0.719822426827845,0.6515816594601227,0.8547765679663392,0.7318622874919328,0.7660428485015413,0.703730805863424,0.7817651642907616,0.8539447539036631,0.7329822080764873,0.6276532543511967,0.8806469150344859,0.717055728090078,0.9326779615438305,0.8327032716933069,0.7691315931173631,0.8278892568650641,0.8533919433775589,0.9272578822647967,0.8245887811272165,0.791357436265336,0.8039930853296202,0.8580229285467043,0.909515301659762,0.6798912809881265,0.810269513326655,0.7774090300400622,0.8558058549615273,0.7797580924039205,0.846610862689233,0.7909960448421828,0.7883374385198547,0.7632295129789438,0.7875320747167447,0.9191216079026707,0.7646210794772178,0.7178662538487962,0.8716858009437473,0.8122651550150201,0.8650746922009878,0.8716551872184924,0.7739094725881585,0.8089829376268033,0.7145563738864689,0.8406576962137223,0.9133376084874444,0.7916890843286298,0.7279588206068531,0.8399099897561471,0.8741289898712015,0.720224194600467,0.6849651232461558,0.8974186777433497,0.717799805349883,0.7225993320309981,0.7217432826252591,0.8550567249471839,0.7396455061208824,0.8038400199225316,0.7776857400370456,0.7502024453001171,0.6796460229479883,0.8833367404704262,0.7169872283426568,0.7524401097811662,0.7330750162234326,0.7809497884815038,0.7297368798429275,0.666311031028912,0.8040802873345549,0.7038685734177496,0.8209843847171931,0.6390360008452137,0.8433752127974529,0.839676722546681,0.7352101686318554,0.7823788930555426,0.8877924292764444,0.8785936320221495,0.7409263551903122,0.8849903974463249,0.8753898707152405,0.8462135997665394,0.8007852029761235,0.8502834250966261,0.6784522790314128,0.7941362668979416,0.8317014396290032,0.7424260031938987,0.7564375058697035,0.9176015637973245,0.7268830930681871,0.7375632271857421,0.7592942457978539,0.8082011912064884,0.7895990419970118,0.6147271954156058,0.7526703377800613,0.798404764175008,0.8239255229861293,0.8177360014512254,0.7698723644918326,0.7425906815954714,0.9475609145773486,0.6349771636529904,0.6087775969130365,0.7040940492230258,0.6567842876243541,0.7094491184520877,0.7475770952872078,0.7680430450283496,0.6628325084115289,0.6617271332915836,0.8147132496418594,0.7577132861243229,0.7311790230053182,0.7936634015861671,0.8600204844218263,0.6837124920800836,0.7230082992011821,0.7988107555239378,0.6381340490056462,0.6914696662948859,0.6013402972997539,0.7400767905551094,0.9283966367661323,0.800367005535158,0.7368862626611917,0.705540549280396,0.8793997248049622,0.6564328894316624,0.7955146210470126,0.8956228304290349,0.6726918595910063,0.7707174196240189,0.7208437912362337
0.8781871123348363,0.8411146412785713,0.8272170281679531,0.0,0.7768529640100162,0.8066032387540091,0.908695733273627,0.8250653013075665,0.7124839126872703,0.9122293316543618,0.886715631745104,0.8313682431331975,0.9204321412961217,0.8506924499205302,0.7637442522785338,0.8411333464394759,0.8271448496925703,0.8806348932646638,0.7922038032856255,0.7936483107518053,0.861124275472443,0.7972334875147078,0.860712138320955,0.8120534535331082,0.8946343192124883,0.8517231776706635,0.9151984374166926,0.7757373524571984,0.8262678754101944,0.7910578902743102,0.7698738276430074,0.946847251144868,0.8436842991633642,0.8234387430423036,0.8006407277310411,0.8471663625091719,0.9358088142305351,0.7701854694791216,0.7205402454117303,0.9285143094079459,0.7337109141460639,0.9054496934948093,0.8571767269404098,0.8183465997784626,0.8877504771936574,0.885546785177764,0.8380098844828705,0.8455243801074733,0.9183678627992343,0.8571469337004135,0.9479726888817022,0.8170062230298057,0.8070992349803607,0.9136345959167976,0.9267448670780499,0.8363153453273142,0.8595024416527802,0.8380114711371687,0.8928932474560234,0.906508269288731,0.8992888193727264,0.8093329596651606,0.8601544521104809,0.8041014690236477,0.7998117813163741,0.9108046372620288,0.9272291230221731,0.8508055436002523,0.8760789782948102,0.8732421141380734,0.833627981336795,0.8172285527245955,0.8813971166524328,0.9484506946486452,0.8167100360182706,0.9027053965386754,0.9238476803052306,0.8675440696400271,0.7113309341155022,0.6670758816160478,0.7244991493383761,0.8069454768493157,0.7538581198421238,0.6940648109118942,0.8783536829205657,0.7362137262935554,0.9121547918271203,0.9128488734850188,0.8611378731956927,0.7614045014352435,0.9093670704718144,0.8474736986375426,0.8636972741987665,0.8743020324158398,0.8736416485827001,0.8031243824304682,0.7483025674801446,0.7790597187792738,0.7750613943293777,0.891033477140065,0.7744014317820535,0.9406056893846524,0.8988814699387466,0.7651828448580371,0.8708535650838083,0.7967144224794703,0.85432037775987,0.704234438389529,0.9107510970381673,0.8761803928391824,0.9501287594593834,0.8431769692796772,0.8865053152827637,0.8222158600753594,0.8284739765960599,0.7933547357432167,0.8052836396654168,0.8764896461213061,0.8207697280424155,0.7794702266532864,0.7688256230025536,0.8210351957730724,0.7889542733520029,0.8737854403838131,0.6975910465601735,0.8471965639593685,0.8021395855297137,0.8781777524509158,0.7976172323971937,0.8206067864416378,0.7611310873725413,0.7809388590214358,0.7877979447683019,0.6895063432543808,0.7713385303698798,0.7036389976410895,0.7254852996559321,0.8153994191168873,0.8004017638038996,0.765543125957388,0.8021577414578797,0.873669387821582,0.9104435260542585,0.8096931230713971,0.8389597981865053,0.8787693092434654,0.702475232526053,0.7316790161835665,0.8046242864095652,0.6014205066263391,0.8136423615793065,0.7402370775615589,0.8439582905451185,0.8713910382356987,0.7918024918167753,0.8439180748747984,0.8439621717188154,0.8035227591986366,0.8165806102750839,0.9189622641391517,0.8037409702672962,0.7861414343224675,0.8348366879616641,0.7820977208146944
0.8943490598539142,0.893079149608004,0.7805149397597818,0.7768529640100162,0.0,0.6770870710230978,0.87401914739463,0.667632828040125,0.8596667050461141,0.6702525648550224,0.8981389005065675,0.8455172496348803,0.7159782045152876,0.7714068119830086,0.9361364627086811,0.7364200729805135,0.6925178561823584,0.8663066438110867,0.7758636955977339,0.8104534374442434,0.8660621196091632,0.9679101973558293,0.7284090869905532,0.910197796881729,0.7808292348528836,0.7771731638331625,0.6981088196157433,0.5960677969032598,0.8819429087055831,0.8319253691487061,0.8789947380675771,0.7377883017085943,0.9113423953744737,0.6578083261553018,0.8733965257831657,0.857306938954098,0.8805215544541125,0.8377250727105485,0.8877612422763279,0.8207593904716258,0.8861897060345164,0.8204239832550817,0.890113457221213,0.9652555178185285,0.7637792427003438,0.7716536953614421,0.8502685100819347,0.950508121552434,0.8439966892484517,0.9082738902222828,0.8900985140093286,0.7870584179923413,0.8836135271642447,0.9281662654325166,0.8857339218476852,0.7407354591180644,0.8620544206529039,0.8081662752951279,0.7920813533445689,0.8082676196043764,0.65654351704395,0.7217060011881863,0.8389943851980652,0.8090213924981771,0.9219250632794912,0.7751127136940624,0.7460821461291662,0.8884851511135818,0.7700687333179378,0.7759405969770933,0.9478336514006925,0.8620852378132515,0.7095792605166767,0.7633941764405875,0.6679061603116977,0.7915482111075193,0.7229410215714137,0.8870030890569379,0.6958593787923474,0.6494445067251625,0.7252185273342769,0.9146116281177294,0.9242016847377073,0.6162611260038446,0.7556261332158603,0.7744477753846887,0.7562130766705192,0.8181967624556965,0.6308640395000256,0.8416599249942129,0.9202500902728395,0.8499596334406431,0.9356319437788525,0.8261686864327515,0.8625095257890929,0.9386038170488178,0.8159169275400184,0.6715997524921119,0.8312152691350321,0.6510842735536614,0.8446162462880178,0.7381374467559015,0.7740851701070752,0.7958764153099168,0.8293870461450824,0.6994331058828557,0.6609440718561687,0.5992744262659667,0.8520696670120395,0.8606547258232513,0.8589533235624821,0.8741620962378331,0.67840623927293,0.6200229893531427,0.7782069028771426,0.6939013336403743,0.6753036002148722,0.8979256533698252,0.6731543134127513,0.6522278441651262,0.9622215780589822,0.6978611942409177,0.7302663783607054,0.907244404286838,0.860682070703289,0.866490089591509,0.6376788832569407,0.8657721849264799,0.6843750610416941,0.9197576199838452,0.6504477552464122,0.7407288556777042,0.6752236569292488,0.8443133140068855,0.8970181533130884,0.9267020429936388,0.8035747570684181,0.9206350796609849,0.7686678299221408,0.876411532357468,0.8561434608743531,0.8224440931878616,0.8388202397210259,0.8515496219706438,0.9263722965283893,0.7814377168288421,0.9395350861881208,0.6673172094790091,0.7666658914606747,0.5583108956767862,0.8529517829327128,0.8327414045543531,0.8933051813341899,0.8095058373986389,0.7562856105454282,0.897882052620827,0.7750726849254462,0.6987959591850023,0.8669864480276984,0.6968994666751415,0.6566954557305837,0.8445401007003875,0.9055808137992014,0.9406483473248171
0.6970721921576484,0.7302846884761351,0.8378574566841523,0.8066032387540091,0.6770870710230978,0.0,0.711092612133747,0.772918362983356,0.5831117193509672,0.8067767174176456,0.7607926772559201,0.7376581166738068,0.8710107360161867,0.718787052810472,0.6050520961570259,0.8630990925563996,0.8128548742922603,0.6752532566200727,0.6614024732815786,0.6508925787172858,0.7679847344199682,0.6597206779415425,0.7000681866116342,0.6850759088077097,0.7270743618367677,0.8032928056292856,0.7530370207610163,0.7124066932722584,0.7668906762136852,0.7468696280592114,0.6197150661779494,0.8460670890436401,0.7184221545812657,0.7356599787656893,0.6328277118119091,0.7078957752283533,0.7894034977835135,0.6787681245178081,0.6179967810992356,0.7800394110866862,0.6533050023900254,0.8023861233459515,0.6945006732884388,0.6894236100911039,0.7425830093491482,0.7675766378011912,0.7723563722329034,0.7288917687360347,0.7106419176803985,0.6918688579943327,0.7735921466804272,0.7914179070726544,0.6670906105092775,0.7547309642051477,0.7531135362398754,0.8661322328772699,0.7143879528716789,0.8366883295995321,0.6684077752634212,0.7732014212863134,0.8585643814489903,0.8074331703320962,0.7923808814824538,0.6589394810620236,0.6131533837016839,0.7579879384685348,0.7586259677077409,0.7369807005000512,0.7020448604548747,0.7266086768732394,0.7001525865709799,0.6515196610216698,0.735554544895085,0.82271768834868,0.8383904145271256,0.7326384577557191,0.843685905523555,0.8565412559228812,0.6562350678193846,0.852786593342249,0.8841664700881771,0.6284042930396996,0.7345696512794481,0.7417982764883392,0.7617150978451784,0.6785971779561205,0.785447727445355,0.6898881569059592,0.7915899156449429,0.7184092318147296,0.7612093678747683,0.6703772128814657,0.71479348750664,0.7297174098933555,0.6938756466412975,0.6952079927794025,0.6474668777809821,0.7103135665194159,0.6565095788398496,0.796785619315769,0.648948338801565,0.7891912375007839,0.6946206302292728,0.6210319721752646,0.7092891168114025,0.794709990062195,0.8257807334536994,0.6833907917737416,0.7784136698293664,0.7796340547555641,0.7746302608599305,0.6815732694370232,0.8125586479104877,0.7953815693987424,0.7448937593074539,0.8374589941224796,0.7225694139959923,0.6722665814867983,0.7947112304129466,0.776418869073906,0.6620220844176177,0.7944284555064328,0.7177510223784774,0.7908586586859547,0.5749540122638543,0.7794192812577444,0.7728896590812855,0.8333586812850315,0.7644107391460464,0.6597625964484409,0.8174435706930555,0.9129082897955587,0.7514116052158285,0.6061330441439587,0.6184634661332813,0.5855826262107574,0.6644664757321974,0.6560375924636566,0.6488524379627499,0.6304687747478656,0.6269097916478161,0.8128000272067837,0.7168749264182082,0.652437301439879,0.722362795817858,0.705371130012583,0.6256726713382619,0.8737475041703622,0.6879271571477028,0.7010035578742758,0.6396671040657647,0.6251981819690452,0.6675641017960382,0.7672927958965537,0.7228783025440758,0.6689853312847681,0.7329828920708698,0.9146129624395213,0.6326294465344783,0.8484395961131931,0.766569872115529,0.6560132565970626,0.6965211531695564,0.6579713783523099
0.8884781473049645,0.8766089412276011,0.7740450596280734,0.908695733273627,0.87401914739463,0.711092612133747,0.0,0.6771870017252919,0.7830362778125088,0.8267429346063636,0.8754307410338527,0.7954530376121351,0.8093328248979949,0.871868898974516,0.8572202519033464,0.7427500540102078,0.7259194882851836,0.8823719566990703,0.7550278234715715,0.769097523906892,0.825038456704271,0.8931010858052691,0.795873756505436,0.8323256996137534,0.8240795746543415,0.7729148414931528,0.8120054523626392,0.6594901616230422,0.8609117215656453,0.7853333599439892,0.8162763562996408,0.873228823163152,0.8716890728557013,0.7144937402115721,0.8370769207046082,0.8463001960128984,0.9119853809239958,0.7450314961837388,0.7822330207683359,0.8923902210595935,0.7435608637656922,0.8984455454784482,0.8464769576036102,0.873236124933746,0.7991031447180899,0.8014149895151569,0.8381033022891825,0.8696324915080091,0.9211956634556788,0.883246890094979,0.9644853631683027,0.7465102853452489,0.8979179481614521,0.9438388777472141,0.939850632859993,0.8034473038496613,0.8391454047941868,0.7541830365678764,0.927631822780635,0.8655048273388983,0.7633377666001315,0.7895911311401005,0.7901914248787928,0.808995117235643,0.8957693014491286,0.8335446457833954,0.9024965199041762,0.9158847461013713,0.8272394223451454,0.7755450282001569,0.8945470442389222,0.8522383432871498,0.8252393386343179,0.8783472739221079,0.6812544831376726,0.8875497784470133,0.8721971808078888,0.8918172501863245,0.6342273053898208,0.639566581898391,0.6685363861204422,0.8896636263517298,0.8192025623714528,0.5850039519579536,0.7934408953804979,0.6825067794753134,0.7995697321570723,0.944336956556218,0.7285686613824208,0.7759612874111212,0.9209432891248934,0.9109103979745395,0.9211551838497638,0.859948862974973,0.9436793127810734,0.8576917664828486,0.769182368552251,0.6861658047437994,0.8293570250967559,0.7832111350929303,0.8301450288913722,0.8401248915838456,0.8532252390395775,0.7292064389189427,0.842472782068357,0.6973614547598056,0.729581166337787,0.606204958771996,0.886534641518489,0.8578185708378603,0.9353415476998447,0.8440346086786272,0.8164574698949894,0.6937377585446142,0.7527837491160095,0.6912686870112388,0.7137609494182466,0.921085704233925,0.727779039475699,0.7116185309307411,0.8380260587723615,0.7023753496722418,0.7216636496245562,0.8988112568362038,0.7844466701053837,0.8224853911964349,0.7574720858868216,0.8509372381981011,0.6953167650517157,0.8693596359490293,0.6587149852878044,0.7058839504906504,0.7112540462347609,0.7422877806432934,0.8064182828132802,0.8063481243495879,0.7042080375145167,0.8587952840106907,0.7484204658384281,0.7928060122810908,0.838347601058596,0.875599874928526,0.9665155103160991,0.8731533591565351,0.8554150571754698,0.8431267782133004,0.7736106815303483,0.6965921897467008,0.7438686121515131,0.5330738176174105,0.8145421880974534,0.7993796218060762,0.8627274276571523,0.8779591739868888,0.7090365156166623,0.8682770940635958,0.8236126974115141,0.7109711585427841,0.8907432360240859,0.8603923822895985,0.7325913469755929,0.8060720423874407,0.8505171351046422,0.8318821760155618
0.8017458390612489,0.7452090536681075,0.765540751267102,0.8250653013075665,0.667632828040125,0.772918362983356,0.6771870017252919,0.0,0.6587425554788204,0.7540278795374475,0.8183914543878478,0.8378018640643102,0.8576458067522852,0.7068374438446386,0.6670258058319251,0.8778040110106484,0.8469511709204076,0.799088222444275,0.8136459709835726,0.8286642960919535,0.8266390902897764,0.671764522375995,0.8205980319659538,0.7685344815842748,0.8616100537507072,0.8497379677883725,0.8678502224639328,0.8371088681654563,0.7294975421845403,0.7692453201864645,0.7259399777536657,0.8101636745007667,0.7424308670077018,0.8678638660892201,0.7451256569601561,0.7887962071660949,0.835188693100347,0.8344959292603665,0.6818091748826494,0.808277609843611,0.7566532595980083,0.732867451337449,0.8241946345861094,0.7353945614939078,0.9018874972685206,0.8902375705421472,0.7502301855208818,0.780806472465189,0.7882816424498214,0.7791364099753569,0.7728477257200674,0.8402598276748965,0.6724789301690297,0.764042450063193,0.791322646949216,0.7253264408998336,0.8388494426525965,0.8881126600406756,0.7069304979060659,0.8428815118591402,0.864793288963282,0.7123793912763199,0.8767752343353727,0.7587594461949807,0.6792847664610853,0.8715209006741305,0.7448926313101176,0.6789428475709727,0.8048507890117832,0.9226333083440621,0.7228374743744883,0.7533434414667255,0.7627047593004792,0.8054043179883696,0.9467706136877152,0.7984953019795596,0.7493395204086832,0.7264801733508522,0.8759288986606073,0.6555022972896473,0.7384334362755779,0.6824129876916095,0.6690518875907837,0.9005869374513548,0.8724901603531031,0.856639014867846,0.9306968504133419,0.7338919952486452,0.8802984202649878,0.7418150664639032,0.7832330574268812,0.692520148030013,0.7465023420136676,0.8161294805793553,0.6886532642087142,0.7126764103330832,0.7222395148323599,0.83461822191286,0.6845814627629797,0.802705853748847,0.7032650022289071,0.8648975261506352,0.7942052403693133,0.803888863485104,0.8313123527756751,0.8681893347890973,0.8649949448008292,0.8121817704692128,0.8146314082347297,0.8000749868499208,0.7982871149067232,0.7994440856950933,0.738697487540229,0.8879961643639019,0.898071847035453,0.8609360913479289,0.848816009731098,0.7606304448890213,0.7759443026642495,0.7489148238299078,0.7118490374204055,0.895122745514406,0.8366595856738526,0.7568853946482677,0.633248256630481,0.8235133813300576,0.6789296902123714,0.8312735358546179,0.8688161212277575,0.7437286638909238,0.8601323135695536,0.7993889995939285,0.844247346441699,0.661887525924252,0.7483138237176866,0.6317999757487295,0.8009640127424509,0.751131994990209,0.8452428515046915,0.7542066712185951,0.7124614989851743,0.7587403310609838,0.7073738416267679,0.6788468769280063,0.7941137685185314,0.7888617124246231,0.6609922211370647,0.6714839160596623,0.8530918615117074,0.736324711500612,0.8000038510299249,0.6679250083639902,0.7894726267831518,0.7188389537741381,0.8725650913445253,0.7774454547796751,0.7739694552544716,0.7926443382792295,0.6848620804738197,0.7482559740161234,0.7241068099029432,0.7549243572483809,0.7832031373077504,0.7305068505521649
0.852470252331244,0.8934291412775011,0.6146357597448858,0.7124839126872703,0.8596667050461141,0.5831117193509672,0.7830362778125088,0.6587425554788204,0.0,0.580476608316425,0.808405382937597,0.7765418284667573,0.6213612867594697,0.7775766388184424,0.9583954708509699,0.6161185629648716,0.5817212315276566,0.8056318133135483,0.7504991235518674,0.8004791251585188,0.7159245568887165,0.9114172082768195,0.6526090326009613,0.8037921919383141,0.7090816537325327,0.6475607956509983,0.674967309095586,0.5501181640842937,0.8351455383206233,0.7431090020614016,0.9717899316830105,0.6508457589856788,0.9199737674489715,0.6002225025948464,0.9147108601061412,0.8473437319525235,0.793507036481849,0.8454226908330232,0.9466656366790287,0.6989078223448182,0.8590173800450223,0.6698964666788098,0.7986096372614876,0.9031056458092631,0.7187060193898219,0.6798854804605567,0.6967500970771418,0.850201236074424,0.7676020930348618,0.8597373552572823,0.7808909317748142,0.6576128703581208,0.9178626401204375,0.861307913868045,0.8497754308376274,0.6576379202951969,0.7993595476702174,0.6949856964399536,0.7365160063322082,0.7720531897051588,0.6422493857455384,0.68266154709878,0.7187868258430572,0.7985579363329651,0.921607780398452,0.6956067275876288,0.704803764911985,0.7616912647400669,0.6932495893441193,0.7594680220167696,0.8836017249339095,0.896084691162968,0.6557733997972416,0.6467170801257234,0.6215456192103282,0.7766955633909703,0.6218021104856717,0.7142760608221932,0.6623741939042668,0.5525033152214254,0.5790340389194933,0.9363984114850811,0.8251833030250485,0.5965172329997298,0.6767438656622629,0.7543838094644914,0.7503429099977037,0.7920991481690673,0.5943677972788267,0.908069058665211,0.7946084754053414,0.8772339169853316,0.887055700768607,0.8005742835397122,0.8271061115059971,0.9378385010786837,0.935250024331696,0.6139673428401511,0.869299404751142,0.592733465643481,0.9487971303750233,0.6703752305046842,0.7104913653035215,0.7633027681956019,0.8339323966728649,0.5906463442115207,0.5680204841089217,0.533367492945628,0.7322408709940584,0.7205909959733907,0.7464021982523498,0.8291745205296842,0.6136968332201456,0.6326826704776755,0.732524023793419,0.5920561143697324,0.6237577604909273,0.8407673141282029,0.5578715647346193,0.6586985861064948,0.9147387807040455,0.7101530617510092,0.6620598776262939,0.7916692692461688,0.9791398455129077,0.8131657940512912,0.5796132211296587,0.7980120520050259,0.6168353458554576,0.9019521547565481,0.6273438319898298,0.5980805921084908,0.7316837480774838,0.9724382687919855,0.9244567492957894,0.963005530627386,0.7556548747358433,0.9005991523478658,0.7250187570978439,0.9015422968337388,0.9560041449001387,0.7686161352967039,0.813023727486395,0.8770524387853588,0.8684813839032556,0.699704777792106,0.9418769856738994,0.5611860431429604,0.7030638726413554,0.5403394472391349,0.8952584383006957,0.9055802659078245,0.8622064472868548,0.6660313545929922,0.6642378095982919,0.9123607172297932,0.7232181194871543,0.5593479017904469,0.9423362943274629,0.6140783251377905,0.5489425788065171,0.8923594916055763,0.899897400786709,0.8966355463595082
0.7700743503787542,0.7174022194473478,0.8397315045260002,0.9122293316543618,0.6702525648550224,0.8067767174176456,0.8267429346063636,0.7540278795374475,0.580476608316425,0.0,0.770485554088097,0.7234149704090667,0.9527284885235727,0.7948640477476057,0.6276890650402129,0.8439492809601895,0.8746364815648962,0.7940213558123217,0.6980945522697041,0.7113762557413654,0.8069515899688396,0.6715067399747963,0.8533552732604497,0.7174301375266147,0.8461377211459049,0.8470165454586827,0.8808791516524248,0.8191178924195429,0.7198584336094178,0.6995133854812154,0.6281572268342093,0.9622918616900601,0.6876978622438459,0.8479567866299917,0.6856706882882294,0.7441359738122159,0.8362607292164324,0.6644154711291114,0.5844193784282306,0.9085043367694775,0.6239157735953929,0.9129443576340877,0.763116952391638,0.6928478410673405,0.8373401471994371,0.8585530392193012,0.8249165223882364,0.731920592229301,0.8488557624789441,0.7531586285105687,0.85762601771783,0.7990261963310727,0.6876629238867151,0.7777738882444073,0.7973986489517083,0.8465921825060163,0.7634677394609556,0.757591165797754,0.8641582396694817,0.8301095541260474,0.8487224691328695,0.7832014328298378,0.793264905868959,0.7425260812957438,0.6837947624654418,0.8854613072993919,0.8994476755267412,0.7822509896751321,0.8620487292186674,0.7525780125344184,0.7160226926833736,0.7108907114840293,0.9060527386879126,0.9600555619506896,0.7951413615834848,0.8273024569345536,0.9330148215652309,0.8125339310843531,0.6636541065120162,0.6709652809902862,0.7358674268948906,0.6735687874254015,0.6416127962135519,0.6770274873287062,0.8648110391480703,0.6588483084948951,0.8064294933778255,0.8360958897411767,0.8899086982721486,0.6320101112456635,0.8188413898314089,0.7353647062918418,0.7356836412833464,0.7788386088333742,0.7867534906327749,0.6611079993966332,0.6163468202951892,0.7963554508748922,0.6856590472986519,0.9588113852928544,0.6453604011066795,0.8868851651542387,0.8632338855737928,0.6813843804996607,0.7689515981091914,0.8256739771744751,0.9157713890723946,0.7523115173768283,0.8674065526463054,0.8335625195772828,0.8789234600029084,0.7513816380423343,0.9332611109579648,0.7824397332837377,0.7636293926724287,0.8070080671408868,0.8125494305798889,0.7687229976701098,0.9043081805876922,0.7618028327816088,0.6540725756083886,0.7095600509283007,0.7845543443397055,0.7646941486954398,0.5843242071798661,0.721526381759511,0.8657837109468449,0.7676841160518861,0.8097158693704181,0.7071419308410457,0.7536688537309673,0.7784323907761617,0.6930798945016524,0.5640146304589403,0.6464545653293369,0.5908311237916568,0.6505557201441723,0.6996512661377328,0.7465329328650094,0.6312602579292589,0.64971390767184,0.8140262765900061,0.8196760555228172,0.70154383300406,0.7247812706265848,0.8647620052441611,0.5795686664615626,0.7229004442686677,0.7669934446504504,0.6152343178225984,0.6801856141451721,0.6154722178559396,0.724872633203552,0.8838946568826571,0.7412892220985365,0.701573512792326,0.764790566257616,0.8265657020133977,0.6801431732216098,0.9511074687407204,0.910862382879791,0.6737436806807785,0.7110008521665552,0.6581050271366158
0.9549719847806765,0.9166134122371361,0.8032698390652818,0.886715631745104,0.8981389005065675,0.7607926772559201,0.8754307410338527,0.8183914543878478,0.808405382937597,0.770485554088097,0.0,0.9653623831745516,0.8407510073100167,0.774790835424763,0.8738668974187432,0.8701695056179937,0.8194977190013522,0.9325594916179062,0.9188041817418977,0.899071538717685,0.9350261926922983,0.8836687460528662,0.8699432643859072,0.9635661415126662,0.9233786233748589,0.8469439067783189,0.853385356825604,0.7557243919774723,0.9180244003041884,0.9377517464182211,0.8809738402463564,0.8459405484241613,0.8961794615113947,0.8041573490349212,0.8808674866674909,0.8627679860353819,0.9704821854486313,0.8902052288148838,0.8683414581630773,0.9122670557301752,0.878683685290145,0.8513674720250547,0.9419403110694093,0.9356834672073503,0.876743210364351,0.9009252855480213,0.8400673780324943,0.9654835774812607,0.9405983310262123,0.9079853597442841,0.9278334882135627,0.8545403747737859,0.8515800917096347,0.9397553791184724,0.9467154217311438,0.763183118710897,0.9686737325237315,0.9250310015267726,0.8127986791143459,0.9041623927888096,0.7957670398377947,0.7195872479566698,0.9082696398940421,0.8139952115763444,0.8633516278487909,0.886083828962424,0.7968186560978202,0.8309102749803648,0.8207923152843648,0.9221364008832684,0.8872536470470241,0.8763329682827167,0.7612134029763403,0.8531057062820483,0.8233893045357981,0.9162523198507011,0.8104621097601812,0.900228628898767,0.8050254527673353,0.7273995042450053,0.7659292398625042,0.8476407027832514,0.8910573239228475,0.7303428996316736,0.8631959606291113,0.8507850936430664,0.8923285682176207,0.8385368283684017,0.7857313705173234,0.8517020916348281,0.9301593996042017,0.8198648630917588,0.9501420948304603,0.9543096656083744,0.8283312084713693,0.8926127392685386,0.7869445334808817,0.7556272630307469,0.7834839222146903,0.7491191620365439,0.8511701079775978,0.8582948867124691,0.8227624837267687,0.853297339967808,0.8758292114876085,0.8011643386763253,0.7789278813069072,0.7173985612657537,0.9139684148493603,0.9493757057059348,0.9524416190728275,0.8957752099166227,0.7340967691815391,0.7782020658649709,0.8891553854477601,0.8249672606453375,0.8222884404540727,0.9568904739999013,0.743759402878616,0.6912364643677226,0.9084499747499019,0.7706934744152188,0.8255056952458141,0.9706311917481859,0.7947106192999509,0.9680066142843969,0.6566640919179287,0.9187087175561318,0.7901248861614741,0.8856773877387211,0.7620551557554557,0.7924054629678459,0.830406701878668,0.7981022807057511,0.902516241403373,0.8234184137677748,0.8909503364716499,0.911346978514405,0.8653276844430603,0.9222557913902781,0.8539758240393794,0.8447369370754081,0.8490081286347817,0.7874832640876017,0.9522312642021833,0.8267528841626048,0.836096198984911,0.7396758004857644,0.8649336297671688,0.6218585104730533,0.9283159665575033,0.8560929325420475,0.9602701258406899,0.8028138960837685,0.8817872000512444,0.9368763638807378,0.9340763449749163,0.8074059464902786,0.8670295306538977,0.8033750878039813,0.7062245972482348,0.8989592437707301,0.9035870542274058,0.9486585240115867
0.9195665482281998,0.8919452533948617,0.7524051421515248,0.8313682431331975,0.8455172496348803,0.7376581166738068,0.7954530376121351,0.8378018640643102,0.7765418284667573,0.7234149704090667,0.9653623831745516,0.0,0.8024503535062741,0.7221333385051677,0.8263469675076103,0.8787790674447749,0.8327001880890736,0.8939150669435206,0.9655329053473292,0.9195447227957044,0.9162215097531785,0.8066008744470188,0.8841936812030537,0.9566341686862807,0.916667637339391,0.8293481271862747,0.8487183295121994,0.7918579593034374,0.9040936859023821,0.9588311329549452,0.8662674447355471,0.8004743280987355,0.8568789561346195,0.8375613605216697,0.8648572219847122,0.840469372345116,0.9114161594133628,0.9166909691851413,0.8580865020578271,0.8748018875646646,0.9096008662521448,0.7791678256671849,0.9154633519036038,0.8997530681767368,0.8718737349923523,0.9039240198852239,0.8053096118626701,0.9215084160621921,0.903392930461031,0.8704848615266867,0.8557375103127659,0.8625861709908214,0.8080026865516899,0.8738133641388405,0.8969916169072962,0.7212336249948965,0.972371867500986,0.9446165719341842,0.7443166154159544,0.8950210194109994,0.7510654253312693,0.6795994461440089,0.8888943870055654,0.7972397609280506,0.8034874447128196,0.8535309429854216,0.7208830161634735,0.7355391311490033,0.774536999623317,0.8984729518261247,0.8149589170071393,0.8578942746221225,0.7104471562657777,0.7927646112067953,0.8546087574146924,0.8979399097758427,0.7424053371111002,0.8508163513303146,0.8722006479727469,0.7413790079466824,0.755496787323122,0.7808148731245707,0.8498164831026382,0.7849995784778558,0.8629819722333453,0.9012489079160771,0.8509281214264698,0.7683290069266557,0.8000585688361412,0.8334423868179978,0.873820151533945,0.7682326786513111,0.9126602689414666,0.9530536282561705,0.7508657971306987,0.8445658739792634,0.7513591540647314,0.7781675903466065,0.7530301800794438,0.7228662382776068,0.8299242342334332,0.7999294670737537,0.7820605314538132,0.8814018172601952,0.8529692412585763,0.8175635209750529,0.7720831926096604,0.7622016537621904,0.883946419644694,0.9186615633684756,0.9039265583594617,0.8766409516191923,0.6725848108200198,0.7950854673198385,0.9237970275979352,0.8620275426751128,0.8669175101828488,0.9121394117503123,0.7229280021878535,0.680157960563369,0.8858671635615714,0.7553397541632323,0.8488047918196305,0.9297743968861331,0.7673530158925134,0.9736710863109062,0.6153071521211462,0.8908343393946884,0.8219077558772372,0.8395366837673213,0.7989555952270793,0.7650106989138794,0.8429127565650371,0.7907008654070451,0.8799327522912693,0.785056267271763,0.9511463355039419,0.8898430019051736,0.8828410413010105,0.9309723259198568,0.8073548710757792,0.8005464493090838,0.780537392126517,0.7251453994777891,0.9296690124212452,0.7896451269253809,0.8080864586471823,0.7229041241390712,0.8876101242154507,0.6810331073393404,0.9250333984618758,0.8571203937448768,0.9465740877365271,0.7399382966990591,0.9262590832310588,0.8794106807833217,0.91272616753997,0.8016587211601157,0.8219085333864848,0.7562558450712343,0.6720447280749623,0.9099654454454857,0.877038430552366,0.9284632412051451
