0,1,2,3,4,5,6,7,8,9,10,11,12,13,14,15,16,17,18,19,20,21,22,23,24,25,26,27,28,29,30,31,32,33,34,35,36,37,38,39,40,41,42,43,44,45,46,47,48,49,50,51,52,53,54,55,56,57,58,59,60,61,62,63,64,65,66,67,68,69,70,71,72,73,74,75,76,77,78,79,80,81,82,83,84,85,86,87,88,89,90,91,92,93,94,95,96,97,98,99,100,101,102,103,104,105,106,107,108,109,110,111,112,113,114,115,116,117,118,119,120,121,122,123,124,125,126,127,128,129,130,131,132,133,134,135,136,137,138,139,140,141,142,143,144,145,146,147,148,149,150,151,152,153,154,155,156,157,158,159,160,161,162,163
0.0,0.52181661696201,0.45726997948684156,0.47682545894137857,0.4198744538266916,0.5443882492615485,0.4544330964853438,0.47879754277995423,0.5669424509912095,0.45263230106028884,0.4678096845077281,0.4117459951018077,0.6558892040830937,0.490469309620876,0.5326314046992924,0.5310021564151335,0.5688806703725174,0.6107097424654283,0.500003355800859,0.6810220351026899,0.5160363500476888,0.49772995318121005,0.4133511863330298,0.5210233470114625,0.536217192058606,0.4518570988642319,0.4158917939849068,0.5685868003993431,0.40767917591163094,0.4771775627373831,0.5349991111123258,0.5606981171563287,0.5262683423225283,0.426878569648553,0.5691987260081411,0.40496922485332887,0.5410933590955038,0.5250090383879064,0.4160192229480489,0.577164647371379,0.482263487890877,0.46506832829775524,0.5211761713297702,0.5493097521514059,0.521349046434112,0.538556211216095,0.4655734227800843,0.47528923222484554,0.5176536219340341,0.5118026813018001,0.5536897158838575,0.5849750522087842,0.41582163870548045,0.4870304228277359,0.44543595025122895,0.5162846804108894,0.6297117753663918,0.4452059742957693,0.566919363437836,0.46995640946504574,0.514300113756388,0.3940075282271455,0.5465404592820562,0.39436991260750814,0.5220798891681574,0.5658185138923933,0.5011338090381754,0.5826255669384675,0.5102084186785292,0.5157150260200835,0.6342945721842399,0.5302099037405156,0.515461506751425,0.5722755184047523,0.5663830335559289,0.5180383175437178,0.4516270662110306,0.43207531801559623,0.5291019944154135,0.5233855022287884,0.55414042302818,0.5078860634714178,0.6021284350012056,0.5398013449515253,0.5133398773094494,0.582671579387097,0.46055591434664594,0.5327522162286378,0.539863593977764,0.45976242382509713,0.4753506298331884,0.45669414777873907,0.48805487816522447,0.5755417695096754,0.5236313462579727,0.47526203649049087,0.45658493736225175,0.4734956126727732,0.37265484068022486,0.5681982454659239,0.4685281746922172,0.4118917671636562,0.4327578721669052,0.43263077172363035,0.5320924698454788,0.5531227776820541,0.4973987547570668,0.5031741202569118,0.5167252279330845,0.4861709943708362,0.4552412052344321,0.4380479565827446,0.5787566764441698,0.43516627044921924,0.5271577047126492,0.5981816775647385,0.5650081542434804,0.44308268568547937,0.49088655210660465,0.4062253418416728,0.5028672232573415,0.4186145288219756,0.4928994768072797,0.6396708209936666,0.5221972288737523,0.4940182313918168,0.4226699952307757,0.40524654020162876,0.44757174203314115,0.5621979111801892,0.519604793312561,0.5434355765805654,0.4913809119102187,0.44963028876053035,0.4723044767512158,0.5358358086698383,0.5888842344151416,0.5436779487880267,0.49401352403315507,0.48415904977044444,0.5448187613972936,0.44670731770957484,0.5117071861055419,0.4223987534204706,0.4724787440895545,0.46706456746025105,0.4915478898293076,0.48577866369801653,0.49414277990836347,0.311876266718484,0.5664631419377144,0.5054905423457711,0.44658195175519905,0.4433936744400502,0.4879203910628576,0.5604309046396089,0.530912770414101,0.5658032049862018,0.5943440278500803,0.5400096542553391,0.4622349976233831,0.6104525557827857,0.42907711942662263,0.520395685393897
0.52181661696201,0.0,0.538431856619405,0.48360184831553465,0.4370964289431896,0.6167461640812367,0.47199699683922064,0.47222923705669595,0.5153776566766465,0.5510512700346176,0.467464688846978,0.4879105129360083,0.541128447674545,0.5380062715357167,0.4951972135355368,0.5577414912532528,0.6004291803689732,0.46940012727122055,0.5240302535143809,0.5814925022788411,0.5441513677895116,0.5361130579187938,0.41383447841293963,0.5077344729081971,0.532882252047676,0.42320058684633727,0.42551256339020566,0.5117953933969978,0.5494094736078843,0.4668189958184685,0.5566936692967371,0.6115002030636019,0.5784401480330695,0.44772718002530143,0.5772930778505574,0.49419686413935976,0.46805903062924614,0.5319004184909886,0.47348654239432775,0.5607275484797054,0.563503051521948,0.4784802613664781,0.45005890325527775,0.5714685622678314,0.5358972755824898,0.4741919291178258,0.4864053335681203,0.4680431093705069,0.49781363698194725,0.5311700552751462,0.5222919356848348,0.5438274346455441,0.41740442134280703,0.5903139410796893,0.5256072022738835,0.5520264102243996,0.5365135843047575,0.4780367148020495,0.561531283470353,0.5135446540969084,0.49189179422975127,0.41742043466280865,0.4639432060256044,0.46942992119583266,0.4553662545200999,0.45459023815987515,0.47419721894635425,0.4628511841060958,0.4680080083895373,0.44013717751997466,0.5100067261366668,0.5300532616349926,0.4869116698679859,0.5414953503502061,0.5816394475902118,0.4421694805660291,0.44466924673211355,0.47903474740745133,0.45199526254138866,0.4668340295202153,0.513471040064289,0.47675736926499707,0.5815099992915215,0.5024589432718789,0.5028723783686398,0.5817242189222517,0.411316432229009,0.4816403110778783,0.4964004447898898,0.47331443307695464,0.4603690088073894,0.5302992709484685,0.5629354803433518,0.4876444833220317,0.5164028536534074,0.535753270591768,0.4834570929925081,0.5497065649910431,0.4121760496639802,0.5585285295278335,0.5033349865839578,0.39520158792313675,0.42214692470245707,0.47952695070776863,0.5177038153079965,0.5116204166586881,0.5210037613131118,0.5175591721715898,0.5230935138461231,0.5118392229963774,0.4839570249031267,0.44307079081795037,0.5069227931648685,0.45058151420094816,0.4671341823594801,0.5542962095954702,0.5253024820346117,0.46318793244501044,0.572886285694384,0.4310035333298309,0.5096930408061898,0.40214544645346284,0.47894600534654985,0.565820978149175,0.4937868451651107,0.5807546910359922,0.4704780923172491,0.449952779177289,0.5979777516489683,0.5184557000308574,0.5808588758030041,0.5588949963140428,0.42871958713500125,0.4712566422706481,0.4865232293438244,0.4772558688083258,0.5262000959913095,0.5399322346854383,0.500145572678218,0.47783384087790387,0.4782796608969409,0.5432384287037113,0.5563265776612912,0.48896054150059337,0.5023730940706802,0.44971637762435335,0.532135110181774,0.49057948615255187,0.5828292319998936,0.3693340262398582,0.47271928464469093,0.5171437057164756,0.4788040160977491,0.5307194249514094,0.5134036434763459,0.4710735137355737,0.44062320896037105,0.5520067850606714,0.5318621495257405,0.4868525824070024,0.4389108707915208,0.5458718932181963,0.4387288546581872,0.45683149707407644
0.45726997948684156,0.538431856619405,0.0,0.4921877131438258,0.45163280785079923,0.5154412061804855,0.43823152050944536,0.52773082376074,0.4803198371859505,0.5838219825109331,0.4973253365608659,0.5018149170000605,0.48832059345625883,0.4132966286920157,0.5065270250092982,0.5506142380807012,0.5286897881535224,0.45966209619958087,0.5169645645294438,0.49245484744733575,0.5815742093395709,0.6501549653748807,0.4008054977432691,0.48925404998923366,0.5517318080868098,0.4219494642736276,0.418056963434577,0.4621337856547405,0.4665613909977707,0.4493284362852721,0.5005547918139153,0.5058421117720724,0.5076898073983261,0.3952960706897736,0.4488071652697468,0.4447147704675913,0.45782141604757115,0.49199290085429687,0.4806308666872803,0.4895862658102987,0.4968653418969947,0.482910299397666,0.49410574531970075,0.5059844438973068,0.5045900268868517,0.4357603702516882,0.41730619483103126,0.4795883473431807,0.4633112206586716,0.47901212608008953,0.49696872958572214,0.4687140900346276,0.3602233952793929,0.5793700073230176,0.5007617848654973,0.44498206380543875,0.4754499727080776,0.526528187844424,0.51707924368798,0.41640902235325444,0.49496879497546326,0.3567329735935744,0.46846262533482597,0.40992596229007905,0.4261715045859923,0.42528195230392263,0.44635676963061743,0.47485587381480654,0.5320405250337928,0.5152353750005182,0.4872054098939532,0.41868537209580065,0.4434842599086031,0.5542332681715485,0.5389967663435263,0.3651950117160307,0.46094667980461373,0.4448122452428284,0.43557165671201253,0.37718908135702034,0.46412176574800185,0.4793315720279853,0.5281503951508775,0.4481620938100291,0.45900807916478176,0.5197768641173794,0.4346672500165012,0.4494531960680725,0.4236158500014955,0.42337443777245426,0.458187687092145,0.43978989091042175,0.4860042133653227,0.3940723057465621,0.4680902866552273,0.5247163708416459,0.4516308127785267,0.4795936044743146,0.3469098907519333,0.4444279081186584,0.40269286973893087,0.46347903631715504,0.4325914347483577,0.5532374690474388,0.4524861002062083,0.47238748418668725,0.5092798687688572,0.508434128350089,0.4523658419280065,0.4781833118158432,0.46909369955372165,0.42453574798432264,0.4475863881741829,0.4484235910604082,0.3978629743803129,0.4585928175637178,0.42415187834336493,0.5039846739866659,0.5659575112632946,0.3753095508259451,0.4421073232785191,0.41997331812584643,0.4008956530571954,0.48867111021816145,0.40372780963443394,0.5364100259709851,0.40037636509408714,0.4227461090204627,0.5036060605926506,0.4803392813357091,0.48967616105081946,0.6006072494983654,0.3896932046229501,0.41144930820883174,0.526094772613275,0.4139132148513026,0.44134727559104114,0.45623709168338733,0.5548951943409103,0.4909422507145636,0.4598386054480843,0.43990604479413525,0.46696493872721706,0.4925302911703497,0.47494864034986073,0.4335824839210071,0.5295553273053569,0.4579984621130289,0.6009385863271879,0.32442418260528016,0.4568214821826767,0.4376172248329478,0.49242564990745363,0.5419693050478605,0.5645241847806023,0.49291274422837056,0.4135446117241913,0.535585078529105,0.4322525854136821,0.41352680263558467,0.41277283669795095,0.424965810309437,0.43771144562281333,0.44079253552037484
0.47682545894137857,0.48360184831553465,0.4921877131438258,0.0,0.5538140894847781,0.45883423982563315,0.5754910330477925,0.524857800746998,0.5692557845967919,0.44944932810480515,0.5359657357881864,0.5634813447466758,0.46665406314209595,0.4404211196329258,0.5193587272074462,0.5384057955831594,0.5439459965948316,0.45555994009446754,0.5317291162866431,0.47605536255111514,0.6423564466956951,0.5456471075893532,0.4994991666993736,0.5368692372004532,0.5360077584410717,0.5408515665685841,0.5182434890199692,0.5098919816159593,0.39889132649495385,0.5099116941701809,0.5491577790023544,0.4932703840127982,0.5467970824853945,0.49218273916093114,0.4950683221577161,0.48514588246876245,0.4947353731870039,0.5331069357557582,0.5732032180009542,0.6017166729008125,0.5096666675374018,0.5672583039440905,0.4807181322034115,0.5642400404226801,0.5463109264553269,0.445628327807901,0.40037192540412503,0.4561001629241172,0.5544426195086394,0.50362963273871,0.6084418094957676,0.49866551988559665,0.3476489058856098,0.6094432679722803,0.5318576856532777,0.48197440465236224,0.5332593096968093,0.625101246989733,0.5132468784802027,0.4586250173765162,0.4733768590739545,0.3742975588571481,0.4410456777972966,0.43418385083109756,0.42846789568095245,0.4161962103840984,0.5691580527588603,0.4598558191528194,0.47446125613770346,0.5262900468487016,0.519762256176281,0.4516320826041092,0.5472807379452229,0.6580030320696683,0.4875238407716251,0.3630104478364879,0.6257812871965103,0.5394023985577572,0.45117214004536915,0.4043345725719698,0.41067357463698145,0.6378713343021883,0.5218100450636037,0.4170118362390639,0.6179653543170383,0.5426369989740842,0.4809416554261011,0.5119193256284199,0.4346856893115229,0.5197608322352947,0.6176919893448645,0.5516397862325206,0.49801715591711154,0.4076936495367168,0.6070683286448838,0.49046681666996383,0.42956671230073706,0.5242970329592243,0.4013586838486119,0.5072285901668225,0.4453643805819427,0.5031618363931776,0.5938026567334089,0.4682280785942572,0.4931910926142299,0.49086123638453066,0.5106110831862917,0.5185719031388419,0.4543365993169817,0.46603323643740696,0.6317450450057892,0.5745688646200598,0.48638259431251546,0.5718732238555815,0.40823779262445536,0.5293886106536168,0.41400398555848533,0.470822950293956,0.5243977717016086,0.4404688306592427,0.5494174917709287,0.5022003133334054,0.4348943581331092,0.5506490127610238,0.4423136612436384,0.4689218013127725,0.479306113254997,0.4776151403331029,0.4672541231396882,0.4692462105752154,0.48433640534814837,0.5818713145103481,0.4515438099076909,0.5349697531493781,0.5057212613167043,0.38028285922007227,0.40590968870304883,0.53230061249126,0.5497200799665358,0.5786440843713171,0.41268768313881005,0.46100700854868093,0.6053605211754021,0.5917207071000842,0.5387529051951961,0.5516343722115885,0.6136030498151684,0.42181484809777575,0.4714205341246747,0.33381668478633825,0.600540360026143,0.4091380334579167,0.5931717794745032,0.5178585837923715,0.6267788266841717,0.5371027642063398,0.43669369881712017,0.6072040654703579,0.5069712789654184,0.524835903888743,0.3669365989783087,0.46318671286657975,0.528346086335174,0.5754224487009958
0.4198744538266916,0.4370964289431896,0.45163280785079923,0.5538140894847781,0.0,0.38184781980816024,0.6002168272301553,0.42595471954961106,0.5252333299995328,0.4414177818485654,0.46970014204885974,0.5137219890968013,0.39446803896422944,0.41724771391959026,0.47539834845314427,0.4729241238026186,0.48183305246814173,0.4330745199186329,0.4504224451842247,0.41969187778601263,0.5354503371680228,0.49544378844217657,0.5567015098746849,0.4727708878848373,0.4912553490809349,0.4843985326598936,0.5438127131416783,0.43385006896437783,0.39745777584232433,0.5354419543434746,0.4802719815052438,0.4276248398637578,0.4563740839028959,0.43334120015537153,0.4631356073385012,0.4651814975309634,0.42989341501128364,0.5058505963355465,0.5012544710329481,0.5381636294111455,0.4801814387008416,0.5676129980172809,0.44410498982596613,0.4982041603804339,0.45199038292575566,0.3983795603675748,0.4035594363541558,0.4069797113391734,0.5481601144641374,0.4641228100558285,0.4983759275185194,0.4263838144022024,0.32724310579223376,0.47382969579449846,0.47119276914602215,0.4498942994657817,0.4559932307559472,0.5514919985687085,0.4903434280420308,0.41450205969038656,0.37168345963974375,0.35022120224100883,0.3801469538386666,0.46289174794944654,0.39615941081825723,0.35944700039047744,0.4615182257946864,0.4189935359051857,0.4751298238756908,0.4492868472653507,0.44376735843839044,0.4418791246439136,0.46584875484345734,0.5024884603550306,0.41611734042986365,0.3355724849679725,0.48552695690171555,0.5852845359579172,0.40020366850557754,0.3679578514383783,0.3738343673194122,0.5248461033130049,0.48599112898873753,0.3674291931110328,0.5446600794509617,0.47662179904515917,0.39928310523527916,0.47951268936597596,0.38836061898430563,0.45577593122410676,0.6407152754074091,0.5277984354648538,0.4823476344281536,0.3549189925647612,0.5600508659293983,0.4606237439603914,0.36099438361732017,0.48898691495411767,0.41526147483082254,0.42238718531455166,0.41333330068533886,0.4201739389311169,0.5886180981235046,0.48424437847856794,0.4359010044799421,0.435949002049101,0.4282126941481696,0.5050901718231415,0.43010196293372027,0.4166849819555347,0.5154312548723977,0.5952357888568824,0.4000905964890069,0.5695309922740734,0.3670125713004479,0.4586781607325485,0.3814681682206505,0.4835306005455425,0.45685821487017925,0.433505681552079,0.5677394606152508,0.4475298890558233,0.3957198453441029,0.4712315260319265,0.42353317643329247,0.41923471062489326,0.43765456021680693,0.42469447432801005,0.4295510284624813,0.4508034206853846,0.47415080271937493,0.4778265278547977,0.38667751041727527,0.4767262197877368,0.4310523474714511,0.3626616702265101,0.3820201509007514,0.5240066051738046,0.5377201725010305,0.5559324273032162,0.3707724191429592,0.44146472558444144,0.5307690796270386,0.5867794250141204,0.5129461194647831,0.5592218513603039,0.5533128585167034,0.3949322317568037,0.46360654969710907,0.3360900614237878,0.4706476350011223,0.3941867314194234,0.5431328162306059,0.5585585584288913,0.5663990080490644,0.44910774965296263,0.37361828968307415,0.5025077661485523,0.45383464386962,0.4532792495630944,0.3538297566361183,0.43330515132464414,0.582794952228095,0.5228090619648786
0.5443882492615485,0.6167461640812367,0.5154412061804855,0.45883423982563315,0.38184781980816024,0.0,0.4088991244071847,0.5104665129824014,0.4933313589597543,0.48474869552011457,0.47047027841998007,0.43570159542685943,0.6590900537166648,0.5039001294470594,0.46222563774461295,0.55352462444368,0.5319208431719737,0.45209684065236183,0.47326029697144567,0.5764644524400443,0.4899340796911644,0.5046610828204976,0.36484817632365707,0.46653054283795875,0.5034367144364331,0.4233979349856666,0.39242179066058425,0.49629299455262554,0.47362470067924584,0.4219100148060376,0.5300592764931489,0.5982735993915523,0.5474096228583921,0.4191352205271824,0.5243759516269776,0.43827599444321075,0.5087086316588231,0.5003616393439047,0.4366886104098674,0.4885122860327818,0.47478601922022884,0.43405614327223535,0.44593561257725745,0.5358993074733062,0.5419465417530982,0.461019217464682,0.4314078433752921,0.5019163960069036,0.4414808153373661,0.4766475413056284,0.488472841372685,0.5284967795988945,0.39298394605297327,0.5422077250021615,0.4883131736298456,0.515299651491648,0.5030852033452995,0.4533008817172236,0.4802976055813654,0.4642682809995551,0.6221900246849895,0.4090503121894869,0.500862487912268,0.40548341656553394,0.43059762419290937,0.4818783016039006,0.4865028321305206,0.49428767622380915,0.4529919208921952,0.4733931510845748,0.5353139276743853,0.4754434617008128,0.4865985052230239,0.5254896833151239,0.6020817636932718,0.44694458412158267,0.4442035959515939,0.4223984808310216,0.45987078170777573,0.4830704491371446,0.5277864268822535,0.4510531708005505,0.5409591592104765,0.5898937126701194,0.4576380772427021,0.5562673752879862,0.46539928157492827,0.4537324467099562,0.495118688045312,0.46778338320258495,0.4213010829611504,0.4516537493051594,0.4757753497590754,0.4940423514725864,0.4630602650992624,0.5226904886644486,0.5154966222234424,0.48361016621087133,0.37277669354064324,0.5446785680461682,0.4872898731891956,0.41128498707514644,0.391566348115342,0.42649503509297787,0.5037758106205891,0.5014166822122715,0.4990056029208847,0.46916871788360454,0.4642188181068338,0.4961991045575799,0.4447730974286994,0.40185579006204114,0.5873975292670293,0.42081724087800193,0.47533654321255375,0.5248077711234717,0.4892626898987972,0.4185057889397678,0.5379329151168669,0.4095670537816609,0.44716540221253104,0.4086335374241925,0.4723362463395841,0.534909734607768,0.4734753990672394,0.568875701667308,0.43019412079490427,0.4446118228065892,0.5228134252664116,0.49108009856825113,0.518063869193828,0.5629589047139396,0.47660954418962126,0.4470032297614778,0.4933504407509986,0.46474356818212587,0.5201311262212434,0.47420995153283646,0.45783860799687565,0.43452533277745975,0.51633407806371,0.4954588892103532,0.47307120288894855,0.432097074072445,0.47170262744221314,0.4166499209812253,0.4874198193208757,0.4628591286103959,0.5105025148936637,0.3419814195946302,0.48598605514891924,0.46437756261758606,0.4230757791047142,0.4401236954403857,0.4667535799373846,0.5021068663354741,0.47332196887321926,0.540380483668731,0.5125335422950004,0.4746776078771561,0.42419792531734796,0.5139245003066779,0.3927921041794793,0.4393219111790671
0.4544330964853438,0.47199699683922064,0.43823152050944536,0.5754910330477925,0.6002168272301553,0.4088991244071847,0.0,0.4224331592825997,0.509799250999979,0.4767003961720052,0.4892857949000363,0.5297688377561235,0.4265443402337038,0.42863317001335344,0.5029571939207537,0.4863802789714692,0.5012648198056595,0.4511450253988848,0.496802645937319,0.4445226203715999,0.5420033583100199,0.4891348844081712,0.607215522164617,0.5359169046787821,0.5498583161809169,0.4703615489970634,0.5197922705849978,0.4814997018626249,0.42249418627626684,0.5453947125072411,0.5103572030282728,0.4705184010441156,0.4748616720849113,0.475896172162588,0.48401773623332484,0.4381524800066483,0.4685753436691006,0.4807805809134481,0.5072897475723603,0.6090890516229651,0.4719861079234658,0.5569215753457093,0.4480550846476193,0.5387527852837166,0.4658170438962043,0.42219332221767125,0.4081848057558002,0.4310560693391927,0.6792323656587169,0.4524445595614212,0.5315180711650526,0.43751231218948794,0.3408598119271032,0.49678443304866493,0.4982253709905942,0.47938320039492066,0.4887173557433279,0.5064410301876257,0.538989722425777,0.4292254482521963,0.39624833691157,0.34998375826034994,0.3841020118919216,0.42863481535858866,0.41356014356829895,0.38307243597191787,0.5000117108846358,0.4422363258057958,0.4452120781635091,0.44985943947151724,0.45606560733328244,0.4607893936064354,0.4710676449022502,0.5343747673944764,0.42325185312622216,0.3750506516881697,0.523472645803466,0.6053324688301194,0.4066520447002521,0.4193327249005547,0.3978001820302289,0.5121779334498441,0.5332503240977032,0.3770773678503253,0.5431310089327923,0.47211638594261796,0.41021587740557197,0.4980208174324788,0.4214139208903895,0.4743478787350705,0.5563327159955701,0.5407180557689931,0.5025746366556422,0.3947344870620164,0.5605563347065998,0.4836186252981166,0.36555323585979366,0.49349259473535717,0.39958711781695966,0.46038919934821837,0.4479114903495781,0.42263603544382095,0.5473395220612022,0.47897542287553285,0.4331107289208948,0.4429862180328315,0.44219511075802326,0.5211049801423567,0.4546517552783231,0.46710441167214634,0.5923268704281389,0.5259738866289507,0.43225282422354555,0.5320442759872589,0.38117600626836734,0.4793248251176152,0.41963791431900804,0.5231083837798526,0.4736625264216966,0.4187366469245847,0.5398861354150175,0.42242114967895444,0.4182349157718289,0.5493647845049313,0.44804368882514356,0.4579974305181608,0.4271294073367732,0.42338012948215414,0.43818039357351257,0.45582552354043626,0.472537953226278,0.46712637363087134,0.41436075275827444,0.4675604210579008,0.44620987513260146,0.38252357321771796,0.4149268507065007,0.5372800469996173,0.524543808586509,0.5635083364780955,0.39688418145622195,0.44780097484191894,0.5667112903153477,0.5073079231100825,0.5296958554962143,0.5374676682711408,0.5099873794025644,0.42581546357148625,0.47576961425911035,0.32338012777429936,0.5075365942022544,0.4281318917910202,0.5170610915007555,0.5348534383030007,0.5815135945766728,0.48134070870480666,0.42946173665772885,0.560722520595165,0.5233613058975434,0.526136174311172,0.37373554790987074,0.4789570902397583,0.5537460279947439,0.5436872708569287
0.47879754277995423,0.47222923705669595,0.52773082376074,0.524857800746998,0.42595471954961106,0.5104665129824014,0.4224331592825997,0.0,0.5247119153958391,0.45129438630794033,0.4732689437218389,0.48346323158549026,0.5326897061879634,0.43502680886592726,0.5134749030746631,0.5878840756314675,0.507892028675893,0.4593109843804979,0.4874762207247623,0.4923374859243236,0.5154025391479643,0.5007070085296434,0.3987968163374421,0.43903228476360945,0.4906825238130289,0.48258800653022405,0.4613205004724459,0.4744522818841116,0.39920768678818186,0.4810281562940222,0.5920420425423086,0.5478761173468203,0.575735925016726,0.43162481292458893,0.4591625765289273,0.48073060143055446,0.49680089100768154,0.549193789681474,0.5130313524312279,0.4800463510324646,0.4922158930992946,0.4260598848887606,0.5547831002090154,0.4924225425848414,0.6363724844990075,0.489903014161546,0.4170382393279997,0.45554900200117476,0.451616695062908,0.5275171525373119,0.5579354791616141,0.48622523741491797,0.360693334837733,0.5447358966103056,0.5342886711440845,0.4357620823871407,0.5086310354251232,0.5883574214894748,0.45809641177651966,0.4773748699183602,0.5658274148058605,0.4167639352702867,0.5271911141108303,0.4055504613850267,0.42205089036607785,0.45686245419961896,0.4791006391054397,0.48313772718294995,0.5286478496500879,0.611910527472181,0.5437150574133085,0.4471983921009496,0.45345664371564537,0.5887813751066917,0.5658351051530002,0.38377085685631135,0.5379602065552813,0.444122276871192,0.5288293872594169,0.38264340381194023,0.42829222616696977,0.5117945950439977,0.5128836148589538,0.5052543021846461,0.4898839030980786,0.5631688387165247,0.5136359951653502,0.5271986620789512,0.49243987943044165,0.45701002129138985,0.4966558960984537,0.46588898753717983,0.5002498499485525,0.41588208100321206,0.464518523204611,0.49466889209549114,0.5136633677530393,0.46460447597925275,0.3657932783702403,0.5126502901379284,0.43652546107876217,0.601080934041565,0.4696799965017392,0.4614934061959432,0.5456571188234164,0.5528514935082723,0.572610516177237,0.45075028401332096,0.46649051402542696,0.4114200906321765,0.4513579292885853,0.4530473078314892,0.4666267981919136,0.48035616294657674,0.4587061056293648,0.4903638222340938,0.41834155131231343,0.45148814635688495,0.4606721133186023,0.40820894483333925,0.46118138153411564,0.5619547834651549,0.3917366886746497,0.5117044629680418,0.3941011424069499,0.5338806875333789,0.44404490648071254,0.5324140005811973,0.4731497742898254,0.5116342843172124,0.48333904624788226,0.6024499372738482,0.4621360118411981,0.4343936423665788,0.4748654041353221,0.3947007088452791,0.4439671510569134,0.48637432731125524,0.5141476582918028,0.5441679535792391,0.462914829739891,0.44992501904871396,0.4765670563311765,0.48621154822338897,0.46840087125206503,0.46321330219818563,0.5481701819360585,0.45469388153817075,0.48332649302960545,0.32912899008768853,0.5324111774110106,0.4156022821460557,0.4711414023643475,0.4796863655924419,0.5187383285203421,0.5271263636899364,0.40922012304547617,0.5408097790057033,0.4372273383538673,0.4698912178074491,0.383425586407007,0.4261581594433531,0.42589806155755633,0.43604495901295964
0.5669424509912095,0.5153776566766465,0.4803198371859505,0.5692557845967919,0.5252333299995328,0.4933313589597543,0.509799250999979,0.5247119153958391,0.0,0.44974711102084347,0.49422056913020945,0.4642713439181924,0.5266933606218593,0.5294109976616193,0.5338532854633448,0.5505975284364357,0.5490437871274135,0.5157834995524092,0.46725571652836545,0.5307261898109213,0.5510229664968949,0.5416241836058838,0.44792212569825046,0.4904060602292968,0.521257644554985,0.5277143472372801,0.5075223201593078,0.4936885077141724,0.4100894271702727,0.5395895946399101,0.5934023405163334,0.521166721527452,0.5670382525983371,0.44094549724800003,0.5782347298455839,0.48021673605846377,0.530221997191036,0.6319475919831135,0.4864402479974513,0.5906374933836197,0.5197144286162696,0.5493692117596588,0.4965033592735963,0.5727471635809417,0.5520764336207613,0.47623986220107983,0.4553613170037724,0.45876415704693707,0.524970966131647,0.545344547767414,0.580986143643556,0.5337409951604081,0.3779413368114518,0.5214575330360849,0.4882508087525113,0.5679675177815183,0.5565587686862267,0.5460668315710324,0.5309940276580286,0.48576337555070587,0.4753604116174923,0.4197005460236512,0.4784494849653338,0.45840671566275176,0.4641755323785864,0.4484075266525329,0.5655382952577797,0.5392484365303531,0.5331550783006967,0.5455055889708206,0.6286551633339016,0.5379781723663997,0.5767026760141947,0.5966587178108719,0.5336994023436641,0.408047095663934,0.5130574312532776,0.5221512042746665,0.4865682662905439,0.4502667687362546,0.4596246645785096,0.623628194634038,0.6160417571223168,0.4829281816928746,0.6009385569187381,0.6370697024599108,0.48913368427526105,0.5727582807261647,0.4812340207203583,0.5599014897495673,0.6195419403808321,0.5664711998504381,0.5133591448127021,0.4401303223667733,0.6528997896977292,0.5207632699700436,0.45343517578980114,0.5232416462767097,0.438746580504441,0.5435882815051382,0.4954219156467005,0.44813023108413763,0.5229247412559892,0.452359936962796,0.5673848716985749,0.5389803281887555,0.4918160340653976,0.5138862945107889,0.49038612831966627,0.4536265252983444,0.4892461179341426,0.5541950355134108,0.5364683083151858,0.5621451394289037,0.4617354827609577,0.5943399975585101,0.4509804118434029,0.44608005919091115,0.4871283618520524,0.4933841313402058,0.6244144454919528,0.5139380983306234,0.4627074925225812,0.5835591923223477,0.5269537726285637,0.47618387545848895,0.5018476432571616,0.4756213197439982,0.4609652709967008,0.5632685683979488,0.5956939433472501,0.6092331253759128,0.49943202004323844,0.5616099680477655,0.476169710438482,0.44195011202846485,0.4611969168558448,0.6039177376987972,0.5227403837785769,0.5563757889213589,0.4588027091191757,0.506016177133473,0.6016303029332556,0.5544503266863313,0.542598899839116,0.551564711223734,0.6626940196880311,0.452773468186009,0.4857494212299206,0.3439402745965414,0.5811019336412326,0.45030511604235435,0.5042006840073825,0.5169043629394148,0.5410473893936708,0.5657789595732066,0.4405065029329293,0.5975132954048887,0.5649724387152812,0.5422843013950294,0.403946196855913,0.5488755488597016,0.5256190940375796,0.5756663018195969
0.45263230106028884,0.5510512700346176,0.5838219825109331,0.44944932810480515,0.4414177818485654,0.48474869552011457,0.4767003961720052,0.45129438630794033,0.44974711102084347,0.0,0.4657006842350588,0.48201300443736,0.47902850966519456,0.4259511583785028,0.4892305224118941,0.5325000703351089,0.5121908543455933,0.46470625840319413,0.4932914083727793,0.47098166685557397,0.5029372030478519,0.524799917051612,0.4321049841371232,0.47019840002430024,0.596335688498834,0.39924685960171996,0.4285293406779981,0.4651959310328699,0.5651375210038031,0.47829618304795973,0.49651833967218295,0.5330670874874973,0.48059894716060514,0.40053951434379237,0.4535365476014235,0.42323186039262467,0.45848714325194373,0.47340032600872917,0.4437103092164702,0.49746007010780807,0.4750759428686747,0.4603351573801756,0.4732194416957398,0.5011697997466413,0.46835754112960304,0.4341583730399792,0.4422557965434233,0.46292306625960433,0.5111006140816248,0.4450569028206144,0.47162927147576006,0.4334806950093074,0.36324189756339376,0.4944757054570586,0.5042788808289915,0.45878945956886985,0.4558211716032062,0.47133941226240794,0.5462289807850399,0.41357124963171055,0.4350748564938943,0.35487021075495395,0.4207599464378039,0.41050624443122075,0.4113661646142028,0.407116410505086,0.42528270988543215,0.47011364888219576,0.5099317421964367,0.4649554185862068,0.4467194823293106,0.4453823016319154,0.41253998649917445,0.49879079431162066,0.4847927851930144,0.4034696660646127,0.43471254664716524,0.47776711617724943,0.4177140943420031,0.41100105691334904,0.4744059627536951,0.4238647517101655,0.5639373315269565,0.4356598187166565,0.44067808656208474,0.4774834962086771,0.3997497551357571,0.461007210456749,0.4492519242103737,0.40669301353358295,0.4380822568064395,0.4447683053839136,0.5139964356404227,0.3993630735884806,0.4502131301731053,0.5531637106196877,0.3936348572874308,0.474898002210847,0.35156650540532275,0.44244445957825534,0.4264331371256001,0.4153176168854049,0.42223184939631464,0.6018572756292159,0.42853105337956104,0.4538934411543611,0.4670642954526503,0.5231755501285542,0.4743745939149369,0.47702388512346244,0.45299474803901846,0.40589853571799384,0.42759433227371946,0.44331972956734,0.3967717214202169,0.44376243430193607,0.4601782582467299,0.5693455432836316,0.5215523416047199,0.3769384904671836,0.4331265545012364,0.392601629235559,0.3962773480602341,0.5108698524401951,0.41186107257158894,0.5948296010927636,0.38275887909514555,0.40259529787972353,0.5037436196544715,0.4875975502227821,0.5059749824199625,0.4909424877959372,0.38705225352084344,0.38496689808648793,0.45297450773445547,0.42486184361342355,0.4832530680633251,0.4675836232699967,0.5302947255190853,0.4898839792752863,0.47728020258267695,0.45155267861584564,0.45519712470935436,0.44549741858130115,0.4783951190610287,0.43023391068498906,0.4587047467064349,0.5018041430074879,0.669781587235665,0.3250050254050449,0.42783197408088675,0.4968503787619022,0.4369090167066133,0.5519686339292215,0.5449057854894561,0.4606850502152411,0.41527507554171783,0.5356685966589697,0.4584593121990953,0.4381666954681407,0.4502742146574618,0.4563543553129743,0.4464862447732961,0.41939681691953706
0.4678096845077281,0.467464688846978,0.4973253365608659,0.5359657357881864,0.46970014204885974,0.47047027841998007,0.4892857949000363,0.4732689437218389,0.49422056913020945,0.4657006842350588,0.0,0.5501211203122616,0.494229621411763,0.42115846398800255,0.44308428989852383,0.5702514258435807,0.49095277004706955,0.4114597998221178,0.47375852673192675,0.48515082107204305,0.5250522084823077,0.5629444521768574,0.4460072302966928,0.5378706204583844,0.5995515341043891,0.4904064686268113,0.4728817335932453,0.5045918691805517,0.43889405334566595,0.45824217494248737,0.5037973109664329,0.48214304820449705,0.4397847272482216,0.47175017909671674,0.49244922274507835,0.4228363096590028,0.5872712785932729,0.47994939926085395,0.5268638671029102,0.49937687246200135,0.40902834289647794,0.538002035126724,0.43241459109610053,0.5677097751165151,0.5099554781621979,0.3791798580515258,0.3507401512796026,0.6117869860099208,0.5398477573259554,0.4138464542678882,0.46269529536832754,0.4180821524113017,0.3064793675296759,0.5220431404825555,0.5372525882848862,0.4560728066133784,0.4490415148270953,0.5352367405306554,0.45365256998263204,0.38757838076220663,0.49028230421525426,0.32699650365652827,0.3909609389933532,0.410645718776003,0.36676931933878937,0.3743189135704465,0.5637941798985628,0.4505729369268524,0.44806327579750543,0.5229395163580742,0.4563120974125634,0.41266719037777244,0.5296243149457598,0.5304478547497216,0.4470714933499565,0.34775755638046113,0.5732093973396993,0.4925050804446432,0.38923174541746164,0.41299401974600874,0.38663834589878526,0.4598433683199461,0.4825865116457804,0.4151773581316016,0.473548096575788,0.4761118741769099,0.5535807399450633,0.426344659406432,0.3896299703646468,0.4954618922134119,0.4716585973922658,0.43492120423215797,0.4379705048172851,0.3775319766138738,0.47279533303034366,0.5324789802963159,0.37788177530248684,0.46783627305848674,0.3644325780676006,0.4275875517876137,0.45914690602564967,0.4685213372048827,0.44700957982322775,0.4343909517993859,0.4143439499155361,0.4194356710676894,0.41880755996242724,0.5336787271258786,0.3833333307629426,0.5494341804045682,0.6005323467731755,0.45852084521849046,0.5028128026692459,0.5071097542564038,0.3628704961218197,0.456053029229699,0.38031999976286035,0.5180187265011373,0.5454420024613764,0.40163958484977264,0.4704397711823263,0.4094506846406685,0.45667652991178376,0.47849677610242547,0.45348268853962154,0.4824355008548984,0.38360642743467555,0.44680778215125694,0.4604095744783947,0.4171129292129977,0.4507663569405899,0.5007926050109072,0.4905651275923857,0.47750548670632964,0.598778098710091,0.36264111718368935,0.41621568967305894,0.4607175761871524,0.5589698471699569,0.4621460110325065,0.39793144315313755,0.46516907826350967,0.4513358033993383,0.47167813350368526,0.5730772321352319,0.4835437589590629,0.4954281981294715,0.3724426479442053,0.49491662807255044,0.32780835084783727,0.5652106744648573,0.3723893103383821,0.5001037123010771,0.4386172046206106,0.5345490550629299,0.553140635078293,0.5173110386041833,0.5490906471994986,0.5035938317161617,0.4743012679803373,0.33865912330107156,0.45022818171039564,0.42482836942674884,0.5701438065480561
0.4117459951018077,0.4879105129360083,0.5018149170000605,0.5634813447466758,0.5137219890968013,0.43570159542685943,0.5297688377561235,0.48346323158549026,0.4642713439181924,0.48201300443736,0.5501211203122616,0.0,0.42920942759808833,0.41437152004587324,0.4524099692889511,0.5517380970042925,0.5001187879712415,0.3907436046134807,0.510115230485162,0.4469226775613352,0.5462612049910623,0.5087945510821081,0.5012231787323846,0.503581038208267,0.5358573006420825,0.4755418682248128,0.5166245362656182,0.473770328871789,0.45837678673364246,0.48720007415795885,0.5303436226903916,0.48617590121143633,0.47492010894039444,0.5311778213096238,0.4687932480544623,0.5136823326343052,0.4627131515184257,0.486006236575901,0.6595709957471866,0.5073342387782974,0.4662580752993912,0.4950923976641791,0.43328256059281584,0.5282164702888562,0.5375611935438934,0.39341438338274154,0.3757633556293923,0.4694587407411265,0.534096944699692,0.45000232500482146,0.4856160900139681,0.4208612427320561,0.3155517614077104,0.5702348260076688,0.6256122106953457,0.4377856201586485,0.44836370948106313,0.6171761191664104,0.45297065317724644,0.4311946143542913,0.4321392962456059,0.3492441750427493,0.3797523781076559,0.46085344338992323,0.36408874974889105,0.359745112999,0.4821823972551558,0.39560636175074965,0.4332774147537606,0.45406785955100437,0.42333149527448366,0.4200209185022101,0.4567716577479727,0.5218186474182207,0.43996025406105593,0.33562586880345485,0.5596225595030894,0.5501352775428627,0.39816613887026686,0.3692571593856538,0.3657858525129863,0.4640301275866647,0.4653996877029699,0.3892429214764816,0.494094005326671,0.48037110558273577,0.43858640352018785,0.4396639499481605,0.39912779753234284,0.47370487800269634,0.4973927678285544,0.5030582778364212,0.49359274358218663,0.3646571026791036,0.46585431962563056,0.5087754117830477,0.3872856665875405,0.5143635794256773,0.38979850478917155,0.4428644282531265,0.44526189438964464,0.47313719282178957,0.49029853678523744,0.4832690908670011,0.42968669567234974,0.4378491267021326,0.45872720475839723,0.511596210906931,0.4123540531744091,0.46900599112530933,0.6178461948082176,0.49574706733724855,0.4184642493968894,0.5200199643984622,0.36643352103102705,0.4520022354776803,0.3803167128063944,0.5298558686974787,0.5141242873868087,0.41058454903916064,0.4860737461508041,0.42815517489139865,0.4109483669752361,0.46809350133398153,0.398549906868127,0.5006754397805239,0.4233349147196641,0.5127814622452441,0.5210475955442997,0.4183044798135569,0.455894090126908,0.4852653501771437,0.41119000120310434,0.46368419564057833,0.5035297472724853,0.34487291355828004,0.4008515121860133,0.48481396144497246,0.571947818122524,0.5137413479132276,0.37205189486318896,0.4784835482290626,0.49004869663171036,0.5378795182362922,0.5387621720590638,0.5043412337536339,0.5269357226104139,0.3856547546858218,0.51003550156713,0.3603738477975849,0.4938916071230349,0.37789168307120624,0.5554598991520142,0.5232236525660541,0.5803510533782946,0.45899098812471617,0.40522005461833965,0.524867923553184,0.443291849101775,0.4548311083195566,0.33436568480669576,0.41512402330590037,0.4483475824047198,0.47102612338027056
