0,1,2,3,4,5,6,7,8,9,10,11,12,13,14,15,16,17,18,19,20,21,22,23,24,25,26,27,28,29,30,31,32,33,34,35,36,37,38,39,40,41,42,43,44,45,46,47,48,49,50,51,52,53,54,55,56,57,58,59,60,61,62,63,64,65,66,67,68,69,70,71,72,73,74,75,76,77,78,79,80,81,82,83,84,85,86,87,88,89,90,91,92,93,94,95,96,97,98,99,100,101,102,103,104,105,106,107,108,109,110,111,112,113,114,115,116,117,118,119,120,121,122,123,124,125,126,127,128,129,130,131,132,133,134,135,136,137,138,139,140,141,142,143,144,145,146,147,148,149,150,151,152,153,154,155,156,157,158,159,160,161,162,163
0.0,0.5859594662960209,0.4968944326749449,0.5566202364238588,0.4700814644519878,0.5882476291322459,0.5589897951589262,0.5687227351831402,0.6090305856942252,0.502754892951729,0.5910606007770604,0.5105538224642568,0.7014521208356572,0.5963435070648938,0.5673223978683454,0.5814265536997101,0.6047648735990353,0.6884014646573168,0.5580121240310186,0.7024096072638922,0.5821379011828389,0.5790818975946823,0.5430142631859238,0.5708081098443939,0.6322948557126344,0.5508731636197666,0.5220548838138102,0.6109519429614569,0.4657508805784214,0.5003693373682344,0.587633502906479,0.6185085456293045,0.5437459243100605,0.5631400927218935,0.6858851490246157,0.5041889725695547,0.6608635442251698,0.6007876002831436,0.5046939521822398,0.6275984133927484,0.5137741149656089,0.632776545129476,0.5572384994514912,0.5689481650001637,0.6062645084504034,0.5814523258819487,0.505309996942991,0.5171788745257072,0.64275783643019,0.551357387967397,0.567777938550333,0.5928016653756495,0.5262893346756916,0.5330943599455047,0.5040972880723794,0.5931889084724354,0.6362837726565871,0.5455956740971085,0.5734703664759362,0.5615171889992144,0.5724792055488266,0.4955391638149348,0.5709660435157623,0.5053788135920658,0.5605973060036299,0.5817607204867634,0.6210774132085466,0.6032558802489663,0.5416110390525481,0.6486047455515519,0.6470302745222005,0.5688499054153188,0.6014770698412476,0.6298481671721913,0.6078761706293824,0.6151666070729107,0.555079781183889,0.5201027878156033,0.550655506396581,0.5063177863958236,0.5760184457123364,0.5979057362640783,0.5659766177864697,0.6065041828525711,0.5686502107971517,0.667332089100697,0.6232328655140588,0.5524500536844782,0.6101958412188542,0.5531203690135661,0.5646032188225515,0.5445654436653415,0.5217884484637332,0.6142154332506373,0.5785672490629052,0.5390414000132301,0.4961166744303337,0.5732341738901257,0.5184863237855393,0.6173385517805546,0.5564034158705822,0.5064429249364393,0.4973505511017683,0.478321382890263,0.5694163332965912,0.5821954650512977,0.5156060399741963,0.6289590469456582,0.5511184014232446,0.5579978510915291,0.5799489465964999,0.5463483179990871,0.6302735117698968,0.5587712378651336,0.5930126367018316,0.6488171912177961,0.6400345110288457,0.5186156155593784,0.5323393177383776,0.5735493632048394,0.5692298039908286,0.5025569457086697,0.6308129108520986,0.6109592086461066,0.5856736731628185,0.5174947234563896,0.5184215518612201,0.5182663717575554,0.5238669105343514,0.5753775207315581,0.5580232828385044,0.573355093709956,0.5932247226117846,0.6263507985417516,0.5599129526545159,0.5568163442047009,0.5821280065221752,0.6007288692236997,0.5736795833628229,0.5453095356085923,0.5406434748226898,0.5881286188166809,0.5962547623582451,0.5053980092849875,0.5986005773371023,0.6094646156955125,0.563887830455029,0.5264989539182225,0.5535592099900883,0.46712183172425364,0.6490717171051761,0.5492368180198907,0.5445911239304136,0.47533488249528943,0.5748160565771173,0.6503167761375208,0.6071077282451637,0.5793964609487547,0.5789646100849982,0.5755947115881432,0.5426659406428954,0.6644114014617805,0.5077356386481517,0.7250104027404173
0.5859594662960209,0.0,0.5897402447893787,0.5510830468142773,0.46435632811778865,0.6410350425933314,0.5874728932274721,0.615807962207456,0.5616650861855552,0.6628468124210132,0.561081930925682,0.6315455168467498,0.6152588796950089,0.5423719770900425,0.6141167197306165,0.573551602821326,0.5676955528977904,0.5637756396603955,0.5941896411554253,0.5998955464408748,0.591289657662412,0.66437382002349,0.5323227379172416,0.5919847712996046,0.6826383521618802,0.487676636920075,0.5169453018852443,0.537866650169347,0.561205048312922,0.4932916461100019,0.6376668882755854,0.6256482832839997,0.5970212334752516,0.5432428767994766,0.5859653968298055,0.5419478986088819,0.580081694111207,0.5480155738790842,0.5658391960525767,0.5953339369143423,0.5511386496015069,0.6133096445178561,0.5217699188868347,0.5520521901824573,0.6318038316860441,0.5536530509878279,0.5211486720946624,0.5058422741239519,0.598832785866214,0.5268940462873434,0.5368796950236017,0.5346185199180045,0.5141161067046757,0.5982447663873414,0.5449192345330924,0.602605984130843,0.5488743902537194,0.5643356563573918,0.5635972191015312,0.5541982014120392,0.5708222167073504,0.47426396947281113,0.5079519236454568,0.5060894936400253,0.5094670897036133,0.5088521183710742,0.5614165691880639,0.5531763759500244,0.5054028910891596,0.5865006197747648,0.5617605509289721,0.5132054375457498,0.4936522628802334,0.600161971584028,0.5900660548497392,0.535620688714362,0.5317286353848951,0.541500617994501,0.5010606163758724,0.44776162681934134,0.5551039100080412,0.5579657577757778,0.6091849123586681,0.54568913744345,0.5018835046517746,0.6501344421455942,0.5341917500572214,0.5042195365109964,0.5805453434466046,0.5680167931689349,0.5072362519518987,0.5783618935032798,0.5405613148951693,0.5234536894538526,0.5185609292519003,0.6486547466755587,0.5081737492389923,0.6144989451877869,0.4779786725356581,0.582679407437507,0.5307357005171591,0.5095265251417005,0.46922867282022135,0.5689623937601359,0.5132141252224135,0.5498841862045675,0.5241866628773644,0.6289465741054602,0.5682576463636905,0.6017954991253482,0.5848970578153068,0.4901553926323733,0.5293302741653393,0.5258276138697499,0.5125599413549632,0.5747841591641027,0.5849540019484935,0.5609825996518608,0.543217917792153,0.5167416471493758,0.5079258034524097,0.47810799028983514,0.5182782287514527,0.5918851623482092,0.49502573262627503,0.616650771575399,0.4930924625558612,0.5751552790840074,0.5941314236855031,0.5524771079505227,0.5815163109439689,0.5546191394437052,0.4856060102971205,0.5460292917087322,0.582854232273644,0.5134211128345603,0.5798564983528408,0.5658937900408116,0.5974262917760004,0.5550082646034283,0.5411245631466031,0.5853566211922135,0.5928175007182002,0.5176756113670641,0.5853738650765857,0.5452482654574404,0.607898058130248,0.5809649136347618,0.6629723995701565,0.4825840780221897,0.539237980480289,0.5621519306379162,0.542452484144763,0.5680058402423346,0.6361752495215304,0.5981122818910806,0.5347257878155482,0.6031775710246476,0.519821905234615,0.48849885167534085,0.5539130386967863,0.5464199337512788,0.5008538618190889,0.5496891034261823
0.4968944326749449,0.5897402447893787,0.0,0.4858929809919223,0.5222366223319768,0.598167957042402,0.5030209818845597,0.5386921656163033,0.4653350839786169,0.5845261123562161,0.5815973124376286,0.5894965738456176,0.5550785691002204,0.4665199311202781,0.5270786107949119,0.6443248900202426,0.5782997832456244,0.5020152115909077,0.5248776429965115,0.5032335603101722,0.5952360322922411,0.6871993875513467,0.4683257981036622,0.5355198098770416,0.5534380521427837,0.48425159277450747,0.46310327753920816,0.4764664087692095,0.562744248082245,0.49484274885616897,0.498980214620235,0.5729360212133948,0.516290171241808,0.45838878115248133,0.47699648122249544,0.5087200908021737,0.5168737377083774,0.5124095298417481,0.5327960659868674,0.5254204294093988,0.5177012773967675,0.5533770399650005,0.5270373051374811,0.5210886123937797,0.5221139458778206,0.4916742315620763,0.5193856910523703,0.5227704184168441,0.5134528040352855,0.5072194645152057,0.5101166605038309,0.5161691422141693,0.45814638959016574,0.5605544342502351,0.5279200235592844,0.4838407577279837,0.49846288916356596,0.617587579302504,0.48492511887661516,0.48860115421127753,0.504265070698613,0.44988291044793893,0.5244129064022713,0.4685171629580425,0.45362579826316085,0.4572208591760432,0.4631561609094636,0.526796756728803,0.5125264747732348,0.5339761591717219,0.5134178885597891,0.44401121038146957,0.44309179883463046,0.5658556168440854,0.5592741428887669,0.4367081685462392,0.5256110100676048,0.5567546270671303,0.4583053849306037,0.42544285654477926,0.5253660430442385,0.47853288379675035,0.5589098835544619,0.5010639666870963,0.4588446800633938,0.5419260065747568,0.47574989223365105,0.449873782864879,0.47608175207801795,0.4543916195649308,0.5089705318970078,0.4627716149099247,0.5377214078320102,0.44814394288323833,0.461999901113281,0.5539573282390953,0.4587176820262164,0.4983880544480376,0.4254330233689599,0.47241283480925916,0.4464424357353067,0.5022086007839837,0.4259486822496987,0.5108742635627498,0.46318290270457513,0.5333130055009728,0.5088261282642641,0.544967355289565,0.515644216991451,0.533538567434614,0.5278403135983772,0.45488117950244894,0.4617869141281733,0.47580963774728646,0.46441814690296446,0.5229738976638026,0.48123318180954594,0.5565163069600348,0.5559562230944933,0.4500427135618578,0.49878662506838567,0.44761683105344513,0.4549446289934713,0.5271199992391659,0.4215520250763791,0.5771012151895247,0.4536816805035272,0.5528045566764905,0.557916828313255,0.49960114414289697,0.49880700683295764,0.6004673943857871,0.4260027301410221,0.4635763916352953,0.5167208901731789,0.47079653309254826,0.5169788564608538,0.49394540109128526,0.5331036168737913,0.49962372504211194,0.46291589264406213,0.5495887693039695,0.48450805004978426,0.4844479741210354,0.5319076511892138,0.4766073399547993,0.5680899154108853,0.5424101767215243,0.5891877524323522,0.4826453575378293,0.45410571420089246,0.4845160609890846,0.5241101967026258,0.5559388549072274,0.5635059669409223,0.49433607246720623,0.46812261923289095,0.5647722996974319,0.4304352355753782,0.45258808008621393,0.49327456122907043,0.4507504171987055,0.44316666097996105,0.5023683446801253
0.5566202364238588,0.5510830468142773,0.4858929809919223,0.0,0.4653667215463457,0.5250689342224039,0.5926162605311378,0.5673773981054532,0.5005664432201755,0.49820603926311907,0.5380008092926131,0.5229116346964077,0.5378005651641022,0.5679958953007408,0.5972367410276653,0.5235435444174045,0.5754376559184116,0.5943073027317872,0.6106158177791943,0.5347269805333312,0.606492650846386,0.5303432474260096,0.5466940753570885,0.5121693469377808,0.5575943088958003,0.5518168183223106,0.5181861497846836,0.5573709425592165,0.47860833239792094,0.44575215676533947,0.5710036137792392,0.5771964284476658,0.7156486258523084,0.5568597126267195,0.5927874214924123,0.6131282617872406,0.5223542357921256,0.5984429085100643,0.5661473168473802,0.6333074413678195,0.6382331305419205,0.5192417600597949,0.5685808943065188,0.577850110021752,0.5807732508661936,0.5850026609756726,0.47298257898829404,0.4730204135621507,0.6019563349901605,0.5968373031200499,0.6610147426321901,0.5989243849370564,0.5882385419009278,0.6549017112641942,0.5873435684710174,0.48606653556356366,0.6210881281743735,0.5678790141877735,0.6120521082413459,0.6148092707081959,0.5698871985160082,0.5430004855402654,0.6010223343548861,0.5259875049974997,0.5862211780218488,0.5746196877031217,0.5783176386989973,0.5024866786854524,0.5270585889468612,0.5891371362652652,0.576699810816689,0.5691897066229479,0.5609073431591088,0.661454657166912,0.5904246683010128,0.5375354788349493,0.5868359421555316,0.5237690710550685,0.5787893949729558,0.45244094420250774,0.552560097289284,0.6395269028478586,0.4897787441367569,0.5615384835662224,0.6221219997051455,0.5828961474356689,0.5394531936283516,0.5993699820087314,0.5883216279874499,0.47307107103557555,0.5945778576304385,0.607460095042312,0.5839082936442508,0.5710868146548563,0.6345148753081931,0.5118797862504166,0.5525123569149001,0.5710852561514759,0.5417722129145254,0.6404080583903589,0.5480762402913079,0.5603714829949614,0.6172699877823843,0.528942129710005,0.6265322470646653,0.5407910046837211,0.5939397815048478,0.5332085589159274,0.5947314099682113,0.4706295437971766,0.6312924740451794,0.6042146114870811,0.5528506685409224,0.5804390806045323,0.6229290102617038,0.5434667198445255,0.6028137753520636,0.5027541024510717,0.5653165343875132,0.5741799382638121,0.5447140857448899,0.6082875736729931,0.5068219762938573,0.5842333684962792,0.5074923189727186,0.5410953368823108,0.5858949859550816,0.5082900266075071,0.57467988490091,0.5870985444358409,0.47145301274713647,0.5553202202156953,0.5159315702312107,0.6190766398489154,0.5280577894332678,0.5170953637996889,0.4599253611798373,0.6208509066323454,0.56365884706188,0.5974968818468416,0.6044923634762737,0.5550701320443857,0.6518905014981272,0.5995131326869462,0.5771006043780852,0.5603643567954714,0.5248990852880326,0.5607572913677465,0.5140283994005878,0.47519144770915483,0.618903820734343,0.6157281474587578,0.5652185325938507,0.46663161206782494,0.6201758509981272,0.5500377191392383,0.47440796787737005,0.5331298628451523,0.6031609244660806,0.5846697674922007,0.5732288125326985,0.568912785281641,0.5607054663809485,0.5702952876280741
0.4700814644519878,0.46435632811778865,0.5222366223319768,0.4653667215463457,0.0,0.4677157660578286,0.5287915494677351,0.4437025219591935,0.4420434406757466,0.43724003901711905,0.496520043100098,0.497699867814775,0.46427492140326687,0.435769535732921,0.5127502833298712,0.5503785190478303,0.5378321024043295,0.4909271028563638,0.4686350119698794,0.4375336889701208,0.5488279425378437,0.5243216103579056,0.4796226835568192,0.4949931547097096,0.45483106686590746,0.5075605166826516,0.4456230955197999,0.43081117173808187,0.444881809316129,0.5432856562174936,0.45054577168617244,0.4924122244712722,0.48667223522232184,0.4282084479908941,0.4445349218548071,0.47418833161674334,0.4607421437823188,0.48821834452316976,0.4924335383507884,0.519511876811681,0.5138764840945421,0.506534142438351,0.5254763112327474,0.5026335126315744,0.44621457332014947,0.4849527836804179,0.5691241843635819,0.45176535355998093,0.4982651315094805,0.5154649158756544,0.5339622190231277,0.5255787836515128,0.4587401477592005,0.4833205252671054,0.46917977674052835,0.4394530553637296,0.5002853116418583,0.5859736335454313,0.44525467029942417,0.48498572525976813,0.40948655700953135,0.4679637037728215,0.5135525508916551,0.437335058864675,0.4580000084777348,0.4308377175336049,0.41926491543474514,0.4993682413711344,0.467809630092086,0.4619790481056625,0.5038116517308099,0.43791411910885214,0.41460631813514964,0.5208430410443985,0.4726699516806605,0.41787066702471387,0.5078908338712521,0.6280921341911314,0.44826552595612423,0.4331495194732959,0.47295187017277673,0.47599212511217837,0.5310833809022013,0.43119676797522827,0.46429042737567794,0.4818052467145239,0.41295453904208734,0.45355720967887975,0.44224153226108137,0.4154081161213163,0.6007114653228512,0.45184867972598214,0.5494893732469616,0.43391585648274283,0.463681024369372,0.4560498308854039,0.40667372931445894,0.43859880292763714,0.44144349331890165,0.44043440942313794,0.4163165456852551,0.4487593854806645,0.4343781413495929,0.4347643298130943,0.4520099791049902,0.5253855830024099,0.4703220744663867,0.459924755656856,0.5200255041811038,0.43975398335045834,0.49515042031728385,0.4788030158535193,0.4133337056063997,0.45117276925572086,0.466268415597869,0.5201719739544467,0.4466634122922229,0.48468233427336793,0.46356111594374283,0.44190176620187344,0.582530439385078,0.44717520640730196,0.4180359085379465,0.5310140389369404,0.4036841960642181,0.47061401829462535,0.4615821896697681,0.5110125991596249,0.4513840275169707,0.4820021734216145,0.44208094295931216,0.5387829349036319,0.39744783042860843,0.45464561153115735,0.42123469819873127,0.4601896899935111,0.4663604350234178,0.508119607023628,0.45134275852763117,0.5000784583608283,0.4104186343617229,0.4916682855016286,0.4759706092362619,0.4570086421821829,0.4843658389366289,0.47364965441095197,0.5527781257443397,0.5108478569960149,0.4515263364419729,0.4393927894544635,0.4312533816636757,0.4585289713808307,0.4995922828828889,0.5049771376942286,0.49681075296694394,0.43613277483691576,0.41663244567666347,0.5210081630084284,0.4123408894576571,0.47489797880689716,0.44679639284346545,0.4323638281480847,0.44068537014513076,0.519592062304667
0.5882476291322459,0.6410350425933314,0.598167957042402,0.5250689342224039,0.4677157660578286,0.0,0.5292397293593379,0.5618608743066542,0.50798869633119,0.5577522134611811,0.6087632372268604,0.5748084577199818,0.6595048350414704,0.5029304254102879,0.5403094107957137,0.6084430451276535,0.5645046201590197,0.5187838661462237,0.5489751717275637,0.558586826106988,0.5953365399228862,0.6276494000692717,0.46528840136477284,0.5787461457194673,0.6239812493818422,0.5137175962137426,0.45040212306898564,0.5102717625213511,0.5304692667386134,0.4744665016649058,0.5557643944437969,0.6185395802512449,0.5503595578771268,0.5088212560809303,0.5393442712181943,0.4918095702293487,0.6325681505162686,0.5199447211885949,0.5289600920851505,0.5452900490637435,0.5051155921913538,0.5930192600409049,0.5173081003864693,0.5923939495789127,0.5604160179221933,0.5117613043395409,0.5001583558474975,0.5829530847286372,0.5418643952849976,0.49189046109235335,0.528840058662051,0.5661472510689542,0.47170006526299096,0.5805455955043453,0.5250217007978081,0.576419122160376,0.5307437237710195,0.5699467363893511,0.4978214492997455,0.4950967053697884,0.5975777474893851,0.46276321543761084,0.5462925401992416,0.4547174866785479,0.48072849490396746,0.5094524217046992,0.5444094177703787,0.5989895281671044,0.47559185162546563,0.5777578840645108,0.5810810597909416,0.47157865410090816,0.49967169707460335,0.5878547020352631,0.5722071871244014,0.5146405032956947,0.5445161287111657,0.5409283929447017,0.4840737776529713,0.5061563297980869,0.6078880956550407,0.5194469229343934,0.5968842850850917,0.5637092810741998,0.48796046236366936,0.5840313298865124,0.5805819503645196,0.46609456519698034,0.5241900936947728,0.5296523908758889,0.4987292909090482,0.5036741057894752,0.506243436049825,0.5197130538023945,0.493294740170628,0.6268410853245285,0.49036734714407865,0.553786797695142,0.4490901861089614,0.533592824327221,0.5058474742412559,0.5040707560488402,0.4457996273664849,0.49883091020808,0.4876469188788876,0.5405096026753093,0.5049994759857177,0.5748456405392345,0.5120668099136622,0.638887440253328,0.5942167706934428,0.4667274228873784,0.5791554779880219,0.48802605974579116,0.5020485279393746,0.5638398810140595,0.5464900693791538,0.5130592755092627,0.5909436638315878,0.490030727440509,0.49953975927295546,0.46587613327720445,0.5436857861072616,0.5994248138523629,0.49177155291678376,0.6009476792935824,0.4684541451469802,0.5490643093343271,0.5591032695244147,0.5063671694182044,0.5194977502804767,0.5961246108319435,0.49977904264598905,0.53298463330775,0.5729541079790494,0.5110868944951723,0.5684829403727256,0.5134630548752327,0.5120310734945759,0.4998893648157416,0.5259353069683248,0.5775338512258918,0.5194905411095019,0.47759950071979623,0.5857659143825119,0.5092822087884358,0.5771349987440466,0.5441146771010122,0.5748420559909585,0.4614773666751412,0.5307858870391866,0.5156162536779094,0.49143865498820233,0.490097798451891,0.5920796314289783,0.5852184338154213,0.5597718821412387,0.642057425286159,0.49971985167514044,0.5029317021205446,0.5197539710611284,0.5361264296610839,0.46126336735870666,0.5718710055439452
0.5589897951589262,0.5874728932274721,0.5030209818845597,0.5926162605311378,0.5287915494677351,0.5292397293593379,0.0,0.536836833535795,0.5135645417520407,0.537395457751173,0.5190843232172967,0.5953152046659077,0.5450146674112509,0.5086613212293919,0.6871031640987972,0.5444433906360483,0.5500917766021303,0.5694265398587843,0.5712199947091591,0.5145101593128262,0.5914533505501672,0.5488932928016526,0.6159402776352273,0.5925427959349991,0.5887142892092271,0.5435074903547731,0.5198551448250087,0.5058291014886495,0.4892570947829656,0.5197891663716493,0.6072281544189023,0.5943120827858582,0.6288456665035567,0.5660124236164424,0.5429810803768206,0.5342697901250885,0.5609076504984897,0.5280224321740049,0.5747258684931635,0.6612127436474334,0.5758948745953304,0.556953293127079,0.5686958802952665,0.5750819263505387,0.576335012549649,0.6071758941953475,0.5701123375013281,0.4794216719963314,0.6729398236882882,0.5443439597928922,0.6225638543244582,0.5563702606831685,0.5186071113777787,0.5722499663932886,0.5479778157300633,0.5417975968925206,0.5732256419197683,0.5667638013046803,0.5585242357355709,0.5808568977293694,0.49307456646031067,0.5027340298558192,0.5147493614527534,0.47726718344047303,0.5337854214349484,0.5114575792581427,0.5439658762761533,0.5665427295371805,0.482448192856147,0.5407816722773022,0.5765161152570586,0.5228773260638768,0.4702657364640575,0.6202596879796156,0.5112152313311354,0.5535520462576736,0.5887142296831516,0.642588020262599,0.5229166051048846,0.46831357291067416,0.5265525008126927,0.5808322735667727,0.6044473899322169,0.4855499826956019,0.5292238481987567,0.5700920551609471,0.4912301403855819,0.5544695544369435,0.5870897462472682,0.5218250373418887,0.5752600800440281,0.615606505763404,0.5815555630296784,0.5306051640030675,0.5361265443093711,0.5665546075806596,0.4663501048477553,0.5591778802511146,0.491804460627527,0.5961203757455942,0.5185886389493907,0.5235004590935353,0.5291108339743124,0.5327472816464471,0.5146890277349023,0.5763628220738304,0.5343885006384911,0.541287700205185,0.6465530741699408,0.5226675561929497,0.6337490439155998,0.5285348255075516,0.494359626419341,0.5139112628053784,0.53750945356172,0.568973515685901,0.5679639756376883,0.5502286354157735,0.5027338027476768,0.5077904859822508,0.555501395867073,0.5111897912367779,0.47907792196388116,0.6865941633250372,0.4678465628187001,0.5756281668509459,0.5144106014116689,0.5865732635123255,0.5224180671496836,0.5675061632667747,0.49773148341601464,0.522174014422394,0.46883153840446007,0.5252000498838779,0.4956759594965039,0.5069817619384126,0.5371875325490523,0.6335529029585835,0.5411589501994544,0.6134542763072607,0.5156804693059801,0.5382905045269128,0.621260460099004,0.5038039825995088,0.5733863882284773,0.5963975817371748,0.5863507325718806,0.6204264955686001,0.5322959667817767,0.4356156641657533,0.545448175403985,0.5614091577122728,0.5219678792876371,0.5659248419018881,0.6314484132323059,0.5565352332280515,0.4961943883593224,0.6248457591740129,0.5277302343970292,0.556109633212496,0.5451701601195846,0.5306992603182158,0.5273928238167499,0.56396355574195
0.5687227351831402,0.615807962207456,0.5386921656163033,0.5673773981054532,0.4437025219591935,0.5618608743066542,0.536836833535795,0.0,0.5907294992246143,0.5742189642938603,0.5196083272992251,0.5903145135636401,0.5897946870908171,0.5233803594062002,0.5986500955442098,0.5598346776116953,0.5470488396873764,0.5816383777374553,0.5793527396196548,0.5813055489915661,0.5646658076894153,0.5734090578011575,0.5429634370887381,0.5159294706557346,0.6290884083852756,0.5044784903532783,0.563341336522616,0.5423820142162716,0.4727023643703334,0.49995312940314884,0.6647540413192888,0.6051864327614914,0.5896074813314284,0.5570147888262402,0.5529980911682373,0.5556412578451038,0.5607525564909074,0.5773892996108217,0.555374743905379,0.5601433428668277,0.5398135014532892,0.5627455565961463,0.5618949908570716,0.5049123504635239,0.708373489985759,0.5976006443680113,0.502008195351608,0.4629752685418988,0.5690491035687718,0.547584547142095,0.5488937702159947,0.5224670536716646,0.5020274358324153,0.5552481490100142,0.5293909397898305,0.5518185849295278,0.5569370664990326,0.5948362451627754,0.542196939758371,0.5789554346416012,0.5786715190303491,0.5040751757929212,0.5311350821346777,0.5025216160858933,0.5112691163760464,0.5286383257291983,0.5604485489999905,0.5341233536175607,0.5409306211864711,0.6986153646345252,0.5664707648066638,0.5137392235958887,0.49516824452329955,0.6091045272351187,0.6067797872193553,0.5200701175731123,0.549395000454883,0.5058701284082184,0.5620153996478787,0.41584578449797976,0.5137004620081747,0.5927066878047007,0.5555468111687497,0.5623904281049567,0.5244092678525324,0.6800551005594719,0.5824214819627642,0.5486899173248094,0.6445692408201491,0.5576638537372626,0.527280030626618,0.5840068855512892,0.5238810393390675,0.505656109450352,0.5179308769891238,0.5740591390435383,0.5337883383816046,0.6053481290411817,0.4784125922001875,0.6084090648610307,0.5076428747675196,0.5984502078851593,0.510127259774412,0.5642266342030071,0.5573169008118494,0.5852121221506965,0.5579234895439286,0.5974786820191449,0.5633323277357069,0.501172449205876,0.5399550545059981,0.5163496398238868,0.5112446748969989,0.5720030164049089,0.5383658284984711,0.5613816910117084,0.5635771133961972,0.5323075122464472,0.49333359605995425,0.5376449139092933,0.4928327360052982,0.5653072130945367,0.48336327750560504,0.5570501876293006,0.4637175530621053,0.5607050414809938,0.5164941514453971,0.6028364809919552,0.5529854212857626,0.5647526055197309,0.5798675330687169,0.5564235005573576,0.5036849719580069,0.5367845098118605,0.5416595936262555,0.4735654101015449,0.5328128932810895,0.5529531943344428,0.6112598170235294,0.606517152266602,0.5304326169921928,0.5458849085507661,0.5891648368546311,0.5337403683592709,0.5513820738480143,0.5794612746137855,0.5913288978265431,0.5656481332089496,0.6050997497301119,0.4722478211228853,0.5698369618581437,0.5307708272431657,0.5426097743969437,0.5415024765475128,0.6354796344868507,0.6120526786853498,0.48702953058822046,0.569083123021902,0.4862395379762606,0.4904052977646819,0.5294605871694918,0.5172372619329104,0.5229972471343318,0.5216583593514229
0.6090305856942252,0.5616650861855552,0.4653350839786169,0.5005664432201755,0.4420434406757466,0.50798869633119,0.5135645417520407,0.5907294992246143,0.0,0.49162655096194424,0.47852957534403456,0.49113175095373757,0.5422995269188203,0.5354588212327871,0.5356908559140829,0.49290149522164123,0.5047162854327718,0.5957965359708791,0.4954297516764207,0.5589239676004915,0.49584730684229195,0.5423878783836492,0.5172606770235445,0.4767947718859996,0.5506532162113101,0.45736693678045576,0.5609964945933578,0.5141569150000826,0.4202855044377564,0.525907578445205,0.5767656483328183,0.5220814421131993,0.5052335640850787,0.4819875450315761,0.5622048910132876,0.4761802520390115,0.5230510031996718,0.5411965660500242,0.465468637511074,0.5208711559009619,0.472557479403227,0.6383819909513228,0.48002342646337953,0.46047508275374965,0.5501980865628474,0.5217211825357754,0.4878006253104171,0.41752596072304676,0.5301553525677379,0.5030546445389973,0.4917999136456352,0.4875785706170829,0.49222759114765413,0.46708139672620896,0.4423122147320041,0.6098191048775484,0.5228387597456847,0.5187349203222116,0.5068245031725801,0.5227138846983614,0.4869584746587448,0.4723767997487198,0.4753116887740576,0.4764438513725586,0.4991386953140505,0.4792689072342762,0.529429917547461,0.5234749763247439,0.5120288499811908,0.6072838196581777,0.5460666888469984,0.5014601126448904,0.5035669838917063,0.5280145412456261,0.5507618130518278,0.5064395432205209,0.47487078727007387,0.4706506939822851,0.48326053590914203,0.4098295231840152,0.4768111386307746,0.5916726487959968,0.5551744853053553,0.5007675911569451,0.4967399469269988,0.6299961983942943,0.5272843251715492,0.5188649615127493,0.5693912860168426,0.587044191124434,0.5230129547116987,0.564099096800279,0.47023899545188613,0.483698927140356,0.5215802966693449,0.5115775956978439,0.46587952533922017,0.5411560141927306,0.49463589471399894,0.5466382308324704,0.476967201262227,0.46626385153422356,0.4642067933742763,0.47225273201461987,0.5215997654314483,0.5167450258599953,0.461215611928253,0.5653506263757726,0.49957630890970206,0.46831137547024093,0.47556046572462923,0.49614995278699076,0.4982322651453105,0.5563417516014916,0.4929710097952641,0.5800464345633628,0.5305246365649882,0.46688600209319064,0.4365316712901105,0.5736966485179211,0.49144252820348056,0.4977597484528052,0.48170017937838616,0.51452290706444,0.49716945887826,0.45769289428812415,0.5011204967357252,0.5032311689835436,0.45702137016585964,0.5160674216876951,0.6809501991752956,0.5075132003046026,0.49329645898742597,0.5662605921924398,0.47391168043459825,0.46393630936903135,0.5053031051171797,0.5179613389997348,0.5139333393631095,0.5286296408854277,0.4746451162440538,0.5136646783703696,0.5868181688433278,0.49592899088031395,0.49618431695054,0.5614230445945373,0.5827105031109434,0.49132113622597484,0.5145625500992137,0.4445462168003507,0.5296888086006538,0.4969800016017218,0.513738818192059,0.49476620373797753,0.5228844595885733,0.5646698120431302,0.4813277312308005,0.5151623088484779,0.48186962031956065,0.47038245204436263,0.480490074534409,0.5385773221466404,0.5044087023514303,0.5532241450183765
0.502754892951729,0.6628468124210132,0.5845261123562161,0.49820603926311907,0.43724003901711905,0.5577522134611811,0.537395457751173,0.5742189642938603,0.49162655096194424,0.0,0.5244288869501341,0.6021952716463812,0.548445091295999,0.4953403580954128,0.5399731260827266,0.5506738454540314,0.521636403882465,0.515006599344991,0.5450178744032562,0.5222242465552904,0.5252261212088801,0.5777202098459286,0.5188326259727012,0.5039454657381511,0.6631840393666855,0.44901369487375226,0.5107892721161769,0.5019664494796944,0.6082395604556534,0.47733865500107164,0.5718783722202329,0.5966058305626727,0.5278845857208379,0.5025156630403658,0.5129060841313223,0.5158820721247247,0.5286931619477624,0.5115109268245883,0.522151086486051,0.5216900000836241,0.5014428626455983,0.5357161617953778,0.5038108995598416,0.49877356513444626,0.5690688326445668,0.5013502731988965,0.4877131319991507,0.48044562442707617,0.5622080243438706,0.4813590889245887,0.48788602697683897,0.4648583095998226,0.46100518619354347,0.5327612451951776,0.5438591416181039,0.5204384843567734,0.48432910759856695,0.538942268252054,0.532176793805473,0.49840296708510534,0.5148265775072605,0.4435806379808523,0.4643810463818891,0.4902412110644025,0.4541719397489828,0.4587511705698962,0.493851400502336,0.5029998288559449,0.5116987342993812,0.5573584733902747,0.48551470376603045,0.4779276664605764,0.4469651728230402,0.5354878664837472,0.5384710522973606,0.4932729613061358,0.49796808806219256,0.5161119373507812,0.46508481522177486,0.41313454296605273,0.5064681598644666,0.47930691403809483,0.5441493352853206,0.5084833946639591,0.4606609044189976,0.5493313520191037,0.4960137618239776,0.4838235240843319,0.5443919512221274,0.4849484665875829,0.4702527882253849,0.5187966810361493,0.521836581812033,0.45743159339201234,0.46670133887400794,0.6267472379937278,0.4575267701802872,0.558917388260996,0.44112325290330967,0.512140728511224,0.491851622550191,0.5063592210220342,0.4524919953666319,0.6181506295065129,0.47203920319016907,0.5000882996889885,0.4952460309556993,0.593064859632237,0.5223134665970904,0.5287314734419082,0.5222941163053249,0.45307830597570276,0.4708086318889717,0.5092090126027292,0.4642337671740076,0.49070262037003987,0.5325815138358155,0.6028971158914689,0.5148312060992307,0.4768273843349759,0.45413057823024866,0.45981679292488187,0.4566290870376006,0.5200379887356142,0.44212304906162936,0.6228873269378566,0.4489048534593022,0.5282444274060338,0.5841314122770228,0.5148113344388104,0.5438023163537972,0.502445963619572,0.4475250706752964,0.4634307776158293,0.5197016978544098,0.46139052673773945,0.5305975559639592,0.5056561945243492,0.5830707464635583,0.5279852352306968,0.5179933355478563,0.5488681063038275,0.5108131025142933,0.49006514108197813,0.5410015071033607,0.5059036704547956,0.5136954775704405,0.5595131569908657,0.7121365307776336,0.47155759899410477,0.4778198375140313,0.5400545306878816,0.49208368213613196,0.5536047385179909,0.5975339490046253,0.5263755489546085,0.47282185601130383,0.541722091057406,0.4692938192088751,0.45705074465420453,0.5383377983456743,0.48890709483357764,0.4784056655924593,0.4710734994859273
0.5910606007770604,0.561081930925682,0.5815973124376286,0.5380008092926131,0.496520043100098,0.6087632372268604,0.5190843232172967,0.5196083272992251,0.47852957534403456,0.5244288869501341,0.0,0.5308031996948452,0.6446884757539277,0.5367001182004776,0.5219987789013185,0.6786768605993201,0.6363393012194773,0.5618885483171561,0.5651611833364536,0.5770493848538045,0.5959508319093745,0.6401968099809338,0.4896632509222175,0.5482941877040758,0.5891171249476815,0.5202307274775831,0.4840393869119716,0.5752170426902964,0.568148468770097,0.47790413960439243,0.5120053692942582,0.6294767031945039,0.5230268517590883,0.49818059053860897,0.5665330179380614,0.5108546513606489,0.5993140891694028,0.5684252546687114,0.5409794414080009,0.5690125108375892,0.5067633118935853,0.5503247249320345,0.5475131786013137,0.5917046280443274,0.5315422599013404,0.4962647338029791,0.45748154677099107,0.6131954101495591,0.5907128704026109,0.5257856580355995,0.5479591924564639,0.5407013351413178,0.4834906004227886,0.5839751284034425,0.5845560072530545,0.47515371133502016,0.5663108159699619,0.5881865021336219,0.5301909760495255,0.5103294029792665,0.583875154622873,0.459232037786709,0.5747714773984337,0.4919665872781418,0.48864440404649395,0.5067256320265946,0.523396644428771,0.5360288181560731,0.5424954782237461,0.5931785656581318,0.5468698331664923,0.5011233531121801,0.53062932405186,0.6129937820063038,0.6117386083526616,0.49777114535016637,0.5897081519200371,0.5386224124220457,0.4820827436357503,0.49350877870178744,0.5563264741665517,0.49727212131177967,0.5189248783960158,0.5786048204698057,0.5086147730494069,0.5438010642479103,0.5637135547632927,0.48992546846333423,0.5033855774469334,0.4508352600796338,0.5390482760321121,0.46426215125341347,0.5676328958326929,0.5299287454432681,0.5162319390786274,0.5311139967357594,0.47416412061357965,0.4904718494789996,0.4629015420553324,0.5033002950643454,0.5248929884953287,0.5192739304123696,0.45023087053725125,0.4703374569661133,0.5091943575358346,0.5137240667748632,0.510414375938428,0.5601543007507686,0.5034544676655552,0.5470015211558139,0.5958798706370745,0.49527144269521833,0.5516953353314143,0.523498631321535,0.5195178493336327,0.5428411007939153,0.5329729703640186,0.5859127341249616,0.611984181662034,0.491325133209861,0.5458823321236664,0.46504267417802675,0.5343627175222639,0.5584018592871981,0.5029349837926884,0.5719047087961703,0.4669915359064207,0.5060519542590268,0.5641412335617993,0.5225692649413948,0.477250340295968,0.60029168893118,0.530622644696662,0.5348306872721952,0.5755734559205208,0.5235611503307201,0.5172819855368603,0.5328989619778367,0.5554972302301481,0.5071095509990666,0.5205538062606662,0.6126591367070005,0.5045643569048959,0.5002817799772694,0.5964833059923976,0.4904710793257104,0.5126825203455996,0.5120526736566687,0.5529066510576988,0.49231991337541847,0.5402935647581568,0.5297518420331744,0.5613632622086993,0.4532074871853137,0.5469789434106997,0.5411778125747595,0.5798281163427946,0.5429915721828947,0.5258754065645982,0.550172735181694,0.5010369864485679,0.5359352807703766,0.4518697259793151,0.6200453515758978
0.5105538224642568,0.6315455168467498,0.5894965738456176,0.5229116346964077,0.497699867814775,0.5748084577199818,0.5953152046659077,0.5903145135636401,0.49113175095373757,0.6021952716463812,0.5308031996948452,0.0,0.5325042858603729,0.45254553515230966,0.6046241643252392,0.5796781464914998,0.5426067137072089,0.50349165692456,0.6184237514497009,0.5162923197590497,0.5912279786332455,0.5842891290509284,0.549902896748574,0.5844861095306714,0.6188959372287564,0.48553881968883383,0.48927616861828516,0.4952074321714874,0.5229738702511394,0.5285141875929558,0.6026133849906035,0.5929864472005552,0.5673007980308948,0.5552829203922655,0.4984424768249692,0.5260815014822915,0.5322714826762422,0.4994254762221389,0.5992928168175369,0.5460328888983182,0.5424966859567103,0.54561645611003,0.5450263373422556,0.5347281045673731,0.589158881701448,0.5427228447740247,0.538664175069794,0.48979821294927783,0.5736095735657974,0.5076012093146551,0.536638415311943,0.5169074670256241,0.4608824774406709,0.5747707668671995,0.5485918783189817,0.5144905243982308,0.5186764342747135,0.6231596816959162,0.4923988469119178,0.5262829382611243,0.49762999711320505,0.451563626482246,0.49373605470344645,0.45935548367411905,0.46568546710643743,0.4658610505218605,0.48003191503542625,0.510493464072332,0.4688153923976633,0.5395602984562391,0.5118084726272966,0.4568604961268224,0.43047629340104365,0.567682202772864,0.5222518668163343,0.47646845631364226,0.5363672667901976,0.5710882795298893,0.4917408025329814,0.4203276854299119,0.49448135247087166,0.5130146126401253,0.5903640016285371,0.4765587288146589,0.47259238568471873,0.5673153596474091,0.4834685521868979,0.47525612801580186,0.5360172663821079,0.5022277652727857,0.5066042574593504,0.539002251039695,0.546941079041158,0.47220344950807425,0.4594871716999592,0.6022196132925404,0.46142849595450713,0.5649147604131886,0.43339264683550893,0.5203721607218179,0.4657013954166248,0.5304683333705418,0.4640139356599096,0.5875058047335798,0.4726288157424217,0.5538221110701105,0.5223575455612705,0.5652267224209722,0.5530964163801111,0.5474658619174125,0.595724213978276,0.468318563780377,0.4533468773176841,0.47935508841122293,0.47858269270284326,0.5336685802585127,0.5220834258488143,0.5849959135391659,0.5096166195384204,0.4546870547491991,0.48706962392280395,0.46854905407234776,0.45551954154967245,0.5795394716208598,0.42016264718799917,0.6293463169740869,0.45754303867438223,0.627638263026482,0.5618880611217847,0.498394160403126,0.5113160338162258,0.5253582203140336,0.4294784174051956,0.4743939382879153,0.5173998379025537,0.45459164270134295,0.5667831177725688,0.5283512821345688,0.551111988726969,0.5674032753508307,0.4755066324577218,0.5192859143596039,0.5292259859775891,0.47774108792548015,0.5369339704915775,0.532992760817092,0.6005073019628085,0.5647168120383135,0.610493565765572,0.4520563228154935,0.49890166571233113,0.5045006635738936,0.5238897867561311,0.5844317142134655,0.6561158873074827,0.523078367588368,0.4753624457036409,0.6117525072467396,0.4489025853688864,0.4668773404300791,0.4847603105236685,0.469607086849758,0.4644529046736374,0.501532947422536
