0,1,2,3,4,5,6,7,8,9,10,11,12,13,14,15,16,17,18,19,20,21,22,23,24,25,26,27,28,29,30,31,32,33,34,35,36,37,38,39,40,41,42,43,44,45,46,47,48,49,50,51,52,53,54,55,56,57,58,59,60,61,62,63,64,65,66,67,68,69,70,71,72,73,74,75,76,77,78,79,80,81,82,83,84,85,86,87,88,89,90,91,92,93,94,95,96,97,98,99,100,101,102,103,104,105,106,107,108,109,110,111,112,113,114,115,116,117,118,119,120,121,122,123,124,125,126,127,128,129,130,131,132,133,134,135,136,137,138,139,140,141,142,143,144,145,146,147,148,149,150,151,152,153,154,155,156,157,158,159,160,161,162,163
0.0,0.3112760444918961,0.31006376891845183,0.27041618496541436,0.29331086906385073,0.3111885447863426,0.26945432324494106,0.30794387906727183,0.29483875881367544,0.3299470626706924,0.3194997464250402,0.2508667538382404,0.4810132002282722,0.25991609217625783,0.33810814441259723,0.34224661231875286,0.3399744335593132,0.4313940109210042,0.2633847721418353,0.4258761863059725,0.30187013272793084,0.3216154752870284,0.2808608546152707,0.3106758912220182,0.37889707159376723,0.25435069817708555,0.25902953569489695,0.3032034380097452,0.2608568266071789,0.23414210057336393,0.3221741000723631,0.3339769910569431,0.2836234881587239,0.2643579833321869,0.37993856547439353,0.2448429056964765,0.4160107288581124,0.2739140462534687,0.22956784386403628,0.38573984362866426,0.24978630285799494,0.30478406230184374,0.32908317129713643,0.31669757901967793,0.3466645188076178,0.3875635995650039,0.25433712023474453,0.3174716505649593,0.3368429410582929,0.30584535719205486,0.32437932452699697,0.3143825159746549,0.2379110379266584,0.2749881879825505,0.26916000880051766,0.281046482303466,0.36698215250132593,0.2963453020235093,0.28552291564316484,0.31725811161248185,0.30607874514707495,0.21539290259110122,0.3012265554656427,0.2146769429928234,0.2746264452765773,0.31157330236652825,0.31659424250059764,0.3173255265365288,0.25797810202965665,0.3435070054961622,0.4169415614194562,0.29205875532347625,0.2669257256516683,0.3309253041762979,0.29856639501398013,0.31189380384192583,0.2521661463086741,0.2859718552206555,0.2727668331401774,0.23038179395602779,0.27447033867821685,0.32677521808962523,0.2835403880498542,0.2669577179076224,0.2965512246172926,0.3214613173665514,0.3310243372178769,0.283372347428256,0.3454317837610989,0.23716562778029307,0.32055230083660696,0.3012197734248926,0.31273122268455006,0.2970517163960054,0.29945795148857823,0.2693937109715544,0.21319361003469486,0.29301496541666955,0.21278648284844034,0.33950312847477054,0.24988732348107623,0.2842574939558533,0.23045215774521638,0.25248760006629595,0.3249341796955112,0.3575639812589367,0.2868309812021304,0.31665965860129897,0.3494813321955328,0.32274476895934245,0.28049233665835976,0.2848099303232544,0.2978221592653916,0.2367724638893682,0.2892368226447825,0.32833655092714203,0.3401585082446103,0.28997448307280616,0.25052652060613917,0.23476127697382335,0.2839394212926019,0.226587858104251,0.30870931585185923,0.38591835528001894,0.2656682754428882,0.29589096061964404,0.20923833649285808,0.26305425712416597,0.26225018755585483,0.3207906731040734,0.23903924422418754,0.2749636899617395,0.24161087772075163,0.24679329489932028,0.2779417797236609,0.27061496647589817,0.2876258535311356,0.33455209803292824,0.32952925515706005,0.29792097681473406,0.25662033398651035,0.2676410281793002,0.3430402917990183,0.24129104709217475,0.2879629908864526,0.25698207148379815,0.26034875463592394,0.261210344500769,0.35985546664029194,0.1684589310420153,0.36289244397940906,0.25886661301110253,0.27858529795675213,0.23082843856453902,0.29655319366698096,0.37132277604769237,0.2883931672130439,0.30651232083767727,0.3050648510358984,0.26036653023798256,0.25068017155886285,0.33322929401180706,0.2141210346852847,0.3612922245693607
0.3112760444918961,0.0,0.31232184668573404,0.27322295837908184,0.23688751210221995,0.45288636233259966,0.23900894538476797,0.44663739054529733,0.31995073663236506,0.355681065240919,0.27523765486225904,0.33787012472896183,0.30955550231850426,0.25385203385101957,0.3250678073737772,0.3053080367701895,0.29609374430477425,0.26120077743264714,0.28556451747001327,0.33852312914603927,0.2995861304116044,0.3612328538362664,0.23441214863684548,0.315448742459032,0.33274115375774355,0.222786284821903,0.25120461581656645,0.2840116769788473,0.3279847942302891,0.24190450022577425,0.3981475036532663,0.2928771977468315,0.3692077806137625,0.24535265917849547,0.29673220583234566,0.24980478327792838,0.2865058294574805,0.28399040558529337,0.276255888642739,0.2900816209148743,0.30096562442364766,0.30750290933603647,0.2306850565492608,0.27377653069369967,0.35787533188679876,0.27547416161470956,0.25122052868399364,0.24587460633673203,0.24754151218458906,0.2665540206167444,0.27468695772669866,0.2942152923559206,0.26582764348705473,0.3153682085734934,0.2651767371921261,0.3285132217402588,0.3052442937200703,0.3107973047559785,0.2410485713705244,0.2905410074543724,0.3435343019065204,0.19837810925581392,0.2584832454971368,0.1933554180074441,0.23282880172297404,0.2501495604493678,0.26711207440532764,0.2625619844963254,0.21100403061889497,0.33984072606673604,0.3043091809346121,0.2568029206327373,0.2232138907471123,0.2903297772894315,0.3468456387768355,0.24943562831114877,0.2272460699597574,0.2851203267599319,0.25648054482175126,0.2288040786375001,0.2589108211276651,0.2968130462591043,0.3625063864999353,0.2598001759334502,0.25959803619486893,0.4069790235736054,0.28686018392334905,0.2206105333576798,0.28868311994560525,0.30537253157375915,0.24380669641630057,0.297260385801864,0.2825738765573117,0.27596566735490774,0.26449493870595464,0.3662090576152084,0.2652775612452123,0.3057330393382864,0.19570804052279359,0.29971273823109607,0.2533041546642235,0.23587300518230586,0.19030836603636878,0.2766358238242109,0.2700220685344284,0.29609619948131427,0.25732194587381113,0.3539797573757167,0.2798577290532657,0.33950484959647326,0.2511480743409895,0.2291259066704306,0.26440720925262506,0.24893770018191078,0.2797923534943495,0.45434628465714055,0.3039846881031311,0.21882487387266328,0.23803253587423506,0.23622957631205552,0.2679329771000356,0.25405971358929696,0.2709198582073529,0.36568798399849634,0.2642216800809683,0.3624425050572631,0.22158565899375054,0.3159920788681046,0.2966414990496153,0.25458182141353314,0.31007659667682014,0.30773678167521806,0.23839664302950228,0.3003371989953891,0.28283442650950386,0.2326719760537671,0.2817703667164535,0.2857948466967273,0.28201066229013605,0.26912211352350884,0.261233396965914,0.26769201223065436,0.34034031792081004,0.24359931122014644,0.28731362639647834,0.22453420415763656,0.3551146797446351,0.26894500108871344,0.36360534693974567,0.1828247595884057,0.29225184906445995,0.2649575813828823,0.24828781669328526,0.24614710553640387,0.30460874601337945,0.3388040790287092,0.28877003696357934,0.3724231085898978,0.2583725238523361,0.2273497083967194,0.2303598387069318,0.3276604281039844,0.21994970284020948,0.2908913608986135
0.31006376891845183,0.31232184668573404,0.0,0.27335854559713657,0.29575386354269534,0.30997240425960515,0.2523705553525374,0.33279060097265206,0.25897988661783466,0.38151324202620207,0.27667249283724177,0.25696764595490507,0.3250274145790349,0.23922984959400487,0.29048593165871084,0.3320964676643756,0.33951420696631474,0.3015566617380402,0.24382418522610685,0.27114784618627835,0.3539235887628153,0.42187443886864023,0.2516486550650701,0.2841904846328193,0.3136453956925311,0.2588932531789934,0.23858109519842652,0.27099176292998184,0.24165313966825888,0.22046756076881965,0.2602783592484815,0.286916211698129,0.2607892858436652,0.23725444445092786,0.25626345958204005,0.25010211524918796,0.29736792574320975,0.25349689155592886,0.22513538572477013,0.3329976300454893,0.250290370020743,0.3617583280081794,0.2668720152306207,0.25665417146487024,0.32631803862339925,0.2774369098981721,0.2517765679755977,0.25910217514189277,0.2760659700931417,0.265175187513695,0.28723887533851533,0.3113185190603249,0.2054549427329382,0.2899193826001794,0.24868166766350874,0.26446679179053106,0.2669096727153181,0.2990542734817236,0.25805166733906854,0.2557601044475129,0.27099966089367294,0.2027999215657154,0.29245575208976365,0.21238312840835177,0.2473118678440235,0.26177075976822095,0.2616312927199931,0.3003164937248592,0.26505366179992873,0.32818126228918443,0.34274126436924857,0.22500379470796472,0.24818527501623647,0.3763291015961391,0.29887935767425877,0.20647970065759208,0.2644904614514071,0.2748679476902407,0.2216929762374497,0.18843063181195477,0.2604344923346502,0.3304478242709287,0.26799308424441937,0.229030768812183,0.26479248015240525,0.3284182446832715,0.2583687145565982,0.21246517055520356,0.25399083571670983,0.21358825552292768,0.2860619697718989,0.26045628983948443,0.2501881539319732,0.2111416105981926,0.29303236340380767,0.2576251152384633,0.21729688308520814,0.3130670172720867,0.20037823722572362,0.2815518261316248,0.18999414320796268,0.28775333903420514,0.20999109208161534,0.2884593902741697,0.26040641408495907,0.32789050619111987,0.27167248430294616,0.29783968308937936,0.28145965181276666,0.3211300253057326,0.2676150097967604,0.24134587115621775,0.26115867615652055,0.22399063119164575,0.22000454753986257,0.324923784217581,0.24047506516697592,0.27420739476520073,0.2840118481625412,0.2417042663420389,0.2530175500821074,0.22807180796918505,0.25099857742917425,0.29809531697727915,0.2073388455933178,0.2662300657151047,0.2322364983756532,0.2605246160286349,0.28860498610484486,0.26894045752201,0.2562194912120641,0.3735965320776621,0.1895837825432587,0.22441159088936294,0.2652020644598905,0.21528587215668948,0.20241631859669768,0.2643039069143905,0.3054917134228237,0.2450980096763736,0.2129520246534261,0.25739591240864085,0.3137393283396102,0.27120410848219917,0.24949632205888925,0.22120043491060046,0.30296574719049074,0.24613220363408198,0.36120824155181774,0.18356471545694594,0.23942049086386244,0.20317691145180095,0.2528998076631214,0.2808077832681609,0.3033922959724451,0.29629501608972925,0.2716636917090316,0.3129611379359762,0.20759093444512117,0.2291095222755777,0.2720059052119875,0.22265894306868475,0.23389182903893263,0.2816790553596654
0.27041618496541436,0.27322295837908184,0.27335854559713657,0.0,0.27870936286188525,0.25824776193544674,0.28512929046234753,0.278567620576055,0.2245993369961787,0.27919844550813094,0.3232091309011302,0.2727068374960289,0.2584689347364972,0.2522642653262234,0.29523620760379327,0.28266467301084647,0.34411910124711237,0.285820827154571,0.2848225714189351,0.2654861618577972,0.378780537457373,0.2831079889648807,0.26569442807327986,0.26130479481235247,0.29554892308666636,0.2823774220910653,0.25681486840780715,0.2828898233022742,0.27230659908225047,0.19623760431209764,0.2634355043309863,0.2624015848765941,0.3521107984852626,0.2632699599724439,0.2886167346249454,0.29417755156897135,0.276165306299355,0.2780000284732655,0.302431110809133,0.3591326193339134,0.2944823130311654,0.28585550475475974,0.28290197757978786,0.33857806343368035,0.2764564128401823,0.29436308146534834,0.18891237757287252,0.295134031531967,0.29209337504609995,0.28700782407548264,0.3840016483843862,0.3305648156457116,0.26819730039311707,0.4161567212967477,0.3178727936260389,0.23244078870698523,0.3580206211236191,0.31157641423856813,0.2961078639648995,0.3086998518391277,0.34423576976465153,0.21686494381776594,0.311838377424142,0.22214100531673522,0.295973329987446,0.3013691680759603,0.3190736557513181,0.21509928761287334,0.24807578351297613,0.2834258946805759,0.2867354128176708,0.2650333441808982,0.27646119241078954,0.39611599619691296,0.2934621627357759,0.23130350849164827,0.3478921897595958,0.31900354880828186,0.25740854747638475,0.21287970538122594,0.2590807468670864,0.3602689257088395,0.22966395788020824,0.2287441460171902,0.37439501264884056,0.24958671169212104,0.3249131988127153,0.2719018271247113,0.26053858743688996,0.21199172182767206,0.32932220902861764,0.290021270517698,0.29771976324362354,0.2671313485028184,0.3604713823551797,0.24100294892689972,0.23714165381854524,0.28318171533126646,0.23496711303678838,0.2836004857753823,0.250919253311429,0.3604315568455828,0.30079886403904815,0.24940367459148924,0.2935707780020412,0.26224079423410984,0.3213993691349483,0.26422971326686434,0.2851263593493025,0.2808029017399623,0.363842153389208,0.30614536094967015,0.308088540278607,0.3074969216549842,0.27143695535190626,0.2621931265657933,0.2887704803006664,0.24639707286942453,0.3056923690887105,0.2758977477155501,0.308990444550372,0.30682227737936296,0.2875040642694689,0.302263419988335,0.2440349980066712,0.26218231751903653,0.26548506318785176,0.2658325656386133,0.32388402508358405,0.2931357796366598,0.20374186614856338,0.3219674902154587,0.25519897820330617,0.2929408308980289,0.30140634137671773,0.22922476206073425,0.179197398704691,0.30647718854291645,0.31423298378764647,0.28603221503359616,0.2843735136868615,0.28307166282855867,0.3786906106292002,0.3132934291463811,0.30314643948703474,0.22640593766520367,0.25841811343416815,0.2521848753569015,0.25866438483927556,0.18969113990174924,0.33919875141752187,0.27774183293369825,0.3270861379267058,0.21634930416450515,0.31335292558402406,0.28102299745043846,0.2376680582676436,0.2797195886432969,0.33608572622857913,0.26755255398631395,0.2714481940791789,0.27624632555670375,0.29400384518836015,0.3088785222571062
0.29331086906385073,0.23688751210221995,0.29575386354269534,0.27870936286188525,0.0,0.22214745535488528,0.30973832371907817,0.24777657069130632,0.2508274952795599,0.27963264280014805,0.2960953179208485,0.24245117634057306,0.25625332657486394,0.23257689259796718,0.30786017522257303,0.2915302023179612,0.2707853059105352,0.31704369190055803,0.22119918713939415,0.24761101764117655,0.303422586526445,0.30591465462033557,0.3165931730059943,0.25211698175040126,0.28152397530047557,0.27115833481558144,0.27947859870258274,0.22389735462258745,0.22688156567871362,0.2353016380950898,0.27734367606059235,0.24163851887374002,0.257101420583085,0.23561374776296748,0.3082914696446147,0.27256803687087466,0.29268650023321285,0.2530879942933279,0.25847168531919296,0.2970309994723082,0.24014584564411146,0.3322793102445042,0.2965778110428873,0.2991840425958659,0.260123115636335,0.2654504476757967,0.2350184507520405,0.29552741553073186,0.30858742058385963,0.2696482619577435,0.2844063643478427,0.23941397227495959,0.20880863169330333,0.2570149492692366,0.26243923644671424,0.2259918556497682,0.240614889168062,0.33870843688133867,0.24385996110162658,0.24911692266487925,0.2136451629189352,0.20392024218169327,0.23759522085254042,0.23620155483011718,0.2491176040787598,0.2144927039314771,0.26843839104647377,0.25323116782412575,0.2469181530208897,0.30714809003991594,0.29985256026551343,0.2436220536436153,0.22342667790044832,0.2835545724356704,0.2309912571378016,0.20437204693235447,0.2612081301407267,0.37545752548284606,0.21963146880662476,0.184558613912872,0.2204154497080188,0.32909440941831214,0.2463656614225073,0.19277221658743385,0.264487145005498,0.23837285012596254,0.286902386313399,0.24341139786390054,0.23187732534137478,0.20817558931495286,0.41262563638154437,0.30753526773588646,0.29285069474313585,0.1889997129050267,0.2805413054686666,0.23977810312718953,0.1803552925178353,0.25307700291596225,0.23918922993597608,0.234812577368334,0.21358899023390396,0.280972486961628,0.26569225829972654,0.2470200622352627,0.25489622072588486,0.2707418330971184,0.2345797801719293,0.2778780872304354,0.3007844385301654,0.2529309109345304,0.27431800448446186,0.3074691643241368,0.23127804370330884,0.27490891122026345,0.2204060752818704,0.24134693737061821,0.22678515764371165,0.28451037756120756,0.2188798384398859,0.25597157084692934,0.3187462614418428,0.2476375510196178,0.23193494393548178,0.29397464201331597,0.2322361642850752,0.2394733487687504,0.21204329973342362,0.2705429829467642,0.2316967969358805,0.2695965135023994,0.21367903789878806,0.2533857194233506,0.19593866990085787,0.24010126637322934,0.25398977899461084,0.22454454039495128,0.19181816366661075,0.3318588447121573,0.3260589666946013,0.304730868926933,0.21224863594975216,0.2664070410621341,0.30785971972333936,0.2823817041807142,0.2874841648556895,0.24933644043053307,0.26898890523587804,0.24536897558079895,0.26762801953326215,0.1816965888231791,0.25977475814597956,0.21736459673757969,0.2826040318108524,0.2521366420317787,0.30030475205238927,0.29309011642696503,0.21294162719769993,0.2776934118342104,0.23680347718397649,0.22118432830086357,0.22564422004275345,0.23506492557332642,0.25329487103332854,0.3322023973773752
0.3111885447863426,0.45288636233259966,0.30997240425960515,0.25824776193544674,0.22214745535488528,0.0,0.2223104900489529,0.3569002349318081,0.2619035501964679,0.2940112438186133,0.2748913190017664,0.28455635402941065,0.3563279318039452,0.22541778922793979,0.2983741945684586,0.30650803883997646,0.2941332269975242,0.23382908436805933,0.25826239723599137,0.32567598478282533,0.2892540474479496,0.3183391815047764,0.20282014787666525,0.27205660853919944,0.3044234096380614,0.21597778032091225,0.22064292334607186,0.26963746203515904,0.28665025027421387,0.2129066362450854,0.3156455364558181,0.298477649230244,0.3509448097495583,0.23245002120174996,0.27260842319860196,0.22635842479978374,0.2902188989291878,0.2527005838838981,0.24097620319658658,0.2563801799066123,0.27841735674497226,0.27869062936868344,0.22506665919834978,0.2834235197198325,0.29778884234552483,0.25814028552676993,0.22786147479543284,0.25081330740452895,0.21526205350755914,0.256068116448372,0.25225623098194494,0.31958860676044676,0.23848386240244643,0.2844838336748376,0.23560447491430814,0.3116086297024669,0.2810236832087883,0.31908062206494225,0.2118701210887685,0.2585031588731044,0.37189576586606626,0.2040290800276203,0.2728218889618697,0.17905430329379024,0.21982473622396165,0.23842509996924427,0.2601394887865057,0.26800633449981026,0.19711853296260123,0.29834775336689723,0.2936631946913701,0.22372688987023018,0.2311155372729712,0.27244754907934726,0.3471723502025412,0.23944141655929332,0.224331826432403,0.26008822226428,0.23715635955158715,0.26016594635641976,0.2948309919715392,0.26799997268170733,0.2858274110787324,0.27952964668705327,0.24801961109019488,0.32582814773899,0.305481592369974,0.20322083111576458,0.29043344512092306,0.26011886006060503,0.23713935344769554,0.2867216641012195,0.2595450017345049,0.2579257697468626,0.23835343519987812,0.3213353337145,0.251662861926242,0.30827090585256045,0.18441618542208252,0.2873801294190437,0.23277272672824825,0.2248977369931481,0.18664416072475906,0.25061292083458486,0.26149999921839207,0.31623298874981076,0.26504696184362214,0.30946216980994673,0.2563699989135123,0.3123264315290472,0.24268385078742943,0.21060146565628438,0.295975927168752,0.2393902654095149,0.25470133812790846,0.36817039810875524,0.2971511636123774,0.1999148386931108,0.2708636533806856,0.23511617042688218,0.25088348291918167,0.2510032381258355,0.28399429527804115,0.3315696637064869,0.2650095804870642,0.3188123311880189,0.22388014788813543,0.25923907658157463,0.28223391586314195,0.2321652911196499,0.27709008263432144,0.3366932787436808,0.2422749798394277,0.2694004263795718,0.27856686516747486,0.23333396059653008,0.25643931475316695,0.24587039351438697,0.24145197135551122,0.2353328364460678,0.25828289148223926,0.2566518233705567,0.2854646113274634,0.2267119139616198,0.27057149241851997,0.20745058429034502,0.29601352435516237,0.27219949621308415,0.3142941427892334,0.18214212193117274,0.26476041296575087,0.2416508138818246,0.21889467618063602,0.21550453259593264,0.30361923700941085,0.31658702673475214,0.28553048247430673,0.34431176644309697,0.25196737301949934,0.22588692348225667,0.22827186482490733,0.30422503634278397,0.2112419271709466,0.2746206366691294
0.26945432324494106,0.23900894538476797,0.2523705553525374,0.28512929046234753,0.30973832371907817,0.2223104900489529,0.0,0.23689574586134157,0.2264044594470854,0.28223737675346755,0.2593655934236512,0.27959095528020583,0.2649773718411558,0.2296199366373085,0.32382209633452136,0.24377381966784054,0.231809444296863,0.2639454762910929,0.24350542436179753,0.2151964142422584,0.25511339656730037,0.27517398623821104,0.35732421355264127,0.27340885784313773,0.3068610835112051,0.2568385180785865,0.2690033618659663,0.2255838448377175,0.2216432303690475,0.23215467414550206,0.27964389471941153,0.28196725989923954,0.263461506756078,0.2825969300769085,0.2411508135321235,0.23080329576491845,0.31158696320552987,0.2100511705563578,0.24539051515054525,0.3160870939677264,0.21862235621850193,0.2765235256584452,0.27005072575589845,0.26343449926835644,0.2916953875413935,0.25787388043443704,0.25259885864744747,0.24719590955150722,0.39406693317899466,0.225877118697112,0.30533019065932065,0.2177743359977906,0.18567686704369482,0.25860039894794506,0.289323287488088,0.22865775570959465,0.23175873981365663,0.2669154924954335,0.279526691985027,0.23012203897180913,0.2074741686926897,0.1968215451490257,0.20371258494054661,0.21906472341809657,0.22227588318469052,0.20386234450287788,0.2963677675134972,0.29857016216743293,0.24357348920153554,0.25630409352414024,0.2728509847115573,0.21244471704278592,0.22188942104337,0.30349830846107856,0.19179942056888902,0.22387040129066277,0.35008889306557045,0.3155984935240825,0.2020769084624901,0.18128516311820372,0.2015843858313763,0.28943801966792526,0.24453935570599283,0.17099906044406438,0.23097222103996382,0.22856506704849397,0.24959465574172082,0.27360506673149076,0.2493022391353484,0.20914203193953534,0.30476377683947736,0.3433738197561243,0.2562593957718441,0.2042815767130057,0.2527943343359251,0.2654418299507302,0.17277576078920198,0.27144228670340353,0.21239728143177916,0.27620972292333007,0.2137802754942429,0.2992286990973728,0.2891426594012839,0.25005314823814584,0.21626555229522024,0.2558939636873498,0.21408685058308097,0.2501974201259562,0.27944752831819714,0.2653669801409747,0.33064585470428204,0.2418588097108982,0.23970617886907689,0.2180073790971179,0.20196843665059355,0.22795595612578845,0.22259933127945195,0.30024722381716734,0.2297103472909903,0.2120734268703276,0.2369403442498346,0.2174717113850092,0.2066684195092052,0.3064791402371379,0.19780145626036238,0.25421393732831704,0.21243822285701155,0.2859979450899586,0.21326514760495915,0.24145666465109408,0.19391629365676652,0.2072005471131002,0.19433444081021317,0.20271481796819626,0.21846611535148,0.19854446815656207,0.19865598855950123,0.27632624469839184,0.28043517022756437,0.272610754563994,0.21603159581720388,0.23000855033463521,0.2960383025966651,0.2303615627732257,0.24806581985499915,0.30712263874152057,0.24838325333055952,0.23777388993036835,0.25176213879690057,0.1517319157184825,0.2541488892330536,0.21669760699514307,0.24177227158383408,0.2892029830628022,0.29635571239671227,0.29093105156708543,0.24818902362463124,0.2863313435249777,0.2511626536924124,0.26481585841155864,0.2105126990694661,0.2149947006175383,0.2284717678789927,0.26141303680428946
0.30794387906727183,0.44663739054529733,0.33279060097265206,0.278567620576055,0.24777657069130632,0.3569002349318081,0.23689574586134157,0.0,0.3680990219729177,0.3600501932126272,0.26579254017074583,0.35104426806172434,0.32166995211019556,0.234775550063412,0.3155459025909093,0.3327914451292604,0.3307919314872323,0.27727783771882175,0.28752655140771666,0.31947123058246324,0.3272477324631633,0.30332874305644875,0.25462813893930963,0.28804738064849994,0.33798441276708296,0.23928122142051997,0.2903037347094317,0.2993304604364036,0.2642830563289934,0.2782091874435959,0.4138244331286856,0.28769095326697564,0.33906758580845003,0.2534165943997101,0.2814131534779552,0.26200491141676835,0.29308212243961296,0.3300257683441262,0.2702178966905392,0.3195852234206103,0.3078245113601087,0.3212453084388137,0.25269450728542975,0.27183922738369576,0.36732709752862,0.3105639716214318,0.257973160630995,0.24037252678464285,0.26232888817766975,0.26773300357876834,0.27211168913850436,0.2897814403462987,0.24150218180723135,0.276101051595227,0.24835837166797084,0.3163816069516195,0.3040983897989758,0.3994354011936751,0.251060465444059,0.2743998331036688,0.32393917722166043,0.20300968968341349,0.27333702954601674,0.20776576857852774,0.22967855650516153,0.24326813054158347,0.27112492923335824,0.2531961509622358,0.23908596664156342,0.39847289549033504,0.2930656164840286,0.2552422259238257,0.23500187494453229,0.31224439259724857,0.38385783719254196,0.237220365133543,0.2473018925597669,0.2869383422636857,0.31086027724358845,0.21963672725361566,0.27751827581703475,0.3017435637685128,0.3525904905191014,0.28262356749946543,0.316885568853414,0.4799767372338902,0.3220055986727789,0.23332514249756792,0.3303964613629508,0.29558697782952503,0.26801096078030945,0.2979722749896454,0.2697576856645045,0.24410223251284405,0.28921810975396867,0.33266026275593824,0.24653179756076962,0.34310896109867434,0.20009096357155237,0.3105756409162063,0.23017052181156808,0.27750450291111173,0.21670058260481334,0.3206525815066906,0.2940794342574577,0.35418377798787554,0.28208395990097557,0.39928505828450694,0.2997456353112685,0.3100131085084948,0.23749893097702773,0.25813266386042166,0.27602018023272656,0.2988408552255542,0.2762687927480682,0.4399994215511908,0.3270498208829229,0.23301922239751943,0.23697833456658754,0.2528592113887677,0.282847307733251,0.30541873019462273,0.26333558552944564,0.34152881710922434,0.25139011513213966,0.31917276786161153,0.22408575329370628,0.3174919178010623,0.30368576748767945,0.27296062075058597,0.371209708695262,0.33759781311253734,0.2446470894409668,0.2638646012921094,0.27358583211932813,0.22129166362368652,0.2763887371187465,0.2921227582547742,0.308543110983427,0.3114058261102134,0.24990043476921225,0.2503139789601197,0.33539605072909506,0.2559051608962733,0.2957313411556641,0.25361017965887644,0.38795705164372424,0.3005842080309241,0.3950366239224237,0.20356730238475967,0.3072323820076782,0.2757262441449265,0.2576027328186309,0.27090858932921513,0.3998546274446011,0.3372352979890314,0.2799820886274302,0.4011178615104468,0.24009749144656953,0.22989221068157406,0.24822182877326604,0.31153745770774927,0.26583329269214,0.2960281048114768
0.29483875881367544,0.31995073663236506,0.25897988661783466,0.2245993369961787,0.2508274952795599,0.2619035501964679,0.2264044594470854,0.3680990219729177,0.0,0.26767708400201323,0.23495813132386117,0.280256307520774,0.24886780759426072,0.24037647154791836,0.26760718009530227,0.27189031008436754,0.24810772797540478,0.2643537553774,0.22332577139249565,0.2751127798759155,0.24939816241333207,0.32037370323127806,0.21897863679048984,0.2481467789125517,0.2722656374645281,0.2159495906505102,0.2542439223890377,0.23716718563612338,0.2349446967156746,0.32043152316119133,0.35985315387067734,0.23118904126086906,0.2643516959870886,0.20301755470361532,0.27212287336914764,0.21651163914767854,0.25567545715335527,0.31202996487282253,0.24389259839318217,0.25282126400788496,0.24183221594925258,0.3256240458236783,0.22116054594013046,0.252010885399539,0.2798233316128518,0.2413131511225382,0.22990845900442702,0.2180867509597262,0.23499366642760902,0.2283076287412763,0.22243860055034687,0.23434150604316636,0.2204241330187094,0.2339833571934903,0.21583855294169815,0.35154692417776373,0.25319818809710054,0.29865892750051387,0.2114321252686067,0.2146592934201364,0.23676892652987896,0.1934929243734047,0.22578061262829419,0.20173084169290437,0.21897670228456073,0.20628405747137818,0.2506223296017078,0.2511079528221975,0.21302487940131598,0.32445115517139606,0.2955627641254437,0.23640624013574937,0.22351359091648532,0.23432073094597944,0.28674260702413684,0.21614459038688427,0.20573901571496322,0.23778453950539816,0.25842982944257026,0.20493249466221455,0.24259610536859902,0.3092335487814741,0.38846209078128113,0.2303384538559864,0.25596951993791606,0.3659701878933012,0.27391100190888107,0.22197558256394745,0.2464395956414828,0.3640369814230635,0.2646251924069657,0.28948931980129244,0.2343480739351934,0.2119864445847099,0.28458108342087457,0.326994293070177,0.22727940074241662,0.27544870382957837,0.21736634510608072,0.2280516025984649,0.23563793518368925,0.22035418014539976,0.20261564839427335,0.25599374110308803,0.2538682533198522,0.2643307227782665,0.20300876222965103,0.3130268305246179,0.23700749666106125,0.24502246675666176,0.20029765208069675,0.25249793982177005,0.23362327231671653,0.2859481028627183,0.22825522951913416,0.3261927250166317,0.25355998019005194,0.2182542184348474,0.19177893102229523,0.24929600561667095,0.2770669151521772,0.2638248756015947,0.2340103869359935,0.29355161744034064,0.30004272783036634,0.25626622688349954,0.2045302313679461,0.2701150472052375,0.22695517145705404,0.25358013099434146,0.41878816186081336,0.28192867454533643,0.23374633266962808,0.29098546850789514,0.2392670828571114,0.22975682998714048,0.2762997092690903,0.2576175760081533,0.27086556788055555,0.2877478840703429,0.22999508441643762,0.23843014147955144,0.28595665587653535,0.24684548237649745,0.26217586131004106,0.23238889603877969,0.4227005673664489,0.24743298968642832,0.3066981178333082,0.18781711473886004,0.2846113246784199,0.24204152726909448,0.2359502141975044,0.26512475202290886,0.29385725254695366,0.32391758674155574,0.2382820391889774,0.31957833501194494,0.2497686760767746,0.20974966330731554,0.20754834479308637,0.2905858385366865,0.2649375230295808,0.29683041531518867
0.3299470626706924,0.355681065240919,0.38151324202620207,0.27919844550813094,0.27963264280014805,0.2940112438186133,0.28223737675346755,0.3600501932126272,0.26767708400201323,0.0,0.2565805243836676,0.2621711438277707,0.3392405373193035,0.24893745206881548,0.3137436513314623,0.31321540085504607,0.2997067534076423,0.33200525684666793,0.24358455013992975,0.2661476514373501,0.28338323835191026,0.30743296334500714,0.31425635383688466,0.2691334199790725,0.41614101693724903,0.24609055314325598,0.28609118295553293,0.2671815316084783,0.2972355485522476,0.2443193565301231,0.3388506246096179,0.3062883461375118,0.25745014872940203,0.2442560774545362,0.27790178168836854,0.2304595600791368,0.354176310971018,0.24872731052205774,0.21331091108393124,0.3212760655265958,0.2188383098695555,0.333683611186455,0.28666093644744445,0.2551686343996711,0.33416956610727033,0.28934859859661133,0.2573094487578286,0.26566363374959834,0.32174493502349827,0.23087983802854198,0.28206326401938936,0.2519026852582217,0.2038312104952456,0.2769153038615339,0.2712199109323581,0.2985010349968428,0.2567869560599263,0.27309996295621713,0.27305066590935223,0.2533902692888684,0.2817873088559094,0.20219111051699729,0.24063591363034434,0.19690327441039465,0.23053433240217514,0.24629362815416336,0.26682367613647023,0.3113600624435131,0.2648261265606041,0.3711029717451672,0.29732883479532285,0.26819847250043116,0.21031949269631153,0.32673342662972377,0.26322377964674015,0.2517759871199062,0.2525801055807226,0.32270537441942937,0.22808428249200854,0.21610586783007293,0.25059230168911806,0.28762305025082785,0.33586977264443263,0.23526358044758017,0.2572627163387552,0.2998557503724329,0.2957712743947171,0.25878579313831473,0.3226843578301611,0.22380745924409223,0.2719647480270188,0.2761927081414394,0.26886389971410474,0.20994702126047227,0.27030757869706673,0.3166420646857836,0.1910270531403999,0.3031027139911982,0.20391293299628752,0.3006728100812836,0.2259903823095378,0.2928484911552524,0.2269707143722056,0.31162907407927726,0.2512125374646698,0.3066346500200015,0.258883358400463,0.36803226048208953,0.2932232887403416,0.3167144279544056,0.25032694132460664,0.23281105125090862,0.26282432585366783,0.256435576219914,0.23584198403260956,0.32452299407872737,0.2810431984999676,0.3026094220170463,0.23941108838095979,0.2480227783561305,0.2345332419757293,0.24686575452086496,0.23063197113291528,0.33320172946185883,0.2167811275743635,0.32205861510582284,0.2078124537936375,0.2879608802932332,0.2788536944840362,0.2873775192060398,0.29263460106007133,0.2680327391491783,0.22369473133395384,0.2045712247682234,0.23496911374063062,0.21189707765713028,0.24705875121354703,0.29904914802741783,0.328787026385499,0.27893555711261053,0.2514530443591621,0.26860881947027426,0.3127692829590375,0.225068307254797,0.26627341395827175,0.25615164159703874,0.25347193792863837,0.29684609216212715,0.4198535818495674,0.16923436336239353,0.25222404854452113,0.25704972644624974,0.22882896652882115,0.27530000425560064,0.3045568186339674,0.320595046670615,0.246650542040138,0.3781013040003578,0.2516301887858688,0.2629495454105676,0.29734285328538473,0.2821690929233341,0.24243979326098145,0.25666714358487697
0.3194997464250402,0.27523765486225904,0.27667249283724177,0.3232091309011302,0.2960953179208485,0.2748913190017664,0.2593655934236512,0.26579254017074583,0.23495813132386117,0.2565805243836676,0.0,0.30073036292850275,0.29187425080044727,0.23669615230510754,0.26834495172615414,0.346265805553598,0.33812341754518743,0.28382280527155024,0.28465535668581216,0.3010824765740721,0.3381727922934214,0.309465482010085,0.2644600126024897,0.31259201290639016,0.3311961660815703,0.27807621285506834,0.267838627406754,0.32165221095442514,0.31255213585941793,0.23037903049900632,0.2629167822073749,0.28334385358454545,0.2690697320728963,0.25418665076799635,0.30248110200690864,0.2632773830026028,0.32703851778955034,0.28149709348359575,0.3189826404055953,0.3222828568030733,0.25872868197219046,0.29609166824674255,0.26731994693796884,0.3494401855679091,0.261434187560271,0.25276244627632516,0.18038533088255365,0.3712942517405318,0.31420079912638726,0.24288898774921439,0.3073355463170556,0.2636409916277267,0.221151268184425,0.31715249226072617,0.31850059816792886,0.22430552646901575,0.3351248882539067,0.342234645758021,0.26049725255964384,0.2628501763199673,0.33392299328925484,0.17836530691239177,0.27611703905539553,0.21562066653321713,0.21998487564038416,0.24756387278788022,0.30597712583197284,0.22796277097558804,0.24187835267248772,0.3087021530359816,0.2837029260717554,0.23355930631767882,0.27298041383940946,0.32053322113361254,0.29683973093656263,0.25111146431756787,0.3284159889917703,0.29474755376067824,0.23631794756799898,0.2343263693951289,0.2709248078245703,0.26197876562340594,0.24222401711044506,0.24557723220687505,0.2806639704061075,0.2538495075879937,0.3562363459344858,0.22772694001236782,0.24074537983074365,0.22653745802980288,0.330134467200159,0.22860470798943996,0.3146674026283027,0.2816802722554712,0.28169649001848834,0.2609804371324652,0.20772812042193853,0.235648634621624,0.20506372618149002,0.23800172456754426,0.27211138931685497,0.3146323426680819,0.23277081840882582,0.225880806442085,0.2540505631940665,0.231569070783504,0.2423652178849338,0.29655384224509623,0.2504433583433504,0.3200945301500318,0.38121451893909825,0.27050119458362953,0.2773288006075553,0.28847038415534326,0.2527152993301776,0.27142280722794576,0.28507458247832645,0.28102964376073347,0.277723949079137,0.2476081980102452,0.30649439819856866,0.2373162290455051,0.292514726123519,0.33514008369088555,0.26119791320098884,0.30057431321077827,0.1950753134655634,0.2555647158147825,0.2830351417634712,0.2479886035702953,0.20718113518405853,0.31131199614934607,0.27768908875077414,0.28763977710158617,0.3622778847910671,0.24447418943558547,0.21977853973409317,0.2717794980864951,0.31137457820913017,0.2865814679133012,0.2615972467480833,0.27700845998354146,0.2629240875424502,0.2646859522684589,0.3844231770964173,0.20804517102001333,0.24312683351560993,0.23760159068460043,0.27790286761228694,0.20215310156275815,0.40584260832243974,0.24716958191664137,0.3688962297407549,0.20411817239953134,0.2913946830136479,0.31783123741068403,0.28799911043175885,0.2903308362821161,0.30587729014096593,0.24818986335570406,0.2312098210652311,0.3097183924203594,0.23871232103321444,0.43583096392029924
0.2508667538382404,0.33787012472896183,0.25696764595490507,0.2727068374960289,0.24245117634057306,0.28455635402941065,0.27959095528020583,0.35104426806172434,0.280256307520774,0.2621711438277707,0.30073036292850275,0.0,0.23646401087480565,0.17568006454999063,0.27349172501139096,0.27452658283228426,0.265003900476209,0.21937639479034393,0.31075885896491817,0.2569100050233785,0.2856279943018511,0.26490633999044505,0.2684943471295438,0.31168743333148274,0.3104097894308053,0.22472358496302727,0.275413435426182,0.2475316629390903,0.24755166366848505,0.28825461845486017,0.32093442363327035,0.23955311278539898,0.2796302730563641,0.2678030822738086,0.22764047111535884,0.22567843155919126,0.2718088163208266,0.2461521345090803,0.3413952692245188,0.2724722481625387,0.2747375238572411,0.28886152343801696,0.22315061819215867,0.2588543284372142,0.27598813325185206,0.25571694914491233,0.2260916060705772,0.23999739318609406,0.25602407246563663,0.2197524642138512,0.25983374142809756,0.2510793988348682,0.20070320906766134,0.27376888877999045,0.2695215389985049,0.2433088932997921,0.28135885616649386,0.37568601465819257,0.19792100515487457,0.2405033267967582,0.23877702128379527,0.1635031811101873,0.22644115186972213,0.18574666738694018,0.193139813426493,0.20348034211666793,0.2283353919011723,0.20247441826726867,0.18383371579579322,0.2625037604919513,0.22820635176203755,0.19454810570191886,0.1955012056709158,0.25349953534470804,0.2589828980942107,0.20681084213457057,0.24656583693743334,0.2956834852593036,0.23552627885492203,0.19450660179104712,0.21269898612940022,0.2563496787886922,0.28972227981545046,0.19792923522720868,0.24815047224161624,0.3051400008505293,0.2501543933342493,0.19780185913453446,0.25859621313002745,0.2729593154338578,0.2493469698014943,0.26261956064739556,0.24940178680419786,0.23242420749973153,0.21942117002848294,0.3183859497227557,0.19619454097131794,0.27906915086206746,0.17907380941088533,0.23172569452693564,0.20579780104705458,0.24895503530642973,0.21091502509735047,0.2821734225851685,0.2138808011873248,0.2536637042466087,0.23474553555337466,0.2912749750659925,0.2415803807027125,0.323202007323214,0.31662694027799043,0.2400219895988604,0.20176686500129337,0.25650196663467967,0.2161212027098792,0.31949167568788195,0.25429917989111406,0.2404872955239406,0.22274960301903657,0.2050836810196461,0.2391958752577543,0.2317061425977899,0.22120961772737305,0.3011775815970699,0.19747150508710776,0.32120658047886996,0.18120232020811627,0.32045220368844035,0.2483988389622123,0.2079906485549602,0.24770065276108297,0.24702418492373784,0.2124397866247191,0.25565481602942175,0.25166374739219893,0.18152238024245348,0.26632416796239095,0.24302659510006241,0.25474063295925686,0.2821832131610434,0.2008439449294497,0.20909637229217046,0.276247655308901,0.2274931855895829,0.2688735548917452,0.24378569856574014,0.373927034055173,0.24059327833036837,0.28698477892198776,0.18886377331992094,0.2917009313054055,0.2338446520044081,0.2705945269522105,0.23688010895971187,0.3555140892260383,0.2590964144294333,0.25858466398045593,0.33251356012274874,0.21955839186928353,0.20116187616985587,0.18069752271986428,0.23995583645680835,0.21965278353263348,0.29434464035333247
