0,1,2,3,4,5,6,7,8,9,10,11,12,13,14,15,16,17,18,19,20,21,22,23,24,25,26,27,28,29,30,31,32,33,34,35,36,37,38,39,40,41,42,43,44,45,46,47,48,49,50,51,52,53,54,55,56,57,58,59,60,61,62,63,64,65,66,67,68,69,70,71,72,73,74,75,76,77,78,79,80,81,82,83,84,85,86,87,88,89,90,91,92,93,94,95,96,97,98,99,100,101,102,103,104,105,106,107,108,109,110,111,112,113,114,115,116,117,118,119,120,121,122,123,124,125,126,127,128,129,130,131,132,133,134,135,136,137,138,139,140,141,142,143,144,145,146,147,148,149,150,151,152,153,154,155,156,157,158,159,160,161,162,163
0.0,0.8416820724289282,0.725693669995071,0.7312816768533033,0.7509743658459745,0.7894033660684313,0.8030132650379085,0.7786342203379716,0.9216871060567782,0.6966403217400549,0.7684774807629553,0.7088141222637703,0.8507588799563606,0.8870959865750041,0.9242099678130858,0.7579764945690086,0.8194476289314905,0.9565253967364533,0.8525664874199346,0.9229155947861595,0.8430933746566459,0.8391449965369379,0.7529414047556844,0.8470215264349111,0.8127123465370594,0.7381962455711214,0.6738614521512489,0.8077115784189595,0.7238929547028465,0.8238270766141117,0.8903699920068385,0.8341826338128232,0.8502151596682976,0.7501522638685122,0.9046669897659467,0.8079181806127316,0.8735463337128065,0.9151952522140661,0.7567854824452301,0.8429057974661532,0.8730868620055978,0.7509253526946286,0.9243972590702889,0.8611031001751386,0.8583171142897493,0.8864453869806292,0.8674218891687956,0.8139446486495521,0.8758094948838577,0.9255291973280227,0.9314642369867916,0.8835877994404823,0.865401007728745,0.8352620767305631,0.791072159930548,0.8509753272633895,0.9618967128512164,0.7344734962446511,0.8764982180843347,0.9013621571059195,0.796291799116384,0.8439883603416886,0.9100823305088299,0.7344349615128525,0.9321895336373299,0.8777573656654861,0.7769790409297783,0.922541450529424,0.8605088247316781,0.8410152938649191,0.9634474860121837,0.9208803502203086,0.8050515648604374,0.8541633370355621,0.8250638322863035,0.9035083701971613,0.7061309537311283,0.7108333939332309,0.9139724494801762,0.7588993962651149,0.8239316298543665,0.9299299971803331,0.8812352903757652,0.8386582946495836,0.9285433994819415,0.9295124983615868,0.76536264178211,0.9206634261671354,0.8351002045172774,0.7945905508895106,0.8474609964090628,0.8405204253466839,0.8881854168082798,0.9297806171139223,0.9467319274638689,0.795211093640808,0.8615180701525527,0.7545992526480818,0.7824946347695944,0.843349383144552,0.8665125726411229,0.720394393241175,0.7536059436960327,0.7505152348202243,0.9494280713482893,0.8383076914153422,0.7821656322020534,0.7309228664491785,0.8868070276910991,0.7882081649897568,0.7655771762688033,0.8151560890780022,0.8457028423479989,0.650902399031657,0.9279492166719912,0.835332403205463,0.8588074555777591,0.7778713880213802,0.7234005407924026,0.7347811311515196,0.8235361288201918,0.7570037512628962,0.8808329319239773,0.9177000963386224,0.8725462339771701,0.8071579208103073,0.762313578106399,0.7574407389786273,0.7437618530074405,0.9162229493994437,0.810904645939838,0.7666800417934448,0.7783158374961705,0.8039299337653204,0.8021222219160956,0.9199535062538428,0.9102848236194706,0.897275410540575,0.7826948836254325,0.8806203029777382,0.8764747575429886,0.7912180121852677,0.9369539281906321,0.7769615039820459,0.7917444280682641,0.8011278810550867,0.8595543742703919,0.7787359419853903,0.7781619244910615,0.5570658080523903,0.8968907759005555,0.872159916703012,0.8145542347143562,0.733765883581233,0.7655045868175347,0.9045278737467467,0.8520228165671426,0.7584543549956673,0.8532052147040108,0.8479623327129648,0.7938178577746728,0.9401924660990431,0.9081994631579408,0.8446763858943634
0.8416820724289282,0.0,0.8882203662137538,0.7796374817144441,0.7358383253817764,0.8766258377194921,0.8261604648890039,0.8427018804625234,0.7761304566866625,0.9089676612068426,0.8560742291751985,0.850080527103941,0.8632479851814105,0.8604522550424306,0.885768936585592,0.8471410466585617,0.8907865626152959,0.8434986548105831,0.9273499180128136,0.8571517727661899,0.8999763433576667,0.9234816159663393,0.8153435204539571,0.8745305182686225,0.9392851548668725,0.7004125147991384,0.7527624395368843,0.8698373941928564,0.9459066644492329,0.8130812058485968,0.8736725108919763,0.8862820822327881,0.8927902754677478,0.8063567360322567,0.8411466232966068,0.8944115518571036,0.8524755848710445,0.8980295565321448,0.8164524454397808,0.8588400708078653,0.9291441300808727,0.7978979774135546,0.8530536328527983,0.8652958111916382,0.8982406817710333,0.8084278827515501,0.8249219594633344,0.865746537605893,0.8889838222626849,0.8382352234219117,0.8609900614638958,0.8261498157397734,0.7949481410080536,0.9440525584990244,0.9139125381403729,0.8603498531322991,0.8389260187038879,0.8182702171804848,0.8767549404424203,0.8567802411829495,0.8571510670854877,0.746216513491079,0.8353827599116801,0.7814506905411721,0.774518432057383,0.7612069289155757,0.7466456387572376,0.8307161823372206,0.8732151450029371,0.8481609911929057,0.8110527558983576,0.8198862273631029,0.7171967905054129,0.8699008193540296,0.8832769951923696,0.7992192223276356,0.7281577105486362,0.7840256520388085,0.8179336486057318,0.7124452722798569,0.8388329944122498,0.784948571923352,0.9015457924565236,0.8674278208719817,0.8074181239914937,0.926843677268953,0.7390763294026703,0.7922930115606036,0.811337642496947,0.768344039115231,0.778467796367324,0.822131093887699,0.9300527299437504,0.8004348426327808,0.8284447417563571,0.9146401060069468,0.8211026723386924,0.8511120902691047,0.6912606035186052,0.8119016383197043,0.8560165889645648,0.7463667494888485,0.7157193683812201,0.8969591493934058,0.8309983284656693,0.7961066834871946,0.8187335909079017,0.9034958648177744,0.8771632534191935,0.8980446236109723,0.8219301282957231,0.7148427466225022,0.7943419905310756,0.7412832512027215,0.8215079457972665,0.8084862311346874,0.843213689136577,0.8628049721225406,0.8562153508490311,0.7227460687426228,0.7302765791777771,0.7268153964850766,0.8124962890204533,0.8840188005490341,0.7458399662995989,0.9617402049996957,0.6970283690123938,0.8057358769489438,0.945283017335858,0.8553181551593771,0.9043258196835929,0.7937478591171366,0.695782809822314,0.7270140990998323,0.8484597467940838,0.8106720331290481,0.8956280291456251,0.8411460398143751,0.8923847889853082,0.863220396889175,0.8986871022491933,0.8724378825320555,0.8752948207357638,0.8340451894347851,0.8523754991424778,0.7312776062511479,0.8292405669072882,0.8400920778733281,0.9545879877318513,0.7166777304786397,0.7808746480549412,0.9038738533686181,0.8440666224251256,0.8517837234822648,0.8921488675946737,0.8416284964683511,0.8418556275239982,0.8279204840181066,0.8283612976670349,0.7624429957842763,0.8318997155720336,0.8397941443920566,0.9523005707563947,0.7478447661767116
0.725693669995071,0.8882203662137538,0.0,0.7213468157479632,0.7449641483113211,0.8860431389166973,0.7604246392748276,0.8414399287731724,0.6567447572812334,0.9169620757277698,0.8706109261139044,0.8535767690250777,0.8703417459151881,0.740106600376179,0.7689688211123235,0.9586024355762847,0.922279455572724,0.7336541943527686,0.825688963217444,0.7444420506809758,0.9204258240913028,0.8997366757759404,0.7465543431766146,0.8214139256163607,0.8789242282364895,0.741085999204665,0.7264375395360035,0.7986589788560644,0.9135620955834407,0.828443976314793,0.7502091413317737,0.9007913182364422,0.7838653376754416,0.7656370110166796,0.6865658839966036,0.8243283800097375,0.8388617594426695,0.8117633260758875,0.7887964167290281,0.8044110457468553,0.811665789366928,0.8252805061145301,0.8182138559254252,0.7904267364334491,0.8470991318304196,0.754678173061865,0.8009130313151942,0.8687522093323197,0.8038682844161966,0.7650422266446508,0.8171911075991294,0.7738787801448762,0.686749917775955,0.8906337453397466,0.8865995888595436,0.8029642684268474,0.7547317527393167,0.8738668389311116,0.7697067056192503,0.7732602780468952,0.8520500825426026,0.7259917310467593,0.8001819500554868,0.7114534688448833,0.6681838615298686,0.7064416653054205,0.7207509806974423,0.826108498173579,0.845142127396993,0.820883152508956,0.7563851095421608,0.679349678847296,0.6659758354435911,0.8932427733640457,0.8548504101468704,0.6836281238412854,0.8407618851654387,0.8466994905072853,0.7342996471332979,0.7214195522708738,0.8091823980245975,0.6852331770951355,0.879376071670594,0.8136998480118296,0.7448826840171717,0.8231730655374376,0.743146122051975,0.7054150858812964,0.7400146720763021,0.7188050259974119,0.7526057986604358,0.6946322933146348,0.8597564311226649,0.6947119379054704,0.7188720361668912,0.8544566792489288,0.7516904522989,0.7699757861397805,0.5948057836451036,0.7405551472266478,0.7282261722521697,0.8319467476405011,0.6521356508682589,0.8055079683275163,0.7213658067710872,0.8274151190945723,0.8613113690731861,0.8848936499843287,0.8100159263452621,0.904177339705873,0.8024938723361554,0.6548008267936599,0.7564867065007058,0.7739366182229697,0.7192978618951943,0.777903913628547,0.7267165604713208,0.8451342299211374,0.8743337404471623,0.6472498736627776,0.6882254569322954,0.7083660019942373,0.724131079615244,0.8331388458502609,0.6094633857785519,0.9245108683146575,0.7011962460608266,0.8663882806035642,0.9198330710019801,0.7625350898097037,0.8468728278002119,0.901742747483872,0.660446322275808,0.6234698301946379,0.7912154478863933,0.7028376681500194,0.8136978352215761,0.7218515717035375,0.8241932549294646,0.7886030186188725,0.7570153408921159,0.8889727492464523,0.7491097395695218,0.7849095935976598,0.8337885470598838,0.680977755880244,0.7839276562827125,0.8385615287990784,0.9105087431388326,0.7826446803404127,0.6710009723113127,0.7596986929390915,0.7954137616912422,0.9166783937587333,0.8643679213638502,0.7795274877356522,0.7988884873087515,0.8779298490443912,0.6738542644710633,0.7569355464673964,0.7663822179340583,0.6756846999309394,0.8454036667264139,0.6838250507815279
0.7312816768533033,0.7796374817144441,0.7213468157479632,0.0,0.703538034372294,0.7930821508454277,0.8711803663574178,0.781802652905278,0.6924913797296326,0.7298581773191697,0.8030550389712965,0.8177782511971491,0.7254858329693957,0.719272061404059,0.7735228381174823,0.6970748242442767,0.74001541385903,0.6957766752530825,0.8014472011938876,0.6369760055666045,0.780659516187859,0.7479695074821477,0.8621683265269329,0.7629166858871471,0.8321033976627709,0.8034918104451293,0.7838090481791349,0.8127382553941086,0.7472010282572105,0.6982616596669232,0.7633251932422147,0.7033458037051435,0.9236855326088461,0.8890495064325656,0.7617339811597043,0.8018608508213523,0.7920799364448244,0.7330343678904248,0.702461813700134,0.7982152606606171,0.8277832965033903,0.799240368788714,0.7052047715104662,0.8307897936694086,0.7904631193937631,0.6648984303881993,0.6734193847721193,0.7554716764329503,0.7875870374160673,0.667129398428588,0.7967362850348745,0.8158608279251676,0.6210722773137656,0.8713937230264321,0.8071515782087574,0.795151931253125,0.6815794028292376,0.8373377873926734,0.6897996437092854,0.6866052919462038,0.7488795751524636,0.6257271099635161,0.7452231304998757,0.62341772701339,0.6198452853663164,0.6179562586000126,0.7614448537072505,0.7176958899132747,0.7069530847056421,0.8205666095647716,0.704319469467648,0.6521920031314193,0.7720655556037669,0.7918377868215571,0.7097246598912613,0.6418929173554712,0.706100977505842,0.7656321774049575,0.7186165461119318,0.634616851915369,0.6805995228265634,0.7759592961601077,0.7403273178342745,0.7270635056639689,0.8003793075222589,0.7832312766148414,0.7681033878188787,0.6952125653328312,0.6957938254485238,0.7549678500309867,0.839797091214623,0.8518117496539761,0.7381469960775829,0.6398031487168611,0.7859442563167622,0.8556168740197254,0.6352501957988927,0.8988812223981066,0.6553773893253625,0.7923481623715019,0.7027399315984495,0.6767658387463197,0.8976483592896628,0.852297890893834,0.7313220540707954,0.67313180534168,0.6590784637569366,0.8425329351043237,0.7103727565713722,0.738425212737299,0.8720163221416438,0.7284346391956377,0.810519435970825,0.7279306257409002,0.7262377120345875,0.7933908857913554,0.7023789645332831,0.6559432320833425,0.8664332538987289,0.897724165753393,0.6263389532897788,0.8646752062391045,0.7364848170556817,0.7827466715033389,0.6427651690266247,0.8068538370138818,0.6835139257330501,0.7218809348299609,0.8162431271654459,0.6720769549428918,0.7127707687222109,0.649480488333221,0.652550326376225,0.7763738140533946,0.681891543014267,0.6068311852153737,0.6627348855922521,0.7693217015212233,0.7471912059806715,0.7107333122938354,0.8423575554720937,0.6720692666760673,0.8048525628193685,0.7479883867191341,0.7449296133133083,0.8143895738075732,0.7398649771738358,0.6582246981880144,0.7196744068108949,0.5711166906304295,0.7848783868052368,0.7224232438000945,0.6913835700831307,0.6783651435518865,0.8992504437037947,0.7268924071631632,0.7080871434348526,0.836777548330889,0.8794051263411015,0.7692951224774581,0.6704437754770752,0.7489214129915401,0.7841024009173008,0.7557996946941793
0.7509743658459745,0.7358383253817764,0.7449641483113211,0.703538034372294,0.0,0.6858177313265266,0.8728350339060723,0.6393340712106641,0.7402880418373489,0.639575615320407,0.8511560813192462,0.8167803595319982,0.67689995262492,0.6860329863065289,0.827891315315735,0.7689995427007176,0.7396438795419219,0.6972401888493656,0.7400966900971719,0.705795529332394,0.8619339980727517,0.850940585202729,0.8042338854546475,0.8978413791797898,0.7389894948061417,0.8398179258914193,0.6645728454867644,0.6212590399230538,0.7366520399031979,0.8595579657791451,0.7784621481086501,0.6965758192212638,0.7488426252531472,0.7329928228730304,0.7779868736320631,0.8105298883736017,0.8178718442227723,0.7869346085846715,0.853076971992953,0.7867208331680742,0.8024538032421437,0.8294501120272295,0.8023012277342411,0.894439889721973,0.7273973926847698,0.6578644249824793,0.7739825188598173,0.8759965627938436,0.8471504896253061,0.7802737205727304,0.8168225203032754,0.7590987657016339,0.6154205067798286,0.8079211826451481,0.8075000766059829,0.7173860781292554,0.7489313886409952,0.8164903575738955,0.6839231665267557,0.704326791143939,0.6203455943179422,0.6454268688549776,0.7130091410898208,0.7381489052969566,0.6909882419117884,0.6053650591750022,0.6837196336307803,0.7960042337845002,0.6989502528460672,0.6903748487300401,0.7953014649474773,0.713519405018815,0.6631649981478445,0.7544609199214423,0.6292107842159743,0.6102816540514195,0.752247787995048,0.9126154608326207,0.6698736993515184,0.6857367972805987,0.6432161189918889,0.7909476758277407,0.827205029205886,0.6179756001103621,0.7688105115930151,0.7527410996183334,0.6674339908435911,0.6979970462465486,0.5818801253940524,0.7758797332420833,0.9046439397573939,0.760657458085767,0.8360470443360354,0.6472820593215757,0.7794106567723744,0.7959102786650352,0.6304620104397715,0.6908701509352678,0.7712542493663574,0.6190754676251575,0.7601491267735507,0.6704633977960349,0.7203518395402514,0.7072109964493304,0.6908155185738756,0.707842822995645,0.6348969222212767,0.6852881367437439,0.7226344472908287,0.8128751976826093,0.8518597985107312,0.8675349076244722,0.6523440038904588,0.6241231974998296,0.6681217821263987,0.7250884408335541,0.6086592199972439,0.7939384804052844,0.7233262932909417,0.6532318161763188,0.905912506318372,0.6554591270627628,0.7539340878861975,0.8131388910198113,0.7300184805781976,0.7573480252006095,0.6326676769405676,0.8341798471449563,0.7076970872520886,0.7383651839120271,0.6335040905118595,0.7144375490421938,0.6073023017272445,0.792867154521107,0.7775273471479036,0.7329447386157599,0.7662872070718454,0.8469024886262152,0.7460355026795675,0.8035352244844938,0.6666456276749643,0.7857449593741203,0.7560260382290491,0.7832083734484035,0.8772176987188963,0.8009747300769264,0.9198211213872968,0.6356008504418782,0.7100906454958164,0.618234914523411,0.760216061107709,0.657952660041131,0.8309555264809191,0.7770403571338292,0.7695090606093807,0.7487757637248299,0.7255696714457803,0.7616595552249379,0.7306500018630504,0.7204734760926765,0.5887564702561126,0.7073461938821805,0.7611055405410212,0.9004554705472335
0.7894033660684313,0.8766258377194921,0.8860431389166973,0.7930821508454277,0.6858177313265266,0.0,0.7530631798111891,0.8669480053396491,0.6909923828775524,0.8651045981463518,0.8093838521165397,0.8173380652239564,0.883269119697826,0.7332622873171251,0.7605572996014502,0.8764842734212666,0.9167270637525046,0.7631608396647477,0.8869033318610892,0.7356888820565795,0.8935878457150763,0.8068588200582261,0.717219916422729,0.7695715416706119,0.8993009740056244,0.7279811348935392,0.6578954139139946,0.8783657679973144,0.8359799609644422,0.8225218764103078,0.7646965004061486,0.9029180776396378,0.8512641433394245,0.8046093741497232,0.7101580346283674,0.7752241066742506,0.8360708498487884,0.7941535268292076,0.707118676797425,0.7729212390783616,0.8328628904006568,0.8326677723921674,0.8060464405391788,0.8126389028277131,0.8145677454697358,0.7871738978419269,0.8156609611833787,0.8175437896145197,0.7673403674398175,0.7391329654697293,0.8487582504435469,0.8878965215297274,0.7393858688553114,0.8821236296513271,0.8237057819232287,0.921005633771974,0.7849173731100783,0.878325690559504,0.7407800727941191,0.7664772560184003,0.8848543215542318,0.7677539477803496,0.89188810415749,0.6227266284766836,0.6937615798566872,0.7640558706803269,0.6997197668424523,0.8335323139342724,0.7938236633123663,0.8696108793221317,0.7789947814105487,0.676177093073167,0.724134854125126,0.876805703665189,0.9098805007650049,0.7704547851539106,0.7525869251883811,0.7738365608732996,0.8076839764419496,0.8166743902671987,0.914292253525249,0.7273654063442083,0.883144170764708,0.8944482100537764,0.8269322094436138,0.853595405092567,0.7939372268286915,0.7202576969596204,0.8319255475083349,0.7118643550173565,0.7710615679802754,0.7538021498135389,0.8186468160123795,0.7640275271616158,0.7479295133821371,0.8640834224965466,0.7726660662314766,0.8658924401051152,0.5974983147037883,0.8254762878861118,0.7039962813608586,0.7680054201812325,0.7160834993523302,0.842871275816546,0.7838334903106227,0.8343522708454469,0.8546690320818596,0.9163086619174607,0.8080942186700159,0.8491707844197341,0.8108243688386626,0.6404903768508308,0.8748011188547459,0.7332586284034263,0.804801462826056,0.8519070605070267,0.8530229576849957,0.7339914659400514,0.9163816398456501,0.7426140188723417,0.6365117686047471,0.7983188372646632,0.7957502981220975,0.8842490904139838,0.6395255513276361,0.9125138788631179,0.7375591074181355,0.7647544698230087,0.9054051092278624,0.7283944886271887,0.9212130496146292,0.8797289822263151,0.6891988891577024,0.6655860767140445,0.7199705429978002,0.7031180856345335,0.8183965219462135,0.7049449311824295,0.7217330891328136,0.7630288153898901,0.8546763998396961,0.8091815309063382,0.7888226445508147,0.7277719884343788,0.7646501107303717,0.699634084793377,0.7588522273020071,0.8585653867018691,0.8585607205081718,0.6945961484532563,0.7217166818485252,0.844476312518184,0.7044376679939858,0.7579749225775997,0.910002853572236,0.7704302897944919,0.78435570209154,0.9335087864699939,0.7328270167542066,0.8385432871758173,0.8268662751824452,0.7837604663673567,0.8737505250927013,0.6965459859854843
0.8030132650379085,0.8261604648890039,0.7604246392748276,0.8711803663574178,0.8728350339060723,0.7530631798111891,0.0,0.7079703920837682,0.7526000565954137,0.7344939578038946,0.872898664973944,0.8566057485375345,0.7389914385789887,0.7886871814830222,0.8703681406652423,0.7521995732529027,0.782806342746438,0.7552858751236715,0.8179945665934956,0.722664557493134,0.8653412513968212,0.8544115595196631,0.9621427514828346,0.9008373415200795,0.8545117367886702,0.8488210621132972,0.7752758317836723,0.7547467622391902,0.8043343982420749,0.793179364350281,0.8288880063536074,0.750827173119025,0.8809235100154674,0.8908000287231856,0.8596853893952545,0.8796081075517939,0.86025876463613,0.798965093616565,0.8049777350274621,0.8827439684559619,0.8703057254103095,0.8735591781867104,0.7957541935422847,0.9332761956357007,0.8178381986869626,0.6969305317041107,0.774378833659207,0.8633617998983966,0.9407619651399239,0.7751503868731205,0.8691076266887217,0.820589810633598,0.65465196654902,0.9023828566132976,0.8772574904219227,0.811982138658022,0.7588188037792796,0.8305203019334421,0.7841501388317889,0.75083832523957,0.6957123403588827,0.658787237696907,0.7466972984082264,0.7555640291881455,0.7025881750413396,0.6384650606724179,0.7846933739945011,0.8029250212106088,0.7615566625879951,0.7636901039169918,0.7875333820168087,0.7569778570406978,0.7794643866098608,0.8263014188082929,0.6831127341864925,0.6738358857094913,0.7564770163006187,0.8846145128939558,0.7112427038672243,0.6711922640496897,0.6811212781330275,0.8354100165930464,0.8190445983186326,0.6822700147565736,0.8436491957641385,0.8038302953163479,0.7188042326114594,0.7692923885866839,0.6673543284933581,0.7938902213951807,0.92834521831118,0.8953665695544847,0.8554508559672915,0.6850002463242768,0.87255790569557,0.8823976112132944,0.6498364964611892,0.845897543952976,0.7849562225202765,0.7534691832210607,0.8053003773007943,0.6815323042058803,0.8685236794568784,0.8283867362228005,0.7556198801347749,0.7113659464710312,0.6679954490814677,0.809591959797323,0.7779160658830332,0.8413280264834399,0.9412077670628204,0.8579481068431665,0.7702559293043197,0.6798399897772192,0.7317027781652881,0.7853694753910407,0.697317509163828,0.7880043685251792,0.8425651690951466,0.7978951262340629,0.788316842055299,0.7351309856780177,0.817525068935956,0.8488017240350733,0.745286683600361,0.8290869149895238,0.698959043251239,0.7984734369130496,0.8152227837843076,0.7628904244549036,0.6987982246335829,0.6764543334358946,0.6376623619483953,0.8180179652951948,0.7746305183077339,0.7127962379732657,0.7547475619683914,0.897923326113048,0.8221067510083567,0.7941865840340647,0.7957723676913669,0.7832280537157513,0.8741490317585815,0.8260886585344775,0.8681278749304471,0.909368437010971,0.8511722427943644,0.6680928572101457,0.7732918553556425,0.599241244842821,0.8199254367261634,0.7383044200428265,0.811826248487188,0.791704869288304,0.8688833966843363,0.7789712173939387,0.7652920570746445,0.8175561494409544,0.8890914806104478,0.801412927852461,0.6654677705028217,0.7937074122728054,0.8319443275738491,0.8688882292607917
0.7786342203379716,0.8427018804625234,0.8414399287731724,0.781802652905278,0.6393340712106641,0.8669480053396491,0.7079703920837682,0.0,0.7481692492510237,0.828106503793653,0.8016065300566932,0.7857805189553754,0.878406220260863,0.7686409351858692,0.794246214188952,0.8390382840453374,0.8275380129037756,0.7856925446966532,0.8546735717712426,0.7762619662153452,0.8194086051073447,0.8175136287703125,0.7111656068392637,0.7365298351078944,0.8608862339640674,0.7094980383553281,0.7705726938897336,0.869337009484764,0.7890809518670955,0.7676958985994159,0.8203703641047544,0.8697107416250344,0.8427389823850937,0.7826185534315262,0.7245935828249446,0.8186966456229244,0.8391841791606116,0.8572959044557997,0.7605802353557858,0.7551966553265228,0.809025867206514,0.7099928865990845,0.8348495298832413,0.7553240130618996,0.9167775123476439,0.8041226023776359,0.7234276610999872,0.7859959829714956,0.7623092772955481,0.7758047179366268,0.8297289117601468,0.774355111393424,0.7266455997487087,0.8683626490805565,0.8531843624929695,0.7663587752922157,0.7872093674662897,0.8369073969895713,0.7635119046420573,0.8139442255795655,0.9629059904489518,0.7738346373971579,0.8546936349159958,0.6659683483304221,0.7075104405072384,0.7766014068528674,0.7672575954863975,0.8006165028290347,0.865820832263052,0.9684926991785985,0.7851849224210908,0.7174738255119213,0.7160397176743172,0.8761908239015508,0.9131537499026061,0.7461319159589057,0.7900824261500436,0.6967031209761891,0.8533706144053772,0.6575061273618329,0.7868529123397181,0.7609395939739947,0.8114105527631983,0.910316749866644,0.7912413011695695,0.880723146895198,0.8740198755870119,0.7849226391846889,0.8479571086459678,0.7529296110260932,0.7388444350642106,0.7403065592202266,0.8143308562004955,0.7481399178430026,0.7465690107029542,0.8291804793515788,0.8575722523212949,0.7786000114630331,0.6001961841503831,0.8245577752950468,0.7589861486397711,0.9018231352757906,0.7173179474512473,0.8115662353972214,0.835495594622618,0.8087892966119623,0.8675194318252101,0.8150569832629516,0.7912999189686465,0.7594901018784056,0.7470810004674651,0.6670724478574795,0.8146796760357453,0.8559813711440065,0.8044761779470039,0.771695941478609,0.7718007742073884,0.7643398815560924,0.7832846804780286,0.7242654841124946,0.6362063152381016,0.8866516956850574,0.695490376715055,0.8113056078260439,0.6348357477387134,0.8880470746922605,0.7201356884296702,0.8239717953746338,0.8507153872273283,0.7844537375026379,0.8616197817378664,0.825642351917023,0.7924136157077778,0.6720890683471171,0.777433831093759,0.698815825719256,0.781471034176244,0.7260388515033012,0.8103666314397018,0.8310023956598503,0.8557309355335153,0.7809976366933769,0.7861503709097274,0.7852675582869814,0.758084715414788,0.6894462285534878,0.7567537589085324,0.8112404641856032,0.8391521847027614,0.6560268408635597,0.776662832266963,0.7952401822385501,0.7623878953816372,0.752581776285412,0.8420466438749042,0.8540862741553485,0.7916318923780881,0.809687467961298,0.7304970411809457,0.7709197388278498,0.7706059856756013,0.7272000289552059,0.8708316239201772,0.6713503804212462
0.9216871060567782,0.7761304566866625,0.6567447572812334,0.6924913797296326,0.7402880418373489,0.6909923828775524,0.7526000565954137,0.7481692492510237,0.0,0.6323241239300031,0.7527070221276106,0.7090278643634911,0.7268886233058506,0.8195769826444154,0.9061418450308313,0.6813895433274655,0.6948392493552749,0.8574062039176832,0.8160873694549435,0.9042946377849372,0.767040650730707,0.8134696757330709,0.7141303904258721,0.7932243913247566,0.7649238669552484,0.6840891899413842,0.6669024691376587,0.7046061840016,0.6807493510362346,0.7698768677937662,0.9355311787088916,0.7340584504697661,0.7898948099986339,0.7103133924855944,0.9359297214286914,0.8242827578963056,0.8187291767582188,0.9116417226964391,0.8117852246969393,0.7330988830557861,0.8178305173613892,0.6925671402937049,0.8725464373087144,0.8372523912063894,0.8224073238501781,0.7622994345229384,0.7385048654635673,0.7906858055977407,0.8281535135997955,0.8894138683122544,0.8342608409834273,0.7573401931908161,0.7649941422349466,0.7895642112372071,0.779342854123004,0.7298535926728213,0.8752118922774994,0.7083170675495865,0.7970200339061005,0.8178706323092205,0.7276241712960396,0.7452297665980339,0.7970781904091266,0.7804073169702235,0.8798607023763316,0.7624022087997904,0.736965392341854,0.8053779866387258,0.7963805648506075,0.8123600828937221,0.891178753215152,0.9053060444845388,0.7630543613368849,0.7429363415487894,0.7330445554175535,0.7841046988423641,0.6518766650482407,0.6537142109509496,0.8324963082451329,0.6311790286320117,0.6893357270912085,0.9459116332791941,0.7817683892772442,0.7437060250035975,0.8453477342075209,0.8725110002066105,0.7755507553124188,0.8770542512682096,0.7205638400426698,0.80821310169734,0.804197597314552,0.844425527938827,0.8381997968816274,0.8165272025923702,0.8810396015263847,0.7747864173279863,0.8383941712377943,0.7090510305315438,0.8461885615110352,0.7166212394626688,0.8956881934252477,0.7072034014644756,0.7501220552894776,0.7306093036133712,0.909011626543718,0.7097620905730737,0.6793028304789126,0.6545096145570136,0.7582672000452971,0.7168731269574335,0.7346322886089772,0.8711820572504935,0.7351244994831319,0.667696023087054,0.8129650464777565,0.7032686654527464,0.7360183522276502,0.7808500666951727,0.6437693821268932,0.7087173514388406,0.8293929318126091,0.7409015424281032,0.8021584051567644,0.7975641028608191,0.9254289157325355,0.7480317300114911,0.6655020633107217,0.742316330581735,0.6871063979630727,0.8599639678344148,0.7284416426448058,0.6798513693942185,0.7652357305999142,0.8799324035980182,0.8474888426786644,0.8747843640529653,0.8307480012999373,0.8822014591017954,0.7797044043693826,0.8968805028231204,0.8093591007492668,0.75401052791499,0.8625130675780757,0.8284471201590545,0.7933210895633785,0.7880586260135453,0.8780335388271535,0.6584152255819521,0.7399423994669039,0.552400892559521,0.9505301781710337,0.7856630770014984,0.8414928504071334,0.6599402638528984,0.7204133129859327,0.8946061793249578,0.765188284431706,0.6557608865879367,0.8271955044667617,0.7142728718791307,0.6627984600596276,0.8892662112912305,0.8634452859749997,0.8491272713540214
0.6966403217400549,0.9089676612068426,0.9169620757277698,0.7298581773191697,0.639575615320407,0.8651045981463518,0.7344939578038946,0.828106503793653,0.6323241239300031,0.0,0.7932077647541794,0.819206735128649,0.8228117258909307,0.7504155947284157,0.7319011168362105,0.8404221292465369,0.8530459776141847,0.7195084401053027,0.8377536617867486,0.7241485896253173,0.816248909252173,0.8208080098471118,0.7511369288623571,0.7383061385065588,0.9100315532011796,0.6376156543560854,0.7323297500515461,0.8426398405666338,0.9424630719893722,0.7318627118801397,0.7414738928342738,0.8775945482973783,0.7839711348480445,0.7712942852792869,0.6895456937188,0.8045254238982992,0.7648232857217467,0.7611242430772956,0.7185861699393401,0.7541591410895756,0.7867779068214679,0.7589787787996253,0.7479469616899038,0.7400197240434991,0.8219658414060979,0.72106473046547,0.7389950050447395,0.782304600391847,0.7807983209319707,0.7088090039714772,0.7505639428788932,0.7213536093624198,0.6938236833301094,0.8569999706904506,0.8618518157372714,0.788686510002356,0.701002732439508,0.7924288206390636,0.7960156772086668,0.7427532973744478,0.8420568057619067,0.6822131283066469,0.7457610554068753,0.7066884306990696,0.6454599768577997,0.6851748993107972,0.6858101544320384,0.7364692370897682,0.8302226707544097,0.7973353306738108,0.6777965149576738,0.6769694095707545,0.6571570204077716,0.8172506112905762,0.8499736744092358,0.7067844883683904,0.725005304825936,0.7390160330845656,0.7050325938792882,0.6551883889292152,0.7925113078338538,0.6447880440931426,0.7929908990949486,0.8146993193891595,0.6982468261254545,0.782154436384685,0.7072330860370101,0.6988744848990484,0.7736573666237044,0.6513684631763793,0.6750053088467812,0.7142113276912885,0.8133573996255443,0.680937428085895,0.6877521334778691,0.8501748514691612,0.7314246379997075,0.8209643255091327,0.5790049020537645,0.7588915310888077,0.7183009261984282,0.7602300303408251,0.6609694545219056,0.8698559125365163,0.7116206206661124,0.7354082775715406,0.8156624024038966,0.9247110096020738,0.777368353336606,0.8368360164937712,0.7594676768752121,0.5992917850266024,0.7472383932312215,0.7687461589892881,0.7036484642343508,0.7160711816959456,0.7747208917407031,0.8130585341767276,0.8733946396414605,0.665605135194044,0.5980060272577425,0.6861017911078369,0.6942063760421141,0.7647616546112759,0.6019041028972646,0.9159922239897866,0.6651777484941244,0.746356437605397,0.9573479502893244,0.725953410256738,0.8825724098720021,0.7728556635173245,0.6263627170749769,0.5916773443349487,0.7462440774782055,0.6685941595501751,0.7658605673449835,0.685456225073948,0.8159457231849909,0.7396579481099305,0.8041984925698697,0.8285178354571748,0.7401898354282749,0.7621061829897092,0.7609004936648945,0.6581645001024643,0.6897108606624881,0.818434256174944,0.9476277550524448,0.7681243521336434,0.6484697562663556,0.8085326167509288,0.7282225776998421,0.8373453529331779,0.8560260484749115,0.7260683294514875,0.7417540534637108,0.8026182026620469,0.6969111710298725,0.7096718054884851,0.8059934004763748,0.6949459132948348,0.8415815919006583,0.611363696963457
0.7684774807629553,0.8560742291751985,0.8706109261139044,0.8030550389712965,0.8511560813192462,0.8093838521165397,0.872898664973944,0.8016065300566932,0.7527070221276106,0.7932077647541794,0.0,0.9380515787189331,0.796342179850222,0.7529103801310306,0.8351160140157231,0.880490254198256,0.8180460199223826,0.7150272313265996,0.8372138666570658,0.7593637366792374,0.9145443801968399,0.9395351592108439,0.8533174548939629,0.9146414581715225,0.9046430700082418,0.8409500374725014,0.7953113705758729,0.7658091356920812,0.8760179121558118,0.8399376282335924,0.8437650407917453,0.8020494724250206,0.8202467935566212,0.8701586558427037,0.8009841104730635,0.8870623944319121,0.9373337732516744,0.8545698405221659,0.9108548672107383,0.8226567846091708,0.8246291870411764,0.8918365306547044,0.8142339731994467,0.910657188552046,0.8697388493336184,0.6790734710415809,0.7192671956951462,0.9699760785887931,0.8994239047244993,0.7607157474264149,0.8269217620303926,0.7584392252772613,0.6163321999699382,0.9279413401644773,0.9467867115928512,0.7925914472600409,0.7508666639715902,0.9148225467295718,0.7363960871499287,0.732703887487899,0.7951472856462064,0.6441136842219616,0.7449371246248234,0.764184019568521,0.6594084905192796,0.6354621965625534,0.8127116343304789,0.8129163512764225,0.7830095669797597,0.8470950562825976,0.7828659155469062,0.7137765134510468,0.7425977342245978,0.8501244076781257,0.7418380489795193,0.6386990006556812,0.8563626487321788,0.903990739292945,0.7066664410218,0.689326856447673,0.6928344148678864,0.7767112114212782,0.8573232349452525,0.737060936765002,0.7878456694161382,0.8350612066627987,0.8379176923961876,0.7145478984936804,0.6561141581035658,0.8783095806230986,0.8485287770106281,0.7815010432160661,0.8597533998947815,0.6645076161903447,0.7839892816937182,0.9258593142301648,0.6980935295415476,0.7960514176190645,0.7016914655319545,0.6955338516212148,0.8382061052738378,0.8062912928672994,0.7453703337257231,0.8136147809801633,0.7250121369521471,0.7292125836145191,0.7119797842040099,0.8551202695260762,0.7338459237776973,0.9326018176470201,0.9306256697072768,0.7996630853954185,0.7665167392329287,0.8262877575269005,0.6885963826801755,0.7572791491301566,0.6570193002997234,0.8697186902120527,0.8476010505497895,0.7268847732121305,0.7811929084510133,0.7420939693647789,0.8035187419297944,0.8355404372976702,0.7161376731181521,0.8977586709278307,0.6431957967344688,0.9152117518584967,0.8639896884904752,0.7528128521008531,0.7473403263977536,0.781362456568646,0.7330608022898533,0.7953717966781096,0.8896244422231273,0.7002863032774223,0.7923447363385787,0.8205146599886897,0.8766446050498709,0.8348274504112075,0.7588629436708443,0.8798507962759642,0.7816217183504609,0.8602324979463297,0.9659679300833195,0.792286223083986,0.8856455674184144,0.6902603728600045,0.8484315115564846,0.7142801812318329,0.81424111295237,0.7069104655682396,0.8730114809451778,0.8175916459849697,0.8953917210358833,0.8602935488319675,0.846892966060949,0.8513603828970373,0.7879150906428152,0.762303902900134,0.6409089979139047,0.7359162071649655,0.8399550288197645,0.8544971959783669
0.7088141222637703,0.850080527103941,0.8535767690250777,0.8177782511971491,0.8167803595319982,0.8173380652239564,0.8566057485375345,0.7857805189553754,0.7090278643634911,0.819206735128649,0.9380515787189331,0.0,0.7191769145488195,0.683411559173171,0.7981360545260728,0.8247258737001465,0.7766739586881375,0.6622538744669093,0.8768862349129439,0.6989597658789788,0.8875294547997754,0.8798395817492582,0.8376239431820777,0.8384440462880086,0.9144786173436787,0.7569784403000324,0.7379481005776053,0.7348109389299426,0.8954181942290235,0.8199357467902596,0.8354883753646953,0.7772841255726654,0.8246378016904874,0.8694302749536733,0.7685586667355244,0.8971460209136016,0.8403924182062726,0.7964879180648243,0.8914002529031559,0.7434925916550222,0.8285734293118838,0.8668503460045456,0.7719215780315752,0.8965505723632532,0.8103328231855936,0.636400895736577,0.6972499448472119,0.9101052755026471,0.8441821725567634,0.7160587115425632,0.788890889103,0.7399033265667947,0.5994642857346422,0.927833996655152,0.9455381520571562,0.7630343206397243,0.6973828747333864,0.9454603660664376,0.6950926573087448,0.6874921990301804,0.7480304935786943,0.6152588215647032,0.7186622532783428,0.7348334591055765,0.6238008678722889,0.5931086929728183,0.7025168096721413,0.7321045680411694,0.7311963135272788,0.8090994272554763,0.7105018784967726,0.6622613343515944,0.6816517867896504,0.7842347812582224,0.7221771617809482,0.6109430609261711,0.7695245760196615,0.8690872491662192,0.6725178156321533,0.6424076021019839,0.6794966178521646,0.742783831166759,0.8114002207260052,0.6988425450422848,0.7491186215309803,0.7843328304714372,0.7846167816347812,0.6753604142898724,0.637887911702374,0.7730162440328442,0.8143395544650354,0.8127206600429276,0.841410758158945,0.6221208782424351,0.7202092211612884,0.946970804605828,0.6730270768764276,0.8512735697484,0.6797749520410574,0.6616624620515865,0.7719515531923807,0.7663274192508478,0.7712451130127629,0.8909046795408778,0.6982789414591019,0.6728313696679873,0.6884047172285049,0.8591290642022273,0.6947685235930949,0.8725607857593561,0.9370569190384704,0.7534765803865533,0.7114271792263563,0.791533870879635,0.6532751573519322,0.7021205717036516,0.6592667236326648,0.8453836226808359,0.8707676931268716,0.717648586732098,0.7046464935588582,0.7436080264757181,0.7366790095338013,0.7911484829392192,0.6692248207600842,0.9057356567795566,0.6138527365723003,0.847642642371051,0.8986099363282952,0.6882614207650151,0.7454461455370446,0.7367964673030215,0.6314848372881583,0.7642427974199719,0.8320615442630884,0.6540445114129675,0.746044844132614,0.7637481842474386,0.8135966394788829,0.8138380415579916,0.7598598926309844,0.8353176437620451,0.7519611687129338,0.8659759870860645,0.9028422444728742,0.7678569972828384,0.8493658009110345,0.6738344376722403,0.8651416755269155,0.7422118521266852,0.7717366334594469,0.7206905597724247,0.819109064424904,0.7715260366603943,0.9441424867678302,0.7663086025456113,0.7305679023828291,0.8306783747148323,0.7585564179591346,0.7061723616787474,0.6270608194276638,0.7160894377600631,0.8395795171132634,0.7760721778364948
