0,1,2,3,4,5,6,7,8,9,10,11,12,13,14,15,16,17,18,19,20,21,22,23,24,25,26,27,28,29,30,31,32,33,34,35,36,37,38,39,40,41,42,43,44,45,46,47,48,49,50,51,52,53,54,55,56,57,58,59,60,61,62,63,64,65,66,67,68,69,70,71,72,73,74,75,76,77,78,79,80,81,82,83,84,85,86,87,88,89,90,91,92,93,94,95,96,97,98,99,100,101,102,103,104,105,106,107,108,109,110,111,112,113,114,115,116,117,118,119,120,121,122,123,124,125,126,127,128,129,130,131,132,133,134,135,136,137,138,139,140,141,142,143,144,145,146,147,148,149,150,151,152,153,154,155,156,157,158,159,160,161,162,163
0.0,0.5955200130132738,0.5463610205555544,0.5257416502797377,0.5210487977245012,0.5799605609169484,0.5243772042769694,0.5871438536103836,0.5866257621323601,0.5464237973642168,0.6418611817508859,0.5288075364685393,0.7142643185002423,0.5946420753882026,0.5590443539020636,0.6339278775413736,0.6181295795587617,0.6840354575793408,0.5325770859611038,0.6564888347290408,0.5918376787898808,0.5646361469553774,0.4971954074320071,0.6026872487168691,0.658122233166624,0.5661718331241978,0.5066617344159844,0.5732999303246811,0.5242620271128143,0.520839428293,0.5999376944410029,0.6395487771007099,0.5163055567538926,0.499709835863173,0.7249821918889549,0.5208234498596983,0.6491566789953042,0.6047394148091175,0.503477630428132,0.64980905400275,0.5206205633761599,0.6041237594306573,0.5853496785176668,0.6291893065617482,0.6208178940791345,0.5764332262926288,0.526816850335321,0.6071771699707832,0.6232627774440438,0.5603019733037921,0.5875091082386033,0.5893183031528977,0.4989957390807325,0.5295149868210257,0.5654725669038255,0.5918300054156679,0.6459702330242333,0.5502943559337445,0.6190734473416758,0.5510396872572738,0.5746930766899587,0.4805527742135811,0.6284129687628988,0.5216137968294459,0.5656663639765319,0.6221762364326826,0.594975098492595,0.5754958704331771,0.5448590158832225,0.6376873242800697,0.6306235442411309,0.6139601253297144,0.6449179532829225,0.627565761551306,0.6091334750761542,0.6051903634105755,0.5484747099592153,0.534329462433642,0.5347705335537626,0.5482113080613484,0.5896644799535096,0.5400975147204234,0.5875217069628363,0.6174220970439472,0.6089378190184477,0.6311285129714691,0.6215370882194571,0.5520680171683175,0.6005926254753345,0.5576563908330782,0.5596897771946402,0.5190831558563849,0.5557661125080379,0.6328379086930478,0.5796186196199089,0.529035998576025,0.4807467486452462,0.55232852373832,0.5132014458115629,0.6209855611744389,0.5688901053571431,0.5337497442815397,0.5040352918761165,0.4805756419202132,0.6153804265678082,0.5689588931950851,0.5323394055347316,0.5810954783076526,0.5635950395894656,0.6002141832031566,0.5725355110832747,0.561537139623046,0.6170292810398469,0.5296352025856499,0.6264450384902315,0.651909789640125,0.6527573758309088,0.5453627845156814,0.5633192678244234,0.5233690939963173,0.6003846773725375,0.4836224407114035,0.5919448518355498,0.6310476684284916,0.595871632068086,0.5661647313775178,0.49170479737274414,0.5406618460310105,0.5569648348814232,0.5739012414463928,0.5778487873014105,0.5703745774912456,0.581433415138004,0.5573298031869397,0.5733783072303061,0.578880736412595,0.5930875554131042,0.6131314944569989,0.5625530705920064,0.5331299632864465,0.5395421252808862,0.586187007689679,0.5483982877270437,0.49846436392634297,0.6131667817865855,0.5405185566820404,0.5425300488901718,0.5073294876025746,0.5868301414491887,0.4609286725861349,0.6928143780009408,0.5530259387000946,0.5089582735676523,0.5023353413289636,0.5691157969799285,0.6382220502638476,0.5691914419932174,0.6205410119857883,0.5899756457064024,0.5934953899910456,0.5379697919469135,0.6890638532011429,0.4826426406624143,0.6928112048931309
0.5955200130132738,0.0,0.6416188562366356,0.5963064271278591,0.5391913556379697,0.6820417653609244,0.5519586930818473,0.6280679918462947,0.6067588569220701,0.6096163548781488,0.607166215450861,0.5936674855565911,0.5948742494930997,0.5946330640713546,0.6191150878754849,0.5770617877738553,0.5769491735547906,0.5640829087235688,0.5601605517406879,0.5414152959161649,0.6382037138488047,0.6883519715465356,0.45354189996884375,0.5850456513161701,0.5889011339678848,0.4995783783339815,0.48782372379078853,0.49901477276274986,0.6060315760177144,0.49878018132553087,0.6332605013763669,0.618629389514398,0.6204932565091269,0.4521432704922736,0.6074300731523373,0.5879757038510945,0.5482732633091548,0.5745595349631181,0.6070078481669778,0.6190789092850775,0.5960081311055627,0.6315546141373687,0.5159059541256886,0.6310570097486521,0.5748394133119968,0.5391185497736943,0.5088944181076516,0.551381798240778,0.5436128108392533,0.5710854192441921,0.6244368056278222,0.5718133825767892,0.5720821126372518,0.6886863143808011,0.6336222470434076,0.6171965468823859,0.600231810700811,0.5850747807265958,0.6150827131160491,0.5765707921183542,0.6479453471502528,0.5130749468794541,0.5990762162278487,0.5129800037320412,0.586767135071422,0.5693962384674042,0.5964723582822136,0.5425749783947238,0.48747731232386743,0.5873676160680696,0.6267551982444858,0.5552911462667748,0.5793362625577235,0.6483749413606911,0.6522535706983706,0.5228299297682455,0.5679100250122698,0.5590092398064384,0.4799107766291206,0.5080800106489569,0.6210505335534137,0.610923726336419,0.6413296148292045,0.5533933231549697,0.5788051503335091,0.6107762987775502,0.5565016695352837,0.5250914465248391,0.5518040089826783,0.6081857929269123,0.5453971382534291,0.5932198158565165,0.6021022997213692,0.5870321325207062,0.6346017832236485,0.5743145635537473,0.5793358790369094,0.5425125160092208,0.5257576085866835,0.6080658473223828,0.5686106134963991,0.5458912554728973,0.48833473301359526,0.4960833226966829,0.605526245853054,0.5159242178136728,0.5636318031738481,0.5128278847283263,0.5708313682018271,0.5879102496537936,0.6003497019104329,0.539550783942967,0.5849117381345843,0.5434093549323962,0.5494176217957182,0.5998365674981744,0.5750287643181944,0.5151679555120359,0.5699617215767632,0.5286402138226185,0.5799240966101306,0.5045389106273553,0.49680772017166935,0.6560440195969001,0.5647546111450237,0.6252676269157639,0.5417226097266677,0.5910313741637786,0.5755905050562328,0.5547619740454761,0.5874626812658037,0.639801496177088,0.5176360660787934,0.6321827223424141,0.5985132097606211,0.5751252733782434,0.4945328541580281,0.5674663689136257,0.503084452715948,0.5539956944438844,0.5590563388553353,0.6175914351174109,0.6434735567854741,0.5921442671764398,0.5996919274510959,0.4694474246808958,0.646487503584883,0.5682357639285358,0.5556529855998167,0.48037633151830267,0.5963000420048137,0.6104284211294065,0.5406571580232653,0.5508493089949903,0.5875312622798418,0.6077971080366,0.5129273007161547,0.6373698146487072,0.5775023938684497,0.5441568395331987,0.5430883452637737,0.5961181187903811,0.5165571000052085,0.611322911696181
0.5463610205555544,0.6416188562366356,0.0,0.5410304140456943,0.5415679180959883,0.5880054825528552,0.49058229047131996,0.6461149894771329,0.5517497673187125,0.6077560404184282,0.5746510615692482,0.5593426035821548,0.571001752122352,0.5448351806361265,0.5424744658921832,0.6040633432841609,0.6029220728587874,0.5619342208863133,0.5190080872427977,0.5333445336776923,0.6524692292474303,0.664791243744866,0.4511030978123411,0.5373796079641423,0.5696112697882754,0.5151830461645053,0.4885092083005286,0.4902045303778219,0.5471479538420905,0.48578516382066284,0.543521617449647,0.5800227232062439,0.5369366156154539,0.44183107704631847,0.5457183505019353,0.5877402597829738,0.5113361845099007,0.5810394906343973,0.5305388964136357,0.583254949449345,0.5691020901373888,0.6313079487524497,0.5370041834074546,0.5522223653428763,0.5779108111860317,0.5296249969733829,0.5250253155479444,0.5238713650022009,0.5125270304603153,0.5797269882741574,0.5738144382608747,0.5663426790241017,0.5092329180859319,0.5974517486637044,0.5681969401168406,0.5550783051946038,0.561608256173486,0.606234238921102,0.595881436396581,0.5392530880850391,0.5717489851961397,0.4942255461955689,0.6178481528910617,0.542435278080521,0.5398062091141403,0.5459475763310285,0.5381412112628875,0.5216837553819912,0.5499757554232042,0.5902054305177741,0.5798882254741116,0.5167477218182446,0.5721814016111569,0.6361577089882556,0.6581505329416764,0.45985642218914413,0.5369028772942388,0.528558513196593,0.48727192776796874,0.4457389890923441,0.5765877388570125,0.5598598846778351,0.5606507196095615,0.5511871967904172,0.5743846311350931,0.6125915955536885,0.5310108952916011,0.5071262620167508,0.5176025223246481,0.5281757111205222,0.552771289829824,0.5240233643575652,0.5546715326544184,0.5000597053973995,0.5815756052294245,0.522776390839733,0.5360154736031383,0.5501331298000088,0.4954351791494072,0.5588596573261968,0.48457887010146034,0.5581082058437871,0.49250051675701356,0.5084043424338115,0.5876957985591229,0.5435227307672245,0.5817449527630772,0.540820866682212,0.5530238452505056,0.5418289644473087,0.539068891556177,0.5457217592310774,0.5326554085303631,0.5367103405101951,0.5257749571682783,0.5779321107038077,0.5322500472733845,0.510247885163895,0.5983455188432126,0.5073929125585175,0.5503614509860976,0.4997287482747142,0.48611123518807026,0.5484939650251746,0.4897986350718328,0.5528723935501343,0.5358630607942594,0.5585408040869874,0.5952522648022075,0.5453691694388373,0.5850060603398392,0.684427889435969,0.46714836019561995,0.5360789445940618,0.5647659651092595,0.5118568805600788,0.4765742848787984,0.5321040266999818,0.5397665698513806,0.5248518537290952,0.4964195380412847,0.5806663450089428,0.5613215474969742,0.5917306109004365,0.5627477001092843,0.48624459985787655,0.599607345926136,0.52495630136186,0.5939720137807992,0.5017280631932132,0.5285150690780145,0.5231767869933975,0.5412317827580742,0.5946892133479875,0.5848311947052467,0.5511966259337939,0.4567869967653503,0.5880341573567918,0.48004595511324527,0.48861858294417,0.5333066599444427,0.5141454659634329,0.5039427033205277,0.5485928504528251
0.5257416502797377,0.5963064271278591,0.5410304140456943,0.0,0.5522932984163483,0.5620850105917982,0.6075215638583327,0.5904521550985392,0.5376031766025323,0.5286771953067192,0.5463557106774813,0.6139228963931795,0.5034552180410133,0.50493817137951,0.5963206095461506,0.509750799612297,0.533428632970354,0.5202004350075679,0.5635733829587536,0.46322413761174863,0.5976671170666189,0.5573960272920703,0.48102769724753475,0.5346216714209909,0.5444081878302055,0.5077215247969584,0.49476547660284503,0.4886468167227566,0.4989789099818484,0.48857653678304164,0.5736935939835516,0.536180341964896,0.6956207953276221,0.46383040047633545,0.5412810931373692,0.5719147101675038,0.49324481513837926,0.5148475722153383,0.5550225707635136,0.5931942219556129,0.5947827021632359,0.5855271140927474,0.4962277529491859,0.5900157195456612,0.5346269352919718,0.5099536652320873,0.48011519426190125,0.47818276192888043,0.5286133882154294,0.5275943985853521,0.6410061032011627,0.5729981540399892,0.5029370093845092,0.6632834767789969,0.5937165941125919,0.5307988487996884,0.5465722680773197,0.6192180102531981,0.5469162235562602,0.536167904307785,0.5357477888761808,0.4754308989739306,0.5661728629681124,0.4639210113771258,0.5203355143187314,0.49926634249128277,0.5341057662944114,0.4828471429282345,0.46053661364968895,0.558028133341936,0.5424719067772054,0.4889350925516754,0.5373355046068663,0.6154781548109777,0.550274182834496,0.46216894130001285,0.5510260600766818,0.5475497601498047,0.46705120990028565,0.44405772029670987,0.5106229784755676,0.6163948356854866,0.5453019404262989,0.4772019979033537,0.5705195619060913,0.5418957061053944,0.5083421444141623,0.5138509333474524,0.5175108565782772,0.5256984699658993,0.5909659194911756,0.6256636100604326,0.5587716127479949,0.5035914657906619,0.5896659344027761,0.5262212899050744,0.4915343273186839,0.5439081788095563,0.49220281438428687,0.5917991738683888,0.4818233942292957,0.5305960937855938,0.560827304156558,0.5145759126342638,0.5665238664631566,0.4864241138740421,0.5278820039300554,0.4890819428780303,0.5359375393823538,0.4939251002629216,0.6401119879407048,0.5422522294264561,0.5194187971464299,0.515315447750895,0.5182039186750914,0.5716343512538441,0.5249983098373076,0.4692606626874401,0.5564541276829562,0.5184616293109967,0.5163689766241706,0.5400268167832254,0.44901589494213756,0.5967257927068055,0.4714214972461788,0.550525814458147,0.5326434929324707,0.5422324883909255,0.5302569520712063,0.48964871232240775,0.5113467023574176,0.5387239574048398,0.4559145815016058,0.5806058306548809,0.4938090550134589,0.45827119286059476,0.43290009539909297,0.5439509469569878,0.47492577781968415,0.5356092349835928,0.5305095365529409,0.5066272791868701,0.6264700052529028,0.5620475901644629,0.5221830299576617,0.49042391759410914,0.5812148995971677,0.5056439760873527,0.4886186817914376,0.43052049169263484,0.5758131543891671,0.5404484743514018,0.5176205015812091,0.5109937069227536,0.6052124576833192,0.5207011839045431,0.45018594766752373,0.6107069331991305,0.5628176638711538,0.5344083292207045,0.4821441325035732,0.5213577787626212,0.49532406779002763,0.5685028914371316
0.5210487977245012,0.5391913556379697,0.5415679180959883,0.5522932984163483,0.0,0.4694644280831263,0.5927111929361061,0.5522813606855959,0.5985605582889374,0.5365820139599365,0.5249491729288932,0.551996984848882,0.48406952410544934,0.5462493684318247,0.6023398559178684,0.5399191415535048,0.5329461425880369,0.578959076900945,0.49052038664114156,0.46922376569461344,0.5585626766138473,0.558627625659352,0.5174508107770798,0.4889945776112591,0.5297163831011246,0.5184335983027143,0.5775665378175094,0.4563591860020639,0.5108422234993258,0.5903977784957442,0.5831717008821117,0.5367315112159795,0.5481630349624556,0.43398658018036396,0.5546878033002843,0.6174493078395972,0.4897686541588213,0.6000480325653951,0.5541964368255836,0.5807069127709458,0.5782489121339759,0.5893331220898377,0.5565676394243113,0.5485509954750432,0.5223259611335451,0.5176592118840806,0.5526121388482881,0.46531192455218606,0.5632619573905164,0.5951555603055383,0.6090648306532073,0.5039039551109897,0.4979344066912382,0.523828654474311,0.5837816601543669,0.5187139247835337,0.5437556804623087,0.6327854736626546,0.5797379355183738,0.5557038360596649,0.45468272164668616,0.5211731446519411,0.5313942085452573,0.5606746519408105,0.5360380856245757,0.4745799001749179,0.4984966643169387,0.5054574420698172,0.5518411911477014,0.5646961919214581,0.5511575790443286,0.5663995380489519,0.5099989967062659,0.5701630920840726,0.5288089863690264,0.46070289633124256,0.5363066390143046,0.6315263202335463,0.4737105598892414,0.42966863233676267,0.48556123244298766,0.5816734941189947,0.5748403145932608,0.4706636580733139,0.5840599104910562,0.5490283195010358,0.4812264423868064,0.5974480701826128,0.5172320773949193,0.5059583009952665,0.7289974168026697,0.6081269750455998,0.6482410648767121,0.46350519048305466,0.6122501433873265,0.5141259986713278,0.4568610103587416,0.5073601022995516,0.5863101854036605,0.5226234350379002,0.5027311754903745,0.5376878811028822,0.5717993804259235,0.5147725714353757,0.5986364961269509,0.5086335306405262,0.5111579615015397,0.48943119991418427,0.5707894341782872,0.45141185372012593,0.52244291988658,0.637087221434093,0.46002269763124704,0.5901455342324352,0.5142002187886091,0.5376789212017427,0.4986315314527141,0.5420841404462624,0.4778237514905648,0.5548343893756306,0.6455843480621682,0.5616058093124418,0.4295436365434801,0.5614041685808622,0.4873269618573457,0.5207525445990656,0.5408956697698978,0.5725338679684427,0.5009844621739231,0.5710673784702774,0.5644186620680322,0.54185726778763,0.454271593062679,0.5441912311551012,0.4676819708970378,0.4935008005809477,0.4525683971783531,0.6105219942429951,0.5098625441034257,0.6195250143882582,0.48007094188912736,0.5625994579444324,0.5921573610301951,0.6250492658842977,0.5549918685129932,0.5253095069244137,0.6126938412424743,0.521208328156644,0.5179155166175151,0.472967792454332,0.5284403993532973,0.5491513644643669,0.5330328395678875,0.6001200606611503,0.5638339630149737,0.5110445550706194,0.41630756335768937,0.5480530634087883,0.5033662994858725,0.528107769456941,0.49235063007494495,0.5202777122913707,0.5591541914360608,0.5624422070990163
0.5799605609169484,0.6820417653609244,0.5880054825528552,0.5620850105917982,0.4694644280831263,0.0,0.49413832321081913,0.5821349409535109,0.5479007813417145,0.5602212008575548,0.5922072011404855,0.5292823503587286,0.6082432152718221,0.5459795151535171,0.526537061589331,0.5413844323043101,0.5302175261909223,0.5112694766416754,0.5096390261223994,0.5085669610457901,0.5655456976772847,0.5982132393189468,0.41421641814717314,0.5353314908971025,0.5687160298904347,0.4846910126943129,0.4409861628007663,0.4823652338024501,0.5559101361839528,0.453108893688436,0.5569846350320696,0.5721285475078507,0.5671636689096662,0.43380269113915015,0.5601854801751146,0.5041699258489077,0.5590687910134676,0.5174947924579109,0.5102635489971412,0.5411548732052821,0.5123767337209391,0.5917954523328637,0.47288062026846145,0.6053709836311034,0.5293503473748443,0.48575774739661987,0.4637765734076509,0.5702566685237396,0.4916733503998205,0.4887958429945075,0.5445664538112869,0.5555933086367684,0.4966491548301788,0.6039659189589777,0.5525734021430803,0.6151305501689994,0.5293858550569188,0.5352521126651459,0.5290797357017204,0.4924167196071495,0.6901347915043003,0.46860136644712636,0.5786592060274274,0.4536352302522876,0.5096732155133231,0.5392906466468784,0.579922836427875,0.5411232391881863,0.45450189217110776,0.574269686679045,0.5847463187547071,0.49337742621353703,0.5810780056304081,0.5790981028268865,0.6016347504292724,0.5059262448254496,0.5209124078166611,0.5034957440203591,0.45326179720360976,0.5338694288699087,0.637300936179307,0.5394810975452764,0.5829595997304393,0.5654177001623366,0.5234337728344032,0.5577865138563488,0.5973111869204469,0.47174011570822244,0.5143191378708912,0.5775439942802498,0.4922467706504957,0.5227465792836767,0.5052413808800023,0.5483986177188565,0.5564067909324119,0.5700742872384874,0.5294879572059595,0.5233839940175876,0.4723827672132666,0.5650140522120678,0.5277158659713,0.5018680311849074,0.45685185780048004,0.46747886392355265,0.5388616520466694,0.48059329226055575,0.5040229073537363,0.49818839842228896,0.4959390719296077,0.594231958609709,0.5609834054657143,0.47955923344632473,0.6607742270058092,0.4953502900004462,0.5141789263415125,0.5629161986424633,0.5452519673429257,0.45926988754405706,0.5914924895079112,0.5074112532854703,0.4971237551047565,0.47835828717923456,0.506790722265504,0.5931237989934187,0.5511072872296028,0.5836509560352408,0.4885850967291659,0.520168668764637,0.5404231768321217,0.49345008596998985,0.5469116542110907,0.5908956365145057,0.5238169101821994,0.5836378441029981,0.56301949006821,0.5229807773559207,0.47518536214724794,0.49906883987501316,0.45976076274851796,0.47891467179675334,0.5709735991706948,0.5605161932394274,0.5433262868629668,0.5101351580684638,0.5560915204163644,0.4467994266948495,0.5560132641006184,0.5115649695313798,0.5171147710223963,0.4447061299139245,0.5661669588199942,0.5457129239936654,0.46768684912452296,0.47352607824382525,0.5458326137253956,0.5863268255103411,0.5204314788097715,0.6258812698292264,0.5699083212221758,0.5193131329640508,0.5174588259295906,0.582526404332358,0.4673160687835672,0.5749288252034117
0.5243772042769694,0.5519586930818473,0.49058229047131996,0.6075215638583327,0.5927111929361061,0.49413832321081913,0.0,0.5220305087242756,0.5304055360927983,0.5637921044623303,0.5305732543464969,0.5620336951921664,0.5029494473084005,0.5331614907456822,0.6254930931166376,0.5097895819417338,0.49890219368723454,0.5365119978694427,0.5043093693806759,0.4490679791832029,0.5265726913834894,0.5203508586383805,0.5213676258000908,0.5083175584124409,0.5550823842335342,0.499588793138413,0.5357334843463775,0.46389988522530606,0.5315177255173554,0.5330446964440407,0.6062563439638633,0.5767115630377142,0.5823509383633138,0.45674260395723787,0.5404772761466171,0.5430729569204208,0.5263776682383636,0.5089084746425592,0.5569819530549575,0.5986273545832342,0.5221344055618721,0.5457313124347182,0.5179457109971379,0.5803965385193823,0.5176334970105034,0.5114050359786784,0.5014792985073284,0.48387033427632237,0.6170379498749985,0.5159948793482779,0.6412180979052488,0.48329400011146206,0.48535547064977097,0.5506684520838876,0.6520427653725628,0.5256655572537184,0.5259042929159848,0.5511980542111041,0.5969710342162964,0.5364176145857976,0.48514900308082826,0.49108017148480126,0.49500752082719285,0.4744811526618088,0.518617904655257,0.4814745666250226,0.5446392347181414,0.5210223285498102,0.4731903340821415,0.5392766351642513,0.5359486915195135,0.5386133894095573,0.5004542174046188,0.5829022906975834,0.4883721515286704,0.51689069785752,0.6007557844291738,0.6426072420108545,0.4457386630027885,0.46924251054833005,0.4858857719913049,0.5529951959438691,0.5808611496002469,0.4505865095741718,0.5408990220390861,0.49241032451974726,0.4966451022314847,0.603980487619794,0.5435264110691307,0.5142792710569354,0.5890514948239144,0.6388629356096517,0.6197393271983519,0.49794116817464423,0.5792857953440715,0.5415857952473285,0.4435990909400747,0.49178060505717613,0.5191368990302997,0.5681997879391824,0.5406383643877183,0.5498929508395369,0.5637495499798462,0.4947211326754174,0.5391696991397054,0.4735831687930846,0.49719979103475237,0.46338050113500256,0.5599958934236029,0.47938195006678935,0.5981075719790353,0.5385037918544407,0.49476825658800494,0.5306401567334901,0.4969756656088353,0.5100394583671917,0.5133902883069096,0.5483192379547205,0.4820363344956241,0.5118761221563752,0.5410531183232883,0.5226461684855501,0.4254058914993164,0.6372210325102127,0.48442077622021334,0.5710751581970771,0.508752223869643,0.5634255349339462,0.48607878405122357,0.5258144242324699,0.5005790633857842,0.4881308875234376,0.4753296726379502,0.515556812969584,0.4647584881345066,0.48072097946837733,0.44562777722539737,0.5793728900091639,0.4706103728347984,0.5764225229752563,0.5221831875702746,0.5364462882593242,0.6051449182673141,0.5356308516964674,0.5482242469735018,0.5078074980394729,0.5307831047963714,0.5378794246430695,0.48614354084818845,0.4110336394253874,0.5538005251648255,0.5709248166150223,0.48086865334421713,0.5424903052168368,0.5512716568886198,0.5308801755626656,0.45684389664480346,0.5841867934694169,0.586398336608501,0.6238919150004332,0.49511165141304536,0.5362635432064199,0.5157186855200968,0.5432178089886327
0.5871438536103836,0.6280679918462947,0.6461149894771329,0.5904521550985392,0.5522813606855959,0.5821349409535109,0.5220305087242756,0.0,0.5938694133511485,0.5937618224106397,0.5792885512042177,0.6138052729567576,0.5978387930210618,0.5593274010257802,0.592886358155022,0.6547728286847678,0.6291596932790009,0.6128023608228764,0.5639315061422746,0.5580996761211592,0.6667853943313583,0.5855637237382278,0.4995202285381631,0.5529895389523,0.6123715478979982,0.5740420998138782,0.5453852016107703,0.5291585760524253,0.5344028792075525,0.5438317647321844,0.6389952198592028,0.6300017949150407,0.5890556995987366,0.4905427596711136,0.5819687185586642,0.6359043414073402,0.5509250343067809,0.6637274683688101,0.5837813879597946,0.6346162789589742,0.6277070975705552,0.5989921743105494,0.6122620151570645,0.5845142686850126,0.6690628344802806,0.622364998484725,0.5521940061407489,0.5243979411430004,0.5622193042928101,0.6229626570971398,0.6474278084504056,0.6016031029385526,0.5286528572824317,0.5959272962351714,0.6244322987119183,0.5744167538771217,0.6376814770574666,0.694223672266295,0.5960464852333346,0.6184359002967389,0.591841670490899,0.5443907580408376,0.6834980089337104,0.5483524876412598,0.5639896862359091,0.5997846251855764,0.565956261266045,0.5327974400349862,0.5561450865018011,0.6890210532772473,0.6182200703643514,0.5771443083315327,0.56857282098279,0.6837282749686657,0.693072937612733,0.5144861153212916,0.5877366105881755,0.5742148759973766,0.5771011061288075,0.4776248834645417,0.5877897310165171,0.594937216694169,0.6046641204094578,0.6088624654894016,0.6643994592946988,0.7003629195758913,0.5857546411037319,0.566709162028787,0.6245795963033732,0.5748797089452897,0.6073286533307712,0.5756461602841545,0.610336999321201,0.5501773681252017,0.6055711720468263,0.5420370837411279,0.5500862198340193,0.5895513935519575,0.5282766390333467,0.6404822826850808,0.5321109996597511,0.6600095348782596,0.5537590305305173,0.5387367660875961,0.6920367880134499,0.619244358658139,0.651589549586393,0.5655655612893318,0.622945718620996,0.5268429651144484,0.5685917493493369,0.6139485855580503,0.5370299467158008,0.6035715761518355,0.624671670681755,0.643236871830302,0.5989783480992263,0.5329294076491579,0.557354854859348,0.551522448732534,0.5962865124833383,0.594980833233108,0.49586234743124863,0.6274057070958124,0.5014505217745904,0.6118018786527856,0.5596373730142802,0.6570671618755008,0.6150289030407082,0.5950539207035037,0.6195390242126607,0.6754914377587865,0.5226530717267174,0.5688033941677775,0.5537576391324822,0.5184998586250499,0.5207989434145806,0.5973197538142565,0.5719267906558263,0.627788219613064,0.5290437337588367,0.5951191723193011,0.5995913311269447,0.5930976723207583,0.6070890410051885,0.5218132418214338,0.624353858409418,0.5803124531652815,0.6045743804854034,0.5155341669177865,0.6197474452563316,0.5728838865457754,0.5483278336557871,0.5868561513282392,0.6672798106099348,0.6027730999962092,0.47214594755849915,0.6647131040354788,0.5119007621555884,0.5507891576872652,0.5542437899300684,0.5647710886024514,0.5529395242826285,0.5821406251721458
0.5866257621323601,0.6067588569220701,0.5517497673187125,0.5376031766025323,0.5985605582889374,0.5479007813417145,0.5304055360927983,0.5938694133511485,0.0,0.5388244616392149,0.5564650990915974,0.5038967932118102,0.5490467700780244,0.6494251151957805,0.5940490695634271,0.547056954773363,0.5255063396961045,0.5961738055524101,0.4755246160599168,0.5010733964723407,0.5514303469714462,0.6284040447164152,0.44548580778112007,0.4915330181488777,0.5352570897604264,0.5006475731723945,0.5281989203082277,0.45666815843917247,0.5233973732373003,0.5481627356252524,0.6169948744609062,0.5597463730039851,0.552577873554267,0.41032567230403555,0.5893631138030073,0.5579760423311896,0.5427598429659162,0.6384870671314395,0.5551113991288847,0.562766617336899,0.5411049202871442,0.6483660695229289,0.5169044432401828,0.5645291490148756,0.5212142454278967,0.5121439890945427,0.5102281740576204,0.49934262149538766,0.523456754821357,0.5681369506499688,0.5887262041423139,0.5093772725298635,0.5479652512172832,0.5360420763864095,0.5557937895727245,0.6264238073220063,0.5626567318381448,0.5766870205216637,0.5790587519699127,0.5465872103494278,0.5403468992984468,0.5568440558493581,0.5622343621204255,0.5271639125348885,0.5838154108023546,0.5242617671958737,0.5803216007946906,0.5831295336722918,0.5264306131168738,0.6361284123684562,0.6645259935765568,0.5971890136172121,0.5773657516046368,0.5819654655967664,0.599319204518678,0.507944056605127,0.5470068652963376,0.5761501513501607,0.46883201897369725,0.5000328885305929,0.5745820003702474,0.6352479513213443,0.6738483411567331,0.5367955149977918,0.5816544217071553,0.5917554343575717,0.5690839423244034,0.57626556438805,0.5362965432453023,0.623968176808186,0.6077678638272836,0.5918488669296743,0.5849182593243112,0.5173393727916434,0.7153887119078912,0.5507383436071602,0.5295474425552801,0.49328749267877037,0.6075869138677281,0.5421606305562148,0.5806574221008847,0.5379330595507963,0.49850908977970015,0.4648351328861606,0.6324951151498163,0.49989456526367604,0.5069304967560606,0.4823963172702709,0.5408851466509779,0.4883445113366025,0.5046118830528691,0.5836390242971421,0.5473572796604426,0.6398972696397243,0.5299161101332889,0.5636905836568562,0.517287002975219,0.4980937378036126,0.47691228412102377,0.6116496630026648,0.6520170426165023,0.5701615212469402,0.4596882923530188,0.6065699699375828,0.6202986961305754,0.5326265339959025,0.5552094351751898,0.5715063622387867,0.4853286043177367,0.6000524553631916,0.6554771070576495,0.6284939491362757,0.5529708635485456,0.6770586668226589,0.5158997741317606,0.5872755454698949,0.46788018644625956,0.5694215532812447,0.47729589500273334,0.5854714765511897,0.531634366708386,0.6373037185625356,0.6223835529165368,0.6395393636143957,0.5960610741602308,0.4731394270556277,0.677626728877815,0.5576373236723584,0.5074305945595879,0.47676538769121923,0.5710626924171431,0.5981341083737839,0.5118856632594361,0.5359746878128925,0.5345925538805113,0.6123850555102152,0.46836332317184054,0.5771626865409121,0.5566826105686422,0.5515612258488316,0.5296176119451922,0.6102630165016489,0.5873213214898498,0.6349676920211514
0.5464237973642168,0.6096163548781488,0.6077560404184282,0.5286771953067192,0.5365820139599365,0.5602212008575548,0.5637921044623303,0.5937618224106397,0.5388244616392149,0.0,0.569181100686493,0.5562639647539488,0.5845123521632428,0.574859223368401,0.5569472333985513,0.6091272524142933,0.5483034961904343,0.5743486992957438,0.4928209695456292,0.49132415090281034,0.5446694117236535,0.5547193256741348,0.493239021964065,0.5002393767554892,0.6516148431768463,0.5150421229280294,0.5431980226590974,0.48563576850056084,0.6964779137166507,0.54070610601804,0.5973234388585952,0.6446733562027626,0.5412739879064289,0.44981281865160766,0.5517066822784851,0.5505856973834283,0.5746298509700539,0.5796640701147482,0.5190608727481497,0.5814586739833809,0.5277268612841245,0.5733641560658611,0.5525433051409661,0.5752953287778838,0.5584763257009822,0.5275753281328179,0.5412324089360652,0.5405350089862897,0.5854295058602871,0.5162695786321716,0.5642683825443968,0.49585419673180686,0.48026684237210604,0.5267173510233738,0.6426478843645501,0.5826714853643584,0.5230073717306467,0.5819849583641695,0.6053465676984618,0.5216218795375632,0.5269149966359947,0.5024701018921042,0.535684676118173,0.5188185634195732,0.4977983312694013,0.5082515391985025,0.5421804767015078,0.5676693244219136,0.5542057764598343,0.6249633600156401,0.5484976262663038,0.5674910488874806,0.5174254247565813,0.5831908721138953,0.5628285068238998,0.5422647456093889,0.5544624340431743,0.6312330910285286,0.48007879558866867,0.5037460342818723,0.5815296863465669,0.5016002317115325,0.6363353575471282,0.5526423963242322,0.5450478977901932,0.5526409745712402,0.5505792441947018,0.5652031629469697,0.5916533864188473,0.5262925179086753,0.5513529890280562,0.5505085432250009,0.6008126065067921,0.49187737583559415,0.5554879105591943,0.6148930777342869,0.4579943644145848,0.5358497562284893,0.5085703971255957,0.5606452203458809,0.5586512978148439,0.5688414624683712,0.5190453576807751,0.5579895001337748,0.5563599777989173,0.5200361042640321,0.5258757823802933,0.539648427367683,0.5751086917056721,0.5215664239025055,0.530310203877912,0.5238908977740977,0.524911208653609,0.5790052756028573,0.5263783691277152,0.5337766292791505,0.5653630008464581,0.5876066803143897,0.5368321019374022,0.5396602388926074,0.5302834037983899,0.5311207669589624,0.4588993136497305,0.6086454430473442,0.5029667407300416,0.679412246676291,0.4913081166682545,0.5702441159944021,0.5688972990706009,0.5792806549830429,0.6065945558025776,0.5509025030274782,0.5095524746922111,0.49462165816344666,0.4959028229148087,0.5126823246352638,0.5094088606911419,0.5606339224894411,0.5272005882636571,0.5667633104027598,0.5674242249090156,0.6171170744806199,0.5363856194152123,0.5352927165375072,0.6112518541456177,0.5009612675347731,0.5276575031664655,0.6046989278990831,0.6199260090705827,0.4733573433657077,0.5287781699005094,0.6206395381230554,0.46675463359405484,0.5867600786066153,0.6008087902442802,0.5670063943166886,0.46656157798294795,0.6422202366411871,0.5395601086542682,0.5657103754636731,0.6050428919968702,0.5719047794712382,0.5393255270555187,0.5249885704207503
0.6418611817508859,0.607166215450861,0.5746510615692482,0.5463557106774813,0.5249491729288932,0.5922072011404855,0.5305732543464969,0.5792885512042177,0.5564650990915974,0.569181100686493,0.0,0.5862867521665825,0.6420175185524407,0.5470300700846995,0.5311448882583764,0.6387725512718736,0.5902042756348546,0.564665136344139,0.5445012680257342,0.5715923423789029,0.5794466534058639,0.6079336244968142,0.490038894903728,0.5967035900042437,0.6582734590522914,0.5209364802642121,0.5189160789091026,0.5697612958048262,0.5742492326749146,0.5217568048735091,0.5722155215625248,0.6091038621353452,0.5065089672220953,0.4868352591983533,0.6246124134610762,0.5108476235934797,0.6232609537791548,0.5576564367010538,0.5377581502782823,0.5975299876822984,0.49271808646453746,0.6259922351272954,0.5171872363154368,0.6075453709282282,0.5728058275544821,0.4958643041413935,0.45786238846346244,0.6298965606646596,0.6009336059068139,0.5065893527051136,0.5495915860616356,0.5203434694067555,0.4522216512295942,0.5545437368327583,0.6085264135109578,0.5487025394643956,0.5686297467591449,0.5830924319013445,0.5569788657774221,0.5078855260893608,0.592091953960064,0.4370535315724685,0.542068604958549,0.49291021072361996,0.4894340292328376,0.5134253944541253,0.5772714191154998,0.5193681005262114,0.5048739836054976,0.6303645143255954,0.5471941886796505,0.5244705028220913,0.5975277159858698,0.6049522257739595,0.5879711402107829,0.5039593532274629,0.5760375405603191,0.5412961854660686,0.466084177816853,0.5093873233241382,0.5229532360947903,0.5123058845308943,0.5670972273596234,0.5467084413266254,0.548614529528256,0.5660386459268867,0.6240174426708884,0.496829812880607,0.5249106010210863,0.5466917323716802,0.5353804003142048,0.4967968506793745,0.5442976078660535,0.5406221859806214,0.543249202635986,0.5414193880906648,0.4580496293560795,0.5166488836444114,0.4772188916421507,0.5452738502200812,0.5469005511327169,0.5382460456490264,0.4723279028143387,0.4724028835785754,0.5359450370472953,0.49767175595138724,0.49756997548841175,0.5646602114109448,0.4975117759439138,0.6154112616901991,0.6108367885651826,0.519967840395879,0.5757086636488437,0.5389143578264777,0.5130472319327406,0.5914791332965668,0.5447627085887349,0.5649734501625685,0.5708173265914132,0.5014381135442123,0.5488988847929926,0.4650944177133859,0.5324837220538006,0.5851834288994231,0.5429864128873645,0.57996444417932,0.462707793061729,0.5441945656464601,0.5498147125112478,0.5022058703632245,0.5519773270583685,0.5564153098870811,0.5650398768307328,0.556893693277204,0.5907185835931869,0.49416446594071645,0.5192281913635255,0.5420257414875854,0.5417574347466779,0.5127762575085683,0.5059091510024344,0.5788737231687923,0.5265558781785232,0.500827126217756,0.6022230548305617,0.49053880680652057,0.533550878628906,0.4779623748779055,0.5653549363216321,0.4628479773148,0.6336718308685485,0.5136759587874118,0.5291502127699385,0.48584243849187886,0.563195062440116,0.6001035123034774,0.5951069475701389,0.6084456452493627,0.5714658484248899,0.5628405111701869,0.4717980383474938,0.5879463475263415,0.4606947939265058,0.6850762799642912
0.5288075364685393,0.5936674855565911,0.5593426035821548,0.6139228963931795,0.551996984848882,0.5292823503587286,0.5620336951921664,0.6138052729567576,0.5038967932118102,0.5562639647539488,0.5862867521665825,0.0,0.5124848786823565,0.48016153784289023,0.5700920211814733,0.5817612112527434,0.5871960767056391,0.5247254313365302,0.6675046350279745,0.5196478843926797,0.6416248125950388,0.5375835015327329,0.5445565854309342,0.5946869742226724,0.6060454723551024,0.5208896615746762,0.514795150344371,0.540809765900116,0.5374301220362052,0.5253046994089664,0.6040991610033584,0.5749455001599373,0.5678160316126436,0.543421685525092,0.559270273728782,0.6029119583548679,0.5046577838609289,0.5422188522182033,0.6200967975387177,0.6018625258426584,0.5998344505543312,0.5493065756242574,0.549410109765633,0.5916404767151044,0.6008833656611177,0.5413658642642063,0.48983471624566793,0.512248566336154,0.5872958486863118,0.5504259890637104,0.6051009323567795,0.5566053376502449,0.47148879956805745,0.6174519582885344,0.6656939113799364,0.4972845146581892,0.5869210286781353,0.6680067956463711,0.5433373544982553,0.5651695678093712,0.5183971136650344,0.4546626027211768,0.5511472571427058,0.5039126310025612,0.4994019072437625,0.5048470801709323,0.5025855454242868,0.4545592853659695,0.47471193732116984,0.553538400126727,0.508221255308477,0.5072915566697033,0.5052360069310925,0.6040735004467616,0.5590581000783635,0.47092237239667795,0.5564865752163899,0.5554019462360884,0.509686655581377,0.4414100049166461,0.48954192985911,0.5356319589527652,0.5286896630395729,0.49322128862906867,0.5857387424029574,0.5698448234551495,0.5061419390460663,0.5027634587796,0.5396417344985481,0.50487821586548,0.5593128068163259,0.5582056972225382,0.5999471334657348,0.5180004731772682,0.5240722448972407,0.5140744893377384,0.47447922839017115,0.5734737692224021,0.47894526155899864,0.5675666165343742,0.4930919339717668,0.5704888187383476,0.5397376859249056,0.5501365601787873,0.5581462592881413,0.5261895743445713,0.5675316979080951,0.5456571821868452,0.5507821908948298,0.5282155408898038,0.6785030848557865,0.5597611821529889,0.47625693209156666,0.518984771145071,0.5330235301142422,0.5721852086595188,0.5585690452276812,0.5548193486087531,0.5599264054772304,0.47932937407740617,0.538428757137434,0.4975328958972731,0.4756905913013225,0.5830511932885083,0.45593174151020416,0.602624311550304,0.4884348481143205,0.588513916119757,0.6157162898059092,0.4929870508727095,0.5118822983526852,0.5336045906403666,0.45954912058086483,0.5262030713230744,0.536444781168119,0.45496071188802817,0.4934356679431312,0.5641897105501472,0.5521168673725223,0.5800907471914126,0.48170212780126237,0.5226583121767577,0.5596299602783897,0.5288298162322258,0.5555328911035045,0.5081469653598537,0.554983424710211,0.4977553158201363,0.5687933229989458,0.4778309417374646,0.6024858705711303,0.5243629427513391,0.5638214113719261,0.5263248851204461,0.6666982632222638,0.5187293284003969,0.4646150295652668,0.5999642057298497,0.5038549190552706,0.5219875407695139,0.4652198536453789,0.5166225242803815,0.4812083442630034,0.5586012567619569
