0,1,2,3,4,5,6,7,8,9,10,11,12,13,14,15,16,17,18,19,20,21,22,23,24,25,26,27,28,29,30,31,32,33,34,35,36,37,38,39,40,41,42,43,44,45,46,47,48,49,50,51,52,53,54,55,56,57,58,59,60,61,62,63,64,65,66,67,68,69,70,71,72,73,74,75,76,77,78,79,80,81,82,83,84,85,86,87,88,89,90,91,92,93,94,95,96,97,98,99,100,101,102,103,104,105,106,107,108,109,110,111,112,113,114,115,116,117,118,119,120,121,122,123,124,125,126,127,128,129,130,131,132,133,134,135,136,137,138,139,140,141,142,143,144,145,146,147,148,149,150,151,152,153,154,155,156,157,158,159,160,161,162,163
0.0,0.6129542051366547,0.6254771741401589,0.5940483306136187,0.6177563270779293,0.5622428089014581,0.5715689109195633,0.5406062554207345,0.5672796907559875,0.5910026677341182,0.7023748231207475,0.6131649825785511,0.6492551981639276,0.5971676730383003,0.6137042554771058,0.6395965817648935,0.6096853002155089,0.7800857317086778,0.5706386124396743,0.6889933326076357,0.6740366596155342,0.6420504944965957,0.5851887542563357,0.6810645218245024,0.7276223961622872,0.6135505430555893,0.6024973432185106,0.5605504715878222,0.5820597703638247,0.544947484556908,0.6348509403509678,0.6331930728908148,0.5942158393277098,0.5492040397880279,0.73492762966741,0.6530951243109184,0.7227099615869598,0.6146938489752722,0.5251236709144351,0.6692328274383434,0.5684693594990462,0.6191617562822166,0.655405391725146,0.7188407627333556,0.681247408650459,0.6719405213199836,0.5802899637115629,0.7149444143436702,0.7094793827485576,0.6544053163496913,0.6405469737808573,0.645526869138114,0.5465731526760098,0.6215105510721064,0.6500774961760749,0.5674931446849846,0.6854379131891379,0.587378844507246,0.5537110694433726,0.673938003103246,0.5397571827812578,0.541649897753273,0.6272187992058126,0.5891752042355376,0.6302296202898686,0.6606109359981316,0.6104773294558425,0.5971504225280629,0.583271618249148,0.5789066224915798,0.6907209432660272,0.668547989741442,0.5712803405862164,0.6230963458063351,0.5694748998404561,0.6929131054534342,0.5471849503891599,0.6192516673722529,0.5291687307002152,0.4860292246553664,0.5400507878441417,0.6271608012560127,0.5447129808831167,0.539742945031512,0.6304408592153379,0.6056940181764953,0.5834888980951262,0.5516365170411148,0.6180952137496443,0.5437197173354958,0.6705953868794293,0.6210366837087355,0.646999879207857,0.6662566467835346,0.5945000787625319,0.6105837314468539,0.5275619747386668,0.619206672773843,0.5855900775785122,0.5956744386474794,0.6047214372783953,0.5337997549851846,0.5761495681150792,0.6101495933419736,0.6730563348308581,0.6057404415081675,0.5698969048757485,0.5429030211892278,0.6684236616336122,0.6937829203410738,0.6985185243384288,0.6662947774965594,0.5735023315427594,0.5267834176705531,0.646052166920094,0.5960374180139741,0.6027793389651176,0.7061123635572141,0.5537210689576887,0.581228923005652,0.6507443539863043,0.5019298258957691,0.6090393631237392,0.6484135194116287,0.5651374308332144,0.6155625280364668,0.49711003096515294,0.6289364414863163,0.6111917000862791,0.6794533354780168,0.5339052349920698,0.5652728758168432,0.5280059997966488,0.5474284620896372,0.662789398249248,0.5680739659833225,0.5444022472837698,0.696890700076202,0.6286224710490921,0.5690991881665558,0.5819219612085581,0.6476436639679309,0.60860301598168,0.5713624569073381,0.698987256240377,0.5010159905782605,0.5702740419825533,0.5036156104040681,0.6713061485271268,0.4877234735355501,0.6793010221714418,0.5167384994202271,0.636292168093007,0.5456846638796377,0.6011393480229217,0.6637566403962027,0.6115050321304812,0.5825752869831788,0.61320295741258,0.5673953152684886,0.5559261549407597,0.6150168237216108,0.5057747153865235,0.6688608509395946
0.6129542051366547,0.0,0.6107298880818944,0.6169212486138735,0.5717944080402612,0.6491654480671146,0.5324968081516653,0.5482223366153441,0.6616465067323284,0.6254895714567635,0.6257778547119313,0.6455836054699394,0.5591287727637109,0.551115950306061,0.6017064477914266,0.5708261592073532,0.5589589093281846,0.6090451028657682,0.5868881112836227,0.5502369550402394,0.6309782601629794,0.6905068356257232,0.5071059935108964,0.6248952063766233,0.625586080860921,0.4882847733618335,0.5865032029268636,0.5172995094993063,0.6766146412507192,0.6018600228370081,0.6194783713026489,0.5390135704407175,0.6752685123354104,0.45750505074090647,0.5648636747471107,0.5568534961854367,0.578348984653653,0.5988368208524422,0.5658365628270551,0.5916554635164515,0.6211427340615296,0.6766872763835095,0.49432362612578223,0.6041309167149406,0.5298166595692132,0.5788448472626663,0.5035757149792579,0.544274631908739,0.5483532891907303,0.5319463018045757,0.5596764746599452,0.5771309423467721,0.6432402719079217,0.6289772431013612,0.5592648979860797,0.6695277363948605,0.6174785834497052,0.6027585970476186,0.47862539209000154,0.6092820615056308,0.5561011005709894,0.5166749163958589,0.5468472129440707,0.4826216702811113,0.5684840545086001,0.5563018937295894,0.5579635933262762,0.534899407588048,0.46704340216897733,0.5696800584174789,0.6081336568788857,0.5631869439284009,0.48672153821973846,0.5503552588819067,0.6220160467593163,0.6282725703759136,0.49799387760589253,0.6392312731495772,0.48676707386362916,0.5517917880303265,0.6287011225463862,0.6315455096579291,0.694583475664499,0.5363535238836881,0.5681778472899246,0.6308676072228704,0.5327521546882664,0.4640012676629379,0.5883507129662691,0.6875895249268811,0.5702580048310979,0.6175599184342447,0.6018870005713143,0.6392238083266645,0.6050684910107214,0.670968279993108,0.5618150539621621,0.5583530650820927,0.5381017452252774,0.5276450519197387,0.6026863989248298,0.47434890131756174,0.47395800242700836,0.5920617477638275,0.5683571323690666,0.5241171939709479,0.5265762093849777,0.5244679022983193,0.6002480174970359,0.6554266753610579,0.5841099797064574,0.5512759781432922,0.5224838254683908,0.5950057811206075,0.5599420043598976,0.6367350584323842,0.5916237127943187,0.5332613277756522,0.48775375663653814,0.62201671942169,0.594496368661763,0.5164101766015355,0.5135342695953953,0.7451880263163968,0.5837443740954599,0.6592054963762499,0.4734863891518179,0.586472604976488,0.5441939675436641,0.5803815291534372,0.6478007283333439,0.6151650351435525,0.5477390182619023,0.6529851881695923,0.5885252396103688,0.5524502636042725,0.5167378037484404,0.557067456253646,0.5058960448165468,0.6061929937084926,0.6093394672360226,0.6070801870739346,0.6522724830655703,0.5758115459523651,0.6454206296300544,0.40482140540801,0.6542232210612624,0.6221638020644406,0.5814456208966987,0.5182340260018122,0.5795496613131725,0.6208199414584048,0.6112509578410936,0.5144394888713948,0.6278138923437091,0.6512598687547043,0.6394447874429333,0.6521435383693885,0.6125087841707175,0.5178686701826775,0.5887318027964975,0.6524272728622176,0.6046643795276383,0.6859829416402442
0.6254771741401589,0.6107298880818944,0.0,0.6750003310389662,0.5485532841465957,0.6538777262087669,0.5495229657527245,0.5942828433497408,0.5304491660003622,0.675046502407608,0.6281475638883701,0.5838659101784641,0.7200726504848258,0.5930931324991079,0.5318748551153034,0.6794113178867858,0.6519126401520479,0.648283195541553,0.5297602570524055,0.5479815816611758,0.6970837710860766,0.625209663273555,0.5391890913655605,0.5697845818997594,0.6518342141039465,0.6232364180188951,0.6284994332998064,0.5593367802375586,0.5572045800941429,0.5276114016695151,0.5384567712700296,0.6780235309791738,0.608913589924263,0.5205120452996219,0.5384516922481033,0.6214695687214497,0.6425227477976901,0.5719981772267907,0.4859280855680683,0.6718279114680783,0.5435494186982156,0.6927077308240266,0.5670126048626167,0.5760930088368985,0.6510132188999818,0.6806551450627967,0.5770170857376463,0.5740981888540168,0.587608479314342,0.5923736598065112,0.6563211761738226,0.6651952954681986,0.5509931445080122,0.6476513314116139,0.606106907654489,0.61515322166757,0.6123860925680213,0.6285607069574815,0.5394226356533549,0.6720204217189688,0.60800538324728,0.6091369161732335,0.6531164270975975,0.5279112490734124,0.5572903437529467,0.6742476321886549,0.664000407250424,0.609184508968934,0.5795225257919362,0.5946468168377054,0.6532860454078981,0.5507167836257035,0.590867537041498,0.7317863509896374,0.6311042916887164,0.5940127265115845,0.6231264856122025,0.647445324310174,0.5029035828247136,0.4903262406247925,0.5827712741066519,0.6124180428716436,0.548888864431128,0.5503111036404198,0.6412352687912007,0.5843512473380725,0.5916400472226112,0.5328138345151596,0.660284061224349,0.554260826136019,0.6604286259258298,0.602331457031483,0.5825862201705349,0.5912354865552425,0.6149492234240153,0.5782438492596462,0.5502233779795362,0.6219811198262377,0.5350191135456696,0.6794539249553807,0.5247524992652889,0.5835090193246875,0.5689519193897388,0.5640962227771329,0.639282791030705,0.6487345115866249,0.6717472577398707,0.5434494959662544,0.6788063636766654,0.6405921696983677,0.6561801341534145,0.5976129440135091,0.6333041292938654,0.5663200396733632,0.5997115981097375,0.6410195693491314,0.576327947729426,0.5554050228813984,0.6011451187178891,0.6349172186489647,0.5447695164845999,0.5493836095851496,0.5446778613808073,0.6384327968878027,0.48306881790283385,0.5932461981764559,0.5757805409466807,0.6600041942031446,0.619051449870712,0.6010379074308589,0.5681052186866209,0.677725623553058,0.5203508056033008,0.5169711721042883,0.5531594023775223,0.480960152228799,0.47131211355591324,0.5503325664271214,0.5499111232761319,0.5317787688723112,0.5510633308047727,0.654222812235572,0.6428260043723648,0.5962215260104078,0.6148190211084491,0.4747176017629647,0.5419463001697817,0.5585003205570224,0.6046715123799278,0.5048716679263754,0.5543591148616677,0.498622177147942,0.5847863967508744,0.6040113605619253,0.6067939779687301,0.6170062520456674,0.5662887753222198,0.6667829507112022,0.530952197261843,0.599234759349492,0.6127441117825907,0.5361491241306806,0.5332785025802003,0.5651493653830223
0.5940483306136187,0.6169212486138735,0.6750003310389662,0.0,0.5452607179431241,0.6417286398729589,0.5494359372879941,0.5830069811164533,0.5368509968190602,0.621227186535533,0.6585931529984981,0.5809569616424167,0.6234412770964453,0.5990499811331791,0.5574647228459254,0.617638354304837,0.6069231019843325,0.6268265936650042,0.5613083684634016,0.522020378205984,0.6696992662269954,0.6256474913766654,0.5141370249019054,0.5461221195038607,0.6069188295417011,0.5648398471077074,0.6205377104358543,0.5480897719819151,0.5958431809856803,0.5197850021268531,0.5580213594104021,0.6279532833942737,0.7120282948470437,0.4869739322378322,0.5417348074584224,0.6428469522651756,0.6008989875882037,0.5940595708760332,0.5311180855617982,0.6348796381166797,0.5834160722653382,0.6126052254045025,0.5462731481392502,0.60086080749539,0.5815404674617312,0.6269513637616828,0.5034122138407422,0.5643856133151356,0.5702874965998825,0.5884588230934875,0.688198934895584,0.6218478820379958,0.6198052435493474,0.7485825449553266,0.6754661157743118,0.5596793224647978,0.6317515500139861,0.6379807055134666,0.5273192557989237,0.6860655751909838,0.6521579825942067,0.6209094836052547,0.6609200002834765,0.5093561301881135,0.5831121193727151,0.6559093045733733,0.6420449083122048,0.559408587797285,0.5360352122496046,0.6069138875782975,0.6391915469912189,0.5670901002592857,0.5669863120518798,0.6829119618497668,0.6552518852449005,0.6046783470954139,0.6246238091682722,0.6356345779773082,0.49918601050694755,0.5095875128498714,0.5977434971278152,0.6483661135948059,0.544818845430531,0.5541624755641701,0.6481751179773891,0.5641683202378388,0.5936583945507001,0.5323261868847854,0.635341179410459,0.539428730610492,0.6565858787009917,0.6176483233909983,0.6368093806736574,0.6329694805881588,0.6686157238302731,0.5814034137730224,0.6074044152591878,0.5586331156381457,0.55107946984804,0.6199367065342923,0.5730279159626255,0.5870847122394575,0.563796176610338,0.5583855647929288,0.6709266167085486,0.5604599116210207,0.6502978595300463,0.5013249964244443,0.6406553575412361,0.5723411481163087,0.6631976638736552,0.6055800322955999,0.6088517841758101,0.610785310614593,0.6104264160628482,0.593230199318639,0.5710993357505478,0.547071229597455,0.5617987092870171,0.6569491273179935,0.5584978717086994,0.5994036537142311,0.5068934203797377,0.6711614888562742,0.5105897439367187,0.6299715124972616,0.5595099338539679,0.6174933747448842,0.5895388765806567,0.6027713292183507,0.5360051993477134,0.6713383763231071,0.5584195419778836,0.5697114498390766,0.5630544620458877,0.5019369795921838,0.44925617222396014,0.5511402078764527,0.5176909817276543,0.5686847634534936,0.6278709789464428,0.6493883730479311,0.6746365125376464,0.655059832001872,0.6264083512660903,0.4346476266348984,0.5438728495658344,0.5886722738463813,0.5512687686476929,0.5046439314077288,0.5867848130535378,0.5545042638234174,0.6126337113685563,0.520669467540446,0.6019586535038273,0.619042969645462,0.5732925018431078,0.6211990915294944,0.5969462938473331,0.628748233761694,0.6082452718650969,0.5638390081816549,0.5666013444391244,0.5889950993415516
0.6177563270779293,0.5717944080402612,0.5485532841465957,0.5452607179431241,0.0,0.48831237227264673,0.6089243522038934,0.4673727645117025,0.5584328976480606,0.5290490901079365,0.57081465951801,0.5444963974762709,0.5099328531855148,0.5757710010323528,0.676589312607793,0.521036349123778,0.5109175817550872,0.6331610445498624,0.5043587672610523,0.5313084601207134,0.5768715453503266,0.6358417908562681,0.5170180895423683,0.5737310573203307,0.5530796433685309,0.5173583876267838,0.5397485283137456,0.45418132979812464,0.5680145487089053,0.5240621249264059,0.6041923663737694,0.5399512963425727,0.5921363390069332,0.4501125798005622,0.6423835647822899,0.6438964158326724,0.5604602806855106,0.5561621255739428,0.5377354274151053,0.5840221589076163,0.5664503905590772,0.5582804442164307,0.572650937794217,0.6702688524190249,0.5297754498817527,0.5544106296382476,0.5703950168163824,0.5764714702012583,0.6087385822467897,0.6412858998587113,0.6142854169194397,0.5405520512544966,0.5725378702606168,0.5897304432777946,0.613843781134684,0.5158859461532134,0.5807597102051276,0.5292553302570507,0.5360675408320601,0.6096303010362586,0.46358127420475925,0.5453491262436271,0.5360192673329961,0.5703284828365233,0.6628377011792345,0.5334755820301695,0.5314893601161793,0.5646880755024826,0.5230282184781005,0.4974933770253987,0.640341341494152,0.6422598109318675,0.49758661366279205,0.5422265931357682,0.4933708056984374,0.5749466707258756,0.5017565271185157,0.6292885818160424,0.4575618052115614,0.44836357387749176,0.49243989532243443,0.6382185594975421,0.5347311171477755,0.4562344622688864,0.5470976005037357,0.5189154917919446,0.48086949392764283,0.5491005938544911,0.5135836232101031,0.5008108518370833,0.6647134129801665,0.6603335749269483,0.699589421001151,0.556724779660027,0.596343781135205,0.5790300198829548,0.5039883989769643,0.5112346913431872,0.6398378039312528,0.508512994779164,0.585654557866841,0.47673173799400065,0.5391766080984604,0.5504796269112229,0.599325634621089,0.5026712107208212,0.49754113286222496,0.4529851387584293,0.620326781090577,0.5415804313665183,0.5912238915168297,0.6247020561790383,0.49045090343275577,0.4905146059229158,0.5406994213682474,0.5048166167846746,0.5063665531018298,0.6460835426721346,0.47625624010427137,0.5423929390998125,0.7096090875898851,0.47743700948258583,0.48355009943976224,0.5979672656163132,0.561888711495346,0.552427684950342,0.4860535702228544,0.5734955370688601,0.5077311389867648,0.6670445070174027,0.48597397236245793,0.5096536367737006,0.46070339854000814,0.5403509800659544,0.5586565780333729,0.6139253494698083,0.47246467168809,0.6912417179568717,0.5158739949312026,0.5593957035178015,0.546459716927904,0.6025806578860492,0.6093689762531972,0.5997669789859088,0.6102115051815844,0.4614120146500099,0.5911714781995808,0.49054545636196645,0.5390312902096303,0.4479750889568289,0.5594487884106436,0.5202719353998613,0.5927186357878922,0.5415952914473893,0.5210927286930912,0.5592875982564782,0.4971468077047499,0.5076582197614621,0.5957458787929748,0.5182185052306969,0.5145378311247879,0.5538636433010707,0.5019574933493955,0.60141294250158
0.5622428089014581,0.6491654480671146,0.6538777262087669,0.6417286398729589,0.48831237227264673,0.0,0.4830025519161205,0.6143157970533863,0.5675356913677503,0.6256272177527437,0.6221204144022197,0.5913538701468081,0.6159669161378253,0.5219065282949945,0.5079107919144107,0.6114901429828952,0.5659811057342412,0.5531408297949457,0.5470512922865541,0.5051754975397653,0.6094988916881029,0.5972411728058854,0.469668935810341,0.5326379280426572,0.6077393210554827,0.505253483833027,0.5647114031109127,0.5313091058117374,0.5833651324706,0.5534577330525094,0.5433577978468264,0.5650340224783276,0.6166684181881458,0.4575595800011068,0.48991778407511166,0.518721029829246,0.5965295174262062,0.5644153696060882,0.5100929405928107,0.5476538373139345,0.5359880245254285,0.6423131870754971,0.4830614304042571,0.5429739603910432,0.5315084390487038,0.5668230914241574,0.469932733950396,0.5354088467060569,0.5024882247006243,0.49194489058768,0.5502114919038789,0.573411989287809,0.5528830894700532,0.6044365572349175,0.5445110331802601,0.644695698031833,0.5706634813589857,0.6368071205468958,0.4536032529012367,0.5638599876555146,0.6775950741129922,0.5321514127529375,0.5828977828810088,0.44310125811718626,0.5020667945220287,0.5787484163473502,0.5812209991086081,0.5408076553837047,0.4673683706435112,0.63042902810116,0.5844579554486294,0.49728175572146327,0.5014280848729353,0.5761676134187617,0.6844848986204533,0.5835109514568159,0.5418470629162992,0.5930952079683164,0.4860003273758316,0.5769121312609161,0.6707440727310561,0.5714616004837064,0.6176045615580761,0.5826325960573864,0.5649757067743172,0.5884095730957776,0.6215361305284148,0.4531516619273425,0.6176143037435206,0.635695397972329,0.5426367719552005,0.5436749257776448,0.5324845384282088,0.5907218389112874,0.5658451742213311,0.6153351949443182,0.5718732263508511,0.5444077053285356,0.48142195252473363,0.5458751687824035,0.5386520491392138,0.5277945779830348,0.4709446077276427,0.5386223168760418,0.5543209810396925,0.5383526593499538,0.5661352757927501,0.5206408818151876,0.5492528517833432,0.6093781456395705,0.5652771241875392,0.5121915249309539,0.5776103268351315,0.6237885055772318,0.5474053556583612,0.6267237942400399,0.5652511137870229,0.48616855487716787,0.5102513569926764,0.6268291505048573,0.5040591903541148,0.5699513614309346,0.4992370807499032,0.6754587490082822,0.5016397542776263,0.6385351019640153,0.48586164963205997,0.590153030101833,0.5427714397079386,0.5247015416179824,0.6241320356063764,0.7149371899827899,0.5984398430454647,0.5713297940412592,0.5407998883545189,0.4725737925176761,0.4728657704167432,0.48178245739409936,0.47483175059419985,0.5481876247808682,0.5896631194619925,0.5909325570945897,0.5828040299322228,0.5454919982422887,0.5963995427483774,0.3960930596090766,0.5566573235206864,0.6328313658434166,0.5454415144200467,0.511947362858253,0.5498328301689402,0.5495214261141197,0.5368816723059592,0.48445824969312495,0.6155594458674885,0.6434311633300419,0.6302258647073694,0.7291904649424669,0.534049083755644,0.5462826962151215,0.5857600266063853,0.5706498922473295,0.576286485195262,0.5829476927506838
0.5715689109195633,0.5324968081516653,0.5495229657527245,0.5494359372879941,0.6089243522038934,0.4830025519161205,0.0,0.4367899256124743,0.48695895017965796,0.580204620608904,0.5155710900691167,0.4766747691379955,0.5419659492065904,0.660274228297188,0.5454110686015486,0.49263377611965486,0.4992113739057478,0.5860058078992446,0.44283222679595335,0.46900634872694785,0.524090504365276,0.5733918470948446,0.516645800528276,0.502713045760754,0.5324053235022792,0.5098890263725877,0.540603619921776,0.4476098848316192,0.5207616388572518,0.46318927576215074,0.500860056781221,0.60852749245524,0.5321636865861319,0.4522562562038211,0.5539729025115641,0.579956877111411,0.5527181766095084,0.4691560966540379,0.44213793596905515,0.6128773208981407,0.46410895985104317,0.5901185187707906,0.5072173410733747,0.5543929221670933,0.5195075442524021,0.5251768025868607,0.6004490346156438,0.5145905026181391,0.6315084989378055,0.5728569551487099,0.6302449021631142,0.5028639796880061,0.5257399770383048,0.5590243446461067,0.5847547306163976,0.5330387412363319,0.5073890119279195,0.4707090677023938,0.6526633882026789,0.5799918842226728,0.4598172902027368,0.5729536586054004,0.48706439614766756,0.5508535040521687,0.5867309298113793,0.5221042125752634,0.6098913624525131,0.6223447041812414,0.547983584513771,0.4585576461841133,0.5873447033601878,0.5647488681608889,0.5618459711794113,0.5907928077257771,0.4582337937215355,0.5663880531801068,0.5620083407095747,0.6146445945909756,0.40092219792155964,0.42475108973253284,0.46106633969378147,0.5782841432098257,0.48477415472391633,0.4170010984867092,0.5192233892032095,0.4513126625633145,0.4613553525256935,0.631278238386139,0.5143623573391832,0.4659505720749368,0.6284105082527809,0.6930321939618351,0.5876031861140981,0.511366910732694,0.6068299368976399,0.5244471875363123,0.45541458198960777,0.5001366011709784,0.6057200667650016,0.5867146103197927,0.5158812302534439,0.47586779498013243,0.5685900058342797,0.4792469176222479,0.5481349162616228,0.4819031225298009,0.4948086512003725,0.43391484072726927,0.609566156938761,0.532637754907211,0.609904596121846,0.548073922544965,0.5581750673494035,0.45956181823499115,0.481842832366033,0.47821950114151784,0.4802324441302633,0.5937267936915129,0.5082455336780229,0.5400486272475062,0.5323358309994866,0.44285418857154124,0.4643490815216799,0.5453871951772226,0.486666117962833,0.48960763521213413,0.5706706685558706,0.5330632551807533,0.4852910711555133,0.5785905372543383,0.46246037890339636,0.47620529695485125,0.4297220344298209,0.4611644039322819,0.4758257042678132,0.49699729591965525,0.40938562621782154,0.5698120088218849,0.47135410692241286,0.46379995643532446,0.49865711056909556,0.6093776692977274,0.6534644499177237,0.5714536102480007,0.5289782998799464,0.5093777568901362,0.48252341603504917,0.46492594552048117,0.49440482099904104,0.40628994688015385,0.47988182239574356,0.4628014654606461,0.5099335154799955,0.6339491744719856,0.46665906734014656,0.5086830748536768,0.4778479143174938,0.49271247061950707,0.5622765981705635,0.5890477268700257,0.5218344409733205,0.4903516522415621,0.46069933983516587,0.49984181408247763
0.5406062554207345,0.5482223366153441,0.5942828433497408,0.5830069811164533,0.4673727645117025,0.6143157970533863,0.4367899256124743,0.0,0.5534858574503781,0.5364062796774629,0.5972572289933807,0.6251521422187957,0.575664641985867,0.4633994879720827,0.5094336071470962,0.6297244623469659,0.5404379992629558,0.5458235620338856,0.562199668891264,0.521403832781861,0.5741319247864515,0.5398475092025403,0.4767230984179615,0.5166982795688833,0.5843046102239597,0.519139539913153,0.5993368184020171,0.5383343322310078,0.5037776784200768,0.5774374382080596,0.5694037721459502,0.52161888897595,0.5848564432692515,0.4733210336942444,0.474680143049049,0.5165581233022266,0.5777558577921161,0.5929858558592426,0.5292487551339566,0.5077681228158663,0.5371329479240918,0.5260760663588699,0.5255907983651074,0.5070884951868133,0.5784080733710026,0.5971599619360454,0.4478510853411487,0.5172250051931169,0.482690667571276,0.4933954437552625,0.5199854175303888,0.5455047845756854,0.4859725952246175,0.5457946018932186,0.5306559853748677,0.5210101946830015,0.5685509920319569,0.7206781541625007,0.41846282527394363,0.5572809621769607,0.6325343736704774,0.49662518412289686,0.6041990798869074,0.43171027711828486,0.46994086409303204,0.5587100789170791,0.5143099146900445,0.49214305937466,0.4750690750752333,0.770940557192616,0.5489833493653519,0.4796426483040691,0.4536233329404648,0.5395448007762753,0.6656725126896363,0.5249652200210961,0.5151095064830643,0.5275225948711055,0.5666471002469847,0.47852800843843657,0.5420044036723204,0.5370932305925232,0.5572272234098791,0.6151698278820575,0.5389592469647752,0.6322090112430533,0.6638534906670408,0.4415817541706912,0.6241187463535313,0.5841784081232734,0.5280498625833323,0.49226110511416543,0.5133390585493677,0.538615526555088,0.49041355755412214,0.5645244792785779,0.5579427468346161,0.5244922273529352,0.44235453346712467,0.5086549000343544,0.5021624570725987,0.5923997266222162,0.46733313012181904,0.5617471858309038,0.55745168174432,0.5735046327542601,0.5671317693945673,0.5183791202097009,0.5258664268591646,0.5234598823283758,0.5134942568182103,0.5092938178996411,0.48905883756985374,0.6000870914195138,0.5748366146657914,0.6001245826686435,0.5258074496670134,0.48824201209758805,0.4600877845214907,0.5491662636920783,0.48970423716331546,0.6421418840445604,0.4680854021911159,0.5905694983310691,0.4480910298110133,0.6301383676110011,0.44045500211476446,0.6569960410586365,0.5292449718091108,0.5200266005922655,0.5742547390397316,0.6328803630908056,0.5959053601422983,0.522365916932606,0.5408619516844996,0.4396071019858071,0.4990839483299888,0.48177631127208287,0.5138373258298815,0.592477465241448,0.5495039592346821,0.5143625832980907,0.5065482793490164,0.5007124242164432,0.5587057707774151,0.39491482642625914,0.5518672545091817,0.5613478215764228,0.5487717673873742,0.4981742378225839,0.584251123831144,0.49364643788789236,0.5420906243827747,0.4589666158554512,0.6284954805913189,0.6374323142139541,0.5674612029252464,0.6363819125091278,0.47678196863143824,0.48749992958483196,0.504841393804963,0.5096829440784519,0.5218395820339965,0.5468464312841159
0.5672796907559875,0.6616465067323284,0.5304491660003622,0.5368509968190602,0.5584328976480606,0.5675356913677503,0.48695895017965796,0.5534858574503781,0.0,0.5305531801182654,0.5717906832276604,0.6000783280455565,0.5003700741420368,0.49806226508423196,0.6517724673757945,0.5126378560242887,0.4722744047904437,0.550626987418642,0.5316285624541307,0.508005938058984,0.5354571006261353,0.6573805686119084,0.45110593361767165,0.5415363150064079,0.5517714372085916,0.44992817551954856,0.5417775307923439,0.44788180694460644,0.5731097550956568,0.6160499187803419,0.7241102255894167,0.48560121284130825,0.6358969591573347,0.4105285682426441,0.5344920859143983,0.5191551882811134,0.5589039351129577,0.5787597746585673,0.6199278782805892,0.4955973591164074,0.5636902579119966,0.5609311179764895,0.4848329679799697,0.5675646830398717,0.4943856103913363,0.5169233033449835,0.4594676776999663,0.5224587562101615,0.4919678669294526,0.500545263489217,0.5131578994900055,0.4924228432089751,0.559877747983211,0.5559431738255556,0.5289181899726721,0.5795612337468367,0.5480696337226366,0.5771321593988976,0.4319739743802058,0.5368208937936242,0.5225752886841047,0.49109214145652613,0.5080268924325219,0.44481020451479614,0.5374661499311472,0.49634378835317056,0.5071691464354116,0.5256003285295268,0.4399849655574293,0.588455602982111,0.6000851763583803,0.5276050476576616,0.43605931985106544,0.4874478190014523,0.5498464160356876,0.5577842817479122,0.464334826823589,0.5647425228030604,0.46728031414188625,0.49282659550627084,0.5393028964696519,0.6273926610470928,0.7148600133408028,0.5007432153732417,0.49651969914162947,0.5860984535247694,0.5421382176193272,0.4494634049478075,0.527391860764272,0.7174357728987611,0.5295622439739252,0.5797240615166456,0.563538068363247,0.5458800246052197,0.5348724539939734,0.712601123000654,0.5636804437698079,0.483765629217805,0.5071045145257802,0.4616140753004821,0.6022703200322381,0.4736708566729685,0.44279133534000525,0.5531765380081299,0.53562303786298,0.4729078879172693,0.466923092869183,0.45741135090997215,0.5187662463757142,0.5362569960468524,0.5044931692853244,0.5104021532477804,0.46767987307206765,0.5613816775065424,0.5082757272227268,0.5303664936491876,0.49828500780368257,0.5134982860909743,0.41866741136913166,0.5584987358768245,0.5707503009443505,0.5349624925760438,0.44602611946177123,0.6466184580446479,0.5750268452099914,0.6237975345885592,0.4274562752444304,0.6001795088627534,0.4668335799172784,0.5619050812738647,0.5958427861823654,0.5515691666787271,0.546720479476795,0.6527306883331945,0.5732776082612461,0.555163696226136,0.5022029873377941,0.5284055210643112,0.46560996823075673,0.6405535472453426,0.6040896092992943,0.543644374900803,0.5629066709760573,0.5447543834611985,0.5942420735746691,0.38279267168704456,0.775853416015812,0.565935153887775,0.5187079871650154,0.45904106218123375,0.5817850413228101,0.5762833547344112,0.5504899510684226,0.46783434135882956,0.5581330019639995,0.6765242587401286,0.563863573750093,0.5652828716901428,0.5644795665381193,0.46500965792530735,0.49949418923696365,0.5874016132989887,0.5627281874157437,0.6360930939514712
0.5910026677341182,0.6254895714567635,0.675046502407608,0.621227186535533,0.5290490901079365,0.6256272177527437,0.580204620608904,0.5364062796774629,0.5305531801182654,0.0,0.5745056366393776,0.5543109361486336,0.6602932842013476,0.6162529275734508,0.5071152860752071,0.6199496997804417,0.6084179464416479,0.6277698504015679,0.5010718335908855,0.5090575220913949,0.6004488044631383,0.5709938329391399,0.5618063973773937,0.5315452358917713,0.66616284441504,0.5552045886289081,0.6752525607227655,0.5457097235808895,0.6084392601251497,0.5515848459647438,0.5223523686025684,0.6556763211566924,0.576552725911396,0.4999348881689984,0.523030415569447,0.5614258332177205,0.6165551551738377,0.5495218290995867,0.45845350698804493,0.654480917250268,0.5173104502127019,0.7383197376742454,0.511372051586443,0.5450280506421715,0.5710641286997642,0.6187042950867184,0.582119039760062,0.5241758174838436,0.5987016026725851,0.5286163614261659,0.5902994005817764,0.5798056219555177,0.5480555458377228,0.5663660608077559,0.5659315378666545,0.7141237683701024,0.5609638458037486,0.5750600230826849,0.5370002884713834,0.6176322434769204,0.542966944609533,0.5865973112492544,0.5477170862140373,0.5121704481985808,0.5214865680173006,0.5845053163676497,0.6325287424321163,0.5972560708225559,0.5470204214270726,0.557798856343018,0.5831018090934273,0.5563982431942335,0.5548250540728572,0.6298489424907384,0.5843662446026041,0.6601538733076481,0.5697197950940182,0.7158068969211271,0.4703552265625096,0.5269694539953398,0.5973933782333426,0.5566092520747471,0.5776906827941873,0.5276802986246414,0.6033948759955976,0.5527006056866344,0.5427510127178871,0.5230228601636808,0.6939888502864022,0.563303676555751,0.6149783565822758,0.6196276054496985,0.567113315601064,0.5644637413618531,0.6112606261008102,0.5983409888549595,0.48856901195127433,0.6144673404804428,0.5459688911117531,0.6497537984830118,0.5368503688864107,0.5136488627709039,0.5448074565715944,0.5707847915795021,0.5763659004683432,0.5850699952859131,0.581461490298422,0.5543117711919652,0.6655109955097355,0.6215033249900181,0.5994994185170539,0.5576101714171995,0.6059714439659866,0.5926014022505901,0.5569043883073107,0.6227351402405894,0.6018676869414951,0.5447343318589543,0.559124633559086,0.7101135487016321,0.5204019365737272,0.5251412856959948,0.5246829688454111,0.647026717531005,0.4925171188445786,0.5893710345939135,0.5544930349361488,0.5848314266109678,0.5828991155607767,0.5793458106878875,0.6271481000019379,0.5974140977948158,0.5184691650632772,0.5025568806511416,0.49509318167794114,0.4716641070808336,0.4701116805622291,0.531883099777724,0.5156722873440459,0.5223399045184491,0.5542890350393074,0.6677088225802743,0.6428087882977677,0.5632704882274204,0.6040851396684905,0.46104518033165376,0.5093765842270486,0.6006460190465654,0.6006437189355374,0.5081162808815316,0.5121201858336152,0.5322808691325073,0.5254376770060176,0.6090138654193389,0.5929619425582426,0.5813282314405536,0.5573000961705674,0.6825458343615634,0.5495925887896911,0.6227750644291855,0.6985340225425258,0.5673082638295905,0.574248645723069,0.5425745579417774
0.7023748231207475,0.6257778547119313,0.6281475638883701,0.6585931529984981,0.57081465951801,0.6221204144022197,0.5155710900691167,0.5972572289933807,0.5717906832276604,0.5745056366393776,0.0,0.6450826544956713,0.6386457323548974,0.5608778635023546,0.6022474842278693,0.6825423941027302,0.6108429964107317,0.6784438173637224,0.6231974300503523,0.6286638242608491,0.6914785824662757,0.6455968857389124,0.5296428072944327,0.6415793309644613,0.6789774184623776,0.5847788130989774,0.6043877751902011,0.5757764682986609,0.6288210710512998,0.5613251985281033,0.6427090907113613,0.5983995588864974,0.659732555631718,0.5112824982684645,0.6193505466742333,0.6224011220660195,0.6991214214763829,0.6797491258940203,0.5919482606603474,0.6172389343647581,0.6138622289012555,0.5783909130007725,0.6103145133605875,0.7050299400249336,0.6196202455120524,0.647595510726562,0.4955262967593207,0.720565094341189,0.6036507126744207,0.5972632727473053,0.6273037317507942,0.6336584423755929,0.5721320940441312,0.6762668964605079,0.687500576988,0.544328372418402,0.7214159787880977,0.664389556301934,0.49631912173806575,0.6585952776062632,0.6324490684897717,0.5415269259564571,0.6888156686616548,0.5176203789676601,0.5891526336875248,0.6673525441213938,0.5948598140601723,0.5554331137613817,0.5289003178008991,0.6609704842614466,0.6679946194576175,0.615563039060301,0.532545527302927,0.6116844799006568,0.6562613623645032,0.6642232699646563,0.5639759219356361,0.618380376902728,0.5609874892103571,0.5413817821801261,0.5976883846044129,0.6185680035114058,0.5711982590217828,0.6146175557031152,0.6349449010443453,0.6352715896219285,0.6566186227611019,0.5052567295696795,0.6280954865638546,0.565353870668068,0.6271240071771229,0.5666393599525716,0.6577583061708246,0.7228138570909822,0.5946873212830975,0.6261523182928137,0.5923708765456456,0.5635629884547504,0.5397684212782426,0.5561240841575373,0.6505290858268632,0.5704819963287585,0.5286246510892721,0.596666953944614,0.6686454140478177,0.5812137276098605,0.5944063573120912,0.531284349236479,0.6164216383799698,0.639890529574655,0.6586225830478862,0.6258966204394575,0.5642343360827583,0.5931608904632142,0.6796560457351585,0.6121265751414702,0.6001023110856303,0.6160785008204798,0.5325588209705487,0.5964264451885513,0.6347473695212573,0.5659657073572418,0.5608715433034358,0.7145139832322335,0.5676929770100361,0.7272146041214226,0.4773072047259435,0.6459150270869727,0.6057735688554997,0.6416769310461854,0.5393586001546262,0.641540015545276,0.6297686435835986,0.6066422515375525,0.7015931434078109,0.560327854914996,0.5333540202590628,0.6107289698883543,0.5805487691789424,0.6279260623329445,0.6552820641389375,0.6354550936003012,0.5865740961993241,0.5805473956697798,0.7461245960170245,0.4336922738533032,0.5842871821997164,0.5580440155308647,0.6142973918306538,0.5189183680787434,0.7451618470716287,0.5641073218429843,0.65470264404781,0.48588668076168035,0.644081226844354,0.7273696152447479,0.6913979056186099,0.6228927038739138,0.6304836399388959,0.5754327543771989,0.5637703368327545,0.6365831156458737,0.5429487575701767,0.7239838515319555
0.6131649825785511,0.6455836054699394,0.5838659101784641,0.5809569616424167,0.5444963974762709,0.5913538701468081,0.4766747691379955,0.6251521422187957,0.6000783280455565,0.5543109361486336,0.6450826544956713,0.0,0.5487991185034222,0.47632385134605015,0.5744287730627268,0.6326461765176067,0.5868889816262384,0.6064231259754537,0.7182878884624502,0.6136762762746153,0.6521525948262191,0.5851060832238288,0.5507549318290684,0.6639338797066513,0.6606216113289219,0.5134713762489068,0.6036565391284646,0.5793515216022029,0.5716804811651728,0.6841179580324028,0.642497417900098,0.5226675188290684,0.6138904121689124,0.5136448953854257,0.5517197746469199,0.5500356541344235,0.5743927070188065,0.6353868685577917,0.5826166568148196,0.5599505692947286,0.6426509579950896,0.5741687782531392,0.5467309041402068,0.5810994679350598,0.5802411303053336,0.6350742608653206,0.4893367406919827,0.5504247387490724,0.5454171276983436,0.5331858346830198,0.5372396612166255,0.6068989114780085,0.5370902856067935,0.5765371552593288,0.5487806958975738,0.5515090879198592,0.6668880627000616,0.7201675013955576,0.4399336356832398,0.6080882776058572,0.5384573736139512,0.47639351853448086,0.5865663413255371,0.46915329393066685,0.5176964273149707,0.5585148610876325,0.49744370272422045,0.48289654116945974,0.47001787287722735,0.6215047518708551,0.558118099815522,0.5326380900261206,0.4553862254383977,0.5324737197216142,0.6433349864143053,0.5816528625271367,0.4816249253555777,0.5743182345681691,0.5867513518750018,0.5035086617980227,0.5583483152843072,0.5673515259901952,0.6085544298422109,0.5754446197932432,0.5735811676148629,0.7295050306801478,0.5527544975456583,0.44385768819236204,0.616237297485185,0.6052313781278548,0.5613915737612736,0.536943069582699,0.5791713692615548,0.6207567947232487,0.5129824689169719,0.5994139265082378,0.5314324887088065,0.5829098510762248,0.48036133981096524,0.5074186818488418,0.540107398595899,0.5007994026939975,0.4759928580855029,0.6686519774654117,0.5697773173036964,0.5833053712795153,0.5468782652240104,0.5760603772786169,0.5781901191533365,0.6093120291433614,0.5724174664787329,0.5566108607854017,0.4718975414716146,0.573933332625973,0.6161146384145407,0.6823739964414839,0.6106293538557902,0.5491111423719294,0.4759970706464283,0.5482273836765157,0.5729802154690122,0.531736307458584,0.5249974292934838,0.666081740427748,0.502203667103086,0.6811250046773356,0.4344785374906644,0.6195354632827355,0.5751664498327688,0.5475638025362145,0.6094649303960793,0.5939846871017429,0.5442580277910393,0.578727216433774,0.6007841224783129,0.49359437141868134,0.6034793448344383,0.5538353184239583,0.5674397768501706,0.6638506412235298,0.5538523230734042,0.5355358047303178,0.5469121553578009,0.5113556598455112,0.6155556994795026,0.41025999696696946,0.6241446442197335,0.5603642767025464,0.634735581180315,0.5376130121566933,0.6447792856450676,0.5510547215178108,0.6476972377783727,0.47912344379813876,0.7289497697177559,0.6266593462063338,0.6194717263762234,0.647131581179786,0.5254379526204174,0.4866599230594943,0.5176178805989028,0.5927276315551717,0.5399915521016869,0.6670349081546036
