0,1,2,3,4,5,6,7,8,9,10,11,12,13,14,15,16,17,18,19,20,21,22,23,24,25,26,27,28,29,30,31,32,33,34,35,36,37,38,39,40,41,42,43,44,45,46,47,48,49,50,51,52,53,54,55,56,57,58,59,60,61,62,63,64,65,66,67,68,69,70,71,72,73,74,75,76,77,78,79,80,81,82,83,84,85,86,87,88,89,90,91,92,93,94,95,96,97,98,99,100,101,102,103,104,105,106,107,108,109,110,111,112,113,114,115,116,117,118,119,120,121,122,123,124,125,126,127,128,129,130,131,132,133,134,135,136,137,138,139,140,141,142,143,144,145,146,147,148,149,150,151,152,153,154,155,156,157,158,159,160,161,162,163
0.0,0.8604867321469234,0.7635809799973385,0.7916096046775509,0.7723621688961279,0.8575204993881338,0.8483321934310114,0.8571560086552558,0.8696420565890425,0.736376282823745,0.864558670454543,0.8366523672778643,0.9018556418685088,0.7556294481530234,0.8666772543895904,0.8144709930220038,0.8660751348743289,0.9260461418678294,0.8447223740433976,0.8735107402531217,0.842644290618371,0.8217458158975155,0.8348212515491831,0.8783778557763109,0.8582204914899423,0.8191545356975187,0.7567110105524786,0.8734945253325921,0.7426645606875815,0.8122326346269806,0.8794637631500469,0.8464871401961427,0.8214952015480098,0.8524758071373586,0.8952451535248938,0.7705208480910539,0.9027284967440268,0.8366883550870239,0.7977020720035227,0.8988681791010605,0.833937653865475,0.8728207648364864,0.8429073695218835,0.8638479260441504,0.8751651339325379,0.8841536625592242,0.8154218906150971,0.8336542058858448,0.9000572367906609,0.8315454710043714,0.8834604526880003,0.8757312465540623,0.7935117543207754,0.8232835113183434,0.7935271633683727,0.8538354743607934,0.8958461984767105,0.8362675965458078,0.8284756883165989,0.8018074869733541,0.827154350785459,0.6753847798117596,0.8697860923668135,0.6913594413795413,0.8092260923492951,0.8330765868525308,0.8646689311061716,0.8193674785625318,0.7767608635906084,0.8856768642334014,0.9162954634321315,0.7695202915553976,0.8411306167058884,0.8803095372034203,0.849714640748612,0.8622257334397889,0.7914469763558756,0.7758219005186966,0.8685279876448,0.7684783604463686,0.8359624497688659,0.858292924356715,0.843427172656143,0.8134163381445453,0.8641493063205071,0.9085462069359191,0.9004522911041289,0.8418827545357955,0.8439377011905047,0.8261806836681835,0.86276024657921,0.8188318661246956,0.8240915611268058,0.8737666081836953,0.8715944796064743,0.7983038223078933,0.7212513648138528,0.8311845377070979,0.6898377362693406,0.8678238051970687,0.7511391596791764,0.7687458946458153,0.7529765630578619,0.7305149031419227,0.8364947234621137,0.8359182870676437,0.7724975513342474,0.8617370445594615,0.8685541631796554,0.8725379377298585,0.8636047425459134,0.842117637548786,0.8849845904644242,0.7537972491502584,0.8636980381027611,0.9050817676841421,0.905519068603368,0.7392531644695293,0.8104784914868545,0.7223915649510778,0.8015620873079344,0.7524092847153753,0.8896701482774331,0.9045203694100699,0.8323570371351889,0.8098113409165778,0.7224897784078488,0.7890863697034274,0.7937809941806991,0.8137173006475844,0.8051135425646464,0.7792955527566451,0.7579560020155328,0.8357205189699335,0.8064943528821089,0.806729688513051,0.8711419608421306,0.8845910251613818,0.8035676868288648,0.8619188973952796,0.7651629706230373,0.7473500518029293,0.8696868715911559,0.7467747995542556,0.8445693804469863,0.870655881511717,0.8605550816983513,0.7715279712169035,0.7983746611997653,0.6432041160073164,0.9308327659483709,0.8160542883700492,0.793651192882337,0.7494464759609594,0.8344282152221711,0.9099300597155553,0.867785642953302,0.8542159504366549,0.8171342255756514,0.8257130396785288,0.7706239116087886,0.8948049115589568,0.8731161319387705,0.9250853893075184
0.8604867321469234,0.0,0.8737089564551014,0.8160672818936244,0.7407190240901871,0.9363838991399765,0.8345900244920443,0.9713855047584994,0.8428302301943295,0.8704633521651025,0.8850728184311416,0.9298975456232942,0.900024000255047,0.8000557942908232,0.862940112876633,0.8487215232183019,0.8761302551659788,0.7982488726035332,0.8754944082871416,0.8418057978573152,0.8610411314161759,0.8942800888254482,0.784637174516591,0.8498571929823476,0.8796246934959996,0.7515378607260473,0.7940626435985267,0.8476626100213164,0.8807939488562575,0.7801278240486776,0.9272812846950111,0.9067292939131653,0.8787348870275499,0.8434534459813695,0.8703016371043643,0.8869924613969979,0.8501072662049455,0.8593919749806749,0.9040241505414063,0.8711673505831974,0.8961369973831487,0.8671427620831227,0.7772740330673304,0.8539597692306357,0.9313784732811148,0.8343794221412499,0.7963859672598423,0.8389358357168052,0.8454168841406764,0.8446162327077033,0.8616952424935495,0.8327177556444207,0.8221142305253827,0.9207971738502901,0.9013839496336843,0.8722959666102645,0.8304188202274321,0.8891301967689004,0.8473392633838351,0.846534723099372,0.9277476661290203,0.7146081857156189,0.8293343764129295,0.7613076214727802,0.7418234366893255,0.765753332983544,0.8709069560471947,0.7533695413004087,0.7756127232748328,0.8737442719692521,0.8440634190295219,0.7522670417753384,0.8003718567020397,0.8935713735131566,0.9329229379990065,0.7791754194787033,0.8162441153732549,0.7971265738793969,0.7951191731978637,0.7029745739582292,0.8422668665041261,0.8316024460063939,0.8502153174979831,0.8462173135322753,0.8128164630743413,0.9291213808545822,0.8808215326455181,0.7942666083538835,0.8461608440422791,0.85755074754656,0.8033732372532,0.8723477675470194,0.8838395464455594,0.8107694462706863,0.8505269770169065,0.8731613332986459,0.8173949323809703,0.8748731825723203,0.7072330925930025,0.8810796999943279,0.7913573172513684,0.8412651965737364,0.7174843618740622,0.7888463509540636,0.8415035557460253,0.8046094892244332,0.839172803168639,0.8673455457740136,0.8792336283883074,0.8952649276437863,0.8733152871081825,0.7895923278079008,0.8610403372856743,0.8345649241138744,0.8103199848253386,0.8635459827683591,0.8690219404824242,0.7737341976506883,0.8592891243488998,0.7460254512948352,0.752458946495235,0.7785085387364284,0.820660409107603,0.8683914018773904,0.7706705859023427,0.9108814711916917,0.7709842089692568,0.8743584870501463,0.910305487655067,0.809961945558815,0.8672930575312008,0.8262191638173452,0.7216277678110455,0.8426505853901307,0.8635518719113895,0.7585443554202549,0.8267328709377487,0.8468167781027433,0.8340052020699107,0.8791383029490331,0.7835467122214126,0.8302570371156845,0.906390742764541,0.8809893064268446,0.8786023411369498,0.788925317095327,0.8954142604845347,0.8435980841122903,0.8867202801167983,0.7328378134832336,0.8414448304430716,0.8604013475854727,0.8302918042318138,0.8397214671343746,0.8702852478261773,0.8715790536997023,0.8111206741648345,0.8571571954408392,0.789808735987491,0.7616296988679487,0.7939280672446273,0.8226157524061223,0.9546919323751727,0.8056308088232911
0.7635809799973385,0.8737089564551014,0.0,0.7270107188923131,0.8253990454011099,0.8712570562727534,0.7843920783163678,0.8482423637223817,0.693652715417048,0.868733964673298,0.9005061941945088,0.88823582189197,0.848427334147993,0.6466460717092432,0.8235212213648108,0.8940029254419208,0.8795748479984964,0.7653060756321259,0.8210241801009069,0.7578165139893221,0.9145868588089747,0.943145953767292,0.7296862059764417,0.8760449157033233,0.8374851953251652,0.753066424048314,0.68047013286714,0.7507983819769373,0.8456313161394807,0.7852657931620424,0.7641335046401672,0.8420123011172678,0.7644690861084578,0.7205004872358629,0.7026936924509587,0.7606490533266747,0.8113646599830968,0.7595216656132111,0.8614830455324803,0.8307783439745553,0.8226427832593534,0.8669213449305969,0.8397975237291049,0.8133819354306648,0.7997179067153519,0.7838503603585889,0.8054170551956618,0.8809745518751857,0.7974925584862514,0.7859033657117374,0.8291683116223851,0.7933905514721266,0.715896295726233,0.8657970981693917,0.8305318844752021,0.7522147402691096,0.7807651618579402,0.8851917965944756,0.788662198234006,0.7173445121063676,0.8279357613388553,0.6214406079108964,0.831088209177858,0.6652033394640826,0.7069882485440256,0.728569333168667,0.734659148213294,0.8103889758763766,0.7984434578376647,0.8273185377490032,0.8157011591281818,0.6207922364961528,0.6792044282333108,0.8911533785268092,0.8499835534513949,0.6479016364489234,0.8422327202372305,0.8236861840646487,0.7216636074207288,0.6943119862239715,0.8691910408580752,0.7393658146830799,0.8608774418959978,0.739215067303486,0.7209855134711317,0.8129134351637493,0.7680676841860733,0.666089425073359,0.6951743407234151,0.720203817784767,0.7795078154879602,0.6945663497086686,0.8392073685025212,0.7066808104132564,0.7349763037094296,0.8090206481971124,0.7186241573342362,0.7509870834319299,0.5783404128319689,0.7147458295737397,0.6453570834413779,0.8907876385906497,0.6396940720090887,0.7568702207229717,0.6876709383609332,0.8052679271688389,0.8349788244930345,0.829376649686182,0.835906652030883,0.9177194015022412,0.8355913033055592,0.7000187987227774,0.7409434265779377,0.7034515708183301,0.6938570355325383,0.7912202887182397,0.7433573060015831,0.8276239432597017,0.8581365249525142,0.6005706125456296,0.742035938706178,0.6625639425115666,0.7268611645714206,0.8414559148139055,0.6283115438750457,0.8673078642101983,0.6578507355380107,0.8076637218532132,0.8268469514754024,0.758658914476189,0.7491258119922648,0.9002884216540021,0.6002927861881695,0.6830236443004686,0.8457915565281663,0.7471632341985918,0.8022895095058156,0.7441484834731034,0.8102456919192765,0.832260385107729,0.6919501552684225,0.7484699427877903,0.7532654483700669,0.7768733854237083,0.8411242357515982,0.70517168373533,0.8629858916920092,0.87842840243097,0.8715483847848398,0.6570882908156599,0.70768815359365,0.7524073718080047,0.8107736596655759,0.8966660542379694,0.853790395960014,0.8138472584005001,0.7869517422205712,0.8664704308008748,0.6535869389778477,0.685424777941411,0.7939774519930985,0.6673268493846345,0.8316543853946795,0.7792714872600095
0.7916096046775509,0.8160672818936244,0.7270107188923131,0.0,0.7163640641269491,0.8419708139300603,0.8853906743602851,0.8084450624999348,0.7084340803995611,0.7328518062874575,0.8151228114088568,0.847247858194908,0.7267869798394493,0.6663715229713373,0.8378859287337566,0.6809017434655181,0.7654544210379814,0.7472133710794733,0.8694590455445421,0.6644472641568521,0.8031970562143288,0.7607645390173167,0.7882420539002422,0.7815577158323974,0.815053590341566,0.7522025362528443,0.6957714522613325,0.8133585085023664,0.7425935500310192,0.6676962321255798,0.8002148945350251,0.7211858589034073,0.9540928144188064,0.7930077793542005,0.8104808480445902,0.7774252711262489,0.742471725687067,0.7066233803447936,0.7519047427733,0.8204378392020014,0.8901450465860324,0.7963545358962191,0.7079120046900723,0.8692025760662396,0.7587074536647318,0.7122053295049865,0.6781997435708328,0.7494201337511127,0.7858985769383674,0.7056338264835765,0.8588165615100196,0.8681494842371762,0.7299637023093362,0.9000283488933277,0.8066479689998266,0.734880359109085,0.7427383399022396,0.8459720489266258,0.7513789911949231,0.6947119347193,0.7930124994358321,0.5983102223587617,0.8345780289638353,0.6061848481809056,0.6913325979455782,0.6773075242336697,0.7558719277008319,0.6710933092328537,0.6636095788959637,0.8362752838122179,0.7426738724683561,0.6312519946641978,0.7906729824897641,0.8183981278544007,0.776427267648112,0.6817755521022455,0.7055529769589105,0.72313081007679,0.7480617488474827,0.6463454957099175,0.7737675474030837,0.851499769696204,0.7180110722618714,0.7196008894328126,0.7987204278684147,0.7760602433732737,0.7940154063620184,0.719225547168349,0.7253417614927091,0.686600730150488,0.848271033205521,0.8636588445028429,0.7652919196111397,0.7196433515804502,0.8462241894090704,0.8106979335463657,0.6722526563852476,0.85742011348323,0.6308484489591318,0.8194677993925068,0.6522164840357808,0.6891504368967066,0.8978869917802325,0.8326296356724631,0.7686533485261502,0.6672989628175472,0.7029501048042609,0.792570179453476,0.7572200615273348,0.7535391101003496,0.9081036625651645,0.7632668501864641,0.8380075685506813,0.6811206268670694,0.7730966548427075,0.7968756393079603,0.8259246398923038,0.6345338888135669,0.8969879569766608,0.7213714019856577,0.6390384741368209,0.855794062038607,0.7398029759718849,0.8140123089382227,0.6910868385915598,0.8049324581442386,0.6847072537979192,0.6749959325894825,0.8057393401667204,0.6527428347049455,0.6769150365584852,0.6791894459439258,0.6055069218457518,0.822279253009081,0.7148402639472218,0.6271677778040268,0.6543263858741333,0.7960254900903116,0.714749145194226,0.7471630013487437,0.8776842156855917,0.6390909709920319,0.8427050222871457,0.776324617776168,0.7332016257652041,0.7964343731539686,0.7679055945798071,0.6973559259508358,0.7181031141928725,0.5867335931037668,0.8626198980620081,0.8412691787129007,0.7226412214325119,0.6489347778186096,0.89180075636276,0.725616280876161,0.7042627479898468,0.8169720139424468,0.9011019641637419,0.746829151892618,0.7445121978887547,0.7978171592540447,0.797551173295741,0.813139003916643
0.7723621688961279,0.7407190240901871,0.8253990454011099,0.7163640641269491,0.0,0.7792619545580224,0.8481850540018534,0.703792386957333,0.682462737426616,0.6952045403287881,0.8491506029259605,0.8173620886239054,0.7563069730933858,0.6111565962672981,0.8405238266425843,0.8281757357157734,0.8025764187057135,0.7543087863432764,0.7383731200569132,0.663600842042756,0.8467445337885202,0.8289924727524087,0.7447831809375214,0.849928585828157,0.7428669693939135,0.847507554529411,0.6493627710486948,0.6676437203271194,0.7395452719192929,0.8561548641456823,0.7335391253179776,0.7487406423604838,0.7582581662395881,0.6830669209077354,0.6938321760085587,0.7060049418915,0.8146797276332038,0.7296128284399522,0.807220999982853,0.8181983723422774,0.8031026517344748,0.8158147025221353,0.8665060975929589,0.8572173698781655,0.7011982357100609,0.7494849070651557,0.858321126517408,0.857964429919076,0.7996569825392537,0.7575595422724267,0.8573498220777274,0.8116213657610877,0.6621889537049596,0.7781799488354697,0.7668060851805358,0.7160902827095602,0.761097216387819,0.873183993098761,0.6703826696688695,0.6772671757365754,0.6661881715687082,0.6267690897485924,0.8244406580174204,0.6051881110909749,0.6916324112943232,0.6562605019777978,0.6644594667503118,0.8626703234145537,0.7086507861263657,0.7543938164330269,0.8517386962372886,0.6203101523657807,0.6322388014436306,0.8144190453581848,0.7055907907710195,0.6404723071063765,0.8102653795001588,0.9119293522486097,0.7124062361777702,0.7634596763785515,0.7946127079228156,0.7401378659401684,0.8786084523826629,0.6575826139923517,0.7151575189806995,0.7429883370249182,0.700163490531987,0.6816488166497326,0.6422237831294176,0.6845557363830163,0.9052347524950014,0.6922757176552299,0.8326595901577499,0.6740612075180628,0.727160067986964,0.7721100705012632,0.6051524695750032,0.6874863888828002,0.6038168502488233,0.6622795833422903,0.6293392751663408,0.7490149325325038,0.67919156926686,0.6965096484362843,0.6631749181471399,0.787900655236956,0.7071130520548715,0.7248198349789728,0.8159670712554971,0.8051505125417457,0.8157044014802889,0.7520464857128624,0.6856582570729505,0.6294761405179349,0.7054659388778483,0.7921258859835129,0.6838296596592908,0.7507273248826689,0.7710788473780086,0.6092129571866283,0.8415500283259835,0.6945110082582344,0.6883186139758641,0.8863179320967491,0.636220862273048,0.7911637835986721,0.6307549418906401,0.7849934406041038,0.7086170929378867,0.7443628461121525,0.6661593299748381,0.8014159360379346,0.5832299247151237,0.6918162991937568,0.7045451303995267,0.7530752162408644,0.7833194326779308,0.8010847703845531,0.6939022101191834,0.8281949589613721,0.6633944298539802,0.6941630562740408,0.7127283032279741,0.6857470884780454,0.8143919380073114,0.747441049629524,0.8745135270658928,0.8023013792698792,0.7145338251878436,0.5955712508848467,0.7110023386037291,0.7096334936673503,0.7272758042680819,0.7999244932187637,0.798142658727675,0.7403879287595951,0.7283001090128035,0.8664893859365552,0.6743972213130272,0.7442079876832846,0.6924262830585228,0.6784451450050776,0.7591941278290785,0.8614493722066405
0.8575204993881338,0.9363838991399765,0.8712570562727534,0.8419708139300603,0.7792619545580224,0.0,0.8447377446514093,0.9083305794792944,0.7835079358131937,0.8312080900099362,0.8946772915135731,0.9220987885311075,0.8898729920127967,0.7490284696597727,0.8233855230179586,0.8593762179544872,0.8860134169816988,0.7606316623218665,0.863328865095759,0.7689256449524455,0.8815728134037493,0.8538020244822127,0.7533473444124991,0.8344471678180254,0.8717953848806573,0.8059486711131895,0.7131977189097866,0.8210348944262362,0.857724897061502,0.791688038811715,0.8679750197283477,0.8959072187000054,0.8902256989243554,0.8284729933800169,0.8301914131475038,0.8424428002474537,0.86795168519093,0.8218064617914301,0.8452208779451891,0.8458361002583756,0.8912173944222481,0.8931118145334491,0.7820264672473587,0.9060043128991581,0.8541022380434629,0.8001478453868206,0.8255119427288696,0.8732104922584436,0.8143644996529099,0.7947901352193717,0.8860817206725282,0.9000556123284492,0.7809034740682986,0.9138395695104737,0.8759169437484342,0.8903252215691483,0.8103430209656627,0.9356035840524641,0.761835556297808,0.7840078770502755,0.8908437734394052,0.7147324545887689,0.8929408747913516,0.6915502633537826,0.7075193484950635,0.7517237449180564,0.8181596024852122,0.7923933178448653,0.7288945356354968,0.8682969860843857,0.8594817732904879,0.6955352163736224,0.8081651016458893,0.8884457256341143,0.9057481984734909,0.7682125332471756,0.8132254826445737,0.8391572510813604,0.7896774658293078,0.7919066881920656,0.931210736253095,0.8146751409004892,0.8673153909367067,0.8476636862033942,0.831949868452183,0.8864784715167462,0.9029605170039527,0.7430368203351975,0.8137927378848122,0.8115453305481085,0.8525579816453671,0.8565696683705392,0.8597609339548598,0.7914628200252479,0.838189466593287,0.8873075986079219,0.7606292139474699,0.8868629509454707,0.6909994268474822,0.8567961487182632,0.7418228360141058,0.7996053203538596,0.750279893977052,0.7917522723921885,0.8151121434163329,0.8103571020330818,0.8167041573981959,0.8637759807904731,0.84855689150165,0.8936086161860567,0.9048994487984651,0.7794517940071592,0.9116351021393617,0.7809608024301822,0.8167427543052356,0.8820359362980559,0.8802035824182438,0.7215343208528822,0.9225304483340478,0.7567127790498666,0.7419686131070976,0.8185671792937718,0.8397491794694281,0.9083874751712577,0.7529126069526743,0.9098425621626838,0.7638176942855431,0.8374139656071236,0.8984128232117169,0.7436638553545613,0.8325224145051157,0.8563798677734543,0.6989776402409844,0.838805346146129,0.7961978183781776,0.7339595448774588,0.8099405748167889,0.8116670949728426,0.7434862092010632,0.8203322138276238,0.7975395628535626,0.8127849432573918,0.8596718171336812,0.8256495293265053,0.875512594573269,0.798796239944554,0.8858171357896725,0.8489446129622328,0.840624680259641,0.712998594754688,0.8261321791954432,0.8624796682864618,0.7613816748649888,0.780747168554268,0.9008699422647892,0.8206844222084002,0.7829088956625023,0.9229888796607079,0.7909184039882946,0.8114818998934048,0.8081814289277948,0.8417710297979816,0.91887280831693,0.832916676979075
0.8483321934310114,0.8345900244920443,0.7843920783163678,0.8853906743602851,0.8481850540018534,0.8447377446514093,0.0,0.8114094057381203,0.7570061808635494,0.7958579604812163,0.8805030933055612,0.90015390775644,0.7965952758252617,0.6644576086217528,0.93085566120955,0.7707216867018217,0.7914237739905442,0.8173435642651514,0.8437818518614957,0.6871880911876378,0.8236199491079764,0.8260046754749663,0.8763373783301724,0.8601110352790341,0.8763499251848278,0.8074713451377633,0.7588106891957073,0.7863260470902877,0.7939902751921973,0.8227409582545228,0.8597917630504669,0.7895194244745676,0.9025249022779824,0.7900255495340303,0.7993641291009922,0.7518296548026581,0.8702786517567197,0.7308416450852746,0.8140400758161193,0.8758700907190928,0.8548119586346937,0.8525229155871469,0.8170702259725088,0.9056829752209057,0.7845316436849571,0.770541099623784,0.7855114448596507,0.8359863285384289,0.9065892079332593,0.7257922886607082,0.8944717788404029,0.8300656036880025,0.6957843255711701,0.8585452041795033,0.8423851636424844,0.785907351879459,0.7643820283925876,0.8924630044973354,0.7658931340759986,0.7055511834392776,0.7552108150414905,0.6069258632977765,0.8135823055384434,0.6065926783775287,0.6949944357471811,0.6691092187927042,0.7678230901435642,0.817743695569122,0.719722793588435,0.8882481599379987,0.8149696634328546,0.6562156321472421,0.7053947604821769,0.8518420106624984,0.7475635378655767,0.7413763611039572,0.7969723046915504,0.8602560479155555,0.7446127791010043,0.7180203663666012,0.7885868090305579,0.8175378604641581,0.8681457903024392,0.7002916768914187,0.7495843616623592,0.7877589525897675,0.8124897718710445,0.7814550532328256,0.755798748055044,0.7419266069655146,0.905285577469948,0.8369105582644663,0.840427895632586,0.7185381615424475,0.7924362566359104,0.8802194058910966,0.6226079876315754,0.8058923842764729,0.6197404953725868,0.7846494848121107,0.6861822886948661,0.7674517407302691,0.823184740977409,0.8266046553108787,0.7216117730034113,0.7335773666856183,0.6999058267130456,0.8133811035597367,0.8332387379179572,0.8284912787819948,0.9138482000169142,0.7529279117971581,0.7882009469272043,0.696560312128019,0.7533024708094299,0.8233693326345064,0.8021832611692474,0.7558708477832793,0.8378060976398579,0.6846673148936516,0.7192971154859977,0.8074598329539009,0.7184402555658846,0.925192415709027,0.6864694357260291,0.8741441281735647,0.6444805735264689,0.7659381119946161,0.7745279131298787,0.7343853980906162,0.7233853913459634,0.7082773502304682,0.6313743751958634,0.7576537180582219,0.7276176588319373,0.6910160190545317,0.7698468253606993,0.8576116571662501,0.7543074745549903,0.8673796573819713,0.828244858842717,0.6801789180767774,0.8188736821655974,0.7241430463535627,0.8142945793289522,0.8434897784546849,0.8420462343898646,0.8030178974309397,0.7698600655837243,0.5765990200965022,0.8430482800288588,0.8397066079609066,0.7303092682539677,0.7648564633047419,0.9056710799756268,0.8157556710673384,0.7835367367206394,0.9085247352502883,0.8526247987317107,0.8016222004328872,0.7658735139327819,0.7912596033476541,0.8469614642277938,0.8700418220394646
0.8571560086552558,0.9713855047584994,0.8482423637223817,0.8084450624999348,0.703792386957333,0.9083305794792944,0.8114094057381203,0.0,0.8438736652735866,0.8736923973605086,0.8444142644043119,0.9230825976434426,0.887004173667305,0.7694350998230226,0.8289493126392877,0.8303160287920879,0.8732260398009627,0.8108726232987862,0.8788452547280954,0.8493244063269942,0.8406704438129544,0.8482549272587064,0.8254094190727433,0.8299568403555929,0.8978842373733699,0.7391556312033004,0.8207629181946491,0.8850349533343626,0.8358750838860907,0.7830461426830219,0.90915891293443,0.885781713365653,0.8532810438278308,0.8775277234975909,0.8550767141890551,0.8569509898077696,0.8262702612328713,0.840223891592623,0.8394319947917023,0.8573139186706101,0.8698627008584973,0.8701133958458578,0.7677532510306899,0.8098299609650981,0.9478713913938053,0.8492064478202875,0.7918632455721795,0.7887264170265367,0.8417529453228796,0.8153219450253819,0.8263808157091729,0.8257611085061257,0.7884637583603957,0.8753948860357964,0.8512954137090333,0.8761165776690155,0.8168143017465326,0.878152258494786,0.8331533349508916,0.8319327450252225,0.8933124816663373,0.687447500931935,0.8098123957774236,0.7479988461877083,0.7135778507744802,0.7593388818949401,0.8407197163167115,0.7215982009103067,0.7901838195508061,0.888315364708196,0.7985721257859858,0.73146364753971,0.7926668012574234,0.8730533563780627,0.9273841975288085,0.7760383101918571,0.7737970590597287,0.7605986139398883,0.8233725023059814,0.6663622361289917,0.8099751812590158,0.8111552567029203,0.8225765237103307,0.8423530368598968,0.8146074737248528,0.9437992945502102,0.8697970246227584,0.7810442626682796,0.8788333183766389,0.8487590443242029,0.7863651695752574,0.8629851061586984,0.8342031314748727,0.7891739763190032,0.8068506224285635,0.8483784999499078,0.7785980383119511,0.9107373014659387,0.6829296287807399,0.8954959168989705,0.7443068347718811,0.8211940766795685,0.732535024679849,0.8084083709852204,0.8306888887414268,0.8171360641454124,0.8314631059297907,0.9218224034953002,0.8657005830511473,0.8731133191781136,0.8497121565863767,0.7759371296148859,0.8358961964353319,0.836948482133886,0.8077469290197884,0.8734286916100203,0.8975362707707983,0.754739991197097,0.846427900297711,0.7447678153499018,0.7067037964220305,0.7760586157624995,0.8242681175564304,0.8339522811771333,0.7252828811994582,0.8770708714715021,0.7549007157165527,0.8413302681391365,0.9059727287939565,0.7747000176697094,0.9010625086334981,0.7922402528696878,0.6989450266624845,0.8045338907405163,0.8258219833404122,0.6977084193452932,0.831267777260138,0.8211080833281933,0.8579286024927303,0.8615711430255389,0.7678565033466245,0.7870543090121506,0.8874034912959335,0.8330630386490413,0.8308300140207404,0.8202514054582015,0.857009707626772,0.8133570646129268,0.9058174279192721,0.7237805561336242,0.8338136228783766,0.8331356954358955,0.8135704144987974,0.8337724676813177,0.8835682439565247,0.8490239121971973,0.789484873644722,0.8493222634858231,0.7639283848847155,0.7348193695837795,0.7914516705800144,0.8104100325085423,0.94971754092111,0.77707317418499
0.8696420565890425,0.8428302301943295,0.693652715417048,0.7084340803995611,0.682462737426616,0.7835079358131937,0.7570061808635494,0.8438736652735866,0.0,0.7011770470856912,0.730201941152428,0.7752231739842825,0.7863445028493146,0.7537568313130315,0.7903686400945493,0.7054129049218963,0.7294155313651949,0.7861219427923484,0.7433588088530443,0.8008346428216653,0.7184000265603838,0.7701995779087659,0.7323914436842198,0.7510127690537596,0.7641133437718894,0.6733925368199117,0.7613524536606666,0.7488783346941011,0.6836087375728346,0.7732034328027348,0.8728090339983757,0.7574240846127309,0.7559440482184476,0.7528929881246506,0.8376316450369065,0.7401039799244653,0.7800802279953524,0.7705927286870651,0.746391139739428,0.7563652507192715,0.7422866663714963,0.8357816449369251,0.6830489726402689,0.7325220708685164,0.8189427947206775,0.7627981851219134,0.7465461437579473,0.692639071894038,0.7574797329641151,0.7570863485817566,0.7425956582479003,0.739139803212707,0.747441916552741,0.7357705844000544,0.7044427975034687,0.8838407650183713,0.76059809993919,0.7504370273282583,0.7312626688111925,0.7652718984166443,0.7531937752915587,0.6716606254938579,0.710376760959613,0.689234323505286,0.7264169850746247,0.6981049519902744,0.8097034201237764,0.7253628872376229,0.6877358311439138,0.7964785089964783,0.8120997021961603,0.7280030882206813,0.7596540204654335,0.7472934825730219,0.7810861982228063,0.7620199699231596,0.6800351717836692,0.6893743075248586,0.7229274002118896,0.6408924688588535,0.6979278695644664,0.8340744212364831,0.7975048955267454,0.7245981648134839,0.7375359243561324,0.8652111541897877,0.8107083607253515,0.773476584312729,0.7891843391086121,0.9030352533614591,0.7486310295574397,0.8381414910088781,0.7281273737098634,0.7527513359488957,0.7916605610929437,0.7624883036798464,0.7191896196648133,0.7849972562629611,0.7097715556803762,0.8021311081986817,0.7254495776678757,0.6725469766735644,0.6664435238080572,0.6796392027803632,0.7827109224162326,0.7301606190398235,0.6741232312793355,0.7665386934216117,0.7529738954715752,0.7661605542064797,0.7340852812854096,0.7482328153196909,0.7778524928908717,0.7601127614649472,0.738229930483662,0.8135643597493287,0.7779102956215236,0.6612707978677652,0.6798524754465332,0.7399034102125199,0.7176114755196772,0.7122609833379535,0.7675377031545655,0.7704419454761766,0.8035262441715577,0.7210042061683554,0.7194155528056149,0.7731308086914473,0.7122038907727166,0.7357687430341192,0.8788768573226764,0.6994102664091644,0.7093127338836247,0.8284891035426272,0.7366232192387512,0.7109034301399206,0.778098469717534,0.7822293344197913,0.7146377456300533,0.7870405606958328,0.6888522643866591,0.7224922988702254,0.855725964258495,0.7482524483880065,0.7396923715311596,0.7889454961400615,0.8531050753965332,0.6886530875020341,0.7387331734222061,0.6452125880836714,0.8134377505681539,0.7312754039287084,0.7387130957632805,0.7386395110317944,0.7325668726354617,0.8386123594070496,0.7492540743386942,0.7479955771983277,0.7343374708266922,0.6875290801010991,0.654132381033645,0.8097213865552716,0.866235600907356,0.7895433369877283
0.736376282823745,0.8704633521651025,0.868733964673298,0.7328518062874575,0.6952045403287881,0.8312080900099362,0.7958579604812163,0.8736923973605086,0.7011770470856912,0.0,0.8379006232895763,0.8753975547575237,0.8127982800552179,0.6717196644656457,0.7938067714931084,0.805073290879803,0.7684747324500459,0.7467875495186815,0.7942114940236752,0.714370445667995,0.7577212722393356,0.8231787650873919,0.7826440009969616,0.7562226225686568,0.9238783391528658,0.6721041161644523,0.771486255819691,0.7643964569242017,0.9126010645591466,0.76026528646874,0.8290147075146727,0.83580873159864,0.7758376783682716,0.7384575779843902,0.7345200117967751,0.7523150921718945,0.8191104142291886,0.742940634362398,0.7828550563685516,0.7545388811562034,0.7650984244143314,0.7833071547341786,0.7711524446436058,0.7750571976335316,0.8088418642631009,0.7155285598061408,0.7325020205013187,0.8159871765058669,0.824791765742229,0.6818953468743632,0.7333323211123299,0.693003679944303,0.6497089355518331,0.7938191130037873,0.852362432842882,0.7584935144087842,0.6762125836817192,0.8278021659423567,0.7893193884652594,0.6749707188991972,0.7922454182994282,0.5914986635402607,0.7167792315373801,0.6675207917554217,0.6113906188526395,0.6370116967190551,0.7141659199920773,0.7445834438769063,0.8304411090223904,0.8927731061383739,0.693964717988552,0.648374037504307,0.6449608609692132,0.7766140515830133,0.7914508662031705,0.7130882447500525,0.7328915227877963,0.7694367802962354,0.6923022716723071,0.6375200476269857,0.781405832869886,0.664488491837671,0.8101063734491927,0.755771426368174,0.6542496864425789,0.7711310836205545,0.8110871533253257,0.7188270805555665,0.7686321891346835,0.7016923658191238,0.7111759417667552,0.7387840304498475,0.8016751675331768,0.6463548445696635,0.6634833939514235,0.8906693180288383,0.6431561485175414,0.7921422375805578,0.58223822627619,0.7206960190707461,0.6923304206539598,0.8353964243625024,0.6852964488430286,0.867365280336435,0.6756150411706445,0.703221521397331,0.7210435577955799,0.86146218858318,0.7736708784858781,0.8258763025304634,0.7796269026385607,0.6377885869525423,0.7217187796744622,0.765344132686604,0.6720070301749496,0.7129776256564611,0.7781604758578093,0.8516180687915185,0.8101489589524191,0.6447053283162323,0.6205517597810408,0.7119134703908782,0.6753651064745639,0.7755843777187134,0.6308396997810879,0.9174348387422764,0.5985371601379561,0.7550743697145362,0.8403236993569863,0.7394918219933276,0.7984779354449694,0.7105703791531598,0.6239489891582284,0.6421813960014718,0.7645924987999935,0.6589201866312795,0.7872004492198982,0.7330718648604376,0.83312073818884,0.8206255890998344,0.7889830855959302,0.7295651059997619,0.7099539566923225,0.7318198877576061,0.8112922659442742,0.7318986238398438,0.7456987550098909,0.8400191788386685,0.9395957967939224,0.6412163588560029,0.7082831667691519,0.8324272579086852,0.6976635592615975,0.8191318506398937,0.8624843429826162,0.7931016603902783,0.733126463509424,0.8147942355575065,0.7157492476663259,0.6727690475081606,0.8434222142478163,0.7139809893544004,0.8651585907610138,0.6815035356432209
0.864558670454543,0.8850728184311416,0.9005061941945088,0.8151228114088568,0.8491506029259605,0.8946772915135731,0.8805030933055612,0.8444142644043119,0.730201941152428,0.8379006232895763,0.0,0.9215068562616344,0.8886870311715472,0.7044947972841908,0.8725760142826576,0.8988425330369212,0.9072645254369758,0.8286156020936141,0.882418665518628,0.797697035009164,0.9163555117337825,0.9161589061638123,0.8221395943819185,0.9148724218538465,0.8987273369790824,0.8224314679509119,0.7394561162146133,0.8450090095393377,0.8745046546054918,0.8097653031140112,0.835186616632773,0.8786720565667386,0.8305959365373311,0.8102315472660665,0.8130874759325406,0.7984189332363267,0.9050573120317191,0.8173797057289102,0.8998017748120688,0.8999188160603879,0.8614745406027273,0.8764280627387352,0.8716029536424541,0.9157123079204056,0.8354913318606195,0.7965890303733925,0.7781513872527267,0.9535991406126191,0.9177651704367801,0.8045378501243459,0.9002648178887364,0.8419170147877293,0.7322017282372771,0.9082284116109108,0.9100891701168212,0.7683193703363002,0.8424649459937622,0.919502350422969,0.8312562700575954,0.7510874743138458,0.8625406619657224,0.6314042703250999,0.8685203227261897,0.6868819746234182,0.7319119802927279,0.7500000858314779,0.8125396184584005,0.8140667022920139,0.8021514663455406,0.8931783594335888,0.8488490170066645,0.6927468508105527,0.7701002871373045,0.9231602924046807,0.8581878548299566,0.7348770326629666,0.888109773213037,0.8613102743323665,0.7722130182603218,0.7700454531532174,0.8674583718189519,0.7838416477901605,0.856648624914931,0.7853666586224601,0.8040635487082479,0.8339342960313468,0.8765514475312529,0.7518766679998233,0.746547407164606,0.7385669890397392,0.8621439805050684,0.7578223938749084,0.8987346974767777,0.7829320328584137,0.8210446598955903,0.8502656600218134,0.7039234049107976,0.7931154049734741,0.6327130900287229,0.7740734734522096,0.7324425710257676,0.8816082756127378,0.7262281546579461,0.7792831052017528,0.7518956463954997,0.790448647027178,0.8064991891557456,0.8650615456714199,0.8472632123549679,0.9330387609522517,0.933606841757223,0.7899559991467023,0.8324893057203889,0.7665083012257633,0.7684215889599415,0.8356821516375694,0.8190687558214119,0.8501761281616933,0.906327461513046,0.6614728373892419,0.7914407528047874,0.7264838114154261,0.809371251068204,0.9115194375280931,0.7339402407031566,0.9101387989154673,0.6725401752851302,0.8094543037056599,0.8578270490129544,0.7814252760300768,0.7385033865179068,0.8427864814874341,0.6956967826359661,0.7726546326107789,0.8670001109018516,0.7765792331021203,0.8269845291312415,0.8384876808243854,0.8384513242857689,0.8808318058527831,0.7689521983154063,0.7771754216449698,0.8046924534703149,0.7950447188642492,0.9184250524406582,0.7808090184003613,0.8546404649386734,0.8320943262665638,0.8579336848228478,0.6602236405166356,0.8433574223277959,0.8275475392671479,0.8311053781721532,0.7966953824272046,0.893414377211193,0.8665177258746837,0.8693405773857418,0.8926296838907261,0.7842333911637671,0.8095517284194745,0.7801090986167946,0.7887594503704652,0.8431708684717087,0.8967410086329984
0.8366523672778643,0.9298975456232942,0.88823582189197,0.847247858194908,0.8173620886239054,0.9220987885311075,0.90015390775644,0.9230825976434426,0.7752231739842825,0.8753975547575237,0.9215068562616344,0.0,0.8422478590092648,0.6917264674823597,0.8816237836997326,0.8605304061357081,0.8783870599753303,0.7830431386420001,0.92175935371319,0.7777026608402159,0.90214980680354,0.8821821426837515,0.8560282114641552,0.8803121398360466,0.9269124435216295,0.7881312153585974,0.7635132226270174,0.8391876532819589,0.8690864000217083,0.8342311380383811,0.9037965717187273,0.8791498088441286,0.8781642414696845,0.8615271664902129,0.8232123487672081,0.8459019059399571,0.8580065099367218,0.8048338361983365,0.9050483144836493,0.8614797196482609,0.8994285214965585,0.8944787361988252,0.8369909084453383,0.9006029757361739,0.8757295907957101,0.8044969893939639,0.809817950021065,0.8746793688543651,0.8898177487206922,0.7979176175460931,0.8878918224911166,0.852007913766855,0.7316806037459405,0.9202183560675534,0.9088282610712415,0.8221432858240867,0.8107524678293382,0.96443415462225,0.7936434356166829,0.7707096865559349,0.8396058294524004,0.647608808763153,0.8433044647977619,0.6948866611730077,0.7017532847483005,0.7101153325867077,0.776863893550075,0.7613687980774884,0.7606286733485654,0.8943945012616652,0.8092139794604862,0.6776745275797318,0.7419218653720476,0.8907652941585379,0.8615417148870061,0.7263338483417339,0.8240474615886473,0.8490860243125165,0.7886484278712671,0.7037165582631257,0.8303011841616337,0.8139629498218065,0.8631633086395598,0.771673950525804,0.8048094595140819,0.8720274188560531,0.8580709125914012,0.754315008589967,0.7918013891400066,0.7807996429503238,0.861288648224904,0.8513956394814115,0.8880707312007393,0.7498025582475707,0.7875290847859683,0.8957271123517224,0.7156951587169745,0.8841917648417166,0.6509331302788796,0.8131791378340968,0.7134933256580387,0.8629090437085514,0.7783548697333305,0.8547191297175387,0.7741367808995451,0.7945648958809872,0.8091670824523345,0.8982841148412726,0.8535501772882719,0.9026486379791341,0.9398174468795185,0.7894193017290505,0.8021044525300072,0.7762662883607084,0.7678196537623909,0.8458325357023613,0.8514845113825229,0.8142089849574088,0.9007651901417947,0.6965135737014139,0.7365125220355985,0.7854019216732496,0.7868544962780958,0.8961950332112188,0.6936489159819347,0.9294780921969973,0.699072803137434,0.8402808170982017,0.896425477601926,0.740908077929709,0.8054703248626524,0.8066636765694107,0.6438830782282976,0.7866152618550893,0.8270740618684884,0.7014435581375071,0.8248025106500508,0.8318685944991325,0.8252403734573084,0.9132639710137265,0.7792119279535324,0.7675231483029161,0.847412968536103,0.8234522857683536,0.876709399260783,0.8321209181300067,0.892481601975537,0.8288317142942732,0.8948937478487634,0.6799942460940583,0.8423339582915886,0.8447247922851028,0.8141482970334049,0.8281364240726241,0.9538577212813506,0.8283742911075699,0.7836490391087584,0.9102894787548433,0.7719086922534851,0.7648978519854948,0.7610303108884716,0.7876927947883291,0.9218447886410204,0.8334993759551556
