0,1,2,3,4,5,6,7,8,9,10,11,12,13,14,15,16,17,18,19,20,21,22,23,24,25,26,27,28,29,30,31,32,33,34,35,36,37,38,39,40,41,42,43,44,45,46,47,48,49,50,51,52,53,54,55,56,57,58,59,60,61,62,63,64,65,66,67,68,69,70,71,72,73,74,75,76,77,78,79,80,81,82,83,84,85,86,87,88,89,90,91,92,93,94,95,96,97,98,99,100,101,102,103,104,105,106,107,108,109,110,111,112,113,114,115,116,117,118,119,120,121,122,123,124,125,126,127,128,129,130,131,132,133,134,135,136,137,138,139,140,141,142,143,144,145,146,147,148,149,150,151,152,153,154,155,156,157,158,159,160,161,162,163
0.0,0.5791294773790208,0.6541201205099231,0.5646796305592678,0.5372864409112897,0.5750362920058227,0.5305500582125765,0.6555360063591832,0.6038829838046735,0.6745273814642949,0.5556707308283803,0.5218819390878722,0.7050738822202665,0.42531875488356663,0.5795734987736975,0.6275313595444674,0.6862703427656887,0.6393087932170947,0.5747818439713328,0.6931827433734246,0.601315882154054,0.5594458990325696,0.5420485473937154,0.526414983682926,0.6272528696227707,0.5061127689448428,0.49596659698554973,0.6464711326484214,0.5063360904714663,0.5874652640458723,0.5861551169178257,0.6048971792781321,0.5823419724548774,0.4446754547489671,0.5491523580127803,0.43323592673578737,0.6200846892427332,0.5575541937594138,0.49221620753008805,0.6372234142073437,0.587366395774126,0.5335253672067314,0.6430214207703409,0.6178079769821982,0.5620183596719694,0.6792895064625676,0.5672200825398455,0.6128729756371506,0.6188299620935435,0.6509301035739524,0.7062935280159718,0.655956464052282,0.5012638820308075,0.5827239567071398,0.5465946395388221,0.551155785998775,0.741909600141103,0.573833257746354,0.5998653709524483,0.47511434373894135,0.628287655275964,0.36091803629169705,0.7031824615280358,0.4093186071509335,0.5798090146872346,0.6239074272461013,0.536586648591622,0.5672629167591006,0.6117200472131413,0.5954371386709695,0.7251524178908337,0.51398710701613,0.538648865340803,0.661470693125364,0.6206303824110712,0.5475388489819617,0.5470606158585972,0.5087450548498206,0.581662917025261,0.5125801873164366,0.6136746201081938,0.5963099290333521,0.6168407160511189,0.499123929831675,0.6203718979924591,0.5965846144280786,0.5798391056020314,0.6212954914780148,0.5756817340544449,0.4675895335200588,0.6299103698857631,0.5068323849207488,0.6476685664799815,0.592650129472535,0.6329560500130117,0.5620869473818438,0.4980019209603132,0.5365595660708598,0.35255299558106246,0.5366621612552258,0.42090344370153254,0.589109514779389,0.5360941730240079,0.5789098481902755,0.5656189773985806,0.6383059713258002,0.6640365565875233,0.5883712184333465,0.6625223539447754,0.5877009653699926,0.5276603270441207,0.5420731221740523,0.6139735124715698,0.5014214725295583,0.5148950598120455,0.5960521029948783,0.6443052775813976,0.5889174277302532,0.6068497391186566,0.3906938770234649,0.5682806805241781,0.5534350145770783,0.5246436230279623,0.6744970159095521,0.5567180661770614,0.5899092843126249,0.42374668023222783,0.41928125159720947,0.48561355405230233,0.6636867341895547,0.5421467631245799,0.6585631927810183,0.4843194717852206,0.4494594554185266,0.550566227336004,0.6091795715224558,0.5585101543590972,0.5818364033962685,0.5712803205105609,0.6023330075555602,0.5891319778951031,0.42310621048857694,0.6208977557346329,0.5377304072153704,0.5309323078292929,0.48559791781527956,0.5758367229178426,0.5683294926023945,0.7047223936155347,0.2742669772168065,0.6202421112826615,0.58223052412406,0.5512696545854973,0.5973417253539166,0.5654021055880287,0.5846292222013908,0.5872334363867605,0.6230497102172794,0.593955530440502,0.5771948120289723,0.5483309884587496,0.5917010130087828,0.513368090191366,0.5472393467477428
0.5791294773790208,0.0,0.5199122187536718,0.5438660439349662,0.46448054741056666,0.7525860068376453,0.46093008737052155,0.6970289456374084,0.6112940016865106,0.5199830702127716,0.5083112023918547,0.5607661050316031,0.6371386271701611,0.5032586734845104,0.4774672605047483,0.6274571122516513,0.6220876069572491,0.45426525222487363,0.5032716977979025,0.6243035938934213,0.5077185624546902,0.47890517274019395,0.4571630552961216,0.46283604164282205,0.488727606001242,0.4960982743504306,0.5146672321109209,0.5667693091130692,0.6341697954601159,0.5357443495102597,0.6710763798788885,0.604469089260234,0.774645383293126,0.4847253883097303,0.6309962967757033,0.5329795926444714,0.5413179835634289,0.6370633837763621,0.5787299171663587,0.5606432345460923,0.7333154915866151,0.4618692923763558,0.45510876840887093,0.6077559701638956,0.6169032797363563,0.5630979701409449,0.5240345473921529,0.5385996132768196,0.48943608542799766,0.6496929903625324,0.5682936876047966,0.6470077236718021,0.5192554842309709,0.6226446831211336,0.6297873789116745,0.6480693908627597,0.6137557912584684,0.583625241208536,0.45579796063806105,0.6043199385767553,0.7051244691390993,0.4213216422943776,0.5455987694341813,0.4627603243209831,0.456525734641643,0.4984085711133566,0.5393012435643357,0.44017037589774116,0.4460481407684454,0.47395437560255055,0.5851787183630353,0.5846192877574441,0.5230604168131947,0.5338705768498039,0.6775389296155314,0.5188852707593161,0.5107668987685621,0.535153831120285,0.5499544546022508,0.5874613502888671,0.5264618327881624,0.5216113349254087,0.5655902844018394,0.5892795589795511,0.602791503419508,0.7053618019511368,0.5430028167612073,0.5100441520833988,0.6013796904126348,0.5898928509056617,0.5428204706534018,0.6024206460571265,0.7114224374205208,0.6167416966463922,0.58392549882702,0.5797640413756006,0.6215034775118107,0.5781458305731348,0.41219686466958155,0.6048181742282951,0.5231959409527374,0.4804580459496874,0.4551920731348613,0.4606665426247528,0.6532944500048328,0.6108980681579498,0.6175530944067449,0.5064810615038895,0.5981899078939087,0.5193768293156519,0.4890081060196791,0.5449126212514722,0.6039310995753892,0.5330590294938047,0.5752297073384293,0.7177882999683128,0.5767194872906444,0.4436890954534256,0.5294279494359396,0.46575530781017316,0.6513227277748201,0.5992905263992236,0.5709313568692965,0.6012778913377008,0.6376612983574258,0.6666874731532892,0.497434893931119,0.5289283716804618,0.5856627131014284,0.5766776215035024,0.6189511122008122,0.6204744034553377,0.5918952569940743,0.5789664262475452,0.5066103739685972,0.5203532554086812,0.5442010871375086,0.614028325186041,0.4793867795913167,0.5342675805188011,0.5020353991069242,0.5060792470324634,0.6659967936183362,0.5797554241326416,0.5543311409998085,0.4311128695367904,0.6399089691386693,0.5199652917598986,0.5538747541637445,0.317832566409134,0.5665928199431082,0.542980521837758,0.5167098622080424,0.5200142857205845,0.49157071099039223,0.49454227080559915,0.5069000026749426,0.5685165635437451,0.6323423212780631,0.5852552508977997,0.44480779256097963,0.6456627237407293,0.47476888603851125,0.49257749940204265
0.6541201205099231,0.5199122187536718,0.0,0.6657668502663694,0.6139320345457341,0.5045253790255813,0.5902794079723551,0.5918271730917183,0.5644158397015092,0.668956922770416,0.6270059773908547,0.5303142012391532,0.5829010343201453,0.38240704971150136,0.6179574138916735,0.5553242974451178,0.6127150962479738,0.6186354271396581,0.5864574119383233,0.5651655077629918,0.7157123357868256,0.7188250096430442,0.5676761563006055,0.6182443225592151,0.6496012472543528,0.5009052454523197,0.4820911921921412,0.5956581030203233,0.4513146268841182,0.5327740550680987,0.5073966684871563,0.5039720918549985,0.528493768095177,0.41491330873301874,0.47410543372767994,0.39663259028786346,0.5912739063224282,0.4864895745520398,0.49565806275167823,0.6724589694175434,0.5255479324844832,0.6388913932731956,0.6011592637772,0.5792147872349366,0.5016854784683811,0.5548622742976146,0.4659693435133275,0.6145886061549816,0.6344350939571726,0.5425672642994914,0.6871475122755464,0.5683820842484656,0.4363258490695237,0.6191068975809877,0.5016444946730257,0.49833699546938603,0.6373056603564744,0.5665416380512113,0.6280723670660991,0.41518589889478763,0.6021919902868301,0.3221703603610628,0.5878357228267601,0.3754587764571964,0.5671492127870648,0.5512908170932568,0.5630486276606743,0.5832279930000825,0.5833208589452704,0.63437169447398,0.6627091855368872,0.4336322013187874,0.533523212282638,0.7680635480542569,0.5354052446652962,0.43956227086053423,0.6033622394221378,0.4970031113232922,0.4887702691034551,0.4488918793907966,0.5438087933607926,0.6867494107439753,0.5848972953846053,0.42421221464248476,0.5771294196945851,0.5254781779258673,0.571480517563422,0.5351126885776666,0.4632374100601625,0.4547441065529542,0.6318328219264171,0.4619864132106422,0.5340414287094138,0.49280534837399015,0.6633909729767066,0.5253810292815223,0.4499548660043793,0.48820426007816065,0.32495465667959883,0.4710096481428369,0.37885784444292525,0.6538804463574341,0.54853667757432,0.5784809089049868,0.47136034073971195,0.5287468164670782,0.5833877556292176,0.589497267275686,0.5475347271858745,0.6746309258786519,0.5926023051921625,0.5252745820878322,0.5720869076101882,0.4899394827232254,0.4265136579678541,0.5344202697725555,0.5045660633321021,0.6179706496250766,0.6447800086234112,0.3600888315341484,0.5211559611837921,0.5053602151708312,0.4753709193154945,0.6206925724970541,0.49521174546768953,0.5103095570681498,0.39256050877538984,0.3882964982549488,0.4344758804890889,0.5524971449694018,0.4735192605171052,0.6600625382422589,0.4388726249808077,0.4336860378808977,0.6235931623393113,0.5158738533277921,0.4593488184259495,0.5131706624238073,0.5991586991502513,0.5814809695343826,0.5246455641541674,0.3838712831600269,0.602853589572795,0.5404647834356248,0.5127374048698433,0.4712324098551797,0.577774800492885,0.5123203401553592,0.6065320556972207,0.2572620562973556,0.6066283104526622,0.4918144626844079,0.6297526209900992,0.6259476017402218,0.6061588097904438,0.6384541976628798,0.6723635015329589,0.6369087420498648,0.5501188383259893,0.5083678011020736,0.49928987743167424,0.49381745917428954,0.5335361843079025,0.6235880088870943
0.5646796305592678,0.5438660439349662,0.6657668502663694,0.0,0.6282571093855892,0.5050654146896095,0.6297494611651445,0.6043539141255377,0.5761518845258424,0.6005377973309233,0.6997385976011343,0.6198751291079971,0.54956952259572,0.3974284004384301,0.5649553785069488,0.5611789703539999,0.5782524731661932,0.5023841413700915,0.5534084589018955,0.5374679768296725,0.6798525222672304,0.6507640365367343,0.5882659921371125,0.6258169879175194,0.6155049568975639,0.5515511475918538,0.5255785022414817,0.5654895566887421,0.47902251105414323,0.5164742940121729,0.5422660220130692,0.4943550609315976,0.5548011527184948,0.45081128493914635,0.497600963403979,0.4274171509314425,0.6167333757532405,0.5066151480655691,0.5950507379287158,0.6864545427023124,0.5436376768572457,0.63813736077968,0.5136898039058418,0.6366127910497733,0.5308458042153391,0.5024205999174609,0.4347664937891444,0.6600893475390937,0.6299928651409706,0.5244397464269296,0.6374224814438348,0.538630570557397,0.40575007093164156,0.6961091364292966,0.5599420821114626,0.5293372186626851,0.5854898373624039,0.6092454194235404,0.5452604770020617,0.4272447359897601,0.6195949773231729,0.3280689942398069,0.5005398612693598,0.3979182368238187,0.4861663792664595,0.48118678664686515,0.6734095323447552,0.5118804549589699,0.49538743268925084,0.576146421351855,0.6080036127915406,0.4452786975925235,0.5629028850525251,0.6887812741901601,0.5081812213011452,0.4154861723556462,0.7006582769513539,0.5583953642790063,0.47062873194016575,0.46435513428933156,0.4865693337682089,0.684870447346651,0.5629944505048567,0.4242729756799525,0.6160362727981431,0.5403422780223782,0.6277650827772889,0.5068371675241963,0.4497557611381712,0.527277757972066,0.6373489658802011,0.5047019457788203,0.5364374562505488,0.46985406269526386,0.7168954566421599,0.5674513446501687,0.45415698501608437,0.5211597684293555,0.3456299155146593,0.4796118895557151,0.41100791371666123,0.6531871839144253,0.572081683183227,0.5401208151331738,0.47217228405925654,0.5081016435540241,0.5551990245159529,0.5824679662320997,0.5137389068002357,0.7247898364424502,0.6958731073658936,0.5903138339770452,0.5883675557892284,0.5452664490366909,0.41666217884609363,0.539171001675213,0.46613303735335004,0.5658747884937196,0.6394107113530041,0.38469845470332437,0.5700955916261464,0.543151735302652,0.5018898455013524,0.607395408761961,0.5328214009072372,0.5287698823184507,0.41100828695640546,0.4246316037956846,0.45884435596778117,0.5258442509260459,0.4761046903350836,0.628671593804017,0.4799294954743401,0.49262628351684806,0.6967938437381671,0.4663917134518537,0.44167725630863347,0.542428795391987,0.5995450947872538,0.5915883912892823,0.4806620027959518,0.4069461903858179,0.650487506396236,0.6170949948387849,0.5863546159973732,0.478829541418999,0.6367474198116286,0.4753979708963368,0.5708617213525858,0.26957165634293945,0.6672189383487355,0.46008585887627174,0.6561334342960436,0.6135606329904045,0.6232697217033837,0.64313403632216,0.6511210921145252,0.6588165778302801,0.6060760045069287,0.5275182573236348,0.4388019933101013,0.5050646083673916,0.5713138241227109,0.6738940059327236
0.5372864409112897,0.46448054741056666,0.6139320345457341,0.6282571093855892,0.0,0.44596174227455265,0.6463589133858211,0.5194752802192437,0.559677810769011,0.5878714785842312,0.7165086560233082,0.5535796088389188,0.4984422242487604,0.3746787581144121,0.5309143002720493,0.5305141234097999,0.5188241274356783,0.5040318985223943,0.49250131729331154,0.4848708106186276,0.5962636428803263,0.6233526104035082,0.6248249169007392,0.5560295666720854,0.6371300648602174,0.5352034355799602,0.5218345704798536,0.507173670647845,0.44708760438298784,0.5445315747645172,0.4965479871182794,0.45937553531602404,0.4679153916547868,0.4150768472434,0.46516506159337023,0.3939974786432583,0.6238480546459775,0.4800707841343562,0.5152874535434385,0.5807316228408262,0.4655314492137937,0.7093423980045821,0.5236885159405307,0.58587248075533,0.47047335417010755,0.45034840477465016,0.4182779422108984,0.6601525126112598,0.6594863979556896,0.4716076816418304,0.5599722334246345,0.46875038156796317,0.36598632168522166,0.5313885634836766,0.5054744257211838,0.49142633168296285,0.512226855308253,0.5858245688348015,0.5255572643951003,0.38317419684089105,0.4943979203238222,0.30931706826331734,0.4591322108583255,0.3828839741558188,0.45424929934491637,0.4336767176810209,0.5781807977811391,0.5360541523331668,0.5305988358612416,0.6012525748581545,0.5546035432164962,0.41967622732025395,0.5287654436381972,0.5909953007970996,0.4526916641235638,0.3907582326973611,0.6265527375713931,0.5589345835973759,0.4307347452803629,0.4365547527354667,0.45205023497839664,0.597363328043651,0.542893166225826,0.39193136328010825,0.5537241368948453,0.48118515828006797,0.6172036436761222,0.4988939650486242,0.4136399161795549,0.47298397018856403,0.672974481656605,0.4615809914695241,0.49284392255346576,0.41231354954962024,0.626694994822688,0.5528333503050216,0.39089924119094,0.4770075906681054,0.3338187585199699,0.4225470175062429,0.38572888994862303,0.6242607619642746,0.591774783208932,0.5513383519371995,0.43153934229516394,0.4624312752853496,0.4721263492569437,0.5772226867201631,0.460724069129814,0.6198575974806125,0.6129229742496521,0.5693277412502917,0.5229587663442554,0.5406931770720511,0.3807435069182847,0.4750832013671642,0.4279660427937425,0.6480608150347262,0.5692168815875834,0.3706604826443054,0.5354718533562712,0.5120029516985685,0.46082306271406687,0.542962091320568,0.5063784203589229,0.47727271741929084,0.37760192248282975,0.39219448081791897,0.41484492261278405,0.49562118632683355,0.4572915181425707,0.5537866868890303,0.4481033308623,0.44737651601489614,0.5899587768002522,0.4399961244910016,0.42126107432823123,0.5011745669893858,0.5828179606409041,0.5684155235465014,0.4523449316368229,0.3886935660137448,0.5381084825893625,0.561934073384417,0.566965726274171,0.4965836907484443,0.5668730786072221,0.4399981695725612,0.5573073632797214,0.25946195898090213,0.5936989816315914,0.4324358068779052,0.5720844487834773,0.5763067589618696,0.5976511496040622,0.6146431795714327,0.5743938301694494,0.598080495914427,0.5412279817841898,0.49780995685286084,0.4203267197578249,0.4771438034835205,0.5768786727958377,0.6945740346744553
0.5750362920058227,0.7525860068376453,0.5045253790255813,0.5050654146896095,0.44596174227455265,0.0,0.4397434473361689,0.6632792527679297,0.5957825711411783,0.5066532845392815,0.4804723144079652,0.5317597366809017,0.622550649361302,0.49676816689006187,0.4544368357447835,0.6158396645897171,0.6131952239271681,0.4472670195603573,0.4984307168639254,0.613586818072442,0.49507385403464804,0.4569468273780026,0.43583550214894623,0.43579546750105014,0.47710737146139004,0.47289128477963865,0.4781308009757299,0.5487013500494798,0.5896333514456695,0.5355582569005581,0.639711194159613,0.638412320719463,0.659965215686072,0.4749394608317626,0.6021619730701855,0.5224462822682628,0.5199311507853136,0.614947129388312,0.5349636738712386,0.5158951714000021,0.6529518040802497,0.45319435612470865,0.4533867482765856,0.5774200342420127,0.5825312222564913,0.5602720287768295,0.5434600000608643,0.5152706066982979,0.46978934685639356,0.6520276895795334,0.5593204030119713,0.6542605796628945,0.5394431146722072,0.5794588500910385,0.5925655198031307,0.6487867504685407,0.6065553774690758,0.5702332347626694,0.44696717177385176,0.6023792719295311,0.6715004951108232,0.4380687702500494,0.5647384869022158,0.4569905166702714,0.45854437486210675,0.5092481997071884,0.5065357817698746,0.43562393933805477,0.44182590802546834,0.4631843679130274,0.5757140159158882,0.5741803378369477,0.519039007026545,0.5165508123311472,0.704328707309056,0.5402563745114425,0.49097163330897026,0.5077258309237062,0.5451832095655262,0.6067087490213743,0.5433196361036311,0.5071893752168444,0.5476981363603222,0.5970988202690859,0.598167110102151,0.6559415022554477,0.5342289742924861,0.5125426526696409,0.6250224810221274,0.5479765886094593,0.5265338333571551,0.5949818698748706,0.687121247651574,0.6398683290061457,0.56020401601033,0.55122348652186,0.6558152852311322,0.5724800496881338,0.4142215804705165,0.5992299587570017,0.5065818630336913,0.4730077320787904,0.4472069831250864,0.4493592499386882,0.685756176649118,0.6116039975255408,0.6320739199966102,0.49020976037696584,0.57907691897216,0.49569226272845873,0.47164116984714155,0.5260398314928412,0.606555438551032,0.5169069801452107,0.5848295787532735,0.6652746120415742,0.6073130802043206,0.43359728840156425,0.5195700513131561,0.4637637082611116,0.6019689052592031,0.5869522974038681,0.5673695293293121,0.5807707278575748,0.6207985303859339,0.6256510787449886,0.5095714599740022,0.5103770057333072,0.5753885269474129,0.5500703140193519,0.6350313920842697,0.6320971305413711,0.5683342963915784,0.5525056124064636,0.480537390708586,0.5218502126813586,0.5417562877236042,0.5573821473872006,0.44850004190048537,0.5167941622067141,0.4909071383097187,0.5128935785378489,0.6351256136438156,0.5633422969893314,0.5264539357801106,0.4256406756829334,0.5998960147161303,0.5189014515040637,0.5445801923374459,0.3204711998600365,0.5416888978931723,0.5522421506844999,0.49104375551640933,0.49343145286232865,0.475693161037633,0.47472512272142325,0.47680919865958904,0.5458971093073824,0.5621628312309955,0.5912604527601562,0.44526108808666853,0.6515780820572158,0.4644465822425281,0.4687276748856715
0.5305500582125765,0.46093008737052155,0.5902794079723551,0.6297494611651445,0.6463589133858211,0.4397434473361689,0.0,0.49896107139168333,0.5027638288037147,0.6141888469912442,0.5806140627653801,0.5055979015228473,0.5150410374734906,0.38224906349606325,0.5518985574050058,0.49851898290985797,0.49555280723843587,0.5021611167626578,0.46257560360247485,0.4677155366253547,0.565518202309756,0.5768014584186657,0.5967679894067962,0.5460623080175051,0.6026299656598803,0.5478221833942037,0.4928979220114875,0.47841804401069665,0.4374269010919962,0.474193501381044,0.49059095213392334,0.47838494123670633,0.479781364978843,0.41902589905970916,0.45827149892935043,0.39604421021988434,0.6328947093971338,0.4486999544119172,0.4850341195202329,0.6242238191705903,0.4545093578891826,0.5992898699530361,0.5340626505147863,0.5784595139083004,0.48683846294207345,0.47099528168729504,0.4396652915327207,0.6325015641337367,0.693936279551954,0.4799962077733543,0.607072280632025,0.46761609335282456,0.37246251828524485,0.5450609343475644,0.5172698392266709,0.4893347085916467,0.499241927747503,0.5073669044560731,0.6077059775049082,0.39004549624744606,0.5024836480773196,0.3165360453196031,0.456507832342876,0.38191545137567073,0.4753692184646123,0.45617813757508036,0.6598650734721387,0.5941254844754255,0.5300899894768722,0.5399797261159395,0.5812754871342986,0.42559331797884026,0.5359535704478988,0.6385267997899459,0.43083438817296305,0.406964481710526,0.7129770786622558,0.5500522928088165,0.42350572201028097,0.4269734956418295,0.4494048889902459,0.5985415200111055,0.5183476187474954,0.38240913548745453,0.5356664298576153,0.4553803719543245,0.572567409903305,0.5562962071899542,0.423916605052815,0.4597156185149374,0.6164872751744196,0.4794324727851322,0.49093497932776226,0.4202730789834173,0.6317051928563505,0.5415798203260247,0.3958392825910889,0.47397877079496425,0.33313434020879584,0.45288864634970016,0.38700786741353155,0.6711632737182393,0.654057403836794,0.527344992297639,0.43312618258484686,0.4688646483948183,0.4912850797750728,0.513667479304979,0.49219275968221116,0.6178180778383692,0.6279232140127243,0.5414999660200694,0.5606084547069227,0.4828318430133921,0.3839832940118385,0.4541672585335619,0.4279855443040737,0.6329290730807499,0.5804235233084482,0.3630286922391897,0.5039865195116388,0.4951378121909775,0.4484949056144611,0.5504206402875328,0.48092834557708963,0.4769163501333641,0.39120620366825626,0.395351502981114,0.4128841861993695,0.5200925611421368,0.42753589803748926,0.5129536964894542,0.43003423986684625,0.4183554733457309,0.5570372046160592,0.44877835549550915,0.4082091174709434,0.5145925141823835,0.5587379976580068,0.5287354637598525,0.4652136387673548,0.3859461143702423,0.560658849383116,0.542848585817079,0.5397816672076204,0.5355191979488616,0.518615765283982,0.4477163410607338,0.5301047389912961,0.25248381840913886,0.5588618408019618,0.4263047523956764,0.5108813641723048,0.6804899293604517,0.548087622281106,0.6067917802416186,0.5486626214154657,0.5793352628319509,0.5557767452190544,0.5209739362710586,0.4412349134895361,0.45841018666395633,0.5369487685041358,0.5609319905621352
0.6555360063591832,0.6970289456374084,0.5918271730917183,0.6043539141255377,0.5194752802192437,0.6632792527679297,0.49896107139168333,0.0,0.6780814315919999,0.6024082412574859,0.5825883746640058,0.6297327415519334,0.6580664183369772,0.44703163347191666,0.5281838152849501,0.6988964547385759,0.6856054138528329,0.512012719912093,0.5783987969843734,0.6912473654200403,0.5898704414694681,0.5291447425855994,0.5285315955159893,0.5232137502658882,0.5918335760846196,0.5353754595885525,0.540238370555503,0.6485032891933932,0.5811027859677567,0.6188037813418419,0.6973538096179782,0.5840755493908208,0.6712729684772466,0.48776435843762805,0.5927143613228785,0.47875253998479883,0.6234973508005093,0.659899477763521,0.6002098626626996,0.61361280759185,0.7185573954389918,0.5239515366870342,0.5252184957829334,0.6735804103468988,0.6139778238052972,0.6044007183454064,0.5146415605611039,0.6228151444547025,0.5606810855863157,0.616797973056787,0.615804449155583,0.6656655932268044,0.4794446997273374,0.6287034606114495,0.6062920369175473,0.6413891398213,0.7010445098890802,0.6813092298242626,0.49133665250004455,0.5132667716818099,0.715810825091812,0.37713075886699765,0.5906260038994521,0.43480305320419343,0.4881388595923753,0.532480671764818,0.5652019393276946,0.4857422879290951,0.49472786610495834,0.5689251551277792,0.6434041236250795,0.5420494535645678,0.5361886752737102,0.5918385115718419,0.6782426596158716,0.5144801291953341,0.5494727699949424,0.5620930722791648,0.6176504597780234,0.5945411690044979,0.5820074367820022,0.5783710535030345,0.6466450877087428,0.5616005581034185,0.6847432382463016,0.7736682553190716,0.6442460633110342,0.5289203476855996,0.5871873238966502,0.5806475436627713,0.6062196662859999,0.5581617219034106,0.6682665372285675,0.5863417532275155,0.6349691936084998,0.6374282492025635,0.5427853068476227,0.6091010981196348,0.37971080776404237,0.5503830267461188,0.47552736181723265,0.5588940302150481,0.510822200874422,0.5537553066545361,0.5929585984252859,0.6488430288657233,0.6511628081349558,0.6194970240211453,0.6067139584463862,0.6013596981938819,0.5391029926267905,0.5913360715691429,0.6112772660302707,0.5875482680337641,0.5332357428656587,0.7077892045028588,0.6124046233633904,0.5112735504039989,0.5827982851024055,0.43392144434387875,0.6511421647998288,0.6597063336598791,0.582950147631839,0.6915713896468569,0.6381611921120471,0.6967952305326887,0.4450183102174945,0.47766482994412396,0.5494201166995076,0.6093456152725117,0.6262072420975991,0.7208887494449028,0.5841137006842734,0.5431162587348988,0.5789843814269825,0.5374383880430061,0.5870389854418586,0.6144470187663997,0.5586751129960651,0.6476851269449694,0.5417893234401358,0.4618771926785186,0.655099983876892,0.5900318603215485,0.6118628290180171,0.4585582568004162,0.6941917612666498,0.5584586816332224,0.6817381909288379,0.2984564992568504,0.6854803033891373,0.5713097204124845,0.56593141414093,0.5549540196950575,0.6007756379498069,0.5828030306209905,0.5824489228551377,0.6945996306820957,0.642449451940316,0.5830795590186313,0.48089058860405565,0.677966754193242,0.5550045306783002,0.5727615049571014
0.6038829838046735,0.6112940016865106,0.5644158397015092,0.5761518845258424,0.559677810769011,0.5957825711411783,0.5027638288037147,0.6780814315919999,0.0,0.5844198651234763,0.6001085724096915,0.594752732458694,0.5695574023494095,0.4349706772032507,0.5129498395852435,0.6175107242993405,0.5833620641864757,0.4948452636210147,0.5334490486031966,0.5741528663348571,0.5498726164549185,0.5473761893659415,0.5058878915135225,0.48438447334132484,0.5740401735547848,0.49257971331685796,0.5416825243941806,0.5573928333820543,0.5566842062094063,0.6872976635075068,0.650089745221451,0.5364443493774874,0.5792590182162963,0.43716501605508995,0.5557772014498197,0.45283361952812223,0.6038303573042616,0.6218119887441748,0.5909206694549047,0.5424601939696597,0.5809762483663743,0.5625374624790445,0.4929897731484857,0.6270740185491785,0.5215997263907478,0.5062394289808143,0.46904160439751436,0.5936721670192155,0.5420290081658627,0.5485804899669147,0.5676073495591132,0.5424518821916123,0.44706439674662046,0.5689103372805304,0.5680210974533336,0.6257121757060916,0.5943095666661248,0.688005393502539,0.47322107489929394,0.46236849213582204,0.6051723560252806,0.3629358825735934,0.5240505837443378,0.42088226601843814,0.46847057253051755,0.4723412573157871,0.5431824402295421,0.4873278290456303,0.4889031931463883,0.5847513123515197,0.60422842237074,0.5052038263357111,0.526147799904798,0.5461010169117739,0.6002826553167708,0.47009400488822234,0.5361836992507968,0.5636607109616669,0.5062870369621563,0.5597588253765817,0.5377233462682753,0.5835972403203593,0.6596459161941867,0.498230828696664,0.6139065117177551,0.6222956402939361,0.6596636610699416,0.5150254753259121,0.5125456575922468,0.5705640105268129,0.6214197510105219,0.5440852327115748,0.6155999886712047,0.5054090162595835,0.646403876638748,0.651138417244036,0.49341115260149343,0.5366997369685934,0.3782948597554653,0.48117742788564605,0.4625023034828612,0.5401390153135035,0.49750470347766357,0.5301097540628066,0.5389361049275784,0.5279569555462972,0.5347037332972352,0.5685282997258471,0.5165476747939969,0.553940455583773,0.5184018341907165,0.5754271030981889,0.5730725095709996,0.6408924902007058,0.46355650351511846,0.5869746696880952,0.5251521193139986,0.5175799152987628,0.5269801631230306,0.43441570555563025,0.6274619831908412,0.6488594170587618,0.516355395648321,0.6232913525777407,0.6861217076257973,0.5970232662330798,0.42656397388857936,0.45141174028398573,0.48228240102401715,0.5540954364044034,0.6368314321602657,0.6779582818994349,0.5706381833659913,0.5570536569419839,0.5512424701864923,0.5117901470240801,0.5103978532145059,0.5479816191318565,0.5072939933962068,0.6382007394796765,0.5147599239422744,0.4566402738090297,0.6209245449954016,0.6215458070858739,0.5999178754101038,0.44222767892248055,0.7180893968595807,0.5196518571885946,0.60373284539622,0.2930755485292855,0.6343912828878984,0.5509834593431086,0.55578834622859,0.5200739108035143,0.567442522515905,0.5769535913924689,0.5535632556686386,0.6283279269572513,0.6163637194507688,0.5580357277073916,0.4496584482751038,0.6478058569624272,0.5845419400448383,0.60137199796007
0.6745273814642949,0.5199830702127716,0.668956922770416,0.6005377973309233,0.5878714785842312,0.5066532845392815,0.6141888469912442,0.6024082412574859,0.5844198651234763,0.0,0.579766265150763,0.5121300453844219,0.6182174447567084,0.3996292387844097,0.6233372382510854,0.5721974402149766,0.5742591281377522,0.6403899800894449,0.5256513683654365,0.5487578900307344,0.5935673275768045,0.5903141817179612,0.5873994997141981,0.5431484019554791,0.7103401601125544,0.5211094577792214,0.5118321033818558,0.5590649441333223,0.48721523352366986,0.5763821645365734,0.5525308453208528,0.5327513034605255,0.5436804019429454,0.4173318201407401,0.4904341643783999,0.40235184308327404,0.6918933924311947,0.5160779912116275,0.48696762104586266,0.6506122953305135,0.5259218915026806,0.5761251385446257,0.6480613958829886,0.6055016993574605,0.5140751147773723,0.583299050891325,0.5051128851854543,0.6402626889020755,0.6856333902510395,0.5319919026242149,0.6615202165102251,0.5378174615560639,0.43640527282876984,0.5485176388781281,0.5234552587671152,0.5383420362894762,0.5994025671792971,0.5561532734867888,0.6221768752322323,0.4213538809000437,0.5732119340230993,0.33560952860099114,0.5681836622639238,0.3841873543689475,0.5438614054409882,0.5475358262549129,0.5741962799723196,0.6762628526650638,0.6226148639505823,0.6804283135108583,0.6939670476606806,0.47155244117098094,0.5128208866751028,0.6621557057722502,0.5208225604583187,0.4952006425330705,0.5887140491873742,0.5431077920196336,0.518399283232473,0.4991805210831206,0.5849598476925918,0.6051593722345424,0.6662469843690875,0.45002208580091013,0.5769848198650712,0.5339895454539478,0.6150342928951567,0.6058535821441716,0.5111499949296814,0.47033802747749776,0.6377795397725854,0.4844207000330084,0.5644303121729752,0.4935399175420098,0.6520818572956256,0.6057031511525337,0.4379935067107752,0.5017741803635377,0.3361784304594909,0.48450437020287124,0.4056406194744917,0.6668201115939044,0.5845642197279628,0.6501065620882592,0.48711637046844897,0.5524460633187955,0.565204702972834,0.5923337296412299,0.5931186641701662,0.6124803639948057,0.5405815903344967,0.5317691963685489,0.5849265181655743,0.5201074473134816,0.44717797382080837,0.5232857533313081,0.5364456235529668,0.6619940855323545,0.5790578886634277,0.37736088803755513,0.5314427243612347,0.5693472374488519,0.4721203772089115,0.6876278962440308,0.5293003323986132,0.5689052545930569,0.3937204642421751,0.4007812986725871,0.4411221954768273,0.64700254509993,0.5043018328569704,0.6033242588549834,0.4738753932049943,0.4289284560733803,0.5519522737973817,0.5528756111853096,0.4993763626186617,0.5522261547995494,0.5938497782933878,0.6391982966406752,0.6046289698411638,0.3992730048399298,0.5811716472124814,0.5291377355524264,0.5509115309464817,0.4891964341910308,0.5567087333343234,0.5793230885916204,0.6643829429025322,0.26059137493049817,0.6057497164429576,0.5472550387182613,0.5169942754466115,0.6506937068003128,0.6155918443425911,0.680807559114834,0.6172396591354488,0.692499297188306,0.6095261779771537,0.5557094662615529,0.566736532201283,0.5448941214491644,0.5932930279790486,0.575028790837471
0.5556707308283803,0.5083112023918547,0.6270059773908547,0.6997385976011343,0.7165086560233082,0.4804723144079652,0.5806140627653801,0.5825883746640058,0.6001085724096915,0.579766265150763,0.0,0.6357822886985967,0.5249309507487261,0.38970414493126854,0.5195354809429432,0.5861550719011867,0.57884509784524,0.4987002953799178,0.5398551688689559,0.5320643793722151,0.6311246825057045,0.6215359028916642,0.6450213232287725,0.5804412156394204,0.6395997617952075,0.5481028419442879,0.5691482198830414,0.584911481745602,0.47946582095886037,0.5829156864634506,0.5263401924314529,0.4756344585393769,0.5021792291788874,0.4466827111889383,0.4967726174568241,0.41719287674533506,0.6198971749915143,0.5260173376865305,0.5712503060039112,0.6126984888252113,0.5119625536447108,0.6879104036361859,0.506462993471229,0.6083424752486043,0.5045208493718729,0.46837693273564657,0.41914143956490146,0.6637210143513955,0.6380412083017049,0.4957493444401296,0.5643180251005532,0.504587503736238,0.38143162290268023,0.5764349416478776,0.5370829845219668,0.5148190031992456,0.5564482725395727,0.6796308891471197,0.5006612676648179,0.4093275347416664,0.5431534204851715,0.3189520556964293,0.4775165631729503,0.399610996076719,0.4482363929172963,0.44288388173386983,0.5867953346719287,0.48774787654484364,0.5111360490638293,0.611129048757595,0.551403134858777,0.43830776122773724,0.5480310865779464,0.6031383153720581,0.5010569562745344,0.3997030194147463,0.6253326711229709,0.5688607371341103,0.4617501698687382,0.4604643510474173,0.4637660303977889,0.59860854933196,0.5554963888107672,0.42279994982753444,0.6045892112701764,0.5379793047423717,0.652654969171822,0.483399607503987,0.4353994590224913,0.5118860704838237,0.6794474584990725,0.47698566600144965,0.5222887876736575,0.4388046789701253,0.644274636485895,0.5630329718806376,0.41615012407045077,0.5116543943949815,0.34524107464064785,0.4436061238582979,0.4055061825731432,0.604576866116782,0.5564729367311445,0.5486246788600435,0.4575319024429182,0.4902849685057993,0.5023293575961267,0.6513912318731045,0.47459960189880235,0.6493725949050866,0.6318190788805155,0.6046830795784914,0.5373107987846948,0.5985790787388888,0.40411851692712847,0.5351582269678367,0.4529859606321975,0.5935406772931143,0.5972925494716775,0.3898605223194217,0.5790507898819353,0.5419707069965063,0.5018366084285764,0.562657794723365,0.5353606511629083,0.5094177070861339,0.39213597925323246,0.41473045744780185,0.4497653786588518,0.49992657964753895,0.4948063739004872,0.6064948708032103,0.48918292959315035,0.49358978684893673,0.6357299909639796,0.44105692152597864,0.4465884228257945,0.5245571386430283,0.6231948882829841,0.5969921632501862,0.4563337652549688,0.4065937909439119,0.5702208626288064,0.5922082147354042,0.5987066645275069,0.47800976507539183,0.6153650925032947,0.4502375472000885,0.5887027068566649,0.2732955625138177,0.6545698236961787,0.4486272358529488,0.6648841533222629,0.5551636891702534,0.6333417886781433,0.6087587139649034,0.6273286420177949,0.6333369872145662,0.5719823840072572,0.5132958105065223,0.41687194049324316,0.5097765185025316,0.5771972901686914,0.7821983821695484
0.5218819390878722,0.5607661050316031,0.5303142012391532,0.6198751291079971,0.5535796088389188,0.5317597366809017,0.5055979015228473,0.6297327415519334,0.594752732458694,0.5121300453844219,0.6357822886985967,0.0,0.5160200763390884,0.4099446038053493,0.47009125478885533,0.6086542339463146,0.5733210047273685,0.4344534149707561,0.5397174886548923,0.5618957048876588,0.5859387048167138,0.5070056823475075,0.5558815398046743,0.53598484894357,0.5644519357458561,0.5664951511561569,0.5362943369393607,0.5611934206568436,0.5116677643703159,0.5556450036948549,0.6033297541877508,0.4954013310290137,0.5326602248997833,0.5248166550313952,0.5422738079702107,0.4708332893044986,0.5861254952394285,0.5704433767552357,0.7119003102691468,0.5567658386088213,0.568342344024977,0.5554039647574692,0.4632173330776988,0.6555923609507093,0.5619204163963374,0.4735031670573978,0.4299822331280682,0.6342204759045547,0.5484071433329887,0.5136431524610919,0.5355171564657597,0.5395252515776547,0.3878107024908417,0.5967197429770347,0.5861420560966119,0.5773486865743624,0.5598508742018686,0.7213324094969639,0.44226544084467184,0.4522523612053098,0.5658047316719389,0.34507014213244913,0.4653618472160361,0.43403072430917256,0.42137203052707906,0.43661135169746024,0.579277412922476,0.432808341588705,0.43489066265308873,0.5138074798128783,0.5305787614088869,0.4700842654577858,0.539201886643263,0.5378516898010773,0.5159759442246854,0.412462906693736,0.5726761205845068,0.5850893048066218,0.49655076609731347,0.5124921626164188,0.45885770138132825,0.5547594969462475,0.5338980591089244,0.4598401559982597,0.6621574553999101,0.6081458216269918,0.6587405389331853,0.459168521297346,0.4615922912393009,0.6287761467920224,0.5855757891998686,0.5388797461145455,0.5389983418404161,0.46606475621793625,0.5876075129842585,0.587319246244019,0.4606632193337259,0.6057850148242734,0.37932374707237043,0.4761511431743263,0.45532460363775523,0.5460697839992649,0.524342896736825,0.507974965114656,0.4938983326938174,0.5233599135310444,0.5288315074032728,0.6105733180847195,0.4777912945361653,0.628511605594594,0.6209103410017531,0.654187354987812,0.5441006714536708,0.6124674441091941,0.43351886637026216,0.5749122118525696,0.47227766083013434,0.4952702049180917,0.569676900257061,0.4256224707384024,0.6344154584679217,0.5787626590713322,0.586557786153813,0.5608649325793887,0.5852860532054068,0.5530670905395263,0.4246975718666532,0.4778141985990537,0.5171070065799952,0.4846796534627457,0.5276860804771,0.602825297107035,0.5465971054950893,0.5884520108166239,0.6232220102136972,0.43257330201689603,0.48033939475848236,0.5472461419513991,0.5476470745960165,0.5869554311741331,0.4329189110776994,0.44766177204826885,0.5878323478224052,0.6128276979540724,0.6646188991017267,0.4683256641840737,0.6852285983693343,0.44306703996800983,0.5798619576849888,0.30018172113902136,0.6945390451049086,0.4468319427536613,0.5926247893265407,0.5126655769002145,0.6085126656380646,0.5510688551762298,0.5409030647053021,0.6264317591081048,0.5576168881952535,0.5241172839450602,0.39346332168681397,0.556220861284311,0.5560810780910126,0.6228194059873817
