0,1,2,3,4,5,6,7,8,9,10,11,12,13,14,15,16,17,18,19,20,21,22,23,24,25,26,27,28,29,30,31,32,33,34,35,36,37,38,39,40,41,42,43,44,45,46,47,48,49,50,51,52,53,54,55,56,57,58,59,60,61,62,63,64,65,66,67,68,69,70,71,72,73,74,75,76,77,78,79,80,81,82,83,84,85,86,87,88,89,90,91,92,93,94,95,96,97,98,99,100,101,102,103,104,105,106,107,108,109,110,111,112,113,114,115,116,117,118,119,120,121,122,123,124,125,126,127,128,129,130,131,132,133,134,135,136,137,138,139,140,141,142,143,144,145,146,147,148,149,150,151,152,153,154,155,156,157,158,159,160,161,162,163
0.0,0.5591468142726598,0.49969330195014,0.49451132310393364,0.44997007629909974,0.5696123602174185,0.4500206477787796,0.5606615638693963,0.5125657935869045,0.5266514242857512,0.5259812199110296,0.46732035110731407,0.7131617747753063,0.5481524659899508,0.5007038583559532,0.6033107841147061,0.6042991957409038,0.6612913719918169,0.5411071317299634,0.6472001337004554,0.5636807738858854,0.5061273844280434,0.42747504559615696,0.5317422198233376,0.6063822299064888,0.4595726080934248,0.44102914119764436,0.5144668775146857,0.489272516215046,0.48764708602131235,0.5382441897782481,0.6198941209335007,0.4809087889640255,0.4116897058367091,0.6725207921363822,0.4697237704657561,0.5861776613750413,0.567881126187641,0.43807283338080527,0.5588170566781512,0.4823165435960182,0.5037966805674979,0.5519150159801253,0.5509869716807709,0.5464113986501232,0.5269254206498613,0.48650075552348154,0.5237505700728412,0.5418809443266349,0.5506342476253943,0.551830455778574,0.5699452096914354,0.4440106851641467,0.5140666390457415,0.49700166796521783,0.5139193071507573,0.6607121401834538,0.5011028718660963,0.6010732089620052,0.5456902124155426,0.5620429547230043,0.4504442178019315,0.581091656849904,0.46400494424454347,0.5258642789863581,0.5679603763958135,0.48630798463138164,0.5223083951962926,0.5215369403750852,0.6179507961709496,0.5464557094703448,0.6157119023745821,0.5560758016934694,0.6073942340160949,0.6138645601845641,0.5298128810622788,0.4726200604028917,0.4646133637259302,0.4748062121692527,0.5227242918847232,0.5168887038632509,0.48881536435064715,0.5381908978585965,0.596852053476403,0.5461814525435532,0.5735664471131848,0.5336380731382061,0.5407565727023352,0.5858787575090187,0.45310619737330526,0.5071032493448246,0.4571545831409656,0.5245997685728887,0.5905335646386523,0.5055267574355965,0.4801966122867683,0.45528731630864694,0.47917153959226877,0.45009491254148115,0.5931513290943162,0.5100654718663292,0.4852583440819581,0.4498219708621213,0.46738711247111664,0.5826984825879298,0.52803730274093,0.5245236853027329,0.5165111980093746,0.5108185263845246,0.5284224572226098,0.4929368346680487,0.4751867601223288,0.5628811208956801,0.4731449917827661,0.5701986041303502,0.6369684582292588,0.6074279084114879,0.5034174641297046,0.5363455377530025,0.46926294955480524,0.5438744935272429,0.4470011656442455,0.5116704200120841,0.5600949747217121,0.5187900239155613,0.5242262584587317,0.46606775754388385,0.4722969960068348,0.5086284543022522,0.5274521615677166,0.5465303879475448,0.5399132236151681,0.5546253714542169,0.4721141142080295,0.5221379291925675,0.5020300884249598,0.5611740562083924,0.5408817530691841,0.4739728707188186,0.4995756688885139,0.5063159875111193,0.5357257206741259,0.5080527130727399,0.4254471333585801,0.5065661491877181,0.47833111829018843,0.4723691573830425,0.46336656446384833,0.5419453897470747,0.42181847702209535,0.5932942216008589,0.5151043073008791,0.506120733034215,0.4537275822694187,0.5134718713136778,0.5508511503615682,0.5050570367563129,0.5652299803978544,0.5297058244841996,0.5372381863848317,0.47475303280028924,0.6752283504893195,0.4243553738208727,0.5756517513785423
0.5591468142726598,0.0,0.594225276652592,0.583055290414169,0.4946935618732738,0.6451108841069999,0.5157693792953024,0.6031809102219782,0.5613070731719481,0.7005798371701347,0.5128139245653225,0.49835543836372787,0.5954046815618297,0.6417352413934663,0.6201552162679728,0.5394520188744478,0.5118404964147714,0.5447316757542157,0.49342035333179657,0.4872809775500149,0.5788473224318564,0.6485600902591445,0.39626295603011347,0.5170473971658707,0.5618485316231958,0.44624091883838324,0.44846290605800315,0.41781110107540115,0.6552171697676976,0.46190511121855754,0.6221280666836556,0.5898120690875481,0.6341932023953807,0.36949321684038905,0.5874754200878293,0.5445494760440253,0.5628619274374459,0.5674480236028379,0.5307170089683726,0.5689608599008805,0.5546972951112186,0.5305916671793094,0.4942517969371956,0.6043608419231238,0.5220245713865241,0.48793068722973565,0.4879877135400177,0.5198675341284672,0.5017173505433036,0.5508230796311838,0.5985858587742199,0.5108317606963582,0.4764544825130212,0.7023013879641016,0.5837766134259359,0.5942108054735639,0.54954128713759,0.5177279915299884,0.662512245599287,0.5549970272981671,0.6439290689558621,0.5097272804639245,0.5182949056661587,0.4774383953380329,0.5471237039042899,0.5041129120474881,0.5530379447129301,0.5978812176061289,0.48097542327127796,0.6045853081392824,0.6085857292519655,0.613782589952407,0.5170702967277614,0.6397247555871995,0.5815608176627718,0.47686510428222284,0.514716274280751,0.5511836555223378,0.423987862529518,0.5109334790483735,0.5561562939458374,0.5717988890548691,0.7034729887809781,0.5332768777570982,0.5174204906869516,0.556916327176636,0.5210036687581184,0.5625940462725593,0.5298584619351755,0.534236261759756,0.514904620702315,0.5540158189619148,0.5852058549313303,0.5042542870066247,0.5987382268805919,0.6290412094223387,0.5397697830927103,0.4708463520347324,0.49863081152897554,0.584553802746949,0.60329399281116,0.5213477044900203,0.4610292875759138,0.5059834422228802,0.5684015587640339,0.47523393220771687,0.5306448631166317,0.4517957985584077,0.5417992782283853,0.5298983406651261,0.5047877384531171,0.47845752060290314,0.5702914630718223,0.5165058349834187,0.4913921514877093,0.5432431209248982,0.4975335548997862,0.4929686349491447,0.5254888021307428,0.5150640724515846,0.5704526400554746,0.5101721035306374,0.42980971803827933,0.6253069499466588,0.5471018509062089,0.6412947020334837,0.5287725338781533,0.556732152089832,0.5093200330120409,0.6000195520524033,0.567765146225328,0.5952469623724145,0.5311232271517938,0.5338880778574553,0.5559602241032153,0.5430583190705945,0.46006893965497414,0.562901136835474,0.44374262441787843,0.5505809085109138,0.5954087354472327,0.6234736728979772,0.6153113046641656,0.5129513906114889,0.5621372227154668,0.4381545917837698,0.5786363760515835,0.5617202357957621,0.5181622347201158,0.4258241402024297,0.5312005127467072,0.5899438864935691,0.49973347310527866,0.5600056033376812,0.5392019952934469,0.6086537259609259,0.45939410274939213,0.6317454385270588,0.5992204114924549,0.5132117028915799,0.521335833418639,0.6049218260859077,0.49870309205944874,0.540505738567227
0.49969330195014,0.594225276652592,0.0,0.5108099618896984,0.5141927147846298,0.5496824165043591,0.42716524506726783,0.6062375792678261,0.5192156858582646,0.5995804702532433,0.494038956497629,0.4755308945683669,0.5287126240528696,0.5519279938822754,0.4935724508954842,0.5588447463479397,0.5314249967567115,0.5161496676840186,0.4477631751044389,0.4801406776766,0.5884823889856139,0.6297583157448746,0.38407784580927645,0.4664134091403353,0.5220039972383169,0.46550194394424427,0.44017235276421174,0.40443430546219095,0.5507295311959448,0.4418700764396971,0.5021244647022559,0.5015221720501427,0.5180099029151065,0.3577692945914201,0.5383437854548183,0.5666204351791677,0.4894752689062704,0.6120609951420196,0.45794434502749276,0.5076986215095564,0.5474521366834034,0.544139087936927,0.49451234967987256,0.5272590315983078,0.5098324467276066,0.44971237728738633,0.4984238314397719,0.4917801601720962,0.4460533743432527,0.5511738721407567,0.504462709508098,0.5259712159904384,0.41631879604733024,0.562808784518191,0.49589953713773105,0.5268195007537475,0.4938224582121279,0.5593395748259103,0.5459291895135207,0.48813998047428303,0.5128578307232969,0.47047596058950675,0.5338205926316887,0.537645755020475,0.4706417843294242,0.45260602728329613,0.4694927091146814,0.5166251512194298,0.5666269112069272,0.5920860552948354,0.5363511540531373,0.526823891478742,0.520507400578248,0.5644373002682619,0.5922149598330283,0.3914746107984233,0.44637892846010296,0.49966495563952557,0.42868485226445285,0.4171077132531496,0.5065303526688553,0.5123816727473999,0.5383793415001342,0.549193495887184,0.5122196941738247,0.5931125459883877,0.48860458672849033,0.48446389018294067,0.4577656057285516,0.4676183931915866,0.5345484870553193,0.4774929049243036,0.505436641140139,0.41472865328561503,0.5329510816118778,0.5416538008795038,0.48271847301575044,0.4959487303232426,0.4853461291377361,0.49431384527589023,0.46357251897093976,0.4813806530791154,0.46024168184896436,0.5379601092657943,0.5502906279255972,0.49222051843241155,0.507599396885714,0.48920953667426437,0.4877952109175414,0.47733806161557846,0.44875911477413866,0.4949851867272567,0.49596555019734034,0.5066980674248985,0.46620264234930475,0.5352147165730472,0.45025376460584754,0.4537751333285412,0.5816444459443219,0.5179753935197828,0.5474784787749037,0.5022144376551809,0.4346140885873836,0.47949780959403654,0.472464652311519,0.5143048327101488,0.5104758896414383,0.5062243030834077,0.5457513679604925,0.5511926129514872,0.5913783314517307,0.6479456955498113,0.44657652979770956,0.49154767137613437,0.5209958852500318,0.46278210967668076,0.4379155674521256,0.5168832459625622,0.47480135972344,0.48766194441642763,0.4819285651447853,0.5757340455150806,0.5014356524993402,0.5218240718754718,0.5246371581790384,0.4566757259537705,0.5688925927396163,0.4634532886265896,0.5631342186562869,0.4897704502689597,0.4659238794581392,0.47072413987271516,0.49953164046435733,0.5734666491550884,0.5393391765394765,0.5060349402552163,0.3905291845060648,0.5485349012177332,0.4584159624342829,0.42597812704837923,0.47739309426305304,0.49911515901242925,0.47285275735810395,0.5009124728546609
0.49451132310393364,0.583055290414169,0.5108099618896984,0.0,0.5671316796625515,0.49578471016594605,0.6197189514034007,0.5886261623176018,0.5351555413101717,0.5570238767853988,0.5311636074652639,0.5610462083817014,0.5079652852418725,0.5625161995156721,0.5814116201353849,0.5256429525296342,0.49884521947476446,0.4941686001267219,0.48940781762175134,0.44469539015397663,0.5831499016971977,0.5612700794702167,0.4521369486070574,0.5251097843885003,0.5426525885714204,0.5000946015543021,0.5297908780459025,0.42337435572302917,0.5266945813855854,0.48182791997953545,0.5973956629239259,0.5275647971895331,0.6023502401858425,0.4004255360488411,0.551640717809243,0.5856554480837728,0.5450878376505077,0.5548007734806737,0.5995136959997558,0.6167985842330065,0.5367943642311127,0.5473785893061922,0.47893452241701673,0.5806585399359536,0.5331726896963452,0.4634597904941726,0.44140059360320033,0.48175986831466766,0.5470848244926585,0.526286654676358,0.621744918793615,0.4790764999130911,0.4071625692703673,0.6748504248932604,0.626264190333871,0.5312160713951655,0.5277603605895366,0.5765477725618269,0.5859903949640055,0.5527681313384126,0.534841147400889,0.47055503532896364,0.4560988531939938,0.4897059023768106,0.47293804816886703,0.4412741887161189,0.5923208341941074,0.5031948619727019,0.45836034391859826,0.587852724786805,0.5316507708864814,0.5622193347052258,0.5245743922338284,0.6626604337423595,0.4974071587753657,0.4150932756423839,0.617450203848378,0.6649759347449383,0.41477531379278026,0.4557123837918399,0.4408690585461443,0.5960749967661036,0.5750774276642351,0.45589101532515536,0.5630756631501804,0.5241798544755905,0.5209377103769572,0.5680820259739155,0.4902258945959962,0.5552407808847,0.596059552343067,0.598657757219793,0.5660074471519629,0.4453195555947934,0.6201391234305679,0.5561562538789065,0.457393180303039,0.475795468285348,0.5289101942308804,0.5720713742358958,0.5726620521937392,0.5790115784787564,0.5432919961704845,0.48972374354491366,0.5345682439242163,0.4633184465896153,0.510779316090752,0.4547910285157607,0.5061651964319407,0.4886455942311444,0.5802691191739363,0.553654920512231,0.508373874416645,0.5951446793722598,0.4519546249489668,0.5385031822875079,0.4414445929368068,0.49468073483056846,0.4991042839452456,0.5505406442275451,0.6119643290968874,0.5712727075933176,0.41576558515566375,0.5834454399836417,0.48525994734482725,0.5489401841420952,0.5575138274270918,0.6377515742388417,0.4877582620762,0.5272053633971518,0.5083854049756728,0.5324949212681638,0.5303702003839103,0.5685627948446651,0.5176983230057316,0.42721730707325867,0.4119061142824996,0.5904001933416579,0.46064838103211775,0.5979085809605923,0.47373903706013126,0.573179060049054,0.654902298527649,0.5446207909153108,0.5824114310514141,0.48293043136960645,0.5694345160193125,0.479536300314899,0.4706458880340642,0.4292761287760126,0.5660030029656539,0.47848823239641525,0.5496187767994832,0.5676140200337909,0.5718913076166566,0.5714222179848728,0.43996044158478276,0.6297958247461797,0.5828671204681692,0.5476218716547091,0.4285908794111932,0.5283170415893375,0.533687368418779,0.5846021444046974
0.44997007629909974,0.4946935618732738,0.5141927147846298,0.5671316796625515,0.0,0.43947759205006254,0.5120120409793755,0.5080723473957768,0.5385448889340865,0.49112922390904257,0.49806656148478895,0.5171802682024853,0.43942270709668757,0.5114604760943613,0.48418718114676434,0.5103027042123036,0.4899219684215397,0.4673987446106865,0.4447370065846253,0.41625608922169466,0.5431037376453031,0.5447426165155075,0.43669386213947753,0.44679296911124655,0.47855691673543294,0.4623318376853382,0.5256847385775398,0.3962382568481518,0.4766550233332397,0.524123635963069,0.49647349521166,0.47014736402186574,0.482732584233704,0.36807636014931994,0.5027992702162861,0.5754553649599238,0.458452854610336,0.5589237327023969,0.5149277038433066,0.5079816880579968,0.4957261552444951,0.5838772140924289,0.45407022722782797,0.4987902226562486,0.45872164714499236,0.41343518172162813,0.44115988764050335,0.43129898115004983,0.4846195391794088,0.5224261074138159,0.5275250052815896,0.44822032534242423,0.38319397381197273,0.5246698337211099,0.5187530512118985,0.4804330275009261,0.47802512386102886,0.6313086871683868,0.504493610543585,0.4925688163257041,0.42930582894870206,0.4518705213283318,0.4334679865276485,0.5289184625086598,0.4336758681842125,0.3893589167879036,0.46396646884272347,0.4482860039789786,0.48500277562649924,0.5272729366808672,0.4738305472716976,0.5017654843117915,0.49633421369205455,0.5416816370297989,0.47822208745179823,0.3628244273322972,0.5055496230894045,0.6159112611184552,0.3843538338039134,0.3968202424130049,0.4030213920720493,0.5391097529696299,0.5102505602920585,0.4163626990825658,0.5336173488690018,0.49084339482804584,0.4531782328500779,0.5113538458278216,0.4258172103487709,0.4691899801473408,0.6961287755557501,0.5288425446136231,0.5381473321841816,0.38596429810084226,0.5681835953385914,0.4815523724778926,0.41069298027811413,0.448052661829305,0.5604313574824131,0.45910526656532297,0.46358904150669167,0.49033516346386824,0.5072214199483592,0.46365139934814203,0.5050916284282856,0.43669459222865065,0.4572447637808664,0.44481661485538426,0.4499045106093084,0.42357523392574037,0.48842590220457255,0.5726932197464235,0.4336073107408932,0.6109346898598714,0.41018361885267796,0.5012109855052396,0.401228468869632,0.47434916152779494,0.4647999213236782,0.5574882888953204,0.6390609985800227,0.525989988608554,0.39151311748522627,0.47534644059123465,0.4487996996999375,0.45280212243712825,0.5457751189655454,0.5376095808589194,0.4530435243940396,0.4746506139091567,0.5278912358413432,0.5320249090236123,0.4412251745690838,0.5362481932906187,0.45020749522840225,0.3946116560155843,0.38232280811867453,0.514316468064357,0.43612489874902327,0.5395635616625049,0.40089933355524027,0.5622670327549537,0.5547137374944531,0.5768499294662045,0.5155929758841412,0.473073867681758,0.5716012579648111,0.4231741383733077,0.454029720407317,0.4775979931507309,0.470363669594972,0.4329032645711908,0.5758277607679883,0.547813271871244,0.5117539337404666,0.4642692637829877,0.37772035036387963,0.5127905354841048,0.454620466857654,0.46976076561731533,0.3873252878411326,0.4677719990751928,0.5112102898906865,0.5487286180061707
0.5696123602174185,0.6451108841069999,0.5496824165043591,0.49578471016594605,0.43947759205006254,0.0,0.44385076369751686,0.5553900826918668,0.5430205446546924,0.579097556694497,0.49013461139242426,0.45147187415841666,0.5999072922493275,0.5616520258437121,0.5101082603481969,0.5133805547453832,0.4800173709461891,0.5016994673155083,0.46393080098055367,0.48257201787880055,0.5333812015407993,0.5715522071246797,0.3589733867611411,0.4676872704581875,0.5365205896536521,0.42265449808149813,0.39237174748730674,0.40069453863381915,0.5423607895957466,0.4322233271952396,0.5559783073126056,0.5697737378543244,0.5209532914600664,0.35384567153168595,0.545455834996732,0.4714942159800969,0.5659026419315358,0.5188517823539007,0.46442302325779,0.47784307799111797,0.47337677557060404,0.5170399585327679,0.46904161172536807,0.5748340415496426,0.4773555825557213,0.45082247183713875,0.45973328229442806,0.537363030206934,0.4502018003486905,0.4922312158410914,0.5279675887890869,0.5025994845804297,0.44965745036637095,0.5750920370894816,0.5019711269081907,0.6069191147263661,0.511409234154702,0.48172828277932583,0.546801786055084,0.47711565196929306,0.6742344189118532,0.48561946291991476,0.5302336331214478,0.43322652549839524,0.5196168993196104,0.5105614461940334,0.517921549076282,0.6214053321261676,0.45166099778690855,0.5861009448358855,0.6057919663054013,0.5314438307227249,0.526633205715544,0.5565225835576968,0.5678476459610812,0.47825770235688525,0.4688629108753847,0.47571758908903977,0.4082390950767251,0.5598174934141893,0.6114088133201427,0.5263727439349004,0.6232140746246286,0.5491228074048105,0.4865825339302792,0.5186120860287657,0.5665437797645074,0.501728849587583,0.49627162411213066,0.5074217103828537,0.46543461863419194,0.49302859576062036,0.49444972011855504,0.5003413675437131,0.53513776823477,0.5909000521511808,0.5409441511731276,0.4543648494526888,0.46260673801938973,0.5244235388332563,0.5428732208164048,0.48754993390048706,0.42646185072064946,0.4601699387014248,0.5327587568035491,0.4513325107527458,0.48968412560314234,0.43460087226402233,0.46856181754226894,0.5295954078586014,0.47056224025884563,0.43998952525696344,0.6497699860452597,0.47266310532817885,0.46773263036164575,0.5012020720772641,0.4910470434523746,0.44766602472681044,0.5212647809153997,0.48470910902869296,0.4991789178642579,0.473864017787452,0.4432974948706184,0.5645321803593949,0.5733686019288191,0.5596528086630491,0.4852717892875012,0.48526009438761264,0.47371245677068385,0.5170439780479521,0.5495227644756684,0.6038844468381805,0.5358770755934439,0.51193366109111,0.5421065305872378,0.5460121716015708,0.4552735988093082,0.47513662361196757,0.4016736773176072,0.479833636597713,0.5737896738506338,0.588888855130163,0.5237260349612888,0.4677845317102702,0.5240172238677788,0.41646422977711617,0.5304687467803075,0.5049035267166051,0.4927271144463069,0.4071782151272027,0.5147769110594655,0.5422622543637069,0.442415653502516,0.4621513225014917,0.4947298441979506,0.5932821708735857,0.4532264817982697,0.584528757499461,0.5281997497449008,0.487864522735679,0.4973547027778923,0.618206597907037,0.458606091151744,0.5163128422725439
0.4500206477787796,0.5157693792953024,0.42716524506726783,0.6197189514034007,0.5120120409793755,0.44385076369751686,0.0,0.4751957448210441,0.4630665538693891,0.5149848315637982,0.48762571655735,0.5387451588094339,0.45742639218849535,0.48312177559936187,0.5548774847313183,0.4677303700686113,0.441256675103163,0.44323320207043104,0.4796036882881031,0.40267151322167083,0.4908804299427836,0.4790129469037576,0.4556739295161981,0.4974125379522472,0.49724750599009704,0.42988532916181715,0.4912218595822586,0.40335516467205923,0.504040201857961,0.4796129641670751,0.5605232391445303,0.517638441929633,0.5174479579847389,0.3948940861624242,0.47782671845846386,0.48412288474269644,0.5078345446924274,0.45346609325642884,0.6152363980583856,0.5474601999476221,0.454135860056567,0.4691622553012019,0.4382150461019523,0.5199588600777949,0.4647261627194923,0.4337143505442731,0.4019218918013121,0.44609412027390277,0.5696980314289245,0.45843270023031835,0.5819352176288329,0.40991221171422393,0.3899120159152523,0.5728685539304887,0.6355003700546459,0.46402924863460787,0.484952142750746,0.4861868356296314,0.5364601301254572,0.5129818512574927,0.4782504444579157,0.4286100235484185,0.3967227234413809,0.4180618189099907,0.44147610704449325,0.4084332097835445,0.5312993536100513,0.4582908056972082,0.39438063612338403,0.48418615395941267,0.4624895936303555,0.5009626814859,0.4403475050528389,0.5611079293426242,0.4262114826966053,0.42470174172721886,0.671089231148782,0.6423826775041198,0.37266005484998,0.45840048894576363,0.39728014848418336,0.5042255547343704,0.5366671945017114,0.3896311219936047,0.47850217503127557,0.4304382295217686,0.45706839584502545,0.543572598879177,0.4685020568854845,0.491159392851819,0.4985919184878691,0.5493140220847671,0.5591374519747657,0.4437052748455429,0.5165267991061933,0.4980461853211688,0.4085874175744315,0.4101230691790157,0.4607065960133983,0.5119044211054709,0.5680250667267687,0.5450244432922561,0.47474354867531027,0.4283303260403256,0.4534191070664857,0.40949096236708143,0.45964996058882185,0.3993654709940244,0.4693130167786671,0.46020347757542734,0.5869887712384185,0.46738493907646894,0.44957026933077976,0.5072319948114704,0.4057483538311607,0.4571475395539275,0.4162885960938921,0.5234620325367286,0.42328811371275277,0.4516336544175178,0.5213197798629331,0.469736700202923,0.3738512998292452,0.5864933927713465,0.4405254055810823,0.5299160576769333,0.47422656528725654,0.5758723035283865,0.4230353169953881,0.45901378679066074,0.4339094586069021,0.4431903366517691,0.49718200970422327,0.4772422397094281,0.45773454115248263,0.40200344462412135,0.39075701043442645,0.5126283193364883,0.4067205738547903,0.5681288418237564,0.43326293161879764,0.5055398822796483,0.5909583432839595,0.4625129666023848,0.5111216423703543,0.43009708510055344,0.4756447211580757,0.4677067133148956,0.41699096462175533,0.37234552013651684,0.516636571168438,0.46429851478838263,0.4928101299560178,0.4965360004851147,0.4879644840761615,0.5101425463683829,0.4520953323767272,0.5462905719337123,0.5531029291713672,0.5990171746095256,0.39169797555766084,0.4812684519733074,0.4723212308317471,0.5095865683713515
0.5606615638693963,0.6031809102219782,0.6062375792678261,0.5886261623176018,0.5080723473957768,0.5553900826918668,0.4751957448210441,0.0,0.5432647230530198,0.6006234522549545,0.5020166637249971,0.5402362745153182,0.5754657792250008,0.5543453694177197,0.5652220308645698,0.6090224940210267,0.5717907906867288,0.574767445348205,0.5289217484952113,0.532643612667249,0.6706838523100005,0.5528188595088331,0.43220402325988294,0.5158746169050807,0.5960239790965084,0.5146277332811617,0.47584479013409864,0.4454689891437926,0.5170687330960321,0.4845764039042543,0.6266592101683088,0.585769622506729,0.5766741861736305,0.4082583042340439,0.5969361863431478,0.628466454481183,0.5483068607096866,0.6779341212056901,0.5211279899772623,0.5756862767278338,0.6065920332959368,0.5250248917247865,0.6023708463781831,0.5814009673196613,0.6276617749241548,0.5450738144403152,0.5290908945820668,0.5042301225815092,0.5151011547554742,0.6422019605405909,0.6198740520949012,0.5807745086332925,0.44018574033888025,0.6217719046953911,0.5686235295369462,0.5428524075804135,0.605194687696235,0.6128890721154333,0.6162111225476107,0.6001001422810527,0.5713125116279996,0.5222303562380712,0.5885877618717594,0.5379399822875642,0.5301504849737129,0.5301890693874708,0.5169489786366201,0.5332568347834737,0.5506860867732569,0.7033384255323905,0.5898630492218089,0.6299497032322487,0.5374493441051317,0.6839745420869313,0.6174581813077447,0.44936575934562467,0.5129733404730412,0.5370885103815513,0.504720396336567,0.45383317594353284,0.5148490426421737,0.5774435903412757,0.5740984255134352,0.5838211435422769,0.6177337268551679,0.6657126910331705,0.5491396272563814,0.5924283515447141,0.5690822402718559,0.5058330705045423,0.579760732599544,0.545670069964487,0.572311166187965,0.4821151927229655,0.5658258321044035,0.5513846419456122,0.5260605691667241,0.5439217215380996,0.5102294922825402,0.6205663546564213,0.5227506148315835,0.6140388558794374,0.5465368366719565,0.5844847051402161,0.6736492250016201,0.5749810797168813,0.6341655200662446,0.5105967462973278,0.567143777385615,0.4971042180030261,0.5118433104894611,0.5610927013876519,0.521881510381374,0.5499562475593855,0.5483078589768532,0.5920571335241737,0.519786094425117,0.5028571094844622,0.5590009398833691,0.5305954898656915,0.5989126604164464,0.5959953897915485,0.45663687748989484,0.5663384327326487,0.48295425105491224,0.5843948414435428,0.5592182663965931,0.6026627435699345,0.5797726132401898,0.6113831357232166,0.5831041120176378,0.6388843303954185,0.5085450569080716,0.5127776896303707,0.5537240866863248,0.47651395516981954,0.4868737850376557,0.6000901393194984,0.5079342622999368,0.6141536947359955,0.513579571642843,0.5860799125590227,0.5736312404884744,0.5233737659087375,0.5703754829884606,0.5153858163231657,0.5805325544300168,0.5112832096262624,0.5862210932827114,0.4731296107616234,0.5787744565953306,0.5146389967796045,0.5384298674971417,0.5815648586619778,0.6377678513057149,0.5822265390916272,0.4198030654121371,0.6373959913626793,0.4965140381942044,0.49654687093462374,0.49371310123270673,0.5632635115212257,0.5163778600173168,0.535116799266474
0.5125657935869045,0.5613070731719481,0.5192156858582646,0.5351555413101717,0.5385448889340865,0.5430205446546924,0.4630665538693891,0.5432647230530198,0.0,0.5093722549225599,0.48189456275057463,0.44338676197414106,0.48922373852429374,0.6363359124892742,0.501311226020713,0.4836421600005091,0.4666975825862552,0.5026613534641992,0.4311440399198442,0.4348091171361771,0.5142193270829677,0.6172832363543619,0.3706350742673245,0.4199707662397956,0.4786503733498299,0.4198347547022819,0.44975826810183517,0.38457622489937376,0.48015459584897663,0.4833404941187271,0.533425199965766,0.4983121426251039,0.5104951786540559,0.3365808109484731,0.5387198701269589,0.5144979394245691,0.4909221683566596,0.5784609109869271,0.4767573973252075,0.4695417652323406,0.47503527250267885,0.6276378509966741,0.4412724494999958,0.5097407105537791,0.4432726608292363,0.41685558011646334,0.4419948232217258,0.4436728857489394,0.44237526726007165,0.5208260578004605,0.5299050082874578,0.4606214712210103,0.4419774465949141,0.535235772319917,0.4828745469733091,0.5949462921700308,0.4899096707850341,0.5367532354460126,0.5343180269508974,0.48380633052199046,0.5137606033578487,0.5197589459946159,0.4798020004948967,0.4804930875684441,0.5047204322031866,0.4343608604624397,0.5074914091639787,0.5445938879597333,0.4869985046317225,0.6089074343113728,0.5758613217581827,0.5389300325109867,0.5679737740866226,0.5407515770073007,0.5533696202231608,0.40541501589078166,0.4753082227241424,0.50935158179686,0.38196218263722415,0.45172734950723614,0.48423321463537916,0.6386425819644953,0.596064012623308,0.47050362386006817,0.5183921325857503,0.5120693428382384,0.524935979551132,0.5451748780268023,0.4522939696157108,0.5245939439186094,0.5767697990489942,0.5542232024227242,0.5104351631341537,0.4264557249455187,0.688041737457293,0.5321249434558869,0.5019439855471535,0.43622057257086455,0.5906982865033534,0.4806858433496786,0.5137465370307295,0.47825607373310214,0.45855914746082677,0.4388180255302492,0.5676011248967552,0.4245247199028165,0.454660578713957,0.4208046782842457,0.44427434538426347,0.4350257658522978,0.4482704332520496,0.5057014642699008,0.5373401936315183,0.6098481333515974,0.42994528158371914,0.5001703009664905,0.42855229336611095,0.4332594233630981,0.45835868092394805,0.63701237348977,0.5784543814129228,0.5578230929114653,0.4030696258108241,0.5048274584698383,0.5879668466409931,0.46099089170211394,0.5881404018710535,0.49001541502947465,0.4292445162855665,0.5110715025837458,0.6519962336553898,0.6295059961405872,0.5120911550607617,0.6484117510902951,0.47458109888756767,0.4735744147944415,0.38913941578123235,0.47968240248100663,0.3936928297034841,0.5121263289291824,0.47759873527715485,0.6348971641091721,0.6062865904882122,0.6037903820683652,0.5110778051284876,0.42778866198839005,0.6258290421706231,0.4626248125065237,0.4463274645389847,0.44266985309646906,0.49060632697863127,0.5039675025686137,0.4983192984475436,0.4831594414683012,0.4758832950438441,0.5342711798109766,0.39976139741914923,0.5188262437255582,0.5067857648275518,0.4827614574477539,0.4356093095170562,0.5643694088682043,0.5351803883910916,0.5640040611108591
0.5266514242857512,0.7005798371701347,0.5995804702532433,0.5570238767853988,0.49112922390904257,0.579097556694497,0.5149848315637982,0.6006234522549545,0.5093722549225599,0.0,0.5172796093026648,0.5306598580867684,0.5693330987576685,0.5639735237607671,0.5680709663189777,0.5681365040966292,0.5258817910104678,0.5328790175572017,0.5155997127992332,0.4826930904718117,0.5724853673961109,0.5856105988672612,0.419083865084261,0.504711997086253,0.5954291907006629,0.44132723787948547,0.4656797096866256,0.43257535027671473,0.6965496134271668,0.48167194087193843,0.5945941211766063,0.616215544515125,0.5637535121746693,0.38339330288630846,0.5523231608666922,0.5437533490392298,0.5436975891186597,0.5526416086774704,0.5236639344447124,0.5539654640617429,0.5299159287741487,0.5136075824739044,0.5100318574139993,0.565152199832663,0.5281608221066562,0.48482047681896806,0.4820676054977869,0.5096080453885633,0.5253023326908515,0.536261379911782,0.5771311917277908,0.48599845496945066,0.4439512029290599,0.634706443481131,0.6163739212565845,0.5317544480917734,0.5360355881024209,0.5389298428290075,0.6447254452089565,0.5450883713343452,0.5759539913072337,0.47810528108402306,0.4965851492871428,0.48215214144840834,0.4987836273578698,0.4793466194133304,0.5072477240154966,0.5327470146109944,0.4966663948809968,0.5980199986567255,0.5298700147869304,0.5759281395736555,0.48875767271781784,0.6230592365897228,0.563694352143506,0.46290079886040847,0.5194165254697982,0.55410366203104,0.4238385238685426,0.473999798550106,0.5077632290972263,0.5138188026183202,0.6167813725863984,0.5097336710708478,0.5107442085023907,0.5303613379331208,0.5023513303059752,0.5579741962963084,0.5354929398315318,0.48295490183573575,0.510736047329469,0.5241904978050593,0.6007784383113274,0.47737698477597706,0.5365951124653405,0.5916407185215597,0.483884515701768,0.4738567997498024,0.4708666235500727,0.5578513268493768,0.5511254721897727,0.5463310405285475,0.4677093294471126,0.539850294693494,0.5403063075608305,0.4766240035689815,0.5389428853979248,0.46896362793257285,0.5315929335219504,0.5141967119095442,0.5112634777804336,0.47303027641554996,0.5113533706976835,0.5186104777739605,0.4751813612545509,0.5210251625788118,0.49807642040859457,0.5468697044981923,0.5292485449287856,0.48667577524629163,0.5323925551941424,0.49435727758692205,0.41993383479337276,0.5810279127938258,0.48226733493971025,0.660488600549611,0.49782198536440514,0.5506529936473052,0.5309652493448994,0.5549442570150396,0.5519291248086245,0.556922942747997,0.49777901589445234,0.47840147756706247,0.5281462160838729,0.4809659683049805,0.4636089320635946,0.5383575494866293,0.46124981517002434,0.5594295488462034,0.5370146338885811,0.5987126115331638,0.5620771753161122,0.4937809029792858,0.5463704842383089,0.44730286883364617,0.5227256087260509,0.5403579654154154,0.5536378390478408,0.4339891387975755,0.5123619897801545,0.5607580956212083,0.5068858341997406,0.5673996135521189,0.5560685208176995,0.5531497404693894,0.4455093924501774,0.6081539585878143,0.5308498530180435,0.5106125913950448,0.49629626291874374,0.5520488563129383,0.48190488411050586,0.5053344543236948
0.5259812199110296,0.5128139245653225,0.494038956497629,0.5311636074652639,0.49806656148478895,0.49013461139242426,0.48762571655735,0.5020166637249971,0.48189456275057463,0.5172796093026648,0.0,0.5388520261545319,0.5514332427580272,0.5063556780448903,0.44457041174625805,0.6056153602709605,0.530591927089657,0.4725086604286468,0.4873536001197203,0.48816169790472685,0.5173134953202959,0.5402086471437123,0.4539146904174318,0.5225244511874375,0.5868231674694986,0.45612534408577765,0.5192059771590141,0.4930928131894,0.5412978775015803,0.4968155021237496,0.4884113706073547,0.5258957615700376,0.43587104041193164,0.4135074900636736,0.5678786320037466,0.4636121192625561,0.5896489947022863,0.5102430289681008,0.48445847094579714,0.5257445470592859,0.4198360502353596,0.5571549258561259,0.4397865572614817,0.5244246271815322,0.4923042613244921,0.4025911220752599,0.38260718143208616,0.5552260632218113,0.5619078937527575,0.44821592496301726,0.4786736785920725,0.4341302517145087,0.35275976898654715,0.5121991157901926,0.5535928178839992,0.46755592269733076,0.49102340540432726,0.5476599984826728,0.49443686842852164,0.4568972934387431,0.5103988679098225,0.37796853497950483,0.420906806180582,0.4619232817529783,0.3966870859278089,0.3997140888981056,0.506830840284729,0.4440765013964882,0.4621175293467689,0.5755024947649782,0.4458076740062415,0.48219096675220513,0.5454924852691865,0.5524286155047446,0.4929700871679962,0.3924575110047975,0.544319230307305,0.5223116207755674,0.37828472975643646,0.4526630415811004,0.39927597393401965,0.4459932789237601,0.4861189213214634,0.45355978772819244,0.48593205358944147,0.4775242289067644,0.551555326753198,0.45579246579025345,0.4390909360547696,0.46505068175183145,0.5072843472710574,0.43399971383839797,0.4879302152323026,0.42593512647603876,0.4783544917175056,0.4874644157317395,0.38148001635738216,0.4364925620096471,0.44085409910499485,0.4682071052287351,0.5087768961966357,0.48622898561890276,0.42846997395118713,0.4268791498456652,0.45432534000661157,0.4223440318564705,0.43086671333481213,0.5036416750726352,0.41161554686194485,0.5342105072465528,0.5550919252983623,0.4684329279254923,0.4993586031718085,0.532194895797453,0.4094165391416968,0.5279697818529518,0.425059620690769,0.5456847744370125,0.5193014914646736,0.4746907284919074,0.5224929235392788,0.42214032339249347,0.45731529176821367,0.4822091089407161,0.4743630545114794,0.4918381009789381,0.4270997776303384,0.49869623638779054,0.4762755090858771,0.4306995247800016,0.4928014089740139,0.48383323040833953,0.5722927152336694,0.494342391112041,0.5306280998895618,0.3857406758851427,0.4311635970848455,0.48263246224888673,0.4724459402815362,0.46464897970482705,0.4118336137931128,0.5537648590997113,0.4730977717205692,0.4383470646100588,0.5369740130317346,0.45470031932627386,0.45751909136906904,0.3910337749990172,0.48509322081265827,0.44211788872705265,0.5417936746882895,0.41398901897457796,0.5593621506419089,0.43975183633502807,0.4919229458734404,0.5105973673215574,0.5295321959225253,0.5320170959595859,0.5201019452381693,0.5186940575678196,0.369915814843415,0.5132806920381293,0.4082344493677386,0.6468400600791884
0.46732035110731407,0.49835543836372787,0.4755308945683669,0.5610462083817014,0.5171802682024853,0.45147187415841666,0.5387451588094339,0.5402362745153182,0.44338676197414106,0.5306598580867684,0.5388520261545319,0.0,0.4712284640960286,0.44423119003523087,0.4793725985271527,0.5755188351093194,0.5188976388161961,0.45001231898169686,0.5751355977028129,0.473633083509932,0.5947195461191701,0.46573378980282776,0.5273173299200887,0.5542103662809541,0.6139043505859091,0.4972055332139044,0.4937772130522947,0.45826872850920397,0.5014598984099246,0.49739925965179543,0.5632469057704403,0.5398867304004841,0.4611367290615956,0.4923539547638954,0.525199948228397,0.553112798217902,0.5229494001579239,0.5095842555761612,0.5953313168424482,0.539760253606942,0.4812730311416129,0.4931150943003658,0.5076703842460624,0.5552387239540181,0.5632150697756019,0.4527595506729722,0.42442222457686846,0.5036205027735055,0.6115630054454537,0.49177907440743673,0.5382750580839488,0.45864569996443394,0.3574716454384972,0.5543273925711998,0.6457629944150435,0.45562831575333207,0.5221828522466239,0.601169073233009,0.5085651479968466,0.5125820570726853,0.46440147430431516,0.40502002442541096,0.42618980811104573,0.4955490509854111,0.4168104217787242,0.418299280142123,0.4815599356564716,0.42178503837116255,0.43502170742639906,0.5184883967046192,0.4440483682544287,0.5017728811451553,0.4718643721472183,0.5681826493479614,0.4574222712569433,0.3996543334472041,0.5697109298092283,0.5858126474062849,0.42693871945940165,0.4271689125134151,0.3972443227955194,0.47099548219391385,0.47642069339188137,0.4294095997969412,0.5541843714214559,0.4917861623588654,0.4957386535228027,0.4938477999722309,0.47534039608395434,0.46559625770141466,0.5207485616570757,0.5030493153263608,0.5337131414080752,0.42973746127880186,0.46978594032100907,0.49188268889212994,0.40064206764643295,0.5067123077729552,0.46161547000740705,0.5080048842887399,0.49950086870882343,0.597977061019593,0.5369859966537746,0.5204550999086577,0.4787156676298312,0.4720841315432458,0.5124896082119952,0.5037374400421306,0.463030471140894,0.5120474773984385,0.6819059775358463,0.5388380491221528,0.440166713019375,0.5206198873576937,0.4296330656780443,0.49464038428499235,0.44943046190641317,0.6065682682970267,0.5127749307560242,0.45141320224699083,0.5366402526777729,0.46586390928980564,0.44034709326169336,0.5133247796781594,0.4232401841063,0.5410824637352708,0.4581124749104363,0.6008412860548886,0.5431744132598211,0.44746786493883756,0.45954248238946976,0.4739450708303426,0.47174750826286255,0.4647128746884051,0.5266771887633106,0.3802855138847421,0.4483274781448407,0.5276942723921455,0.5012499678987216,0.5784325248874964,0.4006376519213174,0.5241863742904097,0.5045915166965103,0.46182691564816514,0.5674280167035712,0.526033080190133,0.4786164390050177,0.41852705314034283,0.5283673525134085,0.456447468014449,0.574624379383218,0.42483099598563007,0.5586422753913474,0.5026875073197027,0.6215432383721643,0.49687233829538835,0.42791336023519616,0.5689768371787912,0.458101914026176,0.5098255713348111,0.38007273510090517,0.48447976683228217,0.4592423074441313,0.5249504482351282
