0,1,2,3,4,5,6,7,8,9,10,11,12,13,14,15,16,17,18,19,20,21,22,23,24,25,26,27,28,29,30,31,32,33,34,35,36,37,38,39,40,41,42,43,44,45,46,47,48,49,50,51,52,53,54,55,56,57,58,59,60,61,62,63,64,65,66,67,68,69,70,71,72,73,74,75,76,77,78,79,80,81,82,83,84,85,86,87,88,89,90,91,92,93,94,95,96,97,98,99,100,101,102,103,104,105,106,107,108,109,110,111,112,113,114,115,116,117,118,119,120,121,122,123,124,125,126,127,128,129,130,131,132,133,134,135,136,137,138,139,140,141,142,143,144,145,146,147,148,149,150,151,152,153,154,155,156,157,158,159,160,161,162,163
0.0,0.8480391667236388,0.7652553048288827,0.7799490629797602,0.7517865848753285,0.8402736593016679,0.8301960138255235,0.7632555982616422,0.8932277832695545,0.7402116309236644,0.9076491092858755,0.789425024051662,0.8966790404854802,0.8476743319414711,0.8516069905306632,0.8151065140341465,0.8314225315736888,0.9347930337316559,0.8093292496357628,0.9239793169439129,0.8563251930463684,0.8821711407147693,0.7700068711045797,0.883375402543408,0.8906723504458418,0.8481462130784211,0.7319841420537976,0.842757379306255,0.7578458629627789,0.7527522038773728,0.8727069609952707,0.8521812870692625,0.7899281661916913,0.8592195693338228,0.9225546632975961,0.7669376469423396,0.9502246109238333,0.8717940552589358,0.7872468462504104,0.8468662209842851,0.7456145944640833,0.8804788453264569,0.838450666401559,0.8984809307788085,0.8698490656479917,0.8375743151607782,0.7477260011549504,0.9050969271271313,0.9058883526838762,0.8090168177653416,0.8542048758643243,0.8493720672917281,0.8157921266357928,0.8516886359263955,0.8266189307840895,0.8644380816506402,0.9296514662096993,0.7704404302278545,0.8055761989259304,0.7835407644584572,0.8308606016734246,0.7029860277246329,0.8521697465194258,0.7305496127658375,0.8657829033985657,0.8924481642729388,0.8932197980994133,0.9107846292735927,0.8033258454792085,0.8431330339263952,0.9321874050200548,0.8525873001226691,0.8782445810928183,0.8647390929680582,0.8266788408559088,0.9278277501711715,0.8013264329784863,0.7818112132217739,0.8246897648480385,0.7708232840785231,0.8182472917016108,0.8986277055691559,0.8499596983059164,0.8301770816138566,0.898631115541567,0.8961261399872242,0.8637116727269976,0.8048030272427529,0.8267758934779339,0.8788485741810377,0.820844657400997,0.7985006762796922,0.7952639915766135,0.935170110352659,0.9219184485505469,0.8626589455846947,0.7765736038036817,0.8023237406360644,0.7614532630671433,0.8335536762760335,0.8806231998780316,0.7265351310962561,0.7449587443370935,0.7096700393687722,0.8500023011207846,0.8009543477206535,0.7300196351266358,0.8338468808826724,0.7914891407659272,0.8792946545429845,0.8888842796169875,0.8558866586591998,0.8944416149352018,0.7663104425935618,0.8833017803274106,0.8447422760932201,0.8626261072451198,0.8039708120666602,0.8065977100217838,0.7941121176027617,0.8163880598307972,0.7004548462454783,0.8991893071592212,0.8882143219724333,0.8731705602189844,0.8141914485239845,0.6954150347359042,0.7912333342087055,0.7821021735103963,0.8540546886893138,0.7880726131370525,0.7787323921850381,0.8239773517144354,0.9028815639030422,0.8832829295912052,0.8572497193093023,0.8764029678501164,0.8701126087258694,0.8297950086191831,0.7724920773752004,0.8256846458784978,0.8427353868460211,0.8811017018132843,0.7799811677002195,0.9174924364641304,0.8569089426263472,0.8470369834696218,0.7211466504359907,0.8170086461039542,0.6053260835442882,0.9264844548976546,0.7915435672335877,0.8166695614167971,0.7037308342488179,0.8029051010746006,0.9186807508244632,0.8871995194158229,0.8197271717902181,0.8678663759060251,0.856000161303915,0.779904800451159,0.9049482680585823,0.8768940983387264,0.9478330818680383
0.8480391667236388,0.0,0.8531530235323782,0.795407822825716,0.7395247302112207,0.8758240276432754,0.8377581937293337,0.7728828475344779,0.7890970931347202,0.9103866082247924,0.8967314247083842,0.8959296639714599,0.8476191426714974,0.8220480402969348,0.8397774218531316,0.831155975969628,0.8559270208250029,0.8276880950390751,0.8596203383505452,0.84287271058324,0.8578125116295856,0.905603610652781,0.8078948915111629,0.8841806143610415,0.9338012865344799,0.7691044449161352,0.7724095778186812,0.8429247905815975,0.9502184796894302,0.7571943606899377,0.8614902856397283,0.843405674679808,0.8473474946060338,0.8541270410271576,0.8670945091873721,0.825838457398741,0.861764365413264,0.8524374434685326,0.8176110147619985,0.8498540550379763,0.8415304285247304,0.8553816913628942,0.7635423836931747,0.8786555608150187,0.8576548060735603,0.7860966632602722,0.7608114292242044,0.8731759859911479,0.8768179806572027,0.7524903559664332,0.7860776765891302,0.8124754461144749,0.8200050132877549,0.9054454071727703,0.8804837052999636,0.8647990625559366,0.8145196504664314,0.8036052415590703,0.7803592593911798,0.7817944013967615,0.8031198757251029,0.6614529845511201,0.7749895422740298,0.7567243038442355,0.7199903173106053,0.7370998956877342,0.7916951887981502,0.804515526878663,0.7696603602993193,0.7903488184365218,0.7910325537089262,0.7964692201399395,0.74354376415563,0.8183461179858087,0.8568556403079396,0.836483074921625,0.7406741922336154,0.8292630976898243,0.7676330610514752,0.7270693996519934,0.8353268176224312,0.7687325632263253,0.8774441900336863,0.8336805511018279,0.7792442180182112,0.9090031172889483,0.7583156453518552,0.7058471261290701,0.8204509543091986,0.8417598374459094,0.7607247295087506,0.8074440364142208,0.8393202648565997,0.8073952726910384,0.8071933955291711,0.9442431371859007,0.7322460478825286,0.872713953522839,0.7137394484821754,0.8000010116263482,0.8573809462948601,0.678813097874815,0.6959171698083289,0.8369564523040788,0.7637258755532355,0.7678037116657052,0.7338986314610924,0.9305682537490673,0.8294365629867423,0.8978974701064749,0.8742419380386078,0.7467996691234013,0.7894103428338034,0.7721250215936211,0.8189326681301029,0.836645161597293,0.8895826321146835,0.8286783871090581,0.8586938375978398,0.784668991952128,0.7467842893810068,0.6696281132690872,0.8148953468232856,0.8630802622671341,0.7673647557936571,0.9310127340702059,0.651144731614444,0.803561288261817,0.9312575514661354,0.8175121707829263,0.8659429983143834,0.7532126528019285,0.7206175648764611,0.8197941221222396,0.8506545965015903,0.7791118635334433,0.891593275624459,0.848820690891884,0.8851984925058883,0.7706617589882264,0.8513138364605531,0.8582421072158597,0.8448577645467896,0.7861872459280721,0.9104887574558211,0.7692860731895578,0.8308993719529394,0.8265980972693447,0.9500652356842633,0.715486062281658,0.7917134913041076,0.8996962123334585,0.8083048569030896,0.7815439154486911,0.8869501142304337,0.8149391023308331,0.8205327371267058,0.8486171136018184,0.845592609647609,0.7546750282489035,0.8802405365323864,0.841033360013694,0.9313209117176401,0.8238148652890716
0.7652553048288827,0.8531530235323782,0.0,0.7429478725658868,0.8070286524201484,0.8699917213160766,0.7850171729253691,0.7950040621447237,0.6896736489358567,0.883911741983321,0.8962706282311749,0.8709750301674899,0.861578617123384,0.7159786104393248,0.790313989251982,0.940050232184641,0.9177648218553385,0.7864416906535882,0.7878790950297098,0.7462553151252334,0.936022038015592,0.9253146086511568,0.7381897587294841,0.8432417900665871,0.8506119249414912,0.8339581660003381,0.7283505644240498,0.7599962969860223,0.8660848750157427,0.8015541704396175,0.7524655505546187,0.8776806613970319,0.7741440025362303,0.761380838497965,0.7028384915968955,0.7890346463846413,0.8444642060044499,0.8125221368846589,0.808892165624257,0.8212483917353864,0.7842797422278079,0.8497304308609067,0.8441248983017754,0.8210163503934145,0.8238965908797304,0.8230973112476466,0.8180443914646955,0.8782907095237148,0.8078793811948082,0.7784959939888324,0.8340864052599891,0.8164646300215651,0.723365242152872,0.8851268759636441,0.8659674736892932,0.7688990359359072,0.7997012835402347,0.8790851454018251,0.7326502658034987,0.7534371041816751,0.8009672478545343,0.708954596236689,0.8541926600561175,0.6913570652511786,0.6888581081931658,0.7605327562765157,0.7471053955876262,0.8658580503688601,0.8312882415936396,0.8028483519010938,0.8143590398687012,0.6730056521677781,0.6957825314173003,0.8948620660297159,0.8694328400718062,0.6979254412644069,0.8533788177798253,0.8894954870904422,0.7573290650654199,0.7140901091267077,0.8495864164226492,0.7319716896453413,0.8859232246546868,0.7903459640689982,0.7634359213750423,0.8277736242334158,0.7504296710492506,0.6977166530645549,0.7579731506146946,0.7433789766100011,0.8023705628719635,0.6899678668109344,0.8415405305771803,0.7138640369838791,0.7465466061170896,0.8589082502736114,0.7303034091653928,0.7548927125066974,0.6173034300667302,0.7420214406775542,0.7130085173863455,0.7880130849359454,0.6707511719544956,0.75863447454802,0.7210006629955346,0.8742366387864556,0.8680937910758214,0.8429921735502268,0.843550790120879,0.8551135967437721,0.8429933624279261,0.7236724546577209,0.7477684514873405,0.7548089523677614,0.7599930335531262,0.8140880622380775,0.735088495272055,0.843821216901616,0.860171196370874,0.6778892051039259,0.749848377323701,0.6970757452141801,0.7127545687295175,0.8550354822604511,0.6242145156430862,0.8949926044262101,0.682991567227975,0.8632401420465345,0.8684638624584892,0.7976597306815824,0.7795782728090117,0.9103985174969791,0.6687266169633144,0.6823019533365577,0.7970775590221012,0.7201360321902973,0.8201936178843535,0.7564487598958621,0.8259867287714988,0.7697011862081304,0.7347900815952871,0.8433760379438235,0.7532888616942952,0.7780868740834769,0.8671636326976627,0.7390412019997898,0.833382704580973,0.9170346391087777,0.8871359717398534,0.6893014761430704,0.7009492370355445,0.7411234035136282,0.8098103390200375,0.8683133599673556,0.8593373855336798,0.7794662090748948,0.7661630373965492,0.8873224517695993,0.6796659591395338,0.7638311969738871,0.8464419426772009,0.6674610116615226,0.8489587487162846,0.765753790136839
0.7799490629797602,0.795407822825716,0.7429478725658868,0.0,0.7038028679233439,0.8086204076574949,0.8572072259391675,0.7953019372701156,0.7124388106757648,0.7688710508359188,0.8096859059399842,0.8306277112357584,0.7596714674819492,0.7269628088271574,0.8236671905731837,0.7238601554366303,0.7706984545069993,0.7944461450863506,0.8396064116831949,0.6692292790221724,0.7930603460687881,0.7655497687792706,0.822206021498652,0.7562640902242381,0.8368951374015073,0.8125030095722593,0.7807930241743894,0.8279454518764333,0.7596717401352426,0.691967091528327,0.8005154005985661,0.7528493739327313,0.9613784103170245,0.8468085195195613,0.78570441118504,0.8054996046286793,0.7856886524901207,0.7657965955215684,0.7273474179788276,0.80962977957037,0.8515459798561757,0.7564900171430713,0.7582030250750483,0.8381435188369217,0.8080238878960653,0.7711421233432101,0.6920194325515336,0.7601337818735651,0.8025033419949638,0.7084495412084442,0.8421577875921731,0.8583882731084513,0.7404968259465546,0.8991076974495638,0.8391950352026071,0.7309207506891883,0.7517895729307918,0.8323258252261803,0.7159957367846802,0.7325872054377812,0.7699057073663471,0.6622172903095059,0.8379121058385038,0.6306546334082862,0.6756125832978804,0.7075213843860448,0.7511629746707039,0.7464594627950405,0.750404139884328,0.8283366419602651,0.749982329223548,0.6911481290642176,0.742767762161924,0.8216517519092742,0.7861879503350995,0.7365318991271742,0.7365577814151135,0.7658525661214497,0.8190560409052289,0.6372420375662479,0.7384628308831738,0.8247189107763923,0.7484116231454356,0.7704260514233483,0.8193478160887632,0.8031792932700136,0.757020813387089,0.7452497576434879,0.8220876897982314,0.709937423422538,0.8409537666728165,0.8468542793827176,0.7729776711779964,0.7123077252162928,0.8085055672301914,0.8599616241416601,0.6773491375021071,0.8616626379432363,0.6581913982772416,0.8456113142171399,0.7161676224333763,0.703680263388392,0.8866121982935958,0.864237975596895,0.802776665296992,0.7229537176230578,0.7218983353128956,0.80723818970116,0.7838005809325556,0.7136024026252274,0.8740029706145557,0.7665962871107928,0.7764079348365869,0.7381117248409218,0.8632340729199989,0.8037999005585298,0.8197947726012993,0.689199185464767,0.8505095826492792,0.8280181324111988,0.6483140351781007,0.8458313757592499,0.6915683420068894,0.8147206694906199,0.6455353131674217,0.8412718912631691,0.6835806829965885,0.734102320509862,0.8326060570884376,0.7328803585514123,0.703357143116232,0.6774740592769354,0.6676895433150505,0.7836216086958592,0.6995703768902557,0.6305019513058074,0.6870130542171449,0.8089654742571056,0.7773277249080548,0.7390761152205418,0.9238598886255922,0.6879417803177923,0.8369315861262049,0.764388048857359,0.7610558633535516,0.8114097731577992,0.7472803284817355,0.7402936418544864,0.7510164030240206,0.5687219884196593,0.8086698927786696,0.8328389705511707,0.7153217698477675,0.6740469808151323,0.9000487383762759,0.7355132361854768,0.6995722032121542,0.8233244888969011,0.8751497899110018,0.7873296296579583,0.8087733186064857,0.7530243310724346,0.8293839989636275,0.7657739249147901
0.7517865848753285,0.7395247302112207,0.8070286524201484,0.7038028679233439,0.0,0.7202886803265165,0.8453030242794071,0.6405618429586364,0.6874197593558827,0.676035754631308,0.7931726883914689,0.8106613993907287,0.7028692314772905,0.6534686541907997,0.8433279536761217,0.8038134731876536,0.824617820588041,0.7829780523248464,0.7529247052862311,0.6801510768661495,0.8952202142548057,0.8372949775389708,0.7712119222594794,0.8489243359831059,0.7145564028953276,0.8193018446295562,0.6572423303229534,0.6437759851462181,0.7384529314586316,0.8660266630673938,0.7282191281928125,0.7425895678442964,0.7598647801333187,0.6945684869596946,0.7098174800301915,0.763903472537563,0.7428261381595599,0.7621190640159767,0.8034785887286879,0.8090918585329129,0.8412135243012691,0.7866156094737559,0.850845776936978,0.8411156586597254,0.6983766958702029,0.7983098471716862,0.9105311902607497,0.7931785219934036,0.8034052416924108,0.8370065305762812,0.8692065265507071,0.8444658002468743,0.8025389681050751,0.8068642139345767,0.7801273978355783,0.6857000327278142,0.8337892235002521,0.8290100760794361,0.68184336798996,0.7555690328172253,0.6176701327659158,0.7075252387547274,0.818586089360012,0.6703243887662576,0.7774365243608525,0.6791134189402074,0.6359704671053382,0.8077648194043303,0.72307387504807,0.6720442164623796,0.8121832648295418,0.6918395093033421,0.6228783957448514,0.7925309268772645,0.6918359255678276,0.660772967866079,0.7549463103489048,0.9236282270284301,0.7278022152496353,0.6920710376334804,0.7348956622392139,0.779449291009742,0.8609623897742665,0.631890961822086,0.7656676534467637,0.7476574475479255,0.6202149837761195,0.700796340487766,0.6459304060236761,0.666033340148311,0.9064349249183542,0.7187388014329459,0.8877895365640276,0.7040620011978995,0.7583520762225118,0.7589622900110731,0.6293174722885352,0.674703690776764,0.6832428903195711,0.6580242102573867,0.6660221785349005,0.6615895622127494,0.6895705583994911,0.695588653445603,0.7050091171530193,0.818115878544816,0.7286992134221867,0.6904057960226299,0.8645019184557278,0.7429206343481648,0.8173035655088075,0.8145025494657169,0.6348090576278764,0.6158910354641636,0.7614665906680236,0.7912882413982536,0.6779419051387049,0.7867692826638552,0.7372017747250593,0.6337225201183294,0.8984993170180225,0.6476616901369966,0.6598348019867085,0.8624961703204302,0.6322478483887959,0.770397761179574,0.6657586599871269,0.7964982578060786,0.7151453010178501,0.7827193526596266,0.6543443524646607,0.7810857616573645,0.5747040351040278,0.7058837243122705,0.6939114969790644,0.7757436704813394,0.7894032880766133,0.8312975944715333,0.7130235740226415,0.7996387496897053,0.6607109256005214,0.7440754093767992,0.7703921171789152,0.7329760005069268,0.791102930964184,0.751650813712418,0.8881524397316065,0.7980301627617284,0.7177532616566118,0.6068343599244647,0.6840425872768947,0.7240331997036882,0.8208036749070511,0.8099718363146342,0.7748072011986722,0.6781891030464634,0.6735007493625302,0.7985800947538604,0.6715856768808558,0.741979939372187,0.6951519350930824,0.660742775368562,0.7752360366843549,0.8210608402331279
0.8402736593016679,0.8758240276432754,0.8699917213160766,0.8086204076574949,0.7202886803265165,0.0,0.7703873358198721,0.8132716875402345,0.7447301459062248,0.8389108911600974,0.9117965796033828,0.8763603040495922,0.8913342605214701,0.7341484976950177,0.7521669960530097,0.8860063276761293,0.8802179453357375,0.7587308113945508,0.8409831285514608,0.7727428120061196,0.8928150592730015,0.8453558848295962,0.7068107438445383,0.8245000665057781,0.9171883198301772,0.8344356253287519,0.6812961689180923,0.8367647910968463,0.8425017246207366,0.7668836884252475,0.797493098385551,0.8729322781978232,0.8154710557565334,0.8489186774038164,0.7685900247354004,0.7494867776762985,0.9051162592441662,0.8119257539900449,0.7635307323880205,0.7768891653698539,0.7643913944428689,0.885784152938917,0.7746687113567713,0.8805523714470542,0.8200187330261861,0.7705155239990277,0.7439987913449825,0.904319984030038,0.7903377044209774,0.6963813214110073,0.805841423500217,0.8883836532800282,0.6998249400064608,0.8840622939580194,0.8375514845477424,0.8916588606764486,0.8014989568947312,0.8744263332126578,0.678006753090039,0.7063112789915615,0.8676489235859272,0.6886970489170785,0.8793110009193561,0.6366985669834652,0.6620878491374192,0.7862614906336752,0.7909275848079456,0.8538803964627523,0.730539575010718,0.8491011544407008,0.8216444193254783,0.6778618930641133,0.777277141562536,0.8473583684683739,0.9029264834398023,0.8066777136110067,0.7929608278915652,0.8290928072466124,0.7972234511513003,0.8300175884023304,0.9505311037685745,0.7559928479441191,0.8818738659757334,0.8941010832737316,0.8248685525179492,0.8730339690041656,0.8578285958159901,0.6684201472513137,0.8248864219410885,0.8289341989102906,0.7748931982126132,0.743989044538501,0.7648444602676387,0.7974192151804981,0.7667513931794995,0.9246097732876191,0.7406051721382896,0.866050365886106,0.6461761147470949,0.7962481701499113,0.7695215464091365,0.7339671644008398,0.7050208860727532,0.7804438918286836,0.7529190366954214,0.8161454013584929,0.7810438374481017,0.9169236712805365,0.751114247812091,0.8934977398811725,0.8936555586466296,0.7136066507743145,0.8744452076041055,0.7817494756379146,0.8213543645542222,0.8645560992726922,0.8768661739785619,0.7435806431750114,0.9159018671775012,0.790216661498529,0.6954580571565722,0.739888163278194,0.8372729870864997,0.8910758024902272,0.7154314196347209,0.909231944990928,0.6682240209736503,0.8026520633568532,0.8922085719872818,0.7218078480221949,0.8446754770485756,0.8665243976401829,0.7634798208084219,0.8030534841243823,0.8027041417133002,0.7073985973099103,0.8480275593917653,0.7367288007617855,0.7493494920180473,0.7226176509134766,0.8291921909873929,0.8404998482953308,0.7655585429825286,0.7297509229918993,0.88928870023627,0.7534107277578308,0.8116761965274567,0.8368860063587261,0.8654091338351149,0.691524287314392,0.7970253309238168,0.8122701199027486,0.7144427450897946,0.7008822469545953,0.9130458597615289,0.8224642170429651,0.8186822174354792,0.9410192066128353,0.7740633745331843,0.8235036658206432,0.841567210498086,0.8162738856837746,0.873501763430206,0.8277984388936762
0.8301960138255235,0.8377581937293337,0.7850171729253691,0.8572072259391675,0.8453030242794071,0.7703873358198721,0.0,0.6897230869328165,0.719389288180823,0.7942984228263673,0.82301626530801,0.8479433024086622,0.771562574763881,0.7645816606499484,0.8847098981320028,0.7677336136720393,0.8397966391596292,0.8678093118887059,0.8278219584707422,0.7260277369842772,0.8714920198824065,0.8356929032265129,0.9382641106544904,0.8718244310069628,0.8442710837613484,0.8323801934291725,0.7618843891607405,0.7848402245022315,0.7983010604156447,0.772860866019228,0.7982779631946283,0.8129363379444008,0.867834432115048,0.8665710058661042,0.8223813676333469,0.8195784255514845,0.8053435817458678,0.7537014869027661,0.76240960951138,0.9160253230992063,0.8514093796775056,0.8431457878174913,0.8181003868475967,0.8822053339328773,0.8001498695793129,0.8403262759199258,0.8568588281017544,0.8022763464477528,0.9405461189887437,0.8072051435882838,0.9091076137372726,0.8701321364565222,0.8471810137437531,0.8910589483881202,0.8533465795272147,0.7740271955591098,0.8340022193065277,0.7978948253711593,0.8316234002802652,0.8026260136718285,0.6899983320512247,0.6907125973387035,0.7996480526836405,0.7155150039428935,0.7945817561917963,0.7321243305425027,0.7552008640863652,0.820023138139955,0.7780842702207543,0.7260321225436416,0.8036879520240238,0.7680699394789956,0.737880254775595,0.8631913368004265,0.72388932456808,0.7946781852181419,0.778035348217146,0.8828970838431227,0.742766317114055,0.6768418072679449,0.7433482897693067,0.8400751561817363,0.8245948632767217,0.6777062238553803,0.8433059218059241,0.7810021374198923,0.6777780244317828,0.8021794258178593,0.7818653292947986,0.7173223146058407,0.8974252096597805,0.870981057502087,0.8737467409746863,0.7736401377944117,0.8687150428411016,0.8419313386721995,0.6383374636779939,0.8275576788602467,0.7281949850929494,0.8326386910905164,0.7405762469238575,0.6745859214994635,0.8350535996448205,0.8040178201504538,0.7713804859095007,0.7839658054207238,0.7405656061287156,0.8048178833027407,0.9146798831575589,0.7979185964716174,0.9331180434829695,0.8346992189795029,0.7467863074885648,0.6648561987537115,0.8263082078977669,0.8251342559584882,0.8326567568148266,0.8065449926074747,0.8429717134873729,0.74352186433202,0.7777804718180221,0.683870191057936,0.7346072414567139,0.8849713145961516,0.6835319311205929,0.827021571263517,0.7248466841918189,0.7704763246901887,0.8162897303562319,0.8062022457452632,0.7045506707350517,0.6965266815282489,0.6183051959776069,0.7489854624889783,0.7256497184854271,0.7373176051189824,0.770803821927202,0.8992431967690557,0.8076985743688923,0.7693763467054601,0.796697134184599,0.7608297090695791,0.9296804511119157,0.7777661918395496,0.8162454193585577,0.8920852043778335,0.8065658901031952,0.7803127505363889,0.7936989990616454,0.5782480311981405,0.7669014904074385,0.8250049705609422,0.8030074722691616,0.8170531703134993,0.8528807208088324,0.7320415606708425,0.732021481556471,0.8304063856669689,0.8331341620012691,0.8321320645260336,0.8283413557179716,0.7602869223779917,0.8495790885668185,0.820683934040402
0.7632555982616422,0.7728828475344779,0.7950040621447237,0.7953019372701156,0.6405618429586364,0.8132716875402345,0.6897230869328165,0.0,0.796731633766402,0.7685790565868729,0.8206714509961722,0.822200771400208,0.8276206824002484,0.7047812457847068,0.7786377433559353,0.8112757477400064,0.7531485811669472,0.7678004520783183,0.7988274366439864,0.7515960811821684,0.7707581251916559,0.7980002410026746,0.6938244411475054,0.7115725074946531,0.8191741375890754,0.7705942034483039,0.8122890910364318,0.7993039590873877,0.7184471563534236,0.7342067470834711,0.8496716461990295,0.8110792248728163,0.804651003820735,0.7930991499047289,0.7164580387645969,0.7865408743682462,0.8298273271232061,0.849316091753137,0.8097491679828233,0.7092135543238798,0.7274585732181591,0.7136017514043541,0.8110852201662924,0.7376085130317678,0.9061846142162432,0.8201920465130841,0.6397700009481468,0.772933742971836,0.7306641519784697,0.7360221660760401,0.7821784691544771,0.7257528576135106,0.6692961898728725,0.8297639122325904,0.8367765329128876,0.709215313284483,0.7713961846552845,0.8518282396064549,0.662853359487472,0.7662369618640728,0.9058076233756021,0.7179793249211079,0.8344754875891276,0.640836991217373,0.6592907930965392,0.7836662178438518,0.7837505821937939,0.7672823362533197,0.8026385169226641,0.9577136249541833,0.7841393611021866,0.6769101282405722,0.7052662703363809,0.827306202108725,0.9055142204236766,0.7121701473148119,0.8137853813959048,0.7029417188294733,0.8951599239670059,0.6106462074747907,0.7073704170843461,0.7946619359274629,0.766209495084792,0.8630377466916691,0.7588436247847368,0.8681185223745447,0.8901408515290068,0.7461336052344351,0.8823547716213718,0.80175889423188,0.7391819573950328,0.7222503211506653,0.7435435094985489,0.7113609798793658,0.7092350028289124,0.8253638759552926,0.8648604814783198,0.7456836001747044,0.6069716900915222,0.7860269289248685,0.7444307183155585,0.8950896064580043,0.7210657409806318,0.7507703029492203,0.8237210849901326,0.789978961575794,0.8305331114337798,0.7637022700817426,0.7228891187250043,0.7094499775346564,0.7599293149396208,0.7197831116523496,0.7514560211972201,0.901214032952455,0.8090952388099575,0.74996184864764,0.7096253037431957,0.7436393426098963,0.7216759558446287,0.7450886623743175,0.6429567650638214,0.8956911588259826,0.6533656851142272,0.7655687016465497,0.6191715152700672,0.8415503746974796,0.6643359873193905,0.8613940787589955,0.783713716544306,0.7640609265180247,0.7843243009012364,0.7898290180243421,0.7890614360473441,0.7399998451197775,0.788570720730682,0.6313923977199288,0.7367693241234088,0.7168601101950927,0.8127287711888465,0.8261741149424611,0.8012128137449485,0.7396046622784291,0.7446299292181042,0.7833862063415117,0.7800939213330552,0.7210486800844335,0.783291808488129,0.7750152209680927,0.7907399681963525,0.6262519106023464,0.8209545052109323,0.7088186220136911,0.7649821864033407,0.6899184793473543,0.822193915547573,0.8472098978019171,0.7394056336135686,0.7861118188819616,0.7032839482245663,0.7294368133547768,0.7010516856291649,0.6724604213409254,0.8502796940092459,0.7142923719363584
0.8932277832695545,0.7890970931347202,0.6896736489358567,0.7124388106757648,0.6874197593558827,0.7447301459062248,0.719389288180823,0.796731633766402,0.0,0.6770649640851802,0.7950185765312636,0.7603444858356435,0.7723768881409331,0.7661045209859627,0.822685680344216,0.724721763947544,0.7077833691664475,0.8536511741981395,0.7769827168308897,0.8784213450597361,0.7418319598026936,0.8125050323749292,0.7060831920069209,0.7606969991223452,0.8028465154574213,0.7207934542685095,0.7404464528085107,0.7514519086133906,0.6821361494068512,0.7508133551224495,0.9035199943640626,0.7479121234812351,0.7469101936336767,0.7591769986550039,0.8703773495246748,0.7519666783535957,0.8272262771105988,0.8673626445307475,0.785945647714605,0.711099979364185,0.714012499250925,0.7756390745032103,0.781619763144018,0.7812843962164788,0.8292608386701522,0.764780470562498,0.6709493126212653,0.7751224615513251,0.7808372290008959,0.7781286553961109,0.7505909851990896,0.7272144778460613,0.764309011542292,0.7612553121822737,0.7548516938588151,0.7776073777914266,0.8349089058455974,0.7435324524346604,0.7040882415466237,0.7531963941393227,0.7641238942714962,0.6748228018046842,0.7648577278685155,0.7126026750958853,0.8048338331302125,0.7700545350841473,0.7749820006340187,0.7803291465318677,0.758646712801285,0.8378420001425817,0.8371548630509837,0.8052080913179477,0.755858766809386,0.7419647510413803,0.7915588486966687,0.8021516913478232,0.6971729661085941,0.676944698212932,0.8132454917527668,0.6338576414431746,0.685165314709764,0.8873296128722122,0.782099041842991,0.7733077385451785,0.7814478656461902,0.8894118446897178,0.8204800888641385,0.7653723787431939,0.7844865630076187,0.8661650038344683,0.7516145864035654,0.7851695753991632,0.7392795736233922,0.8002738853015405,0.7963197135790294,0.8060081618026341,0.8025643745647231,0.745017548953021,0.7411387923719628,0.7341794998980369,0.8195842221521448,0.7074313001614411,0.6976331267913101,0.7019093083554309,0.8416061475375655,0.7192788250901735,0.6613818266008061,0.7463351980632859,0.6996923277149253,0.7385331257138954,0.7503324238569641,0.806410590550297,0.7497050266814922,0.7868183474819098,0.8023695786197821,0.7506767487262641,0.7537719561948748,0.7499616625498459,0.6684026462910543,0.7662886576936553,0.7499858567269964,0.7236903119026675,0.7537532756038969,0.7652018044373986,0.8113936729282564,0.7461455499469678,0.6380134040542386,0.7668956563127534,0.7017412828530302,0.7991446347613339,0.8180771199417003,0.7052104237568002,0.7761723951121885,0.8876181547515364,0.828446015199582,0.776613946083193,0.8144116831148117,0.800157149177162,0.7871829125460323,0.8070474394451135,0.770295928298734,0.7546202346260743,0.8120939004969414,0.7780129584215874,0.8039115602623428,0.7745293572608951,0.8492920401979103,0.6494813356307279,0.7698422086458009,0.6025412369972478,0.8922502674142188,0.7417407719662558,0.8034991038316188,0.6519893900924845,0.7445527565244782,0.8630839779306634,0.7650380837014616,0.7131824472682311,0.7735585126534308,0.7030032974202223,0.6477028775931747,0.8182549981626254,0.8671396801760868,0.8385420834855922
0.7402116309236644,0.9103866082247924,0.883911741983321,0.7688710508359188,0.676035754631308,0.8389108911600974,0.7942984228263673,0.7685790565868729,0.6770649640851802,0.0,0.8331183677787689,0.8598207178112401,0.8120127116687476,0.7445794702890768,0.7475543293531299,0.8108501521293243,0.8348449857655367,0.7575159089906535,0.8213411907425237,0.7420559808426066,0.8177072170328575,0.8438647763423306,0.7906649958791898,0.780364852774767,0.9133866461231259,0.7106304562408903,0.7597401247638685,0.8274331939128956,0.9158190482106665,0.7077818033230108,0.7611193929776727,0.8527483395744915,0.7744694441633894,0.8175613127869978,0.7381416911313269,0.7788859558255706,0.7894485832579489,0.7445293811286352,0.7379387774675165,0.7869588401491024,0.7461158786462143,0.8216738227095187,0.7296740278086646,0.7738923479726522,0.8161092804282742,0.7398375827789135,0.71936242409897,0.7981795512646598,0.8245812113911295,0.6943604105701084,0.7485522866102098,0.7335772327570932,0.715061018797302,0.8602104109197367,0.8537666500305372,0.7827613796847911,0.7192862746884192,0.7815762486439385,0.7877043601837179,0.7199934576809447,0.7885503123725682,0.6292674297025392,0.7292245638932178,0.711113058050285,0.6439097636009202,0.698471960404495,0.7462522712196797,0.7524266387157919,0.7925893937031897,0.7673130585247606,0.7025434648909649,0.6843561972573113,0.7098887489733071,0.8146883682477115,0.832674131293318,0.7424512188024921,0.7491643654958173,0.7770780850459488,0.6821377556579951,0.6503494628433347,0.7829915366797019,0.6886595364574133,0.7858610570766328,0.7637168635154007,0.720390788412417,0.7822733994484289,0.7230222909263642,0.6914625860335545,0.8004174806628275,0.7199796788804824,0.7079488488609544,0.7428273303916655,0.7825107708172748,0.69861582193254,0.7276614332643929,0.8695580889680857,0.6843346785545037,0.8365258048342133,0.6201891889754462,0.7770199817553145,0.7298222465244985,0.711033528675143,0.6906906509420012,0.8391400925540421,0.6984844015900568,0.7301069891362304,0.7726501500287115,0.9098409541579269,0.7799012794997616,0.8343595942054014,0.8321682591615291,0.6649176493020116,0.7510114241827726,0.7596354579624469,0.7100553493648049,0.7457530274708718,0.8236837826810466,0.8264087157693518,0.867327532504859,0.7078291313422094,0.6344193481549041,0.6510700468660383,0.7170582464563787,0.7736737226519173,0.639363324693335,0.8832246479687124,0.6506553991458605,0.7500116921204447,0.9207254397000268,0.7311393292593491,0.8159836054317845,0.7368045282035801,0.6486767493963369,0.6676501576220915,0.7731098083213546,0.659579639126245,0.7636629034322837,0.7252295502666785,0.8448500285810824,0.708993329773676,0.7888047539677071,0.8022604127494875,0.7776097155494912,0.7654874409486586,0.8085835296523397,0.738820367749628,0.7197148499012077,0.8219474196257184,0.9485453444000845,0.6816324022489804,0.6947174010549536,0.8157675518188171,0.7542124586041784,0.8006407179892653,0.8581979095169504,0.7406840491400434,0.7451196814653577,0.8078295054036546,0.7352350729634765,0.7243588409211524,0.8898179440705661,0.7092338872779658,0.8500133447100506,0.6954870150209657
0.9076491092858755,0.8967314247083842,0.8962706282311749,0.8096859059399842,0.7931726883914689,0.9117965796033828,0.82301626530801,0.8206714509961722,0.7950185765312636,0.8331183677787689,0.0,0.8850658221841197,0.9238745268524878,0.7860282757436807,0.8619739196631647,0.9287968323407688,0.9171421297431728,0.8847497343507846,0.8778700477532938,0.8662043345196776,0.9407913967095445,0.9528113046072437,0.7720277606890316,0.9173178888613308,0.9259804904365649,0.8666429295463071,0.7547380238978036,0.8685289330158755,0.8742102632913079,0.8078401984400437,0.8543395867142359,0.8943352136623425,0.8310866742874308,0.8396599927524037,0.8317598827096007,0.795218721331091,0.9530218225092478,0.9029786951336594,0.8692716912001612,0.8613859070772939,0.8092295077425162,0.8671826764385349,0.8747746950301635,0.9182758248379174,0.8726811472776869,0.8468732378839542,0.7499040436387815,0.9661485909726818,0.8925284797265011,0.7979767628944741,0.8746403294432041,0.8619064526241851,0.7913282601712682,0.9335588194493729,0.9132403139183082,0.8091433460889033,0.9183767096708609,0.874502968956556,0.7622402160315597,0.782400238782473,0.8866607082699466,0.6922899993928647,0.9057262442845544,0.6987773596764871,0.7724364282619296,0.850129908046525,0.8363203316667863,0.9024084891992458,0.8209278430694613,0.8887377884322619,0.8927286511754785,0.7712930512821784,0.7837246906749539,0.9117858845847935,0.9180178920552687,0.8384194737780658,0.864188386979949,0.8620236095310356,0.8473034667867521,0.7954207402392597,0.8889389157434047,0.8191231878964546,0.9122355604088712,0.8826080859601858,0.8491297329837798,0.906705654692897,0.8596931624809185,0.7422798006557442,0.8207656211116793,0.8282694346442867,0.8275091671273201,0.7365443058412092,0.8649490623425651,0.872269545921552,0.8404585629339936,0.9155097459529868,0.7878003409616229,0.7827505194510973,0.6705463601707945,0.788823346657113,0.8487107215311696,0.7892559515941713,0.7065538423937452,0.7640855925600115,0.8008814003445804,0.8407439100440111,0.8137911417691036,0.8786991466308731,0.8236561059416941,0.910802175393481,0.9190110331310402,0.7927706276966631,0.8430888845970496,0.816698383833845,0.8684869974184753,0.8639019056858701,0.8375578268074353,0.8656517124359302,0.8689818265866314,0.742478085190108,0.805604862315536,0.7309591386364458,0.8215994358133637,0.9333508413087551,0.7615022744050707,0.9348628433644725,0.6578008760929861,0.8524707246879069,0.8676130088022834,0.8456673721712569,0.7890418303211539,0.8772620721125739,0.8058630706819011,0.8318387453358199,0.9021560893700671,0.8157673857906254,0.9012432322645535,0.8376331633015813,0.8697758583950532,0.8240213078811909,0.8436766464972164,0.8675051899950679,0.8134098186635905,0.7886053677109147,0.9579391068802846,0.7691752040658829,0.8664258715538659,0.8584685019606983,0.8854251939728288,0.6600511773276552,0.8633634449697699,0.8377909878372022,0.8601772977527373,0.7481396859015023,0.8876411444889941,0.8975373188811087,0.900501038081666,0.8992044522548055,0.8194394850935407,0.8490263703163615,0.8344528518499102,0.8188490825039514,0.8847503916382619,0.9141990292791474
0.789425024051662,0.8959296639714599,0.8709750301674899,0.8306277112357584,0.8106613993907287,0.8763603040495922,0.8479433024086622,0.822200771400208,0.7603444858356435,0.8598207178112401,0.8850658221841197,0.0,0.7820602441448551,0.6870756138936138,0.8723372792332503,0.8546740682236623,0.8458235295839148,0.7811008187161553,0.9523725403379921,0.7442420905886389,0.9077428647543072,0.8776314558073518,0.8165503538110874,0.844432225580114,0.90049767711657,0.7829474008553828,0.7460469360596972,0.7881922034765766,0.8800850199608029,0.8641149989089456,0.8815395883523112,0.8421281318277335,0.8827507001589386,0.8406854784778003,0.7747094629219295,0.843506732707904,0.824973679531878,0.831292190420418,0.8901108912664406,0.7845798131271067,0.885864130064071,0.8177595851329851,0.8445503328795491,0.886319226096324,0.8249829674665963,0.808008863900761,0.7839072876795102,0.8517357818214799,0.8405574484772349,0.7724677291081421,0.8551862784058321,0.8380654895243155,0.7726304014350522,0.9333203855812859,0.9148113987671082,0.7676442098643997,0.8227880193199247,0.9401238004775929,0.695029960093038,0.7724558536517174,0.7702518023419515,0.683486588729817,0.847581722977677,0.6715917011398498,0.7024312639639976,0.7069669325132434,0.6991778171436493,0.7877338706140311,0.7487960061553938,0.8275048739426193,0.7844322699318124,0.6974972644552965,0.6619845468395985,0.8278791827242893,0.8476967191157999,0.747473058743623,0.7764278683586298,0.8705742961354308,0.818782702643143,0.6904537820104412,0.8018286897205879,0.7994984053492428,0.8958673699542687,0.7701903530122631,0.7830662839227177,0.8607286533055917,0.7532452437006039,0.7119262008439622,0.8066947690376977,0.7608145200378061,0.8326031619532099,0.8139362760392191,0.894123809519325,0.7419321754829464,0.7369150108199243,0.9370430367596448,0.7331687237208461,0.8345505758786079,0.6551262493304424,0.7452849618921655,0.7528418988666127,0.7541832008977254,0.747446308295842,0.8897158589954322,0.7684094861316701,0.7931362402242889,0.7898335007631931,0.8459243773971045,0.8226223941353397,0.81025248637859,0.9046317594663913,0.7582117537866712,0.7131635573488099,0.763723375995092,0.8070036985262765,0.8088924582304675,0.8233562455169355,0.8443053346604918,0.8305570684005683,0.7225148145768383,0.7362339842329106,0.7619138747854761,0.6977463555581532,0.8936701780478246,0.6559005417543129,0.9584683536555328,0.6405301220367869,0.8508190313282402,0.8873854368337524,0.7619447204238134,0.7993663329596856,0.7921259608901047,0.6605431537621904,0.771380153883593,0.788999166125637,0.7110820396389699,0.8474697996215407,0.8054552733351261,0.8055145048251221,0.8782840751013145,0.8243652806248064,0.7928291661310749,0.8102428474848437,0.7958215029704944,0.8585903872242362,0.7608307074229376,0.8843731111341376,0.8762768993876394,0.8930234979918215,0.6697012126703695,0.7900947790841665,0.884703307638882,0.824059813446333,0.7687955787996867,0.9621793943466601,0.7713673390203326,0.7380482083279681,0.8845593914560353,0.7581226202175722,0.7594391255658628,0.7746125746318105,0.7460705233285024,0.9277709325890366,0.7982170739438197
