0,1,2,3,4,5,6,7,8,9,10,11,12,13,14,15,16,17,18,19,20,21,22,23,24,25,26,27,28,29,30,31,32,33,34,35,36,37,38,39,40,41,42,43,44,45,46,47,48,49,50,51,52,53,54,55,56,57,58,59,60,61,62,63,64,65,66,67,68,69,70,71,72,73,74,75,76,77,78,79,80,81,82,83,84,85,86,87,88,89,90,91,92,93,94,95,96,97,98,99,100,101,102,103,104,105,106,107,108,109,110,111,112,113,114,115,116,117,118,119,120,121,122,123,124,125,126,127,128,129,130,131,132,133,134,135,136,137,138,139,140,141,142,143,144,145,146,147,148,149,150,151,152,153,154,155,156,157,158,159,160,161,162,163
0.0,0.6581648557943709,0.5489197641372187,0.4844485730587273,0.4076938462327332,0.6061329782606599,0.5271500750738649,0.6095525066819831,0.5886464060363978,0.6670379098829509,0.6292975316253934,0.5440656596107475,0.6840493720772083,0.5729542861174889,0.560185027337926,0.5753742348672839,0.6250786407211129,0.6485380954535523,0.561397197866712,0.6574438494449228,0.6065512563129783,0.6274464778602189,0.5343440498672145,0.5421917635413802,0.7577247751902155,0.544153029471432,0.4691340355678937,0.6529257497421806,0.5636357037408152,0.4743207382501977,0.6423396886630476,0.6686123573422883,0.4653997432382796,0.6788461254787067,0.6813665737735181,0.5415751140056893,0.7344178411280016,0.5952960597957896,0.5505196546817055,0.5320914391350668,0.488523336441651,0.7001341180293207,0.5842155722496547,0.5768089589606789,0.6482991499342232,0.5838554606189535,0.4796458630315288,0.5490220706836568,0.6721818014193275,0.5418476246127765,0.576929341744087,0.5710597678100887,0.545910972032368,0.5946137613978381,0.6012156904339782,0.7154565994813249,0.6301418666729744,0.5210673289727964,0.5390896685221973,0.5395488206683063,0.6847783792692395,0.50873800669891,0.5894944602281368,0.5124300130668861,0.5906593528553102,0.641542473328923,0.6283448054519152,0.6073249162422889,0.5568176498695664,0.6880469424239478,0.6950947887074258,0.5756402430888453,0.6031216995439918,0.6297392697535462,0.64695301526294,0.7240558603142806,0.5599340382065873,0.4864966822786418,0.5772691258024021,0.4901757925142172,0.6272359726712908,0.6311242564447076,0.5479140754262593,0.6299387544849406,0.5975206894900592,0.630516916380122,0.6999322620800681,0.5210535809802359,0.625394060544055,0.6120765804765466,0.5342943917963451,0.5406609711239548,0.5393078143564031,0.6816034949204532,0.6200343353401714,0.6027185215153432,0.5484158001790117,0.5999754795034904,0.5481119851626117,0.6167669190242238,0.6186435815228928,0.5843632402532989,0.48234473449242743,0.47606972678031256,0.5766296404043522,0.5666962020130693,0.552956031742703,0.7136752170035836,0.5329732251668101,0.633132106583446,0.6266580446034743,0.5687851947606454,0.6738176038872212,0.5379696739930583,0.6149089018892104,0.5933324538623722,0.658954567527325,0.6108534947113641,0.5589032475988007,0.5984670561657522,0.523372572241462,0.5182992991579833,0.7101595248255147,0.6123082013690866,0.6051095067525972,0.5819087043206778,0.512085058246181,0.5355058108266302,0.6426641295123494,0.5577728983904675,0.584567930095668,0.5542764540352334,0.5625369644205721,0.6224872748279354,0.6833761472195583,0.6155932006880763,0.57940937735288,0.5580881510493106,0.5321201340544738,0.527362673936785,0.4933187450277506,0.6467593157460368,0.6078590323555989,0.5323121152341396,0.7071377169897195,0.5462069388752387,0.5588659001695124,0.5367898404463046,0.7190014192345511,0.5026834109866204,0.6812946418732279,0.5552667311883586,0.5564200913946048,0.4565423878451879,0.5883336960025566,0.7192182963593846,0.5402171060871728,0.5669640025368062,0.4895647835172317,0.6344646722536691,0.6298380383823063,0.6468068019933516,0.513834710147711,0.669291965404488
0.6581648557943709,0.0,0.5564624736930177,0.5404538972486495,0.41053873335836194,0.556357917279358,0.5483353509917925,0.708384413825696,0.5904876442845195,0.7403027901056806,0.6137084846321526,0.5892227480007767,0.6163237586608484,0.5599243332375686,0.6808827355869668,0.5471353982729679,0.6008330327862418,0.6577540979919586,0.5700957955480462,0.5796799488649025,0.5759191488797829,0.670869779978778,0.5901388627701436,0.5817995040560956,0.683317660464269,0.5342700507164301,0.5440376922577936,0.6782948833634853,0.6533484035645033,0.483477825059557,0.6770103916889746,0.5503383152745778,0.5465111326583044,0.6201354511178845,0.638785736879098,0.5594407335317337,0.6194846621345533,0.616818092452942,0.5990228370154067,0.5851862774013649,0.5728677061053505,0.6038640652078101,0.5383914899128168,0.5474247529496387,0.6752367455183109,0.6062938227732931,0.46395407095887764,0.4927521868721123,0.6365797050799341,0.5204137398969999,0.5509269144691403,0.5571035549094002,0.5635327915242482,0.6366450853320648,0.6056537867018559,0.6371387456276753,0.5936541305454711,0.5370179862939894,0.5065519330593691,0.5632271869621538,0.6485083287128514,0.4762956774553575,0.549026083860005,0.48722784064086594,0.5320809424517424,0.5469551963939975,0.5832926847707871,0.5369562481210434,0.5322058758568776,0.7297455119592321,0.6039882744846264,0.5616101041109802,0.49867855216600165,0.6031508161687867,0.6560048828848587,0.6046207392012544,0.521441809188883,0.5017687513565953,0.6262988990519001,0.44787636604827574,0.5698279129065333,0.6114607008839048,0.5853184002730988,0.6460868488984299,0.5434129257912905,0.7516448661112698,0.56646474842531,0.483876486000546,0.6358852493107574,0.671140400876305,0.5324680990797442,0.540140786540119,0.5546377642975521,0.5918585520266467,0.5870988230309762,0.653161256027671,0.521362873713835,0.5842685942318085,0.5031550278450281,0.6119008265237833,0.6085842816806566,0.5350109020394005,0.46687114598891255,0.5232949449932708,0.546561162786331,0.5593897770159352,0.5279309533177711,0.7638465012490602,0.5778233680705537,0.5672088751123653,0.5690133112798887,0.5378996770086637,0.5338757912718601,0.5479483212550167,0.6548522733549297,0.6846705573413646,0.6097830984082245,0.5544125453734349,0.5137010665767745,0.6128194333715717,0.5167765053701472,0.5573745183305236,0.54611428627843,0.6252490696237751,0.5249585378584797,0.6735139345145593,0.4757428972802035,0.5692966850839795,0.6632786914750235,0.589461172924918,0.6010186910752308,0.5127114500478779,0.5373758806147264,0.6294279935149032,0.6106331003741925,0.5516185758762276,0.5816141148227977,0.6339315374114743,0.6041104833186101,0.5601799639925367,0.5388726638734184,0.54877367483589,0.6117934262453754,0.5148408455136513,0.6436216765775379,0.4907347906731117,0.591663346458267,0.5965565275966688,0.6821708094692328,0.4953746999096369,0.6247302487887068,0.5907686459638727,0.579536963300212,0.4805953937954948,0.6421078408344633,0.6701109722618432,0.5368472272673825,0.5929434999102815,0.53055330009936,0.5424098499156853,0.6742459795178474,0.5834406416763466,0.5185286225785646,0.6447379067243783
0.5489197641372187,0.5564624736930177,0.0,0.45079255133308543,0.5619556989377822,0.5364745752199186,0.5641147923102048,0.5001896539026972,0.45417148710623345,0.5489423754894874,0.624137015966135,0.5535120801146397,0.5918747597873262,0.468541353146218,0.597956746094536,0.710703777175276,0.6824015427412455,0.5467986360500795,0.4749049415115213,0.4789377694615569,0.6784971043565483,0.7293933480065227,0.5104459665959817,0.6583636340013946,0.5166239378433944,0.7012324359365165,0.4437464858928906,0.4866825131952743,0.5755413997243072,0.5275484579151212,0.48986530825096175,0.5620149173470449,0.46864693419386155,0.5071685211269188,0.4748464307236303,0.5086104037462228,0.5919457475225878,0.5184057427794895,0.5726279251369344,0.5888089516837817,0.5256540739255922,0.5838962105168777,0.6191675255135137,0.5722440416303178,0.5309428652597145,0.5855729574164028,0.6243728106236056,0.5643307052080135,0.5772139814764993,0.5431945919197098,0.6126998859798503,0.6222986751592322,0.49285378538733204,0.5888126495243874,0.5721918670568309,0.5274791986448424,0.5629478519965194,0.5712545277183043,0.457920100817778,0.520319676793619,0.4936703977124056,0.49823711010068644,0.6064362630956451,0.4458508535898275,0.49984216012677857,0.5073928645446943,0.48639796531763996,0.6780354753839428,0.5054215343108315,0.5133215136407179,0.6605950866371307,0.4693121768254571,0.4405621363296178,0.6488944887409832,0.5257743627445781,0.47950216609152885,0.6325671833855151,0.7100401068966974,0.516839474202647,0.4877858719797,0.5627512254230882,0.5161114485228551,0.645685011830193,0.49343942100083965,0.49609759878389087,0.5412363777988799,0.4608148731667385,0.44922585813869326,0.4856500734461304,0.5020506281400744,0.6050733158632597,0.44938104869215156,0.600763175056394,0.5093053904447714,0.5096258907902036,0.5319212523662203,0.4473258664511818,0.46549703269301607,0.4526654209382384,0.5002971703015535,0.47195543118585137,0.5306637518864901,0.4219472800501799,0.42667429597388645,0.4684397259554517,0.6899582929093162,0.5440550804675321,0.5348857993451701,0.6148323170581629,0.5857328432935226,0.5759055206251198,0.5054288084456886,0.4709617260448713,0.4462305555664999,0.550117012856357,0.659671816876687,0.4763450912447368,0.5751139759133185,0.5275397043775993,0.46534499552568154,0.6398060791480102,0.4649327786826986,0.4861007608179145,0.6851943953939339,0.42751428602428837,0.5917767551079635,0.4743636056120814,0.703367136297018,0.54890262302733,0.5467302426727948,0.47216353992075016,0.5941427882996518,0.4327517239040576,0.47617214535074465,0.5068597841051491,0.5556109257578998,0.5695580860891319,0.5755599967379099,0.48966890051501627,0.49859057828633147,0.4138266260021867,0.5515172693864968,0.5096122459397642,0.4610074746696174,0.6014643816394383,0.4777992623813439,0.6355716532469454,0.6090597422511771,0.5355938091178019,0.46114111726432305,0.46941222075918565,0.46248628711540674,0.540056712826912,0.5684406620829601,0.5368453000329173,0.5180545363859907,0.4835971217738997,0.6659124118422088,0.41361540942627034,0.5604811896009716,0.5483196529495329,0.45048114818643614,0.44374461521577485,0.6103669582128655
0.4844485730587273,0.5404538972486495,0.45079255133308543,0.0,0.38666108443696745,0.46328113134192495,0.5745183458136927,0.5114165313169519,0.4380250909248059,0.5461586690813092,0.49155378589399606,0.5138552559614357,0.45135666119958723,0.4748783967445256,0.587297630334653,0.42493063451190716,0.4782572363406501,0.5080968488320143,0.5148373084943247,0.4203198034903107,0.47469327178040605,0.48334920694175365,0.549535004897682,0.4564032147487363,0.5239705756244811,0.482665921132699,0.48195143634032495,0.5367148144192876,0.5547265672261253,0.3971322458490131,0.5202707763107979,0.4467188464213661,0.7491673122110112,0.5329486620693303,0.5481717561307455,0.5493886400379155,0.4603296799510321,0.47862252160043073,0.47026394383556763,0.5094887358790081,0.5896081708385351,0.46050154525152803,0.4605943106506587,0.5235018751990209,0.5076537945691233,0.47261280105580966,0.4105513421017567,0.41958596811771415,0.5230449111705635,0.4499829901289292,0.5117848382302345,0.5271606268271423,0.4809396744699917,0.6289080272462911,0.5765771762558307,0.45354874919714927,0.4618396638622879,0.4879929121391403,0.4587145603079339,0.4698155814114591,0.47995794995810237,0.42005055016085185,0.4983655938351806,0.4275273370373903,0.445544339347707,0.4338505314772469,0.4598444551932428,0.4273167750133634,0.4683707479731209,0.5287405803017377,0.46023600952574556,0.4656760139322394,0.44658173905887094,0.5002753000011364,0.4858361824271777,0.46411102482281974,0.43492565235113984,0.44617084818236596,0.5036437316992499,0.37029190991798805,0.4535725324151136,0.5197881434936402,0.436437722032474,0.48407171005681326,0.4729035918670629,0.49729306383939786,0.4451789714941961,0.45172500401123183,0.4985321982731559,0.43438079605665136,0.5204220699559551,0.5434904846322449,0.5006193588123728,0.45029437680904716,0.5050700188032125,0.5572672534519221,0.4232835049942925,0.5478902975168954,0.45311734915165863,0.5416964393473496,0.4682163768557384,0.43917649877689013,0.5413622782470363,0.6132233667856785,0.4919331794075415,0.43656251805005986,0.44351051631880817,0.5218585751122498,0.49718459363343775,0.4219900989886817,0.543505589952366,0.47883911674233237,0.4592663097717007,0.44391008898480067,0.5618450697520425,0.5041975922364652,0.5084107336186907,0.440499358065452,0.5369096801287557,0.5538511952611873,0.4188023623669094,0.5611348470354242,0.43157333370083856,0.49228489133965664,0.4231633857484763,0.5619398223086522,0.436016495833838,0.43919004293968034,0.5988640760541079,0.47342684164748944,0.4356144580821768,0.4049316973818773,0.4079753247975674,0.5081620016178937,0.4405352083506612,0.42283853853220726,0.410619063599769,0.5734091646403859,0.4938218386479715,0.45791767946294076,0.6481304094905538,0.4310883526325973,0.5190769214024172,0.46945326484458355,0.47628326267174487,0.4775047645382578,0.45507166623152484,0.46291307982919616,0.491477332431396,0.40284933555131286,0.5123530203545996,0.5406657418473247,0.46184919337951713,0.4076259352244122,0.5701888921282181,0.4525946387202065,0.401053479294354,0.48247961407968726,0.6096788479115068,0.47909875190957824,0.546960045999842,0.48031289655464626,0.4332087910441348,0.4842824401129236
0.4076938462327332,0.41053873335836194,0.5619556989377822,0.38666108443696745,0.0,0.4362978819954597,0.47412840697171066,0.38991540764627347,0.3643276432844013,0.4082844706428707,0.46094307835835635,0.48023841784297505,0.41614843170976434,0.3598389775967417,0.46354072647432837,0.526575085338411,0.5005848706020487,0.41111229699579843,0.4069810371885966,0.36485293282826775,0.5252900725272015,0.47862815465391567,0.4200451204839121,0.48223029744117935,0.3971264083214267,0.5306973712085944,0.3616424827117191,0.3769720657248925,0.43951977020002836,0.5092239364917226,0.39000989313096024,0.4369385601671172,0.40637503018157506,0.4005310450929686,0.36857265038486825,0.4196279510494357,0.4262869923221994,0.4078639366938796,0.4676335664496053,0.4438261648378317,0.45646425275998675,0.4470485831852608,0.5030140850015337,0.47721951743229235,0.39370278403800674,0.44874741234926274,0.5992235648405784,0.44973813919433275,0.43436065306433813,0.4451531664005956,0.5059293267045404,0.5218633884460797,0.40349802855649836,0.46059337632319686,0.45186396183491434,0.4016718490472861,0.4408699575698455,0.5296601520959754,0.36276781809149633,0.4174577800952598,0.36961869472115744,0.4295051162704022,0.5037979979311795,0.3609874459983247,0.40166091453225944,0.39232809712739236,0.3628563608846362,0.48290589858659494,0.3960791135069993,0.39565993172316416,0.46992835953303613,0.36900591194841276,0.3501037312966579,0.47044585061376126,0.4071866851057328,0.3731319148379024,0.4854743368821665,0.6687537457765481,0.41483821874037624,0.4275196956682359,0.4453373462053462,0.41309511934126725,0.5096351319461904,0.3777437988806521,0.40732120952821527,0.40943181501641324,0.3607590474787758,0.3738053219622122,0.38313378213272303,0.37936622761386024,0.5383622462980764,0.380326144701945,0.5085354675231241,0.39426178910656956,0.39943760136943307,0.4215118944385934,0.3617462946426958,0.38004651704596276,0.3762822025071312,0.3860248286021353,0.3632989903085222,0.4245838926615501,0.3720824092540404,0.37324075083096897,0.3832104379934652,0.5136499747625195,0.44231880035458604,0.4035330714228971,0.4786944815513341,0.42693102575095276,0.46954212560655934,0.41715671483227756,0.36490033464448385,0.3652743468713817,0.4290009150131665,0.4842763391734652,0.38398161265803604,0.44626503843969584,0.4350139798538992,0.3744475519792293,0.5179285601706433,0.3995797779177394,0.3745309288669501,0.5208153556782592,0.340154336846634,0.4623448320221311,0.3999829355340084,0.5242125426568995,0.42306298962493294,0.4127485010924786,0.37776973978038186,0.48510197374580993,0.3395069961268968,0.38222902015486687,0.37701654417731423,0.4219157177825786,0.4398842004095571,0.4402552082537191,0.3737318172547672,0.42266218060925276,0.3435173251847773,0.42552719951209006,0.40447682666199763,0.38384985245728115,0.4406873813950734,0.39736360478336624,0.513741375676406,0.4878783940286432,0.4042590425181786,0.38958368506300634,0.3724371817941488,0.38718478538642653,0.4295754285626181,0.4676407799624499,0.4432066119372875,0.3826293772859822,0.36916754809672003,0.5257193198476697,0.3386896331157881,0.4518462724305222,0.4111574382493044,0.36229921273376126,0.3726072722455437,0.4596711590690394
0.6061329782606599,0.556357917279358,0.5364745752199186,0.46328113134192495,0.4362978819954597,0.0,0.4895137219904617,0.5019821434483208,0.4902007978326257,0.5273828968227205,0.6169613801261126,0.5955878651394283,0.531640459888423,0.4330146585280797,0.5059624762850414,0.5430409710542025,0.5426840773036452,0.4845323499973437,0.5505331238852095,0.4859070696969502,0.5843861542558523,0.5553990118750721,0.4474353871920081,0.5261501101712229,0.6084800733005424,0.5124825797368426,0.38698412054221626,0.49884015298911,0.5432567390397931,0.4859731741942174,0.5430549258921391,0.5341691731154841,0.4630158878261374,0.5279188980960731,0.5228493506104434,0.4622743651040292,0.6154410634254375,0.490920022135974,0.5149392003736727,0.4514947128528665,0.47548421072425273,0.6213771563349423,0.5159607042961398,0.680645765465415,0.4804542792161946,0.4706391570896617,0.47060267012207707,0.6044297804729999,0.5116161183391926,0.4502315930362651,0.5173376307505091,0.6279293298186769,0.4526018008605453,0.5607386829900969,0.524405990499652,0.610457073608888,0.5155463058841818,0.5698709353435008,0.41339359460322767,0.43559721269533225,0.5231864347011388,0.4364569352014122,0.5962713921621606,0.4041158219637137,0.46702162752998916,0.48340451817209457,0.45964583003319676,0.5574091240648782,0.4326177125719686,0.5570283827735389,0.5756977602241614,0.43868309547677603,0.4672028555104646,0.509429473561472,0.5301896387216319,0.5212143713123027,0.4731623455188764,0.4996501201168426,0.49403574855577154,0.5501451697649818,0.6590955314671073,0.5196412155950376,0.5725440610842485,0.5263843458539212,0.49199066120672846,0.5272755653436899,0.5679828671357195,0.4150320439820935,0.4798384211584867,0.5123724911279384,0.510466712718945,0.4771267644916212,0.4901420554577898,0.5228531518110546,0.4809228676951768,0.6649966656494206,0.4511237336521878,0.5409380498460533,0.4485645455085964,0.46885539112082186,0.4780653098693764,0.46958917567929437,0.43368830665428776,0.47650090356270586,0.4663911651555668,0.49579547014832337,0.4604298796396595,0.5757176281962367,0.4545777017748377,0.6113888339929857,0.6288764710002303,0.4696414571579404,0.5442234526581168,0.4414548145866025,0.5127347202733092,0.552987267230126,0.547123669504327,0.49110422019767375,0.5842387593083986,0.49317501687984444,0.47595626347002323,0.47205146906039186,0.5768792471633135,0.6145510907300193,0.499721771976121,0.5974647023375989,0.4231423016814966,0.48700100842886473,0.5567279523575447,0.44269772807064806,0.5006032833904349,0.5288275013315388,0.45449821398032453,0.5553239032035736,0.5282929671883411,0.517130206204084,0.5667952343217957,0.47350132457089855,0.4228744755192884,0.46592562542474314,0.4695469611780005,0.5212343785999611,0.47959195777079355,0.44411818650114565,0.5844689916410528,0.46390376323976185,0.5760180263714375,0.492748614758448,0.557631782853546,0.44814698143616466,0.5495658202639297,0.509099472442942,0.4578005137203976,0.40205665972167026,0.5965114564869011,0.529490957724923,0.4749461260788098,0.6385756163830834,0.4460145171438806,0.5294831517103397,0.5002215810877277,0.5583104330698928,0.4384838092358213,0.6502452239049953
0.5271500750738649,0.5483353509917925,0.5641147923102048,0.5745183458136927,0.47412840697171066,0.4895137219904617,0.0,0.5029912225941354,0.44244475479929485,0.5904851515770444,0.5367151476656143,0.55104691032585,0.5202023806176314,0.48772711529765345,0.6491787854404677,0.5063066779230261,0.5618925930818464,0.5501831738800957,0.4880119103707076,0.4378311737397215,0.5493847134393768,0.5697515739970932,0.614967296420456,0.5314402192332004,0.5344161343132612,0.5990719816352572,0.48727538789599084,0.5162717991788127,0.5526913341164948,0.4577019182249403,0.5074399437626395,0.5287549000595536,0.5695059228926218,0.5679506900475949,0.5147201550188057,0.5589791252451716,0.5236741998066655,0.47819766122846585,0.49482095553304023,0.5982753126617181,0.5420194995919648,0.5342421303060654,0.5469511232873562,0.5544720128037268,0.550701906753523,0.5435140305130554,0.5384738146657811,0.46769309607096726,0.6223402146000082,0.5129147505166616,0.6251829044267677,0.5872147993436087,0.48482745428691365,0.6410688084431314,0.6206497200901231,0.4940292301628256,0.501164953127648,0.5333278705721742,0.4955469570303595,0.5166502425030872,0.4717505187445216,0.47199921072246465,0.5435394505603987,0.44828516847804983,0.47856452378320463,0.4653663512779248,0.48805219855037024,0.5352287086776546,0.5234752880649167,0.5125361157949329,0.5380531913181941,0.4699575519329343,0.45670014829820627,0.6183663511398622,0.48628091913667393,0.4762681068856842,0.5448458470673702,0.5635366045305172,0.4895603202206782,0.39679647448653665,0.4709898900909881,0.5386891817405797,0.5043426727524352,0.4567305686418452,0.48786512328969334,0.4993292550487143,0.4431040642612117,0.4932110923638093,0.5088026395299063,0.4548876933829316,0.6379402662119932,0.5296971217076639,0.5752900813470976,0.46793481163213135,0.5180766697241441,0.5515753767628312,0.419291622716631,0.5182481942278809,0.4634896571209948,0.5795528512307151,0.4563449754643527,0.49544482501325393,0.512870766108591,0.4982192231381733,0.4873878612697154,0.5312443083702859,0.49616752511771983,0.5263194532401263,0.5985654266214422,0.4803466075341699,0.6233986892541309,0.5030994934825377,0.4744030935476868,0.43420795881974905,0.5527812669354305,0.5733773199995007,0.4889962697938797,0.5232343550017355,0.5649620925109743,0.5069941590730518,0.48566466739567826,0.5028345516110694,0.4472038242107336,0.5704101260828811,0.40788101348316036,0.5694529343065904,0.48961267573983946,0.5461830928803908,0.5777920400377549,0.5144199369616078,0.44958668684316505,0.455178892921807,0.40039004085774293,0.4657240929890944,0.44983544162713424,0.4550362396014211,0.45328028029684275,0.6236160557702806,0.5006491544631095,0.47120320839633434,0.4743567621757062,0.48271423847504547,0.5516163824771403,0.4719404845473873,0.5114800499405493,0.5685893656308313,0.5154490193667611,0.509969258490663,0.5139875070372613,0.40852143060700935,0.4800824092224406,0.47798905102538375,0.5009822928992289,0.5244594465760797,0.5501452926876377,0.4718780125098501,0.42702018992504,0.5607453960497293,0.47915028396687637,0.5574171384232324,0.548010822373038,0.44888441385303773,0.4264209530961877,0.5178163084233228
0.6095525066819831,0.708384413825696,0.5001896539026972,0.5114165313169519,0.38991540764627347,0.5019821434483208,0.5029912225941354,0.0,0.702118544661565,0.7008595775647197,0.5201358683741459,0.5711376960091901,0.5343606876096416,0.5534617284083055,0.6079839545116471,0.5101953204738381,0.5711024588162984,0.6753948396351717,0.6134616342476169,0.6013350285400165,0.5534781476651831,0.5706587865237543,0.613218300037037,0.49043553843960236,0.6603915559026359,0.4782184674499788,0.567504521343605,0.6779643452562358,0.5441312496742066,0.494995091137863,0.7837243038422465,0.5513654686321632,0.5009974000949434,0.6366169585361767,0.6287927820201199,0.5987921764666432,0.5326595235694791,0.6777417861008005,0.601083505362892,0.5204754617094471,0.5578245752420107,0.5929401787416884,0.5455617690915577,0.4891072339429895,0.6682963330706718,0.6286248904627061,0.45235852855469527,0.43337112033189457,0.6081643630008828,0.552900195512359,0.5416350299346456,0.5119528981799782,0.631436332643074,0.5702016511351327,0.5730810424263107,0.6155780822264683,0.6191417540321053,0.5337519092394973,0.5224790175244051,0.6065493730437711,0.5971208282229408,0.5123846806001274,0.5296801691601798,0.5323155657455125,0.5796201645413013,0.567965184099848,0.5480145435875882,0.4816363234609143,0.5571537562725948,0.7720892159495149,0.5662408329507752,0.6045785919358238,0.5049736138979694,0.5663369162822871,0.7158962100460521,0.6243249413558078,0.4954061326000404,0.4598130772988863,0.6935298221360399,0.4139409430205759,0.5378057431872221,0.6857539439017094,0.5300900382536361,0.6157069301327605,0.6006201690487724,0.7729703023403158,0.5641961952179156,0.5258584495353069,0.7563755621358076,0.639453399656776,0.5256280678491069,0.5970218008781621,0.5537730155925684,0.5922760596590498,0.621243399611518,0.5653560028396906,0.5878053045559314,0.6176787384230218,0.5595982192790973,0.6095290625503252,0.5962533672477304,0.5766079176427824,0.4979931454257526,0.542694119001077,0.6204031018892209,0.5462931562974414,0.5638170270820788,0.7376918175308921,0.5595817987002393,0.4885283466747832,0.5252593462571331,0.5942004756195002,0.4987496054164299,0.6551894100699869,0.6438743266355259,0.5881279289793587,0.6702747984194896,0.5645340077494659,0.46547219110233656,0.6801970537754891,0.4995302934306731,0.6315415315168401,0.5184117191911793,0.5581397051914471,0.5322084099142301,0.5712831930159141,0.5119667120945057,0.534098667351501,0.6292629265020051,0.5826604597329774,0.7060206173163798,0.5111907388336355,0.5304635496578187,0.6567213143755077,0.5793481422104033,0.5309165193801351,0.5342582007504445,0.5734464087775001,0.5867501404981191,0.6478582521408903,0.5052227752826008,0.5548502646305523,0.6836409257804769,0.5849733005311022,0.59804711074889,0.4968547946233329,0.5726305604636002,0.5867525874029712,0.7292533851387781,0.5492314532443853,0.6503578540410837,0.6442636950449829,0.6257842823418642,0.4658046064064641,0.6384160256975362,0.6363678311700333,0.4661990435273049,0.5183383145126316,0.4798451162550373,0.5272429641220316,0.6494918550947033,0.5991118472524726,0.6190926246314875,0.5674144977196002
0.5886464060363978,0.5904876442845195,0.45417148710623345,0.4380250909248059,0.3643276432844013,0.4902007978326257,0.44244475479929485,0.702118544661565,0.0,0.5910907719626796,0.4703902974837587,0.5165294846654038,0.49699226233567945,0.5044458844572057,0.5016393412575939,0.47741873058872686,0.5118706927928274,0.5793776378512723,0.5714913266446245,0.6166701253056389,0.509035845060228,0.5073049340722124,0.5123873417048841,0.44007744561079204,0.6182241382122888,0.42763474865824397,0.48245088879770087,0.5789767049960833,0.4657198638715189,0.48583646465939745,0.7118115228341706,0.5387873007609763,0.4258587223683352,0.5733779337871497,0.5731262100460375,0.5160760846056098,0.5053935124500275,0.6010798527585514,0.533998678204313,0.4458944069777897,0.4659335351154768,0.5964647291131436,0.5053910921909569,0.44969319848824935,0.5726187093240384,0.548174587469457,0.42868564703709117,0.4127893557352573,0.5333712843930741,0.5095395035378658,0.48667805917007717,0.4639733684061213,0.5653574937278616,0.48631293373617746,0.4927633590033323,0.6474672694327491,0.5740046762120514,0.49022502782673016,0.48506989885900686,0.5310570274020225,0.555245455039753,0.49617338561370555,0.48705767271071443,0.506686205874176,0.5659623312831095,0.5578184454343844,0.5120937895869176,0.4614900981914193,0.5057496450111231,0.6676091701375002,0.5359933603734048,0.5541027397900048,0.5033406327761905,0.5013993410207259,0.6450235285345838,0.6265243768771451,0.4571526865445354,0.41708427672620285,0.58531267274271,0.4112912601421042,0.5215425113345555,0.6345223022260311,0.4978343879983251,0.5599239419391632,0.5748473931320389,0.6439053395805514,0.5921808109997878,0.5016047442587366,0.6679984322140156,0.6392593639466789,0.4703823178107153,0.5609392618786747,0.485922630343101,0.5745021536668717,0.5640837388152213,0.5135960174787239,0.6009609729527562,0.5829057163226022,0.5523089979229502,0.5343402200735115,0.5525877829761157,0.5506912670565709,0.46210206346187016,0.48459580770351396,0.5815899804151772,0.5012322869468999,0.5227423236246842,0.6406801970818642,0.47867206888780006,0.472546591333846,0.48090056503827366,0.5507711123635253,0.49237451444262476,0.6386337452032393,0.5369716217601523,0.51004721337201,0.6449524008374564,0.5321938132535599,0.4272876134424033,0.6093691227172127,0.46262192748724007,0.550734048839231,0.5254442105655803,0.5040754240073839,0.5609879033627209,0.4908126050789473,0.49209810519917985,0.48190914796337453,0.5325815646278785,0.5065612878390665,0.8422547074136628,0.5033965396014874,0.5282019383871782,0.6238810993186458,0.5631463526714828,0.5143605464260267,0.519566437726136,0.4772107061112286,0.49393593137429803,0.5924125780411584,0.4489335526203146,0.5487767692614705,0.6060717708681744,0.556182830113382,0.5520039630517868,0.4742304144897396,0.5373183240155576,0.5171813805243145,0.6731764825431342,0.5458795924823238,0.6215340651208487,0.5766956398557181,0.5531406391446937,0.42481096534663204,0.5568681838755215,0.6188095338136503,0.44337466906140116,0.47352451802598267,0.42549956305130343,0.4934710001275669,0.5468101897987498,0.6073924352469925,0.622008927809211,0.5246738122150987
0.6670379098829509,0.7403027901056806,0.5489423754894874,0.5461586690813092,0.4082844706428707,0.5273828968227205,0.5904851515770444,0.7008595775647197,0.5910907719626796,0.0,0.5687297497486111,0.5698258575124726,0.6057534496299216,0.600740291611788,0.6587402915424999,0.5331128424882237,0.6029704182617377,0.7131048437606691,0.5651902896815789,0.5791713999327425,0.5733584222791639,0.6308770086579198,0.6515923886149823,0.5306350228211049,0.7140566744166089,0.5338518882315869,0.5639736027854786,0.6845879745640038,0.594793228721807,0.4751160370608391,0.687200951079506,0.6016852132885351,0.5280782492238346,0.6950873656011589,0.6739483539757353,0.6144188747983451,0.5998867365834272,0.6056328685931811,0.5617368839279882,0.5840659300703306,0.5453069090378087,0.6267202616462229,0.5705038513102143,0.5325350156141909,0.7491975043915797,0.630428299986594,0.48440675342956035,0.47321846823634667,0.7176275102721472,0.5600166600053956,0.5883544009715327,0.5465009842339384,0.5798581760075612,0.6329532433195986,0.6412511091304757,0.6307141783067353,0.5956034627061063,0.5289743594688207,0.5745110605203189,0.5961620242489815,0.6159767642451169,0.5109705289861557,0.5499418058525432,0.5361137707546695,0.571390497322508,0.5711352385924195,0.6096751093640217,0.5432422126753166,0.6071308860275582,0.7087527704502727,0.6077545324417504,0.5957120008339643,0.5421163046017053,0.6444125215093024,0.6352919832412429,0.6281422893772439,0.5441709406446806,0.49296916359369664,0.6022743210832053,0.41986719385829696,0.5377855040190994,0.6640111027221242,0.5364146101710465,0.5876224110049827,0.5784327198715302,0.6645447608282912,0.5663131697859991,0.5533489360511322,0.6942462146965337,0.5976962195904726,0.5613745979169377,0.6032586887926527,0.5722733695508839,0.5811127030038566,0.6335877674373299,0.6126852419764546,0.5293721377479624,0.6286188946362758,0.5486979659141412,0.7036347700377702,0.5914076028976326,0.5810671444797568,0.5206851971272574,0.537349344795102,0.5948734908659278,0.5635772437178916,0.5587483971601417,0.728670385076404,0.5991244497749209,0.5335936174326733,0.5906013213020824,0.5799748413917858,0.553437431803014,0.5583657541549429,0.6449386268063754,0.6107137897607773,0.62877791816365,0.6028902287069985,0.5276199495072623,0.6510137943884767,0.5053278630800461,0.5751052224369163,0.5409571458138557,0.5864704833556958,0.5163928426218027,0.6060695417925117,0.5284660478459092,0.5588495991421385,0.685849003230517,0.6065565386931813,0.59764787817144,0.5030494930706487,0.5071700670379131,0.5883750614818312,0.5820471981971861,0.5358772009208235,0.526407943503273,0.6375672243750221,0.6138538670669877,0.5606457331097612,0.5260912893030602,0.5733765889237786,0.6877767488045583,0.5609157677081744,0.6194199036186233,0.5660206401768612,0.5576330834840046,0.5652757042119539,0.7264124213400842,0.490539191041688,0.6217561380218629,0.5808894574896847,0.5914214689409187,0.5040229408480663,0.6218548357825647,0.6355304710297556,0.48924403265901323,0.5510131180054432,0.5163561798729677,0.577636809965322,0.6950130993839412,0.5710219410033951,0.530104031174372,0.5819886571640478
0.6292975316253934,0.6137084846321526,0.624137015966135,0.49155378589399606,0.46094307835835635,0.6169613801261126,0.5367151476656143,0.5201358683741459,0.4703902974837587,0.5687297497486111,0.0,0.553209192289525,0.6555099583102333,0.4975063607752298,0.5903289468424322,0.6388386056442277,0.6482338770908374,0.5607724107946058,0.5190837710134739,0.5230376210882914,0.632543013293799,0.6900961316438596,0.4977726296508154,0.6777171067540999,0.5860721034646332,0.6359154477376113,0.44145506501953496,0.5616979358106082,0.700376933355549,0.4743266202580633,0.5283309271502279,0.557084820772029,0.49867320665496917,0.5446990643044965,0.5453936473821468,0.49883587529392365,0.7105355131941835,0.5463949872426369,0.5823794255186701,0.5743744612565262,0.5303781044382259,0.5693603311904194,0.5628815815056589,0.6705509028271066,0.543637332777178,0.5442294341803126,0.48106621057739557,0.6774601158212104,0.597223400744057,0.49817441454851485,0.5713595371813596,0.6309039326668372,0.498474137611721,0.6449011988518721,0.616447850012759,0.5501170473815437,0.578711932816138,0.5436053756579307,0.461435660882458,0.4971753272479402,0.5979173338281357,0.4600091024963161,0.6200481895685728,0.4399084066012699,0.4995186864364048,0.5338984972392357,0.5310728083334808,0.6174407364507668,0.4857458869401632,0.5768097921897183,0.6448848394977251,0.49577301872441754,0.47927570870877556,0.6117449335637563,0.5694973545426003,0.5463156002264301,0.5729328003523529,0.5720284942889211,0.5462812562113317,0.5614817702788943,0.64876472103873,0.5201345823413978,0.5998730554610778,0.5943699316089116,0.5105263415208828,0.5719633500926474,0.5392324873874582,0.4407033601977414,0.5077954895119797,0.5307563595779491,0.5414799663731832,0.45520595262909236,0.5619323928403046,0.5867994927451454,0.5313784511685149,0.6032281834721102,0.4685737658358446,0.4931448102501931,0.45815100991946994,0.5171357235734706,0.5526197064270549,0.5116822091928499,0.42810168061000603,0.44868549018318454,0.4841345747388348,0.5661464104553431,0.5108389985756033,0.5926142921120336,0.5435942098044079,0.669085136987019,0.6288382079132211,0.5003209487906785,0.5479331480835977,0.4665445890335207,0.6026385982620667,0.653443839346489,0.5326913697316445,0.5515998026728777,0.5877978437592001,0.4999657961089233,0.5680280317551316,0.47956450526852684,0.5725396035964804,0.7113794569751973,0.4993961489248155,0.6990294917836649,0.4443747430989378,0.5629190966892624,0.6094910586085728,0.5361084068048105,0.4778957065874001,0.5557994934161635,0.5096361548279711,0.5491719992590385,0.5937948997699776,0.603865781117367,0.6002400540143503,0.5825549971613982,0.5065894862292358,0.4928597455405896,0.48533885004204785,0.557607765970423,0.5080434008783694,0.4597748824706149,0.6906652097699496,0.45870648613627923,0.5674385941212038,0.5725689121409024,0.5647433187372756,0.46554082309945943,0.5513758900140643,0.517461537248282,0.5226572536235256,0.45337419199583556,0.5728580923134003,0.5861867209385392,0.5803695829872556,0.6614184288632143,0.49128184496974303,0.5946687838270165,0.5887731883368552,0.5326202319091866,0.45057217402593647,0.7650317807597096
0.5440656596107475,0.5892227480007767,0.5535120801146397,0.5138552559614357,0.48023841784297505,0.5955878651394283,0.55104691032585,0.5711376960091901,0.5165294846654038,0.5698258575124726,0.553209192289525,0.0,0.4855107207599596,0.43108987937622745,0.6029983880453522,0.5459950183987955,0.5767560132159545,0.5200157319653079,0.6474771854115867,0.4655566184296892,0.618758636801767,0.5621024154175805,0.5446942818343249,0.5254101617559215,0.5897726309719767,0.5124840647801238,0.44334902253624425,0.5219016684011358,0.5544727777427161,0.596778087479869,0.5994016066945149,0.523944844613692,0.5294280673286249,0.5611126240340453,0.5057566809685117,0.5263603314375148,0.5204542672784805,0.5286716253110848,0.5991974689267275,0.48410334008578004,0.5851478823919178,0.6028327314611535,0.5601229716254754,0.5890133892083605,0.5069016341136269,0.5339881992306414,0.5182329293388377,0.476683837027463,0.5436024959889438,0.4951138243625822,0.5724129000452328,0.6345725672207564,0.5051554532202068,0.6010870361937418,0.5642575883187414,0.5598616117585272,0.5485568860375912,0.7508109742053153,0.4238670458567302,0.49425925705501095,0.48086116902120607,0.46819754901232985,0.5995278459000655,0.42179161829393613,0.4828159415254899,0.4695637309087946,0.4372888457696396,0.49928987805595754,0.45717556226050826,0.5826679894573902,0.5447862204817303,0.4538537173651637,0.4284302883888661,0.5336413330713135,0.5594416814807053,0.4982388343863105,0.4844742271004718,0.5519856681143803,0.5606482192615135,0.4532750839352173,0.5626214894299806,0.5705195522538039,0.6157038752801821,0.4993659773667708,0.5175067247588976,0.5758809381322535,0.4857044147624513,0.441143009308188,0.5285581951933418,0.5099535861463129,0.6001028426988889,0.5356958520837923,0.5763461322944232,0.5001685161808843,0.49727055074953436,0.6334536206769783,0.4573640288779685,0.564674888559971,0.46440248533175205,0.49126844920944257,0.46227981996012407,0.5005979098552805,0.4727087885021656,0.5612416671782765,0.4966954310853406,0.5417335708393307,0.5031555106851244,0.5995453222468958,0.5221340012168983,0.5009772078887711,0.610191345902979,0.5105870708034832,0.45248194540093667,0.4794187906385031,0.5567545445562754,0.615558607652126,0.5610611729859616,0.5209615680535588,0.5147919254509281,0.5212241685012243,0.5014861049982536,0.5575208703401857,0.47162794659263546,0.6522454000151786,0.44042442880176375,0.6464904071079846,0.4500830158479686,0.5484701273716436,0.5828924746110621,0.47094119621183905,0.541615109079558,0.5240904472381877,0.42393487519220746,0.5486141641313825,0.4780841215789412,0.4791656709922085,0.5495479535047476,0.5217134514205103,0.45482159248486054,0.5605468944584772,0.4674837451140398,0.4999002679093676,0.5349980231906445,0.479997259637987,0.5510740272194402,0.47646559692553747,0.6740161630558981,0.5760468197403525,0.5769491909159901,0.4757365085910792,0.5322393544582745,0.5642699263632386,0.5219264883872214,0.45007708067962204,0.7409263706777071,0.4989872610329949,0.43002289780273056,0.6590005506090872,0.43636570775209527,0.5210563716261568,0.5214160744981875,0.51164308315523,0.48233249816508894,0.594897179677974
