0,1,2,3,4,5,6,7,8,9,10,11,12,13,14,15,16,17,18,19,20,21,22,23,24,25,26,27,28,29,30,31,32,33,34,35,36,37,38,39,40,41,42,43,44,45,46,47,48,49,50,51,52,53,54,55,56,57,58,59,60,61,62,63,64,65,66,67,68,69,70,71,72,73,74,75,76,77,78,79,80,81,82,83,84,85,86,87,88,89,90,91,92,93,94,95,96,97,98,99,100,101,102,103,104,105,106,107,108,109,110,111,112,113,114,115,116,117,118,119,120,121,122,123,124,125,126,127,128,129,130,131,132,133,134,135,136,137,138,139,140,141,142,143,144,145,146,147,148,149,150,151,152,153,154,155,156,157,158,159,160,161,162,163
0.0,0.88027113427699,0.8527826905555816,0.7954017067159591,0.7327624871675091,0.9238280913624405,0.747340371234304,0.8226972009678261,0.8906744055274556,0.838687743070172,0.8375732832238698,0.7526295726371831,0.9540398089516803,0.8741615118225403,0.8328016641800522,0.9003669827924541,0.9105743870438392,0.9429060356190673,0.8845884383707019,0.9768005391888724,0.9046358148788486,0.88145059815724,0.7316975518368558,0.8093685902407572,0.9118782844531661,0.7332523874761153,0.7488219690274269,0.909019158074588,0.7777095650161333,0.8283178899560083,0.8472747213422781,0.9265969880271772,0.813918504070942,0.7487307391462467,0.9389690157826672,0.7616269510454101,0.8795144537198919,0.8977437141201868,0.710708665666475,0.8160834882814038,0.7826884546262819,0.8035695299178891,0.8481391062613202,0.8525148914620528,0.8421602717907614,0.8496250375252107,0.7955360666377486,0.8196366840026863,0.8699833883997077,0.8759101482100692,0.8750539807107528,0.9204909024816504,0.7915832915571657,0.8347764005196434,0.7816436234274896,0.8355200592033165,0.948255623130756,0.7996378824169765,0.8739804391829363,0.8638046363783195,0.859788460160188,0.7820515287971416,0.8820678362156094,0.7318896282251329,0.8474840265193218,0.8603906186088935,0.7928282270992411,0.9027063290656753,0.8669560608217048,0.8709849007561888,0.9085975888356386,0.8909119904813191,0.8537265653463625,0.9051519273561814,0.9227959388825604,0.8576390648329959,0.7673858430684172,0.7426984052986702,0.817767121192212,0.7965436282563896,0.8525312231733775,0.8860632573630733,0.8981040011827736,0.9114074043098284,0.9006402579296322,0.926591016558238,0.7919876143243036,0.8706098899681279,0.9008853900867559,0.7537633356733696,0.830715154174366,0.805624764019044,0.8497478877372616,0.8932931930541221,0.9069902712378285,0.827069706061244,0.787876219572476,0.8117105248380512,0.7066142252535449,0.8874188025052515,0.8181652756126853,0.7145911697031648,0.7079546326576519,0.7869141797847273,0.887434390986764,0.8810579947981825,0.8160572718180632,0.8585673851055858,0.8043722613531333,0.8118012582349058,0.7831818534118757,0.7795732151176422,0.9032006055614941,0.7790728351571738,0.8785781925004966,0.9154522863904561,0.8740620962567739,0.8437568831834519,0.8394316968589732,0.807826064025232,0.8585983458878381,0.7170757098802076,0.8337635536101359,0.8953956945765533,0.8372413071429344,0.8313050413919928,0.8124869603677598,0.7445046594712367,0.8247019188895705,0.853100251341797,0.8630259867445944,0.8903442971821152,0.8496236159437488,0.8306609998775535,0.8185815649226624,0.8344123619891038,0.9104161827622844,0.8205614878827105,0.8077104822149758,0.8190526804275297,0.8618362685320224,0.8669525018837966,0.909548355630169,0.7454517101632657,0.8067963743098278,0.8104360573699749,0.837391136363257,0.8057779158189546,0.8815512746207708,0.6612392592279823,0.8592918417252243,0.8299746731919634,0.8243181583260061,0.7328652881906781,0.84270268727614,0.8580020283341716,0.902132789177623,0.8659684259954441,0.831247042731914,0.8819532146837394,0.7805192609901354,0.9244587440281198,0.8981247637995187,0.8840971842027906
0.88027113427699,0.0,0.8845480074175244,0.7864030375125962,0.7365774254318618,0.8762144184762681,0.8314078869141516,0.7670675887325038,0.8080831629707594,0.9565708907241214,0.7910912540119566,0.7878265422702585,0.896238445588627,0.8733052951337368,0.859101079166256,0.8437953417241829,0.8656583246960217,0.8691111570176228,0.825644509746673,0.8887829939584392,0.8645105147100257,0.8987041849846764,0.7649276735344547,0.876152736366014,0.8950809646112645,0.6940552621002116,0.7615645193344994,0.8414901322444912,0.9112535555821126,0.7781682263096849,0.8177699849048493,0.8559181119461782,0.8575426357377571,0.7292881967287453,0.8892176219971154,0.7739525117268019,0.8172695506555733,0.8171674828363854,0.7170134822693413,0.8782154866157033,0.8494081219546902,0.7821924095866722,0.7511825023935292,0.827949376698645,0.8250453781183102,0.818621102238264,0.8274681621071293,0.7791209550871685,0.8693664861331072,0.8036498572990014,0.7992669495350384,0.8501132004188108,0.7775580071221381,0.855574578888565,0.7791217998466688,0.8678305489042045,0.8399948171496934,0.7379928178772163,0.8880566230781022,0.850237175426174,0.794114178316919,0.7145530167596709,0.7616614117461618,0.748725710209965,0.7699136418719343,0.7633940935566221,0.7745430719662039,0.8477006795464924,0.7915881519492395,0.7691455199839271,0.816552931386973,0.8623706797546872,0.7287717852322148,0.8532240350951857,0.840967743823803,0.8111104218755061,0.7163018763058231,0.8188562689616699,0.7440426239443375,0.7509134734232016,0.8185023818424707,0.7869793442573271,0.9322026720710404,0.8338037403684514,0.7542195070303878,0.9034732583108296,0.68297208415659,0.7685121290092398,0.848722420484049,0.7834410413112027,0.7499456121258192,0.839490112948259,0.8440987176380483,0.81638407943786,0.8386537383717285,0.881427726808843,0.7203449867104235,0.8413265984847514,0.6719671527818553,0.8725620717961039,0.8204607592352363,0.6440854403674765,0.626222420565311,0.8636262449639805,0.7677467951851012,0.8361009809720535,0.7634094275445026,0.8691727253448179,0.8554967486501365,0.8649044104848816,0.7664964148042516,0.6819727692547494,0.7994798072824729,0.7131836555497729,0.8082881912451932,0.9000080333228562,0.8332445734600205,0.8296633034798983,0.836439853528443,0.7621051493824363,0.8223082014858907,0.6400423049336932,0.7717870779885285,0.8857717952628507,0.7663098684569453,0.8804960635582042,0.747871456830253,0.7531397883961425,0.8820403423370712,0.8555008902867196,0.8520117573865568,0.7917048807560753,0.7444520624522332,0.7546328307245792,0.790345829153301,0.8067353704920287,0.9100702101615152,0.8631324521546205,0.8432182021414799,0.7747393381471152,0.8440558490536808,0.8346245991835617,0.9159233453103929,0.7047936302077066,0.8030994099463703,0.7494341474184244,0.8288209519663831,0.8490360343381712,0.9177457185535478,0.6686848196291362,0.7381739245410492,0.832613410292908,0.7870060161442616,0.8669070811937062,0.8567157929604486,0.8001972064523172,0.87275952893965,0.8823304006666269,0.850839417425754,0.7686526514735212,0.8195663446717869,0.8447625840477364,0.9097147685437577,0.8002499218091004
0.8527826905555816,0.8845480074175244,0.0,0.8457617713824297,0.8176588319506569,0.8878367112153414,0.7525792181805715,0.8636051165408964,0.8321288206827017,0.9073262784366711,0.8768127713172112,0.8336588141765711,0.9072315820606289,0.8283855514413769,0.8362700071651535,0.9404904579279597,0.8958124896313888,0.8572296459977339,0.8271342116398169,0.8574126927670361,0.9340014257752979,0.9625903139978205,0.7332563928817841,0.802977763227269,0.8844164940643673,0.7708088911316013,0.8058318089540537,0.8394711286183622,0.8506092989049966,0.8198431381122161,0.8150183029581037,0.8714762121685987,0.8479967600856488,0.7044205403610707,0.8323135700349045,0.8558835008467347,0.844522660756439,0.9016244203844109,0.7778648304003429,0.8160210809737173,0.8245319119865213,0.8034944379201445,0.8282802328017722,0.8251139773823707,0.8562194996229044,0.7867780166490197,0.7652072586254053,0.828074970286698,0.8207945746397047,0.8522320889385019,0.8411836098316161,0.8456595479413449,0.7069082310444325,0.8966890986382215,0.8426371362994239,0.7691767095951872,0.8343115055714133,0.8843485932482413,0.8132997765792339,0.824042188751864,0.845444286396251,0.7407669717863472,0.8353029604426482,0.7704601067253015,0.7258854542827948,0.7461514368126876,0.7722904510913524,0.8623078014219914,0.8967314484117658,0.8808131256850223,0.8451456610444168,0.7818906338085553,0.774587221136967,0.914779933478282,0.9003995396526387,0.6979505351319483,0.8053621046622592,0.8313709844860367,0.7652978805060259,0.6681052511603779,0.7686569912943025,0.838609770684915,0.8865903138918704,0.8662992488360998,0.8043432231378002,0.9138734276461514,0.7699902574884153,0.798626294426733,0.8048438329906082,0.7455991855826116,0.8597741745515195,0.7628562444457299,0.8606742324537386,0.7300536701955493,0.8400420492941559,0.8778351571191342,0.7565469313596257,0.7917014476743977,0.6541117853618191,0.8104185151616594,0.7564087507600029,0.7522385721775554,0.7066900161334874,0.8659577887434857,0.8183622397694382,0.8602679990909098,0.8122999575819443,0.8551402600133783,0.7842522475544613,0.7868473248609373,0.7771873038867758,0.774100183001403,0.8010660091876406,0.8142678733437588,0.7878705318604173,0.8757269670197579,0.7321013745631797,0.8681329751647789,0.8746031962419727,0.7947332851575314,0.8415546980974523,0.7535480230921726,0.7146245993622464,0.8268680712066591,0.6899955969181424,0.8701323730569821,0.7895086653291247,0.817833208377947,0.8828939873811958,0.8405486626960291,0.8398944551671587,0.9161890382175756,0.775832029712062,0.7788536707939715,0.8250988834610299,0.727290794405134,0.8208993514142474,0.8101367157138754,0.8718845772119995,0.8227468662456631,0.811718988289445,0.8653801156181723,0.8417003289894474,0.8330800924281648,0.8276360998410034,0.7817462859097246,0.8903553366723037,0.7930916503579549,0.9072283747355818,0.7077007689842274,0.7699782403020478,0.7426930248561724,0.8605834018542319,0.8409234145372844,0.8976604413857534,0.8206710470535696,0.8241202608157222,0.881262618502164,0.7587145208226425,0.7714571188240551,0.7315219796139755,0.7405369072575873,0.8895040459009704,0.8234697349182982
0.7954017067159591,0.7864030375125962,0.8457617713824297,0.0,0.7534520340822923,0.7663612251230777,0.8054746006081328,0.866213013537829,0.7567816717979211,0.7756074745396693,0.8889179125552329,0.7995852175423127,0.8811612132048571,0.8189613530579977,0.8588116874791526,0.8735126638949654,0.8119858764844603,0.8058255366086251,0.7704628807563928,0.7878512753834286,0.8417000369256021,0.8759616099885867,0.7774493015329854,0.8179199689631586,0.8061769453699161,0.8736384434930151,0.8826807454633561,0.8381892967468039,0.7689430950885056,0.733352073702224,0.8104019603655445,0.8001595695006115,0.8963740576240774,0.7673929689688557,0.8029332514371204,0.8612147541416538,0.8653032037887709,0.8616133662856429,0.8513224514608293,0.8731380833590418,0.7984578333333104,0.6888068015534088,0.8008467466899133,0.8050335450156861,0.9014391066100241,0.7793180985868338,0.6377926104655949,0.8127154842630856,0.8488684524154444,0.8052645597595184,0.8613312926182528,0.7656915059392115,0.6456137228420115,0.919493098382499,0.904075052813423,0.6611645316628955,0.8095401823092538,0.8298972810812947,0.7791586623897575,0.8406160336743151,0.8777201822135586,0.7038723238980685,0.7745740707516126,0.7140607509699897,0.6754475802042478,0.7237447523535688,0.886067725901932,0.8040596164497262,0.8247872325114589,0.8775750650443888,0.8149186032172706,0.7809588983650905,0.7630151174145944,0.9372445222746095,0.8086087515936993,0.6649393883666798,0.9255680344780733,0.8321165931676776,0.7761637811001483,0.6320444260598685,0.6528442760891012,0.8347517846060261,0.7870006930555249,0.8230469998573887,0.7938235190730504,0.8483503921798394,0.7975306046489008,0.8171507461076951,0.7828685120207982,0.7618362945472136,0.8425433491555023,0.7304384599137648,0.8237371554978569,0.715622369012652,0.8386308924100372,0.8075244111479107,0.7313993143520182,0.6885984563149443,0.6245204473277817,0.844678653119776,0.8297306172709005,0.8132723831841148,0.7898029292291618,0.7389573994835253,0.792729675013569,0.8134794952596073,0.792523179483159,0.7545349097044729,0.7647358193302018,0.7280533826087251,0.820125486645288,0.8212767910082335,0.7867007701435298,0.8265656280902737,0.7847149447578627,0.8328292819704409,0.649663875753763,0.8177711510116652,0.7757406827144622,0.7761541195896656,0.8365291288105002,0.817393522730311,0.6605188498100505,0.8140549017679042,0.6438506796450867,0.8480707859908856,0.762716323199459,0.8741935222038378,0.8027204724179756,0.8396714576515253,0.6967068382831028,0.7962322430439374,0.8683544633482883,0.7957682853743777,0.8277318602003428,0.6564359887999944,0.7291007150662979,0.8711980278968641,0.9124051846463304,0.8350697084483475,0.8015685691638704,0.7700831017460723,0.826351332612527,0.790985208811307,0.8348539731200065,0.7709607530070884,0.8041778189730341,0.7335311429983943,0.7491411879897375,0.6197226130486231,0.8425207222800882,0.6611157648734479,0.8531665326237713,0.772491702797373,0.8336373744074526,0.8521780190951705,0.8665587935188377,0.8372566257084315,0.8454289269883202,0.8272977703916122,0.6575324369548674,0.6767576831900672,0.7758576034709728,0.8287330011282645
0.7327624871675091,0.7365774254318618,0.8176588319506569,0.7534520340822923,0.0,0.6928336656901355,0.7828264466636112,0.6877126765179368,0.7645315722731133,0.7304058078802212,0.8163369922588437,0.7783519000067995,0.7280950637462409,0.7385662108697713,0.712539190855985,0.8202990620085174,0.8174073285213793,0.7480067140434354,0.7152514009980367,0.7129277194101146,0.799088725424988,0.8458850441895026,0.8019367430289551,0.7327834585929784,0.7343372239611028,0.7036065206093901,0.8206771203019989,0.7627114765599612,0.7439538154225325,0.8528540026238487,0.6718836567442908,0.7194028630873908,0.6970800048619282,0.6559669760579088,0.7492008943517292,0.7572444652266935,0.7069491374063229,0.7836402232586016,0.7024080666334903,0.7609089464178971,0.7080996062161565,0.8211783053727393,0.6867974138998367,0.7113824609129905,0.6924871722031599,0.6466732581498627,0.689847727515936,0.694299884621542,0.7937911262126992,0.7491216684615946,0.7287901672868901,0.7095296827218059,0.6140329530822627,0.7306186324520738,0.7275444087726177,0.6731777710440267,0.7247239515173717,0.8322864982099427,0.6972619395679893,0.7248372542286241,0.6450158463732238,0.6244605251895198,0.6741489524003775,0.7640178573455102,0.6123374013081235,0.5856049304186633,0.651722420857939,0.6945757937202571,0.7872151776984014,0.7257439288006764,0.6838728607083842,0.6824928604100605,0.7037975449579743,0.7698899475162936,0.7400322491272048,0.577448683183666,0.7291124627559898,0.8689231436163596,0.612624515512127,0.589485724155891,0.5993926436970258,0.7249624552281554,0.7668460497439729,0.6626599471395213,0.7286145383381369,0.7502976627160716,0.6359413564059934,0.6907789151874137,0.6495375474190072,0.6584376300987661,0.900755809854168,0.689108451948455,0.7932130477871804,0.6107006481667185,0.773707232235207,0.7078119217804685,0.5781400578459267,0.6614766376472826,0.7049365636481921,0.6585935046812345,0.6434767796713767,0.6289649962098753,0.6429294207464576,0.6862622943097935,0.683410871995827,0.7104534520192173,0.6431989041145563,0.7777825460005772,0.6707480999705916,0.6778080563949197,0.7315980546041395,0.7990491001104475,0.6414547549842659,0.7844478146545273,0.6478615876433038,0.8090331192365594,0.6152006644565592,0.7957562513223999,0.7298441298671436,0.7679884885937146,0.8840893531586056,0.6384008200031792,0.640937943574623,0.7022031398415095,0.6277478986882885,0.685005466445363,0.7238684246663504,0.7217588222913484,0.7093627248161724,0.6851978292153743,0.7626061402845197,0.7569231761153274,0.6570488549511668,0.7517952072100423,0.6646044582602841,0.6045946452321008,0.6863846819336679,0.7449122574529139,0.763339460139896,0.7195636631238042,0.6180632917663839,0.7782180763815274,0.7699898932812642,0.7730195447020998,0.7199680921698276,0.7507065628520384,0.8036138243421671,0.6378171179504476,0.7315447200906796,0.7198709784013244,0.6566756143715224,0.6255496480116026,0.8736860116161193,0.7734609846089694,0.7368728277515091,0.6573408006787369,0.7190447829785224,0.7411927347086881,0.6765761807475961,0.7160237685124384,0.5811265147944262,0.6488703990247882,0.7093685450546714,0.8293110055254436
0.9238280913624405,0.8762144184762681,0.8878367112153414,0.7663612251230777,0.6928336656901355,0.0,0.7031866291430613,0.8539341200755125,0.85392586737883,0.8603394851174838,0.8233872843540503,0.7929190159713151,0.9385235425339186,0.8032360431190991,0.8077980924017908,0.9026147473765549,0.8486749277558189,0.8388199103836815,0.8677066232362018,0.915571226076111,0.9110336815724412,0.8704127577705799,0.6518153987328784,0.7807920209800276,0.914861751127097,0.728780808281367,0.6875073006052972,0.8212771366584743,0.7856797362880112,0.7893041983372863,0.874736249232922,0.9397103426471262,0.8048171548963559,0.7318714710642412,0.853388376103966,0.7660927309141438,0.8962386254210273,0.8540986654677761,0.7528877102649159,0.7431414655176306,0.754402435448145,0.7782802702989476,0.8416434256253522,0.8745999939175424,0.8447771279464567,0.8141891588204772,0.774544754120108,0.8652602700400119,0.7925401349340351,0.8238372527592347,0.8516943498785512,0.8853300476142508,0.7404783865004184,0.8618162944644061,0.8043732672590471,0.854072377218764,0.8771361569009449,0.8161730149571426,0.7932102809892089,0.8076953642373216,0.9018862022378273,0.7933901467742618,0.8741535949304803,0.6837308145253312,0.7960874196112941,0.8460106142369117,0.794203268314467,0.9224705171145098,0.8045638947722656,0.872135137362531,0.9132467676852959,0.8017772469544089,0.8053686824822226,0.8807794859974614,0.8988874409784058,0.8221165811178067,0.7823932179962386,0.7430007076322993,0.7989663121491251,0.8126908695407388,0.8789494978818289,0.8652430958759347,0.9069834080971529,0.9098703592334535,0.83835216868195,0.8973252817454584,0.8375963608696043,0.8163735041542604,0.8706838123574819,0.7830609642571023,0.7655626136799809,0.8082648108607406,0.8107976830171525,0.844823738437196,0.8191213106096036,0.8954308185665911,0.8379864441241649,0.828982018279184,0.6594595400259072,0.8497365032986884,0.8146282957082995,0.7584495509760698,0.6892682116152333,0.8110897950155195,0.8484344546918263,0.8647012071056457,0.8341317936310602,0.8118399700287813,0.7621935334141826,0.837447562772232,0.7951086768096448,0.7185563132427588,0.9179388842061773,0.7553488711633439,0.8235345511165335,0.8408440350340707,0.8237362221223128,0.8268818513601981,0.8525370119454847,0.763458968466918,0.7805219471439719,0.7398020711930583,0.800261730922199,0.8906586618009418,0.7927083794240465,0.878603800631587,0.7846347455256739,0.7850768944390337,0.8445362253531442,0.8109623478049752,0.8389239951925951,0.9288371093283553,0.841527330833626,0.8038629669248779,0.8563619245533733,0.8070831889071876,0.8925281857148185,0.7498907985884098,0.7553044685318562,0.8135244821788193,0.8547072565221853,0.8842863318145199,0.8422842195384275,0.7519784350009767,0.8364172489584643,0.7662625259647532,0.8639872000599113,0.8170187653066429,0.8927961709045783,0.6610341432598434,0.8449041621770894,0.7957298772143019,0.758318823587055,0.7265830146480725,0.8765955555998066,0.8809602510791692,0.8612286166394487,0.900343071420089,0.7612565520555364,0.8343195400410327,0.760028607233754,0.8632159573346043,0.9229839387643861,0.8145220900832382
0.747340371234304,0.8314078869141516,0.7525792181805715,0.8054746006081328,0.7828264466636112,0.7031866291430613,0.0,0.6855545884690526,0.6963521241694072,0.8156930727936968,0.7625100730369035,0.8048229105513571,0.7754568718501951,0.7484545933412827,0.8222558927404446,0.7600288389307756,0.7552478818869566,0.7442007516024718,0.7374743388207429,0.7333650118626016,0.7749039275109729,0.7969255402111395,0.877921557650996,0.8978111668914904,0.7996913692416444,0.7269648983327772,0.7922235260326135,0.7662139306801553,0.8004422414084081,0.7399661962900318,0.748847865095972,0.7455628571933874,0.7873925901437727,0.7838866206167312,0.7681972452649145,0.7155149704164749,0.7745959516524994,0.6932145758561077,0.7458786351971132,0.8922713930075876,0.7471672973738344,0.7189080111538813,0.683083741466726,0.7706357845492167,0.7745415821593167,0.7338380852956055,0.7118592694380098,0.7253257910045707,0.9131546194946764,0.6996862718254679,0.7596062152908296,0.7076442738198205,0.6361437964786659,0.7928284966150184,0.7711073807881559,0.7356701683675138,0.7370061318566955,0.6941081040188879,0.7887552353944872,0.7737524273704995,0.6932660493141465,0.6065097501522296,0.6326804145806154,0.6704539382583106,0.6476474165148625,0.6426838263610553,0.7762015928498373,0.747910140331279,0.6821244130150526,0.6867605408091181,0.7081404696273036,0.7424327218074612,0.6456691245256385,0.801123136119871,0.6764164615302574,0.6901052221935201,0.7670498266817564,0.9121588726809197,0.6518112717798292,0.6674994049221107,0.6303958769898219,0.7150938520120604,0.8238859541339557,0.6631721407789762,0.6775054800097683,0.7515558422428558,0.6293691491617218,0.710997332079442,0.730790123774204,0.7623003269506262,0.7319735776157318,0.792425263236589,0.7769003234890608,0.6990565233721387,0.7430478566646805,0.7861516755273894,0.5927554204709461,0.7175813531204338,0.6120699244080868,0.7912393596127927,0.7673124199952456,0.635659817652243,0.6554256930122471,0.73615093195144,0.6439255709616785,0.739697968804985,0.6737161494816114,0.7641810604499003,0.7806461105835883,0.8070602941515715,0.8307880209795151,0.6807802690711126,0.6839295585239675,0.6696779042115862,0.6844707894752646,0.8038561487110104,0.6745326153448746,0.8113122457412913,0.7180062735417204,0.6716245604670872,0.7974593984883454,0.6016946494043812,0.666853471367815,0.827296195354359,0.6385457415904474,0.7930467020264625,0.6638740950426903,0.7675954103902807,0.7446784012976259,0.7468110297174068,0.6944727743775339,0.6553729998397512,0.6901356783363337,0.6816322394220198,0.7169823142357443,0.6531076036323582,0.7705528543007271,0.8524630952557741,0.8136529622842399,0.7438438417799398,0.6977308998514604,0.7139913294885432,0.8454734795320625,0.6333574488813842,0.7699266235519102,0.7668889961947051,0.7496753340605237,0.7291172471245945,0.748454275602027,0.5764821545487405,0.7027009235966685,0.6696286504838357,0.7585454421544243,0.8617618850908206,0.7894734426282741,0.7387133651036176,0.8347656704811386,0.8295256060206981,0.8119987455650157,0.7595773285557558,0.661581643439444,0.6892950772789754,0.7494218360733389,0.7745250569123417
0.8226972009678261,0.7670675887325038,0.8636051165408964,0.866213013537829,0.6877126765179368,0.8539341200755125,0.6855545884690526,0.0,0.8433267277376234,0.7769953243460249,0.8110141251747268,0.832844572716462,0.8851758968504961,0.7333990467619489,0.8541966490553712,0.8856352059911491,0.7767344433608135,0.7996130124918324,0.8238561932833135,0.8206627150301592,0.8570718568008248,0.8411822227046194,0.6766358266408581,0.7323373842377927,0.8378536100797029,0.8111828266031673,0.7778472181628977,0.7846862476971105,0.6852801042813289,0.7799402739430561,0.9217169237235008,0.8610210918719529,0.8597380410233935,0.7486189274474794,0.7628711908450174,0.8496878138334473,0.8780943267900935,0.875008057896326,0.8548970857674763,0.7278061304528589,0.7627076036817679,0.6879277010787644,0.8997526042835353,0.7817370767987589,0.938003698672147,0.828166013041538,0.6888934655084126,0.8003116860426763,0.7541881113797759,0.8389889675820353,0.8764594828551219,0.7933165873486205,0.6596347626959149,0.8737729092981643,0.8553960994016689,0.7067135794797548,0.8278590006967196,0.8941216720778047,0.7160726516318221,0.8284762446323907,0.9233557517224147,0.7960365054116019,0.8612541375149617,0.6575326067980282,0.7214512057828264,0.7934368277568908,0.8143139512348305,0.8625050622797815,0.8308269359356002,0.9655836992212862,0.8890219242553753,0.7373361870050313,0.7318274321593631,0.90805480034746,0.8590431439486502,0.7008410200055524,0.8782975619014564,0.729041652860331,0.8632173717635107,0.622139134921332,0.7060930499410859,0.9239396927881635,0.8279809860593874,0.8707962709901854,0.8077531161512849,0.8964893748534063,0.8921097820910049,0.8639290546005587,0.855854661062144,0.7897097152417182,0.8108863718810482,0.7929255381128854,0.7932097287739167,0.7297986790639223,0.7532489230146865,0.8543683409869665,0.8567548673644283,0.7500109624859705,0.5966385526183564,0.8400735688734041,0.764352333323414,0.9187592460562357,0.8314582515737379,0.8158646970207469,0.8684412896868757,0.8821312091621406,0.8704195545376154,0.7358536033645021,0.7441882609291095,0.70231571862932,0.7597013646395127,0.7836981648771965,0.79886702334686,0.8147520359829884,0.8062159791265852,0.7944208486458837,0.6852200396625077,0.809434672102564,0.7249758821929434,0.747795351783926,0.7448395069617024,0.9317957520709284,0.6446944011366147,0.8205194114216067,0.6260621365934705,0.8623706713360005,0.7805606724037762,0.9152077217102079,0.7816775409885696,0.823569348450652,0.7601601610289354,0.8845729461097205,0.8543107576999419,0.7639029792243854,0.8373935678916706,0.6731452407669106,0.7811695898343207,0.7643361450879405,0.8164673931975892,0.9224179512935223,0.8177142730391073,0.7679235056819752,0.7981891757264192,0.80319264494934,0.7925748948003718,0.7982732552893175,0.8914676014266117,0.7689134124721845,0.8011555683853004,0.608627048545517,0.8887610883112569,0.6781859724815372,0.7884877757992965,0.74497949601766,0.8915211712181094,0.9061254034614908,0.7885968489091998,0.8600468854365267,0.704688618891947,0.7784423502889091,0.6643118666064529,0.682265186030936,0.8864478617532054,0.7559997648291169
0.8906744055274556,0.8080831629707594,0.8321288206827017,0.7567816717979211,0.7645315722731133,0.85392586737883,0.6963521241694072,0.8433267277376234,0.0,0.780202087886894,0.8117308796828824,0.7778257193926528,0.8495145303180427,0.7951458329118639,0.7616747478881225,0.8532796541274363,0.8194352262134601,0.8394775287500111,0.7989721605312979,0.8547002296002797,0.8111764758024795,0.8778237811549093,0.7064580214319306,0.7065448517469322,0.8429753030330881,0.6795346240680425,0.7919839032780548,0.8239080853255231,0.6944467726617544,0.8950690894903662,0.8239122357036153,0.8314120601678594,0.740405960177355,0.6798667547378585,0.8418502631225684,0.7432783246987653,0.8142257665955199,0.8637238995677252,0.7024933962803338,0.7084917373078227,0.6859748117873441,0.8707381931916022,0.7606706292750406,0.7294161178873995,0.7891234318239329,0.7294744206804233,0.7182562798839915,0.7279780679023493,0.7688539481927366,0.7987244194363942,0.773867541645699,0.7754602664135792,0.6825784476558291,0.7496546032226581,0.7194623158976632,0.8265929016713905,0.8115777224420243,0.8609469689945587,0.7283087980812043,0.7735300230167387,0.7849118568922436,0.7247281267993729,0.7824273688562415,0.7107089454947224,0.7128255480198159,0.7083484722222022,0.7334875331393423,0.8188921101876306,0.8435040250084705,0.8841344068858551,0.8210645270872883,0.7426072184301232,0.8075044507525385,0.8195021596631139,0.8729295965757657,0.6956897625673637,0.736990705568762,0.7155285482811914,0.709547753686232,0.6426503835947522,0.7025100017799198,0.893211507905869,0.8624865521972169,0.7993066922385664,0.7983830125655259,0.8832683783446008,0.7939293124333372,0.7977689283837308,0.794214701614485,0.7848337123491701,0.8545845577667834,0.8104920731717221,0.7662802342975742,0.7156348291812459,0.8209979174372926,0.8052288328357712,0.7238194502098245,0.7636132101680753,0.7099209227554151,0.7638082639937533,0.708724904956579,0.7097507354153139,0.6756948475586463,0.7420610671007701,0.8200489455064006,0.786095609308872,0.7123920914140217,0.8203410752053267,0.6825292415357779,0.7170814404908082,0.7092670762171366,0.7680784714919847,0.7927627713091796,0.8507180278634121,0.7344427643399968,0.8591747400428371,0.7202067281760601,0.7875167670321896,0.7184405552393076,0.8599124066564008,0.7885448418586148,0.7435060941496696,0.7133894765060903,0.7676752193086489,0.7416527082139557,0.7335483574945105,0.7915605176902459,0.7589064528944378,0.7170066265665956,0.738957510504477,0.9295865919566908,0.8637721651321635,0.7910036691495315,0.8595730421642176,0.7482303123338049,0.6791699871279402,0.786460364658568,0.7171803760644834,0.747188516540464,0.7930273868176566,0.7316512305167007,0.8293536987185693,0.855755617801537,0.8005469050023711,0.734560219345278,0.8022249040476082,0.9001088154605662,0.6968887349697231,0.812639711061793,0.6821834852937235,0.7942463562720474,0.7015384548582777,0.8344070369167969,0.7237852645954433,0.7913315111777176,0.8047021658813002,0.7932826700904146,0.8044935833055108,0.7077957841571573,0.760830189886301,0.6400693423519094,0.7832626632878386,0.8661839829410332,0.8512485195752499
0.838687743070172,0.9565708907241214,0.9073262784366711,0.7756074745396693,0.7304058078802212,0.8603394851174838,0.8156930727936968,0.7769953243460249,0.780202087886894,0.0,0.7945736245880836,0.8160258843728292,0.8730800695636124,0.8210119027992764,0.8298538782786481,0.8554619506590561,0.8592793700387668,0.8445431724872828,0.8417025348451725,0.8558656532960172,0.8611503786828929,0.8876535050982983,0.775515499690309,0.8320009407968618,0.9123633612226943,0.6757025289424459,0.7668207072009267,0.8383782915899002,0.9146421047992238,0.7891011843600438,0.8051403322686547,0.868411661881594,0.8211266853080373,0.7300655298963363,0.8344522737233857,0.7750352313709207,0.8012706627704376,0.8007428323656475,0.7216044383389197,0.834572208380811,0.8098465813813125,0.7766472629216317,0.7611878256252749,0.7945899140099786,0.8164621312415937,0.7949710031016297,0.7991404846628063,0.7715154532127946,0.866191962793267,0.7872075445708232,0.7893644281136439,0.8006873195855012,0.7413159604680354,0.8457015781815839,0.7987868651427357,0.8155902370676676,0.8109023095710909,0.7617954079740746,0.8736798550095022,0.8200472387065122,0.7861862308312921,0.6935505606742852,0.750402427765774,0.7407122829896606,0.7345475815339405,0.7389673136915932,0.7428239761199747,0.8192854188359133,0.8079665731817998,0.7795431165944838,0.776248455738714,0.806972348530039,0.7077692233648705,0.8481524035242052,0.835969777972139,0.7742169951621564,0.7284566678459683,0.809637587378869,0.7251454613657333,0.7024695650701218,0.7861724112622862,0.7557657585437255,0.8973346450565919,0.8077474588165123,0.7371308920308781,0.8616358025525008,0.6859393802087502,0.7686642283438668,0.8349553991069575,0.7375353336186288,0.7452678925987476,0.8058026433811196,0.844737961032547,0.7700821076438791,0.7886189390666264,0.8736435626370932,0.7042280429052148,0.826970066350927,0.6292851792724048,0.8333022718993035,0.7733118908092708,0.669882386766284,0.6411890438226492,0.9068891781437516,0.7501105619423416,0.8151995063107218,0.772249840328626,0.8697683996683779,0.8223840848581697,0.8360104299361303,0.7695099381342276,0.6676998206857545,0.7658165903331495,0.7276177406240366,0.7680057918513166,0.8497574090614529,0.8069292174997262,0.8770675733978754,0.8394026031342406,0.7290338299615433,0.7658726954645124,0.6456231741055362,0.7254734376282063,0.8471455433971579,0.7029145891230916,0.8828731061973506,0.7229864707635978,0.7489714997184023,0.8880687141511072,0.817743904396214,0.8404260258194248,0.7906962194687416,0.7196636224231105,0.6990870498400233,0.7785568305884502,0.752714057887021,0.8719000608435366,0.8069668619990134,0.8434751859409396,0.7840069043736516,0.817317760833521,0.8248038468284905,0.867787323696371,0.7167061258042752,0.7857848734130438,0.7468801814034748,0.7979024894319399,0.8352871478282112,0.9440873245468272,0.6690539176432951,0.7194112688648873,0.8114490542877562,0.7904556499792601,0.8662561005623682,0.8739067056752053,0.7792305322837543,0.836655003518478,0.8638972385282913,0.7879213322239605,0.7563156371803006,0.7927777178908041,0.7871280793297917,0.8908792394477388,0.758617810118748
0.8375732832238698,0.7910912540119566,0.8768127713172112,0.8889179125552329,0.8163369922588437,0.8233872843540503,0.7625100730369035,0.8110141251747268,0.8117308796828824,0.7945736245880836,0.0,0.8339893914392134,0.8827505303591986,0.827763120427699,0.7525937215331233,0.9364030969128316,0.8637779125796775,0.7908022661852004,0.7988935209933195,0.8378394382701996,0.8768663434721865,0.9209194941384039,0.7671057412512919,0.7960426768844906,0.8779208696278248,0.813722852179488,0.8479538548741543,0.8804862229453088,0.8138133903363175,0.7964492796603815,0.7780291825559639,0.831123901215854,0.7615673395828871,0.7643453709227471,0.8645661813460247,0.8123904059798045,0.8928664063517494,0.8888265265804449,0.8098491165697588,0.7958543366777959,0.7036890547780915,0.8192242174645362,0.7608546828836775,0.8456096436214275,0.8235661684684765,0.6860905152773474,0.6175589704916713,0.8877388824532298,0.8688764464742356,0.7673338148423493,0.793872369310984,0.7525963509041802,0.6107207101779111,0.8616755435276016,0.877294104302867,0.7132708711926671,0.7999192775773377,0.8850087211016692,0.7526669059454746,0.7543201311536798,0.8455265979928166,0.6503388550429545,0.7551478101061141,0.7761817685110356,0.6422883561312643,0.6779044286981643,0.840171315422415,0.7893751693868744,0.8434576946226993,0.8827915413619183,0.7827967802931327,0.7541736331196903,0.8764915526543648,0.8867779189737247,0.8373993161403135,0.6457796804528353,0.8797522961238566,0.8366969308717587,0.6918697019117849,0.6879823569955492,0.6677410738296393,0.7940846111326667,0.789178064337785,0.8179732887593899,0.8327557426001573,0.8317786237421655,0.8415824214238954,0.757508981691132,0.7255528812115526,0.7503848469665737,0.8685941109735686,0.6955437078253011,0.8046206978013961,0.6974417688788044,0.8553515804310781,0.8267456592630957,0.6812882094566372,0.7228100209379051,0.6940592184718244,0.7497469542279829,0.819802652964051,0.7591180128382075,0.7189850598792663,0.7210117928933248,0.7674518937070424,0.7523536157486646,0.720186232044493,0.844816397585022,0.6675819603739558,0.7908793970878436,0.8701440421544653,0.8525987499138357,0.8388136223945963,0.9057295628184403,0.7157594507400253,0.832128653274953,0.6603302181975472,0.8799365501803189,0.8678650320707152,0.8371678111149663,0.8667737996434799,0.7341815637714493,0.7639971652101427,0.7731989273190344,0.7484220799742604,0.8034223455030752,0.7305995895700506,0.797285264533461,0.8213621776590436,0.744966440385555,0.7666860337189899,0.8532587208533224,0.8898403249185208,0.8948500812874032,0.8668348545184631,0.651668336961047,0.7429490502708961,0.778691293680927,0.8640848658747676,0.7725660415714066,0.7387885395536181,0.8916605879917845,0.786280675664907,0.8370793924025093,0.899857551065721,0.7887911291863412,0.811218460624375,0.6622807635157477,0.8113268868383631,0.7246494441474792,0.8440354906380823,0.6559593183450794,0.8980895422948261,0.704293040188377,0.833605301391653,0.8297463389043527,0.895371975269862,0.8260563303191285,0.8132268763835385,0.8450338598429015,0.6125894301783711,0.7530013023750388,0.7615826748988459,0.9413765887272418
0.7526295726371831,0.7878265422702585,0.8336588141765711,0.7995852175423127,0.7783519000067995,0.7929190159713151,0.8048229105513571,0.832844572716462,0.7778257193926528,0.8160258843728292,0.8339893914392134,0.0,0.7941357990014155,0.676128977941848,0.7808737344579532,0.8652195507195457,0.7628145883535093,0.7034846626261418,0.8295884828020251,0.7744399270150394,0.8592035805762123,0.8256798676840124,0.7937393107131709,0.8096832831427696,0.8855801312482895,0.7676460689678356,0.7794760662620108,0.7679259013074771,0.7489126432097316,0.8169403338514689,0.863570321855594,0.8154659797040648,0.7494906853731894,0.8570844715522736,0.7531471258811742,0.8057699392813548,0.8430859317337728,0.7662724468127735,0.8828610769210931,0.7339266139358798,0.7021779824858159,0.7625865087120822,0.769760785528596,0.8016045199099169,0.8570386199140941,0.7138254010398287,0.6716563154791988,0.8085181452748704,0.8362829170888655,0.7273510556534949,0.774476463274749,0.7096991330186815,0.5753425103230171,0.8280597562246778,0.8480409548144873,0.7393547855461714,0.7456046796639451,0.8739358034266492,0.6804926638865195,0.7459066922827402,0.7724072227536166,0.6397242407450902,0.6907533698112955,0.687672277601635,0.6150983447561127,0.6499119875079596,0.766954758099945,0.7584442124892332,0.720805717906639,0.811274831815737,0.7429998991402003,0.6720323802976998,0.6830013146813142,0.8208829504663087,0.7394351891182648,0.637798474935576,0.8415810153128742,0.857845970131314,0.7019988108477976,0.6257666991474147,0.624486144980761,0.7843504681510372,0.8209934746158368,0.7152044594673017,0.7419030842651212,0.8077574939912625,0.7812575532341998,0.7243358184451657,0.7406998390352062,0.8113007588116325,0.7713379989144661,0.8172744470174955,0.7670533295287435,0.6572109324319498,0.6822932131744307,0.8725933742147314,0.6711891345830632,0.8071819465776615,0.611491942643599,0.7447781961888504,0.7430095243773855,0.7869583964213546,0.7520065916311877,0.8266147036217141,0.7016985112926555,0.7791894773463576,0.7372927361928292,0.7996745409305802,0.6843726207290408,0.79793719975145,0.8902508414232891,0.7614893441242226,0.7123752582998847,0.7774956570319614,0.6667056275766451,0.7670076749806364,0.6460045111009529,0.8864356486668962,0.7464283810200495,0.7014126682973201,0.7546154289182552,0.720917699546426,0.6759291874907137,0.789465393060564,0.6161141276807878,0.8351392423699595,0.679125265270048,0.8888903575396254,0.8015271530440037,0.6975560116070587,0.7510717249952426,0.7711613935531324,0.7486117861231669,0.7433068813974182,0.8216015088013282,0.6012241483568237,0.7814859292352764,0.7415915343624488,0.8118165951922204,0.8462031010085073,0.6758679127675394,0.7855995287208745,0.7746458996372655,0.7441576456678433,0.8424658023095436,0.8414257003140274,0.8667401465078006,0.6848295384816128,0.8360933651092087,0.6552823283876422,0.8036375886427304,0.6216542965118714,0.8030542411729487,0.7931219633480507,0.9273234145658931,0.8106368705103572,0.7897204277448647,0.8693216431842554,0.6780378114653127,0.7397294980845917,0.5850896928800153,0.6649073025976296,0.8230457294934095,0.7810344760228095
