0,1,2,3,4,5,6,7,8,9,10,11,12,13,14,15,16,17,18,19,20,21,22,23,24,25,26,27,28,29,30,31,32,33,34,35,36,37,38,39,40,41,42,43,44,45,46,47,48,49,50,51,52,53,54,55,56,57,58,59,60,61,62,63,64,65,66,67,68,69,70,71,72,73,74,75,76,77,78,79,80,81,82,83,84,85,86,87,88,89,90,91,92,93,94,95,96,97,98,99,100,101,102,103,104,105,106,107,108,109,110,111,112,113,114,115,116,117,118,119,120,121,122,123,124,125,126,127,128,129,130,131,132,133,134,135,136,137,138,139,140,141,142,143,144,145,146,147,148,149,150,151,152,153,154,155,156,157,158,159,160,161,162,163
0.0,0.34415814589199634,0.35088609839407026,0.31473791187859934,0.3615498934406104,0.35852917699090964,0.37757911039517755,0.41140391318848823,0.3401341748433565,0.33387855231271335,0.3301247262360724,0.3131223043847721,0.5562189215206172,0.2812878507215077,0.4259893880361141,0.36998956323838655,0.37079052717483996,0.5165440784611715,0.36155705250738224,0.43429576440127066,0.37464777737492916,0.3457796037113683,0.40186152345500886,0.37240008251592865,0.4256154109269766,0.3256625422193601,0.3758908097316416,0.3822595855238742,0.24845534236067326,0.3099472787747615,0.4078388659590893,0.3885578628511066,0.34929311039701255,0.3513075650900956,0.39781502115209516,0.280464118143852,0.515332023535203,0.3441868052427401,0.29397029466385444,0.5039003149331613,0.3375706291623349,0.35423979538486544,0.3591264967976907,0.32133010035573384,0.4240930971631641,0.557040489251525,0.3604366474215358,0.3168089754133986,0.4565323233081721,0.3651966791549986,0.37786504913458707,0.38916477375922764,0.280755832001789,0.2921128267852543,0.2612461270162367,0.3153373799472109,0.44159608073314516,0.4101710308059296,0.3251444950778698,0.387188907863655,0.3283419674377497,0.26332119179293034,0.3360927754161089,0.24529276160980554,0.31947295698933187,0.3631533973659674,0.3912680393439017,0.38688285717352994,0.3399165515471744,0.46283596698174684,0.49000607281442904,0.3102024636009637,0.30941784161054725,0.4081163725878113,0.3839889753237724,0.4060697440009975,0.31072833132920735,0.3559102897769774,0.37265593445421075,0.28603848247418795,0.32967842630401867,0.4350180864775681,0.3061991246575618,0.3178324127485648,0.3417388662828385,0.4802104377390691,0.41199235923507804,0.35849150881597375,0.5276791760702931,0.2765107437641076,0.4200228578832817,0.4056913322773374,0.31199966184675465,0.35897372790256576,0.3193255354382954,0.30092386597445636,0.2503392622288298,0.3761760988363788,0.24796280031807202,0.50486837308914,0.2595053900107437,0.32999164777952594,0.31953596876197343,0.33773091601006316,0.34720145832840943,0.4767427291731933,0.33886657256173397,0.37486845183441314,0.4773683814254457,0.37779256349634005,0.3465907563684703,0.336872471264221,0.3672449627998534,0.30844207551320546,0.33445430361877754,0.4287540262948009,0.4118074285688199,0.333848131900071,0.26711414892448526,0.3035824800278278,0.3314723657666558,0.3188789433249298,0.3599235941587079,0.5014868581539353,0.2963501003370827,0.3406812737831954,0.2839869225191492,0.3008782554821462,0.272894842941369,0.375855341052747,0.2905486930947621,0.33257537020766964,0.2933823535779677,0.30699493001771416,0.3295397230618467,0.2898379673736734,0.309370047584923,0.4297728450585158,0.3474530911980551,0.43586043834754723,0.26993688553682144,0.27481466480002276,0.44975026789827677,0.26171491594762397,0.33340060020696055,0.4236105835539068,0.3362264054246255,0.35948302385573344,0.4035246847040718,0.20841155324573998,0.4493834721383335,0.2941020794082772,0.3725834402013637,0.28037826400662236,0.4396261046044241,0.47105177505509205,0.42737879243575466,0.37512514470000086,0.2965137995859006,0.3028549675609828,0.3178057810692674,0.3852718375104433,0.3094278389362392,0.43481729512646394
0.34415814589199634,0.0,0.3708186569503232,0.276444712655289,0.29172445469855807,0.5218908505567161,0.3516228303301057,0.5228102287579801,0.3434061998707727,0.4642701130505926,0.3032540521270445,0.40820996002936694,0.384760302123069,0.2673433510380642,0.4083787442931731,0.32227544337038566,0.2907294814429748,0.2818398943694873,0.31489773553053235,0.31423720610392464,0.2879850631636595,0.4395912260393471,0.3129229642165408,0.351495623968433,0.39688449424769684,0.23300311395760895,0.3672473273194095,0.28863544272960834,0.304944591859048,0.3108636173148563,0.5071766474311487,0.3587653119688044,0.3715873812932158,0.2825070198827887,0.30037793498521576,0.28247058312007406,0.36688583638443834,0.28120226189687114,0.34189809222409834,0.3034781387104442,0.3081266248280809,0.37713044612279667,0.24555289305962183,0.2745373404549268,0.40517966221559054,0.3026034264003522,0.34662706446948865,0.2767726119641362,0.3000246754813848,0.2768017167599191,0.28717035686787185,0.2653828601322865,0.2549941049587515,0.33042736325116784,0.29049162953080626,0.37490044862163974,0.26727236199849413,0.3554976700527975,0.2670861734724405,0.3033361041232718,0.35453260302871065,0.22263334062660403,0.23614954584375533,0.22098180581628593,0.2393175144474088,0.23204832548751791,0.3130019210381985,0.34516019516052576,0.26267151213445605,0.3618407460530144,0.3201109010548938,0.24464331701243158,0.23484654395231183,0.31042387955116785,0.3445327500352558,0.28450310244492827,0.27325626037545153,0.35200866267506475,0.24768900295140706,0.24665791305432044,0.2725557910552632,0.32203184649980066,0.36538039473113926,0.26534900665252803,0.23605033881958562,0.4273069925212821,0.31299136485562296,0.26446802052496665,0.3402993470443792,0.32427445358725954,0.2741749251287086,0.380033644307142,0.3129763857726851,0.25714738684448135,0.251557104533387,0.4965665967025243,0.26113606768819775,0.35815761625564946,0.2145922809603783,0.34313985190942853,0.25938444610383515,0.2807867165755455,0.21527703796835015,0.32367121442016383,0.25770805837860145,0.31473103593439195,0.2649175071819715,0.376684264879219,0.3202933008673321,0.4415012038800355,0.27915697183390886,0.2298014276047569,0.30469031208546704,0.2768639578630207,0.24365570049668134,0.423761788096553,0.2864563660154502,0.27229560937987307,0.24897552208428583,0.26809228645287314,0.25400543777767615,0.2787382821033068,0.2620721898116905,0.3729013119111302,0.25559118386386914,0.38720583478308335,0.2570772537821808,0.41432971096925864,0.28387513271381837,0.2852976086526994,0.36213873745544356,0.296632567479684,0.25291277738091406,0.28439656140078706,0.30719654111370337,0.23792412921441702,0.3194920764730041,0.3063447273504995,0.2893473713879298,0.3232623841581888,0.26225339256643404,0.28800705572738167,0.3649122900057382,0.26242497995906267,0.2928250960600332,0.3054630442464371,0.4214695991532525,0.3298619501364493,0.377993118098987,0.20612748346277524,0.27209475880042033,0.2777499290182205,0.28665347655679213,0.3452703008265382,0.3385669488306357,0.3773486123450476,0.3627621963025129,0.40468887084720595,0.2562799927837218,0.24477578510645648,0.26725482715563253,0.29888154022864877,0.24981479938331105,0.28432102602302994
0.35088609839407026,0.3708186569503232,0.0,0.2659882633755764,0.3552346887879085,0.39969203648622,0.3530675347166627,0.3785540187119474,0.2544089961308648,0.45550213661344985,0.35253279070902466,0.3551209242242394,0.39709228259662094,0.23021158621004864,0.3857385568499171,0.37143615003247726,0.3178330853457836,0.3091289305090086,0.3198380492643756,0.29462709036041135,0.36551488446147906,0.4910190807907112,0.3094779367160758,0.38363773649961846,0.40151782722882756,0.2595032869976013,0.3064002195107024,0.2857496048062997,0.2913051171720748,0.29657739648074466,0.34150862638407564,0.3430062894549106,0.29031613423792374,0.25847239495556495,0.26714648912311834,0.2603500127723979,0.4194760466802529,0.26151772816066854,0.31222729868667404,0.34304455482397467,0.2887510709214872,0.34145657891124576,0.2910480251450154,0.29500564059060935,0.3530714345160612,0.31462816728833365,0.30616912881766045,0.3358896823796464,0.334729666843684,0.2667038498840395,0.2986408003022292,0.28064577126302054,0.2148519817267166,0.30459264772948336,0.2735552059888877,0.257830433009231,0.2725163264795361,0.3911455650229972,0.2842211199032696,0.2734077840281195,0.30494133167496235,0.2026434193041209,0.26116910824189926,0.21459966462854982,0.24090516831481995,0.24504973253801696,0.2881309849526,0.3721469977356493,0.29317552414091136,0.3901035783022285,0.33471247363747775,0.2235240777701042,0.2348854752006381,0.37909572815696035,0.31831595274125596,0.25938189567333375,0.2962184797397507,0.3513189525180797,0.23844188857168008,0.2356286098655064,0.29190374342205494,0.3195344971711544,0.30683569382198866,0.24742139617251815,0.2356980090846589,0.3558476438243213,0.30909887117770457,0.24539962763022877,0.3069713064584853,0.2272973324481064,0.3051399876951257,0.2965046824153268,0.2884342522548277,0.23598387645726285,0.24233539554267391,0.3368908621261321,0.2206135568065355,0.3098614372433986,0.19447040860964612,0.30425851640132806,0.21809588988690157,0.32347089065098494,0.2252950935352173,0.40170432347945456,0.23888448714458943,0.3408534360679746,0.2714086305774563,0.3209838389985587,0.3294159914376278,0.44210117846086944,0.314340027252863,0.22804781600986807,0.27093537468449463,0.24875499057227868,0.21818404949763195,0.3199900251434534,0.2609337064860664,0.37548326492478024,0.2780888315262221,0.23199935412317935,0.26765435872937876,0.2419377293171959,0.24839573463142556,0.37562597297131045,0.21963634520868458,0.39602827518047823,0.2292087731010439,0.32400723005373877,0.27751346182572284,0.28116785298740893,0.2641311749462102,0.3437007149026808,0.22056150424987506,0.2313475984847668,0.34047813820291806,0.23491116589758276,0.26424695186684305,0.2846375451204773,0.31683311476295645,0.339517315654566,0.23979457287887299,0.2581322665262773,0.31372082367032,0.24214148553995507,0.2974935277901604,0.27574808181471233,0.33422847096974423,0.335718515039306,0.4392765037881533,0.1995558511580225,0.2691957197259307,0.2368866963658289,0.3087700343801871,0.3339561742224975,0.38598136582827264,0.38619647806097246,0.42070754869344185,0.38823565010249417,0.22048576932737257,0.23209784224625488,0.2872388615373174,0.2543739077191371,0.2557609739013304,0.33226280237669
0.31473791187859934,0.276444712655289,0.2659882633755764,0.0,0.32892916712927567,0.28804601630600907,0.34389868652132305,0.27938475766173076,0.2435613426444998,0.2666261864005618,0.4124226486247854,0.24783096877471147,0.30275582670111134,0.365631763773156,0.32158442266850235,0.28804244301621723,0.35719559919963567,0.34053523631876714,0.3389430575105367,0.29470313442559154,0.3821710105156236,0.2892310337009437,0.29404548898319877,0.2695305825858986,0.2923993455091914,0.34712063988435204,0.2879667077501702,0.34213471455158107,0.31796012975723487,0.22275200506926757,0.2985734387580275,0.313574954027185,0.4193788016200958,0.2774650273806729,0.37576964121963646,0.34945425000171954,0.32569455587770113,0.3815396009733627,0.37505843326041116,0.38643321227921473,0.41737757871731074,0.29550400578108643,0.3387318178384988,0.44013019184025104,0.2789734233969873,0.30737684867457754,0.21847294077801654,0.36672755238079446,0.35824405393633935,0.3696077897059387,0.49420999942356414,0.3540232814300617,0.33931633451136567,0.4644105687428095,0.3395688869750218,0.24281229476714605,0.414266045963975,0.3278706100698813,0.40101442339247434,0.36354951771875066,0.44561027509193285,0.2784233639486912,0.35788023452514967,0.27207102569647634,0.375368529337773,0.36106725267232753,0.42061520500620353,0.27224489732514895,0.3624048949390915,0.3459925157976735,0.3624378917316264,0.32107918046192363,0.36856928432659763,0.44470296761284517,0.37724467393858047,0.32083218898114907,0.45896023266059804,0.32411323942865355,0.3285105136035466,0.31398008282792095,0.40351837857944867,0.3852744792151407,0.23515819466051663,0.33088759924693556,0.3652020087206098,0.2863152038099177,0.4273284635471272,0.41026235994952925,0.2891967427058525,0.22640330390935315,0.4230836548396059,0.3366641850577209,0.35564669045134273,0.35258040862655843,0.4114890257247381,0.266251424558619,0.30607840448758983,0.2846297563747781,0.2963799268946262,0.3278920757806954,0.3404425484090948,0.42085013533337434,0.41387338944334107,0.2696395096931815,0.3475952341898686,0.2600389169260171,0.3544063723870618,0.26897263579129177,0.3416831437566157,0.2727717520521858,0.44365012502105644,0.3476063566623902,0.50124330883387,0.441444051346446,0.31072626595088376,0.2588045732135761,0.3473952207138936,0.2808598756081559,0.3548921605751156,0.347502974190755,0.36501951869758165,0.45747741668792324,0.3408446391305209,0.3657175239359787,0.3510375551250332,0.30592810397255377,0.3627743159065562,0.2447855698449287,0.3237394214931859,0.414280883448191,0.22382668870696307,0.4014406397442492,0.3782606737378402,0.413078574322076,0.390480109328654,0.32875892432966425,0.19732546707842463,0.37529811503251725,0.29911178069114724,0.38632447115460744,0.425726767022258,0.3553873672339023,0.38913261707377655,0.3659471536732102,0.40701441228968827,0.27106622911351574,0.2692312225691764,0.31295683996664375,0.2536192914645856,0.2297424553536182,0.4443232102167947,0.37229167468453833,0.40572392949605857,0.22174694860656208,0.32952481196468214,0.3539265036217643,0.31575727106161566,0.28826468087454654,0.468675022677252,0.3460494036280393,0.4000478331923859,0.40196289151623016,0.44183428675200764,0.3819076071292561
0.3615498934406104,0.29172445469855807,0.3552346887879085,0.32892916712927567,0.0,0.319217500431314,0.42858972431331677,0.30268056483095496,0.2637419374984489,0.30377247382407396,0.38265959989703513,0.2802007849527894,0.3611156099981815,0.26515198407775686,0.39343939315723875,0.36091259512745144,0.320594380229893,0.35564291432300593,0.3069101058533971,0.3172043558252397,0.3845208871528157,0.3610220336623544,0.3395473487998651,0.3483844738719305,0.3386681006568653,0.321310471976734,0.318453907543308,0.30181316135287767,0.2615897903523534,0.28840805966382416,0.3502834961900787,0.3263952664164075,0.334280506662316,0.29802395245451696,0.3355900289337877,0.2715007236568165,0.4296818620587273,0.2955110474263614,0.33798059746212505,0.38217389282162123,0.2995396650078815,0.3758903398302424,0.3246409003442231,0.3578489048099217,0.3030313177181742,0.3353110975032032,0.2925268161989749,0.357002849590761,0.41450979587040404,0.28700905447638186,0.3533071321475013,0.299373649392262,0.238797008704489,0.30690530753021666,0.27363303335020556,0.2643310390247562,0.29081466630581354,0.4211803148028127,0.30538071035856684,0.28729503497953807,0.2993702028274336,0.22526526384984924,0.27946686215757616,0.23364094990004058,0.2766922869921309,0.2541100323174511,0.3689011720252407,0.3711781668065232,0.29479034409939575,0.4295339248373755,0.4026281005062315,0.25222845640177444,0.26116199775056,0.39293128957090356,0.30506287858059045,0.29223490699887544,0.36690288553759454,0.5273432438753598,0.261000249918112,0.28158043533076027,0.3357106416780747,0.3981572130697054,0.303822987009761,0.2561606929673551,0.26223509734040007,0.31198462945742556,0.4114844658269046,0.29437930780322374,0.3063723047719878,0.24252638006318225,0.4046011524947843,0.3454783707667215,0.3084147026056941,0.24932145898595767,0.284070778043324,0.29368818921089146,0.22876487977174254,0.2946184304242303,0.24021730608605973,0.3264743840376342,0.26316276761136054,0.33239333266103654,0.2780177263466787,0.2789488781079458,0.2590017451057176,0.3166755921215511,0.26658712382038807,0.30809819507852476,0.37216010606377187,0.33930557133167594,0.3749629994121871,0.27706766202816224,0.3221159238422568,0.3264593760488428,0.2412393641480134,0.2863364908811025,0.2966145814220476,0.31990632410682285,0.25970636183779516,0.29625712679795824,0.3295279126759538,0.2951055195405229,0.2767728449080908,0.4787486193862715,0.27050260104158835,0.3367112455097824,0.2501791269272969,0.306834953440087,0.24498977984412448,0.3205087130583806,0.2486715693908783,0.3541188171411844,0.2648366099259274,0.29678109553834586,0.32888246552710226,0.28093888480232615,0.24227721833242394,0.35535745116040185,0.3271632231239373,0.41601265567212764,0.2672565244023442,0.29176589162455835,0.37418079261814075,0.2748784570281394,0.3578490718228625,0.30475277813258245,0.3401939570218535,0.3664920759674676,0.28957215932672214,0.19997755312701812,0.32930201754109917,0.27170997330146557,0.33936834160984397,0.268664663431445,0.39485600189275893,0.4243755956867012,0.3625930572270418,0.38041366644045416,0.2750943811463862,0.2719894325864913,0.3090853232965878,0.30476036632792575,0.3168101220350123,0.45193563642444484
0.35852917699090964,0.5218908505567161,0.39969203648622,0.28804601630600907,0.319217500431314,0.0,0.39477381048612936,0.41261147617026567,0.29439697142289234,0.35898079789239873,0.3254202992063641,0.3743985820180952,0.4235484121339613,0.26190666331620593,0.44927130626240197,0.3700488025819422,0.32284768999716223,0.2793716739637624,0.3361487344805405,0.3198390095338609,0.3244790759764868,0.45048723230703613,0.288541742954397,0.32985514888285916,0.3891514752463535,0.2505787523477603,0.32407843633616207,0.2893547879718976,0.30954757011122946,0.2956694258018296,0.458591516740031,0.4114074364167743,0.4125495438863644,0.29211157688004535,0.3041114721093259,0.28252290579206013,0.3939959142192026,0.28182682091079236,0.34789568643685403,0.3115517657397995,0.3375439223293493,0.34345168531756903,0.2736435207832756,0.32372926542236186,0.3897065833692427,0.3149468136919749,0.33099702553747423,0.2903127598436423,0.2949414381820088,0.2932526320334205,0.3106628173305432,0.3231412550777801,0.2564696288182223,0.35367463076076344,0.28791396294954563,0.32888724528531876,0.2814759317813811,0.45178733883047095,0.2618753403656175,0.3038706178120865,0.36017561166326756,0.2431767809570474,0.2731608331536494,0.22111848068081172,0.24674775651146122,0.23959267424029926,0.30787419834824853,0.3713145958579785,0.26211976848072954,0.36280879311121833,0.35781423414869284,0.2411442352294746,0.2417232817474297,0.32803350414066557,0.36656938536033173,0.292014210123845,0.3024503707278698,0.38476016249675304,0.25123217614162896,0.2830349608934371,0.31907619336092885,0.32862300830683927,0.33068667129404006,0.27605509924339755,0.24320769955594423,0.38595517908317145,0.326136389694718,0.26874199241370433,0.3636425270806724,0.2729827236696881,0.31074611212709646,0.4314169674042608,0.33904629633325367,0.2612552785036758,0.2507031555383546,0.4161358593283129,0.2756004862346861,0.39513357636276875,0.2190566952652767,0.35110652083119137,0.2553281120690344,0.29260755679686407,0.2297084809577219,0.3270259380173775,0.2703293000817633,0.37113235475995277,0.28855822989829494,0.3291811542411257,0.33904674664891754,0.39036136726992043,0.32214577757245727,0.23201730915216015,0.31903347871050886,0.2853352960079425,0.24679841815620482,0.37401517934750467,0.3047862529962379,0.2720238009456051,0.28249952178240023,0.28132664634786625,0.2738210344343583,0.29859651503624307,0.2713234146395815,0.4225735672267596,0.2603932873744299,0.4142273462328055,0.2704477112949819,0.3669487251667765,0.28465954597371823,0.2841372646500027,0.31654678173441914,0.35352435308971436,0.25409730113013335,0.2911291706421144,0.29546146502639276,0.25507715227613525,0.3003183653482916,0.3038401482393919,0.2792337411182252,0.32594011605065365,0.2771754528781624,0.30945339086679424,0.3594481058356636,0.26832053775517567,0.30751306099535614,0.3045929100597622,0.3894445374738978,0.3782347757206155,0.3599044077953735,0.2113980718051376,0.27571211979948035,0.29140612955749884,0.2836337500539533,0.30704837350818265,0.3898268787904845,0.3707598154425717,0.3743724215594515,0.3925298028906244,0.26204110638447803,0.2639804928030389,0.27226924373041306,0.3050008008275479,0.25863134091092127,0.3053661301175324
0.37757911039517755,0.3516228303301057,0.3530675347166627,0.34389868652132305,0.42858972431331677,0.39477381048612936,0.0,0.3390322175041004,0.3136157626577279,0.3499555139831879,0.3364486289678862,0.33475976521953793,0.39405810054681123,0.2706712933835762,0.5237590145720206,0.30304090402162825,0.28893152495225644,0.32603543087908915,0.30831151138558405,0.28738529472360164,0.32435274989823326,0.46172649711880803,0.4279260654014402,0.3869390886009144,0.40983263960449967,0.27640019882384065,0.3806267411520912,0.29388360518223977,0.2654149186737929,0.3141102974188697,0.4034869349605172,0.3159867395791293,0.36801623795840477,0.30539690664803987,0.3014647854194964,0.24947850803484303,0.49121577453329096,0.268828401262569,0.3225210388870887,0.3685882501398453,0.2937394649061189,0.4202897877501249,0.2897005423188922,0.3226245811912156,0.35553893602258396,0.31923346468665853,0.303787707168278,0.2882878224090879,0.40692595314930863,0.2627931038209794,0.331469909591244,0.2761953868867308,0.23767418642028418,0.3135808753857968,0.26748890851956947,0.3117013461950291,0.2737631047168151,0.3862885397323523,0.29375817995572057,0.27379039316971987,0.2923783566140608,0.22640201281559655,0.25246685387137835,0.21770702610821294,0.25503417851971993,0.2370992307448581,0.37248904729001153,0.461511105995167,0.27742024893169526,0.40873819647711096,0.3733162767624766,0.23293828414318946,0.24712637386210473,0.37116573007968134,0.2751040576722751,0.28274014184303714,0.36486514541563725,0.405229782842524,0.24125596148722275,0.2484018090947654,0.3000883921408766,0.38862305149682463,0.34861895391194186,0.23654676574958217,0.24194888422819735,0.3561416441552038,0.3638138506721702,0.2864258569537006,0.32292711222600357,0.28266268398227146,0.3587636376312062,0.45093378786454785,0.2850322135565145,0.2421047843460635,0.28171756182823243,0.39612756776350405,0.22610289327309185,0.35915089230721803,0.2261096784503042,0.31764602573500494,0.26372555049650664,0.311156061658836,0.27836632215561397,0.3215774635077218,0.23878637550356646,0.32246062451235274,0.24690821099787916,0.3451678559352359,0.34904100460412757,0.3789880541395138,0.37226150813901066,0.24803022567481048,0.30877220755077367,0.2945850149159448,0.22698918508573399,0.3259777518644314,0.28062681009779833,0.3025842946256614,0.25692965463784234,0.28069448301474365,0.2742421263449386,0.29312674518664067,0.25485859496137037,0.449776413318008,0.2616118371563805,0.3351963671677341,0.24774642623117668,0.33935694845617614,0.23290219790649805,0.29646551103949537,0.2714127620480918,0.2989900083965731,0.25608489464204126,0.28426571790277827,0.29063818505969335,0.2677113631774924,0.2618575004125696,0.3204500833177092,0.30309157919562824,0.37567850338417536,0.2886054452418657,0.27241127285322575,0.37801234641506376,0.26692485377834363,0.3115043225795163,0.3647463789422158,0.3933468875514075,0.3648586159623082,0.3174332660527675,0.1835446620674202,0.30639871501095006,0.2806566578661523,0.31310027921022243,0.30687430239686037,0.4152347409852005,0.4743132560351519,0.46939475393783386,0.42365075997431006,0.30389798603728213,0.2710766079823314,0.2857486683695599,0.28330364281495624,0.31230951932087947,0.3806753586534138
0.41140391318848823,0.5228102287579801,0.3785540187119474,0.27938475766173076,0.30268056483095496,0.41261147617026567,0.3390322175041004,0.0,0.37956209791358253,0.4373773590566632,0.3187711135107867,0.4138612148162825,0.460330493467951,0.26253765524553974,0.3853931811447607,0.3621317966578049,0.3401402214660253,0.32683596061959547,0.3297392598137446,0.37570782605614234,0.3350586519878951,0.37209132562820757,0.36370473990634977,0.400465900460717,0.4560528006335917,0.25998428483047525,0.46337845423415874,0.35165643122851037,0.25280250395838294,0.3609219455651835,0.5560755069656859,0.36943017906350506,0.33338881531362224,0.3141928942481725,0.33896225398470403,0.29548882722191405,0.4409982472836521,0.3178504365370044,0.3046034342587276,0.3559518391561358,0.32486640497865366,0.4082860347358386,0.2807126533890956,0.3036263492738087,0.483275260935635,0.3539298047859734,0.3758456193912639,0.28775802237496045,0.35260754354681156,0.2966783087670989,0.293892606754553,0.2866255801005616,0.2440811805337285,0.291319653393439,0.2577038835610238,0.35771093607754617,0.29645667300829914,0.43379507010906176,0.2985137737469615,0.3160733330740213,0.36228363906335753,0.2154077944784103,0.26115833646427206,0.24729300333897203,0.24176156068602517,0.2595761818245656,0.3362474207503874,0.3490780959034617,0.3137515561531309,0.44894284375352395,0.32516812805736983,0.2672640379976661,0.2733138201208581,0.3509405997033726,0.396126632505752,0.31513619094119255,0.28357495250981074,0.3414193548468023,0.28797344332760244,0.23813779643942018,0.2889573361063066,0.3254976936241314,0.36256316268709377,0.29972709266545233,0.2782002082297715,0.5243731801255581,0.38370104788137793,0.2872118470519987,0.408857258495109,0.3127133240353313,0.3065472272017826,0.3699415043169163,0.29619945510229,0.27405468688998,0.2652497354824416,0.4222531768761134,0.25293467383152846,0.4315996140258455,0.21635861834689168,0.38990767723485675,0.25532360196420784,0.31564954063378864,0.25274904009334326,0.36170119692980246,0.29023722311828143,0.3644897985007358,0.30209360245168554,0.48248910324974315,0.3666750776606357,0.4875012465432576,0.3096895973078821,0.26168599086405575,0.3190273841977145,0.30470497083771436,0.25325694866036635,0.45904752071489074,0.34078235105354093,0.2885516890677226,0.2594704603267579,0.27076152464146647,0.26922038134337695,0.29322315339449667,0.2845798520705655,0.37219494870205944,0.258309315273302,0.3430300559466212,0.249340014030459,0.4104735730006168,0.27983073136753567,0.3073035015387015,0.40691795273705866,0.3214939785744682,0.2641785783414374,0.26885902406398016,0.32984555756468603,0.23795903870580362,0.35814641809983266,0.32763883902978275,0.3352482698645625,0.368603754413876,0.26606167277503157,0.27606524271560956,0.3751390696345802,0.27237070489269355,0.33336698428417466,0.36542636155220554,0.4246809028432205,0.33400161094123737,0.4255724974939528,0.21273438602690786,0.3313224378256258,0.2820123347289511,0.3267304870156732,0.35604330284374036,0.4146053620822721,0.4168898740748992,0.4029503786855885,0.4759198259287752,0.2585231860760953,0.2466789238943787,0.2893468391527467,0.321761472774966,0.2737169204803177,0.3179903349667436
0.3401341748433565,0.3434061998707727,0.2544089961308648,0.2435613426444998,0.2637419374984489,0.29439697142289234,0.3136157626577279,0.37956209791358253,0.0,0.2936918410586537,0.22733938290936165,0.2971755862626672,0.30007474453392297,0.25600988476610653,0.3121090961163823,0.24859522488324395,0.23800697263121717,0.27797068035036454,0.23052284200121467,0.27436163291153975,0.24116918628119083,0.3147161071426193,0.2782520701585252,0.2802404119270137,0.2933345627031111,0.22692653361742143,0.3363373751953658,0.25221223988863467,0.20644048939202325,0.40980920280763955,0.3798294700811236,0.2585210184511092,0.2729343163434983,0.2369699018912061,0.27320178024581343,0.21413766927137812,0.3205819542888321,0.25544885609572715,0.25388103913179266,0.2782941738626231,0.23062233550453115,0.4055334772149174,0.22220911572767987,0.2371888696611079,0.3059019123765541,0.28465018902545086,0.3147299787122721,0.21501071410641978,0.26479833573701556,0.23576190915081408,0.25030800994363617,0.2375751070493356,0.2433069645933722,0.2328915085473952,0.20560869278802607,0.5006525540705893,0.2525812117036307,0.27718892317167343,0.2384030001015838,0.2459617900214582,0.26566618024757693,0.22494163974794057,0.21238031676278996,0.19891542608823284,0.24259856893427453,0.22696644822761983,0.33387546057283335,0.3453389543733371,0.2291274200961479,0.31319727898690713,0.32939059385115593,0.23402595747079374,0.24703803906986552,0.2624406008893945,0.2615344341106958,0.2771318302188175,0.24342324353961547,0.270172469687136,0.24373757407184712,0.23576068214800716,0.24223665524667892,0.3563299660850065,0.45351704575445595,0.22185600555098314,0.24591120779031217,0.3497869842535748,0.30763512752331285,0.2789718075636252,0.30379616228077877,0.47358884427933706,0.27808823134212446,0.37146933796686465,0.22765836388998806,0.23761070551663965,0.2820493342488723,0.3540464741231427,0.2352938336674588,0.2963001407028878,0.2310338480468952,0.29274695045128596,0.24082296429919417,0.2391351448437559,0.23258729862985913,0.24840673772305066,0.2480633212967478,0.2832396342680889,0.2180879623964192,0.3016834669572467,0.27336320372310813,0.306537293158159,0.22756107014771523,0.24395039045086564,0.28865214681463414,0.2822582619863479,0.2170421388533763,0.34396988493680397,0.2585414856624203,0.22377390131879185,0.1915778975877442,0.27028534890733835,0.25171942500320754,0.2814811304689038,0.24783224235808857,0.3169238613101597,0.2966559235629328,0.24318086320900192,0.2515079925955905,0.3180531645810956,0.19946289462378752,0.2612990899901249,0.44824897810708486,0.26020157194348836,0.26045373513067405,0.28652622149310364,0.23950757384799662,0.2309510046138472,0.31910795093583727,0.26579768725983377,0.24559071259047205,0.30216968120145904,0.23005009386835054,0.2329484134157966,0.3664372210376105,0.2542178427756954,0.25178779916037114,0.3123655655358436,0.467570127770805,0.2808366364657607,0.277441263272064,0.17235464630770364,0.2878361150242914,0.2421171468472727,0.2446689179800549,0.35290711692312426,0.2730326698698246,0.3679155124825277,0.3084808335289049,0.35630822692673353,0.2642002522904144,0.2363177512329937,0.22701313815570867,0.2897786096704342,0.29439040085467616,0.28664755483098603
0.33387855231271335,0.4642701130505926,0.45550213661344985,0.2666261864005618,0.30377247382407396,0.35898079789239873,0.3499555139831879,0.4373773590566632,0.2936918410586537,0.0,0.29574957471638563,0.356467182484943,0.3508547171302671,0.23587778688412364,0.37488557697747743,0.2962345438176545,0.26656605332060657,0.3018932318345917,0.29730324001113884,0.2762373400373534,0.27996738102534874,0.3860308106439292,0.3460990704624511,0.3332737440692493,0.44927333237146183,0.223886980479226,0.34921881673016203,0.2742047361655149,0.31148450077042145,0.2961290614885045,0.43040712159005223,0.3123088551190289,0.282180778833191,0.2518888054619409,0.2677069776282318,0.24643076615524467,0.38006104819075237,0.25119765668231225,0.275442847423628,0.2942797481261174,0.25276712677778856,0.3645958695758939,0.25947447586705097,0.25629459933920073,0.3389991226356141,0.28695372803828084,0.2962500356156319,0.2807416918616865,0.32397192265494684,0.23505103698289537,0.2744952748637001,0.23207921208586144,0.21259102864098964,0.28168463744131594,0.27146720386203665,0.30074473111360556,0.24395833475868792,0.3194755791975098,0.27568682467868516,0.2538635939679129,0.3022666273805161,0.1982461539225692,0.22249687212148128,0.20535064075548415,0.23130588629134557,0.22740409501271963,0.2847806870980702,0.35308288245849445,0.2867965877982459,0.3985795866006574,0.29417976343004926,0.22756745238553278,0.21618077435129154,0.30851022083597485,0.28807514365099707,0.2672779874301535,0.259820400804247,0.31903993932872804,0.22948442976550545,0.22085061301248352,0.2703234737609604,0.3039118473013951,0.33223858542039486,0.2431516976691224,0.22194888297808546,0.34582274725746276,0.31613922793233196,0.2631554879696614,0.31614973625791837,0.25393509206359977,0.26953645055393033,0.3087302743293481,0.2732376165525337,0.22086620668284407,0.2363723393456746,0.4205503844812527,0.21059333427218832,0.3141569388758939,0.19741087260534282,0.2966549254637366,0.22979600246705686,0.2964910082367403,0.2276755011351716,0.40065837305705787,0.22827074215473037,0.28301892829521164,0.24301424348383188,0.39112330510954263,0.2938506601250252,0.40952910254717995,0.270435574958176,0.21557674272066193,0.27489812347516074,0.26295713472824367,0.21310061763404334,0.3223442079050785,0.2668831707344197,0.3404201140879828,0.23774428758943342,0.24382297318809476,0.22448053589278028,0.2551048989250696,0.22618651761366335,0.34521792218487557,0.22280236809614198,0.3822107918759401,0.21888527457234275,0.3288011395498329,0.26113782683287917,0.2762234996225578,0.3159842417556461,0.2735165991647151,0.23222179814125818,0.22706727062594195,0.2955556334752897,0.2228490149715835,0.2801385779482863,0.2761175960278609,0.3043153585165158,0.3337124319915352,0.25985751080563396,0.2527800783242252,0.30802007403178133,0.22909165046195162,0.27362146973696017,0.3012453984278625,0.3204608982125192,0.32543346449404525,0.444187901990329,0.18786022271163963,0.26306950020357023,0.2627102645485889,0.27335444128441466,0.329748703541246,0.3461290506202994,0.38506620546685,0.3452201555037821,0.3956270666275002,0.23662660132663252,0.22918570038441594,0.29194664907186163,0.27276521162588696,0.2594138781466037,0.2794534839256443
0.3301247262360724,0.3032540521270445,0.35253279070902466,0.4124226486247854,0.38265959989703513,0.3254202992063641,0.3364486289678862,0.3187711135107867,0.22733938290936165,0.29574957471638563,0.0,0.326076376992802,0.3493680139014843,0.2951250518846645,0.32891459509075793,0.41754211347337655,0.44309112655534505,0.34547403217483297,0.41793230605791615,0.3102243120982095,0.5068797767303215,0.35186339196859967,0.31164103425744705,0.32635641586420516,0.36224647132129717,0.39146611349478866,0.30371785273701646,0.3538036927139404,0.3654749260220157,0.2598854819642724,0.3123706845072154,0.414401220501096,0.34439836018317,0.2879373433637115,0.3727338781363409,0.40137061408635477,0.3850298137936143,0.3754669210393261,0.5138355849396552,0.4158851097787722,0.4290805090752232,0.29903610239349376,0.4101831223767284,0.48019886819170926,0.30646621762830145,0.31984670178235874,0.24493148121281721,0.5491306324978235,0.42844858802886615,0.35842663232433103,0.4491057534416762,0.3570450662403773,0.27399033469357326,0.4702722136741013,0.39745045932783735,0.22647022320625287,0.4005268863306468,0.4517154172487595,0.3870466595271251,0.360923859808752,0.43133363381071954,0.2441876870330796,0.36224223577060166,0.29586448479445615,0.29555935630305225,0.31848792251629504,0.3607210972318615,0.28017768900455037,0.399187720049575,0.3662268051177445,0.36264075994012934,0.29715401242985334,0.32678332287015316,0.4897100156263465,0.42617152459232327,0.3198768249152264,0.49583107874017707,0.3804328212850053,0.32232265771009244,0.3009803471214393,0.40323791729167696,0.3247212725200356,0.2578131050289101,0.3275941870627528,0.3287437040954281,0.2966577910835351,0.4180912137081527,0.33504072610798286,0.28995571900183376,0.21630699956596305,0.4834199871480569,0.28168664031322055,0.4432400345873404,0.3292742648809955,0.3254904837259733,0.2895294182422619,0.2733038715214051,0.28003644210949014,0.25627930919030284,0.31593153447201383,0.3083242860849969,0.4967582933157474,0.3376588878517239,0.28777729133834606,0.3203320393751077,0.2866279627310304,0.3617645263101439,0.30366357603630656,0.3760914135347375,0.3731179912944639,0.583243198450704,0.33481970843395376,0.3811289721660093,0.3794946770764649,0.29892656691682024,0.2784363539608847,0.3487476587540721,0.3962173386951914,0.39328686110521693,0.3030898563315748,0.3889084792920887,0.3372244334260606,0.3434249902117533,0.38852641609456623,0.29437689545934237,0.39799526028246446,0.28168008016404084,0.2956636434257182,0.364788272829664,0.3808953349043978,0.22445140278764178,0.45606315133233427,0.3137711438372891,0.3459811873618616,0.5298004191304837,0.30798572674764146,0.24184700250336869,0.3912510620707907,0.36588282017543206,0.42610063292760086,0.33395247427792013,0.36881821814392374,0.32248845536252363,0.3365028127403918,0.5252910042297118,0.2719168016820021,0.2842614432365267,0.3599579205764699,0.3097708570744788,0.2678535619553473,0.4578294209688732,0.33898253819637136,0.5030723531409736,0.2745870360475699,0.3905191701139155,0.3303443887112231,0.3375080492535782,0.32692728707079055,0.3164952828170589,0.31312999841719125,0.3673841295108332,0.374757437771405,0.34958698192901355,0.45330185628718334
0.3131223043847721,0.40820996002936694,0.3551209242242394,0.24783096877471147,0.2802007849527894,0.3743985820180952,0.33475976521953793,0.4138612148162825,0.2971755862626672,0.356467182484943,0.326076376992802,0.0,0.32693245949094907,0.19678516676314095,0.305792921164742,0.32464524161147534,0.2879561486960894,0.25101902047364266,0.3143264472158372,0.28282370812857527,0.30259244758877973,0.3425976948239591,0.32266911473606164,0.3742384247180574,0.40423145534068894,0.24778722126791758,0.33988823581879263,0.2685036342599373,0.2555585699497599,0.34442564154376476,0.36228476294977613,0.2945139060005962,0.2721667472464069,0.2842824274400815,0.2658264043030979,0.24451503062870905,0.354117800935949,0.24541154932138284,0.3137229722647944,0.29586990470159835,0.2792491916310523,0.3885439858214729,0.24686971273835573,0.2841648521975399,0.3328955725259446,0.2803989056288514,0.3484469217237578,0.29725679814091865,0.30235331828870404,0.24160980594755221,0.2536620827828116,0.26895010400362157,0.19437597827851577,0.28017868309771743,0.2644081193177306,0.2955775336066729,0.25851238821205214,0.4134510310998841,0.22070002127193145,0.24489688979031582,0.2570838259959392,0.17719410077224249,0.23796800605843244,0.21046473005401445,0.19552889333681778,0.21523101745744447,0.2567147010996819,0.27401959646391627,0.23663662613353315,0.29979846130328214,0.2591754281902586,0.20067101346042926,0.21907532957215164,0.27898731752560185,0.2776388493797946,0.23587620210006535,0.25723118303396747,0.31084824515393217,0.22602706477356152,0.2050945410497248,0.23637624873701166,0.25522115554738023,0.3175826496350496,0.22602662873092402,0.229573017229925,0.3514061728473925,0.2830527055942341,0.21869327581462955,0.28743195005514177,0.2778065161563441,0.2789027155369469,0.2934159672334053,0.2569962834063352,0.2256072436097065,0.20803310628765811,0.4561704404365578,0.19638146394819994,0.3477830115647843,0.1830275846956716,0.27003859840545424,0.20423325186185995,0.25985388033819684,0.23174363292164613,0.34856465198246084,0.21424217434176102,0.29089051176517006,0.2508676371505402,0.36247921924304716,0.2855735421799779,0.49372211157163826,0.33680280236480603,0.2329550296408775,0.23915988079943648,0.2433030368021482,0.20936481116143182,0.37725723362351793,0.26274690846968685,0.3031583068865427,0.27404679381845515,0.2208316877928613,0.23342228349428273,0.22958536066735954,0.24214920292371447,0.3047808959803138,0.20249450900774357,0.35834793823224403,0.20005942417911354,0.3825431130077561,0.27247630784669497,0.23111818978726584,0.29638935966743407,0.26192186415011187,0.20921488972322935,0.23532273364787434,0.2901389680758885,0.19827237656661814,0.3427066317496373,0.27081236139948456,0.27667022773278366,0.2838205877047638,0.2123622158926624,0.23378955986124894,0.2728997545088662,0.22324042863504595,0.28495661280172374,0.3284368635259498,0.4100725442997743,0.2645022976788487,0.3750049930495841,0.20281738041632996,0.2735954677471398,0.22565734078803093,0.2850132789804815,0.3406536670428225,0.381724475547186,0.2934539660722475,0.3214023364059717,0.42046534450934225,0.2161488157984545,0.2105423384502728,0.21402917534553345,0.24115607845903206,0.21646933976647112,0.29170957700970196
