0,1,2,3,4,5,6,7,8,9,10,11,12,13,14,15,16,17,18,19,20,21,22,23,24,25,26,27,28,29,30,31,32,33,34,35,36,37,38,39,40,41,42,43,44,45,46,47,48,49,50,51,52,53,54,55,56,57,58,59,60,61,62,63,64,65,66,67,68,69,70,71,72,73,74,75,76,77,78,79,80,81,82,83,84,85,86,87,88,89,90,91,92,93,94,95,96,97,98,99,100,101,102,103,104,105,106,107,108,109,110,111,112,113,114,115,116,117,118,119,120,121,122,123,124,125,126,127,128,129,130,131,132,133,134,135,136,137,138,139,140,141,142,143,144,145,146,147,148,149,150,151,152,153,154,155,156,157,158,159,160,161,162,163
0.0,0.8772596095996515,0.786704682956811,0.8116921523540434,0.8309462881604467,0.8624770230990206,0.8503252468824791,0.8826455529964258,0.8437127173999248,0.8644430868936206,0.9094012651430196,0.8431541461281261,0.940059776053962,0.8315871626682093,0.8364570791028716,0.9164103880125454,0.9216526620259247,0.9434080198731488,0.8520276074935982,0.9432800718424141,0.9048102638388165,0.8526169263659059,0.8620412907139613,0.8618581270743978,0.9345057686875944,0.7785184451105657,0.8257932220441601,0.9028626631842336,0.8179747642200809,0.8447500767283094,0.8808780479281434,0.9101103971494012,0.7662132679387547,0.8469160123492716,0.9405929234591186,0.779975142274677,0.9377113974409718,0.8568077434019754,0.7836371650117671,0.8524672334826983,0.7352410944696534,0.87232359509215,0.8935079262949572,0.8592951245790487,0.8825734263911018,0.873674066551907,0.7886812650896677,0.8744503130253367,0.907447286290018,0.869224152539471,0.8961048726672921,0.8416859951965574,0.8293227147226595,0.8442161803598554,0.8484861702653251,0.8100646855201299,0.9351761338288849,0.8624313324105192,0.8689455064420751,0.8711384314622411,0.8847522036920181,0.7058890864616466,0.8599218342431909,0.7400356167184731,0.852104115228986,0.8675764872667218,0.8376907411579148,0.8391171742695611,0.8222297569878881,0.9375754462073594,0.8736068985817452,0.8764978918670624,0.842186544569807,0.9128751317822753,0.8854431563564332,0.8810349330202101,0.8402306710079804,0.8413825649514406,0.7881645948165491,0.7937618597635664,0.7690972878218435,0.8721276952185837,0.8596975242523992,0.8014477590623874,0.8934578092729762,0.8342691819013325,0.9177683764398549,0.8655548989802094,0.9028998449551594,0.7592988932680044,0.8841286073089883,0.8129091859964986,0.8776528491918714,0.8860581663157605,0.8720035580786383,0.8011789641031669,0.6954946086908511,0.7779349625574503,0.7204819284335394,0.8803623728589015,0.824113386499375,0.8407404167639249,0.7521241307373392,0.7371398870095461,0.880804450036819,0.8525457534791951,0.8331069226026175,0.8880517174463499,0.8336535847525696,0.8898362553302036,0.8723152655732618,0.8399465389522479,0.8749523730055074,0.8391843948771912,0.8683059781374803,0.9000572111063764,0.9178072988128645,0.8712758618568613,0.8098483437971851,0.7689710663265741,0.8621821032455868,0.7589425097627522,0.8724770949574837,0.8920298227415422,0.8342505265336627,0.8330252821051977,0.7415923077579826,0.8198632883029606,0.8193384487359531,0.7868374756452556,0.8083803758700933,0.8110432252705381,0.8470261444488871,0.8106845046330636,0.8493492487379146,0.7887238944424567,0.8783750435705052,0.8354193878714942,0.8223606097061823,0.8508708345433832,0.781475323789198,0.855832181888142,0.9099709063924901,0.7338756573068036,0.8792958020487203,0.8291538418549688,0.7746852569910385,0.7873044558186194,0.8799876765748447,0.6435296119861988,0.9193177116183244,0.8434292619491308,0.8780765603102506,0.7488030355609138,0.837835775378658,0.9015622347030605,0.8755633863213458,0.8666370519198247,0.8329970499798168,0.8585815388828097,0.7467531812402112,0.9302508140162861,0.8604600476002805,0.9357822882256526
0.8772596095996515,0.0,0.8592996351324089,0.8589566920740968,0.8090496241214574,0.8830139536635551,0.8414302543851588,0.957560346911295,0.8205886958434442,0.9295961132957714,0.8779725234671144,0.8686491647598551,0.9138651162202356,0.8392668318333696,0.9023939836662194,0.8703370477360016,0.8545831339809751,0.860501671770096,0.7902810343400588,0.8441375293482501,0.8657963019121016,0.9158876348926802,0.8086370748872942,0.8919748066344579,0.8821731780331432,0.7769371904915123,0.8466380244594822,0.82448618399657,0.9236574001845805,0.7813698224170144,0.8952514594147283,0.8182570769095013,0.890345908166383,0.7775151367713199,0.8836037266233108,0.8215247742327898,0.8943820322804853,0.8478333988254457,0.837431497781229,0.8772827543560509,0.8464197405482705,0.8141549328017241,0.7855747614817602,0.8484101844152145,0.9008690387402071,0.8464946174662259,0.7749305300899634,0.8473821956853261,0.8296644453995324,0.8036736270176947,0.8298250616281077,0.8183574645667647,0.8163328799797593,0.910403975811122,0.8503440796397742,0.8391470825536758,0.8281931520454878,0.8464765939266047,0.805925000857211,0.8582151224975827,0.9166090580503866,0.6854379005371405,0.7900427166816364,0.715171468761305,0.7484088463172798,0.7638521912677966,0.8477638216917497,0.8240673722806605,0.7599800373825973,0.9063240538312785,0.8471538928413572,0.8292270416033455,0.7298906849287063,0.8763060763529262,0.8654941282672605,0.7918933848992507,0.7938296346829508,0.8825114212095991,0.7746503163032253,0.736492276164683,0.7749417683344315,0.8399022723660049,0.928137221036956,0.8325549444137649,0.7597822963123053,0.8986327601744121,0.8251854979784332,0.7594234544243038,0.855525773669213,0.863790192682516,0.8151068925172972,0.8198215343417803,0.8516761577787051,0.7948107980785272,0.8254239071423266,0.9080249186154807,0.7280778888885203,0.7812619937489081,0.6769536494872199,0.8680441554190811,0.8420105832656541,0.7739216273552347,0.6859735079649767,0.797602183549387,0.7997834991138982,0.8320178250171635,0.7904253331245024,0.8616613195221582,0.8699896243775248,0.8946819392025083,0.8141864156498138,0.744000861647678,0.8067011505629298,0.8028719915615579,0.8440254968779535,0.9144689038428373,0.8206057873134354,0.7902793511819098,0.7927977381278386,0.7828326697114303,0.8266609862919047,0.8133050066518611,0.7695430132625818,0.8881730842067498,0.7577536726267385,0.9207592044437463,0.7030195604646318,0.9026996962444693,0.8608888372841733,0.8319678651717685,0.8169918765502736,0.7816703245238596,0.8042325198037668,0.8252761721514467,0.8568140643177459,0.7625896207281607,0.859816757668678,0.872779904419961,0.8521317233010176,0.8312700556197884,0.8505229947007583,0.8116556710562317,0.8902937831192053,0.731160284748114,0.8856987217028686,0.7413566627149275,0.8552304251097694,0.8744349916168038,0.874017183385047,0.6528785262626137,0.8243176188207832,0.8406537720858804,0.8287633707034642,0.8291079368514449,0.8711105350606076,0.9056325654045674,0.8483230636725264,0.9170899111854174,0.8654316663023842,0.7545725496151401,0.8022745762907489,0.8329691624840239,0.9192458831088304,0.8646138994628368
0.786704682956811,0.8592996351324089,0.0,0.7591735690125503,0.8382538473744232,0.8120441059253397,0.7250278136659593,0.8569664095988954,0.7494179920285686,0.8664992792824302,0.7999670974131178,0.7366441725127492,0.8422789755243355,0.8022903195542168,0.774402955795618,0.8313752680734688,0.8306435058680105,0.8165547095977085,0.6643279369861266,0.7691962528089762,0.8648029085742358,0.9312382645359236,0.7032465670539164,0.7808972925020548,0.7811331238778871,0.7994011448924269,0.7535638502226282,0.7186595832977785,0.8184594734656135,0.6909897294254511,0.7122938229366504,0.7355638265823483,0.777367289137063,0.6623898092905395,0.7859425125500291,0.8066580006109997,0.7850525706524742,0.8292926531461309,0.676880524051634,0.8006592943025425,0.7938647347048873,0.8426253029464867,0.7678259489304189,0.7680134910152355,0.8129070232318791,0.7498145524558387,0.8283233948315634,0.8023224847034417,0.7192698758556503,0.8054008610152789,0.750615035661483,0.8305843855265688,0.725152269211324,0.8173025551532025,0.733411368370669,0.7928281070915683,0.7250407752926914,0.8089728059846781,0.7811288359901973,0.7394121097337227,0.7870522691665599,0.6800711070708403,0.8264174164476075,0.7723111977971546,0.7114705232953998,0.711432470357332,0.7638513164405873,0.8448852497302999,0.8609574993893274,0.8335570482909689,0.8424435999578889,0.7350302530013721,0.7619322481954611,0.8285334294951839,0.8313725333133366,0.6404632576618319,0.7096956884070474,0.8030375853748392,0.7076908208404404,0.619547293895168,0.7876350756648396,0.7920071188865722,0.8069722236636493,0.803178072517051,0.7304848033117425,0.8583173357484242,0.7414700226667746,0.7038090355758915,0.7084752131889864,0.732492487238831,0.8248294878205337,0.7140345723816722,0.7483768512090768,0.65203791047294,0.8134394840103996,0.8130910732694241,0.6900229339273053,0.7719043787885203,0.6701745317716501,0.7643100999514196,0.6714978595920885,0.7042099958267453,0.6790883726620878,0.7719297613878413,0.7654603590421515,0.8293711343297391,0.7555657202717184,0.8372412502123961,0.7993216624075321,0.8090486680481216,0.7104239035479734,0.7524685919193316,0.7772855014356198,0.7282049960029905,0.7547330966549185,0.8365893602021317,0.7032673938427814,0.709570125491051,0.853523729528642,0.7644762177851029,0.7911486414944348,0.7588397428493001,0.7480993927735797,0.7310228317460291,0.6814114379590339,0.7642080606089977,0.732894952379287,0.7842134898693056,0.8363982392528498,0.8194273863332279,0.7913430514801503,0.877309779369072,0.6531373293791986,0.7226419819604076,0.789103902902054,0.7279433874040743,0.7392124429417878,0.7891876456937518,0.8262531085623174,0.6807085420531033,0.7456272735239834,0.7834826292407189,0.7723536874041939,0.79234514669063,0.8054456025473192,0.7555555452107582,0.8375297172482469,0.7482706634392626,0.8650236552051277,0.6745000036266888,0.6746271122832103,0.6915412090083052,0.7668138748984676,0.8706503469751048,0.7935350626285218,0.7761784493755635,0.7034143997720854,0.8162723429338098,0.7197532534230296,0.6513929301952549,0.8160421672380932,0.6938417182587183,0.8504899087325425,0.7733366276366362
0.8116921523540434,0.8589566920740968,0.7591735690125503,0.0,0.8003424716701737,0.7794196124168071,0.9002566213280884,0.8265511006954928,0.6814418915559268,0.8439301072831263,0.8645938905764017,0.8248989768369499,0.8313481326023708,0.7956471782678047,0.8793493146455925,0.7893411125353074,0.8207684269665493,0.8262802020778975,0.7871258861913729,0.7331457424727889,0.831368013962808,0.813181913446065,0.8447899591270032,0.851955361676961,0.8338965793876604,0.8124839071904133,0.8382767819073319,0.8282862855057297,0.86510459583825,0.7108190812971126,0.8027636994570985,0.7714524936145629,0.9357552265682938,0.7932616040820859,0.8457943763004299,0.812139784046514,0.8332714552729424,0.7623206760848502,0.7894108853009592,0.8964750646517294,0.8477816684968353,0.7384575952881015,0.7669251452711653,0.8648480040584395,0.835039477730898,0.7988892397849107,0.6934815493882737,0.8052956990490671,0.8464851768266428,0.7613741652950397,0.8710586923204021,0.8165070708165327,0.7635728531039477,0.9383891511878631,0.8789421453375904,0.6978882459193023,0.795052447956772,0.8142781846269258,0.8178391841243765,0.8173717034562588,0.8501537953412405,0.6365892043517576,0.7766849746695802,0.6706366806697854,0.7156593688470586,0.7240796715404328,0.830903696903867,0.7450190346943337,0.735234022001884,0.8435679465955462,0.7597853104142701,0.7872064823276868,0.7397993037644389,0.8807332303807527,0.7706197784796681,0.7501081732199357,0.8135865972692117,0.8709217483872024,0.7404129979783575,0.6956005762226257,0.6871348053756868,0.8129471184206495,0.7812299939740859,0.7404486022693173,0.7809237954470913,0.7632679782246183,0.7618203168942095,0.7775589666185198,0.804358852824991,0.7070119422245809,0.85343791911538,0.8124625365225243,0.8442177524330216,0.7625992045698271,0.8468734325346468,0.8208083133859736,0.6227773034641083,0.7456169130466667,0.6520956065029024,0.8688485899332035,0.7921851462004067,0.7643336948848584,0.8002202077276442,0.79524864505029,0.7746321666876197,0.7485618972073858,0.7638084376939019,0.7955687297804437,0.8438150353518694,0.7955450236962115,0.8678999348913368,0.7695055664121957,0.7921537820299879,0.7553132391274655,0.8320706935446476,0.847244276335994,0.7848439471391038,0.7587932220348322,0.8343315033795993,0.7576955358812162,0.7671424495219259,0.8666287732880749,0.7157393661415423,0.8563307898430307,0.682076163277872,0.8721691800040996,0.6970971687524112,0.7948852160494441,0.8321259456127797,0.772352990982804,0.6653277954536938,0.6692983872154961,0.751327226575502,0.7746476221697245,0.7576202346054732,0.6666645521031802,0.7198699422011818,0.8761787703777238,0.8227167362892465,0.781234918285627,0.8848850160980778,0.7199707731803133,0.8721272743553592,0.7149759134770305,0.8189610250158329,0.7547368074323866,0.7122652746910716,0.7887284524902856,0.7551226589291687,0.5775115030582211,0.8271822834032247,0.816805382944483,0.7980209605458531,0.744200606856997,0.8574705666166234,0.7951482037796125,0.803440779611285,0.8589110495078774,0.9405208532330064,0.796566495047956,0.7660967296565648,0.7832320700342476,0.776652064051571,0.8396568359053127
0.8309462881604467,0.8090496241214574,0.8382538473744232,0.8003424716701737,0.0,0.760776714783764,0.8311924578402067,0.7897298154783344,0.7734221299971712,0.8010316449079284,0.8572475981469735,0.8057663386183257,0.8075040044320748,0.7737097351326427,0.8293830782204424,0.8500832973297638,0.845823774928029,0.8437203579383128,0.7413912421493898,0.7629204747127254,0.8709789796440573,0.8828408063306061,0.7994713675058203,0.8084140628097691,0.7985841824537624,0.7886810480388368,0.8028335987212064,0.7647074818044514,0.8004742262369533,0.8061052818348053,0.7731761928862848,0.7806713486791438,0.7763248401531674,0.7206803433745456,0.823862788736587,0.8035035101652535,0.8120473864296691,0.8147996338337825,0.7692014424007778,0.8187156658701449,0.7717616982148437,0.8412918274869277,0.8272552062999192,0.8229321863551967,0.7827755705247198,0.7634408137201847,0.7987390707317523,0.8087284757209692,0.8126928557637101,0.8421164917531113,0.8448066886208262,0.7991978172343444,0.7415137422696136,0.8271145234161338,0.8056147748046254,0.7244297539903619,0.7995149743368838,0.880089193546465,0.7869559540443021,0.7897010403874676,0.7351126020824598,0.6786778063539064,0.8013110726640998,0.7354085631576603,0.749482559588704,0.6922656819278221,0.7415225189359038,0.8028512892578238,0.8122540931928743,0.8333462991773207,0.8174723267806245,0.7685769317632146,0.7423941266992153,0.8490199096144051,0.7845520386029841,0.6884015392579906,0.7869431359534675,0.8914993453819253,0.6876652847498522,0.6640847313227073,0.6768333540560542,0.8384323725969175,0.8271033643520261,0.6929681761562219,0.7817934225939138,0.7729061501132336,0.7380919639296863,0.7816538595980745,0.7363207044864715,0.6940682563186457,0.9385732684567817,0.7689771492935562,0.8544830769393775,0.7062726529605037,0.8348328369839898,0.7796717082721835,0.6131576585853324,0.7081021041728068,0.7081311026155924,0.7594467520494463,0.7147702809886741,0.7549487281630888,0.7324908000312309,0.7303728323087656,0.7828126957308658,0.7868463374850743,0.7415431582698229,0.7885740915411215,0.7985795317545713,0.7777603227992337,0.7982281737110869,0.8296732085836406,0.7319418209084743,0.7725584127005494,0.758810359487246,0.8362035837076625,0.7253242565815287,0.7991097907766066,0.7795679988648572,0.744810986271103,0.8902411719638403,0.7716086196050777,0.7144059741338187,0.8043894440331523,0.6984882295384383,0.774523694845412,0.7237876715138923,0.8117980061222156,0.7626913277004175,0.7710276779099141,0.7395266762646143,0.7922826659805059,0.6873035444229916,0.7631672619565452,0.7469921640394169,0.7144567118428857,0.7470470072220683,0.8249809855854673,0.7840848300065065,0.788685264145621,0.7142790184486235,0.790852762872762,0.8336528735558958,0.7798265813253544,0.8155419769904233,0.7832534331543306,0.8307694552430578,0.7365861720625351,0.7860349087136038,0.6328167681779288,0.755964064097011,0.7364959718872256,0.8467238381621773,0.7989151778526007,0.7914660821375473,0.7620490484166133,0.7448632624097548,0.8156048810118951,0.7625335515099254,0.7509860956485566,0.6856064425339815,0.7407464447172971,0.7999917277468171,0.8700803060539865
0.8624770230990206,0.8830139536635551,0.8120441059253397,0.7794196124168071,0.760776714783764,0.0,0.7575589413219566,0.8732253571015318,0.8085775765956442,0.8523454997535189,0.8244440585887644,0.8401228469077175,0.8461379462867974,0.7484430068157119,0.7550370055588024,0.8382395682091877,0.8204946457794611,0.7712337327573372,0.7953186740932757,0.8015952961542872,0.8612630412760337,0.8135021074312677,0.7179459454570128,0.7703554628030668,0.872453133192179,0.7163488836441602,0.7025870307802596,0.7744947419239174,0.8188455393760519,0.7716931923375296,0.8399833024624896,0.8300262623610815,0.7757602496481836,0.7515529728042112,0.8324426765538772,0.755409550100667,0.8515673072310141,0.7814864319622221,0.740517743750472,0.7334181021030425,0.7348773486786181,0.858243780601141,0.7625146991318698,0.8557643451205006,0.7882060901721597,0.7489928137359796,0.7688706504222507,0.8459178723916131,0.7559372662809278,0.7464703077922948,0.7935584181813355,0.8488593316547999,0.7582091125031253,0.8349978074082436,0.7814165793898468,0.8814668345375288,0.7871380510669803,0.8711846174016994,0.7257885373567726,0.7501859739741326,0.8609322133730981,0.7011282205120452,0.8417685185044418,0.6664279728170027,0.7264427025218184,0.756890434392391,0.7495174456894655,0.8025870811439197,0.7096120684557198,0.8681493502648057,0.8231440459894233,0.7309245640513155,0.769778011398903,0.8016549091142425,0.8560833294618881,0.7773772889931936,0.7321341266520985,0.7958136998542847,0.7159034044868176,0.7998801857370403,0.8777597140647551,0.8197436350279914,0.8595268091944226,0.806142734319506,0.7884989322521304,0.8117839963116252,0.9005103924364164,0.7202348937228942,0.8041806511300255,0.7762314221039126,0.7898955120188582,0.8166185562300062,0.7770648290104987,0.7706599527629348,0.7752621258600764,0.8803362616458849,0.7371601624186056,0.8241636990727769,0.6897408886939841,0.7930334325966956,0.7475470043192501,0.7419626510630505,0.7001235242798655,0.7821625987276399,0.7976484215358683,0.7739322669109329,0.759543847615509,0.8339996679796534,0.7375134719059936,0.8606148559041503,0.8108289519249176,0.7207944455660811,0.8642051820039747,0.7611772882331787,0.7766407982233926,0.8306515544366173,0.8491178135667129,0.7381597864970838,0.8372229996998798,0.7809650639854423,0.7325812958783534,0.795416840481127,0.8219207863675592,0.8321314815207306,0.7920790587670234,0.835552550416074,0.7101254571726846,0.7807877825196742,0.829649019669697,0.6894920668503596,0.8296025877711224,0.8494264619101616,0.7494437966963429,0.8278328458348557,0.7920235604506175,0.7248027197731017,0.8105389140748356,0.7256964997530773,0.7007708345899226,0.747898142076691,0.7910969339495063,0.8297521118302082,0.8173232082552935,0.7272612799203261,0.8315388468353245,0.7411622549394611,0.8169498631395316,0.7738215939880071,0.8534509396927737,0.6737214741546806,0.8055679876128333,0.8234558353801912,0.7405728634074302,0.7003218797665368,0.8588093630237752,0.8171694433955781,0.761253222758245,0.8851682253236223,0.761937646365271,0.7507697947164585,0.736106765333301,0.8791923556878091,0.889573392846167,0.8243398598310488
0.8503252468824791,0.8414302543851588,0.7250278136659593,0.9002566213280884,0.8311924578402067,0.7575589413219566,0.0,0.8049180263720564,0.6998462618389134,0.8738643048696101,0.8637607034776287,0.8672359800311887,0.8606461770480311,0.7757399816710528,0.908928983258555,0.8242690467313669,0.8191695050446962,0.8429202635324711,0.81985598506499,0.7635677759998825,0.834048636195023,0.7974868345824668,0.9170295362023647,0.8854197336794931,0.8790595007680606,0.7866622323161588,0.8520198767807676,0.8396947631711198,0.8317079301462312,0.785929518019061,0.8677781617537489,0.8678693326740016,0.8332063541718048,0.8604756661160476,0.8299520930676082,0.7716003107085501,0.9024315880810574,0.71022913826791,0.8506057708338906,0.9027399919440202,0.7378664782745682,0.7576667885379368,0.8351037901117345,0.8498238704114881,0.8626418491322227,0.8587653692283088,0.733348472153664,0.8224292796057424,0.9461028813983765,0.7864808263740672,0.9397039402895327,0.7443020226931427,0.7577700937725564,0.8959482413634933,0.9222812763832717,0.7158445936630257,0.8442762298505744,0.7967816850938099,0.8760138026744837,0.8648821601788005,0.8380307712303429,0.6595377910445193,0.7212804366409896,0.6599088798049274,0.7708356672824461,0.7682887877882045,0.8727896154240716,0.8018744426025726,0.7213152086336097,0.8250614819840334,0.7842694068078272,0.8108366289973717,0.7228271909849565,0.9222146230634097,0.7251936540958634,0.8422290562811577,0.9278945719179142,0.931379574919966,0.7040029354777694,0.7385592453468137,0.6410235538340201,0.8243407289653301,0.8308309082274393,0.6566314189844704,0.7865482893828128,0.7076366378486406,0.7848828933619963,0.8776466194116836,0.8686154302286211,0.7322767745882235,0.845492826284793,0.8495241865516019,0.8953547036409768,0.8251694366622364,0.8219358893267157,0.8022163311283672,0.6052946151124663,0.7062592512184969,0.6495730095389777,0.8980069978884808,0.8318104835068144,0.8894006549645466,0.795630208107438,0.7305344443664074,0.754576213711343,0.772633352767334,0.8071939795182888,0.7656794777142274,0.8725367365151834,0.8462242479984283,0.9325124135381532,0.7674545895189435,0.7853381224897791,0.7550117191463677,0.7865078978261142,0.815167555945885,0.8033045530578116,0.8785116960572401,0.7566874484127378,0.68575515286148,0.7928807024998628,0.7576102567174551,0.7032086879165299,0.9297572841512164,0.6729945001509237,0.8771208763777715,0.7094598809377531,0.8680279966055794,0.7669718184758282,0.7662019584049305,0.662807315163891,0.6547052104823103,0.7782563460024149,0.7025732570329646,0.7678747045649519,0.6834284284688724,0.7670635194935753,0.8618503996580616,0.7988929264153497,0.8666437886356188,0.7847855038528753,0.7562124858063252,0.9281851332047611,0.6839157210475486,0.8391221068672902,0.802895302378982,0.7059307193750911,0.8266782499641215,0.7606303625519817,0.5398277090256426,0.8641068590412081,0.8015612427144096,0.8217594623892331,0.7920271574395574,0.8225705596943006,0.8537839692688046,0.8619921380292456,0.8740643985670635,0.8791032686844179,0.8873686003641965,0.7156789807381474,0.7817526533029661,0.7820598417282035,0.8382698179911334
0.8826455529964258,0.957560346911295,0.8569664095988954,0.8265511006954928,0.7897298154783344,0.8732253571015318,0.8049180263720564,0.0,0.8354912834465167,0.9226842049174684,0.851102248130079,0.8814294173002332,0.9015020035795772,0.7969458854714292,0.8476661644473592,0.886180902221876,0.8803304631756101,0.870394315781659,0.8078730517492543,0.8703795472332057,0.8746977087970805,0.8719325628050792,0.8316940906061728,0.8641631724528747,0.9029353263206938,0.7703140122825952,0.8508089457559013,0.8510537583460268,0.8609979809357388,0.8133367547345333,0.8756751610932406,0.8193854083718171,0.8360015692479656,0.8059767753871108,0.8670693825592185,0.8040307203315442,0.8677868531734506,0.8564722088042193,0.7826816877404872,0.8491702258335805,0.8204324518691635,0.8414917770356137,0.8029295861494454,0.802460057050577,0.9111449115375306,0.8613041691828084,0.7992307207847934,0.8023465682432402,0.8219700288300572,0.8030778007586289,0.8066547125431937,0.8358908110802502,0.7838514406147046,0.8509603236697544,0.8057345049482644,0.8484286940889312,0.8341201722280269,0.8799765147981707,0.7837994390907234,0.8489235146059201,0.8683054431717504,0.6729138906217988,0.8030625956201873,0.719581175039547,0.7255738893882209,0.7640819358115147,0.7973018498595464,0.788163773839901,0.7830176230641713,0.9271808004496747,0.8097049929585423,0.8002566085505326,0.7316571883376003,0.8614565629564238,0.8894679091188078,0.7792716089033886,0.7644520872525201,0.8430466426768707,0.8157489404914658,0.7025298317760429,0.7591096999515672,0.8200090535100215,0.9009879984805892,0.8390265831543984,0.7868720056632975,0.9305948592738545,0.8256806564652777,0.7500675671872027,0.8777171231038792,0.8399397804501028,0.8222661669924491,0.8052303528874397,0.821381396076736,0.7771251040817991,0.7840851383352881,0.8661671957075046,0.6936993322486409,0.8305343229782043,0.6629471274473422,0.8631890115107504,0.7716049428816992,0.7720354581982058,0.700082692331384,0.8266296024512173,0.8091575074860411,0.8749956130177347,0.8053051410483077,0.9295233725538615,0.8517138245690314,0.8732799580574209,0.7970498187341314,0.7557773698024043,0.7801698382553875,0.8182671189483165,0.8461522144564211,0.9370990968720441,0.8532477127444233,0.7848174064946124,0.7927534001813458,0.7852158549309872,0.7912638930077581,0.8162604870411032,0.7919773991998611,0.8517899570662026,0.7118704217273373,0.8758111668723396,0.7024910868927395,0.8748785880274446,0.8716007691214241,0.7910939190760297,0.8716574375231959,0.7938168320748684,0.7716528773817825,0.7858724901443374,0.8165509304448109,0.7024029098267232,0.8844543317751888,0.8350207347639648,0.862550051555326,0.830280814899398,0.7962952169900744,0.7900747476280314,0.8649868913967723,0.7103773093505765,0.8416117890115621,0.7727743639741547,0.8395668809206756,0.8369092950951922,0.9203947988156875,0.679032027866583,0.8161184737975749,0.809347489574417,0.8323396063672789,0.8236641414176404,0.9013198694555797,0.8676799494628176,0.8169416878404462,0.9129573972188219,0.7989318998747397,0.7374235449721175,0.7800153752379323,0.8223867514918276,0.9273647749746591,0.8442487178738523
0.8437127173999248,0.8205886958434442,0.7494179920285686,0.6814418915559268,0.7734221299971712,0.8085775765956442,0.6998462618389134,0.8354912834465167,0.0,0.7622783270625852,0.7623833116413608,0.7539452359867054,0.7717848152907345,0.7409269193562936,0.7273955668453818,0.7677242638929167,0.7574731597672091,0.7909562090277146,0.7152381051227945,0.7945949667079601,0.7426623640661141,0.8256746064318832,0.701585148600318,0.7052468291620771,0.7809520393390139,0.6277670195267764,0.7449219027271367,0.7335516661040836,0.7108888222492915,0.8247127077505289,0.7968974161399563,0.7375178388588723,0.6836068845236415,0.6628335438631822,0.807522417362168,0.6900197994819954,0.7641082021221637,0.7915021415059117,0.6817780595356373,0.685242573011125,0.6579795249353962,0.8939225576226404,0.6931745106415765,0.7014440938670666,0.7272461485281004,0.6901392845613398,0.7272651241939717,0.6983092051305512,0.7114276384234695,0.735001199056752,0.7006809111103413,0.7138440414011069,0.7278281213768482,0.6978843755734062,0.6730806776239049,0.8524874497945326,0.7411517876812527,0.813268747472355,0.6865420934047755,0.7184327802869699,0.7259930756894808,0.6494881840867015,0.7201570564565956,0.6774796838126134,0.7030873511862683,0.6566513184259392,0.6873318457174487,0.7464909955321672,0.7366272289257593,0.8552644092066192,0.7707386509081916,0.7115117288232917,0.7247337659229481,0.7233860875159274,0.8221015842640511,0.6934859660702545,0.661275434337563,0.7144368574084617,0.639707969576064,0.6441751572649185,0.6845731248239405,0.8276224361976869,0.8404343890864149,0.711500863105476,0.7072015355283493,0.8123765301697418,0.7934976575906477,0.6996072019445185,0.7371117379205224,0.7940269782601662,0.7829693274112158,0.7590341179009694,0.7221017072829147,0.6884674766471474,0.7503694543425191,0.7709320927645088,0.6590731103555808,0.7167098370789876,0.6989719625971359,0.7028944308372873,0.6811958140063554,0.6569255526819825,0.6157585855845038,0.6868441691188996,0.7587076493022737,0.7111601550031311,0.6427284048335568,0.7913991238794754,0.6733805239832248,0.7423014530760862,0.6846965619262142,0.7047675250754339,0.7259878362971999,0.801161581708083,0.6906346399055275,0.8097829443268136,0.737080024663952,0.7092284269087422,0.6660210718791423,0.784789839906633,0.7468767036642894,0.7125427836586883,0.7230056199116461,0.7264021835921569,0.7854065291085971,0.6939422464870026,0.6738776768127658,0.7331577998922644,0.6798163777532926,0.673852572018735,0.9315542020052769,0.7823129078723597,0.7099029771620589,0.8309560137057972,0.7170431606333312,0.6836496121172819,0.7659432913415148,0.692960242262178,0.6870578777138221,0.732167069424052,0.674181228324259,0.7697777406282158,0.7924259912145429,0.724989447248377,0.719895394178352,0.7070336522642832,0.8617066824873848,0.6760415205739363,0.7832406592910861,0.6617360103484068,0.7371594539122668,0.7274620791692815,0.7724645556510307,0.7003104133507418,0.7256989833738796,0.7733571875453836,0.7200557590372523,0.7533091649330605,0.6902582894304592,0.6686075136227418,0.6285367455811092,0.7997729703896581,0.8456756579644648,0.8205165595995424
0.8644430868936206,0.9295961132957714,0.8664992792824302,0.8439301072831263,0.8010316449079284,0.8523454997535189,0.8738643048696101,0.9226842049174684,0.7622783270625852,0.0,0.8770696099115001,0.868976406435308,0.9166303814948685,0.8082861484175224,0.8616373395836826,0.8870710989254024,0.866750175106589,0.8700888140814477,0.7998732246982561,0.8203242672338413,0.8639536640429285,0.8800174259707843,0.8509061428200666,0.8571337441326395,0.9264248292263645,0.765771489102485,0.8537509531507325,0.8439498132080624,0.9075543493943727,0.7937468584779428,0.8555639964800765,0.8692446588055234,0.8234566424200265,0.8030449059737372,0.8403138735078557,0.793327938965347,0.9003865828429212,0.7907805139221767,0.7905179112845332,0.8670237475808092,0.7640789735902342,0.828049917393702,0.8257058104737063,0.8182844524760892,0.891626156060357,0.8443431650074864,0.7809080980993228,0.8416335841868821,0.8723620504347941,0.7913103912297259,0.8502438820483352,0.7757026026195257,0.7679478364181679,0.8793628257377901,0.8704789917042242,0.7997813770166012,0.8149201981749082,0.8464761323167717,0.8567562983279221,0.8343085308039828,0.8870303267355176,0.6672189581361861,0.7726532023639651,0.7097155637383565,0.7372337645859194,0.7676611714901895,0.8383412784311773,0.833414417159527,0.8041531909294902,0.9114843546760382,0.8003489812701517,0.7987461478192615,0.7421536656641076,0.9033109475533538,0.8358968977989754,0.8019856719547025,0.8361031273608613,0.8856718038837975,0.7329313526160218,0.7119075997354916,0.7408705158987873,0.7952570891612812,0.8809672690770806,0.7698114495207219,0.7673096722150091,0.8099826388756932,0.8292036398108262,0.8098657685685201,0.8722660102457801,0.7699126746658765,0.8232191304100653,0.8056959526734265,0.8569452770746893,0.7753876764262941,0.8033849568760051,0.8739895211069524,0.6564262418397266,0.7754145281022237,0.6448565971743052,0.8713633265904263,0.7913484349505845,0.8449359413586726,0.7295126574236294,0.8133337204139041,0.7768939948241479,0.822573119362924,0.81853072123496,0.8733133436853128,0.8602788540392315,0.8856289309561919,0.841720654480922,0.7347050563830576,0.8081822056405865,0.8048245759678947,0.7950650198533119,0.8597411926445847,0.8294290820113281,0.8544039303259374,0.8166163729494262,0.7380387682275289,0.7647402280853526,0.7760886620912183,0.7456035694517633,0.8698633587406578,0.6906878165049377,0.9029234647767611,0.7057916658023213,0.8617044679690204,0.8531094896444982,0.7963028819031268,0.7904585250995707,0.7587459404684377,0.7667516266955808,0.7102743830425206,0.8127085931566809,0.7040302140446906,0.8239990935583823,0.8258278866828513,0.8505047824810873,0.8234887260135351,0.8154540166244841,0.8081358623428441,0.8751553807108866,0.7219524134986256,0.8568908209780807,0.7845814909205362,0.7614240593436533,0.8616674668814273,0.9034353217813166,0.6185272947303313,0.8009115025342718,0.8215171731030363,0.8191303857227032,0.8450069634687383,0.8712580077099276,0.8720644868216235,0.835524779802105,0.9030589170708111,0.8220022146032192,0.790361060370354,0.8053245350460447,0.7930544358080561,0.8780017029248444,0.8151651533932449
0.9094012651430196,0.8779725234671144,0.7999670974131178,0.8645938905764017,0.8572475981469735,0.8244440585887644,0.8637607034776287,0.851102248130079,0.7623833116413608,0.8770696099115001,0.0,0.8696509206039111,0.914755052135232,0.8169743822197202,0.8331182768345787,0.9391405269287195,0.9282534115249695,0.8951287605403652,0.857967281758958,0.8684505360343346,0.888915958984599,0.8796682804260787,0.882748418015394,0.8822813013499077,0.9094976328891535,0.7712874687166554,0.8808005261852194,0.9265646295074056,0.912407617053491,0.8390453455193021,0.8280432823656053,0.8682813501669078,0.7887188278658813,0.8244420813226238,0.8887508426886468,0.7740800016615077,0.9154779342821922,0.8546796270838474,0.8506870147915062,0.878814792835114,0.753222022493399,0.8251805153138139,0.8265461701695725,0.8543491449488767,0.8405155008178031,0.8081300672725832,0.6855775251221595,0.895111649259743,0.9149722424023575,0.806756581130937,0.8711638584733533,0.7769267828856944,0.7773296898140809,0.884925781419224,0.9082415912919634,0.7161658979454295,0.8980438680614555,0.8891133874025325,0.8321904928650558,0.8489125058473604,0.9030629760343893,0.6335456103517401,0.7949736874948925,0.7111973170135004,0.7426155022449493,0.7650505541285326,0.8248690809864608,0.7631325035506507,0.793587135413638,0.9331899466431979,0.7763966249985245,0.8317278024596985,0.7847167446394554,0.9094725997249521,0.8774656738820011,0.8054707558573329,0.8796158130908467,0.8915004536952054,0.7325113291730547,0.7937060004929476,0.7105881797941443,0.7802411951053894,0.8405886632092815,0.7846533315375238,0.831167457092367,0.7894346343420399,0.8693719485758539,0.7964845804216465,0.8401181306877654,0.7205349523054869,0.8716330948874895,0.7371718993484755,0.9096200743052316,0.8407088777353282,0.8467015391762832,0.7937315797579063,0.6330834627583325,0.7026624675328196,0.6655200527228097,0.8219428176572986,0.846345340468386,0.8378820319647574,0.7007241899411638,0.7204771399165825,0.7950605484199683,0.7790054245197554,0.7952299508122769,0.8718397877594453,0.8044200913219024,0.8733204340247906,0.8861808229674742,0.7959883475366629,0.8095407160765825,0.8942407798599127,0.8184793931944085,0.8875318262254663,0.8373317460084995,0.8914002713022727,0.8100329845566858,0.7437157108858723,0.8653124658037596,0.7445485351424944,0.7947179022642885,0.8845937613844307,0.7731865791052667,0.8770855268551123,0.6789440073452384,0.8208804087181157,0.8253597985243317,0.7591876781414658,0.7474653243513658,0.7834745201569989,0.8802089413383449,0.8078345429167297,0.8515897104197079,0.7217255987224408,0.8215915139878551,0.8321392934698959,0.8483023912523082,0.853810850495526,0.7832158523707067,0.8359088561297209,0.8624607921923666,0.7233845002344027,0.8989546077562368,0.7370339050223277,0.7317047478901839,0.7949686083983957,0.8361724291426373,0.6558266847983701,0.884879505452543,0.8413360088543607,0.9226689318748412,0.7256757552640378,0.8352110725066602,0.8612401103749704,0.9180881813447679,0.862032412169305,0.8722683660042474,0.8623318117196734,0.706044694066199,0.8641278192695967,0.7749758633634605,0.9576856730129784
0.8431541461281261,0.8686491647598551,0.7366441725127492,0.8248989768369499,0.8057663386183257,0.8401228469077175,0.8672359800311887,0.8814294173002332,0.7539452359867054,0.868976406435308,0.8696509206039111,0.0,0.815798160802919,0.6861477572934953,0.8330910377068663,0.8671766731614009,0.8373605024515045,0.7853664771240952,0.9241869782807589,0.8156990241666067,0.874739065204532,0.7772046124613162,0.8851285267089194,0.8690994608795825,0.9330827472503919,0.7191517108773263,0.7983097082357249,0.8576017469107501,0.838630903255477,0.8694910782156363,0.9251478475136194,0.8526264183033102,0.782560239321827,0.8885059725535216,0.8218437676066743,0.7558581998293635,0.8660899159953064,0.7494660234400753,0.8962579400056349,0.7949413121390366,0.7510218563283755,0.7914671913775222,0.8198485962107327,0.8480142107625321,0.8403111358464269,0.8158349113783252,0.7181376563079317,0.8257467131580731,0.879217295799841,0.7473966948897993,0.8453045066753421,0.766138882285378,0.7161981458727943,0.8548142810452253,0.8734091697629625,0.7518878561558338,0.8522713442379596,0.9110396918097684,0.7404875869578448,0.8180454201911275,0.8163163681662555,0.6162221919681914,0.7356641341859063,0.6410284607399549,0.6997345711365648,0.7235538547981345,0.7422381114965029,0.7117276670773649,0.6724566760535409,0.8609164987807547,0.7246347391742886,0.7425218880157107,0.6736885363136229,0.8303108787849974,0.7860647473093934,0.8106121071215874,0.8175918742105961,0.8729819114880248,0.7546290961616892,0.7630558571854303,0.679335651249326,0.780512680912629,0.8637051121553969,0.6990327708002221,0.7902501642209314,0.7744117112223533,0.8274746341711788,0.7505991856043491,0.8621152759361289,0.7615233798983665,0.7991850019613369,0.8219568919814233,0.8617217932846309,0.811104089564821,0.7134876356402203,0.8384501803768648,0.624563930821849,0.7770239629971871,0.626358795007808,0.8060201130916662,0.7829077716142865,0.8425297400424504,0.7275477418410118,0.809441519041796,0.7413167166781942,0.7794517964481436,0.7907085922198913,0.8520568442134642,0.7832642662912477,0.8711016148267234,0.9116670759568493,0.7411905432849472,0.7245696296233854,0.7907657571976877,0.7682852869501359,0.834835205568867,0.861274599906964,0.8667220682731617,0.7520933681803916,0.6807580908874118,0.7594460700942678,0.7508043399695538,0.7489963244241278,0.9028429250610163,0.6783422906933095,0.9047131171584116,0.640247014376416,0.8581102491728799,0.8163155762406471,0.6754673374070449,0.7513629890726241,0.7099186130415669,0.765865862857392,0.7511832152818492,0.8001148655895208,0.6466538266408964,0.8668789957049925,0.7777622558573234,0.773343785344341,0.9196231345855548,0.738611663094728,0.7601937860222068,0.8457961630925321,0.6600888730083762,0.8443481860808224,0.7528551328630321,0.7702210637572873,0.8015048001476104,0.8542308448185115,0.6241046005115723,0.88854138940811,0.8268537295079013,0.834210546109058,0.721651296182314,0.9292146471877744,0.8265920590604697,0.8329972710983283,0.9038819277467379,0.7810521491830957,0.8059262790523836,0.6511265245324472,0.8297895121217164,0.8355372623809227,0.8516353019759338
