0,1,2,3,4,5,6,7,8,9,10,11,12,13,14,15,16,17,18,19,20,21,22,23,24,25,26,27,28,29,30,31,32,33,34,35,36,37,38,39,40,41,42,43,44,45,46,47,48,49,50,51,52,53,54,55,56,57,58,59,60,61,62,63,64,65,66,67,68,69,70,71,72,73,74,75,76,77,78,79,80,81,82,83,84,85,86,87,88,89,90,91,92,93,94,95,96,97,98,99,100,101,102,103,104,105,106,107,108,109,110,111,112,113,114,115,116,117,118,119,120,121,122,123,124,125,126,127,128,129,130,131,132,133,134,135,136,137,138,139,140,141,142,143,144,145,146,147,148,149,150,151,152,153,154,155,156,157,158,159,160,161,162,163
0.0,0.8973589696222635,0.8636027839833155,0.8047578510109619,0.8721996050951487,0.8822210598891195,0.8882316989129938,0.8591099450353042,0.865537317109443,0.8840353905678263,0.8931791841953026,0.844196443801142,0.9435966366362902,0.8288596218662669,0.8913468299804979,0.9141357659880175,0.9035842909248506,0.9475377758641914,0.8155978434253394,0.9460514728209455,0.900223289721465,0.9119738399710328,0.8663708909428338,0.8924002560960269,0.9396881891561245,0.8281318285885099,0.8319633587785231,0.8807620833913281,0.800860434337307,0.8119942602544183,0.8997658614098244,0.9061077555898526,0.8132838336250623,0.8807982208865021,0.9288265090478411,0.7824950539017312,0.9495522887540708,0.8388018652469332,0.7756875108311736,0.8864074562925252,0.7487755545059915,0.8976335669268493,0.8850581099859746,0.8639474326274529,0.9206703426184344,0.9050153949129598,0.8524491183290605,0.8781907918160773,0.9151904510588404,0.8383456406493559,0.8778495132118043,0.8696359323918667,0.7887852983190041,0.8410576311739556,0.8180146543327724,0.854508629350261,0.9049850880947672,0.853990579374692,0.8302096819129131,0.8524390171331947,0.8608816837978607,0.7189883565507927,0.8304343465313364,0.7368192856086463,0.8297398049203317,0.83942153333642,0.8875188277801028,0.9051666978625901,0.819513581627245,0.9031051841240517,0.9356929850368226,0.8206105952813872,0.812261945345343,0.9012492413851326,0.8565071373808539,0.8950016992561908,0.8347481151719944,0.87585708523116,0.8177157341671106,0.7301999589974454,0.8047225836302673,0.9072449462758607,0.8551433149127371,0.771163437645443,0.8393998379071709,0.8614855955888571,0.8990333342631517,0.8288470356005736,0.902264278558181,0.8031899046648395,0.8848164049036541,0.8761325216104376,0.8466961296365633,0.851885394353174,0.8510259961946726,0.8565468880759761,0.7198676910846872,0.8555565919215173,0.7245007677972822,0.8929603062552042,0.7929708455761569,0.8143940967772403,0.7563276853515859,0.7760367586535685,0.8401656355008384,0.8949947310041848,0.7950029359813631,0.8917820318780009,0.8766810143410213,0.9168550501506902,0.8781066098665244,0.8094423329168853,0.8751817355580921,0.8126005227385316,0.8370924897651615,0.8923746137014159,0.907489397458125,0.8694956379152019,0.793616421076368,0.7950927432177417,0.8462920654602615,0.7433530533857285,0.8917289423281014,0.9307838288317344,0.8206670540957811,0.845587624775966,0.7517836386771672,0.8538839122160979,0.8225257725852949,0.8394926897153632,0.8058443062169637,0.8360196615320242,0.7719721474812168,0.8006303880098304,0.8535519894665483,0.7879557805076186,0.8482759163263869,0.8749667969093637,0.8792890324693559,0.8380088477211449,0.7845390825069958,0.8332909232944544,0.9226468902528474,0.766276355728199,0.8960519163071446,0.8577859100227271,0.8395453335249501,0.8088379281513357,0.9195382750540161,0.595474787897707,0.9094407864882916,0.7784234257410473,0.839171131511176,0.8198924440471133,0.848333305902608,0.9259616704209341,0.8710968294191097,0.8766400887057649,0.8257855968600459,0.8129095188430906,0.7903404050303546,0.8889791816580365,0.9013107987306092,0.9227976106471758
0.8973589696222635,0.0,0.8870714193958348,0.8033862573514357,0.8220087292421705,0.9221419619240938,0.8315507678698565,0.9269115608057468,0.8884899076360697,0.9043709809506221,0.8440793662928263,0.9219905690876172,0.886723955115845,0.768047081721493,0.8932396675544131,0.8826778059132168,0.8611380454558621,0.8412846197954058,0.8246286315034187,0.8926250833038508,0.8733160250184977,0.9186644140477518,0.8306270615615456,0.9210207082321465,0.9083456986987869,0.7645913481278342,0.8419446477790984,0.8445681949535183,0.853515280951964,0.8286878881207542,0.9193422721739551,0.8129828723314111,0.8734724409097583,0.8471622913938096,0.8620746956423138,0.7696868292930275,0.873865578349782,0.827959474250082,0.8215577415744056,0.8585703540193842,0.8333981734136253,0.8782261763382021,0.7562997724800814,0.8131645315760591,0.9103989290607092,0.8736959392515887,0.8253091990913372,0.798214823751543,0.8168090601208859,0.7586993875092736,0.7822870931562229,0.8558245136825154,0.7673443302390494,0.8424547122312326,0.7662173786105305,0.896881173861786,0.8319916536487582,0.885052659696453,0.7207763680513937,0.8352443521218418,0.8477167166236136,0.6712716791571066,0.7556922589672743,0.6827925760709616,0.7179951039886838,0.7336542591766906,0.8180025836372424,0.8140140081997124,0.7103392135977478,0.8734200386321261,0.8501663073156515,0.7402578505853534,0.6993825178782086,0.8253712704897477,0.876055261606368,0.8049106053098596,0.7455528633357934,0.8737414893820593,0.8354508398303264,0.7013634282150383,0.8012158135939778,0.857808335842303,0.9216550926763473,0.7949368872086305,0.7417168087122454,0.9571097886263296,0.8152885768698748,0.6986265123455893,0.8792307644568572,0.8961771248700614,0.7972080742218204,0.863217067820207,0.7937353686362748,0.7854951427778974,0.7558224719842752,0.9084915444465509,0.7216077877817699,0.8860190013077012,0.6699714051661765,0.8508629530383305,0.762211890700261,0.7222131955927407,0.6677298894915463,0.8275740073132525,0.7597054386628818,0.8848436008954393,0.7489666777316957,0.9337850305490141,0.859641806698608,0.924958094442923,0.8151962560437122,0.7146386817907244,0.7753657114475704,0.8044498234273577,0.803834673592789,0.9543695690129065,0.8715062602766398,0.7680709030397127,0.7453067333162615,0.7951251542783793,0.7895726247494744,0.7411162116775671,0.824732750682025,0.9229998214968714,0.7428519052061457,0.9029534914340189,0.6956500516997616,0.9007155929785948,0.8487869291641684,0.7838145308711277,0.8753164653788917,0.821340248667617,0.7336168533432798,0.8335807694558309,0.8317886139595541,0.7104814927503519,0.8959728536553693,0.8444968586431534,0.8720208829559263,0.8475379153407822,0.7729208864983157,0.7753917593434296,0.8892699971427895,0.7146744777699023,0.855032579741095,0.7629194919966936,0.9149897309130411,0.8766338933739016,0.9335022457552428,0.6434460810517654,0.834981347278126,0.7804832431059192,0.8174504914778232,0.8377083142593761,0.9099779299083809,0.8941047398335376,0.8507259507816837,0.9311371154192797,0.7906647868728166,0.6992515616507066,0.7653693993024239,0.8369800075528615,0.9445707563205101,0.8774966376429155
0.8636027839833155,0.8870714193958348,0.0,0.7907560362016672,0.8538766814160539,0.8630630592027209,0.8223367595870437,0.8754284086573231,0.8056600757746458,0.9112044868710198,0.8270247160802705,0.8131798822444838,0.8975647454562641,0.7836606200790414,0.8405972204249919,0.8818501995467197,0.878607544631633,0.8662278189609223,0.7326988876870237,0.8380728917262574,0.9095362425237632,0.9505303619236846,0.7882232762335479,0.8524451698462905,0.8675139797076792,0.8249489327726747,0.802106458743095,0.7887984909055541,0.7796787068635544,0.7412411803514727,0.7961098278745108,0.8278771397008051,0.8045846290281402,0.7825705395179408,0.8064833607132487,0.781526509358824,0.8523673601089741,0.7842449967932298,0.7176086756110751,0.8630806626179774,0.7594470633611299,0.9022224554901104,0.8146684273325494,0.7812445026233664,0.895732935950007,0.8509467209317103,0.8589958543440747,0.8082761167637145,0.8037136859786864,0.8047357957152547,0.8163814071262107,0.857812765644293,0.7320502550780691,0.8398808756980448,0.7565194504682797,0.8380549551487773,0.7906831831888382,0.8459256158125738,0.7988386979079742,0.7920632931932935,0.8334780759897423,0.6946060668607716,0.8086414780267369,0.7283892034224889,0.755593372401721,0.7720246202684609,0.8500496109043509,0.8841641994944861,0.8341325132450912,0.8588813222188605,0.8893321911111298,0.7135379815341392,0.7741278404253068,0.8903594453704579,0.8457823200816118,0.7212819895930668,0.7928052299557783,0.8462904462705715,0.7522033051698709,0.6118545066608547,0.7904572993461765,0.8712155433321371,0.8239071603499404,0.7424784388354576,0.7677179558214007,0.8587965638785072,0.8090059388308025,0.7521614535814832,0.803605270386713,0.7849571480572748,0.8464553997500162,0.8186783216530537,0.7669658392754498,0.7115038607453473,0.8108329319642864,0.8335750972864516,0.7173142189578723,0.8543298672340464,0.6665836070722168,0.8507974472941983,0.6732355225779315,0.7889157947393848,0.7237384614009699,0.7886216160253988,0.772755847582383,0.8986883070562613,0.8020757883839009,0.8835864710506088,0.8592999914943237,0.8845008812274822,0.8060928140641409,0.7529686574707225,0.822280583639549,0.7569509414324727,0.7524371843314838,0.8691634697066282,0.779102926148467,0.7792639194509158,0.8199710724280969,0.7612896368212967,0.7665187245979715,0.7326367602904928,0.8008734679550075,0.8284210736573212,0.6809705056457104,0.7978927187519506,0.7592759139389593,0.8416821954684921,0.8339146077668962,0.8148747828571867,0.7996943821098279,0.8906882185958295,0.6520695912645608,0.7255920286774554,0.8160830916815489,0.6995174540659916,0.7614102067958508,0.8086251131523894,0.88563723316606,0.7434520844691421,0.7316944782632737,0.7810400205742677,0.8704670936932924,0.7861884122131643,0.8198717473050005,0.8225293137832508,0.8471450558732403,0.7987706288578882,0.9150561569837956,0.6005575700040118,0.7551411028244032,0.6771680029531177,0.8070222733837769,0.8944340003135622,0.8415282175465157,0.8534705442163967,0.7700656148211819,0.8663284651988857,0.7254777459968731,0.6994666909195877,0.8112334290294715,0.7190851209785569,0.8822176464089959,0.8078179892376516
0.8047578510109619,0.8033862573514357,0.7907560362016672,0.0,0.803835381267082,0.8096571266048522,0.8651390115691384,0.773072164751801,0.6765589959143702,0.7918544733814619,0.8619678672727302,0.8056526660428112,0.7934705494197006,0.7580136351963789,0.83604470396072,0.7781471995855491,0.8373303792082466,0.8010565189996008,0.8158274590499206,0.7317862087087754,0.8650552060317963,0.8030734968883062,0.8127701957668982,0.8109972226473786,0.81841000864494,0.835355643397183,0.7687690297465548,0.838372746077506,0.8135049919937549,0.6629765097246795,0.773260332928473,0.777428417794829,0.9366444327468542,0.8317228305386759,0.8347001773512034,0.8174480995188287,0.7908658845580689,0.7544561010056356,0.7582295922543727,0.8641934399607558,0.8584641091890802,0.7497688100278781,0.7812045455902131,0.8848230939696894,0.8124432452168613,0.7833874942553891,0.7103833650244916,0.8113995124599823,0.8218571438341793,0.7638120662772131,0.8749899071447467,0.8928307837350444,0.7522804569264431,0.9370950816336803,0.8649762632066992,0.6943533170660962,0.8015468662067224,0.8386837110849391,0.7731029990237606,0.7836159474655118,0.8310041931708804,0.6652725246727283,0.8423573070720528,0.6773705343360861,0.7325781138883563,0.7419314706653652,0.8031865796098459,0.7368218173451926,0.7348593936566966,0.8044875032171744,0.781845140411237,0.7269572307711025,0.7721442416096744,0.8593323025387889,0.7862323170732637,0.7344121315142128,0.7931353342517038,0.8232010766793245,0.7829376543131712,0.6544502085743984,0.7455412913366787,0.8345322076511683,0.7037719848811045,0.7307127772926684,0.8249387058249039,0.7451723575547031,0.7759241923510971,0.7514178686166233,0.7757154525354348,0.6644159254188239,0.8703925369795545,0.8296165193296108,0.826731099958151,0.7578256191138709,0.8382686602713559,0.7899491023390021,0.6841240034423021,0.8122871817922632,0.6757974075184707,0.844490413470484,0.7255351388495519,0.7558702048723913,0.8340402097186018,0.8136657677480315,0.7992746151321473,0.7504496345625021,0.7738772718936784,0.7823084363699717,0.8157992477241434,0.7709666406470419,0.9051650540948815,0.7907734254467373,0.815479722474359,0.7330958216901045,0.8307858721978293,0.8008006529599772,0.8134813069130867,0.7345035969112766,0.8806540195469494,0.7694064304122454,0.7319527959173552,0.8325783957004967,0.7655992821222646,0.8392202371180694,0.6903750220409405,0.8409532391351335,0.7262205861818456,0.7423039522648197,0.8693278467101695,0.7440749451174397,0.6470254495925812,0.7278077972141805,0.6767354211084812,0.7839072439665433,0.7573775069335277,0.6599409971562936,0.6604911804462432,0.8421691040066811,0.8145347932231245,0.742043473263638,0.8729564584475106,0.7156148036323771,0.8500768499621898,0.7773373615253355,0.8018515096159908,0.7693598074146426,0.7192933546328751,0.7371204721814381,0.7634765246133206,0.570805241828484,0.8464159569101036,0.7864822111571563,0.7827459843028297,0.7071767700219168,0.8586135854486857,0.7505685165998375,0.7473373588460334,0.8049406499796192,0.9054090512297776,0.7863914223945238,0.7668199963909528,0.7766066972449287,0.7648330232781518,0.8234439526847421
0.8721996050951487,0.8220087292421705,0.8538766814160539,0.803835381267082,0.0,0.7667410199177523,0.8985105318834113,0.7786000456751955,0.7981235919276077,0.8291699403403148,0.8397812276450178,0.8231448680808852,0.8144196664038128,0.7752735882955039,0.8898058712494377,0.8354418576704924,0.8376076956097841,0.8807500997744114,0.7550519878533876,0.8054909077700955,0.8680608268944005,0.8936418248522322,0.8622318881868976,0.8427001842114135,0.8474046854842013,0.8240128747505789,0.8215631530775358,0.7746932871079795,0.7742572934352233,0.7833317244170979,0.8305490302542675,0.8108370609707966,0.80947015921893,0.7991782438931435,0.8637754543950593,0.8064678835700274,0.8378586411102619,0.7925922193048538,0.7648547497323376,0.8588820592953924,0.7736351722135741,0.8530470471009071,0.8647639089608375,0.839839328400999,0.8435318139930331,0.8178948478488647,0.8476504105146399,0.8110777466311483,0.873064000931944,0.8338013085263235,0.856600277650287,0.8219868994915487,0.7254984402707506,0.822172080197325,0.8039202880023755,0.7665927689472024,0.8108801473876787,0.8531358213729555,0.8025419083016262,0.7999355545833009,0.7242724355870848,0.6872213647471614,0.7756828742761673,0.7485729346728826,0.7805441782974333,0.7155968637728639,0.7951383702310163,0.8412467545909994,0.8212815586756984,0.8148872373941276,0.859341727896348,0.7671935836506651,0.750201166270887,0.8510146418371454,0.7529420831392574,0.7371440759042832,0.791095580708791,0.8986030017150243,0.7289669433197515,0.6064612418257167,0.6835610925840298,0.8805024141955328,0.7963552003826188,0.65865409083977,0.7854276108599177,0.787899276940035,0.7564654783560534,0.8061001450385181,0.7757659774763229,0.7260320333460671,0.9349981126364368,0.8596861197463126,0.8509712638046322,0.7135018732212389,0.8240046910384129,0.8160180158384951,0.645151676202422,0.8049815893512918,0.7235732456722508,0.8070474603250257,0.7105657052501714,0.7624041516718613,0.7845925904641026,0.7915310520922526,0.7875177215092067,0.8233888650570363,0.7349769249806841,0.8117160262998853,0.8501294817163749,0.8104514429548513,0.8427568449111448,0.8327487998273855,0.7579702064648973,0.7479953030885845,0.7558460914864327,0.8175987437197395,0.764611211455217,0.8469099752440795,0.7697374162026863,0.7579225235682084,0.8586113822742777,0.7356651708331273,0.7591986582828757,0.8422114570904815,0.717165848398904,0.7863116163670971,0.7339594923285823,0.8193398711569461,0.7803353893548712,0.8172600348466772,0.7363510856510236,0.7611527149940425,0.6377215510460215,0.7470420066726196,0.7697846434688626,0.722865652727415,0.7472961762284344,0.8819939838686186,0.8608513016247441,0.8111047515793584,0.7302554399872483,0.7723687702221734,0.8744824937692923,0.7945584969058169,0.8323584919210429,0.8542919904736194,0.832345927808245,0.7339610454203037,0.8477747307761762,0.5754082343632205,0.802972449174137,0.7110903202264727,0.8314990082342923,0.8359994555573543,0.8177556313854227,0.8010436478634103,0.7430254146735715,0.8087775797802094,0.7789919486856531,0.7439949232876191,0.7206325207245191,0.7547866191492913,0.8443127172553071,0.8609664656636437
0.8822210598891195,0.9221419619240938,0.8630630592027209,0.8096571266048522,0.7667410199177523,0.0,0.7842699972713945,0.9037966959507466,0.8379481012976617,0.8656807181803815,0.8366218841020837,0.8883199624146346,0.8716335858299799,0.7408810439171777,0.8022636034833742,0.8718946107490192,0.8523085057223716,0.7879226112373179,0.8285172693472074,0.8454575341303963,0.8739598788094946,0.8498810780359752,0.7600660148104543,0.8305546139699964,0.9029458787395809,0.7628352902289898,0.7501398758730247,0.8303659144880512,0.811746324519424,0.7843004835340343,0.8719684141502737,0.8283987846823584,0.8424939324746266,0.8387814118291212,0.835401736039547,0.7539238567154745,0.8652824555375738,0.7994575749719456,0.7600102170000701,0.7819804578014988,0.7810974271103281,0.8714042127737722,0.7505689318396506,0.8355055336414267,0.857716146394011,0.8129199119660613,0.7927000705670363,0.8213621156047513,0.7713811268428695,0.7293567254713743,0.7823259678398101,0.8953103524434329,0.7378181386251158,0.837434376741906,0.7601699692888859,0.8847228911886712,0.806525286593974,0.9072453724768407,0.6940493648453955,0.7764227362907485,0.8743114936330564,0.6876570876714995,0.817098709556077,0.6566841366996717,0.700442965014084,0.7505010269576134,0.7929838130548804,0.8035072159770231,0.6964961860298392,0.8807072658410269,0.8391944217327048,0.6987186773381489,0.7394788337959188,0.8102465992856595,0.8921700768360711,0.8002725864810785,0.7358429744302948,0.8222423530579146,0.8166719007139175,0.7589678286372782,0.8882064529588116,0.8397474323848348,0.8568987327907504,0.82865079471862,0.7768731399764668,0.8919205610601433,0.8901361608746867,0.6902582262412373,0.8588103382046429,0.8294463580284767,0.7915813677128019,0.850440641694436,0.7564183928487218,0.7801814461345802,0.7507515723263082,0.8950251312160058,0.7385874314410956,0.9096692910977451,0.6714975126642584,0.8352432932803293,0.7297188177875351,0.7344873954910739,0.6969049240394241,0.8224771150904547,0.7775491028882306,0.8462749465666973,0.7569980965403751,0.9088459743699725,0.7840298725841277,0.8926992460613294,0.8304584785525212,0.7096472634957304,0.8374693021611369,0.794366464081704,0.7980695936946575,0.8991755833434962,0.8987525284650089,0.7247413093147163,0.8039929784132182,0.8138506892194057,0.7209625382010716,0.7871477526975033,0.8638632732739909,0.889416005659612,0.7530065517251698,0.8764912817313918,0.7083961635054533,0.8313604039687934,0.8640398465318931,0.7137154819397007,0.843656960440177,0.8667205132407637,0.737069757919752,0.8375441938919913,0.8015575419976072,0.6819691121278066,0.8305354097512472,0.7633071919739272,0.7700833677587885,0.777040294218103,0.7904633738294475,0.7857734806729637,0.845598822246647,0.7211469268230571,0.8383107317997391,0.75966736016156,0.854063761229886,0.8189904187892612,0.90135562941374,0.6530532920252964,0.8419054388382978,0.7840623136149357,0.7524151255789837,0.7517236481847591,0.9123549894665439,0.8518503551275497,0.7993203285920373,0.9204710228984194,0.7695821076410881,0.7239008265725662,0.7567021434242135,0.8670695247294418,0.9063352896486017,0.8471871434660235
0.8882316989129938,0.8315507678698565,0.8223367595870437,0.8651390115691384,0.8985105318834113,0.7842699972713945,0.0,0.7821981145739859,0.7477596286834485,0.895457743187643,0.8412399056540971,0.8365924166097691,0.8687236264841838,0.795470588212752,0.8948099614820905,0.8386370692069479,0.8513024013691972,0.8900409808709335,0.7773633647182208,0.7963662864939249,0.861621315500598,0.8437882546063769,0.9504742833363414,0.8708747216927853,0.9075294966342553,0.8616796562479704,0.8539196709989118,0.838134121973947,0.7911101231475682,0.7604474475156436,0.8395461080662993,0.879348445697682,0.8334879481341695,0.9094322480958396,0.8611930486429838,0.7932423448168676,0.894232626650042,0.7257188138793222,0.7455647610538293,0.9283244406793206,0.7404133808032282,0.8421285482945954,0.8696273889882152,0.8510414433126561,0.8945214172203348,0.877844980756739,0.8475735165260089,0.8223647814234016,0.962533598836058,0.8041760005726247,0.9093075512227904,0.8221045520552228,0.7209488630797226,0.8488744041555568,0.8546570215172442,0.7844747464997979,0.8215912129540025,0.8136241064166051,0.8666346780982297,0.8307217487264013,0.7724707609556848,0.6922056025133133,0.7536754098539358,0.7224471335097341,0.7770206870158568,0.7646224325840912,0.8798807395360722,0.867305580611879,0.8050069474223419,0.8125092442770429,0.8478810852452234,0.7812041422846898,0.7773280972953746,0.9113869271253678,0.7290467715814479,0.8318853769661916,0.8739607487356146,0.9357988240256356,0.7325103906593889,0.6500017194083142,0.6885080744825701,0.8624506814294827,0.7895660833327336,0.6523269397209405,0.8106556105997024,0.7527261307982709,0.7866195390312277,0.8624727762772438,0.8610547941932101,0.7318288840431831,0.9082649671976688,0.9007677513410277,0.8542957169721078,0.7660823782804325,0.8349392463697235,0.8274136514151488,0.6254575577732532,0.8382831148049523,0.7026405875918788,0.9065204956012157,0.7441631842997231,0.8206463935180851,0.8459116530811911,0.800176928799001,0.7792656979712002,0.8426527506188906,0.7816650206477598,0.8315000882657847,0.9057692294231647,0.8561819750047654,0.9242481196756859,0.8080958955367373,0.8218182697238458,0.7382140890127464,0.7766320919015944,0.8226406678721161,0.8301722250598598,0.8812944009466374,0.8079868627931316,0.7541475257717815,0.7837240443498622,0.7348814220619124,0.7815528851811223,0.9027283696459245,0.6904263260873954,0.8299135264515437,0.7579848594029528,0.8319664896043569,0.8098400358226147,0.8123874288496724,0.712616428153655,0.709321539564585,0.669765526143086,0.6987865711514161,0.7559583614444534,0.6853065066737019,0.7445981861666524,0.8934330938215076,0.8763026861793798,0.8018144251698407,0.7675370658880487,0.7707974308369975,0.9207801911800354,0.7523603300633002,0.8425814883778677,0.9037894935850066,0.75934535107105,0.7799378948547537,0.8507457216754997,0.538159125479295,0.8348343585110092,0.729149660880231,0.7932173309524736,0.8545759709408298,0.8418131433976662,0.8299140376214652,0.7979059095169724,0.8543124775929998,0.8380539883251428,0.8376942635418178,0.7790779684075319,0.7741281768376458,0.8365430498869417,0.827140044652647
0.8591099450353042,0.9269115608057468,0.8754284086573231,0.773072164751801,0.7786000456751955,0.9037966959507466,0.7821981145739859,0.0,0.9021787985386639,0.8759340890646045,0.8039265761908475,0.9093816922221678,0.8676862865517039,0.7114534849815096,0.8561615777139958,0.8744911193952312,0.8177497702949875,0.8122887593223557,0.7978213285873103,0.8447501522106814,0.8328459915514148,0.8789712153266365,0.8006127669413152,0.8543738391823833,0.8859038275912544,0.7470978327990583,0.8408157333772688,0.8150197674819062,0.7644376064101099,0.8511440814595436,0.9057548584939523,0.7921514311928195,0.8314409534113858,0.8158004941736484,0.786423966169072,0.7282835726669188,0.8589220357949018,0.802245426657888,0.7916047493851981,0.7962095396620762,0.7703641851175614,0.8612529835274872,0.758021100854491,0.7476549975781027,0.900636154189059,0.8625409192100731,0.7997092615069886,0.7496064015032828,0.7697043647996602,0.7248924027635884,0.753884677247184,0.8092468317722288,0.7050556567140065,0.788051628423793,0.7251943619872818,0.8780568684542532,0.7906805331418574,0.9117732197272307,0.6749387790046852,0.7947315851254794,0.8418316477444983,0.6603862968823835,0.7496083731754095,0.6361584866336719,0.6759292863781973,0.7139526614787464,0.7861785002385704,0.8075735762449449,0.7067074877546407,0.9312347193673084,0.8293539522536054,0.6793397833184055,0.6675881730467659,0.8037505207234051,0.8691566936174883,0.7589770963563081,0.7399705695149333,0.8273396782886023,0.8487964019159572,0.650947045601756,0.7556919898213175,0.8415552466138413,0.915131813188042,0.7820529861684244,0.7090661832007833,0.9455444744036287,0.8521529876239802,0.6846506458715068,0.8795585994322201,0.8971302513809338,0.7778593927168868,0.8239490008649979,0.741346851630679,0.7291636223049857,0.7017123626419414,0.8847684208356323,0.7115536445876351,0.8548905934511938,0.6232297927286998,0.8193046506216639,0.6988503248918226,0.768574929556454,0.6567524088898226,0.8144852865021595,0.7381349167554158,0.8901248698220273,0.7427190389037125,0.9098618947505996,0.8102554353446577,0.8630833959615458,0.7669366901388168,0.6806543221782761,0.7424296803839319,0.8229603792551545,0.7644102229024996,0.9260156920757023,0.8142790860442425,0.7403160510968442,0.6974582064876735,0.7695740960696998,0.7225654982743599,0.8032681308679296,0.7530558842046098,0.8805853592593476,0.664679859950448,0.8639745480146842,0.6747905381256757,0.9095045650071603,0.7867400909424737,0.7440466559626123,0.8900153280407187,0.8305084804654963,0.7270130235159805,0.7772810595160525,0.7843592227337989,0.6418020609232397,0.8702014397509363,0.7759298818754952,0.8335396609969659,0.8571046330049823,0.7366886962503557,0.7294139843811158,0.8384061930854194,0.6858044382059788,0.7936244001353554,0.7483843168419856,0.9095592548716346,0.8632647561805736,0.9006067713237408,0.6158986384818445,0.8124929127477324,0.7183394496229362,0.7808684022477439,0.8224101513132894,0.9012894755943,0.8955545008303145,0.812186171787209,0.9278903405983349,0.7163749252545066,0.6720998757838896,0.7179613187910465,0.763358853367919,0.9302291841284417,0.8227595398488272
0.865537317109443,0.8884899076360697,0.8056600757746458,0.6765589959143702,0.7981235919276077,0.8379481012976617,0.7477596286834485,0.9021787985386639,0.0,0.8146458033999637,0.7485306907924801,0.8624833166349782,0.8017953979765705,0.6823772189013823,0.8225970997417307,0.8056753344030494,0.7506854053967907,0.796318729954904,0.7463183263717411,0.8499957979331481,0.7692882962638495,0.8605946995491174,0.7686451148303546,0.8186692592134979,0.853244177337485,0.6765759676315128,0.7963662174088098,0.7459067140463835,0.6992299052633433,0.8962089879451276,0.8984175804825287,0.7391350081858151,0.7368253525618567,0.7491570413143989,0.7871134517102315,0.6703848421369053,0.8235928937607526,0.7720346942341894,0.7391122239348153,0.7293432163571856,0.6968589264608317,0.8962467082195809,0.7139755871475045,0.7083344996112542,0.8243810488098968,0.7870711125694607,0.8045862666074641,0.704844659780764,0.7399045241469505,0.6942223568296705,0.6887657461940702,0.7440169804122615,0.6669401699144668,0.695650597167478,0.6468838061444393,0.9111195880634401,0.7488773787239291,0.8482012836597973,0.6422659640913415,0.732287731367089,0.7242919715685469,0.621534533887192,0.675474645164622,0.6292703916872595,0.6684027073854001,0.6538559684807078,0.728013870778879,0.7974762967675347,0.679879093273814,0.8705678648172123,0.8090137759437956,0.6646891610973127,0.6419219342114284,0.7243514336944882,0.7936761626935463,0.7332847319715087,0.6630183679639561,0.7799851132802429,0.7480558963533274,0.6254382877914786,0.7002386718320622,0.8297451022069865,0.9317562251903341,0.7014003474520777,0.6620026686214245,0.9254272362577911,0.7979317151667402,0.6566221979785734,0.8077431862942059,0.9202469566463828,0.750149660589979,0.8081525824357144,0.6912550215443694,0.6858140992398001,0.6703041163253314,0.859627301981293,0.6523304925626584,0.8210866156554167,0.6334841139939809,0.7406435205036451,0.6675929855284708,0.6738272908314983,0.6129373684999698,0.7712709981351746,0.693404974499735,0.8246191944415229,0.6439574579868234,0.8856700535318067,0.7402201311688276,0.8396597752579917,0.7069709892096593,0.6618694253827351,0.6921919100048972,0.7806887564785164,0.687653147647873,0.8838890246462469,0.7702826932042156,0.7244042964916281,0.6294100688545843,0.7490118711579112,0.7331955242766615,0.6978415630291296,0.7448620904012334,0.8230505131008804,0.7099659857751133,0.7658149158902997,0.6352308260319565,0.8468945988716525,0.693767922154888,0.7068372461709764,0.9440932390778166,0.7729110052292152,0.6820998562909376,0.7816110150591686,0.7513662614695512,0.6552944820012536,0.8971757723991804,0.7417491098306612,0.7719363312507862,0.8266123303962531,0.6658045709951693,0.7092336318405625,0.8029060724266442,0.6545073201780865,0.755299019065641,0.7408586286914002,0.9468216667417625,0.76511058259609,0.8791321616497401,0.6016973300575986,0.7759926948391048,0.6797100319267104,0.7534366753328549,0.8004583261287747,0.8291985799935809,0.8698949171491389,0.7751117020266127,0.8622741738778364,0.6695330116507504,0.6211909468807458,0.6487561086088381,0.7765261906353893,0.9233078566270637,0.8374959830591315
0.8840353905678263,0.9043709809506221,0.9112044868710198,0.7918544733814619,0.8291699403403148,0.8656807181803815,0.895457743187643,0.8759340890646045,0.8146458033999637,0.0,0.8274376186297208,0.8654581468243168,0.9135483482065014,0.7717475904674713,0.8576352688671387,0.89105407185965,0.8558687646453841,0.8759648682959699,0.7609498286032236,0.8224791822110141,0.8397394863248683,0.8831203546645021,0.8902189446212311,0.859252562920226,0.9532820702824493,0.7967677568274345,0.8702121207204729,0.836798508644941,0.8319131181187978,0.8169404664390015,0.8527537047720211,0.8676857026365773,0.8095942220882298,0.8533072447882808,0.8153245543375666,0.7417190124220151,0.907682188228532,0.7506043949541642,0.715023781277751,0.871842507713581,0.7230775723026706,0.8957399468624098,0.8096639823553278,0.7832466364105535,0.905986551079415,0.8704270905050988,0.8687968850939387,0.7990394820938738,0.8786508485755357,0.7424872031877341,0.80512755518669,0.7996388028983333,0.6959612202853638,0.7948695050345507,0.778236585882644,0.8748904648923749,0.7741854568167474,0.8490865305404813,0.7894932600852284,0.7908848732816243,0.8005485963530226,0.6682387029970579,0.7339974426441773,0.6869925631369689,0.703084839130886,0.7317644432566408,0.8425219900832239,0.8868432384529142,0.7999586809272029,0.8824454982289436,0.8315529000240037,0.7254973888046133,0.725386449915237,0.8639698706119452,0.7986129661861503,0.8170200921874996,0.7996607999441299,0.9099502439031514,0.7465271294258473,0.6605784961507097,0.7590787615664307,0.8118378110539051,0.8791530813582765,0.7228552083255053,0.7339298961625447,0.8364529391775282,0.8185974374932837,0.7708321835241351,0.8951120508024086,0.8078350551057789,0.8288325595173736,0.8529124336435154,0.7850316847211554,0.7236813156299045,0.7541755417935816,0.8940485188565788,0.6291254099111484,0.8742908494754429,0.6489405446941644,0.8721901554764865,0.7102444356816483,0.7841034750584486,0.7321672498083297,0.8453977290167051,0.7342956770481857,0.8842479513691881,0.7555117788758939,0.934829865864972,0.8742843559174732,0.9019820706015026,0.8262363537413785,0.7070843229825775,0.8011688573356915,0.7849575149541759,0.7474150603389883,0.8771557440064945,0.8465916692729494,0.8393722608429841,0.7780918665210208,0.7702255648276017,0.7205457998863942,0.7302616021372319,0.7783025505824347,0.8903258069102414,0.6687172871189906,0.8679540410342617,0.710519682615018,0.8592696244298,0.8227684785055348,0.7913943858548619,0.8369125476062375,0.7696033014237603,0.6835953693505303,0.6848699560480441,0.7550643545086352,0.6596944791632694,0.8278404087642166,0.8189164135948008,0.8841086286637095,0.7937549116724982,0.762082551653377,0.7729263783738798,0.866266855333674,0.7034721217703971,0.8281622203167377,0.8427493523392009,0.8068501008530523,0.8627087135622123,0.956987089275514,0.5759879139127939,0.7743644843197596,0.7339495597025695,0.7570221843327279,0.8945100538688535,0.8836712841347735,0.8678900452323076,0.8144647818114646,0.9226273194076722,0.7646869107854031,0.7472649459637339,0.8257715903033294,0.7715447083383871,0.9059741574618435,0.7971626106170548
0.8931791841953026,0.8440793662928263,0.8270247160802705,0.8619678672727302,0.8397812276450178,0.8366218841020837,0.8412399056540971,0.8039265761908475,0.7485306907924801,0.8274376186297208,0.0,0.8331328921413379,0.8813114957651593,0.7918338538064709,0.8408827938529913,0.910388899472298,0.9054181051340434,0.8679217930205126,0.8495779881358932,0.8679034945321987,0.8846602588995313,0.8819193055945744,0.838240554540347,0.8710249229551366,0.8813456680169326,0.8059303098549658,0.8242498889178556,0.9196124305330262,0.8798422438218859,0.7521519067790129,0.8205505906029907,0.8447698597090052,0.8235715524743146,0.8452245928334731,0.8798181205029082,0.7762998717055715,0.8881495030439741,0.8484874462844234,0.8389421888417181,0.8700025896027594,0.773934139738979,0.7979095513629848,0.8245568261058217,0.8761115820321407,0.8409570933060004,0.8040799751662331,0.7026569745461274,0.9148475503793393,0.8870393043126371,0.7849890581415999,0.8524255320914639,0.8203982157778991,0.7539702063633725,0.8866780059895184,0.8869095603129904,0.7218914265583433,0.8865870364157895,0.8634369723676258,0.7818650814469958,0.8105612735410769,0.8970532674529356,0.6542827058127626,0.8187948837320679,0.7039243604450928,0.7513315494888355,0.7751896826456823,0.8377907890560117,0.7793996294634273,0.7722610025767401,0.88292589576737,0.8198947774265124,0.7812926248730145,0.7819830819274735,0.8741682422681517,0.8632452359375659,0.8038998274800144,0.8507987940284979,0.8530381911879867,0.7828400205395203,0.75334974390571,0.7652937524163417,0.8117153900992946,0.7694037921007708,0.7874963108778482,0.8195221429176535,0.7880146270482306,0.8733137358231624,0.7577208849436599,0.8101797693763392,0.7131529653543612,0.8487346143147484,0.7707399348977526,0.873662590500276,0.8359003165103817,0.8285681585720879,0.8019767262148343,0.6990970869457003,0.7588122220234162,0.6770951457869797,0.8113049515637584,0.8170086696484163,0.8107030919983084,0.7211510553472166,0.7427084693375826,0.7933958546059066,0.7804114988659584,0.7745677945759472,0.8376206547920942,0.7996274405923866,0.8558999752267918,0.8937320023460138,0.7859470156831058,0.8264805579055284,0.8570223058559839,0.8163573635718925,0.8352399775485729,0.8377429894336826,0.8611067888452636,0.8153386905592791,0.7510131479449415,0.8307587201925406,0.742969729350622,0.8328211536259735,0.8851517005737495,0.7908733693120709,0.8749749466905731,0.6901244217799795,0.7916371853112338,0.8411125848252369,0.7776373420921626,0.7042846709042637,0.8104134479193925,0.8241051522614671,0.8158672534506626,0.87039312658787,0.7390822410281067,0.7620977663092483,0.8396207303712562,0.8762098565730134,0.8189630795709265,0.8073606390355847,0.7998200184568276,0.8388210196004213,0.7601901068607414,0.9043458089716588,0.745172073191097,0.7528670393718502,0.770683501879024,0.8360835994996084,0.6156408218942941,0.9103824212964506,0.8004225825647224,0.8753225577713705,0.7160099551893551,0.829436944615363,0.8513143676735268,0.8943010748742756,0.8196649511861896,0.8756455583120282,0.8239968994250249,0.7290003045531882,0.849713368229606,0.7804759016415865,0.9382267872391913
0.844196443801142,0.9219905690876172,0.8131798822444838,0.8056526660428112,0.8231448680808852,0.8883199624146346,0.8365924166097691,0.9093816922221678,0.8624833166349782,0.8654581468243168,0.8331328921413379,0.0,0.8034194903042151,0.66919121179358,0.8725256178115403,0.8440165159663797,0.8053655824672039,0.7759147431890234,0.8936830822106854,0.8166374132669566,0.8490801196252682,0.8500499796715122,0.8563961039482826,0.8882064976498025,0.9164604666042966,0.7145663300071863,0.8141581397271103,0.8321840906926948,0.7997411408623277,0.8810866939148101,0.933041535388925,0.7857620276737161,0.8410572232821029,0.8653048170095297,0.8006664138698698,0.723870656654887,0.8398931391620885,0.7530211609213067,0.8593669404727561,0.7863084230801587,0.7870988842461095,0.854146228625626,0.74677979812287,0.8004962307327824,0.8490250643911301,0.8143501036819835,0.7642089191893595,0.7661712889721431,0.811544217224561,0.7009568294525744,0.76711267370897,0.7992976995014163,0.6887298495249942,0.814538638014072,0.7620753180375309,0.8392261942700436,0.8001219350179921,0.9396501767502805,0.6645670377273518,0.7737282976593032,0.7881864115598802,0.6136282586078369,0.7129354546077549,0.6153535939656665,0.666620828951419,0.6701521082753431,0.7439351823936623,0.7514237794346202,0.6509828505888449,0.8740985403410869,0.772185394448962,0.6641780751491723,0.644918071319652,0.779616456170186,0.8087053402523026,0.7652380383207386,0.7347886101295977,0.8586773857319256,0.7916174971144017,0.6778031116954527,0.7188643799934341,0.8310411812047196,0.9014981848031935,0.701401568914013,0.712181710463845,0.8754524712860409,0.8081530546006689,0.6705175345069383,0.8449273875947856,0.8522547732643476,0.7830227912053221,0.8520986451348828,0.7771514814577981,0.7426975594319725,0.6869509380109114,0.8968527546889615,0.6598084150265346,0.8571348288813608,0.6196724811836247,0.7852556083772035,0.7075743194891706,0.7381375621924948,0.6752218063422352,0.8590590117533144,0.7054939691108365,0.8095069338369723,0.7083512974913654,0.9007364243580713,0.7804118987845583,0.8758466554701447,0.8406177663548695,0.684393886601073,0.7102780620566282,0.7921287864267321,0.7297116551880161,0.888310573733293,0.8400562664843823,0.7818734670760485,0.7058729746237098,0.7318199047816976,0.7230669829053734,0.7495436723409253,0.7478841919926729,0.9149345936368156,0.6740144830720951,0.8974600518737774,0.6401287053286953,0.8681030941842829,0.7896735825877367,0.6841424496948576,0.8354698238773354,0.7566384369689941,0.6943784109241444,0.796722447971525,0.7829478030785926,0.6275755689927436,0.8653937355147774,0.7761075811408318,0.7991556964494224,0.9018211111214532,0.7368889071710991,0.711170802546139,0.8428561575546601,0.6735935016384139,0.8049402301853091,0.7410536095495865,0.8905402585515871,0.8268139756993734,0.8876501766534269,0.6000075267879693,0.8527452073721581,0.7666048377233086,0.8010075434626092,0.7735114314185539,0.9531394171772372,0.8490273579238812,0.819381995208043,0.9260662018891189,0.7488191231188233,0.6922579681434633,0.6629066063589999,0.7994102686048178,0.8991099080820858,0.8621112502133342
