0,1,2,3,4,5,6,7,8,9,10,11,12,13,14,15,16,17,18,19,20,21,22,23,24,25,26,27,28,29,30,31,32,33,34,35,36,37,38,39,40,41,42,43,44,45,46,47,48,49,50,51,52,53,54,55,56,57,58,59,60,61,62,63,64,65,66,67,68,69,70,71,72,73,74,75,76,77,78,79,80,81,82,83,84,85,86,87,88,89,90,91,92,93,94,95,96,97,98,99,100,101,102,103,104,105,106,107,108,109,110,111,112,113,114,115,116,117,118,119,120,121,122,123,124,125,126,127,128,129,130,131,132,133,134,135,136,137,138,139,140,141,142,143,144,145,146,147,148,149,150,151,152,153,154,155,156,157,158,159,160,161,162,163
0.0,0.5649663039546813,0.5560169125947649,0.4750235075636945,0.4834671847040684,0.5539979427031853,0.46984400509842433,0.6184256404840627,0.5683682927210576,0.5523721577833179,0.4896127982968669,0.44601586605359034,0.7074239269679203,0.4782354123025861,0.5496212422248331,0.583355652434852,0.6385436482265997,0.6722165987838266,0.5414766932312371,0.6352596005708897,0.5490250129703599,0.5223659971568017,0.4799471017386501,0.49528311966471156,0.5620465793284005,0.44719783876346986,0.4591441179990882,0.578816740994201,0.4786312700912623,0.5489233824701623,0.5349322733118544,0.6119081665462164,0.5121277254908313,0.4091784631443725,0.5748611704840886,0.4532776176351228,0.5468914069708872,0.5675673862397564,0.4319302413441392,0.6313044299586931,0.5582677938708348,0.4818892329610787,0.6037774230655037,0.5152493063313826,0.5361334910169484,0.5731998803900571,0.5504427546897787,0.5157028171626813,0.5600044271004849,0.6418385281592207,0.6324189143396178,0.5921751363561161,0.4535551169752331,0.4986228037096693,0.49695526287865427,0.5232854886881302,0.6893867657887377,0.5157590848116866,0.6196483200997053,0.5259512502708503,0.5667634889491341,0.41017398337866684,0.6381159273341894,0.42439716822394125,0.5343503765960209,0.527230046870726,0.46886395799899777,0.5388918980477523,0.558062425867586,0.5974703335230388,0.6166152551166173,0.5438185134955682,0.5132322530373901,0.62265829303102,0.608127392329421,0.48992340265755285,0.47609028478057835,0.45541057758289044,0.5283486337449098,0.5009835175368412,0.5527126015766759,0.5350223621845206,0.5873948718787273,0.5468500271770176,0.5685357136193997,0.6095926452339707,0.5166340616340395,0.6125838325551347,0.5740375375064303,0.4282815273758672,0.5612193497433965,0.4718374748481558,0.6345625835556938,0.5437198807477,0.564489037161974,0.467429687242463,0.4552298641450656,0.47878916721018483,0.3863805152606598,0.5539999420866674,0.43421526472387195,0.504218449772347,0.4562211869032919,0.46931076783734177,0.6201372950950707,0.5864570744730229,0.5624645544842496,0.5275332269011914,0.5955335299868834,0.5034666064267819,0.4470363494702267,0.4846518580991091,0.5795479369640794,0.45606400050357715,0.5414876274720458,0.6301946040518026,0.6103062344292811,0.5181366231691293,0.5113081921971457,0.41074010151054713,0.536723756052228,0.5028315375316759,0.5077381516909062,0.5915873101072359,0.5379833362322096,0.5157620847498584,0.45693813426588753,0.4259049656852231,0.4808966959923694,0.5911677195609448,0.5473426608942429,0.5892301513391707,0.4852030876279785,0.43787042994493747,0.47544625188117245,0.5157980229125433,0.5397565108463576,0.5702571030869878,0.5244611498358216,0.557980383434921,0.49298640989842263,0.44933191999473304,0.5649668347589655,0.47583715811201194,0.4648754738113081,0.45671396903068295,0.5221254262165822,0.5027683227184992,0.5799197065719898,0.3143635921116231,0.5537092979567168,0.5464738208259672,0.4854294165372848,0.531533349783035,0.49919673613219506,0.5291949244768498,0.5749066763702452,0.5490168430266763,0.5367958507649965,0.5612602545098248,0.4829570933576124,0.6119427059796496,0.45316111652060553,0.5133798729984727
0.5649663039546813,0.0,0.556711790994827,0.5094760109125996,0.4611547859185719,0.7531174903665926,0.4708180163067041,0.6824643714323194,0.5603697532916235,0.5466703433543354,0.4846055883387521,0.5101987652299257,0.6066426163933866,0.5170008427557248,0.5243315235418303,0.5606055862429339,0.5634670571871292,0.46866475109900374,0.5357998894747246,0.5493052049689962,0.5468044647352551,0.5223567226833039,0.4299497934977667,0.48688045949587255,0.5138273523384378,0.4425012532679181,0.44230495282009624,0.4922609532998754,0.5793552532160772,0.4851003102966854,0.6185490655499211,0.621639338415992,0.6200367425314801,0.42578879008151743,0.5906263406027539,0.5525178660943038,0.5217195134681261,0.5635753175629526,0.5222194228424586,0.575931558118006,0.6612991437416846,0.4658992701478947,0.4784830333280716,0.5633431815231662,0.5682808753599257,0.5029056454077211,0.5017145863520514,0.5303653285781494,0.4932921205121365,0.6148488391696253,0.6073031988821734,0.5760584139810925,0.4487029129422907,0.6218573926603802,0.5957766584116764,0.5955642562390937,0.5849327865166903,0.5411682519521528,0.5185594931179999,0.5898983493775305,0.7002499222910075,0.45453515888524654,0.5328379846075656,0.45277777948517833,0.4730572205322187,0.4686924929735623,0.5013733871299447,0.4722739114213482,0.43635184791274717,0.5066072670707437,0.582137461175292,0.539127469069118,0.50619438732159,0.5797287638149949,0.5947561052493159,0.4501075738330916,0.494314807780422,0.48683515844547387,0.47784055433104855,0.5258319577924669,0.5256529925755342,0.5486281661385689,0.585127230686261,0.5480656549267383,0.5590439904864383,0.6277112349148438,0.5238953270022898,0.5249148043949997,0.5353935465884763,0.4995216151334674,0.5104470715102127,0.5653421822194009,0.6781213600406174,0.5249342871289665,0.5705389384343165,0.5247370334359545,0.5486934495877958,0.5175209606253887,0.42984535450732514,0.5901592401200247,0.5018615317225245,0.49788052152418566,0.44094395104081235,0.4544164114004207,0.6298789330146822,0.5308334488478196,0.5757276347551165,0.47615495182106354,0.5537488131277638,0.5283608251879205,0.47611052605580373,0.4879146956277741,0.6133836641152535,0.4674364947204994,0.5081389525221659,0.5954183677419443,0.5304572501222269,0.461171545478728,0.5261568908108046,0.4463928422909105,0.5477718658277121,0.5327121933599511,0.5106610753521779,0.5940085301834793,0.5746338187566732,0.5999523974792915,0.5245927055707889,0.5115196281739934,0.5599321989694838,0.5330982277317526,0.5495932713318311,0.6118039810382903,0.5085767992607872,0.5160373508673751,0.5103882798677886,0.47948354037011554,0.4866447133279356,0.5643772980561296,0.4687552050481315,0.5446178487848556,0.47269205997655633,0.5155129925913701,0.6469809045278014,0.5466092007804625,0.4991728055584813,0.4258180605754238,0.6157563672347489,0.4957550152620575,0.5412959482009672,0.34829605087403265,0.545355134512464,0.5263875633296092,0.480381680091573,0.5378622363852136,0.5013516682204993,0.5127453953581784,0.5187463640214387,0.5654012537716344,0.559531868817359,0.5447351538726162,0.43248876354633686,0.6007260614260733,0.45998089308314427,0.48390393607893584
0.5560169125947649,0.556711790994827,0.0,0.5023424619589645,0.5261234858281404,0.5302843433626596,0.4743639134105471,0.6052878177925148,0.5389559426009416,0.6053067099508105,0.5515595432003921,0.48778649586312745,0.5629907462427063,0.4307295319892928,0.514568281834969,0.5645034370041218,0.5893856922241053,0.5245697485154455,0.5374535875456676,0.5309776582564709,0.6211994087546324,0.6750351688971061,0.4653344066232425,0.517212975817617,0.5713612087587745,0.4368951438639888,0.4529557270005496,0.5148902948982794,0.4839934448925977,0.49759352348130864,0.48619064043641724,0.5257281646350714,0.47299083904719696,0.3905646731084601,0.49413512302526025,0.448659083879782,0.5129507156401906,0.5129570071220759,0.4618565947120605,0.5796879814111342,0.5127042275609075,0.5614217377259371,0.5159627055341646,0.49998934317879573,0.4976599680603187,0.4593792323052945,0.44843637059616637,0.5392719031257954,0.5259468865153556,0.5415083916640813,0.5653637401005318,0.5069385634571387,0.3921415499093172,0.547927307978299,0.5015195995555205,0.49627363094758603,0.5496981501149087,0.5573877500883969,0.5835614909328101,0.44835660499625274,0.570761129507111,0.3629401895736783,0.5160987674493009,0.41878381100472534,0.46919694499218895,0.4458010028613234,0.48027920345018843,0.49872016220427506,0.5261011422409342,0.5941712158664232,0.5410691924170272,0.44525425342442687,0.5216120902083744,0.6368324293969294,0.5535260125132854,0.38641558132947057,0.5052603761963306,0.459727451257592,0.43441959486722265,0.42734103490747444,0.4862973209137278,0.5517589402601676,0.5401782814805907,0.4569619343678789,0.5336262709572069,0.5438539531906219,0.5238620476818646,0.4971832151582312,0.4445837726372434,0.43168493852706546,0.5445340710202203,0.45099779173766896,0.5424725020115544,0.4352906790770718,0.5664382795009487,0.47313795290405025,0.4377177486176817,0.46888931434112446,0.36652753572661084,0.46819275791116344,0.3992928698675037,0.5392776259969553,0.4495846467427732,0.47768642261817473,0.49896741554100765,0.487581720730102,0.5224206501826555,0.5375606727092977,0.48282570014339404,0.5536306525954917,0.47996002841315555,0.48105737811924265,0.5424866047982217,0.47097834486090584,0.41895373462588636,0.5299903866282385,0.46383682198838017,0.5394530067090992,0.5719874075711212,0.3910281057364049,0.49972718517005166,0.4721828808038269,0.47114164670891207,0.513541022497579,0.48690175352773246,0.48391307803990063,0.43685077031810254,0.4172547636895644,0.47380592846452757,0.4920488319017089,0.5085646583589389,0.6527316307256956,0.43819087748396524,0.44228105429763814,0.5417517421354245,0.436963102265572,0.43638511086182613,0.4864700826203847,0.5398029441000065,0.5252463138983838,0.4328465140511702,0.437181431757645,0.5475269606590234,0.5348656664840884,0.47400789564274,0.4382856718340622,0.55538983291018,0.44803460153933405,0.5839662792001635,0.3116253014967863,0.5119336524980503,0.4559320463036691,0.5453006449192702,0.5780380036782519,0.5253295980877761,0.5284475592877329,0.5474466399321968,0.5414104255423385,0.4744313067067514,0.4747152911601689,0.42351925536295315,0.4887616247840348,0.4656241082975833,0.5277732264112698
0.4750235075636945,0.5094760109125996,0.5023424619589645,0.0,0.5413055997142749,0.5039599778903069,0.6023092352859613,0.5330425490927956,0.49591147435637417,0.4884233692544385,0.5477819997709623,0.5919420593040244,0.46063927960894274,0.4053334292936352,0.49996465335718593,0.4692704929517027,0.4748187150007538,0.41703332663679593,0.5190258499450291,0.43183738903114743,0.5740113692414219,0.5186512436460705,0.4930857655615435,0.5333585886233397,0.5500003241441606,0.4886399790583332,0.44360652906184617,0.45742112994819134,0.4522880181786495,0.44330938873660286,0.5145489317033368,0.455575722850907,0.5399003304021676,0.43728013995851245,0.500212822075049,0.4671134008186007,0.5213143304910371,0.45939858499449115,0.5151160219836246,0.5594052181991552,0.5149031516067725,0.5484409685507707,0.438220728206288,0.6058368196836221,0.483595372862003,0.4039345421943371,0.39435227359780706,0.5486371901005623,0.5247238380929836,0.4507793979196354,0.5535128761214536,0.49557638233342083,0.342169606115819,0.6155180252427465,0.5382529352859243,0.5128154497721777,0.4717639989938815,0.5802787750998377,0.47157830326171957,0.4157150774550989,0.5111404779053161,0.3452505797163997,0.4321244328302241,0.39663420553594725,0.4031508045139365,0.3844543770390927,0.5298461387032257,0.4439599089801517,0.4000434146808036,0.5142743221644117,0.4893843091735369,0.41478267871607427,0.5266430446162962,0.5557715897508417,0.4351007988070821,0.35710989945407884,0.5261911710318995,0.510974215147102,0.4033405870691074,0.4332543930961595,0.4191020699643503,0.5912363341849479,0.49042133937214477,0.40344698734317674,0.5440487129704796,0.49061358104807096,0.5599161264506497,0.45194927560866105,0.40536056026321216,0.48412059759229337,0.5603519435423095,0.5428754202509414,0.4812570385836826,0.3958513062677502,0.5641968902908,0.5255400283164618,0.39619340918931656,0.5251510142274942,0.3848235610833055,0.46769646835437373,0.41575083803128365,0.5032565590738318,0.5554908675056321,0.49062998948429265,0.455052233965012,0.4268738434103474,0.44720223004979487,0.4943905532300652,0.4292005132613702,0.5535697818236422,0.6439486275182816,0.518140522669344,0.5606560143139924,0.4653823093109083,0.3873591061344619,0.49140499259267656,0.415194030671537,0.45036647645879413,0.6025768368810958,0.41611182423077697,0.4781863416150389,0.5224017397120053,0.47450517910906276,0.518037707235312,0.49084234176852964,0.4801886148927521,0.4347984421509774,0.43540026718766894,0.4677272583162373,0.4231420062737182,0.4374796530843688,0.4942632440010916,0.43898754150268315,0.5182335747546529,0.5160511279082791,0.37333850549350434,0.3849112434623512,0.5007680870857948,0.47223468660366874,0.503387041241838,0.4219731430245511,0.4185644362656851,0.5690723004558412,0.542153135285759,0.5043583380740319,0.4763455002065935,0.5701260540091024,0.3939586779630902,0.47223525322342835,0.30510686556415384,0.5931727697834387,0.411379817930863,0.476927476366884,0.4842036146265561,0.5897358268318751,0.5116037476185582,0.4941451932698415,0.5921942887312419,0.5850564886679629,0.49217431062239436,0.3664546235220461,0.49091069584323455,0.47854651606442555,0.5732744034022152
0.4834671847040684,0.4611547859185719,0.5261234858281404,0.5413055997142749,0.0,0.43426390794576,0.5634193521027675,0.5026221273261057,0.5715303366521599,0.5014356336630573,0.6681435530414432,0.5200780805099204,0.46614082597000106,0.4252113403885116,0.46241724724482547,0.5197768472030622,0.48792782559751674,0.44470566551276014,0.4474448980435625,0.4423522649247346,0.5306875350907178,0.5717016937438019,0.5544768661806978,0.4864594166382243,0.564933807961515,0.49674792926448347,0.5525906377468458,0.459860054787464,0.4576420810203721,0.5324270196106418,0.48035139453866893,0.4516389621750105,0.43090092103052646,0.404613608378083,0.5047269597396546,0.44844355127683416,0.560135815630395,0.5106264407138633,0.48647851157302613,0.5456179792416448,0.444793993221662,0.6915161242647172,0.4501982285762955,0.5237250168145506,0.46137756407516406,0.38353474888835837,0.3892129639277582,0.5628038742582121,0.5834802267335115,0.4518764966697386,0.4974392527832427,0.4258271063436216,0.32374573084418623,0.47763912751861376,0.5107738324416782,0.5011377188727403,0.45706109001635725,0.614021791837847,0.4841777224247003,0.3985143824206368,0.45045705193495533,0.33717433571766847,0.4033268300060762,0.43787122978153525,0.3871589436201033,0.36188634225718497,0.5236366345270753,0.4638958610650413,0.47501346489545526,0.5776140060406659,0.47755941404024793,0.4315881478263488,0.5617430768227952,0.5328219033747518,0.4318796260992522,0.3430442008385013,0.54891121486593,0.5596318864252745,0.3824980575982455,0.41792146313498085,0.3930045222848896,0.5319383237053493,0.4999534782059205,0.3974983581776505,0.5409126447622842,0.483675502647849,0.5970556159022044,0.4742026441132132,0.3888744368943359,0.47328584819358127,0.6782916092805229,0.47388306344010833,0.48612860075904224,0.3651207985026872,0.5904773032897268,0.4989809306013202,0.3596751387857222,0.4652182071858567,0.40124260850299603,0.4165003254290423,0.4188053977452629,0.5142190490027474,0.5176057616308394,0.4531637481205533,0.4428618555518596,0.4202512425517593,0.4139524452870384,0.5379909555104224,0.4076517870976465,0.5142425785449496,0.5226881523740172,0.5769161482505946,0.5079916035005838,0.5725564165029747,0.36523121450778345,0.4769773616346025,0.38676094838739694,0.5393444366443927,0.5103303988792851,0.4353855270622531,0.5481996548606072,0.5062699856878842,0.4640870757406446,0.4710909648085863,0.5269134322219389,0.4368782192891301,0.41956136158275265,0.42901223252869297,0.4306715777179281,0.44024793228244896,0.48181562059729754,0.50989742892487,0.47096663073200257,0.5010815607196261,0.5028644855629254,0.3708837568167803,0.38609865925965287,0.4991112817158075,0.5308677208358749,0.5214718110036737,0.3824167484878943,0.44778763890758844,0.5155585177089811,0.5865567054594624,0.5429906784632659,0.5003859304737767,0.5590451420129793,0.37849277899608047,0.49760243833946005,0.3161786924531703,0.5406556175869638,0.3915884483294906,0.5181745667470998,0.5198407756958545,0.528566810354488,0.5231076319441491,0.5033509623048358,0.5293074742253671,0.5136844382457708,0.4940260185057115,0.3548391819323826,0.4843126511714127,0.5156886096991914,0.6819129774505277
0.5539979427031853,0.7531174903665926,0.5302843433626596,0.5039599778903069,0.43426390794576,0.0,0.45027552245984,0.6362832249321884,0.5237759390173463,0.5282839741287934,0.45741360878517223,0.4769832424448627,0.5902510038591544,0.5005616431139833,0.5018750331185154,0.5251566588613082,0.5425526855907291,0.46300511708762343,0.5185589457293485,0.5121412910866879,0.5106708794911894,0.4884753731991668,0.410140765871779,0.4542656847986852,0.4919591317616336,0.42440367665791434,0.42124194305803475,0.484339904634688,0.5532749870038844,0.4662761185267632,0.5666488782500088,0.5935823144205321,0.6538716046221676,0.40909227522681346,0.5573710954958714,0.5168220592118742,0.49290487521574117,0.5275397422055329,0.46685302088382197,0.5361177861033757,0.638028119340353,0.4445977429719582,0.4626167205754558,0.5369767122671634,0.5280334365913559,0.49399052601174465,0.5038946090083891,0.4943945792940652,0.4630364694063416,0.5682691954471785,0.5775142767010343,0.5960615252687205,0.45821754238419504,0.5832757027789719,0.5456897480985528,0.567130220007219,0.5494246439815068,0.5184077567325328,0.4924973940593625,0.5569853697088001,0.6543877511933319,0.4539288933858723,0.5553149961692988,0.42416471815831797,0.46072725454787,0.4647258527256741,0.4653530914198916,0.46192867006597815,0.42865728906168377,0.49327743452705625,0.5515637073119289,0.5087514298221009,0.4842752425836232,0.5451947248759572,0.5942970107800917,0.45532313274363473,0.4570446843771163,0.4583151615956219,0.4723355522825139,0.5148114574223932,0.5394012457924331,0.5155217752694032,0.5568183333703041,0.5566878330957927,0.5220469908928185,0.5869289560614543,0.4951477722697589,0.5046628119917803,0.540237517916608,0.4613170953802948,0.4924217135660153,0.5396206358098969,0.6195643001434015,0.5182325625664124,0.5303978279585148,0.5096241504793135,0.5273226188379947,0.5053583836730922,0.41213443835957086,0.5854087623966132,0.4687063344267068,0.46225418337506025,0.4300839614681067,0.4535598699716105,0.6138502347573837,0.5134053898260887,0.5463594975184,0.4602853595168051,0.5402297197371247,0.48787764330307304,0.4515374849088395,0.45366559334402357,0.6012439431354064,0.4397533066723995,0.5217133897121301,0.5865923029481787,0.5461499607718096,0.4289363606218454,0.5245858914998894,0.4399069724852612,0.49289565083617237,0.5236525317699906,0.4861903027675894,0.5682653737550892,0.5284139863670437,0.5824496654866925,0.5050224365714353,0.47239324491862145,0.5421962063349828,0.506892520548959,0.5350156390549107,0.567745197242934,0.47739606272079693,0.48420696231669175,0.46223093302269386,0.46668895173631547,0.4733158471440287,0.5271760833789163,0.4390364266692539,0.4998599753959849,0.49719230171278744,0.48375086141243323,0.5891125117130794,0.4997289063018937,0.460942389911747,0.41217993085482374,0.5528247813843546,0.4934681577663069,0.512534567957039,0.3394626957448236,0.5087610393427321,0.540596770166485,0.4446303221134285,0.4930666645602585,0.4826657484169355,0.4768138504230655,0.4848982746636047,0.5470044827911275,0.554093736950549,0.5263548682000347,0.44141948720573676,0.5836709847260436,0.43264946784928526,0.45555727480459907
0.46984400509842433,0.4708180163067041,0.4743639134105471,0.6023092352859613,0.5634193521027675,0.45027552245984,0.0,0.4943647548600104,0.48111147392669396,0.523791193078804,0.5189449763411274,0.5314722393367209,0.46448408432825006,0.4082327170148914,0.5243422158877638,0.4649067406618437,0.4422282468512548,0.4243889930063292,0.4587504307040127,0.41851093409286466,0.5245989119992372,0.49234558041021353,0.527650976187454,0.5198506461225864,0.5793254603920132,0.5119661535098451,0.4547123487521454,0.42245778940845624,0.45384797539773314,0.4480661767319538,0.53370492954244,0.47054270582736757,0.48512571337218063,0.429692408345623,0.48282770311859574,0.44646693202650534,0.6007317709742983,0.44976474735683153,0.5118863775730458,0.5703963873227939,0.46356173596710143,0.5190909090425784,0.46876343693245637,0.6031018556703494,0.4839249785351748,0.41003051524040773,0.4075741195179214,0.5919672998111611,0.6105318792112845,0.4408863551982952,0.5604010273550033,0.43864343739160544,0.3314224796920219,0.5259580771207725,0.5597403505251026,0.515890654049429,0.45442654046569436,0.5107432468005091,0.5127179803653533,0.4055718052649564,0.4760910959844272,0.34725683395266127,0.405288382770313,0.3986750387694455,0.4080515498959553,0.3856581441440225,0.5867409357134054,0.5058616940367987,0.41209192423077295,0.51392101625988,0.5060778423933511,0.43441919823435077,0.49798084323397546,0.5503298027672192,0.3986191411452784,0.3741286940363847,0.5954771969061738,0.5770249165880144,0.39671017789073687,0.4534043642599831,0.4133726292869754,0.5540541443618069,0.5134378334513688,0.387614453268183,0.524205856322874,0.45525327349111316,0.5814773172775632,0.5090843304923696,0.4123414377289358,0.48746649062852404,0.5472187459869335,0.5439550206856172,0.4870964762148412,0.3878237448390013,0.562030132841035,0.5554039167905325,0.37522439879340674,0.4871495397298863,0.3867427358883575,0.4609501596924682,0.4403098734550617,0.5700006205826613,0.6100562282593368,0.4867590326439227,0.4378397756648857,0.4268577907272512,0.43840701514500474,0.4683756594565001,0.4430147931581715,0.5576460361133483,0.6100030655959104,0.5225452908267518,0.5491289348545214,0.469836246081714,0.3762543568837952,0.44210916978630554,0.40434955642996634,0.5183478740454822,0.5154827787102277,0.4041655303271508,0.4872370563260239,0.5224001948916922,0.4471355103785573,0.5423294002484683,0.49881408730316457,0.4897673650484134,0.4210922918544797,0.445216289881078,0.4354174024456261,0.4543217804831431,0.421174290607004,0.46165932635448725,0.45348571295856127,0.45918146056178666,0.5027344030612942,0.3863083617132649,0.3914932436370545,0.5249677497764139,0.48121862776125496,0.5400392668678123,0.4216247298422547,0.42395053733784416,0.5450719071129176,0.5210238590643659,0.5454728706842428,0.5178172784577357,0.5248061499438752,0.40918699158225574,0.47718732255583085,0.29171028315303715,0.5790495340398404,0.4109594499092265,0.4354310762842439,0.5400194619181484,0.5627046572081256,0.5638497338396093,0.49964120606946477,0.5931051389533527,0.5848185662426332,0.5347459599815847,0.37937034878534726,0.48864228395540626,0.5230198055469925,0.5375047823012044
0.6184256404840627,0.6824643714323194,0.6052878177925148,0.5330425490927956,0.5026221273261057,0.6362832249321884,0.4943647548600104,0.0,0.5908053120872279,0.5942771616657992,0.5295627303327485,0.5425730339550717,0.6594429696165752,0.49260551918195755,0.5444051981186717,0.6459799446530551,0.6278527504500906,0.5148587170215916,0.5652953295955212,0.6058728374515883,0.6222386237027392,0.5417631366547258,0.4925461726532637,0.5374287164682833,0.6066131730897462,0.5001946615453319,0.4822234975553617,0.5426685480330717,0.5486565673132429,0.5326895003624156,0.6354647407058368,0.621709107706171,0.5687677599480752,0.45533995825389295,0.6032057231416081,0.5338245497788495,0.5978303254547314,0.6327368107633226,0.5273140585689245,0.6656402285957201,0.6631028395044409,0.5096455674501379,0.5494632156628046,0.5943213406740601,0.6300762211360271,0.5363113425574285,0.5141974190762295,0.593178008414814,0.5628731281654787,0.6207474128747897,0.6402919026396682,0.600523098745777,0.4169874242082778,0.5864791212617135,0.592625745318812,0.62082465033126,0.6412669333595694,0.6055253105789232,0.5546478560779396,0.5529705789159972,0.6694026752093007,0.4248208229677143,0.5532145771847762,0.4636955923041406,0.47833536103189006,0.4847196322224123,0.5358068893127459,0.5098573128161927,0.48275619375615386,0.597973748040023,0.6202602334360907,0.5525527514967891,0.5403120966517395,0.648721128908569,0.5960255504533278,0.44900897668443623,0.5324438112102636,0.5234857651325607,0.5356991761499913,0.5450986222888526,0.541507428753745,0.5749705662277308,0.6269541023527405,0.5725385560784652,0.656613241290766,0.7450787084590826,0.6091593575902194,0.5552324668741906,0.5523661416594484,0.5178067220715697,0.5682756956917207,0.5456129787948036,0.653313138182702,0.5073348286129353,0.6098616566787787,0.5436112245187074,0.49423925362118837,0.5672413667503164,0.42119290340881294,0.5853424740102889,0.49090935582485357,0.5706163734552803,0.49155921849598105,0.5034637237260986,0.6269688560521363,0.6034755070394621,0.6111315221852469,0.5678147801618608,0.5759783405672319,0.5855551101305551,0.5043489354619859,0.5477292250804757,0.6346955248572863,0.5144773487590378,0.5116304352426283,0.6483490870509605,0.5510165362062059,0.513455749961164,0.5681121475899582,0.4495921642608947,0.5911348763320621,0.5908950346298932,0.5630927906937953,0.6339798547350968,0.5863643462282431,0.604654188237934,0.498992997871829,0.5078883589158354,0.5743930501062474,0.5733534793506246,0.579383782503378,0.6771347216471918,0.5436387441896964,0.5096554620220555,0.5529050005688783,0.47302076885833827,0.5281910198080345,0.6138836468506969,0.5577150607695659,0.634416436257136,0.4722630346850917,0.5036591060231284,0.6314562571474931,0.5584931859142197,0.5526857031869606,0.47228612152616956,0.6377450023963279,0.5039011577039391,0.6413492657797236,0.3437007121435673,0.6254777549553197,0.5153067944156551,0.5054678308092538,0.5926647238458664,0.5865830053390967,0.5846512235036405,0.5677804367010367,0.660748194246104,0.5613290997664065,0.5700374220800573,0.4488238938492553,0.6402958883579413,0.5177985943810861,0.5404246344061439
0.5683682927210576,0.5603697532916235,0.5389559426009416,0.49591147435637417,0.5715303366521599,0.5237759390173463,0.48111147392669396,0.5908053120872279,0.0,0.5157497512621275,0.5524541128177177,0.4693202741689532,0.5548953737155371,0.5153786806792789,0.4890263842470447,0.5670845712000151,0.542178458738435,0.4986467096945454,0.46353512444432554,0.504080867562995,0.5159691559147419,0.577679457741758,0.461872780282633,0.45589696889251613,0.5178278702944922,0.45065736512827803,0.5341873270467015,0.48711735971524434,0.5047933988198842,0.6016015335632092,0.5340576576128737,0.5222351186102467,0.4845551242147519,0.38719219689306883,0.5628626531710555,0.4793224670134232,0.5484359070190452,0.621119080772442,0.48468790755045854,0.5551918258551354,0.5054548323951884,0.5710951683464862,0.4631588460240127,0.5093228280966019,0.4858657455754213,0.43569190162812177,0.44194172748527444,0.5116035626703455,0.5184205876753166,0.5363603431848506,0.5386761013098452,0.4736415091986651,0.392084441379274,0.49361867178403174,0.5143436453032726,0.5869127875237307,0.5312238663127186,0.5859756127795432,0.505433127647874,0.4788504963343656,0.5340079521399949,0.4032621233530509,0.468792967752664,0.45520923622484283,0.43937091638204695,0.4114531533684069,0.5124458268272306,0.4943518725568607,0.49473740625897816,0.6004823282010896,0.5581216159770372,0.5127459798848559,0.5572577532883284,0.5529437995118601,0.5463902525101243,0.3989564467980724,0.510947601559491,0.5181971058558107,0.4246222584364558,0.492788065794974,0.46395280303799635,0.5607916590782959,0.6038110979609168,0.4853315691716066,0.5648934336470284,0.5771386634035067,0.5810251815411559,0.5295388993275384,0.4612499689463296,0.5057197637969743,0.6231489751815371,0.5031059925413294,0.5811011432318024,0.4330956225888583,0.6648938451841938,0.5011131091498646,0.4321359866966689,0.4598989337928377,0.4366542055165004,0.4724412671679732,0.4723222139501257,0.4936448049790939,0.4470887142397059,0.4277870375158208,0.5482871916136387,0.4717416121324217,0.4650540307778425,0.5024473395370668,0.46587183064074555,0.4853114172866611,0.45040487646930844,0.5352289088905352,0.568937120107023,0.5905338461019849,0.4317805386078108,0.5720245887150482,0.4486670041581556,0.48682115061664105,0.4722254332605224,0.48090868746577914,0.6183695047456357,0.5610370871956409,0.47961215612075003,0.5288047670470609,0.6628676347017374,0.47769689709187774,0.48223967628041114,0.46059155066137303,0.4519923882345024,0.5138659464669093,0.630677498517256,0.6248240299210363,0.5615620952684358,0.551442698682142,0.48303791650047373,0.4397833642512611,0.4359435716202392,0.5299489526549145,0.4813727520841939,0.5590562551314394,0.4267840515720984,0.5094935254167583,0.5948241346266259,0.6004793506428031,0.5163850107644753,0.4364001192712969,0.6300085940525598,0.4444691008615193,0.5065729848023656,0.34104875333374685,0.5369566444772237,0.4713889721801501,0.5145847697951825,0.5202552424527729,0.4850942497942579,0.536473699925526,0.5365707942497213,0.5371351291829188,0.5477559837872454,0.5483390009801268,0.39969493497914543,0.5912148238501719,0.5168015092577358,0.5947830506562227
0.5523721577833179,0.5466703433543354,0.6053067099508105,0.4884233692544385,0.5014356336630573,0.5282839741287934,0.523791193078804,0.5942771616657992,0.5157497512621275,0.0,0.5064243735420658,0.48133079975525084,0.5828039319048189,0.4426476624889258,0.5536264946937345,0.5559360417322148,0.518178415266596,0.5263552787877955,0.4941877937560788,0.48897881246503183,0.5306037059412578,0.5330570398228086,0.48563281145713605,0.484568587811119,0.6471138442777293,0.4528748750948762,0.4627551696125778,0.47470441937979696,0.5571403314844761,0.518355447239616,0.5499164583212149,0.5675633933341929,0.5032610767401914,0.396496150536882,0.5004305100334872,0.44659198097092023,0.5954044740408533,0.5195104120324099,0.4596167864429491,0.5727955888428953,0.5144323381501031,0.4905640958217198,0.5645833923763693,0.5407169962479176,0.5079845901421366,0.4817032247973137,0.49029565195582997,0.5807977259968111,0.5768999066745516,0.5019373170561126,0.5694234321699027,0.47701028909537413,0.38660389408268303,0.5024247406766775,0.5468177787640682,0.5320504134309226,0.5128809797075681,0.526247760743404,0.5849944407051902,0.4459103948516817,0.5379347425523613,0.37974351726629885,0.49311068849693995,0.41096960519320175,0.45611224664282674,0.44566056730644127,0.4882440095649791,0.57760332882937,0.5167849282537793,0.6219765863625074,0.5516944761622026,0.48734236811110404,0.4690941550348741,0.5762366834069473,0.4945556384918196,0.440759180457576,0.504609971783204,0.5136003797272707,0.45845811826693367,0.4932718949582092,0.5249291462540249,0.5028513209893628,0.6299817802088655,0.48066572874706626,0.5145387468949868,0.5240516905274929,0.553086302766756,0.5658236012389185,0.5006010751561876,0.44105557162714015,0.5277102051650974,0.4814017882626343,0.5831446562699004,0.43725631255824937,0.5363870814509585,0.5672076275758505,0.4139964723887071,0.48061205964742065,0.3744491372817743,0.48597077310713926,0.4417654998328793,0.5662314234570894,0.484400661110086,0.5531456711909849,0.498234565078563,0.4980999764105547,0.504662545915202,0.5204026440613514,0.5283068731597429,0.5336348694594154,0.4665520890402639,0.46961050953842676,0.5463772460547123,0.47604966497917556,0.4387050857410868,0.4913291560749535,0.49610199666183563,0.5946603572180444,0.5222687742066493,0.4033307175259385,0.48650155443801907,0.530592965888008,0.4500955601128934,0.5841439740515895,0.5040748975792185,0.5909669638967671,0.41946564316507323,0.4343771082638097,0.4781090621645911,0.5564659768916831,0.5109495258093033,0.5401990579258116,0.4694390683381589,0.418799337132034,0.48682814232611,0.4611605874891815,0.48137279236415614,0.5305973263674842,0.5255358837863316,0.58690691166253,0.5047384355714389,0.4481987217052243,0.5203070195714888,0.4924776360422087,0.5090714697212088,0.4558873907790756,0.5147207113212329,0.5169192581089493,0.633100050687062,0.30543020279394895,0.5187807855935291,0.5225359728454099,0.43982469345945613,0.5982110116876992,0.5552636915603408,0.563435694841968,0.5266034198833385,0.6070472201861916,0.5355242601334763,0.5284382038803223,0.4802548215268742,0.5452886343141427,0.5056095102936818,0.4846509147338372
0.4896127982968669,0.4846055883387521,0.5515595432003921,0.5477819997709623,0.6681435530414432,0.45741360878517223,0.5189449763411274,0.5295627303327485,0.5524541128177177,0.5064243735420658,0.0,0.5732137822494434,0.4842359667078576,0.4262919882462839,0.4431602960679836,0.5696772885451289,0.5371110566230208,0.43995311761531586,0.4887920628335222,0.4700542532649692,0.5499224921242919,0.5795405876792286,0.5718780358693517,0.501032597475303,0.5776817915042254,0.4778770068647313,0.5761821341610337,0.5258354698053435,0.4809608172375847,0.5548094889702698,0.4755214025079447,0.46918000647991487,0.4305232400306899,0.42939984623116567,0.5157505800059429,0.4585025224619975,0.5421789647004176,0.5197628914196768,0.4989516708493151,0.5499167969510115,0.45079114664612585,0.6811816096557154,0.43943892664623535,0.5112050711003847,0.476998297361395,0.3855828154667763,0.38016104656810945,0.5654731802430593,0.5800401946833574,0.4576626407028112,0.49103488820157243,0.4366192867004053,0.3270835508139842,0.4971154909338805,0.531168464801149,0.48758447375274716,0.4745295053233955,0.6932382878930824,0.4705023249041319,0.41286948881248836,0.47656666607733983,0.3355597269533337,0.4095678414606611,0.4436149626348865,0.37852215076503476,0.3633925613444467,0.5035352642778212,0.4277355993244419,0.4679013422721901,0.5736756148638272,0.455425051702192,0.4261250239309068,0.5713472113510413,0.5437733087824902,0.46363790103765135,0.3423775278004889,0.5522139022091161,0.5292099235211111,0.3864527694633663,0.4169313770916912,0.3901405049928597,0.5043148020540317,0.4842964092398764,0.41124056344679044,0.5459105222351389,0.5008581796721382,0.5930410890293824,0.4504828379005565,0.3955526303231313,0.4648454370752717,0.6285467659989746,0.4574597216706494,0.4979765321044727,0.3759263918689194,0.552992895359612,0.4794413979340098,0.36595305927779176,0.47355784520708044,0.3943554590055695,0.4234166596706237,0.4170629666993816,0.5084932224827284,0.47664285285800184,0.44467585302690826,0.4480582776925452,0.4261564895045106,0.4265154707167747,0.5882485389074559,0.40407883293874514,0.5349882029013519,0.5409115239911491,0.5515551378024361,0.5059466954542703,0.5780047987417812,0.3713957535763511,0.5112762341260463,0.39766425675062955,0.5452439879822101,0.5420463822511082,0.43282274083136835,0.534389142750525,0.48009797287514727,0.4894842210843299,0.46479488101753386,0.5053895995238055,0.4462875091779214,0.4206673784055102,0.43603759498319855,0.4595463788589567,0.4220076757483878,0.49795269220089955,0.5285302517763463,0.4823983127074709,0.5092591650098635,0.5207897973292825,0.36140135423713277,0.39544749758396186,0.48314400946436015,0.5529170689019142,0.5076393723973548,0.3748134652915188,0.45715783136759025,0.5126920260105777,0.5661744852492769,0.5270279081346602,0.4739150738014464,0.5418609052075793,0.3741426706481273,0.5172883832942967,0.3320547717144262,0.546678910144624,0.3908825867096713,0.5851868922526811,0.49472344306131666,0.5297363636550023,0.4999093263157154,0.5474467629317202,0.5263877547999051,0.4990600821360799,0.4963159427624616,0.346605936860193,0.4834140710486491,0.47190348757488854,0.6814569913846104
0.44601586605359034,0.5101987652299257,0.48778649586312745,0.5919420593040244,0.5200780805099204,0.4769832424448627,0.5314722393367209,0.5425730339550717,0.4693202741689532,0.48133079975525084,0.5732137822494434,0.0,0.4539768791627855,0.40657485760193723,0.4519379043162008,0.5132841771787834,0.482277411287303,0.38838796913701024,0.5113733079998304,0.45499153816257637,0.5621785785357994,0.47823745900345044,0.5324944545950815,0.5499631660525758,0.5613559350192667,0.5242786472551237,0.46825339888440914,0.4644355825755718,0.48987883189298875,0.44999357141062246,0.5388884691910593,0.4621912062816158,0.47864568514340355,0.5204727373354645,0.5168592398189575,0.5157182717473133,0.5338882874772879,0.48487796598203886,0.6103839295390483,0.5416378555725578,0.5079440854986665,0.5073276556257399,0.431312008982881,0.6009020600316622,0.5369034638699012,0.3972766117168244,0.3868212288496683,0.6079014110573977,0.5388153244231088,0.44798705462994604,0.4973882510638319,0.463584944285504,0.32219847945285746,0.5664325204025021,0.6031151418320944,0.5056146203645323,0.46314469243299433,0.6117256545418239,0.43686525233928314,0.429111454397639,0.4904578788826355,0.3460491241421905,0.3993012228772421,0.4414729762355221,0.3710029165866875,0.3676036829208034,0.5257090108374554,0.404966301186655,0.38676871156983844,0.47990315767910763,0.45161468091553053,0.4284703384365334,0.5023662723929726,0.5142335360849315,0.4247122926335965,0.3486655734897517,0.5365891153932096,0.5483893564200679,0.4132997236581439,0.43716214618313204,0.39183009067941177,0.5001886009836061,0.4663031698410464,0.4131367900161272,0.555841957336057,0.5123943477581602,0.5746739792878747,0.4274316851415339,0.403553612804187,0.522867045496457,0.5154575777186493,0.5252862998905099,0.4846980966261334,0.3860524212670954,0.503675365376213,0.526348957468976,0.3881136026518707,0.5724925462523386,0.4057229207535539,0.4562825169338418,0.45096408057094145,0.5158163283305685,0.520231205783214,0.47997873300474364,0.44653348148661415,0.441055347377494,0.4505777760547461,0.5341928627515345,0.41918272347187957,0.599073570541308,0.6574978727870129,0.5558782082607999,0.5042128516548967,0.4907306014619914,0.3833899013501246,0.48497405719710485,0.40484155138778766,0.47772416217072194,0.5712235428333916,0.4241216361577619,0.508933316819916,0.49782972353071253,0.5245890707622974,0.48844705744292877,0.4864486486623428,0.5028065897909932,0.42892954285986634,0.49865239621883195,0.5343820055971868,0.41605561662095486,0.44176417596987294,0.481769265420512,0.4669314322894691,0.5269448181341465,0.5649721958752535,0.35783557359964746,0.40904595999038396,0.5162013725528213,0.5262359322815441,0.5171912428035649,0.3800306073546077,0.4517315237608134,0.5170270080471733,0.5369618114655587,0.5740512360163051,0.48752203410208883,0.5599894503473967,0.3779396466990482,0.5140405502348463,0.338557798905536,0.6006501096311065,0.3865533243581102,0.48833880185946055,0.49219686252627054,0.6039664264297465,0.49938131280282544,0.48710431107661456,0.5706295004070617,0.5115473245189389,0.47823172915731116,0.34412504395228477,0.4831930542565141,0.47462922902302135,0.5458914558834159
