0,1,2,3,4,5,6,7,8,9,10,11,12,13,14,15,16,17,18,19,20,21,22,23,24,25,26,27,28,29,30,31,32,33,34,35,36,37,38,39,40,41,42,43,44,45,46,47,48,49,50,51,52,53,54,55,56,57,58,59,60,61,62,63,64,65,66,67,68,69,70,71,72,73,74,75,76,77,78,79,80,81,82,83,84,85,86,87,88,89,90,91,92,93,94,95,96,97,98,99,100,101,102,103,104,105,106,107,108,109,110,111,112,113,114,115,116,117,118,119,120,121,122,123,124,125,126,127,128,129,130,131,132,133,134,135,136,137,138,139,140,141,142,143,144,145,146,147,148,149,150,151,152,153,154,155,156,157,158,159,160,161,162,163
0.0,0.8653139287261165,0.8226624462182718,0.8245820541556259,0.9025716772467285,0.8278011086946837,0.8136941151929803,0.849589395028014,0.895907343916326,0.8057541718806019,0.9012297214005661,0.8246714634517422,0.9129469783019802,0.8350775586365166,0.8086034136885568,0.8981161759302818,0.8963712289819797,0.9546211589511056,0.8677608237595671,0.9545883616410081,0.9091681535180434,0.882394721282493,0.8688866459823956,0.8135709685586591,0.9007538598086853,0.758392379199249,0.8631284613414048,0.879387057208373,0.7935883037521597,0.8909212529042515,0.8246651473517682,0.8802583794638982,0.7892718640749973,0.7575871456641958,0.926429255189256,0.7901904680362812,0.9052560740818456,0.8863466411187304,0.7425631495102402,0.8692094296026085,0.7912772780909709,0.8621596617952895,0.8685427165823216,0.8216176825868037,0.8388470832223996,0.8338620687063044,0.8281455651201501,0.8409026161317873,0.9055067289370664,0.9110677042249292,0.8936946023344036,0.8708171868480119,0.8446611621454996,0.8217695708830801,0.8088109707739743,0.7852268527813907,0.9500063826389638,0.885304061280755,0.8739461084358499,0.8614942099576389,0.8136020645618737,0.7017206250527925,0.8865010493986779,0.7992455840128624,0.8304463930009262,0.7996273256407163,0.7882408432396273,0.8347850354557941,0.8707248330680782,0.9009299052820652,0.8834144414069242,0.8540108544627243,0.8551690457225448,0.9018150031371419,0.867947639241368,0.8109102167861661,0.7961857699388142,0.8407812586710709,0.7579696192950945,0.7008232894189795,0.7671148024660521,0.8881773644716774,0.8622938691541567,0.8046637213030156,0.8791161242373813,0.886968405631566,0.8667040138087626,0.8916393993983939,0.8483709481010959,0.7217845370152268,0.9297183488089622,0.7883287749314081,0.8981048813849773,0.8488712538670448,0.8942258452029692,0.7846073439244265,0.7063109331778468,0.7673762469289194,0.7421952506341298,0.8047764517723631,0.7501621872871477,0.7478828213776414,0.7504244783103947,0.7578169688204253,0.8857700248746015,0.8348836647594432,0.7705066100802644,0.8569166056161027,0.8235995542899724,0.8164287514307161,0.8173057159994963,0.8643824105794693,0.8465390822090942,0.8236900291712,0.8443322958840628,0.894926886618972,0.8782680580686477,0.8720197634796004,0.7928144479158903,0.7760941790512457,0.890719117954214,0.7623704362911178,0.8495104091973786,0.8512552674721711,0.8418913451072705,0.7720157452162912,0.7462436533990551,0.7651326245891389,0.7742300297692081,0.839390308039424,0.8327262208785293,0.8467070582706101,0.8217424814448171,0.8299744330254171,0.8066432127410501,0.7725888638793963,0.8558402294665476,0.8462497209589747,0.8626665399731946,0.8661006275146744,0.7887382945633715,0.8184551939737852,0.9125582834936131,0.810802873440064,0.8339804816933952,0.8418272045937463,0.8438443710838054,0.7271090451700395,0.8722388542324669,0.6872055224681181,0.8813483740365694,0.8456566238531795,0.9115173938272096,0.7767852225180906,0.8103421192842345,0.8430858552931662,0.8700402429218278,0.8062028380849469,0.8403161323854904,0.8199333799851622,0.7082290637350829,0.9182284321294888,0.8650772033071722,0.9417821242573822
0.8653139287261165,0.0,0.8538412653746075,0.8281871189503263,0.814321197231318,0.9090065633831045,0.810373291589416,0.88912240331917,0.8440122710575269,0.8889798827236881,0.8348645747584434,0.8893544944956763,0.8950205435254575,0.8460300163057068,0.8096483041341258,0.8690067793535888,0.8319646219144501,0.809179095091146,0.8127506276372939,0.8645819694744686,0.8564079947903084,0.8642409680030794,0.7984984626709037,0.8172373111988319,0.8684962303119722,0.7385152536315794,0.8397837144672462,0.7969060470162893,0.9138264196610382,0.8242210790228303,0.8650184076949838,0.863096816760171,0.890769463258999,0.7566609807767981,0.8729609274409418,0.8426084700058318,0.8770756785883627,0.8437885185966997,0.8014889465681329,0.8588646479853329,0.8646065647641092,0.8006936019446136,0.7530588810740444,0.821873336774214,0.8736859430479537,0.8154444256481841,0.8453018852078835,0.8238546194819318,0.8238837479630003,0.8371083302602271,0.8250463431616278,0.8340734958448709,0.8271401623982955,0.8841379494727747,0.8425442158653514,0.8720474853099863,0.8351055242626266,0.8549372798193685,0.7949199968504289,0.8807584478790006,0.8577465488475242,0.7388599692622387,0.783596390870232,0.7898702818283757,0.723492114857904,0.7254654689283664,0.8151975747910182,0.7982577848449408,0.7585272617027008,0.814597630644358,0.8339067042280099,0.8270354616528864,0.7519377509437946,0.8488078679058468,0.8359168430597453,0.7907333173848398,0.7710257806888942,0.9144155873441268,0.7312706319123244,0.7271190968708933,0.7981184056491635,0.8160064494668227,0.9251532570146147,0.82424058955639,0.7778732162007639,0.9105589265590633,0.8064228846060345,0.7897128964801264,0.857723321084585,0.8363808489091648,0.8126226528049239,0.8517478139438389,0.8770698560371154,0.7987849214542924,0.8149413848416677,0.9050014540786552,0.7577684021520306,0.818876336774267,0.7452567728419625,0.837811168447875,0.8097121602128877,0.7128521784936622,0.6790990220179092,0.8001226441204474,0.8237898818940999,0.8290743743526539,0.774295536460098,0.8233438984902456,0.8605201847765929,0.8657203463472299,0.793955645843285,0.7670935201917523,0.8167218708499726,0.7889996439558427,0.817019329229257,0.8803509226632283,0.8355442813362901,0.7971765517385255,0.7833741276131851,0.7948584110859721,0.8280040292429593,0.77211187910525,0.7961456179407457,0.8742037743387282,0.7862964695411302,0.888389768181694,0.7557438867871958,0.8727714867497772,0.8498897132690679,0.8352033208763422,0.8479384009868164,0.8140726530929402,0.8001702370801491,0.8284565197613768,0.8016104102813065,0.7365673990630536,0.8654046887571482,0.8437424858255539,0.8290469209096524,0.8372150066064576,0.8152409186079037,0.8475581586265314,0.9126654555898122,0.7981293071854361,0.8682585380559215,0.7654081972111482,0.8827759218196949,0.8323083263640697,0.8856504381938295,0.7319210062702017,0.7904299491559605,0.8528136658690005,0.8199030666113774,0.861280993691587,0.8400242873714023,0.8283051166036868,0.8255251941851424,0.8780361873275173,0.8378056224580079,0.7554969619505872,0.7462527868669653,0.8626297847753094,0.9389118286972897,0.8145502066956767
0.8226624462182718,0.8538412653746075,0.0,0.7961577936586188,0.8209381228008572,0.8459384182508585,0.7115600589110247,0.8725766176350898,0.8026748089105812,0.9098723256752489,0.8615447209691429,0.7812192909888782,0.8768299156563543,0.7786979195176996,0.712557569776208,0.8826736996706772,0.8689794701566628,0.8488160961629522,0.7563226421350876,0.8121684910540821,0.875685175172565,0.9190365281701453,0.7607725313266798,0.7281695356759778,0.8503484036847433,0.7068356251081815,0.8351770232632938,0.8084630325535824,0.8221063457644852,0.8008172128286422,0.6973279120644181,0.80387794440976,0.7501082647796838,0.6552049263949636,0.7692041390075626,0.7498175090468616,0.7959653470299326,0.8200783327585307,0.6592750334178057,0.7997877330068913,0.7453819819590655,0.8769559482771749,0.7526239405483011,0.7037933272001713,0.7795973287345149,0.7247453704256556,0.7704429609310537,0.7714038729849516,0.7631056275949982,0.7945347303367764,0.7612365995289424,0.793069218228082,0.7379003445892418,0.7993764807756449,0.7439743306408293,0.7623854554255961,0.771124783736579,0.8813268383384886,0.8053054501827307,0.7458077739333877,0.8160146235875982,0.6454034878041711,0.8276779375866161,0.7560948975321699,0.6789789972986716,0.6865155766778667,0.7302640280685552,0.7936610542578548,0.8927012751167399,0.8901621251158871,0.7674852325444457,0.703290949684676,0.7976705448693495,0.8654512988233928,0.8773253913075217,0.6405139981433116,0.7413639100451294,0.7894048339020397,0.6629371519849451,0.5817724723996534,0.7809367518845717,0.7655222091302704,0.813404758575825,0.7944210651755113,0.7510635289435174,0.8436917776780752,0.7983595388655089,0.744116970745109,0.7444458560242162,0.676283381498815,0.8417991217192133,0.6851323302798267,0.7858252479479928,0.6649278528739541,0.8036777256170321,0.7801846037814026,0.6688593502780794,0.7483836260161244,0.6486614452231426,0.7298441790876977,0.6333753421955832,0.7230330041298284,0.6633636543576534,0.7898466273806058,0.7694969777051772,0.7828365088957107,0.7482340353550809,0.8729015450519683,0.7482918699775205,0.7818960388911981,0.7154167995511155,0.7311255505261147,0.792087018551148,0.8108819383104413,0.7177891579340666,0.8406081955063518,0.7471332504662027,0.7845915121885338,0.858270158022587,0.7455950355043505,0.7375547918398755,0.738706070165652,0.7362510637749129,0.7180691376557953,0.6793006076968824,0.7447781905981017,0.7150530879098194,0.7189092240270333,0.7903187904466867,0.7623904173295712,0.8442864010157418,0.905583264691035,0.6998956171401197,0.716814933739549,0.7494565455644902,0.6490244499663723,0.7338351863701098,0.7186405510757926,0.8468216558707737,0.7249804419953603,0.7434437310692111,0.7735640368650895,0.7936997883180323,0.8106603261538387,0.7510398093760335,0.7439389531206942,0.790339932770983,0.7284505032323272,0.8919400175631086,0.6954915099064377,0.6890475174141535,0.7416688902027031,0.8405137270646224,0.8393554936330497,0.8037188842786699,0.7519979660163346,0.7628517887337674,0.8003169676908789,0.7091135811402078,0.6858649317617459,0.748648446169089,0.725509176011022,0.8176860039259543,0.7896837466837123
0.8245820541556259,0.8281871189503263,0.7961577936586188,0.0,0.7976108482993582,0.7991969858775391,0.8525430486181615,0.8207542030570218,0.7275392436496679,0.8068226040702601,0.8693071553453292,0.8140077858255425,0.8606024304826625,0.7867793920141195,0.7848882793153689,0.8247989042851622,0.82611185401356,0.8147855769941038,0.8117288959926348,0.7764229906488889,0.8539402265971933,0.8135006440990076,0.8374669347751866,0.7996685454302568,0.8317349970741011,0.7963292718748355,0.8428677190998488,0.8335121415473069,0.8149880169054737,0.7520307755498865,0.7529781095529549,0.8149676152419458,0.8861383794320872,0.7580163420605869,0.8071291080799884,0.7800199014259158,0.8505530533330036,0.7769121047984667,0.7470221560821524,0.9003772973896313,0.8060920796194123,0.7543142991767939,0.7642361602528753,0.8052761545879271,0.8172694615281744,0.7813951746493667,0.7117004540927748,0.8094382978600816,0.8524588093788902,0.7911808526680681,0.8835119531536434,0.8211346297949559,0.7558577521890243,0.9064367142119834,0.853972150513431,0.7031257292905112,0.8245539310867929,0.8314734931034037,0.8252406119368447,0.8147482968604811,0.865234616399118,0.6632959037773382,0.8046851013314033,0.7148176856985436,0.7054122793328331,0.7304318406664101,0.8404104859129863,0.7571765582415644,0.7699908084708228,0.8289951570087425,0.7765764115957677,0.7577416429401668,0.7872503832593768,0.9106103777504565,0.7880147696901629,0.7283091032386919,0.8588993557591449,0.8658839655155884,0.7088435191643739,0.6775162470331701,0.7086060333216195,0.7982767704501067,0.7745719011136457,0.7578166494028489,0.8010716664152893,0.783957705923364,0.810132186585465,0.8082923833790849,0.796576986568816,0.6876651986120667,0.8462422596971159,0.7591103721498995,0.8415717016255899,0.7706811431078328,0.8407842476213779,0.777627829227519,0.671384782982106,0.7323650838966529,0.6693196782647317,0.8269133608839853,0.7336636609855195,0.7716388247900279,0.7781319852998957,0.7504553756479012,0.7866347478947129,0.7626278427208393,0.7752408380657101,0.7799490142475235,0.8116444695280336,0.7816557971141863,0.860377710372855,0.7741225947792637,0.8359375238329771,0.7696504221575938,0.7918286405750599,0.8296299740017443,0.7756867230244809,0.7816376905093114,0.836855380012224,0.7377202530402981,0.7666659065317083,0.8048617109007322,0.7395719959706263,0.8365931472028099,0.6980130354889068,0.8141036824906644,0.7266350259235075,0.764520786877628,0.7881314129670157,0.7751619016979343,0.7091286842229604,0.7566748532626898,0.7873045408076683,0.7602194409120733,0.7529912724628913,0.6544199896634523,0.7178200303477844,0.811753151615245,0.8271086868821809,0.7827926736288943,0.8351814406580791,0.7444570696822621,0.8655483122185937,0.7646902283568828,0.7979859463034031,0.7634256151323282,0.7372636006565566,0.7459753044930947,0.7668708033270211,0.6399294831590342,0.8105496617120225,0.7822991298406782,0.8199338828163617,0.7568375204622975,0.8175116033139997,0.7836136850206222,0.8397052099576314,0.8296241710074413,0.8906691340565287,0.819879066564682,0.7124958822142102,0.7764425332093048,0.7693293706236638,0.82420488758712
0.9025716772467285,0.814321197231318,0.8209381228008572,0.7976108482993582,0.0,0.7292797836753308,0.8029844752063682,0.7611945313034049,0.8888175850853888,0.7660805055050347,0.9002635123850696,0.7854206590562541,0.7962916984008384,0.8004856765637864,0.8054685160758981,0.8198333191408047,0.81849994662684,0.8989643685330692,0.7889793007505007,0.8525160218658105,0.8486026836578955,0.9313561847404497,0.8178623261064202,0.7705755203500453,0.8244151069151006,0.6999374916925789,0.8466903733032163,0.7874698515354088,0.7866401457934337,0.8527013751652882,0.7717884393825812,0.7712998406882751,0.7529010966016645,0.6583821282941145,0.8908786630455005,0.7733491108537933,0.8151775950745327,0.8511086470848512,0.7402930153438991,0.8094049737112781,0.7615155833958202,0.8635527057895311,0.7989176911915431,0.7946583869776439,0.745421844234037,0.6991114247821902,0.7484321007139664,0.8086809247780562,0.8507009846807403,0.8642405329580702,0.8163093252833746,0.7604370050989041,0.7639385142235117,0.794114875920463,0.7789348769918524,0.7104388036093647,0.8360180881689472,0.8584819044922567,0.8375286802650597,0.7661135298314052,0.7108780469228344,0.6341965564059763,0.7884648120694348,0.7998707307049098,0.7800010167488709,0.6573981916259279,0.721543857987637,0.7840927107342855,0.8681266355151295,0.8528557634638033,0.8162087648784614,0.7935526649274708,0.8098509107960925,0.8217839146112992,0.7962664224589172,0.6685396192578089,0.7357228745792429,0.818740026187507,0.6445659407742468,0.5817699375243011,0.6502540383535101,0.8762631070565906,0.8094201015645175,0.7036167799927873,0.7809259151037484,0.8083683644409879,0.7727036707917709,0.8278127619141552,0.7006126196490349,0.6709244177305228,0.9359394795465347,0.7489168878189311,0.8676951525191805,0.7075557694770929,0.885659232358306,0.7672112273844862,0.6413027046029678,0.6901064503834317,0.733252677560549,0.6859263073571157,0.7034314618432504,0.6815150157582464,0.7153593379686787,0.743045921530879,0.8064939636381683,0.7089108735523263,0.6556306397945122,0.7886414841468617,0.7312546064260238,0.74383270641616,0.7657514919348894,0.8493434907813227,0.7387589111536814,0.8012365883948382,0.7219270216476994,0.8033620273885672,0.7244220416800787,0.8623168801866693,0.7475442882452338,0.7457251687563202,0.8939857560797939,0.706101724546238,0.7425879126258536,0.748503569722018,0.828898431943539,0.7087445143253792,0.6895235393030122,0.7092738950558269,0.7082516621957718,0.8004526714115673,0.7842451582100236,0.7872712566690292,0.7224171611589254,0.8275660861540772,0.7898300354425631,0.745831121148085,0.7454421960674883,0.8205244175153962,0.8369976643242056,0.8134847605686302,0.738505412970773,0.7779963380734005,0.8509010069725288,0.8558850606360425,0.7978773860268152,0.7909070895425093,0.85591410243428,0.6346483622793478,0.8136105124266295,0.6596838418118505,0.7997618342228835,0.7736137279754849,0.9206411790025515,0.7609950485338383,0.747152292835762,0.7728449903138079,0.7861206013525152,0.7125895903954811,0.817151856344673,0.7234800720126826,0.6248645768538187,0.817074269338829,0.801637581089145,0.9416211302363608
0.8278011086946837,0.9090065633831045,0.8459384182508585,0.7991969858775391,0.7292797836753308,0.0,0.7174670102595166,0.9105837794907077,0.8103185970763165,0.8631466442876522,0.8030058457848016,0.8384718004194959,0.8959161980716857,0.8118389744053917,0.6877353833606774,0.881508625475352,0.8431987656345745,0.7616875283112631,0.793608772483984,0.8121021877538444,0.825402903569571,0.7898839393656696,0.7355277513097904,0.6999132396388268,0.8416754692055963,0.7067514410847413,0.7938975413007969,0.8066386573971214,0.8392813477768759,0.8155351675157043,0.7831135152025122,0.8906378061048367,0.806825734480552,0.7437323156383506,0.7969568278904886,0.7967271706307321,0.8324852957638924,0.817080744119757,0.706440468725219,0.7616664146637699,0.7633378899610066,0.8107161143010316,0.7138234807989465,0.748591580348575,0.8206993916842328,0.7687663253132556,0.8032820441063541,0.7656020388750739,0.7494685845049619,0.7851191037529296,0.7902501712879096,0.8411164567310204,0.7909285209591002,0.8199110304560883,0.7904976016288205,0.8773270117889562,0.7963883934032503,0.8847659679676665,0.7299709919689104,0.8317544447157988,0.88996095487769,0.7695906616406326,0.8218819579279077,0.744486262496994,0.6638084518203924,0.7283798755482128,0.7631927902745627,0.7558162671289506,0.7537456698539758,0.829976493734145,0.7796604135247155,0.7491567876487855,0.7869435079407812,0.8306229905614345,0.8801990376954594,0.7647145528820868,0.7620475158168395,0.8290088535371034,0.7083856183380376,0.7592569275736135,0.8576473909487413,0.7601961258131015,0.8511568817229864,0.8591586204713908,0.7981258398987425,0.8620642989135132,0.867925879503359,0.7589850038858913,0.8710583380503709,0.7727011004554859,0.793074700878659,0.8003411565181252,0.8091823369990839,0.768972863028156,0.7783261650198723,0.8350166194088483,0.7607889640788741,0.8253820391091705,0.7226937058597219,0.8297065304872715,0.7332638711899507,0.7297591084036752,0.6714139549877096,0.7502655427402749,0.8277558496429162,0.8198232013946256,0.8012113457914954,0.824940104759897,0.7699058002101175,0.793415941810426,0.7565685876606087,0.7269932370534107,0.8777097739765455,0.8187533335617753,0.7952670891826515,0.8661655212302902,0.8506760443104828,0.7308471064369708,0.8173661126956556,0.8231678934329433,0.7305875396142032,0.8256652639042318,0.7962917440739148,0.8065655772487836,0.728259573866426,0.823439481542787,0.7956145491254668,0.8147476441777719,0.8433570362644859,0.7276881068425877,0.8749105493268636,0.8833792316063118,0.8057981287140223,0.7924431103067094,0.7157524161726324,0.6501689142621206,0.7912173146673301,0.7186180494009232,0.7347511995364574,0.7549125817108376,0.764582101717378,0.8542920437998013,0.8532438695602587,0.7833542673418352,0.7881052225679065,0.7373072062536605,0.7985840145467488,0.7999833464292282,0.8495941741215213,0.7644051809625598,0.7425730487377454,0.8160088764591279,0.7669144319485837,0.7657094004763257,0.8114646106880058,0.7561630815899277,0.7664868042300336,0.8698627980418316,0.7401793058504184,0.7783167781098674,0.7243310917787462,0.8366986186926563,0.8824402248493693,0.7532084982293932
0.8136941151929803,0.810373291589416,0.7115600589110247,0.8525430486181615,0.8029844752063682,0.7174670102595166,0.0,0.7336594361696795,0.7161419296466853,0.8049687154005459,0.7833155067952906,0.8342038909146394,0.7964924915601911,0.719511727896371,0.8715467903815147,0.7429059370400116,0.7238507378152118,0.7778081509550853,0.7947073891955853,0.7586062712356848,0.805183192233337,0.7754348696606501,0.867733491016175,0.8751973275440592,0.8494543048458255,0.7458994295301489,0.7710258741882461,0.740907080253188,0.7630307494483625,0.7419958287089613,0.8235811136294517,0.8066902538848804,0.8165444956665533,0.7790707385759408,0.7887599548473556,0.7235176484658232,0.8844296893185267,0.6788657580667844,0.7914753570513121,0.8810463991492024,0.7335929291487692,0.7225736133414029,0.7873592200916332,0.8270716791516959,0.8104609322697032,0.8006614787580532,0.7550476995006106,0.8148047300231247,0.9226886414632542,0.7568754908093187,0.8873417680146305,0.7226356746025813,0.7096165132519293,0.8485647962493985,0.8363581236493466,0.7214177390378491,0.7941324306147166,0.7259434866287008,0.8603253081887784,0.7816283373452831,0.7560673639088731,0.6248480092387797,0.6830100514292239,0.673737971854503,0.7570635114782714,0.722869128488507,0.8630613746223306,0.8262962078482896,0.6882711061821847,0.7360802696997701,0.7938393753906505,0.7541916486035373,0.6945563961392599,0.8534761596730287,0.6614786641013459,0.7990716476530867,0.859320389385845,0.894144470920539,0.6615983837124371,0.6749122490224599,0.6367213076542255,0.8144347518558718,0.8171509988321705,0.6278840701734134,0.7223497761552251,0.7126279386271114,0.7426955334714361,0.8443437328149778,0.7802249847616944,0.7306268052153135,0.7686825777763338,0.8218489305099287,0.8206374997330099,0.7817244601810818,0.7694974968424202,0.8084843677809438,0.6271560293278695,0.7092757419518966,0.6464576358789497,0.8063970869998125,0.7536172300455576,0.7739311502210273,0.7833966326410828,0.7481319015425499,0.7071375095901534,0.7285586877432259,0.7200367411873378,0.709300782397082,0.8361230631480538,0.8562964660905842,0.9106834365971554,0.7313011289838053,0.7601740493192158,0.6649064643550867,0.711394016887614,0.7372338053693145,0.7475965328500996,0.8528711743801131,0.7151762930150471,0.6410851391625043,0.7561543577418979,0.6681125862191476,0.6964968308994385,0.9045492743645297,0.6967407982657406,0.8142472941043343,0.664457310476155,0.7815999581194054,0.7033867015777181,0.776968093609214,0.6579218458658143,0.642613972186174,0.7117345549867917,0.6865820538317767,0.7728640684297052,0.6983448347741581,0.7603121567668247,0.8329463570975172,0.7870609234318671,0.8321683733919744,0.7741101482097151,0.6991220273270655,0.878386081748911,0.6908630379134887,0.80599840920766,0.8107621065299823,0.7469170084147858,0.7506874507436102,0.7520744693905395,0.556767065744501,0.8245485502112132,0.7501246573297882,0.7588082105935352,0.8195405602456691,0.7926682044963532,0.8446955679706754,0.8472460662755584,0.8201882579219614,0.8609269454183837,0.7976870597507051,0.6803586822678472,0.7551428630522312,0.7841725396606942,0.785994068816764
0.849589395028014,0.88912240331917,0.8725766176350898,0.8207542030570218,0.7611945313034049,0.9105837794907077,0.7336594361696795,0.0,0.8276173557875028,0.8577710537444594,0.8286452987197335,0.8747912437817963,0.9168048676688555,0.7733994681922882,0.7510293949279311,0.9041577116863185,0.8441169460970659,0.8075317727147944,0.8100550382846212,0.8516101232096025,0.8633392082975264,0.824283461889564,0.7907746501275639,0.7699800372028137,0.8760428312064807,0.7731879606070174,0.8438543218712872,0.8227384364040233,0.8001849715238576,0.8350944870099163,0.8178508310217242,0.8554968272548072,0.8247687078853883,0.7669134249173846,0.7970285319054337,0.7882693134031322,0.8834994236076498,0.8383062876957468,0.7462111610016099,0.8111439172432447,0.7922694170057939,0.800355775264422,0.7871106058295585,0.7495265348470763,0.8919748791486887,0.8334015819648001,0.804059529823315,0.7924874459670727,0.7846227143603542,0.8038957715118855,0.8055857417546285,0.8389219009389727,0.7443873406511402,0.8219640610942855,0.7908663202466134,0.8313576180471973,0.8252838544904871,0.9063697450064364,0.7381923833188362,0.8347939762387091,0.897932631417009,0.7145856823870955,0.8344829326104883,0.7336087725786822,0.6759968638874938,0.7495115291614436,0.7925932220338071,0.7940998514745008,0.7853966044486617,0.9029354600509083,0.8156821359115608,0.7482178462670278,0.7527517266499978,0.8671601396352485,0.8642192978513156,0.7417577958645353,0.792735687046861,0.8396700061779101,0.7866401403843705,0.6803764535188314,0.7829929095468412,0.7926682931723422,0.879526480977666,0.85825564399947,0.7910644470597618,0.9205134396843138,0.9064355973403738,0.7688903460312396,0.8765428933802838,0.8066452247578642,0.8114571016557093,0.7676403478246935,0.804846476956423,0.7543216235093951,0.756001482374229,0.8429259574540597,0.7427597681074343,0.8175026971479542,0.6749980083054451,0.8267110479674973,0.7185655105611014,0.8056038174957327,0.6953480925329459,0.7938966366593492,0.8163786895953238,0.8843609773527179,0.818877306262395,0.8579430622254761,0.8081992037655121,0.817343475149567,0.7621566893051681,0.7507216901676158,0.8154197975625281,0.8149648008748532,0.8105384732650026,0.8885749937551971,0.8153657813451407,0.7684663704583113,0.78042941611094,0.7727164816721656,0.7554354201694309,0.8684798104665754,0.7766930264706967,0.826112664882578,0.6894359531999361,0.8398905151287148,0.7362397304629369,0.8608315492937293,0.8240059374287119,0.7812860844223471,0.8531285432373198,0.8682795182153158,0.8146371098549886,0.7649472706691741,0.7702189717705444,0.6498389587374,0.8431059196836327,0.7664952812994568,0.8330423696839068,0.8290955623904596,0.7690779372505159,0.7906037155518062,0.8331866302467615,0.7557697345435301,0.8100562497769664,0.7725380791181805,0.8408569822699732,0.80420365669518,0.8797641373016214,0.7128498499840991,0.793200806077944,0.7625539172223624,0.8025443652081766,0.8219592992267464,0.8727256324186342,0.841342135318758,0.8083733009085865,0.9057649280043365,0.7378100075394758,0.7421212003212457,0.7150495012053156,0.7870777984193553,0.8965610642385933,0.7872266288028447
0.895907343916326,0.8440122710575269,0.8026748089105812,0.7275392436496679,0.8888175850853888,0.8103185970763165,0.7161419296466853,0.8276173557875028,0.0,0.7504279793790352,0.8297572011469538,0.774600560293188,0.8097608439356647,0.797671856686888,0.7426829774995685,0.8174982949689361,0.7955647072911336,0.8469096193644458,0.7520574002696658,0.8395491057913256,0.7815739913416323,0.8893435321380722,0.7423467841676346,0.7035963538242248,0.7922190554368573,0.64637957368191,0.8325726435775852,0.7669733482129613,0.7443094165021905,0.9073820152966247,0.7837242289413756,0.7691530541764082,0.7313991612264084,0.6355639727318472,0.8469284262656697,0.736384326761639,0.7989703618579493,0.8527597177165209,0.6999155949228177,0.732382678102454,0.7182991497140131,0.8952771541338271,0.7188264493119546,0.7180466367649643,0.734785514532743,0.6914857279262506,0.7641902429766095,0.72477417842622,0.7543004912106603,0.8111421164698819,0.7452734925508612,0.7526197540013305,0.7729651121964259,0.7253975623691624,0.7036506561954561,0.8224140077406794,0.8002670449620587,0.873903432740043,0.7242715231034553,0.7646733273217247,0.728898620882869,0.675118445968751,0.7730867734236934,0.7521051661275342,0.7194854830784432,0.6415818099289539,0.6964308720894127,0.7780405256444948,0.8095394665889036,0.8702979227155413,0.8150383229552629,0.7536038143591296,0.779127183443156,0.7665395689652372,0.839340084051236,0.6781110094715719,0.6848582641015143,0.7755542123825978,0.6410143730317835,0.614973112740615,0.688850787376498,0.8617926201776374,0.8821631203531334,0.7443895359034243,0.745657057519865,0.8625586911036941,0.8098492576019716,0.7646035427813236,0.7382346965339034,0.7641432935579509,0.87614683446376,0.759561238884585,0.7991674799614601,0.700284291920432,0.8252440250284788,0.7815152453542398,0.6761516317571372,0.7050796077516429,0.7367601856948366,0.6896200399621804,0.6887619525738817,0.6471668395795681,0.6269315029203933,0.6962655784210869,0.8059430700737292,0.7265567638101215,0.6379722951243799,0.7907993386189237,0.6938113611829699,0.7205858285247979,0.6830607038835228,0.7721299146653988,0.7476340090103994,0.8347403153448305,0.7177593606705692,0.8490709235923928,0.7348580313443128,0.758743921479839,0.6785390318765858,0.8021344826780975,0.832410939006867,0.746468469371696,0.735750801313414,0.740703360666204,0.8238266042704271,0.6899918734130197,0.7098380330100458,0.7378151405218445,0.6816827644425368,0.7452619471687824,0.905997794415564,0.8379355357463087,0.7601804412256054,0.867107635487888,0.7235766800233219,0.7026883146024783,0.7723566452657956,0.7431121059065408,0.7448371045939227,0.7858020239489653,0.7004742416992839,0.7937788981344482,0.8450650437086331,0.813495898760449,0.7449596042592751,0.7368227582048299,0.9132000383706417,0.6608219241417488,0.7928640541773596,0.6990763666916155,0.7590956280028478,0.7642639695124149,0.8536835716974589,0.742526944563937,0.7212306382862161,0.7729934571846392,0.7654481032638959,0.7441080259688351,0.7406118321141645,0.6953347091284476,0.6073455697470445,0.8356315179273128,0.8498671030619537,0.8920389825093146
0.8057541718806019,0.8889798827236881,0.9098723256752489,0.8068226040702601,0.7660805055050347,0.8631466442876522,0.8049687154005459,0.8577710537444594,0.7504279793790352,0.0,0.8305297862651055,0.8525705608382353,0.8876571670805107,0.7467713944403215,0.7428820321000401,0.8685230056973915,0.8328078771629887,0.8067025496744602,0.8012311603820568,0.7874824398688789,0.8448425703164646,0.842911361900426,0.8245218066440011,0.7764368498510047,0.9148617105349596,0.6953357114553352,0.8294068907718716,0.8155959323653126,0.8672498568177552,0.811222219405796,0.7467773003081603,0.8602207220471808,0.7748183001322513,0.7280010694752487,0.7484313055717631,0.7262988951015702,0.8471336619321693,0.7469952409849572,0.6969292180070794,0.8295666163080427,0.7295543851953161,0.8204718030687195,0.7502125404557844,0.7248740657881557,0.8095237798222638,0.7752129849379444,0.7855993400739891,0.7824303591909911,0.8290643325979563,0.744068053812574,0.7876325890059748,0.7532691257383817,0.7245557855377759,0.8141361489114871,0.7928148149934267,0.7917181135867042,0.7680009328834565,0.8370461035366323,0.814468962248718,0.7668536490402988,0.8299466647783417,0.6386215977736323,0.7491793431973938,0.7012769073869252,0.6613839370445923,0.6990795862909546,0.7661780176964029,0.8010034280794999,0.7909860682759551,0.8387962047572732,0.735526440003155,0.7037381251157584,0.7228142218569347,0.8685621398280274,0.8072370937642932,0.7328854665260462,0.796749816340359,0.8612752011766988,0.6649849920410891,0.65854097280264,0.7749646028332217,0.7226513796751761,0.8653610093144803,0.7485609530375749,0.7209247916222111,0.795791988206567,0.7835803508837097,0.75952505511102,0.8220233460196563,0.711852060894321,0.775483691799232,0.7290229956941376,0.8034044463457188,0.7134574139167095,0.7406640389524867,0.8349637361769409,0.6392706350592883,0.7659644313084594,0.6211371943469812,0.7845551418655178,0.674573732745485,0.7602986677199808,0.6731248732440827,0.8243969076637846,0.7221015383889574,0.7873523816881929,0.7717198607084842,0.8559903599502009,0.8006158678933264,0.8573876766114311,0.7847934850927644,0.678347109496451,0.7830350162554545,0.7669085617184698,0.7134842895032193,0.8185199422234438,0.8014783931644063,0.8324819488931051,0.8202314445951362,0.7016614184788721,0.6952774669041006,0.7036020686395082,0.7168618350673523,0.8115626681212962,0.6473777506560889,0.8387676297347626,0.6855220729097018,0.7629684207011374,0.7991268124473858,0.7434113675876555,0.8085794731861216,0.7950862183233433,0.7145229344282424,0.6651170392711714,0.7343757370810174,0.6346156608873755,0.7860277957533912,0.7263168808868041,0.8235376709021413,0.7698525353336073,0.7676631200140454,0.7590376646516211,0.815421425167176,0.7226860693367255,0.7705906620773426,0.7484663987354013,0.7468264035498047,0.8335405171806117,0.899003120209876,0.6540618840034997,0.7070598818856562,0.7872335946817766,0.7833948192472441,0.8708631255391964,0.852026345248181,0.7820185072811565,0.8204707347992769,0.8851141204152182,0.7383727274714666,0.7423537728083756,0.781212932798419,0.7406350862644056,0.8334016341211462,0.7454889199409389
0.9012297214005661,0.8348645747584434,0.8615447209691429,0.8693071553453292,0.9002635123850696,0.8030058457848016,0.7833155067952906,0.8286452987197335,0.8297572011469538,0.8305297862651055,0.0,0.8271620809469412,0.8843247877255783,0.8167932832535507,0.7466887238057494,0.9272116242789592,0.9139478732332943,0.9029403613720774,0.8648258759375347,0.8750338148574984,0.8841028580788839,0.9103206678557856,0.8655684904589447,0.7705229988020109,0.88066019138525,0.7166509687657419,0.9156715753778828,0.9145640082540336,0.8598611677630934,0.8831152368202249,0.7454735938038527,0.8493235647207454,0.7591371892447457,0.7163633066161,0.860028752649481,0.7711773799634658,0.8564948046705256,0.880797981522451,0.7501067672667853,0.8466330250814237,0.75113239606847,0.8576616656620183,0.7918901872604297,0.7734030181070425,0.7760097414730681,0.7265488195307219,0.6921057149144049,0.8395320436425345,0.8851521528880253,0.8384593697336558,0.8369149277503293,0.775035216308703,0.7702139027603634,0.8345232200329318,0.8441544318671799,0.6941390407637292,0.8821301769793166,0.9287594556411766,0.8335187358679463,0.8043049288096736,0.834309717969443,0.640158081924622,0.8299289260092954,0.779219792272649,0.7145277730934989,0.6936754924706047,0.752532728471041,0.7364692697993384,0.8855589852819885,0.9254957604938159,0.7599581910188874,0.7815990096313888,0.8433190265388586,0.8933897029540745,0.8900338120327812,0.7022403271467069,0.8314295275724792,0.841822834319832,0.6740883709098383,0.6606758750634466,0.6972317077688486,0.7879998925380822,0.7991951060839675,0.7878594845101592,0.827905917004628,0.817393204846416,0.8573148888043166,0.8137862712945179,0.7705143388015925,0.6547893165048558,0.9198206947274497,0.6975648038510881,0.8984222547981667,0.7618555216588234,0.8699013097155781,0.7512983679184572,0.6504216653873319,0.6926463875764026,0.6950640633195128,0.7289742202278024,0.7239298165997929,0.757617826319475,0.691482582301413,0.7302857112782539,0.8172524877947838,0.7400542481554276,0.7328613567252633,0.8582072572298868,0.7359886956854051,0.7723138488271205,0.8110767093755801,0.8165207586658839,0.7977260382705627,0.8999563086831235,0.7606876593825715,0.8580132787428545,0.7874941261060384,0.8928391949982997,0.8198020457033118,0.765418915042019,0.8416566657249538,0.7477645673045412,0.7739128990579479,0.7791624150336208,0.7759071382346199,0.7694088575264141,0.7013200822919805,0.7265263417910033,0.7739178614776372,0.7624128230629061,0.80253392720046,0.8569721670070026,0.8376130382551453,0.809781077811079,0.7914131014297178,0.680476091726856,0.7557834092841091,0.7770429828191585,0.8688654795493019,0.8213139018604307,0.7591107537418726,0.8142782720749348,0.8401031018262156,0.830534197472059,0.8166038954465533,0.7431895135565497,0.7700402666780753,0.6910078885389223,0.8436469344120875,0.7090103745546865,0.8178674029496965,0.8153030173386306,0.9593952042759655,0.7254230775230585,0.7876364061163729,0.7764234999718774,0.8872679103758692,0.767373695606599,0.8305840233890633,0.8153622293879059,0.6487358472648357,0.8338508801871767,0.7689381446212283,0.9364722969537402
0.8246714634517422,0.8893544944956763,0.7812192909888782,0.8140077858255425,0.7854206590562541,0.8384718004194959,0.8342038909146394,0.8747912437817963,0.774600560293188,0.8525705608382353,0.8271620809469412,0.0,0.8244902654512347,0.7100778921856328,0.8025136242424188,0.8454539345944014,0.787261486155738,0.7534180350623275,0.8991187083461135,0.8452869049518004,0.8772774694406558,0.7879625958672444,0.8593227274200761,0.8619439648557059,0.9299964220107618,0.743491441880817,0.7914438701699333,0.795151500244065,0.8284945212962151,0.8231953107609243,0.8940695429548882,0.8459084491438438,0.8115668696545331,0.8502983179197607,0.8170020324592004,0.7845092012397511,0.8935100018555417,0.7661663957310039,0.8573409152043231,0.8087164737163698,0.7952373385520628,0.7609618860932309,0.7979548639163763,0.8357924879788761,0.877452638210373,0.8071666028001557,0.7728571572588727,0.8531985825113613,0.8654361318621715,0.7730504418028412,0.8203455166780519,0.7819083232410499,0.6962858751081639,0.857219761911913,0.8531983763941082,0.7883343724859779,0.8262175615430548,0.8591865124971819,0.7444888845239054,0.8119263447764562,0.8117958969299299,0.647274281354807,0.7316596712830661,0.7175023600798068,0.6843265366857061,0.707516207233069,0.7757013946009328,0.7412463012304502,0.6959619271231487,0.804762623286051,0.764760558088991,0.7489534016385941,0.6921002485585235,0.8211797001102455,0.7530919554984801,0.7740089144465564,0.7985205143481033,0.8883527906121642,0.7507379126898389,0.7049424147453675,0.6971758786416742,0.782620928604895,0.8656332733328655,0.7332524131637258,0.7691735928718647,0.8374396898328151,0.8395156167128316,0.7579531390611156,0.8331137874618114,0.8011226613289248,0.7672456387250882,0.8231643750686091,0.8325863352884254,0.7795285043614568,0.7114744441424901,0.8837241870361779,0.688185397401289,0.8289628197818408,0.6680213078491255,0.7898981796311457,0.7631593944254804,0.7956908003900128,0.732033043927723,0.8528206053501923,0.7510505513329394,0.8044595397431425,0.7733598971022728,0.8227950803541489,0.797298619218333,0.9040578745489427,0.8905132388447259,0.7538707009197881,0.743408768868496,0.7422378807130701,0.7515288348198527,0.804156617060761,0.8186551352425538,0.8539189598924205,0.7571311101345779,0.692614898020444,0.7633647622359918,0.7376414146616567,0.7782321548191057,0.8824139401998212,0.7060216424272544,0.8975336975263294,0.6655311567204094,0.8597444342725568,0.8209111287346668,0.7385419084453162,0.7624642803717845,0.737628081835096,0.7618713230230192,0.7517435829290396,0.8334967306637848,0.6629153514114277,0.8816509271179885,0.7969262846535589,0.8283743509029802,0.9007780366495222,0.7460606128846797,0.7620298009866647,0.8365101642613568,0.7200503302538821,0.8701340503601941,0.7922513608067155,0.8296252521557995,0.7636112538749008,0.8888585848702664,0.6672267256667821,0.8592046818163795,0.776030473981646,0.7999683846737133,0.798490816505193,0.9334566649844273,0.8467837943442381,0.829939502228255,0.8935572282988024,0.7718850198681386,0.748076546651085,0.6448138712192484,0.8081679429384092,0.8801446487898591,0.7989283377491813
