0,1,2,3,4,5,6,7,8,9,10,11,12,13,14,15,16,17,18,19,20,21,22,23,24,25,26,27,28,29,30,31,32,33,34,35,36,37,38,39,40,41,42,43,44,45,46,47,48,49,50,51,52,53,54,55,56,57,58,59,60,61,62,63,64,65,66,67,68,69,70,71,72,73,74,75,76,77,78,79,80,81,82,83,84,85,86,87,88,89,90,91,92,93,94,95,96,97,98,99,100,101,102,103,104,105,106,107,108,109,110,111,112,113,114,115,116,117,118,119,120,121,122,123,124,125,126,127,128,129,130,131,132,133,134,135,136,137,138,139,140,141,142,143,144,145,146,147,148,149,150,151,152,153,154,155,156,157,158,159,160,161,162,163
0.0,0.9039561282999742,0.8942084833193951,0.790103303577187,0.8336726272883588,0.900695508117724,0.8830593309733925,0.9244858546149051,0.8939874502536342,0.8461976176054609,0.8554182554944261,0.9362670635909345,0.9450027370248414,0.754034210548987,0.8968685170051051,0.8958366754898311,0.878942906930931,0.9492973975578406,0.8499524297865635,0.9316753190364002,0.8583869685006952,0.9008773115627376,0.9121575128504081,0.9100050954185855,0.9347008879012767,0.7919289602179501,0.842473249206529,0.8905124482957557,0.7037968523565308,0.8917428786633068,0.9137453868844229,0.9179033210685301,0.8251427676419264,0.8973606326045301,0.9229848836264242,0.7877329623465205,0.907996330867026,0.8519262277600912,0.8047147844987768,0.852615341795585,0.8032461064037999,0.9329607475366584,0.827743023434751,0.8020770521115239,0.9327900387390925,0.9390184039053926,0.8842007925325683,0.7794499830446162,0.9296848033279282,0.8275727006787215,0.8272626748601511,0.8616110509237008,0.7054001568940509,0.7621252151517383,0.7092670915113386,0.8733494387720001,0.8609212013077828,0.9248730813951715,0.7862761757641834,0.8925646603083013,0.785779867350478,0.7307942261760816,0.7646353954014632,0.7113111034996913,0.7492736298840676,0.7693005298634646,0.8607410846759252,0.8551589936158075,0.7952139190212324,0.9082022911694695,0.9166354219550222,0.7175193735825254,0.7442078510732403,0.8876900807841059,0.8783950270462596,0.8977447347257023,0.8073854213295292,0.8069381297789504,0.8205749546532437,0.640598094003597,0.8066204716655985,0.8798112122362592,0.877212335886851,0.8010293661319934,0.761392742965622,0.9723537967319434,0.851609614933473,0.8264671888426288,0.9323054449405128,0.8824484747377539,0.9053773470264216,0.8944955650877895,0.786329714547605,0.7880207139274064,0.7462843600970873,0.8442806156222968,0.6614903454917958,0.9148184677566946,0.7019435885935548,0.917718101592632,0.6831272975522168,0.7711575539477,0.7410346549396758,0.8458247934861635,0.7940533176956697,0.9354021922661355,0.7686107098829555,0.9302835498796691,0.879255600007941,0.9252214283295574,0.8498479303756361,0.7825533921492668,0.8737857441137801,0.8484426653308156,0.796528641798818,0.9608380042672859,0.9014509923142223,0.8517848380022199,0.7463791034824527,0.8579548742582712,0.8090013102803026,0.7346564578000484,0.8574790904798284,0.9074466614221305,0.7633519666796706,0.8292077318078425,0.7818399788952815,0.9069529250490782,0.7978721566000033,0.780561295015771,0.8798993690831411,0.8266039836132646,0.7522616690521774,0.8276685340013178,0.8226948303807936,0.6994679195341591,0.9028845394639048,0.8335860268983709,0.8438292943719048,0.9380881122188484,0.6905520725185997,0.833258527041675,0.8871755870766728,0.6942994306404171,0.8501976730664871,0.9212020576042246,0.9283068953711556,0.8280431033817076,0.8959732241587224,0.6982525100522486,0.8837013255602418,0.7490272250138136,0.8398613858567787,0.8902586633138051,0.9371197242506066,0.9255386546118572,0.924421501404516,0.9153223698379215,0.685797193273826,0.7278651977286458,0.7384055797085585,0.9251376679878567,0.932607993393254,0.9386563149459053
0.9039561282999742,0.0,0.924144669907165,0.824346929057292,0.7964517302529786,0.9146342102457727,0.9283187429438496,0.9010165588956023,0.8727245605342704,0.9122621560870274,0.8317467092663162,0.9422429301854838,0.9097713435815457,0.7757287708310096,0.9406260966191188,0.826442720283962,0.8276704450626013,0.8713634592614682,0.8369948210252842,0.8621823059340346,0.8419030612801802,0.9592131756823987,0.8552276538920676,0.9326715038767194,0.8981134986350815,0.7123754923518699,0.8287817232458353,0.8321136076892296,0.7778349053157878,0.8251659720582656,0.9025138357314708,0.8669936886889793,0.8887999339662062,0.8198661670199413,0.8657988751195399,0.7886421902174118,0.8483753158816202,0.7611836607935909,0.8466350438904339,0.8712770650976798,0.8323296985312452,0.9209324271487193,0.7156751787680901,0.7768575811478687,0.9002907321217362,0.8856634943837143,0.8341528407172206,0.7432135481515388,0.879638789241131,0.7800994722272163,0.8012972000412796,0.8080562807017234,0.7538004069175647,0.8182026441543151,0.7232049062541862,0.8813127739327588,0.8031994219704245,0.8578397496896223,0.8208795929428739,0.8853109201353982,0.8191373610462341,0.6705220915701069,0.6949338210325521,0.6748240162231897,0.7418212318100904,0.7219300687606783,0.8976732341544389,0.8273931357030824,0.7095945771313609,0.8366522770055013,0.8749662048672384,0.6678328558467859,0.6881400989002137,0.8798172480021527,0.8553070147216285,0.820938161729918,0.7959089427562211,0.8026923182449849,0.7170447793645758,0.6028198100265736,0.8008540004185845,0.8834479693111598,0.8910106793031611,0.7315132614947344,0.6786720460852625,0.9356638512650605,0.7595787375065884,0.7304476478392448,0.8692499147013661,0.9117750379243688,0.8059751629658065,0.9242212091693259,0.7804854381580072,0.7679403991263143,0.760208774017859,0.8726392501930005,0.6880815417023454,0.8744863349106634,0.6274552998490399,0.914618875995385,0.7048566228028393,0.7236685105764694,0.6436534373496425,0.840953153096255,0.7138981972299331,0.848932461027259,0.7477883128659053,0.8737025944898867,0.8867010034869823,0.9553423026438694,0.8477045146558687,0.6819022194164058,0.8448928331008966,0.7870213642924998,0.7168053143595872,0.9267395953587164,0.8313578642089119,0.8142231771607421,0.7376317343655019,0.7945795157741853,0.7577218145454381,0.66615008280701,0.7693330443874604,0.9065926891747488,0.7314574113552922,0.8631629320040523,0.7715858729590352,0.9021570849357361,0.7943667787466885,0.7684820473338331,0.8611771769546623,0.7970684741379297,0.6859113040379032,0.832680840694932,0.8452590687440868,0.7056610887129323,0.8411822918855627,0.8145972054017185,0.8208031203404078,0.8874720988262778,0.723935129798045,0.8039870585533232,0.9395107705831187,0.7167375119517243,0.81720497040319,0.8043716549028854,0.9357955263714991,0.8856562707556985,0.8671105718773894,0.6566412101826287,0.8007410442335438,0.8005381951456011,0.8410563686380087,0.9341929132358189,0.9089722096353287,0.9150918140546836,0.9430283050979359,0.9053521482811305,0.7243209938274944,0.6514637860754494,0.7783993243359055,0.8235063426114592,0.933194899809881,0.8795819778349234
0.8942084833193951,0.924144669907165,0.0,0.8276766885033702,0.8925508804447255,0.9421274839893279,0.8887460271010934,0.8813925137454082,0.7893912328135216,0.8749593478257157,0.9381934314863888,0.9388934521576485,0.9429290872088867,0.76648204077893,0.910913004756076,0.945720215252972,0.9121580739422217,0.8763144869098163,0.850268761056252,0.8570711252366087,0.9145805663087282,0.9673529632254801,0.8256447556759516,0.9291270311621211,0.8794792349832841,0.8079246158815457,0.78915157845291,0.8377787403298914,0.8317152067340231,0.8303300070642964,0.8486313344018388,0.9426986649096197,0.8770579889314987,0.8150159306311231,0.8389084831190126,0.8534234472336699,0.8817511418358994,0.847903287493043,0.9008014426665742,0.876868346421865,0.8741090751599209,0.8814177924651793,0.8314039556745549,0.8775206023783589,0.8838183456593437,0.8975641605172499,0.8525599678260495,0.88084590214871,0.8927854081425056,0.8553018869329888,0.8849818243223939,0.8726233888316802,0.7515885747438527,0.8574286505751726,0.8211656333976428,0.8019138345381345,0.8559308509018663,0.9458322854531473,0.811443884622352,0.8962476725890148,0.8458827340375953,0.7858417024209511,0.809468704154064,0.7154434927430743,0.757401172862844,0.7729856117815513,0.8565332709699943,0.8572205424425883,0.7802859121808092,0.8581411855526375,0.9221337322212846,0.6895685029735941,0.7182505304500797,0.9374375148283423,0.9024678991580853,0.7844647628053569,0.898098796455964,0.8710481300956685,0.769510557173764,0.7014369887288476,0.917749211753438,0.8444986076841717,0.8683194867124951,0.8123769710639798,0.7413009795317029,0.9067974638382063,0.8018938760532132,0.7660301403503116,0.8327469622021026,0.8181340166154363,0.9001925145419694,0.8221013590545363,0.8929188302093353,0.7889568750636498,0.7783791202656576,0.8494314880065017,0.7046881555119839,0.8272504416726493,0.6534484273714409,0.8666507822721169,0.7248702315429808,0.8128388611476518,0.6817062190866031,0.818125604835686,0.7649674878442526,0.9009843090014008,0.8286801750365139,0.8539689229916106,0.9066857431053555,0.942741190700031,0.8951054227064645,0.7559165329194881,0.8782064592155105,0.8139418653896602,0.7810004770818341,0.914224976981376,0.8189740722470127,0.8914775140675528,0.8293342161033528,0.7655326478309498,0.8565600369162418,0.7212689716723708,0.795444365689766,0.9360465728512695,0.7085707811119312,0.9186423787141407,0.7972541303663234,0.9236342798017774,0.8576212885778712,0.807591503242846,0.7937160897284231,0.9061949599978601,0.727564106453674,0.8125492484023276,0.8713503913201996,0.7839988904633958,0.8401559800793647,0.8282147295851254,0.8258257627335658,0.9174311158669296,0.7258192968903391,0.9220105493857671,0.8657033614962056,0.755497583824372,0.9185893751885248,0.7933749385704438,0.9174075480796469,0.9210141632588369,0.8682541302080815,0.7404108446562652,0.8095445468709735,0.8200648156135109,0.8642628064018195,0.8971165011206786,0.9237245927638906,0.8847914188506928,0.9283395079023639,0.9181306925951115,0.6971516458566922,0.763110511638933,0.8010379549012396,0.797752550577986,0.8820289941398062,0.9169302883680777
0.790103303577187,0.824346929057292,0.8276766885033702,0.0,0.7251614312437465,0.7930125825506801,0.7971851599302575,0.7963426356427364,0.6757474335645837,0.7112226375993294,0.8780112395854809,0.7823804957225974,0.8247911117900435,0.8280422975462978,0.8567852875602212,0.7652414922586624,0.8396055607520841,0.8186063650463883,0.8299273419433298,0.7906834707307959,0.8501456587884247,0.8612090458552742,0.7364399660071653,0.8502961801410244,0.7264864273882831,0.7718149202013356,0.7364833812376681,0.8486965243092653,0.7418502429256579,0.6350951974139969,0.736472464667616,0.7729636882059276,0.9497171870486633,0.7668371033881791,0.8404701558497079,0.9059641615366815,0.7323340479403044,0.8008431146368945,0.8693434100978181,0.8833078139679673,0.931542123576715,0.7195887037784401,0.7288857121583844,0.8263698167857044,0.8213261360948485,0.8284784222699972,0.6557871525307575,0.773055679008795,0.7928390108816036,0.8660847766224012,0.9002844066215708,0.8543554528170194,0.859896626350268,0.9371630402573055,0.8501461708306177,0.6508881135958758,0.8607741580899083,0.7861287582641663,0.8863956873984334,0.9170396227295314,0.9217127602529394,0.7482050919052307,0.8248737874303274,0.7181748548757234,0.8281393859330604,0.8369737328294355,0.8990554033956367,0.6883758222818737,0.7171675392684147,0.765882727682692,0.8293171178461347,0.7355167194843624,0.8191685789086857,0.9241989348496371,0.8725181051876882,0.6845968728872797,0.8706194300219847,0.7026305985076289,0.7683051065827868,0.5944380551245072,0.786332408989503,0.8503128595020758,0.6866648237909679,0.8080420362327504,0.7892841234838387,0.8055368522511482,0.732182679889692,0.7663149904050929,0.737760882448527,0.7039114060964478,0.8133298414034715,0.7544013478153665,0.8415958322074836,0.8614743980400869,0.9162824390065832,0.6929963131085513,0.7915575754857186,0.7269905704553449,0.6727490997803195,0.8862623252310365,0.773827652062657,0.7733548324920071,0.7505033765529209,0.703250303641168,0.8453144950687801,0.7607684533976575,0.8460432401284453,0.7214655528215499,0.8422026381030494,0.7877282792680247,0.8782278709259541,0.8009574112858214,0.9188726610039286,0.7481347161346762,0.8528813492886856,0.8162827642074861,0.752970285242011,0.7110583876321317,0.8441069399452402,0.7269784282863043,0.7906277006318198,0.7426935722293363,0.7526038617270541,0.8048805357867806,0.7469657281882838,0.7965560981204826,0.8525971192236467,0.7709902982111041,0.8344141288126806,0.7869199255574904,0.6376933378818813,0.797299110144412,0.7670719797976177,0.8856912350961963,0.8779153825547641,0.7684878978782109,0.6611962147080342,0.827164720348284,0.8033674814302207,0.7862389465102457,0.8309281694524971,0.7426829374856647,0.8669022369311119,0.8265383540519359,0.7901904627363421,0.6811454215866529,0.7656135591880544,0.7646467470339448,0.6982332357248349,0.6616057162388708,0.8554013787982712,0.8125352675630946,0.883117196300525,0.731108452681605,0.7937463323446737,0.7910333484433,0.8700079187343691,0.7500462949474629,0.860055893626579,0.7714524109674379,0.760381440105154,0.7320881054979584,0.7277383454066003,0.8542907171977069
0.8336726272883588,0.7964517302529786,0.8925508804447255,0.7251614312437465,0.0,0.8469095453272779,0.8671239281993579,0.7402948905917073,0.7246903005781501,0.7652035741023138,0.8725438308679315,0.8331858257742818,0.8505760996748234,0.7016385756736221,0.8364101744594472,0.9053675766350247,0.8417523643131762,0.8116373056709774,0.7299705252961489,0.7398329762847293,0.8335774948573743,0.8613474356933642,0.7736937408757029,0.8570398656063942,0.7831752617501974,0.8304064425680535,0.7197018387463036,0.7220767529824385,0.7841085777135471,0.8406044209212591,0.7537065298010313,0.8454377376051717,0.7870067290985472,0.7194200209097497,0.7546337610558028,0.7376966274214884,0.8520183905033539,0.7887853890980296,0.7977631590416833,0.8174901485990944,0.7991190118818163,0.8218355323080159,0.8155297288951098,0.8893146562192433,0.7538201975309564,0.8091505341880338,0.8829784417680162,0.879204728018924,0.8416172054250783,0.7778490147547091,0.833979582993532,0.8335131973776777,0.675617665010319,0.7464369524747987,0.7439776318124369,0.7589532205043259,0.7801980153387092,0.8870780307048169,0.6947441776477251,0.7791851515546115,0.693696175263157,0.7825269279960231,0.7724163827520326,0.6431270975776805,0.6910499712381852,0.6818303095580308,0.7363048716691107,0.8785748537706096,0.7262606836992997,0.7617818255408018,0.8832165051182214,0.6634553927445414,0.639030772512643,0.8305132607554873,0.7633956379288028,0.7508734132536143,0.8307067357303182,0.9412734894299274,0.7078214264110465,0.8545174539862492,0.9013736508025124,0.7461651030772727,0.8578764174514846,0.7249997001401056,0.6879492608896082,0.8008382990464364,0.7084242015730631,0.7095350932072854,0.735087583412604,0.746104286122059,0.9307164918147033,0.7339930833378682,0.8680797323678534,0.7105442061041506,0.715717239460813,0.8021197723586753,0.5980491936701307,0.7281075130700151,0.6749119278316095,0.7422750018234492,0.6808048962633251,0.705543786391465,0.6397293305263426,0.729165326864353,0.6757440408244888,0.8532782118567823,0.7174228331687599,0.7699110565186302,0.8519667227942904,0.853414151511261,0.8122828187675898,0.7265873446870942,0.7683122275832674,0.7132264208659742,0.7391645476564073,0.8552216853959214,0.7326912602497014,0.827274365656517,0.759459761288772,0.7274916145896624,0.9173379808969133,0.6742917595906095,0.7376054686125818,0.920680532067989,0.6929399077071499,0.8420678524238516,0.7110475471660882,0.8545046114556438,0.7391814147257156,0.7741139843591872,0.7328367815403501,0.8397481046210147,0.6696216826624065,0.7327920544582848,0.7280274129335955,0.81269703944717,0.8185632108783086,0.8074845248607272,0.7229475021793621,0.8340961010715551,0.6574706723775141,0.87865213664619,0.7536618127162656,0.6527594488090485,0.8888301440026514,0.7589558372570148,0.8595347465700628,0.8808172085960991,0.7641532092214138,0.6815040319781617,0.7110289764990707,0.7618688577179955,0.7495932456777299,0.8319486756843167,0.827188350712423,0.780430874914303,0.8328417347915373,0.8859987846643288,0.6619549623960784,0.81012991336523,0.7556614563740635,0.7741799666260976,0.7912580330757427,0.902364353454735
0.900695508117724,0.9146342102457727,0.9421274839893279,0.7930125825506801,0.8469095453272779,0.0,0.8617246041910255,0.8962882780914522,0.8517399247130274,0.8391176009671598,0.8568217519489737,0.9650769568037723,0.8853319704925736,0.6755805063581254,0.8764698651474657,0.8780564255619789,0.8493878116189121,0.811539594139257,0.8833871713304925,0.8402202509215912,0.9006500054825105,0.9326603539158378,0.7766430227277271,0.8838416838554626,0.8793955491877855,0.7275073744963181,0.7262068466941897,0.7955075580069497,0.7214302778864257,0.8571112403197921,0.8861477055331362,0.9394693240298826,0.8298522842488624,0.8097298634639541,0.8021592771112247,0.7884741147732229,0.8518643779013114,0.7623548321572401,0.8791469582163867,0.7834555587836911,0.7985767160319478,0.933265992174053,0.7828538976420663,0.8351459618256183,0.8490426921998125,0.8576065817793179,0.8452945830393611,0.8055101192082343,0.823975128366715,0.810556642386105,0.8621211276767553,0.8601974474431079,0.7385065184959771,0.8289017767359143,0.7417318075298758,0.8538077207845672,0.836466373758534,0.953786663394351,0.735442769416205,0.8442714361280441,0.8305923611314288,0.7763277802358153,0.7870072837171697,0.6342873421106464,0.7674126132907929,0.760970316661238,0.8183815977578337,0.8441043438123236,0.6915728049604623,0.8518926475587586,0.9225116434194363,0.6001438924482193,0.7136660253484868,0.8882762068933456,0.8843824812837516,0.7818165816299567,0.8437099176611064,0.8063294327808403,0.7235970092515177,0.6796926671668649,0.8995928928370985,0.9057530212427657,0.8785942333349829,0.7288267713725913,0.7319357214574621,0.8896050794631114,0.8372544010664462,0.7328387760464479,0.8287537222663546,0.8542903181623851,0.8584796340925994,0.8958162490975966,0.8032738563011199,0.7843493606343309,0.745232271740198,0.8497654899162473,0.729035644816425,0.8567516090457926,0.6384013514681004,0.8473283576568817,0.6386824149600208,0.8035227370386436,0.6763062546157205,0.8052492028791194,0.7522488938709713,0.8614007924234105,0.7988551618453288,0.8296418197050334,0.8179466420964573,0.9349483309267822,0.8992119456227946,0.7164409902366531,0.8923620146260786,0.7813578792976055,0.7098661238584244,0.8899310807303705,0.8286633249871083,0.8235352391932772,0.7765044482886982,0.7508823295765951,0.7737081582806508,0.7150552953601524,0.7850568831442707,0.922911721813811,0.7170095041421682,0.8484624682831906,0.8120141758484485,0.9007112200124242,0.783574336778675,0.6965560177265968,0.831271678738201,0.9092446281052633,0.6759997477957541,0.8486168293898938,0.8464607064719863,0.7155809591467867,0.8226400384043582,0.7323681785013589,0.729858737818215,0.9074278924036165,0.6700318641141461,0.8684063571714228,0.8956110814912042,0.7514298747908333,0.8300061927877956,0.7978025751298367,0.958290447952764,0.8622698118092468,0.8401067538607512,0.6884933674048899,0.8288033792632117,0.7762747972333651,0.8362153529055368,0.8573489569220235,0.9211838694184976,0.8859958604940938,0.8792352596531795,0.9160850849355567,0.6312464093969726,0.7193802464170412,0.6920469811330469,0.8161458596049133,0.9099790245654215,0.8974159681479659
0.8830593309733925,0.9283187429438496,0.8887460271010934,0.7971851599302575,0.8671239281993579,0.8617246041910255,0.0,0.8371527190676431,0.8244391699995126,0.892955722584006,0.8220139551979178,0.891898626417497,0.9115687789806621,0.7806480692139708,0.9558776239706874,0.8328684587851549,0.7908735811423658,0.8694219745918695,0.7407135237420287,0.7774454123645121,0.7901293744984094,0.9089923983810622,0.8750048152470512,0.9202064388836484,0.8722599237867773,0.7831360361847209,0.8455555703550489,0.7665602751800585,0.8019093384222761,0.8458387161849987,0.8723354048982015,0.834755097512827,0.8959991665813369,0.7807273125675143,0.8284988636498766,0.7406469128922603,0.9041292316415838,0.749951262084204,0.7992976788546307,0.8945605864957002,0.8143093692893849,0.8733836548482617,0.7376457220195296,0.8133296637508133,0.8626697393458808,0.8752625305617644,0.8900202929187192,0.7769693770706797,0.9099253749027926,0.7323225207511979,0.793186046834092,0.7878766377008642,0.6815519083436499,0.7610010494583077,0.7199916676380576,0.872640815881268,0.7491352607898591,0.837798988807268,0.7700392199209655,0.8304195127070496,0.739904969758464,0.682368367799415,0.6750796053475921,0.6341465884598656,0.6792049614950283,0.6684133416454308,0.87670142841458,0.9098984063289145,0.7141096669995397,0.8185920773446712,0.8834802062342163,0.6912160364250151,0.6275161152626332,0.8479542502410112,0.7605443218543896,0.8622087855238553,0.8027327249090636,0.9096549575288841,0.7111846520589667,0.6814874067242626,0.7956612363593616,0.808156606824983,0.9289007160316289,0.7183027752909862,0.6367906816257609,0.8885500105108729,0.7306921369751846,0.750463838364437,0.8547831189023964,0.891299198180805,0.848169507120797,0.8796087515869748,0.7911250116132515,0.7073302724624847,0.7204751015976727,0.9093276076302124,0.6023253580383477,0.8210430176984408,0.6237677570038804,0.8760148407235775,0.7432542671583141,0.694555526621029,0.6563386856078881,0.8294433887111512,0.6606049085730382,0.8596718839561169,0.6889184535713293,0.8402269573648352,0.9240872165283148,0.9204692307347923,0.8089173858409744,0.6652099112820345,0.8002321255872483,0.7416649692355562,0.7254150573144319,0.9156425166666983,0.7732063588799977,0.811672788327527,0.7081241636839668,0.8117840588404446,0.7953663791639072,0.6888852729360024,0.7218736280182105,0.9512860168136549,0.6870337510757311,0.8935031587539521,0.7076007329466278,0.9207154205065955,0.7468988217771421,0.82558587737561,0.8248496215780398,0.7448489210540886,0.6951521993285427,0.7544446397647563,0.7540659659457084,0.7187363445002963,0.8625186904293529,0.8769123912805056,0.80455159034727,0.8726683068221313,0.7516080110103022,0.7873055650058237,0.8577890047476975,0.6382230543548253,0.8541813598898067,0.8267653821878814,0.9071643483551601,0.9358160082427632,0.8241283581337245,0.5982438587774357,0.7498214032668635,0.7836260872417573,0.7498364448389947,0.9521338758699908,0.8849710250940522,0.8947856077390114,0.9214844487162313,0.9419343555692171,0.7650775385822747,0.7054116759750406,0.8372880893892731,0.8114560094391238,0.9029474473084793,0.8750967754347192
0.9244858546149051,0.9010165588956023,0.8813925137454082,0.7963426356427364,0.7402948905917073,0.8962882780914522,0.8371527190676431,0.0,0.8947242984529487,0.8713752485138276,0.8221644386612283,0.9260542860245043,0.9343429438369092,0.7332640055651889,0.8992601037525026,0.8507287744261619,0.7996023163775738,0.8815503559329123,0.8239284067227776,0.8823408579229145,0.8061673692957426,0.8877448654412623,0.8445190345534397,0.8573620521051752,0.9233157870634866,0.7467326609645891,0.8484245022956998,0.843001797740651,0.6978476004786706,0.8395534575226529,0.9542335469600824,0.8968130895229354,0.8421127920121813,0.8553131032090793,0.8542229081724165,0.7832029902429191,0.904786149644238,0.8181305450615008,0.8282937115305963,0.8019791991012961,0.7688762361568476,0.8734112666260222,0.794556486297288,0.74739454674567,0.9563773969135304,0.9084179684268481,0.8042299932296677,0.7517389576520588,0.8584036814662203,0.7761505507480094,0.7895091358160291,0.7820168801407633,0.6723308532995529,0.7647771875979106,0.7242649807469997,0.8531048481377023,0.7971989412242714,0.8957457105264736,0.7554020419626231,0.8613624832041648,0.8510006522898464,0.7194053214646756,0.729509616560437,0.6640452967649647,0.7078726790802573,0.7533068617805885,0.8970417381715617,0.8410542291874106,0.7705582941068992,0.9613035303449547,0.8897631289269102,0.6721763779732366,0.7012683785030774,0.8656183207452511,0.8684694918970329,0.8535556203197594,0.8145262825983121,0.7560456223512728,0.8038040574350311,0.5754989840694528,0.7556661362211892,0.8728992499065502,0.8580990393972462,0.8115078512321027,0.6991753220729126,0.9501132527098345,0.9267538184614166,0.82530909853831,0.9463607203624823,0.9028396866673631,0.8114521696900275,0.8919957263867152,0.7408611134639957,0.7406080312249314,0.7036504798301322,0.8703856116759158,0.6988362792768393,0.8824092227270779,0.6057996708237208,0.9121327136288538,0.7061729074818744,0.8483262852266402,0.7204274479256375,0.85805637489795,0.7769147106683862,0.8829246593345882,0.7648675534379954,0.8758040234471373,0.8342086042410102,0.8840657158914936,0.8057072950484996,0.7093804001231945,0.8641784218748878,0.8747063421242564,0.7504913890927974,0.8909340749395227,0.8223873733679656,0.8271365840802386,0.6999621936138569,0.828884805655025,0.713835756254811,0.8101427577764356,0.7595388975255276,0.8662703065333572,0.6779066578008711,0.8550011416034317,0.7460851875653846,0.9299004378885446,0.7765337717209009,0.7738581969085597,0.8664062820164826,0.7976771203671051,0.8006339036931981,0.7964206145108809,0.8379867349205384,0.6423357487001706,0.8532807318260008,0.7841606379952093,0.833503714815431,0.9482428118076336,0.7381536489531397,0.786959566409577,0.8620569368020795,0.701305362053912,0.8195416261071486,0.858219205570215,0.9074278828804776,0.8366673538908078,0.8798134680734191,0.6468264408274197,0.8839051795458102,0.7211179657441358,0.8003624027979405,0.8746346316796653,0.9194655486422652,0.9733515616033893,0.9025768361774803,0.8900563815707209,0.6756554628735145,0.6688819933010328,0.7236705666952213,0.8148690216900734,0.9404623559009351,0.8428277351645017
0.8939874502536342,0.8727245605342704,0.7893912328135216,0.6757474335645837,0.7246903005781501,0.8517399247130274,0.8244391699995126,0.8947242984529487,0.0,0.8422997680087496,0.7041926326580294,0.8661276399890258,0.8321707777632422,0.6735716815391644,0.8293260740875763,0.7473687094347817,0.7005524216829877,0.8118092264239509,0.7333159188303477,0.7946294542645744,0.7082765924982536,0.8332279939073884,0.7982921705901448,0.7792069222829252,0.8744189470650731,0.6289469333752734,0.8081064474978782,0.735204268576134,0.6252352241378766,0.904097463484164,0.9239988865365837,0.8059778171681146,0.7335022536768705,0.7481211349157058,0.7835430482557186,0.6430580227472567,0.8377807755451482,0.6942949081965295,0.7095255259530132,0.7091077840008396,0.6509887494219778,0.9350278973306603,0.6665972172887483,0.6499651088092534,0.8254723343233018,0.7914913259135612,0.822013354824494,0.6340415882656044,0.7807262545879248,0.6666631567183366,0.6792370782927863,0.6904191123308804,0.6229090078856303,0.6521578213950895,0.5883538651918615,0.9479915992042696,0.695687709517656,0.8147351762837947,0.6606616088007993,0.7439920492602576,0.703115488794158,0.6333676130185786,0.612697704316273,0.5805715069875262,0.64545616155371,0.6275116830132856,0.7892818254547112,0.8370582099858577,0.6762117255747317,0.8663260934192007,0.8177626004273277,0.5873091831899516,0.6252790711794058,0.7398114886086969,0.7600350143731696,0.8271765359524542,0.6840352857971065,0.7247910436821443,0.6541360199966975,0.5529238303831292,0.6762337075734263,0.8380069143270027,0.8985591007925876,0.6517837414211354,0.6034220466412251,0.8804303992571766,0.8108636008935501,0.7276785857600984,0.877667664451848,0.9481770571393984,0.7492834044049526,0.9260590372237874,0.641125264309449,0.6497063620750791,0.6390940884695153,0.8631462521935416,0.6103503197756328,0.8416145196104948,0.6041590387685908,0.806379677019362,0.6037897086935342,0.683881777017179,0.605423395174536,0.7934076685433777,0.6567013221731645,0.787796377761194,0.6255737399977911,0.8339307359345384,0.7353708388708912,0.8357641251649416,0.7055780070354343,0.6076659129822436,0.7552714639958776,0.8038483728554308,0.6159342053504314,0.8506509928314641,0.7616958033936957,0.7416439669870875,0.5913966922894677,0.8393987603090548,0.6499265657349083,0.6834637132666809,0.6889631171651915,0.8116808685880749,0.6949031908231994,0.735074501941743,0.6831818343835702,0.8522823894551221,0.6383667196176915,0.667068810105692,0.9608455289620939,0.7155307032863758,0.6745073384072796,0.7570527520597282,0.7064806008881865,0.5819193817547703,0.8363859252666362,0.6910748672672342,0.7062490227891896,0.8469866685547146,0.6280815215258158,0.7238049141573449,0.8405083076536963,0.6249764105634311,0.6999314486595974,0.8328025691292831,0.9126146848868931,0.7722050416744837,0.8183682823090725,0.580002475436743,0.7548030651798845,0.6628863226723256,0.7145013302995965,0.8631371363978226,0.8229966840089231,0.8972100996755369,0.8221328860340086,0.8541713758330862,0.6056731387135057,0.5854521833363462,0.634940107517367,0.8179718750834626,0.9384982273533625,0.7950870571583788
0.8461976176054609,0.9122621560870274,0.8749593478257157,0.7112226375993294,0.7652035741023138,0.8391176009671598,0.892955722584006,0.8713752485138276,0.8422997680087496,0.0,0.7794665904086433,0.8942947139317557,0.8895002714789644,0.7491284079221819,0.8674014002888283,0.8270434723440246,0.7512896823722888,0.8423881182940437,0.7245591396761065,0.7852803129316424,0.7267356149615484,0.8575735920282552,0.8804396791400905,0.8271717182063903,0.9406527044065536,0.7022009263153637,0.8779139904446919,0.7668101681127193,0.8304718631636253,0.8650653165694077,0.8971158133428158,0.850976347819112,0.79890358882996,0.7798581266436004,0.8101062439456169,0.7161067554751037,0.8912562812380569,0.7560593232874775,0.7412179281054173,0.794592195883915,0.7290792166184153,0.8613552626902241,0.722329274674947,0.7231566011036294,0.869391728008006,0.8201796200802522,0.8587759750273534,0.7346992417049408,0.8842356089352713,0.6751580746733903,0.6926341617203938,0.6980088762073617,0.6084366968121937,0.6894384025988944,0.6967204942183747,0.8818633087130767,0.6834079229796967,0.8271499738463519,0.7371783286064556,0.7650674869432791,0.7112396400056432,0.6202930983172771,0.6205994857309856,0.6635546894706996,0.6027065665848471,0.6164062737635592,0.8027039984437345,0.8569606215148469,0.765941433288638,0.8603339609220482,0.7817901023393038,0.6743378915737956,0.5952062386413635,0.771674790363127,0.7580109269843661,0.8679524708375327,0.7227724892758929,0.8348484423013589,0.6938403442705873,0.597013597634336,0.7353598540758102,0.7320208551572426,0.901234993479163,0.7387879993075864,0.595275308386774,0.8800089969511967,0.7632854923003594,0.7417459139650838,0.8972877679651808,0.874104410173996,0.7633073069519286,0.8557404976837798,0.735283171817138,0.6320689489231606,0.6290910711640997,0.9461627575917848,0.5732668020000649,0.8566784433812072,0.5858906729314352,0.8205856326923795,0.7178953716039997,0.6995242176076469,0.6364657007344087,0.9261081770956612,0.6375534539701311,0.8232117980066043,0.6536754559026332,0.8932838280031343,0.8385469303522514,0.8799369967296827,0.7320987461091555,0.6137549962898127,0.7337325907227058,0.81093735055825,0.6655213156572164,0.8480339653298004,0.7855435512717324,0.8736785613668115,0.6714992470716359,0.8285631462279276,0.6834992068571497,0.6835909600927125,0.6942523388754983,0.8447154410986415,0.6345335041914518,0.8967682975393195,0.6368918602133882,0.886260511126163,0.7621564596948616,0.7813447606681871,0.8956464213046725,0.7006449744584291,0.6844595179495871,0.6746642323178823,0.7286592069039534,0.624502621487089,0.886108426534501,0.7919896289533852,0.8252421976092115,0.866118094597557,0.738659585805149,0.799630957646872,0.7813476761683977,0.6184591400798393,0.8230835818644698,0.8370620044757111,0.8507317264780231,0.8878912113187811,0.9280313574896816,0.6422521301775574,0.7115195962223961,0.7830497065361197,0.7056240418431907,0.9372396306997517,0.8891203390783532,0.8760966968743908,0.8488100067224729,0.8938547177457342,0.6848973237635958,0.6211108288287044,0.8263034818406669,0.8041968934608238,0.9341045893587605,0.7680175028106355
0.8554182554944261,0.8317467092663162,0.9381934314863888,0.8780112395854809,0.8725438308679315,0.8568217519489737,0.8220139551979178,0.8221644386612283,0.7041926326580294,0.7794665904086433,0.0,0.8507093924292538,0.9056339747273123,0.8160592117388267,0.8636197064384094,0.937691821809409,0.9388477550791269,0.8844347828864352,0.8425795563323394,0.8387329218806095,0.9062550631309504,0.9121297580273824,0.7925201734573191,0.877582120591122,0.8048462245670043,0.8525214510515088,0.7710450279713699,0.8680675294777511,0.8402334565818064,0.7483364181590871,0.7716900728146168,0.9012331904287845,0.8806974913749296,0.7911142334271869,0.8588690216278423,0.9196874922450035,0.8322355438304359,0.9284829439802043,0.9025958931713497,0.8819877865994081,0.9145010339486054,0.7793464436108657,0.8717659218489979,0.9151352568413065,0.8426076816348155,0.8639669958684553,0.7578191072484842,0.9247122320045756,0.8802944695163223,0.9136049951632842,0.9273790444599229,0.8837897552009539,0.7844633310841536,0.8851723190730965,0.9111384129303663,0.6866675160933757,0.8930202952285545,0.9175197279900174,0.8453984853881206,0.9104638290781065,0.866765481134079,0.8321659907004213,0.8905345009182432,0.7790339112141865,0.784431863940037,0.8146483663668923,0.8320951006661925,0.7798585434653362,0.8388200186328449,0.8390203287188129,0.8851032469129472,0.7714208546787957,0.7827146282035685,0.9472853493627991,0.9195241521545879,0.7404388683481624,0.9325675104978205,0.8251715968981899,0.8092629033180277,0.7096866228594915,0.8963093048699123,0.8036554715474632,0.7628939163864294,0.8867960174667618,0.8068935842732488,0.8456539584827076,0.7935248321958831,0.8171306022463595,0.7781903573106616,0.7118523485114319,0.9371397268893585,0.733127254558849,0.9705986960025978,0.8255768567680913,0.8414077290010741,0.7593666930880796,0.7229341598634059,0.7506523789695264,0.7173622594604497,0.8325422612295251,0.7908658072920678,0.8369590066260402,0.7386028168687919,0.7583690654454479,0.8462681161044358,0.8545814038989041,0.8636276208179711,0.7934563169022385,0.8820877631492036,0.8439283927463928,0.8932345936976914,0.8470477244160571,0.8886441643129742,0.837110404841117,0.8714976056877147,0.8602071908630556,0.7930421942001604,0.8789060804646337,0.8832329969559296,0.757524934615735,0.9110258631323509,0.7656300933464157,0.7959259122988923,0.874184412172173,0.7521428781884596,0.8886264773039615,0.8076383884729452,0.8467955888984219,0.8864458821748353,0.8409439610508309,0.6950799461985047,0.8982909942635766,0.8023947320949675,0.8256996907153576,0.8757348022882592,0.8406062975431261,0.7617340630429132,0.8546134285984717,0.8398834361113567,0.8814899398392505,0.7778576590233571,0.9233694079626207,0.8114601759107538,0.8031821912077253,0.9301922566863705,0.7416741019275996,0.8197051796427786,0.8463171267717514,0.7972673873860038,0.7836416382052034,0.8396926090336085,0.8621872002640362,0.8906599414972762,0.7884287556136785,0.8598436058282537,0.8180604068809462,0.8962074428088607,0.8257760863413655,0.7612587390703139,0.8687032557272799,0.7949525981579306,0.792501576179736,0.7794242677068532,0.9216014824919307
0.9362670635909345,0.9422429301854838,0.9388934521576485,0.7823804957225974,0.8331858257742818,0.9650769568037723,0.891898626417497,0.9260542860245043,0.8661276399890258,0.8942947139317557,0.8507093924292538,0.0,0.9168417567077235,0.6897628236969806,0.9058641580959119,0.8955382835548465,0.8575299338539549,0.8579363248125,0.885984256757829,0.8948047407805816,0.8878755391409578,0.9205205981343824,0.8606271742320774,0.9239113598521117,0.9513627335276952,0.7563702184732672,0.7780598669027736,0.834531923938557,0.7468905523080068,0.8795741441367739,0.9375655390695742,0.9446438070830159,0.8358110454788489,0.8846131201469027,0.8584982853164357,0.797008889332003,0.8955303852791295,0.7913625526665667,0.8647885031625911,0.8198597328871381,0.8150673659258327,0.9336202338449563,0.8140851721190591,0.8351409610695811,0.9158276444877784,0.9114810497094111,0.8884541722678979,0.8123380807339056,0.894247576385952,0.8029021243123735,0.830812363037981,0.8546693943145685,0.7018158028093545,0.8007148560568208,0.7396156401418418,0.8850749740274071,0.8356022262953516,0.9423434947357626,0.7605721506178813,0.8629340947898357,0.8053517557676753,0.7169409242647501,0.7542619909193892,0.672971742297966,0.74074966007419,0.7558675442134555,0.837110068256127,0.8549120589132594,0.7234301296895054,0.8745520743755105,0.9064885242150678,0.6489353364947977,0.6920104596660779,0.8802637104439396,0.8655411583032453,0.8628377974354515,0.8146981915960242,0.8238704673829615,0.7805266594938326,0.6595399158477171,0.8645159394785458,0.876326346561626,0.8993286851352759,0.7619683180343046,0.7280139225402021,0.9449350387486876,0.839736817927244,0.7523007844383597,0.8969866889653626,0.8896687568898346,0.8472211299216389,0.9186223912891638,0.7961413810652798,0.7770072201109332,0.7106891197948447,0.8908137467564954,0.6881669712589028,0.9284791056664243,0.6341257249453788,0.8867028133612741,0.6718886037701193,0.7926166561860262,0.7072254448419235,0.8874537795774036,0.7448680027003102,0.9111338520328837,0.7885436575217095,0.9056934709142228,0.8670380369454979,0.97434027715775,0.8908038496717787,0.7268067847026284,0.8567400857024751,0.7897104254115346,0.7394561092947521,0.9191495351641966,0.8872298083818168,0.8756028020749488,0.769713768184091,0.7700548822082359,0.7729221901357117,0.7075550417129436,0.8255198353388741,0.9329541585563986,0.7102343381635868,0.8886764736075807,0.7609586369112058,0.9288632967392491,0.8259476358678544,0.7403857098733455,0.8672787796648858,0.8505774069206261,0.6876123262330921,0.8087283347813776,0.8568309678756311,0.7050226037787616,0.9019664833518087,0.7884286746073994,0.8048458718689961,0.9506904310291008,0.6894995607310225,0.8502109140896612,0.88451476961777,0.7054169386436017,0.8702439792212724,0.8700560030651683,0.9553614147342235,0.8761958977323527,0.9218435274398405,0.6965683584972415,0.852565844925758,0.7807276162524053,0.8252823513047949,0.906372599689839,0.9778965934815974,0.9231439074918317,0.9048695801480797,0.943304206451862,0.6513854036324591,0.6909979243882123,0.739605833238421,0.8665554590132337,0.9578337664541076,0.8933082797881995
