0,1,2,3,4,5,6,7,8,9,10,11,12,13,14,15,16,17,18,19,20,21,22,23,24,25,26,27,28,29,30,31,32,33,34,35,36,37,38,39,40,41,42,43,44,45,46,47,48,49,50,51,52,53,54,55,56,57,58,59,60,61,62,63,64,65,66,67,68,69,70,71,72,73,74,75,76,77,78,79,80,81,82,83,84,85,86,87,88,89,90,91,92,93,94,95,96,97,98,99,100,101,102,103,104,105,106,107,108,109,110,111,112,113,114,115,116,117,118,119,120,121,122,123,124,125,126,127,128,129,130,131,132,133,134,135,136,137,138,139,140,141,142,143,144,145,146,147,148,149,150,151,152,153,154,155,156,157,158,159,160,161,162,163
0.0,0.5402533679890235,0.4391151808301475,0.46560293191001445,0.4167000823686576,0.468749038318521,0.505071223026186,0.5040432697078819,0.5847067590189958,0.43458646204507057,0.548736867290846,0.4632532632965439,0.5630676758036811,0.5719978176409082,0.5155433948034693,0.4888709776185187,0.5243654110569319,0.6877443576701167,0.5287542191094152,0.6076277222926353,0.553008424713815,0.5391642753627318,0.5302464245960629,0.5285938202629196,0.5601374922816339,0.5018069551654698,0.4833810800139121,0.5105110392497116,0.4257509979560077,0.4879864065492667,0.5383774868868486,0.5397053868914045,0.4665472387571913,0.4880291454414138,0.6270746368228882,0.5292717184472318,0.6144852429218042,0.6135961368707784,0.4598139533929004,0.5831954273676706,0.5084789953453049,0.5607997392129116,0.5603713687919801,0.518535222800556,0.55900525881232,0.5340318774028012,0.48415800310845636,0.48696878970269303,0.6423157835236887,0.5822371519589945,0.5739191121500165,0.537214565038248,0.5344701537039591,0.515775507979578,0.5075798240489346,0.5496007011803148,0.6491753054671314,0.482326867386052,0.540810942921597,0.5575948848831889,0.4987833353719945,0.4874597226033201,0.5864912292611437,0.5067685527169137,0.5701745620388404,0.5492621509179114,0.526738553441176,0.5456260843110934,0.5242372202693993,0.5708287499559329,0.6241953006558448,0.5939856359890995,0.5684694680009,0.5606377062249633,0.5215271248052761,0.5805609916382937,0.4809845728977742,0.4618889563460977,0.5161930245578853,0.4327366260526561,0.5015222957300716,0.5948104671545241,0.5184350785312074,0.5390647463116802,0.5769346973822266,0.6178780678800468,0.5573882230467436,0.5455653460883171,0.5189067102851677,0.5256081667576659,0.5591267997028149,0.5051230920093611,0.5414671373943516,0.6240336807116582,0.5966038233732793,0.4786804875566714,0.4945302957131604,0.49498748448879476,0.5528459792597076,0.515023896186806,0.5459952316592077,0.4669013254149341,0.4743635964553933,0.41630188709451926,0.6241244608441293,0.5001004369748268,0.4707777793977891,0.5025791866003647,0.5317142775873902,0.5120832406484052,0.5306033206872851,0.5984381803864022,0.5429951091499599,0.47425912993734104,0.6130305361507664,0.5420604729074593,0.5545907557745837,0.489762596661611,0.4558061120053601,0.5139669898950605,0.5324329821447509,0.4746868214112109,0.5967446772070878,0.5445504701995397,0.5749514042709098,0.46055954073920996,0.47095818751640856,0.48309152477727046,0.4775266827930203,0.5840568657319037,0.5079545156090038,0.49004820413717903,0.5145238631124935,0.5817504881891852,0.5262721275765095,0.5167408738653608,0.5276461461939479,0.5878477701054716,0.5289598790234394,0.5245112745498626,0.4669841578941085,0.5507714659038112,0.5678025093938301,0.5268881058234609,0.5769991647460903,0.5258031861780802,0.5413692992777052,0.4417312293108056,0.5085488812264521,0.4210959661342061,0.618978436902837,0.5188094741883094,0.5458204452319556,0.4520388899089493,0.49458732154639845,0.5852544119608454,0.5685128954797771,0.4702933648461293,0.5162023140078195,0.5514018176190354,0.48763328025019453,0.6364340676037515,0.4621037896295696,0.6465924131809251
0.5402533679890235,0.0,0.5205726062867434,0.5068195103893329,0.3982975411781333,0.5558143739557373,0.5231750269941783,0.5743421101710183,0.514429344688973,0.5917335465386385,0.5716251043597418,0.5771493701892761,0.5459256102332517,0.5347738052566741,0.5231555126163036,0.5092824960640538,0.5215639637617075,0.5352659412096039,0.6146278462419561,0.5095336446903893,0.5806841200013036,0.5981234934610177,0.5113109680419831,0.5212709626209759,0.6524458000903359,0.4524859592302176,0.4914686217760976,0.49502873089114363,0.59558203598186,0.4800096482549247,0.5694157088098526,0.5793751047560508,0.5353202670283318,0.47658676448459053,0.5210950422207921,0.5927438304878642,0.5673922142473017,0.5804139249665687,0.5266414592857782,0.5587987763526263,0.580729199168295,0.5516373295883795,0.5029669434829974,0.5220347848130115,0.5597797471823305,0.5042969451422359,0.4629642059404909,0.4948144706904339,0.5869054779116454,0.5116154897585037,0.5479984714604438,0.4966924558059541,0.5388689284097082,0.6562472450624866,0.6359382065399981,0.5769692455401263,0.5454936556664568,0.5297522625619878,0.5243429409081092,0.5427815387970917,0.5755138178093236,0.4763987576277589,0.531925892236059,0.48544581883083365,0.4858222372784291,0.4910075256970796,0.5079782487138624,0.5019956849173584,0.48096117633698,0.5814139058164539,0.5258511889385219,0.517150130219144,0.4784655033056544,0.5601695132884225,0.565469586068368,0.5354330555451494,0.49111299163379085,0.5001288886294113,0.4806311349142198,0.4323492917952058,0.5613810130552872,0.5309537534966713,0.5756604870240059,0.5613684151445798,0.5198701033240312,0.6055579757383696,0.5356019771744008,0.4840979085281585,0.5323294846417982,0.5424879157195575,0.4927158213054455,0.5301584333725986,0.5916796371653735,0.5370086102582244,0.5463813658093213,0.6062146336313864,0.5343295872213161,0.5320729637200269,0.48895707992605447,0.5062456249359418,0.563038285498953,0.49654438757567576,0.4542722897588211,0.49866562186315805,0.543529541383492,0.47203039279372355,0.5029499898760784,0.5278732530011885,0.5450524326045221,0.5590204537143324,0.5631114458721254,0.5053927434001558,0.5103006888320765,0.5010344731909305,0.5287693292289819,0.5055551102688862,0.5607347911799712,0.5219707375025295,0.5018134424157819,0.5046700931860373,0.4594944781463972,0.4961378529819876,0.49442666970633864,0.568418860299422,0.490007466853446,0.6170659309862961,0.4554149591025141,0.5237689115874148,0.5917145794170985,0.5455558096449615,0.5464864458010871,0.5115183758313988,0.48103478791775245,0.5373018001564758,0.5477065475888164,0.46912133018975205,0.5068165935879776,0.5192152856246204,0.5314796708431342,0.5560893956664713,0.5263904445860973,0.5919054218264832,0.5688574382289872,0.5743209557337584,0.6163378486903238,0.44593084523134474,0.5456089274033662,0.5301352840488114,0.614535698760021,0.46550340978431354,0.5231632199548475,0.6459728085409691,0.5256322869578728,0.5007381102837417,0.5861545796794594,0.5640049255680072,0.5356130950532961,0.5199245982982204,0.5057981697202809,0.508622361770365,0.560715477501505,0.5673192207873521,0.49741617768835195,0.5135693308614675
0.4391151808301475,0.5205726062867434,0.0,0.4170231002745694,0.4285546307050789,0.5394309629312523,0.45018029318514524,0.4791873541461782,0.3951208506594331,0.5458497371567439,0.5729193664572081,0.5231485305664249,0.5382141299476353,0.4257059951422163,0.4160912724279466,0.6462074884585288,0.570036958075863,0.4477573471130299,0.4757718766291109,0.42111030335105143,0.5708061915173567,0.5589309934049718,0.4496263862402544,0.47570406218701466,0.5067262157782927,0.4555712221360827,0.4333033032528984,0.4465770550745051,0.5437827857821839,0.5027797372921556,0.4092464079734112,0.5739613623775539,0.42015575367226354,0.41965392722522354,0.39066849738344284,0.4695608939449147,0.49820613365275174,0.4668719551749458,0.44087406693428605,0.49772179880595196,0.455407414537018,0.5190714094389733,0.47867013713417894,0.4442965722533208,0.46367009577942947,0.45055643239091686,0.4855009973631357,0.4917912307692036,0.48589997924892264,0.45363604728454004,0.4932842400203011,0.4672898565111693,0.4210842914231,0.5203360280784345,0.5306307517570032,0.4613554251578985,0.4627132024604326,0.5618515709415431,0.43296701365937906,0.45657146772542323,0.4778990447356894,0.43457452449649403,0.5140875856363454,0.4131051654744932,0.39303034902681616,0.4253047277986601,0.41810628748667295,0.4868721085845996,0.47085291334018536,0.4801856468306521,0.4527633221112209,0.3974441897958399,0.4113397781180045,0.5483969171586967,0.5094735057852982,0.40791179928080623,0.5315197381214123,0.5429960257698668,0.40822202029046883,0.41902132567008493,0.5013756257245021,0.4105406688333236,0.5284575428782793,0.46754314564049765,0.4402065520800635,0.46898916252023654,0.44245168604535356,0.40664204714165636,0.4375944119266035,0.41761693119384913,0.472100703250623,0.39504246887856587,0.5247801626133483,0.4243977561379558,0.43147808618864486,0.46961269752555257,0.4149868793921229,0.4281881162736667,0.38611456262980115,0.4256151559963497,0.4048097920363017,0.48759705932701825,0.3812592669007986,0.40819915609482116,0.42707607497513594,0.48726789255084074,0.49659748284970306,0.48102847233293683,0.4847790430724862,0.5242708494960228,0.4944705267390349,0.42121545081419365,0.43510663665336297,0.4289379324473548,0.4337833561063487,0.48395857273284576,0.4381033722751604,0.5027896171444612,0.5177431880307791,0.4067504965584056,0.42509240511935237,0.4138273364198738,0.42290957428908055,0.49416500156651544,0.36584591496898816,0.525330510942722,0.420378348572868,0.522093022291561,0.521107011335099,0.4418882677869469,0.4639490670261884,0.5663039357819672,0.397136839310269,0.39577875898160536,0.4358053559654087,0.3882287450488926,0.4558460926712758,0.4159859094016857,0.4535094199722505,0.44341910455899686,0.387723777266489,0.533716732906349,0.43610286479260213,0.45106170677395657,0.49587484952364697,0.4009161012083353,0.46601817668888557,0.4989245429747862,0.5211239932924798,0.45483887553577956,0.3939230260032176,0.4394769812277896,0.4725314625555518,0.5455655289850816,0.4880278213369425,0.4370665126927441,0.4717422022736181,0.525496696974401,0.3702046718484343,0.47422743885968766,0.46465251561547477,0.40501146977581415,0.4016623104639499,0.43795239632153354
0.46560293191001445,0.5068195103893329,0.4170231002745694,0.0,0.367562088431325,0.49980209445680707,0.5415432146426638,0.5085964603958754,0.4392033241645659,0.4616692873160793,0.460583949686882,0.49956757682181924,0.45063676509516404,0.44921888782902386,0.4557417368518642,0.4135450350672788,0.44877855219543683,0.45828124431587597,0.5221125242026725,0.39517604444301196,0.4833802039897688,0.43684294026672643,0.5039025729932565,0.4300467734694165,0.5289548708727632,0.46010374527932507,0.45825623085412803,0.46806913079483264,0.4287544899405575,0.41402923927682805,0.47076933955816813,0.45867650549591815,0.6461585095181877,0.47838251674366544,0.45774366719900533,0.5031796749103769,0.4726767656326611,0.45975406950711617,0.4097293623986222,0.4999617669507136,0.5287739217906352,0.4913470005496121,0.43001306124300875,0.4816713834043468,0.47673082552707924,0.4437277529357287,0.4152003859186801,0.404896664980122,0.48906526591519184,0.4233009964237543,0.5153233960674541,0.522018712655061,0.44054649881700275,0.562628954971377,0.49742992877635395,0.5058417417778294,0.44986158084914063,0.5054825887597221,0.440717486044291,0.45162303376814344,0.4738174025502932,0.4274637570103068,0.5025338390617222,0.3941939430189503,0.41026548202013086,0.4236143392157477,0.4595300611828933,0.43417182807671567,0.41901759282592416,0.5243921952419808,0.4488315245591779,0.42311456684702914,0.4670343849562934,0.49834379928115957,0.4623556852680167,0.4492019532831413,0.43492464243548723,0.4491670520433741,0.44840651201185266,0.3866729904121271,0.4679512775880929,0.5070144460480368,0.4541113528758358,0.46954864493087023,0.492910515686835,0.49122023433187906,0.48569838487029426,0.44692199940514565,0.48706736275931345,0.45550887285001573,0.5054169931107979,0.5566327659993716,0.4570471253003733,0.43793417591028,0.4973070445716353,0.5213723488690255,0.42025118415167495,0.5657801293842627,0.4387529371178367,0.5188095497638177,0.4305765804607863,0.43015670051147015,0.5647841598675566,0.513270446991891,0.49304789643275837,0.42140204366917006,0.434474664685743,0.4786294536163472,0.46692373595672576,0.42999563767091903,0.5545970736822079,0.4680334752326771,0.4998608110051663,0.4431299089762906,0.4976071706573714,0.48450315768192215,0.5051537943053596,0.38714363267278423,0.5174210507380801,0.5362671217660842,0.3828298670616061,0.5756933732098091,0.43670471730485294,0.4936981916192011,0.4068897108488878,0.48418796417355875,0.4460708490548447,0.4288888673510851,0.5019485462793728,0.43111691164382065,0.4537904303780435,0.42059866069805,0.4126578977493431,0.4931599997170448,0.40308919432042534,0.3651691202713591,0.39044250019433474,0.4626692093048362,0.4326180798489482,0.4513942127467748,0.5590055818392234,0.43475226626325536,0.5197052775569871,0.48104424727521483,0.4637215984616859,0.4705240790967886,0.4482208008392939,0.4365105012552795,0.44757977681393224,0.37963183022847796,0.4874927815845811,0.5152790373019696,0.4186769482123687,0.41120887897467195,0.5726062976998921,0.4504398276326845,0.41822563811719987,0.5031089694993038,0.5427264755342003,0.4949665255437427,0.4835663535659839,0.4955060415310867,0.44628265892680885,0.457097942419948
0.4167000823686576,0.3982975411781333,0.4285546307050789,0.367562088431325,0.0,0.3835919750359691,0.45906276938582485,0.35697518055636784,0.3824054841816409,0.35047423481910384,0.4591380473111543,0.4327436292816671,0.3842856937735514,0.36569345914224,0.4505748328693918,0.4336215499210995,0.41673639892879194,0.40569026009966147,0.398289642822024,0.36915746582540565,0.4647738174941433,0.4768634084536968,0.3989102247324089,0.4695835927328527,0.38279801167426636,0.43316124691573393,0.35865256756593555,0.3433111253773516,0.3901985930427934,0.49219635219602254,0.38979826684636615,0.3991858305789037,0.39420190621138157,0.3506758991058716,0.3867980164570974,0.41536050768280336,0.41981350427435715,0.40839043147012416,0.4350159118532104,0.4302373885533383,0.43884670322540503,0.423428861244935,0.45922749452721673,0.46911434975518657,0.3719275332307253,0.38698354807067853,0.48776496210023856,0.44988607922603335,0.4335328141750091,0.44412857879964646,0.4632958800952378,0.4368630951708413,0.3829406336110373,0.4296839885598827,0.4280935641324604,0.37812102767322786,0.42471911650119426,0.4593778765799627,0.3660605328111093,0.39795899936987295,0.34245429026333835,0.38522743919062297,0.44583299203217136,0.3703160435243236,0.39662378882590016,0.35796745183798406,0.3497755631743123,0.44835724645513714,0.3802084837746197,0.37875265738762365,0.4467895713549538,0.37686635548157243,0.3504974710466073,0.4184101968796001,0.3695198478352796,0.35510742442882137,0.4121621245869966,0.5195600174728656,0.36474437942020976,0.3752021076242476,0.3854867585682447,0.40999422769318317,0.47421721462592115,0.3524688615517413,0.3852898506046849,0.39699400392246,0.35518000754182494,0.3767996821645438,0.34561885156132466,0.3688234180728854,0.5073270021641367,0.3768329965786577,0.49937465466520214,0.3788610522577934,0.39355926916911665,0.4027671946410785,0.34997475150694524,0.35270789937544267,0.3891831656581809,0.34739482934226357,0.37035554847529206,0.369797818172,0.3592539873121146,0.3490978127826096,0.38414789634775387,0.40385703718684623,0.3691045783132555,0.35913646280724354,0.4233416910327694,0.4064285775522384,0.43788837043730755,0.4175551918025142,0.35083599129921245,0.3460820413527745,0.39255499934899,0.4137951260949311,0.35683513500408565,0.4287644452694397,0.3800124259665513,0.3544987503586073,0.5167167071558543,0.3619430925170524,0.366905968257808,0.45411312589409286,0.36378174195158186,0.40267780263831005,0.36048401765774096,0.4501023978465286,0.3701899258627193,0.41115006858238046,0.3602765947083949,0.4168635799344948,0.3350616655768046,0.39360273242420496,0.3798730526814811,0.41291934484722154,0.41668272226776554,0.4471581646316332,0.3722566918444345,0.41419534069253605,0.3418360272887954,0.41441240278374697,0.39148859061488156,0.39250113049097846,0.4288871565283376,0.3864551432631364,0.5172137573238555,0.3815344143175832,0.37568053141962654,0.34748773847881903,0.37781276274390885,0.378071479120055,0.4308365980087232,0.4275329979216497,0.39497732072227315,0.377730414470473,0.38416682751626213,0.41532791579228484,0.3594870114349099,0.40341373484396464,0.35342730929232863,0.37316061617922675,0.3483006587887004,0.47338433540141317
0.468749038318521,0.5558143739557373,0.5394309629312523,0.49980209445680707,0.3835919750359691,0.0,0.467174995065323,0.5133019435320799,0.4179409942337662,0.524131343918193,0.5437231346973446,0.5283822400220067,0.5481105524028831,0.4341092786032078,0.42042358366525134,0.5237803022910571,0.5178169407699258,0.441937088473753,0.513009258454657,0.41229232819134115,0.5469559985590398,0.4907368005255903,0.43712490072664567,0.4647123260666817,0.5547405961830271,0.4657899081088588,0.41559355295272254,0.46791134766471015,0.5081170755453804,0.4613900030149227,0.4372016486941609,0.5414422410293919,0.4924250178568456,0.44570889206252545,0.41235648617351794,0.4547544265331079,0.539772680646227,0.4641300958134717,0.42372013482338705,0.48858441483502785,0.47856969469170774,0.5395554237871862,0.4422446605716121,0.48771676383479795,0.4634555015532014,0.448356755691427,0.44757576560985435,0.4848750897688867,0.470461620683353,0.4166586121024323,0.5004020152272206,0.5341431140698216,0.43406200710982046,0.5578549711911098,0.5069632779843898,0.5586401729111563,0.4623127822541634,0.558242165915949,0.41649514914682634,0.44038365695662696,0.5484614291637996,0.43750212103448544,0.5531475465237041,0.3797725687318776,0.3950728043653761,0.4440262161287576,0.4505193556084465,0.49641174126383253,0.41698596299074403,0.5280458478519237,0.4701608475975654,0.39987595150173433,0.4436316173262282,0.5301557936062098,0.5231542255078621,0.4578661846611288,0.4861628851174917,0.5078975951426467,0.4325973755993887,0.4934180885907476,0.6237901835557778,0.4410655029389681,0.5513676659264418,0.5326489898351968,0.46631708711180436,0.49717436355648104,0.518150604685672,0.4032709131039897,0.47810752865372974,0.4692870699687773,0.4665723103455477,0.43913096418776537,0.4709580480975346,0.46018488205913344,0.4567340171390568,0.546520294701773,0.4330513007871673,0.494104762426997,0.3977172723037525,0.4700897291898427,0.4289119455443178,0.4571805298111591,0.41629407473732893,0.4432694280263534,0.44723595341088407,0.46380112397411,0.4715702828309132,0.5059070334995805,0.4667667857217736,0.540298920342206,0.5433390772348596,0.4224637838787175,0.5293615273900727,0.44113839784793124,0.4725183039903628,0.5207359007451321,0.5041167284049123,0.41599496862010643,0.5815660287540091,0.46446866299570483,0.3964175400060549,0.4745254235976126,0.4653511622892833,0.550460951375633,0.3992203805694293,0.5636530847591601,0.42650805167707456,0.4745500138435367,0.534565194662447,0.4250368285756158,0.48991544473069576,0.529966483223649,0.4387665162001526,0.4497622282220313,0.4295144479481774,0.3854488706557696,0.44982739357169416,0.41662865901360285,0.4170915229122762,0.44008619222160583,0.4694252136244675,0.5011615658935535,0.46248985097143636,0.44553078896276666,0.5059016095874794,0.4077233779667519,0.46662426660032336,0.5118688420589635,0.4908734000680063,0.4254101261365173,0.43825097925520357,0.5011389481443379,0.4194584559167597,0.4394373027823972,0.5584166987314242,0.4688673028027754,0.4968270848956964,0.6309716482925616,0.43233427766827537,0.5179996595919932,0.5122080966727662,0.47538504776335627,0.4286485155367411,0.46511303705625456
0.505071223026186,0.5231750269941783,0.45018029318514524,0.5415432146426638,0.45906276938582485,0.467174995065323,0.0,0.4503108459384669,0.44774059710840536,0.4539465447306797,0.4882301432014659,0.5139924261342761,0.4643027251765397,0.4738753412755905,0.5625154023541017,0.4404676199449068,0.4573559777378098,0.48689524762893666,0.49150188383343496,0.4196070484839251,0.5434918175055712,0.5068776482000642,0.5137080456180697,0.5169096542443069,0.5158152485614889,0.5171676101821615,0.4316500864407308,0.41224883035863974,0.45178914927971914,0.44169038091274493,0.510213521179298,0.499677773115684,0.5702452093921404,0.46272148061170265,0.49318643588548616,0.5617221769579701,0.5306405915977549,0.470325244688412,0.47154492584400926,0.5694175639907475,0.5540448657482138,0.5073666757573873,0.5127303990604299,0.5891156044954533,0.49393235091378107,0.475912986700586,0.525970284994042,0.47776806817796574,0.5854011197085582,0.5009365842710397,0.6330566601439848,0.531544225509154,0.46521606244637775,0.6133329359192028,0.5710650181248058,0.5094787231700799,0.48919924069144666,0.49034785974025846,0.4996053841542957,0.4894933446927778,0.43929356517408275,0.4704099272536555,0.5143830310064259,0.43983388540658436,0.4823844081921055,0.4460967534428622,0.48103757007558445,0.5412733040361122,0.43766165599867674,0.46943034185939253,0.5425779248249727,0.47186577029945886,0.4584605317795058,0.5405756329375166,0.42694042779467856,0.47135474050890497,0.4898308908586986,0.5520900074445352,0.4375245007146505,0.40646621132879385,0.46971080618560285,0.5589187396686215,0.5157313131334572,0.4266778302699485,0.49451259139338694,0.4815118194967612,0.4547730087914815,0.5066085751644068,0.4541284934942042,0.46904196048999586,0.5726030721399124,0.5888970194789467,0.5551157241189306,0.4657213378828495,0.5299562700581286,0.547007512167736,0.4330961147524233,0.4993032624373884,0.4957810740629293,0.4950806370524068,0.4745674035755204,0.4518424168239301,0.5418920752105015,0.46302914875207,0.49841656308674154,0.4526385515790999,0.44865952730141334,0.4351364175730916,0.5470363718895513,0.4867357405631969,0.6446321664752491,0.52170509750562,0.4822445313858059,0.41248374409194855,0.4935971116317779,0.46650303359546,0.4672851149814774,0.46055254779091837,0.49376257124261386,0.46645596845754095,0.46860118349333213,0.4799726251355324,0.4478963585430164,0.5676987816445354,0.4395710654753388,0.5033058228803345,0.46364408657366984,0.5027423068129033,0.4804222070024956,0.5084421257274302,0.4236595536879235,0.4393336227696208,0.39817092365780554,0.4863134266753295,0.44692958063089067,0.44122521255216496,0.43197536584220914,0.5731027838015034,0.45017025800290067,0.4888691588598387,0.4810236453140718,0.4884247253757859,0.5534316457432046,0.5126173422598973,0.5348831928291687,0.5369576927687132,0.5352911015125174,0.45242674123217236,0.45998894759881626,0.3707452554451564,0.4911252965775022,0.49455541871888486,0.4516135524565381,0.5034868016865217,0.5245090036651215,0.48121145900309475,0.4365610990114116,0.5046637664436202,0.5143749354737716,0.5240024083177909,0.4782340669270745,0.4866461730255603,0.44242668217117503,0.5030574129083722
0.5040432697078819,0.5743421101710183,0.4791873541461782,0.5085964603958754,0.35697518055636784,0.5133019435320799,0.4503108459384669,0.0,0.5018153310720861,0.539958983004529,0.5011379405922577,0.5146099304373342,0.5569724600289204,0.5061812698949539,0.4499480141866793,0.5111493517073776,0.5305250756272142,0.5322957501372654,0.5772233452718457,0.4977688751126392,0.5422518899031242,0.48482176079790096,0.5264613648093441,0.44858122404881967,0.6059116731255256,0.46223329728604123,0.5505407603317932,0.5576543726139515,0.45759922739538195,0.4703334690863868,0.5148680057424517,0.5735941169867124,0.4836089284929735,0.5164549006299567,0.4608920728931224,0.5481767522203914,0.5300119703356043,0.5971891637187995,0.46592221112574767,0.5266161532980567,0.5137152971977974,0.5200725907966889,0.49746370469058415,0.43821812370330826,0.6112534495295617,0.5474330015882521,0.42972813584910036,0.42475685538180724,0.5309807712656699,0.4926690313193704,0.52503752604962,0.48153658449153,0.5031113123183638,0.5385377973258588,0.5384459374753645,0.5465488087840201,0.5460711376863,0.5351166305680393,0.4945377777240065,0.562276202800026,0.643370288655401,0.5016841764409526,0.5431020406510035,0.4642772898926073,0.4550141401695101,0.5293908350295257,0.5211509718150984,0.46134848000257506,0.5037653154634407,0.7077104392843399,0.492822507935562,0.4906911553770514,0.49589969969762937,0.5766310479400116,0.6335614716758448,0.5206455820236009,0.5124004605393052,0.4502909688517068,0.5489346011453763,0.410664262602026,0.5276757891166891,0.5130504756355402,0.49906494511520844,0.6460419143653593,0.5706473999788151,0.633050729652481,0.6134038299189986,0.4950288407136633,0.6429205534186427,0.536803497973326,0.4784615360297289,0.4928642719823299,0.5034531120891539,0.5209694240017632,0.5313942717280937,0.49163331166791985,0.5533261904088905,0.5425173341228312,0.46061074693082776,0.5542074335854531,0.4983915232982832,0.5943226275109545,0.4759984273982403,0.4671674609979997,0.5805284149832448,0.5105180239531074,0.5743177504781515,0.5602124364658218,0.5241413140864253,0.4749779874716338,0.5001637921437899,0.5137951134080299,0.5127085709355335,0.5855842986531803,0.5579031745579207,0.5187738800432973,0.5748199277717083,0.46193202009453477,0.46773945243708204,0.5372598944237275,0.4189606417268027,0.6097345677126575,0.4801394614563768,0.5130632322617639,0.4335608773572227,0.5200924752556105,0.4879561458742729,0.5137700513558741,0.5626832124341228,0.5124823811778793,0.5814092488346567,0.5292456194448014,0.5313874232248116,0.49809176835027097,0.4845672436398349,0.40334000465015407,0.46324727573596386,0.46150040186760455,0.5360741550630781,0.5607532828958104,0.4786593815606099,0.5358643763279227,0.5491750719112913,0.5559788081332734,0.5406357133253205,0.44696225854312777,0.4759152798832962,0.5268950973922893,0.5660489209168217,0.4848387848402698,0.5223241945310838,0.549802575634154,0.505607416174069,0.47000300782879484,0.5815259851324581,0.5588982149371172,0.4979414714393047,0.5073534857368024,0.4429695943632082,0.5238975595153811,0.5526964318452476,0.5178071010386938,0.5365220652034421,0.4651680232456552
0.5847067590189958,0.514429344688973,0.3951208506594331,0.4392033241645659,0.3824054841816409,0.4179409942337662,0.44774059710840536,0.5018153310720861,0.0,0.413680985894949,0.47562857164614225,0.42793797503098957,0.465274182290568,0.5688437654083579,0.4865851250082873,0.4278163024759649,0.45034080751839345,0.5934141381861765,0.49105745572099313,0.5302249106758572,0.46826490828634426,0.5058414194292733,0.47291178446875054,0.43255796663424806,0.48585424171879216,0.40896349068131027,0.5135650121517328,0.4616157369647171,0.40289840299702234,0.4794586727626995,0.5426874952363038,0.4701313559262726,0.4391624780295453,0.4151262549435199,0.5592579654718158,0.5058805073966981,0.4899200340986871,0.6194474938282102,0.46741516652580184,0.4805226209771418,0.47212881140730534,0.5146253988800442,0.46625168548867335,0.43636696272423253,0.4841938807917091,0.46781443384971233,0.4061043886014257,0.40356253296480843,0.5219707256091735,0.5319765874204725,0.49326896877751175,0.4306052068098043,0.563628626143815,0.4654706826210168,0.46615631783303646,0.5053761042124452,0.5596405075780266,0.4498405898966031,0.49829763879193745,0.5334200046694614,0.47433207213057127,0.47792469776085345,0.4750884579083644,0.49805781808291155,0.5481800189917212,0.4777461965885311,0.4897943096487471,0.45548237164620786,0.48520511094990876,0.5621687556855057,0.528063869302974,0.583313742416129,0.5072909042977848,0.4795751134837315,0.5130112719324208,0.5128882597064539,0.4374354262329446,0.4137516797745175,0.4599014950700569,0.38679519362128223,0.4453221799068326,0.6103425864441998,0.48175159476198776,0.488379757469845,0.5264566688887253,0.5639997884260086,0.5192119495056574,0.5302118405243987,0.4894283563131754,0.5349173534678079,0.4968372444283881,0.5059732778314269,0.5063733553179005,0.5354686417494372,0.606041307925302,0.44373140633850244,0.5280791970183911,0.4381901339417328,0.587723260872988,0.45673411054553564,0.5574403379046216,0.44816992068444067,0.43638068654328316,0.3938124226917465,0.606851547203028,0.42536418122744607,0.43233920880508336,0.4448704759328682,0.46303052398510636,0.423039522489853,0.4440446943856984,0.5625757524205286,0.4654147681135661,0.5378261265019317,0.5072381413023214,0.4675954118647594,0.4869434013771261,0.45485829480826895,0.3820296669530294,0.5368112575581767,0.491706031547495,0.4924935152364141,0.4636738529893693,0.47395282827971486,0.6065924286354387,0.41970311574020236,0.45851607684930984,0.4463507543749694,0.4196083159351561,0.5407359117354729,0.5382486007188859,0.4586969623152671,0.5318402050069753,0.6643792943177015,0.4879608133622355,0.48332309259502326,0.44211090730476743,0.5029377076675633,0.47219887546077144,0.5530013387594417,0.4455139129644832,0.5199792416031441,0.5782565260834333,0.5896392454086891,0.5106124358898365,0.4335430177734852,0.524447107264332,0.4282490393358059,0.4571651009412156,0.4264905038705333,0.567616974319379,0.5359462341332716,0.5584267158836662,0.4134353511137358,0.44756605889373846,0.5523175296883391,0.4884516645552755,0.4118721549911509,0.48605676662287745,0.48117277901191113,0.4444943791661998,0.5956725395508232,0.5048086605855162,0.5564259927416916
0.43458646204507057,0.5917335465386385,0.5458497371567439,0.4616692873160793,0.35047423481910384,0.524131343918193,0.4539465447306797,0.539958983004529,0.413680985894949,0.0,0.48715296174413414,0.5103143108522592,0.5131054939789373,0.467954293732104,0.41303483946374203,0.4915018463096262,0.4975781571442743,0.4536809779273267,0.5067330723708177,0.429675227951121,0.4994853494024401,0.485379936203618,0.47590869183817747,0.42495099137628006,0.5947320738972252,0.41236721333662246,0.4721019436496057,0.4821500589941,0.5778048765511015,0.4257188607012673,0.44550061743214575,0.5721352576666316,0.4493189484632737,0.4562836981511632,0.41696654299054153,0.5046589431951142,0.4793676424761776,0.47425256812462135,0.42420342293433205,0.482600185214937,0.46048859389972013,0.49861779379632204,0.439622190205374,0.42433789304211816,0.5050117391396324,0.4511058737365037,0.4245479972881051,0.42897351944815154,0.49768340256923466,0.43229304662853213,0.4667327784983949,0.4323328847071254,0.44240173917896736,0.5294273851629635,0.5500782270305883,0.5021212962033584,0.4452408670599419,0.4868664400290532,0.4873464683135253,0.46612915491924134,0.5364712467864448,0.43592659006433815,0.46013495936849175,0.44186406731653893,0.3994880058858375,0.43884393367619806,0.4579349188714803,0.43981979710088204,0.47601077900387634,0.514856942907457,0.4265799823941472,0.4273656337311945,0.44300484081022734,0.5181054188027694,0.5255748388759857,0.4545265420518481,0.4727436174029144,0.45281408617395036,0.4210867276163323,0.3883652106265237,0.5020541693780098,0.4259545350851278,0.4686964965750738,0.5064298104385346,0.4608109786866705,0.4845272479407466,0.47883512838127296,0.43800230136275525,0.5057277951102657,0.44193392710315893,0.42904519225564225,0.45055494657224415,0.4836849687984221,0.43443908405847176,0.458649661971739,0.5095565944469852,0.44955257168387913,0.5059596126743517,0.4103534029780037,0.48095325808218253,0.4434370808065607,0.4929388685707228,0.4259469219312938,0.4847609486739054,0.4587109056650221,0.44179015451270254,0.49972608055490336,0.5253673990868006,0.47927205759026476,0.4901381380444159,0.4880854863098124,0.42766514602872446,0.47244439553541473,0.4758606829174206,0.4429668088797103,0.4457200364879068,0.5018259813250114,0.4790303046666952,0.5211523504970197,0.4572013204115776,0.37710080056124684,0.4538207563380173,0.43186957671799686,0.4634211596143486,0.38859333353404385,0.5450445862370679,0.43835151139094347,0.45988292274458764,0.6074515767643752,0.4500866187909918,0.5105167314131336,0.47523498799239106,0.4204609959079126,0.412593258571267,0.44545714032849165,0.37663946390793607,0.42346183109879687,0.41523535596049627,0.48537257684644974,0.4553324262599456,0.4548458724107342,0.5250138189126202,0.47570540269751294,0.4973430013439857,0.4945302508521925,0.4160063426098766,0.4224828218187222,0.5016719857370606,0.6045059556136579,0.4612719773818515,0.41836940260867633,0.5119339707319441,0.44421441158822533,0.49713127537092794,0.5292797971969694,0.45979846030052757,0.44754661736368057,0.4832159457793458,0.4121948299521742,0.46738513615571703,0.5507041453828342,0.44680544178959386,0.45291431017878203,0.40462494719292824
0.548736867290846,0.5716251043597418,0.5729193664572081,0.460583949686882,0.4591380473111543,0.5437231346973446,0.4882301432014659,0.5011379405922577,0.47562857164614225,0.48715296174413414,0.0,0.5552622202496839,0.5581512552585685,0.47489736025647034,0.4763836331044876,0.5883729794890853,0.5567432715671424,0.5126740780208795,0.535111245653382,0.4886968552872029,0.5881415506324258,0.6639305508621907,0.48567903783143046,0.5424919544331551,0.5701852449953437,0.48441305092437054,0.4662708088597183,0.48556102357810993,0.5375942125805168,0.5368224250785296,0.47752180003854183,0.5413305755275679,0.46513932003917696,0.4438708113978965,0.4862960122778284,0.5075092189515087,0.596870545357669,0.5469580064474151,0.4870034833162592,0.5307702372195846,0.4999486899135579,0.5779153386270177,0.5107732661664439,0.5304473069735078,0.4965191580795967,0.4527719513921817,0.4601949980851929,0.5758130750384178,0.5556800281911559,0.48890977323348545,0.5200560598962719,0.5060412171464493,0.4419407724352937,0.5627981967499227,0.5673358524386937,0.4980993369537367,0.5190440287361182,0.5924096246629715,0.45140336829475386,0.4734964726238531,0.5000666045130994,0.4271262217130439,0.5566896732728295,0.4469832573901917,0.43225399798341213,0.4396296633860365,0.45342736343021417,0.5153467146737419,0.49160175650134197,0.5622978350597825,0.51223306458637,0.4508295635203564,0.46420662923879336,0.5446281024410919,0.5307157494686177,0.4434604298261539,0.49955415431788497,0.5276088517597385,0.4399302392780855,0.4345633238177154,0.50035434001034,0.4726634044924117,0.5643096352421688,0.513586269171368,0.47701003599679853,0.5426764266909718,0.5182360547355488,0.4342880900544626,0.44698503280501534,0.4704362159403404,0.5356374187277669,0.4353047828655315,0.5616586599625432,0.4712238281887624,0.48247930405757244,0.5335333416687774,0.4359132855377159,0.45849100408952537,0.43962436043788006,0.43682815145602766,0.470970011393182,0.4663062482618352,0.4115846672855009,0.4314402053964834,0.4797446069333705,0.469399341651189,0.4514690132285799,0.513331665697583,0.4769163563904603,0.559946202646925,0.5496967375839343,0.4795025228877516,0.4785511341657852,0.45593540166782587,0.4819478335843122,0.5268939803676554,0.4686909334182261,0.5239781146311585,0.5136593094073157,0.45660476521189963,0.4860635762899077,0.4430916704195175,0.4919433376578862,0.5311196420167027,0.4475782672244351,0.5356166811451422,0.4149662926001416,0.5164734991689838,0.517016933966859,0.48226618319170994,0.49376852411920263,0.5320246051361478,0.454096603275063,0.4931088588625422,0.5097061134861819,0.4381020473513462,0.5096400722830482,0.48865440668443494,0.5011740835340684,0.48292239154955724,0.4401843350940644,0.5595634379449698,0.47219774589567726,0.4885633878585519,0.5741246913722979,0.4389993928618774,0.5475254143288419,0.45191202452988904,0.5371627512688071,0.44927177596219764,0.482145589144017,0.48118070558446674,0.5350827998761494,0.46880548211016115,0.5190947989543334,0.5032259776765439,0.5628431275297094,0.5187407921560214,0.44956174407950317,0.49599151737492087,0.4487803032132131,0.49072333302376664,0.41621086301045,0.5795023875366286
0.4632532632965439,0.5771493701892761,0.5231485305664249,0.49956757682181924,0.4327436292816671,0.5283822400220067,0.5139924261342761,0.5146099304373342,0.42793797503098957,0.5103143108522592,0.5552622202496839,0.0,0.46182894689952936,0.41499676154579856,0.5031656543968802,0.5031174738124911,0.48986895688733034,0.4494165059747311,0.6396974418388421,0.43738029145009494,0.5936917028054746,0.5214894205140339,0.5009293929040104,0.5322308851364358,0.5868414501821949,0.47231209684139946,0.4280230688963668,0.44127987404267427,0.5558888751877592,0.48263828417531224,0.5209529731610686,0.5022166918303157,0.5369244344606211,0.48311775138941543,0.45587781620407575,0.5602797725127361,0.512097930414869,0.4977771637966151,0.5372166967207354,0.4956806366146912,0.6090048448214206,0.4870112794828284,0.5153268063732105,0.5658464586506181,0.5034026732563724,0.45960722854115527,0.46819271429110604,0.5189746346291699,0.5252952934425236,0.46441245126946135,0.5228078642098973,0.5156520770716833,0.42906839144489417,0.6405684752909547,0.6285723032015949,0.475503580795744,0.4832366377344522,0.6142462374520726,0.4276341432435146,0.464700719173945,0.46538192875501005,0.4193853260700004,0.5254751828331715,0.4242891019284025,0.41759736329531993,0.4224672769397772,0.4204258307365023,0.4549432001719376,0.42480004404263666,0.5083342429050077,0.4677207340012288,0.4286953829250436,0.406786026451766,0.5009635851233892,0.4737175736323504,0.434670826935709,0.4584812947927191,0.5310254391886585,0.46956186111254605,0.40746069250764005,0.4930962408352532,0.46851860183947813,0.5325606814722373,0.4752957832202045,0.46927057719282983,0.5246080600283155,0.4703435151664921,0.41949883212554007,0.45244806194901455,0.45612008423757894,0.4946064656726066,0.4817939748909654,0.5608665157893656,0.4441017307513435,0.44626926137808,0.6122027465078476,0.4394885311226978,0.52307770518943,0.42257980277729973,0.4385343700204393,0.4532417216436156,0.4721786111744876,0.45550527201816876,0.5586935463312207,0.4647652110934948,0.4604264327111532,0.4664129321758878,0.4959335283842601,0.49551571548023143,0.5218981534006571,0.6090063416850071,0.4702701745999107,0.4299469262910434,0.4274924562745902,0.47853609329392965,0.4714618852242375,0.4825577465079064,0.49746753854929915,0.5228565351560233,0.4326146654016018,0.43682949145447575,0.47451937692653146,0.44569979624146466,0.5400980298098205,0.4041408872467505,0.6633221630654079,0.4008292781119828,0.5273624264921372,0.5947780914055926,0.4595096468572286,0.4512902338009485,0.4719007712872214,0.3997616216821492,0.46332735205116876,0.48508820347084747,0.40901492807605366,0.4961529690112224,0.48941269164564305,0.4863054506189388,0.5205378430081644,0.46975465303274777,0.4874580545571048,0.4668059943943433,0.48192762904344777,0.5559501755731642,0.4413306344112576,0.5419144470755869,0.4743195686957633,0.5635197156486093,0.4302469234520907,0.47879968457892325,0.5134244320857279,0.4729067222731213,0.47063159651379777,0.6599900271044707,0.46962485930158643,0.44444510678456595,0.5397445400894152,0.44036356461936377,0.45304747632088804,0.45957156946576805,0.4669622370581615,0.43266114823439605,0.4794028695273068
