0,1,2,3,4,5,6,7,8,9,10,11,12,13,14,15,16,17,18,19,20,21,22,23,24,25,26,27,28,29,30,31,32,33,34,35,36,37,38,39,40,41,42,43,44,45,46,47,48,49,50,51,52,53,54,55,56,57,58,59,60,61,62,63,64,65,66,67,68,69,70,71,72,73,74,75,76,77,78,79,80,81,82,83,84,85,86,87,88,89,90,91,92,93,94,95,96,97,98,99,100,101,102,103,104,105,106,107,108,109,110,111,112,113,114,115,116,117,118,119,120,121,122,123,124,125,126,127,128,129,130,131,132,133,134,135,136,137,138,139,140,141,142,143,144,145,146,147,148,149,150,151,152,153,154,155,156,157,158,159,160,161,162,163
0.0,0.6575925297553626,0.5804790337563854,0.5459194271725787,0.461484151898615,0.6426428101314261,0.553786075820458,0.657559246744645,0.6533803634773785,0.6470035589374664,0.6172856663826487,0.5650035780461405,0.7162031040790684,0.6270455524666704,0.5707174853153868,0.6222518307094306,0.6758082401196437,0.7107494808546734,0.6011283164478949,0.7111645153261066,0.6151712883696384,0.6179709410501858,0.581494246415423,0.5217344198070136,0.7043546355448165,0.5306530656145122,0.49562993786562815,0.6600460789842422,0.5705466773739082,0.5407033538296085,0.6145082924530907,0.7182186772355112,0.5205232064935214,0.5822281256917177,0.720675821945481,0.6134624100519769,0.6490288115041841,0.6888501878600879,0.5409890298752524,0.5569659412320698,0.5550862487184847,0.6601909379001801,0.623814571856482,0.58693354539149,0.6183374554604891,0.5997056342696367,0.536428015598162,0.5618197878495381,0.6772841194659952,0.6536447368821131,0.6333888128083844,0.614596621379575,0.5900134806510702,0.5755487949815595,0.6250259382730081,0.6980960104982877,0.7030162572658888,0.5841934301894108,0.621259644623274,0.6251485833484548,0.6427049358826856,0.598392181429765,0.6674221307360826,0.5942590497270555,0.6220357359256996,0.6209188642857544,0.5781945984472915,0.597141809733897,0.5954398770953331,0.710953797765907,0.673352423312525,0.6329453641772134,0.657339077083808,0.6655471604892595,0.6932598420521846,0.6063651040573301,0.5840667405267602,0.5047824519182527,0.5907895588711908,0.5192336498441186,0.641049702748577,0.6326598768210375,0.6003851660699302,0.7099917812091668,0.6656248040021493,0.7006352808069949,0.6460539549268007,0.606961572056941,0.6499937803950068,0.5850200045719988,0.611105073581248,0.5649531877831805,0.6383139523752018,0.6574156095716461,0.6890966190585973,0.5823853493535711,0.5405485022359293,0.6002721233245841,0.6036510395160588,0.6215901850261991,0.5903405964253507,0.5866120704896616,0.5309178540289851,0.5349234438628674,0.6865780007830965,0.6106841513119778,0.5984264251502768,0.7029634698046102,0.5625459208561425,0.5847465003403408,0.5793787376500912,0.6291880650951931,0.7083883283230876,0.5865953480918749,0.6682497779526742,0.6444378699967377,0.6805758237936421,0.6460512583521791,0.6246264931612511,0.6175608784558536,0.5956924969986093,0.576656102956281,0.6861456221611129,0.602409674870999,0.6528859187937572,0.5679747610841291,0.6071016154878559,0.5422921729051022,0.6527934287389792,0.5874458459247777,0.6527827594242595,0.620973240777006,0.6184717141104598,0.6364414713119467,0.6014751874697413,0.6321484371550801,0.6039168540322264,0.5722305094474965,0.5520234593200373,0.5918708692931789,0.5418142287032464,0.6841301726186482,0.638507531393093,0.6014852168534873,0.619551773949652,0.5842829381232811,0.6054141580348791,0.5567488149592796,0.6907558139435805,0.5690741443353861,0.6493489145341502,0.6267338225430047,0.572297511622525,0.5200887608994138,0.6053342200530062,0.6390575196375801,0.5954609509371485,0.5822187601816317,0.5398075232207529,0.7097274832487702,0.5871629198558906,0.6823159180642835,0.543395802950427,0.6711505065068769
0.6575925297553626,0.0,0.6017243345865858,0.6405347218378138,0.4540210167573975,0.6070120377701511,0.6034265059996409,0.6995305642914101,0.5816486277848365,0.6923491503499136,0.6100926113427334,0.6108395682650988,0.6653957174218018,0.6127501410287675,0.6875444687664635,0.5754159681434685,0.630076343714861,0.642490882422803,0.6171747791865398,0.6346269978789317,0.628777267459169,0.6717955107781537,0.598585888834389,0.5950586712871164,0.6556673494382275,0.5389543761885104,0.5130799622865684,0.628966560691261,0.6464347203415648,0.4880101179931569,0.6339896724241627,0.611609653206424,0.6290481923245027,0.5878106205384263,0.6700338732797673,0.6686093956475632,0.6068168209989035,0.6406691992493689,0.6225540312015186,0.6365309812628425,0.6745710654847535,0.5796706686271667,0.5747068786839844,0.5970020562652744,0.6736567222851468,0.6263322400979736,0.5071137589985367,0.5490854539229479,0.6642077821995775,0.6306950914118747,0.6415735752928198,0.6104200447731306,0.611383006325819,0.705388225925984,0.6977762386097583,0.6329359594435875,0.6691364099272284,0.5588131697038593,0.6286930812635111,0.6747859164468147,0.7205870419802631,0.5527120008433923,0.6046403325426261,0.5665668222823254,0.6031975631829734,0.594637896089131,0.6189444427275453,0.5570636665765208,0.5304467466953633,0.6424098359054932,0.640578114789827,0.6134997383294499,0.5664271761830613,0.6989329296869146,0.6426505120109046,0.5591801753461434,0.5980352370076663,0.5172028598803146,0.6043461588818568,0.48753588990311825,0.6035903205695554,0.6457812245879266,0.6061445100483547,0.6677828084778139,0.6089907051769932,0.7452237561243207,0.5690301944247199,0.5564840029812441,0.6207566598371672,0.6386993135599945,0.5671557201264298,0.5766135348496159,0.6523748124409758,0.6434531388727431,0.6809534657460513,0.6110103451798755,0.5658634253282117,0.5931318388004683,0.549662594641159,0.6652715298711487,0.6180952490609041,0.5787507533476167,0.5200640831708,0.5646324069353184,0.62113419305809,0.5953396100738775,0.6156302424788792,0.6505810738724823,0.619857895279365,0.6113737046996448,0.6050358628565583,0.5951678425749333,0.6234647406960583,0.5540668115436558,0.6725730249519246,0.658418280789756,0.6147456566326694,0.599643962430538,0.6218794202774907,0.5717361527351794,0.5866344401007441,0.5764053433671453,0.5931433864527694,0.629759897895224,0.5798508021325938,0.642652820106281,0.5779751605277529,0.5859201300466008,0.7253652806346159,0.6210458203852347,0.5687393960983778,0.5743418680933388,0.5840823021604739,0.6433081093841047,0.6584860466975724,0.6121191334252255,0.5742632292107882,0.6398084178579887,0.611673563032823,0.6080681955225014,0.586468370349167,0.5961155324085287,0.6815960718807776,0.5975676745533167,0.6225559665688708,0.5307502227502061,0.6300557741515992,0.6010925937234252,0.6484324608498614,0.5286188097828005,0.6350694997816293,0.6284456119755567,0.5934578762982853,0.5676655094829656,0.6427008610310853,0.6560372576382131,0.6309931749581023,0.6035108432807855,0.6008545610917072,0.6099335950356243,0.6132354237055416,0.5979118118258155,0.542372717579578,0.6362942741389939
0.5804790337563854,0.6017243345865858,0.0,0.5188655413831689,0.589896271750789,0.597379175626344,0.5701257697857268,0.5439896237526151,0.49708807472441535,0.56639405688905,0.6857522279176528,0.5915348268276932,0.6340847915292143,0.512405783337929,0.5766888101441621,0.7253062050437593,0.7150398253430534,0.5642753590823214,0.5292238362093445,0.5311752149634892,0.6602935308719258,0.7515202142169041,0.5371780683147015,0.5994723460648039,0.5444396206769653,0.5704820310036115,0.4676148160763323,0.535312682779709,0.6074525084509244,0.5567631151634668,0.5001815310207709,0.5944742837445751,0.5202674487587661,0.49860240034405257,0.5223272650012046,0.5639012014186915,0.5750734965830229,0.563501152945649,0.5675044785413472,0.5910944373514709,0.5735931705872964,0.5921852666460391,0.5847398393582267,0.5821751797460756,0.5369133119114406,0.548829374806719,0.5708156290334568,0.5989457871544975,0.5885621992317743,0.60524023100699,0.6260717404751059,0.6248278615108761,0.5123707469138239,0.6044105065691966,0.6154708426096887,0.5395308386514265,0.5998189404455031,0.6268890372277937,0.5134134120420569,0.569694829153628,0.5399647358915477,0.5236053969881939,0.6314974179839702,0.5013844574042962,0.5129613223923358,0.5059067731115273,0.498346147341718,0.5855862761884328,0.5216821839400275,0.5474673207764084,0.6064359355256422,0.49704730383230966,0.4958709312662336,0.6732653980596416,0.5752675484192681,0.4622377926396296,0.6422058363410258,0.5975056380134065,0.505356433141754,0.4996421296990525,0.5582693905215053,0.5312876119823521,0.640416020471089,0.5407335089901646,0.5309444828521027,0.581971754769174,0.4908460898808438,0.4870088741226724,0.4976764062332742,0.5110525507187708,0.6311918513690926,0.4715164859069702,0.6756627965926709,0.5252517110346802,0.552075843808369,0.5350481430837525,0.4660317520170426,0.48659403147368496,0.48272198096548696,0.5156212785252287,0.48753571525699974,0.5346822291006067,0.45080504908535934,0.47035500042033646,0.5166930908767148,0.619822895193578,0.5622900985641552,0.5643503475992484,0.5684525366480603,0.5917336758557666,0.5730273092034007,0.5338626987584223,0.5239116226626914,0.48488961365020744,0.5549708835010497,0.6785638353351038,0.49837742509565286,0.6063764366614628,0.6218739113324593,0.48723333866109764,0.666053968034701,0.4901926694183491,0.5236560655780084,0.6065179415137487,0.47369243084120044,0.5731879484482124,0.5284668444281022,0.6147233337788632,0.5868009198155398,0.5362789183951209,0.5114038814151946,0.6452364754631628,0.48387774853254545,0.5201627782900198,0.5353015577466032,0.5489614973903765,0.5604440643785508,0.5563000856947996,0.5181019742677342,0.52756243583809,0.45644518214343377,0.5843271127174922,0.5389332032537826,0.5157982568125856,0.5649763817912637,0.49525792982124606,0.6504373114004046,0.555838881317847,0.554120976415456,0.5178430064918195,0.49843959582343034,0.5003119510578184,0.5808186307772336,0.6023133762557522,0.5517980030226924,0.5240359748977774,0.5735069800654791,0.6240753467146841,0.4674134993424751,0.5898480667916922,0.5037188385824192,0.4855072776261723,0.45752343605431156,0.6389823498798897
0.5459194271725787,0.6405347218378138,0.5188655413831689,0.0,0.43668537036846317,0.5224465534341572,0.6343101333541973,0.6040636778513023,0.5106542164689999,0.5830857586614858,0.5459126037559785,0.5826349493711805,0.5405504289693361,0.5439590504758786,0.6372996045952019,0.49113386467114295,0.5334313379292945,0.545258399203692,0.5528102574651627,0.5080508715873764,0.546506312137319,0.5625543000702962,0.6015918199695004,0.5401706294300475,0.5752062462599568,0.5285677137852114,0.5100993896957599,0.5611289410116749,0.5617040119139494,0.44147783611688585,0.5698788989985328,0.5127205654097099,0.7145884381092178,0.5722772554641568,0.6027570481592853,0.6355780930320774,0.5324912457484947,0.5433754534043742,0.5518813200809823,0.5975001453302441,0.6440168074175622,0.5190453814912717,0.5056785393167621,0.5622241808020072,0.602658941897395,0.5343909830321744,0.459537833988183,0.48965411095011274,0.5936147424634177,0.537038602600912,0.5801641402114256,0.5618228851813298,0.5075035123406112,0.6658593575958098,0.6349224099760573,0.5409526233121267,0.5420406192885632,0.5264246925366826,0.5535708114644365,0.5703410300292268,0.5761004547694293,0.48492650279013066,0.5255306799577764,0.5106552053771739,0.5068612175809442,0.4936060786913708,0.5664977719300157,0.4888560640349996,0.48371430110451236,0.5672280061847055,0.5372318336421061,0.530418042069415,0.5221737537757407,0.5999427025290467,0.5269901135513703,0.4782616277861861,0.5361272825090163,0.49171266064191754,0.5351764145296304,0.4259859932324131,0.49540579606039303,0.5931526332278102,0.5149076447108036,0.5420755569364545,0.5445174982467914,0.598619247889954,0.5104539254773957,0.5141191992220067,0.537521190202921,0.5564316431894387,0.5500078441988834,0.5788609089349682,0.5612372871692501,0.5140877133172546,0.5952508016364139,0.5769889857826115,0.48317816115608203,0.5784472718574023,0.5099479863602856,0.6173626807881331,0.5360418301008866,0.5147933728512467,0.5530599209081964,0.580380638033761,0.5498384038365586,0.5120037505349376,0.522039128097284,0.5713123761196245,0.5509039983413119,0.518011838772939,0.5904106458206475,0.5538667963384348,0.5497462154596405,0.5017375620744832,0.5773078256056805,0.576854372939903,0.5244407319651119,0.5071809491711697,0.595594578272728,0.5537944188629118,0.5071254286244848,0.573921337938261,0.5110519486435484,0.547514710903063,0.4970797490406447,0.5728369727484087,0.5303352118074122,0.5310701458440292,0.6354220860945428,0.5362749357406775,0.49148681007331085,0.4806044241341934,0.49926553379818045,0.5853146185979557,0.5402641777220273,0.4838654566117816,0.47493989974276085,0.6154448291118375,0.569509325792892,0.533716143349099,0.5809674017359026,0.501598220254521,0.6100930960966467,0.548833105670667,0.5410458211374923,0.5335935068471274,0.5508435253707741,0.5055823840136017,0.5405210701850923,0.4614467696547802,0.5789635493450732,0.53789739314854,0.525945927358053,0.5188026879092782,0.6066842783810396,0.5479688658142597,0.5188191230063162,0.5500810354647832,0.6402304800206461,0.5414012282087346,0.5250068379766707,0.5218685142846664,0.49254076427410687,0.5596588758298708
0.461484151898615,0.4540210167573975,0.589896271750789,0.43668537036846317,0.0,0.48837663935448034,0.5077123265196206,0.43305934447926203,0.42197509604994954,0.45035746927582426,0.538141169119848,0.5134099559972208,0.47686933860340924,0.4167468247674047,0.47035933672841684,0.5911218698229855,0.54176062221793,0.45137684975731,0.4372489644200335,0.4171221233389898,0.5349891452283909,0.5259086974517534,0.46784883723786486,0.49189949538567573,0.4485521590518608,0.5317899628517762,0.4076873186562814,0.42461653136980854,0.48848390228312005,0.5688633916767055,0.42241239710074585,0.4821332206826833,0.4388399642478344,0.4250433260044646,0.42449411213153504,0.4635786272320592,0.4827818537949092,0.4669430405910238,0.4805760699880668,0.47795391468052345,0.47786616693961204,0.5088867929659119,0.5054118609451138,0.5140320978824984,0.42795010798024335,0.45013543073630624,0.553410912211878,0.5175692584387832,0.48415186983583636,0.48408711201875143,0.5185057767044654,0.5240800647538434,0.41468262287632046,0.4719637089181165,0.49308107084949515,0.45878062873496445,0.47628052366456125,0.5820048579403699,0.4118539907258923,0.4536691097525526,0.4126801474074575,0.46037094197395634,0.512373266313896,0.4211649457931426,0.42143691287971197,0.4105558625136821,0.4084507767151185,0.5127635211502954,0.4385980070404942,0.44874413085906245,0.49550509966232265,0.4152458414258102,0.41176063416119446,0.507373530294425,0.44897755924639726,0.3928261895199737,0.5311984832618701,0.6356802759876128,0.42757858120933406,0.4796781184778628,0.4703459366559138,0.4423882254797293,0.5604826979688305,0.43132322050233024,0.4537380664042391,0.4603280213053693,0.4160213279143247,0.4183130179164321,0.4137493256486313,0.4300619145762984,0.5904365850117507,0.4135311209466157,0.5478807371662955,0.4203773175118778,0.45266453371020204,0.4645793218042318,0.3809874591968866,0.41801348190116094,0.4297514224008231,0.4172324619308246,0.4093223823038939,0.45026463946576645,0.4091949842985173,0.4131034068508958,0.4275365552655099,0.5197885191463696,0.4562314074995819,0.4613209340899784,0.47307948566559144,0.47683630049429987,0.49088271502213593,0.4671385281239153,0.4261560967732602,0.42307784446955143,0.45042814796154,0.5321613257106742,0.4150819647431004,0.4984881178651686,0.5006493158312239,0.42763272386192497,0.5873986895128257,0.43737859757893444,0.4339055280615701,0.5209910074884158,0.4015315228867459,0.47751602971305407,0.44914761968646544,0.5316623066337303,0.462247353226819,0.44267168239741506,0.43674940719866,0.5358358872867132,0.4049246210147812,0.4384041190012345,0.4198890209416917,0.44888850088812876,0.477488090241199,0.46737409095543253,0.4180590457551337,0.4593448884956659,0.3834935259583837,0.49115672957867457,0.44091002068187457,0.4360435625465008,0.4836013611363919,0.44466731624470296,0.5531693445288758,0.4765829913379067,0.4482355613699131,0.4557255498430301,0.41590224555580296,0.42273601824891194,0.4634318030189973,0.5125515360334699,0.47572767801384724,0.4274124151757745,0.44394173361956984,0.5535028884838685,0.39377648743431926,0.5100548225542387,0.41891077151874284,0.4153261539094132,0.4108197221459827,0.5327632538630662
0.6426428101314261,0.6070120377701511,0.597379175626344,0.5224465534341572,0.48837663935448034,0.0,0.5361680532951446,0.568544388146593,0.5429590975014178,0.5608909507374741,0.5987798340275509,0.6321531922703377,0.5888224975146253,0.48790278687066063,0.5497883941360215,0.5989094758619462,0.6036285617164523,0.5344247983855022,0.6271306736193883,0.5621654991365383,0.663854230999737,0.5935393310580388,0.4916751300510828,0.5383610317672342,0.616970534703319,0.516537207023763,0.41503644195345113,0.524947920272804,0.5471797068579357,0.5273194123166663,0.5728546269187718,0.6353912380295714,0.5155363663475351,0.5356710897440555,0.5643010297276753,0.5519841739308275,0.5997334405232952,0.5545143665825426,0.5688906717277264,0.49873377598444674,0.5497113762036988,0.61704934799246,0.5892098459551599,0.6687877093618201,0.5283785601916495,0.5340684788846208,0.5385119272789772,0.6228830112560145,0.5617356816742531,0.5671438441052452,0.6243198453537652,0.6781844484758875,0.5273950515626734,0.6078087338486506,0.5969704191619221,0.6358420547315292,0.6189097844222899,0.6180385961631853,0.501261853555684,0.5301655112522363,0.585642294094563,0.5401212599108415,0.6964667186310508,0.4807362412994798,0.559944514293754,0.5565145492561607,0.5016902971616038,0.5827941865662866,0.47217746469283883,0.5781701083405202,0.6438728725312738,0.5011270892663654,0.5348400576813216,0.5980149607242558,0.5853574395369098,0.5263087269385855,0.5573893769670276,0.5175934199492488,0.5322964638696707,0.5688073030299141,0.6925056589269796,0.5906406276533098,0.6228042203484762,0.5723628525209912,0.5784702689830586,0.5884505974386798,0.5818880984084103,0.49750631649355326,0.5306211362631895,0.5437458684196845,0.5679249070228142,0.5311418427774776,0.5954323484107242,0.5957615052280409,0.563888606514053,0.5988288884690958,0.5226399239314515,0.5632514654007826,0.5123198990596642,0.5272320580886057,0.5119199451489646,0.5484538178945711,0.4905002296835886,0.519646911835863,0.5571884533053777,0.5665864237107635,0.564356782579414,0.573938588534763,0.5137083763651052,0.6254440233535664,0.6355371878677175,0.5447041997666106,0.6192676639224272,0.4904067164444446,0.5648753386197339,0.582411315558177,0.5880789217241962,0.5670724695659964,0.6675067631811992,0.5078838685095212,0.5604488103207781,0.5240563531658293,0.611530516858249,0.6332280827589083,0.55534768636249,0.586419609804427,0.5301797642019992,0.5380058382973546,0.6050868931433198,0.4972601521767927,0.5388321122788385,0.6440986468279033,0.5097177285501293,0.5911745104557077,0.5788542370702446,0.592764569558984,0.5850565615609404,0.5071720072446244,0.4631315932178684,0.5475815568318972,0.5015626287711314,0.596139309587207,0.5586139152680688,0.5341616097073497,0.5866172578739761,0.5142784086081578,0.6608501810391435,0.5421145613199491,0.5897534786375438,0.5088887257476167,0.584921936856251,0.5682433038759207,0.5151865983778794,0.4831545476913403,0.6168227880499929,0.5663178378587996,0.5414870667606428,0.6334160921132552,0.48162367978698534,0.6134595377250099,0.5151528974440027,0.5832564279930276,0.49257234587057136,0.6404062832289235
0.553786075820458,0.6034265059996409,0.5701257697857268,0.6343101333541973,0.5077123265196206,0.5361680532951446,0.0,0.5577423526195074,0.48854194909733273,0.6146826116444479,0.560388681053533,0.6010156976235808,0.5802392900445897,0.541966840396296,0.6821597790991822,0.5514783468471304,0.5575871924394169,0.5480432880686343,0.5113239502673228,0.4968842002008084,0.5907991347991187,0.5723502901192308,0.6274810451824403,0.5877718323231642,0.5887917941031682,0.6624243709186792,0.48921085215365084,0.504343035423918,0.6026941910146726,0.47616782817563885,0.5719142831364856,0.5679123197213587,0.631703901804364,0.5824237560902017,0.5662598172806419,0.6420806578473507,0.613566917427569,0.5493012820757703,0.582816618531854,0.6504742101616707,0.6323950455199662,0.5351001706648209,0.5864091597906687,0.6501226991740964,0.6087403159297089,0.5808462414015763,0.5632279405897377,0.567025978793604,0.6769562786968728,0.5678178408124056,0.6626838667280203,0.5936224986525249,0.49188311035013804,0.6350765269798043,0.7151958448920582,0.5835973535048417,0.5550489901166235,0.5490835858093939,0.5660277244735565,0.5810974364218731,0.5354692645915831,0.5436167014831373,0.5483392951776298,0.5231503957456705,0.5209111842853611,0.5108893127459012,0.5833480180416573,0.601323043706529,0.4953014402507762,0.545628513951453,0.6112941841261974,0.5526407380334108,0.50554183490083,0.6543153615629622,0.49669038691162143,0.5051352732857753,0.6411502300800785,0.6266443661912279,0.5465494920406967,0.48733892286003355,0.5379339045661307,0.5726409274906946,0.5962829968971158,0.5311960592068076,0.5595759401410608,0.5785748496601176,0.5120065449997577,0.5494636839615618,0.5449091093293973,0.5715777576105487,0.6082112078505197,0.5772684241219634,0.6314504105765971,0.5170433561763911,0.5966404750427171,0.6332743297549844,0.4635069708025237,0.5658961674461968,0.5340963325341658,0.6126227901296047,0.5615938157570302,0.5622298894215608,0.5701308888399302,0.5588922603077349,0.5363401985097082,0.5935250064490251,0.5561952489781227,0.5582898059346242,0.6376228249859808,0.5731697626550775,0.637648593083988,0.5855672565532543,0.5588558308708966,0.4928393166508675,0.5866796943903667,0.5817926552434047,0.5179659698350905,0.5758919588317561,0.6201002166254838,0.5360781734754674,0.5887982999795996,0.5732149994720683,0.5220564923904111,0.6432347331877856,0.49436263153031,0.6369617973759237,0.5551896639954605,0.6404635306779609,0.634565962725458,0.5955948351189867,0.48402309294714607,0.514016788121008,0.498311800474658,0.5348961948860593,0.5311708955763145,0.5341533687239067,0.527199355165934,0.6930410338832322,0.5535633208434043,0.565226443328701,0.5328531109037498,0.5542484772619773,0.592438386615853,0.5380048030404223,0.6208551076242038,0.5992563463333317,0.5951613530288341,0.5734231874766478,0.5594624004605071,0.46445205587892374,0.5499455144026297,0.5303457470105165,0.49712760701063347,0.640382576376991,0.6275308813642074,0.5698074075902515,0.5219982849699758,0.6507601824264843,0.567259569038076,0.6318459536678805,0.5661468362411984,0.5183282566657911,0.5147806727550654,0.5755023290964896
0.657559246744645,0.6995305642914101,0.5439896237526151,0.6040636778513023,0.43305934447926203,0.568544388146593,0.5577423526195074,0.0,0.6545491925913046,0.6755190316370941,0.5619352425528295,0.6015637709578306,0.613996236913425,0.6111659610906613,0.6238860398450284,0.5587342151443878,0.5992141945551924,0.6572723904145178,0.6406716399521244,0.6698852812655713,0.5981310894900771,0.5867029286069022,0.6187005655466835,0.5180695950096281,0.6912586535236362,0.518280049277403,0.5287600669275521,0.6385595742752482,0.5671594340800739,0.501017119891685,0.7164772755070828,0.6318409028470225,0.57049683101105,0.6230930873440954,0.6972091029211247,0.7191539240141861,0.5902922869969348,0.714430601369661,0.6149363578600046,0.563881231109236,0.6203137075698947,0.5771403339199412,0.6051307790390749,0.5583802092032775,0.70589081655829,0.6339602957337814,0.4946050326343225,0.5105216415957229,0.6605320024063267,0.656935680188659,0.6269966201630611,0.56689255033026,0.6037139326007718,0.6156562959581905,0.6780232538116583,0.6384792263994709,0.6828226682239762,0.569358749609267,0.6357618366178316,0.6928345803419128,0.6910093632973894,0.5959242304994468,0.5972787262579676,0.6193987260427843,0.6261615898720259,0.6152276878503592,0.6079447354171508,0.5319677281711193,0.5600933987281951,0.7359822212614119,0.6243203344399688,0.6651783866367272,0.5943931354192453,0.6505454442724163,0.6658138417219377,0.5840781322469542,0.5792707621374681,0.4890717353630695,0.6636637999622121,0.4669550499009212,0.5801442351587739,0.6919711783382357,0.5662464870786502,0.6956136076897907,0.6810031091739833,0.7758660993501897,0.6331166530317616,0.6229160708499806,0.7041886838875735,0.6391415105173905,0.5702725478547102,0.6244661939622631,0.6351193487407315,0.6319932829618237,0.7071677111014192,0.5914368232949778,0.6025432479095055,0.6371626344642394,0.6084372001687214,0.667343577760942,0.635955460301149,0.6548366748689706,0.5731330004285304,0.5973391512611086,0.7289124411271019,0.5916490319138954,0.6419525009587534,0.6697457745122029,0.5852935420326442,0.5444304264057525,0.5745233187041668,0.6653654613332133,0.6140098194194205,0.6331438274688714,0.6794595842394802,0.5951506378756154,0.6560517697905929,0.6238447999635917,0.5653381009241709,0.6259989076138452,0.5633754710424549,0.6780596064562276,0.5905513630383569,0.5859465484429259,0.6072312800541262,0.5955383029906121,0.6138104470810152,0.570147724366438,0.7003235125116116,0.6186911925574122,0.6203067997206564,0.5709077935323907,0.6245480547295561,0.669314437696349,0.6405501034844017,0.5838599686435926,0.5598285543489494,0.6007703712825304,0.6075167444939832,0.6895380098049894,0.5744707249495673,0.6158455528527099,0.702739505511096,0.6687130634888887,0.6218588191339935,0.5645118710782215,0.6087157931793314,0.5788916779721374,0.6973405159232438,0.5666713665608236,0.7131089382010631,0.6560674672573387,0.5910787998837738,0.5328665466495992,0.6601832537013316,0.678550070373564,0.5531474211754576,0.5602047563034098,0.5587735301023401,0.6190657760504843,0.5956475128712021,0.6373750227818453,0.6097457444901132,0.5983623897517728
0.6533803634773785,0.5816486277848365,0.49708807472441535,0.5106542164689999,0.42197509604994954,0.5429590975014178,0.48854194909733273,0.6545491925913046,0.0,0.5884105484224084,0.5378707279480028,0.5270068648073714,0.5539270700440758,0.6008133588368572,0.501876557593962,0.5339668593989237,0.5727704012656062,0.6264046432580114,0.5846544220849125,0.6439915938517811,0.536343807529971,0.5432840786425766,0.5515377739988657,0.44374932396975053,0.6290717880999214,0.45509617679084513,0.5099898017945814,0.6219683084398648,0.5058812344259981,0.5360344974194077,0.6042898779962746,0.6095773564846961,0.4698815849134753,0.5316304473031258,0.663496880334885,0.5938796319076342,0.5365686284770943,0.7020059657056282,0.5183082434024773,0.4802261000759247,0.5028483991237214,0.6412499865434197,0.5368248213462664,0.4976245870984878,0.5505899366502565,0.521801280116489,0.4609422999419435,0.4670890608826412,0.5835706944450562,0.5964525583654429,0.5455568341079462,0.5056172489951664,0.5664972272164157,0.5091980116223853,0.5558553601064987,0.6324763864803189,0.6170163020076943,0.5581658263567394,0.5739330673924351,0.5802276329966852,0.5753154827136744,0.57336340786866,0.5496245303518309,0.6248387751144644,0.5788633029383595,0.544041388068079,0.530637281755777,0.4931246884111306,0.578543339618522,0.7122496847315664,0.5583904762229244,0.6120531048060351,0.6520710611007092,0.557026671580645,0.6862579127199975,0.5462432075187592,0.5149941448878529,0.4508928629504275,0.5366063734643277,0.4549727624056555,0.5426257510574576,0.6294716696934065,0.5225144860979942,0.6180111017631049,0.6634679968447952,0.6356526919845829,0.6378411171236943,0.6013552627253309,0.6136720888004557,0.5616259224668892,0.5625555082908502,0.5751414235481084,0.570079753864671,0.5669301430694104,0.684119708098983,0.5232314675280922,0.5454836001534261,0.5729357818139048,0.6732401007041792,0.5482029189043,0.5657002308547534,0.5633887610125391,0.5261728904936935,0.5185835708553238,0.705631479279888,0.5144265993281822,0.5441429608237716,0.6418601440072337,0.4877181404301308,0.48660430463662474,0.5099912019524088,0.6397525862748709,0.592783837536108,0.743316464538389,0.5605683584419279,0.544309045293388,0.6219056558618413,0.5906899364114732,0.5131495373712835,0.6941601463171229,0.5315016489640656,0.6040095747833184,0.5813680123484134,0.511337106114444,0.6818985616856917,0.4934794957155917,0.6050637813176711,0.4857495491666001,0.5665386650619351,0.5261439357594905,0.7890283882835497,0.5700729281817618,0.6186390809355498,0.692242179616911,0.5506289415361268,0.5367534904523353,0.5063727033445289,0.5005511007289032,0.5108037299607308,0.6021630486087325,0.49777344437012666,0.6512058518151774,0.6319135855223599,0.6908430126044165,0.5585138745069862,0.5330397047872275,0.55650488399976,0.5010980865629674,0.6318022243023356,0.64494506649995,0.6259046509863201,0.6196946926359259,0.5786614174707273,0.4639088286274981,0.5580451067851158,0.581878664118196,0.5033247167461266,0.49472469435757843,0.4957365008337726,0.6015281702905966,0.5151853437917356,0.675263625484773,0.5998741451916177,0.5889378512456832
0.6470035589374664,0.6923491503499136,0.56639405688905,0.5830857586614858,0.45035746927582426,0.5608909507374741,0.6146826116444479,0.6755190316370941,0.5884105484224084,0.0,0.5773761072273074,0.5766491014365502,0.6499735640709023,0.6571993760366032,0.6306769420221463,0.5753045435784481,0.5921891928527725,0.666349120045769,0.5566918853207601,0.602776582077094,0.5671058040664999,0.5913532191868119,0.6493687809660725,0.5190295376536241,0.7244825682552205,0.5418692293690992,0.5441677773066684,0.5968043070232032,0.6794777440984813,0.5041017752866004,0.6598436846897168,0.6481611904252477,0.5744275315446914,0.5874611098498062,0.6951453810463798,0.6841234389951383,0.637521362430015,0.6779944367850848,0.5650736784113894,0.590390484404849,0.5982319679494059,0.5699458131900209,0.6092168213035002,0.581567120300357,0.6707039653996002,0.6047607470621941,0.5276123596010692,0.5420487728542751,0.7336658025996556,0.610412012079569,0.6100516507420738,0.5488999968492281,0.5550720875891585,0.5856244184683508,0.7258232514529326,0.6498771897100083,0.6042913234653121,0.5530869343480438,0.6604612581062662,0.6317029481650045,0.6103375508877026,0.5827523820736743,0.5675339683255173,0.6264821131015917,0.5695140011100729,0.5620082941396991,0.6034119899210347,0.5804296364623927,0.5957822831028139,0.6854139781542645,0.6122008468621818,0.6864851016397022,0.5690575062714339,0.6377837953242188,0.5965966128371359,0.5964444154663769,0.5807046965080545,0.5295731028719003,0.5982557552527984,0.48185169845919235,0.5831404302787063,0.5935653667063965,0.5934403640278809,0.676758621543476,0.6102320315459763,0.6771164022030753,0.5935196542923047,0.6338522866208761,0.6754465362567669,0.5971222964543222,0.5824104543415408,0.6005929350871372,0.6614638086770422,0.5715718501044363,0.6628200985489778,0.6580147036049887,0.5133567785630008,0.6141842584392311,0.6017231764889012,0.6457964212795609,0.6599740692396477,0.5992658301108923,0.56736402749635,0.6226289462713795,0.6390339213382206,0.586217839437493,0.5811804273798422,0.6751884538110023,0.610299098822875,0.5558468317676344,0.5631635443378585,0.617985515472402,0.6121788548412331,0.594335067715144,0.6509734452174204,0.583357734132889,0.6228888631771229,0.6835474470973546,0.5908532015258222,0.6307608468250424,0.5663992710774775,0.6257054293722207,0.570981318110471,0.5958476085462735,0.5900903231376505,0.6446062713382643,0.5747068045969441,0.5734271659007449,0.7170865898700716,0.6635031885447142,0.603011581963657,0.5388684422204573,0.5959361335767918,0.5819114011497608,0.5809432019435272,0.5923738843047978,0.5777523039883083,0.6461539488504886,0.6239427551320145,0.6268621768283383,0.6056566368945248,0.6409981125328611,0.6309700335219619,0.6067086451913027,0.6474824345857789,0.592371634290281,0.5736996028055099,0.5972967066739953,0.7401621565627844,0.5414977755488275,0.6121487320272636,0.6577602363295729,0.5329629429546311,0.5761514950466823,0.6386455564209699,0.6421951058737634,0.5521559895152731,0.5804562898369108,0.5940445272748984,0.6473203212464255,0.658647808862559,0.6262878457025804,0.5760832336741044,0.5799153731515104
0.6172856663826487,0.6100926113427334,0.6857522279176528,0.5459126037559785,0.538141169119848,0.5987798340275509,0.560388681053533,0.5619352425528295,0.5378707279480028,0.5773761072273074,0.0,0.5891828256097171,0.6535782238192136,0.5461863830925032,0.5472526967056974,0.6885817937766052,0.6818225824979571,0.5746168573882657,0.5285345998788469,0.551898458607073,0.6047342736894148,0.7351827218240699,0.5623998843324983,0.5693474894215687,0.585866287768307,0.561735595095763,0.5046136925975911,0.5906060579531067,0.6319224577424957,0.5556159159646952,0.5133812406324019,0.5743926147109566,0.515950348325409,0.5138742671147234,0.5741640432750814,0.556778122846659,0.6161225685380345,0.5991314835136661,0.5484014625171688,0.5770517828021822,0.5427224013389619,0.6429243360627439,0.540740398037146,0.5822939502973463,0.5425681386717466,0.5087809526168133,0.49847120860273425,0.6075240357052224,0.6098990399707436,0.5554494126882472,0.5709046262269034,0.5791363748205531,0.48120943771418795,0.5767833829606832,0.6111243577088025,0.5675913948574367,0.5774950817811527,0.6315370348343731,0.5094448087186049,0.5398704767661123,0.5592957655355058,0.48959761101743765,0.5780913643891643,0.5178287256449492,0.48567108072432935,0.4833677719573539,0.5236621016256761,0.5584393165699048,0.5367775826773521,0.6059633587866903,0.5767080549076423,0.5107017122748743,0.5396522227606693,0.6298583949259818,0.5916217765741529,0.4634778717888792,0.6036803277397768,0.565777934294989,0.4967531922654512,0.4998343310116161,0.5373005735401374,0.531131087352294,0.6103819263552891,0.5778836377266919,0.5404011754821229,0.6065655702451472,0.5411397890588008,0.4845732596856502,0.5005100457559194,0.5415713294296062,0.6292114187676796,0.4779397487664752,0.6123539086605663,0.5124237169326271,0.5715936126768675,0.5627905239978845,0.4513145313813781,0.5051680111379823,0.5039295566177147,0.5136706367937885,0.5169137176124999,0.517780211694704,0.45973984801834195,0.4815912145052816,0.5224675995568004,0.5591184813290253,0.5129370846261243,0.6350981095221175,0.5169754187128393,0.592618276399916,0.5719715600472474,0.5478692553136204,0.5609063255024397,0.5284170694178039,0.5430147251861708,0.6927214643719679,0.5036538771026388,0.5954405305268311,0.6321566048940218,0.5405286154748398,0.6256163919868166,0.506309661103931,0.5649791310533497,0.5728895047960206,0.5186099254203188,0.5619218567294514,0.5108902563915799,0.5688375403383985,0.5940313497404534,0.522262894789462,0.5502884769810875,0.5996189164526681,0.5406581183130689,0.5764853853425757,0.5526264817088071,0.5186092242891777,0.5493547850587124,0.5555160430855508,0.5419531101206408,0.5206111191902031,0.475404677258592,0.6018736326974545,0.5374701153138043,0.5265910192841049,0.5902553663597063,0.5065423507707105,0.6156191467700611,0.5103027969651007,0.5714656974528878,0.5473301566402946,0.5325709291170534,0.5047920640457499,0.5818855865926427,0.5324724410887359,0.5621693357011427,0.5483746850319157,0.628608765534058,0.6064297867127705,0.5115396631914587,0.5988310656028495,0.48866609197611516,0.5252105493032331,0.46733137248226786,0.7490460179531151
0.5650035780461405,0.6108395682650988,0.5915348268276932,0.5826349493711805,0.5134099559972208,0.6321531922703377,0.6010156976235808,0.6015637709578306,0.5270068648073714,0.5766491014365502,0.5891828256097171,0.0,0.5419962745546378,0.48182902916030934,0.5921686332070707,0.59069642284796,0.5950894368614974,0.5182442596168911,0.6530565036277983,0.5348379356069795,0.7153213180860736,0.5808442086898394,0.5652240718176277,0.5723237693424896,0.6256485775428965,0.567309937010145,0.4446954278259666,0.5211178860878292,0.5614070145099118,0.5271933564473923,0.6090771327978188,0.5935137093416806,0.5549507903290114,0.6140970157612694,0.5581202465976322,0.6417282218226105,0.5783394923596019,0.5727300350877164,0.6936422226794721,0.5327134207889719,0.6291204438175257,0.5959840382173178,0.6042502750406177,0.6831084949186292,0.5701028898847341,0.5536102129471191,0.5353496289638253,0.5855736608134059,0.6026968381387401,0.5836783740289013,0.6566726123926598,0.6510515194019385,0.5005601614523765,0.6637831098556,0.6794442196342557,0.6051624466238691,0.6124956176689286,0.6761562936344485,0.5070943491491098,0.562678493517629,0.5551618248993444,0.5375987046558417,0.6078390466429011,0.5115197886135169,0.5369883993843304,0.5239316958708817,0.5178746704403311,0.5380592208182098,0.46754395178787556,0.57076277565524,0.6053011924948224,0.5117322967267393,0.5126055228984883,0.6179610938838268,0.548747255533969,0.49088252677411537,0.5997766804467103,0.5689486820226503,0.5659679990493847,0.5129251535958697,0.5857537930100201,0.6175338255122448,0.6067258797182054,0.5412597649391445,0.6155724880378397,0.6132669299508541,0.5556801754935004,0.5062345803803162,0.5319595682201671,0.5779419308181575,0.6025746525973301,0.5790338104178486,0.6316135057146176,0.5458627528037585,0.5793894468814629,0.6184973732158959,0.5116944575223394,0.6125906179364732,0.5360233540347484,0.5438597536485833,0.5263121822461874,0.596452917619825,0.547498469414801,0.5784141927253397,0.55686240681278,0.589103041853328,0.5964738159438733,0.596335224636794,0.5451535457857268,0.6040929907276703,0.7269425518815231,0.6127010197093831,0.5512557974822135,0.5174572631993121,0.5610547456580934,0.5821607471420325,0.5548990610704805,0.5922233335901004,0.6510289855976725,0.523094348041878,0.5907688011790948,0.5778659642061343,0.5700899470949161,0.64068511284721,0.5166033222738382,0.6208126396163265,0.5503361950211435,0.6108794734405468,0.6727417673105807,0.512990680963765,0.5214807318042322,0.602648352358061,0.4979221187932042,0.6081840216303634,0.5884217807017124,0.532404759213657,0.5577620154963753,0.5524211724405973,0.503479195287074,0.6176962000813729,0.48903759428172455,0.5822798676214507,0.590899492185572,0.5766055834723562,0.6324608184875332,0.5496717159159272,0.7178793019853451,0.5524214952236417,0.6045768620910602,0.5350473584848444,0.6022521190952519,0.5496718295407724,0.5449938153029708,0.5308754366838628,0.745909785226735,0.5677858970556585,0.5095323069499815,0.663547554241559,0.4877327898943783,0.5994513952624839,0.5042549223272143,0.5477248023534174,0.537944953037906,0.6289090460786814
