0,1,2,3,4,5,6,7,8,9,10,11,12,13,14,15,16,17,18,19,20,21,22,23,24,25,26,27,28,29,30,31,32,33,34,35,36,37,38,39,40,41,42,43,44,45,46,47,48,49,50,51,52,53,54,55,56,57,58,59,60,61,62,63,64,65,66,67,68,69,70,71,72,73,74,75,76,77,78,79,80,81,82,83,84,85,86,87,88,89,90,91,92,93,94,95,96,97,98,99,100,101,102,103,104,105,106,107,108,109,110,111,112,113,114,115,116,117,118,119,120,121,122,123,124,125,126,127,128,129,130,131,132,133,134,135,136,137,138,139,140,141,142,143,144,145,146,147,148,149,150,151,152,153,154,155,156,157,158,159,160,161,162,163
0.0,0.6264322218471554,0.45388415361062767,0.5470129993745916,0.37202662996435865,0.5465137135342367,0.5095626685174611,0.5664595973873293,0.526237291869931,0.6445534623580056,0.5576884303504857,0.51095552465632,0.7110435176646575,0.5405264227363542,0.6573359535387024,0.5282367741725185,0.6396993239945867,0.7429529021019329,0.517170073624425,0.6379029293291052,0.5691426961704659,0.5672172715100591,0.5268356705521242,0.5259212954857968,0.6952085422850973,0.4806138723158457,0.5341401546290852,0.5336441789833205,0.5404740639959749,0.4538333041380741,0.6187192381823515,0.6245680893748932,0.5243619372458816,0.5499404658168531,0.6259151218011385,0.5556131255171928,0.6939021173119806,0.5424716238142447,0.5099014046160978,0.6488920671870264,0.4919307380031884,0.6079252522294171,0.6256045570493128,0.5375241916318534,0.665464004090287,0.7075641335293302,0.43251901309203006,0.4970392402880233,0.5863367868055752,0.6133894293369215,0.6345821338932043,0.5066601707301711,0.5885448520550582,0.628204026598317,0.6030945230770471,0.568628979004854,0.682091603348043,0.5124455016362484,0.5132941012501532,0.6635043717450677,0.6534374143041068,0.522452528296162,0.5380777179704126,0.4580864868021439,0.6254188994697482,0.6551326119503745,0.5926209383384485,0.5047683078256046,0.5288276588781776,0.6152219590520243,0.5703543368771661,0.5919887476154033,0.5061328468740987,0.6619790257425525,0.5999059777473598,0.6026601644460863,0.506307328665439,0.4550764516705753,0.5454021375355161,0.4344812146361149,0.48972818324836537,0.6098620419927565,0.4946795320694325,0.5070316336532795,0.6425038844084291,0.5212462430815105,0.62422952807024,0.5330432382280424,0.6304982428852927,0.5181361258122303,0.5702227400349972,0.5634372658578568,0.6041018553581488,0.6098403582096623,0.5943923261760599,0.5356200925439013,0.4839431098757091,0.5162357257034702,0.49364297327478335,0.6217295117316697,0.5877603646972718,0.6243992938025315,0.49492030213273364,0.46507246814867964,0.5871831661812753,0.5578938672270611,0.6485336685732509,0.6212685934004314,0.6485791304915757,0.5902898677779581,0.56463269167298,0.5773568458085545,0.6074430926402845,0.5134148793900596,0.6525402280031116,0.5933813330442824,0.6417685798989111,0.5309633817503819,0.4965677537310613,0.498405442951149,0.5072318345839185,0.506804589644888,0.6352847606969447,0.5693583081025343,0.5258575360937702,0.5473768951971615,0.49645256165557333,0.5358959212636978,0.5913208954099454,0.5737198803078719,0.5234849570114035,0.48293581464649166,0.513590327142923,0.499994002490022,0.5941492300224265,0.5379265040579955,0.5084603779296312,0.6666861757666492,0.592217353248012,0.5652788763733847,0.4867125141841164,0.6088645056324039,0.6853323075753964,0.500096571349165,0.6007811286714665,0.47137328109515403,0.46774509960337296,0.5370693726291348,0.6139493271886372,0.431925885772902,0.6179446242973915,0.5323324828979785,0.626395684354059,0.4724948399393996,0.5560739515400278,0.6476784567093103,0.48188528657478075,0.5144262698651099,0.5345309206061591,0.5400036946937213,0.5438088194023796,0.5898873624969514,0.4683943703194241,0.5780276562020097
0.6264322218471554,0.0,0.46548814307118885,0.5530697992884339,0.3625468057822986,0.5878243149913501,0.4382157782067629,0.6853497528070507,0.5994829378635153,0.6666450887495419,0.5343901872256203,0.5434393174517513,0.5719015824075833,0.5052919853650397,0.6678896090959142,0.5017201043471305,0.5698306907484042,0.611148816618891,0.5216405889787757,0.6051383065591283,0.5588098041143659,0.5953649641558181,0.46360924111206525,0.5089008166575762,0.6636374033747127,0.4516978363125875,0.5192042580862957,0.4867421005306999,0.6292214019646796,0.4478523198026501,0.7008203865926036,0.4959361814632262,0.5999829765662017,0.4710761072311382,0.6026535286981409,0.5681196017143374,0.581674194350013,0.6302511746157426,0.5558599547689793,0.5517424160524224,0.5930841752015028,0.5871564650918932,0.5333303269806315,0.5320625780051372,0.6022275854285924,0.5951995040746104,0.40838242440213623,0.47532013003473705,0.4801933007229911,0.539825468489802,0.5167668639609915,0.5048605530719226,0.5898804312729131,0.6292951906494979,0.5394142521728488,0.6219294365600572,0.594841165894875,0.5468040401474252,0.44116264300724617,0.5722842977694309,0.6637404032402787,0.4863448982600162,0.5261550166115928,0.447880696416678,0.5436831738553466,0.5471021135680546,0.5209147405712395,0.4609468175552049,0.47889259924461813,0.701796177834984,0.5399271277609086,0.5595142804733059,0.4523591624747519,0.53402908790028,0.7037621909640949,0.5149646715455943,0.42785845098706293,0.44115793961819166,0.6194013073388752,0.4315781266236989,0.539932918737916,0.6047036908543374,0.5315554210996648,0.6032581959855611,0.5921810104388872,0.6404443284946131,0.6225558389376493,0.4437248856814509,0.5713115180341358,0.6183309891875884,0.5172979463882521,0.5523433119269896,0.5471905593965122,0.5265381358239967,0.5652797899320174,0.6460462838765065,0.5266238419990051,0.5548934928151723,0.48586797819835786,0.5191349122144766,0.6023100428210181,0.5240759742943709,0.45622502785033464,0.5474880268176051,0.5655759740619136,0.5265396824968023,0.5683786154361463,0.7316670627800725,0.5785697614952783,0.5600632908132319,0.48659631277312765,0.5521406097559862,0.5243796000275817,0.5650557175344894,0.6477696914545781,0.6143738959460124,0.6204732112560565,0.4572312932233398,0.4744311524149014,0.5417238129475961,0.4965146825633562,0.5781844683145229,0.5928798101002593,0.5436911645360153,0.5643343932788373,0.610719478066135,0.4473933133897564,0.5238894315382978,0.6547423461422104,0.5737328294104936,0.6351456427705026,0.5017301731358185,0.5221418545103144,0.5893692176223616,0.6496549253404895,0.5453472338589263,0.5385376185627782,0.6309199398217774,0.6073219669649003,0.6175135743149367,0.5442987238039848,0.5685618163692074,0.601682590709796,0.5172415850050099,0.6378397583370182,0.4108126945050114,0.5249808313007484,0.5876647885858698,0.7057865356395014,0.4973217514750582,0.5978658863519668,0.6095912079442163,0.5874003161613643,0.44859382369121437,0.6666587463115885,0.6754516430027079,0.44746080605367844,0.5300651641023099,0.536753635774129,0.43965339639401085,0.5807445100337132,0.639486599975556,0.5305123728671206,0.5830183221121378
0.45388415361062767,0.46548814307118885,0.0,0.40314076725564313,0.5010932325996543,0.5441111902467624,0.4015007107014356,0.42299081731574645,0.3973524253496607,0.4532314256037107,0.4713063433372604,0.4346451591919449,0.4959915624465297,0.40080049440734794,0.49332192385267604,0.5398053521880957,0.5283043972154712,0.440597115319726,0.3633799357292415,0.41067404295385396,0.6196162165398236,0.6456676367621784,0.35637059729433956,0.4990325627065242,0.42864029500799633,0.6153480200882409,0.357723340259141,0.3411208817936036,0.4756698969192549,0.40223045346955244,0.40589323765071467,0.4321045263265784,0.4483302480776874,0.3584728388441048,0.40411555994492376,0.47122580997349933,0.501858244451004,0.4538376838019267,0.4319044356466486,0.48518927150610613,0.49248840004678573,0.5497328222524865,0.5513179181847225,0.5511522534804111,0.438328088086686,0.46753113793979034,0.6043435712067448,0.5852371097197905,0.3878470768948958,0.5079613580410547,0.4923665801652967,0.5990598987809755,0.4149133756557988,0.5153185255956946,0.4329080228653367,0.4989658124433206,0.44445057946973554,0.5222642273011452,0.37490145674000436,0.42134177180934507,0.42132632221057,0.4860546165917509,0.5890358527895846,0.3964576135665293,0.4463059072775726,0.44148171511031703,0.4138569079941819,0.6440538568824526,0.4459253229796544,0.4299634593369655,0.6055905773228324,0.3989044744891066,0.3921001715590107,0.501883913812235,0.447866208066379,0.3601356397130787,0.42127545293457586,0.5397114303623173,0.43735063657374335,0.42819263410977415,0.5378277126851021,0.46236683745601154,0.5230682175868031,0.43216850614139246,0.45172190803482765,0.4587779263613986,0.42481383193498873,0.3724625772496676,0.3756361847881953,0.43460655667443077,0.5626611880022668,0.40437718988642235,0.46827122565236906,0.3800046347360633,0.44776771050339714,0.505910351275996,0.40594471160753537,0.4283638548197957,0.40982881868319493,0.3996810417168514,0.3871861128538705,0.43902690288804125,0.38962636833534176,0.4032496894533586,0.4191071887368008,0.6102708194046732,0.4945072042956769,0.4536116566745812,0.5307596433958099,0.552336795146394,0.43411811594387933,0.46516454065085916,0.44735707435037775,0.37824458421711343,0.45738152466338133,0.5153405448269713,0.3910908243833763,0.3923414448564337,0.5379109032652605,0.40173162999009704,0.5648075022504181,0.4247858145606298,0.47676565605533566,0.48159889013310975,0.39496829812332557,0.4640897492409904,0.4318720421395079,0.5488339934637243,0.49227726070299227,0.49671836530740826,0.4215206895269659,0.6099063544720917,0.3550108756073512,0.4085094163440425,0.4619336104370429,0.5186137892660108,0.4532455423812942,0.5039196028818201,0.4273311927695037,0.4153436781009126,0.37471294651308207,0.5115853249700372,0.4240559538848301,0.4303416030791009,0.5311373822968433,0.40452679649889023,0.5782101094398049,0.48715243610068415,0.475629318865735,0.418669574524405,0.3822827120821411,0.3823304954569302,0.42942093947674276,0.5791725178684763,0.47755034579402994,0.44678650234953987,0.35591487354082874,0.5509862726537593,0.36190312788563467,0.3825311164536984,0.47494039581016595,0.39218181199959873,0.3990732326482566,0.48462609927957273
0.5470129993745916,0.5530697992884339,0.40314076725564313,0.0,0.34517599911695257,0.495848771640529,0.4903399050494119,0.5210691672683188,0.46930205469103636,0.5629281148703308,0.4960607417388558,0.5019143165265456,0.4900376877473755,0.47413885510019166,0.5760037755064975,0.4260803238765017,0.4877860338989905,0.5265374139489785,0.49954267480346076,0.4699470991160643,0.47844486315602863,0.4773837667608673,0.4918027899361951,0.44896538968002414,0.6044192626248941,0.4365459471309195,0.5017598595547506,0.4866578166926662,0.5215605065481362,0.39293379850984045,0.567803203166922,0.4673320367313653,0.6496116459025705,0.503430456586905,0.5910785701293904,0.5375889753455859,0.51740466541001,0.47966322661144123,0.45964212925167935,0.5219725873597103,0.5017255028742434,0.5049322761296811,0.4761255235692732,0.5212182643451624,0.5349538781422761,0.48772109141327613,0.3730641950762848,0.4368375052297747,0.49206640394158363,0.47066313617090233,0.5136863978306996,0.470999211659381,0.4756128316454095,0.6176727289293826,0.5558170337961768,0.48743485860386454,0.49172945116873873,0.48801541651106795,0.4450052028003655,0.4946712565776905,0.5381669644959943,0.4283767055587754,0.4697372088554565,0.4146374344701119,0.4713592644727622,0.4650123797047459,0.4979366036034829,0.41576585943448563,0.4523486457681098,0.5625678449912278,0.45689103349039284,0.48866222105635504,0.4636110934442366,0.5065629343026574,0.5020186767257215,0.47103652974431137,0.4183221274975434,0.41134881051242883,0.4830854364223831,0.37721596116787404,0.4328893540157912,0.5462384173136348,0.42547512074010013,0.4645986786697415,0.5323218831570266,0.4718011818655777,0.5429786172510002,0.45674779764024176,0.5105655459726256,0.4570761388005038,0.5151322032010153,0.5905166176732166,0.49756450967891913,0.4617266765705959,0.5207578768370748,0.5585554515718935,0.4260575741464111,0.5406019133627507,0.4567019980164344,0.5329725533773795,0.5074352162223412,0.4794866280429713,0.544900028427825,0.5549371986628112,0.5163204483226662,0.4341981605890435,0.4777609104997632,0.5581716982430787,0.4951782938381513,0.46709700834026097,0.5332738868253379,0.5089837522737602,0.5247171656949022,0.4724990321684708,0.5404725094480857,0.4962551280206916,0.542489983264179,0.4304770846726275,0.5021948347515768,0.5124623483114537,0.4168104869465549,0.5372903988121425,0.5061007571386937,0.47705308703977306,0.47360437669393696,0.5209946081265637,0.4334771001589329,0.4401195691574914,0.5776216410274899,0.46801365056837213,0.4606843402934274,0.40553299366543516,0.44384827874549737,0.5010077648912782,0.49109231746853627,0.4248828775597913,0.41346977433807613,0.575977791224453,0.5211465792900275,0.4864220543902673,0.5795461047828245,0.4713126877705779,0.5633214070144824,0.47528998173330533,0.5051718552630315,0.4435790073870057,0.42483960351264594,0.44630647368121357,0.5206488022025529,0.39571973764438834,0.5741258402229241,0.5181736118511696,0.4943018989612807,0.3990280640386065,0.5695277408035507,0.5071743276494718,0.40652449523396816,0.46548153639683976,0.6758992800625004,0.45418422266419656,0.4811725854237067,0.5442682467520018,0.43839253703886527,0.5004190922165669
0.37202662996435865,0.3625468057822986,0.5010932325996543,0.34517599911695257,0.0,0.43676900219458886,0.39094515929800755,0.3297820269560191,0.3159212459669122,0.3517501545254256,0.4404322017903158,0.4093248447491683,0.39821660865046654,0.31423175857839303,0.40595373113623257,0.49407572595293653,0.4448165880343445,0.3518464256625625,0.33331935202361784,0.3288420882733335,0.4820526867283937,0.44976208403271334,0.3322415988329557,0.48301871357593135,0.35316636705502286,0.50479432942861,0.30844217666120505,0.3068213287293641,0.39957706443448865,0.4205429140960539,0.3338984109703626,0.37739675098407677,0.3691362082119466,0.32667110048518627,0.32442396765566206,0.3559200788424297,0.42178648410976693,0.34975276565252855,0.3928521250061874,0.4119783780689928,0.38842896943964117,0.4173042671824768,0.44281697171569945,0.47797266846478204,0.3425838728463025,0.3808448639049848,0.49521891631434795,0.5310852561334842,0.3555658086942685,0.38727721611239185,0.43312531024068396,0.470729098677347,0.3340118706681425,0.41395706505321533,0.38298653790706294,0.3694123584610276,0.38130761928141116,0.46951415330580054,0.30696545453114604,0.3526440105528499,0.33558988762174286,0.3696928748649858,0.4437994848334305,0.3060152983883164,0.3479226025976044,0.3472720829929503,0.3299159728424265,0.4736723061295994,0.3356370555043884,0.3425279769621018,0.4280180303612779,0.31858017134301114,0.31203073770720696,0.4137731597401677,0.3496416711316444,0.3139124628996707,0.40979838922805883,0.6245011435227249,0.34713767209096613,0.4512456993750146,0.4024392199032301,0.35457772710597824,0.4699926983288354,0.33105419667585795,0.35846532355343497,0.3490568063151418,0.33737141818891625,0.3123335752226372,0.31634616211482214,0.34378835722311263,0.4741327585135533,0.32571124950200336,0.42407607546351705,0.3372111868673273,0.34593916056782603,0.3916161407760788,0.30953051948262783,0.3288483153016396,0.3215669237897996,0.3271656555750915,0.3225565310516866,0.3669061339309455,0.3195862900998746,0.3211483658519287,0.32637590901989294,0.45755327571142973,0.38674523272795186,0.35654969893290756,0.4164402415143169,0.459573570743467,0.41399320274765766,0.36228087415678073,0.3476079141321903,0.3110745043585664,0.36509202292102166,0.4377541960144118,0.32695476148085767,0.36303769509920986,0.41801400707753916,0.31492686438081,0.48821653459554587,0.3343270389754282,0.3669341310752197,0.45637635890879014,0.31342417118081417,0.4063942106438528,0.3393388944483682,0.4761408243705423,0.3694866633489722,0.36180728722062805,0.3275242042131594,0.45008905112041353,0.30618838653894964,0.3317231987702135,0.35310947412164695,0.3873220579380914,0.40484155257774507,0.3968627908114487,0.33290117991818724,0.35578784210536096,0.30426273316213304,0.39230829977242176,0.3436358421561623,0.3266210090761454,0.409712517960016,0.3366099470711027,0.443915639107169,0.40880788483965264,0.3534563124776018,0.332522376952586,0.32537658643658973,0.32231210673274613,0.367912100759743,0.4299779675312191,0.3862345452776514,0.3503630001936935,0.34218535411751605,0.5037757462859246,0.3105546890579128,0.3696884414641996,0.3454427412510413,0.3241142556699363,0.31519026494355923,0.43294348224230067
0.5465137135342367,0.5878243149913501,0.5441111902467624,0.495848771640529,0.43676900219458886,0.0,0.438041283273616,0.5057465823816092,0.4640370040657218,0.5185007284452118,0.5670801474645263,0.5674086885454409,0.5366734557366948,0.4170278744809675,0.6030709338986375,0.562319019650675,0.5844104869995457,0.4921478203174808,0.4690473147760073,0.4671848993284051,0.6469655255257002,0.6185819375665259,0.40701939318188624,0.5554549812476769,0.5347618906983778,0.5146319463794977,0.4035822936279442,0.4086331733701184,0.6012646165028246,0.47504196865847165,0.514680010388864,0.4728811714663724,0.5761876669658865,0.4176641805550047,0.47373181703594347,0.49414808201406896,0.582333734534591,0.5137650938424666,0.5249828377873162,0.5110404596394137,0.5886164599264602,0.5857915596210296,0.5599654126594651,0.6870394912380146,0.47778203732341495,0.5176592000816682,0.4696397828015896,0.5934080597272161,0.4347792102359268,0.49774174168952107,0.5342047951004611,0.6406932204496882,0.47966202128207286,0.6298783350076514,0.5043573352676822,0.5616506285056561,0.5269613244211289,0.6762622171708196,0.3810763575738361,0.4698165751838241,0.5068278053388489,0.4678534076854786,0.6362642472247666,0.385425016777754,0.47097348341550405,0.4756073067941003,0.43368160636305414,0.5203293381302329,0.42469614679603684,0.5340041137155239,0.5684840455248343,0.43762485493178527,0.4029408171113441,0.516657644811147,0.5458284756048287,0.4323644714456326,0.42894482869998213,0.5248799650823857,0.5216856750236727,0.5052618785102637,0.6111318827357285,0.5142783862495263,0.6207044793768597,0.5075433017040583,0.5058114524188755,0.528451257267447,0.5114217470618759,0.38897387556150853,0.44836246777959476,0.49983566654891887,0.5750444863804746,0.46395906716976776,0.5420350766429284,0.4577399982571064,0.47548091697919914,0.6731595922226823,0.4395961969036359,0.4851911348921257,0.42407869157103767,0.438728261661187,0.45856202501288695,0.46939656448096023,0.4168771498192013,0.4864511960393238,0.4656196788133092,0.5599284728233112,0.5160291341589031,0.5539528706864286,0.5435610867143551,0.6117888688875737,0.5067149724686517,0.485361722732525,0.48293446141314716,0.43602049103283835,0.5557648297334811,0.6416675566635354,0.49502243480944985,0.4250091600065219,0.5337098439638964,0.450956225489061,0.5337677161692354,0.49931212113295687,0.5362515861260455,0.6053004203746725,0.4564480783584256,0.6323571395878474,0.41426474461868307,0.5531049486183509,0.571017707060387,0.4880287990661716,0.49350686708084834,0.5627987468614959,0.4219314856080547,0.49633671379051003,0.5171747059608522,0.5301081545303533,0.5541310550210792,0.5523869612801611,0.4565895632177472,0.5064634268764105,0.4630695411993265,0.5275822463904591,0.47974462429088216,0.44201075916647925,0.5980468498558318,0.39546203148999326,0.5969979049872204,0.5781120690129388,0.5427683736798016,0.44766510085129196,0.4775071144070288,0.49320412195574104,0.48559469550053536,0.4499667644886963,0.6356391468177451,0.5176684644865595,0.4156955064255309,0.6825378408100776,0.444146410838731,0.4302849320673879,0.503009590880866,0.5004281374623577,0.43782194535244107,0.6103936709453616
0.5095626685174611,0.4382157782067629,0.4015007107014356,0.4903399050494119,0.39094515929800755,0.438041283273616,0.0,0.39350062700154376,0.3682794985272739,0.48704225707559873,0.5194689502466397,0.4772789729445474,0.5217097035655569,0.41291863335319523,0.5064698802496654,0.4671480581399376,0.5093698297527769,0.47055331603326483,0.4404117775843438,0.412177560420156,0.46071715080007036,0.44985628631168734,0.5642430084619968,0.49369837965862035,0.49872962281057376,0.4475287875951019,0.4509368812470725,0.4608515322796993,0.46173611071073895,0.42846204752391104,0.43244366294608827,0.5724263151278651,0.4388568061141064,0.544036391379791,0.442969935688785,0.43119445325177236,0.546153348394085,0.37869290761901836,0.4238170860551967,0.5752907669906042,0.3850925748282048,0.4682221073700813,0.4966329028494719,0.48281453619103853,0.46833896726484214,0.4769652059575318,0.40556210415706523,0.4663652904503147,0.6247652995833555,0.45354481197490865,0.5949932506968103,0.4258781073877935,0.4024279427123668,0.5186876073793479,0.589564288050221,0.4067301289712716,0.4699938730122952,0.4452465671327856,0.44523464414213576,0.48141954288686156,0.43380443814117936,0.4033322022934297,0.4209416920577444,0.36550084053209403,0.4250920889576183,0.4288012103493366,0.45420341016070753,0.4441494008869275,0.41911772243949547,0.4189420817789929,0.42741074024553344,0.4118002795294226,0.4090556632722918,0.5683655468479503,0.40008215908674705,0.45127150312318126,0.5749164575693608,0.4744488986744628,0.37712416125691917,0.3859067629914073,0.36810937401504473,0.4276039366420275,0.4147828880516267,0.35568382141326454,0.4395279273325229,0.3686039337327598,0.42198779255090924,0.46546181939314035,0.448012380948226,0.37493798589619104,0.5205162369563348,0.44508077466212825,0.5421787815559397,0.45152021774718226,0.4260176918740554,0.4285419725981623,0.34270176503114114,0.39553290157123083,0.3812739615815896,0.4940666428626532,0.4201768825979673,0.496623203142958,0.43677993991397274,0.37680351000919976,0.40781029448554823,0.4364088104853614,0.4616930172967782,0.43117421455398625,0.4986476470012012,0.4959130936821271,0.6826764106586126,0.42530932347069916,0.45834429631239854,0.37450686153600765,0.4337131300214799,0.4597132232321123,0.43554258975412236,0.5418634735387026,0.46382589946802133,0.37479844708101345,0.4205111660837582,0.37701969361487886,0.4301390649940073,0.49794440065088036,0.3663010226045947,0.46319294977019554,0.41392264211711804,0.4757399124843156,0.4424867816202103,0.40735910753118837,0.36794354618777725,0.37877219928918443,0.37956745151268517,0.3670093237725273,0.4072336085969404,0.38357666746106217,0.3998448335263783,0.4989982138686669,0.43074774652660847,0.41530553650478125,0.3806152221429402,0.4521236551721625,0.4834740064987153,0.38072837592246694,0.4392069137131356,0.46204169820402985,0.375968919337002,0.41267648487737246,0.42171421834079525,0.3305281629428389,0.4396425332811649,0.39229790763570094,0.47417848260673456,0.4385192815873047,0.42688034736341296,0.4223801772506003,0.4471404317272284,0.45776082600535517,0.4496016157454563,0.6043960790913637,0.3875885403539345,0.40361266372267274,0.3434948552076186,0.4563670914488542
0.5664595973873293,0.6853497528070507,0.42299081731574645,0.5210691672683188,0.3297820269560191,0.5057465823816092,0.39350062700154376,0.0,0.7093483713735671,0.5941427397095981,0.4652781180687229,0.4791100397086657,0.5082294235175746,0.5086519207542823,0.5645300486092593,0.4448946359174274,0.4975942551025903,0.5868832070293325,0.4912262304406594,0.6224159226290642,0.49589562987280444,0.5200798134524068,0.43563572983282756,0.439490831537467,0.6053528252271968,0.4156959069880052,0.5237947786420151,0.4715287726631389,0.5123263905946033,0.40765354635317846,0.7152578639378593,0.4528490891698045,0.5390524171646972,0.4481087343617636,0.601804906341684,0.5597621151098379,0.5092991473146076,0.6726480835322981,0.5082993735488298,0.48457113684750086,0.5486672695995216,0.5350013301655294,0.48782018179599157,0.4622387078175702,0.598467269308115,0.550836043395073,0.3747420645080166,0.4184008640033115,0.440951262746085,0.5146636501233409,0.46314696731374067,0.4554124760333601,0.5773405377157969,0.5382582145808382,0.4809202969896637,0.5941496108181585,0.5474224686946196,0.48882695743569365,0.4360448960177049,0.5415714320175673,0.6664807792425254,0.475889467647936,0.4843876164212874,0.4648786367957217,0.5402742419173215,0.5428682315881885,0.5201011533014949,0.4212252605318355,0.4816321115627203,0.7848905016956054,0.5032867807314552,0.5784504504195249,0.4611135670399934,0.4830463822159489,0.7180990661282871,0.49381426059803163,0.3936726115300091,0.38950179302943183,0.662614251765788,0.3882165724544729,0.5021651513458155,0.6242215075675094,0.4659401999974968,0.6461563523287375,0.5978261328475953,0.6785194435310622,0.6762488854138874,0.4422389467385277,0.573332671383183,0.6446725699870933,0.466929228344164,0.5562705634499434,0.4769950976819123,0.4942941646432833,0.571019808595379,0.5650467731486776,0.594524652274741,0.5715573163156484,0.5023752700081767,0.5052383189810203,0.5978656994728349,0.5128915385268134,0.4622044754086563,0.5547681917063932,0.6046579598964616,0.4828255024542841,0.5390727017919095,0.6952559511519123,0.5113288293449679,0.47791865609383644,0.4331406458928521,0.5608080405326454,0.5068100677491721,0.6460035208942355,0.60801801733521,0.5278334554206756,0.6003380155130209,0.4214247524230362,0.4315521536635112,0.5863545434871121,0.4510833966650271,0.6532804236220137,0.5647769674469295,0.4687460052645756,0.6068796091053077,0.5142375240109819,0.44520268730302504,0.4673173138457103,0.5961130805137705,0.5641935540042159,0.7096503875786713,0.4726410007595601,0.5449887229543454,0.6291160965601972,0.652047095861299,0.5098495230465069,0.4800998516945598,0.556342521690949,0.6201032300666215,0.6097359072804586,0.5495224703287367,0.5256615665324451,0.585591607914311,0.5511420787382727,0.5753542491128103,0.39995313677892397,0.4895063373114149,0.5207868087128542,0.6837283698297463,0.5130404505528373,0.615879334208827,0.5931037801079472,0.5527461395104062,0.4150024804765898,0.6088783019598065,0.6940742538185403,0.4112709100711438,0.46025130513788504,0.5127101173520826,0.40418634793725156,0.5680596397540684,0.6503985907609575,0.6018939907763924,0.5155701789568362
0.526237291869931,0.5994829378635153,0.3973524253496607,0.46930205469103636,0.3159212459669122,0.4640370040657218,0.3682794985272739,0.7093483713735671,0.0,0.5258433293205033,0.42358373921763565,0.4348394228448596,0.4661164533959223,0.4990564047898428,0.5027198209062382,0.41165366326896774,0.4550078062367153,0.5435112414503317,0.44867362571497305,0.5962955711541079,0.46014800032757547,0.4824500214949003,0.40632627163914486,0.4071465040917749,0.5399803034079248,0.39277527840268284,0.48904329610457214,0.4364629699839403,0.4534438770792375,0.38631185340940694,0.6351230803630121,0.42097704545774023,0.4793173410610969,0.4171053582713681,0.5693761062510734,0.5190412013079353,0.46818594610702,0.6406019621286337,0.4668446241807598,0.4449478605896565,0.5013090432850075,0.5192132004927118,0.44835523500333646,0.42663777365862865,0.5432300585677138,0.5040156319961676,0.36100878060908104,0.38865782904374735,0.41103551201064986,0.48637743080597357,0.42749019914244174,0.4269948846275388,0.5490864013422222,0.4772817520158121,0.4314049200188891,0.6035291296567145,0.5061207162718349,0.44682694846285925,0.4220239485750096,0.5002762705737005,0.5810840438388188,0.4638364767009042,0.4482049381849083,0.46691031863998045,0.5289877805418947,0.5165012097637217,0.5049539562839095,0.40416161668862327,0.4612018658551395,0.6570106042037265,0.4841402265257033,0.5643955778514385,0.4588598185663109,0.44521903934194873,0.6316989662936995,0.46803388392481227,0.36937057124022354,0.36620585152288704,0.6003844891444126,0.371963511682388,0.48128060636095954,0.613841958478939,0.44013316420649007,0.6025298911195991,0.5727011475571728,0.6542105928110403,0.630005303334114,0.42697831588186685,0.528826678681355,0.6834166678804949,0.4364641244823268,0.5395185853423701,0.4334919407124891,0.46482527015822733,0.56337802661266,0.5134298437989122,0.6063405901513048,0.5531181191406295,0.516568703532481,0.4747941141088873,0.564250224071948,0.4702060813465377,0.44438594955560906,0.5088567374693689,0.5811049593996579,0.45360214014018485,0.4944103608492186,0.6191302893863271,0.4686761135598106,0.44569929794926255,0.3999000202904106,0.5482088556001019,0.4873120667917604,0.6529618470179828,0.5429710162850421,0.4859533498609566,0.5516114199559761,0.3924808106393341,0.40138420477987563,0.5990280455514966,0.43325019964552397,0.6113659948777176,0.5490004485012673,0.43265396485715946,0.6633345005019603,0.4533254186368725,0.4400691800056052,0.43279337595613204,0.5243511854728106,0.5367740462758418,0.7742451147873801,0.45543328607432354,0.5306255920702854,0.6491030655870101,0.6059175388123609,0.49739043139501965,0.4497551912617305,0.5060062898847923,0.5568674393176228,0.5613423337185961,0.502361371418759,0.5011476025103467,0.5585695838863818,0.5530602584122047,0.5354933401641039,0.38829729766945686,0.4754409896266698,0.4786602075350362,0.6078812768876037,0.5142518313207107,0.5702294750627934,0.5455561713749937,0.5094414558020276,0.3975826059124905,0.5429520643273028,0.6532214229321722,0.38735636192629763,0.4262432679149624,0.4748430985176733,0.3800063898995792,0.5367899301281394,0.633732757200281,0.6619356710397909,0.4856971299684129
0.6445534623580056,0.6666450887495419,0.4532314256037107,0.5629281148703308,0.3517501545254256,0.5185007284452118,0.48704225707559873,0.5941427397095981,0.5258433293205033,0.0,0.5149492794556084,0.503667126889013,0.6061767873086051,0.5500787736807963,0.6182101572699402,0.4804854629577139,0.5593685493964521,0.6496589298948613,0.49823295544231383,0.5909061969850248,0.5248860668236011,0.5581964466730245,0.50898195706779,0.47888848772407905,0.7190247841610934,0.446847006081679,0.5523238277298852,0.5093298483339461,0.5673696661763592,0.4174395440459393,0.6258822876439312,0.5639547233977701,0.5360781391740869,0.5212232606468276,0.6297538102854916,0.5893958847327471,0.5906518467009099,0.5315954278460074,0.4885288336421898,0.5826710117031783,0.4903049637263222,0.5813891385782792,0.5493280248369772,0.5012200285542204,0.6812486551726216,0.593629557888443,0.4102386325909894,0.46167986847107995,0.5422952746021986,0.5642546769197551,0.551966129618891,0.46806136742792426,0.5495326710482259,0.622939683317775,0.5914812635945709,0.5597545584288581,0.5628476489410389,0.4886965881213534,0.5241355939978358,0.5963431291813122,0.6410685267972718,0.49102062575689287,0.4901308665161375,0.47856292462873745,0.5649218762905125,0.5660223793105201,0.5836789187871855,0.4674933596634585,0.544059668805308,0.6144213812140656,0.516256748276099,0.5747186529350952,0.5026177406860866,0.5902325760394448,0.5830855759604884,0.535489525061221,0.4617751021607962,0.42631786097606267,0.5135795677596431,0.38857642932162273,0.4651902064605878,0.5928229178500373,0.4612014263461536,0.5010752219082001,0.5885093960295482,0.5173798158507645,0.6009603577336076,0.5206879235099764,0.5966551777353889,0.5107174548300103,0.5207308198513031,0.5974038574684462,0.5492698564733606,0.5166776403528611,0.5788501775858175,0.5608701140003584,0.4868032998995907,0.5514152736459645,0.4934198161690249,0.6046652233921411,0.5690827626365126,0.5849544570297002,0.5098476719124654,0.5166275249748755,0.5755814194124931,0.5013083361875462,0.5895589663966614,0.6379600209200409,0.5867511968434249,0.541716736982691,0.5228863434392426,0.5523352453098677,0.5769235999959668,0.5198762996691683,0.5725158869747831,0.5252229279762456,0.5970664966643073,0.5088925655824359,0.4978461115563873,0.5136272436497787,0.4560594090164351,0.5136113326829708,0.5707206232064359,0.50066196445395,0.5114537679669069,0.5385093907706443,0.4865874663626097,0.4995280983677442,0.6393118315782824,0.560329836863627,0.5372568228698203,0.4536041677924729,0.47955448135582146,0.49069133002179893,0.5948569733695295,0.49209708593625906,0.46352522320747397,0.6182715447577228,0.6431887867823268,0.5368275196919216,0.5135812112326573,0.5763553336945406,0.6634789534602825,0.5272892794896802,0.568503418157229,0.46912905873527083,0.45175579580986164,0.5039479430053354,0.6866614874136828,0.4354797143530879,0.5730471364311797,0.5294554925037745,0.5829096251120416,0.47489107170361167,0.5606880426018309,0.6106793009025574,0.4387574678701806,0.47835258710012296,0.5404048884439191,0.474186266914582,0.5537090818487576,0.5585582865333222,0.4753722837374768,0.5071286944749274
0.5576884303504857,0.5343901872256203,0.4713063433372604,0.4960607417388558,0.4404322017903158,0.5670801474645263,0.5194689502466397,0.4652781180687229,0.42358373921763565,0.5149492794556084,0.0,0.649973331414922,0.5786211781552049,0.4098678437211051,0.6065609137045892,0.6531459971377211,0.6544936285437302,0.5018423427893616,0.5292786949319525,0.47775842883228303,0.6012820864874941,0.5652377084952086,0.5007298804151878,0.7005016825518723,0.5595463716990398,0.4938679564452926,0.4581619164593484,0.47891085540168227,0.6371039041072768,0.5553080025227002,0.5037543757486056,0.5399305319939383,0.4934616932712102,0.49457230427422155,0.4609073579847138,0.4572307124819856,0.6736750335090391,0.4696576006182034,0.6257619871402287,0.5940058219787806,0.4814218691219099,0.5301776843478677,0.5716104749532543,0.604238625563045,0.4848951326261279,0.5382612601231606,0.4150656709230649,0.6192066807503566,0.5427985123722895,0.4852748388070444,0.5910268703456097,0.4962873534807178,0.45265893318270667,0.6152545516442309,0.6273930883825887,0.4623748058976009,0.5917172362380511,0.6193318781732358,0.39620874593489463,0.5129929246895418,0.5158535318452063,0.42512525229946946,0.5054099516524859,0.37195765843259687,0.4516538534358281,0.46838601243418504,0.4507586400695569,0.4730953920902988,0.41098036376745284,0.5088018272311483,0.492833384978462,0.43976115938864757,0.39266232633360343,0.5720086852452145,0.5000458491165374,0.46697927556450686,0.5486718792042768,0.5787191802504329,0.4693953883130859,0.5364104387096729,0.46586944036051436,0.4635364831593864,0.5676584572241477,0.4385155315246744,0.49362633005165685,0.45336822535330923,0.49574024226379504,0.40685269784760253,0.46918994098883865,0.45796675194957037,0.5574139058391111,0.43160969859224707,0.6654588232144285,0.5184224935250038,0.45450897835698645,0.5202093718378538,0.3943950034691901,0.41737375011800504,0.3954012927550164,0.4469018826285889,0.49222801311107856,0.5408083448387275,0.39985017659115446,0.41476984455875016,0.4336950759100037,0.5204028012039748,0.5267692131661086,0.5214785918544905,0.5430535396084966,0.6675632302442555,0.6335851843902699,0.4680049980925132,0.4552215419407582,0.4424145283841338,0.5110998643738627,0.6107411930488994,0.48649802515954865,0.5441062686770346,0.47281846983839626,0.40433082965864053,0.546420616384909,0.43523591642094445,0.496559718750552,0.7057709984290148,0.42348339281880926,0.6608616889371802,0.3956736847087208,0.6048331373604198,0.5089393772549285,0.4556593244282206,0.4327410539201046,0.4868251047448692,0.46248220249261324,0.4465737090877329,0.5120956110749736,0.46911156366766876,0.5550057245466272,0.5513338204152402,0.4751885773472503,0.5394242350062901,0.41291805959273087,0.5211845631911349,0.48595824233939283,0.4089473373908359,0.5837641798677695,0.388935385942351,0.47679690819530973,0.5543893828154532,0.4929259465062807,0.40827777556069383,0.5061483118823209,0.4688249065776307,0.5829590113429332,0.43706093622447006,0.5461443316037231,0.5142139771301975,0.5385197222449943,0.6221449327575829,0.45683700986299863,0.53549781287901,0.4310904226135907,0.47466656387087897,0.40317856551086173,0.6700954832690683
0.51095552465632,0.5434393174517513,0.4346451591919449,0.5019143165265456,0.4093248447491683,0.5674086885454409,0.4772789729445474,0.4791100397086657,0.4348394228448596,0.503667126889013,0.649973331414922,0.0,0.4930887025847973,0.38184512680212757,0.5800332790345935,0.5473527017327795,0.5523889417055265,0.4643048273017494,0.585311519982734,0.4533531813231851,0.5380118056679215,0.5099283432669787,0.4885013143336666,0.5920136673173865,0.5598155541814678,0.4356456031273767,0.45028956619890237,0.47205857036116255,0.618382302059627,0.5840112010152039,0.5292743137033038,0.47713766320335477,0.5128240331800284,0.48034643747615646,0.44846168333321923,0.4385618210778115,0.5584590151048582,0.45890352953293634,0.6277912481901554,0.5037277705696902,0.4926360394295725,0.5026452124652966,0.4983103064989724,0.5560691918489695,0.4573062403330829,0.491147280959448,0.3872063284670479,0.5144192714520582,0.48858666736356143,0.4382788533152989,0.5086795706820275,0.47109470334466896,0.435808666099614,0.5660243996110508,0.5537778759642144,0.4583933375037241,0.5340407812333419,0.6532314316271643,0.3656270097754576,0.47341176248751987,0.4850246436060041,0.3934289104640457,0.46877518062423196,0.3520375116132631,0.41698280730621007,0.42527956663877553,0.4107813549656098,0.41971099441192666,0.37955343834237,0.5138590562451593,0.4453369023588307,0.4140394021660979,0.36604263370566065,0.4874732917564768,0.4935602748275804,0.447971316689445,0.45642274321869253,0.5128514073668969,0.4696381215997952,0.49275213690030245,0.4503598172027301,0.4498053396384631,0.5644647810183833,0.4333862338335276,0.46359732829737343,0.4588512599588381,0.4787218662797117,0.3780959572191937,0.46329935852683646,0.4642308550765021,0.5036322222218166,0.43448926552731304,0.5758401892185516,0.4802206402762094,0.42381979218338334,0.5461534042665948,0.3847253420054535,0.42531755635699703,0.37892010627419187,0.4201528683408916,0.4678082572094714,0.47967562823199233,0.3890858782923041,0.44867978348744864,0.41752907225018393,0.4692510756760087,0.47164245449406594,0.531631755355531,0.48508169992810685,0.5648545612557193,0.5629112456900245,0.43864389093802125,0.41705089114137356,0.4425857255798518,0.4859140989323233,0.5832083581903698,0.4917096738929402,0.48431122523840237,0.4377931188767631,0.40354158925159284,0.4766346352326527,0.4437241015103419,0.4593864923203484,0.6289051788518888,0.4119696015406907,0.6908075752719078,0.3676321383338882,0.5384012006983743,0.4954384382517738,0.41919327745364665,0.45006313226798705,0.45086967259756966,0.4448865938296895,0.4555802464005589,0.47887310618463574,0.42788347283011596,0.557187371964018,0.5013294064252705,0.4498496110357484,0.5528281915123839,0.4234766883464587,0.4665462014492655,0.4638028246489257,0.3945133474951319,0.5287153565986341,0.36674242656782347,0.47808009418044534,0.5349758245989846,0.4893717937614008,0.40783284504941547,0.5051268307003889,0.49087507559320687,0.5348169186686538,0.4000645063599099,0.5892288869942863,0.48700927944126055,0.49047765452179604,0.6028696237152268,0.45296035061029544,0.46634758485141486,0.4120725730582554,0.48061385251646627,0.4039097637534122,0.6076453459845912
