0,1,2,3,4,5,6,7,8,9,10,11,12,13,14,15,16,17,18,19,20,21,22,23,24,25,26,27,28,29,30,31,32,33,34,35,36,37,38,39,40,41,42,43,44,45,46,47,48,49,50,51,52,53,54,55,56,57,58,59,60,61,62,63,64,65,66,67,68,69,70,71,72,73,74,75,76,77,78,79,80,81,82,83,84,85,86,87,88,89,90,91,92,93,94,95,96,97,98,99,100,101,102,103,104,105,106,107,108,109,110,111,112,113,114,115,116,117,118,119,120,121,122,123,124,125,126,127,128,129,130,131,132,133,134,135,136,137,138,139,140,141,142,143,144,145,146,147,148,149,150,151,152,153,154,155,156,157,158,159,160,161,162,163
0.0,0.3529443336300808,0.3420583686282381,0.28397463481693486,0.35072301424386154,0.3011421151857474,0.2928742319720257,0.3164319727269341,0.3905402865974295,0.31462667487151874,0.34780709069843974,0.289029365568521,0.410850807490619,0.3541739226804853,0.33959914221252263,0.3404675118906741,0.36034384605765024,0.5640861199373064,0.3602721191590416,0.4596317649577522,0.38094164382955725,0.4025196790860246,0.3390737010473389,0.3627204982872962,0.36577437014915415,0.28681383659818116,0.31250632787526617,0.32016890221224437,0.298641020507568,0.33177081927460067,0.3285314250515055,0.36212212738600524,0.3076666928171888,0.26626022395982335,0.42685301738512976,0.3737976057202486,0.3989475492600092,0.41010973265430933,0.2562299906475769,0.4084715904415283,0.3484139664669386,0.3242103569990849,0.4165442620138909,0.3228413270442634,0.34139396702490815,0.36512375560304244,0.3405726604329304,0.356354694331687,0.41629558290169305,0.4816039787102648,0.4078430111031809,0.3733054171688535,0.3216085500316714,0.32806515389487984,0.3321765884025907,0.3063141871405909,0.49497396820122175,0.3124675198190908,0.35482613246148725,0.4448423980445775,0.2972854025406864,0.30039382830458505,0.38543750581409947,0.31681731336316604,0.352468702285587,0.3303115961295895,0.29048276510751236,0.35516271015561657,0.3286780677098865,0.3549065121254876,0.4417993067960024,0.4174013747491848,0.3417375984351344,0.36573493566497156,0.3359800990012384,0.33574243116527974,0.25701927137888164,0.3141048547467255,0.3141372306063219,0.25974734159566093,0.2846382558256859,0.4246512513730616,0.35122486701497607,0.33044014045636994,0.3697777586320479,0.4000740167798244,0.3151495263502028,0.40472422547547365,0.36229691079529686,0.2704078340857627,0.42510622746522064,0.3230176813479799,0.48337125588467367,0.36381235657280653,0.37364199148938065,0.28626114327798907,0.2770236734934779,0.2763112038831326,0.32945839941929655,0.35793664475947146,0.3157639813689221,0.2607591312377373,0.286638703686954,0.274292039597705,0.5106540422678578,0.34481889924203724,0.31418867840267756,0.3015730294653491,0.3809537224720657,0.32803388265486083,0.3056619986923669,0.4106969116292219,0.326534703733357,0.2763137686988365,0.3849273725307434,0.3819911465659051,0.332368234573411,0.3684169593449842,0.26111424748013135,0.3026376896338914,0.3537089471664457,0.26661207576179863,0.3466425298610541,0.3737752340277058,0.32821418843177497,0.29915970774617323,0.27972096901710886,0.28668474254225,0.28866258470376105,0.43385856573149745,0.29244641133877924,0.3148499132188236,0.28058863283878205,0.3458233802237331,0.3075821424236087,0.2735308137915892,0.34470252690887004,0.40252018226206426,0.3751293474971542,0.3650490330863482,0.2813546113747329,0.3334031409679814,0.3945108560316717,0.3509825373495313,0.3320761597778436,0.3127435358081146,0.3437005198739578,0.2604245985227573,0.3685722198655673,0.21346269432827916,0.3867595106875315,0.306603247445676,0.3959197697117782,0.27637516518841865,0.2903439661199974,0.33710982155815844,0.36255054582377655,0.2913432098660151,0.33700427213820094,0.3376857084665696,0.2721070993733634,0.40136693055372075,0.24877130711523857,0.44214920374415345
0.3529443336300808,0.0,0.33979488552038517,0.3160949249797083,0.29718765329981756,0.4319689022626998,0.3169250346738633,0.4024679617758989,0.3283895508211739,0.4436627044583262,0.34490040708115965,0.3681956432008137,0.3349384227318351,0.362938462243896,0.3371866436178802,0.31945237958070816,0.3215920046939026,0.32308459180285415,0.4339007241351297,0.33646986756751335,0.4061467134172589,0.3747175183841393,0.33447004391616947,0.3471169200408639,0.4367022720175935,0.2664502966070131,0.2825605068424102,0.2928396608518333,0.486855425895015,0.327226741271267,0.3732060815464101,0.3668563652252499,0.38695488344999956,0.26837104387636923,0.33364792431981355,0.37355658399153635,0.3748637868640218,0.36495891354262994,0.2923329918479488,0.3886270926545739,0.40046320984682654,0.33336802598963,0.29567135825321816,0.3131658951533855,0.35058949952647134,0.2994167890944364,0.3429036495211814,0.33126074117896015,0.36042015555461043,0.3241443284068718,0.40128180900795485,0.3498558124920315,0.3555473104141884,0.424654816681938,0.36907098384465503,0.4058232204426816,0.38553408710679954,0.33652000888633016,0.371573398377383,0.3945091288598487,0.3806448816831208,0.28980655941897177,0.33065711184096647,0.26742126581140224,0.28640720650067303,0.2724617324924022,0.2972448809858555,0.3510040406378348,0.277446206178336,0.3759854283558632,0.3484600392166085,0.35188354208759814,0.28248691643435525,0.3538687672110281,0.32952753026669784,0.329378454151597,0.2705906149960551,0.40411719241432215,0.2975999231258688,0.3187982583923411,0.34990837430263216,0.3637580005999063,0.507730106482716,0.3267071112218652,0.3453055057800577,0.44561774702028006,0.3434266204012741,0.32964901131553476,0.32406252736111213,0.3305182117025424,0.3218290346550742,0.35177492120301057,0.42257556338989705,0.34113742054657575,0.38957642794471004,0.3999409738664658,0.3225578140735067,0.3228528956627565,0.29971472341802785,0.32328295903953935,0.3344682355885752,0.27110202813841056,0.26385184414435964,0.35019414096938606,0.37432046414909625,0.30195498871405607,0.28939989879171657,0.3484260024555926,0.35939737690463996,0.4048218572621737,0.31946009887944804,0.31441131657402,0.3526652994684779,0.2889887031024222,0.3625724213250305,0.37939126577566,0.3710953874658623,0.29005074766928735,0.29982389379022195,0.31531342079586905,0.3059428915965655,0.32564550714977997,0.35154779607281134,0.4647152843381974,0.35097889910277025,0.42883493811161094,0.2975311091206748,0.33389581251799477,0.37088126260638127,0.32826347852191,0.34687447297193125,0.334737828724705,0.3067868110374263,0.34822960424347127,0.3127803951298555,0.2718781228120201,0.3230707116750891,0.33588130433207236,0.34192883711290045,0.3556700869889635,0.3298980316310887,0.3726729493358465,0.4568936227000538,0.3539687893942108,0.36273166336533536,0.2752690067520949,0.3789775906061609,0.3161009026675307,0.4691906620915671,0.2404376579678035,0.32221977472016133,0.437330557068709,0.2968532969558254,0.3446932148002409,0.35008415239693363,0.36501716753076385,0.38429317476259295,0.3600989103250503,0.3433542044644034,0.32419318406827713,0.30547005092371027,0.4933347070429018,0.3078551062211908,0.33262745669774596
0.3420583686282381,0.33979488552038517,0.0,0.30296414545530814,0.2925461373962204,0.3667102220294736,0.2457848281559067,0.38976698718723723,0.29713442260558937,0.4466475890375355,0.34706554437424486,0.2874093529469169,0.44380647562667325,0.33473949315605933,0.254540484676785,0.47143271169251827,0.4190613770964883,0.33649530669189415,0.29512381282023564,0.2837015351206539,0.38384530487713286,0.4045765482228103,0.2997577562642357,0.27661741832254866,0.3609397288697248,0.28836932297888695,0.34882436821428253,0.33254412962009267,0.3246298979424099,0.32848558356126606,0.2631110050778722,0.41737316070529373,0.2614068127535511,0.2620320306860388,0.2784393791620903,0.3221911933303439,0.3580946999723272,0.3520010252553193,0.23687377465792098,0.36338479178939265,0.2696276065611002,0.3876962060423877,0.2892737055127774,0.26115041239514936,0.3333545450450957,0.2944706005853561,0.28791092145436326,0.30799450760752123,0.31079534448629237,0.3072283669601653,0.3375328880984851,0.3122371943119715,0.2454365086979506,0.32708183714574,0.3184583789428021,0.33899452607546604,0.30455851472703344,0.3710592514869563,0.29648840917137487,0.32349652942078183,0.3522445904210315,0.2923422262265707,0.32722447871875,0.26505937443200683,0.24193003863666057,0.28270472153203774,0.30226773801921775,0.32764835059157105,0.33144357147523157,0.4001584709585318,0.3186549074648428,0.27076476987073844,0.3570137754541151,0.46169763136695857,0.38983413774835346,0.25410764855348766,0.3147025049958622,0.32474758165664264,0.253419606100536,0.2651568341830393,0.30548492722102477,0.30949193305091405,0.326591589784741,0.34713192211986016,0.34175938576146514,0.36206722522939316,0.32440126425468385,0.28551061283041385,0.3306891996028665,0.258320891612429,0.3498042097315088,0.25700142047927865,0.3387841739638626,0.25309898171387146,0.33645673611708915,0.28193310874943645,0.2480009021915111,0.2987023065397966,0.2552681025738066,0.32333815581274994,0.24487023532494723,0.3142654057707231,0.2468521260670322,0.28183975763425256,0.35061230494786155,0.3532505440653298,0.3308756488697159,0.3440071035302965,0.31031884834938206,0.34391171996294306,0.28007397920690696,0.2886413738320199,0.3620207092413295,0.3225184192689392,0.27455526996348417,0.3889467522777932,0.2821739903111835,0.3280276595624911,0.32751033270973756,0.33834723003951855,0.26753046736505054,0.2938448447890182,0.30119832878112457,0.3102948310616695,0.24534591894592683,0.3157734415486366,0.31577846515741076,0.29477115112187846,0.3542715337371274,0.29328702488812586,0.36502994973161934,0.44720434810410226,0.2798023252918745,0.2524446913088198,0.27767546495711765,0.20915652191078632,0.24005642254773626,0.2702207854829394,0.3237349401193286,0.2952295689900645,0.23711038575513815,0.3583981644979822,0.33932644239189264,0.34003618947655784,0.29806652133014594,0.23815374724326008,0.296914626351061,0.2812395764834099,0.4007590134595083,0.2615795582247326,0.25481295870916487,0.24849785713732675,0.30106999359247294,0.34527892882592703,0.3099521757428155,0.2982006704146135,0.3638293957500658,0.3471573678261608,0.23724665287387559,0.35673724834925646,0.2948554027766479,0.2807564474324303,0.27930439848722033,0.30341515705978067
0.28397463481693486,0.3160949249797083,0.30296414545530814,0.0,0.27416119717903015,0.3537640042089985,0.33339665526326695,0.3216381380084231,0.2594785359748228,0.3226779358314966,0.3188435310918128,0.3322235589115428,0.314072263574519,0.2827909475445814,0.27940626319231227,0.3062586793966661,0.29528335863233945,0.2688484464404219,0.31174160802201856,0.2509655528788241,0.37333270611995933,0.2816494480685015,0.3207962232017029,0.2746505891702304,0.38504201357487466,0.32407393195286255,0.32279788429689493,0.27521188335064706,0.29791819835908695,0.25540788701808914,0.28522373750157437,0.3191616746552133,0.4019295818106222,0.31390219159034516,0.2873111441189326,0.34011161705095677,0.36616230693132795,0.2955316580861691,0.25623129328154653,0.3604132312803539,0.2991550274849217,0.34001137420741334,0.26403229964855074,0.34153953049836355,0.30495541521007746,0.28943295514717493,0.24111845045239672,0.31779301689473216,0.31562041299795923,0.2688325747971815,0.37097485176404127,0.3654636442758673,0.25015494350047424,0.40949393167276515,0.34792878019340256,0.35053503451421086,0.3029904416860175,0.3648421791637141,0.28044922277231443,0.32089306440924686,0.34439970534870284,0.2905535757094238,0.320123712557379,0.23341490336668766,0.24748549942843795,0.2808514431840463,0.3700478238373297,0.2901491882783783,0.24461798672578636,0.33012328096878685,0.2997359121326261,0.27332663765113663,0.326925095308188,0.3986778888542275,0.2811770447765738,0.2609235402706621,0.34943229805126075,0.38862772794699574,0.25590687135436874,0.26498960152508233,0.290178454121975,0.3507399579470851,0.3070742089510892,0.28823973839288597,0.3923007653949204,0.3083546100134606,0.41341742784250957,0.303875819898106,0.31379459618050154,0.2959556076815791,0.3444370211557238,0.34210403676695234,0.2952759918237677,0.26479646609007906,0.3469569573369311,0.34332788687393184,0.24753895084570923,0.36951943994295483,0.27486860757725246,0.3139568649017409,0.28391961971283475,0.3122416298951931,0.3685000418133833,0.31601169216854924,0.3170676722842358,0.2953007787510198,0.29372992117047053,0.2938523077605973,0.2871137589117354,0.3198217732253401,0.37117919955452316,0.3200281959739293,0.40675908116138104,0.32114406330512973,0.29692621205327224,0.29358814231895175,0.3128379214052206,0.24693572776816058,0.3544028741460636,0.36111538837320056,0.26820173982437273,0.3934403825459995,0.3281297847670835,0.3388878195920185,0.2647038794849937,0.31239837253289743,0.30356902747558234,0.3068765645914132,0.35607714033327725,0.2817071918081675,0.261868157216507,0.3181507955242413,0.3355521896585267,0.30598439512914155,0.2794603916645685,0.21109608414527364,0.2173073344372544,0.28806676994189834,0.30039451936812794,0.3038462752454501,0.34708078624550637,0.3218492202634879,0.37093015622361175,0.33292100717164447,0.3228110602646892,0.28381747953723946,0.30588012032905026,0.2587791427873539,0.292951907541074,0.21488752016604565,0.32235966208977396,0.29241044589591747,0.27434817479974183,0.277374304203003,0.38125224181098916,0.32057556915214463,0.31312021409688817,0.3649197407269955,0.39133985503139795,0.35013955133384844,0.2747430992124341,0.3171068037992494,0.3224971018170643,0.3014848540955657
0.35072301424386154,0.29718765329981756,0.2925461373962204,0.27416119717903015,0.0,0.24235748088913853,0.3217845384876684,0.24049405312912744,0.33235430834938534,0.2767415028994412,0.37751937222081894,0.27428573689144153,0.26288011707497505,0.31462458167113355,0.3237079653173423,0.27747628389976625,0.28711994683059094,0.32735433088097354,0.2607909507536444,0.29033555678323913,0.31471869631669547,0.3853288744810217,0.3341329295789175,0.323349935595734,0.29680966169787537,0.26997361185050267,0.30314988642744467,0.2506166317845921,0.2793470728493322,0.2884306845530308,0.3215417385492628,0.2538199828581049,0.24981244724009527,0.2501942845760561,0.44548562444538103,0.3382410557931962,0.3236303364083426,0.30757556442533646,0.29965280622331064,0.30655987830096343,0.27561803081139086,0.3922154644434156,0.2813619744573448,0.34531899929573195,0.2580800722253835,0.22683732358743852,0.25338478631026523,0.35341933902729894,0.35053137214331087,0.3132176015683541,0.3043598866012099,0.25620053935839854,0.24254846129645333,0.29430725264209767,0.3116754168460867,0.27308629489270186,0.2737056656382875,0.31856025317281805,0.2762040482635563,0.27084369416283305,0.22962332084797457,0.21958158703644678,0.2612825584769015,0.31641834440354016,0.2914057223314257,0.21383894929942907,0.26880256351723614,0.2710189062338205,0.25178692046450013,0.3032708521996666,0.29929597755503135,0.31227790992031795,0.3038167552263617,0.2838482172209063,0.24658963812733412,0.2326469307022318,0.25640719170346954,0.37953096903302863,0.20837116442075515,0.2174073851140465,0.23774341678466487,0.34561480106960796,0.2852047287509561,0.22506557665816673,0.284824877898826,0.2724989085643939,0.2904388559945119,0.2746692321520267,0.22704005702993568,0.2545132341064101,0.40738609396228515,0.3171277255080635,0.35492386906183404,0.23268936327021134,0.32628419018174515,0.2713434753326769,0.21322049658234882,0.2559191137648509,0.34939732176718047,0.23576831888655603,0.2953515929812191,0.23057334579593283,0.2577713722102629,0.23229392072431276,0.29711854227214946,0.2313363451418728,0.21819670448508907,0.28751423151162836,0.2683217603448937,0.2925751798668891,0.310719911344697,0.3509661546525234,0.2714052174289979,0.2929319280323632,0.2403815652255222,0.28233332568522834,0.23745261803287793,0.3237795899787424,0.2468906491341864,0.32711974202126054,0.39477609938352337,0.2386468345971995,0.2805845646144215,0.289894169894462,0.3467370489525278,0.24144001089591663,0.2402947447472987,0.2731616426583958,0.25201671706091966,0.29505591768069767,0.2652421982628667,0.2654843447975024,0.23627711691434436,0.3539511926020422,0.307212352575449,0.26313188752551586,0.23880457862102794,0.3961241781683145,0.30708965056807486,0.28956258046532485,0.22695393326655863,0.32597940654297825,0.32221500878978904,0.3502863849854351,0.32828399676439773,0.2807906759705944,0.35712149790765113,0.21246523032694972,0.27860612391219036,0.22140347138057886,0.30857575174741825,0.2491589513735132,0.34451524957408153,0.2587015033206627,0.26216187215735315,0.2855401644657136,0.27721114494034715,0.26449274905664194,0.3111084999857568,0.26411145128559077,0.2230557633828794,0.30370952909956944,0.24673153024712072,0.4407872815378572
0.3011421151857474,0.4319689022626998,0.3667102220294736,0.3537640042089985,0.24235748088913853,0.0,0.2686738013179027,0.4042191300936043,0.27247198426889824,0.4160258003216877,0.29981445151477576,0.3287127124301699,0.39446994606372104,0.27390198721680215,0.3092282483441402,0.351438052234394,0.33226056341278337,0.2692793855564918,0.3624590294541166,0.2800878446374293,0.343088487234872,0.30884793955656015,0.26133687910329106,0.2626377158032444,0.36909962807022606,0.2579230290665674,0.27668246812908137,0.31807744960441686,0.34544957812223337,0.275249929252108,0.303055975360031,0.39654496251946436,0.38123958615525216,0.2579031016007562,0.2676966581730282,0.2994937311423197,0.3133077575419918,0.3003645337993762,0.2449172591567877,0.3019617282067416,0.3365907944974596,0.300158008246363,0.26863121758505765,0.2915741379825059,0.29236717968304876,0.2870062113022903,0.2679990391969745,0.2798553406570574,0.26532708885185957,0.28788323886675665,0.3323528551826492,0.38237319594369706,0.2741234689398092,0.38435638523489074,0.305345345288721,0.36540545297158294,0.32088372969551443,0.3772176840780789,0.2710139346219924,0.3181865204342822,0.43029125672237695,0.3019788730601979,0.3441665749800047,0.2133745456618954,0.23832183339047386,0.26599137919158433,0.28197901600169667,0.3128900399960953,0.25275702990326826,0.34880782133121024,0.3057669937432416,0.25991504971950524,0.2674457286700862,0.36132272691428174,0.3883650145532478,0.26221737554740115,0.289461971987175,0.32412636541250583,0.26941484237611735,0.3274397644774608,0.37781573216308245,0.3021310440768308,0.36555650437605236,0.37947404835040116,0.3067840959487441,0.3495846744047154,0.3265813876295412,0.28126168290585796,0.3752492636308849,0.27538486109876464,0.2922121740085283,0.3019609285998664,0.33609181346693406,0.272283908155171,0.29556157987881626,0.35429476537392346,0.2835268561018585,0.325795419143965,0.23492846457121236,0.3492208488462047,0.2635400840353411,0.2678448421678618,0.25387728400709947,0.2925644266191927,0.3340636675488534,0.34532726036396555,0.34957955011046105,0.34407366027873987,0.2935755203559095,0.3016613330989476,0.2918846598160232,0.25197233247704426,0.3872380739801369,0.315138825578646,0.3128656925433089,0.37571507304555274,0.34297565989929585,0.2416715241092872,0.3626811303307922,0.3253909183655471,0.24955555888075454,0.3689766627386157,0.27571562155665547,0.36869146734339325,0.26136948301860324,0.3822579016122857,0.319867114651915,0.27965791606433943,0.3527318317797201,0.2769100256892716,0.3379395019429228,0.409946922785622,0.29996420911562544,0.28068624191928865,0.2607692732909306,0.2242510396377487,0.2608209871637291,0.2580921851266062,0.27785029336895567,0.2890658711335118,0.3240448251159052,0.309507028620226,0.3213150054644053,0.2903401646396162,0.28834160210830617,0.23818326122432226,0.3123142787927126,0.3586368293748055,0.33553843379657156,0.24180050276697906,0.271412350618207,0.3312797073448565,0.2464992755165765,0.28323465020830413,0.3710135941407702,0.29848443514719436,0.33036222108176355,0.4490431888545263,0.287587342587221,0.344549489606126,0.31760660596961476,0.32963485119863156,0.2774112290024641,0.2688972722463754
0.2928742319720257,0.3169250346738633,0.2457848281559067,0.33339665526326695,0.3217845384876684,0.2686738013179027,0.0,0.23934643180600026,0.26288188927693323,0.28018295149491446,0.2931573177424859,0.3434226610621074,0.2575371878955029,0.30118444939431466,0.3230515182379484,0.23482245500572554,0.23945234685616779,0.26752664493336864,0.30073670234658806,0.2491737515049065,0.316661445962856,0.3026432708899108,0.34862535104023945,0.35460417356993157,0.3308226760107515,0.30232818586125504,0.25590726791800733,0.22495229926343946,0.2956441208260817,0.252121815014307,0.3113851812608529,0.2812418197521346,0.34129391526603203,0.3081143500355759,0.3012858439951475,0.3462634307017841,0.36982716416566797,0.2599570002593879,0.28281163332658893,0.3497203164692628,0.34303272848581395,0.305842638901353,0.2914318556795484,0.3783843830075507,0.30914306022492233,0.25529787910310037,0.32005706658047045,0.33757641144822553,0.4219192974572841,0.27587988357290427,0.3711489512408099,0.28998569660176526,0.24716136040522704,0.38964601679818267,0.3801971575674889,0.3169583647549891,0.27467222107660616,0.27634067905037357,0.33783851654745345,0.2797260677921433,0.24861442345659493,0.25764888211759546,0.2455262842919051,0.284836343237616,0.2776101860645517,0.23636471617723886,0.3446414432388824,0.35886776706037526,0.23640678220635358,0.2560707564619403,0.33503103560130176,0.28655326265997727,0.28665313399290376,0.31026038516839355,0.20696253312490664,0.27617972946374,0.3263132203599282,0.3802546608619348,0.2260674065287935,0.25036445496857895,0.26003089130719376,0.3617730260826767,0.3064788858715947,0.21114144236907212,0.28506495317566793,0.2671804766616231,0.29251304756452606,0.33189736508071355,0.25089909277629874,0.29001967269421514,0.34116039962880007,0.5145984525378342,0.3081440087178658,0.27202284331247906,0.33043586806012937,0.3916897629997664,0.242390986913241,0.3448820632832938,0.31981162167602806,0.30054242822818156,0.32464316350577654,0.2700461185964314,0.38644057777699864,0.29465782166838334,0.27400349215972664,0.24840073979066524,0.2402948395232718,0.25456632135475354,0.31111679865372865,0.3506237521539354,0.4566688692619745,0.3230537990627477,0.314749079172806,0.23400528671736698,0.24886792198360205,0.24174217389043612,0.2597408625911163,0.284000451696619,0.2975084812983416,0.27371835523823074,0.27443436105715585,0.27640542343275065,0.2912092785529225,0.34679374570021726,0.2857605325802644,0.3045366926346441,0.2700873803300961,0.3147224237137508,0.2775331247233092,0.30026034697375764,0.2244342155954191,0.23080926655518905,0.23975080283368658,0.30364380901353843,0.28443564911102376,0.2474338201479802,0.2552462254153228,0.3355594623031221,0.2922944709008615,0.3266924279329528,0.2985502515769788,0.29469330497384666,0.3669665895770665,0.32591439864058286,0.3525925456694614,0.3735072506950642,0.31929171847630905,0.24462348523726074,0.2737958311211737,0.18676160739109623,0.324675476284043,0.29169807083234467,0.27165828860885494,0.33223765113416026,0.3359346333594917,0.33103438821802683,0.2847742407869995,0.3177464100377988,0.3761407006150314,0.3024812073241074,0.2515406964552983,0.3183177603864677,0.2933592332395809,0.312431523695828
0.3164319727269341,0.4024679617758989,0.38976698718723723,0.3216381380084231,0.24049405312912744,0.4042191300936043,0.23934643180600026,0.0,0.3049460590683958,0.3821360880093715,0.31250111220729143,0.3214024209148133,0.41734470304682364,0.2840167314582602,0.27323200387339946,0.39303119745284343,0.3534076203418175,0.28771283124773084,0.35337084203833163,0.30073869928265223,0.39937967274948116,0.29966768085918816,0.2899317481715407,0.29782638167806164,0.3902423591466496,0.2926463823383058,0.32729921366049164,0.3312384359320965,0.3029168692531309,0.31623705512802824,0.339441665695063,0.3895077241247383,0.3044740879149483,0.27743381419119406,0.2794040622350865,0.32646244869737606,0.38244526045388133,0.364939311995009,0.26690989724411146,0.356511111470124,0.3219838388702157,0.3175590073361013,0.3032930998526122,0.2710125290892152,0.3765230928512643,0.3097843309245232,0.27970720153804696,0.30115434717665873,0.3116384044485781,0.29608472430422594,0.3339448109033803,0.32221544254063916,0.2614084783376256,0.32192216120245254,0.3035465871892224,0.3756030309137365,0.3373961931715407,0.4067915417712756,0.2930709331208335,0.33975602530772736,0.5023441686102096,0.28589675195414604,0.34910342406390776,0.23815556001852176,0.23675154531274026,0.2865136065306418,0.3055898522583679,0.30547258018488044,0.2821495884984542,0.5088043575349185,0.3066241781196449,0.2893052801133772,0.30384455602652793,0.42602509100786595,0.4098711045130668,0.27475631226040487,0.3278947273746361,0.3268021768024304,0.32400300459579545,0.2972213561317687,0.3455924966410842,0.312906820791259,0.38727683474587504,0.4315154154500006,0.3706392682835665,0.44943780050337456,0.4914113973745887,0.29510418101323455,0.38352728798050734,0.30540248258064906,0.28852153293946053,0.268618911559488,0.3211315077274154,0.28736390259590516,0.31410992124238296,0.30447849129623933,0.30291200454199046,0.3211279563630787,0.24308803529403272,0.3530284955110262,0.2774019497482318,0.3619967955349522,0.25592953226162235,0.29516394148035774,0.36022993838637696,0.3584033521672286,0.3467188623421584,0.358163679573056,0.3130110381070055,0.33749366982628154,0.2779400482455144,0.2934234728149855,0.3767313962742198,0.3304548614390805,0.3242417682046915,0.40055732628406293,0.35290605661097263,0.26248543305066685,0.2962857547409675,0.30751990557128267,0.2659773736780992,0.4457133970557054,0.3130948724241749,0.3501393350646893,0.27444958401014397,0.3400321785543442,0.3000931975730183,0.3430950748909927,0.35183524125766785,0.29025298333863925,0.37788074636805075,0.40534992487195554,0.3685691861846897,0.2797306610360787,0.30159127597015534,0.21660447878757505,0.2833465235147423,0.28333737576887735,0.31869319586457284,0.34804886139937724,0.2776261693087527,0.3094046361023689,0.3481541820648692,0.3041484542125009,0.32750191679663343,0.2516473934452356,0.340654257067463,0.3181685651342409,0.3945290574077768,0.24846354994076914,0.3270513579048471,0.30443945724489063,0.27818402125439795,0.3092301593757768,0.37871939051182246,0.35377406853089427,0.37770128437920114,0.3997061116998314,0.26161119172759206,0.34538980672605574,0.2994502104125072,0.35918892136257935,0.3129560134957551,0.29577414366094423
0.3905402865974295,0.3283895508211739,0.29713442260558937,0.2594785359748228,0.33235430834938534,0.27247198426889824,0.26288188927693323,0.3049460590683958,0.0,0.254909626958428,0.3289659443126783,0.27751423456727725,0.28631345324205043,0.3597737558543241,0.2951276032441287,0.30932493851514714,0.29804127125071106,0.3609175541294286,0.2862040534753634,0.3452763004263272,0.3051880490804686,0.4897439928320152,0.2603259241328546,0.3072120435933858,0.2887321860492803,0.2414806668468405,0.3240721401507,0.2745265488497821,0.2866410281089902,0.3975050493500471,0.3457867281237247,0.27564128423919493,0.2852432262775904,0.2149976636757124,0.3342974042528589,0.31026281290969143,0.3150974023872408,0.4456297466729095,0.30099783562201043,0.29608324902266453,0.2935162103318487,0.3264261854658896,0.2893093173484506,0.2875492068041281,0.2895028602894441,0.25880524913909486,0.24911848921360635,0.29206053358578493,0.3003994622739655,0.34090221163119,0.2996936834523661,0.25717679214235745,0.30231694213917837,0.2982090784737671,0.28294148749432274,0.3174757765376548,0.33652373032364064,0.317412647490956,0.274615220146171,0.2963200037070003,0.27769006300159027,0.2690829570124205,0.2696111017488836,0.289578328528326,0.2921174330094898,0.24193687306449316,0.2905769451640585,0.3186580674116631,0.2813894385195464,0.3500383866274485,0.36630399871338515,0.3314107219666459,0.3108831596138214,0.29415152698567804,0.32943832786560684,0.25931876119044245,0.24368098889300102,0.2751660901895438,0.2688856051953675,0.2567424422392453,0.2540205210282761,0.42880808757558936,0.3787251064021227,0.28056073698648704,0.3106701723739769,0.37475420625814493,0.2973508433375755,0.3280724194962679,0.2668776927369564,0.35361452518395303,0.3710056984155272,0.31023671284949017,0.3518718763494719,0.2781436095742513,0.3781213161805059,0.3191147037746638,0.28926394209063944,0.2377608526863299,0.34737018095864314,0.24760262904808542,0.36219850286100186,0.23529820115038882,0.24244703493120393,0.24766905882846174,0.35233320186158346,0.26063682034440183,0.2327822729635098,0.2789549390353793,0.26442410059996924,0.2720185939289531,0.2396745945183087,0.3410298758117834,0.2928554780452026,0.3520286621456541,0.27761550923937844,0.3304313658697975,0.24692878709702262,0.30244197663955324,0.21564893435053786,0.31861417532901776,0.35273340670975073,0.29409382801362605,0.2849476151170763,0.30813750025918163,0.4263162989099693,0.26849551676295896,0.27882192291952596,0.2823473400985591,0.24171560071474238,0.33043453632892233,0.37390217591969926,0.3224921607265284,0.317851561759426,0.41469696013754004,0.31382603484594473,0.25979589794447805,0.29322625666914726,0.30775421668029485,0.31885857934416445,0.37954955242361904,0.2654570855049039,0.3159002747533258,0.35627304359071577,0.3708949143795153,0.3187583861923783,0.25621479845979483,0.45756949295715027,0.25494041593195954,0.29758365306979545,0.23248584334907477,0.35298380425641424,0.28014743977652623,0.37663197468481674,0.26775598240301146,0.2687238264907802,0.36187960800499946,0.35159811450778167,0.27808315635273023,0.33443763902673124,0.2856709391356106,0.21928856134583916,0.3596828730681705,0.29672621160511015,0.4331218593871463
0.31462667487151874,0.4436627044583262,0.4466475890375355,0.3226779358314966,0.2767415028994412,0.4160258003216877,0.28018295149491446,0.3821360880093715,0.254909626958428,0.0,0.28877685072936116,0.2909658027195516,0.3844034113790573,0.308723373599375,0.2711552091458098,0.3358781904155486,0.36986346106203694,0.30078389686967544,0.32062598967915307,0.2731712067038495,0.3572819793068356,0.3071294612235305,0.33377140850832426,0.2840219358755684,0.4136931170944778,0.26486329508494094,0.293257102757358,0.3315590812773766,0.38242363730567364,0.27254021603703105,0.2872500260382465,0.39020065998673964,0.274037099316477,0.27936901627515753,0.29345344276187973,0.317389098349874,0.3418520272954114,0.2818834491899314,0.22755633862812497,0.37614615958670605,0.28486932557744354,0.3603470326551666,0.2720257641411647,0.2667281946025471,0.3105588659041339,0.2875055111509256,0.2879624241326943,0.29734894103343545,0.3354642426526307,0.277154264662558,0.34924930541349797,0.31668792653568534,0.2627287328536425,0.3373159872948452,0.33287810612710966,0.39629887780287965,0.3030995209287798,0.3018533874228696,0.3280265411703894,0.3277969618144269,0.38049955343443004,0.27844870620910545,0.2958952216157917,0.24040200412670926,0.2530131121424744,0.2685574646305109,0.29288091721893367,0.3042339964577127,0.26748031994191396,0.34476010262010715,0.2936404427230678,0.2990690716546428,0.2892577794894816,0.3988812187367445,0.32104557446868465,0.28202808222375975,0.2965473438743183,0.37076103401269045,0.24279727365912004,0.31426702714919114,0.35986166257432617,0.307747488830274,0.353282074139714,0.3205185385175853,0.3421596135979635,0.3311854440730113,0.3244830248372984,0.29474957431968113,0.36053550727273154,0.2563575004925899,0.2938075671669527,0.29313054239111414,0.34320496436149567,0.26418540783083805,0.3430366250469133,0.29934075348455297,0.23668760315436413,0.3281637388569586,0.2610526109009157,0.37274487283164937,0.2591679826878245,0.29487358080976134,0.2507570272930808,0.30139749878873046,0.3174620566125414,0.32034606603544147,0.33740282465961047,0.3822494564845858,0.3241456203921366,0.35562966058529016,0.28925315779128674,0.2792231446761293,0.40045848252551564,0.2998968154513539,0.28284921090310106,0.3721036315224013,0.34144860418187456,0.299241059046281,0.36619282519765034,0.3251298623815967,0.253415525667589,0.3028103665771997,0.3059333941650593,0.3473363292063295,0.2610974189349386,0.3370244432853229,0.33868334778093984,0.28101295712926877,0.3894612005886456,0.28825452338465796,0.3564770775131308,0.35132833331251956,0.28104205570831464,0.2564418995769985,0.2551160130834082,0.21905736424167963,0.2521780737133175,0.29416960982009643,0.3091209227284658,0.28752108159034284,0.2553441588974745,0.33601985908151805,0.38365680706043875,0.30066606162639264,0.2894487636849284,0.252011188739898,0.2743188373329819,0.32758828633512704,0.4317978441329182,0.24496158845534624,0.2609256313338194,0.30976895293722045,0.25434938544246594,0.3444723440992932,0.32053639992324484,0.2921847217682851,0.3182259445075508,0.39588688769066294,0.2809851705040894,0.3797628176623851,0.3574811511942455,0.34576483520816853,0.29514550324124617,0.27170366904707444
0.34780709069843974,0.34490040708115965,0.34706554437424486,0.3188435310918128,0.37751937222081894,0.29981445151477576,0.2931573177424859,0.31250111220729143,0.3289659443126783,0.28877685072936116,0.0,0.394488251409826,0.3152958882047893,0.304630466068526,0.2764854181837538,0.38651782138496266,0.34197279350889115,0.3427462436775553,0.357583240623067,0.3001017514673633,0.3762352241966523,0.4099114899244823,0.3497075866189065,0.32514231826948203,0.3810019033468924,0.3108254237556796,0.404688258738373,0.32705634089429136,0.34030104364709163,0.37204108247351336,0.30738837094842253,0.3162760705509901,0.29330356509361594,0.2754577434732384,0.31380747739524695,0.3830099244736295,0.3947513328307473,0.3942330039134164,0.3147749891082927,0.32456280714657415,0.3022581728818573,0.38534835058256545,0.29178327614748056,0.31469753268317385,0.3083099292730834,0.25603790944667854,0.2437863051697877,0.39727692446543844,0.3583217396914682,0.29458296986816324,0.34965818779958857,0.2778959838131401,0.25734897082565716,0.3748789902972458,0.3956852885779273,0.2710153144796527,0.3467781780350887,0.46535316748190997,0.2875385232706631,0.31056740608356587,0.29903893041277035,0.23113713009211503,0.3236988013424555,0.2922973234242824,0.22958319388158344,0.24239471509101926,0.290530132102111,0.28140965214661595,0.31920937467108484,0.386210224570576,0.2965262398751974,0.2717562017595428,0.3342210534728004,0.33657816512086836,0.34471714198670067,0.2539813694871818,0.3033461206063988,0.36539791670371025,0.2531872435981264,0.23102515337568613,0.25297116616040133,0.3183136871893287,0.31008117883373326,0.285303685649633,0.3114062226343715,0.3249269911236885,0.36180336292611737,0.28711195511050086,0.26800056004637507,0.28120630879207764,0.47030433404480504,0.2765106200162701,0.37670073197499,0.2805396469483208,0.3163288643740074,0.32034623815166074,0.2552436441735163,0.26374887734122315,0.28136687954838896,0.25579593989527377,0.2926883170355841,0.28428814277746134,0.2834561403950069,0.27239625365754727,0.3490815700030346,0.25260946200591533,0.25680715020824724,0.32946060460108584,0.27187933943924153,0.3444176768554137,0.3755538346517301,0.34385492698472436,0.2905395704754774,0.34600952287798764,0.2931178553302997,0.32444282218024084,0.2706193275858956,0.31976661040790466,0.2782374956661973,0.337744127424584,0.3096794918025736,0.2800345354513631,0.2972908253336201,0.3296629201240922,0.27123217434286867,0.32396745142473315,0.23949091863480665,0.3341747821580686,0.29806360454804437,0.2768785592155753,0.2946002294426022,0.32813208182055975,0.2967645435800586,0.3466642844931313,0.3443957504177883,0.21459255145376052,0.25332589011744855,0.2922005336769394,0.36314243218201836,0.33447895630226354,0.2695675457383758,0.3448300743357484,0.30750321349100596,0.37918852041229345,0.4094099454763029,0.2801667342210987,0.32214864172866475,0.23413246865981077,0.33068062494720585,0.275464192616856,0.3577665252653255,0.27902466107625573,0.45488503768291066,0.2707387106231627,0.31643770251137404,0.330809495663289,0.34957974892878124,0.30512039613697306,0.2834624182078217,0.2864699141729697,0.23059366800669517,0.33377226925402664,0.2555997967663044,0.4369439602419343
0.289029365568521,0.3681956432008137,0.2874093529469169,0.3322235589115428,0.27428573689144153,0.3287127124301699,0.3434226610621074,0.3214024209148133,0.27751423456727725,0.2909658027195516,0.394488251409826,0.0,0.2692978090144186,0.23645162094948674,0.2862423715452285,0.29827778597983073,0.26191925780270886,0.25963235968205634,0.4286017434690214,0.27182212674576206,0.37843403259946273,0.2986317179553585,0.32389392593989486,0.35348154413091415,0.4204611694449521,0.31365049199288436,0.2959837942874595,0.24958543584707266,0.3406311009447337,0.3050575927053793,0.3344738977602137,0.28742689676226646,0.3380171981717192,0.31059117185207774,0.2823422539218976,0.3554897950389223,0.3910333089645071,0.3288196859601894,0.33364365717636374,0.32240904611920873,0.3775701799025535,0.2847317351065661,0.283032278053394,0.35298353722677145,0.32967126693415,0.2743577954106374,0.2763581648473821,0.38200313998520025,0.336094556731006,0.2634248586898662,0.34093615059961657,0.3244409858936847,0.2306887706943815,0.42156835766957823,0.4070119943582133,0.2919369046729137,0.3203723586688813,0.3950276690325798,0.2569101703822781,0.2959886575279565,0.28017177785712705,0.22894944430613923,0.2850572435752345,0.24775721421687494,0.22439878027027613,0.24493103018070445,0.2866861198298196,0.279682627055163,0.23128694082603066,0.30148176382113595,0.28047254560224544,0.2566983471865891,0.257292327316678,0.29384253234154784,0.26140190465003554,0.25774152626676083,0.2815403127836174,0.37971715620333973,0.27505131162340907,0.245261828510174,0.2666517912353868,0.3084997471700443,0.342315986986566,0.2682107748395326,0.3103614295837177,0.3586154909588507,0.3261485697749854,0.2605188603718415,0.2897291421634151,0.33692028322794415,0.324212532584175,0.3282247462839001,0.3058737726233264,0.288231787425957,0.27437617376437395,0.4461232412620886,0.25242183852721795,0.3402124953297529,0.24835788134738232,0.2688904143180836,0.2907342179514257,0.2693150022124129,0.3381895636877117,0.39037961941892624,0.2868730252354399,0.27257213920781276,0.26375919191949015,0.29262148124278414,0.28492015393151865,0.3869379104974352,0.46731214643246116,0.3334260236875245,0.277486109188484,0.2818982198237833,0.29850438580155714,0.28950924407101214,0.28502518696463713,0.2970720285282008,0.2988954885836864,0.26817291750087036,0.26374308889449316,0.30909979069206517,0.2951639096502819,0.3458534746551895,0.2513400231206023,0.44141250474286586,0.22297652153850392,0.3493946454781559,0.3536273226357909,0.26975068346613124,0.25297988022478984,0.26452493075161904,0.27491062677818795,0.3237540340655107,0.3326845502317898,0.20841132843080615,0.3027047066163324,0.30187824293938714,0.3263722349052212,0.3502676118970022,0.2946642886469352,0.2819510323902651,0.3039118152555142,0.3106981222135653,0.3971381500504174,0.3297463420236353,0.3547466086055368,0.252205556800544,0.3552712006734708,0.23535451576190455,0.36181099040852915,0.29939147994969584,0.2970629480463037,0.28966559701300576,0.45986173475666525,0.3219855839724842,0.3257968714034836,0.3645005108596488,0.2989696063640821,0.26196687889679615,0.225355511319986,0.3281200986064991,0.2713578822493513,0.3362043251329173
