0,1,2,3,4,5,6,7,8,9,10,11,12,13,14,15,16,17,18,19,20,21,22,23,24,25,26,27,28,29,30,31,32,33,34,35,36,37,38,39,40,41,42,43,44,45,46,47,48,49,50,51,52,53,54,55,56,57,58,59,60,61,62,63,64,65,66,67,68,69,70,71,72,73,74,75,76,77,78,79,80,81,82,83,84,85,86,87,88,89,90,91,92,93,94,95,96,97,98,99,100,101,102,103,104,105,106,107,108,109,110,111,112,113,114,115,116,117,118,119,120,121,122,123,124,125,126,127,128,129,130,131,132,133,134,135,136,137,138,139,140,141,142,143,144,145,146,147,148,149,150,151,152,153,154,155,156,157,158,159,160,161,162,163
0.0,0.5590564211788365,0.48328161337912084,0.5212797432512791,0.49747880349892293,0.49649947837296604,0.5655914761401375,0.5289253364063196,0.5649752404036114,0.4688048992063854,0.5834844741385209,0.5580060592413941,0.5690183968496451,0.5291876419706263,0.5494683511783873,0.5370255701506608,0.5365497409798051,0.7145271220031109,0.6085465548873782,0.6662268766716305,0.6050161110502945,0.5494003619920164,0.5430177032370239,0.5823640239647201,0.6181502572504773,0.5325835940460641,0.5061203053887533,0.5042219004716477,0.45782650247160467,0.5467112155796795,0.6299387055859812,0.5683700654903929,0.5385856356491855,0.4979298359132647,0.6349053262053037,0.5512975803109179,0.6717136333378931,0.6257139881393715,0.5318269333009584,0.5580712972768481,0.5784545686449166,0.5486754247831467,0.6083019265085339,0.6053308137488451,0.6060895392767238,0.6268065942539465,0.5616496432826701,0.5531213863570599,0.6763829129344913,0.62388162579817,0.6087048827867048,0.5851796805158341,0.5193039333653682,0.5502573463958857,0.5212438155236517,0.5080809485205621,0.6822859979843805,0.556879123323554,0.5821407045612921,0.6080887976127317,0.4952759793195896,0.4790496118143728,0.5601858832906833,0.5224975822813754,0.5806083651742379,0.5888619242819931,0.5569702485436939,0.5756180454234676,0.586043091764963,0.5874135799572385,0.6565064647177438,0.5859689251542723,0.5453167620352026,0.5772141591661857,0.5473638255736033,0.6506420958971959,0.5024179497682265,0.5212760276180743,0.5556062968339964,0.4670742352676267,0.50730030182773,0.6121725808950376,0.5300547839493083,0.5236626859459831,0.5523129314246252,0.6625813141544813,0.5569981372540301,0.6021493599002133,0.5566339718676915,0.5232977953242894,0.6315074122288638,0.5840536714084265,0.5631127782209996,0.6390307216266783,0.5396435993963343,0.5522695080580412,0.5046254346215076,0.5488549236665974,0.5048449313943664,0.5532490618773341,0.5405521551835578,0.5013739569062762,0.5643343275362133,0.5480846356923983,0.5940475686693155,0.5445929922571499,0.5054109327379578,0.499083933867168,0.5990963079979694,0.5890800588717772,0.6219921331347879,0.5901854895087735,0.5353736940807299,0.503407991513403,0.5814235442610717,0.5455342951612133,0.5703354343863217,0.5591013988553506,0.4805405455935978,0.5086728538587241,0.5761918897539818,0.49367075806326854,0.5620315902994578,0.6238604265040893,0.5319997222811836,0.5474245867025787,0.4800060314881619,0.5352562927782168,0.4965433809849158,0.6031879987318973,0.5030512650102643,0.5105401101294991,0.5307334259694733,0.5728195372406588,0.6019629707502947,0.5121836864540618,0.5785001622635227,0.5895574593548977,0.5160317063005687,0.6543097174213326,0.5285366683720955,0.5418856066105903,0.5884188650160824,0.5053243854893334,0.6285052479897545,0.6342574580303837,0.5688707728285747,0.4834733999313912,0.5581384840681126,0.42254972987744605,0.6868514507186605,0.5350469982720161,0.6346893190327861,0.489808273232655,0.5928681776131411,0.663308652208946,0.5784211033703622,0.5161509521600319,0.5203979648214555,0.5075373228777015,0.4901150061060424,0.6427721305617939,0.5006121434272058,0.6971160893212512
0.5590564211788365,0.0,0.571436448195019,0.5460004861336946,0.46680040205436285,0.5642672205000165,0.6199152009343584,0.549354669938571,0.545329906852171,0.616091461877631,0.5610068888532742,0.5881587356453774,0.5820842374396626,0.5608098265692948,0.5343509736985347,0.5247112082494219,0.5074931093008355,0.5588469825496698,0.5266729094544385,0.5000529489075278,0.5462941768776356,0.6407372285076101,0.49445899111665553,0.5361141695156734,0.5944212534608426,0.4622058994260868,0.556100870574573,0.46684238000255274,0.5789444847600944,0.5350525365468433,0.5728744919091842,0.5695140569400616,0.6134248502587046,0.43627925906001697,0.5096038240465999,0.5346597665646197,0.5993219083423701,0.5403614020338674,0.526253795927329,0.5589192389648898,0.5599258328185825,0.5846185557378567,0.4687056347469983,0.5218738014733542,0.5543817277690241,0.5378739976537197,0.5331895880262822,0.49499804074244413,0.5689147263638464,0.5098846725906577,0.5419555402981249,0.49668394621261436,0.5196864750278569,0.5951272045959115,0.5316299104721856,0.5745074708909175,0.5196105712923779,0.546553546999044,0.5590280192618066,0.5721671992474954,0.5298601583568934,0.47370865145659585,0.4728814735586882,0.47631288534793276,0.4788287944696566,0.4855481297683474,0.577540534436051,0.5744910869985047,0.523209861104499,0.555093906711218,0.5567325945028453,0.5015255329404553,0.4814082728714996,0.5698751631179465,0.5566103346756325,0.5519817510743954,0.5122641171044904,0.5782824186062436,0.4467363051256188,0.45425389704695734,0.5148268941103571,0.5424161730492877,0.6213024096246289,0.49687362518808376,0.4711182028505618,0.5971963216693047,0.5008381730172031,0.5178688405468118,0.5421246388555794,0.5919294062693574,0.5370071926653287,0.5974338368827612,0.546146105976107,0.5149171418957305,0.5202928766592495,0.6891356687937448,0.4922901937830749,0.5184668766718564,0.4628407173831284,0.5527334069019254,0.5272692880352176,0.4761536934096753,0.4711840717271416,0.5571367397289876,0.49916486661534415,0.4887172408014634,0.4839703188849714,0.48425522779058955,0.5934289583375151,0.6161519673471154,0.5595487982624566,0.47460928568493466,0.5216229542582809,0.5183060147272476,0.48149045396579626,0.5386634241770798,0.5061849503674025,0.5156235232949764,0.4771092061057093,0.5254993101562753,0.48525501725723896,0.47995713614392554,0.4583630371235926,0.6191683383409137,0.467762158433734,0.6421269419235055,0.4852001302790789,0.583812047396514,0.501480540007697,0.5544553894815842,0.5698728948032451,0.5114222708569811,0.4964572326137645,0.5267508284531421,0.5279224202614322,0.45389831921075025,0.4955074526262282,0.510515339661499,0.4757600284589965,0.5699951416228008,0.5470732951661321,0.5637962344248055,0.6179737687104084,0.5104834511940949,0.5776549310073384,0.48853709161038966,0.5673425261513672,0.5708292636349381,0.5509818281829316,0.4299219447447812,0.49514618266918425,0.5547746287558398,0.5571860344234892,0.6100120385841925,0.5736462747603436,0.605161902612281,0.5761748461939893,0.5626336727396761,0.5127650319285462,0.47806416732823587,0.5290230055305248,0.5362546764438086,0.5064876126609094,0.5378049491301266
0.48328161337912084,0.571436448195019,0.0,0.5156947944899289,0.4579966868613313,0.5971454299144398,0.5045895748498872,0.554371381249081,0.4329965789764715,0.6128833732296878,0.5767216564567509,0.5807875288565942,0.6023814950987247,0.4598162997086798,0.4508983486053387,0.6317321592739804,0.5600981424834371,0.5000427709047984,0.5069203013796788,0.4561975427470391,0.5949241672738296,0.5621445927383046,0.4690812316162429,0.5101321273923609,0.5676286207311702,0.5046095091675917,0.4931201298282683,0.4707520986850666,0.5417654174367573,0.5112532359216698,0.4612071187908752,0.5735499096686004,0.5199520539432285,0.4365252016900157,0.42311777517656757,0.48717601441222813,0.5664536642732598,0.5038691628396255,0.4740514135558993,0.5287320304246431,0.5181182261840357,0.5440832301520243,0.48496062150748,0.4874572161586472,0.5267705073077322,0.5308454037118266,0.5279898259688985,0.514467182802093,0.5084186553448542,0.4727050270909681,0.5246029651170483,0.5218028501040195,0.4453255859372655,0.5618011385942814,0.5095543397286032,0.4943614730125288,0.49214279306133674,0.6183050577481548,0.4865573803852418,0.5031032397614638,0.5327199808859177,0.44894294458240797,0.5119341026404792,0.4300864746248387,0.42271177204422317,0.48266945823653373,0.5057264998624836,0.5494772464721236,0.531642463154984,0.5510365500391441,0.5055648363653165,0.4279889505290456,0.45427942432695784,0.5992919486296018,0.5686285980636206,0.46706257970935683,0.5521141713277727,0.5923129064773812,0.45638507481190405,0.4639318672868435,0.5428006732398226,0.46052560874099624,0.5505947259101388,0.5117612097758562,0.4637359811492864,0.5428939108331464,0.49534625546607436,0.4551729395138669,0.5065048203259791,0.47772161178033407,0.5194103311163131,0.461987214897467,0.500719196406483,0.4621579371198034,0.4610630335523952,0.5619440333528279,0.4520968553969441,0.49818324297668665,0.39706734452824655,0.509045443210946,0.43493050184474885,0.5220963276575766,0.45340382295755327,0.5353340515488644,0.456449235214881,0.5373969877068087,0.5360084238034278,0.5034717258494151,0.5577713165378289,0.6068095599573373,0.5483639812004196,0.44553494472460126,0.49852563587792337,0.49099202352725235,0.4648333640737385,0.5343044075993474,0.47871518777553945,0.49134117094200147,0.5472907099116396,0.4610635523273569,0.4441667246024203,0.4759221654354959,0.4456681819332264,0.5699069544631338,0.39135232777631274,0.6358820547452478,0.46105129425587216,0.5622781611205829,0.5301257758182247,0.488394757053378,0.5015087569480062,0.5830062368214729,0.45745266006133894,0.4379195541740799,0.48390899400645426,0.4012730514308065,0.47342596195628256,0.4439593507352651,0.4666514378220682,0.5102885037057698,0.4742085593919843,0.5183281284155119,0.49305379793026527,0.46139661986367836,0.5406579524092492,0.4604285545919317,0.4910152108030666,0.5857374287665923,0.5502581429998743,0.43631953418084685,0.44267074320917665,0.47593695580544687,0.507648371112538,0.5933242751500301,0.6046684109110755,0.5238900937877693,0.5235684337730012,0.6283934396001124,0.41988339815626385,0.4698576682035068,0.5266836936496301,0.45126062399542255,0.4700901024780973,0.48151425809566345
0.5212797432512791,0.5460004861336946,0.5156947944899289,0.0,0.43477221734788674,0.5182636992175165,0.5588792333471118,0.5460672713158947,0.460142677773108,0.5145744045861615,0.5852073422720184,0.48855108714742546,0.5868279017993004,0.5959556036349712,0.4779047878233659,0.5279426848483547,0.5468991954092649,0.5771798478772917,0.5185988821399399,0.4666647424166897,0.56774951332644,0.5236348735786118,0.4937209002228621,0.4780039404045711,0.5338601827942986,0.5374558953552966,0.5781170667335236,0.5145220427946954,0.5061115430139926,0.45416643234442156,0.48499569392339653,0.55943972937063,0.6523610151730038,0.44662098417661344,0.4794662241873948,0.5528651143232054,0.5672676991371582,0.58566546802725,0.4963841552522453,0.6095751243037908,0.5845171907199967,0.511381503491765,0.4851880367324003,0.5146601528227359,0.5364092288322702,0.5634933196562002,0.454144452661745,0.48242641079579773,0.558222451425821,0.5246694121397096,0.6272882216942021,0.5370439337275819,0.5443626852086175,0.6448360446257342,0.5669214962529339,0.47575312196827674,0.5597054755587798,0.5521181997576061,0.6006439164351327,0.6012522905988258,0.6238798320418455,0.5187330108006535,0.5466736434155365,0.47445419758290575,0.49070603666269846,0.5621551258679155,0.6790975237992748,0.5265228507948362,0.5765330140441781,0.6020080570356501,0.552704721606742,0.5188315460483044,0.5753860067912291,0.684244075530683,0.6106449848583413,0.5428233595771685,0.6269905510163961,0.5515950032064986,0.4930721821800998,0.48869721457826665,0.5485995038940141,0.5450514873207098,0.48732903434315705,0.5651661752094463,0.5557170889735596,0.5496921531316001,0.5503046899673464,0.5723530333243537,0.5616952182334832,0.4830229785532841,0.5967926789748188,0.5329172953695143,0.5445389285379968,0.5537466587702305,0.6196034184283257,0.5152922656410236,0.5243812115915863,0.49210856368821154,0.4713764119905979,0.6209705947533098,0.5315073880478841,0.5521485140344673,0.5700720878755254,0.4988274058317228,0.5606880126246288,0.4974418077555537,0.5661882880778133,0.468732560396264,0.6013268533196079,0.502002784987071,0.5904433326681767,0.5335911419108805,0.6107408751187416,0.6136957872567563,0.5512294738733668,0.5308018782299858,0.5164415256181121,0.46575122291429416,0.5338784554086576,0.5840275557289986,0.48272618232617875,0.613687558828773,0.4657073815125386,0.597557841455329,0.45831782657814174,0.5719757054582619,0.5618054446415421,0.5084433772763557,0.5145955889819689,0.5686357833033511,0.46965917065260077,0.5520775569101868,0.6002512853851149,0.54398482110037,0.49903744207721024,0.4337965268094898,0.41756931288369037,0.500876580163191,0.4758926766042366,0.5657114617264389,0.6094185513901144,0.5476456537804058,0.6160994288167891,0.5564426865839718,0.5839140931015837,0.4744548264969376,0.4664348854258895,0.5797412040244889,0.47746260150584907,0.43711927211120943,0.5259482889700896,0.5675044897238719,0.5614750826934002,0.48184391521114034,0.5719838089343792,0.5773501815804924,0.5550159119167748,0.5361045815858911,0.5625017016951591,0.5908348120353313,0.5883874567807855,0.5363912318883418,0.5673326879448625,0.5419506377297183
0.49747880349892293,0.46680040205436285,0.4579966868613313,0.43477221734788674,0.0,0.4219314871186213,0.548022938308906,0.40213688626593647,0.44958899559672344,0.39995732445692306,0.5165796509481276,0.4883924388032444,0.43171260301751446,0.4288627249424595,0.5486838941930419,0.4569299017712962,0.4343238600017963,0.48038940620753334,0.4570899985280513,0.4408957413494688,0.5090081644434532,0.547885357910605,0.42520953769546965,0.5344664818227659,0.44476021938361054,0.45979934621662927,0.40521612035153,0.373895440476083,0.44603857719668216,0.49298116020341304,0.49085743978396884,0.4444366987403644,0.4828678244270219,0.37663206840372154,0.4722267410034724,0.4729716406942921,0.4988722023281943,0.47322734623085716,0.5481059538869582,0.4681007642013589,0.517459299939312,0.45528081982038776,0.5024560756710063,0.5864512750827586,0.4304349906983434,0.4502187459913307,0.513300145312827,0.5376719749490921,0.501966831099916,0.5136185676000531,0.5211016734626255,0.4689949574515374,0.4426093286002353,0.500973679261822,0.4792477842656526,0.4130757031181895,0.4880097551196715,0.48584744634588634,0.45148946461885103,0.46200790826929883,0.3949528306567985,0.417605248971128,0.45962785026934044,0.43161006816362724,0.48635678503828644,0.4239449779470321,0.4298520846322537,0.5249915448309227,0.4435181090581374,0.4347365370358792,0.5428666796591691,0.4555854658583548,0.40655215834681946,0.4647507951760616,0.4176493897371156,0.4362300388570776,0.4502647290245321,0.5532643473867319,0.4102473454456829,0.42373965035079214,0.43028851897600723,0.4972554418864876,0.50599390435871,0.3952129460972996,0.42462442894761954,0.4590662465561998,0.41263786163788035,0.4600222290159821,0.3971221010508092,0.42850045439596907,0.5552844886306938,0.4683927849525253,0.5456097736121873,0.45169230426943574,0.45270746464717343,0.49594883114522137,0.4176547313238027,0.40358729351132155,0.4383795592120216,0.4040710437110949,0.4558549031600135,0.417197790896085,0.43317571011935446,0.43955841509599886,0.4401874874086373,0.4307951777057807,0.40920445904234265,0.38400756932305824,0.4905142568047018,0.48400782763057354,0.5140862275166194,0.4726157686708566,0.4097552055668482,0.40237639442590123,0.4327565951165482,0.4333161124659195,0.40509452427648557,0.5063688706764553,0.4111018327701614,0.40336988469434454,0.6066892164579412,0.40786685092638675,0.4098262510495372,0.5363602312065865,0.4469580169685316,0.48597088031600105,0.4016107036665258,0.49317618178202455,0.4047398799271906,0.5022393317865743,0.39532620708315475,0.4474676378473803,0.40247676967748025,0.47488376089618994,0.4874689938129959,0.505544779537679,0.4596242109415409,0.5205812956571356,0.41179832067510275,0.5187384606059406,0.4324307993911078,0.4639065861676127,0.46639983882326813,0.4464763158971433,0.5200262760903779,0.4508857989323425,0.5761471577317768,0.43463571465992845,0.4289219469841785,0.3641070525770652,0.4647351548654474,0.4477241583416082,0.5146869607228807,0.46266282063926284,0.4602208195011736,0.4778383004639763,0.45265370460053056,0.44882616049702234,0.44328278536662646,0.4253835700117098,0.4039227635430679,0.4534108630585597,0.41689681750837027,0.5717395788500521
0.49649947837296604,0.5642672205000165,0.5971454299144398,0.5182636992175165,0.4219314871186213,0.0,0.49011432897720897,0.5682286991004104,0.47126511089107126,0.5758242107542143,0.5253207662568182,0.5396881167836164,0.605043856832226,0.4807659401580867,0.4210751063917773,0.5799710293685573,0.534741487339061,0.4812819382570895,0.5059521183258169,0.4442265973940174,0.5577413960160513,0.5065486976183025,0.4366366284964689,0.4454724817301634,0.5582127203007841,0.4681375739168537,0.4684140711411723,0.46758693379691807,0.48725258899068186,0.5320065631071731,0.47073185765656217,0.6440456626431796,0.5014399076940493,0.4331019803264454,0.42151909111389335,0.47212924428394976,0.5695781145217033,0.4996649204915634,0.4536801611551769,0.4776314774514807,0.4733070777929255,0.6080353329030032,0.4515206117106873,0.47388843438178074,0.494481076208323,0.5121495850928888,0.5075987984474855,0.4728252183453219,0.48133946668007194,0.4586031154597732,0.532244750265797,0.5197601497599393,0.47265311636712837,0.5343850949446094,0.4852065530073647,0.5877722649669344,0.4944696369525296,0.617277679898067,0.473616930081762,0.5060201798649314,0.5809527695975322,0.5114901590530928,0.5156000980676849,0.41661188298426743,0.4311069287335334,0.5052217802551745,0.5345407474502487,0.5607674506966029,0.4874040474103304,0.5688133132869978,0.5217981586261622,0.42909399200786924,0.49841877465069173,0.5816249382561218,0.6164136812648323,0.5193617470557773,0.5611436653981128,0.5545868553855897,0.43983940217615075,0.5400421755007832,0.6146012051986554,0.4875509249330614,0.5646145747371015,0.5244075002390155,0.4905472344348325,0.527935852950191,0.5633132778530856,0.475027224681025,0.5565258980248321,0.5201815547127462,0.5151100233626897,0.5086411295993015,0.47917210265744303,0.4939642790718248,0.48994819899098724,0.5599343695093764,0.49091112492137345,0.5140666087458987,0.4249789221895767,0.543462496660856,0.4489739429849241,0.52759569525992,0.46406052892513416,0.486134892633908,0.4816798016599794,0.5102449003957192,0.5394811880809394,0.4833725849846365,0.510613185352335,0.5629737173466199,0.5456338445186583,0.44779489219524204,0.5943479598304694,0.5464515006566436,0.4627855808141319,0.5316849856423498,0.5137533816242786,0.44719771434663136,0.5215869461550805,0.5284328217854125,0.42713279718616326,0.5211790020101617,0.4583827235492996,0.5917627902639383,0.41698307120863143,0.5683386848238166,0.526977508448651,0.5351606535393635,0.4946201634646039,0.45710568432282495,0.5751379645014109,0.6451193829630928,0.5087092392396274,0.4772624490165734,0.45518216724791966,0.397544701307287,0.44498709844149664,0.41159689657560666,0.4054102410083247,0.5065279391372984,0.4774263815878211,0.5713435176168238,0.5380015692672707,0.4838545289619671,0.5287203031952041,0.4534287537356135,0.48816684699011137,0.6087658298979308,0.5042203322942185,0.45519000253079817,0.4548813792990803,0.5086303769035357,0.4737082328421518,0.5017217280348367,0.5750403223504849,0.5360126069989308,0.5116098261335742,0.6443004613199558,0.4208807236779108,0.5294046208700897,0.5254171095143605,0.49751718430903313,0.5168135870346183,0.48065530002923657
0.5655914761401375,0.6199152009343584,0.5045895748498872,0.5588792333471118,0.548022938308906,0.49011432897720897,0.0,0.48006098263122715,0.5324171431883337,0.5059016532971504,0.5721154962364668,0.5420158119361806,0.5251137369065013,0.5345134538936493,0.5995225707444435,0.492326410766885,0.48260364735766276,0.5739679125053844,0.5080591370557045,0.4719666474525988,0.5393594082391726,0.6378261093779564,0.5034668465079514,0.5637191904874835,0.5347729934607378,0.47481395058097375,0.5331157185927275,0.4405793804466114,0.5176805593305497,0.5417905093679655,0.5573588146934267,0.5213627778893047,0.6161825224470725,0.41661854645884544,0.5116502507679488,0.5109859651899529,0.591811524685166,0.5209430308640237,0.5525158150474819,0.5799578744812713,0.5585203112668669,0.5535866409813256,0.4821500142688182,0.5575050142706881,0.5011644131281312,0.5204061298409705,0.5183145047146218,0.5024492611045962,0.6079137747977766,0.5202962641661462,0.5862959850922614,0.4890504417475724,0.5178205330264068,0.5867397541132054,0.5310018970530616,0.5081117914046726,0.5310524545467069,0.5245109899878222,0.5608288859116078,0.5505410549183835,0.4789836467846941,0.4584827578250681,0.46867923594311295,0.45563284004355836,0.5095279555477965,0.4729129025821779,0.5629208229467582,0.6015849593908409,0.5008755707944309,0.5230273005001367,0.585076196498904,0.5068845006243603,0.4693071178024306,0.5633828553498764,0.4923937024799957,0.5342731566741427,0.531077373256047,0.6265983641491856,0.4327152924930667,0.45919013158811345,0.4821058967134857,0.5761485629680106,0.6097817337885161,0.4470238600298828,0.4682777334847514,0.5322175023347676,0.47343673854015567,0.5412201789061475,0.4903894474116759,0.5381561932039051,0.5955569626570425,0.5849100330709264,0.5769776880059972,0.5164478278919244,0.5421598445442196,0.6032297139651059,0.4605349060055525,0.4613702941989,0.4676812727162078,0.5093163287185202,0.5287918104342949,0.4648595197251268,0.4837224758351575,0.4995559793376019,0.487228499357962,0.4635393307634468,0.45611107360270114,0.4396214018561159,0.5874967317196041,0.5592116573750325,0.5858033595321395,0.493107515650093,0.49362735611434244,0.49133528524372483,0.4724115511210217,0.5115607734912907,0.46981069309434015,0.5258629995755139,0.4484517333035591,0.4924976776762025,0.5394016192922242,0.47103411079219704,0.4366393456253346,0.6647542419525339,0.48035350093811024,0.5727218993269555,0.4677568435720629,0.5499601344548556,0.4469631289807716,0.566605566718722,0.48241022454967514,0.48392622372069405,0.4834771250399786,0.5391396843944845,0.5107431517127682,0.4791852719583678,0.4678129647925659,0.5493353135453803,0.45531661893156233,0.5910458981440797,0.5315646210274458,0.5225648102974708,0.6218481261415071,0.5031187038066691,0.5731836869385416,0.4878312305491811,0.5786740589256536,0.5358654280022244,0.4778212997334411,0.38759747443685727,0.510219105511735,0.5403784527139404,0.573535578100643,0.5572614608063072,0.5323261754419354,0.5909257780807471,0.5819310464716809,0.532073544480926,0.5532715679237573,0.4985927837802292,0.4896584929012076,0.5282415797432122,0.49735023797962497,0.610733155796443
0.5289253364063196,0.549354669938571,0.554371381249081,0.5460672713158947,0.40213688626593647,0.5682286991004104,0.48006098263122715,0.0,0.497990762642218,0.556348266928055,0.5258092777913196,0.5618321516334992,0.6377881466596561,0.4837723999510079,0.4485472494726612,0.5700193434800667,0.5307711280832111,0.5373462459532683,0.5302942799240842,0.4973819306660441,0.539910519093786,0.5017851998926173,0.4963200510710899,0.4665790188584992,0.6049817115458245,0.4982528094658942,0.5769095029263205,0.524458703800652,0.4508278293002314,0.5208355052611119,0.5156628268134019,0.5900260592891411,0.5230549968296611,0.4848136306171562,0.4500158776206438,0.49871665092163814,0.5969758891423385,0.5400384654084482,0.4631362055007121,0.506824449915416,0.49217260721791645,0.5423687184899912,0.4916135699397939,0.45580074422933387,0.6355754146206148,0.5871605892087357,0.4853564176323071,0.45837069065191854,0.5149233773047861,0.48372257805892505,0.5226283551739829,0.5082732628958367,0.4504494789614472,0.5203503436259015,0.4891876098668115,0.526106306906566,0.5162919941671043,0.6098112249401404,0.4930727295423677,0.5490778521605193,0.5991709441457321,0.4752798873666721,0.5145071060634779,0.44109255574391115,0.4345435198541341,0.5263502307212058,0.5657706489305292,0.523149298566076,0.5650440252834008,0.7192332994113882,0.518408350853966,0.4522089889280385,0.49854612357624023,0.5983430830367921,0.6259255695283394,0.5158479348798314,0.5445645965675469,0.49435912564340473,0.5117768642987488,0.43103098564677156,0.49886095786413337,0.5041233993897665,0.5147918728923984,0.5644361459254554,0.4972647210263577,0.6201565144164227,0.6177503557545858,0.5080416129604566,0.6347697125191852,0.5424298629870813,0.519226541628421,0.5095328123009969,0.4710749478348248,0.49028869304110173,0.4751622123387286,0.5419628727171182,0.4933638590861871,0.5516557543138952,0.4165942698558999,0.6002466036471661,0.4535325540974525,0.5985671537931897,0.5038142850451734,0.5418432816016097,0.5146687279082834,0.5573162034376784,0.5523568309400606,0.526219539899118,0.5373441135455765,0.5295122917103012,0.5243206047382195,0.47108311713910983,0.5389497300167323,0.5599076244306552,0.5020529409437926,0.5536868562728127,0.5155322074215988,0.4677036162269157,0.4835332778249711,0.522549457198049,0.42598886426734306,0.5691863613590924,0.4625448826423436,0.5428150213067892,0.4054687671126633,0.561310379383928,0.49396323015934074,0.580137721891998,0.5103662596161092,0.4945695133285476,0.5736024859644598,0.5457878946585883,0.5345987525102822,0.46940419236976066,0.4868549575751079,0.386926709387291,0.47389838065220435,0.4458168242797167,0.48276908668111373,0.5508119683717839,0.49486264008177167,0.5072077591553934,0.5315092776600253,0.47578001925995667,0.5218975922593982,0.5118120264148002,0.48681275825136244,0.5331598586215409,0.5478067714778998,0.43620762996198376,0.5057198727408854,0.4744724266423095,0.5151837523975199,0.5222945397090202,0.6117842947155315,0.5975823238412324,0.5289377222718946,0.5780214373784623,0.432262477477491,0.4839850051983223,0.501338685623051,0.4834329410116789,0.49696484226300697,0.4816427154954756
0.5649752404036114,0.545329906852171,0.4329965789764715,0.460142677773108,0.44958899559672344,0.47126511089107126,0.5324171431883337,0.497990762642218,0.0,0.4477867075424944,0.4615502576480658,0.4941151960853657,0.46716994988816646,0.48395564938827645,0.5298203393020194,0.4300068340960047,0.41646667017400507,0.5139861860035888,0.47263204565447287,0.47412026610207486,0.4675331676250564,0.5363090565930982,0.4304533635172678,0.45437877871723126,0.501367254898971,0.41078529313686957,0.46351623211243803,0.3980570916629627,0.41280481560173427,0.5285594746314247,0.6422342389223282,0.4793023663990559,0.4980379313476238,0.392226024272668,0.5052640510618008,0.46883408062369286,0.5362606818855743,0.49118416411245674,0.49949563186109064,0.44322002415069844,0.4629257661040981,0.5463031838095966,0.4500230182435617,0.47929592127938214,0.4791516522040411,0.4716002375859729,0.477600630243787,0.4361192825922136,0.49103764376286346,0.4852300171868173,0.4949158475653968,0.43819129053900985,0.4777508095650463,0.47794079336884165,0.4450363270315055,0.5489164227867828,0.4839626801135563,0.48033406952747887,0.48094542741309426,0.4897182910652062,0.45239860985883984,0.45412341368198766,0.4350037630102043,0.43425200518446777,0.5062273106589189,0.452995393905422,0.5136310716082395,0.555372735949328,0.45715308288765166,0.5257980106357073,0.575011858462535,0.4755189254131843,0.4571212812241499,0.4713853143283226,0.46553105718107446,0.5155148335956095,0.4441432842709441,0.46535453716372793,0.415453512995059,0.40639852000219573,0.4422347258355328,0.6404591552762349,0.5587195602229423,0.42302389547085245,0.443349827311991,0.5243608651972773,0.5050706829243798,0.5269293767363021,0.47640729110326463,0.6207441183961714,0.5070117782906081,0.6500739865499134,0.47091593455386743,0.47658037859101116,0.4946519456598996,0.5727480792644459,0.4888417254635458,0.4606357438529008,0.47666361223895953,0.4681044712240382,0.49050822081267853,0.4483270904006993,0.46142618119372353,0.47068022445702934,0.48939344153893477,0.42847460348089933,0.41632913614015066,0.4115272364403752,0.4715751363477947,0.48310131862960926,0.48143105944674564,0.4686327907458952,0.47407933266302305,0.47564569959675745,0.431797271763806,0.45326958342974166,0.44677499453754327,0.46174269450019734,0.38716194439430707,0.49044611060630444,0.47018315464115906,0.4710346495803905,0.4207561795117173,0.5300693071124671,0.5043782074980049,0.4698331851919828,0.4508994223625724,0.5076639940699883,0.39895392742938507,0.49635089735492305,0.5319167325604823,0.45398062866077527,0.4690470747568324,0.5622601566306518,0.49203042209647246,0.4575898172396535,0.4521808156728494,0.4668903283052228,0.4054998579526267,0.5624437397039549,0.478875080042437,0.4869159745444211,0.5819310575043207,0.49356902148274256,0.5006256591713524,0.4861046522268685,0.6271433922640245,0.455282390537989,0.4559208204497522,0.3709698989053757,0.5223959441112287,0.48644098017210957,0.497443682472688,0.4732761727139872,0.4813095286757514,0.6084518177024967,0.47653462484147974,0.46435854130498,0.4646138919449453,0.433062061155363,0.426573097232014,0.5273870734465571,0.48949404249556705,0.533948891732547
0.4688048992063854,0.616091461877631,0.6128833732296878,0.5145744045861615,0.39995732445692306,0.5758242107542143,0.5059016532971504,0.556348266928055,0.4477867075424944,0.0,0.5093904065872101,0.5475719358257645,0.572032515442202,0.4785178517599889,0.42937354983720116,0.53575684629798,0.5165245605698285,0.4916592096195229,0.5000818283076478,0.4456044876942268,0.516263351863667,0.513705690801915,0.4817193983930096,0.458629895027215,0.5974413453368785,0.4383087934060292,0.5340875551458353,0.48758448386476644,0.548954215976516,0.4933093641917466,0.46301371221208765,0.5715893603113955,0.501318720664236,0.43722604681351446,0.421123197155409,0.46748961246716153,0.5262927553713529,0.48144438728125066,0.44051449780006807,0.5036631841974908,0.47671850037229807,0.5576154772318043,0.4340545671122947,0.44206961544871465,0.5128727570958891,0.504146508535554,0.4788797503656995,0.44434558178108124,0.5054832843205127,0.4393829585467993,0.48277623571135536,0.4628003278670614,0.4513120049922119,0.5174313589363527,0.48404845894952686,0.5336530408669065,0.4640406526587455,0.5366277869770566,0.5067412558547022,0.49494808562197845,0.5322997497046104,0.43775135922211705,0.44974537623508604,0.4276042235411445,0.4108597645341065,0.4634316626592773,0.5190307239557872,0.49857161930317506,0.5117992065156067,0.5430390144767945,0.46201436842899796,0.42900284159486723,0.45775005495370086,0.5506241859181839,0.5646906380104497,0.4941383850067695,0.5060936751097984,0.5222620548099365,0.42835765971690554,0.4417832094106328,0.519047272520246,0.451007067509889,0.5272092220556234,0.4957109315844001,0.453746839464147,0.5228087113169634,0.48699801962747324,0.46023247581426246,0.5487418593376475,0.4955435062932947,0.4721431639068821,0.4879501482586271,0.4699816106696659,0.45547234197658976,0.46319255461065995,0.5614790789465091,0.4422676436632769,0.5177196121737112,0.39938818021992156,0.5338453244551431,0.44002067021726643,0.48821434776201145,0.44992896705432733,0.5562328992568655,0.44834236785465303,0.482220850785084,0.5041579834524255,0.5192771441046949,0.5258332235824617,0.5637290070640762,0.5116480366164938,0.4264050229232533,0.503833361819016,0.5254635119829701,0.4408263496872241,0.5072075388993943,0.5027865776429309,0.4744984416049511,0.5049731221184341,0.4880676845101758,0.40432992734795076,0.46720081016732795,0.43325485464903357,0.5292107814510698,0.3948449555592534,0.5896835025458991,0.4652778009474994,0.5006338291713529,0.516184948739127,0.46497514488149405,0.5664887720700663,0.513271288307861,0.46333376915956137,0.43349970028009543,0.4549939266116169,0.3819249989364401,0.4461199327878446,0.420769971906553,0.4533222432671138,0.49570939943230763,0.4865409822612216,0.5113846440100615,0.5168112490416884,0.46232589867303214,0.5052668612665568,0.449143271502278,0.4512988402579657,0.5884005091963692,0.560768972496601,0.43573371367342134,0.43152937483498016,0.5036645964353459,0.48011192757763405,0.569749562812402,0.5803423545316138,0.5145512482261119,0.5132428117322174,0.5732196019398302,0.4290584576952221,0.46523146270559507,0.5535524126410367,0.4660038833162808,0.49669014751454754,0.44689041558023734
0.5834844741385209,0.5610068888532742,0.5767216564567509,0.5852073422720184,0.5165796509481276,0.5253207662568182,0.5721154962364668,0.5258092777913196,0.4615502576480658,0.5093904065872101,0.0,0.5828213539752516,0.599157843997488,0.5282906163184184,0.5273250497023652,0.620448592417223,0.5723221682241095,0.5906053314005102,0.5916640067831849,0.5384561492618067,0.6591563930310677,0.6030100399263988,0.5084378936543708,0.5811081443885693,0.5932302411434948,0.5722268214774564,0.5116866708414057,0.5006782163836829,0.5662655052643344,0.4992173091874461,0.5395740279550879,0.5992453941769286,0.5837304624194368,0.4698107132228218,0.5304028787292823,0.5865844740498627,0.6806269921091211,0.6167781437568322,0.6012816941465174,0.5892069845311,0.6128270181805588,0.5095533715092975,0.5922161685981991,0.6507840955620305,0.5724467619380237,0.5645822109550023,0.49651995748140276,0.6965020388421539,0.6458416482116982,0.5835179385512309,0.646891602578638,0.5601531558023782,0.4955125644678617,0.6924443623720615,0.6711724147770095,0.4559068812962784,0.6110239417500029,0.6151530545312389,0.5755386707635055,0.5819626829893293,0.5616343116990969,0.4760561766532006,0.5817172067005514,0.5061613218206366,0.5079817194580305,0.5509173747742537,0.569816463285177,0.5641424430710273,0.59830330268598,0.5914123456330578,0.5946212824539949,0.5321047536562926,0.5241679676278421,0.6499986168651709,0.5717193787262238,0.5389468109630845,0.6127446933730646,0.6025397806550526,0.5116063989490546,0.4928837661970033,0.5302876787341307,0.5301899844529817,0.5151136094770418,0.5460837452074953,0.5294480767732668,0.5693829190753424,0.5586006082730044,0.550672730816838,0.5119117685321288,0.46959084731582135,0.6226266863990914,0.507456823465553,0.6353870702113763,0.5689616160494457,0.5347344301724442,0.5710164848375402,0.5071031143304027,0.4928416784620835,0.46434600008925775,0.5247509099138857,0.5528910302831629,0.56964199188082,0.5324207187257921,0.5388469496847459,0.5438168634736679,0.5205381727181845,0.5455579738885833,0.4788089692877083,0.5972438354617828,0.6028530661613951,0.7121710467454373,0.5487560935658287,0.5411940629633321,0.5198699009109121,0.5458564602113589,0.5148376276238216,0.5081212313420388,0.604898345001533,0.5545873973508724,0.48680481537713916,0.5597834838533029,0.5093571535803998,0.501801600330739,0.6367052173007203,0.4752304650165558,0.6939136373897484,0.47463933415572396,0.5684597964917969,0.5477809462013372,0.5941728357617387,0.45143247268683395,0.5577787626139777,0.5462521009472905,0.528250298362689,0.6298854932078118,0.48471238924088733,0.49737728680672605,0.5536778016254981,0.522326090113255,0.6176289981379129,0.5570053973122234,0.5797358723126916,0.5404869369466687,0.5253923126993465,0.7110634282406578,0.5096482234360371,0.5192162318106264,0.5256192103396972,0.5450567874763209,0.44047430440479185,0.5769498510267131,0.5373652019666679,0.6489274735216441,0.4960586828873901,0.6059111945502457,0.6101623357156659,0.6104876883887371,0.5399518164585335,0.5256545101919264,0.5400555842879142,0.5081508861450448,0.5403765145903543,0.48956849127538843,0.6232311861348765
0.5580060592413941,0.5881587356453774,0.5807875288565942,0.48855108714742546,0.4883924388032444,0.5396881167836164,0.5420158119361806,0.5618321516334992,0.4941151960853657,0.5475719358257645,0.5828213539752516,0.0,0.5508630701761406,0.4511791234994979,0.49066764312558125,0.593742223402295,0.5354004140141665,0.5281324329563529,0.6096561432190969,0.5349829457558691,0.5930152218093838,0.555413833429764,0.5408399411387699,0.563222032556998,0.6608805612109642,0.4879917310390809,0.5060936137077489,0.4879689065621343,0.49999090545144426,0.6222844938745817,0.5621049396630637,0.5807724925256494,0.5039276649591289,0.50054839574527,0.48938810955687745,0.5170575544733509,0.603976370084905,0.5248387872541446,0.5233089775602924,0.5077382022950983,0.522940377951725,0.5650408570579932,0.5315015555116537,0.5270904971942024,0.5865725182315445,0.5442230372108412,0.5617869652740826,0.5317203099527189,0.5855553162362382,0.5090754668302113,0.5269490900407297,0.5194055686410995,0.43667100645145257,0.5375871952968255,0.519321076848658,0.5062012638687531,0.5308664886248603,0.652242923052766,0.48811867259387237,0.528774956634815,0.4780970149728897,0.43275792739618996,0.49112973396062093,0.4642484874901498,0.4451891457219151,0.4738701740299737,0.4848424276374734,0.5194570963337489,0.5239910076995284,0.5568529821619629,0.5150055639634383,0.4571969102354645,0.4548833262831505,0.5470100705318791,0.530354409130335,0.49916314330967615,0.5004339412734246,0.5542815581265843,0.4796053365538748,0.4305069448411785,0.4730957218002917,0.49570091923865905,0.5545878114028326,0.47887701066174837,0.4744254471375268,0.5931014304851779,0.5096248290844069,0.48246042063900973,0.5205965227465887,0.5094669101740165,0.5445874996463356,0.5211637801430481,0.5252853722751689,0.48567726935491484,0.45054741500638923,0.6012694369401075,0.44633135807049573,0.5542909691378326,0.4249594639440823,0.5015282343286975,0.4563817939590672,0.5060875327073916,0.48231382649942567,0.6136059782864246,0.48035971022428614,0.5336309588515243,0.494253458781182,0.5271387744706945,0.5394761730606913,0.6416740330169864,0.6067434320974874,0.4796646371128976,0.46870505206314195,0.4782155941489051,0.4728813379330733,0.5308439218809122,0.5059174415817791,0.5792682606062108,0.4912292712625046,0.4589478356561796,0.47459647064242455,0.4572630078913763,0.48068093572602155,0.570491068261755,0.41924962544138233,0.6128548267437579,0.44022479605602355,0.6003179059249959,0.5232439677074888,0.48805228089280206,0.5299005476440246,0.5084359848639584,0.45222303736418434,0.4682370445575926,0.5325981435771289,0.4152311717611429,0.572495800889206,0.48356017565146847,0.49736361904722837,0.5764396776337894,0.4588062524616699,0.518147578554807,0.5116205557281936,0.46219896739808813,0.5606847659080402,0.5517291880600332,0.5526570627535644,0.4892810815596406,0.6260103680457535,0.4349869172569949,0.5097084844942991,0.47447163657109376,0.5719091401731413,0.5590497969388917,0.6428819348411038,0.5516826684861972,0.5279935303184007,0.5670672224295391,0.42982194225284,0.4561650273800304,0.45194010388726336,0.49157726953724495,0.4552269227536359,0.5301169172304674
