0,1,2,3,4,5,6,7,8,9,10,11,12,13,14,15,16,17,18,19,20,21,22,23,24,25,26,27,28,29,30,31,32,33,34,35,36,37,38,39,40,41,42,43,44,45,46,47,48,49,50,51,52,53,54,55,56,57,58,59,60,61,62,63,64,65,66,67,68,69,70,71,72,73,74,75,76,77,78,79,80,81,82,83,84,85,86,87,88,89,90,91,92,93,94,95,96,97,98,99,100,101,102,103,104,105,106,107,108,109,110,111,112,113,114,115,116,117,118,119,120,121,122,123,124,125,126,127,128,129,130,131,132,133,134,135,136,137,138,139,140,141,142,143,144,145,146,147,148,149,150,151,152,153,154,155,156,157,158,159,160,161,162,163
0.0,0.8725468774915633,0.791571926750207,0.8026087274033502,0.8230430256586903,0.7725667775831446,0.8634765850498346,0.799594742828076,0.8485162465351276,0.7766389873054688,0.884467768634134,0.8601264891783342,0.8757837863907143,0.820215621000401,0.9087689386353783,0.8307548940429881,0.8388245386841925,0.9744703407860558,0.8738051552209647,0.9333178719813147,0.8813402571678312,0.8737939447485927,0.8591050970203578,0.9084163815909458,0.9127211311483578,0.8252023270988629,0.8221521648650895,0.7988141228441323,0.7879490722776856,0.8342377295625507,0.907633207526955,0.8724925224858536,0.8526430874247056,0.8241889125909657,0.9237630813953321,0.8745064598472663,0.925585416131293,0.9020935382362215,0.820897832951295,0.9164563237299217,0.8694624076916989,0.8279172546222127,0.930370838560666,0.8965248253912299,0.9129730036517966,0.9199505466196414,0.8588549933436965,0.8860057560282806,0.9345859521951501,0.9344207210495317,0.9135108689771034,0.8613110461494236,0.8080881841343802,0.8631735646452025,0.8729917049009633,0.7816495038564139,0.9456753774584941,0.8305679972590998,0.8563289352371811,0.915260806151206,0.7690072230405638,0.7584571466118232,0.8663447423007787,0.8112544038945068,0.891034619827538,0.878371712305184,0.8378589037052476,0.8480815618190627,0.8678798430275005,0.847109049292291,0.917520907930107,0.8866539996257494,0.8080255692469488,0.8742195081279143,0.8209053731419385,0.8941886347783373,0.7801065892845606,0.7906310505764902,0.83837554490496,0.6756438957656209,0.7497129684487153,0.8946940628987615,0.8107689803035338,0.7750937439498011,0.8817078856347852,0.8948623957823905,0.8228056759680358,0.8768788684351112,0.8363615667441777,0.7836219586554536,0.9139140883014953,0.866518728604506,0.910164894162722,0.9046577843036744,0.8689449874038258,0.838574289155521,0.7637672413662575,0.8170737078408095,0.7804292773586811,0.8372321814897293,0.8296551293583754,0.7888058302072314,0.8337199326451091,0.8251072776838717,0.9093359039146206,0.8438275514135144,0.8016056188255656,0.7772771118918533,0.927133354170212,0.8826210144852901,0.8845466336927069,0.8979124503735608,0.8141883585175602,0.7482522397677116,0.8979439157893881,0.8402201257364532,0.8529253293935652,0.9075909934612784,0.769208160623475,0.73808257971135,0.8712246945374005,0.729619993485517,0.8583021129935233,0.8911670028996364,0.8132270402989699,0.8578608112204028,0.7282776261684731,0.8486850038123797,0.8128862929492588,0.9201607723073991,0.7615908046495072,0.7621804214373623,0.7625146731690773,0.8069677337702578,0.8871711664851943,0.8325871139824292,0.8821059466650061,0.9404968165177564,0.8862453815912479,0.9081608637575728,0.8062898905334269,0.8372596959225419,0.8897632554695067,0.8034893775891729,0.9050620783985177,0.8769041521911739,0.8479975867184575,0.7264666953526188,0.8844765671941793,0.6281764217954712,0.9234763751863027,0.8025565019247276,0.9017451192554476,0.8213428852174258,0.8511277233356662,0.9190926671764643,0.8701661323576374,0.7808844947305529,0.8464971959724509,0.7945900838482581,0.7443324012150571,0.9120350520030045,0.9286842160420271,0.9113186844890173
0.8725468774915633,0.0,0.8196590638554907,0.8019857239877857,0.7775390780893486,0.8588678571002453,0.8346368751622468,0.7955670733678687,0.8501105961934873,0.8418321687138816,0.8337989685925056,0.8919967920029799,0.8230838078507429,0.7850487814515702,0.8635396055357897,0.7858472020104204,0.7896745805372865,0.824695379322261,0.8503652883531759,0.8204402176429232,0.836383519280436,0.8928155988091635,0.7658240568054399,0.8655287875248635,0.857791786454736,0.7158543187523598,0.779309802415392,0.7410678353510575,0.8738492317390305,0.8250164915720455,0.8725066882312792,0.8242600089317927,0.8921197877514563,0.7463502897305644,0.8293748059476405,0.8304813382760183,0.833816606265246,0.8085633682945986,0.8211156282429277,0.8454986424427559,0.8665394417918697,0.8532445274297921,0.7714814363609133,0.8359359140705572,0.8279729846437697,0.8179621035226878,0.8110276793617945,0.806357278478493,0.8167052025654087,0.8209123397392377,0.8286696902668654,0.8094239406107215,0.8204188214862432,0.8829192306573941,0.8286002128571769,0.8623477897415515,0.8350492735462568,0.8237773595498308,0.7620851576047231,0.860840186419877,0.781512208358544,0.730743027495372,0.7773438257778084,0.7281608151146205,0.7871047710330916,0.7593595715404692,0.7837698433659355,0.7858597697978689,0.7288389383424537,0.7805667615335309,0.8329092428251642,0.7702378977385276,0.71534405455991,0.8109791271922862,0.8319177190503043,0.8090398782303185,0.7294389078640057,0.7906614844214921,0.7248104047616348,0.6822060583019866,0.7742924064731899,0.8455860108819632,0.8667739336952005,0.7356018532374919,0.7612053603308818,0.8676103005195983,0.7449591052931317,0.7460139062403093,0.7889339046247664,0.8594360002039876,0.8116934885846335,0.8730737024404197,0.8578299685146087,0.8292366840916664,0.8065553104435533,0.8872151690872081,0.7707839637080766,0.7968365232678051,0.7288925702227648,0.7941881335992363,0.7896996504208207,0.70700126513714,0.7074452723042935,0.8109002643543736,0.800049172278801,0.7659378119302528,0.7481996381015995,0.7478532140858496,0.85924181954088,0.8869443106126361,0.8365946258672419,0.7551806615645459,0.770308466589485,0.737555664585775,0.789078518597711,0.8390943158550271,0.8033022308920248,0.8044257143788883,0.7441633806912109,0.7469652854209587,0.7848261963446466,0.6894931732024356,0.7665008875653281,0.877994363355855,0.7597323654046169,0.8857285393890352,0.7115172292740424,0.8458740252182414,0.7996427912919383,0.8039051673003054,0.8414188200079382,0.7660652612265509,0.7030606699004599,0.8234834230843115,0.8258107188935361,0.7650288939092542,0.8252218618028121,0.830436497719025,0.7719884956135143,0.8369410061978287,0.7890692985465269,0.8256436156191459,0.8968222785506478,0.7851682131567289,0.8342398254779263,0.7476248810546281,0.8704957043698965,0.7865709411617113,0.8409629466351347,0.6590104971350328,0.8016100971132752,0.8306710084682264,0.8448459600094589,0.8282534421884169,0.8358902223382157,0.845062937938441,0.8394991210582334,0.8085316114693435,0.8071515936357698,0.7221058905252832,0.7304542676026067,0.8492516683600724,0.9361296745366975,0.8342863061076975
0.791571926750207,0.8196590638554907,0.0,0.7736784789603708,0.8112498723078232,0.8970168715005897,0.7749648766899061,0.7974284955327404,0.6830212253083131,0.8421561070587433,0.854829457050608,0.8392882575156021,0.8900661373585019,0.6938059683397595,0.7535440882800275,0.9064223709347091,0.8743913257797087,0.7790728563782587,0.7576677022857975,0.7380633471518532,0.9170656534511864,0.8672971680286848,0.7282106683213827,0.8357250483838173,0.8210712810596356,0.8473726800300883,0.7182322797479017,0.7214494988895168,0.7905698207404707,0.7972856575345103,0.7124915342366958,0.853582891099882,0.787884615801287,0.7300571715688601,0.6867395368942266,0.7715778871690003,0.850904187712917,0.7609083644640757,0.7297903542492236,0.8542883637725815,0.7885501547157531,0.8819792977314639,0.8184142325353035,0.7976597203631023,0.8095260242147888,0.8291743971662596,0.864872543492877,0.8503771347967325,0.7670217626155938,0.7923022895813472,0.850121754990266,0.8701580840514903,0.6898451527695018,0.8493643726492488,0.7921293435139309,0.800942658458075,0.7929621036715722,0.8945382571020712,0.7241451263825687,0.7804504659064233,0.7921919074160598,0.7437629820465773,0.8659574025322813,0.6766496708115749,0.7081969618876003,0.7852237664672511,0.7730163858872272,0.8632755645854144,0.7933343165206901,0.7926973553531305,0.8378711543562529,0.6567803982888452,0.7308080102764993,0.8994419501186396,0.8369890302420211,0.6884648722370728,0.8325090227858992,0.8582377924156599,0.7292996651541058,0.72445018122887,0.8570094219237222,0.7558351060990214,0.8322156566965266,0.7526346945592051,0.781546311434481,0.8058716549384711,0.7679831366712179,0.7073706304475816,0.7397842941695613,0.7377330584201821,0.8528911954737853,0.7145558792136574,0.7947203425407515,0.728227238000626,0.7508961222880312,0.8030407171930211,0.7036576303803221,0.7682416440122941,0.6287908147995837,0.7770836216536412,0.6399937347428094,0.8003947163904492,0.7157492875134477,0.7487955407396277,0.7386552846759259,0.8724942724447848,0.8515332288074516,0.7699443062315504,0.8590607359035781,0.8987583364176535,0.8340627426131081,0.7361076339841691,0.8090634773859449,0.7052498202813672,0.7579757518828396,0.855565604068894,0.7271851169891269,0.7707402972521769,0.8601696108173914,0.6759080276355004,0.7509505017470471,0.7163441996707735,0.7555017416315432,0.8531752190002958,0.6030924635002122,0.8412573201820852,0.7468753293620756,0.8579380201409971,0.8144261824403805,0.7611462539022681,0.7546202878455119,0.9353082042384885,0.6473007591703789,0.6641805477362737,0.7586971144504375,0.6791602554603113,0.7682126611026633,0.7425103551036468,0.7547101558654601,0.7452898028669827,0.6809785734770586,0.8090561948114819,0.7684720538849101,0.7329869962268704,0.8183837342335495,0.7611027775666175,0.8040660428590397,0.8216166419441591,0.8191502443978698,0.6546539427270981,0.7013916935031024,0.6649939573426619,0.7789171542235674,0.8978013148884048,0.8506928902673164,0.7882396624735197,0.7836223553020996,0.9017102607562382,0.646011472099067,0.7514097477841502,0.7700988376970589,0.6726409486504538,0.8236038484316713,0.775235484363958
0.8026087274033502,0.8019857239877857,0.7736784789603708,0.0,0.7154595049210465,0.8294158707004591,0.8291359924765731,0.7975446786718742,0.7030778115279359,0.7734795205009358,0.8440198260650457,0.8306445358437107,0.806528952664741,0.736013217546177,0.7767772386764483,0.75637252255381,0.7808756809667213,0.7725520607585985,0.8295737543882795,0.720060012574824,0.8202679646589534,0.7850891186688311,0.7650975361492368,0.7747767562599702,0.8285774867712699,0.7770378014567189,0.7718794750609161,0.7791249312045806,0.7549798339338333,0.708995408730299,0.7696255717929766,0.8109612116895614,0.9065583017366271,0.7787570013162827,0.7613468077097264,0.8124602603223512,0.8140457192143539,0.741742172995136,0.7439441900500005,0.8286117373831458,0.7964387363328049,0.7881513088956404,0.7628652445736172,0.8147023166093309,0.8086234534475242,0.7707573360938283,0.7070521080008909,0.7850597959528064,0.7962315817027404,0.7661062460621578,0.8663417404355996,0.8204646583075796,0.7118004856262232,0.9091267989090673,0.8541901524537535,0.7216163528638082,0.7862375522792325,0.8386047282687655,0.755316250042962,0.7917459515417832,0.8396262893185996,0.7057569325234362,0.8169711375576302,0.6715323853006833,0.7212879437531582,0.7618055882341407,0.8275171664919158,0.7409915053189708,0.7441801356573255,0.8200315234279728,0.7763130753451126,0.692561167351845,0.8037106041301915,0.8616328206167961,0.8006153688597626,0.7277742146382583,0.8018992932802321,0.746168586918239,0.7156222162663891,0.6417419622636622,0.7185311686711483,0.8207665470310331,0.7119948125878851,0.7236934064448749,0.8146526106353411,0.7548090683434603,0.8214568347499337,0.7660451435138543,0.766201904455856,0.7046173269233276,0.842288384400246,0.8249330096794626,0.7909859749869471,0.7661843838129461,0.8217694883054525,0.7976575380447812,0.7246283766821743,0.7876864331185498,0.6737882440056544,0.8328570623445365,0.7066284398385916,0.7874203793907391,0.8431042908354052,0.789652032895912,0.8032909310091111,0.7290833527777649,0.7795428585525273,0.7200272207961598,0.7835280066969851,0.7821074181999419,0.8969716695321193,0.7669549440387478,0.8639180558088456,0.7587013304159235,0.7775744306528187,0.7810646480208726,0.7567710516377417,0.7394312657287253,0.836786645906579,0.7623101723918617,0.6895517235899895,0.8085668538866871,0.7352813259064822,0.8108224844771841,0.6583478140901536,0.8219806881592433,0.7482845572027904,0.7700348126312733,0.7989750328471172,0.7192872626073135,0.6764104456240378,0.739834723470322,0.7114383588085725,0.7625890026027583,0.7559123184794005,0.6434383702266502,0.6745381724467492,0.7632283797859603,0.7397561117356208,0.7520414779633584,0.8195383717338062,0.7439863825237054,0.8453522926840346,0.7877852790278793,0.7735031203938745,0.7720314046210798,0.7329941250999036,0.6945901287468803,0.742321881351115,0.5938975076049582,0.8137001836717274,0.734295157842215,0.7859935266628388,0.7190396207171368,0.8387854930652657,0.7829679922881526,0.7776437007184086,0.7887115460034185,0.8268625930410793,0.8020762791675067,0.6936413567066448,0.7570114452907376,0.7938979121038069,0.7816470275361735
0.8230430256586903,0.7775390780893486,0.8112498723078232,0.7154595049210465,0.0,0.7350251172702579,0.8580534169624908,0.6468310742136051,0.738581690237201,0.6806772609650141,0.8734801660076893,0.820160927253595,0.742114026348435,0.6953491281273286,0.8653057620518017,0.797420889669957,0.7543046082603584,0.7819570796861982,0.7369457483220031,0.7345811082457547,0.8598123223702606,0.8929242196694988,0.7254888896642888,0.8878023373259897,0.7550885301434144,0.8141603482385856,0.6660828573670676,0.6218325482111882,0.8012690107671804,0.8297887683841372,0.7807846640790735,0.7507222579794584,0.7888592088476271,0.6678715616547748,0.7745356066002775,0.7826769906287716,0.8454070845001299,0.7807727998821818,0.8366125825750015,0.8258683476460059,0.829034275937003,0.809479007077445,0.8381040984775064,0.9219955766949558,0.7220373910703937,0.7438889797695226,0.8477126439540698,0.9176027324124206,0.8138596356445786,0.82630994915219,0.8539568910486336,0.8027099140280258,0.6957017818125173,0.823300958075018,0.8158488393043372,0.7189345729817349,0.8026212734033967,0.8241422550344043,0.7107344136456234,0.7486923321944554,0.6376099802291427,0.6964549941101693,0.7858633945355363,0.7077466313236528,0.7818900812168353,0.6941939857941157,0.7086905056350401,0.8638294661289899,0.7210675664942412,0.7030976936186782,0.8789329385737435,0.7367973260635281,0.6693399127371065,0.7821396857081412,0.6713292628895576,0.6911528071177158,0.7588035567659216,0.9164810722549882,0.6792905913146321,0.7414555576405987,0.7335923791485754,0.8060669767510077,0.8555846820967065,0.6306547094971166,0.736926991247699,0.7473583536211766,0.6863259454127456,0.726156002234976,0.6286066382357998,0.7218057227307282,0.911473742687536,0.7569203416115456,0.8812086479961242,0.7307159307318175,0.7879439892318681,0.8279474118596247,0.6523746046945869,0.6736508100978694,0.7282298039001642,0.6561407234799091,0.741042232399571,0.6936108226442864,0.7097834311330704,0.7151340146541976,0.723100223675391,0.7492297733834636,0.6831809106575835,0.6538124769433704,0.8191591461831753,0.8486998739833482,0.8414498415608969,0.8099910392883649,0.6917534307089108,0.6194166356262373,0.7257981573167063,0.7547723391750277,0.6573805332297046,0.8345326815361521,0.7277577641184082,0.637056565169456,0.9295404441474691,0.6457302923192256,0.7245468122812329,0.8817493217734184,0.7480768948222283,0.8121769893385115,0.6526236448158369,0.827991868667593,0.6999311784306085,0.8166388592235013,0.6441144947395243,0.7746971971433367,0.6272534125626914,0.7666998758226551,0.7948337591080753,0.8215625088212544,0.7901529916355822,0.8608528174465248,0.7220716842775887,0.817325631770479,0.6830704033212043,0.8026188823216805,0.7635600901243351,0.7503677020557096,0.8961516040722015,0.7534596313195483,0.8921329147965109,0.7124402540835784,0.7372369203224892,0.5912218124032319,0.7564194512450351,0.703547180157789,0.805235085592246,0.8088367434615773,0.7716895610226792,0.7866043422293608,0.7666894065109339,0.7859775629493402,0.7431251905268843,0.7287610897604496,0.6409021530396288,0.7515885816030928,0.8014239757909369,0.9168067542919313
0.7725667775831446,0.8588678571002453,0.8970168715005897,0.8294158707004591,0.7350251172702579,0.0,0.7569879104126445,0.8337131504432851,0.7024563153887153,0.8337785056270062,0.8204543176446224,0.8491811101163846,0.8753524717509223,0.6924665403492175,0.7317210315450312,0.8584140532301207,0.833760085036102,0.7316543541099303,0.7833849139669973,0.6985935957632767,0.8449944284425763,0.8042043529992442,0.6977669264479986,0.7787215810801965,0.8035355767845451,0.7710690887098874,0.7219117426378847,0.7409905923187774,0.8030306797720006,0.8101535618239107,0.7288756240222353,0.8465037309849839,0.8534701884379942,0.7256227094264643,0.6729663404763272,0.7443730265682716,0.8232706815544655,0.7377459565532174,0.7240285619532266,0.8005582855753244,0.7861913149848287,0.8415320405610193,0.7405352845069936,0.772920017114411,0.7778701348569292,0.8026823507447429,0.796008014238147,0.7842687936027303,0.7232141936618774,0.731596314597765,0.8228909777588557,0.8540576765677451,0.7235461856914807,0.8505489450698236,0.7818037536006582,0.8452923161130742,0.770231745708249,0.9015449257272256,0.6645451625317933,0.7847544068790091,0.8499471285656612,0.7630710544051446,0.8434057514086009,0.6155900163354562,0.6683585355193629,0.7574851689173813,0.75378200368012,0.7988016909076168,0.7004799761732834,0.8060142127750525,0.7914165754964666,0.6353067777155874,0.6987371762721536,0.8512927572799349,0.8826614088430632,0.7289626876746125,0.7995884132233303,0.8230062467998156,0.7170315058795108,0.7849755865519306,0.8879240893212355,0.7425594589111921,0.8509213468856967,0.7882366094500586,0.752367885286526,0.8007336178459642,0.7869223912161123,0.6768763864221676,0.7948250599269615,0.7797994657309134,0.8019957017560196,0.7425214093576831,0.7747127924342151,0.7556253887232515,0.7264744055792735,0.8257909158959482,0.7244050603661122,0.7657082520683894,0.6187548119905699,0.8002006810719174,0.6589094840364869,0.7637358560961234,0.6837438984205434,0.7399598081716212,0.7369413606881564,0.8164839642879569,0.8183628149725485,0.7465460151748097,0.8145633046148719,0.8429496713737931,0.8134896204369584,0.6771421121003739,0.8273577845186499,0.7533157553358638,0.7704245242534948,0.8792212868228981,0.7648914534901387,0.7009525815579253,0.814616724524755,0.7409256634901408,0.6911889986655683,0.7764625207244493,0.7202172887068228,0.8771038103788359,0.6026877713480986,0.8765303584243745,0.7418079258845411,0.8466131525752097,0.7979273612494018,0.7002389289737423,0.8084331580728437,0.8944546993693555,0.706692499140603,0.7047189092999672,0.7041652192599392,0.6420946206799522,0.7478772930146247,0.7005537318616512,0.6794474054628169,0.7381744289576297,0.7345010910143046,0.7893957717899966,0.7849890248051187,0.6995113194824757,0.7664743185238113,0.6966599994101191,0.7831315982965916,0.8775923845694598,0.7624194848556681,0.6664542259263591,0.7058058957374622,0.7326954915136993,0.7310499867394582,0.7927209650610467,0.8471927205346652,0.7679985138945145,0.7965757934818938,0.9276768306903455,0.681480218718548,0.7779279479993932,0.760716794506094,0.714638379745011,0.8268066700556583,0.7495452523275291
0.8634765850498346,0.8346368751622468,0.7749648766899061,0.8291359924765731,0.8580534169624908,0.7569879104126445,0.0,0.6829539252357298,0.758089301871759,0.8053385468598722,0.8512476939241594,0.8261191260243462,0.8040238664419861,0.7943828730958298,0.8633783144970443,0.7625154513735205,0.7611513199385413,0.8304830033691624,0.7705167701248394,0.7403005462311343,0.8161607053052732,0.8593173899017423,0.8238242313811838,0.8495260919604282,0.8408045786187308,0.7763488929512481,0.7815456441602703,0.7023061736408177,0.8128739128188894,0.7980959686240001,0.8103702874787603,0.8460335416746421,0.8340041262573104,0.7464420396471427,0.8134902624067436,0.8035320936749613,0.8775015148708969,0.7276202731384032,0.7760037873846348,0.8926669755043254,0.7658143936635846,0.8634218325166371,0.8026182226505664,0.8708696693209179,0.7835085233973337,0.7771262936646073,0.8239352561308207,0.840480226217178,0.9128685921673751,0.8137618616972792,0.8997404234759361,0.7711494888423371,0.7296399215489803,0.8574284076741872,0.867926997131353,0.7860457435023657,0.7978264131660912,0.7815773424041053,0.8421449496608439,0.8069764288167897,0.7008239826592294,0.71886815373458,0.7434709283437028,0.7262921630906582,0.7939739978933052,0.7302137035031669,0.8436851227937566,0.8612624098923451,0.7660265496191739,0.7345504136807862,0.8420417922706412,0.76897513269997,0.7674166391072854,0.8522724753891008,0.6881165335362316,0.7939690937894731,0.822658040223111,0.8709669315059385,0.6494546537777625,0.6827216691494943,0.6887531057374813,0.8416183316499325,0.8104907359853725,0.6182580436558495,0.7697778109749013,0.7201148967169865,0.7281643315519518,0.843046507263244,0.7304608877067621,0.7420408518336499,0.8993131113541418,0.884015212182844,0.8759205432632476,0.7751209607127437,0.8668490766208083,0.8446254497454985,0.6524287393477896,0.7356161343008465,0.7506642689923576,0.7903294798005155,0.7732889347918205,0.7351896040945399,0.8086531979741773,0.7508756285005032,0.7624485209143947,0.7283871014002107,0.7126377142629473,0.6859397037440134,0.85334555941574,0.8577987242020605,0.9141283337995809,0.7969320905048153,0.8073842549321585,0.679577835212983,0.7285129864494275,0.758424161565379,0.7269691192187635,0.8671889685985937,0.7649886987842608,0.7128462366840495,0.8031181613004267,0.6649484866955689,0.7320695245248611,0.8816188840099555,0.7387984384353868,0.816702370089376,0.737292343758478,0.8103151322935923,0.728014815921728,0.8021728773132667,0.686092259131862,0.7006859248977222,0.6597004500694722,0.7408344767331598,0.7655939038281097,0.7458035214968518,0.7354179054108484,0.8532456375067049,0.7430957020971365,0.7913174290207216,0.7494535454215849,0.8205841802943514,0.8995540782635352,0.7862978921140208,0.8430541635108547,0.8358141202950028,0.795018247201945,0.71459213073928,0.7599346833640767,0.5565732465214669,0.7858852496185873,0.7457026631630972,0.803459428640439,0.848255934778447,0.7764007465497557,0.8118636967782957,0.8174050452661982,0.7852780732465054,0.8475025174453541,0.8364359112840256,0.6947415890305452,0.7940126642839581,0.8318878025417574,0.8456627884560018
0.799594742828076,0.7955670733678687,0.7974284955327404,0.7975446786718742,0.6468310742136051,0.8337131504432851,0.6829539252357298,0.0,0.7718839859633646,0.7843762230970659,0.7941284914038571,0.8327672644013538,0.8655437127183089,0.6844588827749346,0.7403748530022582,0.8167629887252512,0.7761220621118321,0.7786306710442401,0.8037653415987397,0.7860946628476969,0.7815354931055971,0.7604891385257306,0.7329636266013355,0.7465722246298605,0.8418346609786401,0.7555622062692161,0.8305113387469532,0.7951808962582945,0.6938691006294649,0.7710763583545893,0.801850117104059,0.8068985150179866,0.8008570948457107,0.778761706841531,0.7134619778347188,0.7618622698960785,0.8361592785676545,0.8086059064188871,0.7376933754636498,0.7555125720414908,0.7480969256009007,0.7496851878624976,0.7847140319680718,0.7127771124552491,0.8907541692034842,0.8391674127072725,0.7064561662402455,0.746199807577727,0.7319616259522256,0.7482827377706759,0.7690218796311975,0.7682014618104609,0.6660191861003861,0.7843301205066942,0.7694230019701414,0.7553971352312933,0.7849502858123792,0.8599578138292524,0.6717280116347926,0.8011527306136259,0.9013748690600377,0.7103684707831858,0.8126334456317721,0.6538747969338463,0.6736859646167853,0.792686971857951,0.7881793155037423,0.7359541213870795,0.768066188047415,0.9489893438019725,0.7713481465217611,0.675561389082153,0.7120277689837089,0.8159942358230261,0.8980598345425156,0.732438515701533,0.763050309162874,0.6867633306683899,0.823089720059586,0.6131099882524557,0.7162604929250891,0.7629456714998758,0.7507440450616671,0.8557904342619551,0.7660487020526883,0.8747289081591889,0.9249061251441583,0.7188407872353793,0.8587379169932932,0.8108470181414444,0.7522288277479493,0.729966013034769,0.7267439855404105,0.7466206152267595,0.68707147527789,0.7856287614678785,0.7742054820687193,0.7857390592219278,0.6107553317740378,0.8084259537793538,0.6849079608307163,0.8654522452086226,0.7242265920790998,0.7789226760044271,0.7992372034059606,0.8174877486743178,0.8178761284348611,0.7770017352995151,0.7690122214943768,0.7688019585482327,0.7532402324868044,0.7145299948050684,0.7769891439130258,0.8693108008301984,0.798587237600735,0.8171876188282744,0.7568682339260616,0.7280513571767333,0.7169123983998114,0.7326132903799671,0.6606222418952435,0.870494732057172,0.7218173207721313,0.7730451439018435,0.6082517150602197,0.8275491704554452,0.6858579284820537,0.8486430352464238,0.7844333622750319,0.7356379781150113,0.8191407500990316,0.7945423179421381,0.8162906377950206,0.7044113525565063,0.7713600868379011,0.6196164428463766,0.7673608751435262,0.7159847411292175,0.7905644678627682,0.8062518271122564,0.7472077431655549,0.724110496084869,0.7489762088314674,0.7062176862239193,0.7548577084237525,0.7320575178849529,0.7550539304639785,0.7417852947740964,0.8115896232069024,0.6471316463366495,0.8050195729233037,0.6757525832649904,0.7657873383952546,0.7388432050047763,0.8453446969184293,0.864890678966817,0.7948056351829497,0.8031732667099967,0.6732889612189228,0.7028870826555151,0.6828632327067816,0.7102866128487242,0.8451251553463708,0.7261152250895504
0.8485162465351276,0.8501105961934873,0.6830212253083131,0.7030778115279359,0.738581690237201,0.7024563153887153,0.758089301871759,0.7718839859633646,0.0,0.6856547113061877,0.7509193001669108,0.7822241590779688,0.715617776864806,0.7410260003058653,0.8876572605999161,0.6694131670208463,0.6402968762947139,0.7957317548636491,0.7452678928482322,0.7899467647973686,0.7088788643790477,0.8498607271866174,0.6849440938146595,0.77062873019266,0.7626328092033366,0.649045360764814,0.7503214753280785,0.6327366717915451,0.7037437266582535,0.779153422473775,0.9288228668093653,0.7030284152933051,0.808597998117077,0.6496542452700655,0.8339344855678612,0.7669877959110304,0.7975928323186408,0.7926355953980904,0.8221781862747477,0.7141062521390997,0.7621296559653074,0.7549169320810106,0.744732487521124,0.7716049153874128,0.7731078519181169,0.7275702479651119,0.7102736813239376,0.7423573308133768,0.7459562806079328,0.7813136502247796,0.7434435850267329,0.6788723632905063,0.7358678540292428,0.7607172894355411,0.7448095366071392,0.7740573632282625,0.7600358960715072,0.7306658392169436,0.7003132778499627,0.7651188832651052,0.705365189121303,0.674646557053502,0.6940984326333818,0.6995039768767936,0.7914652725065007,0.68773156661655,0.7501608160536487,0.765459352027274,0.6982034144811444,0.795951724226277,0.832072604571244,0.770155136487575,0.6615660939147551,0.6994702386510651,0.7092610381899441,0.7425940516439384,0.6547164971199854,0.6827187983710078,0.684482835250112,0.5694410244939713,0.6259820480766476,0.8878575978892853,0.8093743720957565,0.657740634949117,0.6724532085891359,0.8166120644559786,0.766568880495099,0.7514352701180678,0.7013066735638888,0.8931214197097963,0.7567579428883282,0.8521643113953032,0.7728650535814791,0.7371517345484326,0.7606995682791672,0.8481629269805714,0.7656436797879015,0.6893493490338154,0.7355407477991107,0.6841037082550349,0.8043680765182969,0.687759275763496,0.6767752855154151,0.7395491714418548,0.7778709444026574,0.6682494123959019,0.6260159210190882,0.6371817788940694,0.7318650446551104,0.7423975275897685,0.7167179570199391,0.7414561007667398,0.6800589675978498,0.7115454357419699,0.7098401987797341,0.7062379153792364,0.6695498398896719,0.7653585575356907,0.59254823276386,0.7066807339688831,0.7708509841172165,0.7061184522580223,0.6684744314973112,0.7707838815216654,0.8235590565939057,0.7605179519919791,0.6270191970560224,0.7983879488835955,0.643976419048615,0.8069112427946248,0.7808897219382289,0.6601832625654057,0.7212042442968429,0.8599046250384539,0.8234009774779807,0.7793773889460338,0.7672622350403481,0.8119348368211713,0.7271276133183983,0.8538695130657189,0.765733066173667,0.7287920732537202,0.8204437074274297,0.7744674480069277,0.7766606703053195,0.7163142559209187,0.8911908770879199,0.6526446783153756,0.7382648460507092,0.5602749089333589,0.8337362873717477,0.7397774340119437,0.7912179916429914,0.7286858107093566,0.7200824046393548,0.8943925126887281,0.7604321937159009,0.679395613302246,0.7895246417672367,0.627460028021392,0.5998171003378421,0.8103628222357233,0.8961263885639719,0.8197220722548582
0.7766389873054688,0.8418321687138816,0.8421561070587433,0.7734795205009358,0.6806772609650141,0.8337785056270062,0.8053385468598722,0.7843762230970659,0.6856547113061877,0.0,0.769082138833746,0.8069771533357455,0.868029975133091,0.7330538350169661,0.7155900351580842,0.8028028221501037,0.8028262724242984,0.7810179349280597,0.7527763017294726,0.7208698392094314,0.7710329155728061,0.763560431543623,0.8000319968805398,0.7509212602401806,0.8868528139643029,0.7233109761616983,0.8204420294676956,0.7800037470279512,0.8166425912694074,0.770443072278454,0.7236127253941008,0.8709778828280685,0.7622334044003345,0.7694368302301982,0.6984844355283318,0.7306885157284422,0.8159001210905421,0.697886827313626,0.6547334259950798,0.8224615884103376,0.7028247029567897,0.8428752495273584,0.7372659668156624,0.7161318190046826,0.8102468774109117,0.7973796180876502,0.7958787709750612,0.7360469058550778,0.8045151685554471,0.7140028676240666,0.7738792532428658,0.7476901966297027,0.6763110150741223,0.7685379963104688,0.7726852838920764,0.8351459410590703,0.7270330913440799,0.7831645828967374,0.7708480969092997,0.7679233888102251,0.7632545713381779,0.6924886650967759,0.7288923357845989,0.6710033923580438,0.6614389288502985,0.7329550843667835,0.7815006873787856,0.7777753183407865,0.7866335186207307,0.7787442931552713,0.7223651404571853,0.6724071104976124,0.7227897532508589,0.8298344624773532,0.7897613881252651,0.7765623608948606,0.7653771234790452,0.7709234032631468,0.6776207719391173,0.6532380370741507,0.7500185963986866,0.6967671473563871,0.772709751192472,0.7168218334607761,0.7286964172955984,0.750509919251094,0.7408177860858909,0.7415263233365961,0.8381688296200999,0.7233253648551053,0.7584464861660936,0.7628422778190949,0.7505714146424645,0.7149166841849527,0.7117707084078989,0.8055203698463275,0.6331459567328351,0.8047402506170643,0.6219464232509527,0.8346343213764331,0.6575588578841087,0.7451795287830209,0.7309660812297575,0.8010707688600458,0.7140598061092022,0.7780913888315791,0.7745534194617139,0.8042463839363319,0.8239421938381918,0.8359776643268938,0.7922374826694336,0.6708376845198827,0.8017954959728536,0.7486403126770065,0.7201798725440351,0.7949253802765233,0.7946384275061594,0.7773725051773982,0.7985273244829212,0.720826814572245,0.640625313742495,0.6785203546011952,0.7194506304463121,0.790034853459632,0.5944719332911058,0.8254063558318279,0.7185651958606366,0.7715380040237095,0.8047516797457287,0.717064558925986,0.8256025511675947,0.7301232652662117,0.6527454503924257,0.6105486847428482,0.6861311629820268,0.6172029770244057,0.7393590411206536,0.7102985095478856,0.7552501153243205,0.7113861728157044,0.7251097874948279,0.7708078092172244,0.78636976341945,0.6834730872327373,0.7404071386693598,0.7736376317282836,0.6891068450800195,0.793048590364217,0.8488593340696018,0.6208906067259361,0.683985790360735,0.7186883486771831,0.7126746584517348,0.8595948229435082,0.8165879988259032,0.752800726247996,0.7754507351323852,0.8283668179563696,0.693030158908141,0.7625279476293195,0.8148325315097054,0.7108010963334659,0.8233526453117727,0.6831804653365807
0.884467768634134,0.8337989685925056,0.854829457050608,0.8440198260650457,0.8734801660076893,0.8204543176446224,0.8512476939241594,0.7941284914038571,0.7509193001669108,0.769082138833746,0.0,0.9275826585151213,0.8591417171676826,0.7291979638324189,0.8595110347422157,0.9025079276814881,0.8587216078688786,0.8441701402313084,0.8828731804087301,0.826242615252086,0.9234921945816962,0.8936510294724807,0.8203674827424938,0.9163677902095018,0.8813909447294077,0.8562686055878107,0.7965633395548104,0.782197607183448,0.852905329038313,0.8606985115615573,0.8397857144366677,0.8607727703163247,0.8496974124562511,0.7984148251079441,0.8130297019989936,0.8453513160102625,0.92987432455799,0.8654903924889001,0.8888845618324333,0.888004767490687,0.8572203095525327,0.8203561542662337,0.8951232750196016,0.917414775040311,0.8475695473145403,0.8343942446842998,0.7854294756669369,0.9550560127993631,0.8900597037465822,0.8577596213652308,0.9124527221472946,0.8453897909559804,0.7140263802926469,0.9134367624293518,0.9312828931740696,0.7167736612713804,0.8975425583420663,0.9327634392866883,0.7528343260600399,0.8433758007259066,0.8030462856922885,0.7123671356290482,0.8647078665712098,0.7295022919372763,0.7735880714145088,0.7901470324878229,0.7991653022934919,0.818933188911846,0.791779035379607,0.8535377820590119,0.8636037648586625,0.763303518657194,0.7484308020654693,0.8872862942776998,0.8205472107584888,0.7624031857387061,0.8626838500822576,0.8734336380211186,0.7822399800604235,0.742016168985872,0.7540774710911338,0.8220483470718855,0.8245090165107868,0.7558933634452218,0.8402696424452144,0.8286669509629713,0.8434060637053555,0.7743264126015643,0.7528485815760371,0.7481090081969135,0.9189587625229028,0.7723313700885446,0.9190468712365579,0.8272279010391947,0.8046220477237211,0.8463357226782325,0.725591777214926,0.7487477937383462,0.7006120704617351,0.7578912862749878,0.7901122983710543,0.8396954396294588,0.7753298250341769,0.7847227390014572,0.8103847640084106,0.813998566085691,0.8057451405425136,0.7537771438645906,0.8506065016187913,0.8981536491597099,0.9366719650048105,0.8451763524888323,0.7823358709282745,0.7895874539190958,0.8175252271731469,0.8296146632896934,0.7568891665037438,0.9026966433870254,0.805849347482674,0.6897982016727512,0.8614262890193256,0.750776291644096,0.7936269134690357,0.9147272657116687,0.7221641105121067,0.9181033352170245,0.687001901819463,0.8882140203789306,0.815952787153593,0.8172012879479348,0.6962845336670108,0.833204171335271,0.7798565990671396,0.7922099752174049,0.8772115619237951,0.7537748669914877,0.8269192277340064,0.8594103883443989,0.8286973094560272,0.8962910345374693,0.7544588587318023,0.839960317326883,0.809108624354117,0.7846079913186893,0.938021471981266,0.7846442298230245,0.8435081592908499,0.7498671121735382,0.8285545185928649,0.6504405450976826,0.8740133286297155,0.7496951929132658,0.904935369139893,0.7852928358760293,0.8815371849749991,0.8753922563343234,0.8996691266672422,0.8406650535297431,0.7914030284113432,0.820168599395079,0.6677917083031373,0.8028204519012503,0.8397631222036508,0.9289744641292238
0.8601264891783342,0.8919967920029799,0.8392882575156021,0.8306445358437107,0.820160927253595,0.8491811101163846,0.8261191260243462,0.8327672644013538,0.7822241590779688,0.8069771533357455,0.9275826585151213,0.0,0.8297978008561859,0.6824678370421288,0.8362355488971769,0.8730982955430935,0.8408288143606721,0.804072422471702,0.9137014929634418,0.8250315567657189,0.8990137905371963,0.8581925315029132,0.8441562378649563,0.9224210934910313,0.9178429871754381,0.8049164663982129,0.809958959316229,0.797390631310218,0.8449362525109783,0.8965572946003196,0.8580531525352484,0.8218456705535613,0.853886421925787,0.8297760833585902,0.79636282632015,0.812552075391889,0.8885771003696408,0.8324464483750375,0.8592028686820354,0.8561858024862659,0.8658929961036222,0.8516361000340495,0.8300032617500342,0.8692967500589264,0.8557757681009073,0.82850754298713,0.7881365020374701,0.8758142440109958,0.854135797114292,0.7956970288544318,0.8367044431664151,0.841355970391598,0.6864528592468905,0.8724632646741767,0.8562395946139147,0.7894736229113496,0.8574448214459721,0.9420941945779568,0.6989359992235186,0.8211533157063966,0.7713232930950072,0.6650611950163057,0.8058089645867288,0.6971638569542814,0.7164815296432798,0.7399349916731625,0.7525239343217703,0.7649011158469798,0.7288095886662191,0.8420584207150645,0.8037103718046968,0.7195605249083489,0.694164617237154,0.8303968178328921,0.8220558936732669,0.7509835647538352,0.7782019615560078,0.8451638292923083,0.7905252244045111,0.7152695225033663,0.7438589711406608,0.796902351599572,0.856442319955557,0.7544163941518778,0.8015098914860496,0.8844657493985241,0.8092382684690435,0.7076855675327984,0.7771978496851898,0.8260237876458293,0.8547144893956811,0.7930571634655239,0.8510322327937558,0.7938077786635909,0.7317929515180162,0.8803248105018523,0.6952156051295121,0.818942459314985,0.6680318711376925,0.7594255562653811,0.7456464678416448,0.7724355864400952,0.7424941825401662,0.8510317570327761,0.7661057229129357,0.8170002254669408,0.7719259213289343,0.8209833964097567,0.8302616058627967,0.92292819321405,0.9050928827211653,0.7893150943870322,0.7346691363292075,0.7818829657008292,0.79351463141211,0.8744841238991452,0.7903266854066688,0.8449551699050166,0.7821216470760974,0.7016352011509583,0.7962051919932952,0.7297340340701759,0.7985866860697466,0.899444405601667,0.6881014408408411,0.9255547614398966,0.6539111736295664,0.8845347227690022,0.8345363596904498,0.7572273036543118,0.7888096313748154,0.7936618898218765,0.7329531783382247,0.7881338285012891,0.8422690214866558,0.6968373019425277,0.8715384116556797,0.8250300813651517,0.8263839314985058,0.8873347356954052,0.7355331691546806,0.7873618957902327,0.8019661478506283,0.7275082691940699,0.8886734357247211,0.773784850685867,0.8602788798776555,0.7545938940272845,0.8718123600185871,0.6741420359720982,0.8492814432422221,0.7477174239469055,0.8687121779755327,0.7967332923399806,0.9474097950906866,0.8543416953119297,0.8774578120786344,0.880656150334941,0.7575117234861761,0.7439944663553978,0.6579559134411709,0.808102250374326,0.8836035769611518,0.8906645517245194
