0,1,2,3,4,5,6,7,8,9,10,11,12,13,14,15,16,17,18,19,20,21,22,23,24,25,26,27,28,29,30,31,32,33,34,35,36,37,38,39,40,41,42,43,44,45,46,47,48,49,50,51,52,53,54,55,56,57,58,59,60,61,62,63,64,65,66,67,68,69,70,71,72,73,74,75,76,77,78,79,80,81,82,83,84,85,86,87,88,89,90,91,92,93,94,95,96,97,98,99,100,101,102,103,104,105,106,107,108,109,110,111,112,113,114,115,116,117,118,119,120,121,122,123,124,125,126,127,128,129,130,131,132,133,134,135,136,137,138,139,140,141,142,143,144,145,146,147,148,149,150,151,152,153,154,155,156,157,158,159,160,161,162,163
0.0,0.6111490694432621,0.5198377544145916,0.6479701926815828,0.6350323322972854,0.6121318331754483,0.5827705315063416,0.5977004084564086,0.633211208615814,0.5564811232594598,0.6607536354389902,0.5872996729179268,0.7505085753350537,0.6165020924414212,0.6366772397096538,0.6693389678308163,0.720842952597738,0.800697591384502,0.5990016104744285,0.7092592708198144,0.6776765457093137,0.5907859720541544,0.5722871219508727,0.654207490528975,0.6800291854684993,0.6037505685341444,0.6555358614660937,0.5875772670540006,0.5083912302824752,0.6156747643748375,0.6432743618559049,0.6545650494912891,0.581122732250194,0.5441750012757196,0.7343187975983637,0.57871365472238,0.7227060319024339,0.6454486063056599,0.5720965894916153,0.7426003874837319,0.5786692704122837,0.6603325014082062,0.6558870237318654,0.6407110225020227,0.648394157599041,0.6931286784419826,0.567443322311532,0.6163549004998644,0.6369964968388132,0.6839636760330768,0.7147306306316529,0.6178448660903233,0.6431327333067537,0.6185689756101428,0.5816026960454842,0.5879716989666341,0.7849484118235268,0.6505854583601881,0.6699497768429209,0.6829632419719373,0.61494821530813,0.5386202667335867,0.6409263174562327,0.539455876445611,0.6527580829469982,0.681765438048502,0.6600373285571463,0.5959215081889148,0.5982501382601355,0.6501003988665481,0.6098188740538584,0.6825450330750925,0.6764676094391922,0.7487160113408624,0.6722997402348678,0.6362554263993724,0.5945712666145571,0.6508858492338861,0.5891337983416313,0.6092735425736097,0.5685719150856327,0.6213093189072485,0.6471604839611693,0.597121308871889,0.7170194633444706,0.6210801211035937,0.6311193463386482,0.7000078041465722,0.7055236365525811,0.5919668841663206,0.7198348518863886,0.600635042631755,0.6498688416715419,0.6654570919847775,0.637599945698946,0.5509232197361233,0.5227829645384091,0.5582067020818852,0.5418068921047358,0.7024589430732191,0.6187223915733414,0.5487362319229196,0.6110839509844673,0.5098940161540736,0.6720510846396706,0.6360809923352948,0.6487155346194942,0.6426900280520446,0.6699439669008175,0.6356057076134999,0.642017232206427,0.6643452332503798,0.6731552154966125,0.6805560714189275,0.6953545538659288,0.7550624442371843,0.7021237444209267,0.5386138003200809,0.5749321167098267,0.5672337119043576,0.6788763088548225,0.548160229065668,0.6265824984946715,0.673806827499715,0.6072454053489326,0.5652631736405189,0.5775918196886222,0.5810455490184951,0.5599714297589145,0.613730140572816,0.6129385984517204,0.5936388424369531,0.6466856698104824,0.6114259532525119,0.6063736718704301,0.5837951143568771,0.6378617966651252,0.6965334695518776,0.621745988626025,0.6665364888489905,0.5755397800513937,0.6159537418997405,0.6852339976185271,0.5587364324378591,0.6541617622301868,0.6397752116401972,0.5689654704668644,0.6029601305289606,0.5768990216912693,0.4717543322176689,0.720076480973738,0.6288410603535961,0.688131135481336,0.5624263886087362,0.6246629636130282,0.6505808303437268,0.5657899759470524,0.6771680878807133,0.645975552829295,0.6112378901260493,0.5607161375645118,0.7122977498077132,0.5467170866577117,0.8045256480438051
0.6111490694432621,0.0,0.6024176443859326,0.617864308245401,0.6246166968454872,0.7234056785610199,0.5627412077140049,0.5874749021383106,0.6058798622376611,0.7147376526166521,0.6085447658114476,0.6267691036912395,0.6370622267814174,0.6431821651036868,0.6486875993511387,0.6193323682194531,0.6211681036669586,0.6025011835779938,0.5575722422702298,0.5978116366853504,0.670950915069922,0.6719425108059879,0.4920116569701418,0.6047913402327143,0.6647387467574928,0.5388041974112948,0.5643274899866696,0.4897841074691256,0.6743054451528505,0.5383590779768098,0.670957908001585,0.621153681720483,0.6492934583344646,0.478448295815279,0.6748485731538796,0.6669059302987178,0.6257606627338764,0.633482495513155,0.622786104791735,0.6353954557803416,0.6581944335282578,0.6509857018880978,0.5714652315630305,0.6864185630046917,0.6037733023662878,0.5838920226910357,0.5917168291795751,0.6431133083741912,0.5520004963257034,0.6362690611361276,0.6229647042889029,0.5782046573211175,0.6735666471432376,0.7265793181466943,0.6221612806146386,0.6484424796608923,0.5996294494609032,0.6349161878983234,0.6518550948094923,0.6183170562610721,0.6149432899190647,0.5575472736185592,0.5816460331334502,0.5808347280113739,0.6058318607877914,0.5784661245163151,0.6173204545771938,0.5910923057199696,0.5579661712457209,0.5821983610400634,0.5878922557151847,0.6495646103082989,0.5886308331168174,0.6402190627421098,0.6584827058552757,0.5635899606265562,0.5319734527637325,0.7070759946080181,0.5255595958081918,0.5796838718639381,0.6383587263660649,0.5961383278456848,0.7143067139031223,0.5987167109372693,0.610337565466196,0.6167504561930554,0.5690269143842005,0.5963069710308999,0.6028224164148877,0.6212018780102435,0.6077447111028179,0.6651158609212735,0.6680804368219,0.557519304108379,0.6259232173464774,0.6963964332479844,0.5703171036842607,0.5910452687599749,0.5679706446370886,0.6158877070055758,0.6603113007039217,0.5127870608505682,0.5637724287399702,0.5863222109225011,0.6174173206823114,0.5681345180187009,0.6211092376279571,0.6047043723233665,0.6631101003051513,0.6790738865908681,0.5981114077959249,0.5971598954963876,0.6316650799351701,0.6487544198078731,0.5894763749810863,0.6080969008251166,0.6272147360584908,0.5259858190154993,0.6251486147698058,0.5789813486494045,0.6249111582245471,0.5383297179763071,0.5658128531126796,0.6332387955040072,0.6234827580765049,0.6628038616742306,0.5762253550229928,0.5991204535907855,0.6448432332903099,0.632689860710755,0.6560134320322393,0.6121599029868146,0.5485994301254427,0.6194175576157972,0.6485941188621374,0.6335485079120108,0.5948764761844663,0.6551822436225092,0.5863688610405514,0.632897562315777,0.6406023994550945,0.7115896496544155,0.6704456235518962,0.6342094180605224,0.7192676925160679,0.5518916971818177,0.6231951865470455,0.694041073824841,0.6520201097747361,0.5204960980541464,0.574010833315555,0.7399146644205049,0.6003592665898997,0.6523785625758437,0.6580118752689181,0.612222009696835,0.4922574045188738,0.6786685577327419,0.6250896975572211,0.5175573119414913,0.6357980782964517,0.6639951868278897,0.5852393170301141,0.6102528682342201
0.5198377544145916,0.6024176443859326,0.0,0.5171974181251973,0.5874487449807698,0.6216523885257355,0.44723402511393234,0.5897389217255044,0.5466526164066231,0.6104179465259214,0.5409689343320446,0.5236141550427365,0.5599125923889419,0.5362155581534997,0.5446974825446276,0.5762031387057928,0.5520392857557314,0.53872512290846,0.46609912792816743,0.5339418480832249,0.6266906392959214,0.7042906826622143,0.417276695193107,0.5088886641869934,0.5568629578186115,0.5331257455333409,0.480379220267548,0.42493446271714236,0.5489909663742377,0.4626605472078528,0.5359589251589619,0.5118900536535864,0.5469136263163129,0.40947904159071763,0.541422369617689,0.6127129559241797,0.5384346476436049,0.6063162480018259,0.5172853067499884,0.5169951689681934,0.5942628422196158,0.596475112449189,0.5619657420879365,0.5706234019228327,0.5506777870628937,0.5073068043593587,0.5708487040591834,0.6090329401364657,0.45380683990151505,0.5886935554554728,0.521787850802611,0.5516568328801198,0.5229227487338823,0.5970520286121815,0.5133295047129598,0.5547477175968355,0.5036530049997159,0.6087258339802752,0.5427396758336414,0.49651706775400667,0.5516948675008755,0.5095908637376102,0.6068618962912683,0.5674706385657743,0.5316153841427516,0.5212533704314882,0.5231514086820597,0.5849753416471801,0.6294392089583585,0.5759705641242373,0.5678096278227011,0.5216391440767424,0.545311176636541,0.5604818021180457,0.6175580916024137,0.43933379964606994,0.4642162817207287,0.5522717619288945,0.5052835814409239,0.4566468674993763,0.6065799226451694,0.5458908864200669,0.5756184583613866,0.5962082294527734,0.5336761113644829,0.5987369143323298,0.5448970590749282,0.5055049808082381,0.48532518528681473,0.5286136982977296,0.5595111171341919,0.5206216912574839,0.5264422008189772,0.4445589229135079,0.5432025326397206,0.618270693480864,0.5607807185097405,0.5539014810911899,0.4965805565958136,0.49974419474174386,0.49329709342062067,0.49638228481304614,0.5181979028112575,0.5884086301145589,0.5597434026660971,0.5504002997368589,0.5660692968156176,0.5621088785706566,0.5475330259779878,0.5616339447156381,0.4849763580605127,0.5479077446717567,0.5526236943204376,0.5556004517856725,0.514841398045198,0.5237698933901935,0.495610403873846,0.465656643954142,0.6326504572609719,0.519674793545897,0.545582918617727,0.5303661266270818,0.5091224479546957,0.49889931100401985,0.5170044817481968,0.544789333936527,0.520073436455478,0.5334696163446274,0.5994049090855085,0.5983558779375611,0.5945284118786934,0.663937677564006,0.46202043923368485,0.5272404040907254,0.6215761210824698,0.5639004635868157,0.5125420286825269,0.5424203018247609,0.5746769394076346,0.5274028009701591,0.5567839672793125,0.5870593239420181,0.5177744242652144,0.6232761543481307,0.604315322917367,0.5186625747669694,0.6222383869530751,0.5543558947489666,0.6464598846839776,0.5054643732270157,0.48649123600060906,0.5284064759051118,0.5266643376514235,0.6484218790766287,0.593885965344301,0.5502869558716974,0.41594399276018895,0.5704119201507711,0.4753670883968869,0.42339557434184943,0.590710049905326,0.5073845507314679,0.5321713052643836,0.519813947075491
0.6479701926815828,0.617864308245401,0.5171974181251973,0.0,0.6013466265948129,0.6505162670758529,0.6126978807526321,0.6043321783615573,0.5877493172058205,0.5700795885144493,0.6095754075196825,0.6096423994802364,0.624496190559133,0.5633896253823446,0.7069245556239502,0.5730331735296693,0.5840058513111709,0.6218845077661137,0.5846045101101989,0.5523263297268428,0.6309833280790911,0.583108008166314,0.5168910277483169,0.5967892982277525,0.6436106140005269,0.5700090061358786,0.5774202785909706,0.512043200314439,0.5223000517993347,0.543102744497132,0.6743080672251897,0.5929584415795951,0.741108989261067,0.5001566244541773,0.6388468514092179,0.5855639043226274,0.6578199913475627,0.5779810634027626,0.5924481764544779,0.6406911688536375,0.6086026041527962,0.5964228550008264,0.5990056383866855,0.6878523312610537,0.5986119075386827,0.6033515445324683,0.5325326394250985,0.6017138065105626,0.5690676541242382,0.5959516181817919,0.7068298208650077,0.5952018590874034,0.6058222107034553,0.7081067674813196,0.6074653536852477,0.5692866543400028,0.6155540207416209,0.6518753517348617,0.6035936102360351,0.5951463957393409,0.6255515520544968,0.5235096327065896,0.6192370735155035,0.48878894131749445,0.5991691486415307,0.5933703580919859,0.6279886735497822,0.5891372561554291,0.5328555569947164,0.6393996377103439,0.5897398466098926,0.5860998682217541,0.5871772323356127,0.6747269152334459,0.6021644668826579,0.5743754486200339,0.5668870633568092,0.6442435836442131,0.5463563365125121,0.5588242199885077,0.5664400443174307,0.6368209134277844,0.641599592859549,0.5576084984999978,0.6148434288547571,0.5721094385016068,0.616628082650104,0.6404349950018242,0.6280335277266824,0.577882541414818,0.6632523642666146,0.6581094958510304,0.6220060923153337,0.5725669613757548,0.6062509118597561,0.6212906051217524,0.5293420876035013,0.5552343840199375,0.5117453635912489,0.6548647813266218,0.5925124415036327,0.54638543645302,0.6535010476929971,0.559065869372219,0.6190731635517182,0.5541859428117092,0.5976416920203863,0.5593553850098074,0.6243776986808536,0.5852638719096557,0.6536043457377557,0.5913355254294533,0.6484369212407417,0.607729160273288,0.6173865196188099,0.6150044166045056,0.6121090191055674,0.5007975564115722,0.5829667874406265,0.5534504721191358,0.5718090729182482,0.5966032742222059,0.5289165286216012,0.6695910230010029,0.5579888908408185,0.6121476824797305,0.547742283780811,0.5725301901456495,0.5510233588025972,0.5783864177823154,0.5550846946247973,0.5540341386922303,0.5681812795086806,0.6015562329268235,0.5760812524687926,0.5471231505030448,0.54284399994018,0.647139112676632,0.5504190007494689,0.6405014404638797,0.7114121410774931,0.5613135568432587,0.6621422117056264,0.5634047690401741,0.6176712143140491,0.5828868417402078,0.5758780279263972,0.6168725712228661,0.5417894041843575,0.4344763738177854,0.6682858119349915,0.6565900474437758,0.5764256115995128,0.5422788847607846,0.6550169315277924,0.6231590516229416,0.5087160883353423,0.6978519420862332,0.7217796550446475,0.563420085656109,0.5634296217242406,0.6349217726664519,0.5403938885909458,0.6485983972684503
0.6350323322972854,0.6246166968454872,0.5874487449807698,0.6013466265948129,0.0,0.6187066889550826,0.5529591836464007,0.549966579125728,0.6140445558591715,0.573422742311202,0.5994975572952613,0.556832439712823,0.6101075027474523,0.590600017310888,0.6271951248538403,0.6110873248797344,0.6390151498364429,0.6563939949238854,0.5259154151836953,0.5698443182990687,0.6816012547424655,0.666495661526257,0.4932566742170528,0.5905344113501847,0.596094674228837,0.5661821931699907,0.5573038689618083,0.48404440153543365,0.5337480555966756,0.5694282041229692,0.5767538637380963,0.5701811146475105,0.590859190621415,0.45402386749145446,0.6195671570343185,0.5860926621963161,0.5982843781614814,0.6205488496805571,0.549625506314736,0.6388545000112402,0.6143963300330998,0.7098427024271816,0.5939367457717597,0.6372987567800097,0.5524986213942477,0.5793384411004463,0.6184924491749514,0.5941029685875091,0.540503892244171,0.6522925189047508,0.6399669613096713,0.6093778585827141,0.6406910036523072,0.6234336141395475,0.5440631462060219,0.5982604999111119,0.6114730103833509,0.6504899282884966,0.6190126646067545,0.5795890962742708,0.5462363155613942,0.5382241563861879,0.6259974046933674,0.541213141076204,0.625106524539752,0.5724412999902964,0.574673645987786,0.6205989496248189,0.5944149258500442,0.585965312911765,0.6086149772671635,0.5974433206727509,0.6003567123152312,0.6496966387184165,0.6306841309936132,0.5208527995805708,0.5275553071410357,0.6923299543470663,0.5212772248488049,0.5562912777495433,0.6070269307379367,0.6164837735905632,0.6871916578557491,0.5556153175077825,0.6208908342203778,0.5954366850672549,0.5444535911202096,0.5955438225619265,0.5563582981896618,0.5628970146762975,0.7273164278300099,0.5908047031550695,0.6251258632275573,0.5326790956406019,0.6399715269329962,0.5798318192858187,0.5186167268289886,0.5428380274139563,0.5437135783102264,0.5730418575945248,0.5478296059923333,0.49782144672239853,0.5694566175639656,0.5297226928090963,0.6058412231700429,0.581763075404644,0.5879644390062477,0.585290329727663,0.6367442646659971,0.5971483078181462,0.5682166321194981,0.6207724757329016,0.6004007486100795,0.6202488693372021,0.5830271161509022,0.6451302488915776,0.5802507133651807,0.5010293861202485,0.5942419592056325,0.5614623740195415,0.6778880881550572,0.5359594258591611,0.5485595085660679,0.6123564401482314,0.583329331300532,0.5494217963893346,0.5735531421133678,0.5488440081168461,0.5484977915667353,0.6130386186641248,0.6192538217569282,0.6332362407749581,0.5181715891553378,0.5969620304396311,0.5701619710720174,0.6097662373716758,0.5566702465358236,0.636388078620748,0.5587001374141433,0.6032801399223525,0.5668504692142241,0.6138496538261856,0.6382741609927812,0.6009002168547117,0.6308959947663015,0.5702966383639978,0.6285603970986118,0.6190110161374297,0.56975273719163,0.4776397051642988,0.5558664229269006,0.6218254579095249,0.6146879219394125,0.6238859910265644,0.610332846175592,0.5793204030080925,0.47966534018759116,0.6547886542467312,0.5723489380161241,0.5172452312073138,0.5906678353471506,0.6100971191591513,0.5646192285579462,0.6768353675930111
0.6121318331754483,0.7234056785610199,0.6216523885257355,0.6505162670758529,0.6187066889550826,0.0,0.5307547849986243,0.6491467606422388,0.6172430282883604,0.6326119872116962,0.6194677242121426,0.6153686529797651,0.6550062211295641,0.6085812191067069,0.6424477862270946,0.6257882281694552,0.5970846910013364,0.5827716509775961,0.5389218939054801,0.5721955116819826,0.6677258350758601,0.6733420247772038,0.4632654895333829,0.5714383498807334,0.6382805388322509,0.5721076035583632,0.540378176175849,0.47502885679826695,0.5969706747302691,0.5260869431800036,0.6782988873223963,0.6041048243980186,0.6975657852446833,0.46601727566332307,0.643707449710036,0.6653596615934796,0.6589779001862848,0.6405773017102527,0.614025374897815,0.5901564792451663,0.6453341320021867,0.6337797139858964,0.5905653804489313,0.7165147788528078,0.6136040939642652,0.5710576918594563,0.5754893760371635,0.6902985590009089,0.5177030485569172,0.6248696133733644,0.62942903588255,0.6050850983954001,0.6073790994719589,0.7477002232437159,0.6127333856261972,0.6351437168938476,0.5804794749286063,0.7013390237043358,0.5832465460831724,0.5836244102748571,0.668952926400183,0.5717037129524641,0.6488476367166779,0.5439490738761446,0.5820622154460159,0.5809711222832924,0.6197637204934998,0.6288667820265301,0.5634550640707471,0.6403994908269101,0.6235793929997765,0.5967925227532982,0.5998674054189967,0.6450734965323621,0.6754837566895272,0.5313622341827253,0.5371048241497846,0.6679128077774544,0.540401571988426,0.5645531163233141,0.6457428011522024,0.6182868378915264,0.7002152221134653,0.6385537096216625,0.6018292454742119,0.6272955681934046,0.644668825263922,0.5862517229829634,0.5859832325797738,0.62721560135407,0.629995336346975,0.6437539250293539,0.6202752162203409,0.5319698726121567,0.607164298687153,0.7472194407918806,0.5982656887582731,0.5875525936779659,0.5482990072331573,0.6049601591035978,0.617567194987414,0.5405864449829992,0.5810221585622389,0.5832740989947661,0.6383382761107786,0.5764230101178145,0.6174992367260496,0.5781143269205992,0.6143005920384991,0.6308433347800483,0.5857122003379887,0.5927100975248933,0.6784994660117918,0.6340593947647578,0.5993375014013128,0.6045610142197008,0.5819633734420113,0.4958692111576497,0.6401614024262982,0.5899293555486248,0.5994958619677958,0.5997913573690594,0.5527904226630147,0.6202125847989576,0.5952505929146733,0.6584315137214822,0.5739705058803424,0.627421236258147,0.6232319599076286,0.6184056391997697,0.6330610512881046,0.6497279260829986,0.5607850703397335,0.6349315449337637,0.6473774691750536,0.5990935131290279,0.5680985294626604,0.6247491668375955,0.5604923507310116,0.6137907987545187,0.6864452212092289,0.671106691437911,0.6235862375067766,0.6324150749013077,0.6991605430495326,0.5569460725799898,0.6602105078463055,0.6469044748045663,0.6118667559291124,0.5012711965480787,0.5917641918534159,0.6484341097050241,0.566705273501549,0.6001024608660251,0.6643993831500296,0.6336790094763578,0.4788040250680669,0.7116158235823484,0.6049564538854648,0.5091651134665931,0.599422050954271,0.6262572764347909,0.5612322552034779,0.6108938646653503
0.5827705315063416,0.5627412077140049,0.44723402511393234,0.6126978807526321,0.5529591836464007,0.5307547849986243,0.0,0.48041250372692973,0.49146222436341985,0.5530542679026599,0.5755538197499975,0.5923778334042319,0.5643101303677671,0.5054711927754134,0.6220677716887986,0.532789340688959,0.5469175534552867,0.5615517248827335,0.6112426548912313,0.5115649859570794,0.544105215251132,0.5069057897818139,0.5924675729544588,0.616011988696993,0.6018782869904088,0.4762948548922368,0.5645615766427328,0.5335735318061242,0.521323196566677,0.5716290036578215,0.5830308367498364,0.6200956707888647,0.5486270165020865,0.5283559746390284,0.5517369055927052,0.48969041609513486,0.5935300453313147,0.4783002310286685,0.5736997618445042,0.6373614951905485,0.4965445550600174,0.5257841291533686,0.5274117036519469,0.5762879681981029,0.5193778368515717,0.5638470242927183,0.48152123619813664,0.5364178712980349,0.682950299304034,0.5193164059796603,0.654233798202244,0.4856273030948531,0.5669577090386906,0.5899799320870867,0.6101134072823267,0.4951997229036493,0.5916825915145686,0.5271657144765166,0.6082224008357173,0.5810090819948869,0.5306339245668913,0.4589777369796708,0.4833707743770117,0.4391649358382461,0.5452942544315843,0.5313768270706333,0.56009420988869,0.508618824758494,0.457329514057149,0.5061323205519116,0.4921587654291631,0.5414785846526157,0.49546849882103233,0.6080093601395916,0.5019117464321139,0.658043840894514,0.6082681331318897,0.6391791735664563,0.4604090143816071,0.5858671561898305,0.4809574144257094,0.5154976791667456,0.5845773434412933,0.4513620453822244,0.5302220557845922,0.46803294264335904,0.49644949556447465,0.60825226649597,0.607437661103324,0.49806882959211457,0.5453686689535848,0.5655857152671548,0.6451042521980783,0.626554956439571,0.5244083792999943,0.5150071119999904,0.444581979424812,0.46687639292612987,0.45589022232624704,0.5944599904403908,0.5785618097861147,0.5044469300112254,0.5245673306234695,0.46935227436760857,0.5021300829680428,0.485654635756925,0.5369352244808163,0.49831140374776084,0.5849032892444416,0.5809929866337838,0.7187058612281997,0.5010488486358425,0.533125945273418,0.5261377566992089,0.5176977469751722,0.5380342488333445,0.5940467120646857,0.5690850096580322,0.49216708898701184,0.4579170974245559,0.5236027206992395,0.4572532304313303,0.47637536110335427,0.6849323853669341,0.49617610549279484,0.5752209717718507,0.4809978120255477,0.5199865003056638,0.48218998033062965,0.49647077008360346,0.4780739945422551,0.4662259885947061,0.5291450777415525,0.49128283041213555,0.5049168944806494,0.49869388630666517,0.5270144733565295,0.5655883996847025,0.4935137138288303,0.5932729429832475,0.5336733843955749,0.5161028669148848,0.6188179514584001,0.4719632459019299,0.5405606115548388,0.5101060841710621,0.4733559030886268,0.5877347769288708,0.4864984173740602,0.39288547606992075,0.5806955543554556,0.6217332565253404,0.5618414357562914,0.5051660310117924,0.5380997747523478,0.5365491674475967,0.5837654180009118,0.5926347234646235,0.6543967337992684,0.6583957593978439,0.49226627834765996,0.5715616058193083,0.4745837194507367,0.5762198190369248
0.5977004084564086,0.5874749021383106,0.5897389217255044,0.6043321783615573,0.549966579125728,0.6491467606422388,0.48041250372692973,0.0,0.6054573652146823,0.5574289411976838,0.5898265592878201,0.578235445254077,0.6567599826521328,0.5535435710770769,0.620175202474527,0.6303513383755778,0.5755360029853572,0.5906571428588662,0.5264611115055406,0.59535020235656,0.6371341435164067,0.6106893517097437,0.45823891341560014,0.5440565715070557,0.6039615630216353,0.6022391598839288,0.55364836014661,0.4772763513838317,0.5019484006165356,0.5108249854892327,0.6726126584103576,0.5775366018495709,0.6162209781417384,0.4714148038962713,0.5914019139445438,0.6375196205748208,0.6554016914246968,0.662161521894561,0.6090694609585554,0.5602692303557113,0.5974341405432264,0.5600184051928941,0.6678578849221753,0.6047953740296839,0.6921526119150743,0.608191315782843,0.5325696503391312,0.6372225587961425,0.5003036295625424,0.6438545433287532,0.6113991708280885,0.5743347456685157,0.5496627915303848,0.6454206087886895,0.5810456815844873,0.5516229511911729,0.5879472706708108,0.6956972814977884,0.5518193778347699,0.583267001698922,0.720193183567799,0.5609139945238676,0.6945491248638146,0.5291474778430717,0.5718802578910336,0.6216244962413833,0.6145523571750098,0.6027134502576407,0.6005981661733153,0.7586938734473476,0.6253484087463702,0.5758556128190372,0.5784710527924851,0.6472620116866481,0.677646238973251,0.5067455915614094,0.5491328015969474,0.5709855273190673,0.6145752274355667,0.49780111636357766,0.5706568596395438,0.6125977772177361,0.6041254917634208,0.6755062785938809,0.6005069395448527,0.6467614583435282,0.7646451598394519,0.5988780314157894,0.5974379846561282,0.6025918075950449,0.6049124284446205,0.5675639196416256,0.5712902844890886,0.517642884200509,0.5632790630744559,0.6128927873270861,0.6351099889938578,0.5550297487345628,0.5056122649143157,0.593825982714933,0.5712714233214999,0.6397600240817519,0.587898720004669,0.5523166336209413,0.6661089916426169,0.6193710339624253,0.6683176276459376,0.5606404314875435,0.5909283232372012,0.5606073164516824,0.5405977511744903,0.6012155470518681,0.6165895842446449,0.637851781454788,0.6200698309623311,0.5783108830426232,0.544012489754146,0.4906617331447805,0.5606376619969055,0.5461583286221985,0.5724486176856967,0.6752695449154309,0.5269651708291545,0.5699570987488844,0.5313158423560659,0.5986943090526657,0.5487041852664931,0.6639289674205565,0.5800666408266937,0.6307667205364828,0.5835426704757891,0.646718193115545,0.5873242911794845,0.5783752206198012,0.6706008448802848,0.5509713226542219,0.561458951634955,0.5994700009434705,0.6054976384643511,0.6419329693654836,0.6152953549621301,0.58847910259259,0.5691162832057016,0.5992143477942269,0.6435434813979745,0.5623190245794514,0.623798182881927,0.5929442147678338,0.5900079823235727,0.47724477228527473,0.6274980669227909,0.5541439276722372,0.5716049080313053,0.5684549345427373,0.6355968949402172,0.6767166606855438,0.4700652926098459,0.6340531952622473,0.5310509081584052,0.4880678084108078,0.5501426799212366,0.555503069205323,0.5417109853980552,0.574995096511494
0.633211208615814,0.6058798622376611,0.5466526164066231,0.5877493172058205,0.6140445558591715,0.6172430282883604,0.49146222436341985,0.6054573652146823,0.0,0.525539843140266,0.5480539148186101,0.500324210760236,0.6049854124644531,0.6674452324603524,0.5954284717669738,0.5589064159088385,0.5699305085404136,0.6415639277934763,0.48274882058581703,0.5694954987177708,0.6083497400674479,0.6438665054491628,0.4465021285593222,0.5161382912628393,0.5493975616337582,0.5534057503376336,0.5556872263273651,0.45919748357920187,0.4842740973775773,0.5238790098040187,0.5970807943163202,0.5360815171825524,0.5909653897840313,0.42744460228281145,0.630123048118342,0.5939384717973086,0.5889338349478496,0.6930651892878911,0.5349637371896488,0.5730395308994894,0.5913032962253782,0.690660903696462,0.5545737965424885,0.5793041736168957,0.5565717225430555,0.5630444416206412,0.5590977423483174,0.5418764217121848,0.4886613751976114,0.6533873223439798,0.5959267930669623,0.5811240603435539,0.6790407687255886,0.5851492771317478,0.5070586000614711,0.6583081546756513,0.5893573245575874,0.6079542007783385,0.5841332383359319,0.5775188809994867,0.5919325313123683,0.6074897872804145,0.6335842236457061,0.5549503961684797,0.6549606972106251,0.5951367240255018,0.6328158248660896,0.6380115191459008,0.5983166141454397,0.6405700173875057,0.6749660088914299,0.6298885106765716,0.6744596047815345,0.6116221449865633,0.6796472800923861,0.5129265726052352,0.5065152371238681,0.5830101777588084,0.5340429827410208,0.5362404004495149,0.6194871374538382,0.7157547280924644,0.657000345861236,0.6162424647178875,0.6385991967728537,0.6467884710952632,0.6168420244272187,0.6115475946123778,0.5610713642204813,0.6649657114495863,0.6760816710308194,0.6168795224000545,0.5580449476192775,0.5237936220732664,0.7272182711169796,0.5730982198607438,0.6095446735438962,0.5378566101235717,0.6061694699206216,0.5802297976741531,0.5788218489187895,0.5042901913536278,0.5657775570259382,0.49685233324226646,0.6923760592854707,0.5670437944171932,0.5740973091942061,0.5467348894841424,0.585601839885021,0.5367825415913785,0.5063379364907807,0.6516160078727159,0.6681707209691019,0.7354993205108064,0.5962572623951788,0.6229939951918594,0.5499332440119999,0.4522169650680415,0.531772255455225,0.6694772747517223,0.659998718973405,0.6256799858445626,0.5443178000533726,0.5693235953463547,0.6857728011155316,0.5101514532140409,0.6391080068745216,0.5513810592676506,0.5153923261279657,0.6532610958877196,0.7100621923628534,0.6801844362690037,0.5840205830133931,0.7493718334139803,0.5782501052414177,0.633436815097414,0.5160314748216857,0.6051168145886135,0.5292557072667519,0.5991183832365786,0.5896369206924352,0.6312681582610191,0.6626884626209,0.6851739528360844,0.6238008622841895,0.5447879349011566,0.6824019613364062,0.5966400798412023,0.5330463958144267,0.492456352054371,0.5753683337072197,0.6037279075342766,0.5772955785259177,0.568656928719845,0.5689749195592017,0.6352984349268268,0.4612344501095721,0.5995137027408755,0.5727371740793503,0.49614476457065754,0.5888165426258353,0.6396748267290782,0.6297449962229043,0.6592201132627181
0.5564811232594598,0.7147376526166521,0.6104179465259214,0.5700795885144493,0.573422742311202,0.6326119872116962,0.5530542679026599,0.5574289411976838,0.525539843140266,0.0,0.6143113766618981,0.6467119599115679,0.5979216978359272,0.5450983898787713,0.6065005615866063,0.6072236921621466,0.590316182705534,0.565654585154987,0.5718701477084991,0.5612373531550522,0.6222483650122703,0.6413729791762877,0.4973383843002235,0.5856639310206135,0.6846800941865394,0.492812957945186,0.5459062476053095,0.4909579253076473,0.7141636027901903,0.5254457884194621,0.6071598352797402,0.6169420153391869,0.570513689464643,0.4729039807113161,0.5803930004441002,0.5868754323122474,0.589422012169251,0.5547075222541706,0.5989485103111691,0.5846180080350589,0.5697012628210022,0.5864713615460625,0.5634231714604956,0.608827398605807,0.570684340190224,0.5435129189859751,0.5317595530494716,0.6336558747185145,0.5564637806544834,0.5686571055513125,0.578856780246353,0.5131899241276655,0.5668164562273565,0.671041822315899,0.6365159964676969,0.5432133133082806,0.553333781383177,0.6025390262787497,0.6321628114642255,0.5543104748370019,0.583559906329996,0.4834603894554135,0.5331554818576255,0.5275857194899376,0.543155961738815,0.5330501396326037,0.5516750872051686,0.5428960965990258,0.5487793208640149,0.5613318094440523,0.5201359722589025,0.557481236055763,0.523923398622714,0.6074270839504705,0.5972124470210002,0.5272549752074885,0.5285023604270755,0.6292548866684579,0.48683890919818806,0.5122442429112711,0.5601572054317615,0.5259430747371944,0.6201062294266723,0.532949561923107,0.5403272869234945,0.5403352018620736,0.5339230347182251,0.5583628691673047,0.561772267970521,0.5243956847559121,0.5471443358620555,0.5651143694219057,0.640160033696569,0.5164828655350795,0.5397129153016533,0.6387835747877298,0.5102311820990634,0.5379947452431987,0.48266612731056396,0.5518948295737565,0.5701898976231004,0.5220436338006701,0.524678715078265,0.5965304989445108,0.5391041288012841,0.5220436625378331,0.5885065422940783,0.5828795573084782,0.5946149816290563,0.6561598891119615,0.5922977614811926,0.5263847246257108,0.5527172217921773,0.577226863593543,0.5200339888743719,0.5351594415821009,0.5780924932903146,0.5807861706629973,0.6049045924975153,0.4926895812639378,0.5366485664878861,0.487544207179011,0.5078713954297005,0.5788608457609146,0.5219847744406074,0.671278162226317,0.49969252072599757,0.5518505755524815,0.6154141944413896,0.5602793238532421,0.5686656998378579,0.5524357459871528,0.4994742158189344,0.5124039415599623,0.6229183645473424,0.5493718016242688,0.564050789814552,0.5698962634554295,0.5886334473611318,0.5938927222958247,0.5893636186692748,0.6068916833195033,0.577310911741517,0.561257512104012,0.6247039030190226,0.5185770951283888,0.5403275189712824,0.6301031313849401,0.6687109970575469,0.47178770681511123,0.5330396060104281,0.6476995550921748,0.5847367928652754,0.6214920952739935,0.6243296927746325,0.5644818641442944,0.49006607461152163,0.6128332099095464,0.5545015012637732,0.4943284392600103,0.5769903291127217,0.5608663386377732,0.5188774104745292,0.5438641837420969
0.6607536354389902,0.6085447658114476,0.5409689343320446,0.6095754075196825,0.5994975572952613,0.6194677242121426,0.5755538197499975,0.5898265592878201,0.5480539148186101,0.6143113766618981,0.0,0.670409013205282,0.7089457935072946,0.5385669170005999,0.6124374244855926,0.7280826726253261,0.6722247475813669,0.6395508536011524,0.663470166379152,0.613108838255903,0.6117855237012982,0.6115703447247745,0.5615689483844079,0.6183482165461033,0.6952673608843896,0.5108312593329386,0.6671707671150948,0.6072705517971713,0.5795033461139757,0.6678541448790708,0.6161028869467616,0.700346451905293,0.5546841827532776,0.5199965937051075,0.6022977015178586,0.5408216727233827,0.6793804202928867,0.5670363879823106,0.6181006285173146,0.6229713975899814,0.524725360502591,0.5801959134042758,0.6097212041018972,0.5929051360086874,0.5923862627129356,0.5806914065138862,0.49168747987481193,0.6484896775288688,0.6346336155605882,0.5837795987187413,0.640812645276272,0.5184125744821977,0.558592070508257,0.6344569323702032,0.6734171274802065,0.5022422642614996,0.6436453447810134,0.6898878172849786,0.5946428966279272,0.6047255898132057,0.637285566693541,0.4753256588699514,0.5699343663143172,0.48478373384529583,0.5374818035935391,0.5583616650494827,0.5605757326640759,0.5335601947107597,0.5647996822573736,0.6480742470302648,0.5222449441573203,0.5572761028707279,0.5428597198358011,0.6812291094682524,0.6512726962504277,0.569670012593781,0.6261850727244566,0.6245618455948893,0.5066535382375087,0.5424482147644915,0.509722333901804,0.526687985802517,0.6172976756950286,0.5403621816628216,0.558333104043898,0.5354785250505056,0.5952032275486943,0.6018647666743444,0.6272168844264537,0.5107699379692477,0.6047702802556952,0.5239344995146893,0.7064962994466522,0.5885198001034662,0.5299533902497671,0.5535376857177808,0.4855906292296084,0.4901605803862076,0.46218158635636797,0.5756582757826699,0.57576113710565,0.5764031928685919,0.5151031034012309,0.5053395730993552,0.5598748936846298,0.5393320612735938,0.5939966350246865,0.5835600707584414,0.5747033277045128,0.6117558581961803,0.6457110248480565,0.5319966101702022,0.5631977961057002,0.6156799667650035,0.5615705728262227,0.6058525751820576,0.5974603165727764,0.6356050517732137,0.5493761609499836,0.48815121262067784,0.5612564097476037,0.49882366182459675,0.5124126037642308,0.6246642922822058,0.5082037293239524,0.6340386714963403,0.4888952195860399,0.5792234264205443,0.5471000338715403,0.5327821861738016,0.5534408754826391,0.5498587788748203,0.5945189007436001,0.520585997533679,0.5916527788473581,0.5118838896345609,0.5969893536900209,0.5742987733332726,0.5911463053942814,0.6313173397469907,0.5574737889658636,0.58103181009558,0.5775811847912401,0.5133678246820882,0.5894969241429548,0.523380211895841,0.5191374591430085,0.5842651447552611,0.5740523362051778,0.4493775527558064,0.6194853106058062,0.6061301995548561,0.7130452385466458,0.5276970662720254,0.5851794832810976,0.5841354966957403,0.6052328206521422,0.6245020770453651,0.5846534580921415,0.5864586483486057,0.498976814725988,0.5745478675565306,0.47426866048862215,0.6364736653724229
0.5872996729179268,0.6267691036912395,0.5236141550427365,0.6096423994802364,0.556832439712823,0.6153686529797651,0.5923778334042319,0.578235445254077,0.500324210760236,0.6467119599115679,0.670409013205282,0.0,0.620872961259457,0.5015873623692962,0.6279318543608867,0.6531594572304971,0.6122778080920136,0.5639837311574531,0.7269802629136725,0.583077451345505,0.6142533269388444,0.5525427046571944,0.5682869811680151,0.6526560162086049,0.7313669870169643,0.5116463413200699,0.5784777408353599,0.5597375265659139,0.6147109813963221,0.586791528830142,0.6657961935540139,0.6753884781866025,0.5830948112499853,0.5686322373693403,0.5843367017194785,0.5616208279507449,0.640775627859936,0.5367930164192193,0.6722536662013611,0.6064765400966602,0.5561110299793991,0.5292329099135614,0.6107580228040628,0.6311612716704783,0.6158179514514435,0.5939984994999505,0.5043179535640032,0.6568466654362124,0.6270893109417381,0.5600766078662085,0.6273274026946416,0.5223763791609933,0.5362941399542608,0.6700400934025004,0.7360984749786266,0.49965513080064117,0.6079848931751027,0.6500021573188912,0.571453566750494,0.598955189949896,0.6010876170447328,0.46959766978061457,0.542679800361221,0.4794069491835821,0.5210157425876419,0.5486130631454953,0.5400256374032395,0.508202937046748,0.5041650975996828,0.5757445300601041,0.5030272474311666,0.5477913002400817,0.4979469253144932,0.6286644216220246,0.5790032606250152,0.582356379300099,0.5848692824750091,0.6385604818437509,0.5253057896654469,0.5408687594769239,0.5107848084877981,0.5093756730438362,0.5997863051135089,0.5252543913044766,0.5472579522177377,0.5288012682933902,0.5565932700157856,0.5690219459076251,0.6366009099502778,0.5108162695961341,0.5520636973065564,0.5504086168729388,0.6938203177419455,0.5798015098406827,0.5006516304257405,0.5885290570915815,0.48507489191911435,0.522863660635576,0.4554216010972391,0.5852270176916319,0.5845363145828614,0.5683790128260704,0.5355718917845695,0.5630876292459219,0.5384518248112498,0.542225829984822,0.6122986409491039,0.5775812423082499,0.5991798187139119,0.643686413330842,0.7070973883217707,0.5207927065687117,0.5322872823700021,0.5558783075807097,0.5610255163534685,0.5628418699057675,0.6220962331553594,0.6278159212086968,0.5619382140430553,0.4683331061946676,0.5311639499598525,0.4925324996122909,0.5094856366712903,0.6401218091152411,0.4860372372600392,0.7691256581961597,0.47427743147643325,0.6012705149730759,0.5986870414450685,0.5232940647315681,0.5184579740721614,0.514418062660651,0.5380925893926586,0.4988156092541089,0.5966054781823458,0.5025765561299922,0.6361548161338798,0.5857993805404921,0.5911974244861842,0.6484015479514983,0.5706660904431247,0.5568430363442484,0.562496012266227,0.49746462208648407,0.6013842002555794,0.5295576980831754,0.5115781148694061,0.6049720995037086,0.6045082151980998,0.4468706092977669,0.6123043548280658,0.6201667010348132,0.6073182359588765,0.5373171649829241,0.6422213428792997,0.5650339924347294,0.547894650470703,0.6482688718524527,0.5739282199095895,0.552587618615413,0.5075207187947841,0.5634088076272823,0.47645527911546115,0.5645986709077001
