0,1,2,3,4,5,6,7,8,9,10,11,12,13,14,15,16,17,18,19,20,21,22,23,24,25,26,27,28,29,30,31,32,33,34,35,36,37,38,39,40,41,42,43,44,45,46,47,48,49,50,51,52,53,54,55,56,57,58,59,60,61,62,63,64,65,66,67,68,69,70,71,72,73,74,75,76,77,78,79,80,81,82,83,84,85,86,87,88,89,90,91,92,93,94,95,96,97,98,99,100,101,102,103,104,105,106,107,108,109,110,111,112,113,114,115,116,117,118,119,120,121,122,123,124,125,126,127,128,129,130,131,132,133,134,135,136,137,138,139,140,141,142,143,144,145,146,147,148,149,150,151,152,153,154,155,156,157,158,159,160,161,162,163
0.0,0.6278250581527158,0.48407382176318814,0.4710856490224079,0.4393026427574996,0.48747239395929937,0.510458384980672,0.5303774779083142,0.6104986736348272,0.4966888853822504,0.5059436217178672,0.4991887184091525,0.5275319832269244,0.5735538036182632,0.5440140192110231,0.50924387374353,0.520158744905952,0.7065915884683841,0.624778829973852,0.7807090201834338,0.5648072915455387,0.5847497351163023,0.4791313070179632,0.5079804805521921,0.5813184158435232,0.4405799325092225,0.4170520977841866,0.4721965357433714,0.5468295657009484,0.5425949097018274,0.6178457335309653,0.5641927945929416,0.5418728773751966,0.4588579995737278,0.6010708863162798,0.5800998276823986,0.583033787482079,0.6271421025418827,0.4956196088937838,0.48740328246671166,0.584591057261055,0.4688222357822787,0.7246651546804225,0.5699095943597541,0.5729584101780761,0.5685391358823212,0.5517908811268007,0.5406327719776971,0.5823834258974273,0.7695672540159748,0.673758309228522,0.5662185845715225,0.5216646151561758,0.5939739401559779,0.5834554083971515,0.4960716496889672,0.7631293205829021,0.49691557615331283,0.6405054742763092,0.6620422102233968,0.5125641317400939,0.5529953702163318,0.580838171492177,0.5209801065532127,0.6266181102962641,0.5533628874461194,0.4690508572094089,0.6019273246699007,0.5962810062679222,0.5845205421181289,0.6760856231945425,0.6823846277050893,0.4898258729667281,0.5402488578874465,0.5248584612321908,0.5473067542014632,0.4516751899689472,0.4512684471087396,0.5937604568677186,0.45453668587100343,0.4731131749370246,0.6321772132773795,0.5967038262908636,0.5093496612096953,0.5320990751590847,0.5962690241246728,0.5021748758237428,0.6989175261251104,0.5057630293493013,0.4780469509054669,0.5752505019070969,0.5743795694719733,0.7314841853960116,0.6200475944713942,0.5848467878456178,0.5725426519934014,0.5761126999998134,0.4857561549329673,0.5114351204077867,0.4981087911153497,0.5745880835010662,0.5231555539312317,0.5001220856018909,0.5905395180630069,0.70302199573127,0.5227951805999455,0.5010282313608906,0.46704992696878295,0.5582526423646994,0.5345187129651477,0.49615596319713656,0.5233154383676769,0.508222683645414,0.4346890787061854,0.6020803679464297,0.49795011018115165,0.5392795400048553,0.6000393499782016,0.46535981670620197,0.45724299739343754,0.5419224605294347,0.4969936450903766,0.5535506929681797,0.6018858969505623,0.5635332603899533,0.5815307878647035,0.474992697443921,0.5093083423583824,0.5247744020778351,0.5942087963103408,0.49546632449062217,0.48223038196299906,0.5115362353696854,0.5102043078249288,0.5528936978025346,0.5150956826609784,0.6520076705513574,0.5259436682486566,0.4969245373571023,0.6531647474880055,0.5567978052634017,0.5571374188684974,0.6218002088043111,0.5155422347417838,0.5193527676984527,0.513826710634343,0.5497062140401489,0.46233490701506064,0.6262729957588602,0.411839971680792,0.6001284549418642,0.6132937437893009,0.5826368276516839,0.48544052030988905,0.5151503943598985,0.611864206011036,0.5108362576135239,0.4583495464540243,0.5224214037737297,0.5019957949586005,0.4400031181748763,0.6743467914381029,0.4564607662663524,0.5456732077582703
0.6278250581527158,0.0,0.5741190596412278,0.5937934558130441,0.42174299886258865,0.5273462395351542,0.5434468743786253,0.6575801620751984,0.5447195603869656,0.6071337732082063,0.5487058034813885,0.5273061548437651,0.6321471133951366,0.6733771175234549,0.51850715343948,0.5685168902933473,0.5916203389441778,0.65940421924196,0.5673163996373917,0.6174873913126012,0.6143772318200391,0.6286613470629034,0.5315453037493725,0.557925870352333,0.6275342288417782,0.5106476735619287,0.48955850916707644,0.5310142226620428,0.6994628470177727,0.5080147910135492,0.5437592580951055,0.5580064825668987,0.6922950175717333,0.49666802697604695,0.5281299879894787,0.6135090130428027,0.6401749667883644,0.6790694059963779,0.4913324524000916,0.6101096196640385,0.6989821360336609,0.49709768878448407,0.5757139544156349,0.5389903795741893,0.7122835281556882,0.6190388229853625,0.5222833070390118,0.5308325881149863,0.5884929538122778,0.6063953882344416,0.6650643682174001,0.6130785797584138,0.4885580815748577,0.7298675397974855,0.6196437191640791,0.5556789395440453,0.6663312450449234,0.5307429369365919,0.6551467466684023,0.7497786308048614,0.6411136107037201,0.5501159349830804,0.5567707587075283,0.5156319033159896,0.5019338104635884,0.542487874783972,0.5659140387891961,0.6152406619555724,0.6154608887175602,0.6760674118595957,0.6285610597438065,0.6194985527367954,0.5150706935612628,0.6531529321162394,0.5800751020739185,0.5010760205145587,0.5103894248919219,0.5083467092774698,0.6557252662285248,0.48423247093789495,0.5011203624106231,0.5897723318490633,0.6638341970681704,0.6072332312407605,0.5627828467260061,0.7504720252401811,0.5309225769475157,0.5875842057722023,0.54547764018139,0.5667317341811178,0.5832600704811958,0.5596091575095087,0.6313969574190673,0.5587022635012442,0.6573512912243081,0.6369257590120385,0.553534461664377,0.5358266075643012,0.48350891936106233,0.5945097912494158,0.5909229757841457,0.567493200279666,0.5162367896309175,0.6483100332486852,0.6265395764269427,0.6007372751247584,0.5595356227848114,0.5482022453563424,0.649684812461172,0.614236620041457,0.5167130410852767,0.5236924599275603,0.5695212957962723,0.4860104272580763,0.633990608996267,0.6150033276370857,0.531314061020077,0.5158756337006543,0.5371105277001792,0.5190959105648689,0.5135303340237328,0.5825072233547269,0.5748482896256486,0.660233329260143,0.49555187951979884,0.7161448210814382,0.5200173661637589,0.588594897950575,0.6533324941468671,0.627687923348682,0.5363629103153515,0.521285023936866,0.6001128696885163,0.5197017918219595,0.5447620846868448,0.44026548324710607,0.5802136583858767,0.5387003012653226,0.591808408518558,0.6262668294760748,0.5992231023102453,0.5715992537537199,0.6912443683887151,0.5294966022765569,0.5621711298074817,0.5019931185412982,0.5312824366783621,0.5277764166961149,0.6676400121121315,0.4494721880438754,0.5525231029147358,0.5795487982115064,0.5805465558188817,0.5958326319189043,0.6008652168699016,0.6905816463889229,0.5912655927751779,0.5437561594245969,0.5779689954650647,0.5287855655015669,0.49193519194388,0.6049330868590417,0.507831371204338,0.543773145723468
0.48407382176318814,0.5741190596412278,0.0,0.5398017346581907,0.42027349922419865,0.5848343150192331,0.4720059760140209,0.5795239769945646,0.4445775827352607,0.5909700014850733,0.5174749846629995,0.4873859239139619,0.6284877658478999,0.5301738511770622,0.40693603446398857,0.6665213754787581,0.6667369689852135,0.4987231483680216,0.4596315290282752,0.46279696951606497,0.6238345651930213,0.5414998416523168,0.4699586530479916,0.47932373875761153,0.5360410680385977,0.5654738991427566,0.45247948574959257,0.4897550652337115,0.5740535665116051,0.49438409384614024,0.4173813595022521,0.5324679591910166,0.518677017416419,0.45915058165223155,0.4122194326569709,0.505305777062772,0.558249359341098,0.5470377721864674,0.4131434251458546,0.5504897213321348,0.5305882365630361,0.5419534055303827,0.4827641746764457,0.4666193504456216,0.5441082968862507,0.5201351889337034,0.5342171707149781,0.4883475722515633,0.47838258114545856,0.4856006694408857,0.5605025979818958,0.6435471697455764,0.41291447370697726,0.5711017979806587,0.49945577095941956,0.5773891841241419,0.5164467917844262,0.5752016572561481,0.49585065655770616,0.5360505238825473,0.5673815242179423,0.5334130728695358,0.5386606141688746,0.44722954598701914,0.40666442965352034,0.47364177892357107,0.5142224866500726,0.5950241699695855,0.5562534087305592,0.5722401509663878,0.5296594344984759,0.4512168655875842,0.5031065435263103,0.6517593177962828,0.5620636999996715,0.4125693249869673,0.5351325224773883,0.5568434858133086,0.5185681873991794,0.5259443493510081,0.5228408759480326,0.47687909821995894,0.6097500438148361,0.5680900756684931,0.535570963759215,0.5872381386841453,0.49732218513625226,0.46245357001233023,0.48039286767885725,0.5110280854561751,0.5697418362837093,0.4596784216293089,0.4953406092155301,0.4449693167504492,0.5566615492985816,0.5320026813657242,0.4544201830367355,0.518232077448411,0.42761879722591656,0.5367536131293442,0.44149776120617606,0.5342377521622415,0.4684253709212239,0.5107189546326419,0.4954697866152026,0.6637431069284515,0.5672144712726385,0.5754363157876994,0.544510812721818,0.5902845562468948,0.4835047281591376,0.47040619988895266,0.5741496516387281,0.48108547512669186,0.5058550816511619,0.6762340027885696,0.46543448033084867,0.42847000387558903,0.6632710946981862,0.5169919624509778,0.45355159636418907,0.5556807238831362,0.5395831779832378,0.5660622376921574,0.40443419174367556,0.5569933696859268,0.5575130650247535,0.5557873281500265,0.6292463778156654,0.48075021689934233,0.538074836873902,0.629375034468652,0.506880307430147,0.4479618846477192,0.43923828847198776,0.3697845810701484,0.47198440126533214,0.4308107953055152,0.47919799892414616,0.48059917779652156,0.44843119678062315,0.5564925933720434,0.538793486949577,0.480507640847458,0.5089351540118945,0.4659489799929363,0.47536002064533933,0.5223614042400666,0.559641251391204,0.492098495490841,0.4307293860246394,0.45662293538202653,0.48010846894453674,0.6422087916120387,0.5746344537127029,0.5178966742967692,0.49394064573881524,0.644357334568427,0.4308246959864999,0.520361670082168,0.47473781632400114,0.4732761039227387,0.4903858374070707,0.4791180366151054
0.4710856490224079,0.5937934558130441,0.5398017346581907,0.0,0.399145202364676,0.47723269882987884,0.5690527110406088,0.6030417827689222,0.45965063058421546,0.5993565037231171,0.5762885843507171,0.5454268746920105,0.5653859282968252,0.587813332884786,0.4209599707284971,0.5527398358166447,0.5587339442186008,0.4801407440291484,0.4752719715983171,0.46698568371621385,0.555992187160219,0.5258082402364284,0.6322794613256978,0.5135230110290946,0.5958072543454392,0.5878546100976709,0.6073572703820646,0.5501356305842705,0.6095522378616249,0.4593784796181193,0.4500605075989372,0.4942070538071434,0.5562025323657506,0.5760984275902685,0.4484962343995979,0.5548083980742234,0.6039023330613982,0.5504167703312943,0.4553077874290524,0.6348783842332077,0.5186238920135777,0.5304419593114412,0.4444630990357403,0.47110678525885874,0.6502642371861767,0.4796618347231206,0.419810447870207,0.48007085285620466,0.5658073505003308,0.45745337470429503,0.5358240713538464,0.5015511085410495,0.377709548409384,0.619784123916129,0.5816763883734101,0.5471440730078933,0.49664487278215724,0.5388547136050383,0.5304424679535452,0.5492033512492923,0.5912232533621954,0.4522828327122977,0.4333530720547636,0.4863718457352669,0.3869141524018984,0.4290222713557994,0.7096848950665864,0.49191402955556257,0.5147106657849558,0.598978639131865,0.4776878809075519,0.4800059067542699,0.5452155856387745,0.6382175688407464,0.4932603131653316,0.40158860366071586,0.6007571042468605,0.5589396127532077,0.4901935187431647,0.4547976118216652,0.4226284207036909,0.49538860083603425,0.5222430714829925,0.507753394703249,0.5517108701217668,0.5760305830018757,0.5444518692850416,0.4807277249950851,0.4748489791001126,0.6191882107606164,0.5533129472230652,0.5123805865957608,0.485307972635004,0.43047920769152853,0.6064127502342235,0.5629752832958435,0.4275453697812791,0.549768236861846,0.4559204889267686,0.5763948802671387,0.5186990814819491,0.5681009263280657,0.5391490017550692,0.5399812431382569,0.48423843153182805,0.5194899416226845,0.5011735152544647,0.6162131406787597,0.5026594411911546,0.6035935279503039,0.5556606506565265,0.5146591726273719,0.5707394872522816,0.5523261800715715,0.4672965916409969,0.5955070710637946,0.4387909041317619,0.4526043349769601,0.5848476364183393,0.5816759733978502,0.44905191665539446,0.5884856150685194,0.5476829577357342,0.5341976230379888,0.4246530298869491,0.5617633508629756,0.5292297389106196,0.5940102279391288,0.6491631499930975,0.4732270411771047,0.500524096635713,0.4819693742814967,0.6291849195188771,0.5000404650835159,0.47914674475065155,0.3464951527492189,0.43394216435870675,0.46725211132160194,0.5906293829682291,0.509380962202197,0.45573141396655376,0.5396842350892879,0.6046518043740231,0.5147843974416607,0.5599610280185606,0.5090829785683547,0.4552225887101932,0.4512082215508243,0.5465229293879009,0.4780898472436871,0.4890321945908979,0.43641289967017793,0.5299752235468064,0.5928415419772867,0.6111121890921641,0.5788536879910948,0.5690015267779428,0.5732970239662506,0.5308651910962094,0.5395609721170427,0.42037732950036344,0.48979441076230174,0.5216186959903936,0.5128582524993671
0.4393026427574996,0.42174299886258865,0.42027349922419865,0.399145202364676,0.0,0.36729080225229593,0.4906458921989292,0.3751585974583047,0.43868441303019684,0.36363938069193913,0.5221460664199821,0.4880382419961715,0.3799087436594323,0.40390872980105,0.45254219127218026,0.43091048107707824,0.39719645819693133,0.39865074663538835,0.40548890013881844,0.4255420536359052,0.4679989328931478,0.5333702560623014,0.41788219967119056,0.5163261247677796,0.4197524560186755,0.46065001225563207,0.36859764690036717,0.3460400366437082,0.4481397189969719,0.45581090622558024,0.44885045813196767,0.3838153299018428,0.41186500258747616,0.386004831651495,0.4597185661918602,0.47708035555370526,0.4828313043242397,0.4505118870068101,0.5339532818519366,0.41431712964648354,0.444306976024669,0.4238021735723105,0.4615452425049849,0.5713754204087301,0.4173910301332942,0.36630247301638463,0.4113720973917048,0.6164211172855929,0.4665055663364151,0.4586895432515669,0.45387956149448433,0.41508700365900997,0.3283793206362541,0.46793504358126126,0.48803183221026986,0.38910626103738094,0.42970595304258963,0.4569413761681352,0.3960330320972537,0.40490025204071955,0.3600077952466755,0.3700625340896343,0.3839376873823867,0.4512245592376665,0.38676675710899816,0.3445155703747432,0.397652545367358,0.4550063737320938,0.4016378036411869,0.4061821898055505,0.4676047574873245,0.4257710787066668,0.39085356325724147,0.41167450486736995,0.3558837901429832,0.3336580382951724,0.4149994455351423,0.4986870396479529,0.37968622451795364,0.37605062946031026,0.3416759399285864,0.4598561257090822,0.4613450512296469,0.35264913467068737,0.40532243757657443,0.4228394409976918,0.40253912601303055,0.4058906186591371,0.3307567776866509,0.4293476870288811,0.5296100956242826,0.4303597063582539,0.48621119432050064,0.3639484230507715,0.4332898524133345,0.4857199794838643,0.3634486289628792,0.3827023972506318,0.45214124506517267,0.35014533898977357,0.4506464035024918,0.40403570392321314,0.41164701224706773,0.4139507386056213,0.40073911896969,0.3903486704274148,0.35571633113003975,0.37755273410792056,0.38834075945973506,0.47405518043869505,0.47455069087341667,0.47985068086342075,0.37638556640971066,0.36700439759680686,0.37112715238531707,0.39443027623645005,0.33702719684772736,0.49506870356876803,0.39621578797630425,0.3791972366223285,0.6315328059167319,0.3840678396026179,0.43100948373739506,0.4407871022057426,0.4449684593707895,0.43011196534861695,0.36732962483122433,0.5037229627715166,0.4009789407756959,0.4198368088461153,0.3626923457479647,0.39211462475723746,0.38992191464813825,0.46965857904436437,0.49040953893180966,0.38935109955535413,0.4326927389050218,0.478153700397265,0.4237645222380142,0.4573855765820399,0.35728518218175676,0.45032603355610623,0.42072034679154535,0.4357275589220365,0.5001757251526954,0.45648444658557197,0.5655836276803837,0.3373646962990329,0.4192537332702724,0.3680055596998343,0.4513579644150716,0.35950265217287697,0.4933165460498908,0.43152791207868263,0.4213331801520284,0.4462580241088201,0.4093561583897783,0.39821592607011486,0.41821120555840074,0.3866913411799767,0.3118210160392005,0.41319827254534136,0.3727271204511239,0.5742133423268017
0.48747239395929937,0.5273462395351542,0.5848343150192331,0.47723269882987884,0.36729080225229593,0.0,0.42137219492293443,0.6045946944386572,0.4460737486694315,0.5968612791471313,0.44715677922573843,0.4718815218605714,0.5873661841817063,0.4682694482398162,0.3734111262516867,0.6119546253014864,0.6482171404478162,0.4819419679260653,0.5221720054309825,0.46508352336340403,0.5912402591542545,0.4477531877471582,0.4333925943409182,0.4108313931432122,0.5575895599348749,0.45307740597928975,0.3965602599233508,0.5114145358314894,0.48293436495338377,0.5223983019187981,0.4173358329927063,0.6393204678761837,0.4550839288945915,0.47036189474490986,0.3905031745311121,0.4559840166721751,0.5079211507515771,0.5082195708923738,0.3866896024284412,0.44890838338270256,0.46813733925427375,0.5315283019553383,0.4826850470799458,0.4332485412896903,0.49287939182802465,0.5424447343617029,0.5311934498645582,0.43573751824087714,0.4473880438573601,0.46559028167281136,0.5544078932147085,0.6477947375826015,0.44629604892744745,0.5053580302321942,0.4595708679460032,0.6284043129080692,0.5406140878560589,0.5647859598796195,0.4736195688814212,0.5220954337941967,0.6011457047623442,0.6261922426591817,0.6009254238103645,0.40713609901092956,0.4214492247580633,0.549246469172788,0.4587887092579373,0.5375106434737197,0.49959698337652275,0.5785781135185106,0.5022079853867235,0.43139453553693,0.5000716398255756,0.5820791674092696,0.6555107840347245,0.47415033200399903,0.49188335383105164,0.46417759115350454,0.5437865101575525,0.649703725062868,0.6668893062406385,0.46790383351007653,0.5708542384557928,0.5956342981089727,0.5765916625899605,0.538050963423216,0.528993667384636,0.4728767832213503,0.569999757620676,0.4681589868917382,0.49853544350095325,0.46655346127736697,0.47032290826577583,0.4991976288290866,0.5199133288702688,0.48734457409151705,0.5026061363574944,0.5467716499919831,0.4138262479865467,0.549071330557629,0.41640188285302265,0.5697618187718816,0.4679887559428467,0.511562462628335,0.5231924461017248,0.6471310921952517,0.6927121450451051,0.564117458812565,0.5007263206418305,0.5293297280145561,0.46734322308197834,0.4420922035517763,0.622582860954955,0.48769021824080616,0.514993891157652,0.5793809056360409,0.5881916285384738,0.41520214359287105,0.6046556996651495,0.49843954795010054,0.40040799136096905,0.5748959583775717,0.5478812072755156,0.5657513915843665,0.4008059284339697,0.525318177770418,0.5906066025141766,0.4700030583454725,0.5889846707610631,0.4289148158237133,0.6164972328060875,0.7217795562977778,0.5064813058348653,0.4269526316859087,0.4090608644143641,0.365059307679745,0.4761404603502647,0.3765274639263038,0.4043739824598922,0.48642728980564226,0.44548647374647427,0.5495123197979878,0.5353830168835624,0.46200547889119026,0.46185750956236393,0.439395047492594,0.43434663471343443,0.5768529956631627,0.5696223578062515,0.49874438985370967,0.4319768709120689,0.5187857408372369,0.43794181091088885,0.4806787593219836,0.5777277707024349,0.49191266748361334,0.45466501013254895,0.6134709999068806,0.3886307145317938,0.5736930127219645,0.501747379928819,0.5144685182198275,0.5203505352790364,0.43243445112909074
0.510458384980672,0.5434468743786253,0.4720059760140209,0.5690527110406088,0.4906458921989292,0.42137219492293443,0.0,0.47569701865585123,0.47101459732092227,0.4776718930959399,0.6380059879242356,0.5897582476658008,0.48978429338344226,0.5296510278288905,0.49992093517504804,0.5099765007836613,0.48357280043432493,0.48161177358672114,0.488792528074261,0.4940723209615311,0.5406314216405685,0.5749702468312249,0.6372947168236335,0.6379811009451911,0.5538749939936176,0.5581693640252394,0.49929072127816077,0.45610888966032637,0.5912809096750302,0.4855136809500454,0.5150980115198006,0.47849912548130963,0.5295552422917057,0.5411792877397964,0.513834396482974,0.5794692561064685,0.6670809077443708,0.5211578611178799,0.5650272587954647,0.5841607679544353,0.5147093950709827,0.4755222364759844,0.5040420247154365,0.5789037583365644,0.5918769518930976,0.4568722922115469,0.4337599223743646,0.6049514531240283,0.7283276316487909,0.5040200119869567,0.5797162745285089,0.4681046772238313,0.3707467894858901,0.6302537025164512,0.7424496926274351,0.46324076413177906,0.5168173547394334,0.5035147193527872,0.5326863065513671,0.5370538434597216,0.47154987480064514,0.42594139203350656,0.418767547967671,0.5066789767847915,0.41786272663812335,0.4094311632796161,0.5685903706776299,0.5165262411733316,0.47816664134410547,0.5087794570539006,0.5117949530101107,0.5201199122146232,0.4761500276025085,0.5539623451058019,0.4194057481025679,0.403958148896437,0.5742374234902546,0.5916390015497304,0.4556871073486283,0.42956982482642836,0.381698727508669,0.5223658877425567,0.52816930586469,0.4214777541870349,0.4930965194480155,0.5046622293430539,0.4902177755566679,0.5168942418215436,0.4202984235518842,0.5395096662367975,0.5918191555760678,0.5307470515375499,0.574120159539847,0.43959106597396647,0.5474078118239991,0.5849301316456249,0.4107428928799554,0.46457316168927887,0.4823178731591009,0.473752315771001,0.5956097977329962,0.5329156743410027,0.5202101466981606,0.5030326993262122,0.47171424734331496,0.4669131592020284,0.4385549057273333,0.4697420587263768,0.4891901342363768,0.6145568677730847,0.6334505076189307,0.5401534940160241,0.47594708594667484,0.4469743650155606,0.4460891743554408,0.4864352159614212,0.40520910433553287,0.5850220672350929,0.4791593442780705,0.4586584993413481,0.5512480314022405,0.4722333618738241,0.510860339441697,0.5564679074658918,0.4628011515820927,0.5640046913772924,0.4472217592538148,0.664653563224105,0.5154828069887109,0.49550225070204645,0.41963308466466087,0.42745960135196415,0.524927459289345,0.5054770447612068,0.545607829266757,0.3844357528914865,0.47311030178850005,0.5584427730448971,0.5698923804449031,0.5529160120020621,0.4360318265629181,0.5256466749149928,0.5641132466945029,0.4931873057036385,0.5962616185184841,0.5550846405386681,0.5075965922701394,0.40440632915243424,0.5080342492053601,0.4028621838623571,0.5501483681839845,0.4229149736940163,0.5858006350365724,0.5505356867745632,0.5232994195554962,0.5834138009994733,0.5776304013935778,0.48737622690690896,0.5729648337966966,0.5141913983489779,0.3705077353979478,0.4886822540681239,0.44218584718260784,0.5971518347627853
0.5303774779083142,0.6575801620751984,0.5795239769945646,0.6030417827689222,0.3751585974583047,0.6045946944386572,0.47569701865585123,0.0,0.5107130741488405,0.7328501897848688,0.5012322047127848,0.5127036833645706,0.6457996879397224,0.6033320369319382,0.41416007856027093,0.5970447382618479,0.6472322805618412,0.5478428406312428,0.5453396778590943,0.5323754432455927,0.6077910740756886,0.5058593538560144,0.519103679299189,0.4573184604269209,0.6723019931328829,0.5018482454804625,0.4914620230318762,0.5919345034537135,0.5698513342949744,0.49985771039446036,0.47270072564268323,0.5995931581082452,0.5371755605460833,0.5385384980887699,0.4510135535183963,0.5472631185975536,0.5823807501352167,0.6266891840462285,0.4295501682719136,0.5333604302143471,0.5398744619328681,0.5556092233922995,0.4957712978859955,0.46272265205808233,0.6443287339352022,0.5748471168109954,0.4832879552142729,0.4605854831121801,0.5198369330456521,0.5056612283175896,0.5817443506271311,0.5967588788465098,0.4492874587672251,0.5898163416109387,0.5323351210245026,0.6831460172245623,0.581554613141073,0.5649152705941566,0.5737043038644835,0.6218681728712165,0.7689557832577982,0.584270316224723,0.534761364629486,0.48502119761024054,0.4397202547084043,0.5418988998280063,0.5855628534061229,0.5423015839458138,0.5876635948177147,0.7652773303667493,0.5328981487313694,0.5145814247609954,0.5846337051488352,0.6630622439355004,0.6747035771770132,0.4807472709149774,0.5290539724383219,0.4883340190433472,0.6188806437294536,0.5256639479863627,0.5452366782432689,0.5333215813242518,0.5798439686340208,0.6938926687596525,0.6574427268657473,0.6909375635053692,0.6106313155576766,0.537433332201689,0.6097832044697836,0.5808174010429528,0.5413551682319284,0.5421816159984321,0.5064391330646402,0.5100446356522362,0.6572082473282406,0.5636620493452941,0.5362092822532435,0.6412666537860198,0.4697072981058401,0.6638932228973606,0.5039929555105811,0.6348494948802473,0.54558287222853,0.6221704138531615,0.5980741953801333,0.6304089199673242,0.6529949147318658,0.6900819978941419,0.5500685640205251,0.5813967182089385,0.5045005710519127,0.5107259519605082,0.7009045516284065,0.5854792619489486,0.5588630499404978,0.6355118150093401,0.5732336910631783,0.45172995234599117,0.6129601968591416,0.6181043324716946,0.4354073971308067,0.7329630667424352,0.6221690640870208,0.5805465361741459,0.45179102641275015,0.588737432929234,0.6297058365706449,0.529302489915531,0.7601313681068221,0.49844231544336054,0.6764377615026922,0.596633930466663,0.6671310803211162,0.49680426374302844,0.47340605712982664,0.37750620506383614,0.4894575493685747,0.43465635973712974,0.5105979992133208,0.5581951293653775,0.5115971459027954,0.600926359427978,0.6714893820472352,0.5413220934619026,0.5337526751486259,0.4944240006209522,0.4648837471802901,0.5456637837292778,0.68961945378414,0.5328795046670459,0.5007470473853197,0.5434145398069612,0.5084062879736977,0.5477430090561246,0.6736077515578499,0.6114667250877908,0.5216038771189274,0.5974474329946367,0.47293325067230835,0.5754635463527332,0.5106208240476067,0.58719046701696,0.6142014621679759,0.48218425096434786
0.6104986736348272,0.5447195603869656,0.4445775827352607,0.45965063058421546,0.43868441303019684,0.4460737486694315,0.47101459732092227,0.5107130741488405,0.0,0.4540059160338347,0.5027538449704982,0.5178430670324106,0.4465087780016647,0.5367083489103761,0.472613889032421,0.46498417184598323,0.46197295445936065,0.527346768721739,0.557059107607406,0.6539213272933636,0.5362585621570576,0.5530372130578123,0.4610874991015609,0.45628392889681596,0.5680616629811264,0.4314846825143135,0.4142516095649667,0.4298116979486381,0.48741665866026357,0.5086984375205369,0.6399421296453224,0.48312686526143767,0.46810070665556947,0.4532462680321562,0.6343503554333034,0.6247674813290818,0.5411221383803033,0.6659304652733554,0.5223434335138855,0.4307462705728797,0.5154677778997058,0.5072363768384827,0.5550724807986744,0.5552168539704168,0.5268867578099625,0.4489107874062537,0.44996261502212626,0.5191256287656059,0.5273118401501763,0.6053783864904648,0.5367328951259714,0.4835206924620129,0.4238995522370383,0.5354955015890358,0.5421729197384136,0.5077341742568905,0.5749940272581574,0.5100833848429824,0.5331531795102964,0.52144879631065,0.4644339054467866,0.4876194339842181,0.4732571836682723,0.6197665129001699,0.5195200997263267,0.45221411858288757,0.47105139118753403,0.500641419884353,0.534096118680065,0.574221789797765,0.5760253459179588,0.6109867379601872,0.5336253917089259,0.4748640287916036,0.4765558520290632,0.43769058140386713,0.42645503827881187,0.4351223707707412,0.5030563636443353,0.41415569036678845,0.4221732233260876,0.7082975338930493,0.5106883208456204,0.4628069051350815,0.5567407163544356,0.5760885763590133,0.5573414431006439,0.5832365814354058,0.4346034550825227,0.521440579926534,0.5702078882903262,0.6437783118639877,0.5551635758419748,0.4739223713133281,0.6114253867868494,0.5821161333285928,0.5390520397245882,0.5171177048494618,0.6557587352564844,0.438375840385015,0.5840700098377353,0.5050400379798236,0.545578179367812,0.5945934959114508,0.6396731633971644,0.4500289019873863,0.4423345649691042,0.4697698005972168,0.4443146986444797,0.5024693886844125,0.4952819963950382,0.622283375466126,0.49040305906176346,0.4784883756851543,0.4704424434640264,0.44431796245057303,0.45944255801224443,0.550410337548908,0.4470395996680481,0.5043375115539331,0.5407086178793366,0.5179316037527473,0.5842764839272158,0.4933833952472181,0.7311124478733396,0.4871668840852636,0.4705823658201342,0.4852687943669806,0.5010030092704615,0.5035041971149244,0.5098479252960721,0.4680076107038561,0.5158471704926537,0.6590375433976701,0.6110652459257828,0.45007764272159784,0.504403746718841,0.4839523284344998,0.4803676301621402,0.6409705685171161,0.466574233100886,0.5868718946442991,0.5928491386533835,0.6404071008939854,0.5611871484616788,0.544004555791868,0.5931192754833793,0.39503791469027716,0.606428393605041,0.45670511501115474,0.6569128586416957,0.5023043808483388,0.5958370764529495,0.4405952113912057,0.5212512876867569,0.6064403340565707,0.44215857192479524,0.4261483880734744,0.48817671463116374,0.4509687588008381,0.38189165176530027,0.6889730364116764,0.5078928585734475,0.5819106735442333
0.4966888853822504,0.6071337732082063,0.5909700014850733,0.5993565037231171,0.36363938069193913,0.5968612791471313,0.4776718930959399,0.7328501897848688,0.4540059160338347,0.0,0.48831278431578845,0.483796246329548,0.7209829924366183,0.5819778612718493,0.3973189040464956,0.6109955950996049,0.6723361732634014,0.5285136954457526,0.5037014235153133,0.483800416658372,0.5626524475831605,0.4791980332114222,0.5251894832948871,0.44512595925822807,0.6219487812112644,0.4998924117601362,0.5041881163988698,0.6266851989371527,0.5733911865341595,0.48469531310632397,0.43362083889777725,0.6149987922441033,0.5221748776352823,0.5322991453234249,0.4183399055549568,0.5001530476006772,0.5638969049902829,0.5486272889028744,0.40198485081007534,0.5535781245328584,0.5002040047640347,0.524718502584104,0.4704980961656425,0.43516028629566805,0.6092940796248583,0.5761278509006288,0.478135648505895,0.4411914988598053,0.5119909173832503,0.4710383890797492,0.5636088973951168,0.5669761602037688,0.43572561497448603,0.5564382947198552,0.5166170404120483,0.6185192880119398,0.5380120274346335,0.5342945336566145,0.5614827075860979,0.599644019165683,0.763306436211414,0.5600102425913297,0.5131667535054957,0.4471935232961242,0.4121752672952554,0.5247484352149512,0.5744776469469076,0.5336928674752496,0.5762839233419579,0.66479044473312,0.4941388564954183,0.47767085929818803,0.5444951684865704,0.6976946767809603,0.6382890092162293,0.47529934883866404,0.5574673502396007,0.49350008483333857,0.5614724017008025,0.5296932492195958,0.5308945382232237,0.47661423594282315,0.5570843898243362,0.6510557638754633,0.584174062149663,0.5903498416306127,0.5507879202898471,0.5152012075102519,0.6308012938004576,0.524179652629445,0.5150442510747297,0.4914536790702021,0.48828498433871903,0.4916429497075705,0.5844822013490136,0.5211219768286058,0.4788896015774026,0.571753611532683,0.4286693583976046,0.7237912893571634,0.46935144723360783,0.6152020672193536,0.5073396393340825,0.5521554853135123,0.5343370512319733,0.6374325579909211,0.6614000186221721,0.663435089626773,0.5597838321178608,0.5596777341609239,0.48842583459849404,0.4649065881319167,0.6788931991944023,0.548160257750546,0.5406074447136217,0.6538515064714981,0.5542780115783846,0.4373973339898119,0.6253110416973487,0.5689335821384787,0.4101708410422282,0.635186517407361,0.5524141592875124,0.5690693294793258,0.40884372865662877,0.5812205220471901,0.6122234832851859,0.5162766748042781,0.7056417650996963,0.47668481502146137,0.6086398650648682,0.5644760717344198,0.6184670467313522,0.442677735055769,0.4322109878398218,0.35834100529146884,0.4651179453145627,0.41758089430964074,0.4938153398850786,0.5044311120953072,0.4932465307479708,0.5580715783136658,0.6056807539330212,0.4851492512123652,0.49437611390908337,0.4718128450936,0.42561045096339334,0.5720248876265808,0.6086953560140719,0.49452678001696077,0.45511542870175226,0.5126619686117951,0.4735543533428904,0.567149202696953,0.6055665426870562,0.549177239902064,0.5333447309816397,0.6193931662599151,0.45692734812811203,0.6131553843236194,0.5275340506572617,0.5194651563706048,0.5425653056355464,0.4486003689307073
0.5059436217178672,0.5487058034813885,0.5174749846629995,0.5762885843507171,0.5221460664199821,0.44715677922573843,0.6380059879242356,0.5012322047127848,0.5027538449704982,0.48831278431578845,0.0,0.6591396415545474,0.4973438165856677,0.5262416286238131,0.4532687574280954,0.5786577130056351,0.5308926123981739,0.4753567709672624,0.5015916084180261,0.4963558993817738,0.5862315158587856,0.6208925734678106,0.6332960825119957,0.5871706115498871,0.5768832241776883,0.5703442749014216,0.529202682174935,0.4823783554779115,0.6130500247861509,0.5585961406339112,0.48946701277639504,0.4827628221947223,0.49704009430634566,0.533381660645925,0.4969920672979171,0.5785476214180295,0.6602738304743284,0.5721866085277069,0.555767845546115,0.5528029393651246,0.5074818072397512,0.5523873859753009,0.48496648196812947,0.557790647262817,0.5595764302500111,0.4382096560095704,0.4266753225278602,0.6048755010149609,0.6441173413759711,0.4936880720365682,0.5528682447656545,0.4817968111011859,0.3638980940703436,0.6094409949732159,0.6646895276678337,0.49191468723354,0.5200546310347416,0.6048523447150498,0.4914010106439387,0.5172451997354238,0.47949957969259954,0.4262355174202191,0.42763329395421124,0.5200991490605718,0.39928503488647843,0.3985347701038214,0.547994337277834,0.5007444524973382,0.4980305793831201,0.5553039634485076,0.5005943194386453,0.49061904178456556,0.5077718287344908,0.5603557859973382,0.451191925085252,0.38427065372317515,0.5836182759476073,0.6379115896689526,0.4509130054614642,0.44905484420639324,0.39196144139911226,0.5205759008099278,0.5527259470657818,0.440103672835396,0.5246386121128929,0.5370010444019836,0.5275460935050663,0.4801874324302713,0.4150841690003646,0.569186506059916,0.675021894499306,0.5105955049880606,0.55741454384883,0.4233968652075444,0.5693468858325451,0.5879624303570054,0.40839530470178753,0.48270149929588474,0.49595345261038054,0.45516760862633676,0.5486352880731575,0.5366448659511603,0.5064027462304066,0.5035070602907971,0.47426725816886534,0.475999120730777,0.44236203926718787,0.5259773477284463,0.4596931150293577,0.6343636197573872,0.6295637036522495,0.5697812961388412,0.48724739210915813,0.5042942543967306,0.435074883995305,0.5294672354589329,0.40605280265047944,0.5594867799431176,0.5120147187125565,0.5044707787035909,0.5657889414491931,0.49783343400846475,0.5485383664715101,0.5417013806701722,0.4681805447389546,0.5429786675917656,0.46263846017635446,0.6598235192937449,0.539392891753282,0.4650974136892573,0.46461477874573315,0.47282266255630945,0.5611443797648219,0.5565841694751062,0.5394139620584014,0.36893173016813663,0.4679722002170399,0.502591521743522,0.5563987932149276,0.5553769549675815,0.41409761974679354,0.5794029481178564,0.5594004264609443,0.5281992388079887,0.6301596814855066,0.5334712670112659,0.5368443703847183,0.403835031796308,0.53316905325495,0.4678080141738735,0.5355322659024974,0.42007961057502385,0.6709434259615648,0.5356291463179232,0.5605249791991755,0.5711794310782747,0.5745577038735055,0.5160886152568507,0.5139720542064017,0.5186010011231417,0.3647484109107127,0.49968372303801667,0.4684899077091372,0.6968641312462209
0.4991887184091525,0.5273061548437651,0.4873859239139619,0.5454268746920105,0.4880382419961715,0.4718815218605714,0.5897582476658008,0.5127036833645706,0.5178430670324106,0.483796246329548,0.6591396415545474,0.0,0.4704779020364538,0.47951901133387054,0.432844355423625,0.5613539398551909,0.5110208237187835,0.44772438321332725,0.5556382562726557,0.500130177370089,0.633304106765179,0.5382517563550198,0.5810721754766811,0.5365038882463466,0.6294653621450621,0.5453379883302071,0.4583256069776276,0.4629787771845061,0.5392255962176513,0.5681098779467265,0.5237289830927738,0.5055414817806289,0.4666663477925308,0.6012946266909766,0.48712561768131757,0.5842516317259245,0.6568091091329522,0.5609775193635633,0.5902088953834356,0.48479727264644085,0.49037349919262807,0.58057761123262,0.4993197719227797,0.5868784879988042,0.5490615538552007,0.4370420317918179,0.4295186341048483,0.6100492996785057,0.6099007247880789,0.48831729900785864,0.5651333186181342,0.49061532409365494,0.3615137471057601,0.5995692501671044,0.652845196211819,0.5314994731198925,0.5313854572232024,0.6509702485878269,0.4747265259391224,0.5010781506991819,0.48260753624132396,0.44332999277824403,0.4327286730544902,0.5120549142024207,0.4083370142698767,0.41101633065721577,0.5373416335023053,0.49369092712628626,0.45817987156760986,0.5546480619741605,0.5075584871524796,0.48045380887084144,0.5240565640596129,0.5382887017770625,0.4487025830639795,0.3955131599489604,0.5750330402884036,0.6007812120012003,0.46390249622062485,0.48380154864681274,0.40752759259989324,0.554551769431301,0.546530561646019,0.43615611528399256,0.5841425581294349,0.5302334836490322,0.6013909921382404,0.48647024970909675,0.4233878522002596,0.6061050003898868,0.6264227933416164,0.5712340460422181,0.5338194741877735,0.434123989977453,0.5707846695301299,0.6167191884299075,0.4323857819456821,0.5381582776970842,0.5271871451721827,0.45354256703908663,0.5498099359767111,0.602418141791855,0.5679376688540747,0.5387610436521112,0.48849274541377047,0.4771100198558476,0.46229541738707214,0.5294905499017797,0.44145759608872986,0.6738289365141373,0.7663532994173089,0.6160368076721825,0.5088188324008558,0.5227353637478545,0.4272862641696308,0.49048325889254885,0.42428320419565374,0.5591967511467995,0.5210615533135293,0.5086970152882939,0.5326950526110545,0.5292290687506093,0.6088838888734132,0.5550198568481662,0.4907263182708218,0.5399488195102262,0.4808721043384478,0.6364622526190516,0.5531007942368236,0.43955918912851993,0.4763443732233212,0.49420492663014637,0.5638582821872306,0.5941102593257555,0.5626715771867461,0.3685268756365794,0.4725248147334075,0.4617505775350378,0.49004936619104317,0.6078728023179976,0.40561932276410595,0.6171656471611731,0.5764325889020405,0.563808739665377,0.6875402787711892,0.5648137425731576,0.5526442218917629,0.40500157620679644,0.5605299776234687,0.4911015487983673,0.588730298799862,0.4298294999022452,0.5993706285290078,0.4904243056072737,0.6344002441602987,0.5947758958220287,0.5124607542272243,0.5295120430524299,0.4691795500990374,0.5356608589009176,0.3619966471390369,0.5385863155717425,0.5228455610829219,0.6523778633734746
