0,1,2,3,4,5,6,7,8,9,10,11,12,13,14,15,16,17,18,19,20,21,22,23,24,25,26,27,28,29,30,31,32,33,34,35,36,37,38,39,40,41,42,43,44,45,46,47,48,49,50,51,52,53,54,55,56,57,58,59,60,61,62,63,64,65,66,67,68,69,70,71,72,73,74,75,76,77,78,79,80,81,82,83,84,85,86,87,88,89,90,91,92,93,94,95,96,97,98,99,100,101,102,103,104,105,106,107,108,109,110,111,112,113,114,115,116,117,118,119,120,121,122,123,124,125,126,127,128,129,130,131,132,133,134,135,136,137,138,139,140,141,142,143,144,145,146,147,148,149,150,151,152,153,154,155,156,157,158,159,160,161,162,163
0.0,0.29216593036971616,0.30180710002359884,0.2503321891934816,0.30886191522617845,0.3042991078225372,0.25249017496151693,0.29839328045118435,0.32778612066733653,0.29795547653757215,0.29232494554584865,0.27064331773205696,0.4125217413580937,0.26022967184846935,0.318722245803945,0.33662690799497863,0.35321478266829676,0.44409040600352245,0.30599171320593604,0.41593977344446886,0.3471345668723087,0.30007508679810574,0.2706054616720225,0.2854404909962263,0.3657656607788485,0.2512710149111273,0.258126383093538,0.31978122149241467,0.22750635792396182,0.29637988928072384,0.3280582841893134,0.35041180168059516,0.25690514736015213,0.2663625475008647,0.3622622008907499,0.2734756037559067,0.36717980814277,0.3271349484711386,0.2410018428557282,0.33912206214897844,0.27790790189244535,0.28454917159455667,0.33671632828864534,0.3058692282877276,0.304895005413659,0.38723778883291726,0.29657765439746103,0.3059494164978666,0.3371663258333818,0.37873544535835507,0.3808663322767459,0.34680360571153607,0.25351485217896963,0.2681282205947221,0.2562526597767203,0.27279916667872117,0.45549003725805537,0.3050999933137506,0.3069619181200956,0.3525248158989795,0.27453527150848467,0.2437568617089019,0.3170859140188074,0.22817997953495306,0.2931881729298276,0.31878939762191777,0.2875891788969712,0.3215227206587656,0.2906860230599977,0.323831788652478,0.3998678387531983,0.30217116296430463,0.30594873002042094,0.35037625437980435,0.34904412611506436,0.3079232444227614,0.24157250810115888,0.2792457578465476,0.30429679924972713,0.2585250528171036,0.2877488510605707,0.3451347379071243,0.3262815946811085,0.29147111108386164,0.32348362020136934,0.37226891729791467,0.27993043318559474,0.36249354647728876,0.3947472680044709,0.24981085090749822,0.3805089349496795,0.2910778533459013,0.3546213643033597,0.3214126324320099,0.31208301707054836,0.25557233781783545,0.21773650981347553,0.2641234979865396,0.22051245664857774,0.3918298304090691,0.2542596210000756,0.2367416613188341,0.2684298884177872,0.2571868362851052,0.37267625359035633,0.36167520538920994,0.3177037303397003,0.30387373368373094,0.3418382445090075,0.3061731842138103,0.28574375982217676,0.31834796317368586,0.33774049545312873,0.2754633291345778,0.31759717098790596,0.35601559009190686,0.3270994681348632,0.3062534632148837,0.24784826563366064,0.25648065427299216,0.29813015466553505,0.24033950315652577,0.28717292281047735,0.4120760026254247,0.2667869763623575,0.28343524350473204,0.25302393577227933,0.23426816537002287,0.2524640296439238,0.31914549113970875,0.2684254984299687,0.2927879491678038,0.247822046095159,0.2776571823804051,0.2734641170656555,0.2630477288988386,0.3096115680191613,0.3173838865763282,0.2850487216577884,0.3537941801038996,0.23615437499639808,0.260987105138923,0.3629595742028177,0.2659842962424325,0.29629695163762726,0.3061027896254553,0.3051012497534376,0.28379255870411807,0.34751497610959137,0.17552174362074932,0.362298186039524,0.2795913773998433,0.31438435077010357,0.23743232592880312,0.3222350839953898,0.3220629337581092,0.29676695861215024,0.3260231352564351,0.2558865541825513,0.3118321504375777,0.24196628385919125,0.3324792639584541,0.23582859038628423,0.3845035670308802
0.29216593036971616,0.0,0.31071313504543685,0.25280535409411153,0.2784340669877719,0.37135842794010393,0.2825081738705597,0.3221340430303749,0.26750609593666363,0.40905333554318607,0.26897234934984143,0.28823091406178164,0.30871635380498996,0.2914393972471397,0.3136902683545703,0.2731218186284375,0.29966379852435476,0.26453615746781867,0.27374987331713324,0.28781884877828623,0.2918985501532251,0.3446306985569988,0.2634834885426391,0.3024530858469481,0.3138928667608959,0.21913979827331273,0.23814033960249742,0.2700556322572493,0.33360366541102343,0.2412858212616265,0.3284514606907901,0.2902376518023421,0.3067339506217559,0.23147547226154788,0.3137546209742404,0.28123799098005087,0.27931345491203285,0.26894038289709904,0.26349137899522007,0.30053117572619537,0.3358082989234774,0.28877940997443663,0.2204817827348124,0.2705561579718373,0.31394403002427557,0.2586373278495694,0.28633023426464344,0.26235796875016654,0.28082604764342967,0.27531450218028564,0.29343310092186264,0.2795401693459036,0.26727407369411116,0.329011993161721,0.28001007530242866,0.3257014186540233,0.2746775613389963,0.2636464213937857,0.30553870430414554,0.3029446283795156,0.3021245008146214,0.20414281187580802,0.2285081775548146,0.21889081920558887,0.23324706521951105,0.21672643387451873,0.2680169103222799,0.271503130385675,0.23006280944182855,0.26819800725891646,0.2763972640054739,0.2877266788188098,0.23435855915919815,0.30037294793236785,0.29441426391070163,0.2460759346435322,0.2242470896828918,0.3397621569412992,0.22958602125212765,0.25642914156323826,0.266414105329282,0.27563097221854016,0.3693743085644834,0.2531066357078329,0.2511517646528025,0.3578428977101208,0.22980849538693948,0.24873024651358364,0.27210528754800484,0.27600953533864264,0.25715338624782136,0.3050350404459274,0.3322814549399693,0.2509931094198548,0.28497364327041347,0.3254803945004076,0.2209841294066275,0.2843806763626202,0.21108015193822383,0.3264343372717701,0.2627583879405191,0.1990300917099702,0.19857269537886615,0.2618323838052964,0.2611575821057433,0.27240039831872154,0.24685840575131404,0.3241049115215581,0.3085525810384847,0.3662048486606081,0.2466256277958467,0.23152961066525607,0.28994697752616677,0.23782196174392556,0.2655237571434498,0.39371487859108284,0.2766629035174474,0.22545784779586148,0.2648900352855833,0.244910806877455,0.27432209849769873,0.22685036588136515,0.2633381253116096,0.3518206732727044,0.2654452492456178,0.3428351307067386,0.24945077606422572,0.2753687007287274,0.3063237758670641,0.26251512230443685,0.30170910754128544,0.2594296667827319,0.22522964781565089,0.27532248028920653,0.2581928784372499,0.23874390473732843,0.2792492451222981,0.3036622632074501,0.2590148191162298,0.2634219902492813,0.2433044435600514,0.2690333362809884,0.3679371721086657,0.2517604850308689,0.27610688397510813,0.2390769511172746,0.3175120601438895,0.2882419233630504,0.3386984122404864,0.1840078743215907,0.2417697530800901,0.28923152843390965,0.24588344951966512,0.30202366171470624,0.2796460237900914,0.28106189672589316,0.27607243750943894,0.3322013021595421,0.26605958127729473,0.24449835678611534,0.2550932661757123,0.32523643081412895,0.23045762655251506,0.2738985587140997
0.30180710002359884,0.31071313504543685,0.0,0.25612892778427976,0.2861380180383907,0.30555334774356135,0.2338809199342167,0.3164270019377104,0.26657437111371546,0.36716872411084556,0.31402837367067205,0.2657167318578166,0.343022838027599,0.2463653020758291,0.2906298602412473,0.3355878906516673,0.312167938762924,0.2953878393979719,0.2531094693790037,0.26282237811112125,0.3301592282278755,0.43546127211685215,0.23561632600104923,0.2686774196076543,0.3056715435157008,0.2444850418406478,0.25088959882923356,0.2766058966593442,0.24423357359654171,0.2483847734858279,0.268073222170649,0.2927711063901639,0.24631196297358707,0.21122826049215107,0.25205905438902665,0.2752679435008488,0.31344005318958634,0.29145122888728037,0.24849415637508535,0.2806064417991617,0.2636342083721849,0.28350862232208396,0.25407753137891376,0.2512468785162497,0.3080856548103482,0.2716365842590229,0.23792248925790851,0.2890043117772921,0.2730560050163444,0.2754050408152538,0.2981434837994886,0.26133029759213533,0.19786892655227226,0.30566458787296624,0.26737119869613696,0.24240032939468178,0.26108973362440596,0.29194951896628996,0.27281427953554593,0.2653813250293411,0.28321374821490924,0.20645321835597244,0.25804395550527265,0.21364231189871674,0.22270577716621148,0.23892341472230644,0.27316626083712353,0.31243312334690837,0.30561386148261993,0.31784323153980854,0.3108511345282938,0.22602761118566683,0.2596560650500741,0.4016798793498693,0.31876955519172945,0.20052555430247052,0.25354437350992487,0.2657206607419978,0.23209856104210277,0.19822258946401203,0.2516330263036868,0.3070426811486106,0.28842198838743177,0.2690264700653257,0.2459184274666269,0.35705970880443216,0.24005324253337249,0.24406107805244662,0.2614276882886232,0.23333960549679736,0.28937247057399806,0.22882254855286463,0.2786899305639093,0.2082378090025181,0.2674629533258113,0.2752591375425202,0.20824832092256051,0.24474726466289484,0.1883581019719378,0.2845454139669927,0.21500858398160863,0.23846001727255933,0.21448400179368,0.2834834339110052,0.2663055897351242,0.3028866334434812,0.2663357398717614,0.27810812875302676,0.2634933716340112,0.3173463341356712,0.2439549724362613,0.23356965702605487,0.2830760293217873,0.24458982021866724,0.2308197046558056,0.30534283829738906,0.211528604534856,0.2893215796296763,0.26768457507452126,0.23201155001207377,0.24852928989737288,0.22371849738177998,0.22611717069285275,0.29150054675796616,0.20865914872509808,0.30524860615070265,0.2372406375357916,0.25036093109325047,0.2751826441597482,0.26981485013350726,0.26137452914870457,0.3462734494430527,0.212513606311447,0.22532664505197142,0.2995348554001472,0.20720123088733056,0.2180007087265685,0.24831620140142696,0.28621798636017154,0.28692755945525006,0.223400828132954,0.24175055929945988,0.2837777107240745,0.26717055927801076,0.26412557724997365,0.2229692759031764,0.3165946647812625,0.26255149294862706,0.34398463652819333,0.1817451393214051,0.23986335724799512,0.20413873418921494,0.2756373230633454,0.28917521020447445,0.29340163308884604,0.3038610865487803,0.31276443775075724,0.32016449513473105,0.20056019445366877,0.23597368791274523,0.2507347007577674,0.2213632338393003,0.22777292118145226,0.2895945138400547
0.2503321891934816,0.25280535409411153,0.25612892778427976,0.0,0.2688151905342318,0.2609920853864229,0.29727504189264875,0.23864761041735133,0.22008587530066454,0.24548921280083047,0.3206229706478193,0.2636275637832901,0.2647750722235049,0.2452628048808037,0.3023983575404286,0.2524592449590908,0.2625442790614141,0.24653635323873854,0.25144267321481395,0.22678274837946988,0.29994567548819506,0.27051655496608684,0.2479699408115974,0.25585092667808396,0.2690175271775268,0.2866025918216332,0.2535635755023268,0.2512867887415036,0.24872669319159735,0.2001192691982051,0.25654936518957,0.23845225876606788,0.3687933278462463,0.23383859712362362,0.26616444396221794,0.28065623146893054,0.290383220519769,0.2607354426323974,0.2761952281121563,0.3001078401262739,0.2916318362873878,0.2429439355485616,0.2351957602987225,0.32216678886551714,0.2575047236299332,0.2511580608884001,0.18057690842862237,0.29966580689335653,0.2696570774697832,0.2541076679464827,0.35090920480929205,0.2760468561957612,0.211788354124712,0.3839520738989951,0.2983484752647362,0.21725861292796025,0.27643174529183395,0.28619569974045916,0.26379285712123984,0.2683250771404148,0.2916868472046068,0.2039633230166585,0.2544531749469208,0.19617986649996455,0.22926465243052377,0.24479098899042975,0.3439812362194195,0.2352909355395539,0.23617773994115604,0.25520361986659773,0.26665461984131744,0.23063376050016632,0.2652029971971472,0.36826158275924564,0.2574337634871264,0.20031625009394838,0.3094538742136124,0.2961268874797964,0.22924100610774237,0.20881516025521785,0.23268750538907815,0.30467882733196916,0.2394865935489132,0.23301169921969853,0.275439023722897,0.2516756646637742,0.27440058547219026,0.27593682441352796,0.23660221992410996,0.22962287217301247,0.31665699422830484,0.2645988424915415,0.2620655685092313,0.2233472674908547,0.2865170578456602,0.2665819607158841,0.19955015770518414,0.24059287385368414,0.20217275478196176,0.27455162349543555,0.2531420785800707,0.24162475752862547,0.30789639334123603,0.2398264581741138,0.25473693202868686,0.23437024692191055,0.25903642259705284,0.2353838354586773,0.25700609230722105,0.2569432726366486,0.32359247513807793,0.2580195663126621,0.32337099561478005,0.2811699462272543,0.24661194778405435,0.2501344190740603,0.22614541001033728,0.2171221527956149,0.2902128614280214,0.25079039218712024,0.26051923546526,0.2767678043391263,0.23513360861644647,0.29120678299812247,0.22160799599855452,0.27717180680158254,0.24157692652801535,0.2410799928613698,0.2607338516180838,0.27185951906363165,0.19223172352090756,0.2700105805320569,0.2614156136419088,0.2741622061454092,0.28278671534817723,0.20233524867675712,0.18099237564761794,0.28068524924175087,0.2680666539681547,0.28301534607502216,0.3241978992654034,0.23860937941711752,0.2998520444224593,0.2672819419797646,0.2791914377878794,0.2359201344143438,0.26552393386791484,0.23461437085240971,0.2176839239253514,0.16177297410079253,0.30604538247317903,0.237656977492679,0.2788998996091204,0.22115604983224116,0.29365577366158757,0.27718839205047824,0.2683398490207095,0.297451780937362,0.34575052880698454,0.2577112243833471,0.22694632287968938,0.2453001969648759,0.2495634382258206,0.2981241934252998
0.30886191522617845,0.2784340669877719,0.2861380180383907,0.2688151905342318,0.0,0.23765149235007627,0.3321860025379782,0.2405991579194072,0.27059367487276526,0.3056695548365688,0.33515329142856204,0.25547899833234883,0.2611984003016712,0.2702485783409261,0.28637210666840435,0.2828890271361975,0.29867340366749123,0.3098310155974963,0.2370084675694645,0.2618329445263811,0.32461174352419936,0.31680839106493,0.31954120293167876,0.2851242558787445,0.308581442301975,0.2638746193404599,0.26741940116987883,0.2552263815933592,0.240149306015544,0.2546092067744384,0.2853893194037055,0.2432751720924754,0.23237285219806733,0.25220682656855425,0.3663719233530202,0.28580544378272893,0.3148034065387287,0.2825538032161376,0.27125250686751917,0.292711129720044,0.25959622371940827,0.3825932620405735,0.25146056757420593,0.32343293005192847,0.24515322644937423,0.2393548678047372,0.2390709505565185,0.3171304509877047,0.35635524561798093,0.2640929642368781,0.2939000807947105,0.24962080201078024,0.21769991983113857,0.2660397350427877,0.2627793519684909,0.26169552122870426,0.2510041028448157,0.31385072132103875,0.2858998614411524,0.24304869866291653,0.22292996362022885,0.19256955730735845,0.22745584646363026,0.25736085928022157,0.2485355252843536,0.20703702829242648,0.28931644798457457,0.2730213388537726,0.25274943812811423,0.3076294483854302,0.28368137314306074,0.2649055133837218,0.2786893395004453,0.298016776560193,0.24973533192894137,0.2220322911243136,0.26087050746873974,0.41381881657955233,0.2165705974531101,0.22045399361424986,0.25984166868715386,0.31378530813629807,0.2951994899620907,0.2179831866807675,0.27158868252171675,0.271112528354443,0.27532081147337745,0.255305461353516,0.23557826526953815,0.25154378798842947,0.4003452264340892,0.3117450389212157,0.3033657059071561,0.20983962993964275,0.31810741885860366,0.2641015269994234,0.17852919841848444,0.26046354644235753,0.25080411475854725,0.25454590910395547,0.25241563666748307,0.22176925556914234,0.26434307483459535,0.24371420184063078,0.24546385574771112,0.2472887750336421,0.2196477244672587,0.33365840588055146,0.2810642760278857,0.31039589398796164,0.3063033566188193,0.30628680130987307,0.2801807480045833,0.3119429843044376,0.22263036290502003,0.2732554007064416,0.23757908913706996,0.271182208760108,0.25823213002279505,0.30482833395531583,0.3402601348527465,0.23144728308947443,0.25382710219485205,0.3313344071830663,0.2697392118915204,0.24310077895890117,0.23390286797820367,0.2399508025961691,0.2518940153406154,0.25509405555631093,0.2574008157403659,0.2570001394722664,0.22305724323761755,0.30117312562692095,0.28023536652170483,0.24439526622918076,0.2224324659313961,0.31797608215022555,0.28253468637273166,0.3031656657883176,0.2145829572621545,0.2848185619511089,0.33461079771089963,0.28903411908744453,0.3379773329234458,0.2878855215153744,0.29951911761998873,0.2550925875205357,0.2818615916933063,0.19477341353430525,0.2722730767233463,0.2438820576952503,0.3062163411154446,0.25746307441718097,0.3177997187587117,0.30933545064368656,0.24758509267563691,0.31797777169233704,0.2568287556743604,0.24761140530850567,0.23780014590178875,0.2753088555215222,0.2768668574312388,0.4344512844060457
0.3042991078225372,0.37135842794010393,0.30555334774356135,0.2609920853864229,0.23765149235007627,0.0,0.23139402922484936,0.3150612554111749,0.28462514578282044,0.2872467040514306,0.2563584913411745,0.307630190682441,0.32210479409221243,0.2258329878922904,0.3090062506944742,0.2979129485103049,0.273276082349207,0.23238930304784666,0.3107822057716363,0.28755301912347125,0.2938865741209518,0.29669350928411176,0.19821821238806656,0.22408599784997757,0.31103744178507176,0.21255562054157182,0.21614548289198834,0.24655198319642863,0.24647961879026528,0.2461850067538983,0.3443805322835423,0.3688476006910289,0.32889017196302767,0.23154093188569294,0.2705686364065108,0.26944576651678104,0.2770218153942517,0.26864415772467987,0.2530041526777205,0.2264333848918476,0.2889263320025147,0.2658355219431576,0.24818375893449654,0.2910065177349722,0.2787814929336575,0.25233689980714846,0.24690612416035881,0.26264445516077106,0.22064405903355042,0.29570979206323295,0.302501849494286,0.3192228874035923,0.22691102925748582,0.3251704736033172,0.26399997370279965,0.29103581002909673,0.27943385267545723,0.34541676948544714,0.23115076193397086,0.268549636373446,0.31070729540504066,0.25027288625352595,0.28295497494656857,0.1903196941128706,0.23521341027123172,0.2419480348986576,0.2511179110641693,0.2858068440089234,0.2284131101575737,0.27701897322516394,0.30232128134388636,0.2268042303410546,0.24954120660346524,0.29171963937418816,0.3563654778641252,0.230866517725031,0.22636769185635724,0.2583369460859343,0.23721021096942427,0.25837130600742186,0.2867446825700135,0.30467381497534474,0.2946067188793512,0.27742312319174117,0.2599413037396023,0.31384722872321164,0.2692485846906984,0.26672252513623507,0.3043451356669789,0.2456977090579323,0.27003402868908244,0.3293657909183977,0.2967247030834988,0.2383611382498229,0.24300302820376113,0.3243510475533259,0.26120346829136204,0.30312932524176806,0.19997309010924982,0.3000088186857434,0.22691029146704683,0.21820587842624858,0.23247905794000515,0.25485098898988945,0.3129554726207783,0.3054495159769385,0.2926325074924608,0.26192199518492415,0.24614726277641763,0.2673155534186353,0.26256028106743867,0.22766115289538552,0.3392099290012495,0.25953482669560324,0.2523261487673272,0.293463068303571,0.2747828963500491,0.2194263628117538,0.27476793618821505,0.24461157873033876,0.23349788195161184,0.265146242516945,0.24912614774449304,0.315180681630467,0.24911424819158423,0.328506462442707,0.26519424310169687,0.2397926517058932,0.2750124811502893,0.23857208520080775,0.28834161344966464,0.33990288982284717,0.228719253407901,0.2741776758686246,0.2586185170973317,0.21707835813554477,0.24449035070822758,0.23592680767911076,0.22403589079901473,0.27417819308133823,0.25990011725691264,0.27310319045608256,0.290983520128376,0.26670463314546017,0.2590182078044703,0.2461179786925151,0.3228679648313568,0.2697287386865436,0.29567064754252825,0.18241665520380612,0.2601608909207408,0.26561947302676175,0.22286166782326802,0.22368570841555802,0.3194125785655858,0.2745704856165612,0.2513453576776622,0.32832294561081843,0.22668958319230145,0.25835367802604986,0.21512043701649383,0.29422194081213476,0.22204121403071045,0.24772729699820148
0.25249017496151693,0.2825081738705597,0.2338809199342167,0.29727504189264875,0.3321860025379782,0.23139402922484936,0.0,0.2112368526278743,0.22314207659006496,0.28536136764568343,0.2684858913130965,0.2749828452563435,0.24836053456464044,0.24609065839471195,0.3156514761794306,0.22152957426449363,0.23012278356260943,0.24571008013754328,0.2457029280569795,0.21115991378004645,0.2558660700584561,0.2784883410457303,0.37609501900440206,0.3128814827513778,0.3013110563688485,0.24151902006118808,0.2537683462990007,0.23595043636112548,0.2532253552115266,0.2331325060439552,0.265660875560526,0.23219296817709711,0.2633523930356311,0.2619132131425264,0.26404359371625774,0.23263767715636158,0.3004877038968271,0.2144530554670662,0.24483551258573863,0.30321461550564305,0.2670480532930944,0.28484552768610316,0.21766432747908981,0.29207837755634386,0.25486693174091307,0.23012400134014824,0.23568127694054736,0.25586330288991704,0.37467897132250433,0.2093464672422531,0.2730961926634249,0.22768903321175216,0.1985550973836613,0.27934169600167935,0.26932194449153024,0.2589443771035815,0.2226982865187614,0.24744753941293243,0.28552745853900274,0.22706808049607505,0.20995930530740498,0.1793614791205716,0.18870856746065776,0.2122661454582246,0.21085465862071717,0.18711591822448342,0.29816029705240715,0.2721324476441739,0.20769615920218257,0.2339198313607271,0.24653232205972606,0.22448907121089265,0.22119441722408983,0.2756579954103882,0.19119531921111632,0.22742551035564884,0.28332603997605654,0.3486054261850492,0.19155293392016998,0.21983209400218537,0.22589887130212138,0.2672219597014718,0.27463767861671373,0.1835486517748254,0.2231365100990776,0.23955138360516195,0.2268768181297893,0.23853478288070049,0.23054685906990757,0.23906010036022216,0.2824740190740921,0.3433299982443977,0.2546888799295619,0.2116300678182692,0.26452884640038093,0.2930388642327444,0.1670375830566383,0.2815314589173821,0.21168591958830602,0.26172538792300876,0.25053749757408356,0.21267815219370748,0.26384322857789755,0.247736039398468,0.19873604388142208,0.22236623743492753,0.19673024061233021,0.2732033363161566,0.2745188641602185,0.3094061190675069,0.3329310181994514,0.2309190499346786,0.2454294605896311,0.22228151287454417,0.20084279014772335,0.24715846884919074,0.22858964521898556,0.24630189189943896,0.24409228738748287,0.23061310067538965,0.24481220615655544,0.21411972511908428,0.22204073286528125,0.3206976625431436,0.22960730421044798,0.26711707894559183,0.2073311860074102,0.2472256675571089,0.22526857090841987,0.23681022770227567,0.2077936962193636,0.19892734554865896,0.2070765595374139,0.23249163485366672,0.22920006837928128,0.21693463242948854,0.2141838269095007,0.2801118609738368,0.24977097583465885,0.2705130725366294,0.24016751317209376,0.224133725947522,0.30098053251813633,0.22991354565269487,0.2660909031412675,0.2803937001460271,0.25882709014769634,0.250934006790424,0.2398774740334353,0.15746023513547303,0.250676667823062,0.24778801123357272,0.24329934722451274,0.2749435556195357,0.3093107776756877,0.2815427522529853,0.2770422915177082,0.31714898794460505,0.3039027558636827,0.24802886764807225,0.23432473033669288,0.24581427418032847,0.25860031150960966,0.28986852891018805
0.29839328045118435,0.3221340430303749,0.3164270019377104,0.23864761041735133,0.2405991579194072,0.3150612554111749,0.2112368526278743,0.0,0.28668130725250696,0.29656640072951546,0.2709032195463785,0.28107794552229853,0.3434220452671499,0.2234149197141477,0.2722880920226608,0.32447023569019345,0.2946692453022353,0.24861414754727332,0.2525326147842752,0.27768200138737353,0.30373994223950657,0.27852735032408593,0.22126028395526326,0.24902406770452243,0.3016329628644748,0.24317243170839814,0.25073819354531696,0.26621141908401524,0.21200018442401147,0.256794839309096,0.3570744381556388,0.2922114078634373,0.2602594130667579,0.22635736661824263,0.2692375618851646,0.279663645111454,0.3439058076008001,0.3004035758473545,0.272080794332533,0.2598514478035554,0.26414243237320245,0.2557640464443338,0.27321863747386166,0.2618246563080741,0.3592975445864214,0.2712860397486147,0.24396414191858182,0.28361672107536556,0.2551907960889777,0.276395671453121,0.289306432113846,0.25678750739675177,0.20499490395872527,0.26885912030263487,0.25701486843691185,0.26364046455621504,0.2677883696757917,0.34731436477200217,0.24677933369255015,0.26267086037636295,0.38433414659803034,0.20506031715840484,0.27545340984991334,0.20189677464533712,0.20664006921077577,0.232875385572814,0.26504097681099464,0.2826787748622275,0.2605373888487648,0.4228655582631932,0.2945928590163456,0.23856503745759206,0.24387126524921607,0.32859585709746103,0.335093365332755,0.2144122692893341,0.2705626709441525,0.25714105111977753,0.28699034855798394,0.2093597891617144,0.24151271987262005,0.27658608264809176,0.31465624357453403,0.2961539478487724,0.2673731395137032,0.3858642281218112,0.36849717975206436,0.2605370110586126,0.297530819359117,0.259173553048787,0.26791594254235684,0.24642283926172764,0.2758390054606399,0.22261406128200179,0.2546627488510516,0.2908036947759663,0.23806171835478201,0.25729251031836,0.18229731939331106,0.2951857291760546,0.223339238059053,0.2940215553251128,0.21721998063643025,0.24864769346263757,0.2899884909878328,0.31115939680986265,0.28533668530857975,0.29921947436992724,0.2606616975248201,0.29361901925024353,0.23248775535873112,0.24094353952480482,0.3014023451840154,0.25631114553563855,0.24802840683488853,0.3161824295397447,0.24430382906361903,0.22825400125666595,0.23600125433973587,0.22170747009547465,0.24532201921465713,0.32256490603081006,0.23317879774859662,0.299331924829056,0.2194250199324265,0.282576283296483,0.2254752372206628,0.31898316081489647,0.2630349916142837,0.24917278646847377,0.28308473268294926,0.2999328557314917,0.26337862499108305,0.23081867119008348,0.2852302459642101,0.20069729921478371,0.25684469685079514,0.2528595259988282,0.25338440788622013,0.3022033743973129,0.22505614797324877,0.23320778733363934,0.29245297843737655,0.24425831695719724,0.2829932879286392,0.24736096887735198,0.33160594784486536,0.2546147034290282,0.31527963626996924,0.17189115546084516,0.29571286737920066,0.22798314299524783,0.2470790384347559,0.2521106653211868,0.30710082207427564,0.3345961223431703,0.26518423201097135,0.3432015341595951,0.20640389009006055,0.2396852735176581,0.21615953383555697,0.25608811598013836,0.21621406022921147,0.2643713466208568
0.32778612066733653,0.26750609593666363,0.26657437111371546,0.22008587530066454,0.27059367487276526,0.28462514578282044,0.22314207659006496,0.28668130725250696,0.0,0.2418352193063245,0.23983991300457005,0.2573699669943338,0.26661335010959586,0.2585122738517081,0.25298500535038304,0.2796832929008486,0.25776672858146754,0.2690997555109598,0.22908869605686827,0.2751726924183863,0.26879712807736245,0.33286393418515886,0.20977182678736456,0.2265291178052832,0.26961667080375523,0.22122350486092435,0.2543488941551621,0.23484222960243745,0.20120808113156397,0.3679831560567679,0.32657811733896175,0.2752349181126065,0.23197127800131842,0.20426390308776973,0.2732439509990586,0.24198138574972283,0.2793458571936435,0.3264389216557172,0.24708221703678857,0.23714444697577608,0.22322472329394383,0.3303070566292878,0.23712481054873744,0.25571190836191243,0.2631091502137608,0.24776788961460586,0.24257651151188628,0.238788756091942,0.23846067124803402,0.2711385846435057,0.26546951085790943,0.23636230424639762,0.22436526201964965,0.24342053206744815,0.22151294134349536,0.3502077376056096,0.27098553583890894,0.29091528809029726,0.2258701487940954,0.23307282870194243,0.23697816264104526,0.24464947639092297,0.23271802096358654,0.21057802260213165,0.2454752713544985,0.2271582080177175,0.2836032534864191,0.30159183654578003,0.24126660380001072,0.2831966592789433,0.3328606578624226,0.23871125437065574,0.28961338495028593,0.2659039517671416,0.2911364703436162,0.22618067527018293,0.22034940359889982,0.23799704376364655,0.24315054364353186,0.23770973695186132,0.24358003147335902,0.37153083645134666,0.3553305397927371,0.23245408760389785,0.29308319783646114,0.33245753994984295,0.2727011193963679,0.29096295895504953,0.25946450111869335,0.35351922758885335,0.3163550905821617,0.3043256990046099,0.2536751185944316,0.22414165966781308,0.31653174831237496,0.3008361402379068,0.2336458766979795,0.2482753497497088,0.24487761855060972,0.24373670571750014,0.24867329481857903,0.21283616049900272,0.24014750071723892,0.2198817382820164,0.2951147790885987,0.27072900782150455,0.22738022156391,0.2646696913709115,0.23292142742909325,0.24766381614527133,0.21327238719204591,0.2889099914631933,0.310893671343915,0.31458639779640457,0.22712202797764083,0.2887876578774708,0.23088548604887288,0.23697228926667274,0.20206635802411405,0.2617353206420111,0.277348787741675,0.25808824286296284,0.2534525006663159,0.2847571313833882,0.33121036754225663,0.22869020314539887,0.2699582279746434,0.24354718123191568,0.21255479376501787,0.2546749794135643,0.38675357849959485,0.31321183104604705,0.2468327945981725,0.3066589617422747,0.2502749138132536,0.2285302116563133,0.2545290463430645,0.24378177818297914,0.23917353226083474,0.31730655503355076,0.21014549823970044,0.26634915565183837,0.31773728482679753,0.30529005355068856,0.2704978327692383,0.26907971364276423,0.42096224221020906,0.24119124198589525,0.2769359876160014,0.1847270334476045,0.28697378857506595,0.22814494862740184,0.2546187037754662,0.261164131777772,0.2633159183951827,0.3174579212307844,0.25336138878341724,0.30136558984712436,0.230583942302877,0.25889906840005267,0.19246160349090283,0.28663650990662637,0.27962833875668136,0.2989034239067251
0.29795547653757215,0.40905333554318607,0.36716872411084556,0.24548921280083047,0.3056695548365688,0.2872467040514306,0.28536136764568343,0.29656640072951546,0.2418352193063245,0.0,0.2644759494664142,0.2617114766273303,0.3038140413270639,0.2584921674861015,0.2911844459651226,0.27707202999709674,0.29678340811826187,0.2937503117883157,0.25676374510383015,0.252803681188104,0.28438415567496805,0.30054383054751205,0.29512199781290893,0.2789080667243242,0.3722139156345385,0.21765800909858604,0.24287779093058773,0.2681229385784507,0.32257209626400846,0.24964299398948536,0.30230430068755165,0.2810801652212555,0.233227374712855,0.22006380483997848,0.28581051488656456,0.24793143634777037,0.3123045697921607,0.24693238432062162,0.22341044216430295,0.2963352515995281,0.2544217584554273,0.2939536765230902,0.24312186916495906,0.25710601978799946,0.2712914231938729,0.25691550682559267,0.26059684624799995,0.27666253907078653,0.329586069831054,0.23458541118942985,0.2883699661709071,0.24329368849474825,0.21236997365790677,0.2802655329916763,0.27385874815447975,0.28677844971569455,0.25024683285091104,0.2511953046972678,0.31376667514341533,0.25446814344732444,0.2699319718667392,0.19245151851817652,0.2162840701154542,0.20579165946755337,0.22309888928669933,0.21275205061295863,0.24884957979550792,0.29095704694413066,0.25932822720985377,0.29867600383646753,0.26108323948399637,0.27218577491062257,0.2198303279846276,0.31618192207615686,0.2531048239695664,0.24184609245515298,0.23129317699944837,0.33355223261124806,0.21471437987923753,0.24170794113981267,0.2739415007305309,0.2613724763556177,0.35616432023494865,0.2408091829780004,0.24172550828119,0.3000260962868973,0.23796085693087,0.26195769986911216,0.2792339258464667,0.2272486313344989,0.26563505949472427,0.26409728253580517,0.3028386629071225,0.21370864682673765,0.27290453800138037,0.3051607103844798,0.17860541164768431,0.2615647144793724,0.1991084500511843,0.29498183575974396,0.23993504861872259,0.22054674740882124,0.21661410318094457,0.30674644702698334,0.23289424796995423,0.262160203713325,0.2380974475963668,0.3463709226367572,0.28677233748658476,0.35066712191015376,0.24484697212124965,0.22269519414625621,0.2761371716925125,0.2436176899002114,0.22824820899003775,0.3150749140837372,0.2598598422095873,0.28728073014150096,0.26504103571187454,0.2410042819102097,0.2455431498324981,0.220781948853651,0.22520355411324566,0.3381321027102652,0.22748873120957527,0.3276014587001165,0.2233460032518414,0.2424700842508526,0.2887216294974571,0.2582348104007572,0.2923840239492006,0.24786517975247147,0.22011097839098012,0.21577466246835036,0.24204934759669716,0.2205170344864363,0.2611100648102654,0.2798613942015785,0.27002782403335873,0.28201822009437844,0.23514019499723282,0.2532526965433931,0.3203039613828276,0.22399613067429758,0.2663306935648142,0.24807515032838,0.25788753100307993,0.3095335937263327,0.3959005904271792,0.17315457802492012,0.23345908302585774,0.27382649516312535,0.2392042662744396,0.3036838541141274,0.2933603874034567,0.28486314870400015,0.25983571684802703,0.3624936006163053,0.24814985904205308,0.25615967734811906,0.28233624041364214,0.292815134583346,0.2453590163837446,0.2725362000563099
0.29232494554584865,0.26897234934984143,0.31402837367067205,0.3206229706478193,0.33515329142856204,0.2563584913411745,0.2684858913130965,0.2709032195463785,0.23983991300457005,0.2644759494664142,0.0,0.32000219774715877,0.30968709910766024,0.23745183347314286,0.2753361470551371,0.35247507127105054,0.3125983061045223,0.2839130234216151,0.28430675040110853,0.2543002933749059,0.3210001696776587,0.32472512168422396,0.2831670549555851,0.27575663778229964,0.31818495771492067,0.30355499519744933,0.303737532345142,0.3088545055405658,0.260440315267605,0.25515047363941085,0.2819995772249725,0.2905697805781373,0.2504095859555411,0.2538977826710458,0.28604591779818445,0.31801615852857296,0.3489271560712324,0.29905537060470266,0.3538987284844066,0.2850197105056112,0.26537269088907933,0.27654478388431697,0.26572827195769727,0.30721046708817445,0.2838315001063338,0.2516217659888984,0.18818859626683287,0.40827413465212287,0.3255914881916714,0.2592085654266514,0.3326216277600874,0.23930577683749416,0.19866147945496565,0.3455889781094596,0.3708031916464097,0.20613553310558191,0.29069641811990415,0.3707296784689402,0.2729758929616306,0.27371676933747235,0.29682308562266413,0.18651716345098887,0.26201967359948114,0.22822279639913262,0.2048217007062341,0.2301552750364991,0.3105605012789187,0.24257859119627317,0.2945862252242373,0.30661723187489054,0.2740237423762554,0.2302654011997906,0.2810088374859905,0.36958108406671264,0.30903970031200284,0.21430252903532573,0.34312983275975883,0.31686616644709564,0.2387941418684217,0.2093039539055471,0.23172319958842674,0.26980048305040666,0.2516163709701824,0.2593396645555469,0.26034202325959227,0.27027052853762806,0.29298387295879663,0.26256516601689617,0.24612834726342617,0.23592303949595625,0.36769002961139197,0.2255483090285495,0.32959121498934885,0.233893845920119,0.2664384586837485,0.2611078931632855,0.19711457146249445,0.21898422388679983,0.2007653610338411,0.2624907360804462,0.26235472057286824,0.27214890800720287,0.25840208269520537,0.22137165147496146,0.2667227003730049,0.23452942379514136,0.2554035008262245,0.2806262751844366,0.24497609481048863,0.30226987089525426,0.3615683328127328,0.27402668271669267,0.2868162358770505,0.30713080545406646,0.24917112212280923,0.2655660124539222,0.23169901141644,0.28776605434683566,0.26772875802628676,0.25130462259342884,0.2808734045452655,0.23841833352490183,0.2385922049152491,0.3084446235765431,0.22051962447125362,0.3102825545998879,0.20966535518625348,0.2698329579654077,0.2691220204091755,0.24878620484393593,0.21290683077876066,0.29057177167701204,0.27347389296728675,0.2784592629435909,0.359024697813193,0.20297605997435528,0.21204495839297755,0.2667412061981796,0.299398736046117,0.31612940776146353,0.24576530634079696,0.2595328134484968,0.25956140171292497,0.2801570431096442,0.3496692500649623,0.23920356359646788,0.2652945008071807,0.2406833271148331,0.25677760994783483,0.19845006803870713,0.359030113166384,0.23100283082540918,0.3853290237847888,0.22830362287673941,0.2943745710687307,0.2941676123563765,0.28656530958436516,0.299202964709913,0.2459491452188251,0.25501379116057454,0.21620795636190754,0.2538222579791042,0.22644217136517572,0.386082011000716
0.27064331773205696,0.28823091406178164,0.2657167318578166,0.2636275637832901,0.25547899833234883,0.307630190682441,0.2749828452563435,0.28107794552229853,0.2573699669943338,0.2617114766273303,0.32000219774715877,0.0,0.24620266765252302,0.18004074335164838,0.2502833727325569,0.28102743038965416,0.25178412118510973,0.2135078165660079,0.3142175257189971,0.25482830114340754,0.30298161064174467,0.2608075871772689,0.2557000753695466,0.27678970331870284,0.3618755566915449,0.24023853501692272,0.2602218535976439,0.24049957755963086,0.2253323715366056,0.2738849660107675,0.3174672953046856,0.2700023565366449,0.24232799579488515,0.28934938799775944,0.25054206402112283,0.2674663886661503,0.29982087928454604,0.24825401311435935,0.3140476893954529,0.24166447080219358,0.25890822106651984,0.2715794329914928,0.22921985975840817,0.3008637944351544,0.26917264283110626,0.24035942332306642,0.23132588706348334,0.3044586554306893,0.26776136505919146,0.23798321004795792,0.2791621879208632,0.261436310187971,0.17995342769634695,0.30150407601375595,0.3018129722446847,0.2414185871455502,0.26873544823592593,0.36044546240699776,0.20665436116580407,0.23477366043918918,0.23123138566258697,0.17516087058162547,0.22770872511761725,0.200320091052957,0.19039153383236565,0.21187955182681392,0.24755763932804245,0.22121320454461843,0.2012020523731036,0.24259252224274974,0.23352604774579372,0.1966338360419624,0.23331734479415284,0.26313350590939577,0.2505539482683393,0.208204973054202,0.24567313573183822,0.288258788749287,0.21463292868264885,0.19930688232071025,0.2094141917866224,0.2613530134916764,0.2669314537121561,0.2069013728992326,0.2510753586653782,0.28620943419689077,0.24870121237146603,0.2304876441908707,0.2646654686094204,0.2669386311439208,0.2790239722007425,0.27511384895106133,0.2566459715922543,0.22703799974548963,0.2183554190314701,0.3543580745700876,0.1854704460700135,0.289231255980605,0.18343078445322827,0.2457484530078692,0.21602443198138377,0.22510422132040608,0.2686357181819536,0.28537127106489774,0.22617574535617896,0.2424711050285745,0.24722715571357567,0.272938422268473,0.22404919179426241,0.3320124645969714,0.38986666470847864,0.2636503459687302,0.2549443474673117,0.26130602489497035,0.21466160373250978,0.26445915157668054,0.23448209234687267,0.2718957275656905,0.2659434112928787,0.21663817736397206,0.22290496661789794,0.2268392170269061,0.22853611195812526,0.28199197557215194,0.1987259298499775,0.31851323728939307,0.1989849667692933,0.2681093175924388,0.2704893259943634,0.20589348864890566,0.22869668490665523,0.2368397531173468,0.21199128703619102,0.2627231880629062,0.27974143238310895,0.17802149513212323,0.2553763482311939,0.23548860869842778,0.24243597166440717,0.287816852532732,0.20409637954399173,0.2224807579067973,0.26198125655234533,0.2488578477482835,0.2937379400663659,0.3045786616855278,0.33600227257756193,0.21483519587585417,0.29839290950999303,0.18292222301832706,0.30377276810092557,0.2242730249053853,0.26666292176401446,0.23446216592220623,0.36983166381771054,0.25121578000879174,0.2494685009777955,0.33676574165396944,0.2158392818739137,0.2283094141229363,0.1746801228953706,0.23386036253112324,0.20915563559547676,0.2839397784625572
