0,1,2,3,4,5,6,7,8,9,10,11,12,13,14,15,16,17,18,19,20,21,22,23,24,25,26,27,28,29,30,31,32,33,34,35,36,37,38,39,40,41,42,43,44,45,46,47,48,49,50,51,52,53,54,55,56,57,58,59,60,61,62,63,64,65,66,67,68,69,70,71,72,73,74,75,76,77,78,79,80,81,82,83,84,85,86,87,88,89,90,91,92,93,94,95,96,97,98,99,100,101,102,103,104,105,106,107,108,109,110,111,112,113,114,115,116,117,118,119,120,121,122,123,124,125,126,127,128,129,130,131,132,133,134,135,136,137,138,139,140,141,142,143,144,145,146,147,148,149,150,151,152,153,154,155,156,157,158,159,160,161,162,163
0.0,0.5739718315715198,0.5659296503005932,0.5099353032940585,0.6370275405459586,0.5886918452616215,0.5529079734219086,0.598157656504637,0.5912062737811131,0.5473761002883625,0.6080237309756981,0.5284389711326685,0.6592283996624958,0.5218154927447359,0.5631367900093103,0.6357398841092475,0.6492195101009285,0.6699830322216135,0.5416191716896251,0.6796872137219028,0.6560147678459269,0.6069407851973226,0.6014709928986753,0.5682179937694382,0.6624745465416416,0.5855352890207086,0.5105844789392803,0.6544120750214263,0.46060124736273106,0.516375796904534,0.6130386924409397,0.605252106296061,0.4833450939966208,0.6238180909478663,0.6669197562825018,0.5093012744293345,0.7475065675146485,0.5653682389377979,0.5149684626944873,0.5413824741754291,0.4965460677111633,0.668856140361011,0.6100425422749219,0.5915012526728775,0.6194277651985685,0.6283421487023184,0.5741960860959257,0.5902584005506523,0.67133300134295,0.568755123710857,0.6109556222683674,0.6484851147687671,0.5582750451440078,0.5639916283478613,0.5188539046906653,0.6033324913334936,0.636230294651357,0.5781611683112841,0.5236347370131218,0.5477901109878452,0.6074716414579845,0.4620536175231083,0.6006457810508365,0.4865058584779377,0.5767275277310817,0.5912425580295562,0.6142084896342688,0.6639606677279458,0.5469892140087048,0.6467520488943026,0.7443931430794628,0.5543699241958912,0.5573361207449271,0.6327787456326264,0.5921378283759994,0.6854645727691573,0.5769971687614697,0.6263352906411976,0.5522184588452788,0.5114840414778684,0.577526343555858,0.6962905429104385,0.5656518688684911,0.532699911504802,0.5771238747599641,0.6019913748471163,0.6770085543847383,0.5412051508303004,0.6582935406003472,0.5207681363345001,0.6299872818276391,0.588927832215516,0.5558431990744229,0.608966598734666,0.6061227359159778,0.5543018376897296,0.5225469834115932,0.6095424182296509,0.4820354332911006,0.5925774774257785,0.5206588956002324,0.5613010755849868,0.5070047611555166,0.48404232735361624,0.575299621286006,0.6427386419748812,0.5515435474307527,0.64923964514785,0.5715891369941998,0.6326205248452755,0.6261460049742306,0.5740438358299734,0.6231489147724997,0.5585836065969118,0.5581640154142103,0.6002108796611247,0.6446914879394129,0.5568205142153325,0.5209774393036687,0.5638188556750436,0.5799687176152952,0.5449874122766436,0.6513843568814409,0.6714788836588592,0.5771994163685297,0.518689983583817,0.4878972339419206,0.5284869460069368,0.5286325558451646,0.563822911532381,0.5307101280446026,0.5959675430959915,0.5247177206504225,0.5611149704487027,0.5887979553252574,0.5610600823037067,0.5426994473298452,0.5569040548001692,0.5339563245476546,0.5481250679371644,0.4981826840295878,0.5419579424360267,0.6887027433711446,0.5496705862627922,0.6258109640557988,0.5199359920365437,0.6001162886998804,0.5422644015216781,0.6085043807614864,0.38840771430021426,0.6572301990963604,0.5223824437318635,0.5912545486653858,0.468170039941435,0.5713448553130978,0.6635410073681237,0.55234805092545,0.6175941555860458,0.49767896843420406,0.5734649914667715,0.5786278077890906,0.6066725964303639,0.5301194373070299,0.6724380972358006
0.5739718315715198,0.0,0.6102585799099534,0.5058664358829414,0.5587839745708907,0.6101182574498993,0.5124570435267845,0.7120486889633353,0.5544072623155777,0.6330349482145793,0.5949201765538911,0.6468375043130509,0.6029372654052038,0.48819648757975953,0.5977406107617234,0.6282009562621265,0.5781717386335483,0.5401525838983661,0.53377625532569,0.5797784763119078,0.5609824549915219,0.6293526429383121,0.5799575787221258,0.615384684612394,0.6232900272973336,0.5123418076757781,0.575118185516103,0.6080596350980825,0.5814310373903142,0.5308618830846173,0.6628481572175743,0.5172564342388172,0.556246489643187,0.5698367372211266,0.5791854583857409,0.5087291107706394,0.6219640036264603,0.5525822534441995,0.5773636405036388,0.5336141630336254,0.5609399690924429,0.5407780527354332,0.4975563292246229,0.5417288923116901,0.636143481356052,0.573965413138832,0.5192731799426463,0.5415385989475061,0.5580559968328472,0.48723211910778896,0.5001324945828349,0.5519809443964855,0.511198183638303,0.5719696462175761,0.5236907250427135,0.5833074958606572,0.5291450837527697,0.5953813969199157,0.4422162427523136,0.5385470116264996,0.5950881615668224,0.4219064661175319,0.4981214809869036,0.4495796484969921,0.45177156268465907,0.4685962673154026,0.5224423257869203,0.5213939632407261,0.4655284983955548,0.6031949691504517,0.5474757080290144,0.5020068127073841,0.43016529972460094,0.5319820735379562,0.5860201539154825,0.5556630131487831,0.4935410565052001,0.6714495579293627,0.542238199403279,0.4720330623625006,0.5255267309730435,0.5297847502951191,0.6594127574967072,0.5598589194911144,0.4702837209044713,0.6951326383609898,0.5397073856672928,0.4386445880724325,0.628227226588242,0.5880689637860165,0.5128467337237563,0.5367680808649264,0.5459482133775128,0.5132225637385787,0.48774681182714125,0.6889428025731861,0.4867935176341014,0.5833411137193153,0.4294062949687332,0.5327975342689739,0.5299080986748378,0.48464833192105955,0.4243610529345726,0.536598156196667,0.4895182016367593,0.5901705066550049,0.49353329556145115,0.6843193403669496,0.5690235129781707,0.6265912789823731,0.5278038154584567,0.4722325208275326,0.48059377286850175,0.5306734759760707,0.5304479405821321,0.6546787462281892,0.5631099039846589,0.5094870465649836,0.4704011318743795,0.5347928515648952,0.520811931741073,0.5209851719153697,0.5126681340437738,0.6449492264395404,0.4833050803809932,0.6800330709372324,0.42057586759009435,0.6326708544501582,0.5753370797436769,0.5378669148427176,0.5707579679226028,0.522694761009942,0.5016526316111602,0.5308975624622985,0.556999116841638,0.48712393521804387,0.636557017290844,0.5625628984264082,0.5762116651354079,0.5459948313547636,0.5175235613929738,0.49967273220144676,0.568240714540059,0.4812545683834931,0.588465701423429,0.4298029480973157,0.6479933149431015,0.6084451990013389,0.6518572837749894,0.4087345636484032,0.5406342177643986,0.5274528073814433,0.5494586489716218,0.49110904520796445,0.6005468601904327,0.5931073489728012,0.5593507530307481,0.6858588511033092,0.4983454444394385,0.462838660692229,0.5496056489370731,0.5300341167052774,0.48471679222356795,0.5605238084762809
0.5659296503005932,0.6102585799099534,0.0,0.49832887395859493,0.6060026319104086,0.5310860323794765,0.5536840190164296,0.5978018421889949,0.4888039103595215,0.7862540033981323,0.6182087190639589,0.5488031008080754,0.6231050492595331,0.4855578572416052,0.5832226288914257,0.6380090371143579,0.6109885969164065,0.5991287798420953,0.5113603256023966,0.5617257796512626,0.6063463260943123,0.7386713290813239,0.6071643396565829,0.5829267085231044,0.6429548725909564,0.523267922572223,0.5481371825998214,0.5953213588076954,0.5362869104602546,0.4801396622091911,0.5432919234520095,0.5632079582915477,0.4880987641326306,0.5332146110610291,0.5346164258997848,0.5023528841035552,0.6127713968232271,0.5116316662079342,0.5177561253725737,0.5544348951426039,0.4956854711383909,0.568007905030759,0.5662245296119511,0.5215192755474616,0.6140179914504339,0.5724188134661704,0.5325554044971993,0.5682742538147327,0.6338109149537224,0.5210246533057903,0.5451191169697842,0.523452212509514,0.500392144374902,0.5873350706806549,0.5470081492138045,0.5039540872388332,0.527788414283576,0.5518849613382918,0.529252393667496,0.5117853891389458,0.5856847006741456,0.414958409877075,0.5169146927174432,0.4703016592133843,0.4910741229498127,0.5003985650152345,0.5492094252475314,0.5871242328391274,0.5761218761692387,0.5974702978584007,0.5618123794543892,0.48929129500535773,0.46448088819572525,0.6196520879322232,0.5541116293702443,0.5195218319851563,0.5694118599475889,0.629118359162421,0.48883303784101834,0.4256186557390165,0.508753740669158,0.5400252373291308,0.5440411061732932,0.4897784376431696,0.4792524350694191,0.5441359292737821,0.528850699211762,0.4898292495004491,0.5638371733500982,0.468188441244892,0.5411472143439543,0.5037821469455132,0.5581575443661762,0.48892685741614367,0.5145070991064732,0.5644391800568332,0.47397919605678906,0.5324057097764643,0.41424686121859633,0.5304445907650712,0.47235802527134246,0.5647023760099545,0.45545509579771687,0.5205912870363758,0.48713210264985046,0.5744511898177735,0.5351297427066033,0.6228832336007738,0.5806003666975531,0.6196084477934783,0.5630969810819464,0.4845036192129722,0.5011554858782801,0.5076222728268495,0.48442564395300614,0.5322704691275281,0.5242385128580161,0.6408982637488558,0.519862802403974,0.472588831919826,0.5028190723834708,0.48510068726343214,0.4894423781211944,0.5754584352109839,0.45261674924887346,0.5682724023071463,0.43702982379988137,0.5347009970208337,0.5502677114597229,0.5577679586779373,0.4892417922387767,0.5376505067136176,0.45069424265234825,0.4560278052906123,0.5755439307442753,0.4918246738133831,0.5041882459805143,0.5316290296291732,0.6265510103931398,0.5159918880499599,0.4906353477640983,0.49576272786612535,0.5710216095681779,0.5143692307849389,0.5639862104547851,0.46592218613771536,0.5395426606471696,0.5634637667560234,0.6807339339836744,0.37328334697093474,0.5071465775930475,0.48942231509761774,0.5900977217838821,0.5437100630222413,0.5565783774487274,0.5763955124835642,0.5282160774087918,0.5816599564955091,0.46317885143823856,0.48098052986898343,0.5909921895947801,0.4733035325008472,0.47544682859951165,0.5234873043871634
0.5099353032940585,0.5058664358829414,0.49832887395859493,0.0,0.5569220472321113,0.48655341226005094,0.5669865793648172,0.49696712534900056,0.42248934739454863,0.4949741185475349,0.5647065009715303,0.48272374901803233,0.4976989969276252,0.4730036745297771,0.5745931214274481,0.490113468031682,0.5333266172901607,0.5354330084981774,0.5010143008194897,0.4554032795630988,0.5406965394329828,0.5103624344662927,0.5585789784301249,0.5158493579205441,0.5185866146261988,0.5795333822364168,0.49180218857345454,0.5646048757951243,0.5013740485551148,0.4058203289061413,0.49392580371892736,0.4609514666234862,0.6914392030103362,0.5130046512624958,0.5513107285360517,0.5113318599814338,0.5167296273240073,0.49524592334510437,0.4815736755395625,0.5571530607548444,0.6010293934547029,0.45639583823562113,0.5068712818377115,0.6067821234265005,0.5086677192316101,0.5115552172959995,0.44975946439026543,0.5210579125059513,0.5519515818862655,0.48059370068900215,0.5643150862333398,0.618504226760908,0.5082246300953699,0.6577472759216069,0.5538041330219182,0.43266549687082306,0.5015514325167627,0.5215160889388811,0.4747608769428741,0.4825233641067867,0.5297648478288021,0.4068593529896997,0.5600115292860945,0.42780125983717,0.4685364059473466,0.47024385696940557,0.5034365026433671,0.4802447205235093,0.47994967235000424,0.5319757460827018,0.5117648176355005,0.48610268243747495,0.461375049340784,0.5485948950888667,0.49601486358218516,0.4944164390530644,0.49435172720402015,0.5783665667214555,0.5171027917867768,0.436733118855085,0.5004705684430504,0.5294514440188924,0.4551875377513896,0.49517986242460993,0.49133405712399336,0.4937196333444787,0.48353355158754396,0.4653961853475527,0.5099722525335179,0.41014105643587545,0.5807048844441425,0.5126384420906608,0.5416465719366015,0.4841006500010849,0.5345740191320351,0.5212894437790178,0.4438279467715112,0.5176704006855044,0.42160852637706137,0.5274370957929431,0.4744707453765069,0.46718895906506036,0.5327627949122555,0.5368183863364308,0.4996299432222768,0.4863797064547487,0.4809803510941349,0.5129413680271668,0.5480090209979417,0.47071184968904445,0.5877544719120201,0.49912364477360216,0.49985584527652543,0.4701576874761117,0.557665507116305,0.5118453309840958,0.5211556253769208,0.45386627548071756,0.5686494217580979,0.5077150823714992,0.4826563652302237,0.569391551554912,0.46931620811428865,0.5615627942482312,0.45445202270196106,0.5501806418438058,0.42586286425396375,0.446980816962782,0.5437047299044279,0.5193816912156918,0.4045943357283398,0.4589748536789134,0.44267014709147756,0.49334128568011754,0.4769056405899254,0.46467445727476836,0.42182761140377417,0.5885910814801285,0.5228321162940401,0.4775231938482633,0.6938352120471144,0.4359243991388009,0.5377605054916357,0.4909417464376498,0.5209646214194338,0.4398620347459181,0.46777038401725207,0.5044717831488381,0.48145987045994265,0.35406258806940977,0.5357162401870456,0.5297485870237715,0.4951289197589609,0.4122370840647858,0.5541766786998331,0.4846121390370183,0.45812491694439816,0.5337566842995723,0.6679684118149588,0.5034770041485106,0.5888905522788895,0.49554947898809215,0.45829903719304954,0.5316087900694865
0.6370275405459586,0.5587839745708907,0.6060026319104086,0.5569220472321113,0.0,0.5157552901390725,0.6071617353607882,0.5841105560707264,0.5322421088017122,0.5746281252388407,0.595385837758487,0.5403111330962919,0.5675158646280009,0.5019964960381215,0.6373383335479145,0.6006782124010551,0.6462280003969999,0.7084558342857967,0.556221902498504,0.5719161436176231,0.6739671060266169,0.638951085204404,0.6991316368657234,0.5606091319573764,0.616498236879274,0.5729797799037682,0.5501845638601188,0.6216242217487433,0.47817022223276145,0.5099478671100307,0.5816884697828114,0.5619575148590772,0.5206928130062549,0.5656240074339727,0.6019969090671999,0.5415685010050036,0.5936946468819483,0.5600766452038237,0.5359175293118431,0.5697148230135702,0.5469732638805914,0.5962888158773182,0.6545215797043222,0.5748730892800439,0.5909411756223725,0.6339415436380912,0.5720342920475558,0.5391420930529217,0.6997172446428654,0.6014736513560232,0.6584357456407745,0.617110091110289,0.5840661864616279,0.6105929279396463,0.5526830333276737,0.5082097426702455,0.6131802045192489,0.6047929387234692,0.5517948069767682,0.5574348887919297,0.5503095597956507,0.45150427672980276,0.6011741294519052,0.4917825386300919,0.582561640017133,0.5464752227764332,0.55108481325968,0.5901870413495837,0.5973568831421248,0.6271113365794176,0.640487399077318,0.5413268572551168,0.5058269002732101,0.6553808459734509,0.5723764870408586,0.567701265989434,0.5797828880658447,0.6671755766314524,0.546881154081817,0.4457032652302296,0.5328300305963,0.6949233142951968,0.5378880734207188,0.4937492245860779,0.5599569753418676,0.5654719517574932,0.5457673201502057,0.5600302866271458,0.6057264326949823,0.46368473640544783,0.7196134886717317,0.5855755911152724,0.6243557547478596,0.5394396917350768,0.6100528936639041,0.5366919819088811,0.5022894830080805,0.5664816564948221,0.46411479350830676,0.5629098544586697,0.4872914655699632,0.5770781069033697,0.5403010692205615,0.5302173024737618,0.5668137977125446,0.6061152327447494,0.566791306253742,0.6016577823268258,0.6252743491225632,0.5408209587092484,0.6211618456153749,0.5842450140829183,0.5215621455716202,0.551673270370484,0.5478762135146323,0.5613910907518905,0.5851245798483893,0.5986886920665863,0.521648745850442,0.5284607888258653,0.5772963329089774,0.5700373583647925,0.5161102648687186,0.6347531851166999,0.49829124448975975,0.5299524709615668,0.48104690993434085,0.515348220324543,0.5339383911303793,0.5923555460015829,0.4890938055368443,0.5626301224881628,0.46378339543797703,0.5164844296330395,0.5479964301692862,0.5341391994224217,0.48876288929158995,0.5903014789293736,0.5762701811966032,0.5800940134421236,0.5142245110799529,0.5042221627370489,0.6968979540986593,0.5847139530766563,0.5828755719120482,0.5072491171165838,0.5822000793906118,0.5663799496364004,0.5969986378318778,0.3777669346414516,0.5855150576381394,0.5399251358906821,0.6603149539564097,0.4961328010778715,0.5895203371053279,0.5771519290735686,0.4924425869899652,0.5785564570417865,0.4978920000048603,0.5410959724086442,0.6057276344320748,0.5285462670472056,0.5346222476010007,0.6032011566662459
0.5886918452616215,0.6101182574498993,0.5310860323794765,0.48655341226005094,0.5157552901390725,0.0,0.4708534228251894,0.6169635598173046,0.5538314452685439,0.5537739686950158,0.5611100022831859,0.6344781807183109,0.538365119405278,0.4550218343919882,0.49201444793450966,0.5857648714714578,0.5540144976702528,0.4931338776696023,0.5905301051471324,0.5608965477533747,0.5706240463070387,0.5232069156544968,0.49689593637364277,0.4932115602124429,0.6552441046418148,0.48047691518347196,0.4500954539826275,0.5694289763747499,0.5040935236744918,0.5193535842565503,0.65500809073782,0.5499475366146198,0.490974553653131,0.5878371155630493,0.5837912724176616,0.4963167929648863,0.5958739988114338,0.5311486647557002,0.5262093094012138,0.4465767403007681,0.49862942493395296,0.5725570777467283,0.5017713145304565,0.5874007861696997,0.5376895161332078,0.5058633846489479,0.49966288521877406,0.5617251028498668,0.5163532800791121,0.4741882416442437,0.5032457565096176,0.5912313273871432,0.4947522868856092,0.5456527226860418,0.5089391666494381,0.6072149378112216,0.5256047391391259,0.6456780556611981,0.4241172601264853,0.4838380560426827,0.5762342255427203,0.43500852090580455,0.5414457506219063,0.4387192089052747,0.4595388052124393,0.47998901779851827,0.48194504992496867,0.5023239504631573,0.4438976051671806,0.5952216164801286,0.5418425738286602,0.47687450149878574,0.46497688757876615,0.4987216159875418,0.5889144956454538,0.5848258137913475,0.46804458872262605,0.5622999557786488,0.518506809289257,0.5221487176571414,0.5856923971683712,0.5454198510618007,0.5598234702925952,0.5496611449791106,0.5046830521036496,0.5839278143876562,0.6464192301115947,0.4419373974090572,0.5976483846852803,0.513653799254977,0.5145452816954227,0.5765541190616829,0.5147859080423666,0.5256011234578898,0.48839051718216075,0.662750935907788,0.5081549879339803,0.6799424287780511,0.4526777774442295,0.5019985808502325,0.5017925632124499,0.4883811760497255,0.45520495837668795,0.5459024114357497,0.5153905293228978,0.5301691145302573,0.4905687277931905,0.6377183550745374,0.47982408170690954,0.581853370627835,0.5707135778053444,0.48536638472854815,0.5325001489123974,0.5297005674079244,0.5084702333170744,0.5436185339193674,0.6448433085000169,0.4878019643203261,0.5095170646734504,0.5573666879623834,0.48043502966910456,0.5414090295761861,0.5793375135194374,0.598946549720851,0.5306079597606959,0.5857896035118741,0.43183422780046943,0.5118851531439343,0.5719317114391412,0.4634063940210892,0.5641118326905826,0.5508986426486772,0.49172183455670065,0.567459495070576,0.5362930697511277,0.47935652669417284,0.5585853985349786,0.4740063923917987,0.45924492891253166,0.519985585036742,0.5086335087175461,0.5234051846842747,0.5472539818851422,0.5007865438248218,0.5780045218280045,0.44250028572615413,0.5910645661287054,0.5233439172199988,0.6346035499305281,0.41990763735153547,0.5849069931148656,0.5501763577453943,0.4965833595001025,0.41191709645785723,0.6157706698162932,0.5479462370230278,0.4787929210477317,0.6240914183578652,0.46559388063903234,0.48830474408766994,0.5072220470966827,0.6115033945341894,0.494560225480899,0.5521457339772707
0.5529079734219086,0.5124570435267845,0.5536840190164296,0.5669865793648172,0.6071617353607882,0.4708534228251894,0.0,0.497489310646296,0.44396314200850534,0.5596831372557529,0.5100713837517031,0.4810496708057489,0.5551550441955102,0.4837145048692852,0.6010497916214796,0.4962574265230516,0.5236882122454833,0.5701469904431286,0.45254037328221625,0.47230123245742894,0.5335799154308863,0.5549737631020993,0.6607305892896367,0.5475999015561097,0.5511076991695386,0.5880223947801563,0.5148548391361141,0.5233505412447313,0.4458603100410636,0.4225214271287503,0.49911019446158555,0.5136512342997245,0.5275457689555514,0.5564404270313801,0.5377677078401628,0.49096412150472657,0.5705228390493294,0.44608664988133634,0.4409694229063961,0.596847255275331,0.47486113750597486,0.5220203330345622,0.5341329954525712,0.5286066613549502,0.5864311576518445,0.5525271873193582,0.5739757058605515,0.5021068039618762,0.6532024634210414,0.501483595138333,0.5838581944748666,0.5518298257209882,0.4663207603799546,0.5664151656650542,0.5105612296021738,0.48123553370430594,0.4820360387252662,0.4824152637595166,0.555893545087932,0.49166418598201334,0.49132712977515675,0.4119212391825843,0.4946682390386345,0.4443869632680676,0.48481851772887913,0.4764756485389179,0.5694923707966558,0.6074656564983173,0.5370798306273183,0.5048879419481708,0.5530086402479518,0.4718719344458265,0.47968705875529893,0.6180653675812529,0.45401465162625293,0.5007059869185497,0.550661134193328,0.6040566759211297,0.4545398588849321,0.3921002580817568,0.44803818862343664,0.5582025598649631,0.47615368584682105,0.4268587898560652,0.46613456959993155,0.4761551840718183,0.4727481222981134,0.5312488259403388,0.5274857282160946,0.4343418050622592,0.5866789155432663,0.5599245234751649,0.5081355521282063,0.4582034473562576,0.5154322460524582,0.518692702201061,0.4190346404933742,0.5385738203708087,0.41710393235451093,0.6082624707439946,0.4366751888756884,0.4959749615157659,0.5375238385988371,0.49482745110175974,0.4762030813835605,0.5339181126744946,0.48322568866695387,0.5173594511886525,0.5959836765719624,0.5266083767916231,0.6016646919283488,0.4826980987436068,0.5182740798707508,0.43393706149971295,0.48097667607955924,0.5075509455479522,0.4871356026503956,0.5084822997630757,0.5318738722195359,0.4700649992143897,0.46834983527828633,0.4748706053850623,0.46595671913390674,0.5454891538438619,0.4225450610317418,0.48802785603589316,0.45724856780790013,0.4908697331873318,0.49388036370783284,0.5287568442384788,0.4233381488805482,0.4463835442588934,0.40305805561967845,0.43028750593555387,0.4689489280079621,0.44636002879223313,0.431540489231072,0.5785818731606726,0.5419805436545784,0.45260079350818644,0.49643543193323103,0.44258176793802173,0.5913293628741131,0.476423997947143,0.492839959158309,0.5757359561294936,0.48419205206492943,0.4754154191866108,0.5090653038896541,0.3304876202174938,0.4897047475293631,0.44125873382731157,0.4904252448411161,0.5385622437390589,0.5054831235277077,0.5054090844081642,0.4611428137874496,0.5419466275857506,0.5075281240673784,0.4978983529635697,0.5465703962896997,0.4461722457215305,0.4297146962835604,0.48981658061437544
0.598157656504637,0.7120486889633353,0.5978018421889949,0.49696712534900056,0.5841105560707264,0.6169635598173046,0.497489310646296,0.0,0.6276370441144656,0.6032207672944163,0.5788580622026581,0.6757386594885099,0.5794495826498243,0.4649363046501574,0.5910650542699778,0.6551504923455649,0.5997713049821409,0.5675985172533502,0.5876724485112166,0.6093791951475936,0.6093184342703756,0.6144276392635164,0.592727875256831,0.5875370102738161,0.6528175914846837,0.5078152719507887,0.5562995949388422,0.6234978559020058,0.5107457038478583,0.6085812174311236,0.7126883669907369,0.5291660347072819,0.5197182587916906,0.5737175536167038,0.556560007204248,0.4986585441188681,0.6152822626798898,0.5825154078137864,0.6031212209446576,0.5096973149257478,0.5551479680214316,0.5877685871590622,0.5350327331043725,0.5328009299969074,0.612452459698691,0.6167655173676496,0.530361648054484,0.5219532490963178,0.5595609748169115,0.504946024099705,0.5205042294905883,0.5698092057966143,0.5364186003346247,0.5531171777638089,0.504884412601735,0.6073667279909915,0.5763099044170341,0.6728469949683147,0.44194004073645127,0.5417987054079726,0.5958878032059364,0.43242081624241613,0.5303429314040154,0.4443464497354172,0.4815252816067639,0.49828983468327404,0.5131311120712182,0.5326526699446145,0.47311497592918644,0.6898681967890591,0.5793137230206258,0.5007712856793093,0.43686151836807957,0.5423364015318657,0.6358060636134029,0.5796391299013484,0.5044167641669085,0.6516797986491775,0.594102376324283,0.48983765562412424,0.5631085512449797,0.5839332829239469,0.7157415422116348,0.5606518746674072,0.5042479232245132,0.7577108755460442,0.5844152084758429,0.4517779827908231,0.6830553043795575,0.6033794111792979,0.5377259714083945,0.5502069657048181,0.5491680927929379,0.5373086853458056,0.5065655825919794,0.6356741005289349,0.5182306694715543,0.5987672820314043,0.4339250423182838,0.5226358589151988,0.5098996062703007,0.5268449468361642,0.4394696752178864,0.5451053917759215,0.5119039884969686,0.6352733015793057,0.5260269972042938,0.736960125630113,0.5633439164525289,0.604325325065261,0.5342670657173162,0.4992655107394581,0.48077214117846095,0.5897644256348731,0.5356514063473278,0.6596236710518736,0.6088898023393794,0.5237230751252347,0.4585932381016011,0.5385908127123616,0.536281352947473,0.5713942458327002,0.5193615860760484,0.6914104967058613,0.49565943995342704,0.620060647409177,0.43014814046743693,0.607455938945277,0.5435749123396412,0.5330914990160862,0.6264890288732958,0.5831098182518026,0.5148214333186883,0.5545751884331724,0.5655491211072883,0.49884442384066585,0.6582241359095777,0.5297376425301736,0.5487857025729117,0.6276755270488052,0.4982267933635482,0.5008909133897694,0.5981673927746569,0.504565079023215,0.5979140566241412,0.4337471087728923,0.7414318161209481,0.6646332833808868,0.6725110147024789,0.41152289898046873,0.5812132427998297,0.5533350992383013,0.5866273172373623,0.4791826425154452,0.6597825394731097,0.6380230562747933,0.5439217257692577,0.7276408747555742,0.464657751150555,0.47474716312760745,0.55624427165592,0.5542911906888435,0.5462487847586556,0.5958925838703183
0.5912062737811131,0.5544072623155777,0.4888039103595215,0.42248934739454863,0.5322421088017122,0.5538314452685439,0.44396314200850534,0.6276370441144656,0.0,0.4890215989270756,0.4875331738941504,0.5610940043587104,0.5042051326191993,0.42113241492202713,0.497618035943813,0.5454939180131007,0.515835282289688,0.5188476670968528,0.5286786477382364,0.580543317433566,0.5298737319352363,0.5238542548949104,0.5105730765072916,0.49949788584456317,0.5653315370715247,0.442460798005989,0.4750533840473277,0.5275469322907247,0.41457700687035526,0.7167669787888131,0.6225823267677423,0.48569728014741725,0.42960099177659966,0.5049101022703256,0.5060814163571538,0.4317764795694381,0.5437386566114916,0.5151816950335703,0.50245350391772,0.43642570321207674,0.4554812958389537,0.6270929306663576,0.4845686827869657,0.4667347644967986,0.5086170140846518,0.5310065873056713,0.5090415215605444,0.45386315929458937,0.49236516447190115,0.4640050034221233,0.465968646176311,0.5063348945629697,0.48584774155855237,0.4523442359256442,0.4226307327915877,0.6495015660607032,0.5328930639426822,0.5776210996685632,0.4038747120870389,0.47678023544291526,0.49075502803414894,0.41154093835540095,0.4780936074401369,0.40946249070667423,0.46590487875233444,0.4656743633560749,0.458976945604313,0.5038329668584044,0.4311189639230429,0.5927343616439021,0.5428018966225003,0.45409023807840365,0.4207968288847318,0.4720579656580829,0.5507336349627856,0.5414689136712587,0.4454278610624406,0.5216973173238911,0.5118077895903224,0.47042157635612425,0.5086626317819609,0.5659378766592768,0.6632317574464385,0.4798800864502485,0.4757781815968218,0.6275417164989852,0.5528396942744997,0.4262230911042054,0.5806700968217946,0.6116499734119255,0.495000840324635,0.5158358480904093,0.4679913468306797,0.5014296568958833,0.46727750308077826,0.5278224540382102,0.47505728635874617,0.5392395972960101,0.42159173175812686,0.4622979130875677,0.4496974191675506,0.46778641738417115,0.4076077284439388,0.4638800225627559,0.47461908599650465,0.5549739603494304,0.46125645320507885,0.6119721636539495,0.47164071187963846,0.5365295604907345,0.47178727531743314,0.468178983793023,0.45058708660408076,0.539637950362116,0.4667776708330563,0.5814660815132153,0.5562491203817675,0.46999579149571247,0.40287153715429225,0.49948762104901706,0.496096950511983,0.4965361408427585,0.5023864016094379,0.5755945404900188,0.4934129432081664,0.4759758008016971,0.41073707662616293,0.5140160765036524,0.44535585486590035,0.45878392331450346,0.7145116307819737,0.544071530916825,0.4779293295350985,0.5329353331434561,0.49544920599669684,0.4669989489946695,0.6280096822859345,0.45220420577289816,0.4513461627909017,0.560203073403855,0.4219374885042801,0.46556109306411325,0.5443763320771692,0.46094439395875564,0.5109463465196087,0.42232234027320326,0.7254300560806787,0.5264666254911103,0.5578163637633377,0.3906504638553698,0.5401948994370498,0.4862808311459393,0.5223165030539526,0.43314909041416605,0.5443772899807645,0.576777535074275,0.4917134713353032,0.5879460328767379,0.4057504802278352,0.44045530152726775,0.4632385608041414,0.5376492838495288,0.517637998649709,0.5717090676589692
0.5473761002883625,0.6330349482145793,0.7862540033981323,0.4949741185475349,0.5746281252388407,0.5537739686950158,0.5596831372557529,0.6032207672944163,0.4890215989270756,0.0,0.579091810328641,0.5933956794402626,0.5874893013441035,0.45929632891418015,0.578418628885878,0.5965762990623957,0.5659401730700969,0.5496616677901415,0.5172848773870898,0.5325873829838578,0.5788878166402766,0.6723224838215418,0.596244802193821,0.577628565398948,0.6697450024513939,0.49902422754335907,0.5233748402395698,0.5646199319766717,0.53522353181491,0.4863760995114337,0.5603886487048582,0.5466764495838388,0.4949019900693158,0.5409363619827405,0.5203333503523437,0.4873058225312427,0.6005710081888888,0.48544821405316163,0.508963591281059,0.5238273585896634,0.4885841023977959,0.5678166095085196,0.53349902182262,0.5195828612709368,0.5997481792970816,0.5465113135162277,0.5353231970073519,0.549632719243904,0.599466200586776,0.4868353969969478,0.5199622805783023,0.5157085620964387,0.4742185699186303,0.573112218140724,0.5285873691021821,0.5227758682203187,0.4992022102005999,0.5552072658103725,0.4927001737370104,0.48866845985769786,0.5570351210900006,0.402240387320428,0.4930403787403711,0.4446505888312241,0.46355332457253107,0.4721312949255466,0.5202643901637378,0.5667264212580657,0.5180956823309938,0.5794003515907612,0.5339714418115684,0.4629380304294498,0.44171046837355377,0.5722399644724212,0.527652840653374,0.5108211767394835,0.5271243030391352,0.6178932427570064,0.4750905895146128,0.4194956847285693,0.49831035122121586,0.52500284957333,0.5605708812850482,0.47333304132142623,0.458985655932403,0.537949045236262,0.5182203765518102,0.4653082189330958,0.5582185513711744,0.478890059254449,0.5161681442808201,0.5166171091663473,0.5294776769870854,0.46953029309629246,0.4826247859693703,0.6133720325378931,0.4555046192155981,0.5571228456882186,0.40243960190065703,0.5197661578915275,0.45739411934520224,0.5308452638279495,0.4488284242860884,0.5567485961774483,0.4661316680701563,0.551246202139214,0.504980033795023,0.6295238569777699,0.5527948342469667,0.6346193068110091,0.5630070729167693,0.460229349897297,0.4860216906818121,0.48401713911704614,0.466314219138636,0.5259496213446463,0.5218360435534355,0.5969300408122219,0.510853798721056,0.46426519268890837,0.47102963763647054,0.4759197939699198,0.47697614748932415,0.5733359133719527,0.4378955644128072,0.5870559943397659,0.4209464806811561,0.5358765990630687,0.5460267890772267,0.5155076124020626,0.4988175681345108,0.5084466656609451,0.4324155574862956,0.44773373425312796,0.5464729546376723,0.4640518735495608,0.514691451121939,0.5105875225167631,0.5765046384880266,0.5046070930387411,0.49098687073607994,0.476991615959132,0.5525828828292664,0.4870179474740297,0.5415632401342718,0.46427520433968367,0.5472544410455554,0.5518976253463601,0.6944704899186217,0.3662615365055275,0.4968950259110741,0.48368294935833805,0.5386234115792322,0.5384278796034356,0.5751196243239656,0.5587154832690808,0.5093166478717696,0.6087274403883683,0.45582148208523077,0.46071518221768853,0.5598297306317214,0.4680095957285127,0.46184566028546187,0.503793360551388
0.6080237309756981,0.5949201765538911,0.6182087190639589,0.5647065009715303,0.595385837758487,0.5611100022831859,0.5100713837517031,0.5788580622026581,0.4875331738941504,0.579091810328641,0.0,0.5275075420323,0.6097369466272776,0.5143509591051338,0.5801321171895182,0.6536577495635832,0.6663966068560601,0.6260263196522334,0.570567210078976,0.603248355639116,0.6486915929794015,0.6587240355570586,0.5594890728398374,0.5828698069563074,0.621017978116918,0.5588350978844603,0.5223121244139599,0.715614260300429,0.5883829078818187,0.46178798228183127,0.5579298019801459,0.537681035979614,0.5361409853830997,0.5331880218239247,0.6189460480499182,0.5248487632106672,0.6316476275964901,0.6053877798834446,0.5785447004038126,0.5584785509679766,0.5722260158964357,0.5230446438562926,0.5769989435437136,0.6256532385659161,0.5650112636309425,0.5621989229432703,0.46486425680358695,0.6831657649292763,0.6198117973977136,0.5354999911760798,0.5720769076904586,0.5956079381402396,0.5716631872199172,0.6710565957626307,0.6029572056701493,0.4781634222118414,0.6040791317152913,0.5823331073603796,0.507456004711277,0.5248634705050859,0.7159698904068504,0.42631874610478154,0.612939577641192,0.4770822580235761,0.5236535081764042,0.5435158935872689,0.5566002115636643,0.5371844880886665,0.5436572706974503,0.6622273953877716,0.5901059607615627,0.5486907346932441,0.49834343496188205,0.6045100500561399,0.6426636229085276,0.5761401667585059,0.5574138364258694,0.6190585699294803,0.5650784421642785,0.5102414115260516,0.6043635285273556,0.5602686921209566,0.5226313812250862,0.6042159571975763,0.5349064357927307,0.5782977711368865,0.600279470719912,0.4817710490814007,0.5694109936404748,0.45737859788254387,0.5693422110910805,0.4954037064669668,0.6146587146432955,0.5788946502095866,0.5802058192334671,0.5607035567726195,0.526111136931388,0.5253862773112862,0.4427496637404592,0.5190326368517972,0.5557954699014471,0.5467840006160396,0.47030051466590006,0.516117386124808,0.5401897155766348,0.5475372779886752,0.5459836557663916,0.6198817622755792,0.5617722388824786,0.5836077869052227,0.5980839721223831,0.5336372314404143,0.5463054500182023,0.5722025384563703,0.573883969685415,0.5531238494374644,0.5940587303242888,0.5724882631284112,0.5607795047723962,0.5216231367109825,0.5681969789058392,0.5513460637942127,0.555888579030361,0.6321073699480929,0.5493148342649528,0.6224942458981054,0.4346374175000335,0.49293837076778796,0.596345840664373,0.5869800372357455,0.4666510260151063,0.5802861128550265,0.544952097747276,0.5509699073045345,0.6590747490132244,0.5782378341998888,0.5084191600515972,0.5732037546825055,0.6079015202455359,0.5520280792608763,0.6014157400445493,0.518030753236872,0.5701221595430077,0.5486425100495513,0.6644233696555287,0.4289895654285714,0.5306155251548539,0.585554152789212,0.6103997563695963,0.3990256862737166,0.6140516337335878,0.5936791946672384,0.6299749904927311,0.4336340682364149,0.5892435346756479,0.6041160581061772,0.5823342659609912,0.5750845791384505,0.5656696761728219,0.5317863173535461,0.6484148765334355,0.5724796705648129,0.5158032711974455,0.646250017565742
0.5284389711326685,0.6468375043130509,0.5488031008080754,0.48272374901803233,0.5403111330962919,0.6344781807183109,0.4810496708057489,0.6757386594885099,0.5610940043587104,0.5933956794402626,0.5275075420323,0.0,0.4924510899583606,0.4141796897846104,0.547929739875061,0.5499828507872305,0.51706471896658,0.48802033434103564,0.6194388238892428,0.5182994721740107,0.5530925049633223,0.5454335808527694,0.5336655640099615,0.5249110284789507,0.6465538732422117,0.45051848879329054,0.4741857172885235,0.5352153779065244,0.5049379945724167,0.5775326301096608,0.6969096196250416,0.4909105036966421,0.5115703137529372,0.5377392122349275,0.5164551927694732,0.47215662216086574,0.5389697968967836,0.5038837326851617,0.5601075184237048,0.44703758331782123,0.5249082989353062,0.5480687940675579,0.4923282166656812,0.5300629780136804,0.5281965888308333,0.5106545027375718,0.4964448872543138,0.49827161757719746,0.5056678361651001,0.4527607874705206,0.4787646516899988,0.5314252710571855,0.47391099373631057,0.5306410708220209,0.48501539170561037,0.5616788748316016,0.4988110300359597,0.6727602154404883,0.4066846046321458,0.46883586689663925,0.5152251802051071,0.39753883982361743,0.4912961844268212,0.4084244136743385,0.4381785127969879,0.4405913297708987,0.4451721367209743,0.47768619438606086,0.42762648890316973,0.5977870276645292,0.5011607686254176,0.44281639792547506,0.4034854431161345,0.4777403423474592,0.5465421303593699,0.514197985330211,0.4437856625190797,0.5687955485009228,0.5159457420109321,0.4494399685735707,0.5212405815853307,0.529691241799245,0.6282318858770803,0.4926514478443423,0.4585153365102669,0.5992029866743359,0.5311439648198685,0.4168061842002838,0.5681275040062662,0.5257557913059638,0.49420614184863715,0.5490133427914075,0.5071446968420057,0.4724850978860897,0.45086266573359285,0.7116309279733609,0.4681713126943441,0.6147724142371856,0.40602418716083033,0.4673554669505672,0.45761636193655125,0.47493704685878313,0.43161654862370435,0.6490191271269073,0.46638152947000905,0.5192566314335784,0.4677692333396372,0.6439895567121513,0.48831702699528823,0.5559302031495793,0.5272911539947269,0.452561930324293,0.44396461842745766,0.5051451418943774,0.47379234626410277,0.5432497908743927,0.5695994823761256,0.49551276489429963,0.4546707481068561,0.48841381266230716,0.4610151188396499,0.524181620021734,0.473628513887311,0.5962348657440728,0.4557445605457072,0.6212851935719023,0.3948617675340175,0.5262353578982444,0.5274492239790656,0.4576947760963792,0.5743899875237085,0.5069885104617368,0.44145444320192695,0.5084103831391825,0.5118264533625994,0.44866483153544245,0.5914323739724797,0.4737561139966176,0.4794271192520989,0.5607151419016352,0.49633977175409494,0.45846534445000314,0.5253708781894089,0.4681200067961487,0.5297189346218673,0.41970676184394656,0.6605067736846931,0.5585624996934,0.6520372376541931,0.39035814264258123,0.5345992212825016,0.538893982790842,0.5054837557842559,0.43841661610713284,0.6812092873212302,0.5359590746396822,0.4675285902800698,0.6536580224562701,0.4419868943340609,0.43272920882194527,0.493825251602088,0.5198308443348391,0.4896588921952834,0.523490222797813
