0,1,2,3,4,5,6,7,8,9,10,11,12,13,14,15,16,17,18,19,20,21,22,23,24,25,26,27,28,29,30,31,32,33,34,35,36,37,38,39,40,41,42,43,44,45,46,47,48,49,50,51,52,53,54,55,56,57,58,59,60,61,62,63,64,65,66,67,68,69,70,71,72,73,74,75,76,77,78,79,80,81,82,83,84,85,86,87,88,89,90,91,92,93,94,95,96,97,98,99,100,101,102,103,104,105,106,107,108,109,110,111,112,113,114,115,116,117,118,119,120,121,122,123,124,125,126,127,128,129,130,131,132,133,134,135,136,137,138,139,140,141,142,143,144,145,146,147,148,149,150,151,152,153,154,155,156,157,158,159,160,161,162,163
0.0,0.47787384005423766,0.41933578618738554,0.5536391228836076,0.5411268670568552,0.5007834623378646,0.5113071273329833,0.4894658670339069,0.5774998632298928,0.40235697717104396,0.5063268313386681,0.4449822540740059,0.5895893759424325,0.5661740163534754,0.5275350764783433,0.5292196927884618,0.5979078204459072,0.7324736755607897,0.49210986971305254,0.6461193181074542,0.5946008218558356,0.4845013443315447,0.5440454218168208,0.508081890978115,0.5411029710974301,0.5332686141207712,0.48515910323166694,0.5613049325512823,0.3553197268560355,0.5303733516116316,0.5473069624087623,0.5396752128584841,0.4978725298228602,0.5318279351020193,0.6907849875757134,0.5455142889966109,0.6131647860289738,0.6069237811567534,0.43897759981455725,0.5159072450947034,0.5099175138138624,0.5832567359695409,0.5956662856683291,0.5909250116337921,0.5519780254301451,0.6443793383690228,0.5511553565809815,0.4895946772966973,0.6022843975109786,0.692857806608802,0.6603886857096759,0.6612055012531074,0.5631398674594434,0.5008397785947313,0.46495279434555487,0.5855314835094646,0.7322666740287743,0.5113285472904558,0.5199127049881782,0.6767363385711621,0.49253915605305826,0.5893613298749378,0.6369818760731456,0.5241770748512447,0.652839280571572,0.6633171625608482,0.5509790778367507,0.5761811817718864,0.5267658451424035,0.5378876514949109,0.6672140312891451,0.675455515515995,0.5798719561379374,0.5995397040442694,0.5473720382552701,0.6300613405093337,0.5157349081237836,0.5195268906622154,0.5319573131065526,0.4893395257450964,0.5290946230085395,0.6339131321085342,0.5279608978474698,0.5321723369513081,0.6649630097291066,0.5817999466892829,0.5253246240954552,0.5753596225512133,0.6416037753516325,0.5312978159636962,0.6863992552606848,0.5899459912624716,0.5566413289572036,0.6644549037967697,0.632761008953258,0.46382724670909814,0.5004904487222251,0.5556390327049542,0.5741926026455886,0.5902307355147397,0.5554015942639897,0.46084944214914,0.5699296016443208,0.43646349591928685,0.7321258680101879,0.6216751397440207,0.5721464045371296,0.5198369264495841,0.5696151936941286,0.5163896256118915,0.5660060374027208,0.671272495797008,0.6124726060331863,0.5349930145563786,0.6466937694169321,0.5834603082490613,0.5877389290956093,0.44505858447319013,0.4860007736753398,0.5928406100031686,0.6391118840999221,0.5137712279778103,0.6028871771092447,0.6069800797712889,0.5672311916883437,0.4240983409339982,0.5362708561760564,0.49961317316160325,0.46151339420149357,0.5790322642246445,0.5366569216397019,0.5521640971389272,0.5315003878994722,0.5398943651583458,0.4959773542658612,0.57243437834409,0.503457542762747,0.5573521304145599,0.46017973896744363,0.5472599450047888,0.5028738652133394,0.5554774862810852,0.6328032067512749,0.5476613073617047,0.5652837400729402,0.49201415471209237,0.5490463247173287,0.479172862882728,0.4532893060157154,0.4369333531430746,0.630295270570039,0.49506009819906843,0.572492799098574,0.44987951338489124,0.5232181453550081,0.5946197683208199,0.5303384332471556,0.5549948289880943,0.5231238432247608,0.6228052776911682,0.5130040841771822,0.5987101897680627,0.5078790047313816,0.6222122411546629
0.47787384005423766,0.0,0.5539949656999996,0.5349055612839599,0.49570891051289045,0.5659841621855425,0.4864939965503778,0.5002668238973432,0.4630783325603021,0.5752701060205223,0.5887300867775057,0.568733332163118,0.5271696031016411,0.4987799941936934,0.5687077277895751,0.5529508187198101,0.5472034217888279,0.5014799563206007,0.5346912207195073,0.5221455453286892,0.5727585860445605,0.6539904587349533,0.48010785923165084,0.5625116399911242,0.5926435443717635,0.4155130024917535,0.48655260292634855,0.49746954830978507,0.5399022464896354,0.4818347354543638,0.548452134881423,0.5005110112071776,0.583060517893984,0.43814747433072126,0.524627140850276,0.5799540361249004,0.5168250931272799,0.546866265676606,0.5483141615728886,0.4895581986609859,0.6234905477107473,0.5003523368164463,0.4689784725046693,0.573514355637938,0.5078387459554241,0.48771907529081965,0.4523563703203924,0.543556857764555,0.5232496011040871,0.5020603311692488,0.4914778873504496,0.4733187587352995,0.5181260760177898,0.6490003067213517,0.5728555684126182,0.5070308640847493,0.5018130624609962,0.5209652665783054,0.4759876829357777,0.541576309743518,0.535531946664909,0.435665271846008,0.4714316278367088,0.49401525333870244,0.45802450906462044,0.45315729616206196,0.4645313337961493,0.465780928975835,0.4592313644885919,0.49548596846170706,0.47066167554151095,0.5129977141979909,0.40951871962037567,0.5127786819495522,0.5673898671130536,0.4754207313838,0.46196030651443015,0.563559759680862,0.43712047472016957,0.43890059173131507,0.542064860750549,0.4595314727856844,0.6014137576704692,0.5269717492878322,0.4514095411509973,0.5469897472882971,0.4384238873997592,0.4197909558870185,0.5065752758841955,0.5031384681142902,0.4628083079500226,0.4922664131438135,0.643378557794017,0.48293272662216846,0.4809879285383432,0.6335394305896681,0.491480374433139,0.5039936910178815,0.43106709305785956,0.4576126295327699,0.5859616184416586,0.4309329567144453,0.4127806861248013,0.5774145758502547,0.4739669159944398,0.4722356442308925,0.5181315300517173,0.5335533159021427,0.5378443168994791,0.6330982081180708,0.5258371082126699,0.450307986555743,0.45324949798100583,0.506148306098552,0.4686930931368227,0.48489083521383675,0.4984738817613547,0.5131000062637575,0.5165682413423336,0.46425687172065805,0.49593281357959074,0.43446367737791153,0.44556412976004667,0.5585663828639205,0.4632309093111666,0.613279484871547,0.40664934679232767,0.5241493183330315,0.5864208972929964,0.5361644966732958,0.5334147484644023,0.5199687844544882,0.44997958104590774,0.4637768075132574,0.5910606433262566,0.5287482959253766,0.5167369935972943,0.49854134403976047,0.5104496231502059,0.539130189007902,0.5961450553035398,0.5557415608334803,0.5091387360963151,0.5313126982336,0.5968312010034711,0.3694839914803776,0.5429645840170051,0.6044907212809575,0.5618667571213598,0.4983340500443036,0.46062428417875567,0.5884405210413306,0.5787407917014407,0.5138830289335992,0.5880979377845383,0.5288861847432521,0.5450759826003251,0.5705238206822123,0.5104629301776048,0.43755101432159654,0.5674870924027373,0.48221356469243815,0.47522437433370146,0.4790793257291327
0.41933578618738554,0.5539949656999996,0.0,0.45996996695051806,0.46182021365726833,0.533258953660045,0.43834580769782205,0.48396424613579553,0.3871577719236249,0.618102600412102,0.5729733451250565,0.5377798380117049,0.5181487381140313,0.43933129379364394,0.46653635837599394,0.5829674257685811,0.5092533088804755,0.4340978871621843,0.4579739316849149,0.4534414293439468,0.5185711065138473,0.6123113456117566,0.4262066169302453,0.4667607019718152,0.5392706217268309,0.40615318349743196,0.4377754512633866,0.44301955149432876,0.524351322807624,0.4243908079907943,0.4588337872320978,0.5220233965248375,0.47345786851305244,0.4159275446919652,0.4393979234546023,0.5602118086147173,0.4868409003733354,0.45818453225311434,0.4722606569543346,0.4315891414811835,0.46902543028891835,0.44906120873352323,0.4723519542267763,0.4957573425812302,0.5013318960692756,0.4309833752186725,0.43753424973192717,0.5827351306854861,0.4693722172860616,0.46840885091805334,0.45668447308296795,0.4246847263569678,0.405939915853193,0.5893379524858454,0.6098774241577376,0.422215937727307,0.424400042092395,0.5108122820749361,0.4506110536387494,0.4614594987572733,0.508505961539812,0.4087887166715798,0.45289082639022,0.4749234620734257,0.39397549966784495,0.41012250420811514,0.42278287318653646,0.4504850911649089,0.49746505600089536,0.463353378799864,0.42466953334413393,0.421745745107714,0.39074651533335397,0.5007851261794497,0.49822149885165024,0.39379956096063484,0.475819704476983,0.5017904686470388,0.38657311980320674,0.3648522825099808,0.44624482418961525,0.3996666881916265,0.46934272694033585,0.4601988925381468,0.3996389005575495,0.4474473175253905,0.42424673966093057,0.4040841758181374,0.43878667129391796,0.40348310504074986,0.431206175694042,0.4222609447210408,0.5531108635611648,0.3954354445450803,0.40751030714946646,0.5558795658352085,0.43813013507186926,0.4552853838644599,0.37770612820368316,0.4206552673574402,0.44813072260918846,0.4672680645124288,0.39416278959787204,0.531931497908792,0.427021634767022,0.4470950947758457,0.5056779598674657,0.4717089523638873,0.46462443253075425,0.5484457456059951,0.49240031967081016,0.4017856161483473,0.4259450831995134,0.4275224979586004,0.4048787948102147,0.41233870459294375,0.4130961827505524,0.5556829954251099,0.5709184420047019,0.3981839687085764,0.41630839802561737,0.3979499624997405,0.3964129994509375,0.4494951972175744,0.37202432210693276,0.5648545200738019,0.3876568272048922,0.5272940427792412,0.5993794134812519,0.4621378995247523,0.44329547093342875,0.4884905495155805,0.38383087993955156,0.37565148405921167,0.5284499396430526,0.4206791940462659,0.43630327923625317,0.4261412417910677,0.490377805828408,0.4397953698636769,0.473761917815838,0.5214418755498587,0.42409205103380726,0.4818789464760546,0.500535082543986,0.37257316527413786,0.455320797852322,0.47194907631861543,0.5622539294339938,0.45073798048993086,0.39794705028410915,0.4315417024215837,0.4971592952013321,0.5402490734041187,0.49756216613783505,0.45024516659645525,0.4436667605570783,0.4914686351015583,0.4026940036740162,0.4019266692233939,0.4633597896015351,0.38480085442118844,0.38485379585872187,0.39660501420344363
0.5536391228836076,0.5349055612839599,0.45996996695051806,0.0,0.5101339748668038,0.4957628905175097,0.5531184587842988,0.5358128427829078,0.4983904142486792,0.435980377042581,0.5605983050556147,0.4647132674326523,0.629162689025579,0.5897244725678807,0.6001396842162637,0.5291604386507162,0.5569866674401689,0.5902774830103215,0.4600679366510415,0.515904760522952,0.5621411457847537,0.5510728569931838,0.5387851445639087,0.5662220402015882,0.519333964590865,0.5520267099090275,0.6026567800361474,0.5428055781211861,0.39141378939346433,0.4646512881667349,0.5257420634746739,0.49319484955942977,0.6629308721392384,0.48864299744547257,0.5575135229415716,0.5712844484594557,0.6145554429116133,0.5679933768027134,0.481691053472706,0.6083023994653769,0.5647197718002315,0.5153806206124564,0.5019237308844223,0.5569029869420794,0.5976136865870233,0.5887853365205573,0.4616549162708464,0.4959024140346085,0.5687850907091275,0.5589369014600184,0.602669121670545,0.5445107205687375,0.5077733502082411,0.5978113299743048,0.5162826323131314,0.5266999589202335,0.5623740012483476,0.506344404106759,0.5054025983623361,0.6650665043283652,0.5808222881898567,0.5051583869132775,0.5274554097611631,0.4832393461344626,0.5001312676874434,0.5287916086716687,0.6580315328221925,0.54672136279114,0.49615379567889256,0.5511168588235771,0.5750101581909131,0.56932123731656,0.4924592959900274,0.655428210645013,0.5354007100227213,0.49693817090897446,0.5901840842022286,0.5803252475225736,0.4884473963670927,0.4448297014104137,0.4865077232018069,0.5576154634299776,0.5465891111076994,0.5370643270767465,0.5243407384666874,0.575455012671804,0.5004831804061561,0.4965647525547325,0.5736842420994104,0.5882150311929742,0.5771776058226246,0.5331938605049511,0.5551629255934185,0.5279468489920959,0.5880827230639659,0.5038995787452533,0.49158630548875676,0.49848323955394996,0.4732367710170678,0.5987566106437003,0.5945955938249784,0.4782206934481056,0.4981374146079745,0.4443151340021657,0.5545384463178182,0.5569431121382337,0.5567266030051093,0.499039995845703,0.6026305033587936,0.5325696791183743,0.5570702986022418,0.5384948494842345,0.5563087823685552,0.5413928426980688,0.5631065264716346,0.5861198839698897,0.4768838898255661,0.4340071818147922,0.48932417554776536,0.5590883898635713,0.5606381129569481,0.5337450840989343,0.4753354361310464,0.6068033519757496,0.47046390800099597,0.4736032397773383,0.489108556833333,0.5932214040566334,0.48147150368157443,0.6164698045731105,0.48900069916120614,0.5205908854876989,0.5493997001523493,0.5119842948473259,0.5172393700292789,0.48775058737276333,0.4535190372634451,0.5910487144707416,0.5147384130942741,0.5299297614757806,0.5673207387505844,0.5157038819835278,0.6040543837574611,0.5381133246712667,0.5748473757155745,0.42641316205979596,0.5392481069506654,0.5254854446262093,0.4403745363796354,0.4199373432355336,0.541954149993081,0.4724113328011531,0.5781153139905821,0.5084701785815884,0.531941592916415,0.6257222220721453,0.6209053209041117,0.6084241677527222,0.6154813555973564,0.542163463352837,0.5275304370456168,0.4850602545434442,0.48681695641569817,0.5559545016394565
0.5411268670568552,0.49570891051289045,0.46182021365726833,0.5101339748668038,0.0,0.480450910878014,0.5501891546889675,0.4342492404153713,0.48411682367557984,0.4231603068020855,0.5414630920977754,0.4689233642645208,0.5130851577046314,0.5169515104682474,0.5297806909481985,0.5284456286859024,0.5426537571016031,0.5327749263343272,0.45042410328160204,0.49974972388390093,0.57039306780331,0.5459826303171824,0.5030980127666607,0.5285161341716499,0.5059470865026179,0.4926321862298961,0.465563452381842,0.4594831470794951,0.39522607534354187,0.5139569628159056,0.4960590622360954,0.4959965897058679,0.4904402117159849,0.4498668318553205,0.5592659720828304,0.5473522799582453,0.5505732793680758,0.5266268689802851,0.4638665023687138,0.501731539327275,0.5070010063579866,0.5613832873020707,0.5120060201497689,0.615704344919177,0.482265910238444,0.4905944810532654,0.5331868484042284,0.5301881691492522,0.5632580076085364,0.5679148039282024,0.5626343366612122,0.5256645465028826,0.47483662955942385,0.5207429050216623,0.4925074701976061,0.5179791949898258,0.5277903723815005,0.5095353756335285,0.4828501691780887,0.5396495531426075,0.4420136196879179,0.48667173912587763,0.4989846100088116,0.5147424032466571,0.5003591369400073,0.4641450600295379,0.4861823298832628,0.5426486122629852,0.4832398884668986,0.4648345744697746,0.5435290814302545,0.5366764184516826,0.46909873068778696,0.5383214973831567,0.47617409930927385,0.466029551041431,0.502059653987377,0.6341916410871989,0.4258285641890789,0.4523118094526967,0.4781403363280778,0.5131920379295656,0.5444928955895375,0.4511169198497238,0.5012261467699878,0.4975689995316939,0.44290160131940554,0.47620895517380973,0.4730680503334886,0.4843174672663246,0.6119128971051309,0.5231933669177138,0.5909678288286835,0.47878520593913937,0.5361929827812518,0.4955689784749708,0.43418978697057314,0.48369852786194284,0.5116511571374412,0.4704184783139738,0.5214879537527604,0.42436802817153146,0.4727808031218953,0.43853201353021987,0.5068808557133956,0.5055396595383134,0.48621187608250144,0.4758230137638903,0.525227272550334,0.5379346411264319,0.5584709424840012,0.5397763789181689,0.4898923629249019,0.4785431959017459,0.4768780625639806,0.5024750447620389,0.4605332954758277,0.47195763670218127,0.4926674925345915,0.4997128613366549,0.6419963376173887,0.43979185967432977,0.4827922037553867,0.5573860508883064,0.4898841079028349,0.44349385503595173,0.46360553945311245,0.5156223072078471,0.46175591070655264,0.5305655454189788,0.4807590845546094,0.5141770302065465,0.4402392969471714,0.4822065819221062,0.4868160534861786,0.52853341341894,0.4657907733231663,0.5368582376732233,0.44941845910957084,0.4979642829222828,0.45955628672708926,0.5617292717973646,0.5367644305572117,0.532395688701501,0.5712531774510432,0.438787411264377,0.5625940750969787,0.4674293418343611,0.4507913043856883,0.4369915112443727,0.47992768764156873,0.460968456752832,0.5531074586340338,0.4977030011275859,0.49828666856904036,0.5055981300872269,0.4882598457121449,0.5396005377310535,0.48864575206404015,0.5089591634045704,0.46748247390389447,0.4843535775988127,0.4593820053085701,0.5568969787235126
0.5007834623378646,0.5659841621855425,0.533258953660045,0.4957628905175097,0.480450910878014,0.0,0.4371486313383781,0.5659770892776831,0.5027606135873179,0.5018010344330772,0.5599020488917951,0.579451660504521,0.5326837964269727,0.4503985023158554,0.4849343986551236,0.6099937496813522,0.5508636689503118,0.479959623844182,0.5854954502851439,0.5241584724507101,0.6248090396215495,0.5504460257028653,0.4318339324535177,0.46446799477225553,0.6088754798217025,0.41870192147155144,0.42490146322427474,0.4831748336653292,0.4300531053430868,0.5479802231197218,0.5741357039512913,0.579632760622124,0.4903990154789155,0.44812614887366065,0.48604826677499974,0.5482070477119403,0.5463727185509825,0.553583753011249,0.5305023019061511,0.419873625710872,0.507147476747209,0.5476714488369793,0.5221790357292577,0.5712629084628564,0.49422916370719705,0.48943356027661894,0.4617508825642321,0.5565670019516653,0.48076745203628934,0.5163027444679867,0.5264537361139513,0.5025293023590082,0.49668842533782304,0.5805796720248987,0.538095122985483,0.5429769167712037,0.529785725253222,0.6462949679958022,0.4384781933550446,0.5140350467160066,0.5900903660298772,0.4982924230508498,0.5658423764757438,0.4573806278993251,0.476622748482975,0.5026013941503952,0.45245049312301067,0.4963550063182489,0.4585590180576031,0.5670885466293338,0.5107037318990586,0.47146929907348994,0.4382029532089858,0.5218836655280302,0.6488923228835853,0.4915451458110599,0.493198766357281,0.5172934334325898,0.4545455900790231,0.4787847171345734,0.6251155751213825,0.49621569133452664,0.5914914895978257,0.5481664723108628,0.4955565725298993,0.5313028052413186,0.5424320566324708,0.4403545945454478,0.5399216629293047,0.4989443903715638,0.4857715941571737,0.5080064318312716,0.5805477246286934,0.5012248153837942,0.4791012833234913,0.59084593277258,0.5839795973015227,0.526336405438083,0.4407241421363482,0.45291835871756975,0.5171406077784481,0.5127879953606777,0.4401746599034718,0.5287505902302666,0.5240391083043405,0.49885007544311,0.5959413494774398,0.5112553536485539,0.4740082139488827,0.569674735732945,0.5471434406893565,0.4700843426103856,0.5027565861621892,0.5479809895788404,0.4672629417886568,0.46662014859392204,0.522560932850659,0.49568901602190746,0.5181941138351005,0.47774523721896756,0.4722063266792351,0.49589994736263254,0.4630063944229235,0.5648258816109654,0.4657855105325436,0.5393876062791265,0.4365761400732788,0.5313126975093652,0.5323433613175366,0.47378854967564266,0.5841489324195763,0.7076083535097248,0.47554474457545126,0.47779905209256474,0.5661334033409356,0.4995870138077426,0.4996872808270047,0.42698082407201216,0.4263070852336006,0.5691873569644457,0.5221794262617041,0.6092434409263254,0.50289098162854,0.5703617318358947,0.581741473545333,0.3821171061405589,0.5755124935667203,0.5708143246126485,0.5392131096865862,0.5149244210342953,0.49865334413031537,0.5537607151828293,0.5369857921461275,0.44395416752965583,0.6114641866067902,0.5535854684987996,0.4859603248235346,0.6025739343087921,0.4263852044643241,0.4760133447199225,0.5021957663188225,0.49786212618139575,0.49976922911216515,0.478835025586485
0.5113071273329833,0.4864939965503778,0.43834580769782205,0.5531184587842988,0.5501891546889675,0.4371486313383781,0.0,0.4096771968541371,0.42747949532109925,0.44187159521968994,0.48086329848482284,0.42117930490039857,0.5403341590037928,0.6209530856465834,0.5297644175338957,0.4674858646953986,0.5021640931689694,0.5312562356131866,0.4065060223180202,0.45985707351254335,0.504201598288169,0.5026782090608514,0.5435061859566699,0.5146799476443766,0.4876167787856699,0.5037179926029557,0.49248452238016827,0.4544360715035965,0.3892675154950512,0.4187064361507604,0.46006945431643964,0.5110871836809714,0.5038279951032032,0.4707078450904638,0.5446121396857646,0.5451619681339718,0.544283203185472,0.45668209710415214,0.4167007042137685,0.590048414350273,0.4644971533911424,0.5076436006874642,0.47467557857884546,0.5433594237640514,0.5115191651775272,0.5042152843105528,0.5329024243535991,0.48068065139470895,0.644092384303274,0.5436509443505049,0.5867196978866492,0.48274212624656815,0.46887062916961714,0.526234540883829,0.5038811764006891,0.5020969510179261,0.48247363844743846,0.4265453203510936,0.6292476146222267,0.5684774236998064,0.44383917764355874,0.49351388390644574,0.4461525500412885,0.5302423855432534,0.4993258244612255,0.4728135189139331,0.5953921723217416,0.5686529052707402,0.49540713579798445,0.4258159815885439,0.5188660333055088,0.5593504104952539,0.49927621543192885,0.5926439705545782,0.42881761407314656,0.4872340830439949,0.5574731686386588,0.601088517990092,0.396070149018445,0.4117194401002345,0.43532057782978795,0.49360420770078844,0.47514826327151843,0.41603850512929674,0.4777921470646469,0.44559842252961257,0.41576114609723036,0.5464335079634035,0.48787938591717017,0.461538481565666,0.5509930919140441,0.5578045682703614,0.5470752619131541,0.4717688238412864,0.5587141522000022,0.466444027986493,0.4117325087298274,0.47490726630023844,0.5037561207495387,0.5720605361761271,0.52757406405273,0.4223498493422719,0.5123179355470806,0.41556558259974996,0.4869281997094922,0.4845994695309347,0.4878805199641913,0.4436781935451034,0.5907798099370904,0.5273915087475946,0.5757179168726554,0.505908398203673,0.5365137382688924,0.4384051771640212,0.46314078739083,0.4685722728082732,0.44477631380967814,0.4611700209266458,0.506092278587813,0.48592818868169485,0.5259820188786134,0.41431669839122964,0.4586767928351407,0.525985952726852,0.45001287138231844,0.4262525471845437,0.512804841710849,0.49846378475487213,0.455008625768904,0.5598148678107951,0.42780006666950426,0.44034190822995595,0.4201160279099224,0.42703063692140425,0.4521595275068798,0.4839855376985551,0.4101802174122922,0.5722734547131691,0.4609602179471498,0.4430358774857676,0.4689653242059613,0.5278323392275021,0.5858833306393928,0.5090499734516523,0.5194017038716822,0.48289552928300283,0.45804514596714596,0.45333656087140406,0.42580552110126,0.3809393947142848,0.4479077221245963,0.4317169152471909,0.4905197789417279,0.5910011045909668,0.45185938954331806,0.4885478645282011,0.48783844515679764,0.5000632784164506,0.5509944985523878,0.5547394872764734,0.5026701298477235,0.44682803566572593,0.43192954343193285,0.47121567246339624
0.4894658670339069,0.5002668238973432,0.48396424613579553,0.5358128427829078,0.4342492404153713,0.5659770892776831,0.4096771968541371,0.0,0.49270201869248664,0.443531987774011,0.5664214875280715,0.5323526735829524,0.5515577778020226,0.4391017050039022,0.5112835681619967,0.5831257014785158,0.5075733415244069,0.48861936777797976,0.5268563815931931,0.5237188397640389,0.5406671246562109,0.5151615002086042,0.4370835024233177,0.46570715733336304,0.5468491772413107,0.4512127317823369,0.4794271619127025,0.5043099311549144,0.3949226147438621,0.4960583514305048,0.5895459073252445,0.49611608066186047,0.53141666325626,0.45506250037060375,0.47567286126323516,0.5350055753212709,0.5699492649625503,0.5885171715382856,0.5444407515960508,0.4287061516809136,0.5136779365335273,0.4558083633428776,0.5403261890264407,0.5125967782020165,0.5669312393610053,0.5155088857879165,0.40841906559008617,0.5251730742612973,0.4626341678859592,0.49987074413659505,0.5014202698435146,0.47691908297037283,0.44457404471935613,0.5475388260945028,0.5263037967522037,0.46199649921125857,0.5177750000682365,0.6199335691653763,0.41068899295693884,0.5221747339703576,0.6999133811442116,0.4630764077748917,0.5676157412697751,0.43127985451382117,0.4405728230885188,0.4976324008851872,0.46986130294538103,0.4712133221533864,0.4685640358501216,0.7491518988354084,0.5031062297972209,0.46681459846093143,0.4176201572646762,0.5196277822654437,0.6225707583314019,0.45533897260370915,0.5044505929051641,0.4715373678567706,0.526624235764915,0.41838364814289514,0.4955900516759167,0.48434898060810505,0.5256803382429907,0.6345571334342721,0.4711977725679136,0.5759854343326236,0.6173297790092785,0.4333467236123542,0.5535103225932166,0.5150558009868789,0.47361713574537695,0.4566832848908512,0.5212715669215927,0.4744294937462696,0.44991039311543685,0.5386821928852402,0.5745052793385361,0.47947332243832747,0.40445425638415256,0.45830445590253327,0.5200640007228602,0.5880703961730743,0.4376723550678835,0.4986184546897287,0.5279991378199569,0.5173977543723712,0.5717657788118912,0.4905975016063419,0.4686406545362228,0.48703712700131657,0.48726421424182736,0.4645823748217742,0.46927320366732855,0.5510841740509687,0.5041812575070587,0.4761492367650432,0.46378146446183577,0.4554101697304744,0.45223503334055976,0.4670849087379245,0.4586994465753739,0.5942521248055922,0.4300954672539494,0.5238913988628676,0.424529167546976,0.5314953086953906,0.4059534466043813,0.6039541827168832,0.4959549180231977,0.4996757645461089,0.5075925289897517,0.5761241222593289,0.5483550649941947,0.466891059181676,0.5736209631654992,0.4483420231245006,0.4898357208610131,0.44817783935820615,0.4761464872115343,0.5885772929319292,0.5554935533508529,0.49410624655201174,0.46244360658424954,0.5053467793366417,0.5458966640012254,0.375818208952819,0.5427215843949507,0.5189062654734449,0.4855255821342818,0.4530468238647694,0.547157742621398,0.4743411464803758,0.5321566537053558,0.4223948511127682,0.5787883226179563,0.6171677228855615,0.5139166842405468,0.5623003460213224,0.4396468004697107,0.4473138598714639,0.46073694469563875,0.45254464601918354,0.4603228715086873,0.47340055842531076
0.5774998632298928,0.4630783325603021,0.3871577719236249,0.4983904142486792,0.48411682367557984,0.5027606135873179,0.42747949532109925,0.49270201869248664,0.0,0.37773608023848626,0.4711604218775475,0.43901627690637696,0.4682885221825948,0.4764280861045539,0.4849416251893235,0.4661511687895214,0.4792699860132878,0.5296252712970593,0.48661428822741903,0.5221346261936595,0.5146953486191518,0.46300275603517044,0.4334210700296948,0.43378025891663086,0.4833624167508207,0.4272290941914581,0.44003794361078546,0.4639112817332029,0.3462516080211367,0.5668424199529479,0.5686601474832081,0.45495260892337386,0.47101655291200256,0.4216821655011294,0.544648817513778,0.4789762238139548,0.5128452334851732,0.6097985689184143,0.4675700551083061,0.4180472902982273,0.4858958969760569,0.549756416874918,0.4768299803394184,0.51970413344564,0.4480649094900341,0.4887212924444473,0.4305753599343547,0.4375065619075798,0.4628465191104781,0.5192482583996205,0.5146499223927105,0.5072219820924428,0.5397723551060144,0.46077892033097384,0.42506957477931445,0.5761319502206187,0.583396010877773,0.5208779659695666,0.41673276488020644,0.5203859807672647,0.4795340283580164,0.5247366683299997,0.5333028753785274,0.44081548988830777,0.5491346773943155,0.5112978474176368,0.47073417537891415,0.4834505576967552,0.42793576547273193,0.5558754432613947,0.5690817806478436,0.5382120766660339,0.4752222182630044,0.47262207370459336,0.5476294666432955,0.5238915499062692,0.44307321994872667,0.46651591090955796,0.48169507721451016,0.5057680515944594,0.5330887400482303,0.6307960449792924,0.5536797987576956,0.5132055707710841,0.5622117781211965,0.5592628727952804,0.5422047422828393,0.46381086166166474,0.5300495912210987,0.592884276170385,0.5439087886835697,0.5494328241644184,0.495226164222219,0.5517275141244082,0.5719745311638164,0.46797578586179484,0.5412840515848166,0.4795639795385005,0.5400083883592668,0.4519939934143673,0.5497974684262228,0.433224648915126,0.4658825763471374,0.4203357503477049,0.5983126882170366,0.47488285021725424,0.47763929188836657,0.4602971142858302,0.45043941209510857,0.4494631902927622,0.472594259919351,0.5611935523757691,0.5053932801950178,0.6269182644017165,0.5104412061782038,0.501334749065926,0.5103497588807202,0.4005375279893009,0.4061204628467322,0.6038734080105516,0.5599364952488902,0.5668963547323097,0.48358195664145776,0.5550220551514454,0.6455322138562011,0.4114259984917874,0.4585577034520553,0.459799077771473,0.40883692834950586,0.4856366782301255,0.5940722692834154,0.5641080822173621,0.5801734457668626,0.7073299112997854,0.47727360783181294,0.5394765368056724,0.4608620444622769,0.45437260795776385,0.39370813410305966,0.5955301783379144,0.4901494291275826,0.5150188247791313,0.5583636001176959,0.5579757653821034,0.532685278520541,0.38954653890314456,0.616862629750903,0.47974182278062016,0.41700821249669306,0.45082604987419655,0.6068335808850613,0.5308379377606641,0.5227102621421604,0.3835021955245035,0.5059836757106444,0.5845097193104986,0.47821653171053824,0.5117613589303531,0.47664881808829723,0.5006149788138059,0.45194662360928933,0.6267837294258408,0.5932487011029142,0.61751221470056
0.40235697717104396,0.5752701060205223,0.618102600412102,0.435980377042581,0.4231603068020855,0.5018010344330772,0.44187159521968994,0.443531987774011,0.37773608023848626,0.0,0.508726165872609,0.5202659365416422,0.47653822943915175,0.4387393485848842,0.4437905353982279,0.5156529229034453,0.4763017990161176,0.4197080013406926,0.45288601174173215,0.43768165250780866,0.47698445631919484,0.5340562860102587,0.43146507918033833,0.44034293249286793,0.5557869868463848,0.37465722918149297,0.42934414407514904,0.4330418804997958,0.6034942257157235,0.41214232937530604,0.45363494865944615,0.5121959475878849,0.4493913225094548,0.41113152222312627,0.43489905346220875,0.5281376458516208,0.4578336375850495,0.4388763057385699,0.4499894362754493,0.41726863550260035,0.45144607282529475,0.4379807881359913,0.43564816187340405,0.4727136769130153,0.46633445940561385,0.4127378995363402,0.42509223876817964,0.5178437571347067,0.473038432454708,0.435895831377602,0.4288741966609311,0.39580147498525026,0.40624086577768004,0.5330978836475806,0.5856369365356168,0.4268949266305088,0.40593112608426296,0.4615215849666546,0.4598952382058887,0.44388419565913095,0.4669909671709046,0.3945119602845744,0.4085403085105565,0.47881615539078926,0.3848678107745891,0.3932060200321196,0.4092044471338869,0.4231251097939619,0.46493337216359293,0.4315571614527418,0.39667753426189867,0.42624814041459375,0.37807086383633404,0.45940147464039355,0.4678884682919907,0.407719280899239,0.43664895513942015,0.48642121899994534,0.36944611747383804,0.3664206799933858,0.4446727085732322,0.3812846557591931,0.45747141172832273,0.4387413763316179,0.389836248519032,0.42569101537648635,0.3997130206396418,0.39804405553439953,0.44014936298674834,0.3943743036379275,0.40283513260188303,0.4288691260243873,0.5373879541240606,0.3900369779950547,0.4005144960509503,0.5653626823888862,0.4140298250428869,0.45999390172113014,0.379753739650417,0.4111060740852317,0.459752300145555,0.4275784148229326,0.38715520291758954,0.5771101219288413,0.40897871184954293,0.4148940331581856,0.4720169748583056,0.47336282458266465,0.45403044916368074,0.5379976035128549,0.47370787400716213,0.3879592391717456,0.41119793851785,0.42641974136819666,0.38764917468519416,0.39017275153933145,0.42577298747043885,0.5751427736249173,0.5370164393549958,0.3955224854085595,0.39480778611349154,0.3779519330928503,0.38960253818947743,0.43720111416685586,0.3767526048509958,0.5695861825884191,0.37599933274501973,0.4678136461642078,0.6048326204200186,0.4464662619797586,0.4489287861201012,0.44412927074598296,0.3737123794850666,0.36554606704738035,0.4928096929652862,0.41696024972310314,0.43129694423790116,0.4127224839718308,0.47098921613275024,0.4327001900445036,0.4780113923521261,0.5211267208979065,0.42046868987908986,0.46951219719036863,0.49149391483701627,0.3627143112516108,0.4214015292955875,0.4799139309333342,0.5983839932328163,0.45682835754815815,0.38292479418865627,0.46045595890751206,0.4591018104203963,0.5213769428486869,0.4894917603403464,0.43050525618262814,0.42634946421415365,0.466324722319057,0.40622174426324403,0.39543282634072335,0.48706900259180946,0.3933046327013686,0.39460934581972046,0.37781532782791455
0.5063268313386681,0.5887300867775057,0.5729733451250565,0.5605983050556147,0.5414630920977754,0.5599020488917951,0.48086329848482284,0.5664214875280715,0.4711604218775475,0.508726165872609,0.0,0.6032829763359253,0.5899859604779614,0.4871634701140354,0.5533974708322636,0.6897737068360351,0.5848904317679158,0.5153709487128665,0.533053560544261,0.5441918633677273,0.5936418140828139,0.6667943462657978,0.5055099724551012,0.5568000263224016,0.6104937884969751,0.46449454286450087,0.5381860173216264,0.5419873936666925,0.47248211718229294,0.5276581073581593,0.5575244306391064,0.5310002708228367,0.5487971071721608,0.4732565847715368,0.5310392848821224,0.6009162827659674,0.6044095068070942,0.5819113340090524,0.5676361521858163,0.4875815153700418,0.5454232376959748,0.5073728976822677,0.5293171598742075,0.5891094320877904,0.5667053309445707,0.49380313957716054,0.4408157439966244,0.6416321063311291,0.5509136616453176,0.5269368823399974,0.520380884127134,0.48216202064640784,0.44826668367786787,0.6314685599553789,0.6316658343967068,0.4732271066587655,0.518496585178423,0.6276400335900674,0.4570395093626677,0.5452393972890099,0.5778173327733229,0.43967684936688484,0.5132430538532463,0.49406661519494083,0.4392649595973343,0.4569010091557963,0.48201442146247947,0.4870420244322242,0.5105410513974332,0.58212552593826,0.4902358696269324,0.49579270556139793,0.43103240228384104,0.5597361252072718,0.5848295003615093,0.4479887323582434,0.535915998396218,0.5789636262534539,0.45523820520340486,0.42229662312872923,0.48146044745854,0.46706207794526206,0.5618159879896468,0.5456692590320142,0.46490743014621344,0.5513490834087974,0.5057152760328969,0.43890820711700307,0.5085999187776356,0.4932902899088624,0.5137868717966856,0.4691661844005,0.6442188890469116,0.4665081295173014,0.46984977952957707,0.5952495378736973,0.4767018053324999,0.4897778943354887,0.42515862227411605,0.46090513996025995,0.5569193832572426,0.5018924911522459,0.4337807323120671,0.5244022776745297,0.4959538292005097,0.5050038136763789,0.5354467969946464,0.5395704674777039,0.5052642487910618,0.5925629424902891,0.5620204866091297,0.47567997637231185,0.4693861382050038,0.5299037186035497,0.4780280940767021,0.49990935234853656,0.4628656835449005,0.5523707344386363,0.5247111245657096,0.4694632283544987,0.5144231089431601,0.47140727999183335,0.45166112589598373,0.5453469998607601,0.4390415957517398,0.5803621858881004,0.4104896611979993,0.6229808871613347,0.5630924654064368,0.5248949218596285,0.5100062896507233,0.5505154836142491,0.48879749740073003,0.4620206115704558,0.6171453114833371,0.471262212522447,0.5101632450991899,0.5014561536351574,0.544343528667919,0.5486247126369748,0.535043674703215,0.5629972995245603,0.4852080141305666,0.5287714526756052,0.6140336189525097,0.39368567898270385,0.552620363159942,0.5120690249848611,0.5394032019657585,0.486268961292971,0.5017383442880861,0.4839227603281734,0.6482237052477665,0.49318047215192823,0.5831781207743645,0.5616614637366004,0.5840574655863331,0.5856451358889965,0.48481282483347077,0.4654625110644259,0.47216797551204087,0.45768067906362664,0.44129642041122474,0.5108194665481693
0.4449822540740059,0.568733332163118,0.5377798380117049,0.4647132674326523,0.4689233642645208,0.579451660504521,0.42117930490039857,0.5323526735829524,0.43901627690637696,0.5202659365416422,0.6032829763359253,0.0,0.4749025794373635,0.40728101559677465,0.48025577873473047,0.6023453159175306,0.5152158837528301,0.43613205559756457,0.6353591267852194,0.5182465897507081,0.5807809800822854,0.5400842328301284,0.4505281638476027,0.4989870231378571,0.6295013018324387,0.4020340209695235,0.42774033645020637,0.4764148718813839,0.4837060071387244,0.5117456333207302,0.5691366420870847,0.5053597028019894,0.470281538688822,0.4653297212288751,0.4717746882656017,0.5512778751146096,0.505871639014698,0.5229426392164916,0.6219805697217656,0.4100852377115329,0.5187578537615288,0.47088167688114607,0.49811046166309453,0.5592004102041859,0.4962948191891707,0.4480298101122833,0.4162749996849712,0.6022673032965671,0.4813898371816578,0.4697467042283113,0.46042802495685126,0.44616658921232166,0.420690475748492,0.5710266727522246,0.5850805500881061,0.45405860553110206,0.4801193286302313,0.6234926534686454,0.40911812187516894,0.4731598649690816,0.515231934737447,0.40669442791019894,0.46978417048323207,0.4585441692978092,0.41365463589703655,0.42828122869952223,0.4121308697522646,0.4228107814363495,0.4293045849742996,0.5113268030379736,0.435648611673756,0.4428241090583635,0.3864979165208542,0.4680150623250913,0.5430049397029276,0.42951685344024676,0.45226966589568063,0.5042768727276602,0.4418716842117128,0.4184295450363907,0.49114533284237116,0.42979203982965053,0.5241934208664526,0.5023674078315402,0.4418436308562418,0.5098461849671355,0.4769242193145529,0.39337583601865844,0.4716895403022175,0.45924607276457624,0.43703518776835215,0.4521830095133003,0.5719712550938567,0.4420822471384001,0.41721257344495327,0.6076122447429503,0.4833059663513149,0.5060337072562493,0.3990803920949141,0.40733622044834755,0.5040884795499434,0.480696575734993,0.40738108541309426,0.6254129358948083,0.4522660447575801,0.45889082216651866,0.5190015137333732,0.5279215095195866,0.4464268880946482,0.5901955566615625,0.5385477993999346,0.43876849977879023,0.4184501772852393,0.4936756457374368,0.42842717895532145,0.43201058147612664,0.46940407146530844,0.5637793507513944,0.4988252145876393,0.41811741613292674,0.45111062010415465,0.4352706742788533,0.43660742338132935,0.5014907767966693,0.4206474020567581,0.6158136210999495,0.37507823855868305,0.5348438316666124,0.595074664417519,0.44655266402902827,0.4994901834546182,0.5316381391822699,0.4337011031773447,0.4358372039254937,0.6415114191697193,0.4490861293019617,0.5334145933705601,0.4281536497138443,0.47395833756513256,0.5594711235760905,0.4811088507815591,0.5312277187322765,0.4394237505254928,0.49992964315597693,0.5844049454986842,0.36456297132488336,0.5283933695497924,0.5002577294404039,0.612035386120687,0.5356480881701922,0.4738180057229519,0.4980796498736941,0.5519469259115696,0.43808511329244837,0.6442235511465553,0.5030707047648786,0.47616472848376395,0.5398586306383462,0.4108185338892553,0.41292719471841033,0.4421730823610998,0.4475338637421018,0.4457225906149744,0.4507460720056894
