0,1,2,3,4,5,6,7,8,9,10,11,12,13,14,15,16,17,18,19,20,21,22,23,24,25,26,27,28,29,30,31,32,33,34,35,36,37,38,39,40,41,42,43,44,45,46,47,48,49,50,51,52,53,54,55,56,57,58,59,60,61,62,63,64,65,66,67,68,69,70,71,72,73,74,75,76,77,78,79,80,81,82,83,84,85,86,87,88,89,90,91,92,93,94,95,96,97,98,99,100,101,102,103,104,105,106,107,108,109,110,111,112,113,114,115,116,117,118,119,120,121,122,123,124,125,126,127,128,129,130,131,132,133,134,135,136,137,138,139,140,141,142,143,144,145,146,147,148,149,150,151,152,153,154,155,156,157,158,159,160,161,162,163
0.0,0.6301717631577599,0.5774120225004484,0.42932470560955494,0.5657969773868251,0.5341542786186689,0.5329541221904956,0.5358005509211615,0.569126970349275,0.5561604590375735,0.55077345672214,0.5142575884675608,0.593581572875383,0.5354591484626542,0.6136264921091589,0.5719804500507459,0.5575551158461508,0.6918647686895176,0.5756335058132274,0.6399430584602015,0.6005972353478378,0.6557806302768545,0.5352520048278089,0.6044203133104101,0.633121429416372,0.505258055717043,0.4971709513683647,0.5450586890339993,0.5302276764578415,0.5169732530982579,0.6616410812507181,0.600795629222602,0.4725945933650284,0.5449370809079498,0.6094444324175653,0.5197228883974513,0.6524042876984277,0.5480988663123824,0.5273871180036984,0.5666364660724379,0.5244812774161653,0.5201858537215278,0.6030479125041318,0.5192677505057023,0.6362405708715436,0.6109085415154805,0.5767047488346008,0.5607707802530159,0.6273730570408349,0.547478767144904,0.5893524906421562,0.554093796037407,0.4767700279305987,0.5299440454660872,0.5016444074069036,0.49348886685251653,0.594656066026898,0.5416980187718287,0.5391972714652116,0.583505982982611,0.5165879845031027,0.4748818210865925,0.5040152499797598,0.45399060521128726,0.5201795620044096,0.4977006989430855,0.5416404102000117,0.6681959005657527,0.5505300932679721,0.5873303146725651,0.6906433168677365,0.5166720077359076,0.4798621805169127,0.5789650805795747,0.5532305507450263,0.5967487637996419,0.4748028025711903,0.5566300214894937,0.5724586946586866,0.4746481482506552,0.5035734930878251,0.6633477733491991,0.565943681044683,0.5060888533101909,0.4934214587408236,0.6387109614258978,0.5265895962401348,0.5639403754045711,0.5876266960958684,0.465063884812882,0.5802563531260884,0.5867824194214317,0.5681722350601295,0.5386781927947226,0.514071959652129,0.5305881243753919,0.4724809704071903,0.5190451953712777,0.4646361663485468,0.5834939928546455,0.5177568819178192,0.4680143971477578,0.4549132147454694,0.4715153353113208,0.5471730063676625,0.5781347791628113,0.4779334108729748,0.5313178330871265,0.6131734492787676,0.5982515880980775,0.5198421699885769,0.48739786405799956,0.5341407129480713,0.471397749075765,0.5389899829158915,0.5641033162536748,0.5676103708806488,0.5812303502592545,0.43236341712345644,0.5060757298997907,0.5092905412477167,0.46956447071205576,0.5624072364093283,0.7141427420930405,0.5093796887410754,0.6031483397647289,0.47195201456732744,0.5333182276546099,0.5187749409550976,0.5526925322176607,0.48147543802986187,0.5037819746044542,0.4739202570744484,0.5284836760612646,0.5535565385843888,0.4641433096089335,0.5817603395532739,0.5809088334918701,0.5755646138787041,0.6216706108858104,0.44946756078254885,0.5227208481487153,0.6536446880510026,0.4802109850736466,0.5476602144580158,0.5504021279467558,0.5748538864673062,0.5308865552317584,0.6759755785087866,0.4019473895957561,0.597606500135376,0.5117310586972627,0.5447312718940949,0.46761812992437674,0.5491123529179914,0.6431564775625112,0.5564355178524429,0.5290513195302168,0.4584828771904039,0.47918379117998816,0.47856032327910475,0.5935382543369717,0.4787330595877936,0.610170890477312
0.6301717631577599,0.0,0.6175762967230165,0.4378882409500742,0.5275269362597258,0.5691330957940477,0.5545925677263769,0.5491316685775234,0.5722802674897939,0.6456565722010292,0.5068366909782971,0.5704577575238827,0.567980219830573,0.4856241613749758,0.5634173062676846,0.5342911695211673,0.5344362229210121,0.5667617546344099,0.5348783245242517,0.5318837843456328,0.5561812831021073,0.6455268512127177,0.5730398552206356,0.6618283964494807,0.648948823139764,0.47782981981767253,0.5345792697527392,0.5426011330928174,0.5345037253706573,0.5433460805637153,0.5838703260890672,0.5196582679715781,0.488277992988647,0.5481545559615584,0.52273739874149,0.46943747286417004,0.5832551323274704,0.4836979688016941,0.47077702822798195,0.5800605824961428,0.5133053945440555,0.5852747056609365,0.47143301134001253,0.46971860003288957,0.6074971437824125,0.5527250523330863,0.5873476608945817,0.47660940601239415,0.556718106219573,0.45645799620010474,0.50030098594848,0.5393853999810199,0.43050899067504855,0.50123605418814,0.4445520714109563,0.5792164432162077,0.4997826060971372,0.5431989142993091,0.4702233529039992,0.5200804711711423,0.4779507927495034,0.41893703596468146,0.44047875333331926,0.4100807440787812,0.4312750836259128,0.4290332623974767,0.5141287664876898,0.5836867750877051,0.47197793444196595,0.5444430354805523,0.5477547257461709,0.4426334942153382,0.4349369859664608,0.5336619972670422,0.5203206165026466,0.5033509898113949,0.43575904275626615,0.5794962855208894,0.501777059450294,0.445466793943622,0.47599527799985863,0.57180299833157,0.6571509263695212,0.470691745463555,0.44695289265972954,0.6925518130894021,0.4703929243178902,0.45607424326508683,0.5625103242419272,0.5279993500392702,0.5256336451332754,0.5853451298745185,0.482110345414572,0.46056980823100074,0.4656479223155454,0.5737710056343802,0.4132875587607985,0.5752379069937948,0.4177285606425492,0.5837371971700407,0.45068318710174354,0.4124943835097995,0.42138322448001875,0.49810685205188204,0.46121520671315525,0.5610692685225446,0.4362253386006374,0.6260849590051806,0.5777543017405233,0.6783103077498644,0.49638530252209456,0.43381396073943385,0.49106691049872114,0.452352999314084,0.4752039740503833,0.709398069933034,0.5345725550834972,0.4783881524075485,0.427945413263894,0.5112202963783652,0.44733055322548243,0.4409595965888444,0.5214294039934313,0.6671542685668348,0.44106532008239596,0.5906980475597187,0.4428480639603345,0.5371482212502612,0.5124316906657181,0.4765800369330599,0.5523099631079629,0.4692818799934685,0.42856311719551515,0.49691645265805123,0.4786327212647777,0.39593520220327366,0.5835592879487046,0.5246332442808824,0.5541527188616674,0.532141624734715,0.42679811175338717,0.4683381195736317,0.6274576447863848,0.4340137205319685,0.4945604942333716,0.5237339562127815,0.5946537938622292,0.529748256940952,0.6746812916861559,0.3948360955405232,0.49816695715901643,0.46941290543530484,0.49389234902631257,0.5223562505797016,0.5878335629072896,0.5704468043882311,0.549670854330964,0.6230364908260112,0.4413460551254925,0.42979831858049494,0.46447341605231274,0.5256691381311521,0.46055825801306904,0.5576348727410234
0.5774120225004484,0.6175762967230165,0.0,0.4425016553767249,0.49412006870257197,0.5732073537108046,0.48909908540045943,0.6306155252224106,0.5179044517334307,0.646654703331022,0.5306347244665884,0.5045931374401351,0.6748050657166447,0.5261226514751797,0.4906078465672081,0.6417864302482621,0.6101699648844494,0.5778292441826792,0.4988032366974192,0.5349994193975774,0.6200704441258951,0.629305084188587,0.5266303900630586,0.5510102384838439,0.6082204409788735,0.5554352807073055,0.5579824193390037,0.569429026493618,0.5071260093125073,0.49087555898692575,0.5157734617075486,0.5855278781055923,0.4562560309517453,0.5513473742917009,0.479820126834572,0.49866952469578957,0.614329451677343,0.5300795160612188,0.4722142242290999,0.5978979798611063,0.4939011123094477,0.5779874591833799,0.5101356176199954,0.4515085898238955,0.6865557584340931,0.6027386046175943,0.5463849378094655,0.49458447614967577,0.5388525211100275,0.4887411302326974,0.5396638731422421,0.548344452095829,0.43414394182602006,0.5150541445691538,0.4658718277283611,0.5382399579853441,0.5263625768093985,0.5739304364499387,0.5051059472278785,0.5569543275805638,0.5711360305750623,0.47670200604574103,0.4825407072663983,0.4385399351555049,0.4426067617623058,0.48056936266443034,0.614070470575968,0.6404058674049573,0.558063782676097,0.6188548664641003,0.5993168195695019,0.4549548579560947,0.49466291358622005,0.648419800321097,0.6032075464843697,0.4882109303784849,0.5154712239497332,0.5871156177985167,0.5499455346413242,0.4673986954865551,0.5141601330914882,0.5818525742721841,0.5579146821368813,0.5350041753431393,0.49925912095152497,0.6847754342564183,0.5460519653644857,0.4967838652716456,0.598025956547793,0.5018563391798758,0.5521670085434448,0.5274980144972322,0.48521528987195933,0.46801572727173585,0.5111077000564322,0.5049906101493764,0.4598709489096036,0.5508874524391288,0.43221181670383546,0.6577803205295308,0.45958829259078354,0.49500333515060857,0.44457602246291145,0.4527082909287953,0.503016624814224,0.6819187345685882,0.5172014217501582,0.6201171544778773,0.5980040787625056,0.6167088523691397,0.49429683150736775,0.46917179687815214,0.5684126396765629,0.5213561284062358,0.4969656568839187,0.6575544925368769,0.5185029320690564,0.4830313131139068,0.4555560367739584,0.5519520687650752,0.4572119585875894,0.5009216811240669,0.5455925363961474,0.6229989925724477,0.4348361940568266,0.5599406279631456,0.5227894609666469,0.571862734944869,0.5483610312647061,0.5085111911697313,0.5267512830919059,0.5742566828656814,0.4804594958924004,0.49295905779637805,0.5020981521019205,0.39373791806514397,0.49618076575265957,0.4928185699035702,0.5887427301600305,0.5456586157771616,0.41391965929898417,0.5206836606690662,0.6343244624735521,0.4820602872063942,0.5300966037965603,0.5246439819239028,0.5343693001862572,0.5727402393494369,0.6627006444202037,0.4332996826142209,0.49902606728941146,0.4520265156831128,0.5153441074263725,0.5302393523872861,0.5773001735940675,0.6201649755549501,0.5380479656445296,0.613434238623558,0.41355433466280533,0.4697762108244583,0.49755684577146836,0.4986625001567395,0.515715653094579,0.5325548598160014
0.42932470560955494,0.4378882409500742,0.4425016553767249,0.0,0.44378100862896486,0.48239321111816236,0.49780153399859683,0.42201402704427265,0.36403134401239634,0.44041709921438454,0.5197225562556149,0.46411745848610064,0.4152453569341226,0.42450957351667146,0.43150410979897985,0.4225548561741932,0.45271252438965537,0.41776898137673213,0.5032540191262261,0.37298635115678846,0.4824897668677397,0.42771947051365716,0.452647612736084,0.4251019134083758,0.478955301310691,0.5108958205955983,0.41536503675302217,0.48313885650019633,0.5181669945403996,0.358611031155091,0.4266265479200729,0.4219189147649403,0.6158847810715273,0.4911423974464756,0.46327059415504435,0.4943579330228369,0.44565877825537303,0.4290105773065896,0.4212203665276033,0.46701447671883334,0.5332542105835746,0.40652619282679975,0.4182530019553956,0.5438862876820468,0.43392947481291133,0.39609744611113606,0.3728393842629077,0.4810666118080293,0.45447243850928865,0.39401909433472165,0.49756261161599075,0.5527548702377316,0.37137185879392093,0.6011599286075945,0.5166424510494753,0.3734275672500712,0.41457809936424794,0.529889805857527,0.4112216391455934,0.40890828857174805,0.45228830025312095,0.38015419099323317,0.4640763848062197,0.37208543738645383,0.3684605005720856,0.3750944839575504,0.4360464935814407,0.40336222528308585,0.41502828510002376,0.46942151181782843,0.41966231772285534,0.388865870923983,0.45584279848135745,0.46970936474268205,0.43730295824045673,0.3900565055469598,0.4139784977013479,0.4806272753877186,0.44232599112743143,0.4118906623871452,0.42917797359837284,0.46437911411135785,0.380388509483208,0.4422676349854345,0.4482228728271718,0.4266496750770788,0.45096539236478983,0.4152122226320476,0.41597557511529526,0.3482868649966052,0.5391321573773636,0.49758110691021695,0.4510427419908232,0.3899621069476018,0.4530480439856848,0.4756372875794413,0.3723318640807498,0.4990689044524473,0.40056679006211976,0.47630475884970963,0.4132262126179811,0.3922171399563973,0.5754229680392834,0.5226561918222534,0.4456621238250446,0.3940329318334808,0.39906729025524823,0.4456694590651682,0.42603882894842665,0.413665565806452,0.5808526928079928,0.4331979425319321,0.5006305858657745,0.41391222383945603,0.45586129283415405,0.43867598274897124,0.44515872263967926,0.38419150143563857,0.601465882767636,0.5111512604332807,0.37816815958050237,0.5235310930407855,0.44369824490878745,0.4763370969329542,0.3949811730356967,0.5375532361576644,0.4140740714779501,0.38495281778830653,0.5597543356652642,0.390138405072288,0.35270023879111223,0.3986701738764774,0.39178348645283695,0.48345942094752187,0.4036755894822961,0.3376035526298107,0.3497736162063109,0.4564052499348313,0.43237003005057284,0.4202100746732473,0.5301251435850389,0.40445222756028953,0.463185022781565,0.4386875368401847,0.44737565488733855,0.44871790970108116,0.39310599943347974,0.40081233366419694,0.4321246083673126,0.36561155203257084,0.4840943649857212,0.45351738272800696,0.40640660151001146,0.34192893736430785,0.5503983079386494,0.4068315276817503,0.39035107030528027,0.46371885634046955,0.5692738074598294,0.4536530054724311,0.41188966214909073,0.46670336034428744,0.4048977715715935,0.4699106048803161
0.5657969773868251,0.5275269362597258,0.49412006870257197,0.44378100862896486,0.0,0.43905032631612684,0.581888071255982,0.44823617420366424,0.5100473832832217,0.47315542158753443,0.56945177048089,0.523836028711919,0.45714494067703854,0.503142962157691,0.5794073221570849,0.4869858926947763,0.4805975013525488,0.5225821879256819,0.508758408464609,0.511599390059476,0.556704263759613,0.6050706575422281,0.5509735345802592,0.5814577027929584,0.5514719707403305,0.5263814213431862,0.48805660356409963,0.4608786017660682,0.5272386092230702,0.45636973645970463,0.6003334119987461,0.4746711284065545,0.4620010545390847,0.5209132332436164,0.6596122329060413,0.5664121122462065,0.5561300116082306,0.5245134646673311,0.5789895779061499,0.5319995616542821,0.5265911115991894,0.4981683986068029,0.5193266625804615,0.5698484224367645,0.53334942316485,0.4607131584079919,0.4717517779612068,0.5756557618833036,0.6163908619658061,0.5040138140849937,0.5307005646856464,0.48968757350842373,0.4031941363100066,0.5269672817344636,0.5190923268246723,0.4407624320059033,0.5006650178857763,0.5256821231669351,0.49468418614490844,0.4922890216050736,0.4317158024640838,0.4179318504382862,0.4318287401434577,0.49113242380560285,0.45887613398600235,0.4075449785110138,0.5117522132891619,0.5140554486211274,0.489694064592242,0.4965409524610297,0.552114725885375,0.4982913496294442,0.47327503301960366,0.5004700626347155,0.44806497797447226,0.4431482041324078,0.4481553673828422,0.5941488172606804,0.4745304228633807,0.42045257239146977,0.42132747653088826,0.6313169006007857,0.47527225773195786,0.4293721652979945,0.48085812004651435,0.5326015752354478,0.47794089836263254,0.5064992124320898,0.44319412391575685,0.4392679668686071,0.6243676862435034,0.6133764067843414,0.5424041686688389,0.43598371847537726,0.5158346438583667,0.5237054885977374,0.4130813595305348,0.5029078258325842,0.5179400967182979,0.4753214578108686,0.5236522532358713,0.4258147104199238,0.49295525913381605,0.4743557799732598,0.4918720355796139,0.46143597210310017,0.4141759776861055,0.4848005913371308,0.49882722927126666,0.52786440064532,0.5553671365531517,0.540834479264692,0.470267519589706,0.4620349807457582,0.4540861251968884,0.47387098376106296,0.4512905173724786,0.5585140374056144,0.4301001610453923,0.512104985437592,0.5468518083100455,0.45258571841835243,0.527216700048292,0.5516950983528794,0.5296733508923704,0.5246564871224326,0.44229942167631703,0.49391135620431986,0.49861639787366785,0.5004170207468821,0.41833520994482676,0.4409223898023722,0.4322687461789434,0.5944309896074045,0.5541844409606381,0.4270814033735048,0.4600710113514902,0.6429111858115071,0.5741422053471208,0.5697081286868583,0.4175476489255951,0.5008339232881943,0.5822445044530036,0.5148328012117339,0.5840010343151895,0.5826658112108204,0.5658120429185668,0.4257581050376028,0.5576386910697159,0.40266539078817754,0.5860856103207703,0.4507954465476994,0.546965572974641,0.4350387393221293,0.5322991627955166,0.5382720433652778,0.46195107791593626,0.4667308878559532,0.4847167732440467,0.4419359800635628,0.4049805414258465,0.5421191325479173,0.47525089409968824,0.6765130132009641
0.5341542786186689,0.5691330957940477,0.5732073537108046,0.48239321111816236,0.43905032631612684,0.0,0.47905932176134775,0.5722576195499642,0.4691803296320448,0.5948855867968238,0.48554537299646017,0.5362238418656676,0.5359065212433979,0.43884519576921915,0.4550126639331392,0.5130615672228587,0.5218974980310818,0.48553856195389566,0.5542526658902431,0.4467424117314952,0.5364507020135642,0.4937236200273644,0.47851803978788915,0.472155263271717,0.6192613639284743,0.4735776679742644,0.45249151539974464,0.5518219341502776,0.488058011588567,0.47089990287494365,0.5010425565052425,0.5255351964609593,0.50222811077003,0.5416701448306066,0.45714162570732964,0.4513861901098606,0.5320255416200521,0.45416953956874,0.4198038159936363,0.479326248981729,0.4829034181279242,0.5290302839905067,0.45272432292299664,0.4646355446987211,0.5243739849788231,0.49436788524210146,0.49194031054621923,0.4601943326836105,0.4732773938193196,0.41703345411109066,0.49940263193840156,0.5997321086953807,0.4090764270840979,0.5075725885189993,0.44204028922342936,0.5212445989300092,0.46209987219622645,0.6086818670104414,0.42577715191601373,0.45973046804594064,0.5164906560476532,0.42497908382765254,0.4882105526701971,0.37165291997626465,0.39734415207057316,0.4288668831228231,0.47166696063632946,0.5161772431407621,0.44903987040784055,0.5815508045533221,0.4939116156333164,0.3972492422825682,0.44957007293337636,0.5203980504685697,0.5477488278648122,0.4779324861144805,0.42971074957671923,0.5064572336650093,0.5010130673477173,0.4634392438135314,0.5202681408450525,0.5201466327034977,0.5153650011039426,0.5018665999693436,0.45564749205449073,0.5558901532381012,0.5192779426137621,0.43618119839302594,0.5665547539954425,0.44092706218696753,0.5129323004611935,0.5488285698680571,0.4444639291612052,0.4383261264580501,0.4461013916544901,0.5488456511892631,0.41335023273481,0.622149448420446,0.3924583288093987,0.5837167424199058,0.40863456070686843,0.42686051238766115,0.4560482279762075,0.5273644569914061,0.46530485056045257,0.5138272811411269,0.4482787959104436,0.5865795807522178,0.4892627328348314,0.5268306058362096,0.5067368626934561,0.4139951357668231,0.5527240545101378,0.4492889763533995,0.47707532212541004,0.5916400187284285,0.561686969807456,0.4147430147628558,0.4867731658646397,0.5333845810306969,0.385568051999318,0.5057957343541194,0.49864991575345524,0.5890239570934973,0.40348886761738595,0.5846008716278491,0.44978200540538094,0.46039968270945597,0.5407999538103648,0.41518794307887635,0.4976331189525037,0.4810379520205021,0.42143402943251973,0.470473866701612,0.4248969117772904,0.35714247523258746,0.4577811661007417,0.43402982654340044,0.44938262281635766,0.47373808351410795,0.45972179481920833,0.4450269314950148,0.5378366235557637,0.4254107522068316,0.45597337368880747,0.4896268688728101,0.47897490038148793,0.5091703216829216,0.5692120948629366,0.39032101821825727,0.484052369279729,0.4751707761150549,0.42594554031812915,0.41671453091847477,0.6348531349680528,0.4940681534382627,0.45911824707154153,0.6475582780076585,0.4267617181523099,0.45033484188528133,0.4685736076747478,0.509441179413213,0.44654306246273384,0.48235211857746646
0.5329541221904956,0.5545925677263769,0.48909908540045943,0.49780153399859683,0.581888071255982,0.47905932176134775,0.0,0.44994168497438936,0.46202134795810607,0.5346894648507176,0.528287280993439,0.5757733409114643,0.46691525745815005,0.45662139680671243,0.5383452864191751,0.46159858880391064,0.47017924328520466,0.4848254863163163,0.5107132268329617,0.4389765271055053,0.502453222039458,0.5308341382262348,0.6543514739653288,0.5722728094383296,0.6017512953249965,0.49476022259286484,0.5099489511292157,0.49850736589572,0.5320013352952359,0.4618710346427516,0.5343811085806183,0.46866281571463575,0.5119887343418557,0.5818916865341266,0.5436908862746581,0.47994916162093837,0.5428260715185816,0.4383188945044821,0.45707356541229177,0.546353029061323,0.48873505147857627,0.5136903392888843,0.44650177438607475,0.5211009678131088,0.5173014815842095,0.4454565203070396,0.4742385201332633,0.4924489355159108,0.6012191321219631,0.4220903626808027,0.4983514532427054,0.4991304102136405,0.3766517420476423,0.5149672575613573,0.4804103208317357,0.4648313709637253,0.44283078255481956,0.5267220879615014,0.4556903727397584,0.45212586272145305,0.42155705509815217,0.37991553291105246,0.4085723994771322,0.40196802397439463,0.39403622375730063,0.3775339129685106,0.4837620120498461,0.4924756338862696,0.44188350371775353,0.4846651055500949,0.4707792181419061,0.42071242857096347,0.4373941397246171,0.4925410233895644,0.4288209482351365,0.4375723580921601,0.4291585686703532,0.598359035544336,0.4322232694597199,0.40583136764631744,0.40724260167148796,0.5261778845407308,0.48636198809210834,0.40707758216817624,0.43203822637074113,0.49427344478788127,0.4461882355695871,0.45363045533480956,0.46091988158865715,0.43269676105724636,0.568670925030631,0.6297189635179251,0.47662365345251617,0.40708819241100325,0.4523148828365774,0.572398918316811,0.3617469001377343,0.551551167930469,0.4226348163473758,0.5170023735462601,0.43966171574533486,0.3921091581367293,0.4853223674364215,0.5267316989427512,0.43340329354036283,0.4444984552948984,0.38989779113178047,0.524436532519463,0.48608527795485607,0.5389852023040954,0.5855884084262244,0.4398408947278265,0.47169241327341355,0.42002869898993983,0.4315498748164226,0.5159919364411453,0.46270533640201067,0.4739144552672317,0.45498195113957834,0.5005957700876053,0.4245128866382364,0.43330460250073227,0.4785775718715318,0.5593868078296415,0.424349417813881,0.5510118755500508,0.41569534734231695,0.46708341375644613,0.4980378139921754,0.42809177467336607,0.4269123470310784,0.39987188809933716,0.39384692082750383,0.4841372730650984,0.440255016480947,0.36168305128934247,0.44250195052599933,0.5412104442557202,0.5104260077069965,0.4746551826739685,0.43528656370889474,0.4358408397026806,0.5541481625795287,0.42843829604148564,0.48054494399438763,0.6077822767614638,0.49032602689135923,0.4240105617467361,0.5300280939168382,0.36107791615958046,0.5025378356142005,0.43670018079235096,0.4566231117211159,0.4410083032682286,0.5633710201252983,0.47785823051135995,0.4670337754976617,0.5294003093074379,0.5070905130594237,0.4396933655041131,0.4055651420599784,0.4954018263827301,0.41813332228592315,0.5475615367840825
0.5358005509211615,0.5491316685775234,0.6306155252224106,0.42201402704427265,0.44823617420366424,0.5722576195499642,0.44994168497438936,0.0,0.5376024244749806,0.56035773067255,0.4929932157491114,0.5271147775332342,0.6023193938817477,0.4414177123525654,0.47789871106955656,0.5774243586326504,0.5059132944900899,0.5047873205744531,0.48616814289767696,0.4856707143583148,0.5198902321450478,0.5511991914260588,0.484575595476278,0.4992365089884151,0.5735967088420031,0.4911524819041021,0.5362286955017332,0.5200796637330638,0.4440099959380598,0.5299133571051327,0.5358110782393023,0.5271790030535788,0.44393285737391763,0.5187427701098319,0.4368981709213427,0.444221353501664,0.5996884403912693,0.47757118365973206,0.4602542085847012,0.4890714431883915,0.44458371460214463,0.5210321404874491,0.4802726292724548,0.41943358471053643,0.644299027335059,0.5434254419364377,0.4854350751941963,0.4567617705946549,0.47762628749070013,0.43458323233261786,0.4824786770110345,0.48464031848279787,0.38962726800733993,0.4653914969475948,0.43320968442603697,0.5130219471459957,0.47237161641993436,0.5925734112612653,0.421286505069405,0.49032935413269657,0.5478094034151217,0.4310340535646924,0.4524506845726172,0.3809210383074543,0.3973822511161819,0.4343805943908432,0.5199410527575474,0.5769342119382102,0.4790593856390191,0.6975299926845719,0.5344660445210141,0.4035754005646213,0.42613892182170987,0.5424208341041632,0.5447946036287188,0.4528066070155165,0.4780209989730128,0.5128677086670916,0.5218767068806638,0.42271912328386596,0.4523594843797029,0.5311633774282266,0.5692548341685483,0.4946258786421078,0.4381756551817795,0.6281028636949735,0.5730072610190947,0.44873378715461437,0.5775546790899466,0.5190148435950447,0.4942162407544131,0.48947010167872373,0.4390496158576925,0.42693222165613387,0.4333783742033805,0.511308621053665,0.43099786977966514,0.5036057094476611,0.3832552672823359,0.5539574101153144,0.4201859904787525,0.49982520815319526,0.41129058825535636,0.44394189352830277,0.4570378710921087,0.5947073228909654,0.4613377119959663,0.5507724862527519,0.4992130413103412,0.5344322539672348,0.45387624979013824,0.41741023498105667,0.49105947651021353,0.47956447012593106,0.45465923025747557,0.5988061330839715,0.46626238529592934,0.4485525805737387,0.40251157930462744,0.49019472727363955,0.40849976876438504,0.5074180815415651,0.4592206153054426,0.5696683060843192,0.3908263207991741,0.5446590272309949,0.4423096590853468,0.6119207560827495,0.47150577497768065,0.447459309492283,0.5297466240788723,0.5084001937076886,0.464617498940221,0.45446671748988393,0.45990033624965976,0.3586337367432204,0.4994578263102859,0.441669228500965,0.5076985697918535,0.5271200925055535,0.3999593221797956,0.45204071271222945,0.5256165433749577,0.4247216778910678,0.46855146808003045,0.4805938258121898,0.5373933158215128,0.51750602406258,0.5684469308186904,0.3886516444851261,0.488308114932819,0.4150106779313861,0.4622597644902279,0.47776424847511284,0.5487234912310278,0.6025503261513294,0.515557199843553,0.6107859355200442,0.384557427537031,0.42816423235308815,0.4272442360582586,0.4503045520108455,0.4511504062937252,0.4865887473121702
0.569126970349275,0.5722802674897939,0.5179044517334307,0.36403134401239634,0.5100473832832217,0.4691803296320448,0.46202134795810607,0.5376024244749806,0.0,0.5022883569095569,0.4482566968830174,0.5334685233618988,0.4909457676103975,0.4215845698949321,0.5163961780103258,0.48852046116488773,0.4422302652948966,0.49249150064648173,0.45534453239958417,0.5291464666030626,0.47843187318598446,0.5913198860140447,0.48651855493813456,0.5520401507933335,0.5496691132951365,0.4259174351831185,0.4857757990698466,0.434407455929825,0.4189124215365258,0.6309823872968455,0.6211354964842447,0.4667293026947244,0.39585428359766656,0.47172294026867573,0.4695640174346002,0.41991286937538663,0.5577735892015538,0.45082362146549004,0.4691084322621572,0.45275817721302336,0.41751966698853643,0.5647998136927503,0.4555572535771561,0.4139490396465118,0.5593377819808387,0.48567414437741024,0.5400787908670729,0.43982950497926243,0.48535404590060943,0.43059226570722814,0.43379793949604334,0.42980946699225486,0.3749754978554219,0.4144706438445483,0.3939758107890232,0.567020551113623,0.4521441905949273,0.4937300845797474,0.41068087433429934,0.4573640907331039,0.42110151444002325,0.39108726513369424,0.3886677164296,0.3924070098118426,0.40710902035506463,0.3925716383893817,0.4662171635623228,0.5721129709228233,0.43475936689160816,0.5167189986108279,0.5277694121186592,0.4090583298783039,0.3920524237264483,0.4540598763361748,0.44764164688954433,0.4404492947283247,0.40799269236988983,0.4942047306075709,0.4479045661618243,0.3897610737091031,0.40349820688873606,0.5436843853780327,0.6612772758337927,0.4090544811252846,0.40352564023192716,0.611417581232104,0.4697065602109344,0.4284182772941862,0.4808465881322634,0.6167252573124168,0.46329424896655585,0.5150486031787043,0.4248263853213775,0.4069845953335177,0.41166568331538983,0.519009796799783,0.39544555454225455,0.48237152976593856,0.39785027260633055,0.45909973126616993,0.41886762927582855,0.41211416001722107,0.37784118290989543,0.4278922587000195,0.41985342644108764,0.5130642022382992,0.39309109860679176,0.5127100115987017,0.46578232395604297,0.5804581992424546,0.4262725634357477,0.41096232536525107,0.42061126403561677,0.42888264026695533,0.4024980559423958,0.5277894634173028,0.4328899096712122,0.480251608979021,0.3553428131881595,0.4426502150657568,0.4369518968974279,0.4055330590254852,0.45677230110514894,0.5277858511313772,0.42145071072967627,0.471144863541618,0.3985377848742,0.5839608771243613,0.4135781152310392,0.44068672352700267,0.5762576280116742,0.44134503702355293,0.4098578360475258,0.4589023334664356,0.47445669823578585,0.3796839299270807,0.6236730205800272,0.4580577434792386,0.49049079678464974,0.5273103419076374,0.3600043740814257,0.4400861416182819,0.5169918993722205,0.40703377965062654,0.4612293528013343,0.5050751589258057,0.7363911279816914,0.4451145558758702,0.5856208239655375,0.3694099956075929,0.47241052019649793,0.3935230659965159,0.4666890029169167,0.5183705481007013,0.4883471071987519,0.5941326499238169,0.49085236755192296,0.5128593955479225,0.3680537390694578,0.3786377776570341,0.3822878935335092,0.45478018525992786,0.43316411210958744,0.5124669157011656
0.5561604590375735,0.6456565722010292,0.646654703331022,0.44041709921438454,0.47315542158753443,0.5948855867968238,0.5346894648507176,0.56035773067255,0.5022883569095569,0.0,0.48986278986443194,0.5293272293420934,0.6115377883922263,0.4817331124906713,0.4724342657661847,0.5677402037249194,0.5610034374275154,0.539273845175301,0.4954023995532805,0.4794950801240404,0.5381473506765647,0.5420084197666495,0.5937216278233465,0.5341982791301573,0.673929962710165,0.4942747880888194,0.5656187829793058,0.5813592507065483,0.5201480776382026,0.5350585604906395,0.5022748895326049,0.5574834008348861,0.45771844903887443,0.5746747187968454,0.4615731666588369,0.4486224714605821,0.5833396323763655,0.4689493813036529,0.4246898600712892,0.5697906846678031,0.4663350892284366,0.6051762977181626,0.45748630182162037,0.43746173823358675,0.5870908946551243,0.5500260100693113,0.5760930586861966,0.45235968079618344,0.544608086745597,0.42988011838827306,0.4923427346098386,0.5224834274459736,0.409788849307335,0.4716119547745828,0.4363936624665174,0.601358967833287,0.4738314359772258,0.5516600501846619,0.4682008628141637,0.4994581054394854,0.4878142574229419,0.42904901745687485,0.4365689876289408,0.3985928629200358,0.40242121056143243,0.42948981198843234,0.5282212275779146,0.5867518478110815,0.4899956252912695,0.5606077030137713,0.5074476957478244,0.42330837374476377,0.4470131606836772,0.5560474221389963,0.5299578240318193,0.5023615071625461,0.45984853623433875,0.6048333479262491,0.48974958749692443,0.4677253166730938,0.4925471725657972,0.5089504616456952,0.6028273413308493,0.4829576314494089,0.4560247613050333,0.6049650444122846,0.48613868094921403,0.4588557269301319,0.6240397417463149,0.498003880933607,0.5188232879299398,0.5427122516261401,0.45718027953052454,0.43990745608265525,0.4612715788845899,0.5384959780335435,0.39442064499143176,0.5927532025991042,0.4044678019291638,0.6401155222906196,0.42838331630731635,0.43000707398632304,0.43253083853090535,0.4866664780146266,0.4499245499242783,0.5908914997312062,0.4546422589118865,0.7210897773508719,0.565101897679163,0.6207815276187664,0.48687774026930386,0.42416563342657293,0.5220962283313113,0.48008508360424823,0.4634613989519849,0.7054979882274354,0.5463300827521357,0.46012373400842105,0.4468624696600952,0.5420495456054585,0.41314444952076373,0.4605731485848322,0.5101964973731802,0.6295647337300541,0.40819029717295147,0.5683983017298055,0.4659438102464231,0.5154997036710061,0.5236743613635262,0.45345455441584304,0.5746475042488831,0.48322830366197533,0.43646090844949936,0.45145703431156553,0.43260391534655324,0.3654323137931355,0.5145444622145747,0.4672623059130088,0.5228430847788776,0.5004940620605864,0.415302249743025,0.47425880059324727,0.5895102362527697,0.42643127440799145,0.4823123642460878,0.5304384457695033,0.4953976679269696,0.5675369548120176,0.6638154321614548,0.4037839267826406,0.46038039500019395,0.4575866555218682,0.4527866413479258,0.5279020574445003,0.5968987546019583,0.5369650502599373,0.5224040228498664,0.7082717240575229,0.4170354593323182,0.4589753339985018,0.49443765578343957,0.5003634235822816,0.47998687720693,0.4971097656761159
0.55077345672214,0.5068366909782971,0.5306347244665884,0.5197225562556149,0.56945177048089,0.48554537299646017,0.528287280993439,0.4929932157491114,0.4482566968830174,0.48986278986443194,0.0,0.5080420165866971,0.5216487707990225,0.5509229866741295,0.5071248139651954,0.5784721325336072,0.5688810787950513,0.5338075498553861,0.5675518118474419,0.5115403458355035,0.6400552804134322,0.566742668490451,0.5398496861762008,0.5405314253805535,0.5704359551171856,0.6511529546997011,0.5182355579168948,0.5759637461241951,0.5956849214044443,0.42866898430482514,0.5335435126001811,0.540645477650231,0.4878733624653807,0.5973098058809742,0.5838326182152693,0.6173210837758474,0.6139156557077436,0.5933897851928259,0.6211360611663292,0.5844808067041811,0.5506707890989887,0.4726654476513956,0.5527253864889214,0.5889157318096645,0.5692687568141114,0.49039218264178347,0.42002633665741196,0.7058522036415962,0.6324256391564477,0.5157783916818316,0.6244159245654383,0.5364646319468938,0.42226879498053527,0.64349422066053,0.6692108933048041,0.41679949946680306,0.5599902805672656,0.5964615556860028,0.5204796677068104,0.5372307650702247,0.564058434910985,0.4573068879491979,0.5000090652140716,0.48503791641379734,0.457425658380163,0.45942458986251067,0.6106108937017448,0.503493831483633,0.5326726640309168,0.5830979517936239,0.5607396535464908,0.5118483769244128,0.5616971856412104,0.6106974855463433,0.5309716166400001,0.46857643527272896,0.5648701020785034,0.6138851467681431,0.54565500566464,0.4982970299903111,0.47193412654884487,0.5956322290115829,0.4460525559982171,0.5210380323507832,0.5653053518212425,0.5319147363250615,0.5994567006555357,0.5374533838654236,0.48747309807761585,0.4157391402572583,0.6603059004274112,0.5346103729412766,0.589152538099459,0.48839468602931774,0.5829486826348738,0.49142757266652376,0.46085961100909095,0.4942592913320192,0.5029520202578109,0.5371538171893071,0.5903249534826082,0.518002313078002,0.5360401590344214,0.45388537018427777,0.5532659357338678,0.4896283721149047,0.48756319169322215,0.5039898321156548,0.5145476982271189,0.5227136857622108,0.6522232871724524,0.5796254105124996,0.5815910573291443,0.5503107327131901,0.5188100410316949,0.49485179209182373,0.48742633716800543,0.5506984667601501,0.50114752204677,0.5682893234646595,0.5261549759117511,0.5483359532072428,0.5792596064312523,0.5991638269959141,0.5191358276914794,0.6066794677838848,0.49120793852408856,0.4983064052365142,0.5981206683283588,0.5091237202190493,0.4018213365079878,0.5083521192526914,0.5485138123916273,0.6350993179061697,0.5963568121063157,0.41628388448549314,0.42749165923822136,0.5764403638779521,0.603793647596958,0.5930833763516439,0.4553384409343038,0.5534197786316774,0.5905725949889061,0.5649521222135644,0.6700689656788168,0.5091671847185552,0.47866672927563264,0.46751425770576316,0.5428039038634672,0.44506005201538607,0.6921222449488105,0.48508621340092395,0.5837327046020798,0.40046823515071717,0.5724327286693186,0.5711933037618275,0.5254807742555965,0.494876333523277,0.523736379766429,0.5525755882033144,0.43903449334483335,0.5708085417532003,0.5124403963158336,0.6926503040301554
0.5142575884675608,0.5704577575238827,0.5045931374401351,0.46411745848610064,0.523836028711919,0.5362238418656676,0.5757733409114643,0.5271147775332342,0.5334685233618988,0.5293272293420934,0.5080420165866971,0.0,0.46134626939289625,0.4055762729265835,0.5036916530755216,0.4706394687892052,0.45076544853722544,0.4456310317601617,0.5335576941603689,0.43703330071025265,0.4971194431786928,0.5325708754986213,0.5690114664865403,0.5518125182647383,0.6371310499440888,0.46004001359448016,0.4999948911636057,0.48363231302879894,0.466154112388968,0.5394316069166464,0.5842663936491383,0.45464339447715046,0.4786979361377728,0.5815806937542023,0.4809440088331366,0.443510821754551,0.5486707914954754,0.42871116475469284,0.46819912173111544,0.46886050947328334,0.45418009772097456,0.5718541182085832,0.42622588370223724,0.4717964725727644,0.5273239827683609,0.43401643642081644,0.4559269825437976,0.462439190747499,0.5070824582141036,0.395550116195101,0.45547653076414524,0.47788070469573624,0.3532428065558636,0.4793705205455476,0.43609207898301,0.5182224644273534,0.42691558897513,0.6200026251065482,0.3953430702948874,0.4274352685758227,0.43012050757456355,0.36525705884226206,0.3973149056586684,0.3695332538075674,0.3680987814311525,0.36380952673443867,0.4594690587859216,0.47958828427361133,0.4065833158494867,0.5338707006933772,0.46016862066993003,0.380899927113286,0.4072114886524635,0.46524210257651605,0.43910050560497466,0.4093903279216697,0.41516619955945394,0.5481221683578703,0.4318506972510864,0.39399721849897457,0.3993155430788124,0.5314817259813784,0.5433896013136087,0.4052621621081169,0.4136484744257873,0.5376221688537015,0.4854431252001345,0.4085740369021805,0.46224771034935547,0.5052038546585766,0.5151366459426845,0.603417463528678,0.4295785756844745,0.3866181972338967,0.41423029239933834,0.6350396448765644,0.36452250092990246,0.5869996880506763,0.3896797967654626,0.4812793711746148,0.40689356130365434,0.4017083154643322,0.4392369669617379,0.5352577261091961,0.4128196487198494,0.45151521670507055,0.38226658489217813,0.5644107511906371,0.4390582729648913,0.5615482833765609,0.5370879104001626,0.41319893468980184,0.4479211235615282,0.428441595230915,0.40312249730924093,0.5448628130219795,0.4438357972498073,0.4420988165382171,0.4176293618761107,0.48810058833959147,0.3973250329126922,0.4462713459315799,0.4591097834475134,0.5459616983790355,0.39856550121719114,0.540874742331804,0.39459321102360495,0.5127972083480764,0.4676364621516535,0.3929651083970191,0.48720179516092477,0.41348546191439717,0.3950942704828047,0.4906203141275928,0.4400626093241137,0.3373842740534316,0.46978594327961287,0.459049169996855,0.47202696280489814,0.48619433579491217,0.40201591403910997,0.4185486456664345,0.5207407885262376,0.41049778257437924,0.46080567588168475,0.5458102689617327,0.5708679078125449,0.41953564769197654,0.5450145550556484,0.3639065510792227,0.5027926442638911,0.40750636567662885,0.447037311597119,0.43787259981265186,0.6214811568649042,0.502508350205213,0.466618457800279,0.5999399570773133,0.42656452024528696,0.40267273351811955,0.374478310188563,0.4677405043658324,0.417289810726896,0.5361160467196014
