0,1,2,3,4,5,6,7,8,9,10,11,12,13,14,15,16,17,18,19,20,21,22,23,24,25,26,27,28,29,30,31,32,33,34,35,36,37,38,39,40,41,42,43,44,45,46,47,48,49,50,51,52,53,54,55,56,57,58,59,60,61,62,63,64,65,66,67,68,69,70,71,72,73,74,75,76,77,78,79,80,81,82,83,84,85,86,87,88,89,90,91,92,93,94,95,96,97,98,99,100,101,102,103,104,105,106,107,108,109,110,111,112,113,114,115,116,117,118,119,120,121,122,123,124,125,126,127,128,129,130,131,132,133,134,135,136,137,138,139,140,141,142,143,144,145,146,147,148,149,150,151,152,153,154,155,156,157,158,159,160,161,162,163
0.0,0.3479895319911822,0.2710450916586195,0.5892773384157468,0.5097931689568578,0.3851075961343451,0.5005716008217314,0.4282709743460946,0.7484464708129609,0.2519650370253509,0.37595114913031724,0.30044431617694395,0.5298115544888219,0.686433228150164,0.4474706196985495,0.3897802992478518,0.5001760596688498,0.7351583320369494,0.3833376852191301,0.5528390279227557,0.4610079046854739,0.3536987400810285,0.564022071194437,0.45055635054876636,0.3731802264432143,0.5542930415090579,0.5060486736076073,0.5546967921312381,0.22432359031076068,0.49090681749468207,0.41701123364897147,0.39894955273704436,0.45939025262291683,0.48483711016189257,0.6492004117754482,0.3805609935539579,0.5180304270304699,0.5803543845456305,0.33010263368393533,0.6332612258331108,0.4393848330991628,0.6031081960424577,0.4626099537947565,0.43700788917711003,0.44031647219580805,0.5324803272756148,0.5097034634787005,0.32962360393402024,0.5157374739027986,0.5588465384338748,0.5655084455169851,0.6631721577787048,0.6412102805342534,0.35909410508461537,0.3048667178509086,0.6439890776884559,0.7017816760239544,0.40819338448468645,0.48859110206096085,0.5740152136284915,0.4161098769441664,0.5755391048534572,0.6504452835435092,0.42660269924087835,0.5907163437302319,0.557386681331087,0.5699839725201231,0.575325801869093,0.41925034434722774,0.526817151757266,0.6191737523828409,0.643015094971109,0.8101791382217273,0.5525425168571246,0.4537321679754468,0.5535025648516287,0.5044399408332242,0.4529082640551451,0.5235010405861655,0.534974563829056,0.4952796176906005,0.616385762943006,0.4959746535616603,0.535420437123411,0.6499527535710511,0.6126591035999222,0.570146237341212,0.6144895550052707,0.5777569498458546,0.5502993411526143,0.6456948564397554,0.5040373367629959,0.38740617446864756,0.6187218238175478,0.7140808703520926,0.3187159707266052,0.4396825785929079,0.4577652313360591,0.6717816275270045,0.5822448008411596,0.47415480928769144,0.37855238392905666,0.5109913509153076,0.28027454924706874,0.6816458777435048,0.5781828563695532,0.43255570553506745,0.4635321805436143,0.485805368943703,0.3636601483132966,0.4366554072907864,0.6310795670969159,0.6823318370033928,0.586752132059891,0.6412942338511506,0.7584836463216051,0.5927062850068672,0.27882855986880384,0.3616291970231474,0.7147436949914824,0.7017395822324295,0.5771362375545025,0.7019665252054574,0.5265258777778719,0.7454953225486912,0.2798114122595457,0.6160107689263482,0.3937169801382319,0.3053765243330861,0.5287949947311372,0.5070728467069744,0.5137768433092444,0.7474508439144791,0.7589437454777043,0.34510809914065504,0.5299818722100408,0.4362094984198173,0.5738562731329251,0.3842463098530583,0.46387393370862023,0.42314478307974934,0.42397896975888844,0.6354275495340528,0.45954053853819776,0.4350330454166986,0.6253929905329367,0.527694705177561,0.40480535282638536,0.290445359017468,0.35662042898133933,0.6154195553375539,0.44528290881857885,0.45217096705622734,0.35328660749998503,0.3986328127589957,0.5231788763267318,0.5895708981651708,0.4880341758656692,0.6787591813867427,0.7210699991142773,0.4536229267293041,0.7559212933886206,0.5258790928541165,0.7978977081116795
0.3479895319911822,0.0,0.5157617213353447,0.4156780822602836,0.42892682760029743,0.7264925183017993,0.4474869646842094,0.6207191220076138,0.33959568967515874,0.47423859804101837,0.6018175355029971,0.6618136467196428,0.4968011261861715,0.39913149135344683,0.4923386129920392,0.6517291794710145,0.4811439309781156,0.36182104915367663,0.7342321185637556,0.48092930955368374,0.5459979257429275,0.6657060207456093,0.424143916062669,0.4941836199714906,0.8169623219997284,0.3268194762175309,0.4057294312609034,0.4197822148543505,0.38124690201186195,0.4082586536530723,0.5418294963770444,0.7207828071932175,0.4930778180791461,0.4300447373674839,0.42569290278091404,0.6584294347615359,0.46971738495737353,0.443565571973485,0.6360274466510537,0.3953153645824858,0.5051360220595515,0.41446015224625066,0.5051431600966394,0.520716628634792,0.5380049655750403,0.36164543874963695,0.4257832169713194,0.659231006201047,0.49885320854904236,0.4317971017834776,0.39968297498293825,0.3475313533242044,0.3783268216260053,0.7399112136041163,0.6934257534230195,0.3866011242944826,0.3672340903422584,0.5742196448399459,0.520941532165223,0.40603212870696415,0.6311597830537042,0.34777742946817736,0.41002494734348416,0.5880497563566408,0.3392376852444638,0.3435651660282578,0.3591275253770578,0.4043861452568425,0.46604989245545214,0.49101030182131766,0.34845730830058497,0.3819505367290011,0.32609638280341036,0.464653961807958,0.5046924412076219,0.35704545037082785,0.482210401384851,0.5223786672381726,0.34510984151145263,0.32050963240291735,0.48037950188319345,0.32975774417959197,0.5106295608664866,0.496593800167717,0.33237941538862525,0.4312736246430473,0.44643984942696724,0.3745805561473285,0.4089143080980683,0.3515032941126576,0.33947822324691873,0.39943356117411916,0.653078243384927,0.3388266668969155,0.33212817772978703,0.7002796070277078,0.4987420058537046,0.5022752537980297,0.33041735424396723,0.3545709608087743,0.47332451801645464,0.606466308334718,0.342395511751388,0.5669789306303068,0.37079377747940384,0.383375994354045,0.5094051708291122,0.5591983478130247,0.42444572462699864,0.6135123448646341,0.5352512666271532,0.33207671653262283,0.3641865832238514,0.41565408477639054,0.3321267433562333,0.3277588141271554,0.4278758994109552,0.5681608531383511,0.8238376521332603,0.3227824717637853,0.34847587385558215,0.35435946533317847,0.35550414646228445,0.4050688550362642,0.3376911801773707,0.5639387676097906,0.3216623858640708,0.5701330167759809,0.7069005608001668,0.4385484946562056,0.44904648080332493,0.4998505468610722,0.33361983595349315,0.3247903290479687,0.6898632006563462,0.42890193857307857,0.5655833451397568,0.3917421106890554,0.7524246075576163,0.47026122218508093,0.5793948795188226,0.6406267865987422,0.36607051652743494,0.5344421600295769,0.5512984078278685,0.35722847215335796,0.46729004424693843,0.5398302358840406,0.6323571492811654,0.5623757547254882,0.3548785042125765,0.5814310275340232,0.47758523551280696,0.6609633735360255,0.5993425218962898,0.4207627566027931,0.4300095422201256,0.4744699422732963,0.3730850858426666,0.33374018088380863,0.4994957585849487,0.35471725550751826,0.3588714319833547,0.32237606524208934
0.2710450916586195,0.5157617213353447,0.0,0.30507981813634577,0.33396452498273094,0.4559714139417243,0.3201094688672711,0.4018657741855863,0.26897860158928577,0.6669799939321163,0.4774250258359661,0.5722103328602034,0.3527166946468899,0.3037247321571347,0.34142924628408033,0.4689245347639955,0.36286038128593656,0.2828017745518241,0.4513447638620629,0.34248820171345,0.3698141916765781,0.532594133785326,0.31577548245518267,0.34200043367890504,0.46440395925698036,0.25323508025238667,0.32408154313250354,0.3272385728435308,0.5475177155747257,0.331218645884583,0.3618259288082085,0.44425016661925504,0.34182225165699354,0.30804781558178435,0.3132998640648014,0.4299217389590182,0.33048852911778803,0.3293026591522135,0.443937177620918,0.29419367601255936,0.35153905233282323,0.32010150326629055,0.349915231641083,0.35400710379457984,0.35939193054698426,0.27334964292213493,0.3127417030013845,0.476483688780276,0.3472881316531452,0.3196214756297423,0.29638724836207464,0.267338180264899,0.2880465097178289,0.45269577966947677,0.5670247671791327,0.2873530601398501,0.27986109576389895,0.42940231716770866,0.3567607671170446,0.30207166792478585,0.39984622185021407,0.2676237988253336,0.30642458911486237,0.40919600751145035,0.26067959514716416,0.2617180029018658,0.27011698111600163,0.2972531085292323,0.38457815955056973,0.3556358492711472,0.26601922803467903,0.2857337668402206,0.2583445628744982,0.3322340104974732,0.38657258808213274,0.26876258486149907,0.33854453277245905,0.3625207212771332,0.26309475678313826,0.24939656483977035,0.33457436259260737,0.2559364540574908,0.3540378339805912,0.34872746866017523,0.25831548910266555,0.3145871886590762,0.31928131251630537,0.28332680773635255,0.2995920128080283,0.2658526423607579,0.2711224693190321,0.2935905783721794,0.4484221357288757,0.25975788596470006,0.2593620676098824,0.4956568924011871,0.34199075626063824,0.34312594155472265,0.2583609251984136,0.26844718616720137,0.3285278873806998,0.39853310391663904,0.2620771197709056,0.5387298450870983,0.2829141915828691,0.2871609408482793,0.35188695690788063,0.39308033398914183,0.3086795142842897,0.41084664993862796,0.35984491991262485,0.2587804522854316,0.2756613691695204,0.31731612114898095,0.25745597007318044,0.2610365814595139,0.3097409857234503,0.7606052324137748,0.4966971984961515,0.257132242355879,0.27081850771816574,0.2709508156019428,0.271212202779816,0.29682914367340657,0.2612143112360681,0.5283453054869974,0.25343896157765283,0.38321202529997955,0.5771253770641831,0.3148015545173791,0.3481860155935971,0.3602625602212612,0.25904536244775217,0.25496587067135207,0.44680641987584396,0.3085419755982743,0.3745983749540038,0.2903341676112625,0.45774918007260335,0.3335013394249423,0.3759431399393789,0.42636947390400015,0.2780176912645491,0.3750775551202565,0.3660436554973283,0.27157016187044497,0.33369509870125597,0.367690449930796,0.6708151810012314,0.4871986412878513,0.2684617072081736,0.38416379687870084,0.3742597780376989,0.44858329661996066,0.3902566983449866,0.3031103200157211,0.3173499357172079,0.33299090410756416,0.27996695672658506,0.2598817542979714,0.3422154942852377,0.27080244761546335,0.2715397113041423,0.25616295418046825
0.5892773384157468,0.4156780822602836,0.30507981813634577,0.0,0.5774477602240679,0.4537412791412163,0.7344460486131507,0.5504533941024704,0.5601779994862882,0.2859276111916926,0.4155605388938212,0.35779772896571194,0.5982841191894461,0.6416650733244731,0.6233750563908729,0.4505976786961764,0.5564595081482455,0.6101295063141302,0.4781859465763326,0.6373832323002308,0.6132859624326004,0.4018382314246386,0.7545806196013054,0.57907739076448,0.45167625660875993,0.563151353198776,0.5228331014727918,0.542276869969896,0.24890260891190427,0.5054998438250573,0.5555865298475144,0.4878923755995542,0.6551663060718762,0.6625208794401118,0.7146037565422488,0.4870770358079827,0.6260903870920954,0.67490563084097,0.40907755929891304,0.8095944499952037,0.6163321757256487,0.5836066398731385,0.6419252848587153,0.5654666169356065,0.5886868970339753,0.6540087990649107,0.717769836522975,0.3832330791592742,0.6994048481944837,0.7486166511541357,0.7998265826110097,0.6514356235760643,0.7364249873229801,0.4472461523011134,0.3628327419833622,0.7137556721498731,0.7154853719161184,0.48310347737439735,0.6559091950201613,0.800495493719446,0.5064300590331069,0.6511390069410271,0.7693857874197227,0.5210592835255,0.6227611910638406,0.5964162644248896,0.6095366329409676,0.6785319972407544,0.4484744657001255,0.6090623088759778,0.6296475568656159,0.7648330801127747,0.5324289331718235,0.7563984106510826,0.4990533835024383,0.6111014382687703,0.6913850546829723,0.6072402077506492,0.607647616082934,0.5021696185266097,0.6417344671601386,0.6063797139786627,0.6513580261131571,0.6362712441367712,0.6133403501001289,0.8103263055133533,0.6609716801889667,0.7530258604187511,0.83058189808023,0.5949634328571188,0.5656678802389417,0.7138906661008149,0.47860489148225627,0.5977180363249874,0.6025138248149627,0.38101076425856234,0.5927378076311787,0.6317539245301443,0.6009288655856404,0.6599436269298106,0.6141527111109799,0.48869476067631074,0.612441597520007,0.33286423666571185,0.7237201765105925,0.7333539983184083,0.5932843138300697,0.5410182314346073,0.6899449151328649,0.43278588501837195,0.5787742898289779,0.6125381037947155,0.6105293899018926,0.6281911714930731,0.6112524388927211,0.5483869945740819,0.8343170723112192,0.31981303766570074,0.4279914466352532,0.5424485431708902,0.6367069198358573,0.6877639503126598,0.5943446364284136,0.6904636149233324,0.5682701036003717,0.3286981151184819,0.5744126084550731,0.5136364057181948,0.3613682379605363,0.7607931720134353,0.5325554608353368,0.6145462244825738,0.5576038576479971,0.5684229911682815,0.4126113409605913,0.6716960945465645,0.5474554946917679,0.7773461713987138,0.46977380013492887,0.6639743890083597,0.544137676223634,0.505942975615595,0.7354847372949037,0.5946702224275909,0.5613384547742375,0.6998525296127213,0.7404608615743993,0.5389363007468392,0.3360553631467283,0.4009339239657061,0.6451319169975552,0.5885626040251718,0.5026973512614992,0.4436070317245888,0.5230851346895976,0.6485794074763508,0.5820766594061655,0.6545159330283635,0.6798525156860583,0.6046351115484296,0.6180869149238755,0.6406074327086613,0.6491872328141743,0.5335880428480722
0.5097931689568578,0.42892682760029743,0.33396452498273094,0.5774477602240679,0.0,0.46591017557270326,0.5445038327816403,0.5379557512132009,0.5222201041564599,0.30015505362995876,0.47481861789089946,0.37093321783732514,0.5764162667153564,0.5962481044841703,0.5084715082160451,0.5203782307391166,0.7003002592575652,0.5792368295742559,0.49117897188306353,0.5800199108736872,0.5742878973432254,0.45582758227210923,0.6596047529824776,0.48500904878184264,0.45191840299691166,0.4345905193749321,0.6331634766090796,0.6113235233180626,0.26289708102902587,0.7066737949643207,0.47029095416530065,0.5069328439678878,0.5252550915898895,0.47721008630505807,0.5819727175162774,0.4910920178797864,0.5097700461253103,0.6859231933797275,0.39887886969029834,0.5646390455248517,0.5342342763080757,0.6619905778207602,0.5545048041057495,0.481948796627241,0.49526870245027554,0.47249746886115346,0.5777048084812375,0.3824453129504481,0.60081479456566,0.6700414844609545,0.556192107474541,0.5006647819478882,0.5850048251859813,0.44045414827141627,0.3735411561661265,0.5064125356597481,0.5487822694970862,0.5894889520746233,0.5717522453768523,0.5932697647023748,0.4701058867371593,0.4974278899198918,0.6450634618491741,0.5648281069169546,0.46191302200414497,0.4368802384549729,0.4401447771487683,0.5078317581370653,0.5583583296951556,0.6377976800364555,0.46928808079805756,0.5264325904534136,0.4704804558677067,0.6294338870846732,0.6006585657513546,0.4379028265269488,0.5776625258698863,0.5770130750899998,0.4425172713650602,0.4010501877088523,0.5156995185021992,0.463257509065468,0.5945503389580454,0.5745942752992431,0.47803594380825926,0.6051619752252455,0.5163354608822333,0.5411489272197896,0.5386532301810201,0.43338541005906134,0.5717929409974851,0.48917008382902694,0.5324798619937668,0.44632641462465583,0.4883768504155782,0.37711572732656473,0.47772326453675695,0.4986907161198485,0.4858875613973257,0.46379206833694114,0.4740094053670985,0.45537688684886235,0.4442974241793507,0.3372040882347097,0.5605399526416676,0.5317199555855756,0.5109603980172667,0.5862230798829917,0.5165604677191371,0.4080013844076517,0.49566685384806214,0.4851201276248861,0.4672471259044519,0.659254504667305,0.46862212561400035,0.5126524254903436,0.5566471257724416,0.3425106467560256,0.4458138564464445,0.4884589230988751,0.5428547486539209,0.500137005522678,0.46423940532154634,0.4990087139366319,0.4514549810689467,0.33117916525887015,0.4763004339750119,0.47682576640714336,0.3713152581311347,0.5433337825179447,0.6368004775251488,0.6893737003012916,0.4491243565970033,0.46870838008181503,0.3958040521360112,0.49905339617102984,0.4960431446259662,0.52242900345662,0.48440774710847984,0.5404178088455754,0.47043525728118996,0.547187971154741,0.5284085839291812,0.6114499996144371,0.4883351910505607,0.49650012842301633,0.6241519716601056,0.483494436930064,0.35230888080991574,0.4738085000266221,0.4587309082983242,0.5532296648085279,0.6421396837889242,0.45326770329020616,0.47829644736340254,0.47271422132957475,0.5173943690047619,0.5281463792571043,0.486223318464393,0.4873753061140546,0.49500902654890955,0.4847693631808202,0.4643221867941994,0.47969696144206775
0.3851075961343451,0.7264925183017993,0.4559714139417243,0.4537412791412163,0.46591017557270326,0.0,0.48461173564461074,0.6517515278771505,0.36952400889121606,0.413515827262501,0.6475944434846489,0.5442313993247148,0.5819312639898998,0.44110593340096277,0.5238171402010349,0.6919268660976707,0.5315313393681367,0.3949584751511099,0.6977140751713122,0.5474045312036616,0.6025203597433917,0.6474680235149937,0.4557079719071492,0.5512851352038288,0.7996298372026516,0.35457350094843054,0.4306937580576921,0.4619492831003463,0.34520782120789323,0.4375237318423748,0.5668151369712839,0.7621233273912777,0.5279781571436685,0.46380376324172384,0.4767360334402939,0.6153635769124699,0.5411012582549878,0.48729087243365443,0.5659114855479391,0.4342158892345584,0.5274596688390908,0.46099533509637514,0.542462466722571,0.5811421490252167,0.5763147378723392,0.3875204326466854,0.4591954835030594,0.6573882456725352,0.553647250790239,0.4655022552484045,0.4333265913926249,0.38047843170495976,0.408122335187216,0.6784362552361225,0.5617189430266769,0.429126972914416,0.4010909953706612,0.5943686037511261,0.5653968467511319,0.43605276289634226,0.7276390660700005,0.3721515255998016,0.45488324516154166,0.6024506871258101,0.3654213904792167,0.37213435337735584,0.39299819328949287,0.45252369438788737,0.48644718553688193,0.5496876394614804,0.3811547333630722,0.41555864237264484,0.35741548389951117,0.5155194896402849,0.5462525904129809,0.3886498478203226,0.5323189336891763,0.5689646241263657,0.36961992158071216,0.35242922210154465,0.5429730329243373,0.35532182697568965,0.5778784977284492,0.5711751741196216,0.3588665107502814,0.4774602014839134,0.5090435563168147,0.4025303747584717,0.4433146583595189,0.3829394727746721,0.366666090101798,0.4250448153798727,0.6319945179215044,0.36971090491770314,0.3600012615807913,0.6107875938902201,0.5268797102365781,0.5412864202442358,0.3560977187076221,0.38336649006034246,0.5209645136186093,0.5906656794893269,0.3636113286375254,0.47590316449053344,0.4016783772302174,0.41661655414539656,0.5297006484020649,0.63011333667946,0.4519948548031377,0.6642554828265119,0.586606781688136,0.357102266215299,0.40671383305416525,0.45001229294516426,0.35964545498988537,0.35805667556862997,0.47203722677380994,0.4817205087474916,0.8287368087503605,0.3494532933770193,0.38001667237107073,0.3789587976641581,0.39626534368006,0.4437737402096033,0.3727034525671182,0.48802910219119755,0.34456581184980695,0.58202378694572,0.5711057164488392,0.47585994051359165,0.4886656386446087,0.561911495256347,0.3676247915917791,0.3542329359832334,0.6634939194761413,0.47641484217563995,0.6460955008435217,0.42577989978273556,0.7140578860145953,0.49335363260900306,0.6345936807820162,0.7118581158322598,0.3952451647097065,0.5595265920220461,0.6102377220498815,0.387315550956079,0.5154558138496719,0.554154134078063,0.5251832390303509,0.5426059634336052,0.38775369808598553,0.6207274599906462,0.5040266405896386,0.5938849118243167,0.6143718677379671,0.46566647097686154,0.49873383764622864,0.5297728124921193,0.4136214186656539,0.36417595882415993,0.5378434722360026,0.39136030177153364,0.38202939472732034,0.354245974040865
0.5005716008217314,0.4474869646842094,0.3201094688672711,0.7344460486131507,0.5445038327816403,0.48461173564461074,0.0,0.5918629109718657,0.4717642478220896,0.302420338326753,0.42109839476066013,0.3892469280862166,0.5834615726175502,0.5414373905203231,0.7818885985102859,0.466509820706456,0.5256236235464954,0.5099276940346534,0.518150861997041,0.6031187530308689,0.6945930885512198,0.4147024779827227,0.6541395826094184,0.6883646671962801,0.4885236303663362,0.5339351056990495,0.4684343904130729,0.48272076472118086,0.2609144182835871,0.463784620010408,0.6562516106520713,0.5247166798090652,0.8000351079139888,0.7755690736516189,0.6080527391465058,0.5363486919443945,0.6607263360039908,0.5952770297488132,0.46271710930959337,0.6930681447563803,0.7405187395515477,0.5135515294547537,0.7757183997702158,0.6663617358686554,0.688238334836218,0.6433747021210957,0.8087230684380111,0.4184249316469398,0.7238903711255099,0.6731632459152533,0.7573848198794352,0.572645825011216,0.6058953219538808,0.5001422684679497,0.39443097702218344,0.6414643204343895,0.5995512398810886,0.49005568528436944,0.6843166824153746,0.6987216149349657,0.550292265588923,0.5874693244003041,0.647143209329493,0.5298445214887237,0.5647453868630289,0.5691910133585444,0.5828040265896453,0.6814217222386783,0.42750672069375917,0.5681675457074291,0.5786519560387429,0.6451920401058819,0.4547422978029439,0.7365694330604043,0.4777780838695685,0.5910424500774217,0.7969451247227386,0.7125603352676703,0.5906950428544049,0.48522208274621625,0.7270619403664144,0.5337546437561971,0.7159083956621073,0.6157012461799787,0.5317134896880676,0.6922800215944654,0.6366698319015678,0.6307564439774961,0.74007806579752,0.577219142459422,0.4826622325329764,0.7499477288775653,0.5098553389562309,0.5463978222059304,0.5119509843227601,0.41883815587327783,0.7057055069154,0.7433163820775738,0.5116619930366934,0.6058913972799205,0.6969079811435008,0.5660156331751605,0.5837254752955922,0.3607210638468262,0.5873168909491447,0.697921779630071,0.7202619063412252,0.5340216323674312,0.834794278587736,0.48224448390314606,0.6897697448950723,0.5308914243820175,0.5477547988747574,0.542984835739051,0.5366462647296549,0.46866798603666493,0.734318986021892,0.3391318026987507,0.45789360816033464,0.45847565143801233,0.5490284522074101,0.6044282831705763,0.5320119578031264,0.7591913888728218,0.49719376065773657,0.3586374567543701,0.4991176407634473,0.6093549794068721,0.3908077802055634,0.8335560516902096,0.48709436577992715,0.6013541643690945,0.48957952107212166,0.4856261363841915,0.4555913655758511,0.7282711103282797,0.6226696347348851,0.7308406846437835,0.5017959183918047,0.7954933083277049,0.6068029600327192,0.5248483559762863,0.6170701803956339,0.6021224095515029,0.6522097457419029,0.609400324847595,0.7811856508726269,0.6492423295264566,0.3580333783067454,0.40399202847669996,0.5855565099931137,0.6366901969202056,0.4786382435080666,0.4977031275500902,0.6078499568319126,0.6882155847912872,0.5494489120699403,0.7845349444044698,0.5884772814775227,0.5225477352634995,0.7443210970790838,0.5481808198289068,0.6265124485045213,0.4607213471185113
0.4282709743460946,0.6207191220076138,0.4018657741855863,0.5504533941024704,0.5379557512132009,0.6517515278771505,0.5918629109718657,0.0,0.41859811800054025,0.37151344181218743,0.5565510830609514,0.49486237742655964,0.6289248323901191,0.507458433218046,0.64387131335536,0.6417495257356249,0.6031368087718187,0.4534070447731464,0.7690956333653793,0.6307533813093433,0.7580495018883985,0.5636238541941834,0.5682238073438853,0.6049676938443521,0.688691652459591,0.3983352869002768,0.4987960173163329,0.5140050682376636,0.31097823344378517,0.49219297501558623,0.6772748546671383,0.7816750585786217,0.6585661425328645,0.5484068641803671,0.552784018421758,0.755556453050047,0.588191859694207,0.587938374158403,0.5624939705188605,0.5124525984102035,0.6771317140079179,0.5164302926922784,0.687804568166691,0.631041182467575,0.7083910477117726,0.4548907429345425,0.5569285672688019,0.5150528975044223,0.6992196283497594,0.5816061023687203,0.52033076749091,0.433042404714327,0.48978859913852835,0.6600332453169598,0.5070692685252594,0.48892811116541307,0.4678686611330049,0.6524578059407704,0.7551529601981505,0.5381849336668783,0.7054021831748739,0.43873072713964717,0.5339927231640013,0.7625805455665108,0.42286980089726245,0.42312116038182135,0.44193426406004493,0.5075476806227708,0.5229974026302069,0.644218417233364,0.43186044893320863,0.4926289715350553,0.3961697721130386,0.6342256607145127,0.5956981035307821,0.4400105691198842,0.651980992034653,0.6916726496451315,0.4279284041875936,0.37993923841743943,0.6146382334103162,0.40961625870795737,0.6887798123327085,0.6537886782572789,0.4140413551258703,0.574868860733277,0.5671286712404526,0.4843330025986636,0.5384657265782359,0.4309430146900422,0.4200973765795138,0.5146812370296459,0.7253626620788203,0.41693433772209665,0.4128436942097213,0.5263436409142849,0.6420914848768597,0.6634342796628262,0.4116405900656953,0.4443827684125147,0.5975564754096628,0.6797504452565586,0.4263961270746588,0.44521399975656445,0.47639466411222486,0.490945406392308,0.6718366678865123,0.7019151735569872,0.5515528596119889,0.566181977842327,0.6736112857139076,0.41458907510495735,0.4465695257170314,0.5368313071852857,0.412252624748472,0.4009789972377007,0.567081191614349,0.43108950966803256,0.6265148190793823,0.3958745113566348,0.4364592541914367,0.4499596653537822,0.43445848180569396,0.5126499680004096,0.4117539751492217,0.4353066503271416,0.3989466162275378,0.6699634729156851,0.5058498353132942,0.5843772320133792,0.5509953801590393,0.6631954786594084,0.4060781946389937,0.39881855035783953,0.5717645349011714,0.544486722870271,0.684871961750961,0.5051311700252581,0.7588151129688802,0.6350577424971672,0.7030379952054957,0.7586713396602639,0.4689524136647705,0.7629711477632144,0.6848460754367008,0.451637653048912,0.6354945968613398,0.6641782931595918,0.46110617334847076,0.5384508933662521,0.4413676207754884,0.8860688270800591,0.5753224394834974,0.6434917151723228,0.7193114568148226,0.5275376111786464,0.5219543461663311,0.6102762466887063,0.46662392446164463,0.41307983260538106,0.6513845237514624,0.44105697739054767,0.45241377576563796,0.3910257289793251
0.7484464708129609,0.33959568967515874,0.26897860158928577,0.5601779994862882,0.5222201041564599,0.36952400889121606,0.4717642478220896,0.41859811800054025,0.0,0.24907468300177948,0.3710574647291939,0.2947363466461655,0.4957305719065623,0.6901674589593315,0.42471647631134335,0.3847818470206636,0.5057980424254506,0.8310698863940353,0.3759170022956619,0.5224171019362459,0.44100836734641474,0.3508263473577291,0.5724003129720485,0.41545286362235107,0.36104717805457687,0.499362257445282,0.5564000484641921,0.5778085194823895,0.22204436836639405,0.5268412212528774,0.3964597687278476,0.38841500151486474,0.4374963640326275,0.4487177468941842,0.6052355686656978,0.37538451802449957,0.4668918653228091,0.5856177531020896,0.3199950888885838,0.581659823552294,0.42499609890652096,0.6167856641633962,0.4423297071699958,0.40600710694669134,0.41752980564581715,0.497491808025915,0.4860154620628581,0.31456176843827877,0.4923276814456566,0.560293582239784,0.5326988723362902,0.592681805563365,0.6520190382317256,0.3474775002985935,0.298722060356847,0.5603866302510591,0.6533161706724545,0.4113116177172466,0.47325963243245256,0.5656557486123841,0.3940365549720218,0.5588728084752475,0.6146100970795771,0.4283939987317423,0.5498378243713997,0.5011519081641369,0.5014306533625394,0.5061564405717682,0.43763870824831974,0.5208221061259705,0.5462699712557086,0.5977553653330613,0.7723508668131662,0.5257202067857072,0.4622590398760441,0.49241822372520017,0.4751664962914932,0.4333221445972554,0.48578310989651824,0.4637264103894323,0.4536955867170127,0.583786328261557,0.46761130708794724,0.50370817050626,0.6199770720153908,0.5772004968596165,0.5105716809110777,0.6040464998457765,0.5434942112395743,0.48836518423755687,0.7423181570691675,0.4779668608200596,0.38552860020787183,0.543774883329548,0.6935283013669409,0.3077609944051898,0.4164231163790678,0.4319821615967755,0.6749394033600533,0.5319714628666993,0.4367857969917257,0.3654852881736673,0.48721107029685756,0.2755433516182875,0.683764773186403,0.5354919312071101,0.4159972519056966,0.456208468161295,0.461089949017164,0.34236582008017974,0.4101178677857048,0.6198541243818703,0.5663063137812693,0.6258802611246829,0.5938234971280932,0.7930183881339974,0.5482096178817678,0.27609870820375815,0.3504343667240045,0.8294147004210131,0.6682382582397267,0.5623459456122917,0.5760718665707354,0.47819236750821326,0.6189449138536041,0.27231461860045086,0.629561614808683,0.3774010795269098,0.2989719386566667,0.4972126064997597,0.5283923679839486,0.502315289965269,0.622787450017483,0.6994798724910981,0.3298649143752709,0.47771786727274845,0.40808436596247116,0.5302866313327242,0.3772451687391817,0.4493182473209018,0.4001304277100959,0.41532681984786796,0.6118606501222027,0.46122230603946823,0.40809393210081507,0.5775180313883869,0.5024930187837833,0.38811028530951336,0.2859379013571512,0.3623858121480711,0.5427850215852621,0.433496818878419,0.4708984355724596,0.3464634621787938,0.38251450931998415,0.46953943570879164,0.5208691178134239,0.45024408951947403,0.5823803277955969,0.6522532549750195,0.42700734924898015,0.6349510395416891,0.49909020817465993,0.7252067390828227
0.2519650370253509,0.47423859804101837,0.6669799939321163,0.2859276111916926,0.30015505362995876,0.413515827262501,0.302420338326753,0.37151344181218743,0.24907468300177948,0.0,0.4067583972556016,0.5645608159723546,0.32247484015227607,0.2794469796503022,0.32511500338874083,0.405172214997189,0.3237000273709961,0.26084272281434473,0.41473895642388636,0.315254555000363,0.34273976546011814,0.44722326018529435,0.2923592646070006,0.3249677418994824,0.4310534580770914,0.24089624041528587,0.2924855076743224,0.2954544274626683,0.6452577997153311,0.2951752436335939,0.34821583136792333,0.40347810690905656,0.3241209228618049,0.29543114800217785,0.2902330070442542,0.40133159797212203,0.31030669029943325,0.30103895979745193,0.44018327262004,0.27548653515198473,0.33229081508172736,0.28971375720881737,0.3285480799949227,0.3366068427918607,0.34224359916943237,0.2605555873684785,0.2932357644530155,0.4576380922591566,0.3221664612771634,0.2955098812426005,0.2788461466829334,0.25129926081018245,0.26857725080963857,0.4308354459330385,0.5601117712401742,0.27077345999725566,0.2616682064732185,0.37555472845378773,0.3322879132353565,0.28259106717804355,0.37577579335831723,0.25288126564022356,0.2830430670916268,0.3695974503189727,0.24751823280322477,0.25003033819591397,0.2580241580869884,0.28011084251305207,0.33646054477185694,0.3226878486825797,0.2518199482567217,0.26909418466595963,0.24073687217764558,0.30770113013832573,0.3414957765873194,0.2572452348744473,0.31613182858540934,0.33649675569385645,0.2518164850902308,0.23770580346904188,0.3153204681548897,0.24223712207437684,0.32731024498104383,0.321233276187727,0.24358163465339108,0.2924166451374286,0.29931422302724925,0.26644326081944536,0.28276524200295317,0.25433570206812145,0.24999015213782838,0.28071776932347275,0.40158544572211996,0.24671022217405567,0.24339755155212467,0.4940146375813976,0.3285343059979515,0.32727496895381336,0.24280431666349975,0.25563230607651166,0.314351909456004,0.3838042240432421,0.2510275917844166,0.5923150771374601,0.26422794601216343,0.2705647985192642,0.3345747311817843,0.3528651499171001,0.2934913802182253,0.3965212859385925,0.3416923236503915,0.24379362546810934,0.259827794344189,0.2901200268043119,0.24325072343310689,0.24192784062652017,0.2907297202129692,0.7007934433478475,0.4482495349436675,0.23945899627237816,0.25236049203558986,0.2563824716409118,0.25533433555787555,0.2818226200785599,0.24598427682178697,0.5795009466263663,0.23845152137662176,0.3653640245648101,0.5688164399633459,0.29714008933801717,0.3118304547972537,0.3256975707209306,0.24383518184294714,0.23917554000409078,0.437321174595106,0.2923859674353397,0.3518872824786621,0.27450875520060897,0.4183903205287225,0.3156702579315605,0.35883479178233463,0.3816022041301607,0.26161139012854495,0.3436540166963921,0.34717924882251255,0.2567004411653376,0.3096316530828885,0.35143866909335025,0.6531113034300658,0.41181763604938393,0.2552363459088022,0.35676585816852724,0.33140148965556804,0.4230151130671535,0.3721085820157729,0.2890967634112314,0.2936924748630056,0.31368739961833136,0.2641925189614628,0.24391390265272106,0.3265967395734322,0.25470465461088754,0.259451837018931,0.23834162825738509
0.37595114913031724,0.6018175355029971,0.4774250258359661,0.4155605388938212,0.47481861789089946,0.6475944434846489,0.42109839476066013,0.5565510830609514,0.3710574647291939,0.4067583972556016,0.0,0.4831622922500604,0.5386862049958343,0.4393855243119937,0.4366376317349804,0.7613379201220613,0.565535539288677,0.39553494878147805,0.5864079236129196,0.5111953708772645,0.5080176252984554,0.7877888998136561,0.4359195224732029,0.44550554439816814,0.5999388171875372,0.3249335439998716,0.4668898402003721,0.49697531115803134,0.3480970457114688,0.4811128201011611,0.45419142763959974,0.62541476488339,0.444557040518751,0.3962608805496109,0.45266546312124756,0.5269498290299103,0.4593437070627574,0.4808480706320567,0.4570666798626493,0.399597339714323,0.44889247030927,0.4794670194462053,0.4612510196515209,0.45977754498296236,0.467874203977428,0.34999730838582793,0.41012459172577015,0.5144944954781608,0.4914324827175228,0.4413721636486542,0.3929546748913646,0.355123920351965,0.3906003823791781,0.5237199225128731,0.49366675239423263,0.3895705504442818,0.3792769838885201,0.6444201842486953,0.4992734736372259,0.40605387605563575,0.5483655416919849,0.34701022222862127,0.43114500825664376,0.5949743501420907,0.3380542278561397,0.3371627344126124,0.3527507558477331,0.40010741046161863,0.5874043998760851,0.5474886739848804,0.34956521184723577,0.3846321986816516,0.35345841195749983,0.468274334510663,0.6267619519925016,0.3481192313578263,0.4616028311392867,0.48331803739715506,0.3342511994512618,0.3211505906446806,0.4529612578963036,0.33351111189246424,0.49788374633202215,0.5201591366291208,0.33966301156155704,0.44203514565539276,0.45103792496449163,0.37746114920184465,0.40144932095510344,0.3433802695709203,0.36858207075636484,0.37620424267322083,0.5957934104642766,0.3403530453300155,0.3458754456213886,0.48969342452597237,0.43456901903104705,0.4476871780171395,0.3420586562707086,0.3492590153836207,0.43193781582422286,0.47198495458150724,0.33118397307844966,0.4266132628489305,0.38465142868402524,0.3787069309636446,0.44483185136182624,0.6339282712949625,0.39537241134599416,0.4916817607470311,0.4676996269560728,0.33925426202760944,0.37543848727162643,0.4577063152835064,0.33763672846393555,0.3556430696975292,0.4262487981665251,0.4794612557695583,0.6452051170631669,0.3474108372256821,0.36448027696290713,0.35243633527426743,0.36856569789536026,0.3877055163324691,0.3530518244666247,0.4253557172741562,0.3310624587645475,0.4658460068782246,0.503301012317606,0.4191951514810736,0.5359303837108479,0.5423297719204871,0.3495671395303733,0.3417516723397178,0.5026036682124123,0.41111376812176265,0.50362464527514,0.3835683537180865,0.6136118288152128,0.4298389898737798,0.49385727821879866,0.6654485273109163,0.3701163892129724,0.5282023249955355,0.48031948473187114,0.35815735962673784,0.46058196454351047,0.45092394117294105,0.49920419323199594,0.6797496733861383,0.35363700979126245,0.5308687123078544,0.5667413855966407,0.49961298679923716,0.48436506053530337,0.40081536098727927,0.46405022674910695,0.4443051737670878,0.38078508371407793,0.3468452933811502,0.44297540686125747,0.36776684571268825,0.3463250374068407,0.34822434063928975
0.30044431617694395,0.6618136467196428,0.5722103328602034,0.35779772896571194,0.37093321783732514,0.5442313993247148,0.3892469280862166,0.49486237742655964,0.2947363466461655,0.5645608159723546,0.4831622922500604,0.0,0.40177229296288886,0.33697351220436117,0.4288178592451875,0.5147527731256006,0.3978429530598858,0.31210891042230926,0.5757340481527035,0.3918584060802926,0.453575502431723,0.5417525226725951,0.36469754875625615,0.4240495428173341,0.5903713346454638,0.29232576442132746,0.34749281971054274,0.3514633904237611,0.43564003899985776,0.35194954781608545,0.4659068867534139,0.5446420567364885,0.4259229471339967,0.3765680914707189,0.35620612856105294,0.5599158804236697,0.392083420478915,0.3716580708411818,0.6508066706193829,0.3418426915010364,0.44157063577666555,0.3485298886015502,0.4329832432177957,0.4440708633392264,0.45310246836859297,0.322397967282987,0.37439001375343045,0.595286866124157,0.4137699540388709,0.370306716420295,0.34970582870432876,0.30591908781419147,0.32888819389236773,0.6288015298985167,0.9059010387080035,0.3331252108849226,0.3194473454527112,0.4762242882148626,0.4285563852461627,0.3526246380315437,0.49262640582541245,0.3093470258512933,0.350285426565384,0.4731099938166855,0.30100390792171283,0.30476216035825177,0.31490856753960045,0.3489478229132163,0.393541995302174,0.3999650321698532,0.30692165657285625,0.33085491780833587,0.28347819882877856,0.3906198650427134,0.41259478153510193,0.3147688675306367,0.40854608088830496,0.44684511802065985,0.3090293761340824,0.28536229955339043,0.40511766687677914,0.2926225294081699,0.42456021452360937,0.40261278409770457,0.2938509891969275,0.36470683582072344,0.3717978109885474,0.32746509479413893,0.35336412549794544,0.3105998715298727,0.29829512222408866,0.3534783779118748,0.5414226480485639,0.29859757590318065,0.29183220981652325,0.7082369590751376,0.4301414037542548,0.4280726005421233,0.29132214742221735,0.31304628952070135,0.40235727656807946,0.5357718127293736,0.3079352116907679,0.7552794088308583,0.32182875739108435,0.3367296472228237,0.4449537075210124,0.4424257525286026,0.37554602785672436,0.5242794127174922,0.4550023597578404,0.29429088817032695,0.31374976322812714,0.3520688870652448,0.2938864944618078,0.28695395197171514,0.3639190850269938,0.6674969575249895,0.6042584913657124,0.28288084858376006,0.30565022918214685,0.31432209689113655,0.307278193489763,0.3552099660740432,0.2932032720146003,0.7190454757031235,0.2859842909558893,0.5037934819316349,0.843693231558396,0.3777336096865228,0.37372588045777955,0.410895383070962,0.29015326978932154,0.2847754064864833,0.5913833199002783,0.3685743113514085,0.46526683690001647,0.3425587349090197,0.565826923411074,0.410999086597726,0.4750299949910262,0.4931606782560241,0.32051690420866863,0.4423697560503619,0.46029751612740194,0.3142438553528936,0.3967807683853547,0.4775738708667792,0.7284554788702643,0.4810524744781692,0.3110239265121489,0.4724676044438841,0.40096017682017465,0.6162591226207367,0.5137407613544441,0.3622343933931221,0.35723032316830483,0.4061392188733124,0.32152191731302876,0.29340015807523157,0.42773964172010726,0.30719868780131915,0.3200574197233764,0.2819555563104123
