0,1,2,3,4,5,6,7,8,9,10,11,12,13,14,15,16,17,18,19,20,21,22,23,24,25,26,27,28,29,30,31,32,33,34,35,36,37,38,39,40,41,42,43,44,45,46,47,48,49,50,51,52,53,54,55,56,57,58,59,60,61,62,63,64,65,66,67,68,69,70,71,72,73,74,75,76,77,78,79,80,81,82,83,84,85,86,87,88,89,90,91,92,93,94,95,96,97,98,99,100,101,102,103,104,105,106,107,108,109,110,111,112,113,114,115,116,117,118,119,120,121,122,123,124,125,126,127,128,129,130,131,132,133,134,135,136,137,138,139,140,141,142,143,144,145,146,147,148,149,150,151,152,153,154,155,156,157,158,159,160,161,162,163
0.0,0.5777767236551081,0.5355536362143886,0.49763367598344466,0.49950769110775645,0.5587540425798078,0.502593983409673,0.5810645294097673,0.568241076418751,0.5325645348855605,0.5667893097531971,0.48586275382401906,0.6787841045638162,0.5815955314971905,0.5390683230447515,0.5966992198330108,0.60414232583636,0.69692518494884,0.5113480939722616,0.6488829671584319,0.5631708108584821,0.5641232943297871,0.5217166167884176,0.520544870925982,0.6140370545369129,0.4985981719658063,0.4858360362231296,0.5643378639021179,0.4960559068321431,0.49071568545769834,0.5478746386322509,0.6177428174717606,0.49576113055080545,0.4853480566442209,0.6859531653921455,0.5271696223771388,0.5998759125524179,0.5806814493170088,0.4560587962627356,0.5946715089094405,0.5000214548671432,0.5710018624903208,0.5761019400656605,0.5404857675360726,0.5806619255806074,0.5528001097530508,0.5164642106538225,0.5364885263087033,0.6095322180577804,0.5779418636896536,0.57281209184156,0.5707420476362693,0.4965403703190697,0.500436380245125,0.5275026345670328,0.5630616108048859,0.6238224506824213,0.5356260098196578,0.554500095092191,0.5785611716763914,0.549788856635495,0.5006053960531602,0.597927024254146,0.5099711028584967,0.5397429644491735,0.53710888311974,0.5247863304489908,0.5513111997744949,0.5159813785248589,0.6284677113335079,0.6165171472283009,0.5779111678214455,0.5507264513234048,0.6002739969148061,0.5709932806219438,0.540797805196401,0.5133899548350741,0.49987130191055074,0.5009113529729129,0.4701666877340677,0.5330663551231483,0.5559645212175025,0.5414611631036846,0.5655602473388506,0.5719188274943436,0.6032550369865718,0.58976768415792,0.5315112144670906,0.5848656802538409,0.48005312922506965,0.570662842365233,0.5144786530612642,0.5738898628187972,0.5625448165183088,0.5762267680257769,0.4939583858719987,0.45713818769626313,0.5287023255420613,0.5167547030400624,0.5648097523030376,0.5116677385903594,0.5196127614411015,0.46403889780454605,0.46370556403459756,0.6213534251097532,0.5657057950719019,0.5080695228875384,0.5677741771320517,0.5455808548062978,0.5366578209127091,0.5097188396620739,0.5394768774217957,0.5812720591467746,0.49699129285731475,0.5887303253411109,0.611017719019405,0.6121241147725919,0.5444277664580416,0.5119829576491223,0.5274110082573022,0.5685037540907089,0.49075789389861857,0.5912033717389115,0.5701543190766517,0.5665459179996765,0.5033979560049331,0.49270257082213126,0.5120359916073352,0.5370047386764438,0.5522720043539734,0.5335857142682414,0.5536484840075044,0.5250909399925684,0.5198111123470691,0.513411133703803,0.5234137993240907,0.5218218669348184,0.5713012840203142,0.5492008822743056,0.5168005865863843,0.49094565790202727,0.5766263439966414,0.5707463147962084,0.5063422583802636,0.5355455999728905,0.48140801214764634,0.531130886556287,0.47878460074168344,0.5800163176432506,0.4479202056374934,0.591558074105769,0.5180628280980317,0.4993222117781953,0.47804894550164456,0.5206453735281273,0.5758939424145162,0.5633520928400343,0.5407186823704443,0.5339131123575367,0.5627482877786202,0.5015616781124146,0.6183407125081324,0.46028905037276935,0.6083837995147612
0.5777767236551081,0.0,0.598637080479657,0.549514635758631,0.4783174332955828,0.653749497044263,0.5042654977454543,0.7015365193431655,0.558782117606428,0.5870240643797516,0.5525987665526633,0.5863829762706133,0.579039910364914,0.5070984496344904,0.6096531336777582,0.5532246065807033,0.5469259374590948,0.5372676040970144,0.5722909493128449,0.55763453350887,0.6057163737968654,0.6424722021411351,0.47787631365485495,0.5767735940377375,0.5963076171143069,0.46080813986492947,0.4619062822720291,0.5051644350231999,0.5579789267889544,0.4669781114756506,0.603778149377629,0.5535062752480887,0.5909698196138671,0.4663414524502932,0.5633496543048662,0.5495169470347778,0.5418743655378179,0.5400781784596639,0.5507719410414776,0.5739359113095799,0.5793747139540317,0.5503921219277316,0.5053865035784936,0.5463771771830107,0.5772143925986105,0.5334347541062677,0.47156547859737824,0.519927462653511,0.5291939110865054,0.5293584969945615,0.5573603404809738,0.5523964368026952,0.5093184212289336,0.6058062301879419,0.5577572464710194,0.5802997198903553,0.5784481700818256,0.5631367291486267,0.49898125524677617,0.5722006776037375,0.6468596666363675,0.4735705550342094,0.5458247576232845,0.46036694058360006,0.5121754483404773,0.5021676335251737,0.5221331367656012,0.5028238702196981,0.4326914151197837,0.5980329459290148,0.5809367289275853,0.5016782133683774,0.46971938592306833,0.58411407877463,0.5783426916164149,0.48391086068612893,0.510120810342551,0.508819857602363,0.4868805732063492,0.457116687380365,0.5518990070197183,0.5895301331468222,0.6031866159093506,0.537694068410772,0.5237024024029711,0.637895590348397,0.5546009976120873,0.45967257621273877,0.5449519562794656,0.5494081623033155,0.5017847956706021,0.5428438223240726,0.5665127544700738,0.5378280960136881,0.5478874109594895,0.5518735863602396,0.5192229606713686,0.5371706752323703,0.4677015740295361,0.5416657606666593,0.5115780469180023,0.5328785049304516,0.43594082408884455,0.5015617760764657,0.5476550526084282,0.5252642811930237,0.5255719215053799,0.5343832882254597,0.5422359850313726,0.5858548917461491,0.5331554948898527,0.4928821221302718,0.5251649145199839,0.490736138813371,0.5261632846156528,0.5883678959006332,0.5568506812381145,0.5041518002048312,0.502459335921188,0.49053874200202713,0.5229690452214599,0.503113921498734,0.5066057883486504,0.6116373315336256,0.5144838137152666,0.5877745773548119,0.4713538271124383,0.5747365790583464,0.5681715028583529,0.5171495579586284,0.52700634627976,0.5777857913932548,0.49435879593899756,0.5566799970121799,0.5728978444211624,0.49882800694279816,0.5004014031508779,0.534279498525647,0.5235278804143685,0.5522087647447013,0.5098577319687083,0.5367037475289529,0.6057615302619038,0.5267656379316698,0.539417959297717,0.41873272932306516,0.6323436741529193,0.534056261607033,0.5750806736124077,0.4487582157965112,0.5700626099028079,0.540762038124432,0.5110412653541488,0.5014529919166586,0.5829979148675771,0.6015166353294276,0.5615998412633839,0.5984541413145334,0.5223824840082602,0.48569323248487756,0.4954260148846974,0.5495888661658894,0.48206736466067407,0.5651137508920777
0.5355536362143886,0.598637080479657,0.0,0.49392730465371815,0.5240428948870597,0.5737705310658268,0.4778030178536672,0.5741156105074305,0.48847038614375515,0.5777361931082404,0.5690314955313363,0.5176715943861434,0.584476009437802,0.509165139285197,0.49546853160042764,0.618891883469455,0.6141947509243831,0.5309740685868052,0.49176359883191145,0.5195569937925669,0.5992713463681186,0.6597184540039338,0.4740861498039598,0.5080841290033234,0.5442193974383391,0.4710742222841757,0.4665579158210475,0.5020068163870391,0.5330413855750495,0.46535030061418026,0.4764091479411834,0.5702788090824313,0.48529431893323366,0.4431169184700484,0.510467960292585,0.5415334199577232,0.5050444758504561,0.5188311168959456,0.4648792642407979,0.5590948726573075,0.49990723360364414,0.5855317811653771,0.5048266550735192,0.4938014025459883,0.5341699389275232,0.4894927488676752,0.4937110526519616,0.5086802161414328,0.5157398411022555,0.5421464605211613,0.536353065010572,0.5347089412489319,0.4603688681121705,0.5400518842327904,0.5302795523780605,0.5118613161159663,0.5291036935662927,0.5762282535134519,0.5088648864489065,0.5327585884715658,0.5392197896133236,0.46890082580547826,0.5465262528389037,0.4927814892495731,0.4686121225366852,0.46620526635863346,0.4820608750520834,0.49496996971163354,0.4917591547072676,0.5465433622549913,0.5302478746790542,0.46717192278995456,0.4934719723421874,0.6048577036827095,0.5685927706892013,0.42372927530710536,0.5239414452319041,0.5103403061451655,0.4384377674115922,0.41571624639010285,0.49738469053795525,0.5116868957996725,0.5166204271370057,0.49648121401860784,0.5093637590173168,0.5466437067262044,0.5005544101077194,0.4577091704700753,0.4848827557994079,0.4519245963076332,0.5375971741909636,0.47380540604852034,0.5527753118546365,0.4619495901495886,0.5244942938781468,0.47830999916996225,0.45236484661144777,0.49846902321068837,0.45829462158230483,0.5030369950364807,0.4414073128982769,0.5182736975268694,0.4265895232374094,0.45596775383566385,0.5204547366214417,0.5294985651339738,0.5190141917449246,0.5368309094841739,0.5112148267477518,0.5326766984840975,0.5026743150865178,0.48859435034166404,0.5055868181377914,0.4750524532875709,0.48025007068459713,0.5654367768920058,0.4912880298237553,0.5191654271939029,0.5520415735093503,0.4760079794517391,0.5150510433937732,0.4582191210090427,0.49168514702933436,0.5103637971232012,0.4509138412108914,0.49746739584372907,0.49376234056142326,0.5304716677023429,0.5635380545236267,0.4880610982423113,0.5063667561282273,0.6107112759094658,0.439006476760817,0.4742666123267348,0.5008176707853262,0.44795642673004893,0.44896752737000417,0.4905435600866258,0.5237036296788491,0.4754426285386057,0.4334791226494068,0.5584758359488996,0.5358342062497196,0.5258013219767401,0.4993230831409571,0.43482743308371474,0.5395282827838266,0.4713210318062023,0.5659901450990203,0.4730515610326719,0.47293132537813365,0.4593787920207383,0.5215883154535677,0.5382726485872068,0.5121665771329946,0.4970077523749261,0.4893299238441459,0.5345117043840938,0.44506585975791846,0.4798125811829637,0.46351625824326703,0.46954942697047736,0.4368464162995115,0.518336534568682
0.49763367598344466,0.549514635758631,0.49392730465371815,0.0,0.47516577447249436,0.5274107324277854,0.5538051286015037,0.5401431463633702,0.4595573377836904,0.4917366273638748,0.5191168352893395,0.5379834779714568,0.48564596994213927,0.48213988663206914,0.5326110187583109,0.4769272652536262,0.5047571788130036,0.47832826254428745,0.5270687888822919,0.45515388022389436,0.5650489137870061,0.5095743360737351,0.49462241880587554,0.5056643816026374,0.5275809485425657,0.4945412604323409,0.44843840942551866,0.4832665175006671,0.4849284648588767,0.4091725218188468,0.5101666975596013,0.4926578953649229,0.6398622890003667,0.48736263654119527,0.5355400950560236,0.5733934970420808,0.48633778234982217,0.4860862766992153,0.4939290059340819,0.5679871276930802,0.5651244683232639,0.5045944705049475,0.47092879128809295,0.5615652476172028,0.5190982265920032,0.47246488744755016,0.4291536519656047,0.48044803059638314,0.5195972038119943,0.4932242835196637,0.577024390586944,0.5616403689995061,0.44962400663441937,0.6291582269627414,0.5694185669282678,0.4876754013650391,0.512880050990998,0.541621763013971,0.4884502620522668,0.5168014940362567,0.5353214523351166,0.45167279636894997,0.5159619711941669,0.4501578070405957,0.46714856400116483,0.4541593449064585,0.5132027957652566,0.44801871621176287,0.4147251113594148,0.5189232942032647,0.5083389711667561,0.4681300267404612,0.4972225464189574,0.5676350985428189,0.48523795758263566,0.4287807835399031,0.5125138988984966,0.5013540071572231,0.45289183636026775,0.420332968034522,0.4731856575025778,0.5757776216131444,0.4671446733052046,0.4659735593578394,0.5457450655383601,0.5113022638617817,0.5102885786231275,0.46084229129252713,0.48021255334741364,0.4594059305003507,0.5385048894812311,0.57164000555721,0.5246306192629151,0.4707542978819206,0.5646651814157562,0.4939225973480345,0.4517782347044424,0.5444374577451752,0.48093310660271527,0.5433066068580874,0.4693525472072091,0.5030431862797753,0.5196314909721612,0.4952282378445726,0.5300454316078529,0.4670363449318473,0.4916291975363992,0.4865661323406743,0.4965425598897485,0.4872663566091358,0.6047016701207394,0.5236333062596967,0.5253550858589773,0.4671289812407623,0.49690267625183004,0.5177306579818804,0.49719384632587615,0.4476810677632618,0.5620171129111626,0.5059075336473378,0.48211030892134066,0.5305851584479179,0.48197910334438593,0.534913591208441,0.46794521628923036,0.5065814315875576,0.4937191830805863,0.49306186307584376,0.5547531244639293,0.46309883498044935,0.43303996656847993,0.4902623338729298,0.4461538686430264,0.5457606628865365,0.48517681881083774,0.42293780029465705,0.40258365898911785,0.52670081880266,0.48310326374619683,0.4891789114155415,0.49839773335935006,0.48374880779810486,0.588720518370673,0.5375813036800425,0.5030140963439215,0.444122277971572,0.5086616394753458,0.4500564731869054,0.47691280886097404,0.4164325879201475,0.554763025342211,0.4823636610057769,0.4748213049764969,0.4458815408680031,0.5650324507853128,0.495824784658132,0.4605095665291244,0.5350776880142094,0.5747212832642997,0.5086451654757048,0.45000755047747737,0.5031473540019488,0.4634787859599121,0.5315727102787464
0.49950769110775645,0.4783174332955828,0.5240428948870597,0.47516577447249436,0.0,0.45539619000215265,0.5168393389442519,0.4774499865841587,0.49082839465985206,0.468950896225343,0.5410269476883102,0.4909727546484659,0.4762977772748805,0.48311610469481747,0.49533568440358694,0.5412438928675893,0.5115056301709203,0.5001701407517835,0.4400309495614419,0.4491919348384857,0.5153887669290208,0.5420196748730899,0.5020514470718502,0.4637449428558154,0.48991165558448113,0.4898565027604856,0.4849334800950108,0.4389355131369991,0.4792173980937539,0.5107707286088665,0.4733104176509379,0.49163076538894,0.4617123214487439,0.42032616319248606,0.5084109589730077,0.5250303834896856,0.49145001462421295,0.5161575474782522,0.46647702695620785,0.5159088354926342,0.47536552733597587,0.5399396673513042,0.5024205725456657,0.5052074028871482,0.4679440074842851,0.4421950353402303,0.48090500011320386,0.4852482366157981,0.5278795237622266,0.5124206818921972,0.5197115107544811,0.47573726726348725,0.4109869180662515,0.4682642489615116,0.5152411240712292,0.46793978210137155,0.48577209691073014,0.580419679460367,0.4582114261736852,0.48602062035540666,0.42703570019596826,0.4558496443099031,0.478743176070893,0.48740691870764624,0.438244792541952,0.40544115621756205,0.4454408910809117,0.4795384922793075,0.4705960205379167,0.5096713998174249,0.5030042249415866,0.4722710603565639,0.45579325485116834,0.5135942781753967,0.4603017290605806,0.39986789789272503,0.5021238573400956,0.5809070307866219,0.414999949049268,0.4081378769494114,0.4302895058997275,0.4974385327209421,0.5014135636615269,0.4327104628066098,0.49433066193417735,0.48558682803594605,0.46849726192796687,0.4684552328723208,0.4395699364316967,0.43116023777456536,0.6462340470423038,0.4807968081123159,0.5656563047437696,0.4131168925722062,0.5132197873154235,0.46696941079932475,0.3898344341041929,0.4518928051411771,0.5055782824849572,0.4417518333064466,0.4451994835593928,0.4775856954298091,0.4495253849091321,0.436134218753916,0.4928037128381459,0.47469116507279036,0.4387611651698355,0.47168712476915586,0.47249093163965283,0.44810784618637695,0.4820173419776222,0.5294581862961151,0.4430149105424161,0.47991382623344375,0.44884809225007705,0.5023492558062862,0.433794187348825,0.5183739874497969,0.4597174746386521,0.4939341921924172,0.5896582831169045,0.4764155029775978,0.4417371983260665,0.4936446960665302,0.45471282475398284,0.4566498419229976,0.46105662004847664,0.5191977413009525,0.4670084054192306,0.47692431325226453,0.4625095046184707,0.5030364161209399,0.4278367692057069,0.4811684306137484,0.4375437543861289,0.42945009721859345,0.42251666304521257,0.5208093769874416,0.47693038976751473,0.4906293315091296,0.40755556300709794,0.5304054856526437,0.4991249246912836,0.5134577943551255,0.5010267914672066,0.4516987045089896,0.5396671278083963,0.4298294768620868,0.4782418491496143,0.4431997207220688,0.4682373084732563,0.4368213271670446,0.48485272804850654,0.4873794304786587,0.4811209115783382,0.46186282085186314,0.4328298100960144,0.4932092540739243,0.4514049841408148,0.4905867965188716,0.41006780458149095,0.4635445785241004,0.4418200467203399,0.5500236643799964
0.5587540425798078,0.653749497044263,0.5737705310658268,0.5274107324277854,0.45539619000215265,0.0,0.471084547128841,0.5969260332415359,0.5058590260586092,0.5463736562547926,0.5366776755299558,0.5378802152801585,0.5675565577441285,0.47419556795655105,0.5125523132726293,0.539581889907899,0.5351153597124346,0.49670519096403043,0.5425904655227565,0.5089363333358058,0.5778541556989751,0.5612615481401638,0.4382106878530521,0.5161205770200746,0.5717420535551692,0.4512574304582687,0.41696077407208415,0.48976047049552,0.52317882665259,0.4489648905584246,0.526569835062849,0.5456415208631076,0.5421879053535139,0.4485497086767461,0.5178332494941672,0.49405154549029956,0.5294415807567215,0.4984934751201825,0.4797462039218997,0.5123683595830869,0.5181241397638017,0.5464095911531465,0.4790252591907716,0.5437394062496335,0.5104970561395888,0.4891797507090943,0.460043992276824,0.524762723909775,0.48720150766142684,0.48138065599569585,0.5296908021886212,0.5742220389523536,0.47802203873300264,0.5614216467967567,0.5136298119212873,0.5754442731107774,0.5340347357519272,0.5527348711974578,0.46164354232222954,0.5009465892817074,0.6198347834968339,0.45962776404998545,0.5661724293326875,0.42364179050668443,0.47630960493780883,0.4893813513248523,0.4875848886177877,0.49871838812092584,0.415301123190985,0.5655823715006818,0.5501688938248209,0.45821268184410713,0.47304829396325987,0.5484036779860404,0.5614195533154117,0.4743717959702917,0.48425410457811247,0.486497886994707,0.4606566981010542,0.48946704421524406,0.5953316782814824,0.5335575692085458,0.5623831731099913,0.5344904286930827,0.5067020113935016,0.5615736676062774,0.5603645432780778,0.4336788991160122,0.5142897267849106,0.4964613459963529,0.4850473445348571,0.5031577167453742,0.5125473947495934,0.5176699866395114,0.5137746683323186,0.5331354930281552,0.48484878288402783,0.5279719920164051,0.4434233692170966,0.5129343634294112,0.46941274144558937,0.49469327798201457,0.4259296107354563,0.47927644362140337,0.5150650063049752,0.4993522695951197,0.4987778815119398,0.5194258923895296,0.49049441053475695,0.5703263122566627,0.5245194672836148,0.461089399126871,0.5573557096402985,0.4624120651413924,0.5042087566609486,0.5622091870485023,0.5574413200492714,0.4596960564697585,0.5380212701184319,0.47965966384443104,0.47567160606589226,0.48404464253226925,0.5164641496087531,0.5812778485362301,0.49670524637508734,0.5512101211675459,0.4571224116526426,0.5029606144970635,0.5468841678143883,0.4642248505349737,0.5050153693282029,0.5796834648394388,0.47598648427963625,0.524030014110567,0.5134368688391179,0.4704756532249399,0.4752983214286131,0.4737526842368893,0.4579295427203792,0.4876640004700068,0.5027354482877813,0.5181370217215724,0.5385717712370861,0.48571676088491766,0.5080793995074421,0.40807056984955314,0.5534592732263585,0.5046460424406942,0.5342010421265055,0.4356497588746659,0.5302138959085766,0.5214961134960503,0.45790949282290394,0.44786927353179945,0.5574276767319448,0.5411654604405951,0.527882083647326,0.6035799760888771,0.4955161199832878,0.48960747914497604,0.4858094666934626,0.5455610368081121,0.45376403466801163,0.5388773872224617
0.502593983409673,0.5042654977454543,0.4778030178536672,0.5538051286015037,0.5168393389442519,0.471084547128841,0.0,0.49200255451525454,0.4497840876079332,0.5262658524656215,0.4804631302084832,0.504303372936672,0.5055604999234466,0.49942243034292394,0.567664432088172,0.47859814569157044,0.463083865783682,0.4819934266117372,0.4430323457583893,0.4382803814687978,0.5071271981258392,0.48649248778768267,0.5363737763613992,0.498422908420348,0.5419012878757561,0.5372314289726896,0.45874847011255415,0.42853735980624225,0.4759853005389826,0.421417016799324,0.5353195074217453,0.5427763097183204,0.5334910519516101,0.49531276183221157,0.5243710395410045,0.5485872811666976,0.557886438647431,0.45632101510311457,0.47228126395203157,0.5855808505144886,0.4755990495036463,0.49195147478844314,0.5164391038193377,0.5603809736072255,0.5488688861721791,0.487942880506832,0.5029512369929061,0.506260546964465,0.6142791815736208,0.4921370578236118,0.5945758853400577,0.4830079950797264,0.4113738464429605,0.5206578255216553,0.5927920199963729,0.5133340346083288,0.4754348941338569,0.4849795177414259,0.5358105481877542,0.5089784078951858,0.4690364692634643,0.47860200065947706,0.4590206286473981,0.4656499935968535,0.4643713513626124,0.44442300248408606,0.5567894943164974,0.5432910087427484,0.4314927402773196,0.48899789701337254,0.53895685289022,0.4948939341017635,0.47234410996251514,0.5667031831166205,0.41955786027151487,0.46042317120869447,0.5805242484412784,0.5927412324165381,0.4268634553951013,0.4200485981396951,0.4399496451931269,0.5343648304793419,0.493141712139847,0.42256953545525827,0.5018364705048605,0.46521910295927515,0.5019697936286989,0.5428988478923631,0.49487722594433997,0.46846399156894,0.5429744388743439,0.6192912373694535,0.5352546464375875,0.44359938211706856,0.5289525306677348,0.5257850821982859,0.4064731915913841,0.51436164510099,0.5008084784411873,0.56115198837365,0.493424037242205,0.547587243262705,0.5522366700121909,0.47511365750079637,0.49649299663699303,0.484934055811694,0.47012680233835047,0.45364889610307135,0.5364119098542127,0.4985328221869203,0.5833356887221215,0.5153395726443394,0.5159961118885443,0.440003598903902,0.4642175996420155,0.4667521380281808,0.46249623224030395,0.5179838157624937,0.49195847332196635,0.4797712819952392,0.4941744360134887,0.4958547756345527,0.45373367493968497,0.5551987290865544,0.45254628988646695,0.5079185667598956,0.4943663641113524,0.5698620022998871,0.4957662515554188,0.5042983082764583,0.4213718785088182,0.4467631769627865,0.43346376604592646,0.4548551452157492,0.45555032188411365,0.4332521907578264,0.41807964274032555,0.5779293956508632,0.48263617831323413,0.4901515888691493,0.4630092181523011,0.5071536412139952,0.564960739895883,0.4975394930103051,0.5231190989513521,0.5338701987817301,0.49296750905252457,0.45468855135924907,0.48191479980044605,0.376987303440543,0.5132412950953411,0.44642490999607104,0.425034433570401,0.5420986076605798,0.5127455082667752,0.5163869033304638,0.4492015786955631,0.5397103957250252,0.5329819643738463,0.5556911668914235,0.4540112165364342,0.4764918675429396,0.4544311041711247,0.48482591857810736
0.5810645294097673,0.7015365193431655,0.5741156105074305,0.5401431463633702,0.4774499865841587,0.5969260332415359,0.49200255451525454,0.0,0.5797265716018768,0.60339419064038,0.5337954267927882,0.5921580787298544,0.5801120840344601,0.5113625028761848,0.5641791597413157,0.5922239886726927,0.5807870781329726,0.5688180495630403,0.5733000121480297,0.5804283610321395,0.613857546610726,0.5641020210470407,0.53058980914661,0.5429549982973453,0.644497380755939,0.4882331665238332,0.5014514012309395,0.538359762261105,0.5330421250502458,0.5014339134235647,0.612551963855927,0.565156920357031,0.5534713238391368,0.5027725210901189,0.5651103553018493,0.5665504709109991,0.5484175800398063,0.6034174974167852,0.5290195443341876,0.5827036591817946,0.5904226453991891,0.56575672650581,0.5388132781855369,0.5261918199631074,0.6167449526238697,0.5771141646875005,0.4939415755761118,0.4965736125680586,0.5523057750890777,0.5412451006168019,0.5540730984919522,0.5624290768386768,0.4963906788244159,0.5427644630283581,0.5430898287617341,0.611835789228449,0.6044287907934305,0.6078099021771377,0.4995297072224729,0.5998148411684991,0.5926865189458483,0.4961137775997008,0.5550684264536456,0.4882537906853274,0.503354215520304,0.5136209585551978,0.5192880819388336,0.4966472330398193,0.45688356835230143,0.6656984208072776,0.5706451207606026,0.5323089428154334,0.47844844471278597,0.58428347558525,0.60333249672033,0.5003461425522089,0.5101863069787788,0.526665304733396,0.5489122666600476,0.4668984203824075,0.5638135078037657,0.5784570654362603,0.6025097504475334,0.5874704213673221,0.583752176123102,0.7474556122992086,0.584816333053923,0.47791404898698286,0.6169712432771672,0.5610836435744017,0.5283494833199891,0.5535210006873456,0.5668159065162514,0.5295415516914492,0.5602673897504847,0.5407651440203798,0.49914324691740697,0.5978726616693786,0.4932524242696039,0.5612610899390765,0.5147258294787127,0.5652209164803313,0.46569245444492724,0.5373551747227142,0.58640143211698,0.5895006143757909,0.5571411956613965,0.6187848100848589,0.5675237897062895,0.5521113698384537,0.517438418962779,0.5380924159591822,0.5150846229988537,0.5518651646838576,0.5652364293765564,0.6308199752244069,0.6152260635950128,0.5138971899196534,0.4972611685730348,0.5365301148658815,0.5371156784690629,0.5634195309749288,0.5314710966831032,0.6085798754387737,0.5123226915138617,0.5759540495894835,0.48791621193081935,0.5856844995104662,0.6024990811328786,0.5378679367901499,0.587960739893296,0.599127552169672,0.5206354255006179,0.5530513995900699,0.5380981052165754,0.4798474712590448,0.5296462481146924,0.5469197600918225,0.5694265237893853,0.6133151321287752,0.4958712272815973,0.5537308586387986,0.60326902302696,0.5392922787960636,0.5635942702520846,0.4413809583189016,0.6087647768236538,0.5573892056473777,0.641136506881759,0.49540269672465737,0.5881377894389171,0.5545551856044879,0.5090548551762557,0.5129049709668976,0.6533986538606226,0.6091600973788373,0.5262690678472225,0.6277900143288205,0.49988444609656474,0.5031237152907453,0.5203220882250451,0.5824096989368215,0.5422310940225977,0.5642392385479297
0.568241076418751,0.558782117606428,0.48847038614375515,0.4595573377836904,0.49082839465985206,0.5058590260586092,0.4497840876079332,0.5797265716018768,0.0,0.49353850535827287,0.5107499972226729,0.47922862110660464,0.5073860227799639,0.5140008391724936,0.497760525927326,0.5133889196767843,0.4972272377405421,0.546577854346454,0.4686583478785563,0.5161946962028404,0.48979748259649103,0.558569791559005,0.46566961532826623,0.44979735011521654,0.5239938324051351,0.4224817120068137,0.5059514656349235,0.474977408503493,0.4677360408198144,0.5482090971407335,0.5372198479044814,0.48906226682707016,0.4626458332705379,0.40831928326682404,0.5455474077713219,0.4804881326241322,0.5008001618380047,0.570901528255404,0.4646846407790901,0.48137594779647364,0.4690785225321636,0.5935438703774684,0.4614959573171133,0.46096958744027494,0.47974832989933375,0.45855389961803855,0.4409963026213459,0.4428153779207527,0.4900366351729906,0.4889735817222231,0.47524779695516334,0.45977601342964636,0.4599403250714443,0.44938138234485286,0.4603528247353657,0.5713961784517108,0.5151914616813404,0.5448378696496864,0.4503667835445902,0.5001118813689462,0.4847673540250364,0.45809801976875625,0.47515379399513924,0.4633689505134018,0.4643523867712128,0.43307570181421934,0.46593855826510183,0.4751896528704733,0.4539947105661643,0.6233795127193291,0.5230441706246468,0.4975489062751603,0.4655427873074383,0.4879431864509888,0.5436063341505085,0.4472063580846419,0.4512135722666988,0.4761538409964742,0.4389748984018704,0.4291669098112783,0.4738977525251278,0.5427418337734543,0.5716995271745051,0.49678441822664343,0.49908269288759366,0.5832071733845022,0.5391000979081291,0.4562717850582872,0.4987674912799578,0.5269741969982188,0.5236428961003766,0.4978958854042217,0.5080181457143996,0.45731133315431943,0.5358368913760545,0.4877993765987052,0.4387798503491741,0.4696522300988634,0.5041331481789684,0.4564083959518965,0.4806921721283442,0.4649279385723758,0.4125688395275847,0.4407694924002151,0.5273883421674627,0.46880302894828463,0.43635210889649967,0.5138287693435247,0.4575878954726194,0.4598370950839999,0.4375888150658809,0.4959511342356997,0.46980430405056745,0.5604993628078845,0.4685493595983194,0.5497243417096884,0.48987096261477237,0.4744574913492852,0.4167329535230792,0.5543399811668744,0.5298625732644641,0.5027957169215086,0.4653009852034104,0.5050910141332081,0.5489656177917245,0.45873804955897046,0.45073248428395524,0.4926344335609929,0.45187466678894694,0.48381176218481,0.6487249088109983,0.5333595253609599,0.5114528575795075,0.5720466163048739,0.4659763458059526,0.4589697379387298,0.4637151089407103,0.48260730661802936,0.47068634198978665,0.5290692363193271,0.4416670967346065,0.5327509240357106,0.5391281377499876,0.5167977944147492,0.4947067694538246,0.4095444570042731,0.5912061292868197,0.4626798947433184,0.5081005613598039,0.4669356658732575,0.5155342741569915,0.4981719610806938,0.4908368942811005,0.448283049617428,0.49034869789002905,0.5372085369028712,0.48885497443942144,0.4988491987666748,0.47121729121165,0.46502511118974516,0.4363566968815201,0.556856220705769,0.49328329551627187,0.5827550448800668
0.5325645348855605,0.5870240643797516,0.5777361931082404,0.4917366273638748,0.468950896225343,0.5463736562547926,0.5262658524656215,0.60339419064038,0.49353850535827287,0.0,0.5159971504350883,0.5168017342039737,0.5932739450241521,0.531846891123644,0.5206204832389978,0.5737730062297784,0.5186282790172662,0.5377983766721359,0.4668767233052968,0.490308837732698,0.5111027727587008,0.5250474829683933,0.5192897190003565,0.4712110700351911,0.6544949691423491,0.4801920594035387,0.5039341913068589,0.4801884967463957,0.6133097261807358,0.47434311702217646,0.549323061835809,0.6088716123534695,0.506795599794308,0.46519930809538346,0.5275129456241211,0.5329327307191383,0.5802783756983299,0.5279371430563785,0.4596802582088169,0.5449666891496081,0.4866347719717884,0.521782742726161,0.5310330259637606,0.5098439564209667,0.5677061277523301,0.50830580293032,0.5112646265460098,0.5149059384527114,0.5741854525392225,0.4891452726046648,0.5200439384262987,0.47697243819899715,0.4368394425140143,0.48929640326544,0.5732235523612146,0.5677362053953577,0.4907247403104005,0.5345771619871184,0.5214513215282924,0.5158376127066115,0.521263539766193,0.48682577042103997,0.4913647686356232,0.48645016814677033,0.4506490399541768,0.4605383164231973,0.5082087449845288,0.5439781891264838,0.49217062872073486,0.6043526847712918,0.5225830463952548,0.5178130029989539,0.4624463593017211,0.5495259255750302,0.5044858889506919,0.4992097779389825,0.5152398379685169,0.5566349559757668,0.46179128325457125,0.4466263635739665,0.5139831164688065,0.48422297305538003,0.5608559937830835,0.5250222510420532,0.499945431089369,0.5362146037547918,0.5545195182412254,0.5081478191551513,0.5800952977427412,0.47906554687640257,0.510400055195808,0.5253385760353756,0.5558935801829318,0.45461417342885624,0.5088974210008352,0.5817551083714123,0.4245553686517422,0.5378650545141527,0.4766092124669191,0.5322667358507399,0.5076080115385859,0.5559742740025025,0.4684189671548065,0.5414484236529342,0.5194758629610736,0.5236851762866688,0.49336563991150806,0.55070228273552,0.541623922907377,0.5152380855326052,0.48746208053946405,0.48325868317465603,0.5131290924090739,0.5049483914045705,0.49555835128892634,0.5072575013981018,0.5337984810562224,0.5709309165247772,0.5005093652753619,0.5168449847521965,0.47856822994024134,0.5191911484089288,0.4712488035966609,0.5490651036082589,0.4697691678774013,0.5907252563407932,0.4629817539015416,0.5537027658478739,0.5691187522854012,0.5369662539094711,0.5307668299962507,0.5053418695898434,0.4804936483281546,0.4510308775941054,0.46997384851433965,0.4532416428112946,0.48595449976063165,0.5244574674924958,0.5387975763791134,0.521175414873554,0.5065024505181535,0.5705585588032004,0.5206907366552977,0.4983711000252502,0.5434376472019893,0.46288843800637147,0.49581749890945304,0.5309627559821518,0.6448044248391727,0.4435122153167578,0.493739811311879,0.5195200732395373,0.43510540215776616,0.5454517493737343,0.5555947447480505,0.5452900141222723,0.47910806649299437,0.5767939496108699,0.49616604384245466,0.5188073069007411,0.5382042345707032,0.5230379291799508,0.48522206906196214,0.4786531906997322
0.5667893097531971,0.5525987665526633,0.5690314955313363,0.5191168352893395,0.5410269476883102,0.5366776755299558,0.4804631302084832,0.5337954267927882,0.5107499972226729,0.5159971504350883,0.0,0.5274031152230974,0.5619995232684436,0.5224293007512625,0.47764942623980894,0.6281228885426742,0.5995673437681589,0.5284966572261729,0.5084283003459867,0.5335137439281534,0.5558530081347639,0.6127671909869333,0.5088619514153327,0.5085505023650512,0.5712144020885068,0.47688799470633914,0.5084897214646061,0.5640544797375944,0.5663110904438123,0.4910921751768239,0.4864857858223838,0.5317695114269239,0.47224818787583606,0.4580668902038871,0.5794336238449636,0.5187931052762736,0.5435637387641378,0.5627433873528479,0.4855348299407965,0.5458054583573971,0.48069115503868437,0.5881809319925791,0.4818015961508903,0.5275435733856095,0.5026154416130613,0.4449699086747313,0.4208840796015655,0.5594341991475964,0.5580401319828263,0.4969876921099145,0.5069798845449992,0.4980447433286857,0.4249383043956708,0.5140142232688651,0.5578965815485394,0.4886297803620246,0.5329926445767676,0.6087394012321027,0.4743427112111997,0.49781532236232995,0.5286559696841725,0.4270231517628651,0.5060583947844265,0.4929698825401219,0.4381436475499879,0.43267104798365397,0.48640387208505464,0.4605527784047226,0.4759715595837605,0.5968398230597359,0.4983540482419967,0.48554808129893656,0.5199358675671404,0.550448250064716,0.5540461511170581,0.42390654704915764,0.5209552185673076,0.5197234698508513,0.43176369977606505,0.4474210128702143,0.46813022989021663,0.49273979638935916,0.49961362707971396,0.5120082189297797,0.5230944829028031,0.5374295807934013,0.5630148274249084,0.44478512219282523,0.46597621082249935,0.45402963116794215,0.5606385587033061,0.4590522997719044,0.555346613126007,0.4635431224956028,0.5349495401314132,0.48429160680951266,0.41658419946270187,0.4786950116358748,0.48174011500765535,0.4649038183317705,0.48740185263567976,0.49182911509416405,0.42748032359208565,0.4444298384955172,0.5115986011189356,0.47178114423547785,0.45740877964406124,0.5658324403462073,0.4562312873210463,0.522820722610921,0.5248628017360003,0.5147920950014466,0.5113795005180103,0.5305505384270249,0.4737658349549887,0.5642612684909852,0.48512501807691677,0.5412146077371999,0.531657140825313,0.5162351346274773,0.5520967335618423,0.465840398932803,0.5301548098096681,0.5073195254448127,0.517132130071901,0.4965350824160746,0.4471707830579259,0.4958313630127039,0.5388613536619651,0.46609660901265176,0.49807921961605534,0.5517809269285263,0.5156113646206874,0.5454448284922144,0.5175663709402704,0.43849560439836,0.4505595321089118,0.5037894075631668,0.5357041712092894,0.4854662839245163,0.4421383925278263,0.5752136725333838,0.5086962243091832,0.5171541129368071,0.5408040511060844,0.4248391081127602,0.5131943745752489,0.43337519818835163,0.5370935677417411,0.5007532049885682,0.5339677181844514,0.46782742210321165,0.5444672186875369,0.43992921418381414,0.5135799121511119,0.5098119415232205,0.5652064886388275,0.5172749721700072,0.5128754856753664,0.5173056153081775,0.4233132536589546,0.5306547948050194,0.4400029032009414,0.6625222441339468
0.48586275382401906,0.5863829762706133,0.5176715943861434,0.5379834779714568,0.4909727546484659,0.5378802152801585,0.504303372936672,0.5921580787298544,0.47922862110660464,0.5168017342039737,0.5274031152230974,0.0,0.47436086293360474,0.42282476853809586,0.5327271750667315,0.5209708131929085,0.5000821221698429,0.45256463632856186,0.591595980422435,0.48743537599428005,0.587602193301516,0.516098433272149,0.5153344074374708,0.5753906798386568,0.5844928762365198,0.4703616987350412,0.4412740661872848,0.47329300676726876,0.5054716394162736,0.46537212589641674,0.5724298845950819,0.49013384254843195,0.5272487230657608,0.5231478793323504,0.5039998437025122,0.5301678023398151,0.5018858278817442,0.488904198468401,0.5774475332099533,0.513565224559507,0.5478278661293605,0.5122247845651831,0.4845105430389285,0.5469097130532011,0.5395140661514572,0.47600519647161976,0.43989532596410896,0.5059870950092563,0.5183150508707962,0.46891112088902115,0.5091637624469963,0.5142356258702826,0.4110641120420734,0.5525866402289521,0.544490548759073,0.5096691573888347,0.5112136305502154,0.6023584606703813,0.4329444015657264,0.49546418838311895,0.5002213053813032,0.41537230265055103,0.4725586504199439,0.43512659164922024,0.4335437880104092,0.43043548252677594,0.4636719586574326,0.43632879571359845,0.3910939524176956,0.5233415940530765,0.4848823510203128,0.4440275991042834,0.42544110791318424,0.5118050180100909,0.4767948978531582,0.4220660272137422,0.48517869105462386,0.5225547497819104,0.4703097773960136,0.4279263006295949,0.4633177111592682,0.5181633993000884,0.5251412874422831,0.45963847316760986,0.503939479434273,0.5558094816605855,0.511925293685405,0.4169367004865064,0.4781991895976921,0.5112224816261289,0.486582766037453,0.5241041728679493,0.5143534898045424,0.45567021610973546,0.47261957422408424,0.5329811221102152,0.4358152465027984,0.5625332702322061,0.4398188517171682,0.4766315060497375,0.4626068235999615,0.5134613517992305,0.4512626505132294,0.5349672760689481,0.47530084606542905,0.491378099381263,0.48126936162616213,0.5356106754341684,0.47940746293629366,0.555731429988229,0.5800361318600898,0.49129051358524795,0.4506952506905291,0.4645650115313007,0.46214125352603963,0.5216817168803184,0.49343431412583355,0.4943701161525649,0.48976123567788693,0.45279007027039503,0.4883062288154567,0.4833116869633172,0.48343504579232294,0.5513285723914987,0.4468767368359049,0.559562683809783,0.42591632900482534,0.5690160291630663,0.5629399381568567,0.4440551556088068,0.46664387587494555,0.49841281580444713,0.4406638773213965,0.5126642242722008,0.5264826671768394,0.41576743356007884,0.47836467885080663,0.5002346061419678,0.5062288542066786,0.5438794706816837,0.4389144733604533,0.47977409942686355,0.5186101047506845,0.4826587716218565,0.5292243571991281,0.42696731856235687,0.5826787202955432,0.4615314682113114,0.5490799918230415,0.4430353854362161,0.5534726698851272,0.46400257829562164,0.48244653444351077,0.46694792932571183,0.6523957747285314,0.5187329166004306,0.4798380297664354,0.5891638227070702,0.464177439959853,0.45232258827417743,0.41929524110621225,0.4894769645561936,0.46436897062896837,0.5332058313351297
