0,1,2,3,4,5,6,7,8,9,10,11,12,13,14,15,16,17,18,19,20,21,22,23,24,25,26,27,28,29,30,31,32,33,34,35,36,37,38,39,40,41,42,43,44,45,46,47,48,49,50,51,52,53,54,55,56,57,58,59,60,61,62,63,64,65,66,67,68,69,70,71,72,73,74,75,76,77,78,79,80,81,82,83,84,85,86,87,88,89,90,91,92,93,94,95,96,97,98,99,100,101,102,103,104,105,106,107,108,109,110,111,112,113,114,115,116,117,118,119,120,121,122,123,124,125,126,127,128,129,130,131,132,133,134,135,136,137,138,139,140,141,142,143,144,145,146,147,148,149,150,151,152,153,154,155,156,157,158,159,160,161,162,163
0.0,0.31714508225850013,0.30917370782042464,0.2618103529916874,0.2887068996133472,0.31356861891879423,0.2603915552285932,0.30846302350083554,0.3327833920912607,0.313862627529636,0.32772675181144784,0.28539758513798563,0.41335219087518704,0.2736073438381232,0.2930140485041581,0.34371547822338594,0.34333830783854336,0.424755274684919,0.3177684179368054,0.46713372761011157,0.3415024924870852,0.32674211861654096,0.27472594313405596,0.2965544240489329,0.3890997114692204,0.2517349623963153,0.24438783984604948,0.30988464509740204,0.262625738312382,0.2764766348647167,0.3239271560929565,0.34577592414710095,0.2608180730102122,0.26226604006427684,0.38134642914604305,0.2718542358382752,0.38854044271417915,0.33964019915925747,0.24956230755130493,0.3256382060349072,0.2711341128015254,0.3003631719005661,0.33690374762917213,0.3245548391487319,0.3056608077261716,0.3421846555798977,0.28322721001299633,0.3222539713955874,0.3545977575062769,0.3672457658711766,0.35491320550514804,0.3402442666024597,0.2709092783717785,0.2902138738058314,0.275892519435038,0.2906767724454217,0.44388595805254644,0.304603235134475,0.3122968515777131,0.3222797850250851,0.30103055923456085,0.2313170161659881,0.33527983075254414,0.24989583657877867,0.29634161940698295,0.32691741810482017,0.29288861971364505,0.33263838860401357,0.29009892337787296,0.354945399084913,0.4041096236131022,0.31214285770366773,0.32493463994893473,0.34149580427990955,0.342844804094541,0.32218147977965,0.25361289374866464,0.2731799902684582,0.2891354347443087,0.24974421609258693,0.2923629893463365,0.3445620280280091,0.32330564965754993,0.3075109427310146,0.31333537354906515,0.35944444360413547,0.3099548522542888,0.3454541347192451,0.34799663921849644,0.2592137067528069,0.3549813055516423,0.28053689550601535,0.3422726060851466,0.3452281525161037,0.3243153825802655,0.29004250484486466,0.23668556694867132,0.26902613927362423,0.23329428362254867,0.3311867925008583,0.2703034746196898,0.2565236195644382,0.2589456780264137,0.270596573195975,0.3533765272047524,0.32190937793605945,0.30135522856709224,0.3255407326324874,0.3068932909150286,0.3146762906412426,0.3065111755360503,0.318037311653436,0.3260514455460834,0.2736478289445303,0.30642164338883787,0.334592612357983,0.3280796558436865,0.33255184507794344,0.2813232923944155,0.26051664826306903,0.2990019055991342,0.2458290844464829,0.3036046922648863,0.3692021692994259,0.28659962761805674,0.29224171735535354,0.2419534528507487,0.23882382725915027,0.2653221601842915,0.3205846028644876,0.26903903866673523,0.3021769216372892,0.26899528280123725,0.3036858333019721,0.3075043149551711,0.2842484303272989,0.3363364172601647,0.30349290387435524,0.2940342452590917,0.33570992945850486,0.26374411077470195,0.28542898436716396,0.3485199740787472,0.2721916249369375,0.31851133315308056,0.3080356053491377,0.3066347842860482,0.2629572045815427,0.3746197722343968,0.18291801772471653,0.38200465007063666,0.2986272706141606,0.33013117690820987,0.23430592755795263,0.3121147957504187,0.3451435981642524,0.29692156444716855,0.3073838821148804,0.28305754706047254,0.30610814818547305,0.24875901258635336,0.36490469323857694,0.231667714012443,0.4167786638646167
0.31714508225850013,0.0,0.32039895545557995,0.2922784637621567,0.2572279132727503,0.370847938366466,0.29507696306058084,0.3724944796872951,0.29181370448017674,0.42395861257971224,0.28947922401981774,0.31064871485594764,0.340011023012439,0.3285387170599917,0.3104739642536317,0.3025700593520907,0.30325519081961266,0.29381635391635064,0.29720183871541,0.31416972294049406,0.31018022278277646,0.3568153203216142,0.279460746396619,0.30123284232788244,0.3465900257840085,0.25541767929773124,0.2501467780475308,0.2834179180098365,0.39150344931497727,0.24614437321995009,0.34752187947090035,0.32410246442782165,0.3443834915718427,0.25162042177215416,0.32906690009522427,0.29263013578566727,0.3176632063917234,0.31281196877189354,0.275613894628691,0.32070807493912207,0.3349074677027401,0.2951139354948614,0.24252125354165135,0.28925238338239245,0.36795934028497995,0.28610591646468153,0.2937359969341451,0.26720274636093344,0.3145970710875678,0.29174803483767464,0.3114043436691602,0.31021929240560453,0.2974551954067842,0.37072816676013637,0.32002887205868874,0.35232996887227197,0.3117294813462207,0.27772963723691657,0.32626119431979556,0.3323235739727784,0.3405021912339768,0.22378802105150145,0.2623747773654245,0.23349100935686304,0.24900692879356956,0.2528458256205574,0.3016096222714426,0.3025863518857007,0.24953054524947474,0.3168038236658806,0.31740194148110507,0.32182400976088776,0.25408746833464585,0.33203986835033356,0.31301620457804963,0.2815336993295736,0.25931733875908214,0.35592257635978325,0.26516705311890965,0.2568178637084587,0.27802549376700875,0.2969731841406926,0.4080340506422808,0.29378729981007073,0.2792033380092453,0.42086082892321425,0.26952266538986414,0.2760677494171978,0.3028219317017153,0.322595233979616,0.27110590127529843,0.30714382364056464,0.33474469916590044,0.29296228277633046,0.31955845014059076,0.371878361846552,0.26058033854285423,0.30120055153835573,0.2304100300651322,0.34427662454183205,0.29424450216996423,0.23089213189327906,0.21819159901893373,0.28324533309371686,0.29211336013167843,0.29889847531660696,0.2611014779488661,0.3385414346837511,0.31815321539705793,0.3364908959386011,0.27445652139046534,0.2609633583008587,0.30284026039963297,0.26077092214634834,0.3178188991207001,0.40283134853310626,0.3059845518311956,0.2475781468290481,0.27813464340423627,0.26717497929339,0.2986466212899407,0.264865013434283,0.28326034739758205,0.37648697573271944,0.2825581545150951,0.39760031540435703,0.2585232844579015,0.3110508047793936,0.3328055098488986,0.30058224200774514,0.30869009039883044,0.2803159795501747,0.27218377601921057,0.3134107458709127,0.27611595889527507,0.2553227365849191,0.3036607527261387,0.3178947635819683,0.28867482347334245,0.2813436522363006,0.28999755814214695,0.3037532892417704,0.38228910527598037,0.2694871591815,0.3177641357294251,0.26735394610099733,0.3309778203787838,0.2959176487001168,0.3789975322972668,0.19061749524393262,0.2746211639728438,0.3222542014377253,0.2609586714844143,0.29744672325998556,0.2981638263915836,0.32148528072022836,0.288313774629967,0.3526221402065371,0.2956933711947751,0.2828450953805585,0.28062939649437907,0.3618749016063305,0.24193457725697923,0.2947432373976066
0.30917370782042464,0.32039895545557995,0.0,0.28481164727856517,0.2963141422675546,0.30037476541975056,0.25858775141131335,0.3418389036050333,0.27569264016298367,0.4055144786666549,0.32564680201483776,0.270136132061406,0.35652180791356386,0.2690748985317872,0.27614770978107894,0.3828303424182099,0.35180468554179917,0.3311739474982705,0.26436137907634405,0.26402671122181887,0.3530601844818158,0.4232280708057002,0.26345971800758966,0.2730047201168515,0.3178412455522462,0.2770221309799753,0.25742125181360775,0.29376155949792576,0.27182010996057887,0.26084132117591713,0.25914773999557544,0.30907181790312627,0.2536370511879615,0.2263489779084632,0.2575876383539838,0.2624426077263156,0.31433925116455824,0.30844559019815626,0.24098771648610565,0.3074451087145802,0.2635919910903434,0.3257647686090233,0.2663572883769631,0.2590709535505309,0.3115917572496696,0.2838021607632908,0.2579668121315942,0.2751239685188599,0.30250319680341486,0.2726875909848542,0.30223496904944397,0.30180731890125934,0.21961026820613605,0.3209320561679692,0.2758586209429077,0.26440569507069167,0.2808796213233027,0.31732724962461584,0.29473147258972426,0.2687523302766296,0.290397067336089,0.2146834168742981,0.2966352604090706,0.22809198348202298,0.2339408017389826,0.25628645253567656,0.27382162427193435,0.32342867159361355,0.317259416806131,0.3646450011458691,0.3181009428118386,0.24501741790226936,0.27401792162032423,0.4268186445333902,0.33257212958037397,0.21592652185135955,0.29359385151332645,0.2985226974150921,0.24288240080433626,0.2107037722299649,0.2724004694886738,0.30233224648873924,0.32057474511348183,0.2829174106718895,0.265531621840943,0.3639459421767685,0.2539989212426283,0.24749174251681652,0.2743341742147316,0.2398846242755179,0.31271519173319323,0.23084523591260334,0.28259081008512194,0.2232419989690422,0.2971164905189171,0.2801159715550929,0.22050344717345918,0.2669948826248367,0.2024525310386368,0.29648980520832124,0.21658061808170417,0.2664046504381671,0.2234942072900678,0.28737381621043634,0.2700921087571886,0.3259914926793036,0.27184210154747007,0.31714181261119856,0.27524031856423536,0.30599909651571616,0.26521404410363025,0.24561310577106088,0.276704721018521,0.26635531599294177,0.2517343577426922,0.35422752264091,0.23993958855670144,0.2967446433486925,0.2959186757909272,0.2661721156020766,0.27397261121234245,0.24731573750290173,0.23278587574457935,0.3136685745277493,0.21155517342894323,0.30759475868886416,0.24478263549034063,0.26455872957670146,0.29514424130240974,0.2817959671411665,0.2846536921407581,0.3827101035324602,0.22962252451868762,0.23766600308814842,0.27487341907209506,0.2181250175240123,0.22959205373325065,0.2550649218086489,0.29472613231324873,0.2736781651727687,0.23841976630347753,0.2659103965831315,0.2939762761693646,0.2670124017559211,0.27340440382776393,0.2387424444861072,0.308734287735154,0.2814912958799184,0.350613362295356,0.1954612137366811,0.242011611833588,0.2284765956103766,0.2858616257828918,0.30044935235768433,0.31086362184639466,0.2975184119205125,0.2973861482196015,0.34851840929493394,0.2131001918815563,0.26853947667566475,0.29067111769632054,0.23571395735095887,0.24570120125955594,0.3128045269281202
0.2618103529916874,0.2922784637621567,0.28481164727856517,0.0,0.26440305267668845,0.2594515995856495,0.3318947873654871,0.29286034763367275,0.2345078652374061,0.30756714988824874,0.3109354471171508,0.2882172127536656,0.2842833083699566,0.2695600132878561,0.31426166631917446,0.2756903860410248,0.28968748066813726,0.2827596416016115,0.28334279343806845,0.24220586213263448,0.3332146447029591,0.2812289148312536,0.2928241241297142,0.2646469062465858,0.3053929004267937,0.3105608394565055,0.27711747277551757,0.2660309160768864,0.29088618271123545,0.21344926406057174,0.27024874808480437,0.2689085345845174,0.3780996099251683,0.2559912994288389,0.2688517107304294,0.2970727333731346,0.3025185514141571,0.2894923015768631,0.2870564535661846,0.3522040961644043,0.30889511017357585,0.26520218590939365,0.2633371027552807,0.305517091774166,0.29180052254601657,0.2918245707066502,0.20685324594741847,0.28206041894197215,0.31350172789163383,0.2695610472795995,0.36797353674991923,0.3018761286701187,0.25014037937612055,0.4078899998057768,0.33166072672771946,0.24672862777905888,0.310573211326569,0.29989541093659283,0.31300306785162074,0.3006658400030082,0.32209596998231554,0.22639042543086005,0.28184701226241,0.22188551689247402,0.25951457403413436,0.2737266724296939,0.35519486700170466,0.2504597053296687,0.26533008410152614,0.2927916568365975,0.28411402899028365,0.26822107329269335,0.27216419659774366,0.41074310368427364,0.27552371102033263,0.22791270563482405,0.355596397322963,0.34528811296704687,0.26304236113919,0.2164460649148139,0.2555427249107651,0.3304771915362348,0.2741756720741822,0.2556744173239096,0.32746580750756615,0.28320700869612947,0.3006980669821706,0.30437670606062767,0.2765209978465556,0.2488540219591959,0.31888653023835184,0.2772239727081403,0.28475532829882527,0.24807671905197354,0.3370376076367467,0.28133899424529446,0.22714802942815332,0.26967860305986985,0.2277703580617175,0.3046949794403196,0.2639641999515978,0.29861688862599084,0.31476853137888466,0.2723702170468362,0.2787379088633056,0.2710120054167543,0.2863751539701515,0.2673207109947053,0.2982351852109006,0.26604091328622764,0.3296896121236598,0.2907257381485654,0.31742543031722725,0.3089707468569414,0.2851549900870143,0.27684281446692227,0.2665938192831881,0.2486025697370455,0.3009238551481086,0.27883668760834024,0.2861644337545847,0.319546101679486,0.2496899825473753,0.3133812204880239,0.23051451071419762,0.30026817394652594,0.26444630153913534,0.27433544030885176,0.30170052840070916,0.3203668199669439,0.2184021927709023,0.2879727620689383,0.2855578211339075,0.27989111838641423,0.28202173144728865,0.21939006347526502,0.2006642078190892,0.3078131076576918,0.31053406651149956,0.3022449758502889,0.33616894831640753,0.263895379981873,0.3472881599556371,0.2877575339636157,0.29856955229817633,0.26436374529699275,0.28056467101418553,0.27524565999685824,0.2610842234320396,0.1811303967849147,0.3065025626845265,0.2885491931554728,0.29817568046451737,0.2633731690479754,0.32828556430234607,0.2934718279233941,0.2697823325524276,0.31318770473226,0.3449310661577789,0.28979632435905,0.27882186185176266,0.2667545065740066,0.28842747843226546,0.29547639600435355
0.2887068996133472,0.2572279132727503,0.2963141422675546,0.26440305267668845,0.0,0.22073244811208975,0.30675235329571576,0.24358828314469633,0.268024526940229,0.2787117463587737,0.3103792567240841,0.2591861009214673,0.2395707771981569,0.2462386298204876,0.2843871605585934,0.27906720951055136,0.2856001586768672,0.3072794049843726,0.24205791257523196,0.2505470938896665,0.30812696369823267,0.3219242509058027,0.30542996971704045,0.2599838759449325,0.27209925408910524,0.24762825078239428,0.25623516504213006,0.23322323778194154,0.23555152268904192,0.264171541316062,0.2685968472179895,0.23262561643389662,0.23388186500829905,0.22235354383345912,0.3159482791740328,0.28339746100589946,0.278309692931532,0.2785564931718897,0.28202197038620086,0.26613859552791447,0.25870566136339795,0.3284382938212826,0.26713297290762333,0.29406996621774234,0.2336024684314936,0.23997586393196887,0.24699854834374146,0.28463736214612645,0.3172354627254454,0.2850001879846459,0.2939849234725565,0.24671263699612847,0.234610059341024,0.26743725280766806,0.26301679559140295,0.22829110895166022,0.25630843313906215,0.32200098368572455,0.2711073296878524,0.24815422343275825,0.2140945860107278,0.19837010432526372,0.2401674388614654,0.2573491492788467,0.25771832463332683,0.20744721869016614,0.24604736202417524,0.26064310052951356,0.2589313924190079,0.29703284231955823,0.27716675598384677,0.25715076650606633,0.24816647247361995,0.2857108830016731,0.24378626120837954,0.2059286446569611,0.2585762556010753,0.3602379784151821,0.21684691467767814,0.19674663287331742,0.22808819709405972,0.31116344056705,0.28021180212411845,0.20531981890803094,0.25567780105079946,0.25555118721179565,0.2446719979908272,0.2609352729151595,0.22380307510580974,0.22517989310455272,0.40446027789445754,0.27860231562434323,0.3177827552226193,0.2056990016153338,0.2975963953434626,0.25214629553690476,0.18728154692786922,0.2303387684606645,0.2448744057501557,0.22858289301125204,0.22798935746957552,0.23479811268237868,0.2566705588327868,0.2477078970038172,0.24788238127871115,0.24510851079938714,0.22449286771691535,0.2850688435613857,0.2653589313326487,0.2633926091621405,0.28006520623970776,0.2970260259986727,0.2338977200549031,0.2892520706986811,0.22057428533239565,0.25936111929766686,0.219393503711121,0.2884842454440311,0.23992031383459633,0.27233522974791424,0.34482464412226854,0.24064151808534218,0.2216582965022879,0.29370888361325187,0.24262970259098318,0.23418723272732694,0.22912790682812206,0.24369241625601068,0.23374894990747822,0.25530789170814155,0.23497890613263148,0.2572533656115993,0.21034435652756178,0.27426406106168877,0.26700812427505627,0.237105488217531,0.21650965794553287,0.29395687807761345,0.26721760935527644,0.30155666181906493,0.21186754960269763,0.26106538532857454,0.3094504275500622,0.28625383757009315,0.2912150540562059,0.2655841091853976,0.3031211522939336,0.2435359334723363,0.26189881574060997,0.18902847610087672,0.2555457637120795,0.23911904671369505,0.32911616971282753,0.2569478604013132,0.28507371796256514,0.2749730267210562,0.22422081602802726,0.27621886573349025,0.2324150665387479,0.23487394845935744,0.2234850437524572,0.2437880635283231,0.25447829911421166,0.38456995325566956
0.31356861891879423,0.370847938366466,0.30037476541975056,0.2594515995856495,0.22073244811208975,0.0,0.22992502051038366,0.32662851879340044,0.27861558341657927,0.31110112380583343,0.2666940068140354,0.29470727830527466,0.35780411784182553,0.23782899320934284,0.2605779521347396,0.31407193179372056,0.2858224821485252,0.23355941647492753,0.29461071377971004,0.2991522164944778,0.2998878684446367,0.28200194376173576,0.20569943433536872,0.22987725939712672,0.3215981201183294,0.22853372204187875,0.2108791726277259,0.2526290630358486,0.2778533635821428,0.24325236714861787,0.3092920504744034,0.38347225315443173,0.294845983853314,0.23881554923612783,0.2734254157224472,0.24857391600492096,0.3042615004916302,0.2731940204046878,0.2411343235437505,0.23737964184703897,0.26276928691199464,0.28720037518786806,0.2477658642013351,0.29204512136849614,0.27574359009825916,0.25034525306203004,0.25546355398022924,0.266449567515696,0.23232929161740276,0.2778246521600186,0.2855086368951923,0.32871680599120084,0.2416443191369973,0.3038233740848299,0.26327638071983467,0.3467457947314647,0.28774581083989026,0.328047434024147,0.23505164676163084,0.25975082042646536,0.3504680508026765,0.25292059764157293,0.29842812591692935,0.1980294103252717,0.23514063808188415,0.2550557421524976,0.26639485186921646,0.300606168454316,0.2200615390305693,0.29123587820109953,0.3068785034304858,0.2384454861361036,0.27463757532512967,0.2940323214261482,0.3411376284646362,0.2589286681235024,0.24871603526494648,0.26819556492132257,0.23959028395466941,0.3077604599118169,0.33074366668472704,0.2841500767055894,0.3073097861920885,0.3101419619266678,0.27863568108992587,0.316689694933601,0.3173946149784844,0.25822293446947897,0.311999779345943,0.26658371590661034,0.26110399803732975,0.2985699439392034,0.28195290875290097,0.26371287776009145,0.25860906807626993,0.3283198351407109,0.271956070616974,0.3109465058032082,0.21448135870110474,0.29575765268076776,0.2391121202113007,0.23611727116586476,0.22535129924044317,0.2489237730829174,0.3016442191739192,0.3122666899740678,0.2898032816163991,0.2873795777116456,0.2444211734830887,0.28248552932091037,0.2669989384753847,0.23760140847336317,0.3627209021516773,0.271832599414514,0.26038662867360046,0.3109317550071427,0.30456929130858995,0.22674085671428973,0.31011871147256376,0.25955865276059514,0.24763060220116306,0.27753387794399914,0.2883405190914318,0.3150507499727132,0.28187831493510634,0.31834252366917964,0.2750664421722652,0.24464830012660752,0.2857062456342464,0.23836847592147378,0.30611868704255013,0.3606778361795703,0.27226831521897993,0.2860317936208839,0.26451861446291547,0.23389085247834762,0.2690472763642339,0.2320910380290303,0.2235405667079701,0.25682237382850304,0.26182553012975385,0.29872645055839736,0.2891222550907278,0.2609401972954892,0.27961539381828027,0.2491164812321935,0.3041711689039316,0.2772739006233595,0.31411839925346213,0.19668397916508462,0.2651926568374432,0.2758025347399394,0.2182782942278651,0.2265540508558742,0.3049984719051913,0.287780415034234,0.2596042704441251,0.3400644980517401,0.24193526176705113,0.2942194067766593,0.23666585765575154,0.3354195336141775,0.23675794206583198,0.26451479389804783
0.2603915552285932,0.29507696306058084,0.25858775141131335,0.3318947873654871,0.30675235329571576,0.22992502051038366,0.0,0.24095573563275627,0.2334707319506556,0.29887356041780816,0.27704778053771106,0.3147396709776279,0.2556912690599612,0.2492981527207869,0.3549683349609334,0.23426026023066035,0.24090470708938616,0.2696535649901361,0.27574923532619366,0.22343330391373167,0.287417314925456,0.30481260901525203,0.36693662784167225,0.325437576217289,0.30206292168790466,0.2723024456972416,0.25124581439041227,0.23196149416127135,0.2678029599723405,0.23742429711164323,0.28270675869444245,0.25012074055110856,0.3087757822140674,0.267591872142529,0.25161139735936683,0.2559390852280949,0.31675587677379713,0.2347389771991298,0.28958066946731015,0.3245955151707873,0.2980427797167033,0.2731071889581736,0.2649889581784429,0.29571422707474515,0.2893654358288834,0.2694800190311703,0.257836106575486,0.2641439401167273,0.3974524465291053,0.23732482842780755,0.32389514537137204,0.24766901388058718,0.22411531854643207,0.33179654167250827,0.31746135552213667,0.2526349678638688,0.25696039710088825,0.2588967814729126,0.31239732258142644,0.25317778852837086,0.2307548757315776,0.20028955285287361,0.21675518662276064,0.22598786710872754,0.24730030962790386,0.21634979542232866,0.3110663960981794,0.3027899881323094,0.23300854944635258,0.25148793927743557,0.2879083728867649,0.24594940710072158,0.2213060438138402,0.31262445639207115,0.20336159706353546,0.2406930102886647,0.33133233920738286,0.3682990950482725,0.222654363562071,0.21180200199686194,0.23327227700878034,0.3129739300785523,0.2943125033938053,0.19304128058575745,0.24432075191049293,0.25731820676380013,0.2358897166708644,0.27358380881997857,0.24988390168913044,0.2522580575625761,0.2952047484692698,0.34263420526961325,0.2798379083609433,0.23720734435432084,0.28603679086253425,0.3178614394593296,0.19877208918847902,0.2744473942175333,0.2248426976464392,0.2814833049508279,0.2600440381072084,0.26352421956240096,0.2830813079240843,0.28049576182433933,0.22346374990546794,0.2545029043684377,0.2276985604935163,0.25731676849652263,0.306284284066741,0.3035901516427375,0.3587064162407679,0.2574483989368993,0.24107239291689736,0.2309989749980057,0.2291176883634461,0.2554040002864698,0.2338681150526532,0.2824134252160589,0.24901936922129864,0.2292265399182537,0.2657992702526653,0.23926487316929243,0.2187308012737214,0.34084821551755984,0.221059289323046,0.2989685128556887,0.22015014072135766,0.2941192299227053,0.23967528465810076,0.2810514653059455,0.20651358907467082,0.21724910113060728,0.21721787278914004,0.24154793739356692,0.2526537911557096,0.23198336497203687,0.23354326992498453,0.30392785162301617,0.27615094594261735,0.30498811165319684,0.2705090394133555,0.23317017984264174,0.3253587289941724,0.2487995053179017,0.28928547300337104,0.3055521419959119,0.28791671864752894,0.28078239039945363,0.25574779212138926,0.16164892982333237,0.27164532672849184,0.2653930352071178,0.27041676166894824,0.3070180055257981,0.32669228924577287,0.3035701824973423,0.2735069434407636,0.3159441978578336,0.29319639211826803,0.2646468505817748,0.25605716227795,0.2437733908714442,0.26949454349694196,0.2944609282197019
0.30846302350083554,0.3724944796872951,0.3418389036050333,0.29286034763367275,0.24358828314469633,0.32662851879340044,0.24095573563275627,0.0,0.31000211783241166,0.36747097211393515,0.2692951837538394,0.32411645214294205,0.3504896135211551,0.2508713829799748,0.27352927192937354,0.3516259765282594,0.3375010548726955,0.2836912412097561,0.2970746111610413,0.30317282471605767,0.34368762359945926,0.2827848415338376,0.25886774265063284,0.2531863722242247,0.34037171082986795,0.26666355413466625,0.2726663879555398,0.29488795509259796,0.25082567180708965,0.26774551342745145,0.3626071777955733,0.3275098177561422,0.29075355774597134,0.25962267363163544,0.28974531347495475,0.29899472341038097,0.33769375951406644,0.3493894544298927,0.28404409246703927,0.2975181395816332,0.289363709994855,0.28416547781974455,0.28341693750729907,0.2739513902666271,0.3714431838423633,0.30838283098670966,0.27268668912350136,0.2689083069349955,0.2959154668248948,0.3001846156577686,0.3149058035422981,0.3071986935365643,0.25341328309907096,0.3066883252839318,0.2885828012353749,0.3059671406138795,0.3190491496830063,0.36044899090296917,0.2916265194497785,0.2981677623743167,0.3869743191627369,0.22933100642364102,0.30678774568195116,0.23267319595140523,0.23840895326179226,0.26686027433459886,0.28686322377715995,0.28824514938731405,0.2819738959729756,0.42777157184757314,0.3067597895645852,0.2850257062670582,0.27090345506360675,0.37427439565347576,0.37175655846792266,0.2500297066695987,0.30112846550106986,0.29628781806553456,0.3242091906772122,0.22551236515334075,0.2703734112034332,0.3089918430256744,0.3490651926269719,0.3253616894647824,0.32646346488152256,0.435324651095819,0.35971747982667107,0.2949167788597648,0.36136929863347567,0.28564198226744886,0.2896108150310266,0.27543828451918384,0.2956840417045454,0.2593266403994183,0.3129813373354886,0.321141769848977,0.26787936643486904,0.3080864248013379,0.2142566637067581,0.3380216242417238,0.24246908901755782,0.31555864353801355,0.24717814030498003,0.29892356783999097,0.32380321209418045,0.3593343135916974,0.3193167986520981,0.3466670308185722,0.29111930297159433,0.29573145248365645,0.26099238330488783,0.281421026649873,0.31625335079545586,0.3060003116803538,0.2928590488446716,0.35492547047433054,0.30529774665616033,0.2592720772992327,0.27454059750845,0.27051190001316383,0.28058827183444485,0.36322178271045286,0.2568448771822735,0.3263662185883263,0.24117483525888647,0.30987474684037175,0.2612992519329735,0.3158043881155152,0.3145173610470947,0.2869636100325042,0.3287693221153343,0.33199216429323064,0.29246796595973906,0.2639938316244721,0.28778197487071844,0.21979639029632536,0.2759119462478314,0.27826561160281826,0.28566542287774876,0.31710747133620915,0.25334656060143346,0.2632113697053518,0.3541911471180476,0.2750340624567162,0.3109712741686975,0.290183143913182,0.3518565534089966,0.29075370928714545,0.3736584853679028,0.1970638687143169,0.30614145026835077,0.28721640505602986,0.27247036770232047,0.2780757028415996,0.3580103781154194,0.3335440136151027,0.26492318812498805,0.3683238510339993,0.2334154130224807,0.2842490862911484,0.2607367752445455,0.29875573244091563,0.2619588767941374,0.2805163169580378
0.3327833920912607,0.29181370448017674,0.27569264016298367,0.2345078652374061,0.268024526940229,0.27861558341657927,0.2334707319506556,0.31000211783241166,0.0,0.26361653400404067,0.25415029531162114,0.2755435598691985,0.2551825912744834,0.27529427555335706,0.24856386698809999,0.28543670758633277,0.2734653116912215,0.2902528113711314,0.25858516434720413,0.30206438908661365,0.27769849322110685,0.3494483114026269,0.22120481316861815,0.22937189723020346,0.2811572051884008,0.22098077256503104,0.25070099458729467,0.2506496167948828,0.22835679776344475,0.3464959179155364,0.34119730322822506,0.28009367141215924,0.24342774321895133,0.21364535882183808,0.29101016883205755,0.2478306556542937,0.26932212687155377,0.343114162648616,0.25783497496375885,0.2412870298861743,0.23366529488528143,0.34862609938743117,0.24937225297297616,0.26300538087364705,0.2684787455436878,0.24080134175874676,0.24265917291929395,0.23528570788452685,0.2585799534718753,0.28119403009025706,0.26418294631160877,0.25152779814554155,0.2520767894877739,0.2645936921753229,0.23987550072048486,0.3322888955440853,0.2902400748515859,0.30754763472798957,0.24688872389760116,0.23529849966674135,0.24622471422212855,0.23476831955629596,0.2575239685178949,0.23918734246032225,0.2647780455696898,0.23634743773900982,0.26449113520604567,0.279164156131779,0.2545668094325477,0.31531278218415076,0.32305609591318457,0.26560428506296707,0.2996432774541744,0.26589083562800103,0.31363626556392143,0.23909977865700607,0.22867699824479265,0.24114928925957668,0.24627572586401308,0.2222321549125328,0.24601811706591425,0.3745128784292749,0.34592613646429143,0.2381950283483875,0.2981078473937557,0.3361709520488822,0.28323211725481817,0.2974272613101939,0.2598957007262763,0.31745196418431915,0.31538696889180934,0.3102857688063884,0.2655298424211804,0.24025886981814548,0.33307226950271857,0.31114632503176287,0.2683339632277044,0.267382613210785,0.26893092178225475,0.2417979379841975,0.25556245449423304,0.22938381006392336,0.24346653991977718,0.2440538323933002,0.3073080748242173,0.2553132612675955,0.22870716877795333,0.28282970443007327,0.22867916413683695,0.23746411691964642,0.23039481623612462,0.29572782064816283,0.2798990304388883,0.32939308062160183,0.23527470331061856,0.2940709678779548,0.25741395817570767,0.2613108397936955,0.21663678166047534,0.28313491202572594,0.2845968185688354,0.26831627228426336,0.25259732301897814,0.2796447824021222,0.33646099212338715,0.24073395478646636,0.25949705923245225,0.24091619227311942,0.22976982317999967,0.26832128788491855,0.402139069485881,0.32495707222840886,0.2505305630793127,0.3398444699846801,0.2580525744437282,0.23881768052900185,0.261780247766987,0.24830234670394102,0.25417567013319026,0.3061513609096164,0.2320005631292837,0.28533538062585845,0.32431736817054446,0.3218962518980379,0.2766459073728323,0.28149552859390825,0.40871229003792026,0.235847247774026,0.30597722811716166,0.2001535802340118,0.3043216093112028,0.2641105175120274,0.2815423621554852,0.24701782316013435,0.2684823465390198,0.3016619723160561,0.23656388942561052,0.278820677934766,0.24821703030445133,0.2613619472158798,0.20813949884639094,0.31247617003566386,0.28061152965536257,0.3141148525697168
0.313862627529636,0.42395861257971224,0.4055144786666549,0.30756714988824874,0.2787117463587737,0.31110112380583343,0.29887356041780816,0.36747097211393515,0.26361653400404067,0.0,0.27790998545952295,0.28228030873829685,0.33778628759107576,0.27202735586207644,0.29336343594308284,0.3100883853828456,0.3293281268019831,0.32786942896878696,0.28884420254376325,0.27479179301190515,0.32042675385787633,0.31537507139637216,0.31430629166772117,0.2776264629057619,0.39519594907193867,0.2470493918618613,0.2540375321813321,0.3029005669495929,0.3221425169687606,0.24576326458492334,0.31001266284458995,0.3199055555844935,0.2602390223491842,0.2500413002013187,0.28786897004620693,0.2608810412365557,0.3280060499213796,0.2732616720564221,0.23849036914661884,0.3271158659678927,0.26026237834531973,0.3218218494649974,0.26375994525441665,0.26357348260983515,0.3138925851135832,0.29269786063899206,0.2611599450381265,0.26701161912968974,0.36200134054846317,0.2556650433383352,0.3160721108944351,0.2842884105958199,0.24480830343519533,0.3244698578553069,0.3007931993540113,0.31048320549931196,0.29269334886739884,0.27172390357419296,0.3504157055459295,0.28394154680570316,0.32587619841106075,0.21196095636793924,0.25942304273682326,0.21844472850165328,0.2501043240744998,0.25776238644729704,0.28143015102920693,0.3063593094538622,0.2808856880580679,0.35114475593359856,0.2931391103178275,0.292958086850689,0.24456425247850605,0.3888337832636627,0.29529754709647027,0.258868080375876,0.2875636573289471,0.33609668445508384,0.24392072474681797,0.24185561336887687,0.2936436225188046,0.2972526010850491,0.37488786565312704,0.27575877460919074,0.27994713786199577,0.3474518739183203,0.27329330855885064,0.28322242033104345,0.32056832597750434,0.25414900609584523,0.2770496688852648,0.2680604851252402,0.30190424223304213,0.24365168112614616,0.3176709856082743,0.31461745652545803,0.2111691973160046,0.29094734801016725,0.21397867163948486,0.34036836888442795,0.24809038294908423,0.26892525437480524,0.2360138879693526,0.3123939256872115,0.26162407592454756,0.29998512526860177,0.2778648908236821,0.3799144367522739,0.2952662460334219,0.3346512406977484,0.2761732290755903,0.2485302629684715,0.3017959505087545,0.2746378234658908,0.26362888647074056,0.3499201626594567,0.2982974685791154,0.2983567355016181,0.3010569177557895,0.2669767915144837,0.2625226827139484,0.2591202736862049,0.24174755545633214,0.3573509413564819,0.23314750850914978,0.3348750233346237,0.25457657024111024,0.2652655705676245,0.3219607150629308,0.2837884038608641,0.30772521172211026,0.29442228666129805,0.2545462804087445,0.24151247866775402,0.2603404187729683,0.23059011371585872,0.26170346840658626,0.280986244865685,0.3013817528214456,0.2927647262325891,0.2635796937580963,0.27354700841887986,0.352476338708767,0.2464529734294885,0.28160593471513645,0.26866563814294603,0.2764408964256822,0.33107688694636056,0.41151805029866134,0.1865678412422491,0.2597659467445532,0.29992312709479896,0.26229717383409534,0.30387327737631703,0.32284220814673176,0.31385858675138717,0.2723725058279438,0.39640265005091535,0.2590642251528901,0.30177555587888316,0.332172427439974,0.30078188706878933,0.26595943386033316,0.28828140459849
0.32772675181144784,0.28947922401981774,0.32564680201483776,0.3109354471171508,0.3103792567240841,0.2666940068140354,0.27704778053771106,0.2692951837538394,0.25415029531162114,0.27790998545952295,0.0,0.3105727852358666,0.3273106563308566,0.260558183644609,0.25634125495105153,0.3517625801676588,0.3293849391566976,0.3138082306737585,0.2853166334892685,0.2808261398717305,0.32263263433672806,0.35318362348886306,0.2850165934629321,0.29341499548729155,0.3249987197809355,0.29533631829833745,0.2849546267072651,0.31810942704499434,0.2992392896844713,0.2636196443389836,0.26000620880762443,0.2849331442405767,0.25119626994076183,0.240833696931093,0.2934373731674582,0.27780197358530256,0.36628019324159733,0.3089127061951068,0.30696651119235874,0.292370416782671,0.2601825613769094,0.3020724260430115,0.26375271027393665,0.3138006311790251,0.2757032218024736,0.2517760604083105,0.2002980890255515,0.36906005691168964,0.33860808641994894,0.25641635173620486,0.31645137342262497,0.2585212201968331,0.2199580779859075,0.34381899530169613,0.33930756028755726,0.22579041718230777,0.30921218534832895,0.3441824078008368,0.28413771953341915,0.2688095522911947,0.30894407923331635,0.18557812086438066,0.2794180159108738,0.23266790111283334,0.21402386986859226,0.24225848363625033,0.3084991178596323,0.2682440206761264,0.296530360720667,0.32492172470477015,0.2859531988504381,0.24382845191208433,0.2985117279964201,0.3554580726949532,0.3082916707302961,0.23674068003423832,0.332137626872194,0.30970413626008036,0.2371514659320682,0.220811902655182,0.25004395926179346,0.2641190335154771,0.2748147626558779,0.2717206032310449,0.2579816795626827,0.2793185737142029,0.30461869904720673,0.2554659639153221,0.24217010950765716,0.24819721184769727,0.36812309302969687,0.22005643638833858,0.31562526256791834,0.26190019529176767,0.2801737546242726,0.2824734941643987,0.2074153564906034,0.22144788257128284,0.20677207828148172,0.25223303174720685,0.2702147198024881,0.2675914891345786,0.24376032838941644,0.23085259959477988,0.261177416448513,0.23923501702047598,0.24086357314746693,0.2981419768086004,0.24728147995242572,0.31653075368619515,0.3595721368603174,0.2691142234226573,0.276687713198508,0.2953276092946908,0.2581427850928162,0.28929837707959094,0.24366386269771162,0.2929136018854916,0.2897351757895858,0.2572473381018169,0.29287901929713506,0.23473636883856525,0.2545710761751124,0.3159440819545383,0.23747306229538526,0.3130929181301638,0.2056669421853264,0.26634341534457007,0.26599823317934723,0.2563402276430472,0.22758143868152225,0.294630658138208,0.29068766948078495,0.2856543000319932,0.3442318382947342,0.22474485525497473,0.24029574842207557,0.2604945083114481,0.2963499238511829,0.28854661722317915,0.267382217978046,0.2724076157828631,0.2635292440212325,0.26770991791799426,0.35710404524368505,0.2423705953425881,0.2635791912715996,0.24230561242229884,0.2748251023994189,0.20042140099052652,0.3387701750289759,0.24632732787877035,0.38958476252298324,0.2314711035871667,0.2822845051865867,0.31230789864235203,0.3016723112587503,0.29914424382831734,0.27149515086635456,0.2633952058523014,0.23028296639644552,0.2831504666561894,0.22375853288881206,0.4256465477164008
0.28539758513798563,0.31064871485594764,0.270136132061406,0.2882172127536656,0.2591861009214673,0.29470727830527466,0.3147396709776279,0.32411645214294205,0.2755435598691985,0.28228030873829685,0.3105727852358666,0.0,0.2558760502144498,0.1984168186272237,0.26743593631227586,0.2992499295624714,0.27605825749439916,0.24132080723383875,0.3514638119581836,0.2722961058968446,0.34915145223330385,0.26408603881061726,0.2825538027432206,0.28611555686744944,0.37046981056406686,0.2689331009895585,0.2595884268392662,0.24227254290272043,0.2542230030262428,0.2968386774949498,0.3394992393731683,0.2923722219874513,0.2766240184070885,0.3016221141009391,0.2575416335780805,0.28276606908277363,0.32745235362499103,0.28545128829212185,0.3453206203483038,0.27619488100260997,0.289950364638771,0.2827490379234888,0.2790201603330798,0.3150047102823075,0.29706449421933345,0.28000738263871766,0.28124959306005826,0.29675029275932074,0.3057076144063001,0.26618721022949504,0.3305900685939057,0.30000902413274677,0.2189183761883651,0.3344444411712964,0.33617833402640557,0.2699435972985101,0.32154883589429856,0.3798672284183699,0.23885801499606232,0.2645774908944196,0.24955072794003708,0.20256819796245842,0.2673636625141549,0.22601762149717253,0.224460881820965,0.2424248257813158,0.2563816957720593,0.24890968311006378,0.22213563125724875,0.2695640458807314,0.27109592822792905,0.23144698196810357,0.23991508224565533,0.2889554581811829,0.2645942293773939,0.24346345940355002,0.2840761815279462,0.33607632231622087,0.2596147254258515,0.21762668571446492,0.23847708249923635,0.29987301948557155,0.30782585180141864,0.22338490101561775,0.2965558397401564,0.3182202452503835,0.2714981552871852,0.2688194167273547,0.301186364888446,0.2839975902098384,0.30622730225664885,0.30038352548324065,0.28740754717773154,0.26870689036895373,0.25618794327653777,0.36625360171656945,0.22203953547524583,0.3111493717419045,0.21262334047636952,0.26327505600862544,0.23269195533976875,0.2739031967825629,0.2914531182260104,0.326560782231873,0.26121925426309717,0.2870265727491371,0.2820785688197155,0.2843318902378618,0.263565801140305,0.32711013402695444,0.4121553042965312,0.30835879870385885,0.2555088486190389,0.28554246528964117,0.25277400657790333,0.283901683925228,0.272822144275609,0.3009032523485631,0.2740745999489157,0.23570312360541032,0.26091336844790325,0.2693508326077971,0.24688694571756947,0.3211558341983609,0.2158871162792315,0.3431663267357606,0.21901424573236095,0.3131099735475158,0.288790518465701,0.24343239720642645,0.2484776488909002,0.2619498937253444,0.23268686216187429,0.2804624915900683,0.28159053485535196,0.20465500911929166,0.29192007576908013,0.2659033468899531,0.2603168847962289,0.32956881357621287,0.22637160746855717,0.2479204012532293,0.3073345108227055,0.2730746923399147,0.3303086427926241,0.35004564792907833,0.37442176001121574,0.2505158595373836,0.33270535202966633,0.19808709139159372,0.3258152072880947,0.27455127933684953,0.2877240699461436,0.2651034828409863,0.3993347679285903,0.274095639330264,0.24633851979450583,0.34445349920567037,0.23111132634116552,0.2609550838468069,0.20278330778324993,0.2658590228951996,0.24403788208937097,0.2985206905715077
