0,1,2,3,4,5,6,7,8,9,10,11,12,13,14,15,16,17,18,19,20,21,22,23,24,25,26,27,28,29,30,31,32,33,34,35,36,37,38,39,40,41,42,43,44,45,46,47,48,49,50,51,52,53,54,55,56,57,58,59,60,61,62,63,64,65,66,67,68,69,70,71,72,73,74,75,76,77,78,79,80,81,82,83,84,85,86,87,88,89,90,91,92,93,94,95,96,97,98,99,100,101,102,103,104,105,106,107,108,109,110,111,112,113,114,115,116,117,118,119,120,121,122,123,124,125,126,127,128,129,130,131,132,133,134,135,136,137,138,139,140,141,142,143,144,145,146,147,148,149,150,151,152,153,154,155,156,157,158,159,160,161,162,163
0.0,0.5703093142212249,0.5578312415461063,0.4482466702008445,0.4978036316678773,0.590442044703646,0.47730437227789135,0.5505546919019951,0.5811386292545402,0.5724059115855301,0.5807233768749943,0.5016573039050488,0.6457122361928282,0.5334498911453212,0.5153995236564818,0.6315694127724889,0.6306823827313675,0.6194830868067607,0.5062969709736704,0.6392462612818093,0.591241294338042,0.5471839679439905,0.46124220553911116,0.5155313721982313,0.6616817260116946,0.5181641973691671,0.42055493676669775,0.6022743542151066,0.4826589745636796,0.49756896800209827,0.6095043049776424,0.6372561730659367,0.43285197184414737,0.5276508867787814,0.679992093805054,0.4976941079060097,0.625239789604757,0.5720029805037244,0.49396372730733773,0.48187613330491025,0.47114157459063516,0.574813073143302,0.5754188271707122,0.6089336426907399,0.5794075805518875,0.5574368839626674,0.5130942868359535,0.6043151725760723,0.5851697141167198,0.5345514380364268,0.5870061478730412,0.5871630325688689,0.4785461749861056,0.5148788680112196,0.5513716904384405,0.6112532320175985,0.6230247868968526,0.513457406225491,0.5617236629471726,0.5089937029106392,0.5709538169792266,0.4640885665451403,0.6059316672813594,0.47990544935951096,0.5551602475535546,0.6158071255408651,0.5533157120789725,0.6028641702849763,0.5275891934277384,0.5912876675839365,0.6671413900938727,0.5716648060786724,0.60787055502764,0.5987922395780569,0.6213445071409649,0.611755630268123,0.5188840802352171,0.5037984664388867,0.5459243613068361,0.555464439335368,0.6209050208111263,0.5477456079219173,0.6030018822994656,0.5978543081686113,0.582188739324395,0.5988339066305162,0.5530611773430553,0.5315091009449426,0.6155168873771918,0.5472891445442921,0.5308724495102989,0.5064382322848272,0.5438419155717286,0.6247554958793723,0.584706513097741,0.5242162298201788,0.4778940311433548,0.5403369005227014,0.47204519643565607,0.6047233894858677,0.5532785200910955,0.4895453779202631,0.4704138366586753,0.45120339721263114,0.5933030162934135,0.5758379072528692,0.5370425667152114,0.5981011319625341,0.5071257523564535,0.5982476179107011,0.547092509449875,0.5272125879174245,0.6466779580023994,0.5075510849545167,0.5858159641239177,0.5858291894799434,0.6258349990913341,0.5421355236502654,0.5438460600363126,0.5105003100692036,0.547019443881034,0.4644576999902707,0.5800595798296518,0.6630867898001827,0.5773374371118583,0.5497937757020308,0.478307769091132,0.49164584210337686,0.5642452831907651,0.5109648118656622,0.5729670730396358,0.5622726262426078,0.5302740745658717,0.5334481393089114,0.5655743305668516,0.5897334324139972,0.5947882706439966,0.5042021091509784,0.4691955298537461,0.5121137487342756,0.47775952452735726,0.5555492867774414,0.552063188605367,0.491689762958019,0.5971895923558393,0.5037608067839809,0.5447785098465759,0.5142126432025599,0.6175248582253885,0.4181725373701556,0.6577974280831667,0.5364525041827926,0.4814091512825058,0.4446245320435712,0.5523676046870265,0.6278753630372788,0.4909371898069866,0.6347705865068977,0.4657672809891504,0.6183169135250404,0.5262355292546436,0.6276059730692202,0.47393673766347344,0.6266903984312643
0.5703093142212249,0.0,0.6242915487370894,0.51668683703367,0.5253991035350594,0.5457421510764012,0.517149804957302,0.5387043383395158,0.5269708468504775,0.6056073312896105,0.5801194435515183,0.5302980829301824,0.5637090865146742,0.5643532958437971,0.6007299963668247,0.5565006657237157,0.6108509637693574,0.558475568845036,0.49441559851742783,0.5269876663705483,0.5825214220441489,0.6530634177907989,0.4677652307467368,0.5924025682477063,0.5481380761323197,0.49872790766640834,0.4568801422644997,0.5683495818992876,0.595475385173577,0.4564955159822506,0.5662307967838184,0.5142625842124594,0.524199552780871,0.48035309699926243,0.6225831217306571,0.5470140343005108,0.5135028146440255,0.5505768795856403,0.5524828994455485,0.5566444680781478,0.590579471423694,0.5272124216767686,0.47480263050835986,0.5832486341019197,0.5656577140949356,0.5333541342313082,0.478881119381734,0.5193017477300564,0.5420877794053536,0.5209246000695047,0.5653245222410683,0.5769002829448695,0.5165089954297598,0.6351901415043045,0.5868930018189376,0.5511813738448368,0.5621132517180074,0.502952372756903,0.5472893864697451,0.5473571734337827,0.5636917892215552,0.44043211144123784,0.5240352769375083,0.4765092773978276,0.5052971105401678,0.5028402702744552,0.5469337201266394,0.5031546986816257,0.47446577470206747,0.5146304059637856,0.5675885292632256,0.543357711287548,0.5046104249212046,0.5984063590984686,0.6055501656247997,0.4883080161995559,0.4991917596637455,0.5420636308286649,0.501301672811132,0.47248019091615423,0.5448344621499953,0.5395896011427697,0.6190837865055036,0.5488423531741411,0.5143505412820425,0.625862186467264,0.4464985366383396,0.46578318394132256,0.5361326074773785,0.5757310654913028,0.5172856720944523,0.5128189094329363,0.5805383525780462,0.5466591494120444,0.5973030445610028,0.5338353017776033,0.47527783917029315,0.5093436235633018,0.4554858140606878,0.6096419629727294,0.5544830009457707,0.43558129893588216,0.4360610348917339,0.4595401831771062,0.5316306454957789,0.5246286189240944,0.5126107191288908,0.5542090529454285,0.555659162160051,0.5701776410200532,0.5344548288518975,0.49471985132004115,0.5222049463499658,0.4893313899246483,0.5664259783759696,0.6696042474353978,0.5275487812322147,0.47986013316315684,0.5376600178118589,0.5106153311090377,0.5607971263527662,0.45267559808046054,0.4825186074989355,0.6530175175125152,0.5033401771367269,0.6095355958656062,0.4737808291502022,0.5211934121418412,0.611456861601948,0.5248166916205502,0.5303634942553983,0.517437102822822,0.4735453844988778,0.5648166705324495,0.546688299445665,0.5373527879292694,0.5089583058439575,0.565134523027936,0.49925735711601854,0.49837704954762047,0.498791579378054,0.5093494094725874,0.6000388479537769,0.5036289069385815,0.5589086422215257,0.43591908543505875,0.5854727474796465,0.5513645523817811,0.5468114269185527,0.42569415948076783,0.5391694428105274,0.5445552616104368,0.5221471905892003,0.4937295436938896,0.5500285535593626,0.546972914758832,0.4868034660907471,0.6351374001460075,0.5224302746427264,0.5142560766044506,0.5316737688701715,0.5254904334910847,0.4611485505449923,0.5951902805291687
0.5578312415461063,0.6242915487370894,0.0,0.492782830128951,0.5536536654713341,0.504021037782032,0.49302911535879945,0.6021747490679107,0.5302680456074185,0.6060393150232795,0.5754493253247303,0.5175190243017325,0.5738365165644855,0.5367251178589679,0.5959326471214096,0.5982055705210171,0.6231079190960888,0.5888850372358639,0.47578709781116807,0.539154226436915,0.6302696757002109,0.7262058767322985,0.4670169331688237,0.5573157251918506,0.5491682392085091,0.54167671042502,0.4637779195210617,0.5366823597482391,0.5088515735000572,0.45493085672923195,0.5544139782650402,0.5295227321297815,0.47997860398707426,0.4741676505303586,0.5672774754353146,0.57401185895989,0.5215955867995445,0.5714429890918644,0.5547374467863813,0.5410142768439778,0.5477132770993315,0.5396829205721747,0.5417266901068156,0.5437553962489698,0.6281858920798489,0.560363140052003,0.49619492992990866,0.5272151394844179,0.5413670482621041,0.5767724182966321,0.5966814721072085,0.5565358808671698,0.4814554332942021,0.6094082857753943,0.5887591822042314,0.5156498715792898,0.5671967077364847,0.524729536230066,0.5910074493365275,0.5424916539373574,0.5707385913169805,0.45232787972254934,0.5610010433228186,0.5085324428387932,0.5292194902707259,0.5330409433904664,0.5661250489371445,0.542815435101385,0.5612205517805049,0.5608211215806449,0.6183130969071244,0.5305335258664193,0.5287544558126159,0.6788900718727398,0.6107754864627761,0.45239677363972397,0.5488247922501768,0.5280159563647352,0.5234604005380179,0.42332257192461925,0.5163280559602188,0.5736054893380337,0.5718887764804805,0.5352117988862649,0.5352456346984663,0.6254255347195438,0.46993306075779007,0.5037616382473099,0.5241113918416089,0.5439738214511982,0.5488526527450142,0.4952811123035919,0.5688529842411985,0.49908893474963606,0.6060326382128898,0.5059266655290636,0.4964325766878662,0.5034658330361462,0.4488239848652976,0.593731370785395,0.5033856681816904,0.5053397023418292,0.46257166047615683,0.46018604703753485,0.5578918699922271,0.5769889731916994,0.5706768940000959,0.5500103620760802,0.5581059043872414,0.5414223148331242,0.5220160270578909,0.5316389892717047,0.5154837594769828,0.5040034504824846,0.5414926124317893,0.5920341082678252,0.4862901680489464,0.5190176485646586,0.5359301986499363,0.4878193994560282,0.5691791094214251,0.47719733254862784,0.4662556490781065,0.5842809306051366,0.4664483623515139,0.5527965338723113,0.49691294273740483,0.5521935846664614,0.5902150620151774,0.5579705374243867,0.5172617076845327,0.5667902746501295,0.4590897361729664,0.5141570630366921,0.5842657193893905,0.5207531298980029,0.4842308076369473,0.5477381770501268,0.5423147844251986,0.517273703688087,0.46164284855556087,0.5097198412022669,0.5804969200467895,0.5471952319596565,0.5630483734086376,0.4711039663835485,0.6059185988849763,0.5288981230102683,0.5766709654924886,0.416526395491389,0.537811933810155,0.4828277617651007,0.5533430941384584,0.5498923920905726,0.5515602826991086,0.5784500577767516,0.45415246096082446,0.5973504231319605,0.45311389374692806,0.4974725066591445,0.5183845147343064,0.47261610924290853,0.47247193244933344,0.5614751743624673
0.4482466702008445,0.51668683703367,0.492782830128951,0.0,0.5102834156287008,0.45068972389428125,0.569854168623255,0.48328176498067343,0.4272457567586544,0.4818611088777205,0.5106433111515866,0.5288863093207712,0.4372329373945044,0.4344517536541014,0.576964907681988,0.43762297530229993,0.46766118377296,0.4520773318182922,0.4543919206522512,0.393609389080704,0.48265516195721675,0.5058733197984625,0.46998347820933134,0.49850769553420016,0.4725808778179905,0.4908954943330932,0.4469666265334778,0.4808342838685891,0.474505702013459,0.401880943709922,0.48372029723702137,0.4144127926345771,0.6603494434410244,0.4523817494019291,0.4962222135518591,0.5001848800647405,0.4398919402761789,0.43894821081683083,0.476698355339947,0.4982809974737931,0.5572751060453713,0.4459079339528588,0.42242476681748814,0.5382537714399023,0.4831443870423874,0.43419570385881917,0.40446932606534175,0.4415662605153911,0.47601274982609176,0.4284325025726609,0.5126871599254486,0.5155613211472662,0.39922179403559516,0.6166388538872424,0.5422652442697417,0.4270830159913869,0.43687897742083104,0.4984567679235706,0.4425877763013325,0.4399620795827443,0.4527341110632939,0.37066957923718397,0.45859103367558157,0.39163311970345105,0.4019449223218246,0.39278123797012116,0.4564233242016327,0.42156063807890914,0.4173971661345853,0.47243595983537334,0.44834279399598687,0.4173312305149315,0.4293996351159374,0.5084047840826093,0.44931265672661286,0.38222402926542914,0.44865178795748945,0.4940701025595478,0.4329851280669676,0.3678736161767572,0.40945203122087714,0.48843101300954506,0.4671606983494682,0.42473350054060693,0.4365631542772779,0.4758704276892015,0.40113620874510886,0.4167555232040686,0.4350143138179128,0.4458372624451834,0.5209058748453201,0.4917232562423881,0.48241278666172493,0.4039460033198271,0.47797465164721914,0.5024004355572823,0.38174522842639574,0.4713663737441581,0.38888331613594856,0.5106714418080719,0.42409785773083547,0.4021931653691243,0.47786303536579594,0.4921909397594712,0.44581497846643314,0.426187880122964,0.42013422235331943,0.46322663500395767,0.46077198291505445,0.4342736382744198,0.5350310357689682,0.44183078975600826,0.4357219418961627,0.41554552256334304,0.4648907452076345,0.5215036725481418,0.4192685751573425,0.40571998727625624,0.5186589151366048,0.4575966018725515,0.43378316963362323,0.4654919783220262,0.38795308369609227,0.5080262392648045,0.3870733505508864,0.524603359363854,0.4097620633771601,0.45604026944942283,0.5063337663936339,0.4258115513567972,0.41039374848871313,0.4060825799657764,0.38455500267965625,0.47417439302572845,0.4269005774945972,0.3835468196740349,0.3883959373987911,0.5154095840967985,0.4503765615264451,0.43315757902354,0.502814377313829,0.3950406061265432,0.4941841836664732,0.4412595002972932,0.4468258692821005,0.43420325887383177,0.486953158871566,0.42833721847577744,0.43243121701060516,0.34701371071330117,0.4809484095809506,0.43911721108090196,0.44509201193680803,0.42963112112975976,0.529932667351407,0.4382941852074571,0.39842091449493344,0.5465487530795019,0.5420826120319102,0.4437608267069751,0.4210945684723087,0.418258266442222,0.392283850246555,0.49470173138139606
0.4978036316678773,0.5253991035350594,0.5536536654713341,0.5102834156287008,0.0,0.444644592093158,0.5920707480421152,0.5232160947362032,0.5456722611453909,0.5844132797754108,0.5096262183069403,0.5584699749494649,0.4628387835304568,0.507459509634919,0.5545947010292671,0.5415589757954389,0.5658265128922153,0.547406235088828,0.47141572744132487,0.4549047680266701,0.5741332345609194,0.5337511460820421,0.5770649701982268,0.4731638074487441,0.5463398069737394,0.5382166193157314,0.5134307355747059,0.4978118041786733,0.48657739578506554,0.5432188087540579,0.5667553871066149,0.5079344236707136,0.4674784565376795,0.4956605860677311,0.547511666150542,0.6217053804586752,0.4779029303258561,0.575848595325748,0.5455434279786651,0.5078592160706261,0.5462573565543445,0.5739317053938169,0.5321040012989718,0.5372844724121661,0.5302174105458172,0.5133983743071275,0.5273643947990292,0.45330805351349607,0.5947042045876935,0.549943293952212,0.6098679268546747,0.5099249287378648,0.4495070018777544,0.5229307769288094,0.592119029023435,0.5196632191717387,0.5247850946190636,0.59056317659535,0.5525108164909697,0.5269343562424862,0.43830045355185765,0.4680636309157514,0.4874065880871441,0.5381462269262143,0.48758116559778597,0.44890576069427535,0.495588918830227,0.4881892128115802,0.5435063838301071,0.526495785228397,0.5276952489286811,0.5411138503153603,0.4980336450275871,0.5747932616484788,0.5123974799320486,0.438881085902039,0.5272290838931983,0.6649010660066554,0.4923426200410946,0.41540576814945834,0.4646697293036218,0.5766241901478465,0.5618635284268622,0.45531358918458165,0.5897830124261101,0.5475077256021365,0.4379019637557828,0.5564741095050625,0.5227787396771731,0.5089067882735495,0.7462780774383564,0.6057356558321618,0.6254884947944733,0.44087722003687807,0.6435391821906672,0.5071924680868124,0.4209262385661309,0.5351400839742338,0.5251809207481724,0.543751307810161,0.4903438292185562,0.48369956984283724,0.5809530598041484,0.5081998448272951,0.5553485969570768,0.5284441098116038,0.5150330024527017,0.5491330136931982,0.5404836139337116,0.4550204074825262,0.5365970990857292,0.6481061569475102,0.453996997063478,0.5898949015955558,0.4976887093806681,0.5409752563205649,0.481696565838627,0.5378362615294732,0.48890019881041885,0.5726987871813476,0.5921456419650802,0.5406964869390615,0.42991031659200296,0.5743702133040801,0.454212308128884,0.512914246469174,0.5284754595238542,0.5286144512635668,0.5435431436148912,0.5141013142983403,0.5442879577918951,0.5029402045816278,0.42720618266975835,0.5221447488310869,0.4566450314988453,0.4513775151362015,0.4435947820261562,0.5528366994873438,0.4894552678994811,0.5900449519810238,0.43186374074460554,0.5158414122087961,0.6234118251681773,0.6133994949800922,0.5621608724234511,0.534974637555453,0.588912517406267,0.5164894941538379,0.5449921542968041,0.4364258087420742,0.5160045502180816,0.5064044163521283,0.5245264069379585,0.5462393869476232,0.6019351740299022,0.49560796710784555,0.3900247930388,0.5858198326636053,0.44517363561454604,0.5451837365155275,0.4817946197467126,0.4853120396467251,0.5689979332523938,0.5479405149238757
0.590442044703646,0.5457421510764012,0.504021037782032,0.45068972389428125,0.444644592093158,0.0,0.428990313512902,0.5162798122225963,0.5461375754494416,0.49655962233042894,0.5221021870381408,0.5189194080152678,0.4976427560729461,0.4481147672995695,0.46223178677234716,0.5012271305769256,0.5027739068739641,0.46335862911219156,0.5238949916456691,0.5027396238329727,0.5383630578932184,0.5008348757526501,0.3872958819047514,0.44703172216906184,0.5660656928022708,0.4354187916261579,0.3616327723960717,0.4863939204638258,0.4551336481723682,0.443732348568718,0.5838534818237585,0.5304607265947495,0.43749320334922026,0.4620770485705209,0.5756110150945197,0.4714187895175587,0.5122462908921962,0.4854314978558055,0.48067722051155665,0.40292848026332967,0.45129716953867394,0.5370705868525237,0.4680983924478016,0.621635899152161,0.47624942331515074,0.4434345761390585,0.4374062190407876,0.5550712642462271,0.4565019632774675,0.4578362726851023,0.5125641258857587,0.5686976799269334,0.4436184887803377,0.5304169599126938,0.507503106524643,0.5728134288127029,0.5069464277344553,0.5175493986096242,0.4453820278285806,0.4350481390987229,0.5533930515775531,0.4284495265515711,0.5727828732179716,0.41432706734229613,0.4810778072383529,0.4962003967958008,0.4648107642178369,0.49041859661111775,0.42150298033033834,0.5273008826040833,0.5509536319092966,0.45236428986753163,0.5380927504369988,0.49142046330757666,0.5660422750074969,0.49036801543905145,0.43977347766956104,0.4397829109174833,0.4603507257241178,0.5069407912459137,0.5941858777906837,0.5342906702147943,0.5258332065211312,0.5213804860325701,0.5047890758866304,0.5169334948205029,0.5431341376385979,0.44035791358772297,0.4915599523982781,0.5028434337198683,0.4713261122346593,0.5128595991567824,0.47441108590011954,0.521872060531836,0.5041141682992393,0.5445048569056731,0.49204212160128413,0.5379359780760063,0.4414563728344752,0.49640301966025346,0.47891250079782266,0.4380870444204986,0.44374124003791476,0.45563347253384534,0.5274649383704306,0.4543086633142413,0.4650064165639613,0.49853984150383884,0.41943710943293877,0.5296175496909854,0.5402503942034342,0.4597023877476231,0.6109848716200219,0.45080199031819984,0.4858796501777297,0.49182124895541185,0.5446490469678232,0.4413833392701062,0.5527540894353036,0.4825333284981224,0.44965197217193653,0.4525400458921158,0.517423994335947,0.5534290955343705,0.5447425775042996,0.5213308047899846,0.44069782890731096,0.4398587301123257,0.5288997418260698,0.416690102558756,0.5197422712430411,0.524702590469393,0.456924022283087,0.5716107997516822,0.5260739081252161,0.49386088885237095,0.47778695915777625,0.42491399095549104,0.3895629657533518,0.45381219835095055,0.4810753368316551,0.4976223640362589,0.5000941482019448,0.4770986336519275,0.5109369251042184,0.4369386924530799,0.5447254017688322,0.4468829562165657,0.5215669728650613,0.40355408615047383,0.5989119347727542,0.5138775456493626,0.43227691308523264,0.37897835025467924,0.533674274410393,0.5194563347317155,0.4234275667197103,0.5642551600227002,0.44192594357466286,0.49859489322246153,0.44332350103440354,0.580732290861974,0.4311756121697721,0.5445384768999421
0.47730437227789135,0.517149804957302,0.49302911535879945,0.569854168623255,0.5920707480421152,0.428990313512902,0.0,0.45348177873791595,0.44584748289229126,0.5692332301322212,0.51045783966342,0.5007319806719434,0.46573140275109215,0.49895199213590236,0.568805441919214,0.4724104953496688,0.498984885847229,0.5056495604040171,0.4345634216806954,0.4119417009078742,0.4845338448455747,0.5031149873800388,0.5718419989136327,0.4927733024621379,0.513439901461592,0.51239361452438,0.5024455545331626,0.4958008048041404,0.5166254045370728,0.44606299865496724,0.49770918273518044,0.4678855046621974,0.511642706420909,0.47938882327422033,0.5289369356333692,0.5130620618300962,0.47646517326092697,0.4627220726730162,0.46961337950177395,0.5480599419802747,0.5007821985802893,0.4839849204016326,0.4556824810270242,0.534328880387081,0.49722875874108313,0.46548785328397413,0.4614123299982703,0.45261565607729654,0.6044230387547757,0.4578947238897813,0.5515313908347478,0.4763599309170173,0.4151361088276836,0.5278449817048032,0.587892335100934,0.4650357455393898,0.4583359157384323,0.47884049025316605,0.5378689951944529,0.4739496319982674,0.42975949363761984,0.40250547311066465,0.43769549884582604,0.44428217615438953,0.43027617564072757,0.41080570360899343,0.49762137232611087,0.47103832100281295,0.47339167203138754,0.4684328422041765,0.4695908044875899,0.4838738246793771,0.45900318470783597,0.5430414253652056,0.44372115443201243,0.4315446050503261,0.5024935198402903,0.6088193001600991,0.42808272969553596,0.3994661868744483,0.42214512130261683,0.4836317556106418,0.5063497306372954,0.42067296851502833,0.4694538492632975,0.4669482802362994,0.4034899342717904,0.49530944898212126,0.48029346071745266,0.45714647023293975,0.5725316435638835,0.5300074080485444,0.5482865989790059,0.4235396144325854,0.5337911383833218,0.5046697841375157,0.370930648333547,0.4746682979706697,0.43722494341237544,0.5530256737106906,0.47342078821570555,0.42102484743775787,0.5121409772580853,0.47539671902884745,0.46370658292159517,0.45363507257075103,0.43870019027408985,0.48898508530460005,0.5160434220049732,0.4541751172065235,0.5427387514049615,0.48341197435784033,0.45232613353503637,0.45628945295468537,0.468719230568234,0.5139827401998435,0.4470205864439808,0.4840196848823345,0.49785505840514943,0.4920177065797701,0.48353709000393247,0.4530887110136887,0.40376714751774057,0.5509447802746532,0.4164747106638026,0.5233820894677966,0.44734234895272684,0.4746277767417414,0.5044659259821124,0.47344933200266975,0.4422902777044321,0.41394631943305205,0.40504634014444313,0.45473382377728927,0.4216923156097892,0.4154866011606472,0.4128810118452509,0.5657350603674474,0.4730243050300483,0.46499316295610454,0.4673009678560822,0.44484655366452613,0.5418530338328571,0.4668236128904091,0.4911880546780624,0.49559492549329276,0.47146455089931183,0.46802218628528724,0.4689853830376385,0.3632288110935951,0.4743343913634263,0.4698509771363841,0.4524146396690049,0.5002543975100688,0.5152899770250968,0.45762409967872,0.41148543567067136,0.5562206214647888,0.5336789765325934,0.5337619657510769,0.46545983640737654,0.44987877519967834,0.4340920922164589,0.5034353778109452
0.5505546919019951,0.5387043383395158,0.6021747490679107,0.48328176498067343,0.5232160947362032,0.5162798122225963,0.45348177873791595,0.0,0.5759873129248008,0.5268209780031948,0.5543659637600208,0.5543691086042241,0.5391332213753205,0.4826903675242349,0.5668279687415788,0.6237772338031005,0.5736822951789444,0.5510226418229471,0.50602345831139,0.5233824806404676,0.5847074843507734,0.5617093081426752,0.45511418023881806,0.4830022054138315,0.5438372933986829,0.5309116579582639,0.4611319731190415,0.5320914281450602,0.4621771800576965,0.5123288448384516,0.654316997379085,0.5400548207641538,0.4755794719803251,0.48883133857933875,0.5395401528487879,0.5724228057054336,0.5279947326871285,0.6211579457882707,0.6196324795602853,0.4689134011385059,0.5311731515634497,0.49689317142251305,0.5966678075628395,0.5344878882520199,0.625338645159343,0.5680657477954268,0.47097753845508405,0.5086014142889481,0.508738497258124,0.5650532345521883,0.6007194468705925,0.5397305952669397,0.4628734549701366,0.554440062204249,0.6034758276656731,0.49443343072816637,0.5813803812602407,0.6181987483553076,0.4861447450082047,0.5435007256394465,0.5819759042005451,0.48103708277620144,0.6171179399811246,0.46859675485195507,0.5025090389424174,0.5303954675591946,0.5087661048602948,0.5110497360249929,0.5262819650916262,0.6832017516362334,0.6074318706589594,0.5154511395220787,0.4894238520780357,0.600615846567601,0.6494157894623651,0.4633318063089882,0.5497239248465322,0.5091459566240764,0.6113851031560716,0.4314891532688258,0.504010484710663,0.5776005010237703,0.5756981670288509,0.5742824729736449,0.5501985597776657,0.6399024499583392,0.5295213673045518,0.51438261809011,0.5765366224980473,0.545189174158684,0.5615241560849025,0.5010266764436234,0.5759614174944238,0.5000193649089982,0.5444944551232571,0.5098655432232101,0.5229878635490528,0.49585667854738025,0.44834596941239446,0.5545644846336918,0.5085539198524889,0.5936531336351447,0.47737950159029274,0.4664966740303781,0.6141221282268708,0.5890031072568431,0.5840985772882464,0.52020455103055,0.5118406850534246,0.4720988427548569,0.5027347441472995,0.5413433059681803,0.48796652145500435,0.548429778480718,0.5758351903413432,0.5637762685899642,0.49202659527693204,0.5100274208968014,0.47242370832563635,0.5029861252787684,0.5445347312913726,0.5882466725114905,0.4423516844346469,0.5948089615801828,0.45338473826088715,0.5743514572197816,0.4802837810693398,0.6118177358886167,0.5494452888231447,0.520665234287202,0.5351524138272379,0.5818310656795036,0.49976815275573727,0.5316352917828027,0.5389540974892524,0.48353399035851446,0.49969509350908364,0.5071288149187779,0.488796954442233,0.5962019642317866,0.4627234244943702,0.5027296669357391,0.5396746184496689,0.535783068390241,0.5521312195382289,0.4586844355210891,0.633334375010686,0.5326160027259228,0.5474670104169143,0.4272183901467398,0.6136123353524687,0.49347505705370437,0.5245705974219995,0.4646444347508983,0.5758007624273165,0.5882970573677749,0.4312418908847322,0.6021648336450887,0.42851076595643267,0.5170976551162649,0.46908378857879374,0.48174608224694,0.48260506108385437,0.5473434189311981
0.5811386292545402,0.5269708468504775,0.5302680456074185,0.4272457567586544,0.5456722611453909,0.5461375754494416,0.44584748289229126,0.5759873129248008,0.0,0.5247413095931068,0.5117586404195804,0.518494226756723,0.4985939753880468,0.4964504223878316,0.4866537861469628,0.5867699148123585,0.5527469358874323,0.5311428401255085,0.49570049410094774,0.534470163258101,0.5878569567705758,0.5279628469587474,0.4317548144206683,0.44037557450534087,0.5638548036146935,0.47211833242050943,0.4162574720905464,0.4827811940591679,0.4474034030635377,0.5799526004811286,0.6612046479856393,0.579079519731466,0.412020560966946,0.46201163596666067,0.5584937066463694,0.5283603594395762,0.5232290204495991,0.636776309337476,0.5662662439375901,0.4263007990708022,0.4699653343988147,0.6252008761568455,0.5491657573856822,0.542963981754334,0.5068319153719489,0.5069542297336751,0.4969808518080153,0.4986253055760369,0.505074441110599,0.5500383189972035,0.570444640407289,0.514104851354329,0.4823647613343733,0.48824336702692134,0.5271965064188744,0.6396074304725375,0.5898556783044379,0.5836624175066909,0.49438248857587674,0.5025998493456446,0.5106411485491498,0.5251406530490599,0.5570481807137365,0.4989170983811593,0.5582241913349304,0.5348520134421586,0.5013729367515521,0.5396474418479269,0.49595287454872095,0.5966686392430599,0.6484126225769592,0.5474950957750294,0.5527295455072815,0.5358323145954154,0.626141570345368,0.5093503798826922,0.5092603131273952,0.5169355861486755,0.5162319799529203,0.522259913934945,0.5932771535978117,0.6279089942817233,0.6336685743077825,0.5304133117292298,0.6395946468898491,0.58783249676177,0.5544845392866418,0.534980427674623,0.5589582510598183,0.5969190923327038,0.5614300406245992,0.5582366703644045,0.5540119123541248,0.5231208416579403,0.6372650270850891,0.5121989689400065,0.5309292672641929,0.5194183261776756,0.5468845521032542,0.506823548812939,0.5392126656391021,0.5260415089922382,0.48028608708988235,0.4449478642617736,0.632141380383894,0.5341399195514706,0.5431609262714132,0.5252795396607919,0.46882075781489085,0.4893988331667433,0.5010924893386562,0.5992428566974773,0.5307418991507312,0.6546376834748977,0.506473258869431,0.5157439367746695,0.5374626150959311,0.5200863735782412,0.4607967656677804,0.5677041132729174,0.5879986152238909,0.5411339726908344,0.48858205811430055,0.6047944789124077,0.5920564594241923,0.5010039238754361,0.5262407834420623,0.5134016821565387,0.5040138685852289,0.4884704146531936,0.7068419168243718,0.6827996586350632,0.516831986624333,0.6304514204630164,0.5264487147106678,0.552374495048323,0.5025565014654195,0.45796211281455557,0.4210057630703283,0.6127737991047655,0.42744357616443585,0.6146895396569436,0.5855427198599071,0.6208641205332803,0.6081964729994273,0.46589054287452913,0.686459991641411,0.5320015896024608,0.5654857000169995,0.475231420601677,0.6067258352069307,0.5477301651605508,0.49758223523023987,0.43920736513137565,0.558276791583227,0.5936497220629984,0.41384310758716525,0.5806278186097378,0.40925199592285594,0.5671251306823137,0.47474437825748717,0.5949478882786633,0.6199563698600804,0.59406722019532
0.5724059115855301,0.6056073312896105,0.6060393150232795,0.4818611088777205,0.5844132797754108,0.49655962233042894,0.5692332301322212,0.5268209780031948,0.5247413095931068,0.0,0.5625230873532443,0.5180548152004208,0.5598142627667764,0.564403742389145,0.5901236712137885,0.5909902224712599,0.579639845508287,0.6142125376094066,0.46272076581840577,0.4976334558398352,0.5413516843188569,0.5708269020302165,0.5236994004520352,0.5096145264803777,0.6328707145967951,0.5303668877400963,0.48994300342376246,0.5342669959219812,0.6248240995984143,0.5067740495163032,0.5935862202904335,0.5572029201815965,0.48081875567605353,0.483009556124731,0.6112868598538891,0.5418737085545283,0.5636707431495933,0.5752797903608353,0.5085329196546413,0.530969527815656,0.5254740340915098,0.5329274832163103,0.5465699436218711,0.5897460927584124,0.5619878768561979,0.5364824750780306,0.538836645799894,0.5384279911386203,0.6372598007290596,0.513527842132293,0.5709163268996716,0.5136628005838703,0.4629969849083712,0.5234965862693768,0.6285920377464695,0.555888520343546,0.5247020955095684,0.5189407920977653,0.5941660573094254,0.5100239211904865,0.4889428107625826,0.4522382148036821,0.5085680276278064,0.5032172914950898,0.49010219726475057,0.48436327862750944,0.5281729209785686,0.5774271773859401,0.5717732765253855,0.5619239487569089,0.5622091854236728,0.5912315628157376,0.4959247849823628,0.5789611223574689,0.5395840071656495,0.5258808014937062,0.5129024856873601,0.6324070823981787,0.5071247655514824,0.4748999685751733,0.5375806482864701,0.5069195950006934,0.6538838842962295,0.5337980619143669,0.5216456709055166,0.5668337610035463,0.4638645126857319,0.5420885709428704,0.5821333126207683,0.5192116983467185,0.5698720750079032,0.5285944914799368,0.6224766376911458,0.48497259093280626,0.5812065869694949,0.5916795260993509,0.421646456097979,0.5208714026321505,0.4730880738315521,0.5752025038536284,0.5639604358879239,0.46724400857829484,0.4914353419265988,0.5186954281150264,0.5347819383390292,0.5390434757380962,0.4987324370085378,0.5862618372715157,0.5714082815929752,0.522069569352092,0.5160930369262435,0.5199997944489211,0.5060716811378652,0.5258517542229109,0.5455554501971792,0.5586570785142576,0.5343713198747005,0.5832644190229674,0.5219797903706972,0.5347652755921568,0.5523667304062795,0.48718480949753407,0.4590821455597753,0.6499236425571282,0.49323103588820016,0.6443390091958595,0.4621812679999109,0.5167898744505773,0.5885444385464462,0.5718075704524291,0.5555728151988226,0.49241148912274885,0.4704054417842573,0.4870067869569313,0.4899074781387813,0.5284568302686099,0.5298961114218764,0.5829939938661773,0.5182603284909985,0.5371551497324335,0.5138630157941266,0.5338549902713216,0.5505058843284092,0.5056778277855606,0.6033892134468573,0.4981835200960696,0.5347696881336723,0.5823257844411723,0.6332051936938025,0.41378976663802697,0.5258296592594981,0.5729149974789118,0.4699557251243223,0.5297976437289048,0.580019646699921,0.5525037932993576,0.4453784934321817,0.6529756876135772,0.5039943424676795,0.5663070369657456,0.5943517081504022,0.5387120209388708,0.499593893790422,0.5494144890448908
0.5807233768749943,0.5801194435515183,0.5754493253247303,0.5106433111515866,0.5096262183069403,0.5221021870381408,0.51045783966342,0.5543659637600208,0.5117586404195804,0.5625230873532443,0.0,0.5500324664133023,0.5997626218800494,0.5076012517521743,0.5371364959248934,0.598767053306682,0.5621341088722686,0.5206236055106734,0.4761872006324078,0.5238289500278002,0.551783761288897,0.6115553420652862,0.48290159343849376,0.5950744661357359,0.6135560020755155,0.5577376776031614,0.4703113460618475,0.5986284970033052,0.533896555988398,0.45695758475769616,0.5645670033542267,0.5112051111545749,0.4641850570471737,0.5231135046014768,0.6046033863892064,0.49413723207326443,0.6376551681399995,0.5307042757517763,0.554763204133588,0.5193957075502845,0.4754921334394874,0.5331722293112126,0.4847918688728779,0.6018485702263634,0.5902473522682656,0.4784288397877555,0.4193612383292231,0.6555801211733515,0.5813913895753795,0.4646599878802493,0.5272413231113046,0.5049562738984137,0.4053463693484291,0.563214182044896,0.6132428548000439,0.5173741772011282,0.5189051571990435,0.5191756752465339,0.49822664516405774,0.47113614651346264,0.5936054236024124,0.39553141914375217,0.48725862135214476,0.44942847524932783,0.44230809647484043,0.4675379754569216,0.6085109666894438,0.5190786000504556,0.4764857400561159,0.5890928610047785,0.5435553161876973,0.49523451942327723,0.5316396067528345,0.5881526986571516,0.5341744384833153,0.4562808869398398,0.5605914373577322,0.5395942564257651,0.479422797243523,0.47351267366886296,0.47806594738155156,0.5031069812600966,0.562716342765345,0.5322920188925861,0.49911272947571717,0.5648004022411524,0.5366006313530632,0.4549813594419997,0.49782908669032183,0.587827899675931,0.5097850626863187,0.4671220689740411,0.5101891426217632,0.4880128780803949,0.5348501033362044,0.5515912833549312,0.4250988337889637,0.49090001549966084,0.4256864315569533,0.5423809759079928,0.5579787589864725,0.4798034416095736,0.4448341408035717,0.4439655855130139,0.4869023868273695,0.49459713359059887,0.4695920584436847,0.5797599725619491,0.46876114045443784,0.6185981349905452,0.580281927812054,0.49175176553710304,0.5551521584223263,0.5036428159465272,0.4945171053443004,0.5790886740558147,0.4701371085025897,0.5173488060308462,0.5379433493390793,0.48991037676812027,0.5222651359662085,0.4562439592042681,0.49925164118898335,0.5974769551694085,0.4945831271223384,0.5891531549797512,0.42622388619107165,0.5314475900907614,0.5563607317933661,0.47958497022155344,0.4889840475163476,0.4926759322309564,0.5412463851488225,0.5403331411500331,0.6044899464169409,0.4622284168572324,0.4994066568928409,0.5241773395043782,0.5210007666448662,0.48439797349791786,0.47043374734706433,0.49544073143032086,0.5106272658231095,0.47080563303065004,0.6105806009671662,0.46065162071778515,0.5331235903209951,0.46531442699818326,0.5394678842646772,0.39850635431252324,0.6233762411963198,0.4579942999564985,0.4979272572966509,0.44806713533909737,0.5537524611492328,0.6238530886823109,0.5496355402531699,0.6526482924397324,0.517178461441144,0.5356798887854167,0.4491503432574245,0.5072810920518006,0.4383201748736805,0.6784621171041831
0.5016573039050488,0.5302980829301824,0.5175190243017325,0.5288863093207712,0.5584699749494649,0.5189194080152678,0.5007319806719434,0.5543691086042241,0.518494226756723,0.5180548152004208,0.5500324664133023,0.0,0.44861210193168216,0.4308670548133046,0.5023839143648632,0.5321187548657511,0.5508457616186497,0.4693070478731324,0.6163354230676988,0.47012701053722217,0.6026055335141026,0.501870481539657,0.4986975934458254,0.4806599468001903,0.5810106450032358,0.4786120560758093,0.42814322560918516,0.5422156314772567,0.46888427657398,0.5180995806133258,0.6085003418121636,0.5053076167807521,0.4668756794284442,0.5692798174685647,0.5474699913446052,0.5648507027753156,0.4716694215063771,0.5170114827838495,0.5978783989007991,0.44240041123399626,0.5229769736694606,0.5450898112327524,0.49704329566664934,0.5884089765274437,0.5149216472076787,0.46706766422621,0.4422600066089699,0.48424405550377286,0.5241234918739769,0.4902186634685558,0.5642276826506335,0.5472144499013624,0.42208005284557715,0.5753584810149727,0.6020991741119867,0.4926577125178616,0.5272495264380658,0.6965583445233556,0.45525411642683566,0.4795404135062637,0.4740290524070283,0.41747764063856585,0.5115381792464899,0.45119199723217274,0.45096819423122836,0.44179354608400734,0.4521152601028195,0.42993487395850377,0.4405800205612483,0.5307557090886008,0.4858108538467514,0.45719092355973184,0.48488808106262843,0.526383271581237,0.53632333873874,0.42721050277508954,0.4859948704292041,0.5158318949809365,0.4903249694807535,0.4224947878639199,0.46333570429355375,0.5530932980370572,0.5121849812936476,0.4602898055660495,0.5578665543848268,0.5354337000402714,0.4725271004015807,0.4587362783995752,0.49601236880962707,0.4909769057390454,0.5686309937442943,0.5663943492989858,0.5494993200350232,0.46085257775700716,0.5177553633361845,0.516292012149391,0.4388404210915107,0.5759017378471553,0.45527752739046917,0.5044940545847741,0.46164210167442005,0.4771809523573718,0.524746007093437,0.5252448231332916,0.5271854123353803,0.47974042486545854,0.4987316208403905,0.5545055409724118,0.4518162664999979,0.48044114696404894,0.6443691971067456,0.5416126797085403,0.4626088995535102,0.5128087126452958,0.48047619538107045,0.5245946191472917,0.5037446563181804,0.49734976577100604,0.5319077666291854,0.49905851409382984,0.49050213489747035,0.5034768345407332,0.4555479905178694,0.5571027078761863,0.446040728982325,0.5399893898276685,0.45862471066116883,0.4959008676001829,0.5863524284945845,0.42293878905612453,0.5075144402392355,0.4988278201035482,0.4252029552763934,0.5610659275119578,0.4934534476018597,0.417279203916171,0.4527684841276322,0.46844642440084205,0.4421308403011433,0.5403207498883591,0.4332560520326589,0.47891039940533453,0.5462672875777149,0.5307051339413116,0.5264387864360478,0.47825618217226307,0.5787856420425354,0.4537524042248738,0.5406302037700151,0.434662328914669,0.5995254193770931,0.49144942426835797,0.5202206027956675,0.42219133023958405,0.6747519425035594,0.4819171737916202,0.400509001881585,0.5908101699787206,0.43343192436468175,0.5083197082114251,0.41567763533758134,0.4960498190446345,0.4703904816297387,0.559831323271429
