0,1,2,3,4,5,6,7,8,9,10,11,12,13,14,15,16,17,18,19,20,21,22,23,24,25,26,27,28,29,30,31,32,33,34,35,36,37,38,39,40,41,42,43,44,45,46,47,48,49,50,51,52,53,54,55,56,57,58,59,60,61,62,63,64,65,66,67,68,69,70,71,72,73,74,75,76,77,78,79,80,81,82,83,84,85,86,87,88,89,90,91,92,93,94,95,96,97,98,99,100,101,102,103,104,105,106,107,108,109,110,111,112,113,114,115,116,117,118,119,120,121,122,123,124,125,126,127,128,129,130,131,132,133,134,135,136,137,138,139,140,141,142,143,144,145,146,147,148,149,150,151,152,153,154,155,156,157,158,159,160,161,162,163
0.0,0.3132918373221102,0.2722157453526997,0.26951045537707824,0.28611381152172705,0.28731067215116307,0.28935914679703817,0.2974806150717522,0.338190530549287,0.28480728102547265,0.31577643999034755,0.27736541826285727,0.40231515878877844,0.2932922919049709,0.3329813154914495,0.3158602220762185,0.3257860328555116,0.4808215464213944,0.2974467959125927,0.42400283099680286,0.32822039982323076,0.3222156248746714,0.30146019587368733,0.3089134502533188,0.3826339642672732,0.2680746308715712,0.2696681546571481,0.29831666565867543,0.24472221843986125,0.2653585898706208,0.3478737827799507,0.34478437836510256,0.2848527525715445,0.310584989939918,0.39868331446181926,0.32057452603879083,0.39212287485870945,0.3429126890559385,0.25503314589719517,0.35352340943314864,0.28474756273325735,0.31859010287371325,0.3449627087700698,0.3233010136403437,0.34774348943572647,0.4003558360971203,0.2824420907095034,0.3035491315550023,0.37952296383427825,0.3745107200399578,0.3558236473915405,0.320771219141823,0.2816302315581164,0.27556043171947764,0.2931726119068552,0.3076308487378919,0.41879926563533704,0.30056160617850947,0.30322022117409436,0.3824564805621378,0.27373346580297553,0.279833323162899,0.3071441109517954,0.2637890552372596,0.31972753669814474,0.3402171592386409,0.3205130587719714,0.3218339673952791,0.2816475702804385,0.3447534252597416,0.42243475467263886,0.32847813492590267,0.3080260973029951,0.3351882716339016,0.32256249255538216,0.3455848411671732,0.25004786961311914,0.2780327866370175,0.31617254915174575,0.23943269198071893,0.27936686859944726,0.3790276438395177,0.29242362145543693,0.29595478864301,0.33814558487604024,0.3835820698184305,0.31224304726980323,0.33405036467794463,0.3715500700683691,0.29314552141473305,0.3731351085129603,0.34277285947454433,0.348384781323695,0.35327831121144887,0.32560189788466054,0.27852813385171066,0.23081293778760445,0.2974527261562383,0.27685780207972116,0.3740367960934361,0.2982911739629971,0.2752713877756866,0.27630307231373796,0.26473893336750026,0.383754076683563,0.34462758356072787,0.29416202707619754,0.3081465272035711,0.35047763135430904,0.3151010022137581,0.30616699418316345,0.369469128679084,0.33573958848883056,0.26902155179858744,0.36192757560299654,0.337605092741574,0.33756752275044816,0.31680267507186727,0.2427070459190072,0.28570645653267135,0.31289962045803366,0.2519651606217551,0.3469533537562356,0.3794426152102859,0.2900922061544477,0.284824642692897,0.2642933256994078,0.28028827470530016,0.2809599056857745,0.3370397492139456,0.26608440894775864,0.2652933390934518,0.26900996515365777,0.32440638887237244,0.2990215247069775,0.2779823950027517,0.3115322955151522,0.3547755019890076,0.31196034139607676,0.36783419964226954,0.2509016805713765,0.3087044258413442,0.37171471048197496,0.2801950964292093,0.3325383141604364,0.3324445636397728,0.29950358263001886,0.2640229490155548,0.33966804706681863,0.2174649346505714,0.3947739798549794,0.28035316971535085,0.3311233989611231,0.232496240455359,0.3350557012731986,0.38643579421370994,0.30758182359210295,0.2949446316895863,0.2885352532361226,0.3062651379364019,0.25739385962490446,0.3602321070507333,0.24264592632746923,0.4235642365341566
0.3132918373221102,0.0,0.3167466774641965,0.29145391967308315,0.24833611951282178,0.35950829133303885,0.29535938519381905,0.3611139474309654,0.28425184250073304,0.3916026034315499,0.31356505421900166,0.33944620218368526,0.30702623608413676,0.29492935149937777,0.33413990390031567,0.27552429495692593,0.2938212987009303,0.3027273571424327,0.315726903898848,0.3059064373452817,0.31778323539591175,0.40098312798432767,0.2920684047867765,0.32561422215722946,0.37121195471198914,0.22534925580531304,0.25202150585288474,0.28288479383797555,0.3300745958038581,0.24540127000948758,0.3378510840926846,0.29059854712180244,0.33750401493688453,0.261464505672647,0.29095517888950506,0.30707233975611553,0.30185150105244385,0.28631400564929804,0.287617826772903,0.3103097294216856,0.3241678239793404,0.3378481133387393,0.23843866432379515,0.26993391923279364,0.34673639018605085,0.28885391883983436,0.26005672659640616,0.26123124415660764,0.3019491473537895,0.27213200681490546,0.29880724248433294,0.2741089868243679,0.2982063596186987,0.35461226626842784,0.29351817128598556,0.3204653947692769,0.3014602489607611,0.290480095023645,0.3023132254953294,0.3300074954063824,0.3227816641498814,0.22540289316149514,0.2568476691968214,0.2285068391708203,0.25891987445522785,0.26061428058396746,0.28891317789975285,0.28040206328236006,0.2490962958222857,0.3280045435025666,0.28956568168402036,0.26389812187174155,0.2387348226148915,0.3160209341839719,0.3269599557702692,0.26392655445330265,0.2424535762407821,0.30383582608607457,0.2584841456807666,0.21671349238984136,0.2762104939678347,0.3054565276162986,0.35532885807279757,0.266131313672211,0.2648238879201272,0.3864160975863347,0.26769117708015394,0.23833931955479265,0.2723882725136333,0.3135749621279692,0.26290682753991124,0.305400157021911,0.30160974466328816,0.285037832326922,0.29909264104314176,0.361634220030365,0.2469911649477957,0.29665850780214564,0.22569891868608347,0.30591483739341974,0.2750364334479423,0.24403307633796378,0.2150116772628012,0.29843813732138597,0.2669329321245959,0.26555887330366473,0.2593058519602152,0.3615941040800765,0.3113087067423687,0.39983292281513,0.2866294027960628,0.24715244275077203,0.2807441290153128,0.2480001817720252,0.2953311192042214,0.36441989291417115,0.29527776679166673,0.2446882468046793,0.2681947181596778,0.2569337424476062,0.25144755085022763,0.23931494349205953,0.2809784232386475,0.3550602358889523,0.24865180189399036,0.3504242904492712,0.250470782913494,0.31955584123156494,0.33036534852934185,0.2721092007191347,0.29590916172181725,0.2721354475259772,0.23423782999909845,0.3011610465004258,0.30633127236028507,0.2451930353773015,0.27531664476360257,0.2829837833479493,0.2981368015948473,0.29192331181357956,0.27681960544566186,0.30255893682287477,0.3671927512642028,0.2707788911147038,0.3039391623304895,0.2525684186883445,0.32331991242316255,0.29455326416288047,0.37313700686822565,0.2308297645723789,0.2711823371315312,0.31060327335364524,0.2807081050798363,0.2929989128333678,0.32918315304476803,0.3447893908863524,0.3154910319143802,0.3300065697983753,0.2577895374434503,0.2323330010556899,0.28065946771932093,0.3060466214805224,0.24266818516359953,0.3012358355083908
0.2722157453526997,0.3167466774641965,0.0,0.2548239118026455,0.2572615121451296,0.3398694642771266,0.23737824286454143,0.3085616695530118,0.22904322267702434,0.3398535383908008,0.31013504213134885,0.2889165736953035,0.3451649602085476,0.24070572316041478,0.26369835106982614,0.3731904616440585,0.3358457494399218,0.2705609995719022,0.23415090717265,0.2452573882626199,0.3310912877662968,0.3916253369963702,0.2333659496224269,0.2758618536035706,0.2836205539818867,0.27427741696110364,0.24303441432721362,0.2604072014038696,0.2588682879119394,0.2446351073270056,0.24226245354247988,0.31004769012920563,0.25275368674573634,0.24122792342299076,0.2303835714410687,0.27903297861042725,0.29817430092275377,0.26259362152381077,0.24865777432494499,0.28766101182977316,0.2618417823782114,0.3069742281646244,0.24925748427983127,0.25509051498987734,0.30744281292256936,0.2813495041482681,0.26752419161167795,0.28519248930587254,0.25613053825376536,0.2635105360712858,0.28589685953040056,0.29533512536901674,0.21136027814835334,0.2957288254567199,0.2753216668907426,0.25541633475508263,0.2533464257813689,0.3193073524640518,0.241134975991777,0.27750287053327116,0.2754173562393387,0.23483878854076154,0.28360554807037497,0.2171124790147106,0.21597780114880227,0.2469376713545125,0.26189500471890664,0.30111569421783896,0.26068535343321136,0.2854496336250138,0.29754630456468917,0.21470979356619388,0.24490461630147414,0.3713895530965161,0.3176461882167376,0.20901993363101146,0.2822981896128557,0.29620203053040367,0.2287997924544482,0.20918981575084902,0.2684357197481255,0.2630407581572516,0.28510099116151477,0.2663096508004306,0.24657782588345784,0.3231631623451433,0.2387728943543672,0.21198473633955667,0.2622639760747279,0.23537828092486615,0.28070194479521254,0.23218850394073973,0.2728432178544049,0.21676989736905194,0.2532610245439087,0.26808755795087674,0.21280938306152983,0.26920718524647724,0.19994274965477388,0.28595065983757134,0.20792067251163807,0.2540379920789683,0.20067027043247407,0.25853983688208226,0.25250288442933466,0.33714270677567826,0.27746851743919104,0.27200380921041445,0.2820594293962295,0.33011810393358076,0.2624827876462898,0.22965364609232933,0.2646181588659391,0.23189785498728513,0.24184737465585043,0.3248142822623423,0.22799591693156182,0.26683115872769403,0.28803101949964577,0.24582531311153574,0.2521810459477181,0.2220652498347621,0.239775745701487,0.2982667566893975,0.19055098472623253,0.31117829857218493,0.24606096657152127,0.3041945272983611,0.31130441010266646,0.2509073843231035,0.25407724891255673,0.35668996248174084,0.20545878749872865,0.22376415151787213,0.2581362143367087,0.2052126363361698,0.22446159386145614,0.23735969680927296,0.26073194784345,0.24489619322943626,0.20859177052011646,0.27288314251781765,0.2719988423624967,0.25747526383788166,0.2661986329251458,0.21580800070934977,0.30234697559244567,0.27499805521779824,0.32051077795264105,0.2263811422946479,0.216987644880502,0.20525150519234886,0.24866508219243047,0.29566593428592186,0.29073549061900833,0.2687832590660878,0.28105817732244287,0.3304242318531492,0.18765103994336094,0.2415778350545355,0.2590579564190517,0.2088866170286151,0.21688757229876837,0.26736904963290997
0.26951045537707824,0.29145391967308315,0.2548239118026455,0.0,0.22933630582976536,0.2760724963454238,0.28368387135508627,0.27786256986703395,0.2269112670215605,0.26317914829818184,0.2982490133626153,0.26048024997152486,0.28878277818803416,0.2947437379879913,0.2996340934649635,0.2624635235690626,0.3047468481088415,0.2966384482178397,0.2756592976471126,0.2576891409314095,0.31421031847199343,0.2698421035990853,0.2702107715512228,0.24859113212918532,0.28723417819324193,0.28235788740585654,0.27827394341039124,0.29087397917009483,0.26293878591081815,0.20017188110480005,0.26543039800960294,0.27467059779442293,0.40409964566273876,0.28907076763631345,0.28409653114518224,0.32016787659675905,0.27659356599386264,0.29568500104874146,0.26958050736100475,0.3259339102096168,0.3146498283260322,0.27371897999531825,0.25174951914501614,0.2961508640682282,0.29622799433734553,0.3036718497734488,0.1962406188905825,0.25357929576207566,0.27590429854249426,0.2869414516171632,0.3601555800374361,0.3125335641765985,0.2841990464159053,0.3783809029061506,0.30498562480865776,0.2468069033799662,0.3183804635078662,0.2871653829823887,0.29137049338475995,0.3538962850664045,0.3417964392021779,0.26415269369261496,0.29586510626158513,0.22308511335999207,0.2769151772591335,0.3071444524872584,0.3554236390471911,0.2330107239708428,0.2620493621145375,0.292304920939785,0.27278231861279684,0.2635231255146833,0.2875126804243087,0.38857817791636373,0.3188478022070237,0.24760548328979992,0.3140570989043407,0.28398509283916196,0.27322552879791645,0.21308674059799906,0.25766219700586535,0.32646008550790184,0.23171633832910615,0.28067918894668503,0.32971169012439794,0.2840211248390295,0.3004585361817137,0.28397635175898445,0.2870535136695001,0.25069188811325205,0.302826217119333,0.29506623977791435,0.278733926312821,0.2786277167793365,0.3233627783322079,0.25152855362965926,0.24199566701753536,0.2835221978482184,0.24068934347901413,0.3294301272072599,0.27559644097755087,0.29046757010312807,0.2995841892965348,0.2504473888325355,0.30572572695444683,0.2644158888718566,0.30668731049281744,0.2540927908670418,0.2991228271879902,0.2571335073318219,0.322868720070398,0.2837976923914412,0.3517310531346112,0.3053872446647558,0.30972746299577797,0.27778619446789304,0.2909193673852385,0.2190997069127736,0.28898822365414983,0.3006556959449791,0.25838882768062216,0.31324992829543163,0.277385641112441,0.2971144631331069,0.23023237614809774,0.2775510654815259,0.29832111249191956,0.2641111154292085,0.3212097568434689,0.29941547137725893,0.22297723182775506,0.2872192432852645,0.28523606797250795,0.306060876233898,0.27703069844399497,0.21748736129489607,0.18881662180781694,0.2926730298742322,0.2769068964215835,0.2834669909226708,0.3265613104916377,0.2830365368978835,0.35344734442774733,0.29339752851160894,0.28585102726953365,0.24072832894416385,0.24951281029779213,0.25479167778012807,0.23978735311404709,0.21388183062718696,0.3051421069610693,0.28038305726476614,0.2879661391027621,0.22143255026217823,0.30733273398095795,0.2962016110746704,0.27429343948282237,0.27451399656953374,0.3367579734332397,0.27825381240032987,0.283288823756959,0.273910747415915,0.27119643573226754,0.2820875905610667
0.28611381152172705,0.24833611951282178,0.2572615121451296,0.22933630582976536,0.0,0.22789422731125233,0.2948516810156631,0.22026234324516838,0.23856159584521028,0.2385336839412951,0.28139404713960103,0.23304915048224734,0.24959430885162012,0.24874799456804944,0.296697584845719,0.2772774587522402,0.2686270602955389,0.2872089092305511,0.21107519196935762,0.24644148032810548,0.2823961311328485,0.28507759827047097,0.2629356205492302,0.2689869562286974,0.24969661114301595,0.2558518671262695,0.22988846470960844,0.21448637159185752,0.22763825265039703,0.2496184783305648,0.2787992219016668,0.23844059022095868,0.24172697719889538,0.22974697095108582,0.3293253872637041,0.280782400433843,0.2851098156186056,0.26108278740320323,0.26297144422297086,0.2659905868555618,0.25838105140790396,0.28659300737427873,0.2720943205786498,0.3222679924552011,0.23831409814873053,0.24631997842179407,0.2721795788668128,0.30734774425322253,0.29597348624281267,0.27470526306318505,0.28046704408937534,0.2486452139828707,0.2232818526978656,0.24463297478422197,0.2558797805889543,0.23167203962599245,0.23909946328954543,0.2911613336573224,0.2393043642071425,0.2538890733827234,0.20106201353818612,0.2188729683149185,0.23690755198060867,0.24399647660337678,0.24641124655702357,0.20334663910135503,0.23775667725271127,0.2684444040145791,0.22630925426471682,0.26173561664337486,0.28665071112897317,0.25717352879932337,0.2166053652969529,0.26178878325920696,0.22707223283457006,0.21958112118990192,0.24046239490163224,0.3802517595740548,0.21856940669162614,0.21431611976718942,0.24059671300076277,0.2725150727720314,0.2761081909253335,0.20899213921157692,0.23661030525661128,0.2481390901187309,0.23946887577840487,0.2360669219922223,0.22601926172410503,0.21921260665967715,0.35846593922022923,0.2871669496271811,0.3137122639463005,0.20666521281782932,0.258173114922632,0.2413251358872543,0.18209896888544433,0.23302582521323822,0.249569052432396,0.23140472383880378,0.2427511225879021,0.21600865962684498,0.2253963444940472,0.21727300233042146,0.2440884292807412,0.2593364202026811,0.21539978480738356,0.25207444959020264,0.2926624465561054,0.2589628886083062,0.26172652285192327,0.27244110218380185,0.23199971505828312,0.24011289114951798,0.23457980457374775,0.24758974176597087,0.22548274548891922,0.25668066444078963,0.21803631252458952,0.2522875411924401,0.3505815832884764,0.21622116469418784,0.2305885695827513,0.3140965441452875,0.24272118400289963,0.24125630050251684,0.21518522438321416,0.27087103069576113,0.23212423915144145,0.260350902034928,0.22135169761771134,0.24080458825326728,0.19827582606451982,0.25273313401984215,0.2401271799113824,0.2554370613183594,0.22988249487636422,0.3259977022979706,0.24887634524012528,0.2804249298662887,0.20477128719558468,0.2748327385209709,0.2799783861672707,0.24963710698276104,0.2917021285287263,0.24470432020546923,0.2937289029380186,0.24622136959829843,0.2418629396791533,0.1988654265661339,0.2422316458643071,0.22865440450509705,0.26067367334090313,0.24172839285922168,0.2644359486346758,0.2699132347769771,0.2188025305991473,0.28147960619606954,0.2316837996672273,0.22766687821905646,0.21996148020338288,0.24340741727432777,0.22020720662092882,0.32936912374275934
0.28731067215116307,0.35950829133303885,0.3398694642771266,0.2760724963454238,0.22789422731125233,0.0,0.25146749153452325,0.32286133172612486,0.25371123138161117,0.29629651875206997,0.3070472854057787,0.3333676733385681,0.3340227386140208,0.22039808016738155,0.2965018243822224,0.3206463117347377,0.3089282693972537,0.23735224574667269,0.2990079705814906,0.2708082324826598,0.33384972226417436,0.3389008781070172,0.21465496391214556,0.26115953895831057,0.32962396067906663,0.2274387988507876,0.21792241829396536,0.2635933211885477,0.25412948864335433,0.24626113725161333,0.29166037924420973,0.3346980472361867,0.3090598798426302,0.24750746954852507,0.2384754005463171,0.2579157090143739,0.2963468964551019,0.24758590592377464,0.2602238834901557,0.24921943133449906,0.2757702698099167,0.32489903730653763,0.251927098873984,0.2937037805289556,0.27038389568354054,0.26331350501300893,0.23509448884180656,0.266367290492996,0.2295807459141627,0.2574096212160296,0.2942079004064831,0.31783370239857,0.23285557841457374,0.31910278943752324,0.2512204521685526,0.2987004809080414,0.2743878710289578,0.3811105354130641,0.2221922021698086,0.257348957227601,0.3297367751030868,0.2509463184968136,0.30793035379949346,0.18976819564877728,0.23168789456562425,0.2559864865526088,0.2590874077296887,0.29220493892763183,0.22051683854167942,0.29956382745971427,0.29632922188909916,0.20401372723586295,0.2426590221357545,0.31201597667436837,0.3523342937101671,0.22968809699688056,0.2644163991306556,0.26575090819597363,0.232730639707792,0.25709556516265647,0.33879559387815295,0.28284938967294626,0.2986179046997559,0.2736741606760797,0.25748015167430915,0.29640869949832094,0.2903385363199407,0.2197302403747096,0.2815810123690821,0.2522866255128467,0.27346442090203954,0.2858531679076206,0.2734887395615556,0.2432445720811201,0.24102071443173384,0.3217984264391951,0.24117991063697225,0.30072518808896254,0.19971316169412745,0.2782710301042853,0.22287920488357765,0.2512868036164878,0.21908227849899783,0.25548814796167,0.2583534520594637,0.31177484822426416,0.29802740131488636,0.3052189941445268,0.2554734786106934,0.3343874158133728,0.2963016227946259,0.2204867124265689,0.3175987501004107,0.25807471080711375,0.24736050901697837,0.32434266113363935,0.28159937265407065,0.2226984703896259,0.32023770702843246,0.2503480394874914,0.22961717958794226,0.2551061947919389,0.26077303669551377,0.33361655237217447,0.22540262990841742,0.31785669409189926,0.2614242495711085,0.27394491197779547,0.2879868754791209,0.22285312976568575,0.2785856524099963,0.38233933691266775,0.22648606323376888,0.261825081456603,0.2725775518019819,0.22440308930622507,0.249715404419645,0.22180574383214752,0.23272501436652268,0.26140343336403327,0.25310488695128003,0.29089207890858165,0.2760343537956339,0.25053348264684433,0.2760807864251726,0.23087035572919273,0.31679275074963725,0.31258486119769624,0.29438948954013344,0.2317810798517251,0.2522743350022166,0.25656530488914786,0.2323981836327663,0.24469051266296538,0.35796609106538085,0.2962316101197701,0.2877143838450532,0.37612595559783585,0.21549747980283251,0.2522398925975571,0.2466047908244067,0.26320392288585526,0.23233158999566136,0.27963810231546027
0.28935914679703817,0.29535938519381905,0.23737824286454143,0.28368387135508627,0.2948516810156631,0.25146749153452325,0.0,0.22970028413420648,0.23603721617362147,0.26787078956008725,0.2826149677542203,0.2937635093660986,0.28967991873438526,0.2817596144260526,0.34595040276065897,0.24525097795883308,0.25453184316437655,0.2864682628111507,0.2513331293368361,0.23344593108343042,0.2623411943397122,0.30126394063839146,0.3598455765506815,0.3035393706028143,0.2942691946146209,0.26197334404121403,0.265072703072052,0.23760832091722017,0.2717691599466104,0.2525794118877267,0.28716514052012865,0.28043914674020703,0.3084320638161214,0.287178027161511,0.2744472593566943,0.2689012923755526,0.33305872051223845,0.24415435685096784,0.26118836300132026,0.32880988651843945,0.2947745450714062,0.2894476902811294,0.2656536380201858,0.30183640228439335,0.2920783692619154,0.27286019710339654,0.28176269923311364,0.2549665748271411,0.39415404345841437,0.25094836883721644,0.3181546480943414,0.24817232662476849,0.2303259459552918,0.2920318953701889,0.3104476679643923,0.2646876026587354,0.2524071042616438,0.267460208655227,0.2913264446328372,0.2738434351508996,0.2162298930603846,0.23218347244571455,0.22297865587261645,0.24100430179220547,0.2312491118254688,0.20982462339480848,0.2920407203710496,0.3079726034451386,0.23466602389762417,0.25190158660584056,0.29266793700134647,0.2464995201835218,0.22201572956133492,0.30150024914624884,0.21109806867882489,0.2578934979041438,0.30804010404423243,0.33764164518093226,0.2212353454155064,0.2122066532210584,0.24076428861969001,0.27410487109241954,0.2844271071983287,0.20487989537103007,0.23314110020246903,0.2656945521692919,0.23714300286539455,0.27013682205428885,0.2588057483119941,0.24756953796894743,0.3195494248661949,0.374204805522708,0.3051397200301389,0.23793491393074223,0.2657909557595863,0.3059588146744813,0.18995447160960036,0.28439448150282653,0.24517619823694303,0.28463605982247014,0.26615213886495437,0.24019010544142114,0.26424626107945326,0.24911134300085275,0.2342936165800708,0.26361411325849604,0.2188823046495307,0.26003051345413425,0.3343628379932787,0.2896204265418023,0.3434688485478206,0.2553172688684759,0.2511835862900589,0.22395993026059588,0.24414024634431822,0.2684459175082965,0.24856780279226662,0.27022907932870766,0.24453811338216164,0.2419749097776757,0.2621540334156161,0.22396570061803306,0.234351605634939,0.34591290475165803,0.2245033914053784,0.29933067698045296,0.22851718902694285,0.3092696969119363,0.2415913708335981,0.27219996518473266,0.21976781891174718,0.2139500227690818,0.21318770893551064,0.2417857781941816,0.2202982714751553,0.2382327640119381,0.24419275720541447,0.30875757050387354,0.2619405677898097,0.2894357894413236,0.25019013603520196,0.26619560414218485,0.30793984019427967,0.24197287137056392,0.28870396249464453,0.30449734403407275,0.2763075497873684,0.2729193859602518,0.2508842935641215,0.18729107033498976,0.25124841199678355,0.2636830369839439,0.25267509896396906,0.29419731159852713,0.302528045247017,0.2978212586223036,0.28565436188701904,0.30186732239472774,0.29067250016190727,0.27688703517977564,0.24229261224458915,0.2549964773786824,0.23203780649920608,0.2902867222461707
0.2974806150717522,0.3611139474309654,0.3085616695530118,0.27786256986703395,0.22026234324516838,0.32286133172612486,0.22970028413420648,0.0,0.3018758978468288,0.32816899168630004,0.2781761775300379,0.2967438121351366,0.3387602271546636,0.2517542111877738,0.28279088100219796,0.3160740015319514,0.30340360265504457,0.28618858282132054,0.2761590982343246,0.2933602988590327,0.3109619788863332,0.28356278378871713,0.2586773714126952,0.25552198576632656,0.3436076555030262,0.2373872354739052,0.29251448272548547,0.2994119882082544,0.22572062797639122,0.2506572002903634,0.36392100263671884,0.30718292923256696,0.285287292292246,0.2801782297081134,0.2749486209310677,0.3088050459757508,0.31219597905161467,0.3197641837444252,0.2604400839172195,0.27819716574850045,0.27292245134520304,0.3108531306679711,0.26425182867482605,0.24673161110485795,0.3911341289835923,0.30243262155152956,0.2425172789273019,0.24486696903334706,0.27002485669102255,0.266847524106377,0.2757094046817357,0.25695368759627524,0.2431718859633129,0.2645462781035354,0.2588771309626597,0.2979875991172526,0.2768245139385278,0.35451867105365,0.27204453770227943,0.2958283555295343,0.3780425546754038,0.23777017620997376,0.27917885003050313,0.232180077626599,0.22947595342821447,0.2655971225069463,0.29348727428332594,0.2661474546053337,0.2789391880368825,0.46139577605935644,0.278205299045759,0.2517209251752746,0.26010255412963207,0.32904824307719227,0.3883239913369503,0.24962247608784807,0.2758672674284878,0.2562923282526378,0.30441074817763425,0.20458733994702932,0.27170800928416483,0.28746656548201144,0.3041927293719779,0.33399649437414397,0.2946288187898071,0.40834755491754393,0.3750229393772861,0.2500010244059806,0.3502263166305429,0.29959722412913015,0.2591868721983365,0.2814025935845451,0.2643919581055703,0.24497580444392708,0.28096283924320364,0.28944680761610847,0.2613301856584585,0.3252515960487179,0.21501914506006786,0.33736647563584377,0.24850982022213955,0.322965153340971,0.2360765365343169,0.2894561707347754,0.3104853355844967,0.3188975722953017,0.2927501613078923,0.36566653220238193,0.2769518337093359,0.3052303882943648,0.24878485954868923,0.2542923527028047,0.30309071789196834,0.2974397216250558,0.28237742452041387,0.33742971065820554,0.30429292694563825,0.23135744415190623,0.242340171086269,0.27621346212153103,0.23576973731685463,0.3321789624714515,0.25868742791991395,0.3005973053386878,0.22666979655372127,0.28115017035488066,0.25126670249166116,0.3365784320007687,0.30891574128180627,0.25402146218577815,0.3417699701017335,0.2982719290334949,0.279719637749479,0.25993304779361825,0.28789750870410835,0.20861308690309432,0.2553834249052197,0.24956575418512414,0.29062444330422427,0.30748327965536426,0.25586939446092405,0.2685980022371809,0.31135417595124293,0.2695230860521468,0.2912501852410624,0.25428215521683956,0.3070116170022338,0.2885230924411528,0.33636637754508814,0.23732556630874174,0.3039847999665219,0.27026995213486066,0.26193152777494144,0.2574515175814329,0.3715239544277624,0.35720151372386455,0.2793931759587845,0.34165290052194436,0.2149667328211726,0.2412092235756874,0.2664728157052188,0.2755140274779112,0.26305257041898783,0.2739342796712775
0.338190530549287,0.28425184250073304,0.22904322267702434,0.2269112670215605,0.23856159584521028,0.25371123138161117,0.23603721617362147,0.3018758978468288,0.0,0.23940727631179062,0.23299336034969964,0.25291362074080165,0.24927056700947978,0.28571043814913716,0.27046080366674813,0.24153470642400485,0.23229478699770673,0.3056769389559544,0.23654300511164805,0.2969948501002793,0.24746174628232884,0.30880934517464725,0.22648722097638843,0.23423737853195253,0.27393847757260936,0.21421042171902005,0.26169374787386745,0.23369984315251885,0.20519755943350698,0.3010909267980218,0.3582793358048207,0.25678189177936683,0.24953040123758713,0.22451329232115266,0.2991374765049243,0.2595057977392843,0.26031883504838754,0.3258890194282537,0.24391492995601016,0.2355554054325724,0.23484303228426212,0.3228072079332191,0.24777815775780465,0.2459577895300972,0.2801666475966234,0.25696266013871705,0.2372469961473865,0.2206902565453017,0.24910300339882752,0.2686564004083071,0.24791208418837354,0.22902320847121097,0.2576245718879475,0.22738505966176292,0.22579442459200552,0.339973745592008,0.2728302384642585,0.2627345250896972,0.24586131693306199,0.2525089835652839,0.23304604372711082,0.2622081901919421,0.23354696058105204,0.2442642239436846,0.27721416491914275,0.24391351168867412,0.2817613524500791,0.2802683424477014,0.24058160339571608,0.3054802083781583,0.3257437443294438,0.2778498841261715,0.27360696350674485,0.2431054868629806,0.28336271599238577,0.2601213683238894,0.20887684590570313,0.22009283007088534,0.2664523510625288,0.21179164593260477,0.24445321002149534,0.3715617539630783,0.32694861529868924,0.24625810516648303,0.28095291629146846,0.34395758942150323,0.2816909423879984,0.2858879129701444,0.27914931204209836,0.3866973422239789,0.281021021676309,0.34472653044660645,0.2506253201248169,0.24513339823390107,0.3110555929664346,0.2897307946372935,0.26240721423832136,0.27182593283314166,0.30199427374684074,0.25658450842892244,0.2849907905680921,0.22267887337414752,0.24988798804851603,0.244239379172993,0.3211922694823645,0.25712089329612,0.2133715395577429,0.2679952835737792,0.23996452602401475,0.23646904609970776,0.2136598177472643,0.3011646500517295,0.272666076826167,0.30565747090788803,0.25816014631006706,0.2763728435348021,0.2611598157890255,0.23405713916395085,0.18548134435110042,0.29093837235537484,0.27043945105532835,0.2637826194455541,0.25945924306496215,0.27883368878817155,0.34980866553021006,0.22972908099519132,0.2544950480387328,0.26217913717853913,0.21960194427312432,0.2683203146477995,0.38496540260186557,0.2617246901404026,0.26064568939877875,0.3477767244888111,0.2568947509922551,0.24384646094696197,0.2667609201014377,0.2533216326570237,0.2625488053362875,0.31823945326825553,0.24383109953653712,0.27024395970432824,0.3097669902671865,0.2998349624406537,0.27043366235733546,0.27130906482729594,0.37056737659234257,0.23881928298018454,0.27715253908352233,0.21758808768571689,0.31940091765428835,0.25528793990512144,0.2524556471939088,0.23875086082058386,0.272129265701014,0.3438196905855559,0.24703097713825206,0.2653426598447333,0.2560799200125283,0.23462402318986236,0.2143863188682722,0.3191688634883257,0.29505776805201,0.30979346098186683
0.28480728102547265,0.3916026034315499,0.3398535383908008,0.26317914829818184,0.2385336839412951,0.29629651875206997,0.26787078956008725,0.32816899168630004,0.23940727631179062,0.0,0.25628605508922825,0.2674644736983105,0.3224970810481891,0.2768982367767952,0.2656514130327234,0.2886875737493392,0.2912718447309876,0.30634360273867617,0.24164117035091148,0.2487279389742547,0.2596868681884596,0.27862667985374096,0.30868030572668137,0.24363523826695815,0.38757767921378133,0.2300070307325947,0.2809933130913298,0.27751785464137796,0.33072595138781447,0.23492370003537166,0.3046720783254747,0.3059119566528509,0.24335453050326472,0.2647424087404861,0.2725392680741972,0.27259780102063985,0.31082715770240665,0.2627923746031834,0.2193341615164219,0.2821065016373769,0.23539107371068063,0.30753771040543065,0.2402831651947865,0.23814341573734632,0.3098178645126584,0.27398642142626545,0.2524614502712869,0.24882143451128394,0.30968203180886644,0.22779617539015354,0.25894575634942424,0.23461488873074535,0.2270700248973329,0.2685262043536201,0.2909557232456694,0.3128760066222312,0.23838436163043628,0.260365976806143,0.27909728789711874,0.27564659590605184,0.2878503752670498,0.22837587399273637,0.2207318103402828,0.22458222899082253,0.22027551361902467,0.23216063302977177,0.2672555696056004,0.2701417306581784,0.2659884227902934,0.3287472956558973,0.24734964601831838,0.2694122344850907,0.22558394462989134,0.29744942140558267,0.2833935517568445,0.26756019439589934,0.24328737255090432,0.3114606394274925,0.23132462124320208,0.22551633169545665,0.26921599527970386,0.2501061053935649,0.301250295075573,0.27906806126091405,0.2555223197395334,0.30347982413745445,0.2696013864498824,0.2513461657186656,0.32999127665728434,0.2502058181538104,0.25310407444476374,0.2751742179503973,0.27663444535260906,0.22195327366763953,0.2669395855824447,0.31314741808794366,0.19345278073223804,0.30201980732998446,0.2255554364214125,0.3206120752102476,0.2551592192764037,0.2538555781831056,0.2234418485572374,0.311841465891797,0.24594324214707594,0.27545769289197475,0.2564877986072576,0.3785596885505033,0.28785372699784806,0.3070389048835481,0.2420558876081877,0.23407188826342554,0.2851276001443233,0.2749112689300482,0.2530944577940319,0.30663166578658935,0.2869816066618998,0.2838201648099784,0.26004088799793834,0.2863996929552195,0.2227348625829569,0.2480962328684441,0.23895793298867543,0.2981574302996228,0.2160038645049946,0.33051580381294654,0.24541897197891593,0.2779588540668306,0.3317761140436871,0.26452549760236216,0.324216660686596,0.24490603012882145,0.2408987598014838,0.22322124354503342,0.23442515343542125,0.20706368249030502,0.24964980096245948,0.2692724985489181,0.27968551724288254,0.26635646503904997,0.243117089856518,0.29469463369467364,0.3053419705118172,0.2344289434947173,0.27644362744026907,0.2591875449195297,0.23400770249479425,0.3149245256363034,0.4068820631559892,0.2296216152580311,0.22926391972781887,0.28115290090930695,0.22890809539890933,0.28019704448341687,0.29988369715820645,0.29286660090134886,0.24270009703917925,0.3374111636476197,0.23760633974933548,0.2674932495640597,0.32540396768133933,0.2802157441036262,0.25136880926669375,0.24246584060065168
0.31577643999034755,0.31356505421900166,0.31013504213134885,0.2982490133626153,0.28139404713960103,0.3070472854057787,0.2826149677542203,0.2781761775300379,0.23299336034969964,0.25628605508922825,0.0,0.33989345851371383,0.3336611565026343,0.2643256946018503,0.2967933760464372,0.37825378170041196,0.34888956896709106,0.3092422823310269,0.3043037612998516,0.2832017805435945,0.3569088271787563,0.35530089227351497,0.2667968742539731,0.31253594493345954,0.327049016764971,0.30417797093229504,0.26744580182761213,0.2991746079090384,0.31561578198123286,0.2608571818959604,0.2838808308658564,0.3282540294403081,0.2976802278559266,0.26675547801323685,0.29385860141943054,0.3457670558301193,0.3628923732090554,0.3180362965292194,0.35352900282376265,0.313146114607839,0.3088713476441615,0.28088838860205506,0.3037925433661472,0.3522099589074477,0.302849598807954,0.28418567008620765,0.21692992519160395,0.398971901652148,0.32685080668189387,0.2822653362784943,0.3588616284883993,0.28096589212575496,0.24175939651184053,0.37387309962164295,0.39356130019628277,0.22598079553761302,0.331691495316059,0.3784831681785821,0.2840941619651333,0.32092171784231033,0.316150138099071,0.2236581332750451,0.3125492525601657,0.2408403388951956,0.22599964842977194,0.25466726058899525,0.2951552607186413,0.27109778117216987,0.2817201378415396,0.3083843640701183,0.30791531390949267,0.24831991506187162,0.2635912599965253,0.357720421901233,0.3227874513523277,0.25671071926293415,0.34641990975079684,0.3139191696466747,0.26371900799438314,0.2308171293646522,0.2755966904448239,0.26330050903746594,0.27379420810710364,0.285181099415471,0.26811559177757954,0.29120550369611303,0.29684962744961646,0.25378044970777824,0.2592853108926709,0.2465037256422777,0.37227221861040083,0.24141954565845558,0.38722186464628217,0.2868544395485661,0.2709409489094212,0.2868196561321324,0.22668561888531794,0.23499336162432197,0.21987982372267023,0.2695043810096347,0.29079049036570764,0.29699434680097847,0.23656181001097168,0.23563456702810578,0.2901522079332692,0.2671148894702877,0.2700385743628564,0.2734413914930054,0.29001054073778104,0.3433493876885811,0.37951095863559686,0.27364218134604706,0.28569784680735727,0.2705859974698976,0.30107576107766404,0.29374028703795235,0.2684028143607731,0.2940927624080398,0.2870032065606971,0.253694432582209,0.3056786258155566,0.2385254078806669,0.27508058713959826,0.35894899791336526,0.2310639359423879,0.36362463421495067,0.21922265903210933,0.33052309844338945,0.3110162011190291,0.2694275903085005,0.21951928106931567,0.3123074755928031,0.2741371189023642,0.28528523278031326,0.3468822934205838,0.2391687023162568,0.25763223305764615,0.28310797392356163,0.29916512476527524,0.3103122751044675,0.2704675311072305,0.3120472710686468,0.26738151244555997,0.2783098750792881,0.3887772004512891,0.230386825499056,0.2769910136782618,0.27055021943877444,0.273925456497636,0.23990371158692592,0.34305937925375546,0.26317554465581516,0.35443184886140755,0.2450792912115717,0.30553488372803284,0.3163840557114487,0.3095150683256084,0.30146435411982586,0.26098102915536653,0.26730029364749147,0.24335328486311075,0.2857577818292334,0.22013853272432282,0.3950957223233206
0.27736541826285727,0.33944620218368526,0.2889165736953035,0.26048024997152486,0.23304915048224734,0.3333676733385681,0.2937635093660986,0.2967438121351366,0.25291362074080165,0.2674644736983105,0.33989345851371383,0.0,0.25609603151222304,0.1939142755084598,0.28096686087133665,0.2886568976735632,0.27618797986233234,0.24197505224930577,0.35051193716441104,0.2612892068879901,0.33031789825488783,0.30602432673343427,0.25860143871543595,0.30707998163350947,0.35392206328973885,0.22834705977683767,0.243140614969462,0.23996505268899682,0.25978547839252575,0.2912880363918549,0.30650177462424866,0.28279977803879813,0.2773365683958628,0.27996204042923406,0.23764633753028064,0.2749611772090393,0.2996177192961767,0.2614855018920669,0.32320733855335726,0.263935649713906,0.29221814515978495,0.29267715215736617,0.26171858845982915,0.2859149284671406,0.2805763862871932,0.26694810306269534,0.2551332406201848,0.2795013868647964,0.2738983011003086,0.2512419858586518,0.30502206625135475,0.2770162350037209,0.21363731371673175,0.31288169854767284,0.31157428427163625,0.24436401684833506,0.2982644730759172,0.36863678152059026,0.21931542890217595,0.2687032640431616,0.23466722777456847,0.2003329181900919,0.26561181192663863,0.20551984875995902,0.21058853754245396,0.23196020027016592,0.2257705934968475,0.2410101211328084,0.2127812550511197,0.26510803099900593,0.2539351244390393,0.20195815238764153,0.21119425867451697,0.27914295222026336,0.27174228611962564,0.2253005707713905,0.25021056379517287,0.2728640656142276,0.23547875817757843,0.199156040249634,0.2387277648367065,0.26389905803458336,0.29671605850221516,0.2198921109451979,0.24398914839376515,0.3054827686919152,0.23961174179867933,0.21749962981358104,0.2646145192624563,0.2649259570796716,0.2812548189068148,0.27117032481740755,0.28515328365790626,0.2533691489322521,0.22212554930483566,0.34953222372290016,0.2072965128829885,0.2799163868863605,0.19273417638765114,0.24357450788403226,0.21936270218568857,0.25040949451480865,0.23718068884211096,0.31113375384059605,0.23824153233648038,0.26239499275855005,0.25472099105170415,0.2733590778155857,0.25443403845793006,0.36361354826759507,0.38240553171670655,0.24596808170881335,0.22925616172875024,0.23632162392209724,0.2429394082947632,0.2991719023941637,0.2506786999559879,0.2849473239650546,0.2652120902511114,0.21516665808571672,0.22965527094401686,0.2220928314718564,0.23542012563834988,0.3133880743101053,0.19249920621242347,0.3633114054429899,0.20385393350050182,0.32609523951675223,0.2890015911566645,0.21420397477697206,0.2409075272753104,0.2548947057883206,0.2087443035423577,0.25719454987325413,0.2737118795974711,0.19629213330536283,0.28724643481046247,0.23776812668520714,0.2504367965756827,0.2969940182267921,0.21880467496983796,0.24666754692922085,0.2653240146429373,0.24092979842449522,0.28732268272705436,0.26397650210769785,0.3486407021067482,0.2512577341317732,0.3109550729981821,0.2192242313011589,0.28129452217497247,0.249929927604367,0.27725578024711234,0.25388773610978216,0.3837236702032905,0.2678596417299489,0.2802690799822928,0.3257313860202501,0.20713458722224343,0.22494958976358048,0.19524057044972634,0.23917202911583005,0.20858308613263774,0.30086044205176016
