0,1,2,3,4,5,6,7,8,9,10,11,12,13,14,15,16,17,18,19,20,21,22,23,24,25,26,27,28,29,30,31,32,33,34,35,36,37,38,39,40,41,42,43,44,45,46,47,48,49,50,51,52,53,54,55,56,57,58,59,60,61,62,63,64,65,66,67,68,69,70,71,72,73,74,75,76,77,78,79,80,81,82,83,84,85,86,87,88,89,90,91,92,93,94,95,96,97,98,99,100,101,102,103,104,105,106,107,108,109,110,111,112,113,114,115,116,117,118,119,120,121,122,123,124,125,126,127,128,129,130,131,132,133,134,135,136,137,138,139,140,141,142,143,144,145,146,147,148,149,150,151,152,153,154,155,156,157,158,159,160,161,162,163
0.0,0.894233230507205,0.812532632339296,0.8079314881622965,0.8420258282943092,0.77782730446102,0.8526513008725326,0.8125817747748287,0.9104679060865608,0.7752267989575107,0.8779074737464506,0.8163029396910392,0.8590752075311017,0.8368791510997282,0.8940440497335189,0.8381875105425796,0.8266267181918604,0.951333771975135,0.8666005524159253,0.9692307061527564,0.889496989493284,0.9067616713254325,0.8125645821152095,0.8840684584153795,0.9190763186592257,0.7901497365882942,0.7516617420762126,0.7875428468055177,0.8247667700085377,0.8332077928759499,0.9004439366911662,0.8546678578010518,0.8852453721039806,0.7581221720040894,0.9270540043476895,0.8211565962701356,0.9187777642918595,0.8890864860768032,0.805429208883,0.8945298340051944,0.8645767920483053,0.802381594637554,0.9242207856010674,0.911599512724526,0.8866930359983309,0.8789043415207697,0.8662896199445905,0.9019959540248039,0.920320999143536,0.9266366848911203,0.9206402630368676,0.8826691274144952,0.8486020102438583,0.876205769680591,0.8700863405329349,0.7904872912343179,0.9517122315427192,0.817423049874565,0.8917334712906545,0.8559399218578534,0.7952004687809052,0.7405725177810146,0.8944361552178137,0.8113555128981552,0.909494608724649,0.8672202660333274,0.8197092170593007,0.8972317462695146,0.8665954090126212,0.8816087551264461,0.960663846349359,0.8970273785238873,0.8136382605002471,0.8571124869628746,0.8033604026933615,0.8797213660172596,0.7627147531692662,0.8026145085452862,0.8490158600106814,0.7045639590766327,0.7704793337302135,0.9095129129865488,0.8970535143781516,0.7710788876320269,0.8673468682691224,0.8972622943468791,0.8418859803028241,0.8956479201174016,0.7946988499712824,0.7764239822061424,0.8996981078560247,0.8585616232256972,0.9171025387414153,0.9082843571154025,0.9146313144984497,0.8752222074350975,0.8319992954441423,0.8002951151095309,0.7691444356298754,0.7912674784265219,0.8289126495230251,0.7903904510031134,0.8001359845679754,0.851754284295011,0.9051444400069418,0.8300112603402192,0.7632071751573961,0.7628338855973925,0.8869926199540838,0.8681449432426356,0.8430871038567687,0.856371465434499,0.8093069421815119,0.700616877030802,0.8725916058798824,0.814022190710063,0.8507969051978438,0.8942309126911988,0.7604132972157458,0.6975239710916163,0.8872087257518787,0.7475625398709776,0.8576131046222306,0.9368019035018383,0.8833367325635882,0.86924047795302,0.7067003146282886,0.7951844641192183,0.7842182082921415,0.9260907190805135,0.7586144476565445,0.7984152785109146,0.7775033708012044,0.8146556178353778,0.8754845250740911,0.8998667753837468,0.8998629072303133,0.9061962933866895,0.8961512774707957,0.8862166962247511,0.8883201151791204,0.8030425171873479,0.8985307644608442,0.832864328885524,0.8729639734321945,0.8276979158253415,0.8769203821107494,0.7212680493245867,0.9190469644990805,0.6027701802879736,0.9219918758047573,0.8564720983092168,0.8665729724938511,0.8053803043139652,0.8586130983690077,0.9276422199129861,0.8711574849034495,0.7748651898590169,0.9133027233523646,0.7920041565137758,0.7306624760801946,0.9247050447338129,0.9318951811765357,0.8983553808664497
0.894233230507205,0.0,0.8363373808721093,0.8337895039968342,0.7583680612604534,0.8770110076071264,0.7874794458156004,0.8776247075454493,0.8738149166467168,0.8059303364431122,0.8354194132482174,0.8751854093104493,0.864121261550608,0.8625129222856985,0.8135671655983572,0.8665179606235489,0.8537005675289634,0.8222772033069842,0.8590754963750269,0.9149605584542182,0.8675235337069578,0.8606633864087195,0.7568728217666933,0.8418974308181827,0.8559513848825634,0.7571684857724517,0.7717462835012012,0.8035804724907986,0.9085425018607207,0.8167540280587509,0.8752243119685023,0.8628795269012202,0.9401583324794913,0.7926633219475425,0.8760712583617657,0.861296178414392,0.8461952312533425,0.8861678999155728,0.8173577803060368,0.8763028765192673,0.908514651393583,0.7845001824375477,0.7863802233152128,0.8540341516092071,0.9020277926292828,0.8599502130384311,0.8431137690579752,0.8261830229522575,0.8181266599504886,0.8785552345334002,0.8604663186953381,0.8981690272266794,0.8640212098353057,0.9099160045660035,0.8720856582091423,0.8695816190886116,0.9023865690079517,0.8572181935491803,0.7962966646858423,0.9121627038769051,0.8553592528803802,0.7934454101731467,0.8465649280833021,0.808694181492519,0.8047390199953607,0.8156045933373993,0.8128734346039935,0.7838556076402271,0.7578982413279662,0.805733043061544,0.8762260708030357,0.8572509948180961,0.7803672435249376,0.8333227564703858,0.8678787687909972,0.8426647691117681,0.7523384198297502,0.8263480047334085,0.8310846191061616,0.7497827974485886,0.789468797704607,0.8420801798176785,0.907325227212455,0.8298998454262657,0.85159209336833,0.9485439705882085,0.8010063185028765,0.7941642515398986,0.830148712152933,0.86876483616343,0.8213315152864776,0.8772025188303721,0.8934983997106806,0.8994242071598509,0.8674899061175464,0.8828632572909431,0.8840944436569489,0.8581170227708321,0.7843976486099885,0.8361767321692939,0.8453946352470614,0.7384438834391783,0.7105140695174538,0.8063803594299286,0.8896021470071838,0.8489728361623992,0.800706890105243,0.7849025024548258,0.8812040732260085,0.8682457558239848,0.8161892178385977,0.7983415721658546,0.8069074616144536,0.7545144165142471,0.8792339309608274,0.8898004719737431,0.8601393779066021,0.7788573754573843,0.773290541287198,0.7644250004644226,0.8385236239132567,0.7740013482456866,0.8588563641384995,0.9228505557121723,0.8276677283608197,0.9232465255324738,0.7607288840363299,0.8713403747183109,0.8748056916565571,0.8511137220639928,0.8404595060233576,0.8464022248265014,0.8068277968673772,0.8541027845170523,0.8268840787091601,0.8128798798127176,0.8787529946128142,0.8502133433505887,0.829593869390525,0.8329043130931456,0.8352959148257765,0.8535934875580925,0.9185199077863536,0.8338952614390875,0.8519253765748257,0.7440631684947608,0.8760289804808379,0.7714644030338266,0.8988541780720003,0.7021249142263614,0.8399469077171534,0.8518879932326638,0.841777286873948,0.8150373366106064,0.8671079335938049,0.8455739896744192,0.8422530104763236,0.8330202455376527,0.865358695161713,0.7782624873067971,0.7165418697854566,0.8960711543706131,0.9462205924601018,0.8170815263521917
0.812532632339296,0.8363373808721093,0.0,0.8515681490042081,0.7151044942609333,0.8452591265436857,0.7596273502908905,0.8586204011090077,0.7339895665386224,0.8952785338765419,0.8167698048750419,0.772800264906177,0.8870125943916178,0.7514523784329207,0.7217056308682821,0.8768233486539786,0.8950816043475017,0.8187356102944343,0.7857287085023792,0.7958206236992674,0.8953998054533058,0.850539010130435,0.7544865874302499,0.7790931909596629,0.8589875713015531,0.7641111954888772,0.7481094204075502,0.8306458756575981,0.7652181286199338,0.7440676962524783,0.7006548271695089,0.8493814299471586,0.7938230716720271,0.7317023929312765,0.7208236415319146,0.7334283144536214,0.7979682524202174,0.7437578367537024,0.66784819472522,0.8665480406530982,0.7467996255561531,0.8728644781775176,0.7719828481990396,0.7305413044054254,0.8282036272397635,0.8190889154971952,0.7982080425226865,0.7622888428548478,0.7808281530743727,0.7891024724886325,0.8396532370961295,0.8591345559852928,0.7553783382282084,0.8462793618296951,0.7689166895393639,0.7838735701054927,0.8106243434104847,0.8411470826566442,0.8250068807703984,0.7759026224925322,0.8553988647482744,0.6977010568525761,0.8532944840328498,0.7047514341627945,0.7425696417562223,0.8120069433218879,0.8028616789410329,0.8161352646327296,0.8446825778522447,0.8474072901334245,0.8052941469778147,0.6974018321129298,0.808256585730207,0.9227934280383379,0.8504372119378129,0.7209458199297744,0.8262287955013176,0.7602295855165165,0.7300704502210589,0.6478897632737483,0.7820604603661242,0.7760467984871744,0.7992367708237761,0.7449967891908972,0.8079430308349024,0.8047095291230805,0.7845554128529872,0.7605746803378703,0.7678674522263725,0.7044259313558241,0.8074964186025708,0.7284666915810366,0.7669409271991441,0.7671686810661661,0.8189418098097422,0.7528287378684168,0.76020658357057,0.7949425750111924,0.6400512311176728,0.8116323218233913,0.6513495764744889,0.8268015668624483,0.7246803234229288,0.7677236404454667,0.7754697094576597,0.843440319325977,0.8423888067572989,0.8380806902637643,0.8178382479989937,0.8464594117198305,0.7992936302439528,0.7129086079448047,0.8304002709165281,0.7147454385011766,0.7547473444251532,0.8429328959668437,0.7812521364441278,0.7516028302844772,0.8845175135840551,0.6686862935960308,0.6979852324822157,0.7192756615260518,0.7698538177535957,0.812491897528307,0.6592648797223065,0.7818389081182111,0.7472773890372665,0.7414859354622503,0.8023823669776539,0.7521461421867361,0.7716622453228338,0.9109010030265505,0.6773517061165616,0.672831639607246,0.7430271370213498,0.688847890527073,0.7250581972236112,0.7128054311976616,0.8081662385620185,0.7039812064865716,0.7466447199150815,0.741371853683788,0.8294438554035201,0.7681293518396834,0.7267865870325136,0.748291568508451,0.7396603130948965,0.7483267919773496,0.8594884888677538,0.6082435384105549,0.7163429514028818,0.7138077670557051,0.7946332827173349,0.8673933051014293,0.8541811057892081,0.7809179386606505,0.8042215017122081,0.8634038939378208,0.7142433631590258,0.7605729396177903,0.7511042508599586,0.7080071058769873,0.8033083733275853,0.7316766362396602
0.8079314881622965,0.8337895039968342,0.8515681490042081,0.0,0.7413981399707883,0.7893320238824435,0.8317755921796955,0.8264952587250708,0.7398053379696934,0.7706121969048422,0.8572249258882279,0.828871128291123,0.8301991226211216,0.7797646209853529,0.7506740619453753,0.8236346632513313,0.8500635037392752,0.7753571503435749,0.8167467428848093,0.7963333765957883,0.892662757528099,0.8327341780489259,0.806261610771781,0.8176320236917074,0.8234229425223153,0.8176545954539268,0.784111002477245,0.8288548855869952,0.7609707319633439,0.7096333460070905,0.7446555837394826,0.8227849879464825,0.8588727897327286,0.8126934098992777,0.7742096865540825,0.8002159821844638,0.8066832372041862,0.7566217080916512,0.7470195133334576,0.9070220541631324,0.7863716935697558,0.8198113812524772,0.7544756734900933,0.7879058679431272,0.8605065173147088,0.790089751478009,0.7353392604491882,0.784801154843005,0.8248219151798523,0.8127530566680718,0.8829193159511209,0.8532554105621699,0.7399988501879506,0.9233313057391479,0.8482098816229839,0.7424240668966395,0.8324621246880889,0.845071975537457,0.8203713426698498,0.8193263981962493,0.854790113232059,0.7040695997475607,0.8061190019776413,0.743214491058443,0.7462005800734782,0.7768521490140519,0.8734061113890438,0.7514230345423557,0.769455353436841,0.7957224803232137,0.8044860245659944,0.7337282520868785,0.846564345759651,0.9205295006702133,0.7901327700850267,0.705573850447347,0.8869872148060312,0.7941149539291195,0.7248271066883583,0.6361614401819305,0.6814815214130633,0.8290221299095355,0.7437163117607702,0.7070994532248951,0.8623649141333516,0.793793400663098,0.8032219197303843,0.7822009047425688,0.7386089614082848,0.7435486546699277,0.8448879295813267,0.8000445492018615,0.8003922994087895,0.7889290624277434,0.8754159549806458,0.7545620673802892,0.7780329309301593,0.8022305682865823,0.6984389330729821,0.833129820938817,0.7159262023138125,0.8365404767297638,0.7986958719146856,0.7316791005557337,0.8040598571567236,0.7876840837857413,0.8133469259847422,0.7647150051179485,0.8007331336652632,0.8324882902920345,0.9035920305908058,0.7909659594267391,0.8330189232867262,0.7336418826597929,0.7629605975304993,0.8237194182669029,0.7412043728275892,0.7528763950844304,0.8614345629418247,0.701200887961898,0.7478045500464625,0.7561945639305789,0.7934285589134994,0.8240336880551583,0.7002169988915805,0.7844655867603074,0.775430514568441,0.7906071668191454,0.8119108408896475,0.7483707114486634,0.6930691047841014,0.8174328797630632,0.7240241307354777,0.7601839234665115,0.7840050910342418,0.6842013901567365,0.6921907311965853,0.7692737359772288,0.8204899887215977,0.7335966531064119,0.7396916095700149,0.757827945729147,0.8925935718888416,0.8280351170023758,0.7741705212225973,0.7774500089777101,0.7616219219673971,0.667062864667911,0.781781971490011,0.6191040387395249,0.7967499863008135,0.6922034840023613,0.8490689515513125,0.8048416384310064,0.8441450734905495,0.7904323176971222,0.8198516487445534,0.8088022967275202,0.8035766832369146,0.8075587229506811,0.6517380348519519,0.7323951607000818,0.7857293695753169,0.7863053260969567
0.8420258282943092,0.7583680612604534,0.7151044942609333,0.7413981399707883,0.0,0.6068664317748178,0.8817516922083167,0.6601307663083676,0.862972905156777,0.6423842330872914,0.8538856904305473,0.8146993894426693,0.6658613703713575,0.7309704616795568,0.89073884889471,0.7064398516832527,0.679518604388032,0.8092101041246853,0.7622172511522959,0.8213187446475132,0.8062981852331276,0.894641021933423,0.8049856758654137,0.8541115014227553,0.7857105701027248,0.7494020396579743,0.7213346973489029,0.6300607984084662,0.7452457029376762,0.7868186819946437,0.8567728597010061,0.6923930799339963,0.7811718473340471,0.6706083633529829,0.8791523869998714,0.8006887292019802,0.8048427960502137,0.8024897727889757,0.8586340585532958,0.7900863545862142,0.7981902267677959,0.7580960148542077,0.8504805439889743,0.8950793433589341,0.7609501125478775,0.6924655040115011,0.749154293203901,0.8647790063483177,0.8810224762927422,0.8547287525916532,0.8212262906413068,0.7165861068381384,0.6884775322624167,0.8057845031936315,0.8342676801332554,0.651291728169365,0.8025257185038295,0.7741763964267224,0.7954687040186497,0.7309971882006456,0.6175781339441371,0.631107439317761,0.713383085681069,0.8076920301958933,0.8175602946746205,0.6612813822312065,0.721914301483976,0.7830423264750757,0.7771476670113175,0.7432531837501221,0.8456939281245627,0.8113140833969388,0.7148281586739273,0.7296557912557516,0.6302046572648589,0.669532900597618,0.701989044057654,0.8143798938842631,0.681033407334217,0.5530322407804965,0.5765148010321504,0.8839571794916187,0.779609984544095,0.5931269169613675,0.7465697298041951,0.7547778307985433,0.7103942789355746,0.8124137010661375,0.6042673220224114,0.7099259809263333,0.908345394119298,0.8212871649438169,0.8638491474642183,0.7071223964809281,0.8368038083098952,0.8211212998027648,0.6930660950963825,0.6847280593861472,0.7657649694191442,0.6322289912769581,0.7708699247095953,0.7074418480827455,0.7981667051978353,0.7992376954327055,0.7707457513176451,0.6644213490332652,0.6123405090059237,0.6383076417660212,0.7387426713686689,0.7596051742339548,0.8214956382287506,0.8874095506278818,0.6443900152375467,0.6391386897180659,0.6914434691456296,0.6622985096272487,0.6349793411796489,0.9104110646485025,0.6533261023196472,0.6305711287995658,0.921993282250999,0.654236633692124,0.7181030031932423,0.7806610904083556,0.8382731181829164,0.7394348598702468,0.6233645645924715,0.7521054921965628,0.6666731656561763,0.8331102666610062,0.6280197406603949,0.6547676244893936,0.6394350485238594,0.8045282703657626,0.8542973865073749,0.820550352443467,0.7560429251872941,0.8957022671877228,0.8554024151860213,0.863209966161348,0.724197994005149,0.7252659485176692,0.8014526425898444,0.8500790886619034,0.8522783428743456,0.8139368671382599,0.8965754495177422,0.5658890753826281,0.7832680276697763,0.5593979161975036,0.8609377887364031,0.6965272156524835,0.8736825829402887,0.7655660175529297,0.7613559908140451,0.8186808780797825,0.724201797450832,0.6357813344065812,0.8417408415493546,0.6618292625202423,0.5626242043929657,0.7718148482166889,0.8086834313612987,0.9111015158888515
0.77782730446102,0.8770110076071264,0.8452591265436857,0.7893320238824435,0.6068664317748178,0.0,0.6603335138567324,0.8986809246993069,0.7205597358992677,0.8317175596132828,0.7399093384796196,0.752371237781288,0.9124363858158687,0.7930455079885986,0.644607487287964,0.8887654608348927,0.8831427293520435,0.7212901886658536,0.76097939952384,0.7790899052200725,0.7907586358148787,0.7192316226482561,0.6584808869377343,0.6924793164289456,0.7887937636349139,0.7205491709569025,0.7102564262374792,0.8465887618165868,0.8033630605298663,0.7347930511619901,0.7051624943747036,0.8831810738734697,0.8081561534433102,0.7731384238235061,0.710419709540941,0.7380271305525397,0.774040996352946,0.7654513999651819,0.6506902558944228,0.779936113284334,0.7463673353853305,0.7633540900779583,0.6785769449679622,0.7031964017895966,0.820958993395328,0.8171285792612544,0.7765295379279067,0.7128650681311699,0.6904718042530142,0.7403694559943579,0.7716869001474027,0.8793533815346759,0.7902112308484971,0.7984797170198749,0.750384025264595,0.8919760252247911,0.790804089481642,0.8222899254801,0.7055415376188494,0.8259502263126897,0.9310666238281248,0.7997745713031592,0.8372633228044697,0.687219043838351,0.677842823800371,0.8130296378646599,0.7776607775775174,0.7278904123978626,0.7082724046799529,0.7799097577291777,0.7594376601007474,0.7128033965420334,0.7797786702952518,0.8249106743827491,0.9240601531148303,0.8009535676585008,0.7621953762986111,0.737088970675288,0.7721922965555817,0.8395925776214218,0.8725308823806682,0.6992971958690399,0.8032432634165187,0.8882646897373017,0.8141133669153001,0.8430102752727077,0.8141747820690266,0.7019802188944151,0.8764830291437761,0.7799063047658077,0.7128825919874608,0.7403130178271005,0.7416888445955612,0.8325836851529462,0.7601775589362737,0.7541807076346,0.8193504216804196,0.8399705197373405,0.6782062866408226,0.8701710521372988,0.711437780584952,0.7385796347996837,0.6405278949191336,0.6845748306984508,0.8021667897259878,0.8672069517631902,0.8594965784078675,0.817079911258145,0.7940789581555264,0.7994920589368953,0.7299988909725612,0.6654888422742885,0.8779884494930849,0.7728144968635886,0.8277110947120372,0.9074372231294751,0.8710321879422888,0.6424028939880267,0.8297214412983052,0.7690798042880089,0.6661238430418537,0.7875385451508146,0.8215828804899823,0.8275196504608591,0.6773263579264611,0.8307923919076631,0.7945006513575876,0.7841953854713386,0.8662887783145788,0.7062642706269588,0.8684978197015293,0.9274799032544738,0.808953199578794,0.7163316923738795,0.6807830241047251,0.6660462317648994,0.760305911386404,0.673538409596933,0.6877182672112706,0.670587680081935,0.749726632033205,0.8081314284447112,0.8059629136370421,0.7137567339476214,0.7187248780700632,0.666582139539216,0.704217594359695,0.8156089193267418,0.806123153559555,0.7235521237729079,0.6979378784581346,0.7653526691219901,0.6986533381631077,0.7360803424066583,0.7990404706739492,0.7311595349238109,0.7865422166192443,0.9047282563442929,0.7094055125763027,0.8148978077060298,0.7565983845613298,0.7819226210262894,0.8131471729246345,0.6727696056589653
0.8526513008725326,0.7874794458156004,0.7596273502908905,0.8317755921796955,0.8817516922083167,0.6603335138567324,0.0,0.6948555680619819,0.7880761377479346,0.7519445513536841,0.8317944071564342,0.8086478601754679,0.756037750769209,0.7750184325342057,0.8573649212907224,0.7420752398034227,0.7278576044110104,0.8220793168735614,0.7561432132607332,0.8042378194542628,0.8281075036406702,0.857309235954354,0.8836730597972577,0.8615880997308755,0.85633910185045,0.815599990707373,0.7602146291608063,0.6903205028505216,0.7567978866818441,0.7421931206256787,0.8233534438341442,0.7900653613285871,0.8085455047838858,0.7624364746320601,0.8437765238283507,0.7967241962501276,0.8690928501434352,0.7413580191614338,0.783388437720858,0.8937813177505545,0.7565361540289604,0.7979374564435257,0.8447147939710865,0.868064647176975,0.8335568610809787,0.7630297272430298,0.8030859442552385,0.8531872493510585,0.9541044554731313,0.8408415878109808,0.8923979521630777,0.7533971646327889,0.7015117944477997,0.8453404194224259,0.869300828120409,0.7214908303391813,0.8052506144975742,0.7465031458719156,0.8972793747515784,0.772547917282444,0.6871860668782935,0.6709910424519546,0.726253355500341,0.7900665414364457,0.8116263190077971,0.7275980962251208,0.8525578589956204,0.8564205269769986,0.8023175436567693,0.7464522496914489,0.8570293188033112,0.8039069740286405,0.7859610609582851,0.8386390145636062,0.644966363170454,0.7369587444045499,0.8301692420879483,0.8675247360957828,0.6797824056978259,0.5934929280275308,0.6123337944572393,0.8680704781527945,0.7829934465001356,0.6075792051266061,0.7897648120269638,0.7341255773730364,0.7488739514049573,0.8849468502258904,0.6829421859504664,0.7301373736512591,0.8919932221717242,0.8664868358576426,0.8475710764572852,0.7484306309098064,0.8739247819175541,0.8270300743422058,0.695742922615361,0.7510960203067405,0.7448374192426758,0.7506425702932445,0.765174679914487,0.795618079474102,0.8838748812430832,0.7922411681086674,0.7776013719126875,0.726719322238077,0.6901625852164239,0.6809425848457223,0.8143998498719911,0.8339480239266794,0.9068397245087102,0.847043654798626,0.7499396038475948,0.6391839426357603,0.7136558289031547,0.6999877913378374,0.6890264792960952,0.9033029417645144,0.741261127384254,0.64960135608189,0.8298376483894219,0.6689020482095432,0.751334410414475,0.8391421130374536,0.7731700973240858,0.7723927086137352,0.6976194829146137,0.7822599664431624,0.7149762089760583,0.8323607526885457,0.6382041356320929,0.6692918098600585,0.6587968390264763,0.7327142745429371,0.812237755874739,0.7704961314666544,0.7359549453544943,0.87209789808504,0.8585000970759297,0.8005775973596648,0.7479953411401409,0.748221370725219,0.8745649837604836,0.8247291348501766,0.8372818545555776,0.895857732167251,0.8062697918553351,0.6199728587565813,0.8040039690789601,0.5464248981653962,0.8332106020987613,0.6941119003451912,0.8181203221078901,0.873343720180814,0.7909028307048567,0.8408004600899515,0.7784146082473701,0.7231186215492821,0.8603634511695409,0.7736329307915896,0.6306359077428357,0.7597395311367129,0.8186891328383459,0.8278744277252706
0.8125817747748287,0.8776247075454493,0.8586204011090077,0.8264952587250708,0.6601307663083676,0.8986809246993069,0.6948555680619819,0.0,0.785640874695701,0.8169099098664576,0.7814210744954273,0.8227051335679185,0.8908844979950798,0.7756642488956931,0.7156123407279154,0.9008127938360744,0.8662096566596691,0.7754111915375352,0.811774761402239,0.825805839544583,0.822284194678413,0.7713926436093435,0.7283513609484237,0.7435442145781685,0.8290585521857727,0.7560003439781575,0.7881229117088306,0.8497929996036786,0.7874196105847142,0.8018613724129422,0.774117768240715,0.8576910783426873,0.8551720030863916,0.791046104733489,0.7465170588138113,0.775311467136011,0.807581891512228,0.8205059511014248,0.7177049733927603,0.8104131312849373,0.7983572195454316,0.7580239001229528,0.7526125751148005,0.7303005567917047,0.8875154628054366,0.8614650854200286,0.7835495243719491,0.7386917573085119,0.7382780864675488,0.7904545599081262,0.8069342963543189,0.8640501750207632,0.7799296707904695,0.8243414992714503,0.7904352235636978,0.8268971698739539,0.8328629826604922,0.8938899303475211,0.7233658482063186,0.8514547514867611,0.9070961000210439,0.7713298821680812,0.8548172869296992,0.7116526918620832,0.7106569539603279,0.8105822403918086,0.7795133681411099,0.7466292779601209,0.7597417607245297,0.8779249724459838,0.7967267036037765,0.740807725004315,0.7504026610733358,0.8437801784613344,0.9083225903958709,0.7815371675241374,0.7810454478518397,0.7536026128508484,0.8456085086761677,0.7141613525178095,0.7826048990367906,0.7572375553411314,0.8369350276402534,0.8620152573884257,0.8201865875331165,0.9039558121948125,0.8491669003589668,0.743117411210133,0.8716218534100443,0.8077624995823839,0.7683497882251872,0.7656275798949416,0.7852048207329321,0.8197848849184581,0.765871077015049,0.7901738682221621,0.8322842844872311,0.8330235648216585,0.6801908602012738,0.8445646342906372,0.7259090234751504,0.8254567390754864,0.686912017237902,0.7615487891419394,0.8335575678476038,0.8926294794651475,0.8541353250360798,0.8242112539894922,0.8232038583302914,0.7881513900422462,0.7482306235037214,0.7161690396878366,0.8002507361547121,0.7979318393247369,0.8443067815444346,0.9016408036704073,0.8327439662308217,0.7045068012515656,0.7693066306103422,0.7424559878112073,0.7110029017417888,0.8698204655649492,0.783575758990633,0.8458806109666995,0.6822218604623036,0.8623056081304445,0.7526187389321722,0.841369652671055,0.8449788928100874,0.7605586820716472,0.8553047369510238,0.8941014001407502,0.8066429152232133,0.736320015534636,0.7317402584595976,0.6870042605913668,0.8031327510606331,0.7305509606176817,0.7822390255907682,0.7667943726815307,0.7731463668111656,0.778532894002357,0.8216995656936887,0.746841317623658,0.7483142515478166,0.706133144139695,0.7703336180044418,0.7929992677027698,0.8499027377018662,0.6873790855680417,0.7637978376102728,0.7601806145691655,0.7669546247373504,0.7800582362550885,0.8699263830546973,0.7961915249779391,0.8007570887531392,0.885453999513142,0.7302145768455022,0.7718638466807174,0.7163690663471857,0.7704920312367943,0.8608859515937518,0.7177377998650445
0.9104679060865608,0.8738149166467168,0.7339895665386224,0.7398053379696934,0.862972905156777,0.7205597358992677,0.7880761377479346,0.785640874695701,0.0,0.6830611411570893,0.8444244272803746,0.8405029201120897,0.7425937641900442,0.7913334623708831,0.8749657615569799,0.7623715975118786,0.7247036476051423,0.8371303640403667,0.814650074656061,0.9028329223195579,0.7980930066216952,0.8939028918845686,0.744062084211891,0.82861869895532,0.8194922356325329,0.7074991965933496,0.7502858563175934,0.6932738874890063,0.7975254667574532,0.8699305858676278,0.9276470176022948,0.7459552337595943,0.8497416902412304,0.6891978050012434,0.9131484536100233,0.8135612125581965,0.8385824241842581,0.8900758510583963,0.8589324521776533,0.7755902071393006,0.8452066542970685,0.7759922681491538,0.818271738237852,0.8718969552387522,0.8134323692075225,0.753994737287771,0.7766093905981544,0.8381799079759649,0.8221356778191503,0.8656872167142959,0.8078457151967736,0.7737904093601868,0.7772276716959896,0.8161368504775717,0.8207131546780163,0.7682185480625613,0.8585187154367371,0.8264213028978268,0.7566101200094565,0.801413514299062,0.7128869094434741,0.6994984255291139,0.7751982809806728,0.7981741320646937,0.8246163655435822,0.7201752707894531,0.7380492762709981,0.7892640766854593,0.7625286698454484,0.8319628247156463,0.8852406929212885,0.8524816657641527,0.7270478761881508,0.7333928601370755,0.746602732231718,0.7625383380971301,0.6756070564316027,0.7753620781990118,0.7654831966557304,0.6356216374930962,0.6650273251121971,0.8936284133134376,0.892351462718172,0.7113889247368141,0.7715728081094575,0.8879443441001422,0.7955081179580159,0.7974299635249488,0.7028745786975698,0.8367767465359827,0.8574020052475728,0.8556191456359961,0.8727449931397706,0.7987470130801634,0.8395485250374686,0.8857613678261118,0.7985317359117305,0.7426441475486503,0.7885799422922297,0.6887756549514762,0.8319374170616364,0.7003633647631152,0.7129410591648091,0.8054949535690922,0.8450757789966878,0.7254499349247201,0.6530941919005815,0.695020648469629,0.7697720131757023,0.7835347473909644,0.7662027169421636,0.836312440988901,0.6990749629631942,0.7217725601341585,0.7800991811011253,0.76172319721027,0.7317787172248195,0.8338614272418613,0.6457284534579232,0.7078976927526045,0.899504193259217,0.7383426205215654,0.7747582547265516,0.8446220499199483,0.8984559528062184,0.8153323231457454,0.6553117422102339,0.8073228063075663,0.715442750023308,0.8528671194510974,0.7762696180612723,0.7352326995804149,0.7578110581621426,0.8885325896861194,0.8565539846202537,0.8514129977706537,0.8601572306725637,0.8753445955510287,0.8239430653190364,0.8965152434365261,0.7998229725634106,0.7815261786593958,0.8448581724031816,0.8384342339133833,0.8521724402823256,0.75375742235912,0.9514571193400982,0.6440510652865946,0.8381527548164003,0.6232624863820584,0.8955010124111311,0.7952691399330938,0.8621117782133375,0.7409032336728841,0.7945632210412418,0.877807660844667,0.7898164886383429,0.7010354045520362,0.86621279069182,0.6838634313611262,0.6107002398216741,0.8855912898590114,0.9125817656362516,0.9068292798311788
0.7752267989575107,0.8059303364431122,0.8952785338765419,0.7706121969048422,0.6423842330872914,0.8317175596132828,0.7519445513536841,0.8169099098664576,0.6830611411570893,0.0,0.7377763330684631,0.718191732176436,0.9006166021595231,0.753459875334123,0.675158946561715,0.8527210912710131,0.8455169398116853,0.7902896034650839,0.7184502575850711,0.7408937031715414,0.7680964752775916,0.7430486933087408,0.7688813419803813,0.704883280649423,0.86899107964107,0.7224669865813079,0.767573736848257,0.824745203570842,0.7905525254813721,0.7435807872865391,0.6778016684893235,0.8750877298503832,0.7531908717781666,0.7361247918078094,0.6858682531465962,0.687398657206699,0.7969078044721676,0.70120872939123,0.6056491199498679,0.8296286324502256,0.6842622850513851,0.7938707990607734,0.7314786431349878,0.681399901933329,0.802633837829972,0.8155043178018535,0.8111403090493671,0.7113918792329538,0.7758315417774743,0.7203496394990501,0.7786430877031959,0.7811545774759374,0.7256380674458416,0.747488002136442,0.7413321521010127,0.8123421546598354,0.7422614262465246,0.7599490997786716,0.8017870002969565,0.7530909912237935,0.8068456602670098,0.7048590646920945,0.7776035498165855,0.6720883469614235,0.6829756585843257,0.7789362976076051,0.7739660715217036,0.8088685419333353,0.8211624642553107,0.8069671531065302,0.7399581299034211,0.6930752630998684,0.7481893746636289,0.8552470752376718,0.8011513305273142,0.7840643624099704,0.7884704643467183,0.7652939434721397,0.7077484165812963,0.6938383173169721,0.7871396922909947,0.6801159496372836,0.7968462525323535,0.7528169631966115,0.7438569455595115,0.7497753343323168,0.750086243205367,0.7609546603898616,0.8402435614790764,0.6800487461167783,0.7379778306661465,0.7106366260004945,0.7361887905260867,0.7439127142475747,0.7414473951343524,0.7567829632847871,0.6837923285453704,0.7870242262390645,0.6215153458657763,0.8317357642058821,0.6530495540026534,0.7783679422137382,0.6996157593775935,0.7688398972132758,0.7338516227547582,0.831607710025909,0.8036384451432865,0.8427221080317434,0.821357462388431,0.7976713391691621,0.7312529549199704,0.6466583535825139,0.8152927583904132,0.7070023140508448,0.746668721356956,0.8087747867117946,0.8170400194054781,0.7329471839595503,0.8273336836780121,0.6788405927834154,0.6370404087506345,0.7047111339981156,0.7292655430051314,0.8010274394944975,0.6252312031183118,0.8004642936633627,0.7221224466301285,0.7189891312207142,0.7891163090386837,0.7335102353612682,0.7973146259339231,0.7941171681370491,0.6860840680435835,0.6037084261453783,0.6561423143168869,0.6537153148112286,0.7338359137919367,0.6825818553673356,0.759412592153752,0.6687056316187433,0.7580170529150871,0.7340262663194663,0.7730470378382449,0.6795771807771898,0.6929306340172693,0.7346714310459808,0.6561775581115724,0.807603606808112,0.8581858633622377,0.6010971935857877,0.6605041471563229,0.7352321005351676,0.6824813270933473,0.8570736772793195,0.8053181529793235,0.7353495652353758,0.7758229525578059,0.8780759444481634,0.7022112042773018,0.7975406945373787,0.8189038700616262,0.7092459430540032,0.784994528668129,0.6496350190437129
0.8779074737464506,0.8354194132482174,0.8167698048750419,0.8572249258882279,0.8538856904305473,0.7399093384796196,0.8317944071564342,0.7814210744954273,0.8444244272803746,0.7377763330684631,0.0,0.8787015430984687,0.7994894143654758,0.7777358020061873,0.80682026600915,0.8486310651046147,0.8051846985540625,0.8145236184086522,0.8366561192863298,0.8768967966116991,0.8758558121142171,0.9134420609606967,0.827118997548598,0.8767571615726527,0.8923368422502654,0.7995054287494442,0.7997788126429579,0.7923229247224682,0.8290658011576586,0.8083009256480709,0.8244053105931308,0.783614737980293,0.8085675285989377,0.7654183140650989,0.8634133502462603,0.7958690850082158,0.8940364958946918,0.8424460259225088,0.8351392529275412,0.8532273572326411,0.785063436501139,0.8424684888966925,0.8069307319182262,0.8751978326235019,0.8333944109346328,0.7285992710417823,0.7104613412488614,0.9165085093409234,0.8890747655334401,0.8218201222303083,0.8327939395236486,0.783266381109397,0.699944318089576,0.872494166790087,0.8794140712956114,0.7250465745510866,0.8494593500300371,0.879144839268867,0.7924236529825641,0.7697251577323829,0.7814256257609626,0.6489705750397683,0.7728800542452348,0.7853551892143015,0.7603677701921223,0.7191819372489308,0.8235097079222223,0.7795289413193883,0.795762852301528,0.8654583931098934,0.8336019934144312,0.7876249539330719,0.8129538748776513,0.8257141593985383,0.7566870312397707,0.7085402212157377,0.8111113288279693,0.8289878609695233,0.7216239448091989,0.6573974256681122,0.6538499520443013,0.8372825487997902,0.8074983531379453,0.706313601358729,0.820388752148089,0.8251101522689159,0.8725132585559773,0.7756438597009521,0.6804204814664943,0.7742343168935026,0.8774698137959515,0.7808945151217447,0.845036994512704,0.7750382994177092,0.8583896948236733,0.8414738477948652,0.7377264023906872,0.7528189897649823,0.7316340985754091,0.7105846022069484,0.7915937270935429,0.7919059741358001,0.7545364458475853,0.7759107059724042,0.7938945565683395,0.7281076841840273,0.6930681062825719,0.7797916088443084,0.7428558612032036,0.874396285293211,0.8905127575211749,0.8412856161520695,0.7697406687293586,0.7734038822249053,0.7381329168311817,0.777348472736026,0.7106421617375229,0.8744585861236831,0.7766964572689127,0.6903575158175197,0.8505982214106542,0.7088993098635514,0.8268855163417335,0.8315138294132168,0.8223037322288399,0.8177119059312671,0.664925800902589,0.7899864643936629,0.7689535422854271,0.7888132740873574,0.7100128363118255,0.7790620476524132,0.7900941117828904,0.8350602732645654,0.8872049112609248,0.7589279781274274,0.7824377753328083,0.8298838004132983,0.893945888758943,0.8170827703819836,0.7575366628459441,0.7867569624487883,0.8249152487679694,0.836931970358327,0.8891427512974349,0.7784881597429361,0.8407969329319553,0.6164691484176245,0.8502727658788315,0.6231032887961373,0.8890648143115268,0.7174256556394476,0.9045660565361046,0.7474004135185727,0.8549908902726576,0.8749621998773337,0.8905490634179635,0.7585792047433582,0.8674933499797326,0.7571735884052917,0.5997617274373033,0.8190715992462148,0.8123953303111054,0.9337839676646823
0.8163029396910392,0.8751854093104493,0.772800264906177,0.828871128291123,0.8146993894426693,0.752371237781288,0.8086478601754679,0.8227051335679185,0.8405029201120897,0.718191732176436,0.8787015430984687,0.0,0.7456765310379481,0.7386593253849771,0.7986190900520033,0.8195584463410501,0.7719406909666772,0.734845321137131,0.8698229840087512,0.8550164024621272,0.8634920793379792,0.8412258537819827,0.8224352146604428,0.8728231115938516,0.8547428064040423,0.7703813815627214,0.7729025269335715,0.7512842614291461,0.8173530963655781,0.8272784539069516,0.8715959525753095,0.7688818670542322,0.8392946753094368,0.8307666995155494,0.8396201620210284,0.833750250589593,0.827629569790351,0.8218989904848437,0.8907062963134719,0.8108114711220434,0.8353411253167642,0.7871591666874069,0.7690504705255925,0.85506203285868,0.863620370335142,0.7467450151029552,0.73407751949892,0.8411953652487472,0.8329167245524989,0.8122980127183749,0.807138312558997,0.7903638185372319,0.6979701362643254,0.8753153618954445,0.8702402367123973,0.7603648403954827,0.8324030056795655,0.9062833401259709,0.7212838233359979,0.8073036150664226,0.750980684036016,0.6727140864661584,0.7333244358811466,0.7795926960807817,0.7274721532442393,0.6920451074336312,0.7711683494362613,0.7073924255409179,0.6936178174273596,0.7801735535634738,0.7947102289094197,0.770408019521915,0.7280244448477703,0.7748281761693988,0.7378787037482487,0.700320042304262,0.7622601684998892,0.8391216086243675,0.7540393041696954,0.6423674106501454,0.6311391550726841,0.8267930741888169,0.823287005759743,0.6928243160823648,0.8067146003050253,0.8635167363380575,0.8033440059030366,0.7316022712332375,0.7019118769415448,0.856150923934365,0.8197992280739648,0.8414399452034128,0.8368588225927407,0.7690224477812949,0.783020279548036,0.859263490321356,0.7657961839654679,0.8211942111814129,0.744731593907561,0.7241918135564295,0.793150548428269,0.7649489742246378,0.7363781620920774,0.8110708627089926,0.7866693277095335,0.7541173818536399,0.7106983549085905,0.7663716528199177,0.7554310075625799,0.8588105071856934,0.8824161494062116,0.8256618392285647,0.7045980433204907,0.7428445960951856,0.7421683726583377,0.7891542355761323,0.7182844032490475,0.8161720653164833,0.7240532285108293,0.6942387084476972,0.8313882640064566,0.726760892951888,0.8053477683345651,0.8387738103839417,0.7737558622137369,0.8514460519204587,0.6762976389722221,0.8707013242167401,0.8049677900948644,0.7534529774899397,0.7360876377334528,0.7511943385015621,0.7428896763868713,0.8482906058143893,0.8570428797688455,0.7226451200969352,0.8146479514627601,0.8218854781927611,0.8472766165684296,0.8537519048669793,0.7099084773273846,0.7802216573371802,0.8384189296607932,0.8175125427869943,0.8680081801614884,0.7621526536294486,0.8870713127649796,0.6314824248120258,0.8513548898282607,0.6648571286106144,0.8698473960486398,0.7082653552770748,0.8755292022958449,0.7684801345192137,0.9122340204749916,0.8275992576879444,0.8048912231293103,0.7842337670548101,0.800121169709328,0.7091960863883108,0.5711321298722635,0.7951901095591707,0.8575224167102548,0.854889168343273
