0,1,2,3,4,5,6,7,8,9,10,11,12,13,14,15,16,17,18,19,20,21,22,23,24,25,26,27,28,29,30,31,32,33,34,35,36,37,38,39,40,41,42,43,44,45,46,47,48,49,50,51,52,53,54,55,56,57,58,59,60,61,62,63,64,65,66,67,68,69,70,71,72,73,74,75,76,77,78,79,80,81,82,83,84,85,86,87,88,89,90,91,92,93,94,95,96,97,98,99,100,101,102,103,104,105,106,107,108,109,110,111,112,113,114,115,116,117,118,119,120,121,122,123,124,125,126,127,128,129,130,131,132,133,134,135,136,137,138,139,140,141,142,143,144,145,146,147,148,149,150,151,152,153,154,155,156,157,158,159,160,161,162,163
0.0,0.30610277279740256,0.2723075576584179,0.27348267196717974,0.312769816805735,0.2772112558891774,0.2884158317252298,0.32778880256814885,0.3712635197294432,0.2806403892910268,0.3376963478818129,0.2860734412197419,0.381420104473244,0.2797666583680666,0.29636063124159895,0.3225393825015369,0.3399627263091164,0.44616827457641406,0.30149671036702064,0.4319952309293701,0.3487253760137542,0.3124336567654764,0.3090927166475229,0.31205910470980996,0.3677251586536075,0.28460735492365535,0.26082088043787177,0.30715309668102586,0.23966502301688683,0.29321539135670277,0.34099255510942583,0.32129375614804967,0.2609635763744483,0.28089415019062597,0.3879810483580853,0.28808000434811964,0.42219088052100495,0.3523194009442796,0.2689145952000055,0.355759416881737,0.28421657696956804,0.332561217816669,0.3627082710679636,0.33412690724569405,0.32250137536882145,0.3749384532204169,0.30918914800681785,0.3365901290282043,0.3880288716701946,0.38038136798735894,0.39351387437906826,0.3415490330838146,0.3176684642676103,0.29040277395262004,0.28674562475831894,0.3183819864921203,0.46535780609450766,0.31379316062118606,0.32454377174552623,0.3260211111151793,0.30319365730528336,0.24445208998688614,0.3667540757553591,0.2639691418499104,0.3290586795091968,0.3627917439091619,0.3218769911935851,0.3344270494218215,0.29394837391692064,0.3702020868852014,0.45144066526815935,0.3332051365490118,0.34617881741554735,0.3499364643622154,0.3300841982898721,0.35906387812554064,0.2756896904521056,0.29045047642400446,0.33037850674504193,0.2647715538707047,0.30194609087711366,0.38933295955981556,0.3281307979871436,0.29793413324186074,0.353128061229519,0.36593877337489755,0.35815556683858696,0.37986940841328565,0.34873444428425293,0.29233110688858144,0.4055393062848161,0.31077286297951123,0.34857192328434583,0.37777765542147274,0.3713640364969326,0.2796138748789813,0.2491534075426143,0.27905407661744996,0.2653966867452146,0.3357509102093201,0.28171473173178213,0.2894619963436882,0.29538891412564,0.25196192658716926,0.3835255912614199,0.3233537582674682,0.30371289195976053,0.32964522143426045,0.33213513252459964,0.32861791269958385,0.3240549258776788,0.3848509600149835,0.344900168058253,0.2880417821086676,0.33784422388771024,0.33894449518054925,0.35297685107531845,0.3036072424502658,0.26764789844343906,0.2718690584894674,0.328121073515126,0.28265154302680506,0.3476465275566382,0.38485320676040075,0.32048999814028484,0.27206325865770375,0.2530810586573722,0.2593948597611113,0.2560898537700952,0.3307599162821058,0.27488819954036386,0.29222360511381384,0.2876644212521229,0.3363778517418515,0.3113065220348014,0.30555658877935565,0.3365731441228374,0.3304635546221053,0.2945642358729981,0.37431047674379875,0.2614397937285661,0.281875104704312,0.39238704434196975,0.2946414661087779,0.34298894120290585,0.34916939901916,0.332967262447121,0.26621976555964194,0.3473813805950351,0.18665727093222706,0.4549838531409531,0.3212557955998316,0.34887573987295184,0.242229472885926,0.3131197081711209,0.37462575003939874,0.29526815568204406,0.3059377073882339,0.2984156193743042,0.3214046930493284,0.26737158617461837,0.39753416428994254,0.2597088263062281,0.4620589154880107
0.30610277279740256,0.0,0.321345917934401,0.2977603384238988,0.259959068851839,0.38152551044259153,0.28997794095451296,0.4126155895076722,0.2838076171853831,0.3754974251528003,0.34613531283375454,0.3459390710309436,0.34516883543400795,0.31317396451071855,0.3096778947978545,0.3193354358590454,0.30491153095102885,0.2903410708228251,0.3067206845057998,0.30599862685607865,0.31992445987099777,0.37916377480853186,0.2874489810687338,0.2960384344113119,0.3576177002009431,0.26841354732698797,0.26790110147288304,0.2858836659020981,0.371336765901972,0.25625260270654354,0.3634361720544581,0.33115843363234654,0.35392000157421527,0.2665496055807986,0.3139615505663831,0.33314114407386697,0.339457141023026,0.3282320393436166,0.32212669305293073,0.305907109019818,0.34854593116426946,0.29514829917797697,0.2548370683395305,0.2951100915479882,0.40541721727413366,0.29455808777248266,0.29369860081118404,0.3058119589412227,0.3104053820126271,0.29835506086434793,0.3219726904455189,0.2938582824930148,0.32130143708553394,0.4158796220522882,0.37235669182270864,0.33368565789768057,0.3036339628731527,0.3154616161208471,0.31524914273785365,0.33437109638903595,0.3809879399009748,0.22509002811632528,0.2867274017077938,0.24236504526784192,0.24376102402172897,0.2619016342972506,0.31240760016994373,0.2919671409668915,0.26884563252261234,0.34317543041660015,0.30331170099031773,0.29429960830429547,0.260287281926994,0.33473739206824593,0.3413751946558831,0.28448413911366205,0.27710479238605357,0.36828891755543797,0.28403885828345204,0.24289696510651934,0.2802760236927373,0.2925516860520642,0.3850099254194111,0.3094456884020822,0.27783753901155556,0.41113871494398957,0.30366810655057513,0.2731672051023566,0.30125441664577823,0.33912752768257126,0.28234523988486876,0.3058454326350725,0.35680564791771885,0.29547392699103475,0.31062015189161324,0.39012535101860557,0.28805406231329966,0.29824386295980104,0.2253939492124972,0.33010331714716823,0.29938296788047913,0.26676458263177044,0.2283774226705149,0.27863914389800215,0.30071498811039993,0.2896519696251304,0.27746395451436984,0.3366627339587823,0.32670883971631653,0.3591780649418439,0.2936589843363018,0.26868029483663775,0.30738625851518186,0.27312339164463856,0.3344786819015458,0.3653620841639162,0.3066985950899737,0.24574273371879254,0.2871400276747073,0.2603441069415105,0.2804770741604353,0.2858373296258481,0.2881235530959041,0.36413273295530596,0.2696030075097905,0.41821451236156204,0.24894949165837216,0.3528398380922628,0.35055657302847,0.2982023371943239,0.3034082988222747,0.28140236716800865,0.27662500056856454,0.31473986891633066,0.3077837930852932,0.2494281552037017,0.3027967853547845,0.30904269607373636,0.30555652824860674,0.2943640294784558,0.3060813138091706,0.3119118171271711,0.36750767451512484,0.30013440690815546,0.34406932822486364,0.2672423288100927,0.3335493821644804,0.30607739625699776,0.3714653188820255,0.20304147926831403,0.2836730846000267,0.34286089390379143,0.27965740774977715,0.30550949639514857,0.31269089767415914,0.33291172695874544,0.29022315315173636,0.3380408403397468,0.27650962200067825,0.27107672281920103,0.2908131424163469,0.33705741940589606,0.23743744664050306,0.29018625105069656
0.2723075576584179,0.321345917934401,0.0,0.2622464544186601,0.28080274923476,0.2899756167786678,0.2516460402205335,0.342272205888293,0.23820489397795214,0.4134735667737761,0.3323997505556507,0.27814082128670414,0.3357730916046346,0.24270859232103548,0.25333977140535513,0.3580960496700851,0.3383716751640464,0.297204881814931,0.25251951395272143,0.24295141569152406,0.34552665656064974,0.3931520520504588,0.2606165399253988,0.2718359084820252,0.3082135402788218,0.2676409315280533,0.24564701027905822,0.27427825228935404,0.2708204065613349,0.25088454526905674,0.23680284075435984,0.294659162348752,0.23388025474834792,0.2227081952695209,0.23080344958176693,0.2578169387289829,0.30152465842316634,0.2723836235676154,0.24940128511255122,0.2915218254479736,0.25996230146531724,0.3290489067948304,0.26323916578881273,0.24889598522920128,0.2943907376012492,0.2739626723519059,0.2659617813068111,0.2890118264576709,0.28761997976909576,0.2538965880989082,0.2828340945441962,0.27848725393962126,0.22830867130613416,0.30599536291323043,0.28026279289064937,0.2613620897030217,0.2585589039638635,0.3100782878716743,0.28847083355059716,0.251846936183791,0.30509726271895965,0.20494612523024122,0.29436413371025,0.22347904680447492,0.22532752042135573,0.2522925290600588,0.2626958947549419,0.30191841571284755,0.3029536633105809,0.33375208630124126,0.28727170643065014,0.2241579827972717,0.258795955515977,0.38817195370737334,0.31848902254357947,0.21644414175133578,0.2985340239400623,0.3006950695965853,0.23814208959524574,0.21201568128870077,0.2900022061470591,0.26415869748259585,0.3093857875599998,0.27679737607260885,0.2534460969624859,0.3171356749908377,0.26079695045126505,0.2266034236869043,0.25732837269636666,0.23527589199929994,0.2808434977937425,0.21732403348552295,0.2776195956600814,0.21924536440443754,0.2779707750690322,0.271925060124798,0.2204883325529072,0.2588451993989786,0.19296439599503976,0.2707932174721211,0.2076568806317021,0.2902537641402477,0.21341287382691093,0.2784146616165509,0.24705116049825862,0.2996674974286058,0.27348778405001095,0.30967517329006333,0.2796520847545879,0.3413654199939521,0.26581313851735766,0.23537324577812296,0.2605484172358232,0.2506749474678004,0.23782261551421333,0.3095896479306512,0.24232756129838337,0.2873061281637921,0.3066998650079864,0.23941412914240057,0.247851153882282,0.24147449820908032,0.2339646761269512,0.2942596474127046,0.2014550206213398,0.30711683726095634,0.22844947106668362,0.2692391314704565,0.30380019442157935,0.26056084849101707,0.27008816877503306,0.3448331075071813,0.21634979838000296,0.21887752400665386,0.2775014562853673,0.21944037677909797,0.23085081248476835,0.23225077968556096,0.2815530580368987,0.25708759841474305,0.23141347300795959,0.2559984142137452,0.27415031857220795,0.26657294048124236,0.27536964080734944,0.22060635295733483,0.2844416460777624,0.2961091604097065,0.3511422173627118,0.20204438311920606,0.2248415985057716,0.23509600302481548,0.27095298530217804,0.3164612735791944,0.3037491022204392,0.28007905138893874,0.2767797750345653,0.3283877340383082,0.19646566417162,0.24611031629323962,0.31598303443813747,0.21999733102537203,0.24668819951821835,0.2822852343763153
0.27348267196717974,0.2977603384238988,0.2622464544186601,0.0,0.25851700431869007,0.26363831203727534,0.33954585759101363,0.3050271393949416,0.2327263742153552,0.28960228193492854,0.29873656087618167,0.26942622760025575,0.29550566367515246,0.2722401238251564,0.30639390842627523,0.2594322493170719,0.2972815299834676,0.29551558903924646,0.27565723907907436,0.24546912329015202,0.3177066037416117,0.26654448786238977,0.3126227151921261,0.26865224262334103,0.30015554671527744,0.29666257046910866,0.28181701029358647,0.28414867528812404,0.26311221794008516,0.2207031635630036,0.26153381035144796,0.25867984208120254,0.3917793912714007,0.2653542500074789,0.26961143368964435,0.2692667042693057,0.30238266858419677,0.2752457717850382,0.25638688723558806,0.3600562804134055,0.3175059566177401,0.29067140562125654,0.25621853477331247,0.29745473220378454,0.28973193837886796,0.3074384897912239,0.2223434467037024,0.25871994063268944,0.303866654630136,0.26440605034775994,0.3619316138424118,0.31612534336772924,0.28196738246371467,0.37013732165320007,0.28814741021713197,0.26433175578463053,0.30580162293191326,0.29399187435177115,0.31264730707373545,0.3010478399563651,0.3344344218611135,0.22192396768320474,0.3094236795179685,0.20899114027007912,0.2609453980012294,0.2893532225822128,0.3468985664050329,0.2554959304584497,0.26203255093173294,0.3112896944145979,0.27837985053935044,0.2594592246725171,0.27249578223186127,0.3985860450997702,0.281801419199212,0.24833557804494083,0.33307031106149954,0.3281399700579014,0.2703630380343246,0.22356241904331103,0.2766078824807304,0.3090130001451305,0.2803002604121669,0.2622787521540121,0.31359254318963425,0.2879910698951101,0.31596343854470477,0.28752293207315255,0.284812093099718,0.25561641801332513,0.30907744873091625,0.28662760946290067,0.27071719693494095,0.26120821040352254,0.32844641551210935,0.2698303117895693,0.22986746146260337,0.28404706261159085,0.2157132214425512,0.3128825294655136,0.25051145831361227,0.2972097086095867,0.3144561673998883,0.26676958851645727,0.2730503181939721,0.2699271431670194,0.28328750578807643,0.2795671129263401,0.3221574404937451,0.2761125718482707,0.33084272193007763,0.27344146715122075,0.3218552201210975,0.29411496188177055,0.2883944088579506,0.2911706112784457,0.3016630767202946,0.21568377924332108,0.303696869975938,0.26901596883603596,0.2574848798215527,0.32698530307168217,0.2585815543501703,0.3299519719743891,0.2278277925440729,0.2806316754950653,0.2531201428840589,0.25975326037471963,0.28444718739613906,0.3072352332680675,0.23106385556742604,0.2755442803072609,0.27433665672714586,0.2687631420469011,0.25667796317769026,0.22920551235325606,0.2073181610279511,0.2967454518113658,0.28349390992658896,0.2879450280674539,0.3610042663810122,0.245027600290397,0.3512844336798596,0.27332757129705065,0.281122290527547,0.25986665182618235,0.264626530301732,0.2843174663713732,0.25022936443007987,0.17545059293649934,0.2982596528744289,0.30890716353746445,0.2823665057438401,0.260941127258633,0.3241932820618587,0.2994572640005936,0.2814792051591609,0.3196573668575924,0.3587645538062168,0.277112871126101,0.3087763086085311,0.27486822541132355,0.28171139918381016,0.2874122105113008
0.312769816805735,0.259959068851839,0.28080274923476,0.25851700431869007,0.0,0.22795509364676939,0.3174026521770453,0.2638462406274592,0.27539282549834443,0.2590312979623039,0.3194623354204114,0.24859360733020952,0.2588501649592105,0.24278627450047777,0.3284696244336414,0.27651785927677774,0.2831988128578784,0.32072190962529795,0.24422747114455667,0.2647102655379987,0.31809659078664965,0.32219844972585576,0.2975658779878605,0.2808675399503969,0.2756441184950739,0.25788621235436154,0.24551991387749472,0.2374836407976888,0.22055933598579106,0.2762002667377451,0.3019609999513546,0.2368463912711313,0.24531026345293536,0.2242211067876132,0.3335491346256219,0.2826166622190833,0.31466774597048597,0.2868217332386901,0.2922985798819207,0.26845231482561915,0.26989003349293106,0.3238253291450717,0.3126953795631872,0.3242356182196861,0.24985013959701838,0.2569842689859144,0.2740436516421241,0.3230135343496261,0.3239357984628582,0.3033721028414954,0.3225805170838344,0.2539656310089004,0.2548408781353514,0.27421548250866035,0.2688746354984605,0.23740039498319548,0.2667962137029884,0.31165292657386656,0.2848837907839056,0.25015957367159775,0.23324459926267577,0.203133112492403,0.27792208988678807,0.24560511054576153,0.28012101423785457,0.22864459822054625,0.2500962844912675,0.2979393696876854,0.2714410449136564,0.32835070364919794,0.307382848489452,0.26542800658760346,0.2397816814296996,0.3019217307746666,0.25171015643940187,0.22338240038006896,0.269457843549938,0.3468308176048599,0.24021160964253072,0.20830953335000227,0.25383711332141384,0.3201599693688114,0.3111874029994288,0.22301192158090163,0.2497127377529283,0.267706705352229,0.2736809888322026,0.27362784538141705,0.2350380543539609,0.23256709989950414,0.3901079042987734,0.276244512982089,0.32833387343110865,0.21955249354571685,0.2891465484232345,0.2564940862855452,0.2056629790332721,0.2295668309851602,0.23525757562281047,0.232336592552723,0.24227334260196173,0.2553123122267404,0.25450590424101516,0.23345754189496992,0.26166599668164764,0.2572317086574189,0.23557039312279407,0.2814841900133032,0.28379755652838834,0.27722308163514103,0.28296470769273313,0.2872889799284982,0.2471799208789469,0.2689296216708429,0.2403147279305919,0.2538881849974614,0.238421378256823,0.2750440269423899,0.23216165986748608,0.24404262443063654,0.3405284868307728,0.25025527522314395,0.22849910638360216,0.3250640623666921,0.25717599422646775,0.23987241809664575,0.2132113937368065,0.2574003341694273,0.22485022290067205,0.27930797395857415,0.2350159056935827,0.2618590074744126,0.21491873105549705,0.2656326991931725,0.28368271364609227,0.27759285003023554,0.24101507027097985,0.3156248704559402,0.26555130088159895,0.32190785830419133,0.23460294657128256,0.2501019030820546,0.29837509080032365,0.278885981997529,0.3005544385571917,0.26393620459741984,0.3353280769579219,0.25691765368887726,0.25296167648313594,0.17462466080433484,0.28107986334859286,0.2610866752897066,0.3165839672625009,0.25152334037725793,0.2854759238135414,0.31079324057979935,0.23976735041042085,0.2975852492477607,0.23925119085372518,0.23581780050466938,0.24861486496955382,0.25614087747120673,0.24474686496528056,0.37861673362549597
0.2772112558891774,0.38152551044259153,0.2899756167786678,0.26363831203727534,0.22795509364676939,0.0,0.24252163272666077,0.35310027661090343,0.26048322995426665,0.30114565582429526,0.28650030981623653,0.3217518977332523,0.3301879506178189,0.23232562740529233,0.24626729450319854,0.3275753940389725,0.30599556936615074,0.22322113342028357,0.30181407120464915,0.27285344983370363,0.31231042298107065,0.2782205897182998,0.2166819417835486,0.2315577149876147,0.3280199475642946,0.23422632950725786,0.21928928742714324,0.26118622173867434,0.2738688881334961,0.25293100842264976,0.3045404634104993,0.37655332838810757,0.2901312108803128,0.25604250162730735,0.264211453120824,0.2658717568600592,0.2939258813351454,0.2693236576647018,0.2575296212791061,0.2389514130050671,0.28094172339335516,0.31447442642905227,0.24576519230044647,0.30340976241248246,0.2797076000259192,0.24592615226347728,0.2670428512482772,0.27272598856334807,0.2338742615549994,0.2664099386217502,0.2807935444045134,0.3256734910873274,0.2584412710269053,0.32204366918391697,0.2766947725203107,0.3587856151152473,0.2682269722802208,0.38132132397182095,0.23317729392357342,0.25013296916910227,0.36198753503215536,0.2437119303783757,0.31233133053872,0.20870675447237438,0.22654334435725543,0.24940782077860058,0.2572008813293487,0.2682301645869732,0.22187904638831712,0.29758469369903773,0.2765923313696023,0.2267489716050298,0.2750769772612975,0.28983451006954086,0.35455214505619403,0.2577617688221016,0.26423755270790406,0.2887470672255126,0.23874636406441047,0.30881276401569496,0.35292385165646045,0.2638492269045155,0.3003822116341257,0.3028844053330642,0.282756653375462,0.2986866954052286,0.33131284800075284,0.2398199886877167,0.30272331699660604,0.2677732656951566,0.2681150598948719,0.3134250608618409,0.2930162678089735,0.2569098294974312,0.2566138691041989,0.32871423561323876,0.27775696499441166,0.3452695207344331,0.21474715927189486,0.2865230274108511,0.23384347236365974,0.26592052144812467,0.23425242800332996,0.24596382336020495,0.2837312149606366,0.2952841330905186,0.30230812480447733,0.31516470645038097,0.252197155694694,0.30908192440955407,0.29444545858833565,0.24091630261925195,0.3488103447694826,0.2839557705942582,0.2554061321951021,0.31041211672540053,0.32250975624863476,0.21493471861098878,0.35064101213151827,0.2640369296030044,0.23988225179654146,0.2995711430774426,0.29497688319844695,0.30561450522348765,0.2661166367567182,0.31367467523110376,0.27466782187602173,0.26326499855081803,0.3092292222742509,0.22571433642004124,0.32701291290856993,0.3617629283142349,0.2562993549353929,0.2817326165378561,0.260317097336283,0.2296864842981262,0.26574621727760195,0.22853580405683205,0.2251317129480933,0.2531684986698881,0.25834008941202846,0.31078031435667275,0.287228350087889,0.27914031169649844,0.2931532096225779,0.24928856147830786,0.29811423386570113,0.2980700077403603,0.30403853931648206,0.22144509570788506,0.25634326439374494,0.29968252907142096,0.2248057258013256,0.24431874959470043,0.33487630352821923,0.27064284213806666,0.2437389220010917,0.35484243490243017,0.23208320448312306,0.28689614442951883,0.2589232166633414,0.3182367335729931,0.24668004808734997,0.25592136814127664
0.2884158317252298,0.28997794095451296,0.2516460402205335,0.33954585759101363,0.3174026521770453,0.24252163272666077,0.0,0.258814916996813,0.24434013717491115,0.2735356298856783,0.3093511472178401,0.30821014074760145,0.28444358086315075,0.2580077908247388,0.380981160191717,0.2409075439357984,0.25211323059347684,0.2995256643565833,0.2894368925002092,0.23826563281941254,0.2929904617563115,0.31333248673658615,0.3721942832502104,0.32943488924876635,0.30595931408198696,0.2820144843621918,0.26329461906360363,0.2505708121382005,0.2529281178269697,0.260424121538645,0.2945830866285248,0.2599036779912437,0.3318291631481954,0.270854296124916,0.26320571460550474,0.2603729816076642,0.3529307013325043,0.2518364147461866,0.2850716204616973,0.32621808969834676,0.32302862780322145,0.28157964432877913,0.29907107907537445,0.3169280894277001,0.3002871327568504,0.2869478569777154,0.2717079828202054,0.27990328781259716,0.41413777379540173,0.25736655335824743,0.35783855557785643,0.26079612596275636,0.24571700594770324,0.34492233058200955,0.32548374142448194,0.25108530838429577,0.27250389593162966,0.2735794386562081,0.3244197747113227,0.26388528474624373,0.2512435757525923,0.20761053994307543,0.2542840547110876,0.21954912551335856,0.25478030665606133,0.23518570033862496,0.3129810973105614,0.33232860136610654,0.2575466504728603,0.2864634487844609,0.3113270665443458,0.24765614540563452,0.22537322626076645,0.33800437632721847,0.21898019552375547,0.2591025982713634,0.3484280888894297,0.34871073128983215,0.24263349008790555,0.21326208840089772,0.25300548905199577,0.3144954332506525,0.3160629657730821,0.21264465791278753,0.24023013272759594,0.269812707831448,0.26429962619071445,0.2957961822163974,0.2603934556006624,0.25661060100729316,0.31944190051453314,0.34262304797706633,0.30023518409794603,0.2519099648848895,0.2830294877477933,0.32030249100515135,0.2146047469168705,0.26748144376461336,0.21620441054716263,0.28148396638205525,0.2660870684410577,0.2831639709506448,0.2959126109918767,0.26387593600987364,0.2409061063154424,0.25914637226432835,0.23727076137025024,0.25679831758701194,0.33021731528959347,0.2993993031642486,0.3804122601696293,0.26087816061631225,0.255989334251875,0.2344577234174573,0.2500983354616862,0.2597222346308201,0.25125112558691237,0.26968681828471586,0.25146884595143,0.22243908970636908,0.2569638781466597,0.2576899175107945,0.22189553755335079,0.36698930013264597,0.22287073857004086,0.3085662747074431,0.21228386152722878,0.29690181904282675,0.23235620669614102,0.30063330065631005,0.21304334780312287,0.22629651621072647,0.2257173623466666,0.24390335911999395,0.25357286463966394,0.2497781898728353,0.24983784318675664,0.3057904558024716,0.279546584954179,0.32699636987875697,0.31159341281686764,0.2311028627448069,0.31461937818437713,0.25580615757609965,0.29704467563509834,0.30519458680413675,0.2980718911969513,0.2911685923767165,0.24630606597554106,0.15646593180041182,0.28943575488209355,0.29027090432582137,0.28028779668627,0.2942127983148411,0.32780039909848024,0.33261527317591993,0.30172286067940574,0.32815855489035217,0.30921894397584343,0.2709758470460751,0.27493058339194093,0.25441935462328913,0.2523525939225479,0.3060205205909856
0.32778880256814885,0.4126155895076722,0.342272205888293,0.3050271393949416,0.2638462406274592,0.35310027661090343,0.258814916996813,0.0,0.3175854423522231,0.37119415527240934,0.30794088460242197,0.33699321695881135,0.39011351170018643,0.27187392710197145,0.27788776602079046,0.384914908683063,0.3951355262962902,0.3042781793303127,0.30891639151127237,0.32892056527992236,0.3826002907420041,0.29623894674116646,0.2939500688306886,0.2752349668113473,0.374063037153668,0.28373101657385114,0.30889350543855526,0.3391424276087036,0.25654034360492295,0.29176337349098574,0.3740443267023268,0.36007598448422323,0.3001221272209737,0.2975494018524566,0.3090095780993253,0.3350707301833655,0.363623298536223,0.3737458189089328,0.3008886172482977,0.32259681175505245,0.3238991861790113,0.34047194991753343,0.29123912067456015,0.3005063068256535,0.3987129179349777,0.3387186926893854,0.3060858204809,0.29075459548370564,0.3253195318427007,0.3169990925394618,0.3306831008811355,0.3213724982762043,0.3053792101914578,0.32425853338451754,0.2997740407803217,0.35408727055669453,0.3296655598943664,0.4040428458007035,0.3279373078121002,0.3150573141748771,0.43556617852262636,0.24015204337212626,0.32986917775542496,0.26436182328044716,0.25188887168513424,0.2952041271268375,0.32271238184170015,0.29359989633393235,0.315763754028624,0.4365361188941355,0.30846451788139034,0.2962021824789159,0.31166140907474277,0.39424953859000833,0.45200070923174646,0.2905297200794115,0.3216142797574628,0.33907393846673534,0.35105367567450924,0.25047476932635926,0.3304115475851209,0.3049047958036016,0.3793953236479672,0.3735260387420728,0.36197156272097963,0.45428387550360355,0.3906770555069447,0.30297258744146693,0.3961021718503093,0.3221998536674051,0.308483591571697,0.29740632246298393,0.3292129969072222,0.2892979019217055,0.3449858124150572,0.33156240586305835,0.28671213744597407,0.35671486616875975,0.2286858857131776,0.365279484810146,0.2662650013387142,0.33806439906950253,0.265739464454506,0.2952696644427534,0.34119055722369496,0.3737346061195431,0.3610993218414451,0.42947779161195476,0.3367196135996679,0.3527506123656399,0.29526552926832433,0.3070420834772418,0.3555425070971273,0.3523712672657832,0.3166655429828293,0.373495989594719,0.3751215541780431,0.25203729796163105,0.3107431393405529,0.29296706560998176,0.2843110721017155,0.3646158063498082,0.2974864390941825,0.35281086467160405,0.26285264213983195,0.31510884137672984,0.2743389799768978,0.32364658425603515,0.34929971572257845,0.30055057236067756,0.38293690062837493,0.3509395582863027,0.30037072602225534,0.2833806016379956,0.3097744223610988,0.24531946477529132,0.31013552684378415,0.2856214504358124,0.3083320688538699,0.33504319535440763,0.2802540024351324,0.2966738205070803,0.38747026460629974,0.32393746358283476,0.3717325423359218,0.30192761971147897,0.3587763432176391,0.3457025739851333,0.3939285696255199,0.2249882915717615,0.3147777145535886,0.3501780500632769,0.30182395870821366,0.30776599750044686,0.4068383221594716,0.34742578637174076,0.2812406556375224,0.39733397651796304,0.24469136054848828,0.2991501777398345,0.32559928866769927,0.3255954361843831,0.2992246939575452,0.30117886847776437
0.3712635197294432,0.2838076171853831,0.23820489397795214,0.2327263742153552,0.27539282549834443,0.26048322995426665,0.24434013717491115,0.3175854423522231,0.0,0.23688441821415482,0.25222971563207236,0.25695714852422985,0.2607703902836425,0.2881370081468952,0.251755052947249,0.2635460549524822,0.2709982352257635,0.3169335808596009,0.2515236631378884,0.32193837635554406,0.2745514513906164,0.3124421812798312,0.23538147725587957,0.23676055000651852,0.26820362554812516,0.23873842892346228,0.25450377619206965,0.2502308822320372,0.21091105374937086,0.3369637334276249,0.3448043364498163,0.27227001414988783,0.24371480289992367,0.2221640160628257,0.3047031016307039,0.2528823067619181,0.2823293525367172,0.3469877969972967,0.2692044464759177,0.252877453408192,0.2494331483906911,0.35118281821907554,0.2752877575820721,0.2721586750423001,0.27402059423224306,0.2673076750946048,0.2677002210013073,0.24326823336430783,0.268855973244631,0.30564909560650744,0.2802256815966288,0.26438892858248075,0.3107589960820573,0.25146611126804624,0.2368087456164882,0.34823951546994214,0.3179753841530147,0.2954149597512839,0.2672826937536385,0.2501075173007825,0.26120832305594055,0.25606693736282504,0.2825945271326265,0.2554273831640293,0.3122445375006809,0.26963136760631956,0.2924401199249611,0.29363233532065774,0.25930489382523725,0.3169847399128486,0.3674220162795368,0.29888664767647943,0.32737529374911367,0.2644414055129057,0.3103874806675709,0.28700328779666484,0.2369971310771169,0.24665259659552244,0.2877410910761902,0.24916108228005146,0.27161978367155026,0.39660313016610493,0.3378476986494711,0.25073513171773654,0.3317194515840975,0.3394997761638168,0.3236663713040364,0.3360466782556263,0.27457884234465146,0.3510524922225922,0.32951077451773364,0.3363909777762015,0.276357480248509,0.2807129078831317,0.3733518039762146,0.28539251573933544,0.29864104269364383,0.2707303334555263,0.31468365647651675,0.25370293148703954,0.2756858887008349,0.2463106895013944,0.2681900636845233,0.22879491992932102,0.34491752661537733,0.2657527514357191,0.23882921550413486,0.27705004245995407,0.25700505125905326,0.24473014393058265,0.23578575742437802,0.3520150232255017,0.2959676747474349,0.3356435605367798,0.2617851614284535,0.28931131713374475,0.29134726974985714,0.24137348400809722,0.209924462563981,0.28688518595843454,0.3096059393039682,0.2978829087725268,0.2905667077246086,0.2939986259262033,0.4123647823141423,0.22885234758971387,0.2691599471067234,0.24698925861825066,0.2188582453859392,0.29352429091185617,0.3870177248436959,0.3086265113018286,0.272979920792035,0.37707637088591534,0.26606143901353774,0.277353310383223,0.27865068857988884,0.26393740081241757,0.25318888529057876,0.3273800017059465,0.24256615071549326,0.2803934676315437,0.35299009554697053,0.3476185657732424,0.2995986499435785,0.30432449512405246,0.4009229647406327,0.2488752767959332,0.28943406699879115,0.2005723489670261,0.34767513467555106,0.29482497376663847,0.2834185314622996,0.24152496267752493,0.26223264519501277,0.326469014052128,0.2393142520431075,0.26452878179574757,0.2683219651075804,0.2686988182726449,0.22933007431779628,0.36338914882528417,0.319457564125389,0.34112054487572147
0.2806403892910268,0.3754974251528003,0.4134735667737761,0.28960228193492854,0.2590312979623039,0.30114565582429526,0.2735356298856783,0.37119415527240934,0.23688441821415482,0.0,0.29938518060783387,0.2871347286668547,0.3273787458203827,0.2432788784152625,0.2695473728280797,0.30582156933271254,0.3045804372359506,0.2988364383820716,0.27001462973834034,0.24702135475574205,0.2974111222868967,0.30024152528375675,0.3046909838855336,0.25113389833574173,0.3830594348603027,0.24412239463701566,0.25679674141731756,0.29075049365686145,0.3213853405338729,0.23825099814865325,0.2899487707798308,0.30377349527835923,0.24153337564620855,0.24510538128113044,0.25314815516091127,0.2615179413760106,0.32459598430115244,0.25863701902009356,0.24482033714648058,0.2853456272145493,0.24273005210363685,0.3065012792735264,0.260969374871647,0.24823828833311065,0.30208525677096687,0.2796134142988238,0.24499194108898054,0.2850957809566628,0.32410513502296107,0.23530105556371264,0.2932391809604364,0.24844767071720372,0.23879870934580244,0.31352903030299345,0.3175225391261902,0.287059607526715,0.2576665411346511,0.2812514136105146,0.31227076695049705,0.256602869856526,0.3451897725183803,0.20337096728525075,0.25929564498709656,0.2107704829744582,0.2268770209503225,0.25241309880314283,0.27420165834257787,0.28176408967334254,0.2872223732873007,0.360221684318703,0.26280355852836695,0.2506569888734517,0.23434191847786826,0.35498029082188814,0.29678461502601555,0.2473511945215797,0.2903407294776708,0.31786757313762465,0.24195508022493056,0.22813913876643505,0.2914854304410718,0.2654771661156523,0.33146599004444494,0.28061746939657445,0.25768563629726565,0.30013044790001403,0.2932001315390184,0.2618230090295387,0.3066927763783143,0.24559344390601806,0.262981470328265,0.24284377945847327,0.28700966265034333,0.22624974743787654,0.2792443008032696,0.3097739159447903,0.20989574778687894,0.26947313766959957,0.19755045411597372,0.30608468674887146,0.2361293743660992,0.2980367594643292,0.2329831300946142,0.30211527671623856,0.2444056187772672,0.2745483569959682,0.2799860986797556,0.37171204515351813,0.2781826367842073,0.3285283795763476,0.2682576390721371,0.23401057771310987,0.2917842461638986,0.2770939115880002,0.2517450673959186,0.29500046169559263,0.28659656662052996,0.29322978500818914,0.29510038073238426,0.24757095606011956,0.22597622029002454,0.26604512263909064,0.22876552504603664,0.3179442083787743,0.21206414641551685,0.343400233446631,0.23062731677158577,0.26563676115994983,0.319981814850597,0.2618695910743843,0.28739508192979574,0.27529037609686363,0.24644091716272837,0.22136740870033397,0.2642621303716118,0.2164036889073673,0.24653291492261487,0.25027727661180027,0.29174634797412585,0.28151692211788115,0.2650075475778741,0.2590338767114395,0.3008631418573094,0.24515024100767543,0.2793821465797792,0.2483350044205472,0.25110722157155985,0.3369662624182049,0.39368775866272326,0.19176955908377277,0.24812921723981265,0.2980552438157648,0.2530125211384729,0.2895776016534258,0.31530434105722666,0.3014552008753691,0.2533955680950914,0.3678293962963363,0.22990442635420036,0.27318420852274755,0.3468316394458557,0.26595229519035263,0.2555780153411467,0.26108974720794415
0.3376963478818129,0.34613531283375454,0.3323997505556507,0.29873656087618167,0.3194623354204114,0.28650030981623653,0.3093511472178401,0.30794088460242197,0.25222971563207236,0.29938518060783387,0.0,0.3390523304240434,0.3353704683634768,0.26097608582525056,0.28556271841678926,0.3591512988819673,0.34812225097004884,0.3337452814119376,0.32397204048280215,0.2901929587569478,0.35435557103082227,0.3793547103539002,0.3128724021726851,0.3280877519112307,0.3649750025059998,0.2858430727013887,0.27976453696935943,0.323341468034172,0.3064992679954008,0.2878761359822773,0.2814109728090984,0.3074011427602425,0.2709468368721941,0.25042794928429346,0.2926757276814358,0.30516821347484,0.38529220877058334,0.3113190862563507,0.32663291630108127,0.3175854239357425,0.30021873602794097,0.3116240215069329,0.2937508465268084,0.3310828235144471,0.29979941439345154,0.27987618212506626,0.23419729813817014,0.39526947552134745,0.3724703811415237,0.2712811576422439,0.35092267106743913,0.270984400521394,0.2574722991034205,0.38778825459721433,0.3655706037587051,0.23975864394189317,0.3281775295513701,0.3629494752456624,0.32395853720411855,0.2861889236654666,0.33505940978862275,0.19109908903435885,0.31367964991137154,0.24010348907664966,0.22932955722425472,0.2573663844022039,0.2929248696994883,0.28263670813398084,0.3124510188611306,0.34729984817304993,0.29515734089692836,0.25232093546398526,0.2763917766988681,0.3679074310592132,0.31768757847202916,0.2628610706064395,0.3368005367117592,0.33670825851029135,0.2556516930153255,0.23024569196605493,0.2843006215052971,0.2682537580004913,0.31708642514683405,0.27557543600426604,0.26212546211864723,0.2970138198448147,0.313385894470203,0.2643769778210013,0.2577163803499794,0.2520777511768309,0.36780624623509095,0.23617880330051733,0.37256074932053906,0.28365684637799693,0.2888584314915106,0.3029880610174997,0.22699527760575142,0.23668449794177226,0.20503691406799604,0.2634364495895978,0.2738692817617427,0.3063131588598788,0.24640788853750423,0.24973879672409507,0.27094994812105494,0.2525994430329513,0.25869555463232413,0.3220689242117189,0.2887205467644543,0.3833682576026372,0.38514046335706903,0.2692133544176339,0.2757465815794487,0.27474349746753673,0.27933127984025446,0.2981084574259471,0.27750559040650724,0.2946840580460053,0.3063160244461982,0.23965549844631293,0.28734348123718306,0.24284672841026606,0.26223603156793185,0.36304840519918713,0.23735175291673866,0.3437889367635152,0.20352783968783197,0.2972071944608822,0.28541661263005247,0.27229119294020954,0.24040591853733342,0.29261806469740714,0.26894235510347614,0.270636060467858,0.34594178111205826,0.2484654458101005,0.27731019136985896,0.27367628478281836,0.32070156839176056,0.31325756498522184,0.29236124531034935,0.27850756191597936,0.2821626283851485,0.28234096564420047,0.3730071116590366,0.24748019325845858,0.2810826876742462,0.2847061041158643,0.3027325462071272,0.20314308386918428,0.3338197316472125,0.29735379739852424,0.39420291011336883,0.2726829520028692,0.31063771557942,0.3240767442557348,0.31432339549768495,0.32164274282601946,0.26949786686975646,0.26108740932265867,0.2697621243972504,0.29507167770795684,0.22968710458361422,0.3984114368912875
0.2860734412197419,0.3459390710309436,0.27814082128670414,0.26942622760025575,0.24859360733020952,0.3217518977332523,0.30821014074760145,0.33699321695881135,0.25695714852422985,0.2871347286668547,0.3390523304240434,0.0,0.2629295011888277,0.20046133320266424,0.262430350402304,0.30414048676118616,0.28930282980324706,0.24328961328361748,0.3759450597233882,0.2765799404597281,0.34472549509026296,0.2747270633307582,0.27326206890592036,0.2841745294218624,0.3786699021808421,0.24907441411111167,0.24161647268453157,0.24901434734254566,0.27655758882025244,0.298413520637004,0.33201600324925673,0.29897451283434917,0.28088348191287793,0.2838384230114898,0.25631659436553694,0.28265366747363546,0.32552994927366286,0.27827724674746074,0.3482639239890794,0.2711129302577802,0.31426805277128245,0.2772910644988359,0.28521278669559813,0.32680493400826405,0.2936029757911723,0.2740634453031073,0.28903994376488457,0.31957076725238515,0.29967108911144713,0.26619052085171785,0.3301441475099621,0.30566936467385625,0.2437740136689396,0.3589871017147822,0.36309506744826137,0.262124707069047,0.31786852344097605,0.3992890923802069,0.24800234831005696,0.2608154276080632,0.27101732835473247,0.19678636962124518,0.2957555084831211,0.22350865341368464,0.22250190402842343,0.24705926577823792,0.23910740859534912,0.2451825481964005,0.2307873921054062,0.2815266030363345,0.26473031302869465,0.22484784301864333,0.2339672623795651,0.2826355937317626,0.2810638544844415,0.25815682911985843,0.27196795356896536,0.3131529806392032,0.2628285301461806,0.22169727716432788,0.258281008903375,0.2720465644441172,0.30877470794998874,0.23207763236576112,0.2765434816900103,0.30461786035092414,0.27831733439839906,0.26041035857873934,0.28339657637839133,0.25963539798207663,0.2993908931977277,0.29340406375243533,0.31134676709918424,0.28124483940008727,0.250351217973917,0.3808596374307437,0.2352661445779478,0.3072427920248343,0.20024620833031537,0.24989739188307922,0.2277941179498784,0.2891048681855699,0.2729863577323414,0.33789434515024647,0.2597775203492946,0.2667170649425613,0.2856411152267954,0.28703212787510823,0.2746928473251938,0.3509798189492193,0.4188473809347534,0.2800861575902604,0.25181886112098123,0.25965436208137155,0.2527687963040558,0.27469126469925986,0.294248577487628,0.29626078014272733,0.30126595307141973,0.21924021446928385,0.24208812717504763,0.2677080492826637,0.25120260957969665,0.3233351619769895,0.21533276588230868,0.389820929614925,0.20682857818647946,0.3026718918449961,0.31280754707053615,0.23692975530609992,0.2497286293448138,0.2609207577817848,0.22428100648941038,0.26296154404795463,0.2851125883047882,0.21543496439652085,0.3050740771946305,0.25270221695464906,0.25599480122871143,0.3173125589298432,0.24346290783634814,0.2502876973277474,0.29787736407034965,0.2727860469358677,0.32366483506732335,0.30883124019471236,0.34194307917421046,0.2606856555464046,0.35801701961264626,0.19914919423605054,0.31193801111525427,0.3164278255194382,0.2840987954222553,0.2670006428296679,0.39263711509702576,0.2688106342507534,0.24719024346787313,0.3234759475621422,0.2326478513567948,0.2487087263033401,0.21757308194493502,0.27466482518274804,0.22904905327831734,0.2840518239045784
