0,1,2,3,4,5,6,7,8,9,10,11,12,13,14,15,16,17,18,19,20,21,22,23,24,25,26,27,28,29,30,31,32,33,34,35,36,37,38,39,40,41,42,43,44,45,46,47,48,49,50,51,52,53,54,55,56,57,58,59,60,61,62,63,64,65,66,67,68,69,70,71,72,73,74,75,76,77,78,79,80,81,82,83,84,85,86,87,88,89,90,91,92,93,94,95,96,97,98,99,100,101,102,103,104,105,106,107,108,109,110,111,112,113,114,115,116,117,118,119,120,121,122,123,124,125,126,127,128,129,130,131,132,133,134,135,136,137,138,139,140,141,142,143,144,145,146,147,148,149,150,151,152,153,154,155,156,157,158,159,160,161,162,163
0.0,0.878545177296083,0.8044752769345883,0.7638187058377844,0.779846515727972,0.8512959375368166,0.8763005873991878,0.8683707039931058,0.8266504756590608,0.8183478787684484,0.853314746427599,0.871480921344783,0.904861322481999,0.7438599442323321,0.870619143288619,0.8490650854178691,0.8625958244083931,0.9022539826044009,0.8336625633799125,0.9204778005704538,0.8486238028754798,0.8604371944233344,0.8539849568497629,0.8891482028535327,0.9136883223676737,0.7887379681667832,0.7551922683666354,0.8477292794917869,0.7641854621701396,0.842943863460683,0.9096622849042114,0.8676988515868783,0.7895648719433471,0.879225443669231,0.8889058265798603,0.7625628049628207,0.9427611158936076,0.8556581671255737,0.8259438784189455,0.7990637118557976,0.7776367434404123,0.8648060656782375,0.8513714396509457,0.8360605765061347,0.8756616666959509,0.8947927113822796,0.8360900562151605,0.8203642684451786,0.902034565545416,0.8350111389420458,0.855437823525441,0.8440762620169222,0.7730985118414552,0.809433765299811,0.7706075910318253,0.8528201895081248,0.9062191347196945,0.8318826256928141,0.7811896731389265,0.8459814212031954,0.8246035801512703,0.7288337250986269,0.7858161900641223,0.6803203186779565,0.8231882553189029,0.8473421415651368,0.81245367494736,0.8853360305358005,0.7982136544763835,0.925807647468131,0.9027907372532336,0.7718590861379707,0.77458836466123,0.870069473071253,0.8865112391106976,0.9004159502666712,0.8078128696420963,0.8138636427284595,0.856140768078275,0.7493256898455561,0.7865771463051588,0.9097828005089355,0.891577997632219,0.8078378507135063,0.8126857873477246,0.9016757925802042,0.8619782885392813,0.8436199091391152,0.8927768998918975,0.8583437279374653,0.8479720433330632,0.8360279886626638,0.8065532708240769,0.8711444139980544,0.8091543565256187,0.8723295234910372,0.6762516706263236,0.8239176245267885,0.7129590719533747,0.8626610989394117,0.7803375885133855,0.8066463311417814,0.7193506603147891,0.7849013282890537,0.8321755747070503,0.8726577118535688,0.7888413209169903,0.8938718089027515,0.8277070291829475,0.9178626202254817,0.8677404725096175,0.8044879599264031,0.8805877361671013,0.8184719029492054,0.823867807158624,0.8953891564733266,0.8815587938982294,0.8269247250581145,0.7647092679221966,0.8101880138142786,0.795326647939325,0.7747143354490139,0.8773153195445107,0.9091851862006426,0.7596913250997356,0.8495545939263648,0.8151787146699102,0.8647270337488319,0.7880104670506273,0.7694764801531594,0.8124886672271999,0.7562230801168509,0.7971987521621987,0.8730932891184244,0.8474025523483587,0.7825402244958174,0.9400703082455343,0.8080904818940078,0.7668157156387129,0.9019170321665851,0.7459402442335585,0.8194062220344505,0.9108085002363824,0.6743030924727734,0.8608423835653494,0.9066750156565665,0.8632573322297625,0.8267146605559306,0.8493068614199172,0.6328879164573291,0.9102014118179735,0.801212907894228,0.8488055354685484,0.8110028001975607,0.8880458447712081,0.9331468623204519,0.8847942423483487,0.8874129763226362,0.7407215346432089,0.7895971188466132,0.7618372916610143,0.8953477478774937,0.8967918952170897,0.9216441153766246
0.878545177296083,0.0,0.8923913659416345,0.848171878185504,0.7551045287532271,0.813863525576095,0.9169188295525528,0.9469161804991197,0.7810876811296037,0.95977491536801,0.8731253607605169,0.8754476011209348,0.9358649577886418,0.8416156653912023,0.9446284852436927,0.8344286695089003,0.8500284772987624,0.9120211084884562,0.7644971525172742,0.8509027967579782,0.8161563511706967,0.9543343556113385,0.8821099023673423,0.9231699766238214,0.9054395872237043,0.7941914753516032,0.8683303379764001,0.848486918139425,0.8929699802914481,0.7641827940797745,0.8933243815292005,0.8022247499428722,0.8982603318360217,0.8145592247411938,0.8720433802143411,0.8554198673754201,0.9141350847837045,0.8829193301618726,0.8608664264038213,0.8781351623035376,0.8642195316085097,0.8147171252257702,0.7719117307808567,0.7964166562242992,0.9515799850527219,0.8952338119223286,0.796654374470494,0.7963227940697104,0.8967157359923871,0.8075295086854987,0.8121516753044986,0.7849351276992883,0.7848062559479072,0.8890753637763816,0.8277447595805089,0.826858978386241,0.8050487495995741,0.7993168059094843,0.8615969145209388,0.8868005241347207,0.9000068998492218,0.6657944611273747,0.7150175892410261,0.7493601969284585,0.7193948370094344,0.7460772536740496,0.8907535766870283,0.8643138997374485,0.8770308796916091,0.9455406682704817,0.8457328653685934,0.7934755019995957,0.6881743471281412,0.9048118030350446,0.9104030319651997,0.7861418830118102,0.8155079276403209,0.8387598355632567,0.8242761299023121,0.6516606989408649,0.7412996536975079,0.8515136184164276,0.897320641783302,0.854954553552877,0.6787655485023103,0.9503766207279536,0.763134957767753,0.7936415075644118,0.8808373698203126,0.896145406739769,0.8051171585937785,0.824509721184407,0.8225995945954279,0.757569604282878,0.8323443390539121,0.9401841810417599,0.6793472871174553,0.8130347667500883,0.6224805816165548,0.9132635237941176,0.8278206018970944,0.7907968239031347,0.6747035967100603,0.8629538660355099,0.7596536157036268,0.8505872169195126,0.7849428043597658,0.9190901220714752,0.898057513399916,0.9183093465514434,0.8165748213282605,0.7213049112368307,0.8164103154193321,0.87417452777868,0.8123663202456933,0.9087671230958436,0.7761102366130025,0.818751328299004,0.7842105050424376,0.8563410124423848,0.7652672969627334,0.8093965565370345,0.7409687873493307,0.8774757555588958,0.6583706152360584,0.9320646683683713,0.7821374271441485,0.9173028702477657,0.8718642873329804,0.8571235452066432,0.8119414540381834,0.7130431964726864,0.7781725934263389,0.8170953185367599,0.8808545399994289,0.7412473241151597,0.8820067726219063,0.8732841936713776,0.8809575453643175,0.8777166406878626,0.8325249147622691,0.7906980096198333,0.9371819501320546,0.7355441581563278,0.8700653558601606,0.8219676021619534,0.8533612034626714,0.8986251701920848,0.8924077574073235,0.645520655738521,0.7927665496053561,0.8123110315990967,0.8772979262493713,0.9272775652234952,0.9040363065944557,0.9477435686416116,0.9005405957340464,0.8908874832735253,0.8079463447547455,0.700109037984184,0.867115500576322,0.7542351242508534,0.9231752554018022,0.8446328482108244
0.8044752769345883,0.8923913659416345,0.0,0.7656957943643805,0.8817257703089705,0.8644878351376379,0.8522170322782905,0.8336130347617564,0.6737340675642198,0.8737550068507881,0.903409885008006,0.8739451109737715,0.8993875910411852,0.7332350857084938,0.8685430795906631,0.939783587857281,0.9166183177726246,0.814421335549281,0.7313139432300941,0.7653609295452231,0.9266845291613988,0.9562832657791854,0.7760284288724097,0.912524174074171,0.822961652269205,0.8685121748464962,0.7375430463508719,0.7365905874611512,0.8908827118718194,0.7907067134347843,0.7713629752543376,0.8237409763693788,0.8272008048007317,0.7352817532472385,0.7390111693304239,0.8482277942401708,0.892696954235042,0.8794191752780472,0.884151015640902,0.8324027415551433,0.8703683519252318,0.8173101507298783,0.8580581298771611,0.8642275776854331,0.8370705564280815,0.8546103052927331,0.8878631032714823,0.8968603177853048,0.8210114071457281,0.8541270921168711,0.8593570191419366,0.869263047201389,0.7355276589633999,0.8912621822034046,0.8316568801645388,0.7751929443850434,0.8116540330253994,0.8891943950198083,0.7459758742318393,0.8173375276763877,0.8184736149334121,0.7785768555819506,0.826394108720798,0.715471851219699,0.7031680853226785,0.744060701988555,0.7710998777615062,0.9174328760498903,0.8449105380176037,0.8458528154799666,0.8946055205077353,0.7000675185242794,0.6356709778868364,0.9102342791030079,0.8905161929173755,0.683077163213671,0.8602225361280342,0.9279726917686139,0.8057949680586857,0.7499295500801417,0.8577057532533429,0.7748776916347475,0.9124952482685645,0.8311878954497335,0.7120664833613881,0.876138343802214,0.7182523564090814,0.6905196358159474,0.7456512237593768,0.7898021666501193,0.8736652250136734,0.7033065674925459,0.8649640833833331,0.7133949156181505,0.7789044881238946,0.8968806702081572,0.6681161528917433,0.7461282130140627,0.6042752567986149,0.7783741782695743,0.731070925671018,0.8259573523639452,0.6313949624269223,0.7903587496835461,0.7053278221020037,0.914686262073579,0.8639095912100289,0.8478738399179118,0.880884644214845,0.9278482059995857,0.8359485717546855,0.7547804904822452,0.7744902211305777,0.7554708869845265,0.786493500287939,0.88366059419551,0.7056231866196532,0.8198754752026488,0.8669712546268368,0.7303632112659788,0.8529440633645761,0.7752894133384528,0.7459604492761674,0.9001032627688309,0.5963286014453878,0.927090100380549,0.8222835216227142,0.9375388952304865,0.8792069618174856,0.8185417515498531,0.7354984477567981,0.8733573483667997,0.686756776149898,0.7442424593251848,0.845406413895864,0.7895647979571276,0.8792409540191287,0.817796735119976,0.7899874962417784,0.8439283772785612,0.7260691573410137,0.8812986133642823,0.7988952984798388,0.7398716358959021,0.9215780661314111,0.7673213400751842,0.8921255717223545,0.9295847896122567,0.8544566936758669,0.7647326779656013,0.6918490293993522,0.7451059140106217,0.8429490056569052,0.9183576185060089,0.8992568858668286,0.8407497659941151,0.8213500589384227,0.9299585347370717,0.6934047422574681,0.7194928072381319,0.8334215708545682,0.6693195723072277,0.85238471833753,0.8539952060019743
0.7638187058377844,0.848171878185504,0.7656957943643805,0.0,0.7064140563055501,0.6880169882814248,0.8933499101373259,0.7914537544754136,0.6134429770128949,0.7976602489684813,0.8510609987214218,0.7405691974102553,0.8376004067117775,0.8797451875314811,0.892364466302366,0.7357242635471529,0.8002520566411726,0.8634151377926854,0.6987806058785603,0.7052858459109228,0.7412279646852947,0.8261404311111162,0.8560399543174073,0.8523720407554447,0.7571319263707096,0.8316539008143208,0.8631543463887068,0.8513367644037323,0.8642027765973961,0.6263944067667785,0.7389431745320509,0.6801409379254674,0.9705706489853745,0.767810396591786,0.8476883467028445,0.8762489868205248,0.8037322289956749,0.8481336004207778,0.7914080792382013,0.9088018928447754,0.9156687766503927,0.6499184945443405,0.7078210284149437,0.7912713891298181,0.8532727814613146,0.821207939638416,0.6653007947814983,0.7486779369576048,0.8542261623317211,0.7628420133347324,0.8173404922956734,0.7765733394686759,0.7887182350952926,0.9129699446394952,0.8580879994996415,0.6461556029716944,0.7612403243843724,0.7138502693031703,0.8651978295988076,0.8617939563539246,0.8659442943395667,0.6251138283496974,0.7156388428532972,0.7217339751991924,0.6724132888707077,0.7092026862082738,0.8785569013172695,0.7366229432210161,0.8339577350389722,0.8309316999456094,0.7479556093195721,0.826623352567834,0.7253809264605692,0.8765977186065985,0.8031264889448837,0.7110317768349095,0.8005856045610804,0.7901416447943219,0.8266096176889121,0.6267622380892534,0.6720843255385294,0.7571321482075996,0.7356626876793372,0.8507777769981731,0.7013931841277734,0.8159179202354336,0.6634607691350537,0.7831290869954655,0.781599753396262,0.7224969131317485,0.8059333853291217,0.7279230259543245,0.8118034592602122,0.7381010608035459,0.9165156134756949,0.7991565236483235,0.61086640489315,0.7015634350433605,0.6274597182901405,0.9035339941901517,0.8497122346105669,0.707654364039991,0.7796840490210999,0.7822032534524886,0.7753698209086528,0.7468995268121323,0.7403810494108694,0.7836148509297863,0.8735431599353921,0.7605561454962254,0.7967090217901999,0.764639720964501,0.7924520960148905,0.8017713946155749,0.8850917504906471,0.8394336747069614,0.7047223315847895,0.7022357570687715,0.80977807046948,0.8761304755392055,0.742914093264715,0.8994852321639613,0.6737657730077258,0.8057708533946408,0.6223916818277699,0.8695525859032763,0.7642550049287603,0.7873178473736726,0.8525609328253874,0.8527493727173266,0.6168833797863356,0.6178389473840893,0.793241775316134,0.8113566350853015,0.7706539279010433,0.6898851388838003,0.7089108294183203,0.9111740872692152,0.8692835391456901,0.7629359511646405,0.9238749278907243,0.6707920973235736,0.854200456093328,0.7149616018569815,0.8040506723555642,0.7250854956750818,0.6973726871416567,0.8090740387735511,0.7088423414574878,0.5727371024529586,0.7786193709518426,0.8087395657511939,0.818744667311194,0.7795766054894434,0.808380611542931,0.7985193121636676,0.8399984636702008,0.7852326719116937,0.9443788993678344,0.7430153039963501,0.8656733020566907,0.7068650827888043,0.7310080926774697,0.8062245896739857
0.779846515727972,0.7551045287532271,0.8817257703089705,0.7064140563055501,0.0,0.8146214955697624,0.8374212078166213,0.6945583808793069,0.6349712905004106,0.7104794759539197,0.8619005297496344,0.8299803280805866,0.7951646217459066,0.6402156607576847,0.8127559365183386,0.910526885611623,0.8770437260925846,0.7464064888338091,0.7122961446604597,0.6837871231944128,0.9302225909300526,0.8557052684113561,0.7298192394874926,0.8652719740097818,0.7285550931762625,0.8779112430066912,0.6499123398792017,0.6595042698296326,0.7734139827485293,0.834280058840632,0.7110962333255544,0.7882531936128275,0.7529290641978854,0.6947462002717902,0.6807641155712253,0.7628087811737967,0.8424415702953298,0.8000229598055786,0.8665803402675827,0.7699117023462901,0.8127578347056016,0.7921602008865766,0.8920146128523943,0.9026351987474731,0.7137761671845547,0.7955813650608516,0.9113495740551355,0.8933079908980589,0.7852666613190611,0.8543873640389784,0.9044386633406281,0.897988726477457,0.6979309297837483,0.8180594946066769,0.7801260435225562,0.7163601613783759,0.829655029194164,0.905204354936463,0.6487365647184878,0.7569376668246822,0.6831947807421231,0.8414054286840968,0.862346575809992,0.6223495952984248,0.727960603837864,0.7086134309938324,0.6753980432613444,0.9010087305175175,0.72024747256921,0.7370974028066669,0.9040264430953712,0.6484897468484156,0.595115910715442,0.8478821365350625,0.7584695762023845,0.6542808563592564,0.8568632844609206,0.9550045639203536,0.7521622474016962,0.843288892769785,0.8365037254447685,0.7673308053738406,0.8830020353827022,0.7009759246100684,0.7549896442311528,0.7641884461815865,0.661730640179041,0.670100666701267,0.6608705080118068,0.7099881440724661,0.9533360156158157,0.669122221520531,0.8708026318252879,0.7131952805722336,0.748212580731475,0.7996447723083424,0.5896946690823958,0.6618127880814567,0.6600008507940489,0.6844168665316209,0.6691882089075163,0.7722271594372411,0.6384529452469833,0.6827862122946313,0.6708593125879593,0.8790565229591389,0.8029030715086606,0.729950898516396,0.8161582076561782,0.8491237338716507,0.8537577062949847,0.8193987476525882,0.7082288390393602,0.6513276262843771,0.7515778857086883,0.834088269433306,0.6596841473860154,0.7820899063180561,0.8052723149791489,0.6545351758493788,0.9337454893615149,0.7309686781294396,0.7226847661639928,0.9123763108235404,0.5948989245426687,0.8290553566568244,0.813092879833165,0.8815903027178136,0.7459920295987533,0.738691263995759,0.6527971770199246,0.887383273341368,0.6327996440242729,0.7440367897434882,0.7364632498167114,0.8040989794882002,0.8346309129479165,0.772968459144296,0.6744166886197622,0.8293643329262955,0.6371314249928034,0.848138899587404,0.741479850916434,0.6735593044350896,0.8784382716867318,0.7503086488620965,0.8886918795071792,0.8529007759014454,0.7173394778105007,0.6928516337191198,0.6792574697214114,0.6931595821701713,0.7939359098699509,0.813486758608186,0.8252478569784071,0.7451750626283608,0.756504141557833,0.8955330428410241,0.6409519143525055,0.7834805019538996,0.7070646459540865,0.6589003312592595,0.7555660031547118,0.898501703301866
0.8512959375368166,0.813863525576095,0.8644878351376379,0.6880169882814248,0.8146214955697624,0.0,0.7883449728194174,0.8005032150234437,0.7499794795902456,0.8094579087629085,0.819585890782671,0.9140752424379592,0.8101407608160094,0.613027628143759,0.75703063574508,0.8709911403123569,0.8345965557452151,0.7241097346024997,0.8386056995743095,0.760749145732069,0.9002356309661946,0.8266621184110037,0.7075727133946252,0.7955947364502004,0.8786696178289689,0.7357234059305986,0.6211507035329003,0.7055618753564822,0.7533502130598926,0.8654244429587137,0.8218998068353149,0.9004091832262329,0.7167240080357691,0.7663976739491399,0.7201235350600753,0.7215434945591865,0.8668001522601063,0.7493566920895913,0.8024242631365854,0.6826858251499844,0.7220096026254565,0.9192098445927429,0.8337607904340728,0.8605354625975816,0.7389794482384229,0.7580969536874821,0.8711856057358618,0.8544522611373182,0.7634489959169983,0.7544456587250878,0.8244469772574818,0.8605009864801616,0.6789160270071857,0.7929895725332322,0.7445839718924621,0.8610987485018904,0.795875016076358,0.933927434446482,0.6440238909086875,0.701908726404852,0.7577410640923752,0.7732765477047957,0.8350648247958109,0.5910322443489676,0.7163980552264683,0.7431703073972373,0.6728990454711309,0.8763467581841072,0.695312186001715,0.8408451999225871,0.8587556305101522,0.603159352878188,0.6886534763315809,0.7991939479433103,0.860695076606113,0.7505453284252153,0.7680138477328456,0.8210391298130597,0.7227468909891441,0.8110528876823065,0.9092643239949881,0.8264442995946125,0.8887232844990043,0.7319636804791896,0.7684280699336992,0.7917163239704522,0.859289123140977,0.6787905656015649,0.7523364788869652,0.7683076801272768,0.8256659715410469,0.7932209394260403,0.7740033551480074,0.7381526179082953,0.6913477085205536,0.8911089336425245,0.6825996247794578,0.8282941054895273,0.6383828677292348,0.7144032174106301,0.6473769200975564,0.8122370061202348,0.6763394856758842,0.7954017705505114,0.7173753898313452,0.8214268021821197,0.7899504407338097,0.8270426824687773,0.7265956037587099,0.9051212303348675,0.879228377765859,0.7073695044296425,0.8474177144459492,0.7176316569274888,0.6943225251758756,0.8002645176337168,0.8152683476874589,0.7932316521588275,0.8364040372668016,0.711998684099492,0.7313953782995685,0.7437327566077289,0.8202372312510616,0.8729817285152368,0.6644668604730849,0.8357776986611508,0.7980024345419403,0.8214847110105405,0.785319583741297,0.6507144683221485,0.8037217392128017,0.8860804518811997,0.6442227161374324,0.7836101204361552,0.7789100542576055,0.725734319801654,0.8718581065323231,0.6744756827233548,0.6396660695098884,0.8187955145627752,0.6696072048528704,0.8871356776486994,0.7792537378333335,0.704033804541213,0.8328305314375519,0.8143903231330468,0.8850078585850261,0.8114879233669836,0.8486144982623897,0.7243101358968189,0.7547405720081272,0.7672348545433318,0.7405576868291636,0.7607095021028513,0.9107899079317471,0.7995074949024435,0.7479557924723185,0.9055108681999036,0.6188841192005492,0.7453987704047405,0.701289811069648,0.7957810058046749,0.8766258230435837,0.8312395830878299
0.8763005873991878,0.9169188295525528,0.8522170322782905,0.8933499101373259,0.8374212078166213,0.7883449728194174,0.0,0.8473337002173574,0.7151666712548429,0.8631780883326482,0.9165240886125503,0.8742458207276987,0.915898913578555,0.8136197335129102,0.95843589684632,0.8603603386203151,0.8837747338590507,0.9078710308119287,0.7730928499049633,0.7793573195912392,0.8429474350609849,0.9172374934226134,0.9299266570471334,0.9496876548582378,0.8540103876178892,0.8636447922387729,0.861619469094878,0.8535494289133806,0.8764500440373141,0.7990464177486788,0.8444183207104632,0.8074378293701641,0.9159317848826952,0.8375917492535029,0.8453610782842457,0.8429662626260527,0.9274190424955516,0.866230677232279,0.895970024401176,0.9149419087264374,0.8847644074044376,0.7878535656325172,0.8125946548556591,0.8553792224661148,0.8904612070434397,0.9065756048692168,0.8082044353753949,0.8263918328033221,0.9518880744730457,0.8304008271494052,0.9042130605659936,0.8287542593730091,0.785260402998877,0.9067364475025149,0.8700978519683883,0.7651814148865443,0.8556815996762497,0.8338153278823882,0.8305342346406025,0.9091245978229042,0.8405947436280804,0.701315468196229,0.7507713688287964,0.6887081122207207,0.7267067726318908,0.7398621445459594,0.8673052218109987,0.8725609282354969,0.826499639357114,0.8923256490920157,0.8597360294876741,0.7938317053512296,0.672066788512786,0.940587782990725,0.8430816904677212,0.7923229368331683,0.8986472355345809,0.9186429979943505,0.8270547132974544,0.7210707039975457,0.7328402262699232,0.8404394713443037,0.8985733468289188,0.798035010730101,0.7310524583861544,0.87789330322523,0.7230033715493976,0.8283527045426523,0.8498011837124949,0.8308020607586015,0.9041859338770488,0.7984574882178573,0.8912477431460943,0.7951439851714462,0.868571161366245,0.8910685282217132,0.6002907804284181,0.7416750120963808,0.6447794319526515,0.8981368834007807,0.8340454331132235,0.8009529576579032,0.72198615086735,0.7934617806288617,0.7490899186612807,0.8611828860442047,0.7924853218040311,0.8540106367345728,0.9224068554690948,0.8903040037009247,0.8878329856350217,0.789680699582016,0.7973456266382718,0.8388770937948677,0.849633892121078,0.9294060684332832,0.7569699169492276,0.8281863105337043,0.7933415793462385,0.8292956289335288,0.8401262757646601,0.8397172233491602,0.72410558930932,0.9445087545609747,0.6363128766084146,0.9318328439112116,0.8106807033794864,0.9282120283138757,0.8285130042953727,0.8454974667819524,0.7225991513432062,0.7148539380791039,0.7907788251302982,0.8257963187673806,0.8084685850331239,0.7453136668781123,0.859468480647929,0.9078679419703715,0.8380424902467911,0.9059807924520514,0.8080440420513354,0.7836718750118704,0.9338256069081033,0.6910258550197026,0.8873406817004128,0.8234659265246784,0.8382013057336495,0.9100864918334813,0.789281661308495,0.604676882772362,0.8121428534893912,0.8129815010933868,0.8916285129770616,0.8894001215913778,0.890640378820913,0.8907511253030956,0.9184593964049312,0.9161513185806838,0.8350100944565814,0.8174416468870039,0.8222421591773668,0.7523703027338136,0.8389548750967023,0.9160239130956593
0.8683707039931058,0.9469161804991197,0.8336130347617564,0.7914537544754136,0.6945583808793069,0.8005032150234437,0.8473337002173574,0.0,0.8356658047695745,0.9348753033827619,0.7959929514423638,0.8705165783716428,0.8890254118426196,0.7706650645037184,0.8728112613253797,0.7917977071774696,0.7998257411894143,0.8725103773308995,0.7716356375112573,0.8610360917619877,0.7697467167324775,0.8745006602567115,0.8679617635333041,0.8502454335027932,0.9198467881994143,0.735685454644027,0.8462915316579044,0.8437044306392268,0.7955227745494239,0.7754971536735872,0.9127570631724664,0.792422857626952,0.8264101346526439,0.8422272368158971,0.8373116853454189,0.7950984222488283,0.8725784123800547,0.8298591243388649,0.7903488180383078,0.8028547707802134,0.7846521240385526,0.827843188099427,0.7457189363438788,0.7269297691285351,0.9482455729238793,0.8707350468301542,0.7766977408018253,0.7264322584170622,0.8473059341695132,0.7561157281999216,0.7529743312918096,0.7447806758293534,0.7194228914324964,0.80325850981466,0.7532230951716634,0.8552387199306482,0.7684906499734573,0.7878776513914804,0.7989004707662991,0.8392266293062262,0.8561100905404775,0.6380629816773933,0.6808214969995542,0.7108331776715038,0.6804185281109716,0.7270856773895352,0.8393288945739297,0.8143199964876611,0.8442349804445464,0.9661612674040757,0.7951266830157033,0.7352829255407378,0.6803365609932194,0.8417559470379747,0.8939349358139705,0.7807400421589411,0.7541630637772833,0.7656569465211993,0.818754556895763,0.6051949655021477,0.6950550406595579,0.8500289375432339,0.8606472005654133,0.8163296720287838,0.6715284352946033,0.9443904104441355,0.8029252462869237,0.7830514517226691,0.9175194181385684,0.907990278114065,0.7565005082728422,0.8507311784195778,0.7454390529196767,0.7205918541000002,0.7471096502383507,0.9044860659284325,0.6713272336362851,0.8665300446569485,0.592895282586339,0.8979621831696416,0.7497933637843326,0.7939310119944742,0.6870471345116265,0.8748317372522312,0.7590219114560581,0.8322937500615403,0.7573307218926766,0.9398333498655892,0.8283876597078415,0.8700561404619486,0.7709236133262316,0.6883382122397405,0.7847766821974149,0.8908436113719461,0.7642712078904814,0.8732548336475323,0.7964044276505989,0.7833025296665663,0.7272168397420804,0.8550095174843754,0.6898096124542243,0.816052395311836,0.7334084920804201,0.8170601144655744,0.6231155157902377,0.8599174947364324,0.760443249208799,0.8768071837737115,0.8244051381566708,0.7822224547627462,0.8769268862827736,0.6855079137202158,0.7451109250712702,0.7734675171194607,0.8268777318998501,0.6606326501951967,0.8712119995519819,0.7969223903834693,0.8398399444094122,0.8612326426931785,0.7762993740983494,0.7389802080403847,0.9077195427540706,0.6964446558364296,0.7937055318856356,0.8611772993202097,0.8304960367912899,0.8293628675188243,0.9066618951975398,0.6342040735606786,0.7964681813418213,0.7565845896445811,0.8259218084391566,0.8837497849533992,0.8950109897869567,0.9268458905188575,0.8397483795511994,0.8552710322554776,0.7379148872954269,0.6572735424184605,0.7957402581318012,0.7443050450608019,0.9400693041164455,0.7835260955204938
0.8266504756590608,0.7810876811296037,0.6737340675642198,0.6134429770128949,0.6349712905004106,0.7499794795902456,0.7151666712548429,0.8356658047695745,0.0,0.7465562146127621,0.6396728356621774,0.7817220655636901,0.7149883352711311,0.6126082178756062,0.7238992949977813,0.6596227133018459,0.6412987732978684,0.7179334632441156,0.7088717265692186,0.7840199219658487,0.6618346607048292,0.7263149566347772,0.7119408911947518,0.6998701067994487,0.8164969970086875,0.595106425499097,0.6721439723102755,0.6701457835082125,0.6062065679514748,0.7985828788225614,0.8885660922411404,0.712275439375526,0.645783445364615,0.7265204055563134,0.7384440333324265,0.6131961783346154,0.7560413437604548,0.6559178707545521,0.6638214579730515,0.6252972587238068,0.6082108111113681,0.8679096126276654,0.6498298465540969,0.6332231756634116,0.7521044553032464,0.7084952870017077,0.7389071802077456,0.6176390208898545,0.7001247583184955,0.63804269055523,0.6356538249500792,0.6460032557093179,0.6093981790823141,0.625194776701834,0.5853925885285232,0.9195914843448663,0.6690002922917869,0.7075293649485,0.6264521772944606,0.665089508794287,0.6596003323195249,0.5876995574226205,0.5892428181812273,0.5775625532732347,0.6597189996934497,0.6259816581579821,0.6806660786110322,0.7459246322270662,0.6424938475659301,0.8124632329878521,0.7320436279525677,0.6036754329620455,0.6221433980462513,0.661269857630757,0.7120926114716417,0.7356541550545203,0.6115867984344144,0.6456566777144324,0.6495919086397595,0.5711359934950785,0.6210556586926551,0.8651433701998966,0.7990856107507325,0.6192872356387121,0.6021391061268148,0.7984340433879203,0.7883116383979355,0.6900445082214802,0.7844591310526222,0.8915625388536148,0.6611385153396068,0.8837384207920758,0.6073448698724992,0.6423579746674336,0.6172871485644681,0.7957775440697226,0.6168044469355799,0.8217172837699181,0.6286263982311713,0.7152894749211572,0.6127451360209102,0.6562298153354295,0.6115234749088303,0.7414142740752339,0.6595938217533701,0.7030464733903595,0.5944246356471843,0.7896017844713603,0.6487756079512507,0.7617905535987926,0.6687512275978603,0.6057492953609959,0.6939845442878032,0.7244878589792403,0.6023344979024963,0.7335677223297881,0.7327330935665098,0.6790127968031154,0.5789802766996944,0.7467609433227705,0.6050899193382268,0.6585975755441771,0.6935590253199939,0.7096226563840761,0.6700713983942386,0.6705482560362748,0.6611204337966677,0.7386695529574857,0.6171172155657239,0.6168766888850972,0.9405842043440278,0.629972133478878,0.6255128332199328,0.7518092851300386,0.69298401141016,0.6009378893098725,0.8021323129810499,0.6364516568056203,0.6380524509138352,0.7595382440076388,0.6150123548185426,0.6600655625896601,0.8076851293076623,0.6061736250753632,0.6563301804601656,0.840389239345896,0.8191090227694185,0.6637355305747213,0.7806828371176987,0.5420092561868235,0.7447668750171467,0.638990045948641,0.6763113962257625,0.7344501918912386,0.7541681935202414,0.8181720148897766,0.6956583173798491,0.7411861377104293,0.5970657129123415,0.5750171414236708,0.6048076745695735,0.7514833746057712,0.8880084509848216,0.7102918326247477
0.8183478787684484,0.95977491536801,0.8737550068507881,0.7976602489684813,0.7104794759539197,0.8094579087629085,0.8631780883326482,0.9348753033827619,0.7465562146127621,0.0,0.8394555306069409,0.8792119289190888,0.8892371478331711,0.786641744907151,0.8678420095485874,0.8212080611260253,0.8201460987701191,0.8457925604730822,0.776129945653982,0.8185218307543546,0.7817342433363227,0.8939146631050071,0.8570535914382692,0.8509456095623439,0.922880467171806,0.7344099150960923,0.8361117495227808,0.8351910481070475,0.8952325955016688,0.7571432972387486,0.8743939278852892,0.8226323397418704,0.8351654631033512,0.8132104638458556,0.8170434287949121,0.8315071745936281,0.8702320797885568,0.8343974211946331,0.8278490732405284,0.8109846883777257,0.8030839963772879,0.7921920067426336,0.7515467472450341,0.7563432452803421,0.9119023149063559,0.8372437433592175,0.7627820392656871,0.7710483412921935,0.8657449489489991,0.7535802035712443,0.7642580765354653,0.7290752830337888,0.727234921104807,0.8444877533668959,0.8251076637158881,0.7999735341740605,0.753570476361771,0.7940006500708898,0.8287702668137571,0.8306904509732213,0.8719463436842834,0.638458349529941,0.6815678004624591,0.7408673113696284,0.658413143652358,0.7033928977433516,0.8223484436856547,0.8066005661609303,0.8616985070564772,0.9256210099644802,0.767119075951073,0.7445233453224657,0.6537458247016853,0.851235740954898,0.8957868305853349,0.7713569407972815,0.7835829822822181,0.7995085584742924,0.7744165597462851,0.6292362331508524,0.7218559340787499,0.7687173706997943,0.8518238936972956,0.8250553299839237,0.6517119906911246,0.8848205739252384,0.7656572805940448,0.7714243224704902,0.8758501514879202,0.8350901883295366,0.7508249702006579,0.8023564600075845,0.7988945638678504,0.7130679472507797,0.7465967397227562,0.9246414032201578,0.6578127259338106,0.8180591341330686,0.5834082388945923,0.8591219509140005,0.7885721699845551,0.8105153187584114,0.6659205463407195,0.891592519060017,0.7234506537431804,0.8033214263155791,0.7766649371242919,0.9146326857386656,0.8371657184311441,0.8810193033375338,0.7937573800645729,0.6681775696813254,0.773848729201309,0.8937350600028015,0.7517040387002486,0.8367543092115811,0.7814525664319337,0.8423824847773714,0.7754116903677695,0.8085193421202254,0.6981532949571746,0.7778890130129451,0.707234999920585,0.8240277897413253,0.6153416816248335,0.9214136217484236,0.7221260064228822,0.8714596483858634,0.8821316345042254,0.7928749923167808,0.8165278116397388,0.6944693021288376,0.7391037848372584,0.7291768433140933,0.8435078623200846,0.6831921222809922,0.851892224606066,0.7989311888229257,0.8453716455015677,0.8546850921247088,0.802073696475822,0.7957253606350416,0.8650727136816768,0.7280999076268035,0.8341592390950539,0.7936586398097603,0.7949299742259466,0.8686573362253212,0.9297525309695639,0.6832810065272213,0.7502701746099252,0.8135591933108081,0.8284051075485336,0.8840716368288571,0.8949948509070942,0.8853128616830223,0.8430375504316072,0.8518307429954846,0.7526734360555124,0.681193155772422,0.8350344300707593,0.7287151924927716,0.9034156221535211,0.7660918294112028
0.853314746427599,0.8731253607605169,0.903409885008006,0.8510609987214218,0.8619005297496344,0.819585890782671,0.9165240886125503,0.7959929514423638,0.6396728356621774,0.8394555306069409,0.0,0.8590578649285572,0.9258232244931618,0.80027845478811,0.8963172608031372,0.935961416775768,0.9486027315632636,0.8673681511365056,0.789851927998981,0.8030349465822839,0.9147920459811749,0.926409570379062,0.8460719586427679,0.9426565904878867,0.8397294228931214,0.9007769640259254,0.7795590199336301,0.8399876214523613,0.9314032594663638,0.7602528763862573,0.7855493620033179,0.8535091899822292,0.8647354496979267,0.8150166081332816,0.8287893532615837,0.8841327656072845,0.9368695761464723,0.9259061819178658,0.945614054640066,0.8873745286322067,0.8887186663743502,0.7562042709154396,0.8817091992586218,0.9274532919680275,0.8530155020515824,0.8691349925490737,0.7886581512857743,0.9494850622503148,0.9289963384600582,0.8842651516971392,0.9340887167806913,0.8640054166408864,0.7823060187699249,0.952098819567557,0.9448853162155237,0.7039413837719641,0.8979364517659805,0.8595135975708554,0.8279711667473891,0.8789173108710499,0.888631072718301,0.7473809790594558,0.8377206798653744,0.746247387280302,0.75287423116059,0.8052748592141876,0.8369815064471966,0.8705690328462823,0.858075236196079,0.8659445371932055,0.8770856947039434,0.8008189753503617,0.7337819341050371,0.9596638058096761,0.893781584100273,0.7665215640446539,0.9481591270400522,0.9278090627998479,0.841237620109418,0.8002801387615023,0.8168490196819178,0.7749840288199291,0.8539252927108298,0.865569117625118,0.8011596976338196,0.8373280871648116,0.762417007466725,0.7905637997665275,0.7794471973613506,0.7463826531777855,0.902877493951961,0.7020392909510476,0.9432082604545868,0.8312419575060795,0.8793916492803248,0.8621013374782905,0.6612932331062061,0.7074145661076915,0.6670161640190275,0.8265211206280614,0.8619770346136907,0.8732520143403436,0.6993127173662487,0.7607653580652683,0.7767904541468033,0.8647813095061588,0.8781043530740658,0.8305321547136273,0.8929699326286177,0.9162048551164423,0.9290767424523341,0.8463343786440772,0.8476278354479683,0.8284869866739935,0.8641861334272339,0.8788691485052378,0.7522111775534062,0.8801763204534007,0.8970721680602979,0.7546546179329467,0.8935020376793418,0.7993989019452193,0.7938101100460836,0.9337897228158867,0.6760781909477035,0.9589671775901157,0.8089786224263426,0.9038455342690686,0.9013818441255077,0.8438690506585307,0.660941935400887,0.8025886759108979,0.8200548519158357,0.819533103442897,0.8959016978503015,0.8263802288453878,0.8531630514365601,0.8786133362563336,0.8270491855614512,0.8798163134586088,0.7925422831405449,0.8946398189295959,0.8355226869941504,0.7525588331001746,0.9777173455000274,0.7655531795067873,0.8082711553124985,0.9014023705449358,0.8076051127767421,0.7209016016204335,0.8107710173119688,0.8218930022117924,0.9145350974483034,0.8340180222690203,0.8816620637400483,0.8642700193141544,0.9131192481159959,0.8948484266349473,0.8015800133784904,0.8608144142273814,0.827324444783257,0.7561140485504236,0.7866728969257859,0.9314959222151363
0.871480921344783,0.8754476011209348,0.8739451109737715,0.7405691974102553,0.8299803280805866,0.9140752424379592,0.8742458207276987,0.8705165783716428,0.7817220655636901,0.8792119289190888,0.8590578649285572,0.0,0.8360779957083867,0.65222098802844,0.8305364060804279,0.8902220614285746,0.8636141875178484,0.784193627567397,0.8952267595830579,0.8140522371011115,0.8995344618783171,0.8677069548863239,0.8328596519094081,0.8556579576303015,0.9435834773942134,0.7551846071505327,0.7144192865954149,0.7821488004208534,0.8025251461931759,0.9084916388224998,0.9055458474227595,0.9130563616800524,0.7641423794636771,0.8692808340946906,0.7820882344023617,0.7967340635788916,0.8937679292214948,0.7984045016455209,0.8842037392643033,0.7418987722099583,0.7686515860566393,0.912595748249109,0.8583933533794692,0.8503238405987812,0.8263152078117088,0.8180082921635747,0.8650083494149126,0.836906164471109,0.8637221644035511,0.7997000702058531,0.848948833663724,0.8240743271430898,0.6866610333248252,0.8307108201831181,0.8085519696891363,0.8456346562169904,0.8306737175988075,0.9521404669180463,0.7079317010169188,0.7839819119209734,0.7714459049881163,0.7130468692247578,0.7718888462203121,0.6594632282426622,0.7091230053943653,0.7170011744275842,0.7173050445715605,0.8485825955389108,0.7535986978573364,0.8915996007116902,0.8307871295662106,0.6581764553066052,0.659741739911912,0.8433368383580837,0.8687604058789518,0.7671166469073865,0.8127377809311735,0.8562606528885488,0.7654338121654564,0.7279167104052001,0.7848391549953222,0.8522947906688503,0.9067550772044545,0.7278075223009164,0.7681700797084582,0.8442347545066773,0.826296825482875,0.7528906132690115,0.8197324053119448,0.8121878229842351,0.8570035086363583,0.8567487039131303,0.832923220537686,0.7449727238625757,0.7102012987370336,0.9222244059655872,0.6464762483108965,0.8589266862102732,0.6510817960924163,0.7728732867455522,0.6983117267555309,0.8685521578033565,0.7229746441744603,0.86367958046687,0.737701592451469,0.8471698973519174,0.8094786724407517,0.8937871750643328,0.7836984860151206,0.9225636139635081,0.9190159134702243,0.7596868152528976,0.775274099944675,0.812282185873343,0.7195461378614492,0.840416189327567,0.8234939342369963,0.8878827550794808,0.8074682619241886,0.740529757411688,0.7569275227226626,0.7699215966586962,0.784586951819424,0.8930935352128343,0.6318405101962774,0.8874862830101159,0.78358092297194,0.8921152172649992,0.8311400782324794,0.6957266072452047,0.828330664344907,0.8069105767648267,0.6691981214695423,0.7875083046200713,0.8191251163654576,0.6966498505504334,0.9110449031643391,0.7401781286554592,0.722120572998034,0.9278298109075711,0.6897733813718192,0.869806279228712,0.8552165072039752,0.7338606207268893,0.8613741011711936,0.8851762471120828,0.8993502649734988,0.8332450980595704,0.9105019066019331,0.726729522376305,0.8060929345514547,0.7822944592154243,0.8418253872092926,0.8312572313584583,0.963703423898982,0.8425567959250251,0.7966624390866601,0.9157552045810918,0.6604124158111361,0.7517408970594049,0.7046932461525146,0.7789524288136587,0.9201812878877232,0.8521231046773261
