0,1,2,3,4,5,6,7,8,9,10,11,12,13,14,15,16,17,18,19,20,21,22,23,24,25,26,27,28,29,30,31,32,33,34,35,36,37,38,39,40,41,42,43,44,45,46,47,48,49,50,51,52,53,54,55,56,57,58,59,60,61,62,63,64,65,66,67,68,69,70,71,72,73,74,75,76,77,78,79,80,81,82,83,84,85,86,87,88,89,90,91,92,93,94,95,96,97,98,99,100,101,102,103,104,105,106,107,108,109,110,111,112,113,114,115,116,117,118,119,120,121,122,123,124,125,126,127,128,129,130,131,132,133,134,135,136,137,138,139,140,141,142,143,144,145,146,147,148,149,150,151,152,153,154,155,156,157,158,159,160,161,162,163
0.0,0.5381828689136285,0.46823009943139543,0.557368546632918,0.5156588371611514,0.5326116251032212,0.5498546833762037,0.4976916716516651,0.6488837726648622,0.4585127556413516,0.5499056017881442,0.4912540256942555,0.6261336082770341,0.5322897248599862,0.5901266709472268,0.5500776108731005,0.6062063379668603,0.7088578732360024,0.5618461295322613,0.6788613149622336,0.6031334631196266,0.5452949738684951,0.5434403690011771,0.5749051983406467,0.5815534564379563,0.5517311625739283,0.5407143665509175,0.5919807508599615,0.41445851055763666,0.577773351874843,0.5886865964755282,0.5746594702157051,0.5570713409099493,0.5238835974478868,0.6193488355610842,0.4995965413451108,0.6275251371771582,0.6150082954020248,0.4960670260895586,0.6343732394832666,0.5670710314949001,0.5671845443728684,0.5872078521726309,0.5951908882877193,0.5733615967810606,0.6496697191575758,0.5360806117985923,0.5250439954673675,0.6212130430477389,0.6372004435295094,0.6676469098971612,0.6213915807837334,0.5476550116753754,0.5525691389592936,0.5007738989339204,0.5614235142492652,0.732488436560893,0.5317894712108499,0.5861098975459675,0.5688305038975496,0.5151723010292211,0.465277077497997,0.6014710857683733,0.47042907528922473,0.6219825236030814,0.633010635476425,0.5993844273761593,0.6067728994195501,0.5761048821628321,0.5385415680819673,0.6721337703657135,0.5882897169675063,0.6039153204898113,0.6355308603902242,0.5873804368629005,0.6090767643771963,0.5226193053577561,0.5304729080476758,0.5944064620429582,0.5206417473244104,0.5651949583265594,0.6387510470342534,0.6121466696912488,0.5471799990218494,0.6302254407488548,0.6416531227735127,0.512772978343096,0.6418602577745086,0.6005515055130805,0.5600903465819504,0.6377292119079562,0.5610649534279936,0.5764963886236236,0.6505137152919314,0.6268885357361063,0.51541944259743,0.5097335201961122,0.5352349532084184,0.4545979117332776,0.5985054702753834,0.532325518548687,0.4438721889061487,0.5610489657447965,0.46627750305772114,0.6200986690000639,0.6036837434058211,0.5618643030196134,0.5524873414987154,0.6175373634399373,0.5464209652712696,0.5685875745955048,0.6013987957800929,0.6269132766128628,0.5477732379539457,0.6116989443677954,0.6221844695984866,0.5947029097334684,0.48665330240434435,0.5079535865712218,0.49103770471708114,0.5930981080235748,0.4916395962014104,0.5706784325482365,0.6658890988818496,0.5732979989124787,0.4963599923395901,0.5029113866205004,0.4690247722118678,0.48014003144231976,0.6389594439933882,0.555181897846157,0.5672696161620595,0.5371431605186261,0.5637902656774596,0.5375156721272547,0.5738788664855997,0.5920910272418658,0.6318905182170375,0.5610434792170124,0.6075670867902926,0.5481727015938939,0.5083873594397302,0.6338975731953799,0.5477316308748703,0.5856099498717918,0.5891592691534001,0.5872708344896126,0.5412416171615299,0.5144498383977919,0.3636036776110441,0.6449507168628615,0.5575197812060564,0.5854272808531384,0.5098331018533347,0.560334103719054,0.6125302272750357,0.5952402038271337,0.5815920239123916,0.5970259944948827,0.5975132321984422,0.5205344104971138,0.6252947017447137,0.5271885695600805,0.6545411440859603
0.5381828689136285,0.0,0.5381512649706137,0.5146061153533263,0.48559404352958496,0.606105803313761,0.5331319659893133,0.4703544133494116,0.5226216773261949,0.5928376574253243,0.5372472488105252,0.5790272526942757,0.5546864215359981,0.5534299221783773,0.5188289752391237,0.5602138707343528,0.6040906410335364,0.5116336990024649,0.5665869046667366,0.580630486501954,0.5778181598133753,0.5663965015855073,0.5089285805885968,0.5450707369683621,0.5993234945675721,0.4636063400289456,0.5177315087895912,0.5348830153311259,0.5879743392855361,0.5262588777058739,0.5677112010136218,0.5972436898971478,0.5740588048177154,0.5134890571733076,0.584330085340139,0.5770307657506024,0.5234154535229644,0.5724301828449615,0.5251082848880402,0.5748154317970905,0.6370808094345316,0.5445361151683473,0.4764805964631578,0.5875653549430336,0.5447844420328086,0.5217549297538567,0.5420092278293438,0.5249946744155314,0.5600162194754935,0.557557461734825,0.5365825080811932,0.5384028196098749,0.5345277485084561,0.6185080477965738,0.5670424357473453,0.5871134370162665,0.5451590951051908,0.5288484282136228,0.5565466057458349,0.5591595375974011,0.49252041617096737,0.4565005874496201,0.4866248865647292,0.5326974649497671,0.48729677460738235,0.4852740530286081,0.51362889308666,0.4872678534083603,0.5067055510716293,0.4572441735964448,0.5050137636916365,0.5534820922051155,0.5056177296362221,0.5435957815358667,0.5870963565834558,0.5273295391519066,0.4676046361709725,0.5742293956720201,0.4820678545846656,0.4945790236821191,0.5679443068408994,0.4971904937839989,0.6025342478306949,0.5340219172550098,0.5289466913578722,0.5974542858720147,0.440226513998709,0.5039102605666622,0.5435503068894885,0.5348018597529858,0.5135974893028159,0.5839695004697242,0.6355883809452184,0.5291039514416371,0.5376402462084755,0.6097132591812036,0.4963989330456423,0.5986627910480132,0.4650200900022805,0.5441097088624938,0.5612870150201562,0.4032839407278502,0.4759920458223507,0.5355675008047875,0.5285698331309553,0.5221951086462628,0.5393008226687396,0.5850693560445184,0.5970078644687065,0.6072968254211923,0.5574592260751029,0.5097468384272624,0.5312168641011344,0.5263223094296282,0.5120739712896544,0.5491506919602772,0.5812669453634423,0.5067034142616409,0.581284499595261,0.49095311294410604,0.522961269143308,0.4336800879277747,0.5361202335973794,0.5765266688268149,0.5244976312147692,0.6043722709656434,0.4890449122408432,0.48222105840337975,0.6404842044547574,0.5584601840521028,0.6128015960178588,0.5370188396491961,0.4576201349476343,0.5225820444634375,0.5343155953096698,0.5204271194399595,0.5867254057333614,0.5677403264179961,0.5571148056482669,0.5385764525243123,0.5273136898627604,0.5955200115780203,0.587719371325502,0.5759224257361022,0.606144317048419,0.49206754915544265,0.5574038613983184,0.5739239070691339,0.6409044799309873,0.42926021256226665,0.48614369248641026,0.6191628920533572,0.5527474692068485,0.5891494866312547,0.5771837009935982,0.4976036164149847,0.5022404945665215,0.5643723107113773,0.5476568916725458,0.5004223930875382,0.5347231173922319,0.5703109226473492,0.5051655700304493,0.5016204501796373
0.46823009943139543,0.5381512649706137,0.0,0.48173947484383156,0.48304306882808395,0.5614128833904691,0.4613559134243848,0.5042143170667552,0.45307691649660464,0.5962632780262618,0.5758874516760345,0.5601141166781137,0.5368360632161371,0.4242440786675331,0.498799106252757,0.5915880696508626,0.5410113861211543,0.4764468252218008,0.5204292267346856,0.48786378956032994,0.587039665047575,0.6430204253689108,0.4437880785242294,0.5076090953508835,0.5701870787546021,0.45927496705138404,0.4637176609857136,0.47012237256320394,0.4957571235178813,0.4903072350325106,0.4862815346809726,0.5377894599544876,0.49324327877147905,0.4308433034546649,0.4395861091058254,0.4801224170671861,0.5174219624120633,0.496183539071033,0.5083448896525743,0.488475558134124,0.5061503127269501,0.5056644355905757,0.5200525737181501,0.5106565149138486,0.5076668497943767,0.47529934594411116,0.4644671424193625,0.5703431131117912,0.48597635600481603,0.4922212932443297,0.5077518578044846,0.4742663682478437,0.42337814494163706,0.5873143533487281,0.5360785348604202,0.456939484584106,0.4776304218361494,0.5695344545746589,0.4879957233185946,0.44474508455038686,0.5133845026476791,0.39427372938883914,0.507096162507947,0.42852861537646175,0.43887131815207814,0.45958493527225003,0.46730602187560893,0.5151492392056584,0.5509801290892051,0.5055633179767713,0.48564078208374695,0.42343272399999904,0.44492634508014767,0.5543639831893992,0.5467440817008304,0.41580411650911586,0.498589213421146,0.5110379286323598,0.45217172765253183,0.41250196341106776,0.5141729048774694,0.46236450173596033,0.5458622611089956,0.4818003799059343,0.45621424735065724,0.5065610893310033,0.46131710264464254,0.45593869888687305,0.4563854738213015,0.4483597692616426,0.4832222835253129,0.44197240593633547,0.5258588786806229,0.427081998853776,0.45569536512908393,0.5619399191413301,0.4666360312525579,0.47623306009224564,0.3675741942172173,0.4473058228170084,0.42817520368827405,0.46753931743434407,0.44526661380113264,0.5315069859825116,0.4534832487649944,0.49610699828163324,0.5378178989960617,0.5185398295678681,0.4954805837272959,0.5534661397417787,0.5129163650683551,0.4455293372644189,0.47425552932184634,0.47574838401092867,0.43144501357169773,0.46215239467270586,0.44792030569964286,0.5362933040499631,0.5696337291881309,0.3988837923796604,0.44446404959944463,0.4342226643046157,0.4293688449121512,0.5039813686546663,0.4064066465670073,0.5735744239126512,0.41405878346199093,0.4658822737738532,0.5237463792899193,0.4969876908416144,0.4866749218370313,0.5804793740006854,0.4137088949228014,0.420878208041697,0.5482404159917561,0.4436067603346474,0.4878768357135969,0.45618481360615143,0.5506416479456911,0.5072000426308388,0.4839042432460478,0.4755673776196367,0.4628065113834908,0.5133928030106618,0.5275446793566876,0.4468969625025905,0.5216779902847631,0.5310779867619954,0.599786181695123,0.362494355321909,0.4463330822166438,0.470220440480062,0.5201733132621269,0.5806885541201902,0.5661033937513905,0.4994641316629381,0.4728180355751735,0.5510969440034473,0.4254477937164418,0.4347811924671597,0.4790051672494671,0.42632748645860985,0.44827989752028785,0.45508731968967475
0.557368546632918,0.5146061153533263,0.48173947484383156,0.0,0.4897539144709332,0.5412292189430833,0.5673717003316978,0.5262741126997277,0.5386651666841097,0.4719059175102792,0.5669675434710985,0.5423948185878138,0.5471662240336236,0.472711350948441,0.5543857294839486,0.5190888108267047,0.5455046341097949,0.5353176877987659,0.5650512212911204,0.5031425681869164,0.5890408538966171,0.5301054178133361,0.5318626261763187,0.5285925194069582,0.5782483232301273,0.5575724240140119,0.5511550136560712,0.5540706374843567,0.41853939598035833,0.5112334721018945,0.5536204512000753,0.5238414182098188,0.6457322685023896,0.5219601190384535,0.5198695372991198,0.5068574421194576,0.5763164166927943,0.5430249588943199,0.5102934556232706,0.5778879830518263,0.5638830063235017,0.5454878183263872,0.5213687996172329,0.5817445165377869,0.5527502591139756,0.5322001991141116,0.4553026388282181,0.5093826659520052,0.5558146209411482,0.5230253349960745,0.6269213021791602,0.5673944760213163,0.45712540166014326,0.6240439694387667,0.5312038974281134,0.5107766300818247,0.5547389588278572,0.5908775738837745,0.5145995700362122,0.49958219743251053,0.5338211822114941,0.42709821555256855,0.5488112268818156,0.4318140845306146,0.487886215814968,0.5088019702887052,0.5862149178633433,0.5266673364202675,0.5182354295508184,0.5578540443399164,0.5505416744127148,0.47932097062601303,0.5553614304081123,0.6247309784376301,0.5454454773616729,0.47386007881160314,0.5453133095419868,0.5348495846551568,0.52647011105015,0.45690964010029805,0.5066774979123012,0.6020192253419554,0.5446370602996028,0.5045282283143772,0.573228299725525,0.563804265508603,0.527550279695852,0.5467556436766753,0.5292760264084075,0.5303406566696606,0.6156760539654865,0.5612355098461448,0.5280059595139118,0.4955602485174742,0.5690474881391147,0.5477531172679523,0.47926628160834084,0.5460387872090812,0.4186639824226759,0.5607625878695343,0.4815592303356929,0.4663961207791552,0.6352960965941276,0.5101814814335879,0.5416227590647529,0.520269880435602,0.5386812546932185,0.5357698422515681,0.5308258478992218,0.5108607069229314,0.6293839977548755,0.553161102270608,0.5897135794828695,0.553664984112814,0.5131526523274326,0.5500675059202149,0.503602737834646,0.45716463529832757,0.5533223945457496,0.4855895919695991,0.48769393650211873,0.5469540075928666,0.4853407666070024,0.5917858366661616,0.4708909694454749,0.5158239249711684,0.4803556391836051,0.4696000652555762,0.49241976280192024,0.5228184009347644,0.49994879849866913,0.5356261096778551,0.4939054241543965,0.5393755015865769,0.5119690670035831,0.4433807648948919,0.4669296356232107,0.543152681392261,0.5369180179868073,0.5686283752896373,0.5676824907207901,0.4691881403903833,0.582816185753186,0.5613325931297967,0.5564146543411483,0.5513932853499708,0.5500959177627031,0.5085057376772167,0.4897586723545421,0.353747734596458,0.5968040735412525,0.505776925878468,0.5433047297066029,0.48970611503050915,0.6271091625650306,0.5622784513661765,0.5183259211558818,0.6109981351100783,0.5869677861239766,0.5488889630868133,0.4759513998744962,0.5163247935734264,0.5158023046883243,0.5671926053616273
0.5156588371611514,0.48559404352958496,0.48304306882808395,0.4897539144709332,0.0,0.45697838594317736,0.5747562514878254,0.41281910912200936,0.4969917328599175,0.4433329959702079,0.5322521443762505,0.5034707070043606,0.46799507281927977,0.4390776963722154,0.5380489864794469,0.5018176954294297,0.5221045028084068,0.5090988823103124,0.48931861848171454,0.48216751079721176,0.5794300964513956,0.5563768825854681,0.5129251518921439,0.575696260241985,0.508091956754116,0.5029114859963758,0.46862235140198216,0.45149380525253036,0.4245963414950206,0.554042275419968,0.48300558082054673,0.47164434619764467,0.4833867073463069,0.44111609308579797,0.49279146296738985,0.4640234757847837,0.5056862713410528,0.5004953904425663,0.4935845037232713,0.5495359021334799,0.528610471483043,0.5587769126863165,0.504296305949224,0.5789909845969211,0.45506231507054085,0.47357354565077614,0.5116483064923438,0.5156788247108811,0.552110542771627,0.5184459681105368,0.5455014856515211,0.5115844342678372,0.43871887970322726,0.5149766867982852,0.47352192474794796,0.4802758757181672,0.519122274055379,0.5176329317620144,0.49536446846880605,0.4548580211415063,0.4110969455827289,0.395836776685651,0.4724796181632479,0.44213458965231434,0.4877801830366112,0.4428422666767486,0.4710070703103048,0.5219700982253379,0.4859286711438031,0.44421331165371347,0.5183657810966867,0.46660319857588656,0.46847069790130785,0.5211386553237946,0.459099934845406,0.4319609764480796,0.47339809380370024,0.6028538631685381,0.444769844884061,0.4571807797274674,0.4775004261013298,0.5185761528128541,0.5692100824086511,0.4214749562762514,0.5031869250444745,0.49735853041280415,0.41756148602990256,0.4808985362543584,0.43281545900916013,0.47040926912492964,0.6016661899107202,0.48950211242213026,0.5424692836408849,0.45087057152888255,0.5218658111175161,0.49671902482354047,0.40964488517877273,0.46889220683484845,0.4187111798335094,0.44328516402334833,0.4466572077188305,0.39722423884171676,0.4904793007658544,0.45907304493135387,0.45907920493448,0.48486388129109004,0.46070525166984955,0.4919380809421018,0.5143604674176186,0.5254494164542994,0.5525099401438135,0.5304921612804849,0.4614068325145735,0.4705505080649368,0.4437237642283415,0.4994537881027269,0.4519939547466558,0.49072732099746075,0.49202578192084295,0.42422970215332245,0.5840038219603007,0.4178570455801611,0.46607892490274005,0.5531463461000472,0.4740679303087331,0.4631926544071478,0.431621287103748,0.43653109912042887,0.4440886073341805,0.5094527071514464,0.4661523767044314,0.5045624664870503,0.4111669066445826,0.4834455194398866,0.48387695351246507,0.49103531841508236,0.49056543466633873,0.546828799151083,0.4983654946103688,0.5267074297475531,0.4403264774164696,0.46521025221696455,0.5151515450188404,0.5103504764222343,0.5472960489243055,0.5103030480988966,0.5783534685315409,0.47582088829461067,0.47823340298214984,0.35052247426561706,0.47713241710824916,0.4713278257592825,0.5445132396254885,0.5348245960007432,0.5275644997454436,0.4816933835978133,0.4726839083586684,0.5328346678749035,0.4829228114284449,0.47612724969568887,0.44374495194650165,0.47977793008872105,0.4846360871108785,0.588087431026435
0.5326116251032212,0.606105803313761,0.5614128833904691,0.5412292189430833,0.45697838594317736,0.0,0.47648781440387056,0.5475382419808301,0.5080412988218069,0.5264714608980181,0.5607055119987676,0.5687747189475526,0.6285410108247053,0.49897452637383394,0.4933716376282465,0.6205527373252396,0.5856107842198878,0.48620035377602894,0.5444597743139844,0.5293142928824425,0.5694428256104384,0.5376523826798041,0.45254284291852825,0.4933024023231846,0.5694819298495549,0.5024631815220884,0.49331087838980986,0.5272423396542346,0.49390673693438303,0.5246465727398997,0.5576280126539056,0.6310357867317625,0.5967926905087481,0.5031032369020196,0.5077623508267934,0.5415201857778184,0.5746419032171722,0.5609673317387569,0.5156244663891426,0.5152605328334431,0.5605703077675213,0.5107587965583454,0.5019062817011762,0.5709640272882643,0.5706262302742464,0.5264798201027505,0.5012995042654013,0.5578706199465214,0.49676320162868204,0.5293601616867192,0.5572590138802345,0.5654263544804522,0.47798013944280193,0.6237287102991641,0.5692055289937659,0.5473275077875139,0.5294427325256007,0.6095780518920605,0.47759177714384,0.5272266560875575,0.5853476667327195,0.4770503154671078,0.5673901647095407,0.45284146048365265,0.4544157914218004,0.5066558315072399,0.5210712226647841,0.5204693043181633,0.5065926118525941,0.5160783577331203,0.5327673902762551,0.482169501836508,0.5063704275769815,0.5752398356241192,0.6437332266758309,0.4970439973491519,0.5142332147181806,0.5424796635089024,0.51264673461273,0.5008112509360199,0.5766517280968971,0.49669395848618303,0.5893405569525793,0.6050788741492904,0.5171866261400029,0.5875019357798495,0.5137372257794957,0.49702803450855715,0.5617754756191685,0.5289651154039176,0.5206855922441657,0.5241155520729658,0.5644127977120675,0.5079454950682931,0.4975751358039132,0.6094892266322061,0.5326828408324126,0.5526728453479781,0.4232072385052066,0.5507045168849879,0.5102763812511633,0.45343261561087866,0.4793597059772351,0.49733874770649095,0.5420662295956299,0.5565475937172035,0.5793178083010211,0.5341511203569455,0.5374827421366419,0.5466611878600347,0.5448391965634619,0.48385456142367916,0.5874828049188913,0.5233512234014478,0.5287144404184894,0.5521187712661215,0.5269139324545689,0.463730534803973,0.5841396702821682,0.48435173588528546,0.4765754216929595,0.4960224106930384,0.4987097596616598,0.5783897576257226,0.46202433666746306,0.6227286294424699,0.48676893126392284,0.5259456466488098,0.5859882153698079,0.5192404007650988,0.5668509316906469,0.6068222623053946,0.4951443465762847,0.5022773296966255,0.5151426880361534,0.4628245393597657,0.5403360505292053,0.5007214877485732,0.5017751792517094,0.523492168559516,0.5442075330470576,0.5547144654840773,0.5249119163488853,0.5354686769252853,0.5668927034678536,0.47992679383418974,0.5542961926516706,0.5650144606102107,0.5530870695202589,0.40569413252612985,0.5040928556326865,0.528379073021762,0.5018482822106903,0.5115101670552683,0.57459000237372,0.5194925835645797,0.5017694103499664,0.6251631123574666,0.4957983666085763,0.5215271015436939,0.4936252969564123,0.5110132214101457,0.46695639467145744,0.48605316326915143
0.5498546833762037,0.5331319659893133,0.4613559134243848,0.5673717003316978,0.5747562514878254,0.47648781440387056,0.0,0.4216306821640308,0.5009566555467772,0.49505415905118805,0.5286939242739144,0.5250467438479126,0.4968794921575727,0.47195991402278836,0.5593359532543815,0.489883993857186,0.5409488136057778,0.5418288610712991,0.5416486713792598,0.500231406580228,0.576517767154954,0.5287025844924517,0.6334763174608138,0.607104611575155,0.5814365413766863,0.4946437477485722,0.5134845651258069,0.5155840836857682,0.44582423702071095,0.534812045614082,0.5124666774855742,0.5144205861426081,0.5261608655704876,0.5080668677871619,0.5312722782767102,0.4728177519348278,0.5318756645011831,0.49176757267966403,0.4850041501008669,0.6419528675677031,0.5370834954519333,0.5840305314399526,0.49138115629268286,0.5922889747713939,0.4840738036665016,0.507925745992832,0.5066134659231583,0.49818128364147146,0.690326463229848,0.5102014250984065,0.5866135340367346,0.5190866805703834,0.46877456961238306,0.5512429354237249,0.5032611648191478,0.5246386852129481,0.5433547985150764,0.4958740823688843,0.5882710085149788,0.48486026439341456,0.4347947467009788,0.4009855501666365,0.4609699796100122,0.44821120727186475,0.5093553708434025,0.4710810841315742,0.5303812678044291,0.5205919820885351,0.4854400158857202,0.4514692431617598,0.5092719793310967,0.4998180272387651,0.5076880562755987,0.5620281004691161,0.4697064778595339,0.5001461719816671,0.49753925477596733,0.6069914102674746,0.4529928242394807,0.4827006198511773,0.49573689641554464,0.5369120850893087,0.5719087900951803,0.4303253438871274,0.5377225092222485,0.5017807690605582,0.42812525168442006,0.5325679977746076,0.4873686839703655,0.4944977153570269,0.580032262596691,0.5637450449980609,0.5588485380524728,0.5005702238459586,0.5680977078448036,0.5226057173862433,0.41431418540412207,0.5211989689967691,0.42890674768621967,0.5125173888768938,0.48184202701195633,0.40273119507615174,0.5541767858517468,0.4953300740236246,0.47540610877246997,0.4853944636901193,0.48331791250736006,0.5366934856148436,0.5635887337666902,0.5735804804898713,0.659141703879168,0.5347869990137807,0.5127907641632127,0.49361183321985774,0.4639238907032103,0.5196743342580329,0.5190146855347304,0.5099261902356353,0.5303911530765127,0.44632761846565877,0.527080266050228,0.42403133415807664,0.49559090523845595,0.6116162650582224,0.49739432500907466,0.49081238413726047,0.45524386287328494,0.4305338366591769,0.47165396999729914,0.5184580966371127,0.4857684930100684,0.4774689681004812,0.4317349329130065,0.4912430120470456,0.485920919185531,0.48371585264417816,0.4950966194550351,0.5760965119986776,0.5239371473642486,0.541591069192585,0.4896552012802207,0.4740609842327133,0.600289389601515,0.518558692704077,0.5597121792959918,0.5609150623485146,0.5197548746207262,0.5099040403089793,0.5024885050423278,0.3473331990748216,0.5102976091685659,0.5309179941670239,0.5412302498788522,0.5509278280788522,0.5694676280266607,0.5040874383928265,0.5246631662810955,0.5677068503477065,0.5877331300074595,0.5443765067054372,0.49053070926480635,0.5356761045480714,0.5178866398424732,0.575950609281717
0.4976916716516651,0.4703544133494116,0.5042143170667552,0.5262741126997277,0.41281910912200936,0.5475382419808301,0.4216306821640308,0.0,0.516743142034692,0.4507105471156803,0.5337188678782471,0.5129214924031695,0.5871016514938728,0.43938342697128857,0.498245976421681,0.5655890966007455,0.4914797175078259,0.4777894542888451,0.5020103024287925,0.5036436683343053,0.5078811463478279,0.5035524660544852,0.42630563934402527,0.44377046211502275,0.5137200800416913,0.5079807569833407,0.520433728021244,0.49319599810811754,0.3988592869926485,0.48903755702481894,0.5737460772608639,0.541788478940152,0.5376408037320898,0.46891480358229864,0.4532816518744832,0.5007761411750007,0.5782739769956987,0.5509395212104292,0.536383357641399,0.4597321909586405,0.4825977003743438,0.44405562425893375,0.5556152031490168,0.4796599057636045,0.6337846853018176,0.5252053150272196,0.4172155752673473,0.5087632059177547,0.45698031919467663,0.5135028171141958,0.5347866382028482,0.4738431383383859,0.4175832913053883,0.5459540010939679,0.5380399512142301,0.4460715310572593,0.5040983320135878,0.6072596592889573,0.43866216959717136,0.49175795289415397,0.6957078450905689,0.4488364332619666,0.5737997112665605,0.41250201071277354,0.43776621123690956,0.5109284587733958,0.5271401048181844,0.5059229876673962,0.5366642900484829,0.6744446915304018,0.5332762047043482,0.44302667328695156,0.47166403191429207,0.5654583168657836,0.59341987191712,0.43886059898266894,0.5615322817948899,0.4543536054879951,0.5638435918317704,0.40382003257867455,0.4612506232759098,0.510291803855443,0.5013401871739454,0.5783906738326854,0.48419534897393235,0.5564809266077928,0.6598177324864191,0.5167609235089601,0.5386687611212716,0.5080386728905968,0.49633636979231166,0.4618324253380329,0.492451599501948,0.45531324573158183,0.45711184053240755,0.5189688200106872,0.5789616190975577,0.4647315112622244,0.38116415869337633,0.5038829503460049,0.4664639942549176,0.6155569388849301,0.48580884551233405,0.4571093465502899,0.5435018622691192,0.5371239839900843,0.5798577442242681,0.4639318835125,0.47480473791692673,0.448945825094603,0.47871038656850035,0.4734512028697665,0.5177394604835461,0.5336197247293077,0.4989298254802415,0.4773116272981265,0.4393992903813374,0.4537339643501515,0.45590326039610857,0.4385771005313677,0.4377443127547657,0.6246708857485295,0.42219227172408186,0.5015195120635647,0.4089797161873992,0.5339928700386269,0.44386117859687874,0.5604404963568402,0.4729466821346311,0.512468164270185,0.4843297328764502,0.5670901155247263,0.5395333382567837,0.4627609279787657,0.5281817151094667,0.41477249961734225,0.4693136509199066,0.46343054646738313,0.5192919389230043,0.5594149483495531,0.5133140337545462,0.4632593214850461,0.47007193818751325,0.5133796132004217,0.5079703016408817,0.46349939636031356,0.5277788189422056,0.49201719180008247,0.4828983182686758,0.35795338487435524,0.5524406313291135,0.44021961567594553,0.49751512890966754,0.45907680116165817,0.5246174402034364,0.5816542269164534,0.4797469930201176,0.5267662608291002,0.43942860302994563,0.4728361330660903,0.42649368893648765,0.434541243233971,0.44387049801430223,0.4561547622767766
0.6488837726648622,0.5226216773261949,0.45307691649660464,0.5386651666841097,0.4969917328599175,0.5080412988218069,0.5009566555467772,0.516743142034692,0.0,0.4399560856401435,0.5197026030898444,0.48255300140137036,0.5535869343992329,0.5337781644501077,0.5529675696867149,0.515698353005007,0.5342755235079903,0.5911429851054207,0.5095575147978879,0.5958458735526839,0.550385424487217,0.5363848240123865,0.49383886284304035,0.5030852050547567,0.5329996222285749,0.5217441020069394,0.5588197772069429,0.5166918454806497,0.4020445700432248,0.5635833196004776,0.6059032766713169,0.522743844142369,0.5403661955628292,0.48043571954326203,0.588291162300992,0.5125135728494234,0.5768211896969045,0.6445147857133149,0.5112397659685932,0.5469187561930495,0.5444479413047004,0.5606572950116046,0.5267262715026261,0.5428467128816631,0.5532066127159453,0.5577516673224182,0.4869634615186688,0.48509128525014167,0.5367240452106936,0.5989594039372441,0.5838114891201305,0.540045861685568,0.5084508987675235,0.5257371242126122,0.48427480221769686,0.567642008952263,0.6108199949746348,0.5368558679379293,0.5212577868207606,0.545023302758226,0.5056346180434229,0.4740366000446791,0.5386566151059715,0.479554178334102,0.5575107281631237,0.5426107806182088,0.5938165058357616,0.5551403093475276,0.545500787490778,0.545666820174608,0.6351115821513199,0.5666169799891584,0.5845641669559337,0.5672546391241082,0.5718299572872038,0.5180715837411668,0.5008786115788024,0.5098267699478903,0.5509279802215624,0.4741300876839029,0.5143058221316804,0.6705006476277738,0.5868384183244716,0.5337242478638837,0.6014239127899311,0.6491872097100277,0.5285235635551094,0.5997450682104518,0.5508329725151542,0.6300014506851088,0.6125785875520167,0.5796067240275683,0.5362972919567118,0.5410572138269356,0.6249879066512752,0.5168588099251006,0.5312942835244502,0.5198476102191182,0.47711082219094214,0.5453967839222232,0.5392476123142809,0.4439486460250783,0.5434525378395854,0.45220213896558675,0.6189477387699073,0.5467126737230965,0.521773651756481,0.5153900347038216,0.5399478575390669,0.49283849400290686,0.5135694260566483,0.6155162311381188,0.5781366235600722,0.6071972776224187,0.5457141160394976,0.5676674548224634,0.5139007881264518,0.45501662042931734,0.46191647682598685,0.5269759345323699,0.5801308731766149,0.5303009458585469,0.5187008089731053,0.5772825388591527,0.582448419422814,0.4718476852747831,0.5117275514325623,0.48244881536648626,0.45917751390033057,0.6044545251206895,0.5895298845176054,0.5645982935056142,0.5534957895055593,0.6346043163569758,0.5276049241317923,0.5232279030671506,0.5196396311717607,0.5804456656727356,0.5262061880795074,0.6140745965835426,0.5122003833718564,0.5141926959271305,0.6216192286188439,0.6037414727669923,0.5781018049810444,0.545778380487723,0.641132171025555,0.5069208258445773,0.4891596133358151,0.37529177688414417,0.6186991564685053,0.518562458500777,0.5714161615409867,0.4934970687710985,0.535473733738696,0.6091628301150613,0.5176605595092465,0.5386787147010372,0.5503808291999595,0.5324777260257307,0.4729572107990264,0.5852396242267175,0.5599399500398521,0.614492743577834
0.4585127556413516,0.5928376574253243,0.5962632780262618,0.4719059175102792,0.4433329959702079,0.5264714608980181,0.49505415905118805,0.4507105471156803,0.4399560856401435,0.0,0.5183919745770036,0.5507658265972059,0.5020351719056617,0.4404687629932251,0.4751044538479543,0.5244656562587293,0.5284228611110691,0.4733856764260844,0.534383400446793,0.4828220119011543,0.5314171109552235,0.547924054961963,0.4861449480324816,0.49274137594279016,0.6225208084778512,0.41728488459733487,0.47594704878923166,0.4925965059517668,0.5797039923565461,0.4797039795820578,0.48098412329880047,0.5413868516174375,0.47945435119220103,0.44956262890665144,0.4546355824654756,0.4701799900175209,0.4838735512812587,0.47480210644841303,0.4698467050414144,0.49691465604862517,0.498857533082318,0.5059569707475705,0.4643657801344116,0.4940082179804666,0.4806885399034237,0.46168777326978844,0.4629715522607976,0.5020478453889655,0.5227182233695883,0.4614652307179619,0.4771714073979978,0.4470931804114939,0.4383513317197482,0.5427209264043347,0.5272145070223763,0.47785574209356924,0.46280483977451636,0.4963128857062401,0.5310511438307515,0.44503050408158257,0.46579367238512553,0.3832544948362966,0.4427470645823527,0.44400497858641375,0.4315493878996989,0.43932450792968475,0.45652148111821206,0.46599107272618406,0.5116346349298639,0.45600241589061347,0.4399468544124368,0.44248165650989413,0.4386736292498617,0.5082952008232151,0.5128579379172963,0.45078103124040003,0.45315755045649553,0.5077782015969368,0.42701524138480484,0.42311447966603105,0.5137899148481668,0.43527272191321986,0.5281884806168102,0.45979565006283624,0.45289574548241623,0.4827568053249189,0.4205709274134314,0.4556068472072617,0.4750576063606013,0.4388643932535213,0.45249237740603176,0.46562470176826376,0.5294070165593994,0.4355027237754098,0.4578771489546194,0.5668664892001531,0.42745135977010756,0.5061472801260679,0.3778583298465302,0.45656689406200646,0.4459387753498871,0.4139423914694003,0.4449898923148378,0.5911242677638181,0.4382407632570531,0.45814650113389094,0.4990980571329256,0.5601344921339276,0.5042872770899267,0.5660105102977129,0.5129640345063508,0.43404898464543423,0.46301161521452094,0.47849279440913783,0.4221783376887031,0.45028569419785974,0.4948540059296677,0.5572556408593261,0.5684052485658813,0.4070849690064655,0.424647237826619,0.4020544544775921,0.4386523038225853,0.49757845128481487,0.42179039053802714,0.5798661705952132,0.4091810258992674,0.4235095669198026,0.5536361084246937,0.4813712772652495,0.5106808282052432,0.4904503380768367,0.4025409316232557,0.4128250345055066,0.4993366479854332,0.4407517644606658,0.49380267916305204,0.4567514689665878,0.5452345035667355,0.4930101105109049,0.4969581474082909,0.48219258461774134,0.47781605057158283,0.49723041942395574,0.5191169395627716,0.44470201320243513,0.46302633150753286,0.546466373319267,0.6778926630675702,0.37099504937552713,0.42931693361715234,0.5343409274732587,0.4912758570062597,0.5745260306383013,0.5647864425594197,0.466020009921557,0.46780316354404056,0.5233915586144458,0.45372186889920985,0.44151280269427373,0.5237332940104467,0.4565676325404689,0.467143343689096,0.43547241016255334
0.5499056017881442,0.5372472488105252,0.5758874516760345,0.5669675434710985,0.5322521443762505,0.5607055119987676,0.5286939242739144,0.5337188678782471,0.5197026030898444,0.5183919745770036,0.0,0.6314952118083724,0.5925777044377623,0.4580409519893878,0.5539140277284719,0.6454058842160764,0.5745298934664275,0.520351289534209,0.592987382014545,0.5489582876784429,0.6163217242678835,0.6481142089841568,0.5152123573392147,0.5741128707781928,0.6364119331526383,0.5236795734989476,0.5508117885625692,0.5533511062021661,0.47479966456958156,0.571098780990577,0.5680777052391404,0.5767582974934825,0.535219576282037,0.503197481550075,0.5103783305611589,0.5072752694394131,0.6508164339522863,0.556807031198469,0.6030313620054654,0.543639677627058,0.520167375434638,0.5407324361679557,0.562850291726228,0.5973701836688081,0.5654489710909029,0.5012682426679789,0.44549214256679714,0.6757704265140883,0.5838051233225733,0.5276858985846117,0.5787249421414381,0.4992274446346538,0.4273966489842017,0.6367080818183277,0.6185722328361597,0.4758950147988063,0.5467190096680129,0.6547270188865231,0.5039204585075753,0.4839482900646731,0.5584591605984596,0.4055407707183573,0.5270587061194848,0.4452276076729802,0.461888286696208,0.4818800688630961,0.5433327373861058,0.5374072430457656,0.5568621340570173,0.5774349092388592,0.532179486077741,0.46731582056310267,0.5048097121410594,0.6179720923469899,0.5640281294293009,0.4523297402727554,0.5949542720623243,0.5626994055461291,0.48900317373928887,0.4522938348010023,0.48972485638161983,0.5199093320623411,0.5769569534976713,0.505139305748359,0.5114799730523736,0.5468531131054806,0.5460393015058748,0.5117975414328602,0.4926601439486214,0.5052572739510555,0.5629414187710848,0.4836553524432587,0.5808124034477812,0.47698029979116807,0.5032340586499178,0.5884655453143381,0.4730147952370664,0.4913619565495977,0.39774856742049974,0.4845230016228609,0.4952136801962441,0.5032712544387782,0.49951180152865066,0.5029588570797838,0.499354696736472,0.5117613262265768,0.5348350737136146,0.5436912511904138,0.5025312844740002,0.5816647788025324,0.6299777713487641,0.5109061805308286,0.5312997578881945,0.545245191142522,0.468846515027888,0.5099260071236456,0.4690888629520556,0.5838335529721146,0.5514078821928798,0.4360992493273246,0.5059076751439741,0.47755974744408586,0.47440363567922555,0.5728549617354181,0.4593482719457758,0.5872263345464317,0.43214854704868305,0.5092862770180389,0.5125309152031953,0.5218491115038585,0.4976479824876768,0.5739567361388458,0.4995410670525441,0.49251588460894513,0.6196301907741008,0.45738430703347244,0.5207528304066208,0.520369693403683,0.603329178406088,0.5848770531146076,0.5105090446190989,0.5049603260273828,0.5102424822495049,0.5459392043975283,0.6125444838239034,0.5013748791564573,0.5682636014667247,0.5041930064809598,0.5570090601612371,0.3658811465327853,0.5637923917890386,0.4837817784439709,0.6162002760291344,0.51617525630207,0.601474972153424,0.5825156205441933,0.5936683717986028,0.5930031526935778,0.5069669933978493,0.515526726115359,0.44526273335975264,0.48213717181085974,0.4681498412392008,0.5660819893030508
0.4912540256942555,0.5790272526942757,0.5601141166781137,0.5423948185878138,0.5034707070043606,0.5687747189475526,0.5250467438479126,0.5129214924031695,0.48255300140137036,0.5507658265972059,0.6314952118083724,0.0,0.52285886270789,0.4437914309340315,0.5249962887011128,0.5940203188388018,0.5451058680059643,0.46527094161866855,0.6183184921597338,0.514123598971116,0.5854359487674566,0.5682318168095676,0.5134992322515292,0.5474770629402915,0.6254211086128904,0.48342209654100066,0.5164643961873618,0.5154549634957389,0.5210639927396814,0.5474358728327151,0.5835424767573544,0.5657890400319342,0.5497769802782952,0.5328382143306171,0.5006157710923527,0.5434767153519968,0.5547110781407636,0.5250561454015414,0.6242574722245211,0.511296542635601,0.5499106714338042,0.5076980551681668,0.5116994583756369,0.5915169712228605,0.5570119262089721,0.48172705132575094,0.45699617990214386,0.5955619394844623,0.5501436970691088,0.5051672574685242,0.5354587494914245,0.48864368145329773,0.4212598529207889,0.64800751464061,0.6482045494172238,0.4794114800795576,0.5053347644380222,0.6427082410699793,0.47633005919302124,0.4861591058536476,0.5067051166848978,0.4058182299759328,0.4812462688687398,0.4554388094754672,0.43263699008784146,0.44502641911662744,0.48966316782512376,0.47297709898659746,0.4890041074898626,0.5002331425864024,0.4791476471638098,0.45694002617862217,0.4593689703345641,0.5460823716603602,0.5299007989093688,0.44194813166068037,0.5197313053607466,0.5695385152817855,0.4724773710394453,0.4355530393728389,0.4743106015319941,0.4829059026118364,0.554812637315676,0.48287930501682336,0.4890822533385189,0.533701783777267,0.48234370341912725,0.47572004882358354,0.48778741709457735,0.4966223206465434,0.5147153434184831,0.5123989545910254,0.5877166612939879,0.45508403288911203,0.4680632022859,0.6337277896948962,0.4621781570177983,0.532314943921155,0.4026791037372571,0.47842074148225316,0.4916674114534307,0.46310546259569785,0.48923944742046543,0.5612328573390065,0.4800021738463755,0.49425193137211426,0.5232307792262673,0.5425458855457032,0.501048826944457,0.5719843896239286,0.627697628975354,0.4877138332442681,0.4821896820439386,0.5101540988462674,0.4547261350332597,0.4883057357878562,0.4742248655352361,0.5614792266834576,0.5568042776307305,0.4332983359517772,0.4764821571221785,0.4560903349914267,0.4622754688008135,0.5462064057719955,0.4369615976839442,0.6510232812366167,0.42831141424563124,0.5209977300085675,0.5740019445868453,0.48790543962331456,0.5007651821618391,0.5218832019449583,0.44816793942616484,0.47610494237396317,0.56636021709161,0.43344554200657626,0.526411272711568,0.5084403453543829,0.5671861024712064,0.5645092878486467,0.4916356824921252,0.5093409303432681,0.5010314370444736,0.5346013970579386,0.5893905806274868,0.489069544498236,0.555833306480276,0.5017264064104099,0.5955668957962091,0.386457489107107,0.511624889977876,0.49113204743043465,0.5599678298630916,0.5306490972963195,0.6293041656703083,0.5093412930138297,0.49874606224727713,0.5782842987196244,0.48219635931917665,0.47781197100520245,0.43683144929101003,0.4708611205166698,0.4588250394285174,0.4947784665265295
