0,1,2,3,4,5,6,7,8,9,10,11,12,13,14,15,16,17,18,19,20,21,22,23,24,25,26,27,28,29,30,31,32,33,34,35,36,37,38,39,40,41,42,43,44,45,46,47,48,49,50,51,52,53,54,55,56,57,58,59,60,61,62,63,64,65,66,67,68,69,70,71,72,73,74,75,76,77,78,79,80,81,82,83,84,85,86,87,88,89,90,91,92,93,94,95,96,97,98,99,100,101,102,103,104,105,106,107,108,109,110,111,112,113,114,115,116,117,118,119,120,121,122,123,124,125,126,127,128,129,130,131,132,133,134,135,136,137,138,139,140,141,142,143,144,145,146,147,148,149,150,151,152,153,154,155,156,157,158,159,160,161,162,163
0.0,0.2996404129184609,0.27901853801141957,0.26250563048855696,0.3062243964693094,0.29365299503503134,0.272432516406376,0.3089221616817375,0.355434791935232,0.2871594664484941,0.30893972418081467,0.2543372111803419,0.4349228134955386,0.2878603238240271,0.3573449646269703,0.32704738330250865,0.3540608711941582,0.4714861453263167,0.2747452078143645,0.39159447944569975,0.32569150877558717,0.29632313822437456,0.28318258771973837,0.3075954480954909,0.35456431661567206,0.2804694094878161,0.27292150711495033,0.3279530749862423,0.23108143257484484,0.2872005603129567,0.3422926833981659,0.3549401626527421,0.2770718763933941,0.2867539255205307,0.38922405644262065,0.2885263527022689,0.3738678304537027,0.3205889746297955,0.24427836371827003,0.398509423527699,0.2861658344044394,0.31274006589943465,0.3484155185817525,0.3228646762260034,0.3422403968171895,0.4260703490289408,0.29088706728306396,0.3110957640878021,0.34773799240922626,0.36062261485866454,0.3893774658352474,0.33348402601688226,0.26078581171705856,0.2613289558990757,0.27873468547242297,0.3105778420490791,0.4274778018627275,0.2977899233649058,0.3243538074467156,0.36740006787616003,0.28421251003488995,0.27076093108200977,0.3224815860476735,0.23358261175380074,0.309980061147001,0.3402727243225861,0.33386906038904907,0.3253803242683085,0.28231813268690636,0.3244521110519983,0.434925223766267,0.31978126617080727,0.3209617279506052,0.3559711608733662,0.3324127301190612,0.3245919800555088,0.2566916423297277,0.282014826330238,0.3387872197030625,0.272290119561972,0.31105916453127425,0.3462077791205097,0.3301254498713917,0.30431050130409215,0.3590578330171596,0.381115726593841,0.3088914525881855,0.350520747002112,0.38557719880279673,0.29218672806568635,0.3788534813585621,0.31844923635500466,0.3628943674057958,0.3305559605427789,0.3379846719449678,0.24849436313688056,0.21899431997863122,0.2845293641489894,0.24558180254454237,0.4286074551621255,0.279458497092655,0.2641043823673624,0.27555496218114156,0.23308879170306127,0.4090024560047784,0.3797372600528317,0.31099397117905997,0.3107975336998616,0.3847609425319628,0.3119426982442654,0.2788491760887647,0.3492195094323778,0.36104161809791196,0.26920637782896334,0.3691421862828022,0.3776343047864204,0.3618631342796986,0.2764648959669406,0.24146190142204763,0.2601409686732321,0.3204314732098591,0.2467113555097882,0.3272072550420876,0.4384841815669686,0.295984452288762,0.28369330335057286,0.2599896157100387,0.2664745381953388,0.26685980764002415,0.33391146774486735,0.2785971684599568,0.28006738207840487,0.2607162817098575,0.2859265529311092,0.26714564648745653,0.2876662936027831,0.30977562834039435,0.3652413569079976,0.31173027422844907,0.3501214548869107,0.2447785454477954,0.27439338512657346,0.3670570479221067,0.27346074170409773,0.30704236565618015,0.3028389622177898,0.2996120139303384,0.2872701328350642,0.32401622433864785,0.1929978333678986,0.3972031063029879,0.2818039821154654,0.28476186943634113,0.25075384082500407,0.31730311531073485,0.358557928261969,0.301439385748652,0.3363143423488016,0.29411540764186217,0.3254408746341833,0.2603738911957538,0.3583091353402239,0.2454032290411375,0.39825142564444815
0.2996404129184609,0.0,0.32561924585343077,0.26633444820289526,0.2707462706299941,0.4132324158188801,0.26304336239411263,0.3480101260344236,0.28111004337721895,0.36075544052142805,0.3028369775922173,0.3194003909370379,0.29699685965297307,0.2793137305967966,0.3333437573837212,0.28517103887951645,0.3278298510019808,0.2654151798371482,0.30283374429422755,0.3127490201799371,0.3238990810634018,0.38392081376650755,0.24967775737099412,0.32348218756816166,0.3283797378864171,0.219350042351818,0.23424526996355846,0.29930040148979753,0.3124821780212971,0.2430038232687764,0.34573306250086405,0.3015826369560807,0.32512646553691515,0.25436844118567037,0.3139424018666235,0.3082766567819762,0.2672220702078293,0.2722077442860901,0.3004339172150577,0.311255447836152,0.34970962086489504,0.323315134838501,0.23558522927098505,0.285304785139342,0.32454396746655856,0.26309899238675855,0.2595263378620568,0.27941038980582994,0.2695325330582071,0.2910906365460508,0.31387547028922247,0.28817323957509955,0.2799835268863311,0.34385127007111166,0.2954463868951438,0.3174689612856018,0.2976233160420609,0.29456610525445803,0.3001813431827426,0.3060819926307827,0.33123418602485255,0.2111916054865392,0.26267426499480917,0.22394386328397273,0.2550836574236121,0.24768496207805957,0.26847866668600423,0.252511147035323,0.23296526366943518,0.2915455942817789,0.282949964349826,0.26538096576725234,0.2529780048486823,0.3155888531004945,0.34999577873302784,0.23936290597092277,0.2319489115349406,0.2953886251735589,0.24365440494684254,0.24102452252833487,0.2851697362613671,0.2958598481083792,0.3465957231268823,0.25788837860765573,0.2710429516933484,0.35208064624543467,0.25000203810348437,0.23592656666510556,0.2622005679088138,0.28137311294706685,0.2583019012359662,0.30576627901030556,0.3320559469058345,0.26923980655360824,0.2914447202261969,0.3094888779336051,0.24245875622409568,0.29541258164007894,0.21409211664553468,0.32109251358303503,0.2593900317254222,0.22658536153237244,0.20377648891571373,0.25670181081840515,0.278034689703954,0.26584289366952524,0.2760429919791323,0.343156191826617,0.30207972586403525,0.3939153058831671,0.2725491082463235,0.2392593453407706,0.29755287082837406,0.24042676438114216,0.27405194778555947,0.38940380924466067,0.2986284871340303,0.2268114425514729,0.2910026101100826,0.23740624834613416,0.26197748214453853,0.22665889577649437,0.2826166846311902,0.35176892653337766,0.2641833156737808,0.33400145973032697,0.2577948922088224,0.281100247337852,0.3374241908316384,0.25166212994083176,0.307314931882541,0.29377951086754484,0.21487570055911645,0.30202311237432794,0.29499286579623435,0.24735312387748248,0.2688507489877596,0.2984349050807613,0.2814402344907644,0.27116737982594,0.2449816883118375,0.28384102175389253,0.36630131848935077,0.2786466301914902,0.28429753874515284,0.2309565946797827,0.33463310064324464,0.2807403763565979,0.3441640617209113,0.21388488982787857,0.27168441395096155,0.29424896451230714,0.25809796774825006,0.2902509848701493,0.3035327599030494,0.2932340299064254,0.2832164129020647,0.32908756476690526,0.256506983206236,0.23669530837506106,0.2517813536367226,0.3160046052126603,0.22957638092657737,0.29061737111547803
0.27901853801141957,0.32561924585343077,0.0,0.2499077585270237,0.26550560233731146,0.32299560846330716,0.22384186579095708,0.3196795035923353,0.2596624854964477,0.34071649570356066,0.30385265329024913,0.2852904555677307,0.3116566809526992,0.23835790282020697,0.2870870004978954,0.32521604818518146,0.3291141573887474,0.26628051851937473,0.2491170309751095,0.26506167147881976,0.34547634266550026,0.4265426918067833,0.21868663661018928,0.2806466459324449,0.2890773062626761,0.24495249609074318,0.23259320573578612,0.27241853454160864,0.24369662815870916,0.23848711058822863,0.26507257288062863,0.29914936684211285,0.2523861769908709,0.22737186482425928,0.24508278915040424,0.29364344104196544,0.27935034981275547,0.2697998765750837,0.268379581809953,0.29549413304607197,0.2751667790429798,0.3047941191535472,0.25950596635638573,0.25731526030370766,0.3135314032061789,0.26436066164203065,0.24317448003428144,0.29288042932739067,0.2553057845913232,0.28550962646913824,0.3041144982540319,0.2718688343506075,0.20572136975537972,0.2998023643620689,0.28050041259382624,0.25214756898229174,0.2648408484656617,0.2915363939293952,0.2650638263999635,0.2673840726394386,0.2876180122968248,0.21695893278644,0.2812738434606413,0.22040469943815555,0.2359892424311556,0.2538418956216759,0.26481442464367494,0.28323208528124816,0.27368418925683596,0.28417408679538775,0.31154442570744084,0.21755334068794976,0.26452330075018277,0.3849652994766433,0.33046958106895546,0.19688864896937858,0.2585822715815686,0.2520042412121888,0.23318111911784598,0.19819708221480958,0.2664069930636904,0.3004585304579145,0.278405014654871,0.2575878649490132,0.26117363658111825,0.336783505592059,0.2411114869675158,0.22546258144286127,0.24608222814872058,0.2368147950709327,0.26723581196771584,0.23560633709805984,0.2795174795894925,0.21483834581885122,0.2737116679203527,0.25910023127952314,0.22281099790376757,0.26127975644257007,0.19845944648613356,0.27975562469994947,0.2099413656726155,0.25754041387129784,0.20777117036805992,0.2634825752300579,0.27378956116301634,0.29562851423351316,0.28645004492444076,0.26744625982321535,0.2686270259368721,0.3391483923755635,0.254924946878613,0.24015753085421387,0.2790692735432939,0.22775119089918228,0.22909389283954337,0.2992307503951615,0.22124922119250764,0.2787545340575926,0.2879097070371498,0.21964758253123237,0.24366820512514478,0.21485695970276492,0.24591635373350704,0.2834843825976819,0.21071427240759721,0.29514195849227687,0.24977721305095202,0.26537080161652055,0.3064003819883814,0.2562785541413023,0.2626881688936827,0.3668256404636221,0.19494288133571536,0.23218761583751105,0.3001480306446858,0.2161480305233232,0.2160635935355775,0.24819639702187063,0.28941630593666184,0.26669831513534187,0.20970974434553896,0.25460130058710007,0.2867184199977781,0.29390322747549946,0.26312655978568394,0.2117287316052312,0.3340602208148692,0.25276202753085003,0.3451813031621235,0.20637547636587888,0.24062108114632372,0.20504479191922953,0.25468132690435563,0.29817125651884774,0.2876831551783539,0.2824702800068643,0.2861343216196232,0.30301107654224796,0.19505638011406182,0.23092681678572097,0.24758142957965903,0.21489087343717486,0.22360763603403508,0.2701712178712706
0.26250563048855696,0.26633444820289526,0.2499077585270237,0.0,0.26410609433159726,0.28304999547651594,0.29240998618981495,0.2546310243865972,0.23690169564267885,0.2318054976882222,0.30384175472308744,0.28295404645776995,0.2567852764143539,0.23948617597700525,0.30583264156345674,0.24800697158327054,0.2869661499802692,0.2522733191658409,0.2658409272667073,0.2452982597949524,0.31337672155648044,0.2746367772490903,0.24741808122438264,0.2652370990398719,0.2700664266597424,0.26085312032916047,0.2506360536804634,0.27466407404330384,0.22235453722541668,0.20810754710693988,0.2684263844245335,0.24091839102180906,0.39211489876137895,0.2668869494383472,0.27871666453381366,0.28531183086050627,0.26788598154967214,0.2553908698017369,0.2798505881161668,0.30670361174576916,0.2939513825964813,0.2821123724073288,0.23592231002165603,0.32294166845710504,0.26721532482856847,0.2611355784121581,0.1867012443549284,0.2685673210706089,0.2573649823822899,0.26828778957632904,0.35825981032950627,0.3011936114002805,0.2327007161148398,0.3595920078191478,0.28335613529279186,0.23414070021583067,0.2951910982943167,0.30461417475887664,0.25864692629447944,0.2835094587991937,0.2925600800001075,0.21063835559027913,0.28318016772365273,0.20013062067802595,0.251606987095815,0.2644651733307206,0.3186646442183041,0.22196217958731665,0.22412896589147802,0.2613074162725091,0.26391765715451004,0.22496804631262,0.280488628413264,0.364064700103952,0.28204433965863474,0.2037653793609922,0.29150870020281316,0.2701173520368843,0.2345675953961906,0.20221449460467827,0.23477680977812226,0.32826753669747144,0.23395846279723134,0.2262211614051493,0.29772675857710906,0.26044151007205063,0.2787296548971919,0.25499555229873716,0.24264442537660097,0.24056136112894974,0.3112093987479734,0.3001712461330344,0.2572543885560547,0.23909697429331922,0.29455428411293316,0.2510786997908551,0.21061951685250876,0.27423238780568016,0.211929849099747,0.288973955581595,0.24036585636966726,0.25198625253823614,0.3071643240901269,0.23888616442792343,0.27252560140012444,0.24046878020270582,0.2780102028036787,0.2482363920141572,0.2553251310671421,0.270703079208468,0.3452082179023272,0.263828608347456,0.3179920401744525,0.2716384174028418,0.2504500396383491,0.2687273578596901,0.2498255875995697,0.20403040653298501,0.3033117157108348,0.2519453450512248,0.2524609023902353,0.2674864317467464,0.2556569309767913,0.29298802669055063,0.22307967754726643,0.2537031644701751,0.2578752836496017,0.2482280944818683,0.2696383662648579,0.24485208999829713,0.2098144118377571,0.2821558780944306,0.23559996803404673,0.2947683533249787,0.2738192081985928,0.20526470394447152,0.18220577245514794,0.2748953572333211,0.259665131477293,0.2717206326526524,0.2920258218748912,0.24023814760785916,0.33024755021975694,0.28429542782497075,0.2618107471819639,0.23918294242521135,0.280161326298408,0.22518817839131833,0.2175734361775908,0.17874136099190485,0.31823021349909514,0.2410219400812615,0.27680890783573875,0.2123811930614489,0.30511780197759003,0.2761622620171112,0.25903250140364237,0.29483983345965376,0.3303319585045433,0.2485391888642321,0.2191491842346378,0.24791650253303776,0.24229358615144822,0.30094387450946575
0.3062243964693094,0.2707462706299941,0.26550560233731146,0.26410609433159726,0.0,0.2389526982600552,0.3503437603189228,0.250423300796613,0.2793402350115004,0.2852692199830302,0.32112489595224275,0.25140225958045437,0.2730523060031619,0.2769176591686721,0.3169369994058125,0.28873697749797506,0.29019777016718357,0.3091843712721555,0.22276230105854497,0.2534737769777638,0.3134743250777356,0.29176982356351383,0.3311560167324105,0.2886602652200092,0.30654738565351475,0.2936826085940118,0.2830805628465124,0.24823742631076046,0.2359433071192895,0.27271960475339674,0.3146451567854996,0.25556595331866233,0.24953416500137335,0.2685479511738429,0.37107839473832893,0.3043679129150343,0.31616162036406337,0.2866434821073357,0.2655806870519101,0.3132242986153513,0.27263346291862084,0.3794673825357684,0.2840055521685281,0.34610431605199565,0.2674349650029437,0.2541461796506173,0.2662856852623654,0.3342974566601172,0.3473479007071653,0.27255524487696514,0.3042046912378979,0.24737826098949126,0.21712356929621754,0.25331771974877165,0.27894701835848484,0.2848598322906064,0.24665902766300477,0.32241667380325617,0.2795867015542292,0.25150225633620726,0.21811441169433218,0.2192838950441937,0.24468456650084866,0.26598719856749126,0.2496366473809419,0.2143953141104068,0.29113896764175556,0.27504121904365697,0.24992879083833483,0.30852494222946564,0.29230017709595124,0.2701081935905623,0.2647839541511885,0.2933449014160728,0.24514554555168672,0.22586364429134725,0.2663825435923035,0.4193439706129986,0.23818198350193728,0.2281160826445649,0.2783519608362405,0.3002491782378777,0.3085051528723709,0.22800275312108115,0.28807529469275817,0.2749007339865442,0.29840657608799687,0.2597061713401122,0.24627883347988322,0.2625701733480129,0.41177642963581745,0.3393625922823918,0.3178243553530742,0.20673065407020658,0.3082872417219909,0.25524204126989203,0.18242604908983734,0.2808998642340794,0.27115678823275813,0.26056753701906493,0.2619151285445065,0.24277633239525376,0.28052925315688393,0.23291000594631386,0.26793907269828726,0.2694609687011645,0.2309639827639182,0.33383781072757596,0.3200870686455688,0.2923969224355181,0.2922269117337123,0.3299560520151657,0.2810923737420437,0.3004916731045824,0.24799009766226637,0.2729321654077924,0.258032542932588,0.25759485322397324,0.24377466025597994,0.28827335754325434,0.34564688402926624,0.2441137332125212,0.2624200639042032,0.34363289466627567,0.27773181104751404,0.24863927017413406,0.23456197822074878,0.27692995976908935,0.2569733758723351,0.27193839818935267,0.26893073720157695,0.2557087733385989,0.21631457031123594,0.2842398393169137,0.25547866007078446,0.26053681640588955,0.2309348207913622,0.3660365112697174,0.30609819718458037,0.31912305699753535,0.21971963388542867,0.29943159023942234,0.3124490571863702,0.2984184984119992,0.3426979647024651,0.2926425445380934,0.30849911071008423,0.26529292432304585,0.2783887628212684,0.21316907694700699,0.28008550607518384,0.2534063124691462,0.26543264367612385,0.28095864622581135,0.3238101818994198,0.3157199359057152,0.2366614836547305,0.3436400195693049,0.26729883206158556,0.2556116740109715,0.2472300852965446,0.2811297755453198,0.2775876654659319,0.37172956710305016
0.29365299503503134,0.4132324158188801,0.32299560846330716,0.28304999547651594,0.2389526982600552,0.0,0.24061877906451593,0.32942454066512405,0.2664234840952348,0.2732664919603353,0.2982223117673387,0.3290326031879134,0.3222921940493652,0.22890915924149882,0.33757304021554624,0.30069299577610764,0.3029638458878755,0.23506565152430822,0.3074386093810892,0.2933755637806213,0.312809703000923,0.3345039390871587,0.20050511081473463,0.260211551611045,0.30820956233788827,0.21963962079320684,0.21614848079909257,0.2736694502163903,0.25229363879137406,0.2321324592160962,0.32519035223544734,0.32799356364380383,0.3665564506582634,0.24293342628648934,0.27261112272061067,0.28411603589979545,0.26788216788984437,0.2569436604863557,0.2728212967253177,0.25082274532897053,0.3304890591985309,0.2833570560560587,0.24701064804265588,0.31501162170917063,0.2894282002750106,0.2560100412298699,0.23078972664734854,0.276740501950337,0.2207055139124779,0.29195225050330964,0.30827748630282653,0.333759823475089,0.23325429653230484,0.3505526400892673,0.27224059245250154,0.2799215520493937,0.2813657070775199,0.35646324545201924,0.23770699039909882,0.27261579593277196,0.3414695467925599,0.23138971688361293,0.305514513043352,0.19313748165001338,0.23782967057810658,0.2522833046240064,0.2583957266261873,0.2662862256584547,0.2259497930942175,0.2797100120172762,0.2938689796904703,0.21757145098301928,0.2515007667864505,0.3078253222879749,0.38006296527985634,0.2171903167947483,0.2367015081486002,0.25074671474799004,0.2414956637943322,0.23958371969155845,0.29650847787592227,0.29044764651700844,0.2921101900489265,0.27666481727272296,0.25659785606028473,0.306796684376819,0.2660027807420703,0.23145557334534503,0.2725661565256,0.25409532466708246,0.26664580020550127,0.31055211406548544,0.2983638215506358,0.24351927881685465,0.246037236207402,0.3154520957857293,0.2514027453870673,0.3028164982725899,0.19168791249724648,0.3011693201751935,0.229455786623314,0.22958158942855442,0.22272746291166243,0.24452149543264307,0.29151690329139446,0.2941275972515244,0.3014388155862458,0.281014922363098,0.2582514540742287,0.31258570950587194,0.2860412911253972,0.2213509401934625,0.3255755206836175,0.24058116629229942,0.25912829013664185,0.3217358157444899,0.2748406735336603,0.2077029858373911,0.3153425288092307,0.2316966250131038,0.2335040883750342,0.24923398344212733,0.25747011392344493,0.3207709338937814,0.23724877142357056,0.3324673300263402,0.25226508083430804,0.2571106362807557,0.3037175290761293,0.23371767046022773,0.2745975018759548,0.34285786865941664,0.21503843854981286,0.2760347775493407,0.28237676066678036,0.22698465244835225,0.2447110215444196,0.2456242099756665,0.24458067292886185,0.2579256092303094,0.2704774251261918,0.26580142437607934,0.2860104619128624,0.26581375440068233,0.26445480118090137,0.22593406701033414,0.3268429869168566,0.2742519639940438,0.28105391064199137,0.19850293955831624,0.26754756614942166,0.2630589584272845,0.22864163307297883,0.23877203663945243,0.3402351093713747,0.28015524916423207,0.26977445476305806,0.344897354261338,0.24004831589489836,0.237053626718025,0.2251001173764749,0.2717751259587978,0.20967657701229364,0.26434149820624675
0.272432516406376,0.26304336239411263,0.22384186579095708,0.29240998618981495,0.3503437603189228,0.24061877906451593,0.0,0.22344695871595063,0.24363376719510546,0.26873556508007257,0.2824207442345781,0.28180952933026426,0.2648127024601847,0.2617425227697067,0.3198026131714443,0.2432952033457851,0.24854663731367183,0.2651890167055503,0.24951186737145076,0.2190818090861475,0.2553738316221711,0.26030369864773734,0.3796867616353891,0.2867478568768288,0.31178258141895615,0.2530755807617065,0.27458491850902167,0.25220942409245856,0.24803149939049593,0.2649016192594053,0.288375213906709,0.2662697560774616,0.27143110148644584,0.2930241655849638,0.29148077387042703,0.2512992931247036,0.3036625126805765,0.234928482838798,0.2434482978969591,0.31915002855716845,0.2656080157146794,0.30825809976347146,0.24639040297640633,0.3187403474611122,0.26341582237396505,0.23989556353379166,0.25275680389765626,0.26482852191441586,0.3956877762680309,0.2265345801756921,0.2952246045979531,0.23491217776484777,0.20200590405857827,0.26290251758400157,0.2950953781677843,0.2745847820803373,0.23219633731704775,0.2796018371621718,0.2905335228710748,0.23656544368541751,0.20666849445971297,0.20359450916971014,0.21124633190930842,0.2356717965802096,0.21468880128703394,0.19543085200387567,0.2870316828442583,0.26874437794006184,0.2259539985745195,0.2549813256008223,0.2553226991621328,0.232055312344045,0.2378203906025627,0.2844393275501588,0.20427055983813613,0.23707604583383196,0.3013075391615311,0.3308297416432405,0.21006576816812836,0.22127393373441898,0.2408452473959142,0.2613949490531595,0.2797439614590357,0.19743745443352204,0.2436674984475983,0.24577291661930026,0.25212603292105595,0.25898764709016714,0.24718717630410394,0.2410647601850052,0.32512496992612056,0.3775567875955978,0.2836258182495812,0.21407595998758264,0.2712106325205692,0.2797951898922756,0.16991815275601826,0.30499061059866245,0.23652591396498882,0.2679893060735299,0.25341431214715315,0.23771642576101815,0.2953874290281364,0.23783504278216241,0.2253751149668837,0.23741111054759312,0.20659707731319157,0.28993115595254476,0.29121550019580433,0.2815293095758877,0.34303125780725824,0.2554874871535388,0.26009847851632717,0.23848226630203698,0.2211052982471179,0.25002311371539215,0.255497619208782,0.25731056529122526,0.2529822602466072,0.2435439138009607,0.25595961000741774,0.22750982431281963,0.2339753029048114,0.332267544405573,0.24008938387468667,0.2688339189235401,0.21834393592571077,0.2651824810878687,0.23653975031706218,0.23993524520403142,0.2303575090611091,0.2095039848195541,0.2104486940532218,0.23560082622195305,0.21410950387114439,0.2273082882917451,0.22006696133051978,0.29836583996488847,0.26592004067989433,0.2836349481779559,0.2359992106815179,0.250456135238901,0.2923606450447784,0.24679723519859337,0.2735637374382529,0.29938117955339394,0.26336062079291134,0.2502708115524765,0.24368478861091053,0.1804740006953227,0.2639304625503286,0.2649737526083628,0.23715667801308463,0.2783490660622594,0.32433341375540653,0.2844048072483787,0.26350770323370826,0.32919988926787214,0.3140016866981047,0.2803207825929916,0.23064263343246408,0.26025721357860215,0.25261999674961927,0.2902220819484079
0.3089221616817375,0.3480101260344236,0.3196795035923353,0.2546310243865972,0.250423300796613,0.32942454066512405,0.22344695871595063,0.0,0.319387742076428,0.28989031995495046,0.3016128354332642,0.28622461974195973,0.34378800369269125,0.24744770941547503,0.3140667112162097,0.3312897181050957,0.3252603909083623,0.26918917418213545,0.26450763486783974,0.2966897488746592,0.32680712139861134,0.30075083485387627,0.23272922547309893,0.27122754860022197,0.3110111089542552,0.25004773414277015,0.2682860085310406,0.29907138181663306,0.22244183202544893,0.2673799121652935,0.3865689423394195,0.3099154668986742,0.2966030217875279,0.2548986496305547,0.286475588417122,0.31585401557119175,0.31601157759430026,0.31943385841469296,0.2858933022098653,0.30081150269203255,0.29793760781621415,0.29900307944086774,0.28775030430562076,0.27870820345868547,0.39995669528129424,0.2913945301859236,0.24427296346760607,0.28105165908636004,0.2642428809803099,0.28955632333498255,0.30352001466500056,0.2585517816195287,0.22301042890126013,0.2735524065288343,0.27359547721188154,0.28513680898335414,0.2804841754502802,0.3823506404743786,0.27484759274827936,0.2791003635961179,0.38566936997221507,0.22253556221800977,0.2974161364807445,0.22388744262435234,0.22771813176773778,0.25151919472050205,0.28708532490623545,0.26553561443141876,0.27458216415542164,0.42842786021653134,0.3038247781823274,0.24701949344280535,0.26585875192227987,0.33855791984946093,0.38603183060634216,0.22296444573666158,0.281390648207573,0.2615896278472329,0.30915044119174045,0.21580119313414042,0.2755866949924315,0.2889593283020368,0.32226023510634394,0.3135641144186143,0.30638625386730584,0.4107672596263653,0.375941908636219,0.2556187614162687,0.3019783977148695,0.2853610503897806,0.2734817041243724,0.27459723015664744,0.29686295778813515,0.2332667691694129,0.2846880528807312,0.2747738331171549,0.2543223090342172,0.2910575635810033,0.20248565135403535,0.3214449114608909,0.24216676926325728,0.32335771377373346,0.22735621281940976,0.24892796915588264,0.3264128739394912,0.3164958339644618,0.3033213158935424,0.33215472742425806,0.2876513141936892,0.304186815666627,0.24370366494280113,0.26063168948789645,0.3179126456589776,0.27542920867628484,0.2746332245003901,0.34317823902856537,0.2796891238707528,0.22748692666104078,0.24465925335170552,0.23382347474332352,0.2576322478657535,0.3108711747730296,0.26116618193947544,0.3162157469163292,0.23966349651540486,0.28666946663263204,0.24018692287182145,0.34126521213077676,0.29759138377320665,0.26094319374021707,0.32476309526587105,0.32483234095895513,0.2533276443159169,0.25238877909453483,0.2922892192619962,0.2206080474465827,0.2593462940376069,0.27751764955497277,0.2941921850027835,0.31754481377283156,0.24177478718125014,0.2610597564502235,0.3039354813197542,0.28250498723293266,0.299432220883464,0.24468091322960975,0.3468468220727355,0.2782109950713323,0.3250431331310459,0.20902252394449813,0.32326064788379477,0.2545210740700142,0.25363690819435714,0.270099159919838,0.34610790100395594,0.3451316568027299,0.27524528318556807,0.34728636311172845,0.22132067712622533,0.24299599931458007,0.24039871246579603,0.27235894473636774,0.23723169326446136,0.28354977793498226
0.355434791935232,0.28111004337721895,0.2596624854964477,0.23690169564267885,0.2793402350115004,0.2664234840952348,0.24363376719510546,0.319387742076428,0.0,0.2446420860275456,0.25164305932611963,0.24675579257878244,0.29194106924400753,0.3024186000776584,0.2892565937369974,0.2906482778038994,0.27230328827408945,0.312848163854872,0.22215971252297032,0.28956682426989133,0.27560744687605954,0.3249631877727774,0.2298864530970871,0.24838254131282345,0.2770917160167096,0.2580481672485999,0.27870993988259024,0.25370514361587526,0.21180812686170739,0.33363246816707914,0.3575785325455995,0.28321179660794893,0.2598352789304342,0.2277352582508657,0.31372661587811274,0.2678846597246771,0.2881504965603437,0.367794391887295,0.2611230223285426,0.2847786734749195,0.252633171470886,0.3289888998376853,0.2629806710127568,0.2798741516280533,0.3090581042898278,0.28776168465268664,0.2516741096676679,0.25121724100596715,0.26263348069793113,0.2862588836406387,0.28132418525640773,0.2511090095825441,0.24598203004359684,0.24177129354825147,0.24356707557870796,0.37207989851337325,0.2924956115862478,0.2881253673941739,0.2580230684610031,0.25970253159449674,0.2518026734512143,0.273104351417168,0.2519430469112734,0.23617292996010814,0.2705635999918239,0.2543609262101946,0.33204937031418036,0.31103242419756005,0.2558332295822552,0.31017987205413056,0.381542749713181,0.27911703829722656,0.3041987780576558,0.2840539128608111,0.30630519481256024,0.2505655515457953,0.23863170181998114,0.24869277116366414,0.3041352323120247,0.2534677215517269,0.2750471470369135,0.3755587936540374,0.36683083333133326,0.2669643508168994,0.33405508564792635,0.3853406416505996,0.29820061167231515,0.3041723505778066,0.2874840944753936,0.4275686188348959,0.32903665647632546,0.3319905146942028,0.2756957562306161,0.24571493183625887,0.3680146141091715,0.2879818418040219,0.24216669964134366,0.2736183959046787,0.28315026263823734,0.28131346821654196,0.28791413132177573,0.23825585178767508,0.2602664942476175,0.22430211033360486,0.340815543168173,0.3122046420136146,0.23911644796961054,0.28984823891586803,0.2795803622211923,0.2556756384803237,0.2166637683744856,0.34248017677122666,0.327129136920155,0.3279744655912526,0.279989845099522,0.31846958296594624,0.26454416732233443,0.23424662741490093,0.20539813359696538,0.28211354204868394,0.3273478454429476,0.2848962082421221,0.28483575743218337,0.3262565092683529,0.38456577535435804,0.2442044222197281,0.282889320354297,0.2811755599494943,0.23672683461345526,0.2913394382972569,0.3972333216288119,0.3068607199566878,0.2753418032190794,0.3313042685455394,0.26049548934424727,0.2672810838040436,0.26717188715014334,0.2935900761687033,0.28870806597021675,0.347534511072026,0.23241573831264145,0.2809524481281856,0.3332301160387873,0.3161551006213962,0.3019840743774748,0.27754481223652994,0.40617218286586265,0.2686675830486992,0.28671255621233777,0.21124165901626096,0.3282802276287763,0.24888986233363244,0.24832953269139227,0.28217902073994683,0.2932419871156081,0.37647851314543734,0.2682456316050958,0.32402908812765185,0.2691243794728822,0.2771125228050537,0.22218661844249568,0.3181820768442808,0.31372214978692564,0.3274942867330261
0.2871594664484941,0.36075544052142805,0.34071649570356066,0.2318054976882222,0.2852692199830302,0.2732664919603353,0.26873556508007257,0.28989031995495046,0.2446420860275456,0.0,0.26617742260691707,0.254873202137573,0.29633281472130707,0.27125233672401433,0.2868582770180738,0.2878885273819227,0.28615057315636866,0.2944803309778324,0.23793913635172476,0.2416743532608415,0.2628251298219495,0.2800178606476972,0.29336522363186973,0.2529079191900228,0.3849955611002739,0.23220554440445607,0.2608995446905525,0.2590014756984621,0.3608923982615037,0.2584133409029335,0.31916598888304853,0.2934180612987371,0.2319517618136504,0.2304502811635101,0.2855350830294586,0.25791812222076466,0.31107580151545877,0.25958090616044466,0.22166466585168818,0.2890191870407557,0.24119070414599644,0.2890357155273209,0.2650435423488908,0.2592820536145874,0.27980988997798306,0.24865029581029915,0.2606467733239195,0.29014552552664624,0.3160340597451188,0.22544484103230403,0.271923308976703,0.22436731341449567,0.20213660981455067,0.259087559752219,0.29510630011819133,0.2935801197487026,0.2328935081735432,0.25861644530735084,0.2874459376565359,0.24060677906067895,0.2559544361043274,0.2077414668717998,0.21913244390036266,0.2183891159921383,0.21488601446094102,0.21283401490380283,0.2433387633741432,0.2776958057268814,0.27150109195493616,0.32050823102085685,0.2509864769783506,0.27530670545175023,0.21733099890914326,0.2835967175018343,0.25504408828996955,0.25048723616632146,0.22363382426247627,0.32544593262945587,0.22446030843519632,0.24229046638179566,0.2738953114181692,0.24252710218392837,0.33826243422066454,0.2537693219676763,0.24552904603137857,0.27549280411544574,0.2589169103529321,0.26504394519509655,0.2904410043712466,0.223838384098532,0.26438243489918967,0.26529527958586857,0.3016910783443365,0.20352053464561282,0.25895397999533465,0.30750985945340753,0.1783833167172404,0.26988987521040453,0.21713213981003135,0.28209746519577383,0.25367714843370226,0.2402100994866474,0.2278669218014145,0.31256718275747775,0.24177978237856884,0.2553218102594092,0.23693795570175183,0.3487246943111682,0.2869595767519324,0.30717162413996985,0.23385324584349385,0.22829389172463027,0.26778170131692525,0.2581905958370828,0.23640358963305366,0.2866570708590107,0.2720646222491717,0.3091629384645769,0.25006981420375923,0.25130688681781327,0.23113983957397657,0.23204196831932303,0.2256380459837103,0.31673931436261293,0.23068278573513934,0.3539577731536937,0.2130950973017337,0.25338130052786534,0.30566540186148256,0.268407846485325,0.31529433956706837,0.23826064100997363,0.2199505812492156,0.20887265224657026,0.2304424072772981,0.2204306658785599,0.26375264104255236,0.2999499460400284,0.2914438877677426,0.2816759389452561,0.24502437620436357,0.2798632058676907,0.2836000995009283,0.22914158633141113,0.2822844763104843,0.253033140951491,0.2381852547545692,0.30846160926941807,0.42486307850844124,0.19737725156064956,0.23505431784836942,0.28983361283858344,0.21640035132192822,0.2923164325090118,0.29223417376074773,0.27770417025942384,0.23076730670300247,0.3364085241766549,0.25198354692760616,0.2626119337406576,0.29646445354211837,0.3028478294896671,0.2500012854789335,0.2495418091247694
0.30893972418081467,0.3028369775922173,0.30385265329024913,0.30384175472308744,0.32112489595224275,0.2982223117673387,0.2824207442345781,0.3016128354332642,0.25164305932611963,0.26617742260691707,0.0,0.35742024365180497,0.3176940252520579,0.2364724839644883,0.3144399490621647,0.36497223838236775,0.3226428403709828,0.27236785296517285,0.29508355794884583,0.2733212773054118,0.3347678857155761,0.33349332416886773,0.28213562594606845,0.31479363465471,0.3548650273704768,0.29616273702971585,0.29212527972736485,0.3113101294749267,0.26737993210832156,0.263773795703461,0.31587873163796804,0.32090370382355243,0.2720525974049292,0.2924839627736744,0.2976346169114864,0.34730312701591926,0.34771119688586766,0.2862244256093079,0.3743784858952174,0.31839917798091993,0.2799069113000502,0.30783437733701524,0.27933070658952786,0.339396039373804,0.31128928295304686,0.2647259547487458,0.2002982992888366,0.4260893759860822,0.32169511786890725,0.26129031544997433,0.34554368097774957,0.2459913362369821,0.20692364019730283,0.335815054851126,0.39559116367869746,0.2340141765721868,0.2974588847247495,0.39877366868361563,0.2781924197625799,0.27643515174061234,0.3089392839430256,0.19776330996558966,0.28185667548505816,0.2332389291961386,0.21416866161224798,0.24016719507210402,0.31790765777242536,0.24541238799733447,0.2626114469914019,0.3107346247572076,0.28813180413836126,0.22750672388943038,0.2816214414497351,0.351577603690018,0.3087440244665439,0.22658601288856517,0.3480484205420045,0.3142792334665612,0.24627086328929443,0.2225841267135323,0.2604901931227979,0.2713187033282388,0.2707618772113837,0.2607365227605098,0.28246171261624464,0.28484028129280986,0.31712294487524556,0.24913409758246252,0.255330777602882,0.26129797151552214,0.33861978903356843,0.2499302791594531,0.35582798399084026,0.2484884530885241,0.27460893989751206,0.27261233943088825,0.20604769638627654,0.24820388520601705,0.21048497342163813,0.2741643126283681,0.2726651285925329,0.3056500418544009,0.25053594963230186,0.22310629147056538,0.27961316802881553,0.2474970503957214,0.2652475707772335,0.30357492580326445,0.26247220665668736,0.3496931511577932,0.376933858825334,0.2798718714403509,0.30387439240029684,0.2828594315475529,0.26081513465359696,0.281665148979807,0.2639109298434475,0.28114037325758373,0.28348879600039106,0.24109700937146544,0.2803851530303983,0.23419147133881904,0.266557627305964,0.3439950439718075,0.2350396328660132,0.32320848507212097,0.21312056212949534,0.30717117078216877,0.30195544843268723,0.242512573987562,0.22752826706121054,0.29685605303309875,0.25981466928990743,0.2842903773004641,0.3573535665812646,0.22281298684862041,0.23563039622744472,0.2798672823218769,0.32216715213872804,0.3172262642677721,0.24558906925369836,0.2798289358076808,0.266289963301059,0.2961089110488394,0.36302702053857805,0.23966283390258247,0.2885466905982684,0.25092487549593345,0.2751794726662936,0.22260806513474712,0.38922348890986125,0.24736923235744326,0.3312246810478513,0.24967326158749867,0.32276945758546516,0.3143780813228301,0.2967369905904763,0.3235654634906845,0.25851547709586414,0.2595383252051279,0.22167304858957138,0.2684903444111441,0.22682159638981997,0.3916847375131373
0.2543372111803419,0.3194003909370379,0.2852904555677307,0.28295404645776995,0.25140225958045437,0.3290326031879134,0.28180952933026426,0.28622461974195973,0.24675579257878244,0.254873202137573,0.35742024365180497,0.0,0.24203310986465107,0.18499195218258463,0.2737557560449671,0.27834269783243565,0.2734143261295876,0.2154610276479958,0.32942607936873447,0.25166304383305593,0.3006032352753712,0.28873108794930524,0.2503426209620069,0.2951651516276086,0.32970554094340304,0.22969006832573985,0.2559799264573323,0.26035983209918845,0.24310093918905895,0.2629590320751134,0.2999308383518715,0.2655917827488568,0.2691412158206573,0.28904795563764146,0.2463047960096966,0.27721993587994087,0.26578096170406185,0.24149563700485618,0.34727577113209485,0.2596595104790735,0.2900973268564867,0.2794518414099967,0.22559871701077913,0.296972389244896,0.26940770581879675,0.2382802666466442,0.20923264292659532,0.2920926407854575,0.25772301738456893,0.2403891542198346,0.28509185599658954,0.26203716555475803,0.1909377504588062,0.31630147676585024,0.32613609800889415,0.22622628558531765,0.2704384164894626,0.3765355518226601,0.2128849921631445,0.24573425349948352,0.24072068394646873,0.17419577214723975,0.2428771758516166,0.20077231786381636,0.19513689912393384,0.21226154752953424,0.23789374606265942,0.2026760023144534,0.1996365614373444,0.24348666724694373,0.22483290522887284,0.1901994848619257,0.22841027046055157,0.27534298716749406,0.2690469339635227,0.19553981876760043,0.25062197382135804,0.27025423904370977,0.2160162321160046,0.1912528092617854,0.2143357953065631,0.25263652000144454,0.2578506126386868,0.20692949326787258,0.2476001787633173,0.277679049354022,0.23795189392406071,0.2085719575325927,0.24218810160836363,0.25624951388120937,0.2693787896662447,0.27038990311241207,0.272776155286671,0.2257411187102891,0.22112989494216514,0.3189808962473885,0.18933777659724707,0.2810366427172214,0.18326136115964903,0.24493425968941654,0.2137305827687445,0.23567110167350444,0.24436742087428764,0.269892626062325,0.2265017294692614,0.2317501848690033,0.247994443406865,0.271477489182676,0.22981788795798255,0.33528739455884643,0.3900672060356828,0.24600638806420416,0.23753223874616014,0.24394048320540215,0.2187791502199731,0.279802568570494,0.23791496814473775,0.2585023486126639,0.28408734588681633,0.2079687231386217,0.2222694960546485,0.21581448694595623,0.2277653201067341,0.2822239774393996,0.19429637745440706,0.33699203950442286,0.20008620909341618,0.2773329955824684,0.29566981085178795,0.19968855199955776,0.2270321834047789,0.2472858671800425,0.20138537499602335,0.26557858016001407,0.27730738492228413,0.1807305300370996,0.23817777870057788,0.2371574093903417,0.255824656428004,0.26920180694837487,0.2075368418859041,0.22432943374732323,0.2602516532644439,0.25583939822614304,0.27327516292972265,0.25458233849841505,0.32689536525001806,0.22136526462249734,0.2820055774317845,0.20423021832083424,0.292543883593786,0.2302155840333502,0.2696606086279412,0.23588118179216752,0.3651695058421894,0.24193544262469244,0.260342388200667,0.3158880887120265,0.22186542939020998,0.216021341960758,0.17827383451474568,0.22599247602198697,0.20029374791392804,0.2896102027971022
