0,1,2,3,4,5,6,7,8,9,10,11,12,13,14,15,16,17,18,19,20,21,22,23,24,25,26,27,28,29,30,31,32,33,34,35,36,37,38,39,40,41,42,43,44,45,46,47,48,49,50,51,52,53,54,55,56,57,58,59,60,61,62,63,64,65,66,67,68,69,70,71,72,73,74,75,76,77,78,79,80,81,82,83,84,85,86,87,88,89,90,91,92,93,94,95,96,97,98,99,100,101,102,103,104,105,106,107,108,109,110,111,112,113,114,115,116,117,118,119,120,121,122,123,124,125,126,127,128,129,130,131,132,133,134,135,136,137,138,139,140,141,142,143,144,145,146,147,148,149,150,151,152,153,154,155,156,157,158,159,160,161,162,163
0.0,0.9085815463478599,0.8234227671595442,0.7868960174905321,0.8916282391186613,0.8309643893951322,0.8896109602124561,0.8326372527336685,0.8827383919823172,0.8523247605949471,0.928010172576272,0.9377967069799079,0.8965012461878121,0.8023608426930908,0.9193921491510978,0.8886836544010143,0.8613438348539462,0.967732920762517,0.9034960670441441,0.9424632543564008,0.9480659831401153,0.9142381973190766,0.8705477499357914,0.9555180656447445,0.951113971342951,0.8321792010822787,0.8667650762823003,0.8313035776338193,0.846531024525825,0.8901496285879187,0.9558276224646223,0.887065635130703,0.8249897700672038,0.8701452172557114,0.9196242303362263,0.7966619306445938,0.9633026222708715,0.8639750897654013,0.888822190142093,0.9016366643470521,0.8107509183774397,0.8484659525037913,0.8874122612739246,0.8788071844686017,0.9248010213496826,0.9144455538754319,0.8275802572397006,0.9102197841708285,0.9230673391263995,0.8525020508432145,0.8946345288337313,0.8351284039249484,0.8056628069453712,0.8708283110118876,0.8383269424532755,0.7814380148690815,0.9227673501781353,0.8839242359317968,0.8840093975514925,0.866504291673721,0.7998452378752378,0.6594165849357256,0.7895244584410396,0.7113705541701972,0.832563357709102,0.8464418025455197,0.8982499684259376,0.8852264042660797,0.8522800872306128,0.8752262977497229,0.9020794662062764,0.8249622648331559,0.8156998161626973,0.9011563820680727,0.8637346433214218,0.9064209271586512,0.7914575012230087,0.9079179899735217,0.8369049925517877,0.7453076753164339,0.7703766323150093,0.9016468870579564,0.8837944799497616,0.7617791410306792,0.8320560155848404,0.8911351971413171,0.8449432834841896,0.882756069805031,0.8726543833798059,0.8333507012613716,0.9129421262064341,0.8762892948940457,0.8624984996551682,0.865483654656066,0.853959537757402,0.887533811242601,0.7092343145769684,0.808843500357563,0.6948692097007583,0.8716684437232509,0.8334724215120537,0.7605081774459423,0.7843754294837366,0.822130424215874,0.8299294520854661,0.8447685060795316,0.7608595735746367,0.8375613065300335,0.9150938380309426,0.9314144883242151,0.90658953015339,0.8268214364531449,0.8264388174525699,0.8286060571782038,0.8457034687484454,0.8763116221818281,0.8708989553407833,0.9011496102055425,0.7165681009600328,0.750343743058652,0.8411474740268937,0.7092379250134279,0.8424881461239745,0.946483108464126,0.7882597730418017,0.9247570818631685,0.687804201356128,0.8763943455980469,0.798563589312723,0.8522345982214831,0.7866949439586003,0.7797813295114155,0.8001302070058506,0.8574345032148815,0.9074436654344913,0.7478067864225392,0.9446363590587907,0.9038566003125466,0.9027766872352248,0.9286430278618732,0.7936743890326237,0.8282315375984911,0.9288549591016627,0.7416268314961479,0.9430293560177416,0.9259896347854277,0.861749313679487,0.8245433642983089,0.9284923474136978,0.5848204042943281,0.9385788195453545,0.8283743530424661,0.912317412133406,0.7883518108985229,0.8880931902447587,0.9315988026550862,0.8872283674830956,0.8576208449966305,0.8284783184448931,0.7590956868554174,0.7388545348394661,0.9104663763144184,0.904663922225489,0.9765948182089144
0.9085815463478599,0.0,0.8507263283056034,0.7720089429553284,0.8484547166804145,0.8771530166003324,0.893777271497667,0.8169806838954464,0.9059896524589108,0.9257983655054062,0.8139929051858886,0.9265721009613349,0.8622626585682898,0.8088475833537648,0.870160584349375,0.8171837868455989,0.802523700893111,0.8595523851352875,0.8044644967631328,0.8244081524527478,0.8515912694431863,0.8995101319581386,0.8338520050482984,0.9089018834137406,0.9087260968584461,0.7630019766575482,0.8720062393838048,0.7670200348013684,0.8673400249243008,0.8876240578678567,0.904974263011085,0.8196351093692608,0.8479707885819499,0.8108022166038263,0.8481902868896035,0.7528650271170373,0.8896086930739714,0.7727837762478139,0.7880426452039324,0.8823304809334434,0.7985707000825033,0.9201765386273401,0.729424718602643,0.8011128621556339,0.8748847182536965,0.8466198591306237,0.8961047281632881,0.7800475132631431,0.833511459892739,0.7390879169757946,0.7888440918147044,0.8133070625670963,0.7693559271023812,0.8152967059982283,0.7426198106009491,0.9067395914970678,0.78376874413144,0.8467481807199007,0.7823457272929657,0.8179392316908369,0.7365852348457613,0.6511453357185039,0.6855054075168432,0.6646863780606533,0.7048036207249202,0.6974691964331873,0.8623937366536509,0.8711241499027023,0.738282011824143,0.8030137909666569,0.8323336412282459,0.7401900634275417,0.7256747774703451,0.8246256485943898,0.8161163786309824,0.8357290845368367,0.7093776989306241,0.9418083274867491,0.732499886455564,0.7173912732744582,0.7760557839412908,0.8525554726106748,0.9511185630382055,0.7176358279151583,0.7187409860081692,0.9038095035114152,0.7529526524807816,0.76100052523449,0.853551415531387,0.9204051381270117,0.8458044091198224,0.9255999357411971,0.7729730977956886,0.7545077309280168,0.7903255388035764,0.935248760277886,0.6408625638943983,0.8576388629062113,0.6834353282020258,0.8827264069050302,0.7635256702900199,0.6543147722686589,0.7092438516797668,0.8318729140630448,0.7334731245481407,0.8196728658851352,0.6731268075565529,0.8578239152814233,0.904098419420609,0.9327558879045791,0.8244784499775876,0.7118215776924566,0.7918541927764987,0.7828413738142924,0.7618255669110837,0.9294073547132373,0.8323304699605721,0.7695437124984932,0.6950902862216638,0.8236906330906469,0.7525111999256264,0.6777459582784502,0.7846396181504754,0.9152960894197575,0.726684240878305,0.8927047514018733,0.7145429116388216,0.8756677318335292,0.7806303960521866,0.7788253729416537,0.8916143583761277,0.7315985506940852,0.712877056959707,0.8329825956840546,0.7724742727887768,0.6649265884502998,0.9108301401536156,0.846386242812784,0.8157671289250119,0.8217786219681796,0.7603318185277306,0.7986744577957168,0.9503093121696161,0.6884260115947819,0.8461665058003586,0.8842813745767901,0.8864611661490793,0.870406170251862,0.903378936831034,0.600928599405472,0.7966668212961732,0.7938266931201627,0.7930123653360206,0.8794146254976599,0.8750654808476429,0.8568982800820021,0.822166930677727,0.9088963274425219,0.794974011093938,0.6892671171470467,0.7910141888834079,0.857518922621738,0.9446341445753974,0.8772367702255194
0.8234227671595442,0.8507263283056034,0.0,0.7438317653502176,0.7621364491628645,0.8718615413731204,0.7355386355297261,0.9174170963651341,0.8472216368329414,0.8606239167686023,0.7693600968372075,0.8431404759809665,0.8714790650815477,0.6907545240632316,0.7926493482989976,0.8297946513082501,0.7703656995000671,0.807834083695576,0.7153259214515006,0.7668801891201175,0.8562703199678445,0.8786481250782012,0.7247131552388043,0.8169072690235557,0.8474438411994071,0.8460425351684828,0.8057863521851026,0.7087902698024666,0.7059753805769523,0.7959922837777873,0.8122449664112511,0.7488022020437225,0.7965186002805028,0.73453549394122,0.7229207881952401,0.7069289522247724,0.8646778278377365,0.7676733568189925,0.7110506761831782,0.7883245535941211,0.7457442669463064,0.8751665789645992,0.7559593746730984,0.7221615642612028,0.8868799528555378,0.8311260022844048,0.8487579448497999,0.7609101909894442,0.7099136122049671,0.7013526684963062,0.7342843074577288,0.8258721567251567,0.6152320465285411,0.7625563006648691,0.6706335122162285,0.8483135015694672,0.7129827538364644,0.8721510052950905,0.674748457850414,0.717477265246802,0.7813527025808612,0.6356234870745093,0.7643887926018326,0.6081678992142644,0.6378217058200352,0.722018853287667,0.8399171542720434,0.9157811289896022,0.8273538744623337,0.8854021091706771,0.8535629322341112,0.6299345533246073,0.7171726734704337,0.8305392269654384,0.8497714875100942,0.6852482394275443,0.6997463162631391,0.8180735097257906,0.791965675181447,0.6148786343627454,0.8112527855272594,0.8245428027856294,0.8776100213597592,0.7871267518952302,0.6900203008345864,0.9261617378218016,0.8233928865922389,0.69367337871161,0.7928975139011436,0.8822277114639564,0.8092388131002041,0.7786576910941573,0.659554265664152,0.6421018902594198,0.6969913845455037,0.8803509573434682,0.6750383852979666,0.8385885903538992,0.5805999126047297,0.8235261710776434,0.6384610686828858,0.7221821159647956,0.7069977289146085,0.819743442830328,0.7140933645431333,0.8896235784486803,0.7198475138288211,0.8493100976048621,0.8174859938663747,0.8512161834141145,0.7280087410661791,0.6779240118550012,0.7943146451496802,0.7630736665896656,0.7340655295974867,0.88763208953318,0.7158879178637018,0.6816488944500851,0.7118438317004168,0.7679058788680367,0.6662584487141973,0.7650336797411345,0.7273395746686662,0.8039506473300669,0.6090632425547979,0.8178673390029733,0.6894353885154585,0.8633883802943162,0.7535930692203426,0.7604144003652521,0.8575560860413743,0.8757225409183595,0.6850929925502761,0.7308163497803226,0.7596517169743456,0.5938748610234446,0.8298817491116778,0.7461574239883124,0.8208152875945078,0.7586005595055411,0.7282370695989301,0.698005524654847,0.7851367244259536,0.6687288206335493,0.7807699255948295,0.8573812237140375,0.8686454588803144,0.8193803950584392,0.8775326789143364,0.5708407927092717,0.7450612250177995,0.6380134119712112,0.7172090311363055,0.8728283930745039,0.8773736393878669,0.8678791749209255,0.7391754900679525,0.9084363865776831,0.6678329679567203,0.6097903568470726,0.8024455176250133,0.6968357127959844,0.8987137227779833,0.7830499053401044
0.7868960174905321,0.7720089429553284,0.7438317653502176,0.0,0.7491030150537165,0.8307422878389942,0.8389820021189127,0.771253306807794,0.6804198207765957,0.7862102361936905,0.8640128420645959,0.8389059309935305,0.7746787973205916,0.7183755774920971,0.7962607115765963,0.7613162675615949,0.7827290825942675,0.7801426815665852,0.8494130741007555,0.680222248148569,0.8340197606424615,0.7469112981006691,0.7719252504164282,0.7636890208874142,0.8266560984060844,0.8164945812477055,0.7781597366808843,0.7928761053674639,0.8428917650609464,0.7190362109128408,0.7893166842729357,0.7796078057816872,0.9428337342003636,0.7871918733899682,0.7729495718378383,0.7776671644537542,0.808239497518214,0.7428068886594441,0.7667867729838269,0.8137235929882632,0.8368442178926909,0.7032879536328946,0.7585860143806327,0.8536923517864976,0.7763523386245826,0.757238017708674,0.6624696344580029,0.8062410871461398,0.7855771161241004,0.7015289584934884,0.8796409179000245,0.851774330818699,0.7343610262844855,0.9379318615351131,0.8574512707449089,0.6566268762396357,0.760883114621306,0.8757581959774713,0.750112964571951,0.7432650415793354,0.8090721514971425,0.6369159039440764,0.8347306489318694,0.5877132496502306,0.666982397883816,0.7257288812101257,0.7864499899694444,0.7279163512500668,0.7423281020436783,0.8274604422645385,0.7361280178308302,0.6807931779805617,0.7876202049210868,0.8511073120142759,0.8143668151608334,0.7612463925935863,0.7601518025665553,0.8301739457935421,0.7644718780771222,0.7125052950468522,0.7919537307673598,0.7844575815818399,0.7234421036324704,0.7564925339525943,0.7931477964240383,0.7302552002009639,0.7897120586250825,0.7823846755487007,0.7884762422569723,0.6648621282051319,0.8863183586028648,0.8120180399961029,0.7964967393618624,0.7396084367056838,0.818663703954234,0.8252384486670594,0.6508024624716676,0.7627715507954366,0.6185665233095297,0.8379701725745559,0.7260955015146572,0.7271559363239903,0.8980589122808431,0.8438802416863107,0.7817873228707249,0.6991005291228207,0.734974352841233,0.7346499066603666,0.790703140661663,0.7304250418238164,0.8950621067747252,0.7304519151780012,0.8426674528090412,0.7741949325208193,0.8255589601417042,0.7744164925394406,0.8003409334550856,0.7171638312492495,0.8515262058408186,0.7772382088081795,0.6537023821715258,0.8287431243671409,0.6912768285669153,0.8457547590775513,0.6440474997165839,0.9095008067394239,0.6871656651460694,0.7334284920716279,0.8214611488762193,0.6982276293402881,0.6463468406696017,0.6915520493871881,0.7249921006850947,0.7822286131389466,0.7116742474130552,0.596576067349627,0.6937287498357066,0.7793030803103277,0.7435404270749775,0.772045980878654,0.9354340176545975,0.6912417219776595,0.8104107965116639,0.7237238237886109,0.7843616802302324,0.7803383046901061,0.6961574780576467,0.7849076725762735,0.7386457903445526,0.5450715041343593,0.831024405643995,0.8615503094678542,0.7359872033591084,0.6338537135918434,0.8744835976627922,0.7435483576962065,0.740598487290185,0.813996395217028,0.8880488578593064,0.7824000528636733,0.7999518215598755,0.795700600277597,0.7539460562505056,0.8046324773327839
0.8916282391186613,0.8484547166804145,0.7621364491628645,0.7491030150537165,0.0,0.7207011237216484,0.8728108108206049,0.7230648470339941,0.8474177950235393,0.7531368072003458,0.8244640315266648,0.8578151566693786,0.7339480657337272,0.7501614612844586,0.9512734380981109,0.7428841518786543,0.7326478323640222,0.8912458551198941,0.8155307705701612,0.8227001651323715,0.8694794354174971,0.907156635509943,0.7877284424032552,0.892405251988549,0.8232269708768915,0.7554755205230272,0.7649169195323066,0.6900495198708171,0.8109117578922376,0.8107402389605568,0.9077004938677457,0.7420481454820193,0.8300913175957778,0.7321293393172676,0.8988446026787625,0.804176522659265,0.8241490476079306,0.8090928054175868,0.8716173871725978,0.8240719947654664,0.8632406516919289,0.7795946078089596,0.8381701784214866,0.884584003763121,0.7977040743222944,0.7933897192368375,0.8241117570340649,0.839839120715155,0.8374031466221052,0.8523215235490498,0.8432202925025565,0.7869746257728014,0.8226705410287337,0.843131836966826,0.7868513552398645,0.714149668189569,0.8244639657030203,0.8060348007824458,0.8385714923297382,0.7827728509745958,0.664889171914497,0.6277941669052401,0.736654226537855,0.7199472709686014,0.8722885950554203,0.7098918339767984,0.7573657731693845,0.8290094497275374,0.7859161993326063,0.7637547273863737,0.8687544908500797,0.8046029902736834,0.7009026275944562,0.7781058811906237,0.7210333280250438,0.775273513350314,0.6824059055124332,0.865050840909161,0.745826486748896,0.6334378372041196,0.6877653546853123,0.9133845186589946,0.8307798926796326,0.648891603476713,0.7365734089746003,0.8115270935987741,0.7083515509900523,0.8294170413513329,0.7244100406508511,0.7565538252339882,0.9108355164684514,0.8784122449323711,0.8546568168726587,0.751527326036948,0.8526847967923594,0.8562523181146716,0.6737753411745513,0.7430958821467655,0.7260711725347193,0.7368864065767389,0.7791224384470539,0.662589744686344,0.7732258622352193,0.8230240119545185,0.780703867213266,0.7301812158983451,0.6459092638589264,0.7205633559574417,0.8628606807199632,0.8102160544368231,0.8259490945472826,0.825754057526745,0.6894417140301716,0.6920153360781801,0.766474559571633,0.7665916157732535,0.7483451713704234,0.8368965835432413,0.6620957757531374,0.6975613062551068,0.876839598927713,0.6686105214115956,0.7247287967505667,0.8577764636415682,0.7966206202408705,0.838506905578136,0.6321633792897126,0.7914402387239026,0.7177151055429628,0.8586245704011952,0.7077759512001296,0.6771941244084646,0.6585944671858164,0.852499839682705,0.8439951336568237,0.8065140133485139,0.8402974840560391,0.9242637841109113,0.8220271812256579,0.8804369251117866,0.7816777077781532,0.7438991803899156,0.8771220602894247,0.7826823454097398,0.8670531965160422,0.8617693598782221,0.8826943586907622,0.7349994598314247,0.8265856489871777,0.5414187993140872,0.8476133691679689,0.8177098093708142,0.8601023807500736,0.7650827878040115,0.8137587198488471,0.820392241876115,0.7467401391984475,0.7554856351948636,0.8176360738650867,0.6609880075636019,0.6863398160964098,0.8355227854402689,0.862825431536178,0.9256589820326677
0.8309643893951322,0.8771530166003324,0.8718615413731204,0.8307422878389942,0.7207011237216484,0.0,0.7896966470370963,0.8822931249448462,0.8096555351384368,0.8920246629633052,0.8081243365868561,0.8873641833030435,0.881944358068917,0.7314973885647128,0.7566897010113881,0.8361044258342307,0.7982049796639661,0.7599181683479775,0.7841630476100728,0.7308883585613984,0.8345625933345238,0.7984383910419708,0.7455303346436968,0.7786540611342584,0.8833131370497288,0.801846290898889,0.8027085042119687,0.7711241534665917,0.7903457912642593,0.813954019886062,0.8270317610769395,0.8320735460508457,0.8477672878749847,0.799257962063215,0.7458808710038266,0.7224708971203131,0.8803550454260004,0.7414876197660183,0.722169764496496,0.7776958411067664,0.7375070559494193,0.8677066094569356,0.7098403518156623,0.7698755771072358,0.8473880847172905,0.7942399900426471,0.7852708815926774,0.7738959444695237,0.7410780343511921,0.6660453278136853,0.7800363305156047,0.8496244918110281,0.6629551165541347,0.8193679306320264,0.7369968344579046,0.8635801438238448,0.726657704317094,0.9117833801954727,0.670931234221697,0.7431320060165129,0.8360387923231601,0.6809377665512041,0.7682895477612011,0.58272994871832,0.6125543593899214,0.7161308509723199,0.851280930188375,0.8420781487188991,0.7229304109433513,0.8689932320576362,0.7935241507147116,0.6393638217754894,0.7821970790617693,0.8399259726931649,0.8894569915004842,0.7731532705708549,0.7386864482701584,0.8613438075796622,0.7475908772925409,0.7520286790265805,0.8911702510343025,0.7973380382425973,0.861496873894924,0.8046091442614539,0.7397931764879744,0.8494072862215919,0.860104325897053,0.7172955560287666,0.8604059092890044,0.8476513638442452,0.8194621307895621,0.8488596350824036,0.7009877387401676,0.7065634204252929,0.7316644041791709,0.9093422683633144,0.6682232665377497,0.8655323272688032,0.6169802651195189,0.8927528808179116,0.6940025993419303,0.7168593073713182,0.7495540379477013,0.8197729742383683,0.73985124940986,0.8119366183788872,0.7285392472576181,0.839390664761275,0.7858586209822847,0.8481939920340162,0.8147835575773016,0.6660577909707103,0.9131738543518342,0.8274317378749045,0.7618370662577346,0.8914049431910933,0.8107934001272874,0.6828013658783545,0.781178332907717,0.8652641249211611,0.6332992983181416,0.7951460383663732,0.757366718755792,0.8634369321582085,0.6401985626248387,0.8874605513563896,0.7551151657568618,0.8406101436653447,0.8072988261416819,0.6780472983268226,0.847776431329668,0.8315148266877336,0.7466046265351249,0.7872068423112487,0.7131703635971215,0.5690611545701527,0.7965564641014343,0.7200548440089174,0.7264204838240335,0.7510756967296297,0.7917017836555431,0.7665208210137467,0.8393081539739017,0.6742233062362595,0.791349213507167,0.8306020170044506,0.7975402507602654,0.8554364069551782,0.8355162887796382,0.606970410011373,0.7790854847365407,0.7432374719455022,0.6958452477677637,0.7546094589720095,0.8968191934145401,0.8214689102904413,0.768780528994546,0.9433899389974826,0.7433907426192745,0.7165555915372118,0.7923908158639055,0.794322192030001,0.8754592160414797,0.7897870000276818
0.8896109602124561,0.893777271497667,0.7355386355297261,0.8389820021189127,0.8728108108206049,0.7896966470370963,0.0,0.7364203306917633,0.7934383094010342,0.8812913403388715,0.8685432567966066,0.9216140587460895,0.8035977076026944,0.7438704677365957,0.8947463711262897,0.7867593189114515,0.8054731518037513,0.8844884004101524,0.9040401334931737,0.7772444697037939,0.8488559929554652,0.838646300506382,0.9110750922519371,0.9104128263309694,0.9047148199636014,0.7194566625835171,0.8659270143156609,0.8225030865576219,0.8870419381805774,0.8811131543163091,0.8741817087137997,0.8417434098712819,0.8467260205023452,0.8332930412752868,0.8309183828529259,0.7214531398529824,0.8598390807066817,0.7155260635966815,0.8296259993935184,0.908559154809446,0.7803967911023401,0.820800979973606,0.7619589945128665,0.8309414462326405,0.799900173527748,0.8291583655464255,0.7685244215805278,0.7888744821398752,0.9316561540334634,0.734964740686886,0.8791458019281199,0.7627520296614703,0.8226135826267572,0.8610953100828739,0.8245625374926981,0.745235265025137,0.8351997864704039,0.8273111754686912,0.8710771327370631,0.8156606868803773,0.7229355203869186,0.5944840594247016,0.6843736938315231,0.612233110475889,0.750878756866199,0.7101920288236334,0.8139812070889946,0.7906228986839976,0.71157474783473,0.7798921995885154,0.7624412217330184,0.7412434089864849,0.7004113798553885,0.853416128405123,0.757950308816878,0.8914574765114879,0.773728097363204,0.9420529842908338,0.6996656077850368,0.745345854837163,0.6983377777985946,0.823461546058781,0.8630459143835992,0.6368808987214786,0.7390945254679417,0.759598616747721,0.7180425944127112,0.8300638783766526,0.8389318503317371,0.762115805556782,0.8722137386660419,0.8815499075508134,0.8622421072713662,0.8235558563887801,0.8148152408323204,0.8507354859776843,0.5939229774342921,0.7500195918670443,0.6374015093768655,0.8450916261165253,0.7744329962614098,0.6837079274946833,0.7606201064605158,0.8084599467319885,0.7160930232174118,0.7243251374884158,0.6821800573238366,0.7809364215857046,0.8881143035826864,0.8647315067832299,0.9265227837591592,0.7147149206914745,0.747335685442039,0.7637698488198189,0.752848589888439,0.8355093053859112,0.8568309643016748,0.8625698556167172,0.6952897177721353,0.7082822189122941,0.7433828865731135,0.6555323316330626,0.7130453689244683,0.9544524846202833,0.7036131600624037,0.9063348313222885,0.6439507957134137,0.788186402097433,0.7342973656413727,0.7339456436562848,0.7358000853795518,0.6437004042754957,0.712145289035677,0.7758180461119826,0.7493248495415976,0.6641957573100732,0.8303806383071142,0.8410856264817322,0.786622288179116,0.8660301583353398,0.7935741004973549,0.7332356613162065,0.951463949298091,0.6673035312124946,0.8140549943835497,0.8300485494548304,0.7720146262670494,0.8638449700604898,0.8118731411614785,0.523921293535325,0.8376934619789528,0.8986667330134045,0.8465383839115995,0.7595290009187983,0.8519692614141464,0.8062785173761269,0.864323131071466,0.8459154903741463,0.8684206320656483,0.7908433687002474,0.7391559755097556,0.8598930231129227,0.8206518105635308,0.899271341310901
0.8326372527336685,0.8169806838954464,0.9174170963651341,0.771253306807794,0.7230648470339941,0.8822931249448462,0.7364203306917633,0.0,0.8458184899651381,0.8368061736504547,0.8057695959341092,0.8715829368246756,0.908777190077795,0.6982433431701209,0.7917196526736822,0.8841891295536844,0.7874733298054377,0.8103482237706158,0.7660100777245624,0.7800859600322849,0.8440801105392705,0.8322681818699231,0.7438067501187442,0.7836031744562192,0.854636746868217,0.8471188801616669,0.8591864045066587,0.7587225702999145,0.6952256860986017,0.833961631982218,0.8550902657356801,0.8259537896490753,0.800619705949344,0.7858027379392605,0.7195083721802674,0.7340477469544535,0.9009325518735407,0.800589995431888,0.772682741947475,0.772399299044213,0.7201087481683439,0.8106950986378393,0.8025885822709571,0.7158544271133981,0.9329208537357345,0.8797852214742391,0.7746965516893919,0.768463593947943,0.7353941918060887,0.7307426091316652,0.7919998752984924,0.7882638598068518,0.6351286495590915,0.7871605572324,0.7348183833314172,0.791173759858311,0.7621976286514301,0.9291034401583512,0.6731699732800674,0.7817571893133296,0.8773818466272347,0.7016401745146237,0.8021303534297349,0.599318760914817,0.6449103440233278,0.7866199805459682,0.8778147383857859,0.8778336307433238,0.8359708325565519,0.9601448068838393,0.8514936890864118,0.6488991732411948,0.7323904462802057,0.8819836955955598,0.9197885142577588,0.733815789448197,0.7925847679750359,0.8117046032971196,0.8407447087186104,0.6356439591438217,0.7486816796055447,0.8327861849559155,0.8524979777666402,0.8235586561508238,0.7348085806410664,0.8974161858916266,0.9194765676884461,0.7678010289367126,0.8748463734669797,0.8643579847033124,0.822828668897702,0.783734312359992,0.7024249455541135,0.693621928015608,0.6956129566035061,0.8528878090400063,0.7433574286041077,0.7932873259033003,0.5843050603174926,0.8687286629221341,0.6820361968449973,0.8465428412017664,0.7332770968711033,0.7794184285698497,0.7755548039231303,0.9001543751792977,0.8104002286836434,0.8068337326747534,0.8109115733931908,0.8028017924800172,0.7577868234925719,0.6979769973108041,0.8157025966265342,0.8767387957695992,0.7763330379381382,0.8679251859404064,0.7325447155566405,0.7223422365534516,0.6752573678827991,0.7748626417978183,0.6626244507085689,0.8583448237929958,0.697348804711274,0.8316195113633359,0.5964432068999561,0.85762876022864,0.7336558211655118,0.9288256338117105,0.7507716637029261,0.7530409380181569,0.8298144670385951,0.9085398067496023,0.7824608666575812,0.7398549619709629,0.7692165619919799,0.5759983756364191,0.8178833494952189,0.7326875444606871,0.8079774296232154,0.8293179933919206,0.7355399608724557,0.7325422256516089,0.8042800174580186,0.6921842899601375,0.7890882151235388,0.8379712830649745,0.8338423256716173,0.854155452372451,0.8414879425153922,0.5822015779203686,0.8067286036859109,0.6572793358348649,0.754908492343542,0.8036862909214465,0.8663619345636168,0.9005940192480975,0.7733828297219892,0.8958677832224098,0.6704787018967105,0.6787381905765543,0.7079597757966481,0.7018184743695725,0.8789280954600827,0.776046996817249
0.8827383919823172,0.9059896524589108,0.8472216368329414,0.6804198207765957,0.8474177950235393,0.8096555351384368,0.7934383094010342,0.8458184899651381,0.0,0.8214754030958723,0.7564638511439107,0.8658464141290978,0.8053753474504697,0.7290168566397494,0.8810417523739078,0.767514634535111,0.697720143858582,0.8324364912557515,0.7380283388924711,0.8184122689012077,0.8038649664524202,0.9340733487816213,0.7332355997842617,0.8414494195133269,0.8389749337575539,0.7181444831523034,0.7993124578956041,0.6663368247003536,0.7179135814983452,0.8719079539407376,0.9259903890841376,0.7565208692296344,0.7720646142561643,0.7113252001382648,0.801562435541488,0.7211421528302091,0.8664263024267735,0.7711968842827238,0.800537318778247,0.7553850799715942,0.7298476921785658,0.8927561203220078,0.7560914229676614,0.7487355077613908,0.8519859629675733,0.8050589536029381,0.8705404950321839,0.7569872142679858,0.7517798249048396,0.7537646475146826,0.743831183543059,0.7307448150454935,0.7008532231048055,0.7470874106279,0.6853597381715947,0.8748371594744182,0.7451693966823002,0.8200260148835732,0.7135117785230639,0.7538203359085422,0.7145334201410747,0.6500908196934085,0.6792745592043336,0.6487511573190313,0.7405098170203172,0.6871026705574469,0.8205444166001684,0.9270437319928827,0.7539819079510245,0.8300143538473793,0.8991330032350607,0.7013248352460657,0.6715120815063778,0.7658962009622645,0.7696689550445655,0.7475823325521963,0.6778971706276088,0.8267020513861508,0.7175353211202177,0.609256429090571,0.6961177210736003,0.9161203293183817,0.9441878685433559,0.6758522287943541,0.6581576437484599,0.8983245843297812,0.782100100864374,0.7574723852670517,0.7761469702229999,0.9456070889083757,0.8074641161258802,0.8780372599750218,0.7174737928501058,0.6857563658400453,0.7354682168477157,0.9085424501053408,0.7029047298635351,0.7801033092417402,0.6619482814140146,0.7690628187316191,0.7168661377905534,0.6871129786832841,0.6682469710877136,0.7822147963008056,0.7275275072142305,0.7946303936566975,0.6384138581535823,0.7637579545803935,0.8059479428987776,0.855254146811956,0.7317327713083194,0.7030197539325915,0.7235420550634761,0.7477531363738403,0.6928616358565346,0.8253827157629808,0.7080523448796807,0.7541987245555045,0.5949865007220355,0.7447146852442833,0.7537051515775491,0.6926166153494658,0.701957990349858,0.8357980287528973,0.7206789273062235,0.8048277532738135,0.6633008213183877,0.8867731625514889,0.669051724996912,0.7965067668893765,0.8830994149678737,0.7655663449627529,0.6869601260052018,0.8166858702299724,0.8074329523750642,0.6920338426199457,0.8809172678474082,0.7949136160289563,0.7755843009896568,0.8398985030143431,0.7047307903079094,0.7494875418230118,0.8738441758464668,0.7173990254228246,0.8069358196802545,0.8540476207076783,0.9698058998250817,0.7850337500687359,0.8589439371377618,0.5515876878716978,0.7874262713065608,0.6920854116649353,0.7751042712563299,0.8742621876015073,0.8067298939980592,0.9057178052415735,0.7577002130795495,0.83018981619852,0.6949691859591841,0.6096666024090237,0.6580916606084328,0.7665533018043544,0.9564582492070083,0.8432220905595189
0.8523247605949471,0.9257983655054062,0.8606239167686023,0.7862102361936905,0.7531368072003458,0.8920246629633052,0.8812913403388715,0.8368061736504547,0.8214754030958723,0.0,0.7980540482688768,0.923567883950593,0.888593112707794,0.6990259642533672,0.7902811124388894,0.8388119358977988,0.8333882937162655,0.8300014564415941,0.8145080249305657,0.7600214040618428,0.831276386218049,0.8225261891257383,0.8751867667996986,0.8716541345275148,0.9370317186683693,0.740700661165093,0.8998455225918858,0.8312334536902068,0.8004936394922444,0.9052305046413495,0.8181408221217071,0.8373524174326715,0.793214184778385,0.8407237621711138,0.731772880836937,0.655468138404918,0.8734097200796911,0.6851371096818227,0.7102423407315559,0.8739967999561958,0.7056276529079405,0.9360603817813059,0.6981335384845218,0.716536679018177,0.8499701345647612,0.8528117634786577,0.8322076180078317,0.7187920348176653,0.8280059953098015,0.6488410967131558,0.7645113631664946,0.7783183924825635,0.6693754000703637,0.7647995999201784,0.7043606934560596,0.8855458033260347,0.7484723346314259,0.8556761398600764,0.7406803861205349,0.7638845200155334,0.753529492130535,0.5852834046284179,0.6632185657566699,0.5655852760331893,0.6167620623508876,0.6881841778857035,0.8398419394450003,0.8338983748585578,0.7168416392104823,0.8256095629995696,0.7414269055639706,0.6362869427416461,0.686356317631619,0.8546381173795935,0.8231968939911326,0.8168975142991087,0.7446915059331789,0.9119257177432939,0.7097255835257706,0.720813696626042,0.7632583186482136,0.7649271541022328,0.9262033267131525,0.6928423830603049,0.692649950056498,0.8404377888107327,0.7544152644064815,0.7148507344987047,0.8964249723747604,0.8707426280108822,0.7944119404268738,0.8291992850842106,0.709597072267009,0.7236614880220373,0.6923766345756259,0.8719975930672635,0.5690874205446661,0.8398662145468295,0.5655688632154882,0.903094607493197,0.6659539637435236,0.6812020022383288,0.6918849136557863,0.8166421526641923,0.6589271978863669,0.828330651546462,0.7011898528435525,0.9136119445106147,0.86074762162588,0.9242228324753388,0.8243553148898884,0.6288786469140684,0.7857692248812596,0.7980037743207409,0.7114222615789453,0.9480960468123353,0.8476291142175436,0.7493458692653259,0.7080759835984195,0.7554745854817267,0.6370919005065224,0.669876952569254,0.7330523699010184,0.9028718530851748,0.603863412128338,0.8680254577463171,0.6692056096442335,0.8287699114374755,0.7528881876168969,0.6751012444696585,0.8907398861405936,0.7265740150781866,0.6998712773880723,0.7004280739569229,0.6919973422804477,0.5578129998316768,0.8637506341480213,0.7365106774286063,0.786534483024686,0.7790534985537471,0.7195529699215114,0.7065972147862956,0.8869092879464634,0.59201919626925,0.754233217611953,0.8466541286805381,0.7825951949670222,0.9253803867720541,0.8793492894843608,0.5548476807392823,0.7483823132146773,0.7417416268939018,0.7472495394672507,0.8662140338722615,0.8972530575820914,0.8219861454645234,0.8476020476254039,0.9689029382409958,0.7288667147700525,0.7134554455678969,0.8123997420680952,0.7706278370079033,0.8656623718713333,0.8051345559806706
0.928010172576272,0.8139929051858886,0.7693600968372075,0.8640128420645959,0.8244640315266648,0.8081243365868561,0.8685432567966066,0.8057695959341092,0.7564638511439107,0.7980540482688768,0.0,0.8835366222650137,0.8903091353605167,0.7940928845373577,0.8710529942333214,0.8985555008493898,0.8789452793227402,0.9257224539074334,0.9283396240217303,0.8608282065665391,0.9255658059960263,0.8405115770919863,0.8457549333764959,0.8856684144342497,0.8967221239363247,0.8503739657851022,0.8538245209178771,0.8766782989263543,0.8719538003135661,0.8158730533044565,0.8818046997979323,0.9076509885756547,0.8414682309548598,0.8641896783388945,0.8629091187646553,0.7961940692723837,0.9397299855899054,0.8520936320114799,0.9078762164926515,0.8974172461477297,0.7980287083590012,0.7352301554745412,0.8970978609755498,0.8855013687322085,0.8743406578618903,0.8808838488955535,0.6947735566326275,0.9415030710298763,0.92135863471953,0.83354772470866,0.9616568719142791,0.8117915590173584,0.8207772800994302,0.934192057239417,0.9369738590591212,0.6673656357746472,0.9401082610364125,0.8822501698837514,0.8901505197785743,0.8657631879695277,0.8838554758575331,0.6687324930215783,0.8501509779893647,0.6665537996086744,0.8064421220016474,0.8972790225625732,0.9017126370724536,0.8096749227377036,0.847718484665774,0.8851669557575675,0.8420375939557541,0.8109378082210487,0.8495763157670997,0.9500169326069795,0.88802822281685,0.9026585871594692,0.8865087712530488,0.8802609109523305,0.8372984711321313,0.8008886237927626,0.7673309500903664,0.8343155440124362,0.7846883985330849,0.7909016945382543,0.8710128364772484,0.7874534368203542,0.8734008229655754,0.9133982261091695,0.8619032639293707,0.7206140222342786,0.9088653009967994,0.7927421475019851,0.9092563435687253,0.9106747979099661,0.8809884195227884,0.8141645620850262,0.726649841057543,0.7209385552544489,0.6565403427346526,0.8634502898691053,0.8606373849100996,0.8340004945336296,0.8148359556051177,0.764649790726667,0.8484570427909395,0.7822705556399355,0.8278553244373095,0.7623979157377072,0.8715320408484213,0.8380986108323418,0.9481283770995879,0.8191765969441,0.862194081822754,0.871112131942778,0.8836143494734977,0.8115345345664853,0.8496975671178538,0.9029136155253021,0.7569087168634581,0.7188062668022972,0.8015460334272829,0.7574148207484206,0.7815011793065314,0.9356628437376266,0.7436363762362928,0.9505820236971397,0.6853319446415269,0.827431239004302,0.8044293177955838,0.8165359397701722,0.6741214053433077,0.7784249290194518,0.8787791885403039,0.8228966232596717,0.8799451896551471,0.7152239227050091,0.8258161994748061,0.8613410426215036,0.8616070414444131,0.9115137651070494,0.846900289973154,0.8106383760917204,0.8703290675456664,0.7474565700391809,0.924925293676369,0.8223558907154899,0.7473897185647602,0.8307988591172505,0.8179620093946316,0.5697799415940195,0.958877808569768,0.8678074670996551,0.9109665831207227,0.6789102168651194,0.8478718031130549,0.8811685976682955,0.905627138797462,0.8134344354172522,0.8770428371496213,0.8632897782541779,0.7322096212684848,0.8732817860117676,0.7879813552442541,0.9410829267653175
0.9377967069799079,0.9265721009613349,0.8431404759809665,0.8389059309935305,0.8578151566693786,0.8873641833030435,0.9216140587460895,0.8715829368246756,0.8658464141290978,0.923567883950593,0.8835366222650137,0.0,0.8858473754143193,0.7386129959116798,0.8860035447547798,0.8865214068915016,0.8695627002531016,0.9063914750711092,0.9247946148932588,0.8454817063027174,0.9298023003027491,0.8663824731727688,0.9085103473790969,0.9191337641052714,0.9730063842927913,0.8090342339084298,0.9050572041229745,0.8541646890937984,0.8391185867248457,0.9413147853796017,0.9328645091450597,0.8938061270246092,0.8616325379651547,0.8995664949300495,0.8399182719977192,0.7674670226814005,0.9280521202736939,0.793637390538144,0.8391185333717236,0.8917967513452194,0.804794027713786,0.8867640966996148,0.8267083292106595,0.8303506065503226,0.9134218117606677,0.9147707805196368,0.8481665822601622,0.819974385237514,0.898934568505916,0.7721892890540686,0.8826492055831349,0.8485416539758235,0.758043957225471,0.8643808444269319,0.8137824773253235,0.8201071827538675,0.8624106581030958,0.9469239756500258,0.802152684578202,0.84993539446466,0.7881595505879908,0.6479903662494854,0.7652064367430368,0.6366174396117374,0.725551673773393,0.7709448697105368,0.8520533907796563,0.8491865669066608,0.7889991688440405,0.8838724675550319,0.8272337705257874,0.7306912631289513,0.7460491472483082,0.9036932487928255,0.8734552220664087,0.8771544642987575,0.7893712701566791,0.9471221554958679,0.8120303240906581,0.7293776670025396,0.7644635138472511,0.8693240854471945,0.9147575093715713,0.7360243557361595,0.8000326345659738,0.8825179577113175,0.8206470334843943,0.8314643126314076,0.921395608687699,0.8457461731684218,0.9148428545832589,0.9093174962968082,0.8285069544291517,0.8073700072749752,0.7772646634006587,0.9103190306430777,0.6529894352758878,0.8563848428000598,0.6419263052184536,0.9134963448885699,0.7532983698578759,0.7531147331703644,0.7992883373854115,0.8738728367504273,0.7806668203305476,0.855613514876216,0.7655923098914907,0.8791683484217792,0.9148107210359944,0.909757782123712,0.9161084142322433,0.7539146812062747,0.8018190968038597,0.8438254666548869,0.8136869625088773,0.9255764021407359,0.8940363258996823,0.8446478333812029,0.7307937766884731,0.7772798583216144,0.7397265456853217,0.7420286744031119,0.7776344116857705,0.9630829991077652,0.6793911169628664,0.9466577568723854,0.7026439188358321,0.886504299265527,0.8094638876910215,0.7575939647632257,0.8363392465297932,0.7649903396410184,0.749985718302743,0.8026751554972185,0.7907427022726518,0.6356098025471982,0.9136149900225282,0.8382148434034602,0.8477529260580842,0.9082732348610426,0.7871437696363996,0.774109465931543,0.9443560704420878,0.6922118776930914,0.855987886195083,0.9228096521256959,0.8473740766387439,0.893158905963583,0.9203301054244549,0.5793642135720831,0.8788462290243559,0.8277143904362503,0.8547504373432263,0.8164664282191444,0.9502038901912072,0.875620937028205,0.8543335375467065,0.934592443012741,0.7956358993681736,0.763366944268075,0.7505374232854732,0.8571332726919654,0.9179395713592656,0.9031762010827361
