0,1,2,3,4,5,6,7,8,9,10,11,12,13,14,15,16,17,18,19,20,21,22,23,24,25,26,27,28,29,30,31,32,33,34,35,36,37,38,39,40,41,42,43,44,45,46,47,48,49,50,51,52,53,54,55,56,57,58,59,60,61,62,63,64,65,66,67,68,69,70,71,72,73,74,75,76,77,78,79,80,81,82,83,84,85,86,87,88,89,90,91,92,93,94,95,96,97,98,99,100,101,102,103,104,105,106,107,108,109,110,111,112,113,114,115,116,117,118,119,120,121,122,123,124,125,126,127,128,129,130,131,132,133,134,135,136,137,138,139,140,141,142,143,144,145,146,147,148,149,150,151,152,153,154,155,156,157,158,159,160,161,162,163
0.0,0.5890042793679644,0.5537741336082163,0.4969402005739542,0.6024926524858943,0.6202245356668007,0.5232579789467704,0.6125505681979221,0.5325213548386205,0.6147393314280151,0.5419139610808325,0.508559871057573,0.7678438837692982,0.5137305842632709,0.5713129872836392,0.6969902125487316,0.6015700794371496,0.6934325618738104,0.47563380685743667,0.6968170139594448,0.5101900102215299,0.5592512773951452,0.513985481930813,0.4767724873480348,0.6406312622360754,0.4491336793733833,0.47985952096196,0.5256957061952251,0.5315371607636811,0.4544977972218438,0.5608671969004833,0.6537398322305441,0.5343461060074316,0.4794932348796512,0.6361110224765514,0.47420736087416226,0.5605001712913473,0.5067012394247439,0.46333709308029847,0.5821290001210343,0.47195676794374175,0.5280717961189434,0.5367478294994612,0.4922947838283121,0.5831804779645748,0.5760543765219028,0.4913806077911974,0.5079625620467603,0.5552534688374635,0.5217578829573126,0.5284657644214537,0.5037099193865692,0.4453172334766248,0.43759176408288336,0.4648241377035659,0.46465556289081816,0.5488735323870717,0.6452458215994105,0.537507845975599,0.5868726130542556,0.5054810469550997,0.452828828549456,0.472475454912159,0.4392540078332069,0.45946478876875463,0.45294711145026634,0.5166054945734285,0.5126163073510694,0.46820143396132163,0.6568707149084227,0.5548549364560044,0.4673479132296626,0.45907346458961484,0.5864436310339566,0.5592648100475371,0.4712714329235529,0.493953976603737,0.5140159534634288,0.4848101924661384,0.43816341117757845,0.46947825414382155,0.5205215219429296,0.5199519893682316,0.48875289168475533,0.4769239940971372,0.5805365475560031,0.5615434713482313,0.5171766022847775,0.6037024455499126,0.4149857714329861,0.5871459659468812,0.5477909121984569,0.5432925123025034,0.45771794395501675,0.4840900055160737,0.4802605968256053,0.37265142954125247,0.5091394508101578,0.42493689446685845,0.5827013863282537,0.4387312366349938,0.5041640161368386,0.4300704080850843,0.5034169506085618,0.5078710052677066,0.6074240128612363,0.46382323948453386,0.6249544939998705,0.5556051924653954,0.5159593609201775,0.4639488869853858,0.4552170621078463,0.5414213283921789,0.5050570756995024,0.5017239591506297,0.6236945606608733,0.6141887595064884,0.5423354872324896,0.4569513248750457,0.47600357690021866,0.5316373638279992,0.4552213082134188,0.5399842682720088,0.5850016897216272,0.479276809005725,0.5364392371903394,0.4751679038014197,0.513502906500742,0.5149000342514504,0.4739228913923183,0.46576050736979757,0.5143991551035693,0.48833628737065354,0.48434144084566544,0.46129118680779263,0.43879919830118974,0.5031524176643528,0.5285187098294283,0.5889472683115075,0.5725825574983079,0.4638343800824422,0.5298351505002747,0.5921018992621959,0.4377007062139965,0.4759425221784282,0.5125929839402675,0.49199101844283066,0.5284887180273418,0.6301726581796335,0.4124296201374052,0.5391189745964099,0.49879282879149545,0.4479673579222012,0.4592559606545298,0.5579096005194102,0.5661286578885041,0.5127811158055676,0.5541334808041904,0.48960446129647495,0.4499016141945961,0.4305234457453596,0.5543783199679513,0.4340678217593116,0.6106835424637501
0.5890042793679644,0.0,0.6010301668996262,0.4907527184328842,0.503473131856803,0.696044418302625,0.48959163496353786,0.7082547561720015,0.5355817752916603,0.5328794118198735,0.45521703520158724,0.5888393802769583,0.5862627292970303,0.4235712100124868,0.6177961576968545,0.5147490216721455,0.5047869103788608,0.4949081245480209,0.47375073459296274,0.6228538273378194,0.5333770463302879,0.6256769588562572,0.44393915252988136,0.6010518189350935,0.5398835642829091,0.4198416901713156,0.4116224706369933,0.4478769312650755,0.43538963950760623,0.4014556324402245,0.5505834552558924,0.49281740860364776,0.5702401499575231,0.4739661787392962,0.5104648361742746,0.4440461584210589,0.48108855164602077,0.4234854382740368,0.4769380534352165,0.5573044080618806,0.48233197261352695,0.5451773569112309,0.4401668149663463,0.4512832036308342,0.6310825400144602,0.5568164496776459,0.4788409397702351,0.44540011054879997,0.4512731120191308,0.47019124891667224,0.4760172208910791,0.5252450839677759,0.4197984361931936,0.4641045698210759,0.4041488544685932,0.506503521499801,0.494228495153449,0.5458440255206997,0.4571519570906759,0.5368287158508845,0.5121262162460535,0.39778432656591806,0.4267077857883713,0.3871153910360194,0.43773742128396353,0.4304423420505461,0.5172931908836581,0.4693828976931084,0.3763985766403413,0.5063089325418862,0.5394262963427788,0.39113650945058687,0.41054821423542753,0.5489356968107162,0.49529793355098506,0.3978354175185698,0.44365409028034414,0.4520478010565522,0.4501281486525727,0.3782820722161583,0.4326871305064421,0.5807107876713214,0.5319183001932638,0.42162273296645375,0.4254291961727174,0.6499652945993311,0.4760638563490949,0.4083202994032795,0.4929559252987668,0.49826292305511827,0.4641105456356876,0.5613428162749007,0.4351405205919612,0.4295029841774478,0.4356544341153741,0.470688521418341,0.3908501544603735,0.550286537345057,0.3736049889702543,0.5860779266586205,0.38361265987662263,0.4481444917104947,0.3854396304491937,0.4762727888210672,0.43559595024992437,0.5965214950248856,0.44997214326816887,0.5646662967097018,0.5210027557300781,0.654917891385713,0.46409494722992944,0.4070121844229803,0.4867127919878834,0.4129312934082032,0.4347900955459493,0.6974396052313935,0.49735263430426996,0.4218630001992598,0.4330335518841285,0.4092000809204074,0.46062771530772606,0.40131758112134314,0.5091429790507677,0.5452782738141967,0.4141110777643805,0.48479927245699944,0.4524738112137575,0.5688175603491931,0.48272824721099683,0.4188941392938041,0.45226126278599255,0.4930452616011942,0.40217526050992336,0.481778354826254,0.49736881968266283,0.3974471423894252,0.4841840086200009,0.47527489616407553,0.5301763676743386,0.4920483471970243,0.4052225561039399,0.4336930565710098,0.6265633049096777,0.408311839550054,0.4282062266858833,0.4673299117474804,0.6241513827690331,0.4777046847043699,0.5463005254228306,0.3709084475003686,0.491392538359497,0.4091937379887683,0.4440079778465101,0.5262714000095705,0.5601814931535021,0.566800241959684,0.4973070207254999,0.591441726711222,0.4215633432402647,0.3689777066538121,0.388039513213121,0.44497256323553164,0.4000373674002339,0.5391446168654721
0.5537741336082163,0.6010301668996262,0.0,0.4886368320397039,0.5537223621387373,0.6211799828757657,0.41866459493729485,0.6101070250658183,0.5311883094048525,0.48979844445217197,0.4690017464219358,0.46153928742738054,0.5469722238227434,0.4690985922656356,0.5004049314756442,0.5206369611030678,0.5360635988090767,0.5148228384147143,0.41943816368503506,0.5844279560697154,0.5441476232789617,0.7296604976776899,0.3958173365171426,0.465429496884926,0.4831718062246394,0.43760256395717934,0.40344764241267583,0.42493794431210813,0.4362446559859132,0.37311436817976706,0.461673865118122,0.4587888282481124,0.5279719934583593,0.3997458449095122,0.5306323103050197,0.48256741433427086,0.4447328394093222,0.47316483891302574,0.4287323762431474,0.5121029820691624,0.4978576719329832,0.5807827461189609,0.4410741206094712,0.44929317174455496,0.5311762125431275,0.4768950962253583,0.463330791470704,0.44946411173728573,0.412167686911174,0.5108383269350772,0.46126316849966825,0.5623100951449379,0.42638570349362814,0.4553046571457581,0.39499111755110683,0.4692590387951706,0.47509142646802044,0.5763557534075731,0.46983031646970086,0.4930284716723573,0.49267933680650017,0.4228711124211062,0.4729491621745421,0.44230882539324934,0.44503183252326756,0.4239704975971353,0.4929706264733184,0.4648299096907127,0.43479226123987263,0.5274077196965693,0.5591849684508641,0.4022500510550059,0.47467987278936563,0.5371141979118229,0.5580931748155407,0.3610193487223992,0.4171422026027731,0.43216754978366906,0.44231585375156196,0.3640245134306803,0.4572065834602193,0.5920412537400114,0.45823416436809633,0.4611794103736058,0.4526382878943573,0.6613922552786904,0.48505997167415454,0.41214107979467696,0.4340581419710849,0.42919465620253683,0.5237714058423095,0.5065705170738022,0.4312893110829727,0.3932642125052798,0.4859630194430979,0.44161750847739717,0.40267839234408026,0.5367786284452479,0.41089457876738056,0.5062574123231663,0.3740403654072433,0.4293589948325362,0.40011329272175156,0.46600405538695183,0.47680494091568965,0.5556636020131044,0.4451845306384051,0.5636165559478311,0.47805797899388486,0.5036792731121787,0.4221104137045446,0.4445887460737517,0.5215128760192935,0.4444067751844574,0.44046359595309664,0.6127205292539071,0.4607231260227946,0.3960582510167957,0.488574010512672,0.46023953198529244,0.4945465640403017,0.4277290521960175,0.5395127440960068,0.4585875648007996,0.44696357135297904,0.4315575905231361,0.5084553235631426,0.4692297154640275,0.5062918831398571,0.43686216742998146,0.45468440149726524,0.5893245311425115,0.3977909189630036,0.5309211294779287,0.4894178365377881,0.4119118286667527,0.41186617228675076,0.4658102482047036,0.5372459265798358,0.4518253063989073,0.409979581824544,0.46818147335794125,0.5652826133679687,0.4708695051109426,0.4346023078962707,0.4644646371140949,0.5930140718032604,0.4363854342002375,0.5408985326401884,0.4244083351086072,0.4562571800938722,0.40600466873234564,0.4529015435013498,0.4778808198225377,0.5178208197233399,0.5041453008012631,0.414083116734688,0.4942749366292897,0.4151102380318688,0.35924321982988516,0.4004820447230865,0.44611466883132994,0.41719631285451053,0.5531865457836463
0.4969402005739542,0.4907527184328842,0.4886368320397039,0.0,0.500925734575171,0.5051238461938535,0.4697570586705176,0.4756142208091783,0.3833915330399171,0.4307705824627208,0.5705482290171906,0.46065317027064623,0.504449678892262,0.4869838544954292,0.5079956789682536,0.5214927417983702,0.5868944072790769,0.48041954523486724,0.5222249621746197,0.5674498214956069,0.6571321465477143,0.505025361614541,0.4235690834504501,0.5000702414273057,0.4650075534435917,0.49187301510742204,0.3827389597856769,0.4846298346236606,0.4923453594962603,0.3295217459105716,0.4546708120672595,0.5151621020085444,0.5987170390248099,0.4963554815097956,0.5678889318718041,0.5981594163038603,0.44627489760858396,0.480484943582329,0.6194421885663723,0.6334851596069233,0.5846698154078198,0.41778054525645136,0.4939520511741642,0.5776762202715862,0.520461960022608,0.5060520278697526,0.37170531705755566,0.5674205030869074,0.48578001053346914,0.5999854048041945,0.6608657094058831,0.5759516627999477,0.48126849028622803,0.6535804273805569,0.5722219054706879,0.3656249928746,0.6318850411960641,0.5207228412039626,0.5989887518257955,0.6323691712260674,0.6803149357921399,0.4534982722388892,0.5164588751320669,0.46998856157861113,0.529720357985103,0.5193485108236375,0.6025717609613319,0.4019864395083398,0.3963938570961671,0.4660814330359628,0.5257305395041492,0.46128888412455327,0.5472597916385604,0.7087860542114853,0.5202108787101033,0.3977786751459406,0.6067387497176021,0.45133693457587903,0.4893386633318657,0.43505328984567637,0.4644149608945528,0.5729819404833651,0.37927903345619307,0.4632747346534215,0.5894162454874186,0.4749797619842681,0.5103155676788516,0.47096692167796983,0.4413394717227659,0.36187925428339585,0.5210737852933596,0.49758995721621324,0.5540427501288689,0.5196347651167889,0.6005490987817569,0.39162634283482667,0.4560254290600539,0.4598621918981175,0.44360433750807704,0.5705487458218583,0.4624915562600106,0.5703527106928887,0.4765055307253618,0.42062601141777456,0.5414050587573662,0.4877285039423548,0.5960127518687222,0.44945184089022705,0.5126667035257627,0.48648386639030383,0.6186915887128964,0.539580178471744,0.6129203242612737,0.4672358051908781,0.5134333446921544,0.46922114868627945,0.5054799242618602,0.4533364641040412,0.613409890376911,0.4231204793001756,0.5859148459834648,0.4498164623898262,0.606860723461141,0.5154666966139172,0.49711880332551023,0.4867418277420032,0.5718361131945772,0.4455646873262797,0.6277664711683029,0.4485676761225743,0.3387673877586854,0.5481260183498805,0.48111273761745077,0.5985758325009177,0.6358503650283506,0.45599726442616206,0.36762650920984846,0.5210689573394047,0.5481719134578025,0.5140778419566173,0.45048606911640104,0.5033457953406372,0.6333286167458531,0.5364344755762827,0.5021048911848792,0.42303530060283445,0.42843769593947145,0.4509147071800461,0.4548414165514559,0.427845377855758,0.6302028689200727,0.4624497763059761,0.5163805414037679,0.37701210245306205,0.5198672169913864,0.49768022302486375,0.4685834293161226,0.44582157666142336,0.5458386461375198,0.4621852665590037,0.40247162149437693,0.48688447433350024,0.43966778932345063,0.605751123402497
0.6024926524858943,0.503473131856803,0.5537223621387373,0.500925734575171,0.0,0.515590089535911,0.4906126722053242,0.536729816410969,0.515203811267078,0.5553561549029695,0.5868473886511407,0.46928971341298376,0.5915935385852064,0.5593983030765884,0.49027706558389567,0.6741406692763674,0.5597270160774978,0.5853213837812845,0.4127331107886391,0.5576893024077632,0.4921172041627954,0.5502850775208458,0.4941092603631445,0.4328493293970567,0.5822733845311807,0.5011328399909438,0.5089684834029068,0.4667875112200254,0.5546765497465725,0.425724016584782,0.49977699163697786,0.5314465944626292,0.4928088594262097,0.44076238148722435,0.6573482098024205,0.506842043081524,0.5494675399038355,0.5668880612772498,0.4501966676907599,0.5465086952078447,0.46285969911521746,0.5500068446952798,0.5032390173976935,0.5043410673783616,0.5260598475852075,0.46559175448985457,0.44949129230917684,0.5370006620290603,0.5221455916157144,0.496347301362803,0.48267174031078014,0.4705081221800146,0.3911608764877294,0.41924829264352637,0.46474912870279506,0.45131877552348243,0.4803453379880646,0.6989601594701151,0.5073180746551755,0.4979936126013756,0.456337477466273,0.44374076268457957,0.44411168240190885,0.5084110653343241,0.416842588650492,0.4033413858548457,0.5272823401095685,0.4950536345015575,0.5116536001289805,0.6595125216686384,0.5251692456849025,0.4766169418771275,0.5021508815887199,0.5336209157561683,0.511223678513253,0.4029090752056469,0.4797838689490318,0.5608813449275636,0.4532376468571254,0.4257318298244421,0.4455481725729337,0.4972858329498355,0.4699354553375662,0.49267321136254916,0.4948597414524017,0.5560595344774795,0.6005259289300081,0.49776724344721013,0.481934811655313,0.40646806521005263,0.7175192151843776,0.5246097147616228,0.5104849431733932,0.39284541201987017,0.5182809852989199,0.48587850231554375,0.3529378614662645,0.5107798706824856,0.4831080990397265,0.4931719563816216,0.4495234277701784,0.48168691724149054,0.46123181128612833,0.5034615970950258,0.4995262975511291,0.5317851011201213,0.42592378647669993,0.6466075313313944,0.48456996530701485,0.47112034259744057,0.44558155572607494,0.5130731870871136,0.5396187591425169,0.6032781553494169,0.4593920890274149,0.541947037885639,0.48853494428445554,0.5095748817194192,0.4796273031909175,0.5738447070594739,0.5928671432375474,0.4923446563303213,0.5553484814822578,0.49678400690968155,0.5213992178130952,0.48721730990379797,0.48301526893953883,0.487413351464052,0.5238388641025704,0.4784038861533078,0.45492320652799595,0.5167894687803702,0.503257161548193,0.5296916428533849,0.45511455265870276,0.41734681882619434,0.4346549329700837,0.5406303159152354,0.6385415791624258,0.5336042322472967,0.4427566226900458,0.5916818330325173,0.5280185296243393,0.4847530349200415,0.5258339757218711,0.543916239623682,0.48237357672986564,0.45810046244628655,0.6045801878455027,0.4714083261700738,0.509480983384148,0.4552092288206556,0.43560374604831387,0.4435480305273072,0.5506246502220232,0.532718258608321,0.44153023394383195,0.5104988958304529,0.49882230517777876,0.4356924533715306,0.4122777976521501,0.5460183018541849,0.4710104140594414,0.6697095600804591
0.6202245356668007,0.696044418302625,0.6211799828757657,0.5051238461938535,0.515590089535911,0.0,0.46145584438409426,0.6920676363434193,0.5268549506174103,0.5183626779752366,0.46917863112591235,0.5434016436095614,0.5862025656521181,0.4453132827328096,0.5677149393319199,0.5432424067507106,0.5455771455695154,0.5171045517117504,0.4963854722684922,0.6852189255879443,0.5867076834903692,0.6049568191834395,0.4237075050226619,0.5222470545722668,0.5410599243071719,0.43206088612982246,0.3943225802245067,0.4538252957401246,0.44455063543931955,0.39272762106372694,0.5451461702174516,0.5306471810506851,0.5664418667709881,0.46639740029391397,0.5440494257322432,0.4803132673525995,0.478304545320477,0.4566636796730367,0.4860596258781131,0.5307067857052331,0.5093962487245309,0.543575672959015,0.4758127128068631,0.48185402307140784,0.5967025000114372,0.5654678861020518,0.48158366445581713,0.4717905190816489,0.44930059309210224,0.5226681117292326,0.5141926097828636,0.5914165023683273,0.45681131439217004,0.48473170002023286,0.4228439171203953,0.4880488275787763,0.5391019774479379,0.5927150292757012,0.4852793201301135,0.5623360744500309,0.5500843165411234,0.43949211657649,0.4824038067854525,0.41447540844009234,0.4831116821878973,0.47176219819801385,0.5177381185762195,0.4743684057827549,0.3974504087753631,0.5315130773841052,0.5905701295189058,0.4128003189634328,0.451479815460693,0.5782967732475819,0.5547492877699458,0.4111292813392819,0.4544247637549768,0.44843592114398684,0.48150448096759785,0.40080650337539914,0.4820815467534776,0.6408428476353225,0.49533254053771714,0.45688250290919735,0.4708314790042522,0.6499488668870452,0.5183226162057352,0.4352053162204999,0.5034032833053776,0.4523357536949962,0.49772119948081206,0.5830326065454239,0.46209654123129446,0.4554961535881722,0.4749480050205262,0.4611874992718337,0.4256449821663455,0.5740051693146281,0.4031554300611395,0.5908154412747472,0.39670844903956687,0.4797248517350978,0.4118923102807649,0.48690605455902614,0.4884726285305538,0.6164656579940481,0.49361100392756835,0.5573550163823744,0.5245324746599095,0.5857340472788899,0.4767584535869809,0.440745452416347,0.5439447917467983,0.4388056433019555,0.4682662642347688,0.6235443391139435,0.548589296996591,0.4301592954819505,0.47447439812512626,0.43251370293364366,0.48998626930271283,0.43099035880626096,0.568820026312085,0.5463437543411072,0.4522794389206894,0.4868344804740249,0.505305632452272,0.5204866301980225,0.5240277051434405,0.4340189489821934,0.44577001155182816,0.5713385011638565,0.4198643228496214,0.5257830148623197,0.5225254962665292,0.42950601737802235,0.4623873869889822,0.474574947997276,0.5131587882527726,0.5145003791366248,0.4257144325399605,0.4727669126975968,0.659768263206572,0.44917872639926276,0.44864161270420755,0.47274255545345567,0.5974439872271147,0.4905405163896197,0.5677632427951982,0.40248444782233234,0.5239020636069193,0.44150030117812084,0.45544468853239894,0.47001633873278653,0.5801796305526795,0.5631314900811278,0.4627364046558641,0.5561654124856686,0.4283181919476353,0.3876211436450249,0.40765008674830544,0.4827134031944854,0.4264353690801437,0.5609245216221506
0.5232579789467704,0.48959163496353786,0.41866459493729485,0.4697570586705176,0.4906126722053242,0.46145584438409426,0.0,0.49074068051195513,0.4206705322066222,0.5580412608867952,0.4683298042503685,0.546219518248541,0.5529312799246364,0.42184526527145805,0.5662847754122022,0.5169419197078454,0.4457476565096201,0.47087740091202435,0.43298094605943205,0.4856919456054419,0.4383435731717162,0.4313209036687109,0.6422851291779944,0.5146364380562789,0.6172536383713195,0.45569417275689583,0.4636682473796775,0.44856980650153305,0.48239272305553343,0.41441577009913905,0.5775538876282962,0.5528434210993953,0.48389228600141065,0.6238557930314844,0.49564977690639894,0.41841228618901205,0.6091284815354744,0.4074907103882867,0.48550293449813253,0.5736551694617575,0.41076557924728874,0.42940443930344846,0.47624198122566386,0.4751276098688371,0.5805507361591409,0.5261743787506891,0.43155701531164653,0.49319993752527164,0.657704434254136,0.41432863184477364,0.48180166833098126,0.4084286588034687,0.3587316581573661,0.4063207261556674,0.4730208223044099,0.4323827945358111,0.454154493550594,0.4800364531907882,0.4708980309304094,0.49688277443094375,0.4408020854060089,0.38647101112767246,0.370952973548013,0.37895779421265424,0.39002298682012954,0.3986467243395114,0.5506426629095685,0.4739817353283016,0.3703433579983473,0.48735521178849284,0.4607373503904693,0.42506705121937943,0.3838953025587129,0.5047921394275958,0.3942694511010378,0.47297298447997205,0.5446820068704382,0.5736468938760412,0.4342451526990169,0.43792098053621464,0.3885144735223584,0.43965341755810455,0.4868301912347184,0.3924749609036788,0.41810026277227846,0.45257649927253807,0.5016525829038031,0.4747630000633687,0.554185036128734,0.42977283055823895,0.4579384653613125,0.5358522846767764,0.4704524007485816,0.4195995248244509,0.41086795326879827,0.4834191196308017,0.3275789059885415,0.46592719657872445,0.3783800020914865,0.5565072836543413,0.45436597668355083,0.5158049533348984,0.4286309189714711,0.4683523750447901,0.4043287963889415,0.5073664746633451,0.41553429791594,0.4975345075894478,0.5171296914141462,0.5413327386909478,0.5016916849164647,0.4104929150561907,0.4584335405265182,0.4317261034386398,0.4208075451612462,0.47310164346865263,0.4854547883302741,0.5661247034190315,0.3946310157366564,0.40119742098374206,0.45216210851974814,0.4108700872579186,0.4538976682493936,0.6136103337503568,0.4077142869246781,0.566955859426836,0.3993673720255469,0.5791076697428795,0.4484332940226042,0.4259619773087988,0.3826539880218095,0.39288128863853433,0.46767115429638306,0.40701997663741957,0.42829944063565334,0.37751176324661306,0.4867564896538861,0.5186361389008672,0.5344191075947949,0.5531342226963372,0.41519011469148887,0.4428066484682672,0.5066179380931604,0.37328115270794054,0.47160326973320665,0.522184176889715,0.4232813334870134,0.48809937785653607,0.5035341661637603,0.3411347771407494,0.5234466718411277,0.4212567406808763,0.38186791948660326,0.4581473587491533,0.5310432330664614,0.5616251395992687,0.5410613366128127,0.5672879580684101,0.48600753066331503,0.4549272821412203,0.3834216788217536,0.46788352655979265,0.4097757363655269,0.4936953808967384
0.6125505681979221,0.7082547561720015,0.6101070250658183,0.4756142208091783,0.536729816410969,0.6920676363434193,0.49074068051195513,0.0,0.5906255658010876,0.5913305434827064,0.45803331765767596,0.5702936613971554,0.6183047089442588,0.4416937573386766,0.6092863559203889,0.5499431305496231,0.49428757368345566,0.5169543117788072,0.44032016692550036,0.6034267922438228,0.51384203951223,0.5887531123179266,0.45390765198933275,0.5286643833720646,0.5992424176061388,0.45050873742048464,0.43176674698444106,0.4313204533941717,0.4542098581520202,0.42162962345085375,0.6059240985725448,0.506745988520394,0.5585805016184908,0.46612674805547705,0.5320783376219616,0.45425260740268975,0.5348876112764024,0.45507140504671334,0.46654869598411375,0.5366806908676657,0.47834555434512777,0.5661189739176072,0.47123248295335335,0.4681431358909458,0.6640927421981073,0.5583133158415051,0.523990958212042,0.47002685007876843,0.46215496350977775,0.4662653761097692,0.4695872398765459,0.5100766213447687,0.4006949107867664,0.43528391419486145,0.40924820376389137,0.5618465780519722,0.4767801893888616,0.5919092186231361,0.4558066784249738,0.5117013225139121,0.4909253830741847,0.4182133224713032,0.430850766073114,0.40447549398012167,0.427832484766246,0.42510872309865294,0.5323735864016041,0.5299534050505551,0.4011329680133796,0.579656536296437,0.5767851108167293,0.4106403155039055,0.4165243025240764,0.5304311014571196,0.49053828683842543,0.41193051877492337,0.4424111562100298,0.4912027064074474,0.477191752670238,0.39669786008323943,0.4540878411988382,0.5663627330263045,0.5865232053752932,0.4517462996728736,0.4366041324144843,0.7350149753337191,0.5380901994961406,0.430685851270693,0.5242789347350546,0.5245765690852252,0.49356830963502285,0.6002445962981774,0.4394699361212209,0.4090528593090129,0.4434647681039847,0.5345154597694752,0.3795854869738277,0.6084544038182282,0.3946463093882347,0.570008425079226,0.4014012032249315,0.469797309229981,0.4091728569079135,0.5397928873766134,0.44974574505223425,0.6629966114173728,0.4415549604171434,0.632619150570174,0.5300253051552042,0.6112661072857211,0.445363178750283,0.4254805433181931,0.5035714335535361,0.44624255771398486,0.445136262020901,0.6535204659729689,0.5063347611823221,0.437567841150901,0.4322405739927341,0.44805337977679704,0.4767521872667049,0.4424887144988596,0.5204856254535164,0.5587606614293926,0.4363731636735616,0.512852069519826,0.4528411423835394,0.6110058463905755,0.49307384431506524,0.4474803814559612,0.4927368731189488,0.5034342679556678,0.42650352534662916,0.4852186720499072,0.4817946505809498,0.4066904100115609,0.522355315650416,0.4981960203270941,0.5602213522569197,0.5300796571230986,0.4266592482669225,0.46168864218406147,0.5807336891049977,0.41854221818756615,0.46052190411380883,0.5190322467689812,0.6523592529591395,0.5059049932499429,0.6309699666743303,0.38592446639221517,0.5011581633320269,0.4236111682968784,0.41416090467426064,0.5499901655495811,0.6210764833998007,0.6341165656958258,0.4661910225840945,0.6615033359628962,0.4294998680612192,0.3767135030311141,0.40973433099151524,0.475976651807287,0.43523704602998464,0.5454270311281139
0.5325213548386205,0.5355817752916603,0.5311883094048525,0.3833915330399171,0.515203811267078,0.5268549506174103,0.4206705322066222,0.5906255658010876,0.0,0.537715082861935,0.4136786148283645,0.4815580650186677,0.5084283161709389,0.40151478702187754,0.4546728943100235,0.48762517108864734,0.43113920029812064,0.46841878718931573,0.37179186991396396,0.48462558714834514,0.40960525370264744,0.5250009771983805,0.4265622197182457,0.4164909005731335,0.5208576342640484,0.380263302769687,0.45046980911491985,0.39454185814928605,0.40303048194365554,0.4928867911122941,0.48478274874019733,0.43079872024104343,0.418784477414965,0.38533731168390345,0.4573533395631312,0.3802468934870851,0.46728347977161144,0.41378149047290474,0.372491271464847,0.4240494677886553,0.381718328602655,0.6606011577239529,0.39530780842208924,0.382977350291487,0.4804746468860708,0.423347318632352,0.4943880526905957,0.39023662105923457,0.40693716512751316,0.3898901409283217,0.37848265109762114,0.40711400527789704,0.3420744046436887,0.3521092657348103,0.3461979551961394,0.5844368899492962,0.3904379178527466,0.5404490199506277,0.3808771548824533,0.40719131004386944,0.3842803150038165,0.3614658601503956,0.3663513831592404,0.37048969556335776,0.3533740303171104,0.34476889660377497,0.4150802584142977,0.475643060989566,0.3994759244181785,0.5384015787431584,0.4494499553115777,0.36163074890307034,0.37257170542674817,0.41926835049510275,0.4367044761638802,0.35918075949153,0.3677785321806482,0.43834820212177084,0.3834336352688245,0.3445390272598495,0.3817048621632033,0.4451888280251736,0.5820902913068943,0.3952701147651383,0.3705366586645721,0.5742619771806934,0.4570960429073133,0.37850613170041864,0.4435285519320577,0.49300458698274235,0.4564043212394712,0.47412387643337184,0.37898237243661664,0.3382508882375143,0.3798379155095038,0.4930377947394391,0.3178270853316043,0.49673152530546477,0.36265711622352415,0.4281943901822192,0.34702537513840814,0.379054483863621,0.35278860065552853,0.4719428123780525,0.3851906141716905,0.495005020892461,0.3541157752951937,0.6353192363117994,0.41358971482839996,0.4712231988155823,0.3652347573640947,0.3709543672243113,0.4106631095253949,0.42292120601402655,0.3698186829588692,0.5835384391783629,0.4188407921199698,0.3993652657656728,0.3663945585983056,0.4390604102320337,0.4094072915983237,0.387734967932538,0.4283581027703202,0.43429375958983846,0.387925716387699,0.4124356010196157,0.38367527201631546,0.48784580991219617,0.39901599659419523,0.3847815502889192,0.6883417284657868,0.4297381090585635,0.37640540197928507,0.41626807342313216,0.38281653010696765,0.3464043187718035,0.49126622134331993,0.41128891096510256,0.463847278257123,0.43285755725474656,0.3631124709419901,0.4166842491317799,0.4511302655572777,0.36874153799019976,0.39285053432880757,0.4802208024779389,0.5728989690775739,0.4110972335476594,0.556466117853708,0.3699743102328125,0.4010442111466037,0.3690210343242803,0.37410109388123397,0.5167491789330283,0.4772682713160539,0.47968348948803424,0.4053171059460924,0.5251755601669189,0.36588866431192196,0.334663627402467,0.35611662823379436,0.41889920444412054,0.38205002540070443,0.4743630753984238
0.6147393314280151,0.5328794118198735,0.48979844445217197,0.4307705824627208,0.5553561549029695,0.5183626779752366,0.5580412608867952,0.5913305434827064,0.537715082861935,0.0,0.4521021842319714,0.49137031773337614,0.6613879597372194,0.4722748878596604,0.564507476594016,0.5820790581338579,0.46074381424954813,0.5671950368995212,0.38985412554515525,0.5140003017300758,0.4302221843847511,0.4714071198142269,0.5433766450239356,0.44886775982024224,0.734641812158716,0.470229769117963,0.5122515689442024,0.42474605837733,0.520794880178637,0.4752675858065236,0.618381113857872,0.5418642660228031,0.49468301640938556,0.4605975945527887,0.5380694858131412,0.42556558255877797,0.6927698242170411,0.4693674122303417,0.4186712432205452,0.52843191249688,0.42639785249385465,0.49666875870698446,0.5073343589748538,0.463288656156592,0.5923000041343188,0.5392822078883566,0.5783297239450814,0.4831830641886587,0.5411794744403421,0.42569758055051604,0.44510521749444437,0.42840656650839887,0.3674753986706552,0.3761904110652756,0.42117592424422085,0.5493920852606637,0.4350997907767444,0.5402279505085709,0.46081259992597645,0.47292596888073035,0.4215258306203751,0.42274837090835543,0.39561035631596486,0.40851650502895964,0.3902212813693296,0.39428689862055066,0.5087449263562057,0.6374228191155782,0.44109275794976627,0.6397828257369605,0.5176470702566237,0.4519744464904111,0.3928044330599857,0.4782275315699231,0.4336039422095438,0.4784763437330503,0.4421601327964797,0.6120568760123668,0.47054777562621763,0.4375871549456168,0.4394390567265622,0.44921752293904044,0.6496678132285965,0.460133520295168,0.4183689461837639,0.5642867493102476,0.5518028055376629,0.4887792571451375,0.6313920473638129,0.47112192029830136,0.5120102170867278,0.5605989179274381,0.45827213203922107,0.3847712778307733,0.42248519076004754,0.6232039936787841,0.3276173702846512,0.5372244741224713,0.40663730186828606,0.5302733780109044,0.44086406264334876,0.4653965034839066,0.4282604820216041,0.6029042077965637,0.431931891192994,0.6200382438199675,0.39985621344643857,0.6602354931153989,0.5480919417429512,0.5074814474561145,0.41035735929079553,0.4187396153181118,0.4738444700440791,0.4804423979036835,0.44758446955553455,0.5429427637077956,0.518285646815511,0.51270396219371,0.39763030867095756,0.48498747318201946,0.47103096904654096,0.46590995932203594,0.46958661286761644,0.5764880326773593,0.4407529432812822,0.5715820884886758,0.4093202000793981,0.5813495332732251,0.4618172470464006,0.48867422305860697,0.5047911853723753,0.42896276879783046,0.47019835841252344,0.41835031536814776,0.405954725330291,0.40348177399760354,0.6146742322167473,0.5438846071210156,0.5870624241958663,0.5631940835417191,0.45961711394831517,0.4841550314144057,0.48774444697536656,0.3871389170963229,0.48666853965072027,0.6026178670162443,0.48422093693415025,0.558247824861463,0.7084679933917234,0.3742895476076867,0.4731410683105701,0.4545570358102428,0.3640662262887568,0.5429231364976448,0.5788286808275072,0.6108250065265007,0.45620650079915165,0.6671724497867547,0.4651467923010268,0.4127592590743963,0.4444110802473874,0.521876179013073,0.45314046114368567,0.5005725780068421
0.5419139610808325,0.45521703520158724,0.4690017464219358,0.5705482290171906,0.5868473886511407,0.46917863112591235,0.4683298042503685,0.45803331765767596,0.4136786148283645,0.4521021842319714,0.0,0.4463477415964688,0.532760143693841,0.5242015857406622,0.44811124120526696,0.6341816519685919,0.6600295408947437,0.5430238912423064,0.4812825724837491,0.5520869753692758,0.5017327410670651,0.5008177917766545,0.4888061516207821,0.42767170392711573,0.4900423628507434,0.4414593480626013,0.47306724910995507,0.6075302256201377,0.5420360204460747,0.3885314501837431,0.43389167042662835,0.5480997211582712,0.47032987604065973,0.4599796370215409,0.5915233473264756,0.49738094607825994,0.4634069980602165,0.5130863415450775,0.48620775502336183,0.5546977314686529,0.4517924866690978,0.45071935725485807,0.47231301249197505,0.4845935984100807,0.46401958137147414,0.4442570893763478,0.3630181241103175,0.5154170790761249,0.5408010746947025,0.518235872307411,0.5292863525905237,0.45683224370141234,0.42546769040038074,0.46070951774060015,0.5361560172693363,0.36181748030140254,0.5539028541359626,0.6061957059225215,0.5323031979379274,0.5491608815737384,0.5057906394471198,0.4188329918235615,0.4584257579171583,0.47109342805923515,0.4308488059338643,0.42018346563210374,0.4902027281879248,0.3946031609245409,0.45920406177279316,0.5312228367525198,0.4531918156600952,0.4599726357996398,0.528417678221535,0.5772226713170475,0.5477533336238387,0.3959257655261731,0.5663080169259797,0.47076639916416474,0.42579107466172605,0.42519941010922124,0.4121441327750355,0.46459275091507407,0.38917381909603077,0.45623207303163005,0.5165227877595027,0.4515357056772461,0.5166212244306152,0.48548459795121907,0.45029105805950775,0.3449756849817381,0.6166057482926175,0.44376331307529937,0.59296931801654,0.44838637896813155,0.527880681497965,0.3874021448021097,0.36438738697090706,0.4148465290264638,0.4416784974441432,0.476975017812363,0.4480843763978431,0.5015786634413532,0.4299491802798952,0.4043070156149021,0.5039128269109525,0.4487992732129411,0.4557104401722861,0.4951524333483834,0.4487543867727594,0.43021942126844276,0.49783382753213845,0.4985864761987596,0.5174690127033585,0.5650952361565417,0.46530696113218484,0.4906151196192898,0.48845291168085253,0.5367160010719251,0.4957485541855016,0.46250488574525567,0.572364904888345,0.4351216757107693,0.5208932233520415,0.4734507297365229,0.48587363756445917,0.45758270758486447,0.4801560201317353,0.42223839986373685,0.5113307799854686,0.42297280105689167,0.3712476396391391,0.49951321897392686,0.5330350177704568,0.5265810895091229,0.4649514255420876,0.4038319880429255,0.37580410512623813,0.4816371502304282,0.5481161244412758,0.5005430643635946,0.41970114798074293,0.5428095994404435,0.526495861630763,0.48128306874105176,0.4710911239965168,0.42360907464836567,0.4008045878504862,0.42193867359205345,0.4652665578129609,0.4628086966900665,0.5395087806662161,0.46250855730045026,0.5314113813490267,0.3638671481955656,0.46851645064458947,0.45528514523884034,0.4983468243327694,0.4287193437755972,0.5281825922743779,0.5034059806481134,0.3739257536357628,0.5048949164391935,0.41074671064279716,0.6903134406525583
0.508559871057573,0.5888393802769583,0.46153928742738054,0.46065317027064623,0.46928971341298376,0.5434016436095614,0.546219518248541,0.5702936613971554,0.4815580650186677,0.49137031773337614,0.4463477415964688,0.0,0.5017371650568284,0.3743503586337166,0.539269204805355,0.478861539935915,0.4456916134178204,0.42454500949307156,0.48415120954944574,0.5191197857928577,0.47742706310523597,0.4943883009680395,0.49273193325461423,0.6154035331029629,0.5489586860487298,0.3980828835015206,0.4099649273545208,0.44014772194211377,0.40438440110246593,0.4174816113355791,0.5573053237103939,0.4780010701629738,0.4708975544646708,0.571236740247566,0.4560917165092907,0.40131487329494936,0.485763211740114,0.37994198165159004,0.5010829466071003,0.4984759033911387,0.4095138548206795,0.5071484430924428,0.40932496932195933,0.4293558760164759,0.5702178908919755,0.4847633285599129,0.4143320566598076,0.42966668023334414,0.4750927741726971,0.40664076030476126,0.4458165522316551,0.4323142524848401,0.35851473712053694,0.4278499903701529,0.40209948353749575,0.4721350216291744,0.45237755072091934,0.5138968970304753,0.4111110975250923,0.47575818865179015,0.457764827227852,0.35498279159603274,0.36695705860504485,0.35270339218596736,0.3847613753516879,0.3844799175410484,0.49577346210888296,0.42272488671978403,0.33620306001171585,0.4616044922460823,0.4529585292380464,0.3618736904836244,0.37603463192465136,0.4919045104412069,0.41517153379798594,0.38641263325514486,0.4656616374391462,0.45613466385074214,0.40228434175722466,0.3731511898550397,0.3737329197130861,0.49745445258838544,0.5014119337793813,0.3661605664549733,0.39848193245254904,0.49958135619511784,0.46742479969434414,0.38716872009496106,0.46552112079608554,0.5072317218516302,0.42431418407978594,0.5354163677790669,0.4093792820772143,0.40630546889082053,0.3915289942708584,0.45312106354178133,0.34836728526150224,0.4972297245361756,0.3490974688618142,0.5155969803286805,0.37639871468634645,0.4550052609611994,0.3746174301522027,0.43779100430821244,0.3846656080260071,0.4940395262314035,0.4096712866644806,0.514771491445241,0.44806843952827713,0.6827506155346174,0.5040651014562947,0.3839225468475876,0.43520475065322417,0.3976547764147914,0.3805626550030821,0.5426925443810333,0.4477651901045032,0.44154308830200983,0.3888110880754385,0.37457280505214263,0.419144295777048,0.3732091922998433,0.4599493317251528,0.5334362772813046,0.3807632778085012,0.46780571933616905,0.399538409484144,0.5934531197609029,0.42941857682567175,0.36970646583662636,0.4135795968220874,0.4199077257991095,0.3970012546232308,0.43864821538294413,0.46421898918967397,0.349420013713527,0.46721348832584253,0.43130057700687036,0.47213816533213904,0.48727276802025,0.36130121467840337,0.4038488224067204,0.5489825651939995,0.3720386911996625,0.4153001305778912,0.4606303061256493,0.524367661702953,0.4276938343706587,0.4847049275312211,0.3413084912459501,0.49656931089418005,0.37343400238626817,0.42173519635662243,0.4725896349607562,0.5343475315229266,0.5375831287906161,0.5349547809384124,0.5775063349418585,0.3980152835561562,0.37333641246501964,0.3399402228814602,0.4163719477159355,0.3793074137660758,0.5099206058876536
