0,1,2,3,4,5,6,7,8,9,10,11,12,13,14,15,16,17,18,19,20,21,22,23,24,25,26,27,28,29,30,31,32,33,34,35,36,37,38,39,40,41,42,43,44,45,46,47,48,49,50,51,52,53,54,55,56,57,58,59,60,61,62,63,64,65,66,67,68,69,70,71,72,73,74,75,76,77,78,79,80,81,82,83,84,85,86,87,88,89,90,91,92,93,94,95,96,97,98,99,100,101,102,103,104,105,106,107,108,109,110,111,112,113,114,115,116,117,118,119,120,121,122,123,124,125,126,127,128,129,130,131,132,133,134,135,136,137,138,139,140,141,142,143,144,145,146,147,148,149,150,151,152,153,154,155,156,157,158,159,160,161,162,163
0.0,0.3697739580184268,0.3891195103358208,0.33436121668778185,0.4296286648180339,0.36003809084936034,0.34803630551923276,0.3447799403041259,0.4051162716933604,0.393750910537272,0.42302067643153146,0.37548615972600297,0.4583955789890763,0.32057950722276807,0.3932952925788299,0.42547904930964875,0.4176964567339086,0.5144148744817625,0.3469819022068624,0.5274213120789065,0.4257299994595951,0.4286287707106976,0.3602232632582839,0.3841223937789648,0.4927179186913441,0.3347701661892009,0.32980340788399937,0.3731448912201998,0.31440112006730514,0.33602974399339247,0.4246631538232586,0.40323414480694486,0.3309410589030234,0.3846005194949678,0.4594608388571509,0.37204380562140216,0.5031679839187626,0.37192619915195807,0.32780401094930645,0.40377109180716103,0.32201868152758695,0.3877692744535103,0.42197256664761984,0.4452391628345638,0.41181499006904604,0.47601725646814697,0.34130694944156365,0.45685065529800545,0.43378324161973486,0.42009564714989694,0.44600742364636403,0.3917982447585196,0.33659451414214064,0.3710174971106524,0.3804500583934592,0.3443744889150171,0.478549242378838,0.3830232875155683,0.351336049500401,0.4035766435155974,0.33557096533534836,0.2879592903871449,0.377808891887034,0.30394769114216214,0.3724540894429468,0.40252135652185683,0.3928795648528547,0.39182920049926473,0.3335189364769305,0.37967443986419896,0.5186310536656474,0.37167671397062835,0.35780474061410117,0.4011975793371159,0.3707662042808763,0.4057413253152109,0.3185388238914429,0.3926642788046395,0.350027231876632,0.2874554444332289,0.34122089555335966,0.4585276932941876,0.38417875634067317,0.31345086281754153,0.3949212779671306,0.4055135711762525,0.37030681643068447,0.39012488217825125,0.42871643801209736,0.3349508268042849,0.4703941848694066,0.41571465554129894,0.44835528255682644,0.3923133223336366,0.40622156527330866,0.37259117256461355,0.27832547782087025,0.36836942549818597,0.2945387540891181,0.39925918768049246,0.34931719136322076,0.32605367117422573,0.3344095160113379,0.34471158457191725,0.4252886860091229,0.42559175928804543,0.3626275082142166,0.38323380120423894,0.41206040578846476,0.4233910663366557,0.4070072081706121,0.43387010793442304,0.38725134169100894,0.3354190858759814,0.38156643504223536,0.3739877465610401,0.39100633083569103,0.4168602794717106,0.31759585476023766,0.32297587338777967,0.3755840500812206,0.2868233229075207,0.38344628838643185,0.4915537997309935,0.33564828354372583,0.3686474380600782,0.28249902778605407,0.33828843015449367,0.34595062536076526,0.3968372183450303,0.30525128826674075,0.3374111192753072,0.298093488971784,0.36229820895743764,0.37618253860220074,0.34919021861270233,0.38637592986178393,0.392157209576617,0.4177265298964017,0.4213663323575138,0.32344478875372046,0.35782585948679074,0.4521704408309238,0.3729807065109249,0.42247640611841236,0.36805830052725624,0.3825391013657684,0.3396526326724084,0.4678604419603607,0.22517302505911294,0.4591961499624956,0.34547971213025497,0.40382281942998516,0.29697217729758246,0.40803241991619044,0.44204811162840235,0.3436548723238481,0.3935617260270311,0.3505546798421552,0.3560907930014779,0.30784974509240304,0.38576584337246184,0.2888484565907121,0.4928280798936811
0.3697739580184268,0.0,0.3736854558472674,0.3362746169086214,0.34097285564472607,0.42278990456039534,0.3329461830748977,0.3956562442005814,0.3565250284061092,0.42336789644055595,0.37191016480767325,0.41263049064046037,0.35804450933335774,0.3446734076921306,0.3602049040122099,0.35237050986033747,0.37936401970172096,0.35327634282419834,0.3273735358010139,0.38762817300218855,0.3789873997464844,0.42114850154509537,0.35054974842938713,0.4107508894782919,0.3887840521148866,0.3045155775711953,0.32036719654692425,0.363884521272762,0.4288919943841029,0.3081716127358433,0.3939964558560575,0.317168555958847,0.3993268499997848,0.32918348087075566,0.372947125182949,0.33034959734647207,0.34974454277231326,0.35450138361294525,0.32701209091625355,0.3712410565294551,0.4051901741767932,0.38637586792553946,0.27216310748373795,0.34169018714538285,0.4124340302566199,0.3647202008535623,0.3446988341146605,0.3162408841699309,0.33735689791180457,0.3251172178867016,0.3409329466367182,0.37702421943487996,0.40002059443288646,0.3896010056638671,0.3335549186249873,0.39197188297535546,0.3731895662411423,0.35761314248873877,0.3257821872085347,0.38082048214365244,0.35167820445556147,0.2488570459585048,0.31598405145985553,0.26926930790323383,0.29723439011595376,0.3116043127545998,0.34627014148047125,0.3156453224186419,0.2730637043947797,0.34753498747421424,0.3389098856273107,0.3373219325691435,0.29661745595695654,0.34902142780386647,0.38564898495944866,0.3456102823182942,0.27627885740959945,0.42298229661973774,0.32984551561833286,0.29640885469465483,0.33473524557224077,0.3456544391434107,0.4369847795386824,0.3167081551426726,0.3340818785513694,0.4699887697685054,0.3033654444090419,0.2703884861452085,0.347542984323747,0.4029413488480824,0.33242855882154737,0.3747694303685124,0.35999377236883845,0.36835299623363366,0.365401261730656,0.4129781345759456,0.2998069160332373,0.3806625709990563,0.2615498841417945,0.37365217267853434,0.33373888707837396,0.24961298475177238,0.2578552737292081,0.3454637849420073,0.3257020603646362,0.3565624297599302,0.30376141107495136,0.4505718973679358,0.39223810856402214,0.4767919824603748,0.33321871891294563,0.31210449168718296,0.32038648278186443,0.3150564630072604,0.3914270856316743,0.5514421311246517,0.38355136034756643,0.26789830971593875,0.31091254597146223,0.3201353682129766,0.35868081217677233,0.28794129609427804,0.36502387206821935,0.4482208930462872,0.33026908864833787,0.4244343184872174,0.2800550661643157,0.3705151796767114,0.3863133341530271,0.3153801456395738,0.36465719700447136,0.3295170986221775,0.2909783911553548,0.38416754894941785,0.33372497944614005,0.3065494788398216,0.36263171414825085,0.35699880657824146,0.3460763469768777,0.3202495919349535,0.3303346902537716,0.32919759147356853,0.4455386081798832,0.3202571482451279,0.37908406339518025,0.2928495771088925,0.39589593702234877,0.3577672420276473,0.4292637354799696,0.2437168492908793,0.33513237576720944,0.3594183494682166,0.329761805153059,0.3262515830997033,0.3738063720223835,0.37841903767727086,0.3574932606801526,0.4273595165866876,0.32924554490419566,0.2829995802489081,0.3240096853952121,0.39766493711505513,0.29687706743778836,0.3921950656266234
0.3891195103358208,0.3736854558472674,0.0,0.3765073222964666,0.36082695830529066,0.38347530099128685,0.3085220688460893,0.38518055585325595,0.3227661213093867,0.4427172693911988,0.3818537270116353,0.3317254341323658,0.4477150715567738,0.30649996428755194,0.3552031188985407,0.41584669805891783,0.42085071937139956,0.4059968647095188,0.29441440438685706,0.3379303066764411,0.42556808861803025,0.4938317726557251,0.33450707286712056,0.33634736815231747,0.3827484754581305,0.36968688883589196,0.3342496743280001,0.37126995459911577,0.28261184848273024,0.27878173488253544,0.30899134713763277,0.36055089778707927,0.3280258425271652,0.3324796649616626,0.3081937106096438,0.3429498351838549,0.3923342497642731,0.3337426178755357,0.2922714827271197,0.376052407584787,0.31728979141310554,0.4197540641892672,0.3306705946670087,0.3131431846049267,0.421317072324727,0.4197044184410924,0.3153113575891547,0.34165762338012834,0.34559732019503764,0.34540531123210855,0.3844217953557924,0.3906574981140672,0.2901177764747301,0.3853019290006367,0.3315175807695114,0.33048378840912895,0.34312050199014443,0.359814469020896,0.325887210285757,0.3587700118971585,0.3608435822226907,0.2894688622874044,0.3764981415794996,0.26912245158344705,0.3162496010238563,0.3834976173276987,0.39745035013160723,0.40003524670298624,0.36880061520582086,0.36907584151663864,0.42878224953058297,0.287308558750459,0.3403405377394572,0.5069608911392209,0.4023854919514124,0.28404162219040896,0.35720969738367914,0.3644688675046186,0.32099663762400354,0.24482617528937448,0.3391768232895873,0.4138443121476409,0.344667109891162,0.3350708864621414,0.34699273303709977,0.42347761930439,0.3148361516138585,0.2893083620630705,0.36528243797129345,0.320935136295583,0.3738541736700987,0.3157307445348729,0.3220911103716376,0.29036615038091595,0.3799324357929141,0.3324367413776514,0.2813632051759927,0.36840474321033884,0.2512022608635923,0.3955372005847039,0.2642008425588281,0.32292740253754765,0.2927472092947191,0.33356855734060126,0.34912269863325196,0.4627889382509861,0.37605186908320076,0.367788075035242,0.37328225311922153,0.4101687590756535,0.34222133214576184,0.3273437027675696,0.3668660575926148,0.31558725023908357,0.334121609993409,0.40447733480874914,0.30420370520810525,0.32055382082592293,0.35302359740839784,0.32849980469193396,0.30778072100684256,0.29580253174226295,0.3214276138902369,0.3785945584719216,0.253749750470187,0.34510452571365774,0.30818509965863267,0.3323099126519452,0.37024868736008976,0.3499044759676175,0.3114122288104559,0.42525381932089695,0.26747675566888685,0.29561597656196104,0.34668272012792123,0.2739488365718446,0.26807699123770284,0.3107286381180608,0.3776603709990414,0.31702659315055404,0.30083552090375587,0.31513495500061217,0.3910692067046074,0.36610994981794076,0.3351397662792419,0.2879246043056865,0.3750985332808934,0.35124021064804684,0.40104410212446934,0.2346119371108881,0.30423345954261716,0.2630462606995805,0.33243790871817236,0.3437805919399231,0.38180744839040043,0.3811084949361474,0.35606575942550983,0.4026199625485634,0.25738305952368373,0.30825817672184874,0.372047509794587,0.2665678443171726,0.307657330917414,0.3561789665435088
0.33436121668778185,0.3362746169086214,0.3765073222964666,0.0,0.3139471193275651,0.33884900897996206,0.32281426931041396,0.3162409071888468,0.26766214916938214,0.3407839873263694,0.4098461469832983,0.3367803030050739,0.35735489319456076,0.30420015842101195,0.3763575034285173,0.35823078456038965,0.39730356623363866,0.355573165510714,0.3232022391196069,0.3139631933729368,0.40419089409416137,0.3620684077874382,0.31778132508287954,0.3235106656619506,0.35018997160615706,0.37118592746593987,0.3346268283056225,0.36023996758257715,0.33301521538710466,0.24739791228448832,0.3018351449146653,0.3193460912837129,0.4633336281039042,0.3213958367914416,0.3147156202445924,0.33622633061626606,0.3408823339178233,0.3207594672754778,0.32473673075935916,0.3872033106239228,0.3630065222588534,0.3137459476536788,0.3193738830156384,0.3736741278318959,0.34644756062395893,0.39900515335350695,0.23874660165244208,0.35938021593036495,0.3211634110541145,0.3295436273752168,0.43454128269051573,0.40668690582968114,0.324373645133438,0.49324555196695963,0.36972191434487917,0.2695682117505564,0.3889567092391481,0.35760031254757396,0.32512129000184403,0.37108863455702107,0.39394780710566196,0.27548157294538794,0.38226764127821766,0.24331369033430122,0.3165760152640411,0.38833716583413486,0.4053054148690804,0.28712915738372513,0.31823871432326806,0.32254262605557316,0.3421747465127572,0.29480863897460224,0.31649319996016595,0.474423146442823,0.36867190769667635,0.28997014223025275,0.37099475048511116,0.3716806526776245,0.32797969264705645,0.25449787288183995,0.30995467268816995,0.3800631782198618,0.29702962275040096,0.30526321064848216,0.3721092590937772,0.31468020468834124,0.32333564109066154,0.31488864634324815,0.33475368999850635,0.2775747336941523,0.3754404713219331,0.30974709562660835,0.34815683672688086,0.3243593990517297,0.36719540031024445,0.3138133249470597,0.27602606471713426,0.31877176208125374,0.24075670399290564,0.3622592433075415,0.2945533827913558,0.3288402000678252,0.3451729766938928,0.3126105625748773,0.3424134390491317,0.345323589926822,0.38292249195684513,0.3088067529574451,0.3700559056703418,0.34353997920880547,0.39884046338579165,0.32242764905839005,0.36531646383058397,0.33604335135560237,0.36824955496355066,0.3478437034609298,0.32793703591041296,0.28005838826824764,0.3610764715180623,0.3141164470479687,0.31523373805025906,0.3253949106526322,0.30943350880606346,0.3700294680311171,0.2552866280847551,0.3652122145546378,0.2909351597036922,0.31288814237668267,0.38449587442935473,0.35515801134051783,0.2457593364062658,0.35838240273772826,0.30291283736703545,0.31578367698478665,0.33885108866513963,0.2661699173609616,0.2385476672134568,0.3380109975544471,0.3689406778645683,0.3258235038790588,0.4198925191015678,0.30107228461564284,0.38638628715425255,0.332933718586806,0.33874452563999113,0.2640183765850657,0.29949805384747963,0.3294093706717483,0.30781818936306476,0.21556553324877742,0.35538324307601526,0.315365991759547,0.35571877055228146,0.2789680421791942,0.3671354404803706,0.3293932081526662,0.32678528811470214,0.35815332661482463,0.38292551942670916,0.31288115154505075,0.3368507324620767,0.29391287947970907,0.29597614679666256,0.3458682296472986
0.4296286648180339,0.34097285564472607,0.36082695830529066,0.3139471193275651,0.0,0.28321223271463786,0.38247251270182286,0.29124853156701197,0.3312772329091197,0.39446053580571666,0.3632626887003332,0.3044107352897551,0.32387068395678936,0.3226339228713904,0.4040563027546356,0.34742437623475164,0.36425155720616154,0.4526676788955949,0.2923145138449654,0.3570617942411516,0.38656746156160326,0.3941170103305823,0.38454996504779837,0.3485984415561297,0.3814308694170287,0.32121883538401824,0.30160410382364056,0.30447609723687097,0.30473373548787,0.2900584499623027,0.371009192555509,0.30532391504845485,0.3104953057287015,0.31148551396590174,0.48994498442826373,0.3672672984224646,0.3734884995298036,0.33199488218335754,0.3277526163858482,0.3600198507034341,0.33034843972363226,0.38672674242509214,0.3761886823460571,0.42114580845406563,0.3267811461664239,0.36097639013958865,0.32569690504857124,0.4115326092884834,0.42666463236508284,0.3659062731043309,0.3704271861121376,0.3364980193725265,0.3208911781946279,0.33709215369582973,0.34403166730436185,0.3036970288998848,0.33328855353116793,0.34477344899021467,0.34571633791710393,0.3334387414144062,0.2696898779262529,0.26402857020230003,0.31071787938877,0.3206992712143188,0.3808935533501868,0.3043701167520372,0.33001565787615117,0.34720298804914385,0.3253546818126682,0.34546261128287903,0.3982781454559676,0.3727266286239309,0.29499944544930484,0.3442674497208235,0.29949341764525234,0.3187627465032805,0.28952134784434436,0.43743942721610984,0.30688215129220314,0.251166145817283,0.3141499627098363,0.41613862169513655,0.349822262320894,0.26380834301620854,0.3408053615481818,0.32365022824325523,0.30693979656076614,0.32116015702056383,0.3157814258888703,0.28372700829981445,0.47734744149563085,0.4053597108566651,0.415211625313618,0.288630356959218,0.39506327577641376,0.33257094337701976,0.23890721760451028,0.32973918199737867,0.30878581467693345,0.3164720764665017,0.30983259369023886,0.2872575730420593,0.3254402896819357,0.3417446174089335,0.33822509485171093,0.35089026694912073,0.2963095345658527,0.3712301917663714,0.40828419851762626,0.36915827636425347,0.3504836659188398,0.3926564125519756,0.311180636741965,0.31296851454269503,0.32378688296111524,0.3193698564372634,0.3184687258785191,0.38135255187649847,0.30052662426371957,0.3289288216770664,0.44203278958719017,0.27737219896030313,0.318929981642233,0.407044167158981,0.33658976694329346,0.3181206724990407,0.26914168537387706,0.3043431317151179,0.33347550990398883,0.36274124530470636,0.28540278792879326,0.29122162139460095,0.25123058907872303,0.32454696402751987,0.3520912957978876,0.3599296164498093,0.3001161235103919,0.4536779759464169,0.3910300332230651,0.36929355366029154,0.3005269555272923,0.33984778906547386,0.41934087046602314,0.3481478542242643,0.38342443651883107,0.3262831884151569,0.3482271080631823,0.3332430488879266,0.38531524000810174,0.2250325614082535,0.34086689887499316,0.3184909635563202,0.3632120552994517,0.3165808220213862,0.3738289938655747,0.3762194774325274,0.2771276616423458,0.3513980983513473,0.3317304987623292,0.29000799569671465,0.32265181957265726,0.32998987681848296,0.31161926848548416,0.4494126874467524
0.36003809084936034,0.42278990456039534,0.38347530099128685,0.33884900897996206,0.28321223271463786,0.0,0.2635556259961584,0.3940561683369977,0.3549920346245663,0.3469065900873616,0.3416600322686315,0.40549117527740947,0.38016150443146735,0.26485853084010597,0.3206591532734321,0.3899471502710328,0.3639776040205829,0.28751945948718416,0.34024606489753595,0.36679216759733413,0.37278223973458086,0.34997319083966444,0.2595000965734606,0.2938417156223816,0.3837700895461234,0.29026476434898724,0.2904319881588389,0.353100992281527,0.30695121238675577,0.298227812848937,0.3818234763174166,0.3815469126334174,0.3772442060623357,0.33559891319870994,0.31498388186866483,0.305576975476009,0.3400825954208631,0.33213350140072717,0.3008093962791213,0.28175681933398,0.3218796010831805,0.36810041542994965,0.2819937599530285,0.34468346228999514,0.3491775033885217,0.3375633833675078,0.28379354435181714,0.31671620863719624,0.26291762900790516,0.3187039979207312,0.3320780779638469,0.39837439564674226,0.31051281214290516,0.3554703238158045,0.30526948786584623,0.38396011627321347,0.3473865909279169,0.44655440918940714,0.2485029188412948,0.31479188986787665,0.3876947514097414,0.292929171098,0.364122445954458,0.2312644757738788,0.2832002434753776,0.33626870600160064,0.33096162027858594,0.31136376789654246,0.2590127815566416,0.34906846238514727,0.34324065294769407,0.2642925505079051,0.3263419746143057,0.34254911712729724,0.4604528663014584,0.3102757136733291,0.28418269497315396,0.32200994018301615,0.31581512589809185,0.32846222298054123,0.3758052190324127,0.3616210318300308,0.3351294940822733,0.3477320615112549,0.35394316444562157,0.3862216060103706,0.3699108180607879,0.27115474436241727,0.39537673005912277,0.3451934372826018,0.3264990934885449,0.3782065640481072,0.3089661597909602,0.3279518680365199,0.3048277075537088,0.3893114058725817,0.3254119036478951,0.41376784453989174,0.24404312156511807,0.3571696013779203,0.28310810141490567,0.27523268662743616,0.2856310855899775,0.319981460427426,0.3523185797241189,0.39499186724001445,0.3644950862348878,0.3890394251275576,0.2984277523123834,0.3534701495405112,0.33063701763091746,0.29814933691491347,0.4012117910595773,0.3580547504358985,0.34063395950100733,0.4161888687423997,0.38346904324586195,0.2560088987158601,0.34354444434468406,0.33001563360949027,0.29384248794960816,0.3335965221064885,0.35733393405458674,0.381821474981837,0.31017842192066075,0.37523016091074984,0.31333104358124664,0.3037968406585253,0.36338369287342986,0.2700365125185061,0.36910604358134985,0.4506486329172003,0.3004223868439711,0.3591418082863445,0.33514932568322836,0.26829425453892036,0.29781043882951636,0.2748469819824876,0.28507644668706666,0.3140539002206657,0.3153224702574456,0.32840271251524183,0.34939934349399043,0.32492592304338214,0.34359364563085154,0.2885159202682881,0.3725019368875253,0.34125267755233796,0.37812052294037074,0.2572300788044934,0.34458688328066645,0.3049466985732283,0.28529679371821487,0.25415351188975416,0.4129108114791382,0.36020034582808486,0.31952073745696147,0.441588541106517,0.2744355521058712,0.3082113546357033,0.2854746130895416,0.3560440715975467,0.2966175525395911,0.3357923045199983
0.34803630551923276,0.3329461830748977,0.3085220688460893,0.32281426931041396,0.38247251270182286,0.2635556259961584,0.0,0.2544307275709904,0.26827583414650286,0.3641895066270354,0.3268772997473795,0.32057377335317944,0.3238941232278166,0.32222560977821046,0.3638123814617158,0.28426256624800694,0.29513947680617003,0.3642725278705646,0.296089223841184,0.2800445976668815,0.3014443733297704,0.34194705523252406,0.4681364947461236,0.35349388538214715,0.36185900432251145,0.3127055081335719,0.30700539649446634,0.29599610758935185,0.313010458137784,0.2766471563223149,0.30511991501571456,0.31787365998288286,0.3128029350837995,0.33180539707558526,0.3178842173111511,0.29121466619755076,0.3449588466167943,0.2614922256110624,0.2673454358998804,0.3797514422049219,0.3074260862787514,0.3243288779384164,0.3037953832775297,0.3263582800479288,0.33468011897682937,0.3250273124573999,0.34028351729610457,0.3059639745950422,0.4862093571412809,0.2837066941881969,0.3519988174081185,0.28925714019935345,0.27410698957772095,0.32271813178870074,0.34490368198036836,0.2825030511088087,0.292604558074512,0.2829365968912075,0.3904070596797529,0.300327069211524,0.24497830990758676,0.23931210949985252,0.2536331218317341,0.288165046442364,0.2852848737177213,0.26157353990181104,0.3483073318577147,0.35047481557008225,0.3097280359814043,0.2774831551023442,0.3180609048664748,0.29092990751356146,0.27622668530230426,0.34375073155485053,0.2392805026115107,0.3134832665975616,0.33765059105683287,0.3832708847474329,0.25614638764309333,0.23879610826393863,0.2629883889754574,0.3191351482173576,0.310486009053544,0.22405773376564486,0.274765961816269,0.2854057101978743,0.25366844284139506,0.3292823080164992,0.29995208965048636,0.26096841911233787,0.36173844252051957,0.3951582519163758,0.33401079415646423,0.2810448553903232,0.32155118511977027,0.32341099823327446,0.21001879821344172,0.3238444149651655,0.26425109195539165,0.34493394984204123,0.2767313885543846,0.27118358922978236,0.33615318596748706,0.31553955465307576,0.26868336543023774,0.2991265183982949,0.2519373322008517,0.3180201897579912,0.3759362718550061,0.34802084294013996,0.3844602061626945,0.2984659369783286,0.291648241416507,0.25004842933650606,0.27987903350681964,0.3020119561676109,0.2963599008117003,0.3423702731973138,0.30033335366973984,0.26408982226454264,0.2937359073866705,0.23790573907260634,0.27175643650998516,0.37006960838070746,0.2560608099780053,0.3260639743444976,0.2554382947421785,0.3007414747732725,0.28397475628107,0.31018996805211924,0.24329328374223366,0.23470249793307768,0.2334519222420471,0.2567440062553007,0.2617102732543384,0.2684428900125701,0.2742754957514839,0.33985217517129995,0.34059389907355686,0.3072185549616551,0.3021123020482626,0.2754960789427885,0.3590016276486667,0.27544481270066995,0.30421876013331034,0.35415961472700414,0.27716958137070336,0.30021471149244167,0.32067836242757913,0.19319622011912457,0.28912433995822256,0.30148922192036415,0.29753503020510613,0.36170540380877675,0.3330734376823982,0.3234642445151338,0.3101900778861799,0.32897471747344037,0.3403090087846237,0.3096529463523372,0.3001148003496923,0.28903927635763577,0.26686009170776526,0.3260994743087947
0.3447799403041259,0.3956562442005814,0.38518055585325595,0.3162409071888468,0.29124853156701197,0.3940561683369977,0.2544307275709904,0.0,0.3734332770805488,0.3589905737194133,0.3425738274150022,0.38744372069022737,0.3824955446422496,0.2606925230742258,0.31916615676660304,0.40611094180518703,0.3672353100886794,0.3123884195271861,0.29866003067907915,0.3361644110193819,0.3569422868349448,0.3327123233079813,0.28213554049798706,0.2972820234886257,0.35655874286532757,0.31572534956876397,0.32425844212503446,0.3412288920793167,0.2798846040893976,0.3139070841856108,0.3990509623430651,0.3229820455051099,0.33890685866520404,0.3109808088081671,0.29620974495067487,0.31100662842386756,0.36964518766452464,0.366817514737531,0.3382858598853379,0.3058989267711355,0.3158880452937399,0.3443599775277863,0.3091346186087547,0.305244980456763,0.4039634487318549,0.37270166279257383,0.28741756322757295,0.31703506425136707,0.2852767001681964,0.3041193865002262,0.32494298658245774,0.3340623159829562,0.29608437448311764,0.31638052705644204,0.30579656827815915,0.33565743058337777,0.334246501751957,0.4657748787791941,0.2671346556903502,0.309863084106274,0.4357626108041277,0.2599030818229197,0.3590830730048384,0.23667996185698637,0.26061039405925857,0.31377250276058943,0.3350552093559218,0.317921006091419,0.2905018799523235,0.4974122073662131,0.3478331457841246,0.27241887554384575,0.28979478197237396,0.3576024449500598,0.4433668156851738,0.28476716167694965,0.33310027819247245,0.32646664160205907,0.4063824451864944,0.2643050827496101,0.3287269460177458,0.33047092844712334,0.3859012771225709,0.36883783099987194,0.344152962245871,0.45729155745565786,0.4350586370364444,0.2759576793830576,0.38399563847158935,0.36993788304491504,0.32416441534774537,0.3045491188929285,0.3089647907944175,0.29458680094926587,0.3235782050709819,0.3712652975460624,0.30972375792780227,0.33932480062710785,0.22500350589332138,0.34331115051987315,0.27167430049523605,0.34895214727098167,0.2647797498500441,0.3235781861562295,0.3365552477289119,0.4146935184724358,0.3432548810730326,0.4070381933041537,0.32214790864494025,0.35038023783558,0.2821098986131432,0.30094573333319247,0.3385834313704254,0.3611764949324597,0.3428951475479942,0.42611601886681755,0.34130326814680956,0.2615663927403077,0.2809499806166837,0.3056500131268105,0.3021026919229607,0.42368297122375687,0.2972819572622297,0.3826802768305947,0.2673074479809544,0.3619284216513343,0.2635822424351681,0.3885887677926642,0.3442691378498348,0.2915528856154915,0.3607231193966809,0.37298936371764796,0.3344498255738203,0.30802045770369696,0.3300658771745348,0.25772652277448743,0.3173861943064526,0.28332286047440086,0.31283505653975935,0.3458710283023703,0.2990894081635695,0.2825645662019832,0.3481717406464697,0.3004538429254019,0.34960640436668333,0.28356356406509525,0.4011471552870981,0.35411536960620615,0.38274362762065656,0.23811764146198805,0.3589437239598803,0.29997726866854174,0.2985646866402551,0.28421406728084897,0.41353503539591996,0.4054902194948362,0.3153696489162598,0.4332128409808524,0.2511403865524895,0.28221986214360134,0.28828128126918323,0.30796338619719676,0.3002099524460891,0.3497216707631637
0.4051162716933604,0.3565250284061092,0.3227661213093867,0.26766214916938214,0.3312772329091197,0.3549920346245663,0.26827583414650286,0.3734332770805488,0.0,0.30447015083750184,0.3168269946402414,0.3942636563895213,0.3100992265138628,0.27962996330753875,0.3287838338399643,0.3421564663047167,0.30709704342825506,0.34022390332025343,0.31219325044670904,0.38259263629059514,0.33139794608895407,0.390205050937219,0.26570916260248956,0.30441938170665517,0.3471703515622349,0.27983003261539086,0.30001703045513334,0.28755834997496127,0.27454630617558806,0.4275667685121378,0.4474284442787189,0.32326103591428884,0.3121698355021971,0.2730479843335829,0.3279689079074065,0.30491381788748134,0.32967493138231513,0.40862104002116756,0.3349934987279372,0.27646462658488147,0.31015529155365185,0.3800059060723806,0.3216190127595081,0.3427762742668222,0.3287416058302597,0.33297815618125837,0.30785146807713504,0.32135139733021106,0.2922625281100762,0.33236671739089885,0.3071273383440134,0.3052804406993672,0.3059319992877437,0.29993185194714095,0.2897424506672213,0.3847235226254973,0.3503833062054886,0.3857565871787502,0.26332121531317204,0.285695660672414,0.28449811727758967,0.28052714088127645,0.3148501998308793,0.2686014080851121,0.31521473391894017,0.300478946804036,0.31339038784214396,0.33422439390051784,0.2834866254818146,0.35069363989700153,0.39892090981464146,0.301106242359296,0.3001826838555758,0.29272755414325125,0.3750140354721688,0.3069299510993324,0.2549376888942785,0.29860381811081177,0.35449500948634827,0.2772460627946034,0.33534110944120765,0.4083518561450087,0.4521230207386834,0.30370396581840353,0.3423815942405636,0.435926537285898,0.3358558107588247,0.31109018834200447,0.329413822967357,0.4514404492632362,0.3506937886685135,0.3629716432344479,0.327900239711612,0.3034280762489852,0.3407950700735233,0.411458931267339,0.31538067038862583,0.3311960466307799,0.29212727075916284,0.27802167289210616,0.3138711844691749,0.2638770791455853,0.2873237366617471,0.3262919198365264,0.3583801960465834,0.3477062749432044,0.28179702980796195,0.3480885402290244,0.3027950543105816,0.31620556829519264,0.27617117432709515,0.36593255753602016,0.3099537814230937,0.3722799613774788,0.32031101858652933,0.34772205630795755,0.3292640944629432,0.3031341663889737,0.244367821860846,0.29984979117623534,0.3452202709175587,0.304159273599721,0.31170441538915167,0.37166058533531543,0.3805348546025676,0.3328807227575811,0.2632554970073386,0.32190828627862006,0.28323908155566224,0.3313144413550057,0.45310564025208916,0.3661796643566019,0.2873009285828513,0.3913349285086655,0.33834674492688593,0.3161438562547197,0.389052980070661,0.29983111669943535,0.3270685733231523,0.4033685922926989,0.3028192816684871,0.31553448399697986,0.33671364428027184,0.3526919714768729,0.3679820036103556,0.312853732696021,0.5395362612376119,0.32214950649778834,0.3890629389020833,0.24882082814028045,0.378936315453144,0.31854892987228306,0.31810245953133165,0.29764022511295196,0.37362776257116964,0.3933780962931874,0.29951887775602426,0.36966497061912346,0.28225019815361246,0.2728054071106336,0.2591309732891128,0.36780387271414056,0.3363734515816918,0.39396662743674726
0.393750910537272,0.42336789644055595,0.4427172693911988,0.3407839873263694,0.39446053580571666,0.3469065900873616,0.3641895066270354,0.3589905737194133,0.30447015083750184,0.0,0.3396606257362917,0.32155814662018034,0.4098787813814256,0.3297997630392235,0.33813690770536997,0.38148781177428037,0.4108212090427111,0.42768753943870047,0.28441345023907433,0.3194451868139305,0.35986463213204467,0.35765154465258214,0.4400398724165534,0.3419003556221888,0.47596539360216905,0.3326162844046525,0.3572707319329684,0.37145329418857903,0.3582578413812995,0.306950568288851,0.3422984048955598,0.34758041623201535,0.2921907142495483,0.3383659891969333,0.3512031723137813,0.3016195699929336,0.4200100954131892,0.3087464935047514,0.2601870045444605,0.3903167954071626,0.2887417001657682,0.4326168819653885,0.3229497839417383,0.32188518660651494,0.3711316020134874,0.39017339400925516,0.3462776509831619,0.33888235232530634,0.4233702612097897,0.2864847648002607,0.34589168190100444,0.33718444094083644,0.2954333226413593,0.3374998361213412,0.3324790035893758,0.3882132131695098,0.31799787210921293,0.32711728331956563,0.3514404672084326,0.3311872436426911,0.331419916759988,0.26332027105383315,0.2999391786878679,0.26511352260582444,0.2928989847820993,0.31970055589296265,0.35044126681557264,0.3725494996021247,0.333416044675442,0.3761360468865886,0.3403835945634868,0.3476909481325102,0.29037454065524493,0.39629312197753197,0.3286388089680348,0.3540323626980571,0.318917960276121,0.4704717288322393,0.29735061237154353,0.3027717319681852,0.357749263856704,0.33135500083435854,0.4165067444186404,0.3118461816008286,0.3387065829746376,0.35865282639271867,0.31947428506686953,0.3077103934268825,0.4162437156739848,0.30807572997434884,0.36201559192043165,0.3472303235346703,0.3427489056996932,0.2875181716146733,0.3691326747473256,0.36971802087467726,0.22851357019035398,0.3852941853591235,0.2643352530743797,0.39675755838340115,0.2990397837283034,0.29974778850665473,0.299544277808942,0.3637344455244236,0.30395164790162305,0.3952793499896424,0.33106670515331493,0.5072107041572463,0.400062981051903,0.4439414228586422,0.33080931294245053,0.31215188636892677,0.3449185810472477,0.3436348981021808,0.32655468845423125,0.4247132749397991,0.3681141323638796,0.33729804413320214,0.340623635086532,0.3530214710003667,0.3112170479652128,0.2923625546007159,0.31395921054275455,0.4185477405931356,0.2724382363505622,0.3676543610393165,0.28136935716083145,0.32848599347068314,0.37760991979858677,0.33763591294568535,0.36927523460554607,0.3125187533351913,0.28509797743162874,0.27057367869374355,0.2838483353984126,0.28117107057964147,0.32661441303957073,0.3538248147910752,0.36854758937234855,0.3226714233052878,0.31230802073921243,0.33720121546763504,0.40934717532014553,0.2940692843785339,0.35382374849389914,0.3246391420509466,0.29896535042570477,0.4292134607799374,0.4673139697834426,0.2341691187412455,0.2946081201576887,0.33876087659924475,0.299231273164465,0.356529805656688,0.3818801917761998,0.36008489484883077,0.30424071631410227,0.4875251628433438,0.3126872731042855,0.3422367500344986,0.42871463677770194,0.3399769084735828,0.33169355757284597,0.34590579348453243
0.42302067643153146,0.37191016480767325,0.3818537270116353,0.4098461469832983,0.3632626887003332,0.3416600322686315,0.3268772997473795,0.3425738274150022,0.3168269946402414,0.3396606257362917,0.0,0.3906329017099182,0.4001242707184987,0.3087092796000436,0.38312114609437636,0.4347955247249697,0.40261412949319414,0.4158440296813767,0.36680315675655784,0.3847606563968621,0.41102650012704245,0.4064195394228157,0.3421267102124759,0.3783082071325401,0.4049392059587395,0.37513721011956136,0.34018361416666953,0.42163063276854484,0.36780498731997047,0.30737411755553096,0.3638621688593281,0.3540434087672491,0.37966370269583183,0.32990980906719836,0.36114577264308306,0.3630214381675507,0.43926343042121674,0.3831002671922597,0.39849425128572175,0.37273167049427997,0.3537576978676135,0.32228992110717325,0.3637959267752248,0.4014607037136122,0.37935036560464497,0.39722168742199865,0.2523680996419553,0.4776122705446665,0.3966691045809268,0.3354675625386952,0.44414206950389323,0.349543113144456,0.32975086031309514,0.44845384029155466,0.4553096773722097,0.2750474260398164,0.45178118350228397,0.4060996374537185,0.3474223681362888,0.38514819731921124,0.41528855813988064,0.2557533446314509,0.3892575736893468,0.2636219179430819,0.29909866479153485,0.3610083863850239,0.3965704764652656,0.33385454890107524,0.35117977939082967,0.3835187211678071,0.40295429034608155,0.3117759103713897,0.3202827590401389,0.43810259030711735,0.3916314792595935,0.3456219810141033,0.39290828117136195,0.37525977750331524,0.36775754755066886,0.28207004406463926,0.3329133146746013,0.36475340961549946,0.3446528231241326,0.346818953279201,0.34499856478867325,0.36435554553641025,0.3748819891075618,0.3291833048547329,0.351242902443263,0.3155631546092682,0.42825466274664814,0.2988385103319795,0.4260400741134855,0.3879892195960769,0.3629645355366862,0.3533180492000384,0.2936699324282627,0.2870017655492533,0.24728394093728245,0.3402459971680985,0.35995151700812383,0.33975207858662104,0.30978714201816976,0.30822859021055976,0.36997376856105374,0.33433388178425316,0.33725813500533086,0.3497587441025345,0.3502866327494982,0.38588504843829585,0.42729189782228055,0.3426413392468836,0.35656790830542007,0.3469348915627383,0.41031555345163384,0.3569052747271305,0.35523920814367527,0.346939098658676,0.3133097405750002,0.30705920674663917,0.3649500190877107,0.3067534546444021,0.33336946826764385,0.4677871285202644,0.29835574177117724,0.438028714002778,0.25201989985531925,0.34566386668983645,0.36078579741283145,0.34463922555911775,0.2622889431339301,0.3718751436124851,0.35640012203790455,0.350026515016473,0.44039510962544764,0.3121017175116446,0.30351845062110006,0.3389472389981752,0.39335849808484874,0.39970456871213444,0.39358484881685407,0.318701526493477,0.3505769163853401,0.34224124665252165,0.44439407559335664,0.275128969571928,0.32999751007110434,0.3407114301433703,0.3578184564834267,0.23021866185083154,0.4983699452693825,0.3341261542256986,0.4544645551190447,0.2666263756387133,0.36660323352235213,0.4351296385730023,0.3804419158722049,0.37989238082871524,0.3566253578041746,0.31818787955871847,0.31477709584485025,0.3585189064985385,0.28737286220670216,0.4796926886964704
0.37548615972600297,0.41263049064046037,0.3317254341323658,0.3367803030050739,0.3044107352897551,0.40549117527740947,0.32057377335317944,0.38744372069022737,0.3942636563895213,0.32155814662018034,0.3906329017099182,0.0,0.31192793751470127,0.23906001645764952,0.3392342957203171,0.3564364767085864,0.342473446244562,0.31059569354960265,0.43406590216115604,0.37194461999606926,0.3815128773500214,0.3425899194928838,0.31381783888292974,0.35351867678747984,0.4206381504441626,0.28256846487713794,0.3210856734108713,0.3382203157605404,0.3078334750315386,0.3953647501831989,0.42241088009870925,0.331669069183691,0.3587751374963445,0.3556218105245848,0.3030608630386679,0.31011456775997914,0.3565699805904186,0.350262832587998,0.38868171792450545,0.30672520670151826,0.3571361383123965,0.34099691574848723,0.3015953450738699,0.3548462710966441,0.3413064172685362,0.36133482515491927,0.3050650307654884,0.32621123169328037,0.3174343804699592,0.31518517461043793,0.3753074462577814,0.3628221914994383,0.3054637556318194,0.37454246929370055,0.34653596402659664,0.31024234365215503,0.4102315342839463,0.45805712865765325,0.2631885247839139,0.33287361016324407,0.30763237103138136,0.23913462102317928,0.33496124149374285,0.2368190488077718,0.27632033630998337,0.313572214557047,0.29895946574922466,0.28990353357042586,0.25796607154438533,0.33561448273694733,0.3237860390586318,0.2600244182268331,0.2769959539381152,0.32877918198330747,0.3771514654792498,0.31714679890567166,0.2892915045444364,0.34094035441936943,0.33885493342748807,0.2702533949508627,0.3026989458947141,0.35937447120636157,0.3948575075872885,0.28137192984958537,0.3261326145075679,0.41064452373911864,0.30694821761164565,0.2924793674516085,0.36795045340877125,0.3652280846986213,0.3542893332775299,0.3512327442069513,0.3417242190474097,0.3609071638487351,0.30064052467000374,0.42850974940006265,0.28128869010592944,0.3483832122601954,0.23022832227749818,0.30946958609315145,0.28204354056357017,0.2836067914401184,0.30196011804952005,0.37448116975512347,0.31898392944297704,0.3358612356489024,0.3233259325786871,0.35173785111028705,0.31048995288203013,0.39111043144092594,0.41981406457153986,0.3202069363253036,0.30320088966775605,0.3442199563737212,0.32676756089540515,0.38349184032001526,0.34869004074495485,0.3127039639859913,0.29034134690114444,0.2782172413024652,0.29407543521973495,0.30101582671382837,0.298022328492462,0.41937473213216653,0.26612298514658494,0.4317493346481093,0.24797875124621865,0.3459117998362554,0.32147128127328206,0.27629544570520287,0.3230144162764654,0.328601371998472,0.28632846050217536,0.3576807384164691,0.33003213456359726,0.2552016675035582,0.36698042973961786,0.28656540571265693,0.3097459950432856,0.39393734549203674,0.2993395928500683,0.27940408170514686,0.3663202403732177,0.31827163637438577,0.3529657197671494,0.32074903020735146,0.47146723132747265,0.32074494916637386,0.3823135604209987,0.23105283485869657,0.3966245903352449,0.3463416345349786,0.3509710784626219,0.2725463291358603,0.458401942963972,0.34668971809832666,0.34614209986082933,0.4164317592841999,0.2832250973871158,0.2858517405875366,0.24321468920751102,0.3340992754409551,0.28143619301581424,0.38563999717361935
