0,1,2,3,4,5,6,7,8,9,10,11,12,13,14,15,16,17,18,19,20,21,22,23,24,25,26,27,28,29,30,31,32,33,34,35,36,37,38,39,40,41,42,43,44,45,46,47,48,49,50,51,52,53,54,55,56,57,58,59,60,61,62,63,64,65,66,67,68,69,70,71,72,73,74,75,76,77,78,79,80,81,82,83,84,85,86,87,88,89,90,91,92,93,94,95,96,97,98,99,100,101,102,103,104,105,106,107,108,109,110,111,112,113,114,115,116,117,118,119,120,121,122,123,124,125,126,127,128,129,130,131,132,133,134,135,136,137,138,139,140,141,142,143,144,145,146,147,148,149,150,151,152,153,154,155,156,157,158,159,160,161,162,163
0.0,0.5996882991828915,0.4838543375344385,0.49147606387345333,0.6182519084953516,0.43554089915402777,0.5819775306272076,0.4501288666721325,0.6721071092010134,0.4487736147657768,0.6726099846055322,0.5958001585554241,0.48418784978171325,0.565550994273763,0.5342297746947647,0.4974023779342127,0.4765267997557003,0.7363103673839567,0.5945895771815471,0.7402329688895564,0.5952703169194123,0.721537717783412,0.5572755398846831,0.6263187556449771,0.5882375924092917,0.5171681578703917,0.5011981649455775,0.4376107627934345,0.5597359914383824,0.561697021116498,0.583335462865418,0.5073161453246147,0.5554662045011163,0.48098130610019,0.600298002217563,0.6193743587234307,0.6404240352982005,0.6249515444201377,0.5302836698771679,0.5627537622691818,0.5758339146141273,0.5051834864069692,0.6523952381925793,0.6172255668673884,0.5740121064007001,0.5402765862472041,0.5518377543588876,0.6769282999103862,0.6749243345559683,0.6979568362638986,0.648695577948667,0.5388410813674595,0.6272606763904385,0.6385962573917685,0.6520558886923589,0.46205902700452406,0.7033271153044122,0.5200667295493215,0.5824779209365963,0.5921528612275131,0.44361060143287095,0.4645554408992549,0.5678119749948157,0.5584501937303222,0.6179348379963395,0.5292385669728394,0.5164351421947956,0.5987939039075336,0.5528464558793635,0.5082086949301375,0.6649284887948511,0.6423169332145646,0.5176707967633911,0.5136043732470529,0.45932737094324705,0.5730606769789917,0.4577536582006808,0.5677561326216776,0.5243645897821781,0.4113797371378641,0.43353667206379426,0.7017173809534676,0.5956327575146073,0.44691607434968755,0.5387060901761748,0.5722317808510534,0.4941925373254615,0.6387612441120001,0.4561460681843534,0.5239836119000452,0.7006060225699968,0.6067628508662235,0.7475153046392252,0.6149270695261178,0.6194755131555547,0.6017305456282032,0.535492632037867,0.47490414090392785,0.5421518969961204,0.4469292449396879,0.5905958236220317,0.439423261596116,0.5403773125182408,0.533765266645907,0.6617231818192234,0.4780846971703454,0.4353384311019265,0.44192893686424994,0.5665976952240525,0.5688082655942658,0.6008466547962105,0.7035240115183323,0.46629076635849426,0.44907824281071324,0.5928623419519062,0.47023781141188575,0.49253723979252256,0.6376360160852541,0.43398875996398634,0.45920549805819133,0.6046995949367088,0.44295242584286015,0.5596990383773357,0.5855348784216986,0.5697891950409448,0.5521948551063203,0.4216799892258497,0.5302157534055674,0.4863406605212661,0.6483463249755395,0.44416156938288215,0.45175987608147644,0.4818417709754877,0.618151147464443,0.601243546785309,0.48739368215427964,0.6088360960458368,0.5907870225662228,0.6928899084722371,0.6156435834642584,0.5695014550701428,0.5573765049450541,0.6235228955056474,0.6484226356019492,0.6475731508638372,0.5599891227561513,0.6110653436560197,0.4223971920460795,0.6100126542728522,0.3686649593075524,0.6440536898578497,0.5640864493712623,0.707959737032334,0.5042465946156987,0.5002537201621764,0.6045717637697156,0.5468346924388086,0.43590597663738284,0.6163670402947151,0.46740398776323583,0.41957950213525874,0.6234932167196179,0.4495307664400128,0.7259791598302345
0.5996882991828915,0.0,0.5408208739347865,0.5556211106416615,0.48222179897550677,0.5237754499882081,0.5394881205777723,0.4885802798453052,0.5602232767266628,0.5425285368097712,0.5934634564389583,0.6567019368726166,0.5327660916739303,0.5999873590230086,0.44257766729075043,0.5592190547680447,0.5583444104838028,0.605426979245659,0.6073214030686062,0.5916316212637757,0.6720451602188808,0.5674990609992037,0.5983137205222536,0.5798018317082396,0.6637444380189814,0.556306989436089,0.5473487733247104,0.4931230960470544,0.7746436409128098,0.5713425645002812,0.4992740374331204,0.5430585840963295,0.606266053957154,0.5499482170490525,0.4904480532453708,0.5921724887178685,0.6004227722508787,0.653596871036472,0.46908950023788626,0.6470198470899143,0.6617403034574804,0.5711613189866283,0.5079975975344848,0.5376052333006331,0.584785389602622,0.6066928714736306,0.5985786650915297,0.5401257078982676,0.5853096132574506,0.5411760482521354,0.5979716543954121,0.6601195938902392,0.7300066250659327,0.6526349699866479,0.5814448679120399,0.5938217099458779,0.6622529463047209,0.5705079212650587,0.5381283679273977,0.6451452774718396,0.48752055675351563,0.5139296410078125,0.5734151408946758,0.5173531130013957,0.49425521671453426,0.5592428110919023,0.5566326750514252,0.5499720057722907,0.5006322087675105,0.5110487335494878,0.5640164620075445,0.5722585501060314,0.5360832556754896,0.546205879944219,0.5313618332664994,0.6454484711961549,0.4691885207145775,0.728892335372362,0.5893069292516417,0.5169042216420574,0.5417477808960613,0.5658727356659788,0.732260112056256,0.5373000020556009,0.6362548083911055,0.7007610761084597,0.49773845011562484,0.5180747733675938,0.5401525839762785,0.6479105399337168,0.609551693404881,0.6169595369256237,0.6048850847125814,0.6523316056677488,0.6734237661184995,0.6417400596021636,0.5392055657703739,0.5993307796757742,0.5247807200884427,0.5153023865943998,0.564847593840089,0.4299703770051599,0.5347773187409954,0.5963584721142398,0.6194094062992801,0.5577121158330715,0.4947809866166924,0.5455988443164723,0.668513349875529,0.6796599239503616,0.6013218014701063,0.6236892577365989,0.5204507332581914,0.5274704199625733,0.6936022898462276,0.5866365498005206,0.6346789421169436,0.4818217449783702,0.5022941570577127,0.5623128637699709,0.5058111372902753,0.48628716907528247,0.6905375380494094,0.6843991041142484,0.5055824165469118,0.6490359417431295,0.4727573640314952,0.5388256739540589,0.6314790717158538,0.5690385948247739,0.5426213917837631,0.5157922419385862,0.5311793186725711,0.6189442830869509,0.4991924028779647,0.4219397167715195,0.6214986651956856,0.502511514361023,0.6319552755969785,0.581776943638246,0.5854475032983852,0.6279817447069016,0.7070513855419747,0.628838486535254,0.6941549191213686,0.4978230447619736,0.5361268369154913,0.5229237718946181,0.7480366366559523,0.4421252616700162,0.5265184696081242,0.7197133957820471,0.5612500157177882,0.5567277296916591,0.6150224842289015,0.5678511214138096,0.5608816879082558,0.5314165844805829,0.5716689060466622,0.5113818752280763,0.5157763083234069,0.7299303197665854,0.5567884766110742,0.5892071428157827
0.4838543375344385,0.5408208739347865,0.0,0.5814956556979313,0.39444013136219946,0.6041190949774016,0.4443746100465224,0.5821132578240953,0.4561324812291906,0.6485572485520891,0.533081025117749,0.5007793508103744,0.6740293636576961,0.525651686455294,0.36398776162702456,0.6630503058164261,0.6539633480583049,0.5394207725228982,0.4802266760050416,0.4611865913439897,0.6294605153600976,0.4948760785037978,0.5148942938689487,0.4375538895248237,0.6048177303148214,0.6022925857194411,0.58908214533066,0.5469932317874502,0.5072029661969415,0.5013706720245596,0.39263910952335584,0.590520551893987,0.4870824393081336,0.506790864597749,0.3807439401553556,0.47453523821302396,0.5532545389551603,0.5349016351957618,0.37535676149332825,0.5783287228570385,0.46632465963200576,0.6556563198652743,0.4593599776544316,0.41277119038485993,0.5582029671444005,0.5869888467869733,0.5193240419414772,0.446743974962567,0.4750149137016406,0.45397175196582706,0.5462306572057916,0.6170015411038784,0.514360341168472,0.5377955590157788,0.4783679388596426,0.5917734215956374,0.5219372775021716,0.6125784250357876,0.5025355246450582,0.5254204797853711,0.5923111579203459,0.5238970382603246,0.6348318923534937,0.4293422045725749,0.4096231017232357,0.590907177217962,0.6039567769729165,0.5653055335118344,0.5991284017586864,0.5960453309060173,0.49600925130666135,0.4280863350123064,0.630018041776639,0.6785354836824078,0.6420956227716814,0.49179103190203505,0.5553976152348886,0.5847577577645795,0.5287495940846372,0.4827715745557403,0.5864009592764171,0.47881247068506344,0.5575892387078242,0.5955885165307679,0.6333719925430658,0.5726602559579502,0.5668478080855065,0.482624102412981,0.5829757977623176,0.5305709285439786,0.559508416365897,0.46623114328610893,0.4549912409499195,0.48819214354911017,0.5968304350950403,0.4932173051823534,0.4936945177814694,0.569962557815288,0.41143244861020123,0.5729381889567463,0.4129687158154932,0.5042559737539385,0.5234286540312445,0.4941582468463157,0.5386743915936613,0.6534659222797266,0.6057462873633267,0.6204384639772962,0.5600605390995714,0.5530553562915155,0.5090933117663282,0.5014642224686965,0.647191022885882,0.6137181965677521,0.553615816080708,0.6232311529444167,0.5545890735437718,0.4088883846886754,0.6043220214732167,0.5796501526062836,0.393923644020195,0.5605404930155089,0.5503599580297298,0.5356842227858531,0.38309410944140215,0.5116089719956259,0.5514274721060929,0.48847440886538385,0.5982482694900841,0.46716681828097745,0.5879198333371495,0.6862914405102626,0.5261756851227464,0.4502536590857632,0.4129717787793131,0.34166165083616146,0.4379883965344547,0.3891585041614238,0.5334471187492851,0.4625097169184288,0.4868535580688332,0.552918654388938,0.5697844519798544,0.5607805289300845,0.5147944407505312,0.471116213044274,0.4268668252169917,0.5576373365838354,0.6100832338493883,0.4336815706893598,0.427787367968701,0.4950708713795698,0.4705264004655769,0.5884624251885584,0.5820518164416859,0.5119650327748543,0.504945169236417,0.599912117802178,0.42132003239542887,0.5444846575213947,0.5813146256593832,0.4785223426310445,0.5542532100997672,0.4547150960065965
0.49147606387345333,0.5556211106416615,0.5814956556979313,0.0,0.4007533632100674,0.6072916815820363,0.5010076066753762,0.5568650412910068,0.44375690051137545,0.5914409169063416,0.5496161034082154,0.5834849126336664,0.5823531166820671,0.48699863296903323,0.38826234443287055,0.5668756960634519,0.5612804167322738,0.5135645822991595,0.5458609755261746,0.4473074087709686,0.606336065347533,0.4741020139848731,0.5570316730279613,0.46760096834552095,0.6489329346868979,0.6077291887357821,0.5494254026472152,0.5389716636351458,0.537448130302484,0.49350522729760404,0.4214945233517072,0.5584349786143662,0.6035018370763211,0.5728739985171735,0.3963797093444411,0.48611857005536907,0.5774523367712509,0.5047040372264722,0.3976264295760697,0.5853156676899879,0.5070139481261966,0.5473297270548162,0.4666380074793054,0.4551364894991012,0.5624808420621786,0.5758138638574559,0.49311605673248754,0.47143261318658536,0.5025647586249976,0.4416482788463017,0.5843133469920191,0.657936737293554,0.502221269229199,0.6157700300304628,0.5306274012804582,0.5428061799887844,0.5220734650553654,0.6246541596491414,0.47963445508107744,0.5195769320733066,0.5700924453031745,0.48082391513706657,0.6171182766811649,0.40421736364659266,0.40870400005899576,0.5475314754117703,0.5722379443475352,0.5323147341236083,0.49167385719962353,0.5751996179257844,0.4875813762294183,0.429073667416971,0.5405096363341211,0.6175426920838344,0.5432256723734512,0.5259139626019497,0.5340403539607209,0.6145132553209407,0.5486625197732864,0.49072876956852474,0.5424126668271164,0.4897709786890109,0.5625914228016532,0.5445080329846357,0.5889097790194928,0.546433599494841,0.5578492696576528,0.48018903825207554,0.5817396573962393,0.5236470026011065,0.5606530065808901,0.5100037875751833,0.47559960679471996,0.510700928370072,0.5536373137807049,0.5563061277190278,0.47410121662282495,0.5941284647858943,0.4060163163611263,0.5762754240665807,0.4327666352672182,0.48767042689304035,0.5888775311344315,0.5746442788553654,0.528145525710793,0.5635661824319804,0.5404124929902939,0.559010784891995,0.562247847852228,0.5571850933420537,0.6004562837808791,0.49350906267256256,0.598410204473228,0.5263946660804841,0.5859778196531248,0.5831785804855336,0.5760858165314032,0.4137362492927727,0.599943324964504,0.5403473601479214,0.3912827647393745,0.5793367705516781,0.5275336956767254,0.5996474797347913,0.38643988722550904,0.6023232318783819,0.4821864911122773,0.4960913015004703,0.6094616704830648,0.4564803929730726,0.49808697868597146,0.5271394816020242,0.512028649239443,0.4656215503911929,0.41717789689091556,0.3431741300965478,0.45068379381287615,0.40983147117514074,0.5194749446338305,0.4815327871339784,0.5891889440166143,0.5005279913320932,0.57156389237519,0.5170820985220298,0.5215353727038028,0.4792365490995388,0.431736465713337,0.5370115132666763,0.5694715640469024,0.3923695406457062,0.46568834328599795,0.5359848171178627,0.4553626843538596,0.5084855344546443,0.6582240552513046,0.513003876301537,0.519084753699311,0.6295329576195524,0.48464784734698574,0.5615193476844113,0.5327285100003674,0.5044628779153951,0.5079651933480681,0.4690229543648532
0.6182519084953516,0.48222179897550677,0.39444013136219946,0.4007533632100674,0.0,0.353887312576947,0.5137886849327749,0.3641205689213893,0.5922721936154643,0.36912244304713043,0.5080366647649658,0.473479956148391,0.3801409475244729,0.464328257866508,0.6012034644230609,0.3899032805676479,0.3837801469244979,0.5606119748106277,0.4781910089846555,0.5929505898369744,0.46354717265001805,0.6257700367437776,0.4512094759198058,0.5646190847814031,0.4528785556331552,0.41388406726760113,0.4020099223256899,0.3562788201602883,0.4682152606304464,0.4517767075894187,0.5572182369326459,0.39538890783694813,0.4704451583302819,0.38404947989009997,0.6947745878892204,0.5268762905891153,0.47334646812645864,0.49842960915008616,0.5148525599697801,0.44994106669303724,0.5162455896093333,0.41503977910133105,0.5484437860231499,0.601374023074886,0.4432559419591302,0.42128241608907097,0.46939230031003665,0.5759916600256307,0.5379152541064711,0.6111252395357619,0.4898099972898123,0.43257886864522677,0.5093450655610138,0.49878197127930607,0.5089691131168619,0.3810129788264603,0.5180126772389678,0.4129215995115628,0.4957852229598888,0.4583431543057566,0.35510442624029903,0.3809821890951105,0.442005709880849,0.5366343474644416,0.6376100291225689,0.41458064793558597,0.40765315276488373,0.4769641128450593,0.45694887829724873,0.405805106288854,0.539232620275405,0.5897715975127615,0.416232206600162,0.4031186133130536,0.3717162493352028,0.4480785632610107,0.3656257525423429,0.44771256415735977,0.4230258943352467,0.34215086227323044,0.36175299255416293,0.5921663472494838,0.46973797785455934,0.3639069260202148,0.42379207635031896,0.4583499255025306,0.3903234610783677,0.5142904658351111,0.3632487477670902,0.4238257882864676,0.5384456886426157,0.5192978874070296,0.607919184789715,0.47263888868481096,0.49011634912901036,0.5030532414505935,0.44059022408982146,0.39480487901517064,0.5193980031557401,0.36226273309564017,0.5215555292152895,0.3587211081128127,0.45014485882416916,0.47112218218414065,0.5043684980178349,0.3815430448027595,0.3526732772522596,0.3660907079043353,0.4541392112993399,0.45326983133537335,0.47379173150242365,0.5677568359990731,0.3739742429236345,0.36557098270914884,0.45753265800840137,0.3808293528122757,0.39885269844512955,0.6011927304105252,0.36395035204548304,0.38011564407988013,0.6585247903358556,0.3637987738211432,0.44920563197143665,0.4555444820547648,0.6253340645324543,0.44167106388552263,0.3517971715208311,0.4252141319229576,0.39580435422301535,0.5707091399354938,0.36914564158249125,0.3673737156779622,0.3808616549092231,0.5461924231351961,0.5746977150411985,0.5764578617966079,0.5206255964818907,0.6469306615579674,0.5474011522947861,0.5108564573044542,0.4840062507891273,0.4426447517585036,0.48261507353470207,0.5213032815631824,0.5117055383050176,0.4862005749975522,0.5956811088000008,0.34967185943615303,0.4780264519764145,0.32141204457823896,0.5485713595938689,0.47213575632022153,0.5901247924229222,0.4224090821526805,0.40900788383166975,0.47838380595509705,0.42886618111009694,0.3561975930164685,0.5800896833384563,0.3718186265899361,0.355328265218028,0.5143134568357401,0.3793948856186806,0.6311651628402842
0.43554089915402777,0.5237754499882081,0.6041190949774016,0.6072916815820363,0.353887312576947,0.0,0.41355363619146085,0.6046782174770131,0.4168599376269614,0.629781732700503,0.482687148577599,0.5140476729301832,0.6197092475344074,0.47311389199438275,0.33733700403447225,0.6324486979838927,0.6188538452511645,0.4535448771996456,0.4840338456906923,0.41760712433752656,0.5557235251117195,0.4202378046645608,0.48475709550517965,0.40400174976095293,0.5734920831852534,0.549458799809422,0.5399668793600019,0.576874684644107,0.5028621161462931,0.48718047728358815,0.3784965071162336,0.5751984498509853,0.4880853350377795,0.5563952337066679,0.3561430709209079,0.4438869121841314,0.5093477912932729,0.49160218864367905,0.3614243858048883,0.5115073046031429,0.45116120187108094,0.5622112749649965,0.40939863992504477,0.39367413666139717,0.5172832197877605,0.5487431548140745,0.46638784916172843,0.4116851708732984,0.432665392425118,0.40221298152727936,0.49481962796668066,0.6118702730382958,0.4770189009814874,0.5057761051369919,0.4565250011829314,0.6276017325966092,0.47993036919286064,0.630685080997721,0.4263148643174504,0.5008994287678403,0.6280212773103497,0.523879322422024,0.5713318048787125,0.38507478149223473,0.366785040798351,0.5353461872194354,0.5409872673013093,0.4725869084735186,0.46060377070322783,0.5525458128105726,0.4387268740280208,0.3957634520987663,0.5377896557746981,0.5785249905266655,0.6565484386487918,0.4963308281294537,0.5227798244117414,0.5619087716445893,0.5304391875957433,0.5740274020953212,0.6345491724975207,0.42875430091125505,0.5323634882370719,0.6736878850842224,0.6019948524607256,0.5435516318239954,0.5634966407373538,0.42550750341253785,0.6713940636524143,0.5352518455584789,0.48535821240175864,0.45229242978530154,0.4223669139065796,0.47998888862786465,0.5116145587792755,0.4828179631927232,0.4693645674023848,0.6137135870065974,0.3892487604753233,0.5963537927777303,0.40174067285094345,0.4772418902702102,0.4879817268416833,0.4838131174243349,0.4945030584427823,0.6209856577743306,0.6097646415635494,0.6439546577352959,0.5099609580916211,0.5166177090030871,0.4934998117973672,0.4490430225959823,0.6375442537980096,0.6363939108966316,0.5489470367022854,0.6603056123957864,0.6062712354476496,0.3680548661018411,0.6030566318744988,0.6284763142671904,0.3602064107976288,0.6102334219218365,0.5316147211226488,0.5330952875118056,0.3598889516218123,0.5336860274720119,0.5350317566545615,0.47811186589709187,0.6502373183070933,0.41102878233495055,0.6117270865012463,0.6385007963570979,0.5555023146540119,0.43717033919565923,0.37726086633137484,0.31569794004030743,0.42485128856331456,0.36009581583930245,0.4531304456913338,0.43936461495416174,0.47631601136866647,0.5222025610905628,0.5211020579142882,0.48479648495933025,0.48096305623079333,0.42059789760379096,0.39529760735021185,0.6084842585789216,0.5459452646861163,0.4726329028820469,0.409195679982812,0.5004218816939986,0.415337247133879,0.4831058031386514,0.6133380828312853,0.4658134938863538,0.48113870708416945,0.7156809892311348,0.40495828228084074,0.56982142092927,0.5666301826108237,0.47501136357100426,0.5509839768624455,0.41705131859730565
0.5819775306272076,0.5394881205777723,0.4443746100465224,0.5010076066753762,0.5137886849327749,0.41355363619146085,0.0,0.3997120396183217,0.46781235721610004,0.4600639988716474,0.5194693741905457,0.5381901525495699,0.45410071652928125,0.5061356317404638,0.48372222557353234,0.44338304245420185,0.44912835870169493,0.5652639866764856,0.5279458409398494,0.5181032637195231,0.5392395392852752,0.522292029439198,0.6100383421494174,0.5994172523251212,0.5609412243244584,0.5012610376998733,0.4552367196451884,0.4216115746229059,0.5258581182637154,0.4591490716451218,0.48702393770866864,0.49255530744856313,0.5285690396768804,0.5142410023990256,0.5044292536714402,0.5277994010897178,0.5530675330271015,0.4696921521297203,0.44723220282750864,0.591647973410893,0.5101658265877365,0.4730070237011646,0.5314990564768474,0.5617721907436548,0.5200557804704471,0.5153954656258212,0.5576712636219084,0.5480113831782473,0.7168565651549745,0.531148613117387,0.6163868219845151,0.5127062667761572,0.5350316582142859,0.5917431900760944,0.5850372891477597,0.45024947408323507,0.5504860635361508,0.44700382568078734,0.6293902117656659,0.526199966029651,0.4097824274675308,0.42939252393809324,0.47741158985729604,0.48294160933218694,0.5312711142242809,0.4940098366678032,0.5109283620549268,0.5470531864471192,0.4706731640158474,0.4298937574962563,0.5295407921575344,0.5346297704497782,0.48690067226243766,0.5016277292478517,0.404051010885724,0.5724780758854308,0.4520192625953607,0.5680540949157642,0.4569042637885905,0.4057153298905233,0.4166015179657058,0.5514443937744524,0.511198595292764,0.3963523682756206,0.5005544651522458,0.4687229369300255,0.4280398950751255,0.590186749770078,0.4446481415602906,0.4634214780379447,0.5651926400225479,0.6088515391413979,0.5819300153498291,0.5528048355412697,0.5550117460797274,0.5377622999596904,0.4401762552064452,0.4807600672712405,0.477273179573606,0.46673719618213105,0.5039154263426009,0.408550824284483,0.5802389496734689,0.5229216256542092,0.5156416676348712,0.45026649303471583,0.42410880594543415,0.42651013160910806,0.5777148445089687,0.5733539268992601,0.6788695445504718,0.5565444173177307,0.4611444351136275,0.402366722715374,0.5126357720742669,0.43862019208868974,0.4885596740875247,0.5509153724679908,0.45278100662045734,0.42336197752049437,0.4804296703670168,0.4010607166532974,0.5195001518914891,0.561615368136032,0.46808940806029903,0.5153578810043044,0.4181362652189881,0.464943988532889,0.4767037877283304,0.5308927766443423,0.398531483081605,0.4024089405772179,0.4151959252208443,0.47528502941641676,0.48237727093904836,0.4274552707743439,0.4975483433432742,0.534567726134613,0.5640617744885622,0.4991145229599756,0.5264298029919154,0.4857282968296244,0.5991858779699238,0.5196755639865897,0.5451381640569297,0.5994262056444892,0.4699632314887787,0.41459706257505635,0.5356074026087932,0.33699388836397026,0.5156746502312538,0.5150276865746751,0.5096719073013227,0.521006151049817,0.48281357841778777,0.5026257551565458,0.495632005810298,0.4338375110110553,0.6031025582296212,0.4779201124638186,0.4299732117663972,0.5332992701386933,0.4275843830550882,0.5269476328289181
0.4501288666721325,0.4885802798453052,0.5821132578240953,0.5568650412910068,0.3641205689213893,0.6046782174770131,0.3997120396183217,0.0,0.4451299245934489,0.5116114397340635,0.5141243796933405,0.5208779678855248,0.6045374791642302,0.44874905047524744,0.36170835238084587,0.6257215499471007,0.5263570878414542,0.46748206977037565,0.48682343182749666,0.4387971109369199,0.5434307040753392,0.44763782201928015,0.45148491531689977,0.4154788140112585,0.5396310366367917,0.5666907927914175,0.537331709920576,0.5044301198627192,0.4578183625131432,0.4929698646383074,0.408353960171919,0.5363235926334515,0.496332223930884,0.4990684910200787,0.3621284910541679,0.4532989717380007,0.5562744905254526,0.5209811944969688,0.3981040868959317,0.4822922151455623,0.4521551769643536,0.48563056788755704,0.4561246786680126,0.401560531620415,0.5679737658992153,0.566690195328656,0.43417382071037636,0.4423653198413979,0.4291580557391033,0.4244589721637597,0.5102937178699624,0.5359737341156651,0.45777844092426295,0.5180579949948788,0.48218031064946215,0.5005854616028639,0.4986619096643316,0.6567369598312571,0.4144498567421143,0.503095057442399,0.7534421909563164,0.5069200624034234,0.6281129436453944,0.38142763128682633,0.38241453202242626,0.5586289588796189,0.5458931345363899,0.5020252779820489,0.477244062937077,0.6970465712126421,0.47724714108380967,0.401630814234372,0.4886601536150971,0.5715360011542572,0.610536771260405,0.47167303529670523,0.5581105097480041,0.514438581050453,0.5999470131542897,0.4738833853886304,0.5213346899567003,0.457096146677247,0.5359198399675623,0.6526196089666167,0.5436631891701251,0.5609902511238402,0.7317328124057485,0.44369801240741596,0.5888197164336811,0.5528069878359368,0.48775428499161766,0.4352024144665888,0.4340763125265632,0.4776870370800695,0.4871531490211549,0.4902777327357498,0.5387428103342938,0.4962634122930178,0.3783722789834882,0.5166282662357569,0.4166759842104913,0.600176171769559,0.47405563746519636,0.4654388890434797,0.5168618036861391,0.6042345374219766,0.5860690048332658,0.5083985836355722,0.4916587004331749,0.48437452008275245,0.4742141418364332,0.45849121261817066,0.5451921454588928,0.5884944850104429,0.5545817397655245,0.5488538383297927,0.493474050317461,0.3884533542367034,0.47586639168559464,0.5123982807455236,0.37527661828863107,0.7577466138584897,0.4700259607539353,0.527476108520127,0.3624869709289899,0.5498559532054765,0.46649832251179413,0.5513514147495575,0.5293289620258327,0.43889355750243486,0.5135839174497717,0.6221493846950343,0.6343474270797019,0.44530387881276284,0.41274731684353794,0.32821571070697053,0.4394521583553672,0.37251609949894476,0.4829900476991061,0.4836076431211016,0.48927798712301906,0.48934069648024847,0.48990223966863977,0.49143282732915966,0.4924205522171696,0.41348386573398715,0.4252603278126232,0.545598576963414,0.5173457633241416,0.4121482165884898,0.4484337233177784,0.46444201193314866,0.4387588647232586,0.46410932770260444,0.5643889325627425,0.5326592364193393,0.5029558700727469,0.5843416175873454,0.40130540492948485,0.5060730187387679,0.47552635406955224,0.44733371618028245,0.5017249922621976,0.43211383790042635
0.6721071092010134,0.5602232767266628,0.4561324812291906,0.44375690051137545,0.5922721936154643,0.4168599376269614,0.46781235721610004,0.4451299245934489,0.0,0.41060139802540496,0.6009393374988147,0.5550337447129233,0.4397603968976989,0.5052608701040706,0.5173465383954812,0.46755831527851194,0.4407516772028187,0.6127041524156458,0.5512459331392102,0.6972450316503178,0.53660927665531,0.6857462082195637,0.47027547798547237,0.5522800702019373,0.5155782847617563,0.46314613800844406,0.46519996780960876,0.40510573542556155,0.5191054019808669,0.560603501706342,0.5858413836661123,0.44532428595366075,0.5178077751076038,0.4216413923373392,0.5706300914532301,0.5679629597579847,0.5479337923985951,0.6679238592720244,0.5507600715581787,0.4790709836703872,0.5771411661704249,0.46931973631804585,0.57608134624967,0.5617741092322829,0.5092779850490363,0.4845839456786763,0.48652292692316884,0.594874065924386,0.5234530845454023,0.6199310670269501,0.5288280623166681,0.4935238793944842,0.581304930247102,0.5500188859763646,0.5448225636976248,0.4384733184721088,0.6178697685127758,0.5102587931019055,0.4752164027404643,0.5265468968130392,0.4214134546271652,0.43824875196948027,0.5342283874116897,0.5238659849822735,0.5642311121636587,0.4757951350856463,0.4544164579350865,0.518570650661741,0.49865910421401444,0.5004304123383247,0.6066573356549302,0.5873069476644984,0.4575670036189873,0.4516160689876271,0.45339210231947863,0.49536497647323086,0.40819587104647087,0.5003895015841375,0.519993932270479,0.3939831433255483,0.4200869950482526,0.6409127767214345,0.580617543739774,0.44658583012262326,0.49165091897037755,0.5905058521842612,0.4757237158382274,0.5149203988697191,0.4216584699899331,0.5239593128319366,0.5922893308449024,0.5305904610158391,0.6264519639570453,0.5384826616618601,0.5453190277794682,0.5714467303254344,0.5472923670128884,0.44092042354758076,0.5209718932316726,0.39959858370122203,0.5644753493635191,0.4109933888403324,0.4638650797620845,0.5074027453954294,0.6052960626505034,0.4463182170854731,0.4046334906406227,0.42042909630170566,0.4931271654979218,0.49891333043546676,0.4915352595765171,0.6243864358893686,0.419784303305609,0.44324468997195815,0.5476638718100214,0.4483600627268455,0.4530089958332888,0.5429296703479366,0.39307503386519516,0.4445232781031253,0.61654722282139,0.43790936811020553,0.5065642966377258,0.5225650025891189,0.592489264256491,0.5148858642714904,0.3884744458539739,0.5033052764000011,0.4497043444304921,0.5989305665604422,0.44541868173085764,0.44483058218416505,0.4737929985344502,0.6947997994416252,0.6021528835320861,0.4971939836319102,0.6199053469334884,0.5456394748961515,0.6003088563844128,0.6210886648490862,0.5311935415117514,0.5148812400428199,0.5318680691090912,0.6055349302085634,0.5976074639111383,0.46474474679730093,0.7057726283590613,0.4052573892351777,0.559562589606752,0.3749665236198046,0.6085469067905225,0.5423226904711153,0.6674297163910231,0.4477205198904738,0.47502618753707365,0.5725295595820015,0.49313832136208263,0.41061196036827585,0.5380900223955193,0.4113428930554558,0.3929632666117465,0.592683400453385,0.4419120528381762,0.7165850383399184
0.4487736147657768,0.5425285368097712,0.6485572485520891,0.5914409169063416,0.36912244304713043,0.629781732700503,0.4600639988716474,0.5116114397340635,0.41060139802540496,0.0,0.48594452107782077,0.4992750441955314,0.6354368256208748,0.4952281234031987,0.3444910317158253,0.6173809601273826,0.695113056533995,0.49173336320000777,0.4848953211358999,0.4282818422748634,0.5954247704900545,0.43788349722043185,0.5689818083962079,0.4314347752382163,0.6193543476640749,0.5494358581159436,0.5660023288452599,0.6086795787322615,0.5251779852570843,0.4869832807567293,0.3714742050828186,0.6073052386795282,0.4669127291817496,0.5743625511171777,0.3613130016450119,0.43805692886645997,0.5111999518672354,0.474291798230532,0.35606131704458066,0.6050983377853841,0.44771496808155026,0.6511100507805934,0.41700340375330874,0.39605278856046894,0.511628717766446,0.5825596304157235,0.5110707608977714,0.4134398177552348,0.47988450797596577,0.41321274638877953,0.5194735779407575,0.6011560667423619,0.5052046680594432,0.5091607145244036,0.4570747253479696,0.6513394810673799,0.49716789633349356,0.5493589591019105,0.4938118004567405,0.5116272059209068,0.5510526899814024,0.4943108509653083,0.5307764304508032,0.401021607832738,0.38567106950449165,0.5617093389811822,0.5811599333896249,0.5015154155945328,0.49258388653425866,0.5067073296335344,0.44298917771816676,0.4088810522439806,0.5750775734509815,0.6451569630990903,0.5871054234041138,0.5265464284157306,0.5485085987819374,0.6187150938811228,0.49284594536692466,0.5672865274972522,0.6336855101475568,0.43459312877528666,0.5416986255024691,0.5478255924802291,0.6297060189192323,0.5170958983734687,0.49503850292860463,0.44951302470871674,0.6491430777599778,0.5106979756136825,0.5005081686507233,0.4598966728051426,0.43524652250407375,0.4982261093543749,0.5593353997547615,0.4683717717616156,0.4394901654233507,0.6119126277247221,0.39321645075813055,0.635169612944257,0.4000303518106573,0.4596212776144787,0.5063238848268565,0.4860361133393842,0.479624151485299,0.6268841959930163,0.6210060180824059,0.7232146499880527,0.5703822663267744,0.5843241370363895,0.5279199189822719,0.4612139862308635,0.645289304221007,0.5962140887921396,0.5235850623906981,0.6566932381112167,0.6566418681840178,0.3917084466003166,0.6682914584143442,0.5654711251720265,0.36953480785068715,0.49995327804971906,0.5591772659900333,0.5524441312462088,0.36547219745491555,0.5104682496270804,0.555291803551478,0.451439716870196,0.6336774733764529,0.42633419351538077,0.5843177456639447,0.5966998172142842,0.4998034162015977,0.4200471956227547,0.3810797719426626,0.3245498502551716,0.4275429459431644,0.37070808752957396,0.4844651545095873,0.4384861764088618,0.46191303510078213,0.5270874704488502,0.5718520525162863,0.4925378769541884,0.4884950415169687,0.4485431655008486,0.38905466803499555,0.6357478453607516,0.5836367181132575,0.4379734284218215,0.4016721375843397,0.5129820091686761,0.4334577532030967,0.5759568973567014,0.6016918156357997,0.4664363824968024,0.5122657390622483,0.6892222706504957,0.4149403650665259,0.6129432395855148,0.6776359632320071,0.4793298182326845,0.5794843433146797,0.42620146097570255
0.6726099846055322,0.5934634564389583,0.533081025117749,0.5496161034082154,0.5080366647649658,0.482687148577599,0.5194693741905457,0.5141243796933405,0.6009393374988147,0.48594452107782077,0.0,0.6312026745804564,0.5381343543695825,0.5343199709964029,0.4647046295579866,0.5706920175388506,0.5276368589155405,0.6866239395150115,0.6413143462242659,0.6065224841382205,0.6081308207297567,0.6507502889576248,0.5753422838095181,0.5504997620014382,0.6296117459910037,0.5253108019692377,0.5885540684193408,0.5053465570693576,0.5762258511402855,0.6443826035368589,0.5098735036679455,0.5363277566437474,0.5624562225840748,0.496420983998747,0.48892288240704557,0.5449181255835172,0.6533399961153715,0.6343038443422107,0.48917132833586024,0.5663914915674375,0.5405779543682616,0.530771439600609,0.5724005823554182,0.5190276853989151,0.5759889586169701,0.5531068871226169,0.4880114886909208,0.5826407130068025,0.5996042733136151,0.5568609428022079,0.6200465298725024,0.547634398335527,0.5791497077781164,0.6322395106907113,0.6266391547982388,0.4697374291015808,0.6706577491150884,0.6194758008609292,0.5177340999498193,0.578778355007778,0.5046240592780549,0.46022289599995797,0.6190203891109598,0.4725687429876261,0.49362665002412814,0.5336436550957999,0.5247136784985735,0.5581660961500633,0.56903649258211,0.6099530815152736,0.5700681020109918,0.5213088206436155,0.5215335099952989,0.5556753509822204,0.5291295148318129,0.5462592735760737,0.499475128685826,0.5768217107106607,0.5461796903020003,0.4344396719842833,0.4574615085059576,0.582899163504902,0.6204220484191122,0.4979064342879185,0.5517506088137012,0.5938013914485292,0.5533723730744302,0.5534704366543229,0.4974418734017556,0.5271203554435375,0.6729785526692464,0.5200527074517052,0.6283481364513669,0.5873457831867226,0.5859757478092014,0.575680026304045,0.5218015270225979,0.47622520877234065,0.45897631358366525,0.46451165990262255,0.5181430234960184,0.4772413537054094,0.5115105492498435,0.5280825695631441,0.6167874338360668,0.5029998355696674,0.46555607229578067,0.48465256662242456,0.542693493847268,0.5531763112307827,0.5818244051389354,0.582584618831991,0.48919206068812016,0.5091367938835879,0.602156446905681,0.5241043131482375,0.513164087498834,0.5491862272627172,0.4562796728610001,0.48465378042764934,0.4967628151795889,0.4915318431999148,0.5302845286785374,0.5974751329962065,0.47191394152867006,0.5894814136321389,0.4270791209806799,0.5346960083162255,0.5080148908252243,0.5452689978017087,0.48287873666146486,0.49766020297518776,0.5482848414103331,0.5663027224053045,0.5221334352784599,0.4111815141316178,0.5536926577870894,0.48606853995949545,0.6568377900021096,0.5956899250261238,0.5773525108373346,0.5446152606795557,0.5885686112301546,0.5925851370930558,0.5920901672192792,0.48710908923588603,0.5311400548386276,0.45747986080976605,0.6074930519347024,0.38565677787058505,0.5821262970888141,0.5688732988201229,0.6735717709699571,0.48603460634124823,0.5376871932326225,0.5958444712085681,0.6279000895986182,0.4783138422396536,0.5497788307408558,0.50252381477852,0.4349244498401137,0.5726744342406865,0.4621529824599356,0.6421913077018713
0.5958001585554241,0.6567019368726166,0.5007793508103744,0.5834849126336664,0.473479956148391,0.5140476729301832,0.5381901525495699,0.5208779678855248,0.5550337447129233,0.4992750441955314,0.6312026745804564,0.0,0.5097181752986073,0.49824076903538783,0.4702280464785038,0.5379575054857715,0.502729779323404,0.5689302357245429,0.7531235741391555,0.565139949833213,0.6340165885956344,0.5499417665069662,0.5730658143703805,0.5844174255445588,0.6763932125582007,0.5415806041546591,0.5173138790670206,0.4797674283500072,0.6141417586409719,0.5847883329797235,0.5517798158722602,0.5279824900234285,0.6555785977215263,0.5566232818561556,0.47818567657423666,0.5596345915011844,0.6474969492460063,0.599532347989958,0.5191694317657543,0.5614015891470967,0.6214642409395404,0.5049074691576293,0.5513092782142142,0.5623131022354886,0.5938288110568198,0.5900519131264106,0.5085741907889941,0.5808646142375077,0.578605678681726,0.5191265867457725,0.6224291491239975,0.5946805190777102,0.5861952203620516,0.6974461072868311,0.6429580405183389,0.5082810655364205,0.653054431520847,0.6092929922786232,0.48842707300884414,0.5842956162788224,0.5073318623396701,0.4722571683132234,0.5928302219792886,0.4519597749077052,0.4858146686113566,0.5476729352942354,0.5294709115163234,0.5402855284337174,0.4688174000450244,0.5586296052123829,0.5635037040383997,0.5195760131641092,0.48348208076255006,0.5318029732990585,0.5033359959966403,0.619297160460569,0.48237134541888343,0.6290944088974288,0.6238723726531544,0.48215997213573164,0.4944880535185277,0.5833800980363917,0.6925959441449654,0.5094841901300272,0.5721942664706583,0.6261387942532145,0.5477141934694104,0.5167524728186725,0.5279357938427234,0.6058815876484571,0.5851700948726422,0.5909032497815494,0.6026465124119164,0.6367869228097899,0.5666733375603248,0.6922452312832954,0.5501683782843226,0.5380808899280957,0.4633561620172705,0.48489199359568663,0.5541070922144846,0.4701326162801159,0.5464218156255534,0.6291826194982941,0.5952467455399364,0.5198464585612289,0.4815354509758128,0.49211167418130297,0.5805224809604675,0.6087471706804745,0.6479652305342865,0.5767003439722497,0.4910995389754904,0.4974316496691228,0.6492764646241952,0.5230988468321262,0.5678798201270542,0.5031442792528656,0.4650092703199946,0.4902650867190536,0.47922096053712676,0.5174737346954822,0.5562087372010748,0.7187883164112046,0.47414002239234015,0.7651955442898326,0.42645183909827256,0.5652806274598371,0.5551607936983493,0.5335779629616341,0.4799730986279844,0.4868266196565779,0.5436742346637388,0.5906736915031363,0.5219432255117129,0.41148798847602475,0.6170232557707289,0.49103578357854444,0.5948272870460403,0.6543701610816486,0.6504355208792139,0.5340700758091642,0.609393395868399,0.567523877606087,0.6493440903971154,0.48171691804699823,0.545038490370241,0.49832679192505197,0.6367683773687437,0.39124083717451397,0.6092453217650191,0.6553673569471007,0.5504956967794251,0.48506313360368297,0.6347737673600501,0.6136694094168613,0.5813994851613491,0.5241074005857139,0.5723075731025601,0.5014592904680472,0.45939756880595267,0.6346646406692777,0.5049818330879098,0.5911094876367186
