0,1,2,3,4,5,6,7,8,9,10,11,12,13,14,15,16,17,18,19,20,21,22,23,24,25,26,27,28,29,30,31,32,33,34,35,36,37,38,39,40,41,42,43,44,45,46,47,48,49,50,51,52,53,54,55,56,57,58,59,60,61,62,63,64,65,66,67,68,69,70,71,72,73,74,75,76,77,78,79,80,81,82,83,84,85,86,87,88,89,90,91,92,93,94,95,96,97,98,99,100,101,102,103,104,105,106,107,108,109,110,111,112,113,114,115,116,117,118,119,120,121,122,123,124,125,126,127,128,129,130,131,132,133,134,135,136,137,138,139,140,141,142,143,144,145,146,147,148,149,150,151,152,153,154,155,156,157,158,159,160,161,162,163
0.0,0.35877759570245177,0.3798931257598558,0.3340559716193763,0.3729792901370312,0.33836611853414955,0.32781814072698695,0.3198755099753882,0.35202580847523574,0.36842478555302766,0.4341695327906571,0.36876291762127844,0.46658571933546733,0.33571780432332016,0.37614850139481293,0.40187670920475765,0.3822656003244299,0.5715276031836082,0.34296929808603255,0.48499101207002354,0.42125379247305667,0.41580623613437295,0.33545370370082467,0.4190486965915801,0.4978689681491418,0.33372863759595855,0.348509406687503,0.33544841530092123,0.32048568799482974,0.30987185916646415,0.3919404855997229,0.40102047292995036,0.33708803368051793,0.34800791742874565,0.515334233230964,0.42016535596758586,0.48787553958561963,0.3850130695630598,0.2910974343984334,0.4285088324697592,0.33493706329367134,0.37769528653467843,0.40664591442348064,0.46034636421450714,0.42185554519911916,0.4553419698394243,0.32738972396053867,0.45924895742315314,0.44897803734857095,0.43027690132865415,0.3912008468857753,0.38269549684221077,0.3014856405851478,0.3622375235358617,0.39888258516528585,0.33869301431645554,0.4559616721211778,0.3524760497351324,0.3319715915282175,0.45570729522375925,0.30804915199149047,0.29888297725364865,0.372070523158886,0.32911940355339675,0.3705998339216146,0.4278377096461504,0.3745598004098666,0.3624893274532779,0.3275701726223163,0.3546554920561529,0.4750847616628773,0.4183729828539065,0.354803053776812,0.37813439177868624,0.3488948108562045,0.4247515126487209,0.29100165725184596,0.36118241352092484,0.305134945819199,0.26149535096291837,0.3155284187781903,0.4141628062361442,0.3213119711260374,0.3245498760199997,0.4029952169784382,0.401303191489364,0.35056135399735655,0.33616941148975554,0.4277082586614405,0.3287234665815535,0.4283337446448651,0.39512421010893584,0.4249372681535281,0.4170201621616415,0.3574737414459627,0.361731405179998,0.2725473899054231,0.3745783032784817,0.32448140638518724,0.40525641168354387,0.3723745594090133,0.31978903519229435,0.3317365021323236,0.347847651663869,0.44930027133791967,0.3918899911594468,0.35437650057034564,0.32459569518948717,0.42860452507885416,0.43433817533165825,0.4201226723213073,0.4615836556177958,0.3507011090565963,0.2959529070068814,0.4003822510604069,0.3679629507784194,0.36702107719379473,0.44925892943191587,0.31021926736135125,0.3288527660190713,0.37870163368515564,0.25995413401363543,0.3742392814896289,0.42143128549732206,0.3163873125560964,0.36583254800203996,0.2704472761076526,0.36599505563398166,0.36093541908240007,0.43159996045311383,0.295989814213791,0.31041686565717114,0.2904772492876156,0.3416600382432868,0.3975862756575839,0.3263312828856938,0.3510263415859044,0.44951833018295734,0.4045731745782132,0.3725586376392221,0.32314265119204066,0.3861626604713466,0.38129809684639504,0.3420850239029766,0.43618839341188653,0.32320702711571075,0.3298355315823276,0.2860564984652245,0.41570578060408425,0.25576578668450106,0.45970932817759813,0.2931786500090303,0.41586165892593,0.28756636148659526,0.39141518684457943,0.4360651985293391,0.3554893616099101,0.3637501596769983,0.3666124321857046,0.33820328961700175,0.3101000928151246,0.3871759204418571,0.26154950933138554,0.4701122410023865
0.35877759570245177,0.0,0.3673274698887459,0.3680760313098867,0.327509022452877,0.43249611100080504,0.3398788207531574,0.36744147890908485,0.38414464102251733,0.4250625500831978,0.3790423055614248,0.40166017665465875,0.3195218972744761,0.36913796416054934,0.3844268777151299,0.32207075370707394,0.33437648204405984,0.35946615987595903,0.34137500264342374,0.3438052271019144,0.3817246295394078,0.457698069029012,0.3057076742830421,0.40218808363033987,0.39429975132939116,0.2656322237382115,0.31350898563798585,0.3215225998285611,0.4782372333276666,0.3241877078481426,0.3991393581200472,0.3098130842069181,0.43082599762293944,0.2756534623000941,0.3351684814186109,0.31987420444597536,0.3395181590148193,0.3487497454643105,0.3300602021026597,0.36394926622858087,0.3738187020932673,0.4491852459507401,0.2599719411389524,0.3438923627470748,0.33919742151483967,0.332887362182796,0.29601659395856667,0.2917781909005277,0.32574577297757074,0.2971141455125973,0.3436201911551502,0.3402700015910828,0.4125757925050026,0.41072100748404483,0.3274892826129059,0.41563401815367046,0.3777449150442636,0.35037165372531914,0.32160672829456505,0.36986802777095396,0.35750070329345873,0.2736493488255758,0.31550340543495736,0.2589144244107891,0.33572473291219046,0.32686677048891943,0.34503414450397313,0.3257652112706063,0.26071363882636095,0.37966010100133024,0.36907672373162725,0.3261963654386326,0.2858480051406249,0.33539171047537314,0.38578739898805897,0.3669297947650333,0.2839986747484521,0.39878813367751215,0.28617556707251307,0.29898356559977257,0.37621512478850644,0.3718059098191773,0.4506483758316093,0.2948572653773767,0.3259374551170837,0.41641910141849214,0.315970252621079,0.2651837548250137,0.3224941033300193,0.42068573069448734,0.32150687466774897,0.3762390355964153,0.3463520735830099,0.3954387562571474,0.38874691932279887,0.4469141112508652,0.33065007776003286,0.3407701266963294,0.29743147877006365,0.3236233500232806,0.36738656262058667,0.26634442126308944,0.25379818807428994,0.3602051720755946,0.32029772531978995,0.29599261961457285,0.28612423309870083,0.38395758417430664,0.36027786641014514,0.4466354961281155,0.35088496535493563,0.3002489520727863,0.3098213838764982,0.3327128495749127,0.3524508906665196,0.4528685079711441,0.36641987962691186,0.2774195700162704,0.2842746800011735,0.36016096520424107,0.33978341382973865,0.2983383031807922,0.31251441674409747,0.5002208587505476,0.343140228608845,0.4255011156656545,0.28614342114609564,0.37269657883820484,0.34192972002204225,0.32185788563615003,0.38374534598773147,0.36561607129742374,0.2991618178691376,0.4071563498513732,0.34626490911823693,0.33991494996215443,0.30441439022099165,0.3189972839326954,0.3092155338956407,0.33770564179368173,0.3752391690461643,0.3820706808909378,0.4395307564946624,0.32971210958855285,0.3932627906274353,0.24822664894791954,0.4055039009847556,0.360377195089592,0.3961645598068613,0.2749609638031719,0.34376335803854885,0.38927741558703693,0.3397552717825055,0.3132048316825663,0.3780469258486527,0.4332425963285241,0.391273363555093,0.42663522184438024,0.3517800024377484,0.2875495981941645,0.34788200201346325,0.4057964169815617,0.33790956670246025,0.41715165047237274
0.3798931257598558,0.3673274698887459,0.0,0.40254839259877695,0.33154220265311846,0.41356542122162,0.2950293503024344,0.38317235152647533,0.30139608865294876,0.4388459502961891,0.3784439486336244,0.34791838666056185,0.46808513910929833,0.3221918884747661,0.33478232490040716,0.44272903250211887,0.41889214081600196,0.3902686546658527,0.2867646768992037,0.30753219828297035,0.4254081805532023,0.4278982905550356,0.300622075093365,0.32385245525275275,0.37131428846470865,0.37487850079154716,0.3697028259091095,0.3349171573513361,0.29924401597144024,0.29964569563321947,0.3170101345037887,0.43658611006386183,0.3449110506635872,0.33187327357779456,0.31385079412927175,0.3862609498966558,0.4043374806973021,0.3371113253586631,0.27940927248818587,0.40251807406092516,0.3154420343388976,0.4431029796440072,0.3181077854590663,0.34316824984177907,0.4139716536782227,0.4113913606823047,0.3214696724515787,0.33944032250596995,0.3342029992884817,0.35691635816422973,0.4008586704452271,0.4110188063331492,0.2819119960018449,0.39715573843747,0.37175861125726656,0.35019562752338795,0.3471961007161891,0.382696577208508,0.3084797898044021,0.4087347264180144,0.34436343137917524,0.34073820310244546,0.39747437858509055,0.276356169909426,0.32092352286152404,0.41437810512203244,0.38633351149389916,0.3661466629310589,0.3306561867663072,0.36129862268338236,0.42482907060474356,0.31334943736668214,0.3513388811199842,0.5240287819531695,0.4312600147381593,0.31976154815019714,0.37454106351004685,0.3861553382565159,0.2815880970602074,0.2547482998147038,0.33954856507885817,0.3783574559484958,0.3204780498715048,0.3274870533756364,0.3709285934511555,0.389738833686568,0.32462008357659594,0.284912406985825,0.3987132707249326,0.3142888948265724,0.3965535101721777,0.3312747440238809,0.3365901568883823,0.31706110359220396,0.36494953538999053,0.3261394079400662,0.28992054541930423,0.3865218272862492,0.28382002610447077,0.43032009515935327,0.2724861078953843,0.3506291726430342,0.29312599878733003,0.3120195715439264,0.39206818275580196,0.4557298110434134,0.40753294720704175,0.3131455980144153,0.39670751402561927,0.3877670120631923,0.37983476325000315,0.3394613770519058,0.3695372165846027,0.3185612445778776,0.34120684254795947,0.4121279656992389,0.3134133215601306,0.3290368940018017,0.34780197848009275,0.3732526190466517,0.32820211951163175,0.29602523562184796,0.3053033749706021,0.38542534607207746,0.24238539688509714,0.3702369600998082,0.32930585863309225,0.3928783302289298,0.38798632271556777,0.3702690762003377,0.3357221580640738,0.4621723699848239,0.2730465041900674,0.2898493104590013,0.3217525744085993,0.2619036715122807,0.24729158151032368,0.3264500051042259,0.3278531614517501,0.30503943610930034,0.2872137418417395,0.37869708504293303,0.3797410959661932,0.35734869068671576,0.3568131752673119,0.2628195990725675,0.35027843164572564,0.32282448895156485,0.36372037096904986,0.2721090711387626,0.3005785428877137,0.2552607025836593,0.32200321086517514,0.35308334388599666,0.3670241636964547,0.3530640014406172,0.3519127709642663,0.4310046696653247,0.2610031621027718,0.35348898812781393,0.3716385573057477,0.27981195398578285,0.28962723754353376,0.33984732128453476
0.3340559716193763,0.3680760313098867,0.40254839259877695,0.0,0.31224199633299154,0.37859350859023555,0.31292428007958556,0.33714328225182016,0.29143470301553015,0.3698077484846651,0.38822198925461454,0.3389100907223554,0.3603455364050067,0.34654812449521616,0.38287330482512827,0.36914264703557137,0.39282141973535895,0.3734635780079614,0.3220643247161093,0.299322097649333,0.41424128612719724,0.3796093085711059,0.2893683595058078,0.2971142947609308,0.35341927650209737,0.3362132509970042,0.38248040074480605,0.33325259057095347,0.35160681501278096,0.26892858218462523,0.3338496622410551,0.36903659195314337,0.4827489693902503,0.31094462301377873,0.31734092400550634,0.38407240649866287,0.3402711479215303,0.3505239947241607,0.3324767473864216,0.37809630227313623,0.34473996191533834,0.37147547464040176,0.31040752153614143,0.3688220150994918,0.34447884946941265,0.4056547140155606,0.24557992987164648,0.32585127818916415,0.3098530561136456,0.3471700070288145,0.45698271544371255,0.3978445647808329,0.3590285964242054,0.5232476911501804,0.41745239646972504,0.3169979830253059,0.3953216757926588,0.37297214535456624,0.3234685158824568,0.4351067234753802,0.4135047874940332,0.3599637451872059,0.3964359721782971,0.26282626036299267,0.3709131630344994,0.41653359407143675,0.41911975484522634,0.2952832493805004,0.316204134272788,0.34839085175723516,0.37172374117769985,0.3265720997303021,0.3342886084209527,0.47538457203667467,0.41672202791781804,0.33288234067824757,0.392258022299405,0.40809090071113796,0.3013818473371387,0.26741757440725955,0.3307223372034263,0.42545815029495526,0.2950340683032103,0.31388205354232335,0.41765629175951413,0.31978395427548606,0.3478779494495935,0.3337541908966318,0.38181391849430146,0.30763863186758544,0.38229273083217763,0.35037997164085133,0.38943316435555997,0.35645052537684074,0.4011589260749604,0.32341503125989246,0.32509933840422056,0.33363758333819693,0.30358983530886563,0.3814765513308639,0.3293217400971512,0.3745504963897093,0.3281731092727065,0.3041513115907211,0.4073959721626911,0.34829731570109956,0.40943307665902395,0.27840764753536695,0.3718154366993959,0.3299839576315372,0.38952495956957234,0.3439894818662254,0.39132191520997117,0.3917687986996455,0.37978169523340227,0.3447230964313013,0.33389558445633305,0.2953294906192218,0.31936786194071876,0.4126120462507793,0.3339566819279037,0.360790527832708,0.2976438233597855,0.39451170713144085,0.2679338396726872,0.3753669892172013,0.34831179967369347,0.3783907666446128,0.39504298307634456,0.38161892930718144,0.2921111578443859,0.4180856911926364,0.336375418509435,0.34137993567016234,0.3321831165458493,0.2752299249225617,0.2208358430841389,0.3347653165826342,0.3255987543326438,0.3357082411673745,0.38756543836376867,0.3886947309435498,0.42504178139043536,0.3789450031656297,0.35807831701451315,0.24311448499167318,0.3177091730409715,0.3314752450401682,0.30390084380459326,0.26312222020118325,0.34228152524680333,0.32591470258039584,0.36120587310202357,0.28483953687148106,0.3617365251415966,0.3609053901032915,0.3280516024661004,0.3542892446436575,0.3666339249830689,0.3658084738308497,0.3721097770236229,0.31122345370138643,0.326448079380994,0.33597240657193606
0.3729792901370312,0.327509022452877,0.33154220265311846,0.31224199633299154,0.0,0.2737871485309518,0.36168331512301144,0.25904066010177,0.30635914766866756,0.3553791063847875,0.3184238661380333,0.28781851760194227,0.2952340981956243,0.3318260562970555,0.4040068756644397,0.30831768918048735,0.3115849733970874,0.39493891065689085,0.2604277414897623,0.29887289587974336,0.3370609284322066,0.36110626641228866,0.31895088108021963,0.3191471223010822,0.31529211875833835,0.28733814005291247,0.3079551600154464,0.24817770282177057,0.3114287289498401,0.2945543645744796,0.37505393337827075,0.3043037650302972,0.3248430845237926,0.2635573515458035,0.4495430110593192,0.3936177280076074,0.33584097062642826,0.3089858964986029,0.3193760356834331,0.3445086354430974,0.33045515560003486,0.36315721730340494,0.33607440993867604,0.41691256487615835,0.2955045194156274,0.3282051114543092,0.32481382951202126,0.3587014566135926,0.3657947408235517,0.37045575526862096,0.3642874928165579,0.3071901099065489,0.3136058580633968,0.3345895901621424,0.36601747813080276,0.29843260354827406,0.30750041003603884,0.31763599748235993,0.30861846065351145,0.363626816052418,0.24577148648024205,0.30420627606361034,0.28794381814422704,0.3217709593865516,0.3991505224542275,0.2825569580353782,0.3013620544028812,0.3098219444218882,0.2773744044075308,0.29157515112320265,0.3871389180447985,0.3898479425180222,0.2661949798969658,0.31148792597776875,0.2732976279249864,0.3200322717871225,0.278439282392639,0.45533620385063,0.25090776902238643,0.2449674727713439,0.2936582598602728,0.3809016764946283,0.30857153866880005,0.23589997383454217,0.3206841191574828,0.28447923165258404,0.2770093805541572,0.31612176077072224,0.29734321260715096,0.2680822865080962,0.445954130408079,0.42596279707108636,0.4535349804529785,0.2847526382930384,0.3623172284478618,0.31180369008212033,0.24390866482927576,0.3003490115720892,0.3707420567147925,0.29552860319589225,0.32156851629879607,0.2784966743303722,0.29731311957706696,0.30257972515708403,0.34951010642417074,0.30918129573699055,0.28461499740689156,0.2693289934288298,0.41054578186439333,0.3122500682011959,0.32841076176437894,0.3842526132565864,0.2808715454177421,0.2910310889414022,0.30019256878758094,0.2873890046744008,0.2793424089543461,0.36547703014450755,0.25854033053132747,0.3381014793531154,0.4674159678041659,0.26898481929014356,0.2719829878665501,0.3770109415527306,0.32272945288355964,0.311950296004027,0.28137025345796646,0.34710703182480246,0.29875228830736944,0.387115809521824,0.2816757908597422,0.2876722119146823,0.23908452448840015,0.3057490965503948,0.305823405179845,0.3509672056716562,0.25706160629233415,0.46885500218728016,0.3141973994896633,0.34777280798706,0.27952033715175373,0.3774144129262534,0.3924060686492503,0.3493925166965276,0.3582430335564573,0.26702167168583785,0.3405925848511151,0.2998237387979412,0.3144056091884781,0.23926210409807178,0.30182354546563883,0.2917251589318164,0.3345191755255504,0.3254591458166218,0.3078864896783539,0.33198588415298946,0.257646991945665,0.31365324537528744,0.3347819010522405,0.2963574327788718,0.3032824283652084,0.3114680648991863,0.2874329985228238,0.37160967448886023
0.33836611853414955,0.43249611100080504,0.41356542122162,0.37859350859023555,0.2737871485309518,0.0,0.2700810851916443,0.36839747638812775,0.33852964251892187,0.3681355700534393,0.38145440600728325,0.3647544382253428,0.3865139894555981,0.2792015748975743,0.349698842002241,0.3674920621184829,0.3368959096484775,0.29097939790022925,0.3077316297502908,0.31346606198220456,0.36304583053054057,0.39715895887900193,0.2379737092076688,0.3117016743018262,0.364876488881921,0.2697207904434713,0.2986970710455803,0.3292343482400595,0.33514209228058894,0.29396177415702907,0.3524748693093978,0.34431221939639167,0.40045470922281506,0.26972741165671144,0.2768777117358433,0.2856961402842424,0.3505087383685005,0.30821495452996367,0.3018861591975578,0.2895761181236237,0.2990364647228611,0.39250666416948976,0.2587635683148678,0.335072037224858,0.30019782436404246,0.3191137047676117,0.24304665987427715,0.30682988319057786,0.25510080715445793,0.2778453392773521,0.3293895428807933,0.34262008401787103,0.3032868447250744,0.3740653225401157,0.29885297981004594,0.3923117333937756,0.33084225069659834,0.4002232111775762,0.2445679220481414,0.30584939227675756,0.44563178839759404,0.3026520254330894,0.34311508514707684,0.21327477956079335,0.2875754118102214,0.33309542813580406,0.3610561564454065,0.3348047719475579,0.2458515505083612,0.3675592897756183,0.3631192358014016,0.2524235349927349,0.29900739621948946,0.3507471259266413,0.4419179333651182,0.3072418910839272,0.3137945623725186,0.32807511773441717,0.26797831454679755,0.33746463648093106,0.42129975901138433,0.3538593566198593,0.35175653401074153,0.3346440357911415,0.3139313006690388,0.3427918198079034,0.3721982226780639,0.2514554151369299,0.3609059999858187,0.36361381117096137,0.30730705625764176,0.32332592859423515,0.29932697869121083,0.329478077075341,0.3063233250546436,0.4096672936547934,0.3176162945072333,0.32302768163486795,0.24735779773607885,0.3273265725777098,0.3132849962888609,0.28297660384988854,0.25160002934956804,0.300980537917009,0.31047331947774826,0.33825014238848083,0.3391346856845977,0.3426152490409606,0.2901410125723054,0.36483697461591647,0.32223239966393247,0.26566856692504637,0.3906649696125456,0.3664911236297203,0.3118521778824017,0.39879636957330816,0.33362657837432347,0.25410406356839743,0.31674575711977493,0.35476503529339243,0.2836174556313316,0.32912028941745336,0.2899147152652746,0.4281747512786095,0.29806171923803054,0.3845565394911808,0.30457515875565405,0.3240100208311929,0.31720142950808683,0.27711924927002,0.3561690890254434,0.49643780156592576,0.3221401235997385,0.3386178656582021,0.3499339127546767,0.2878538556225983,0.26190536832529,0.25678628952813076,0.26297003631373644,0.3080782883086527,0.35310007885331135,0.34214782835446367,0.33089967232660256,0.30176979564358675,0.3485160508714409,0.22695124830244462,0.3706172517844003,0.37635933192022947,0.3247914122702938,0.2719649397954026,0.32752646688758513,0.2964277837295191,0.2880064274682965,0.26065010544085065,0.38306202436486236,0.4164500311656893,0.38148018873948514,0.48350360321052543,0.29586353744138555,0.3114171225282506,0.32115660927232975,0.3275156596515273,0.3097350659519861,0.35788023064577396
0.32781814072698695,0.3398788207531574,0.2950293503024344,0.31292428007958556,0.36168331512301144,0.2700810851916443,0.0,0.24055135916580964,0.28567060269395844,0.3417357866965829,0.2959812471936103,0.2960804595223252,0.3043096364903384,0.39697174509291994,0.3545587571744255,0.2681377396757656,0.2765843672792658,0.3471843799890439,0.2627089396532816,0.2542948664792308,0.28470235719911663,0.35186715203050684,0.3497867031875416,0.2986204600928533,0.309451334331145,0.2846550883370415,0.30077648639912685,0.2459043562393788,0.32845205125495214,0.2749193701061548,0.3044187935204765,0.3470130271563298,0.3403966787846647,0.28200376347007633,0.30814744698782864,0.324011023729584,0.3206607224598935,0.26658741504697525,0.2729784311963044,0.36713496024219067,0.29037333768301954,0.3409296144884636,0.28905239111740466,0.3158401678172054,0.3052756510149993,0.298771839755097,0.3631960936438137,0.2755421122696137,0.4272454178946016,0.3050928636376819,0.37239247403600145,0.27126307041238223,0.3035869863978657,0.3288054301359509,0.36805087035226325,0.307178783769594,0.2841644879324142,0.27235533310366583,0.39273909709543886,0.32007071959080213,0.2385903784252785,0.31207034110776327,0.2505292118790225,0.3293900120240874,0.31336961850729084,0.2570418598807295,0.35117416642152544,0.37198213714361944,0.3063407943775103,0.25954685292141016,0.3429841202548442,0.31082965803399465,0.2909450997044842,0.3347423350410452,0.2391407545373778,0.31613888302507054,0.3497427534420404,0.3886302407382886,0.22481718363081438,0.23692406929650084,0.26088563119101116,0.34033087150204755,0.3044368915444253,0.21272156302143586,0.2780185751781343,0.2650382406144288,0.24533334324804773,0.3655693354652905,0.2888095709759062,0.27187510421443273,0.37354869577939764,0.47685993335383503,0.3588944796217563,0.27896549571022544,0.3563203838226297,0.3310566675766582,0.23540024922585748,0.2982793466032674,0.3506181581864664,0.34231428855746193,0.3018535746943411,0.27372524489724315,0.3273519047595286,0.28216633429528,0.2961921050424468,0.276510036336468,0.25019537514331525,0.2567892306505132,0.3696194017997451,0.3019132079941194,0.3603594999972299,0.31130751810953583,0.3035705411473455,0.2588764546249318,0.2695287963476322,0.2759942861702068,0.27177391839727055,0.3377009624950213,0.28054350828939933,0.30212438579410505,0.30648368128580783,0.24160537379061853,0.25081613524829915,0.3547687126414328,0.27267588850914476,0.3064409359712852,0.31094900375232754,0.3307131836701929,0.2677745870731025,0.32367514190524366,0.25796597949749484,0.24558211167389463,0.23088899691842069,0.2773768701068109,0.23981606006206646,0.2815371135161527,0.23863970904102816,0.3324134664373006,0.284923648828531,0.2914904956431199,0.2910426430128164,0.33974832144204065,0.39908389539984146,0.31626466136889025,0.30515016700674163,0.3183406898117958,0.2937981787976541,0.29344087975669253,0.28600835664555646,0.2178805522890162,0.2617926016387962,0.30951931844752684,0.28671444181290384,0.38328478035587893,0.28538460603460236,0.30692496318350754,0.2755375296900816,0.29126550644343874,0.34439214780497013,0.342014771676058,0.2873847083687092,0.29067839945472856,0.27309703224811144,0.3002745193062194
0.3198755099753882,0.36744147890908485,0.38317235152647533,0.33714328225182016,0.25904066010177,0.36839747638812775,0.24055135916580964,0.0,0.343047122986745,0.3451565377266011,0.347286681598311,0.3877892544811252,0.3625734850740536,0.25816230777131777,0.3115798436601638,0.38113519881811997,0.3327593444437245,0.3253188516411458,0.3169964499603265,0.29696280798861063,0.35428495873461063,0.3079736335107206,0.2645474835931239,0.29258357226118586,0.354720244627802,0.28672513880562955,0.3605145833703869,0.31746998813664357,0.28478510260989226,0.3216667775142828,0.3855265797320342,0.32526174960828763,0.3420062566307425,0.2814494587495615,0.2802830345515513,0.3173728164713223,0.33614926694859243,0.3853718391562126,0.30444179732371635,0.311243647711902,0.3223733224499986,0.34121279421336614,0.2932217078904729,0.2865229472894558,0.37188682702561926,0.35562846042292956,0.25991982881651365,0.2848741458807904,0.27571721871180355,0.2869957512273342,0.30250421133925653,0.30892974704753845,0.2755539255833591,0.29998069815171163,0.3015392618004559,0.31742638511974675,0.33437219772936716,0.4842790764942286,0.2588778978432285,0.33097877070320236,0.3948011818019942,0.2708095421854178,0.36045838636021504,0.23695054571102697,0.26041646999990214,0.32429896030729466,0.3045945212029372,0.27632221438323445,0.2828457427744723,0.544243602794103,0.31183665155053203,0.2808031424742484,0.27938429974636425,0.35177639763635543,0.47644795609923335,0.292828494309749,0.3162652729849275,0.30089573751417215,0.34926257300475627,0.25129254666223566,0.3283551521355766,0.308612129933863,0.3355458886875903,0.37495437345614774,0.341610938385702,0.4293766244279903,0.4262503784755882,0.25138678392143965,0.40056074369209155,0.3476170056811344,0.30411479702442923,0.28611218849394965,0.28804676372527355,0.30701367256745127,0.29482392265212143,0.32770852354680774,0.317084686690763,0.33152246686098025,0.23659875573467187,0.34662574755753206,0.27391479567690685,0.3740637859681081,0.26336483249698983,0.3416851068791844,0.35125629225342037,0.3608302431947823,0.3329477179476975,0.3504913106549943,0.3140665772711038,0.32233510988561537,0.28703347132536783,0.29040432004311556,0.2964191813949196,0.3653433558493054,0.34384441925173925,0.4180755277323948,0.3389610445790628,0.2681034170071661,0.2575002543524168,0.33015139138767086,0.2926225582439561,0.4210030572872183,0.262757962598134,0.358989638443131,0.24762268420243783,0.36697402102175763,0.25738446806591914,0.40794405903918735,0.3317152444661506,0.29114196416257887,0.3882816836076853,0.3808831069002821,0.33733498775033616,0.29450522377939164,0.32715050945743285,0.23962991264544758,0.2707886491418252,0.278974562609861,0.2940201733616746,0.3453592902839236,0.30165102800833415,0.28985097090966633,0.30345063879269174,0.2772366107416593,0.33360833281201335,0.24048838365512276,0.34997366601273977,0.3339162474210248,0.34184055894972903,0.2881389291379277,0.36391967651835316,0.28869399376178967,0.3073277754303856,0.2722297836552586,0.4368087729087819,0.3906016023562572,0.33409468995724234,0.4211373271800935,0.24335336995004167,0.2745300438461559,0.3007547984356529,0.3107255071991018,0.3107158549008648,0.3428231972878865
0.35202580847523574,0.38414464102251733,0.30139608865294876,0.29143470301553015,0.30635914766866756,0.33852964251892187,0.28567060269395844,0.343047122986745,0.0,0.3012722288816422,0.30932198478601763,0.36365807871223793,0.2760075797085197,0.3060426497672508,0.3770078622123313,0.29411655560794575,0.2592212257548611,0.3302355543331571,0.3004205153646609,0.3200124894880264,0.301353746723427,0.42771667685838805,0.23726584906319498,0.3013775348289346,0.31674565062789356,0.24668631902611213,0.2990483951156384,0.2518386871855513,0.3077961152788226,0.36666662250655,0.46914143842625855,0.2927270676371879,0.3709398672518032,0.2362153517081723,0.3123010344647692,0.3093400496512589,0.30039875516903536,0.3942304176620597,0.3514153473375239,0.2673165329713059,0.31457510816052076,0.3437409186272808,0.2830583711995983,0.3286663874302501,0.29661525867873706,0.29541471963027616,0.2568710938479272,0.28852316672949585,0.2774552770490751,0.3002199829482287,0.2942198654719569,0.26967070983082375,0.32760844480950063,0.31578030571787913,0.3053135703075285,0.3625412557976922,0.32160631821370866,0.33512779056510866,0.2583299217747604,0.29028814826855465,0.2825013074054419,0.30070876482139697,0.283134859412837,0.2587484002942266,0.3231425319405254,0.27998991106667703,0.3080875332411184,0.33092662932045575,0.2531441947144219,0.3526747134372429,0.3868186976939596,0.31362502968065226,0.2592304035396657,0.2757743267367275,0.3512551980718729,0.3014308909099973,0.25190722582647557,0.2948538206239623,0.2954435425248729,0.26203368490977186,0.32466655747726736,0.4282681498956609,0.477086338565585,0.28865828005594574,0.2931009508076247,0.3958978951679195,0.30393009476296284,0.2869550815945546,0.31156569800983885,0.4961021784522299,0.30974274574635857,0.3787951348289766,0.32893321684030496,0.29879349766497165,0.3416693378381732,0.4387943923855297,0.355529870871641,0.28761095000651826,0.31907326453198537,0.2677338600127856,0.38180456586396044,0.25402512443962505,0.2583422351413686,0.32126982210851085,0.33918514253101845,0.28381156815354713,0.24872458546540377,0.28107797414854635,0.28090690842814525,0.28133067048836347,0.26607445706725846,0.3182233354752103,0.27960855056373507,0.3655531601192593,0.3108066098024209,0.31658519367825405,0.2909158635293949,0.2922880132999063,0.21319119599526548,0.32787983839633383,0.3347815621043958,0.3085004770762965,0.2500539669660192,0.38427304513109456,0.3813771472728344,0.35734282802547007,0.2535872210914095,0.3392428131043965,0.26320556641656484,0.3374692444178328,0.41685558332140066,0.3356591542506599,0.3029617688303917,0.44490131430971075,0.32912203850690014,0.3247591135205328,0.3164888633718516,0.2954902286950042,0.29540174075785813,0.395117088691483,0.36471671152500273,0.3235722188945016,0.3335906310010309,0.352110040127908,0.350529905565301,0.24559100422270852,0.5369317192956747,0.340077035070808,0.3185658309509067,0.2564723027404737,0.3643149705556073,0.3401263878469845,0.3085541287149735,0.27100743638036145,0.3521424822828576,0.4109009585278892,0.31072055149649674,0.34726856785531524,0.32757600563478073,0.2662126553758899,0.26846045103590216,0.361045369357689,0.347228476758137,0.3950877991696712
0.36842478555302766,0.4250625500831978,0.4388459502961891,0.3698077484846651,0.3553791063847875,0.3681355700534393,0.3417357866965829,0.3451565377266011,0.3012722288816422,0.0,0.3155937204071386,0.30573925845183353,0.40398502495494165,0.37824104754648913,0.3199646972046493,0.3690842487028696,0.38980880828474546,0.4144565038551989,0.2677472201119649,0.28756875152091055,0.34166327962778814,0.3418467241066128,0.363652780411744,0.3070854170664392,0.4318569236839329,0.3123553606544158,0.3912393542218797,0.3350142623958536,0.3820124476940987,0.3048036657566666,0.34963542199744324,0.38688625750774536,0.31037511374169624,0.31990543071935845,0.3474204693506696,0.32635003574179516,0.3934088806226427,0.31443174163779514,0.24877776088389275,0.3942746644284337,0.281484076386347,0.4883812196724268,0.29213861637552835,0.3229107779489569,0.3567783103765704,0.3626954600288756,0.3276122409263976,0.30084215479049575,0.38034735513018647,0.2866579493786034,0.343813983549359,0.3302796046611901,0.29902026680463767,0.3454140925230113,0.3602673714593378,0.437877837632224,0.3069203330469082,0.31881322215882074,0.3330049170288734,0.3632192351957005,0.32884985022693974,0.3140991681333896,0.2965972918317828,0.2783133670090617,0.31312769379529887,0.3303545788683836,0.35653551208794304,0.34157506707633345,0.30499119877425235,0.366912505772654,0.3446560289283978,0.3757455105071507,0.3029207354887962,0.38007302595436654,0.3507438718568649,0.3948815498500406,0.32450057702020524,0.4734570725515878,0.2592026786776922,0.30984438756539356,0.37291418371695134,0.3250303492859681,0.3617836431628356,0.3085028593664689,0.35662520749492505,0.3344670047082063,0.32673204852901927,0.3052448674765829,0.4419581154159898,0.31435623119844586,0.3533158737254155,0.3748609971302202,0.35308789202987984,0.30460156618368067,0.3794337454888851,0.3590076825428576,0.24704856540368228,0.40230724929608846,0.32050791232357617,0.41600441888088674,0.31794129859672954,0.31701773059826993,0.28933849293591496,0.3370580158861093,0.3337849066582792,0.36395743137018094,0.3422256975044776,0.4020448997782535,0.4014796196643877,0.38104330601294156,0.3333956567100214,0.3207944500849206,0.35834595615667775,0.36960410477582784,0.32008648213526825,0.40672475706114536,0.3612550110942635,0.33049155266434066,0.32397912354611347,0.4428074475386489,0.3119541247883799,0.30260754396000444,0.2969484884265821,0.40312345719340587,0.2725369699028137,0.37077875310844166,0.3215146034878394,0.36714905646570334,0.3822406370447782,0.36489186936954193,0.433831735395626,0.3450945607961009,0.296593002811076,0.27779122584055194,0.26688030054705464,0.27646702006851887,0.2734464686426388,0.35468655161784934,0.31808506438990536,0.30393229455918447,0.30555688604091846,0.4252480104442952,0.40954290798955834,0.3099984905146287,0.36071745603068767,0.28031507308049214,0.2842541129116121,0.38992987865880074,0.409568524548948,0.2823159676910806,0.2785353928941554,0.32678652996523155,0.28607054000559756,0.3562161269701412,0.3510790320179763,0.3519688385901662,0.297439429501781,0.45503885122844295,0.3239545859777171,0.3939355715415549,0.4786355168801666,0.34760201452971273,0.33635500824349857,0.3166298407272854
0.4341695327906571,0.3790423055614248,0.3784439486336244,0.38822198925461454,0.3184238661380333,0.38145440600728325,0.2959812471936103,0.347286681598311,0.30932198478601763,0.3155937204071386,0.0,0.4090459760566418,0.4151779640660727,0.3172548431487055,0.3700579153627178,0.43887058080256314,0.3699495398431858,0.40584041111943325,0.361260507138844,0.38054250140352747,0.4240373860959044,0.39233787566544204,0.2876052973752791,0.3967655875656327,0.40846210748104084,0.35424032235259717,0.35110276278145464,0.3553741840560256,0.39192646706728224,0.3209785501864663,0.37723942289359597,0.3799863146828087,0.4075155502014626,0.29661061469760996,0.370246728592365,0.39861809139638754,0.46507461159457125,0.4142698363802547,0.3647648968552658,0.37263356153597993,0.3682505084724927,0.3266993125609013,0.3505609088527079,0.44915322401616825,0.36941084568546784,0.37811028429719407,0.25887067698955796,0.47337846076877266,0.3633480549239809,0.34367197988583703,0.4153429060477143,0.3577677104098542,0.322631226098298,0.43262553892615857,0.45749076644682835,0.29758077744518685,0.4655363615481062,0.42160789363304696,0.319317863088503,0.41874843098756487,0.4000839059791059,0.2824765511777394,0.4092360022644919,0.2715374049230795,0.30275433121315476,0.3759156482579856,0.3747977811061623,0.33346018820543194,0.3155596053790928,0.38687476212450234,0.41077177568243434,0.3394279048065621,0.3305381710731613,0.4046136805130506,0.41173334050357796,0.3946753659991826,0.3531297156561929,0.3573352337805033,0.3278250470157343,0.2882614970419828,0.3450625418048094,0.3441760774595833,0.32494248879392496,0.3642367717937478,0.3543093598501817,0.3703374412770842,0.40017983248583433,0.3045437201408348,0.3638568657870837,0.33106640649638863,0.4175896045553566,0.3020436943494027,0.4185815460082472,0.45795417825909607,0.3341535528298445,0.37396399338406844,0.3190126777481398,0.2940319520352651,0.2738741325194457,0.3354039386655123,0.38846392069027924,0.3383720743772231,0.2953685714473875,0.31695520313690645,0.41885087480075706,0.32511296681315816,0.33769286662937015,0.30249933544116364,0.3586015561588408,0.3977734271627722,0.43556555951915243,0.35132131328956057,0.34213049513680327,0.3295635584193129,0.42454560002782404,0.3603610644802198,0.3518297991099169,0.3499068878911675,0.3024151859498177,0.3275883302589825,0.3927684468949254,0.298737924407358,0.32926243743136696,0.4579446720216716,0.3053601503162998,0.4691871528585182,0.25276637968775373,0.4001127613771142,0.3590395931148673,0.36074786458927544,0.28006717427450706,0.3969133745601212,0.363729616091995,0.3501676211839018,0.4718578989539778,0.3193685345152277,0.2998170048889489,0.34614773574304214,0.3467601250819103,0.383623066862537,0.3911766787579008,0.362708441018112,0.3235496991286533,0.3291633225933827,0.515626350521281,0.24885738696986437,0.32940653067040915,0.30523790380343196,0.3476351807933949,0.2655343284111944,0.5002305428302062,0.31128084632434594,0.42708877259909467,0.26700420395361174,0.36398463626750405,0.4687239481971606,0.4104929981033864,0.38784230549682663,0.364533266694564,0.321299359307282,0.31302762691676184,0.39931954006596326,0.2747037581043726,0.48768258516578467
0.36876291762127844,0.40166017665465875,0.34791838666056185,0.3389100907223554,0.28781851760194227,0.3647544382253428,0.2960804595223252,0.3877892544811252,0.36365807871223793,0.30573925845183353,0.4090459760566418,0.0,0.30835846681948786,0.24598222471908876,0.3443243160558718,0.3654080299601376,0.3417835145664784,0.35456484823817175,0.48031614021091357,0.3435859008885224,0.41982628879601647,0.34741401404956385,0.30338772399685365,0.3870780568118464,0.41272391654780743,0.2806012517138131,0.3454501984962892,0.3180560556678338,0.32333195532451664,0.416308409180736,0.387640489985354,0.3226643675384729,0.3746756261466522,0.30599608669006945,0.3038178137051492,0.3326057933980749,0.3385076359951792,0.4120602090496748,0.36149878434150656,0.3364474235117508,0.3980857399888156,0.3330250702918112,0.3120776112219197,0.3319418316859584,0.3422439045442107,0.3795071689230543,0.3031658455377325,0.31256223505391645,0.32907444081662224,0.3258227257022984,0.35927692297419683,0.3548299780841484,0.2965999659509595,0.35618259579768335,0.3394374223508799,0.28695086778419576,0.4463609544095956,0.46621577700713696,0.2611760065513877,0.37388061759890845,0.27897482830422043,0.2504647850383646,0.3616891494379673,0.25418032278268854,0.27886455691908835,0.3325657353759937,0.2710685844821632,0.27344406365011964,0.27532810591240053,0.3503242919291257,0.30987667686835907,0.277241440163172,0.2610788876709522,0.3309813947130144,0.3980755911255806,0.31176368585003783,0.2721660215288413,0.3251975318424738,0.3344447211393308,0.25306352205252153,0.30549385659255307,0.33523632265914943,0.3731800516559453,0.3071125416277664,0.33995785019050284,0.4571201064461211,0.28868111083330295,0.26230659683929847,0.3777792653748356,0.3549790686396538,0.3501857329397728,0.31364185791396537,0.3394911816967303,0.3717637206140729,0.2832294056867575,0.3791516629982293,0.2857668231532167,0.32772479753937994,0.24447311899795332,0.3089892919242894,0.28640428024335457,0.2845354194139434,0.29837789338771176,0.41449884529228076,0.3406394478045104,0.33492555780930994,0.3265006003381557,0.32206438941586046,0.332413070945616,0.39254993316352704,0.39992799202097395,0.3323618447280623,0.26049987607885944,0.3348645309042595,0.36465049421862206,0.422591437638013,0.3383907740663269,0.3354691534650624,0.27398790619160696,0.28644122723525495,0.3126634338572169,0.2831253413877895,0.2769517880576374,0.4058184072384687,0.2484571268032754,0.44807194224880414,0.24010777117330898,0.3858772204745186,0.3242642138845893,0.2907342818202695,0.33665064511305115,0.33868480523757205,0.28250079065800004,0.33721027088709815,0.34018801967247964,0.2480323142416976,0.3427151608645527,0.31052852435865025,0.31617311960212685,0.39572878376259496,0.29912423730065535,0.2915893347327567,0.3224302936868624,0.2951254999228256,0.3573846361882591,0.27263880625897224,0.43334852053186323,0.31853145308501335,0.364778139247465,0.2892790991918604,0.3898784466243334,0.3204767242410277,0.38950223408448054,0.275839280215782,0.49799770653188397,0.3474126296003844,0.38005039211598646,0.401574512321478,0.2655911792921184,0.26987556444866356,0.2540048126741796,0.33306658938188105,0.28166586216011724,0.40489025574412585
