0,1,2,3,4,5,6,7,8,9,10,11,12,13,14,15,16,17,18,19,20,21,22,23,24,25,26,27,28,29,30,31,32,33,34,35,36,37,38,39,40,41,42,43,44,45,46,47,48,49,50,51,52,53,54,55,56,57,58,59,60,61,62,63,64,65,66,67,68,69,70,71,72,73,74,75,76,77,78,79,80,81,82,83,84,85,86,87,88,89,90,91,92,93,94,95,96,97,98,99,100,101,102,103,104,105,106,107,108,109,110,111,112,113,114,115,116,117,118,119,120,121,122,123,124,125,126,127,128,129,130,131,132,133,134,135,136,137,138,139,140,141,142,143,144,145,146,147,148,149,150,151,152,153,154,155,156,157,158,159,160,161,162,163
0.0,0.5822753349685648,0.5921496562055676,0.5244056843355727,0.5517265819144296,0.5937931386816426,0.5077607133421166,0.5764756606887456,0.5675504823266876,0.6101548647167567,0.5516074097299365,0.5229756035818538,0.6950134461740411,0.5220786420684216,0.5729603166748717,0.656335630730663,0.6504445964904533,0.7087661158045749,0.5349107429460743,0.6773269053347002,0.5785538628259747,0.5475204314963981,0.5034880266814412,0.5122770568561005,0.642806767749067,0.4855316777619258,0.4778786450647291,0.5655739722822017,0.5231106014252223,0.5455241488565314,0.5928787742363675,0.6648053289018327,0.5411704177648015,0.4656071831471104,0.6465163831966136,0.530910545033057,0.5824397901143623,0.5882691144721176,0.4796546276378873,0.5678060469621007,0.554479032438586,0.5280014452523012,0.620269076681248,0.5904115793966153,0.5846948279857827,0.6328863469958721,0.5561717940328514,0.5838225476478083,0.5889704699165241,0.6555551967675007,0.6398419213563676,0.5952583236232041,0.48029681224265847,0.5115121928168134,0.5541273405103828,0.5327489215857982,0.6735381879790427,0.578645878575878,0.6018697842557862,0.6065331912027012,0.5351332654260997,0.48110650491246415,0.5968874811009781,0.486629298030175,0.5576619865598095,0.5699032073367071,0.5176771060194713,0.546019924241583,0.5568412528342084,0.5845759188397645,0.6233306833127525,0.5728588158701327,0.5367970481046558,0.6258005881245343,0.6159315638713427,0.5324931870205039,0.5087656467476228,0.5041254049959377,0.5369832610602155,0.5037472120406825,0.5486281950270723,0.5498462891870772,0.5738012615734854,0.5516728425484437,0.5913212477562715,0.6114801378511832,0.5241768047794644,0.5942283576375468,0.6267352905450676,0.4728293382131568,0.6204539571475621,0.5413188566807723,0.6631066035350176,0.5635067100382106,0.5649249987431424,0.5196106523265949,0.4488201288118309,0.5360021441797144,0.4476651570550119,0.602588581505125,0.4897354565277689,0.5081992754187378,0.5112244200772316,0.5574047942115113,0.6405065289701377,0.6269285503157378,0.583533317909139,0.5564889144546836,0.6089351618494699,0.5624869713084537,0.5093776840142133,0.5372188880441854,0.5971410295579388,0.5052725520019514,0.5844816800040213,0.6198557829887413,0.6193555384775775,0.591832702711613,0.5456258345722792,0.4721338142271543,0.5910601603147689,0.4924319943071201,0.5403389991363801,0.6312630845157546,0.5353887821652549,0.5766329980845188,0.5003871151257784,0.49609098016872183,0.5547400774552308,0.5652165271828462,0.5501577624802079,0.5781596070865392,0.5127449498828248,0.4819992219088934,0.5222982889677434,0.5349712534639348,0.5520060242579,0.5661763804223229,0.5281289941392265,0.5989210902886208,0.5268579194764059,0.5298337330920908,0.581849320900991,0.5027988809405359,0.5265757306264505,0.4932326566035761,0.5350131903902535,0.5307871973909218,0.6375380095787111,0.3932915232460496,0.5957820096532785,0.543251417750677,0.5072613403439791,0.5309865633583434,0.5742462622102581,0.5802300095282624,0.5463561672563948,0.5975317652065248,0.5329238400900271,0.5573807198219602,0.491978139538488,0.6001349329535854,0.47682004784395227,0.5750224190700418
0.5822753349685648,0.0,0.5931333455948101,0.5705044597969904,0.5212469393501972,0.6421803624305135,0.5066962319133609,0.5478564554753697,0.5625367337152158,0.5639427959343014,0.5170677859299843,0.5424087787115766,0.5779027427085152,0.52722444214711,0.5814678296744801,0.5416540811038667,0.5679998542708662,0.5242986303246138,0.5112800910057098,0.558687055791577,0.5729801630099037,0.5989671178040101,0.4467698950668545,0.5488439087065587,0.5280285441506745,0.4504038693946088,0.4541630369350901,0.49242203882349517,0.5542963599375059,0.47132490591969756,0.5671477839109349,0.5389533065733173,0.6458432154561983,0.4348974520296035,0.5803564932986942,0.5482694428443988,0.5036960091800331,0.5298079072928799,0.5299996544295135,0.5795889443921769,0.6344340831874579,0.5249789148384884,0.46407976576779164,0.5659846907792198,0.5417470554319402,0.5453338339669467,0.49082440028718144,0.5161361241629427,0.498398005421347,0.5784692730950728,0.5791887497988686,0.5770720245209583,0.5046974699183596,0.5911888319510636,0.5313686801971671,0.5702027688312944,0.5876434713969331,0.5317018194502812,0.5320024436192641,0.6230546210225572,0.5644442670368229,0.4708126980770546,0.5046619738869552,0.46492730357277584,0.5209451619600383,0.5020301966824173,0.5420725018791362,0.4836186194887008,0.43749889681640647,0.4902621034712831,0.5820778421564792,0.5158739532889657,0.49909377952728085,0.5845580329109757,0.584852890833501,0.46205148943333785,0.4886994251139786,0.5036395354851749,0.4676090468952287,0.490513725768509,0.5279864010743845,0.5786396284505572,0.5887366445652015,0.5023957392713186,0.5345577522499468,0.6157961995996594,0.4656163391390713,0.47926114244355744,0.5240912916964168,0.5541213697373387,0.5304952205665793,0.5777315722968961,0.5923633963124448,0.542217379477763,0.5828698629661012,0.5218742826238851,0.48789416239418143,0.5181473514679784,0.45034066000826045,0.5934800420201635,0.4991341173466323,0.4484005487121906,0.44779069535068283,0.493460367185768,0.5535920426467297,0.534122713649192,0.5449358236560631,0.4957841424645062,0.5774347431632232,0.5992585079791934,0.5093503953642186,0.4971859565213328,0.5677145652426189,0.4837367315381831,0.5153318612254273,0.6459675184151505,0.5237653214689169,0.4692344796701185,0.5205792664561724,0.47407950570807644,0.5826342509452405,0.46188021349485353,0.505406372286471,0.6209578131239115,0.5350646243721875,0.566670826745473,0.5244613671033244,0.5228994630614452,0.5465338551846939,0.5156522428019435,0.5326964292278195,0.5726678384987628,0.48604691949501777,0.5532439230806275,0.5415125337917552,0.5098584166434363,0.47923531261281965,0.5433172564859665,0.4767766926874421,0.5415403831582587,0.49518465202505396,0.518127158389003,0.6757772817761014,0.5238000457226449,0.5108934835676713,0.4236680791713505,0.6117285190608095,0.5321282296294927,0.5269796957224171,0.4053886444085636,0.5320271623006966,0.5165257812003147,0.5191637449586012,0.5518046851455906,0.5421123386676618,0.5503249411030854,0.5459738722213942,0.5960870973753546,0.5531738355927052,0.487261267757998,0.460328162276458,0.5443949373434507,0.47643463361287053,0.5619675626145468
0.5921496562055676,0.5931333455948101,0.0,0.5920756700325928,0.5572888076264784,0.5851286734707255,0.48180102731358554,0.5967029017901725,0.5522368440306942,0.5638149066639823,0.5584758953836348,0.5157236918140273,0.6027680603954694,0.4968977640030485,0.5525496712433691,0.5751389230680842,0.5972753449917511,0.565093050684195,0.4886022118329398,0.5611770534042683,0.6283564043101668,0.6839402672692063,0.4485998204669509,0.5276533411057134,0.5505833828876577,0.4929664979398193,0.4610872076781814,0.4972056060995519,0.485101613482121,0.4566358519144132,0.5152151325570371,0.5254993149582755,0.5631467880073654,0.4242845023298479,0.5486416222070117,0.5376912112692233,0.5206314333908507,0.5427812166529202,0.4861594763026541,0.5685574530112271,0.5661421106825731,0.5751331128788228,0.5120525290850763,0.5484977552644853,0.5605109386440632,0.5288112614539188,0.48112046711436335,0.5504146570642625,0.4964391498385487,0.5986670151893324,0.5878023260669709,0.5915108713067748,0.4466487167394575,0.5724738774428179,0.5128092752472351,0.5217527587869658,0.5679112521790695,0.5776228698669429,0.5604221991274624,0.5342678006780223,0.5712374641810616,0.44235668832998926,0.55791560031603,0.47428778644323055,0.5164399123611677,0.5105883103020658,0.556022426484914,0.5198445743071591,0.5191342710379971,0.5598132508230607,0.6149713244620919,0.48056540173438994,0.5639013289307491,0.6581787763079007,0.5990968481396657,0.4161910158334506,0.5112147769145733,0.4827285768740328,0.47496340244417123,0.4324747532693482,0.5107690587572814,0.6099292244905551,0.5292380833817192,0.503910197100711,0.5573999258755975,0.6112090742758877,0.5103677268275215,0.4952700652898969,0.4860935865206625,0.49830833543671105,0.5954643980228671,0.5170764121972,0.5375252373049876,0.4727015811564277,0.5970269470939333,0.5020910220720187,0.4695039197163467,0.5238460394877601,0.4269318701693918,0.554613980451781,0.44175311081137963,0.4988518127302396,0.4902682642281532,0.5174318102344558,0.5609874135143781,0.5571298637978811,0.5620274481041769,0.5285397129008834,0.5355578367516398,0.576554173794534,0.5085415080712028,0.5286656314428483,0.6026332412287596,0.49449122438507437,0.4903328477755788,0.6033096684136937,0.4813607883576914,0.4849123061262207,0.5973399228020371,0.46294769343748154,0.5563192892767466,0.48697413599039857,0.5072624728011991,0.5428011396790642,0.4926475160600487,0.509194115453273,0.5196343701517635,0.492123037867436,0.5376886116676463,0.5193312061764525,0.5129018779539066,0.6468928487037531,0.46578538508027745,0.5104917042799618,0.5721972539865329,0.4738624039515994,0.44514570884639404,0.5186740614778274,0.5259214184109752,0.522031735030198,0.48156756026504893,0.4932180497073293,0.5926983613504461,0.5558760603361382,0.5084157514055491,0.4622389317166381,0.594061591599413,0.47961883042084313,0.55451102524461,0.3865600006191959,0.5359785539310286,0.4578523072784285,0.5398657300148179,0.5740872442879551,0.5643465312058261,0.5731453435701535,0.5094363719605807,0.5810502880497479,0.4975234387866313,0.4671997152479645,0.45446766495347213,0.4911934535216743,0.47428363905458354,0.5772805321839786
0.5244056843355727,0.5705044597969904,0.5920756700325928,0.0,0.5593385608684297,0.5318275233775974,0.5500963869474292,0.5471625215686692,0.4962190860848319,0.5171550937104713,0.630771040711173,0.5674854137506743,0.5483888480073894,0.4878496579751681,0.5630818820972775,0.5446383211730826,0.5489248905523385,0.4911764782853235,0.5037228016778312,0.5056300702835538,0.6153539702082349,0.6176139161898624,0.47312158136222665,0.5762357079699157,0.5305561260841833,0.5136856166675422,0.47917172974565253,0.49824900486912405,0.5015230154283306,0.43487913318991994,0.524870609753424,0.5091128220475658,0.6019168449358107,0.45672328569953274,0.5378696629396594,0.5574635771105906,0.5309013694389935,0.5112103986165145,0.5966846412581222,0.6145108507849043,0.5608815211575423,0.5253750854935565,0.47402792952916273,0.5926886355489202,0.5539187565923269,0.4924345616450233,0.41619026225066413,0.5828449250018076,0.5301373654970115,0.5449568045979425,0.6219017704394681,0.5271620023017433,0.4189729424645349,0.6769961747644411,0.6085346994548169,0.48015976831764745,0.5569180569819063,0.5652794848242106,0.5387050180612184,0.542534457036439,0.6058826746232852,0.42325982466204676,0.48362421565814623,0.4596018744458908,0.47958042570843834,0.47328027807909095,0.6576226083440172,0.47166201691598064,0.4440312326569283,0.5184667419071781,0.5567817765322615,0.4746370181431528,0.5524065171925743,0.6783928551350991,0.519204145523039,0.40439716176624035,0.6293697369719558,0.5213058751676101,0.4469181953844179,0.4486171216368899,0.45664129069527676,0.6038087152584279,0.4974376615936822,0.4594321123898422,0.5626001856554793,0.5355476720742754,0.5177964712649173,0.4836677676325114,0.4619509378271427,0.5181900912772427,0.5745140419024042,0.5338127794830635,0.5550317282038821,0.47672385280647606,0.6169967712438406,0.49586833192127466,0.45676461296379617,0.48986908215614294,0.4315775782702023,0.5543324038971882,0.48511824104321627,0.5304511102387878,0.505246161650085,0.47429648558795046,0.5186286876047156,0.4939141854716559,0.5441918128632064,0.48302450976550637,0.5079655618694929,0.5936897422587831,0.6169321883829594,0.5476358783300632,0.5926307113138234,0.5103747986107993,0.4614008966147641,0.5510963359198562,0.4463122247127274,0.49406453915253856,0.571277135580888,0.4563511112168197,0.5764711580462603,0.48891700658464393,0.4888498287736096,0.5689370355047122,0.49293628143675666,0.5300403844163577,0.5117187078195002,0.528129412901424,0.5264561982208928,0.48612545168861476,0.4439978972431901,0.5603907100996778,0.5072738181050092,0.5565733640880013,0.6195147166664382,0.4403741314709123,0.412035541438758,0.5341274955959996,0.5138671097056656,0.5402330372512444,0.46425514233987775,0.49131468309636217,0.6278826359164841,0.5685891447636837,0.5428243341182691,0.44334532162546025,0.555729815546108,0.4606871533862927,0.48602019660983536,0.38021956561376524,0.5933388069592748,0.4415771340735585,0.5691050757115634,0.5189412393898554,0.5611098534543074,0.5834572660439147,0.5735116216105439,0.5779433155299498,0.5697524978645064,0.5112118616139406,0.41219925376411054,0.48134073855128295,0.4777926906475332,0.624485844450026
0.5517265819144296,0.5212469393501972,0.5572888076264784,0.5593385608684297,0.0,0.4854702709944425,0.5759597892425798,0.4922286931553394,0.5781763397254196,0.5711060866172191,0.6237319019047578,0.5348620788490334,0.5217112551687649,0.5194151125494152,0.5154438076255747,0.5641209346568571,0.5263070055837397,0.5212312077291882,0.4463803845760182,0.4973371665577902,0.5389247958919452,0.5794387292774758,0.5218730699309406,0.4927933440867069,0.5973549864051336,0.517781341719767,0.5320399568104571,0.4675615219600275,0.5348355291215678,0.5131492198918183,0.5358157882023311,0.5078416632073516,0.4915288251709167,0.43523946828300564,0.6001246204632628,0.5346967631337796,0.5773784267202798,0.5645055890284424,0.5042563560254797,0.5462115511909981,0.4948220361502668,0.6338625048086589,0.48793291720242976,0.6003086304360581,0.505573322484705,0.45158853504768576,0.4532278167742515,0.5991256965924565,0.5855102582490138,0.5147701449860977,0.5357988356594837,0.4734878652582498,0.3862633926920378,0.4897455988790596,0.5520705915347569,0.5411056360088454,0.501740834131559,0.5887183038036269,0.5368766009230475,0.47962796083284687,0.46051125818196637,0.4200396235740594,0.44414353999473594,0.5237295029609514,0.4498105658073865,0.42245777007593727,0.5725214075955561,0.5131820495352123,0.5100950672762338,0.5437091212475544,0.538601115858613,0.5166753779335568,0.5670174248310149,0.5503982301487957,0.48055434192579344,0.41022346462181497,0.5274490832999219,0.606068286996965,0.4261524946831431,0.4640761863081342,0.4512313391543972,0.544083147850817,0.536737760431078,0.4523799729241407,0.5640944515698212,0.529245670543842,0.5292959442350412,0.5189930337090456,0.45624364504301296,0.5166815757373863,0.7088281052471492,0.5589336000435468,0.5547066108046018,0.42142990806630437,0.6224876910507362,0.5569159905191385,0.3897641261714966,0.5149464679627657,0.4922819227280437,0.48452077989782866,0.5010087068379665,0.47705469844686593,0.5476982978827051,0.5275284216817621,0.5079616590181415,0.4798569635022548,0.45818243800037817,0.5405064543555163,0.4802070333579175,0.5520457448838341,0.5315432826189157,0.6120002035983659,0.5539383026402018,0.5942852045185344,0.43522498985199337,0.519486626233736,0.4460427013336299,0.5687656482830753,0.5301513815865083,0.5249991717028532,0.6483182232108288,0.49404046483668135,0.503209303005036,0.5342055936122413,0.5763441826982155,0.5024314089961062,0.48335378703583076,0.4920587190336084,0.49993382709581496,0.5044253607413185,0.5187036286402832,0.5234067853168749,0.5065860297501941,0.5426753731956889,0.521411446832165,0.4458105361621906,0.43503210237944384,0.5526524697569072,0.522079715886297,0.5570082572133125,0.45073741738732204,0.5499873756796152,0.5607815721275888,0.583672568946993,0.6070328626079333,0.5100863613472463,0.5573653765598973,0.4444405439448766,0.5500104101013275,0.4016964619180333,0.5484278245552372,0.4523335199527714,0.5023824976120249,0.5445499938933539,0.568151791612262,0.566628961792738,0.49416863820313983,0.5672184958894739,0.5579058904500434,0.5153223902471163,0.4176237075883794,0.541519386107844,0.5392356082773058,0.6817701752887377
0.5937931386816426,0.6421803624305135,0.5851286734707255,0.5318275233775974,0.4854702709944425,0.0,0.4555820840622931,0.6105078419575033,0.5888346810589754,0.5330359953386997,0.4997857454405814,0.5295929318908945,0.578607711459918,0.49608954325785437,0.5242893351931696,0.5578097737857588,0.5582856870544776,0.5107990888840229,0.5291114532653863,0.5593323859937945,0.5759649194989452,0.5486317986615737,0.41339127526347297,0.4727069857110611,0.526841838147047,0.4401158263383887,0.420791177729893,0.4798542587718033,0.4900762943231602,0.48122637124824835,0.5834947803031671,0.5912060043805291,0.571467581725126,0.42811435132283776,0.5456504780526559,0.5427913053374361,0.5051196696044435,0.5380504194013045,0.5164383240792664,0.48988431545509936,0.561076915199129,0.5202297248887562,0.49180538626222065,0.5528131692538242,0.5308614526259303,0.5430789253449773,0.4879409754017937,0.5176117077472095,0.46667710210850327,0.5978774777373818,0.5996893697361988,0.5913124464794186,0.5064312671557496,0.5650856299239889,0.5248351348635177,0.5635832240802754,0.6008184640093028,0.5754429348810121,0.5017931581209999,0.5936471658878544,0.6199756587194055,0.5192129445204702,0.576725646813195,0.450736174257819,0.5394817330308965,0.5451264877847161,0.5137503153928455,0.49282885789858955,0.4452800201385173,0.5270942603184252,0.6179867837549097,0.49504941296227145,0.5198690771819667,0.5778007144891492,0.6564810218353533,0.47143001320799693,0.49313270296609024,0.46804048787161046,0.48338532824260516,0.4996992943725841,0.5681438411004971,0.6045059552095342,0.5601866254646829,0.5290203029977854,0.560993622101672,0.5940679906479633,0.5218777889031715,0.49987810374625224,0.5475650350878345,0.51958003316528,0.5316295612214016,0.5756720671423404,0.5728240898454775,0.5531260377016464,0.5650195425766783,0.5111367999293575,0.5516007630220202,0.5202884068363046,0.4507581047473809,0.5750687257134584,0.477963097555925,0.49554531571780175,0.4608994153110168,0.48777181867786934,0.620907348717417,0.5435949808799735,0.5970247782009505,0.4766342382041243,0.5257951509177159,0.5393963899859756,0.4976027861179239,0.4990899878776449,0.6189082229903451,0.49534051843722543,0.5220596585867854,0.5758408166723888,0.5406273108613192,0.46334631761429446,0.5185270038655709,0.47573473849805814,0.5346355301173026,0.5042475919272497,0.5019921108769572,0.5949864616413034,0.5296768962484114,0.5465297933982053,0.5538828194356032,0.514533200678019,0.5320914502829863,0.4904139201561239,0.5477111677439523,0.6770913653086625,0.4994703716822362,0.5476215596095281,0.53236604500196,0.5044032491750431,0.4676341996590916,0.47983332103118853,0.4366239211149695,0.5520315682845454,0.49303759990790325,0.5343657974461165,0.6268476902749069,0.5444193708924114,0.4977463791390015,0.4239870727448137,0.6056543311060418,0.525666578580409,0.5248720295992414,0.41022296889237114,0.5549184971883375,0.5196040663869191,0.4951227372538724,0.4859031027071974,0.5393048611122505,0.5543728766576611,0.4934831782223193,0.5776356525803562,0.483302705963023,0.5015958222408332,0.4509701001938126,0.5494372205647837,0.479998853423037,0.5284753776758335
0.5077607133421166,0.5066962319133609,0.48180102731358554,0.5500963869474292,0.5759597892425798,0.4555820840622931,0.0,0.44986223756317273,0.4713902836927137,0.5762655786639493,0.5249368522384966,0.5048213034229383,0.5150568479626653,0.4893510974829343,0.5382859859561728,0.4965310912901644,0.4737655655708776,0.48458109572275054,0.43111481663535733,0.4506001823628563,0.4869170360148857,0.5018934787721456,0.5374074627156257,0.5092404181185284,0.5543995624747342,0.48656553794447965,0.49843626353524884,0.4476203041567138,0.5169965876348874,0.45849052546586805,0.5173012912465912,0.516292247567276,0.49729886558327874,0.4486433393007575,0.5203530672569656,0.48094480602931666,0.5674753304147834,0.46013196644877213,0.4871860484467808,0.5825365796050269,0.4589673636641706,0.5063773970049553,0.4624669022364946,0.555420610357738,0.49890008809039854,0.46451945208409856,0.44541324240791724,0.5429218018040872,0.6360161932986566,0.4711304223863244,0.5479233140625632,0.4388380255655711,0.38323505971906147,0.4860046091772625,0.5644921765700143,0.5013795846952381,0.4752733389653643,0.47682172520655774,0.5644659419430832,0.4823715604608311,0.4540995475359398,0.40805537796917496,0.4078499021020917,0.44807903018401546,0.4415474211162327,0.423166573021175,0.6078894919957549,0.5121430699463951,0.44044559087745677,0.46911215344507984,0.5031764189202608,0.4912793755587583,0.48524954508707413,0.5497254967582574,0.42445780962203283,0.43717338945262735,0.5758912206422431,0.6032414115128146,0.4026450738752357,0.4650690171803917,0.42485873018567677,0.49550590445765613,0.5169094192825673,0.4077521360218803,0.4932531394200955,0.4575448732490017,0.46837966648111423,0.5301082087312102,0.4679973835754113,0.49230568093392074,0.5442401921006208,0.5525321780135213,0.5372848482049876,0.4343208352087684,0.5427276858456208,0.5232717955910376,0.37332086426543454,0.4665355762830289,0.4368320704839687,0.5204348422276344,0.5022936919342982,0.4733949177840634,0.5160580450051496,0.47650993048152457,0.4562128318915834,0.45786978370553955,0.45251911785246707,0.46452705031952124,0.5058773075055067,0.5569932138908326,0.5521060157675719,0.5005238676150323,0.5291274283309503,0.4812585420989309,0.42104321729864197,0.47574242901421215,0.43728225273480154,0.5663332169954701,0.48063081423092613,0.4483825605739489,0.5304054544185285,0.44297159604359326,0.4488989429234212,0.5666676564840062,0.48520121780785164,0.5155629536643861,0.4602295689352639,0.49377575951741765,0.4617164392443493,0.4864564407566299,0.43964716892520544,0.44564610854408354,0.4745956018229031,0.4540637956125088,0.47477652056928066,0.429778221602445,0.4207837471916662,0.5428692994781366,0.4795430357525623,0.5171985989340713,0.44875289571856336,0.48707218042818257,0.5584418208601291,0.4811330033210548,0.5351565034809765,0.4879764270454524,0.4744205282006361,0.4590659158299734,0.48250882392485045,0.3493602767226811,0.5088791595952505,0.44084780379699706,0.4478079861465572,0.5683861254719753,0.5091789001119061,0.5409178754462782,0.5269542724953565,0.5567481018987213,0.5856436080931122,0.553854367227186,0.4194502846492258,0.48833181981608054,0.4772650078258345,0.5329215799822606
0.5764756606887456,0.5478564554753697,0.5967029017901725,0.5471625215686692,0.4922286931553394,0.6105078419575033,0.44986223756317273,0.0,0.5628537271652247,0.5245844846587153,0.5425482787462873,0.5555948213253613,0.6139570446113385,0.46527043848622884,0.545560283594024,0.612909639765937,0.5375653403106313,0.5179454574228942,0.49713721473304656,0.5560472143156058,0.5537651687746584,0.5397690091090426,0.44014150735470914,0.4917562390741958,0.5573104581851361,0.5011807262314831,0.46572816414558327,0.4899640112304314,0.47291413921355313,0.49056825107873564,0.6084275787434672,0.5422746245822714,0.5676576786772968,0.4472316011068261,0.5283711951235099,0.5296016757855404,0.571096894325964,0.5674241410463501,0.5340250888454913,0.5033395718014855,0.5429189604860257,0.48814750791519074,0.5424145024409538,0.5463459721533087,0.6153219606017055,0.5528510422830256,0.45917122887458983,0.5698345708608109,0.48173946825498365,0.5513372957778766,0.5622433804377933,0.5422642762144928,0.42009880846289677,0.5258018182304733,0.5387432969711161,0.5096845102419132,0.5598774271853068,0.6327788322743063,0.4695689884335999,0.5435470892673869,0.6203796551620194,0.46150482348109456,0.5561768760015352,0.44101680053808967,0.4703102835295145,0.5077691503995172,0.533080996268891,0.5067434921504601,0.4735949372145775,0.6417230137488974,0.6004059785536249,0.48182675306119704,0.4882884694474154,0.5811489145874952,0.5873606872600212,0.439287249793182,0.5218557143344378,0.4817792297622514,0.5388447509153184,0.45860593601499894,0.49557236951070677,0.5536058521167185,0.5513169906291419,0.5590713599411248,0.5354657348931976,0.6394569221055544,0.6079277055588789,0.4919852394037607,0.5415399831250569,0.5363436756380905,0.5450851381363594,0.5098925886170592,0.5349054716657976,0.48048771668663076,0.5096694992443851,0.5345241426026716,0.4806822804371985,0.5122828281312408,0.4175050329272636,0.545345687615977,0.47420516717425537,0.5783835464112359,0.48035275243440834,0.5208574170927099,0.5725356564619085,0.5882391070226268,0.5643424410046209,0.5041283410393704,0.5143842554415738,0.528401558572119,0.48655151823785686,0.5074094847657977,0.5573179422895235,0.5116789779800385,0.520166767692149,0.574423026157665,0.48314870204032967,0.4848960527926607,0.4952886934177052,0.4640075247507125,0.5288193806538896,0.5694407447145794,0.4816074989555192,0.570569666276021,0.4743473976065544,0.5792263291651505,0.474708830368539,0.5820749120352574,0.5263120756438483,0.5111415586010876,0.5156481920911,0.6029074893584714,0.5442507178214699,0.5037593340098698,0.5540836181119554,0.45334252561697497,0.48996439042353546,0.5074058434692086,0.5026385912691881,0.5904636802111521,0.4944957013310681,0.49031418482774347,0.526603574376868,0.5005414928983016,0.521005223373372,0.4454913415829919,0.5916210241781308,0.4975893597001123,0.5442629386475005,0.3914453278594413,0.6048647987555669,0.45932246700307394,0.4840553560728282,0.49771016950765995,0.5821161697619067,0.6292992531440293,0.5146873461845884,0.6170525705808422,0.480269329646843,0.4796949637030715,0.4308305920847889,0.4997231782069551,0.4692175704716352,0.5395258429181911
0.5675504823266876,0.5625367337152158,0.5522368440306942,0.4962190860848319,0.5781763397254196,0.5888346810589754,0.4713902836927137,0.5628537271652247,0.0,0.5467189996052543,0.5264270826018997,0.5207866780546834,0.5268369401178368,0.4937822799356959,0.5137830337479609,0.5462479290712121,0.4979900382341918,0.5072175245812497,0.45679154405435846,0.5005161087644663,0.5091464126627149,0.5692778699373386,0.4299333741149529,0.44586222964439987,0.5466126325297447,0.44147084915899437,0.4673954187496185,0.4428474022679679,0.49879226470592897,0.5683624989015722,0.5914054270983089,0.5169051364819361,0.5054806971543202,0.3971294717162378,0.5457709489512079,0.5007620104115029,0.5380873121587679,0.5649037467182063,0.5007422089239255,0.4649350245124294,0.49312208707602395,0.5909140696766508,0.4722203733256167,0.5365008949150079,0.48501186089188425,0.46241992261776466,0.4644739474258064,0.5196344018620593,0.4769364488041573,0.5105122403858801,0.5141445276562215,0.4788116892573497,0.4213525173050007,0.47556458684388014,0.49545169201366374,0.6056442222253008,0.5058318070104517,0.6091878687492827,0.4674813068036465,0.4877646930113116,0.4946722825004722,0.45801027790780574,0.4755187829507038,0.4553234620538552,0.4644183844518542,0.4394249864426105,0.5026385207054507,0.5196223780939881,0.4672004871017731,0.5808030956079604,0.5726933073280568,0.4880967643307815,0.4971754220299868,0.5088485035169742,0.5423837610793966,0.4313237122215186,0.4717290346768991,0.5120495271831208,0.43676261679693174,0.4801790580552991,0.49632352122503715,0.5659655387653365,0.6297383576234082,0.4857636960556875,0.5170157784909949,0.5680526586993757,0.5486660818050945,0.490939838008142,0.4878912895742498,0.5630371031963531,0.580066507476076,0.5612968075319604,0.5353221086150777,0.4418689336865456,0.5556084995300096,0.5766871825379067,0.4367206170825545,0.4927879929474646,0.4670083087194121,0.4754211421929417,0.4838319209216712,0.47058784482326027,0.46214801801476574,0.5052645303434505,0.5338995970955682,0.48408841678263953,0.46396466868913877,0.4916276085414553,0.46768582939315184,0.5058887447140232,0.4616980205190042,0.5106906419034959,0.541215716795082,0.5696128715418459,0.44921486122415694,0.5312548990885488,0.46523158098809975,0.48763901332829895,0.461397103600287,0.5200809135367721,0.5596038796094751,0.5248901161715386,0.4644798947213137,0.5489697990660415,0.5720129813020305,0.5140279534423168,0.4793422125815225,0.5043244974465189,0.4680330874820054,0.48731855053139195,0.6429916136863584,0.5833946009928841,0.5174069387518354,0.5617696968465956,0.4946007663642979,0.468608678526286,0.45875481405496776,0.4811110971805916,0.441504349385714,0.5725349485065907,0.4704295529724476,0.540322780699692,0.554454210083718,0.5491791572464143,0.527142315614999,0.4362433669415676,0.6579503788093856,0.4847239457101119,0.5279836615598558,0.40491394431161887,0.530682634954705,0.489196245294193,0.47066577749540256,0.49378518342173827,0.5368725725884368,0.5750619948464823,0.4748236837831933,0.5729760149238656,0.4892064139023006,0.47793802681199793,0.42328323155412445,0.5566994375295825,0.5226995019974382,0.582023783473458
0.6101548647167567,0.5639427959343014,0.5638149066639823,0.5171550937104713,0.5711060866172191,0.5330359953386997,0.5762655786639493,0.5245844846587153,0.5467189996052543,0.0,0.5227502499383087,0.49747951534311197,0.6286579736683798,0.5379380496414333,0.5641987046671592,0.5900946082711218,0.5372389254438128,0.6103660262988614,0.44745908973356624,0.5110677158201854,0.509749980066413,0.523241068976315,0.5199393088481835,0.48490271268697466,0.6604128638813325,0.5000255824610915,0.5191646617669177,0.48094095020935934,0.5976791337229119,0.5381650431178362,0.571740316229206,0.5825370066345593,0.5367295315414261,0.4333304082032152,0.5672377051043955,0.49808876269503805,0.6299418039628658,0.5579457199812454,0.4602555250376462,0.5761363846677158,0.5164934743593409,0.5327444897377761,0.5406933633635427,0.5741539750976977,0.5355539658641417,0.546972583298242,0.5536193982591698,0.5684099396826968,0.6024695189602591,0.5175511388000323,0.5585773384316886,0.4949867658402884,0.42782946362594054,0.46980553777886225,0.5412385815765938,0.5959076151916496,0.5208881600023858,0.533035154843566,0.5816237165801723,0.5173477059146241,0.48192468206784494,0.4613028973712951,0.4795673563983661,0.47282826694923485,0.4785954762545411,0.477637858371675,0.5507251135086761,0.6195869842968056,0.535788179679788,0.5692958664580853,0.5764093984107709,0.5677139401650347,0.4923581279345195,0.5627849011158489,0.5057331914381329,0.5166483582862134,0.5064356852810666,0.6066536352762439,0.4779966764106877,0.5385375236615317,0.5369389944800567,0.5025606729369557,0.6598036065587269,0.5125738549778173,0.5325516466752493,0.5540338681291999,0.511296276206506,0.5799144623731377,0.585767066122791,0.5076750902597312,0.5954404584336368,0.555420906263795,0.5942818418066905,0.4671865924204204,0.5627944315987067,0.6146372306428378,0.39820089569843287,0.5227466910727948,0.4518166233259845,0.5566670033048815,0.5187189079372936,0.4836749957183868,0.5220667829753236,0.603192892967274,0.5279876954966047,0.5556194411406468,0.49728799063715057,0.5494366144387333,0.5991056578480611,0.553642791613067,0.48080649917555535,0.5140587483726559,0.5699132069699765,0.5371666823465375,0.5017795475135522,0.5511331060454919,0.5327346975181715,0.5800104020923291,0.5072628185779102,0.5029349378339912,0.5593017873503181,0.5108878144556889,0.4827905744451138,0.641606676798011,0.5322681303711126,0.6110946822768475,0.47188803456689504,0.4995090857332227,0.5151878361379111,0.594122444439088,0.5647289286516182,0.5134391662605163,0.5202058215428961,0.4599066132834986,0.4717237389710267,0.4997773365891074,0.5170759748380077,0.5774817266432294,0.5180707629658743,0.5909322332758755,0.5485047222722359,0.5324656598661411,0.5499622165467029,0.49075009370727773,0.5660037149323114,0.49362615888688244,0.5120294500087327,0.5808945702802398,0.6181708754270749,0.3801641533552751,0.519517348300114,0.5427066322717864,0.43884586857245167,0.6148325077811168,0.5828626838681801,0.5964814841019886,0.5167166698787032,0.6710963682474967,0.5788614220528095,0.5551802719188133,0.5336761787368033,0.589210633685047,0.5399780370187555,0.5392418440253045
0.5516074097299365,0.5170677859299843,0.5584758953836348,0.630771040711173,0.6237319019047578,0.4997857454405814,0.5249368522384966,0.5425482787462873,0.5264270826018997,0.5227502499383087,0.0,0.588131592623018,0.5531694363348453,0.48611983681369597,0.5058401173837774,0.6298325807652834,0.5792663989373086,0.5126811810452369,0.502178157331885,0.5279477856393231,0.5625251542076634,0.5768785304350702,0.5340610149669955,0.5220580743182476,0.5798220308152849,0.5116057122450197,0.5586637099319333,0.5571009993970653,0.5166429355335682,0.5122984015355109,0.5241538502858528,0.5218511405579277,0.5035997507968928,0.47144067646756366,0.567638486219789,0.5307396654576121,0.5658512759372033,0.5580621040165179,0.5540113419210024,0.5603323085444285,0.4988256860261954,0.5537104716114025,0.48924217893326805,0.565322594995856,0.5371852057464267,0.46548300317503816,0.40864361849972125,0.606615839175495,0.5806984948814159,0.5212140515512106,0.5548996485003888,0.4836793375684444,0.3878285517104482,0.5299570262252773,0.6049287779644388,0.4696390596672299,0.545519603243191,0.6585804133961943,0.503374008467792,0.5112290043462624,0.5245513959842899,0.40592987042778345,0.4653087466874526,0.4798079414205714,0.43733410356670444,0.4360298356925081,0.5625231423277709,0.45737077467467213,0.48745314149678803,0.5760700661731124,0.5084126244120537,0.483679143542487,0.5528653464374036,0.5980009301508227,0.5258166262632469,0.40272953598062555,0.5989656652105673,0.5388942295629449,0.4440535483729411,0.45039939802464624,0.4313856012785071,0.5251037269499441,0.4963021596501404,0.4686792437508238,0.5633823758684615,0.5341729350232158,0.5557251258651201,0.4885462477704299,0.46619376871139634,0.4890698169678986,0.6415928046085397,0.4953299429415814,0.5685704025313101,0.4480938713384723,0.5620224124930351,0.4953720494215731,0.40449078977074704,0.4824545960039648,0.43896975570659336,0.4967525585501587,0.48688751591492285,0.5257193292587397,0.5008577988365785,0.4827676216780488,0.5123277560557716,0.4870688023664142,0.4914352912128295,0.53770579928528,0.4689527348476385,0.5477167786973228,0.5702916691341663,0.5686593202684156,0.5401900453741262,0.5865732297958064,0.4510284959588562,0.5562824766158139,0.4472003319601377,0.5711578134117374,0.5342927145231219,0.47923508715778856,0.5978217106096687,0.49102094340445473,0.4985836026221018,0.5327372627118655,0.5007734849049154,0.5174091842308053,0.4672317732008525,0.5131394909851239,0.5159553441258651,0.4703178086300668,0.4791157308500462,0.5394286438921412,0.5538279642133205,0.5385291734627385,0.5591292419748508,0.4169733940441924,0.43274865813377683,0.5224396091871972,0.5469238504729985,0.5597742428736212,0.4403903504505771,0.5139184448826492,0.54356904523757,0.5391694495558585,0.5587632683398855,0.4615228940163435,0.5229827243400206,0.43473283503010374,0.5195755413879145,0.4039447543682703,0.6063553265557352,0.4367302053759588,0.5858170087578223,0.4823745682269308,0.5608348790145905,0.5596182976674146,0.5847209762857859,0.5575992836832687,0.5414799803377938,0.5333611251689815,0.39162075424900006,0.5024482798450524,0.4713441564109908,0.7091465749146987
0.5229756035818538,0.5424087787115766,0.5157236918140273,0.5674854137506743,0.5348620788490334,0.5295929318908945,0.5048213034229383,0.5555948213253613,0.5207866780546834,0.49747951534311197,0.588131592623018,0.0,0.506222965627347,0.43305369771596447,0.49488615315429507,0.5677012741980535,0.5356911202594431,0.4543597139641348,0.5549249314989453,0.5444417407384843,0.5938851367062654,0.5153351539637698,0.5124916697116401,0.5715332227907998,0.5868135939225021,0.49034728424715784,0.46577852397342623,0.5131674167941259,0.4695763986327065,0.4947613787497689,0.5746939886217718,0.5097723830331674,0.4911690241750511,0.5440307156535227,0.5396083874928619,0.5240654248166559,0.5349161557880635,0.5042821951378723,0.6108983671682573,0.5149046450061346,0.5064466060413065,0.5441415805407909,0.4700118527397451,0.5709936289749814,0.5643570919158779,0.47685691195272745,0.41854857706702236,0.5675401089292067,0.5352632767796586,0.49934246139946764,0.5323501817282044,0.5042108007984839,0.3806001860821762,0.5354421522503741,0.5490327033805232,0.5084657852413412,0.545821774572825,0.6259566986843742,0.45906530453608485,0.5116484763882163,0.5111923291060605,0.40052180171955765,0.44546830430427103,0.4538809795882922,0.433687328427547,0.44004690423146003,0.5380649856944937,0.4330224824821517,0.41060166849761287,0.5055487879373249,0.4984379086943555,0.454277022860192,0.4998504151044896,0.5488675083801293,0.4926609706143697,0.40467603424094445,0.5386320034430452,0.5115402244346516,0.45805362971674546,0.4561032351804556,0.4313243236171418,0.5384445670570903,0.5017436679509144,0.4460296797918578,0.5619526276805017,0.556646712438622,0.5351922148781643,0.4462852426394174,0.4689915731483641,0.5636297663930684,0.5318880019498984,0.5380639111199949,0.5125182217665738,0.4619691309512981,0.5063533075599098,0.5021921401866555,0.4212608790681245,0.5500393314797974,0.42980050982691514,0.507198409497332,0.4707390123980426,0.5081371794924582,0.49031149274409647,0.4977531694259524,0.489127851142191,0.5042256874532031,0.5068619347559448,0.5406868949127211,0.462756160700654,0.6442548873771269,0.6293201943768397,0.5442298456361684,0.5148969507453393,0.5135354539314657,0.4402631520017348,0.5509364017848171,0.46163756863679245,0.5141322925389044,0.5142457901963544,0.4485330218786165,0.5470981386347518,0.4629588461698221,0.5357342341919151,0.547350448611562,0.4827461764806877,0.519883979879378,0.46184602741723807,0.5501930509035083,0.5341120862911767,0.43500484176640325,0.48016242629540573,0.5246754525829782,0.49937589692120804,0.5471733383941011,0.5990890160635257,0.405640419463172,0.46174764005338714,0.49282839393158695,0.5009989097956662,0.5677304773745027,0.41061150434245314,0.4890298660747031,0.5533907142455132,0.504177379722415,0.5492644256439765,0.46469288147998705,0.570683340593609,0.4294713067593367,0.5310942363240312,0.40684508887611315,0.6403237024397538,0.42166126212514327,0.5438186409230984,0.48237328839396876,0.6198317736123444,0.560357109146656,0.5431968104692866,0.5962795629139388,0.4760030027199258,0.4835996472267683,0.37657348778303223,0.4982119064971775,0.4726580653049146,0.6199556780567866
