0,1,2,3,4,5,6,7,8,9,10,11,12,13,14,15,16,17,18,19,20,21,22,23,24,25,26,27,28,29,30,31,32,33,34,35,36,37,38,39,40,41,42,43,44,45,46,47,48,49,50,51,52,53,54,55,56,57,58,59,60,61,62,63,64,65,66,67,68,69,70,71,72,73,74,75,76,77,78,79,80,81,82,83,84,85,86,87,88,89,90,91,92,93,94,95,96,97,98,99,100,101,102,103,104,105,106,107,108,109,110,111,112,113,114,115,116,117,118,119,120,121,122,123,124,125,126,127,128,129,130,131,132,133,134,135,136,137,138,139,140,141,142,143,144,145,146,147,148,149,150,151,152,153,154,155,156,157,158,159,160,161,162,163
0.0,0.29917484470646766,0.2513914818029067,0.2839416730516747,0.2608066315611449,0.3086749027165675,0.26351667328808326,0.2826821668648594,0.3409497004888778,0.2758147246409408,0.2929897274067758,0.24720913091185787,0.41427507595966906,0.299006378310002,0.3042750179025809,0.3138939543935466,0.34139793424580567,0.4397930810419307,0.28160329249147176,0.44837456467290365,0.31396338383502104,0.2999929242185934,0.2911174146529735,0.2763628208320937,0.37356592953400947,0.2625167177287704,0.2486497934179277,0.32399891406825915,0.22437202043425675,0.24636595459925373,0.31804440834679015,0.3331579610622224,0.26308261931529203,0.3271612787540184,0.39701718615178416,0.26772388060700064,0.3809562471388701,0.3299881666832832,0.2375747866160628,0.3199892098239345,0.2421800770349264,0.3350596087806216,0.3038610340044441,0.304595540780982,0.31149234144629256,0.37323584366935725,0.25285191562311704,0.25914495640943785,0.34054691381007424,0.34093343380240915,0.3403659541452134,0.33859371100428765,0.2959500402319175,0.26885158148234006,0.2540070825565694,0.34482492238788676,0.4226738422960309,0.2770405024477931,0.2802050458120127,0.3471058959788816,0.29520248843123825,0.28109762777493824,0.30654133767756614,0.24122068255130732,0.322859267443268,0.35631410084646387,0.3375462200323801,0.33455902416009486,0.26236129709697675,0.3535470422744347,0.4042537465121213,0.31267082115948874,0.3403241404194979,0.34200967103187707,0.33503772752467587,0.35292794667392685,0.2553568181655827,0.26412519971477805,0.3123983941764426,0.25328684849621896,0.2920616169946669,0.370176714554559,0.29608160406213885,0.31544640521668277,0.3359264790952052,0.363084596057061,0.3158331935468011,0.323318956565924,0.3716556709155533,0.30901074382892346,0.352942930331138,0.30383140223740357,0.2974368473904811,0.36938298186358665,0.3442816890690301,0.27154255911449465,0.23008670764545128,0.28742854852567895,0.2640991457243593,0.3716486053238791,0.296911855255145,0.2558877796627102,0.2608871821931272,0.23420301015094,0.35005056363282727,0.3434195976452436,0.2946417312940148,0.34924579499025227,0.29616287296329513,0.2834744212075397,0.2972542520362673,0.3324751011375223,0.3763005699082578,0.2949003630279836,0.3494341863925926,0.3537764159060506,0.3411691389572619,0.2781088190227933,0.26114611794969234,0.31387926294053947,0.30478181815157274,0.26250883195828295,0.3685850999138198,0.35830298652365433,0.3047084970614463,0.25183824474656663,0.2815445387923612,0.24263756459953673,0.268861742745926,0.30489454177867553,0.27455285535161306,0.2832786450933303,0.29765450925111353,0.3421898553659464,0.2840851037757644,0.29935454529661626,0.30721403685793536,0.31651788620212445,0.2815689617501803,0.32114398374940184,0.24936992220439083,0.3141488990910708,0.3852575127837591,0.27018785825248276,0.31618527806789637,0.33596305997390113,0.2906347391254856,0.2660237513223917,0.31526313010798135,0.20906361779413607,0.37493688754541243,0.2818823537183028,0.3065497566161937,0.20711081077836227,0.31281520041187894,0.3733099032007298,0.29349867885418573,0.3017955172420909,0.29278886412337135,0.34271274090919146,0.2614000015442565,0.3726716396089041,0.24817230156661022,0.43209461595471343
0.29917484470646766,0.0,0.30203802148125813,0.2814960612462908,0.2341890206255163,0.34633674604961423,0.27989939264061275,0.36489112544227026,0.2617157253075972,0.4272365086744936,0.2994573036731647,0.31865221229800433,0.31921540480375615,0.2854013026080159,0.32896806455698785,0.29763337279921637,0.3028341051542814,0.29632003572885574,0.3164492957265682,0.32461563201133425,0.30718732987326264,0.40157508893518146,0.29646345929699924,0.3202550158798231,0.40449316354610876,0.2275635953493362,0.23683608537500178,0.2971348976032537,0.3160851979650429,0.21648041782588065,0.33876293634322246,0.30267440412015034,0.31079880228427786,0.2741655147407946,0.3194316795832329,0.30428579488344276,0.28953103510983413,0.2883730084293439,0.2868882918595707,0.2952925987540566,0.3081786359538909,0.30422749950238515,0.2459219472343582,0.27929555858307986,0.36073021597631494,0.27945808300223407,0.24498308546811143,0.26533334991016877,0.3218811042914664,0.26703020704104413,0.2609989423167379,0.268088936194534,0.2777966745422153,0.35659260986346325,0.2985712740592751,0.3110706198595582,0.2861946850279368,0.27238336373516325,0.3006756183873764,0.30412503149008185,0.32148432021785905,0.2092342185313342,0.24209426938939257,0.24292655274574798,0.24474697545187715,0.25113016464150795,0.2697530845994017,0.2622306037699357,0.24982206932034995,0.3216445809441875,0.26708725157038266,0.2849423146809147,0.2216910061008948,0.312624060245523,0.322189446682276,0.2518597248011679,0.23744263321319992,0.2987447017789822,0.2592410246697772,0.20228775385308187,0.27147782356168954,0.2710357012654131,0.3474075464702378,0.2929129584205002,0.2565187762185817,0.38678901270822025,0.25307664661978946,0.22795380427260542,0.2822555281823105,0.2899446754975353,0.23589680364223684,0.2725442597352609,0.2995895076584325,0.2664748816572621,0.27359712120735163,0.3810342649672481,0.2356897963137857,0.31023902709222423,0.2149718219597563,0.3032741264378653,0.28732455320305417,0.2363191193529945,0.20164234085682747,0.304936079408683,0.24763452378480952,0.2758456954408293,0.26288265903299995,0.4455352026307218,0.29365784993787225,0.3596246242248465,0.2739639923094787,0.24153874723114246,0.26033976246346385,0.24533835304062793,0.2977050332036344,0.3524732198868874,0.30704432232642326,0.2605668027237132,0.30205803354840316,0.2444955777178676,0.25950280122122726,0.2263152018163574,0.27340283759794237,0.31291970869303565,0.2441209923817554,0.34974636871751597,0.2297557447175996,0.2970488038727506,0.38405751478560834,0.28385917760440627,0.29188948364681994,0.2589728025825624,0.22830480877376477,0.2804619502755772,0.3264423093476314,0.2618175950153683,0.31080954033227304,0.3018837939329589,0.339320692777548,0.2749469151866212,0.2879957907283108,0.3044549014095745,0.3179600758896502,0.24940797199485873,0.3154674615298954,0.26065033201525234,0.30056902486125053,0.30602138379979815,0.41616709717392175,0.24178430520399743,0.26156389935449126,0.307412385637267,0.27766187977672263,0.2859704376263436,0.33795946904190194,0.31549768431506764,0.2701142966309319,0.3416249757853328,0.25742860906979914,0.23091928364020042,0.3076060237277611,0.29363130361764506,0.22843137827673282,0.27926973807514693
0.2513914818029067,0.30203802148125813,0.0,0.22906526870898072,0.263220140847228,0.2971935875465538,0.23006420312932724,0.26536546193421434,0.22531672912107994,0.3426789882082791,0.30233114997250365,0.2798405905278208,0.2959365248843116,0.23137800984324985,0.2674845628594394,0.36852615744310835,0.3092409357395617,0.2639660782410551,0.2277628814982081,0.23992778768251496,0.3062278037827282,0.43237162868533485,0.222097648156993,0.26289704721288754,0.2686829380698854,0.25868231088879,0.21041031343036898,0.23941341101427113,0.2638795222749007,0.22298089204874508,0.23755677225244431,0.2739277449688004,0.23807034399137453,0.2197775293748667,0.23100850418819371,0.26127134444709615,0.2669933381552315,0.2605280507824393,0.25217519355924567,0.2487547764341729,0.2424306161193247,0.26524827739436685,0.25185843887341736,0.25162406064179094,0.28467309803663965,0.24624388213143908,0.24938005225150414,0.2847204312614814,0.2537763975379954,0.24823119468987911,0.2522673966017278,0.2724606683695644,0.19980083657265396,0.30449466378969453,0.28075958273475116,0.22163742809971776,0.23379538057717253,0.29147167141358227,0.22784509509198989,0.2391322772978532,0.2411071341063522,0.20614445148473204,0.2638859445886774,0.2234293641038975,0.20431418719455563,0.21340996255480807,0.22251890485759968,0.29078764111768374,0.2608311520661659,0.26553245452905416,0.27530948316875087,0.21206181643449795,0.20708126298251558,0.31497861732585586,0.2786640307477065,0.18439986401961794,0.2550919821299983,0.2842773812666321,0.21544288395669775,0.18069481616093677,0.23902472896863147,0.24255212589639372,0.2900671331939998,0.24792019069185356,0.21203868055112657,0.3018575703333056,0.2040172581443163,0.19904621813157009,0.22982433595414714,0.21169955591812734,0.2586701888641987,0.20909185922341628,0.2721078841592417,0.190973300219786,0.2326130202277302,0.28424739045683045,0.20560445533038596,0.24313220880151482,0.18931157295660242,0.23850784940657535,0.20541912034165077,0.2211355498042532,0.18245160203593505,0.267604875645757,0.22570535449528312,0.30202665692299097,0.24270356270400487,0.2745245773527866,0.2458119821401907,0.27997335065428325,0.24206851910608296,0.21205663778824504,0.21791145402049553,0.21596216537922422,0.22856159340514368,0.2851767952410267,0.20462284508801953,0.29762802025043394,0.27927736706074924,0.22407807023814044,0.25536951533096935,0.19732320005301499,0.20833270010652577,0.27058628898636244,0.1817323795224911,0.31225388675555,0.2067176573399938,0.2801147767348417,0.3067086937612531,0.24830999890573258,0.23049631558995148,0.3221484605679948,0.1833248188133345,0.21169032097778617,0.2538565472955271,0.2144342382158279,0.23450045188980265,0.2348264040818861,0.2742186422139266,0.22494280421855978,0.21226336488270248,0.2638615715146731,0.23652375040879461,0.24211911187408888,0.25343803731349424,0.21185977233381056,0.30296919515052934,0.26229471133045046,0.333216020426957,0.2144958093388566,0.19894598432254676,0.20254913711417377,0.246912286597769,0.268804207528024,0.26855683623741045,0.2409452954498285,0.23032817053021734,0.29784922950380793,0.18081727034416273,0.21512799293185422,0.2467549846854928,0.1890816613942273,0.19139467239397004,0.2506930227990471
0.2839416730516747,0.2814960612462908,0.22906526870898072,0.0,0.23737556708804633,0.2433850805286277,0.31001534848281237,0.2835018987048057,0.23903462160208505,0.25968149853738054,0.2764163944789472,0.25408333722036425,0.29168327318564,0.30715099867650614,0.36277222569904904,0.2591360214426363,0.3080569889636616,0.3392504101936983,0.28569915713946165,0.2865959438052761,0.31506837880920185,0.2655394271891836,0.3116187163258714,0.26317532284772294,0.29275679710934505,0.2975339877672719,0.28161475624960886,0.30133257039475514,0.24186030592582974,0.198156094141588,0.2900069479542644,0.2631716461228735,0.4195395123592324,0.307179412705673,0.3245688327784209,0.32918029508733115,0.2863350465737375,0.33118329809824354,0.27642035735286774,0.3518221719074041,0.3268484703306419,0.24943829849561952,0.2906957619245424,0.29871745453308024,0.3277449873731583,0.33425352547558046,0.20698663882899285,0.24524785384042866,0.31671060295720527,0.31628102509866535,0.3697291098300772,0.30735830539757714,0.3014445818291212,0.3733879834736502,0.3056604404527685,0.24237742974959853,0.34486365732579305,0.26470891340449265,0.3162406267814107,0.3840616752437624,0.3164293079500739,0.2584800925565302,0.29789413504879103,0.2423423051650709,0.298963134273481,0.30490740985194614,0.34263929646203295,0.24471210122319192,0.28137924520287044,0.2923999394493066,0.27932560386626315,0.31653214856579037,0.2565942595117923,0.39665267371313745,0.3015418170385704,0.2516488049884812,0.31115758695486345,0.29411032538654236,0.31306043398780486,0.196793077747216,0.24385613695206473,0.3497164297410175,0.24779919997495928,0.2936117327613565,0.33819636285249444,0.31523028447675855,0.28411279741327883,0.3169226927024961,0.3258665773201759,0.2518174055085769,0.3011568917880705,0.30173457365009054,0.285871470500055,0.2760400267929691,0.33131833187608273,0.2502912691338414,0.24676186218056134,0.28168636907229166,0.2505651753073272,0.34498602578982174,0.3019775242114538,0.275346346278027,0.3044521659859767,0.2544626476103699,0.3229947943083287,0.297173692040296,0.31296091895744566,0.2756730791047803,0.32671434791185133,0.23481622731508914,0.30565382061694,0.31200297830036033,0.31698528734582476,0.31473396056014435,0.3534269766505737,0.2818731919057318,0.3050131864167898,0.23388507941276168,0.2683354990745445,0.2881776841037282,0.29420342717960735,0.3093005131386645,0.2728478408160607,0.2984327526116999,0.23663840474282563,0.265794494934227,0.28058020392441463,0.27002412437406487,0.3114262735233024,0.3740517355861184,0.22203109042873023,0.2673772248196956,0.2730870437138199,0.3006669122426842,0.2808484300640525,0.24420711835612455,0.2113611429610404,0.3722708240939296,0.33054341144551636,0.3075602409234608,0.343699012730772,0.268082936383682,0.36486022374962856,0.28966238780579523,0.29406652938033195,0.2812910452324313,0.27146216658898953,0.2710254223840318,0.24824882774039647,0.20693738823069896,0.32363832580467633,0.30085696356280067,0.3091670123271906,0.2224737840853363,0.3073158988503619,0.3051286269329716,0.25990915794999975,0.27895477877361674,0.36323213675531757,0.27370728374614367,0.30350175888577974,0.27688507445155175,0.26874295458748865,0.2819125054348755
0.2608066315611449,0.2341890206255163,0.263220140847228,0.23737556708804633,0.0,0.22704481989919095,0.2776286947697723,0.225923977528501,0.22207067130843874,0.22908180216956286,0.2604607920026511,0.2270948145576922,0.24932464057522935,0.240398044250357,0.262781641941034,0.2977336994205728,0.3223935186892891,0.28656388243944025,0.2148992667366374,0.24545850140271244,0.3043584494198101,0.2732946662918541,0.28730839427109545,0.25454091066363166,0.23852472545795556,0.25180867768432996,0.2366661701783125,0.23760208341687897,0.20099588560087298,0.2647451966589526,0.23127574826504801,0.2314958468525128,0.23446894325530115,0.24113858709496966,0.28585475598044957,0.2677219920016601,0.2634854902541481,0.2684578309469346,0.2342879963163355,0.26109822350115575,0.25832704039927185,0.2941213894003091,0.27046140573810107,0.27844442454194185,0.2329513782922033,0.25534280850984775,0.29202319654775366,0.25285545562213146,0.28666463521946,0.2849027195063175,0.27947325159671804,0.2682685054241935,0.23990109352250902,0.24014076068181,0.22593222950598063,0.22252843026656205,0.24507931878274822,0.3128831712662698,0.2349256165373429,0.2638381974804099,0.1989509760113555,0.22068976179559538,0.2506889579305631,0.23834059640453237,0.22761464430568137,0.20364468096931432,0.21776201086579575,0.26051481895691664,0.23836952118228844,0.26210242208901235,0.25602709793526995,0.24170079456138363,0.21188024505228126,0.2812919385422102,0.24408830772134854,0.20241155717596704,0.2497383262936219,0.39102022273064324,0.22430998893361792,0.20435900840443685,0.23663420910920865,0.2550037173107964,0.2854934329708258,0.21519773674980522,0.24083315554319557,0.25264258001609796,0.2174396756829767,0.226682662138439,0.2344004027122562,0.20528778576089596,0.36931649513842524,0.2645523753035289,0.2983758848061253,0.19855169066033398,0.2572228408628866,0.22068333274100566,0.18074703098467224,0.23587284693894897,0.22275295763415934,0.23082012790722486,0.21550098899414072,0.2100486321777662,0.22300032329643177,0.21284336786793603,0.236621317236358,0.2894740686717323,0.24076036381292165,0.28458958590649364,0.2947310867113616,0.2437612109635621,0.25641261036145857,0.2607151689144039,0.21741678200314646,0.2591399008273256,0.23278988895674102,0.2707306106532882,0.2287231153013081,0.23050371515219945,0.23490351982858315,0.2543635023964392,0.32232489472244735,0.22100466863647206,0.22286074571223954,0.29540871662877966,0.20138766072501574,0.2139120508578307,0.22792985094353782,0.25184905081563586,0.23603405660476168,0.24354578489807907,0.22970108424893748,0.2608265916516753,0.18668855103392026,0.23148698459187866,0.21236457980618464,0.2330467378941327,0.22892223257053337,0.2798102214669057,0.2406228848514794,0.26806247519698634,0.19247027865753116,0.26258498694415283,0.28506583648778844,0.2517044094968194,0.2671473178852027,0.24315368130818668,0.2820265608032567,0.2649825593079113,0.2337325069673096,0.20723583485209932,0.21273100158738914,0.22604116249446451,0.2821521804864646,0.24311897856804823,0.26845776905719687,0.23967155084835573,0.20442691425609036,0.2937435870199354,0.20141404717893358,0.22424583940216108,0.22543123910942264,0.2171828562458432,0.2226178459146223,0.2990649547626674
0.3086749027165675,0.34633674604961423,0.2971935875465538,0.2433850805286277,0.22704481989919095,0.0,0.2373374509781707,0.3043767618764791,0.2583034580898177,0.2677711574220003,0.3294035987501904,0.33347331355584214,0.3404360412587993,0.21441321167611235,0.29379744558989135,0.3421344704917762,0.29680199562716536,0.23459533075021197,0.3235274991122038,0.31782673981492804,0.3492370354197498,0.3491616138981139,0.21094658573006714,0.27412776802069994,0.36711865806731486,0.22720848655215564,0.1959077608940937,0.24219497170648566,0.24398943628263597,0.24084831161531628,0.3138713674151772,0.35813223324778115,0.2824274611427278,0.24920447442263036,0.2695361082391135,0.2641358188592108,0.326090129693464,0.260835121795571,0.2697688401094131,0.23295783476899334,0.26192906410246225,0.3001034805424455,0.28587214505026004,0.33645692433828667,0.276028122928511,0.2476633578313148,0.23953397101006366,0.3070746259011043,0.24243599940461233,0.26930839853875066,0.2765428644776405,0.3101919160854671,0.22560032826592813,0.3206547536985719,0.25525032274109233,0.289960426710634,0.27985420563863384,0.3692023829583358,0.22019546522534844,0.2407607856254487,0.3138534967928761,0.23593053298237068,0.31176122856380234,0.20556977843029867,0.23328154962001804,0.2492199047348679,0.24120419370036889,0.3081889905705985,0.22337194103618405,0.2927126923942007,0.2967778460761443,0.21736376203033905,0.23651299835327,0.2908980003484465,0.3214331754204107,0.23398765454780096,0.24487859689272917,0.2576572638946946,0.23553848384345075,0.2424227747800194,0.3298898206603292,0.271834779530126,0.31092011949873594,0.2880192057602689,0.25206394546426836,0.30248159155952775,0.30281565734806964,0.22077532544426468,0.2650467377655878,0.24531244617025072,0.26229243323357493,0.26876147051565424,0.2880831549738052,0.2441759468342558,0.22892076477111953,0.3537813288327979,0.248972662169296,0.3009904960975199,0.202778806871773,0.24269903966514,0.23946192130300623,0.24218659890739502,0.21305200672929706,0.2592990584808898,0.25888589663761186,0.3092293142449113,0.27841735791140904,0.316362885540132,0.24001681272008038,0.34828050897587326,0.30152721491991286,0.22748230861500812,0.29537760435389715,0.2399778016365727,0.24839725779273664,0.28715502662616,0.28344593702865145,0.24698902011970802,0.3380362283831139,0.22533951844399705,0.24835904511183177,0.22806384347610606,0.2845321610112312,0.3101450711703912,0.25205957883607083,0.3104844783226179,0.22582205521351434,0.2686355916398072,0.2909675262929326,0.23008998475649012,0.26448269683386166,0.35892648138806355,0.22688795868996828,0.26265825476913635,0.32269624881858827,0.25682905937722694,0.31492622060394054,0.23337063904388156,0.25797076789406015,0.2625085404308177,0.2640205478754919,0.31568011199657636,0.2513144073007926,0.24975992882103895,0.3093751147398347,0.2498052651986855,0.3310927887148596,0.28354948554577725,0.3267310921866444,0.2264296313959566,0.2640669519443945,0.2610321459281147,0.2374586526515478,0.23456330558640626,0.3548428280413206,0.2994458103008023,0.26767875406325575,0.3424971472284022,0.21892357825384326,0.24174486992475086,0.22952911050224264,0.28379052845732605,0.21377293038449321,0.2881039196386683
0.26351667328808326,0.27989939264061275,0.23006420312932724,0.31001534848281237,0.2776286947697723,0.2373374509781707,0.0,0.23621576624520216,0.20984027013510329,0.2611849908417905,0.2567004742282233,0.29350996312912486,0.2954084604508818,0.25953897021847167,0.3771949668919848,0.24713791616444367,0.2861925036015704,0.27872876216025605,0.2633015795594584,0.23881813984582306,0.2856208367676858,0.274710887403693,0.41192783002649425,0.32710206780043705,0.2835513758150656,0.2784542969578088,0.263631612574019,0.26529695271899933,0.23755989292677335,0.24293065411682738,0.2746796947165645,0.2772370224480916,0.30813732848303865,0.3386830310006144,0.2689322279488754,0.2547191370724626,0.32269298627623955,0.2427404262768938,0.2687345827793406,0.35580335328974083,0.3075337400632332,0.2794623011653989,0.2875082779665542,0.2907551192652261,0.3110834513251486,0.30793214725703044,0.29206864609212135,0.2310256063591215,0.4111104820351792,0.2608472018575885,0.3335106571748872,0.2654790656112132,0.23318634333213423,0.2988910517576848,0.28783581636287847,0.254514485303073,0.2655937353774716,0.256194188910822,0.29729198493694853,0.2893546335845225,0.21895935380718617,0.2241750204320766,0.23060289544811252,0.23655315022409815,0.24108230569129346,0.2210016824912451,0.2823661063451451,0.29117262093310564,0.23669854882663516,0.24233528581710123,0.27351087156686843,0.2542493267068855,0.20839138747474614,0.3434569513898432,0.21574015447808167,0.25486479355887337,0.343597926504913,0.3561326071226885,0.23951581643889672,0.20623192268655488,0.24731710914540367,0.26359871853805317,0.28034999181816755,0.21145740388104234,0.2422784112907483,0.273216989335813,0.2204206178215022,0.25715442621836027,0.28645893066302264,0.23430373255050418,0.2882329907879106,0.32241841457922216,0.29145976314837807,0.24511877006220692,0.2541656972425293,0.2690437015694134,0.19064636589457065,0.2972088585150788,0.2252641693790134,0.3143138950448236,0.2576105631283237,0.24788305119602325,0.25730300476073104,0.24480935563181194,0.22557688583845034,0.3067269975859697,0.2531086386389696,0.2803895299453187,0.37001365336524217,0.2846630537559948,0.362319568654638,0.24587569199923917,0.23628676744914534,0.2277967512706834,0.2554503139516226,0.2896975929524517,0.2638356227692436,0.26524705601703796,0.258881819818163,0.22861002936909156,0.2700498052156186,0.22049017178549463,0.2318841133135738,0.3445799683355961,0.20108612554058808,0.2817260830422211,0.22852640914742633,0.30729444648564797,0.2520493909992651,0.28988093946872556,0.21631080798811333,0.2210384350441087,0.20362556343880642,0.21862354517505794,0.22052304020768718,0.24966178252945861,0.25940230170099327,0.3390331303954706,0.2637420593615246,0.28450016716624454,0.23859078912471618,0.24596512394341194,0.3063698757339105,0.22553563550801223,0.28164350309517105,0.3092284589948416,0.2762905575422017,0.3048682557371048,0.2420469369243014,0.18730770077429476,0.24550855283532816,0.25552069211833967,0.2634007554095797,0.3000738448724018,0.3194682539689899,0.27449555990602587,0.2764333660498479,0.3247307449682696,0.26206115039161143,0.2814345240499837,0.2728626900380202,0.23059900008107387,0.23336305545436298,0.26911269296708684
0.2826821668648594,0.36489112544227026,0.26536546193421434,0.2835018987048057,0.225923977528501,0.3043767618764791,0.23621576624520216,0.0,0.3144413684558306,0.3125042503236471,0.2556217428426378,0.2929182225346693,0.3001617892592055,0.25260151307447637,0.31209617984108345,0.30042564266149857,0.2954652552616416,0.2863194443609479,0.29777407679173623,0.32283428953821974,0.3174400282063512,0.292155529025249,0.25880038566379143,0.24899215487619827,0.34013030602911093,0.22778043805675077,0.2591063060125856,0.2874191045100832,0.212852269097006,0.2308879361550729,0.4241764499989881,0.2916206716493122,0.29952575583625635,0.28033378443716234,0.3000197552271695,0.32180941730832013,0.3020055853390458,0.34264101943548475,0.29329627361658406,0.2542526785818972,0.2723842166705188,0.2734107900231423,0.29236687918604026,0.2583438983663,0.4031698611600943,0.2862589333847553,0.2363184454847388,0.23908359794696943,0.2855808631063258,0.2841918434491031,0.2744896783094954,0.2540295365878516,0.26359295541748995,0.2900050160067227,0.2706015335197912,0.27406640687603917,0.28602710060743586,0.3253721071289825,0.28652230347358965,0.2874363676218209,0.3832873070011024,0.22983564582705043,0.2764439869749576,0.2584154855101127,0.2489168488145715,0.2529375504071213,0.2706302897450251,0.26838766648251966,0.29288720222069325,0.4557432768960577,0.2777864001272476,0.27735087717699725,0.23241227495321728,0.3176598416043087,0.3673250693964677,0.23993012159512983,0.27053342434813954,0.2601342465965833,0.3210943496255554,0.18355273086627347,0.252266948783762,0.30952204250034976,0.32106894750256626,0.3268535334407584,0.27932427324396664,0.40536128331418336,0.3486140448170631,0.2686647233066172,0.3471427874508003,0.2860334898926349,0.24884898755405382,0.28901831051350746,0.2793254942736184,0.23533923874331522,0.28985986315571743,0.31081947092727563,0.2959518923852763,0.31957340527156547,0.22527843106712778,0.3040131887567757,0.27101836930869705,0.3128073938024681,0.23376901715188803,0.3025390172847621,0.30829832231350224,0.3121591080848928,0.2943464403059895,0.3817962840581827,0.25946909226125164,0.27055594675589917,0.24798727689574246,0.26010383217571037,0.27149481971186135,0.30151377212046765,0.28676165521288305,0.28964835462961935,0.2933737883069381,0.24432726928903772,0.242307356422792,0.2673710945524646,0.2519249378364191,0.3325576376364237,0.24279571048525844,0.2867158886409757,0.23580402445547113,0.2676120130514748,0.24098925369338575,0.3354520921628696,0.3029111296396525,0.27812563598512563,0.3228780860275596,0.2867640237402824,0.26915386061733915,0.27202741030343286,0.3057876296759741,0.2316674988806881,0.2803816709717795,0.2667045536959039,0.32569437419823144,0.3169047957665783,0.28457500409709346,0.27536645313850183,0.324490262273998,0.28978055603321773,0.30405628888917957,0.2789761907657686,0.3440440122100808,0.29650581546134824,0.3437491082970072,0.22591155890287787,0.30177886468727755,0.3079726545354517,0.2798250730186243,0.24142493174253077,0.37368311367854307,0.3528018721264646,0.2405780830015227,0.31592116799603936,0.22274259742179223,0.23100581609376009,0.26828746730119696,0.2711721514049561,0.2530630448769513,0.2598085490550765
0.3409497004888778,0.2617157253075972,0.22531672912107994,0.23903462160208505,0.22207067130843874,0.2583034580898177,0.20984027013510329,0.3144413684558306,0.0,0.23407830817735387,0.22023397364752142,0.24121008012019973,0.24905665187828488,0.28668617955889586,0.242304650963384,0.25370366737443956,0.2645569627957566,0.32469179430177103,0.24962707963518854,0.3142766219961285,0.2601856505543537,0.27378414833349873,0.2339123350839725,0.21260518694017336,0.2762728384417811,0.22536392983781467,0.2634120104430321,0.27696044919705876,0.182527759730048,0.2931711536766864,0.3290234925042359,0.2632999472182266,0.23019357621419534,0.2532370260023127,0.3100263610462317,0.24051932751170282,0.2444921114921321,0.3483534392146252,0.21700073888501334,0.23375045764478564,0.21951682604754855,0.35658593748158557,0.24086846152599528,0.22759654180092387,0.2800601816895235,0.2648118853624236,0.23152271064432456,0.19227592851470793,0.2453680828603854,0.2675992071860648,0.24413443462235984,0.262820910064686,0.26056901158467216,0.22193396774416224,0.20333847802280378,0.3457160976692428,0.29661350409273907,0.2722398867763825,0.24153379249287119,0.2510671323205972,0.23177240478900146,0.2637332629550687,0.2603368094052128,0.24267476812819713,0.28546145216651264,0.2715956336820745,0.2716712580591906,0.25702027624398815,0.2546484271855747,0.32570187750430774,0.30363113741657854,0.2835224275300827,0.31953678322240575,0.25500742743882926,0.32889480187710973,0.2652610762130496,0.20833484982060904,0.2092219257248572,0.2914246754228621,0.2090957218531578,0.2477611700539715,0.36302040701764604,0.2965176393926508,0.2674219735435437,0.3211569065769763,0.36707541115996456,0.28401255999362857,0.2869264190901513,0.3124879839406322,0.35108815423558,0.2905882884162472,0.31504857194346886,0.22246562417577323,0.25551563673113575,0.32141609893896855,0.25604724051729155,0.2683626427664483,0.3053914216203664,0.2958926484120873,0.28213672847854776,0.25231240597358173,0.21568206231246206,0.26964662457907757,0.23767431398204694,0.3450241915480154,0.27996111032757043,0.23047553384051112,0.3156441261705694,0.22556920695123842,0.21455685413053768,0.21611333736188748,0.3090784855633318,0.2841751646398753,0.3586833970843207,0.27626444337613476,0.31758762890012066,0.29786801482199443,0.2190329348326524,0.19994328114022009,0.3398326212815174,0.26825235322425645,0.2779039384784243,0.2828442516466963,0.2611249109832053,0.33541973940858316,0.20772018192792327,0.2762259490469466,0.22713061924602918,0.22920042886452324,0.25469534718115655,0.451438704215461,0.29473809408555346,0.2665730218694494,0.3509413975309315,0.23939995294525404,0.23614667033968653,0.25570799637929553,0.24659779340107899,0.261138478579322,0.28561161523332057,0.23108490116976788,0.2718252191989998,0.31200493426723563,0.29064916142390407,0.25625015269056517,0.3053371564080135,0.33464331892040955,0.22803864471898852,0.2828711644170868,0.23442518494535083,0.32026340889693206,0.25220492577512604,0.25725834719973967,0.21220352834882703,0.27717501308780623,0.302243663161607,0.2252840235046427,0.26701860969717395,0.23385365647920456,0.2534035821990035,0.22492684097233853,0.33229623622349624,0.30757822159235065,0.29988950147764315
0.2758147246409408,0.4272365086744936,0.3426789882082791,0.25968149853738054,0.22908180216956286,0.2677711574220003,0.2611849908417905,0.3125042503236471,0.23407830817735387,0.0,0.25309133144543067,0.28678439157190677,0.2863637929619395,0.2578661948586554,0.28069400577055237,0.2783039135104732,0.28539493148051065,0.30454595210157126,0.2665067055449188,0.2772473862258439,0.26844410980910893,0.30365998133843014,0.2963223774691706,0.25335274497732063,0.3878313682170614,0.21201739072705844,0.23449348748062096,0.2686871582902826,0.3316168890911791,0.20378014260784155,0.30766159972713886,0.2906078821587948,0.2420187769940928,0.2697652454930818,0.2925884528544345,0.2815107484070181,0.28044966498116564,0.25799959149030344,0.24056462108781354,0.26986251098061387,0.2370164456435474,0.27013771467570524,0.2455041915898085,0.24266982620871197,0.3230416026419447,0.26227923152780075,0.2287472223715536,0.24861829526816326,0.32852765468747336,0.23822184275850747,0.24611438403852168,0.23511208987364324,0.23646754216004068,0.2992213696041584,0.309763002370411,0.26383537709070526,0.24937999770177127,0.24047653536084798,0.2942857167422727,0.2727738216202099,0.27702856837682815,0.20088128421178958,0.21831781061763483,0.23630053428855544,0.22977504428096723,0.2275863324966891,0.24198206555457843,0.24679322671687334,0.25951923876473043,0.2968709074434295,0.23754112353710347,0.27959992379888926,0.20605401580052088,0.294943246513104,0.26948226146748566,0.24053646108296245,0.2327216404853215,0.2818875721157976,0.22835432784016158,0.1832467021596315,0.23388783827158424,0.25256355984556966,0.2943192750862584,0.25956498302926384,0.2425970129031699,0.3131750215986752,0.2344957751612013,0.2362592935131333,0.28633876627840327,0.23470152437627023,0.22865434490573638,0.2586472260344713,0.2790324339746849,0.22034571668339606,0.2646449887706398,0.31984756801296704,0.2013194977353127,0.29275814642960446,0.2123047550981805,0.28822358251100777,0.2563746903028472,0.23704323659204873,0.20563745523402358,0.3331535857110215,0.23605688645895226,0.2589126287309712,0.24558573904663827,0.3708093066969569,0.26518473819006083,0.2973266009994205,0.24887254675495296,0.2310465143277729,0.24294356980767515,0.23766135316983103,0.2509230905705968,0.2769189437443805,0.27649734219613253,0.3225014568052981,0.26832296578666226,0.2421590437077658,0.231389217403331,0.21433447344155462,0.23080050815594125,0.273904678157481,0.21118449793470373,0.32639248412119753,0.21884243215705543,0.25966513393676255,0.37206550412693745,0.26185035323351324,0.2712907092300945,0.22652633752339085,0.21351595339472154,0.22651390334680996,0.26304113202743257,0.221258034986362,0.26274490523889416,0.2727426418839347,0.3184993888998192,0.2535896641421074,0.2444537418083231,0.28031932359215195,0.30153308934171363,0.2357467427727741,0.2688093694918495,0.2586430051216455,0.24224596777999308,0.2820739565588561,0.4696257469908919,0.21441786102771848,0.2300161075571641,0.2830797799736539,0.2479095381952227,0.25999059741406544,0.2938705289010035,0.2741459848905864,0.22031616357696174,0.29214066067369415,0.23251851593722125,0.23361088238403221,0.29200111345345103,0.25505844080061996,0.21848508014157528,0.23775863542440615
0.2929897274067758,0.2994573036731647,0.30233114997250365,0.2764163944789472,0.2604607920026511,0.3294035987501904,0.2567004742282233,0.2556217428426378,0.22023397364752142,0.25309133144543067,0.0,0.2971066252437175,0.34717054461860336,0.24890616576132324,0.2812252448538263,0.4078037930821172,0.3648110816100138,0.2811390412102366,0.28005472577171336,0.2846763383373857,0.3215226151757872,0.3847419362331241,0.24814397410379269,0.30046860485372046,0.3209533905804728,0.27279941733626234,0.2446873378821614,0.3177585094146442,0.2871804433412879,0.23865185069942663,0.26153195448258254,0.31220216801467054,0.25857322769702457,0.25017725967157334,0.28115531114961495,0.280289176396646,0.33811233111953554,0.28090187230025165,0.3367560706639656,0.2669746929089354,0.25747032916421564,0.26901155429029006,0.2809872366198695,0.3270477353862048,0.27506567683149197,0.2514437523868868,0.19333808544911227,0.36488381613303567,0.2987278209680397,0.25038260038020627,0.29608998298936295,0.2582148849199294,0.2194231938456808,0.35961746104315806,0.34240237577162336,0.21724741488036817,0.28545229627732077,0.3418907080461139,0.24878547310052906,0.2679481590811938,0.3313914762469252,0.19859021343322167,0.28130267850419605,0.2244633555921765,0.2050754670638117,0.22938092809410318,0.27043298106155805,0.26626325802633627,0.27413283221222334,0.2935184500929272,0.271755578784729,0.2270203377453823,0.23833855602291898,0.3364729111325186,0.31705899385094194,0.2282990626712361,0.33376236551225635,0.29158231688048014,0.23573644452066644,0.217676553383987,0.26645775919271397,0.23053423810126805,0.27187804983447084,0.2932534571838043,0.22708459099542785,0.2615962619652284,0.2661837701033131,0.2234116611999822,0.24375509288247818,0.22734996027007776,0.30475114017986094,0.20386325086460025,0.35509879724961413,0.24903908648454617,0.23663211308091345,0.28589125722204123,0.20810279819257588,0.2163046526446197,0.19161793654606307,0.24077135926293344,0.2845750360591987,0.26240434347751346,0.1983892605335255,0.2124292861336558,0.23446282987561615,0.2573579548745389,0.2551070323916938,0.297600106291762,0.24593153329139697,0.32250718967213915,0.331211419182262,0.22608823759401098,0.25826706944636624,0.2624262169305571,0.2633921424063249,0.2859362360905423,0.24551293479512795,0.2809335018882987,0.31092463793136044,0.235139131772295,0.27777399185580914,0.21305193059765026,0.24539841919597538,0.31527380301603514,0.2166466015325585,0.3287900598130373,0.19703047660881093,0.2880633362732198,0.29169093468255936,0.24509387980624636,0.21666306720475384,0.30572597907688304,0.26371324201374374,0.25251234053941946,0.3407145228301395,0.24477024661263533,0.27476068952411903,0.25413944671516664,0.2887198357564976,0.26292816831062676,0.26623598645356467,0.29635599326611123,0.23484418596035067,0.2403117808747829,0.339343014400783,0.20923821975934684,0.2612167054654029,0.27608505940891603,0.2595958531982365,0.23261930441620984,0.2882897246843193,0.24449419747001486,0.34400666688075615,0.22771370176226075,0.279467146208546,0.28496784981902457,0.28127106296574933,0.29566911259818396,0.24935646128058211,0.25225758742444987,0.2379194268464707,0.24728801953858354,0.1962056852096537,0.35300736035713554
0.24720913091185787,0.31865221229800433,0.2798405905278208,0.25408333722036425,0.2270948145576922,0.33347331355584214,0.29350996312912486,0.2929182225346693,0.24121008012019973,0.28678439157190677,0.2971066252437175,0.0,0.24361874976625378,0.18246776664340286,0.2989918129445534,0.2955033876982372,0.2751604982645244,0.22070816066038462,0.341809193796341,0.25096734729960585,0.32315440721523536,0.299633814894485,0.2448872910227184,0.27504635026145735,0.34680499656288966,0.2165567621163394,0.22231977532700595,0.2277802815848831,0.2492452514223537,0.2718125332666028,0.3254224838725494,0.29841253931786726,0.26786085812162314,0.28311281910680075,0.2255498060164739,0.26792004745301873,0.2823089088760349,0.24915261243912257,0.37311287434693874,0.23972699034243564,0.2677274772858531,0.2664684328128442,0.2843500611657623,0.28664320992995074,0.2639698094381657,0.25883086770900826,0.2461602251303553,0.2721240971783435,0.26395939517512307,0.2446061771635362,0.30009584119570754,0.260197270526855,0.210910758322469,0.3235995910806354,0.34172736949285576,0.24340811552143152,0.27863287313782076,0.35113622451384413,0.21243963322912598,0.24684490238302736,0.23745972808394009,0.20619589906492714,0.24792762306722643,0.20541508567050631,0.21566675519259998,0.21777764532733068,0.21107810201362018,0.23688974083781736,0.20624651881076983,0.2525916643785695,0.2485682510391489,0.20390162257399055,0.18903867367330116,0.27420839244703005,0.26409072347988444,0.21701748048787303,0.26492865422744327,0.28703182845581066,0.23518328777794073,0.19704643343947068,0.2471963660068684,0.2624581736245261,0.30515793642542205,0.21420422456707996,0.2342819625481627,0.2748502764427516,0.2247388610296127,0.2235395634283422,0.277440973160647,0.24434553914154414,0.2553997380031157,0.2597223646078265,0.3027930508134053,0.23336207838599884,0.21384607785401,0.3723504611992812,0.21146542388734044,0.2715587590549774,0.19018233741666155,0.23179797078880054,0.2237343623941913,0.2648254236746515,0.21930224425784062,0.3184690976810049,0.22389944533985265,0.2771734240987313,0.2693532838593056,0.2783308532206278,0.24172892920935515,0.3095295221813627,0.35435626687746746,0.2326747534079276,0.21956686314640778,0.24895374177507062,0.23173053442030864,0.2646970000289888,0.24771532909712438,0.31641235061287143,0.2678257180115385,0.20947307238095375,0.2326189955520056,0.2272064005104771,0.21265755714279502,0.30422589910988235,0.18744725852928193,0.3708466918497958,0.2013489712716464,0.3159615828352365,0.3061597629266694,0.22058514467528917,0.23866893125839658,0.258467149853952,0.2001981262494866,0.23773216892058283,0.27068936704033847,0.2126334693774085,0.3048959018491262,0.23577094758647515,0.24789460568716729,0.30463154258395747,0.21834720663255536,0.2508004487097096,0.25749379218789853,0.23617411823073403,0.28477800381730856,0.26353940650582175,0.3631283378015952,0.28905946262535953,0.3244405338328826,0.22103309046639585,0.2583689226850866,0.26502361061907515,0.2670825044582655,0.2562987162304638,0.3836337864292203,0.2473109768434665,0.233666972506684,0.32854778420159925,0.19760832054316096,0.23430635346010292,0.20441080349507978,0.22009670781620438,0.21374033331256828,0.26489255467976636
