0,1,2,3,4,5,6,7,8,9,10,11,12,13,14,15,16,17,18,19,20,21,22,23,24,25,26,27,28,29,30,31,32,33,34,35,36,37,38,39,40,41,42,43,44,45,46,47,48,49,50,51,52,53,54,55,56,57,58,59,60,61,62,63,64,65,66,67,68,69,70,71,72,73,74,75,76,77,78,79,80,81,82,83,84,85,86,87,88,89,90,91,92,93,94,95,96,97,98,99,100,101,102,103,104,105,106,107,108,109,110,111,112,113,114,115,116,117,118,119,120,121,122,123,124,125,126,127,128,129,130,131,132,133,134,135,136,137,138,139,140,141,142,143,144,145,146,147,148,149,150,151,152,153,154,155,156,157,158,159,160,161,162,163
0.0,0.2758613179659087,0.24390916288783163,0.27071003476971706,0.28424028117913874,0.2837910747152371,0.2678721842383736,0.2561567251300653,0.3459332396189555,0.24363150657779556,0.293471671537671,0.25963049112465475,0.3654782664542468,0.29414754660739006,0.2949245270328943,0.3043705532263159,0.31559919913430395,0.45580929543802173,0.2819080249676419,0.4520797419138555,0.3256034731210748,0.29827170332760633,0.2696032820786132,0.29378890098097665,0.3604562321369333,0.26716754886442845,0.24857000673784901,0.29524299830912687,0.20929819567942762,0.2633048586306795,0.3215074460396148,0.31497197553145156,0.2638956526251401,0.31467820987482037,0.3988325351337534,0.28848506303185095,0.3682067829752975,0.336201246553897,0.23466875031722817,0.3063809264071723,0.2574720003607396,0.3038929307890823,0.31580850932431087,0.33469477616619087,0.30556184097129546,0.37345390068082973,0.2726070029774246,0.2798957330957215,0.3376931925126384,0.3630668892463237,0.3479426810952789,0.3507594525979374,0.2812536507051473,0.26528771707367016,0.255550696987502,0.303035205595176,0.43675624458201384,0.27361237273734484,0.282722151790927,0.3628871831490309,0.25486660082074786,0.28065055394437327,0.3021558016812795,0.2541258323215638,0.3282770786301203,0.360647462597748,0.32476836535150067,0.3396521731545339,0.2648720891720314,0.31248504444695285,0.42502775105622354,0.3344682556498764,0.3315869069861278,0.31894001501338404,0.3096784168017449,0.36176077159820075,0.24082879080425743,0.27053815662573744,0.3010437936130692,0.24973018591273394,0.2732510475054503,0.375197015652331,0.29500579694357093,0.28906478182969375,0.327924908553158,0.3601566802357489,0.2809930961752437,0.3375830911979373,0.367375670441626,0.30846937868110197,0.37886510134174833,0.3264230944871239,0.3088740104498264,0.37908896447030016,0.32390111395638543,0.27324182543761544,0.23043046294598413,0.283020564506096,0.27244413495344244,0.3686610822892162,0.3115109559896288,0.23361534862637037,0.2855993021717737,0.24764075212277561,0.36931253357956884,0.3403685705925383,0.28225187448126104,0.2897607366754416,0.3032395471424414,0.28917428960637925,0.313854418795959,0.3570516991139261,0.3458490689285199,0.28074303237824216,0.34671660355263095,0.33002168640486107,0.31480737638508316,0.2864168602820654,0.24431253122863744,0.3049663368694537,0.3223193410652237,0.24416624637314135,0.3337433789309411,0.3730310239053917,0.29199305561632294,0.2540782467447877,0.2667667599583407,0.25097422123407515,0.25339809190634255,0.3167059649758803,0.2594831026447543,0.26676228926941753,0.2810075712754583,0.3465459447042054,0.28539779235049656,0.2844408628107902,0.3192692222292967,0.31725233775222644,0.2749738549549714,0.3324209765655067,0.2549079466254467,0.3007453091578974,0.3635774154092466,0.2713501813394524,0.32905553290077333,0.3422859244972029,0.2983017346883947,0.25062856952619367,0.29352740751783996,0.20244077359467552,0.3943795703402208,0.2671818682056002,0.32116750207093697,0.20781803165755705,0.3166105897345695,0.36918390799528894,0.2894580014000054,0.3011288863404776,0.29459042472576574,0.32407023299318954,0.23875620882680565,0.36707627848277924,0.2420266756008728,0.44301144986275837
0.2758613179659087,0.0,0.3106798268547015,0.2741426448847105,0.25548957521604027,0.3258479905811104,0.2979676224312543,0.30610963106490136,0.25243973693492555,0.3880933966995948,0.3102327350369274,0.3181098643533792,0.2925731803651154,0.30731637701346276,0.3051226381450506,0.28653653978992893,0.2931435437349917,0.2920683361588862,0.2967411576722795,0.29441626420924577,0.3091760508462053,0.4156495122219823,0.28266650408960436,0.3282059842964712,0.37115302374580283,0.21856318209326434,0.23571482587528952,0.2750718407108708,0.32462408334681797,0.23227446976590466,0.30295087857613323,0.2804255469533248,0.3086575756132962,0.24756500564144687,0.288762453607157,0.28982181020454895,0.2809361467587677,0.27347698091544964,0.274673652685837,0.2909832001943416,0.3107872413711245,0.31126565932257283,0.22774607163325974,0.2773201464586124,0.3260722113492119,0.26769917865071197,0.2569996614734354,0.2615109101495801,0.30780388430347205,0.24985940348410754,0.26440303761720957,0.26233716946998287,0.2798627288934014,0.36329440782910893,0.28500228608801004,0.29209244942230145,0.2738942033127827,0.26694322212805244,0.3170234482358467,0.30117941929699343,0.2887789962336184,0.2062391759640019,0.2316588784774484,0.2434933889847639,0.23828723123103157,0.23940130508863605,0.2683533081728317,0.27127651810039455,0.2508040574156272,0.2896951719536589,0.26188830111488126,0.2751708384755907,0.2189482777315603,0.29618208593715933,0.2973062146303372,0.25639488908018565,0.2333257284457805,0.32947535199010813,0.2341849963042096,0.2092725842541704,0.2709300066818619,0.2553850095533115,0.36550058647293243,0.2581876641152537,0.2388215163766786,0.3490370314947699,0.22720408351201798,0.22245706630131204,0.25775895256535564,0.2865368329888792,0.24121417655663463,0.2790483237395032,0.2990333184924477,0.2618352440509581,0.2781908070458511,0.37668798474505294,0.2307700748299342,0.29277969222242844,0.21439269216978044,0.2820081331451767,0.2855527834550924,0.2174361054061457,0.20270156559452635,0.31094222188397985,0.2377611201738676,0.25554922739767777,0.2427651775747133,0.3708593035797308,0.3012754321325428,0.3982650868618194,0.28414312476262377,0.22639448290595932,0.24250710283484395,0.24012657553926836,0.2718024014729677,0.32994882946775433,0.27916310350457435,0.24720019555955447,0.28978564299289733,0.24624844539366866,0.2546299304597935,0.20780006446034927,0.25066631524745697,0.3343019539350644,0.23133228189041252,0.35506517288632494,0.22234940803124792,0.30480551542509005,0.34085901981879113,0.2680685722544136,0.2859550572882884,0.25520364913002935,0.21805912002155087,0.2657719516347893,0.29892821883646026,0.25292837445218663,0.29213348153293345,0.26832734976468586,0.30471954815206326,0.26386625723557816,0.29442388901340055,0.3112780154063606,0.3227549831291372,0.2513776583882816,0.31057726488194337,0.23623960175637468,0.2894473196422041,0.306055450645241,0.37434228455370305,0.23828887403476123,0.23798572453970476,0.31153180388099727,0.27559790672831974,0.3074139112839871,0.3227902671582631,0.306547327724077,0.27890812379143165,0.3320976863148465,0.25624021293668325,0.2194407344986226,0.2955833807668561,0.2811365507921765,0.23431336203802539,0.2765165770895795
0.24390916288783163,0.3106798268547015,0.0,0.25540533463608184,0.24013434322538954,0.3124504150092966,0.22271639133953605,0.2846602725511357,0.2202654801181876,0.3654521921411093,0.3021407982718581,0.2920250865615943,0.31823267435420594,0.238551928892071,0.25458116272954495,0.3632110985479158,0.3030657114100711,0.26129186703503554,0.23157108489268002,0.2362808582867183,0.2975788613475628,0.3837213675753634,0.21877748921014373,0.2427197036479744,0.2823312341888901,0.25277402527532555,0.23530456033648384,0.25291218974061724,0.25725303637973373,0.22061607012791964,0.2422335126662652,0.299005675903464,0.25190857349868817,0.23379389013318988,0.22496708194887072,0.28124761060195363,0.2728146583553471,0.26510522703660455,0.243767365182136,0.24516952242805432,0.24591945019880657,0.2611709007929733,0.23359036886380652,0.24536294510685172,0.3028797499823135,0.26411271130332564,0.23431741408455237,0.27240862526349224,0.24753503008585132,0.24623270042482964,0.2585633333320419,0.26577695884905406,0.19804700362377958,0.3192944841869452,0.29528994258087204,0.22755312186216536,0.23282032836598085,0.290781100103614,0.23662296762813007,0.26118816361320274,0.2588945185804796,0.22127656336027215,0.2548513068665991,0.22219387730710505,0.19953744751258506,0.2313054104114505,0.24852698351753044,0.27644561882235763,0.27433636908756165,0.26899388488482157,0.2648525013524846,0.2154145960329603,0.2206846073335348,0.3407072849945334,0.30818735169679434,0.19605229929325943,0.2630822733099345,0.2820968155288988,0.2183054180125438,0.18046758191168047,0.23984645301684737,0.2400030123145116,0.27079329977542693,0.2668286997745298,0.2199155046898719,0.3100982758543577,0.21083294621703044,0.20746654703117876,0.25676113412572144,0.22702315808949566,0.25318212566750103,0.21803593028195753,0.2630575298630965,0.19920968820215598,0.23157250487827122,0.29380656749706774,0.2132754147435679,0.259610933705339,0.18624757004671974,0.27073588708388235,0.21461074030714852,0.22856222386180228,0.1964490238949279,0.28689148648236484,0.2379801330310225,0.3105246379365687,0.2632841223246863,0.26434120563479147,0.2521284175322018,0.2815489485440417,0.2494188701049305,0.21120686115709478,0.23846458478660565,0.23333640025073865,0.2375770471376101,0.28084411192092307,0.21151526981839458,0.2845886178481227,0.281987304299625,0.24098308532149862,0.23158131183258998,0.20708773487268203,0.20459099607687328,0.27065248060841013,0.17410303915427475,0.3431873932544378,0.2188338790588228,0.2843299893564167,0.3324695922292308,0.25120814001123626,0.24347158253090673,0.31923320992396337,0.19801747768677525,0.20924840130802644,0.25839498395193294,0.1959893473096662,0.21915037628741668,0.22273053466945153,0.2667342032782953,0.232436101062784,0.2285646735482026,0.2681190932387274,0.24194873563330768,0.24685399387523052,0.25907467762128994,0.2085817401525236,0.2768658441366675,0.26796807146959517,0.3301949165397492,0.22416446892451755,0.2023645467881021,0.20383381393422007,0.24706077481345684,0.27430539210414895,0.2857670403159183,0.2508567270428336,0.24343503336316333,0.30758075536578783,0.1832335732957619,0.2233244652269959,0.2547350545042848,0.1916461740277738,0.20139546528380636,0.2337524249667813
0.27071003476971706,0.2741426448847105,0.25540533463608184,0.0,0.24955827831217336,0.2579340147243086,0.2966211416653835,0.27182139686704404,0.2363526093427884,0.2448334243882473,0.29466512739578177,0.25059158871411236,0.3128649442594929,0.3253255300180263,0.3384731648275676,0.2836990750144287,0.31698834375626744,0.32434283593235547,0.26160648219316623,0.2646462162609837,0.3205564013177635,0.2761216980223587,0.2835294023811422,0.2624154193662513,0.2735433167563716,0.3192875882948848,0.31449395206660147,0.2992836671118647,0.23813353287661204,0.2150572098312045,0.2707216942965243,0.27666174237372215,0.4127745477241161,0.29447338906053777,0.28803856849025516,0.3138046911770009,0.29209656257499017,0.32778523597152215,0.2677865626849598,0.34255547380658485,0.31622367136974927,0.26373593134278245,0.27004893211151104,0.28964869856886094,0.3172367785558579,0.3450258249792732,0.21115588005500513,0.24757803584984708,0.289061353490073,0.3058885707850553,0.3875732870621475,0.31159204772582444,0.28468939142329663,0.37668573164424235,0.3003219457011779,0.24227069816631727,0.33057937509795426,0.2812125777158215,0.3020541643561747,0.38957036143776214,0.3128181123558804,0.2829741110876463,0.3043909865591421,0.23058872343245945,0.27494544368252277,0.3145661222912048,0.3823199756825236,0.2631204304745272,0.28740580563906937,0.2877003973972764,0.28633360971928706,0.29212773579158435,0.27097771763975137,0.43226597250836113,0.3196481560202703,0.25073058444866153,0.3376369255116014,0.3230751763557937,0.2948130712598618,0.21067370542473074,0.2510899674434203,0.3228597958113146,0.25598575823795094,0.2953524972044665,0.32034635199742373,0.31027840798583006,0.2736398702994089,0.31170072653801284,0.32809731181221485,0.26511548895940273,0.31383841747196833,0.28877512306349384,0.28458299273764165,0.272369520094928,0.3166653922127908,0.24645356088056758,0.24768904621803317,0.26777393218439494,0.2380646789962091,0.35157749718406545,0.2980912971673892,0.2684967200900164,0.293384711655429,0.23258310845553729,0.3224823139173593,0.3127788771253116,0.32003220384880665,0.2502008979590052,0.33577697814624213,0.24227143796797118,0.30474775518064995,0.2853306794670435,0.32557080498983443,0.3380290987361444,0.3409247304427144,0.2958619411423919,0.28149957211799853,0.22052039037320129,0.25849647222893174,0.30585013264569877,0.2859805292378098,0.29886709810555406,0.2528065170724422,0.3233644661763804,0.21768553905250243,0.278157713848881,0.28525256347427413,0.2903074129762816,0.2951267404111556,0.35831922464172944,0.22814479444978977,0.2977552199247471,0.29247143689473837,0.28574011044407793,0.26418990692597394,0.22654083802875224,0.20309325896777378,0.3247007621649418,0.2947201964340459,0.29955641301016056,0.3346459972363193,0.28085475593917003,0.3458569576757019,0.2869543300618403,0.29405824651778084,0.25042617576455384,0.270464676211405,0.27936319588909175,0.2272490475527721,0.20867559540838554,0.29480167452671807,0.27252048462153083,0.30295710522618896,0.23447416474767596,0.30277676605518006,0.30728950492177365,0.2869669601605503,0.2974365240297859,0.325051272938275,0.28800067701502624,0.2916472068003404,0.2572457482064087,0.2704333520058321,0.2794358820773
0.28424028117913874,0.25548957521604027,0.24013434322538954,0.24955827831217336,0.0,0.22101929282751306,0.30955160831951756,0.22215625653105558,0.24615526374353625,0.23527208939789188,0.25947336469113463,0.2323418222311503,0.2469986169139123,0.2767440956834878,0.297781345679412,0.2716892898184747,0.30291759084250913,0.30971268295965726,0.22237323643356915,0.2742325021790315,0.2996638564758428,0.2799544417762773,0.28861553723828537,0.2719931455247578,0.25060343724746365,0.2397081366100034,0.24813699320086097,0.23646075727670332,0.20777658815575992,0.26409433517985875,0.2773492575043916,0.23695200901399902,0.2554494492114771,0.24981754261111067,0.3669775170179208,0.305697952303958,0.2774969221563396,0.29085458009791504,0.2615488780488493,0.26819061903975505,0.287211000415898,0.295861386194475,0.27396697583375557,0.3247013390578579,0.24528205539418207,0.2641320327122432,0.29143264464291213,0.26369484588042347,0.3219648447437243,0.3166927271075037,0.2927550540918541,0.26440905210055016,0.26119194224541026,0.254278968028038,0.2454309003568634,0.23565264026004412,0.2588809486971039,0.2828185904023552,0.2695893187705718,0.2930814691104055,0.2004101471928444,0.2326399473343308,0.23785528090468316,0.2801311297970803,0.27025107523975606,0.21405468431459504,0.23844367771256217,0.267120766895345,0.24696722186495448,0.25764813736981224,0.2778745177318959,0.2987453943914433,0.22459461475594641,0.27833880734820365,0.24363718546926305,0.23338507766546068,0.24351603986727743,0.38905164671094705,0.22805328744793607,0.203836735101885,0.24461385327915036,0.27894553196168287,0.29024410923182037,0.21839893644250472,0.2506975933988786,0.26840240145228433,0.2211087514085857,0.2560636631402483,0.24712152904463713,0.22812332912182653,0.36782533299582854,0.3244969585800706,0.3337166391986145,0.22127121565054164,0.28385168244806186,0.24251484722060293,0.19599192782404595,0.2541831408093727,0.2639609617605776,0.2452137959530715,0.2655135885439247,0.2060354818990564,0.2434858993857828,0.23442897766446955,0.25900726043644806,0.2753057045159879,0.23710077856884962,0.26967621592800994,0.3196538790051805,0.2564622036487178,0.27456417202101935,0.28939609584409226,0.22820684141112726,0.2693466229144791,0.24273715034050153,0.25567999991946505,0.237302377777672,0.25128649659646335,0.2304737304785348,0.27646417476007773,0.37726583044413164,0.22057683924416666,0.2306862882756271,0.31669705517377633,0.24053336991348676,0.2255231395470545,0.23803478540761489,0.2605654422271593,0.24360017517798063,0.28097798574021304,0.24570558396305706,0.24731771644602082,0.1998563396520214,0.26148075297731477,0.2406882311220883,0.27397504591747596,0.24396091565432038,0.3307007854334625,0.24915889691666654,0.2999141643193713,0.21603877043354602,0.2884584702525155,0.3197522495955057,0.2769493473285293,0.30156100801515817,0.25849459450918116,0.30607705839603755,0.2642920849097698,0.2434401496782478,0.21200686529196686,0.23691018915064435,0.24763864449893064,0.3067504765489902,0.2517844370385267,0.2755830411304552,0.270269045730384,0.21487351055473466,0.284685441820546,0.24049836089068338,0.23022566049826515,0.23561274459599135,0.2451195190110087,0.2409990891976797,0.3218456198236609
0.2837910747152371,0.3258479905811104,0.3124504150092966,0.2579340147243086,0.22101929282751306,0.0,0.22158260346470432,0.30399389693677764,0.26223607165936513,0.274845535586613,0.3102713959782047,0.31027498243399465,0.3340429491556637,0.21852480601319427,0.27031236203527026,0.34252147553117235,0.2885976386846217,0.23096446227893552,0.31063598193130415,0.2899557078984093,0.32762284735036284,0.32697044055422414,0.1997246013565363,0.2450020960750813,0.3569265938766205,0.21536634688924772,0.2102845575846211,0.25561055318105413,0.2210785690747694,0.24756851121949278,0.3013209202145418,0.36586212980138366,0.2785912749354421,0.24515775974946757,0.23870817552255613,0.2604689120990091,0.30107242072656737,0.25614269574050097,0.25354115944423267,0.21814736133139773,0.2408960129740722,0.30644874103509345,0.25528562201060784,0.29256677239165463,0.2671204647385656,0.2493188365597066,0.22428243544284798,0.279026172578566,0.22611619497421256,0.2516864083721292,0.27328901997822036,0.2801156655859902,0.21960814873036957,0.3130984597361554,0.2446632225017929,0.2896283983664731,0.2649501658463076,0.35930399978294386,0.22087745676724954,0.24194042691746498,0.33031144805540735,0.2531609615389544,0.2868695327807163,0.19932805201109882,0.22838311991087235,0.262310637364979,0.2589029346323017,0.2980281541958773,0.23353239015863658,0.2936994167752609,0.2824815671585751,0.20638141400663984,0.2468061526057958,0.29492525284964427,0.3589752852902828,0.2349050851255136,0.24983822232100372,0.2554128565458251,0.22606025576962452,0.25046954936578747,0.3343317669094152,0.2715913917356457,0.29627411742844184,0.28852341553629957,0.25105841516306554,0.287278339904276,0.29561801305384644,0.22629900068608275,0.28487261126809116,0.2519237868353473,0.24845615953479888,0.26749958957363,0.26511475521283356,0.23934030744540147,0.22807903696296064,0.33299930439112135,0.258200532623235,0.29491722498485246,0.19781980776947117,0.2565720908660904,0.23736920763444153,0.24649981019383618,0.2200165098906476,0.25724538444587425,0.2603559894707413,0.29601421071665096,0.3000251535168963,0.30452917030673043,0.23025777026721092,0.3227445393443909,0.2864867101582405,0.21696066746694637,0.31524657001263967,0.27304329286237816,0.23615486000413438,0.2711281020516395,0.27503629636420895,0.23078431742259609,0.31491215481389573,0.2420812078767028,0.21847802132458674,0.23278906255892068,0.2538572304690266,0.3035851610842269,0.22937254674369878,0.29610924470117433,0.2442212163520175,0.25920959799959503,0.2766432107744159,0.22201093036711464,0.2872259992830394,0.3893044092963042,0.23219354882386137,0.25098229870194083,0.3040856560555046,0.22773867050145735,0.26333915103246536,0.2050349369953202,0.23992106221602932,0.2654725455115724,0.2714649575560185,0.3172942042704109,0.2521207774992748,0.25872528270312684,0.2904878389288837,0.22952157980788782,0.30260358166852147,0.29789292712232857,0.30043283297835066,0.2434829754494618,0.2519434679260143,0.25493599825167196,0.23586952479070553,0.22938315509332718,0.35044523973721625,0.3022485206367386,0.2673913874606268,0.35457803830551465,0.20654835872305236,0.24500808127564974,0.2392798060704134,0.26276532452934,0.23191161901068838,0.25863363880161805
0.2678721842383736,0.2979676224312543,0.22271639133953605,0.2966211416653835,0.30955160831951756,0.22158260346470432,0.0,0.21749930126648298,0.22580527577642048,0.2517656265101167,0.2566096225711905,0.2637270598388421,0.2770342271697496,0.3098075245140632,0.3375254281142616,0.23595706419685444,0.2680142182597736,0.29546122641320527,0.2456433143714557,0.24375836315181953,0.26667119910295284,0.28505156405809545,0.395145106488085,0.3198800490104805,0.26968970485487215,0.2552931137886536,0.27454302271921843,0.25482268090906846,0.2422958542965556,0.2512040228015936,0.26783247055682563,0.26079107081574004,0.3077039623006219,0.29879799069342594,0.279995303411301,0.26421224744675786,0.3007482363553578,0.25313517413118164,0.24807373966200197,0.335039883736321,0.3054670365152146,0.28270307564271413,0.2549703767642714,0.28180705636765024,0.2928702647946043,0.2824008890912918,0.3001037857109027,0.22508645721754622,0.4145543198376726,0.2606682621455181,0.3101194415642959,0.24685905485326262,0.2537637207934331,0.28384345771497566,0.28005896506269023,0.25760069356894777,0.25914522492611847,0.2390857339992454,0.33019783132478925,0.298389258721239,0.20741758167111582,0.22551217932379572,0.2140730088002416,0.2633425474820428,0.24108560890224903,0.21168010882655935,0.2895388287530675,0.29132975605670963,0.2420377074112186,0.23234943380727133,0.26750881850297703,0.2754153734393958,0.21649963809045264,0.30909824838469613,0.21245331981796128,0.26509975862669466,0.3040990858403528,0.37314912687164725,0.22067197194228888,0.20885808334253025,0.23504055442165803,0.26295844131403884,0.28766893787724945,0.20553802182862957,0.23401556268705345,0.2718771425762995,0.20919824614591775,0.27103065788050734,0.2699389857087142,0.24459272163206605,0.2911643484362316,0.3601189244335141,0.2952829370922051,0.24579459262608164,0.27250150461617095,0.2686740524381145,0.19497284727941377,0.2827501194444393,0.25026555660503774,0.2976010820400935,0.2831355145278787,0.21721905774405725,0.25113711914063075,0.24055725209398046,0.23364799002248202,0.2694850996397837,0.22571011483482867,0.263072134021014,0.35787266020307296,0.2784096556241207,0.32545623340675633,0.2516024992267373,0.23223948836207875,0.23398747269163941,0.24626527568962311,0.27377062012991465,0.2550209381584112,0.251140264405111,0.23546347704556664,0.2438189870221612,0.27665089413891475,0.20649859160072995,0.2282193999287098,0.3375650844383168,0.21719428288848025,0.26377162288285827,0.23088016565680017,0.29723904693994724,0.2364859300114143,0.29574092108909905,0.22688477890616748,0.21232686248521487,0.2065133649794744,0.23437689323180663,0.21231192029182658,0.2467178832762475,0.24934075002163258,0.3173236277702771,0.25964404849504585,0.2807720989772187,0.2517995560920174,0.2595610227883523,0.3254179042681538,0.2429629132241934,0.28142533563211225,0.29293281280855293,0.27271206245295787,0.28253932715561336,0.2359454482277751,0.19243597215608252,0.23474953935892046,0.27089720954623464,0.27167304387715585,0.29684819060092704,0.28191350221435413,0.27850212143168035,0.2748245827511844,0.2931314918307769,0.28796767700857395,0.2642000513853965,0.26499147717996546,0.24804581799575898,0.2400590060308474,0.2699658046921075
0.2561567251300653,0.30610963106490136,0.2846602725511357,0.27182139686704404,0.22215625653105558,0.30399389693677764,0.21749930126648298,0.0,0.2656314367784668,0.2756952663440141,0.26567743843251,0.2830872226505087,0.3111965318379886,0.22993332659826315,0.27072306374850275,0.3259509060808363,0.2917019398091396,0.2614114068601522,0.2676170887282037,0.2694787379613866,0.3072182690853737,0.2706555058781163,0.22939108388997312,0.2350528278416751,0.30998721187160366,0.2307219971623576,0.25841588447926434,0.26648917964772456,0.19588193754532754,0.23905807956413452,0.3469985220241739,0.2905819117319078,0.27819343431941357,0.2585656830756761,0.2500321706252376,0.294214869937257,0.3005219570508473,0.31338561581246016,0.26829158729356894,0.236378270146585,0.2540196942227451,0.26466446583586745,0.2771659553561476,0.24666460996565903,0.3665658374967441,0.27856740441952493,0.22893365166177462,0.24111047892616272,0.25283655450848536,0.25772218187591195,0.2657446852751029,0.24773594325137685,0.2254850519862581,0.271238604879562,0.2554674648202278,0.2510239438573661,0.2608291860817263,0.3554196776686849,0.2528065494843459,0.2715898017384622,0.3758446677887634,0.2277753343392811,0.28163877853975333,0.2289964483523982,0.21472287791107314,0.24916234058001785,0.256175463530019,0.2661291836270022,0.28478022381224716,0.4650196198529769,0.26255284134423024,0.23862007569386173,0.22380674510594117,0.31792288223285736,0.3688738505096579,0.2211749057250175,0.2894773485587286,0.25769772087625814,0.2928043947003102,0.18552727612337544,0.2466180019455879,0.2620647531498084,0.3017354589053666,0.3187630247737455,0.25353482545454153,0.35557996014093973,0.342548257546984,0.23859497206212668,0.32461749497319475,0.2682324773012663,0.24574852026304386,0.2508679162238402,0.2572287815590902,0.22148415508849154,0.24912590786189398,0.2855082428454642,0.2746334514480348,0.2877140753905672,0.19428600796421458,0.2871817501982075,0.23890010950477678,0.33195677047409433,0.22277483266280507,0.2722071271159926,0.2799462377579494,0.3128319233272004,0.2942537080152508,0.3267003743100677,0.24792721175819646,0.2699389264559205,0.24690530789547754,0.22948288974697587,0.25805427885900994,0.2855227491407157,0.2622667380822417,0.28380022146068706,0.2572621293021102,0.2238991747019821,0.23664733368434812,0.2548852165089317,0.2291938184923655,0.33085695343756055,0.21575128418035652,0.28275256118279285,0.19514185661609199,0.2659654179946171,0.2249025767615918,0.36310934946127255,0.28136375078135994,0.24615140536262964,0.2991334567865993,0.29777222420588356,0.2660131092500206,0.23235324195771667,0.27817193678551516,0.20127811733158302,0.2538771904991203,0.2274013058709009,0.2668485001294955,0.29233135009932765,0.2627488233132312,0.2614603772809038,0.27085182029874577,0.25241650301414353,0.2847993886341666,0.2387682271439727,0.3007223204052312,0.28701558216404405,0.2876517423443827,0.22208102479949293,0.2713088985308111,0.25727324356509373,0.263669919139276,0.23742068288216972,0.3648478500049811,0.33361406012377826,0.2425884223143375,0.33121534719395407,0.19438760259767418,0.2252655308109649,0.24600536350484692,0.23162882916503844,0.2340497441177775,0.24440738737636772
0.3459332396189555,0.25243973693492555,0.2202654801181876,0.2363526093427884,0.24615526374353625,0.26223607165936513,0.22580527577642048,0.2656314367784668,0.0,0.21149453394548423,0.2243903209093863,0.25120119871588104,0.23522106030540096,0.2698756289683734,0.2589153419823592,0.24330165614467408,0.2361841473162787,0.305684701738095,0.24671208887535623,0.2968494972803728,0.26196808330688737,0.2900573895465601,0.2136144723609309,0.22548792841875145,0.262851070037624,0.2265441159301558,0.23940632036299753,0.23253358388196832,0.1794217424102285,0.3100428977471443,0.3394468438751791,0.25910814174713437,0.2462053309216965,0.23355169801912692,0.28788376627284773,0.24943108921111234,0.25094180205687483,0.33326356636275467,0.2298958658847676,0.22318239832535935,0.22702216151595256,0.32768532103782055,0.2505110420025575,0.2525649072926143,0.2584732623468661,0.26218153124856014,0.23929549591662413,0.21087308100253524,0.24095237603193395,0.27867443502155625,0.261663457559056,0.2614275060169012,0.25501521325378107,0.2317048416943408,0.2123210378095455,0.3265968600971315,0.2954734800051384,0.26651503992495645,0.2298186949580142,0.2510533316014734,0.21225453929076718,0.2849884815640698,0.25616809297423815,0.23239217415393146,0.2984469890616804,0.2683461415301167,0.26795328688932674,0.2868394814152753,0.23715249082601303,0.2872890331101554,0.3388551622312249,0.27706039872644844,0.28534091670350836,0.2475306157056706,0.2882866340429986,0.2609933648163977,0.20846997831887412,0.22098579938836016,0.27167657213633223,0.21854553593259882,0.2464035728929797,0.4005031386575153,0.32219150950798736,0.24116785693121906,0.2953470930095564,0.34067730506481453,0.2597885058818793,0.28938975153965124,0.28294513247296293,0.37055375309317207,0.3029588647953037,0.33526685213105617,0.2372535653973574,0.25739109853041303,0.3070617865233789,0.2784889802356986,0.27001824900224697,0.2732189332236758,0.300330451559805,0.26044066538019445,0.26926693623507025,0.20515660215607381,0.2723232637142043,0.23307040068625784,0.3345771805333954,0.27126896602307554,0.21992452310286162,0.2548907052923079,0.22441573852973395,0.2174486478078628,0.22626824374285612,0.30798254548941617,0.2781752649398378,0.31496526085184134,0.27156583741256657,0.284636553274587,0.26142899818633153,0.22396692144805797,0.1885138031724542,0.30663496291631887,0.28322009958871697,0.2597306280269898,0.25842799012154805,0.2845194273759389,0.32601086455545064,0.21702747948753004,0.26377096823596274,0.24009353853697052,0.21115206360789082,0.26360517588029414,0.3686033754015263,0.28801627136883634,0.25318849968912055,0.3691976987419148,0.24294427042620875,0.2428752593414477,0.2606148415638318,0.24511278858268207,0.2361901618977042,0.3052776493462115,0.24033577654313293,0.2724278205294263,0.30245772357435396,0.29076866580147737,0.2649455272442392,0.2946648741835906,0.38275313286278767,0.229428872431474,0.25283905443150795,0.2132844277512547,0.32525953496405097,0.2459410669472674,0.2555990646282974,0.2118721110767727,0.2733799011043989,0.31337514992911714,0.2313137673286009,0.2725048356540842,0.24115932904659032,0.2525393771184075,0.20725752106472894,0.3197547462078344,0.2933928382132247,0.3207235821334163
0.24363150657779556,0.3880933966995948,0.3654521921411093,0.2448334243882473,0.23527208939789188,0.274845535586613,0.2517656265101167,0.2756952663440141,0.21149453394548423,0.0,0.2451765623434407,0.27182519007511924,0.28123674063969434,0.2600881304962247,0.24125415984540072,0.2844007549160757,0.2919721367962563,0.2739121173958084,0.2352378323747843,0.23914633013693537,0.25743859154311116,0.2809623296206341,0.2650757584995001,0.2409295581898023,0.3416229631324689,0.20675872224859887,0.23701204243173893,0.26227705695800474,0.3286988419517951,0.2117529643503793,0.2639016337886982,0.2829739622559268,0.2281294538467026,0.24747793709968136,0.25598859017273845,0.25658813638044903,0.2629744571069149,0.23919065182190546,0.21810972368638323,0.2564899986256855,0.22909795626745735,0.274360893545833,0.21717488524726442,0.23418389919824634,0.2803404829216936,0.24946792761289335,0.2338512618120901,0.23658366497344213,0.29400857590624685,0.21623916975404253,0.2344365706842026,0.23047210626572792,0.2188125185215632,0.27834589545470695,0.2873139526462666,0.2642653840515678,0.2258726918892191,0.2379816746450502,0.27760195112760067,0.2579995547636829,0.2579966952263917,0.20159501980771258,0.20372092509536777,0.225685288858098,0.20657913379255258,0.21297049160830836,0.23492194883174486,0.2406931969543164,0.24584340281939143,0.26347697211540405,0.22079040392273122,0.2604502220158619,0.20378542802532593,0.2796987210044256,0.26454289690436666,0.2382923245068834,0.23183514126200666,0.30601569161874476,0.20532333968446842,0.20162194358785207,0.24851198259863605,0.21707877199089992,0.2889239099426058,0.24729534801541322,0.2269100040586384,0.2782950515115674,0.21211286936948956,0.2187088141462548,0.28249836325567695,0.22715135003969933,0.22430244880118616,0.24828375560360613,0.26854423333609523,0.2097212828636016,0.2466331097498104,0.3037917795400903,0.1871535376800383,0.2833152834964712,0.2012256616395368,0.2845505266365496,0.24312272614029803,0.2183810023461153,0.1973728073825402,0.31609029954365636,0.21724609183816418,0.2556636240472594,0.24248063455334257,0.3411814296327134,0.26456597487699923,0.30174665816088964,0.2413232603960328,0.2096101893952507,0.2359435200917908,0.24491330284426022,0.22893153298283284,0.279121641042222,0.2564293107858043,0.2864379495257801,0.2765849227743989,0.2529232152493046,0.2216302472345986,0.2019004511796343,0.21240106913581983,0.2748376612158277,0.1918142590327744,0.32583520533619503,0.2201297416918258,0.2568050522022783,0.3550084101928937,0.24000655476915592,0.28708559873595896,0.2335270834060496,0.20770306133309388,0.20478131764846927,0.2287869575047116,0.2033769833353049,0.24532195837222948,0.23920332798897978,0.2633106791098902,0.2321629604036246,0.2311797747943904,0.2835557902405786,0.2787627715264666,0.2203889915418193,0.2603647868784683,0.22673747655427018,0.22105163640873055,0.30014677414866364,0.3949408855940837,0.22747966182506402,0.19997950885609442,0.26137655659299275,0.22974053220046237,0.2747254371760065,0.28281067869035287,0.24847149896832985,0.21590948428460022,0.3123857920974983,0.21807474309305708,0.2357973946453319,0.29610556207135447,0.2364204625660994,0.22201113521435567,0.22250456975145602
0.293471671537671,0.3102327350369274,0.3021407982718581,0.29466512739578177,0.25947336469113463,0.3102713959782047,0.2566096225711905,0.26567743843251,0.2243903209093863,0.2451765623434407,0.0,0.3157574353619243,0.34957317127312076,0.2634015482183294,0.2817702799442623,0.3983886443496333,0.320972432579432,0.2959661377349697,0.296161043365421,0.29066576661271587,0.3204522590096375,0.3660610793402806,0.24282794053113915,0.29615817169096614,0.33295958628737815,0.2793063538473178,0.2604158533693828,0.29905986766943043,0.274495470276525,0.24222795250317244,0.28384221613234745,0.3215203908664416,0.28980485870146666,0.2532743773726249,0.28249848514297327,0.3254269207543827,0.36069375205084,0.31049466271689047,0.34243589002613645,0.26308030223477735,0.2768963750016791,0.24772774734686528,0.2822087226323888,0.33217477851921656,0.30992407948907486,0.26826638964896543,0.19994607269249678,0.38941399219601486,0.3069935629835763,0.2635964113992097,0.3113664433110947,0.25369740127349083,0.2252483004419721,0.39669074707490337,0.3830386761642375,0.21122081344044633,0.2984335090644838,0.33893582138852474,0.27406750473401836,0.303105315042012,0.33098928968990865,0.21042415286529617,0.27727482683109056,0.23894370342319574,0.20966355607550785,0.24704635776233014,0.2947841509240869,0.27693914139142584,0.29808778196735664,0.29587288011717067,0.28351359227803297,0.24442061934258655,0.24579951881213322,0.34421281630330214,0.3237351712190193,0.2453527849602766,0.32307332366580177,0.3003928142504006,0.24986074208361123,0.2097629991840619,0.2500587435938511,0.2401501464384897,0.27040994254974976,0.30485626349356454,0.23281813553968855,0.2817376949409612,0.2691016392271496,0.24527494805789873,0.2581760448923457,0.24597503464882492,0.30697329123110795,0.2210970458698145,0.356605885935992,0.2679408119740668,0.24212295657349997,0.3061351190773752,0.23135393902893733,0.22362365029615822,0.1981272930086498,0.2567494760326495,0.31156775380329793,0.2665078057352205,0.21965358308709285,0.2352857570973596,0.26747386777919974,0.2548763779581412,0.2658365877120499,0.26647209479000217,0.25793940212429184,0.3238143721574879,0.3465665430355468,0.23949293341721906,0.2619408544212582,0.26675605641036176,0.28188320011584755,0.2623824519328249,0.24066120970756602,0.2817457930020098,0.28689034210378994,0.23871398068640431,0.2727527562764087,0.21724031255184284,0.23924883745736783,0.3191740807601057,0.21233569990262197,0.36020398399865033,0.19961508910341152,0.3198218696285133,0.2958658099564018,0.2644235250032628,0.21506153719447593,0.29553838162329255,0.278899976863987,0.2572179979677189,0.37700634675532896,0.23029020690337532,0.2647010858141165,0.2521973086866068,0.302400143230852,0.29008166648873573,0.305445703024349,0.3037021884045131,0.24286581745173771,0.2608229308375898,0.37131343575381487,0.2158748717991411,0.2588617630025823,0.26548987227504733,0.26238251273055385,0.2304565562329016,0.30955672127425266,0.24980568723272903,0.35183863595582776,0.23231485412578587,0.29148219841695744,0.32090238777954005,0.29385410654469396,0.2928837528004837,0.2555964051620716,0.244882245939472,0.23637530208816365,0.2557626645355176,0.2009585609353498,0.33142264489400386
0.25963049112465475,0.3181098643533792,0.2920250865615943,0.25059158871411236,0.2323418222311503,0.31027498243399465,0.2637270598388421,0.2830872226505087,0.25120119871588104,0.27182519007511924,0.3157574353619243,0.0,0.24161026821201817,0.19277722776823827,0.2695587584795291,0.3034893657116557,0.2655048011134457,0.23783163824387618,0.36157880746374244,0.2648603576586972,0.33018784881113744,0.30139893537128243,0.23992256604753628,0.2709945111229629,0.36657500594880327,0.21215311336633189,0.23803995409918988,0.23225891829642206,0.23737825897082754,0.2912922235959242,0.3181635673719725,0.30066467505564415,0.2639895994307768,0.277358339723001,0.2291541063173726,0.28662622223978845,0.27857119862476915,0.2744076046083511,0.33301263459412056,0.2310224284412837,0.26234169514240224,0.26158563897701465,0.26957675681597754,0.27468127230107736,0.2736757663285325,0.2625609934942827,0.24989757167990914,0.27839082493585415,0.2668160046092041,0.2540877457713908,0.2944293557842717,0.25179044811395784,0.21162680085570687,0.31580339129209795,0.33274728470323345,0.228471149605947,0.2921891650690804,0.34824904447934824,0.2227985464017542,0.26378840513510105,0.22651486621841294,0.20631741985846347,0.24895298450435704,0.21934450629894492,0.21250106372492392,0.23191081944728387,0.21543887078343305,0.2376293535706916,0.22817749485603972,0.2560861714363001,0.24133331403985633,0.20762635067283222,0.2017833376866699,0.2687189185434109,0.27928885146542515,0.22542822548499064,0.24312058015700172,0.2757684505726789,0.23315290295250085,0.18915283978513692,0.22951289386334753,0.259676991959131,0.29629445192685233,0.22008082844449628,0.23652200300310222,0.29296275423529133,0.22073134652563897,0.23152152507064647,0.2817052733258704,0.25222552985465063,0.26265266228725626,0.2605207845484762,0.29187970395657586,0.24425386160296972,0.21559941788567205,0.3639202234835451,0.21937559278917954,0.26814667445075113,0.19153079265008083,0.2338062353046742,0.22834177599108543,0.25058003402694357,0.23620474906035097,0.35000216793544636,0.2431796977959741,0.26269985448467154,0.2663436825484865,0.2643427532847405,0.23792407990905354,0.3169705116175419,0.35389388717817866,0.24122929464710466,0.21990879776859376,0.2585906312689376,0.23722734115394944,0.253814542799771,0.24030951132273978,0.32556583045036397,0.2534992922565153,0.21469177117813087,0.22408581958684728,0.21259745858063628,0.21129429425416024,0.2961082722005271,0.18340824685101634,0.3622544197507451,0.20037217904688098,0.31349293513701315,0.29960726150460415,0.21971678189201949,0.24482347458873072,0.2557958615876287,0.20349484534616424,0.24151624281155176,0.2822401542838139,0.19637664741549532,0.28829787581926425,0.22201665716639102,0.2563008081732861,0.31150598377675437,0.22662597888698682,0.2590332020169254,0.25499794957079785,0.25083831593287576,0.28925454801200423,0.2588904867389161,0.3370607940469258,0.2588219643578994,0.3373521648745229,0.23125490713069347,0.2635141258362947,0.2595855778026594,0.2879879861895901,0.24710317005700203,0.38040417056885173,0.25737790693433976,0.24578956597565027,0.3080883301525928,0.19237456843144404,0.22420819928203464,0.19553811239330318,0.22356644385693164,0.21119269748991956,0.261405061978827
