0,1,2,3,4,5,6,7,8,9,10,11,12,13,14,15,16,17,18,19,20,21,22,23,24,25,26,27,28,29,30,31,32,33,34,35,36,37,38,39,40,41,42,43,44,45,46,47,48,49,50,51,52,53,54,55,56,57,58,59,60,61,62,63,64,65,66,67,68,69,70,71,72,73,74,75,76,77,78,79,80,81,82,83,84,85,86,87,88,89,90,91,92,93,94,95,96,97,98,99,100,101,102,103,104,105,106,107,108,109,110,111,112,113,114,115,116,117,118,119,120,121,122,123,124,125,126,127,128,129,130,131,132,133,134,135,136,137,138,139,140,141,142,143,144,145,146,147,148,149,150,151,152,153,154,155,156,157,158,159,160,161,162,163
0.0,0.607652337920299,0.6167446572383498,0.5003544622940996,0.5307578750234131,0.6111743358620065,0.5398120212064456,0.6223332987197812,0.5693854741413708,0.6332378572664511,0.6184308387774134,0.5800077780785345,0.6703297498837019,0.5425720883218933,0.5506840922500194,0.655590648075233,0.6297226655482888,0.6777702623146103,0.5607883811886054,0.6742868514062343,0.6174999348619757,0.5913431682392842,0.5529386001989819,0.5296074286475531,0.7290861317429859,0.5334536427176232,0.47819538848315557,0.602323176948838,0.5333175868296295,0.513294873166155,0.6348440799437114,0.6736718411487743,0.48573263301719793,0.5653906114427095,0.6964325958068881,0.5593777060673307,0.6710260036121264,0.5977041851317259,0.5339051790409614,0.5179415223462036,0.515803027980576,0.6202114027149508,0.6014293863640052,0.5908467798213426,0.6249282422129476,0.6125537770042054,0.5563050874675308,0.5940127521206798,0.6650579025633787,0.5796677800200286,0.5902025873444958,0.6022879961929614,0.5124262106114577,0.5324145262140045,0.5563256507185484,0.5775652431342796,0.6288448641966518,0.6014728700119665,0.5574314349717923,0.5855140850227984,0.5725327658610705,0.5056199414304225,0.577200376218072,0.529992768003646,0.553664998591751,0.5741398085794643,0.5711136983427676,0.5925741866965071,0.5577260688717602,0.6685239869949217,0.6717895807496546,0.5569974951006499,0.5617513049853992,0.6202674881638661,0.6264209513243982,0.6244689877997709,0.552798894856534,0.5417962748977649,0.5466766530226673,0.4980220160918308,0.5785871525886919,0.6026558137610243,0.5478367284424671,0.5802109990467987,0.5663265769142748,0.6533814952423876,0.6242834118256834,0.5491345666666472,0.6543804286045523,0.5170497837480063,0.6062503652673981,0.5732643934618872,0.5743508338451324,0.5931225617057782,0.5635115206757877,0.5695476996611473,0.48132773103145204,0.6083788229729944,0.5173989975027553,0.6128412436686217,0.5308605343182363,0.5617486269149787,0.5075327300496781,0.5462171697808215,0.5885677919839896,0.6122855700707079,0.5455997329157919,0.6259105422588643,0.5584983964167626,0.6254154843814085,0.5956529711645816,0.5608376512401375,0.6138257969078103,0.5480944089628825,0.5748921794451438,0.598063669546649,0.6415304925165689,0.6541525499458294,0.5442856372705742,0.5782856338552929,0.5719005891607238,0.5207442860310102,0.6130610091861876,0.6345115585262311,0.553839534348976,0.5831714937514684,0.5195465025687448,0.5541299411298288,0.5949217385741111,0.540974377746271,0.5492765744598276,0.5786673168139406,0.5411599440040171,0.5664525291088848,0.5994689346529852,0.5430415833075197,0.5597483997643945,0.5393915043455553,0.5113415228158357,0.5802150550244224,0.49735521294268153,0.5984221374040873,0.6070457961833395,0.5197292638748396,0.6159453730379003,0.553940081740278,0.5763237221342237,0.5360766025636488,0.7035742371141066,0.4844768768687561,0.6471699182028313,0.5364834834059858,0.5475354412766728,0.4793001915226778,0.6205998730781931,0.655045664360611,0.5515345864237242,0.5988599802072909,0.479010322881423,0.5619962373607634,0.5429080537010094,0.6170258924496081,0.5114428261324089,0.6728419042676359
0.607652337920299,0.0,0.6319585765952304,0.5461042524775236,0.5098818412944871,0.5820419215294685,0.5771758584896242,0.6429782225534275,0.5632576132576872,0.6433516618658184,0.5688862206048988,0.5959256185360429,0.6106249270129023,0.5203143857494583,0.653569623049543,0.5485412523220483,0.5462324265959067,0.5828243381582262,0.5170073942747101,0.5402722550295145,0.5584226779491791,0.6889532832075228,0.5276553734464453,0.5997427678180529,0.5852970963405145,0.4898282244335123,0.5111528870629084,0.5404564171630385,0.5595720619063358,0.48391855309032955,0.6056995582664982,0.5264390027057647,0.5754552886640081,0.49103616387114374,0.5707982177215808,0.5207333699187746,0.5756451917647595,0.5243786739859825,0.5628859445188116,0.561898377004707,0.5583705624258469,0.5714127286359127,0.48024625528730197,0.5269041750490249,0.5971307728567179,0.5807399653907855,0.502075750492733,0.5027593343483073,0.566188412988869,0.5074737217770459,0.537482391515731,0.5448750869520551,0.5150939993758236,0.5685377902306732,0.5176959604093219,0.5774119197576942,0.544594701262024,0.5454301171350784,0.505132580672263,0.5780566032029217,0.5810601072809813,0.45394048556706385,0.490356846046205,0.4558179767556422,0.4944539507167621,0.4919914824372203,0.5804053041408269,0.5447517038762245,0.46659495160782205,0.5878634158167084,0.5957303091777446,0.49268702683426185,0.46596753243615413,0.5894179614056171,0.5713324566735359,0.5197787078472427,0.5237534520511661,0.5481671429336064,0.49140412749627144,0.45055356660548534,0.5172228934561747,0.5904102541670327,0.611087922020001,0.5183322509659272,0.47771059003397287,0.6688303666568768,0.5067426353324564,0.4678482690311179,0.5777021825101233,0.6129285068817727,0.5307629802077574,0.5559059814581163,0.5313699061824233,0.5298697117394601,0.528078464353712,0.5907858156160397,0.4679124665351722,0.5330796067852294,0.45128358430225357,0.6025790163496918,0.5066321408550651,0.48848593740428825,0.44047809626606155,0.5186576442482879,0.4974408819016415,0.5470251659007822,0.49335278432507174,0.5542700978701334,0.5753334073197963,0.6215164546590993,0.5411331651340991,0.478177670886241,0.521656211259728,0.5029826877652065,0.5200424034734641,0.6678588395471906,0.5247140451287803,0.5157192866771918,0.47986841872998437,0.5330370025181418,0.5276594226134828,0.49229924878466264,0.4865719957572925,0.6484997136658122,0.4818303610731339,0.6094161627317838,0.4773874867014291,0.6055713092669468,0.5328125786578777,0.5256288478501564,0.5345630098555213,0.5177825288337061,0.49952370763472537,0.5616994500515267,0.558545840797149,0.4908753369798545,0.5149698111396859,0.5473090915604333,0.5054893144175283,0.5463608461025545,0.5044001769158242,0.5019477303149155,0.6317840648377778,0.48056011997416287,0.541472129769744,0.4591008275673779,0.6367164809269361,0.5774365313909048,0.5595599254329704,0.433046503077093,0.5454875742388927,0.5089032037500415,0.5401066018352757,0.5289275256751731,0.5846990395875197,0.6343191762247237,0.6032818508441049,0.6369164814992749,0.503949944545221,0.47913312485871923,0.5248413744872167,0.5159211718009329,0.4823244753296599,0.6180814199155584
0.6167446572383498,0.6319585765952304,0.0,0.530702211915179,0.599567456846265,0.5699323877305077,0.5714774706685735,0.5993769138557259,0.5053672343437634,0.6062231711497847,0.6263085399923581,0.5692283097206509,0.6651528620173414,0.5231306671021954,0.5892860501618308,0.6546964477217532,0.6417149648806468,0.61573924319861,0.5067020195864428,0.5463387859517885,0.6274641131928617,0.7087261991498336,0.5402490366406345,0.594277454334073,0.5707045275553982,0.5589855507762753,0.5012804649419204,0.5564145145747393,0.5422801576064296,0.491968870199834,0.534203885299737,0.57406236890124,0.5254811160781844,0.5028863609107057,0.5504778338558809,0.5442310728558685,0.5898348943568822,0.5410433944594204,0.5417447322704038,0.5888957053690677,0.5469688962258448,0.5856189794026017,0.5375237271826601,0.5434878657969112,0.6011905503419592,0.6102877742280076,0.5534229762694094,0.5483183167777177,0.5966744418832008,0.5616497276464517,0.5936520613182151,0.6022015905793161,0.5052540838528655,0.5737115805978736,0.5425402036758994,0.5253262550794771,0.5779354876029451,0.591960847695708,0.5308460816822801,0.5974788704548246,0.5645576339039781,0.4807178397115815,0.5488928086091687,0.48352464537085577,0.5072951459339835,0.5192795500275231,0.5687092148227844,0.5819966912925816,0.5250052794315127,0.5825797650385969,0.633726427384759,0.4946905838356023,0.4965937218520076,0.6879022822499434,0.5900604683483063,0.4974045884553744,0.6020133465789317,0.5958996244321504,0.5019393665445475,0.45839369168949406,0.5266935141385986,0.5717272553115692,0.5645182931130952,0.5224011230904806,0.5067775861955278,0.6203840716079034,0.5084471644841881,0.49193251179655956,0.5568515845537014,0.5130181705606075,0.6087326831602085,0.5141908909692754,0.5696043993940403,0.5266376388569421,0.5419929132185779,0.530684429504581,0.46024188818983397,0.5190441377451672,0.45863703919847715,0.600688756738684,0.48034758818605616,0.5325468733300195,0.4585463740300504,0.49039410995718546,0.516079071195305,0.6241184833263179,0.5419351648420369,0.5580933944850047,0.6047945336902718,0.6127095558812725,0.5706530581607564,0.5106484190319821,0.5371855720881702,0.5016673599954755,0.5388428230631593,0.6801503513841785,0.5153219855478699,0.5609628565690403,0.5319834650826478,0.5195520964243389,0.5811574136100623,0.49265588834906787,0.5057586470927942,0.6351988836817161,0.46094423688292474,0.5757660247600385,0.5143895500044201,0.6202057151662389,0.557548673393744,0.5389796924578586,0.4984503106683973,0.5794762747965695,0.48497198845433925,0.5204176904520992,0.5503453975800723,0.4945090034838741,0.5015526107845905,0.5498628917569305,0.5183996018735204,0.5338247241979993,0.46669706822834384,0.5323497383995672,0.5987503507968673,0.49435303760617766,0.5555549558701748,0.49105861241873705,0.5986171078630645,0.5605834023227605,0.5645135231440188,0.45093621225129665,0.5269856613030222,0.48002271425140414,0.5747973696199199,0.5531913178096896,0.5718127658961376,0.5848517189297802,0.567937878689602,0.6340026572317186,0.46555594030159164,0.5173214096611737,0.5237873489776778,0.48976828632887964,0.4699391483833573,0.632005293766586
0.5003544622940996,0.5461042524775236,0.530702211915179,0.0,0.48149836765851,0.4873583225260901,0.5616783803779942,0.5119775989774686,0.42578184288514304,0.5182765475775489,0.5700744048607034,0.494970796591443,0.5101633790474812,0.5230559808867505,0.5720331583501974,0.4864436446201229,0.5221928090778712,0.527725573645255,0.49455087741073994,0.4564214477211998,0.5321708590731182,0.538336410275552,0.49594132399245827,0.5023548755521856,0.49746473093782534,0.5231215044533474,0.47417022062945124,0.5224522431527392,0.5684411400042411,0.3916310776711338,0.49350688108233076,0.47927951780723965,0.6955801936571102,0.47089011123767355,0.5482971648695274,0.5821885459846848,0.4915834315892023,0.5076714052370518,0.5304723012771395,0.5645972882047398,0.6270942969706825,0.45271737173116716,0.4740985454337141,0.5608585011623172,0.5205837642177339,0.509781285083557,0.4257799518971267,0.5001281290526128,0.536425081580259,0.5065187179453219,0.5730075513084057,0.5541102658079191,0.5072635234349825,0.6741940323419058,0.6075644366310023,0.4290465978031137,0.512765335244674,0.5076086958555663,0.5238240948899585,0.5448299626942859,0.562041322900974,0.4504272552485955,0.5192591603958256,0.4635993820519182,0.48125742803143545,0.4789779495610474,0.544580426702433,0.4604286289411437,0.47090856200441783,0.5195897140866125,0.518480543438151,0.49359402525385343,0.48705339974947454,0.5856686760248705,0.5197299352175805,0.4627320423484571,0.5308640354439345,0.5093025898003537,0.4834996770477051,0.4232623886955209,0.48469322162697476,0.5356763104771608,0.4447942749144761,0.5063307498063552,0.4928344435536119,0.5121247575552762,0.4687031189671859,0.4772639462950775,0.4962415547224443,0.43073031054286215,0.550761120673287,0.511758194036087,0.5542834296544529,0.4981480105427724,0.5570979311015045,0.4959370484986558,0.45600240967168815,0.48432108562087206,0.45594150482239637,0.5739816554623317,0.5005999154538592,0.48464003342846496,0.5032988906265738,0.5081232063150793,0.5135602622987785,0.47197197322860013,0.49773233597669536,0.47058182170621043,0.5444009678977656,0.47535324630152914,0.571099371329245,0.5017721540634718,0.517984125999288,0.47751065676149906,0.5488814397976006,0.5163410979668628,0.48471436424156544,0.47242720176664915,0.5578663753983196,0.5210589420641886,0.5006641527967273,0.5291765165406492,0.4536470808245612,0.544214505282842,0.4546607351579664,0.57297846768077,0.48538511983578014,0.4828722530891685,0.5703712170466746,0.513303602707483,0.40622210456665675,0.47004258723658954,0.4707589025915305,0.5347932901829351,0.5093106043586849,0.46342731891406186,0.4040584307896719,0.5630908730881797,0.49339601207512107,0.49217811849586923,0.5837077053377209,0.4694044162286427,0.5605962926437463,0.5045152609724889,0.516570969200779,0.43889127702069014,0.47268672267680345,0.5010344526783721,0.47193055053401944,0.41714130763026835,0.5308754675265005,0.5102362318630214,0.5120035946980652,0.43355927069357203,0.5389203557767056,0.5014758471268111,0.48349770121919056,0.5067777348826457,0.6048485916974469,0.506202270157042,0.5233376085428406,0.4804492707245243,0.4563345883781677,0.5442319278515888
0.5307578750234131,0.5098818412944871,0.599567456846265,0.48149836765851,0.0,0.49743327834124773,0.5613091438478802,0.4903609220540428,0.4697220226877544,0.5225276763835003,0.5596530507750402,0.5287249275437833,0.513398449115505,0.4782550614248866,0.5393336575732085,0.581016532797118,0.5462918210818788,0.5373090059551348,0.468282110048124,0.46605617113467346,0.5555302281469274,0.5618438552658962,0.5069457934198213,0.4946756120190782,0.5118186061725429,0.5285597741910133,0.4580933962580328,0.46503701867554653,0.5227466320882735,0.5083695812574727,0.5050416694353929,0.5268701981057284,0.4827751527698269,0.45163796861554956,0.5090198207563362,0.5256549799353273,0.5289011436825118,0.5195034678682858,0.5261968618924318,0.5019300183010025,0.5160016629067441,0.5257869569115493,0.5367978401962951,0.5515822817266264,0.4895862558027241,0.5150776697135288,0.5519955185811392,0.5279229205675772,0.5569199484632705,0.5299112167569114,0.5658168784478499,0.5330873554960796,0.4667916285074808,0.5063330767943188,0.5329480356093782,0.4733313543887092,0.5188022286760646,0.588356074490935,0.4794993955740391,0.520027441340372,0.45783350514606447,0.48172853140641825,0.5132363142332164,0.4702958130009404,0.47868458009718395,0.45696060893573415,0.47643336577911477,0.5428741301590331,0.49510308020525207,0.5171436532325292,0.5651018586602599,0.48014946547067944,0.45284167123360797,0.552221687840893,0.4996041831494959,0.46648548323680755,0.5419516983208209,0.6490078642058085,0.4621580982025857,0.4606321195900392,0.4943108521920917,0.5200394038149228,0.5303865243091692,0.4639135911970222,0.487015428637839,0.5128996368680395,0.46573999011413486,0.48735615309796715,0.49046374619786703,0.4472801587827692,0.6502321538184778,0.5012685745187291,0.5906195900312696,0.46657537477469185,0.511041174747267,0.5109652705428184,0.41771719262966617,0.47171573431180874,0.47535622088032886,0.48953976263845744,0.4650316417862288,0.4947136796949491,0.46515410532278606,0.47925036045635283,0.4896052256485254,0.5318440375395294,0.4831835829844384,0.48290144708835053,0.537082035928126,0.4979017337260311,0.5307990796631034,0.51279746371056,0.4707650662494214,0.4851116154155818,0.49183763930979896,0.5294508816656616,0.4723653174600564,0.5627821725893466,0.48503560560015874,0.5027986347210275,0.5994692045776604,0.4914632396664402,0.45294392945727513,0.5842999437795945,0.45103207649028343,0.5356207188033227,0.4813796734570243,0.5489491886015855,0.49742566706178354,0.5052881199597087,0.4565347946466689,0.5270653307465578,0.4450383493893294,0.49174974711040453,0.4725668455742393,0.48564647405622774,0.46328035752822827,0.5217279796107176,0.45240212285779496,0.5316963541116739,0.4417724795023282,0.5238201062452732,0.5262123017901424,0.486667158327603,0.5395534341510173,0.47474479579613443,0.5576880926637665,0.5232578585313967,0.5064717593895646,0.4424698035445601,0.48561656280985466,0.4785436265203537,0.5049496939881685,0.4904175290798478,0.530505227599652,0.49977725242868865,0.4592338874884929,0.554706386623661,0.440541949986809,0.5153247108603223,0.48001693819302765,0.47561392414976356,0.4697012974485092,0.5792288274778259
0.6111743358620065,0.5820419215294685,0.5699323877305077,0.4873583225260901,0.49743327834124773,0.0,0.4932702898510076,0.5749864987132975,0.552955075690065,0.5492399076023323,0.5460329709676934,0.599706347242084,0.5420562920118838,0.45774599519127745,0.5000454584392645,0.5517950637006857,0.5329439974888673,0.507490993532591,0.5670212852211733,0.521157453563915,0.5869492512319119,0.5502688274679197,0.45020113483623403,0.48217330642074396,0.5971322225742646,0.46076505910446985,0.40803190422059976,0.4968554593492498,0.4852692493332049,0.4977413188384017,0.5853817114368502,0.5802350257118599,0.47650221389425657,0.48532386600818755,0.5357539701469869,0.4942686897527926,0.5602931490512617,0.5039182317238049,0.5267556813247233,0.44502130567029224,0.48366271162249624,0.6205098153979829,0.49763379596738905,0.5660192799959157,0.5024235852393798,0.506632927490843,0.4966179230174194,0.5367802822938317,0.5080732962384958,0.4929534404216023,0.5433090327696881,0.5802627866129517,0.48920441411652643,0.5313932014437411,0.4998022171544632,0.5907979743726026,0.5436585252581925,0.6105074135522058,0.4592817250171063,0.49707462956140486,0.5584018632388226,0.4773786784408971,0.5478241822211547,0.4343766206452206,0.5027856274664942,0.5084434714665381,0.4990229023310792,0.536655060948301,0.4407694769449024,0.5796220596659382,0.5995295868798207,0.45484819159639506,0.49801717633826964,0.5378492731526545,0.5791150744712642,0.5297758551126883,0.5017054988245263,0.5028830025632998,0.4717683111711986,0.5138033812360939,0.5984165951112921,0.5955756556888795,0.5525218212102007,0.505877199843413,0.5098893031935275,0.5582627088659625,0.5902697168824703,0.4631182415165217,0.540946033129835,0.5157769876377821,0.531089581397567,0.5627660025655212,0.5062851130841197,0.5389777508006633,0.5110911545394607,0.5689517747578635,0.4900851814713093,0.5601600479992094,0.4669928522258318,0.5208630474293737,0.4693737768992563,0.5100358155900601,0.45975473549392915,0.5077180409402475,0.5142980808655357,0.5113682909471626,0.4994309442498415,0.5221577102393229,0.47468233410256755,0.5869716738452933,0.5824689095410029,0.4847342992909278,0.5800984607935562,0.49761252650586296,0.4875455257409349,0.5378914682840529,0.564389485996244,0.5048173773831972,0.5157906313830873,0.5237342705687138,0.490987548924895,0.5017764832082646,0.528321851347693,0.6120950533488717,0.512442582804985,0.5476832559595493,0.48847960006991814,0.5107944607303494,0.5180377184498794,0.44863445833464544,0.5284132444414733,0.5894680311179934,0.4839648639368383,0.5801766051823354,0.5376285203423353,0.4876639715328296,0.48934217885341286,0.44883934814058163,0.41456229683379847,0.5259608662517554,0.4705875598756925,0.5362686191050619,0.5672020535413685,0.49375944726951326,0.5363174219914651,0.4626037815165891,0.604759293281435,0.516576732866018,0.5510784530109544,0.4521924137598716,0.5703714567820143,0.5173961357450102,0.4877089307521507,0.4287500354191268,0.5928575234370447,0.5709300532216093,0.4947476951526579,0.6069892165373059,0.4379922194944058,0.5086262935699483,0.47817655599319003,0.5629155281501945,0.4886600061068972,0.6002790189051007
0.5398120212064456,0.5771758584896242,0.5714774706685735,0.5616783803779942,0.5613091438478802,0.4932702898510076,0.0,0.5168014216502625,0.4693019034925805,0.6250142431616169,0.5307080469745298,0.5226682570162962,0.5586121271691299,0.529547257152331,0.6398873177316379,0.5112774341004032,0.5021733423687581,0.5530486252858073,0.4490960879666694,0.45709399630210035,0.510772694878633,0.5717857752979866,0.557291820704542,0.5283795065358148,0.5444930164365754,0.5402848556177371,0.5101763055569387,0.47600831114847336,0.5533967573411362,0.44701480778094715,0.5394730196483435,0.5229348415753444,0.574839478872248,0.4792899517869595,0.5410563154410343,0.5325402760710876,0.5717080937933323,0.48280668650822706,0.5016104228234807,0.5795766645527594,0.5191812077468693,0.5118907544150632,0.49499968813743384,0.5436303145944097,0.5572306936144028,0.5395385417047963,0.5346015498815085,0.5058720703520023,0.6154115771701614,0.49640694825048864,0.564198569529171,0.5095242301523873,0.4616367228705103,0.5399512945118199,0.5538471774286282,0.5074667173893338,0.48573233808886607,0.5061328112527219,0.5396735832212923,0.5359711065198292,0.4905500544273107,0.4626136740225592,0.4669668709746267,0.4627167783358028,0.47048205469376786,0.4573128238149051,0.5761568036719624,0.5851867592611951,0.4897902077629262,0.5225170088614973,0.564527321214926,0.4939390494441325,0.4614648315505162,0.5867690453866468,0.47151370173890833,0.49704457019323567,0.5578749045993369,0.6283039268736886,0.45214712396667545,0.427937505817352,0.4689136598849862,0.5366250124386838,0.5319248659580931,0.45912266825299675,0.46282977504477646,0.5174016410645815,0.46940028841199505,0.5164239111301645,0.5319657175189798,0.491993236608787,0.5766044966987441,0.5691734758398235,0.5450032351089004,0.46495002351646947,0.5216462607529507,0.5775522437559377,0.4119886369605369,0.5026948085217546,0.4617985821928686,0.5999797380020189,0.49357694507536565,0.48951099267980086,0.49315744083592744,0.5167948403913959,0.47904603672894,0.5147717302190622,0.4689527245364623,0.48849515189101655,0.5961081779514075,0.528840646332563,0.5515904820591293,0.48306399484694934,0.5096424658755568,0.46542180924538545,0.4943247809408451,0.536375250690207,0.4737596028395832,0.5339839607358605,0.4922359265158023,0.5221990242076537,0.513285203840908,0.4940545373822712,0.4446878713358924,0.6009852812590009,0.4446461745739099,0.5795566163352879,0.4864697944547869,0.5775648169584967,0.5096887851378806,0.5397332174897957,0.4519919361303891,0.4590072296110789,0.45052405936688644,0.47850105231886186,0.47643402181428884,0.46378903772607327,0.44943120788604674,0.5883867735148461,0.4894436672132126,0.5039251822837879,0.5058454054555105,0.4913614993861031,0.5805975600111849,0.47230810256586997,0.5287644777897543,0.5173312143026361,0.5244267600745536,0.5322900524305407,0.5082035518933349,0.39332551873105376,0.4948335073728965,0.4759947302103672,0.47109591014145286,0.5612746172855672,0.5359405883728311,0.5423146424072072,0.49419858595561533,0.5813272023695975,0.5233182570906593,0.5127830723036849,0.5266158732385123,0.4731942039440335,0.45959918052605053,0.534040099973448
0.6223332987197812,0.6429782225534275,0.5993769138557259,0.5119775989774686,0.4903609220540428,0.5749864987132975,0.5168014216502625,0.0,0.5961440458705082,0.6295150278662354,0.5481070417314942,0.6311660963672256,0.5972496342747652,0.492355851576743,0.5756986892171221,0.5880018971724629,0.5594439730565431,0.5952145803989969,0.5493017816873927,0.5776389358552805,0.5683599883703834,0.5796151435068156,0.5492962601496574,0.5271039873469726,0.6404267104602724,0.4989240441098629,0.5130316030893005,0.5658301480729521,0.504449116612767,0.5245848981407861,0.6615839527062347,0.5600388857579037,0.5143034079481582,0.5357515350120201,0.5647285256691459,0.5331516825541712,0.5859377963046325,0.5645932049497367,0.5581099043192176,0.5079457508621019,0.5320182718979429,0.5738060429425941,0.5306667547550534,0.512047144797842,0.6422424753490524,0.6190870286141932,0.512810963909862,0.49594241508549575,0.5681038669933883,0.5243404328773478,0.5385343021179293,0.5447280134042322,0.491426152870406,0.5214375872393169,0.5149748541662148,0.573891142095456,0.567907960623116,0.6095444195521749,0.4908940653257806,0.5807620248593559,0.5708950592794851,0.4750285334518694,0.516912823906783,0.4715583398971905,0.4953456268650975,0.5153555156849778,0.5458681134494366,0.5313335575398428,0.4956812925180797,0.6958639432658709,0.592224000883326,0.4995512815694569,0.4749740768356256,0.5775152292828178,0.6085879290820965,0.5380868781741951,0.5238520547819816,0.5238923201935533,0.553103371109503,0.4467722466734064,0.5210233003171221,0.5937187366819541,0.5778452910499018,0.5517706555978455,0.512044970983663,0.7290869108036742,0.5711973078294142,0.4921167468065271,0.6605699978895213,0.5868187435863784,0.5471927819367912,0.5631356566545975,0.5272200826289333,0.526248603755178,0.5145160735890619,0.5732796136328818,0.4794086212778122,0.5822163697592518,0.4626039338409758,0.5938101350665133,0.49532164021034203,0.5559862846152585,0.47148195261717063,0.5603689968784903,0.5346165907507705,0.6007614889181573,0.5271885153443263,0.6041967831067517,0.5522682037629458,0.5657451324218269,0.5314606102932582,0.5087844434537849,0.5151541160943464,0.5509849903368619,0.5387804989750177,0.6257779513279468,0.5626011553479668,0.5477922111231671,0.47239021903288836,0.5535137608827384,0.5160200221938839,0.5503982214159377,0.5018156643995323,0.6128838739339751,0.4759346686516465,0.5906263394380165,0.4859390395610019,0.6153802587909613,0.548524592545627,0.5176053708317416,0.5793879497444457,0.544766241092738,0.5191953756267303,0.5483336468877056,0.5531605127038808,0.47222991364803835,0.5432594101386489,0.5165914668278927,0.5116110264152862,0.6100562855639539,0.4842002755540238,0.5147234251658099,0.5963684406437272,0.4930126914163025,0.551705267985158,0.4908788841096064,0.6206699814125571,0.5659620842572928,0.6272278703983604,0.46280549666041165,0.5904924537349278,0.5089259916885182,0.5371905935567631,0.5006229511651366,0.6430342791212187,0.6536212778443709,0.5330077870190799,0.6253328573541275,0.4556108048629076,0.488163698655072,0.5131060917866133,0.5304059005931997,0.5148931609864396,0.5886725964796202
0.5693854741413708,0.5632576132576872,0.5053672343437634,0.42578184288514304,0.4697220226877544,0.552955075690065,0.4693019034925805,0.5961440458705082,0.0,0.5591731491706435,0.47423889118446555,0.5511330618357542,0.4973928278676083,0.4509587064089821,0.4917513740877671,0.4999753803085945,0.469359818564236,0.5096761344870628,0.4884422113813974,0.5078760270045963,0.4859725714948102,0.5300007955560032,0.4608018857423147,0.4393433273707244,0.5673504184311594,0.4107921004376408,0.44743543775256905,0.4606982832277574,0.4469276078459727,0.5840856692015791,0.6256158214680101,0.5197222259380205,0.42995340537446247,0.4423420653687509,0.5078526010735962,0.45730837732018254,0.5211206522898929,0.4961748761366732,0.49240743492427536,0.41852784634372364,0.435861083762557,0.6357697030820142,0.4606049161350152,0.458106869444923,0.48960912531479284,0.4832403094719382,0.4856787527672919,0.4417989883330556,0.48948377877516525,0.46328105537486824,0.46806628607014183,0.4543790930182121,0.4552168772323688,0.44188910140087784,0.4427616044275146,0.6434831679796986,0.48835074413732377,0.5447636180207496,0.43982602999299175,0.4788508635811257,0.4758923253573855,0.4518354657405342,0.44663007204306154,0.4329144371259129,0.4664740213067092,0.447002437299554,0.47195718777405654,0.5122932910246053,0.4448655932932805,0.5880798727713006,0.5358631023003401,0.450677978825749,0.44444206156966115,0.47485708203613936,0.5262681581124133,0.5033520834932758,0.45224228234244024,0.472227546566225,0.4400686336276482,0.43126200630342953,0.4834061248845272,0.5626478015978056,0.5882496884533482,0.45924930622103455,0.4596320674850969,0.5608109022963043,0.5376490663202592,0.461787023682942,0.5435881548731633,0.5881247102337859,0.4928638921087605,0.5586989604491006,0.4689718427374344,0.4646717133066266,0.47509944149378375,0.55086205638861,0.4460816251438277,0.5121761009649353,0.4609107454735228,0.47675199124944523,0.45468785046439025,0.478473590485084,0.4235484835446041,0.48928729439628105,0.4794833583928553,0.48080243222581986,0.44244282139939306,0.5120778717691836,0.45105427043843715,0.5040775970945375,0.4643583404835397,0.4584652965918846,0.47496938099669905,0.5267975922588282,0.43768336331406976,0.5062379983131172,0.50164934207266,0.50906671071051,0.4090254709331459,0.5268576641150096,0.4673486922709412,0.48302865141229556,0.4536796485798152,0.5298540842981495,0.4894519832801159,0.4851241310209974,0.4534935229763772,0.5146961641473361,0.4452533691841253,0.4460599819610139,0.6998156486019547,0.5081721769059477,0.4708749322266481,0.5301921758169008,0.48149372373684224,0.45133511887164496,0.49670659530583544,0.4329417847772883,0.4143077371247722,0.5464273737182654,0.42653046334469796,0.5048794639166425,0.547391266632032,0.4740312856562723,0.49126400333721987,0.45317589296515526,0.6283573764162294,0.4960800508831209,0.5489809697959108,0.43744860342549885,0.5118143997478448,0.4833288264277868,0.4734949044373077,0.45256513650257807,0.5257269406428947,0.5715171463382199,0.46372200605058495,0.5310192425012975,0.404734634069854,0.44775071221098,0.44452530216422215,0.5208888916950839,0.5036207246942195,0.5340226385433443
0.6332378572664511,0.6433516618658184,0.6062231711497847,0.5182765475775489,0.5225276763835003,0.5492399076023323,0.6250142431616169,0.6295150278662354,0.5591731491706435,0.0,0.551787861210353,0.5575934589091935,0.6500634341853578,0.5569592996877657,0.5958242919487018,0.5829149737777848,0.5475996150693921,0.642499595058357,0.48011388334442023,0.5266332054474482,0.53009503862656,0.5816682318954896,0.5978117928021275,0.518133531191477,0.6721168113358026,0.5299496921086246,0.5577679030856271,0.5377672800455138,0.5734704212064045,0.515827511595321,0.6181936336862519,0.5828463865557826,0.5278485915051855,0.5123465398952104,0.5875067526268763,0.5295181703776114,0.6584573098816536,0.551948405289335,0.5047439083467701,0.5524124625608618,0.5147317296214796,0.5848171197673517,0.527272025151072,0.5308785265682211,0.6182785240048834,0.5998144531707095,0.5695344564967088,0.5145643032830314,0.6505551522314115,0.5086916752827281,0.5445080680761597,0.5214586548776211,0.48067524458958766,0.5042836421152213,0.5337324448399402,0.6163924267475871,0.5248121843629535,0.5554370839929499,0.540372389246251,0.5620875278354269,0.527821086882079,0.4860934093357272,0.48979046295961787,0.4891473622021985,0.4847010120703464,0.49307192518687293,0.5925854275672277,0.6290425051654763,0.5395351941819341,0.6502535700077695,0.6015899823269144,0.534711537773203,0.4851822382853279,0.5883385930607754,0.544279200781504,0.5849583831218051,0.5414729017833085,0.6104191936665243,0.5057512402858926,0.4663083345982023,0.5269378561667063,0.5528373175775048,0.6117732485610856,0.5370030605038035,0.49737341349620845,0.6270046210124375,0.5438675898394651,0.5347429980474617,0.677798541956435,0.5659852320590512,0.5796883320019559,0.5872658102956085,0.5458575761490504,0.49939001095103863,0.5362239483168314,0.6449083255147465,0.43247040207321924,0.5711803018621716,0.4845593963125953,0.6314638086553057,0.5262768737243823,0.5220160631833307,0.491823809005359,0.5747577173033162,0.5174807103923288,0.5832807791948525,0.49433944400703117,0.5993564329604119,0.60191692713749,0.5723319984379891,0.5272496741043807,0.5050315011353852,0.5437392373406954,0.5456988141310236,0.5322070175737488,0.605366562635613,0.5530631745910267,0.583335222704863,0.4875637709168489,0.6070836639208527,0.5243933505334337,0.5392739377106722,0.4925056463460823,0.6425836268912395,0.4880004366735525,0.6210971715371191,0.49363688802858385,0.6008790770747484,0.5442162395276846,0.5677371168076074,0.5709529510189342,0.505166505483422,0.5173419706607398,0.5108396056263318,0.5044578320625934,0.4862026101667849,0.5306815208640374,0.5649897405622207,0.5209632800587171,0.5676909818358976,0.5204322162246041,0.5415913385344177,0.59912840291164,0.48667917797273763,0.577564314258564,0.5341233183797308,0.5618494559177903,0.6011531332827713,0.6310263371381549,0.4410394546470642,0.5391098556044055,0.5258951891136749,0.4866755665663822,0.5583461286719368,0.6064406196882662,0.6400535502495025,0.5349981198873534,0.6571020138018085,0.5017658424578616,0.528397324514558,0.5906670324859096,0.5458826439270704,0.5208464695833057,0.5742563140448972
0.6184308387774134,0.5688862206048988,0.6263085399923581,0.5700744048607034,0.5596530507750402,0.5460329709676934,0.5307080469745298,0.5481070417314942,0.47423889118446555,0.551787861210353,0.0,0.5274240599493459,0.6292049855878808,0.5615275097848826,0.5511554553751431,0.6509372983103748,0.6461910144784232,0.6168885384673258,0.5225519767237639,0.557629714304328,0.6088710013055337,0.6190199035172002,0.5221474898199255,0.5482771499977146,0.5704380760422295,0.5806595844267703,0.4917554495750906,0.6017864633635271,0.6220864247808455,0.45339560490336617,0.5269257654452387,0.5593669259778862,0.5309434977140619,0.5016040654848467,0.6226875252821439,0.5723340255554813,0.6043465973371731,0.6104639907484215,0.5717447209080734,0.5695726281817467,0.5695219469488427,0.5194834944219098,0.547288456950208,0.6187179914188944,0.5576311800053901,0.5500525257788849,0.46521639207089754,0.6493349176213904,0.6169123859770522,0.5578825017179508,0.5929160107334068,0.5921006054100068,0.5085971828134758,0.5959019567985663,0.6261924776533585,0.4709427434067192,0.6028766911540002,0.5826603445255227,0.5356139226733116,0.5732949675877608,0.6069600388585226,0.4768085646772194,0.5824131909365577,0.5125611866082822,0.5108216478851967,0.5292124251624487,0.5741546583829221,0.5278536329743271,0.5374680356853779,0.6100913763259281,0.602997957839855,0.5458779290737966,0.5402353329847169,0.6404493656639736,0.6129990867868195,0.5168639090658902,0.5990564946915179,0.5706444160179711,0.5252050819367672,0.5073298136683072,0.5532517000410081,0.5427381280749018,0.4995145526921787,0.6008572894121604,0.5430423039309153,0.5847011190107457,0.5548806246265721,0.4988142626541753,0.5366419332026885,0.4639200822627303,0.6151611328811002,0.4908714747337088,0.6125020139991563,0.5636714023322742,0.5835022636510495,0.5215533052419782,0.4679480262208539,0.49958250479282396,0.490126519239733,0.556777337198812,0.5543077049693065,0.5354258224598955,0.4793005851599789,0.49067435688132205,0.550204065068538,0.5445616872758126,0.5305949279551845,0.545091461353351,0.5521881943533581,0.5615469917065252,0.593577954936584,0.5524164066838668,0.5759722016547293,0.5444226074610304,0.5884840367305562,0.5872054122335486,0.5332362376914687,0.5793578295994264,0.578454167456064,0.5554366312700384,0.624698486068435,0.5230833449900367,0.5454652838651745,0.6113669558279657,0.5267755371467995,0.6084791815222069,0.4929491215215411,0.5310999406394945,0.6030907509223731,0.5529948401950803,0.4561311706743518,0.5677415478910388,0.5725030614239045,0.5828826295997364,0.5998122175322447,0.5347095779441556,0.47868969196879546,0.5728386426818406,0.5292531389073406,0.5420942298897651,0.5225734261041773,0.5643447794865577,0.5558985191995459,0.5185047255422628,0.6284256969819044,0.463558275597363,0.5214680709852997,0.5311024364535957,0.5499167672765619,0.48534129541943805,0.596153396346096,0.5264857190641986,0.5769243121997285,0.4474957101094389,0.5698033624627297,0.582978124261621,0.5905811101414218,0.5616269905805423,0.539279489961739,0.572435152563818,0.5331501340604878,0.5508392908804798,0.4846256129469927,0.7459936868981152
0.5800077780785345,0.5959256185360429,0.5692283097206509,0.494970796591443,0.5287249275437833,0.599706347242084,0.5226682570162962,0.6311660963672256,0.5511330618357542,0.5575934589091935,0.5274240599493459,0.0,0.5172967974827485,0.43253359058716645,0.5416575537979602,0.5557053880115638,0.5375182635251903,0.5148929008727068,0.5965714881462263,0.531054999393566,0.5906251442520942,0.5422721230090757,0.5345745944300521,0.5408582945319013,0.6241229584652499,0.48074646512981095,0.4464572336357238,0.5195625465401368,0.47445569971457074,0.546565998934492,0.6255886827913443,0.5295515272736856,0.4918046835199053,0.5543364677813313,0.5312999130474286,0.5044254075823935,0.5410479228601873,0.5025184438148916,0.550999875384188,0.4708305497965715,0.5184129963583498,0.5980393669863608,0.5098910255644528,0.5355362227070737,0.5557853435521295,0.5467248409886988,0.5267306340866343,0.49604087981713413,0.5389944616423515,0.4923805161080997,0.5246947002009993,0.5746053991359334,0.45361290757975103,0.5149157071127152,0.48919918155032505,0.5671131738685385,0.5399009876890195,0.6575988494377815,0.44617446881566936,0.5167771289272368,0.4950564813521424,0.4398068667133619,0.5020865745351704,0.4369364817502456,0.4688833119081577,0.47162235281299936,0.4782232134791518,0.49583975216192694,0.4387841778655648,0.5712331720398147,0.546411931387808,0.4480867219092293,0.4478951392013467,0.5301387176512423,0.5371976865166891,0.4904712868291749,0.48531379679323244,0.5254214403699448,0.5081428698198973,0.44555810012169805,0.5019522877500421,0.5736384370246934,0.56860851017559,0.4797726794241793,0.4948227482539811,0.6243628421043569,0.5194503154095188,0.44809550165930023,0.5535295537474098,0.5467028375665272,0.5411293995796174,0.5675080230510672,0.5041862947804371,0.4958237531089321,0.4743231636497896,0.5685823376263096,0.44435508053542594,0.6134923570265957,0.44302401550265547,0.5266846800508024,0.44711240738582037,0.49924064942332486,0.466246700021352,0.577305686120078,0.48931285907673444,0.5590681404106935,0.4922016355212996,0.5860479191885573,0.5035916141964963,0.5876700987013168,0.5785965373206347,0.4895733907866756,0.48123000185337367,0.4855919595546845,0.48966887363195677,0.5954694638635118,0.5453375755266338,0.5214727298915227,0.4822427346341707,0.4992498073055273,0.4965375147524454,0.49446844463177814,0.5028451387412991,0.6040612104059164,0.45156531478302053,0.5596403158971766,0.4577138092920224,0.569985316764249,0.5317265385872423,0.45231538053396225,0.5404145698883223,0.5230366095571838,0.4488077418545816,0.5330668388516433,0.5215048360152854,0.443448951204106,0.5419777598813811,0.48106401425345496,0.4588533068722816,0.5654107755664349,0.4439057868436186,0.48388859763209147,0.5573421588711057,0.4647687832378862,0.522433993311182,0.4946562192934277,0.6610672731540012,0.5075141737279437,0.59344966477131,0.44596081772805607,0.5639817963378577,0.4795356515286864,0.5138955655255985,0.4728267078872978,0.6843586449422291,0.5561065102115385,0.4868850701940752,0.6480990859112614,0.4262422625921617,0.4645806129745246,0.4557812960245491,0.5097458017359079,0.478079004708305,0.5898080139176504
