0,1,2,3,4,5,6,7,8,9,10,11,12,13,14,15,16,17,18,19,20,21,22,23,24,25,26,27,28,29,30,31,32,33,34,35,36,37,38,39,40,41,42,43,44,45,46,47,48,49,50,51,52,53,54,55,56,57,58,59,60,61,62,63,64,65,66,67,68,69,70,71,72,73,74,75,76,77,78,79,80,81,82,83,84,85,86,87,88,89,90,91,92,93,94,95,96,97,98,99,100,101,102,103,104,105,106,107,108,109,110,111,112,113,114,115,116,117,118,119,120,121,122,123,124,125,126,127,128,129,130,131,132,133,134,135,136,137,138,139,140,141,142,143,144,145,146,147,148,149,150,151,152,153,154,155,156,157,158,159,160,161,162,163
0.0,0.8270382751640715,0.710754674507762,0.8343581456994994,0.8348088437525439,0.8638739595975158,0.8812592960654354,0.8064731338077968,0.8546534488967066,0.7790224180249706,0.8994742315843273,0.8357318410650109,0.9490447484177823,0.860022428533273,0.8925705226936306,0.873762553601158,0.9067439672434826,0.9625657604702428,0.8459468650946345,0.911667173860659,0.8776019086507287,0.8187275749907627,0.8509565367787856,0.9251926680593604,0.9077526056330254,0.8431012505170986,0.8661737808807314,0.9098756100154756,0.7246233379336581,0.8427437154806993,0.8970606390904093,0.8945752431328137,0.7917760148803803,0.922707505396853,0.9369582525433402,0.7327614747679062,0.9615480665789945,0.8225634996839243,0.7961007808747547,0.9167367449024731,0.7044828698564272,0.880218958050389,0.8515375692305425,0.857358362917888,0.9000781955264449,0.9102029252584576,0.7384852424076006,0.8542504555922373,0.8994096621647163,0.8100962545908267,0.897335669894199,0.8225554631506281,0.8193518378849697,0.8295484881657862,0.8195308354815398,0.8109874123606314,0.9152188159967982,0.8269031142544218,0.8253117097285196,0.8616479377511819,0.8640561828795488,0.711561725631664,0.8031393786113584,0.6383945576676014,0.8783336841740292,0.8849172248807095,0.9330075904788265,0.8733501905542471,0.7663852151664539,0.8654645037019458,0.8658035883235543,0.8830902232264618,0.8468586243594333,0.9226569882766146,0.8585155828248735,0.9185942996235066,0.8657353215037331,0.8806859371767365,0.8211197667112965,0.8432554967066445,0.7627695369672752,0.8679817424826347,0.8758846911862266,0.78230163914641,0.9023600315122371,0.8232665133960777,0.868680897502365,0.8538725107462475,0.9342021648687697,0.8289949817778106,0.8662132627423258,0.8392991532736179,0.8158222276571772,0.8877797608671479,0.8733546222462008,0.7964263746318513,0.677036766814712,0.773429290128631,0.7083003124331788,0.9505344829084843,0.8812635072502896,0.7862778974455901,0.7676940318346026,0.6964179793624826,0.8467781278878944,0.8748991669654664,0.8043576827150661,0.8727177566941543,0.8717602634349252,0.8887727794572834,0.9094045114309923,0.8360121722669481,0.9037797704747689,0.8632894458994118,0.9002445820794164,0.9379725714731919,0.9042478818072982,0.805800974420793,0.7599659729322192,0.799929913929764,0.889507737614065,0.7049428314998829,0.8691482071092496,0.9474225612925196,0.8135451739211207,0.8223330776229862,0.7356984307471559,0.8400228004654917,0.7559421147615515,0.8011978352864505,0.7895191829587735,0.7616176137237657,0.8532382054185862,0.8463627722811393,0.8107444619249524,0.7773793476152482,0.8762489297770776,0.9063475587017891,0.8360523283823003,0.8287138764725381,0.7891455437444568,0.8233655850287587,0.9199573990592689,0.6853871172780288,0.8756567322651968,0.8568171785930995,0.7643463299810895,0.8270984478598771,0.7691072634547805,0.5705421836717001,0.9375598496359007,0.7895856216581731,0.8348744616152063,0.7122562025900571,0.8249297871278994,0.912227193804354,0.9077754516136947,0.9184753584967604,0.8660284818876238,0.8752490370873633,0.7428559228194787,0.9066826319602325,0.8178792544625775,0.9669475564800585
0.8270382751640715,0.0,0.8709434130404287,0.7944032135730774,0.8641941808246766,0.9247708022765988,0.8364271738807667,0.8086257486284036,0.7970752706996502,0.9606395159658221,0.8799559602814949,0.9331679145050129,0.8530987900538494,0.7943383442751473,0.8972234953661972,0.868190197046547,0.8788451960678844,0.8217020418740121,0.8544008427408892,0.8435565030972242,0.9125837589481899,0.9368794285908569,0.7917967215548645,0.9204441782034195,0.9482397331746284,0.7118138719710446,0.809874732076201,0.8096397099311711,0.9146760746168479,0.8063711234930612,0.8987569205012671,0.845310646617557,0.8304616333903754,0.8181380050597785,0.879984971749498,0.8148189224180078,0.8503702615010615,0.8167990706446966,0.8368730606942123,0.8394182465196808,0.829104954985617,0.9013231644343878,0.7762621654113637,0.8656537248705701,0.8591708812934834,0.7837697059736134,0.7886276531926406,0.8658367792577316,0.8209668602459032,0.7521308369754521,0.7809403156936263,0.7737844083950951,0.7884022492713838,0.8887494800464,0.8416740195748119,0.8387085648092906,0.7670481573933143,0.8610198450179178,0.7926509163253488,0.7747735532628659,0.8125093097159181,0.623492247401722,0.7303087279665282,0.71139163263678,0.7236204472690233,0.7045445425711481,0.7784827467304416,0.7931988999553006,0.7573445147612007,0.8074458740404631,0.7449692634314995,0.7723389151064293,0.6959540908697269,0.8270308522387064,0.8788136908178384,0.7740180951348582,0.7436837610958478,0.9107126222650362,0.7207489903687369,0.7197170805438852,0.8398972821880739,0.7618632307197047,0.9260716437539943,0.7776907439482367,0.7312956977408105,0.8614027255374302,0.7557535275040091,0.7110552199630507,0.822249118492575,0.8033022654253111,0.7643650189109047,0.8455831577751779,0.8327746533032313,0.729208745629731,0.7437048214434286,0.9264284544308721,0.6797426653589757,0.859053212958398,0.6511494012243687,0.8118115405993495,0.8178457401347821,0.7161724255335672,0.6937281288370386,0.8602400697815153,0.7326301718080265,0.7899283991436117,0.7660630779372641,0.9572703411869988,0.8604793786947403,0.9444626622381437,0.859436615944928,0.6976287186765697,0.7683412716797039,0.8059708325874965,0.7490328350905723,0.8456878767648419,0.8605064027222806,0.8292278979263072,0.8326914140218427,0.7468506568793685,0.7615305380752609,0.649475526071093,0.7758727354809504,0.8652207268135099,0.7282231485453067,0.9267481482650517,0.639896233985474,0.8287423983081302,0.9035795232341476,0.7839439467661578,0.8855960102131513,0.7752939227347792,0.6841925692038027,0.7680306243994417,0.8546966767630899,0.7726635854898986,0.89890273682015,0.8534077947852268,0.8956486822766827,0.8048650461425813,0.819529943135257,0.8578534137229897,0.8387206224025233,0.7512933940820796,0.9013680419407379,0.76005391233658,0.8354779184495766,0.9094439082545089,0.9459357026846776,0.7259617281617241,0.7728896023343388,0.8643093172920977,0.8142534804548427,0.8261082382586982,0.9186151691143768,0.8177586085416376,0.7924398539613067,0.9224486875352477,0.7960489166222862,0.7041265487110376,0.862861229601502,0.8158454547496375,0.9256011968644166,0.8081439719298813
0.710754674507762,0.8709434130404287,0.0,0.7102982645292375,0.798233521380645,0.8651098501410935,0.6854698743978739,0.841224201653356,0.7337863649550629,0.8984358156247002,0.7962865092804915,0.8161597101123688,0.797645618681042,0.756405316798459,0.8062817021596426,0.8334548739645579,0.7801948458641184,0.7268155731993581,0.7145754550310022,0.766351606344675,0.878399605693702,0.9548307055675825,0.6406113301926436,0.7614053641416606,0.825433187854057,0.7371204355228194,0.7041730267901382,0.6647720018372272,0.8365518163528586,0.6729737448780581,0.8095800965175606,0.7723725857039684,0.7683594918738673,0.6796679271727307,0.7601229504415649,0.8842094025832834,0.7793299250110997,0.8588630878148532,0.7851167977387346,0.7112716852320743,0.8003653116398922,0.7997686885899301,0.8014473830023092,0.7908343239328105,0.8460100847639676,0.7116880879785922,0.785372831860203,0.8567861882407453,0.6828216549163681,0.7916471134572318,0.7175100504958185,0.7324625073809488,0.6675944570337753,0.8485122794926402,0.7923449035683586,0.7504371213120707,0.664908921923381,0.831237605313271,0.7398566605758655,0.6921436012992265,0.806042373721355,0.7009325311420246,0.7791821866161229,0.8104250753460862,0.6902008168413264,0.6899923803830686,0.7377506187866676,0.817657189799918,0.8687858573315907,0.8024483461039204,0.7814623910780717,0.6941201174422421,0.6896382309915345,0.7822762240419637,0.8612889894060239,0.624985735748402,0.7000250501702936,0.7890116308630643,0.7180878856372782,0.5825436211206753,0.8329491232142113,0.743986750726456,0.7989846772009663,0.8206384748851882,0.6758600266670594,0.8477872590672852,0.7648407754432505,0.6820848834939555,0.703416669155947,0.7318568666780705,0.7211602326947223,0.7483042881491548,0.7475312315454079,0.6037375138398698,0.698950504135516,0.886146743341796,0.8020689720858225,0.8134484835424568,0.6455975159881148,0.7175870242326507,0.7148949404597927,0.7545533630303728,0.6818420059839964,0.8398967206875007,0.751424817287215,0.7964617555661782,0.7909210062256112,0.8237696430944171,0.7762714338377914,0.8209159376707132,0.7323120497808694,0.7027033964237772,0.7369186420364113,0.7500849581723156,0.6864252641524081,0.702526421890166,0.6833162878984765,0.7573716755350848,0.829400981465443,0.7091333099956693,0.7043008639424467,0.6974052964569497,0.688929204332823,0.7143881022584441,0.6390533908262918,0.8471654299524539,0.6711159095721696,0.8277713419984808,0.8976419172473354,0.8588921072443487,0.8056856723541429,0.8935026178300908,0.6208674972259359,0.6849371469475454,0.8801434899579014,0.7720700605108806,0.7605353101894992,0.7596090688134176,0.8813931443464234,0.7279690293767535,0.7707859510477754,0.8534172774953701,0.7094628075850115,0.8827773250301634,0.866569166348436,0.7324063776074989,0.858302208873994,0.808170104659348,0.9354410044863193,0.7891418225065312,0.6826181132745659,0.7079740177919602,0.7347313915928697,0.858619154946933,0.8394388108508353,0.7847465806998964,0.655729233118859,0.8049310298848609,0.6574900803666854,0.6015949491114532,0.8567202842512492,0.6503746522748118,0.9090028948244817,0.6707153611958856
0.8343581456994994,0.7944032135730774,0.7102982645292375,0.0,0.8639185641189097,0.8561480271955312,0.871013109364174,0.7896599058692834,0.7286335961944073,0.7622180586937473,0.8536251226688785,0.8532473074617929,0.788198332071054,0.7639785629904818,0.9105509479033179,0.7707569288614452,0.8229423050114574,0.8315067947666648,0.8580905704925017,0.7161258700914698,0.8640938701686549,0.7740798097741132,0.7952890018258676,0.8132495248442435,0.8517908800858642,0.8353176985591939,0.7936074373937946,0.8206465928735389,0.7555033652431565,0.7427197638561475,0.8665254368950895,0.7893827785121761,0.9674607480628272,0.8405738199670564,0.8976922528046142,0.8362005084400004,0.8223946874843758,0.8023709445707077,0.7899836332683137,0.8364304592704738,0.8863413246908978,0.7704814883441398,0.8178119581435087,0.9315974337434453,0.814752322169681,0.7867380287787327,0.6924975135632195,0.8118616840132792,0.805657781041972,0.7701437943212982,0.897968383841342,0.9011398228284841,0.8016616507942765,0.9198999799735447,0.853670206022822,0.7002540892885953,0.7942613777658626,0.8906065327277444,0.7508190491194081,0.7767039661125469,0.8035740737196982,0.6905038225940326,0.8706906749404548,0.6138774233521446,0.7696445457285294,0.7399417978134165,0.778439669174511,0.7510980510177034,0.7352442460425196,0.8405267387246221,0.7692991176287985,0.7677873598756805,0.7715926178752125,0.8501374084982032,0.8192721418256114,0.7674920600814672,0.7681395936995832,0.8565116084555278,0.8241923186665785,0.7090603837684492,0.7625659403810192,0.8724221771839045,0.7739844496906287,0.7661534721137252,0.867327992619603,0.7699608757331012,0.7934833394350955,0.7939446614796769,0.8256675176571634,0.6842847691479396,0.9313186414450805,0.907091707984176,0.8279902651523898,0.7475949323305668,0.8510104882435688,0.8384039941756987,0.6678487861004394,0.8240536295619366,0.7088665368826753,0.8720094922266253,0.7828712263163308,0.7392972120933651,0.9125500750410489,0.8271015884773439,0.8690049705004523,0.7452644304947141,0.7603279025011748,0.8044424439877486,0.8261045683909527,0.7504230744707805,0.9100145674222899,0.8482002797737211,0.8207633079670451,0.787301734687803,0.9114043785499754,0.8328922605007747,0.8476612595585964,0.7273512711309806,0.846546162676006,0.8566360079740557,0.7385799393337161,0.8227804001878631,0.7263678818792566,0.8715142016656765,0.698265193925523,0.8547850402995824,0.7093452957901173,0.7611776101170175,0.8205501357769026,0.7405568472075175,0.6866726084779361,0.6968106225353086,0.7070913712754632,0.871603730581009,0.7313485051575616,0.6615748892734994,0.7182766346936484,0.9113861615063957,0.7808707030560853,0.7966850112129428,0.9325876409947887,0.7256732739258243,0.8591777124458063,0.7607258875525763,0.8090852153861886,0.8178761029535975,0.7486483113003313,0.7855433075941338,0.7362018479850214,0.5640139317710996,0.8816630006784101,0.8608940710575143,0.7624856008344302,0.6487845217850952,0.9020736365650215,0.764245803341095,0.7343395412190143,0.8778241842856177,0.9305276992457086,0.7937325272479534,0.7704578573996153,0.837359349394359,0.8090306337412697,0.8547151544447685
0.8348088437525439,0.8641941808246766,0.798233521380645,0.8639185641189097,0.0,0.8434475221496247,0.913028205143766,0.7850627381371184,0.7659181273354462,0.8588700166236453,0.8426208271483473,0.8942763513542825,0.8218270758290803,0.7950276211613735,0.9201292141211919,0.838710706893285,0.8883406854115922,0.8708141006627225,0.8405071456402732,0.7650970565812754,0.907826807898325,0.8518303980418216,0.8519556763186273,0.8673594583790728,0.8868610254841743,0.7952405101369133,0.8502600876271975,0.8141108022157272,0.7987389619289036,0.8284965698164566,0.8664592888336649,0.8506770981154935,0.8629774741518584,0.8511958260724286,0.8663409691564935,0.8483661290391885,0.8268922659675733,0.7896198727396013,0.7976969815281716,0.8843357351849968,0.8336903333348064,0.8745627991271719,0.8386993237031124,0.8636503183345671,0.8519289372981168,0.8375895039132346,0.8531264290362898,0.8010200034411714,0.8531443288961529,0.8335208206891204,0.8842786357510568,0.8322487810193219,0.8188710616043562,0.8813455738060907,0.8468336770803387,0.7684488085549844,0.798598924399872,0.8885677511419474,0.8238050692445387,0.8293305880646049,0.7589848105001721,0.7152632749836776,0.784708473259852,0.700371620168467,0.7870125701197457,0.7242332001493216,0.7760448143673377,0.8008687917099586,0.8024574306705166,0.7991811670002306,0.7689930211013954,0.7879605567703011,0.7327697471662112,0.8797568958936798,0.8205702919684914,0.7692450289389915,0.7917623718858978,0.9538088221688668,0.7470679978543447,0.6776893402061336,0.737644401014115,0.8345986801587691,0.8582913599490362,0.703056456856691,0.8209711932549526,0.7905059282903135,0.7338748146408882,0.8166603819966795,0.8451024915670943,0.7241567039897573,0.9217775911244213,0.9130350234885425,0.8694371486306063,0.7282225850003494,0.8175321060946708,0.8439948852293331,0.6399381752709312,0.8341531056174574,0.7231523437640495,0.8755336369856428,0.758704372445689,0.7436201245490072,0.8226018360891555,0.8216221547902549,0.8075405134963096,0.8302309126718135,0.7984504686665082,0.8681620282021401,0.9253064013798633,0.8205795868910583,0.8927303169345365,0.8213293551710527,0.764458734627206,0.7936305320700454,0.811796406145597,0.8616716491823846,0.8416103835439562,0.8087377731236698,0.8196296483785921,0.7907742595740942,0.814563013290206,0.7132998942592361,0.7198155400391565,0.8770657080209905,0.6500114528865142,0.8556616629815754,0.752679382390361,0.8299200659977307,0.8358789891651592,0.790146445809492,0.7881439633889771,0.7375942987718855,0.6568564941020555,0.7456093249876574,0.7401730756618179,0.6859435232352065,0.7925082637635323,0.914618930762315,0.8444564801987431,0.8188510573946312,0.7970733020619961,0.8051663876123143,0.9045236254529984,0.775324668391443,0.8253778081447279,0.8668447563993812,0.8015546080301914,0.8575473499158454,0.8246398808477166,0.6250315230042987,0.7882603779788363,0.8202795286182223,0.8229038186377647,0.819149546218177,0.8873567643239423,0.763610450196612,0.7431015114605866,0.9012839977739756,0.805192827090161,0.7724670449475619,0.7995233514213587,0.7728229721110648,0.8687211858219416,0.8125131900457514
0.8638739595975158,0.9247708022765988,0.8651098501410935,0.8561480271955312,0.8434475221496247,0.0,0.7948753894450332,0.8745856911739576,0.8336862333570129,0.8791106267482018,0.9037331735474217,0.9068708686640794,0.8754997092931377,0.7894568028266893,0.9028773805879441,0.8642577740894318,0.8475671094940704,0.8166175958420437,0.8412247547222337,0.8287800465482378,0.9344485538047238,0.9255059317814235,0.7279173408406169,0.868138647863359,0.9370944150161535,0.8037800848145982,0.7609198725720001,0.7868331188352704,0.842902865918852,0.7630582501001504,0.9305755562519955,0.8322042817419422,0.8896508903090047,0.8013797571358477,0.9096533540010839,0.841874114960669,0.9015572879190421,0.8860091104914615,0.834830340265805,0.7914813791978478,0.8478459002339087,0.8831763197061495,0.829273426144639,0.9402415720372083,0.8805031823070432,0.7742489959957038,0.7513668349142643,0.9314517566258876,0.775502486720216,0.7651468988019826,0.814036502946788,0.8637131983650316,0.742003618803925,0.9241322702035398,0.8467622783120072,0.8368381210023683,0.7699740155097643,0.9173741930840652,0.7448762330068448,0.7402169952498684,0.8850815586160224,0.6782197758925484,0.8595424261823716,0.6752371919281602,0.7480960280826414,0.7570711411405325,0.8175652511549322,0.8584091198708241,0.7803608100210461,0.8987367363799642,0.8421149414884286,0.7550447486735031,0.7708993352880547,0.8444143879104391,0.9202617263727226,0.7580665996205762,0.7533587401196772,0.8656868300978853,0.8089924481842818,0.7392912293835984,0.9232030890171463,0.8499944613489476,0.896120619688669,0.8843332677413528,0.7887275248831757,0.9028557152657827,0.8764977686567745,0.729126910528331,0.8154850039865377,0.8155102133277822,0.8181474264215092,0.8631181088013701,0.797612633247086,0.7251074957053569,0.7873440269640976,0.9659450796591555,0.7614324237618053,0.8900933117407409,0.6788385125613441,0.8244113267983327,0.8218427579657638,0.7627940409933999,0.7677120220872747,0.8717977724685927,0.8235416881319556,0.8076531115619865,0.7783069409092538,0.9140669469149079,0.803019159193045,0.9009153023976177,0.8690565720248152,0.7612603494091387,0.8667982714278559,0.822184901311197,0.8200982965904973,0.8404571381278086,0.8381687957977606,0.7714957539730444,0.8808126634245527,0.8304314013114806,0.7504435760806492,0.7633710740780251,0.8118571905467878,0.8667062742600145,0.7827685849851695,0.9250307684635036,0.6656146024844267,0.8365032076590029,0.8992198131822002,0.7986975017787536,0.8440695884381139,0.8482074350499309,0.7327384922469669,0.8804371328614403,0.8886554636336239,0.7895073619516596,0.8505998960544984,0.8511924038780982,0.8516912897370881,0.7987337519327982,0.9099362972245163,0.8453584317848781,0.8127398324642463,0.7991642699190545,0.9332327865815192,0.7926283761905437,0.8821026585921385,0.8509720247420495,0.8960989879423924,0.6821597684482941,0.8510855386015191,0.8396753720416003,0.7675378563837634,0.73681070480073,0.9507099733670825,0.8757367832822934,0.7714369266260795,0.9477678986225992,0.8302504360237455,0.7142751095962399,0.8466259665265932,0.8492245444586695,0.9433908843751656,0.8525349058976269
0.8812592960654354,0.8364271738807667,0.6854698743978739,0.871013109364174,0.913028205143766,0.7948753894450332,0.0,0.7184035037460416,0.7310519831680237,0.8244916134391395,0.8539157616214869,0.8734845110458106,0.8286311658941125,0.8134058536897837,0.9003310982313513,0.8153166370789426,0.9020299977941999,0.9088996046529133,0.8892355998089175,0.7859607021085514,0.850317590931646,0.7704245576395252,0.9547157143245811,0.9014397730881584,0.8956196275829627,0.7465531565671981,0.8918950131188098,0.9093451562108138,0.7836380083155925,0.859017359110393,0.854836286210042,0.8845803004641014,0.8192433376567336,0.9418192024605337,0.8959381489633059,0.761311939183869,0.8405159179028299,0.7221103523600659,0.7902163859908565,0.9475037392123702,0.7518187942875071,0.8372839375125966,0.800053641862164,0.8472471994669981,0.8196966490821251,0.8635106621536125,0.7618171200084491,0.7746084302524479,0.9534854327858997,0.7872273105001206,0.9131271902863332,0.7781422246054398,0.8869165528153705,0.8469534518634065,0.8572190998932041,0.7368209361723126,0.8655995053405704,0.8156146209697617,0.8723658758808862,0.8780341050962898,0.7504447513812721,0.6655573634791186,0.7171812064937528,0.646006723952984,0.8200535888657142,0.7520310608414482,0.8050730657811627,0.7495055749889848,0.7256830267598311,0.7591107994158536,0.7167015352863496,0.8568757921721853,0.743397421284854,0.8855313190176444,0.7751461465301058,0.8973675082011106,0.8340434383213071,0.9508594423020666,0.7120949700731141,0.7702336902965229,0.6854722639232463,0.7898677482885801,0.8303490044515062,0.6537026531448098,0.854516795540038,0.712081109902257,0.71548267961696,0.8594155472928516,0.9087672108109903,0.7012112333457742,0.884642568678235,0.9011071803266545,0.8962231531679506,0.8407318139416371,0.8387617580171366,0.7774285622776692,0.5841011793008665,0.7696742829021351,0.7126502825616631,0.9248531040626685,0.8276875511006005,0.7256705330951448,0.804594564878056,0.7444209952982456,0.7756965070121081,0.7719292317980192,0.7765501401860033,0.8469609499392662,0.9276670665895639,0.8287489004395487,0.9509854963066245,0.7977217336816693,0.7744794505971959,0.802679278143783,0.8278789926463541,0.8720218836774619,0.9309938673846886,0.8431044726594439,0.7695190892298539,0.7501815611412919,0.8191156214226138,0.6527928874099912,0.7466263827185976,0.9355064298292873,0.6928017777223925,0.8358785623820392,0.7255431283063669,0.7804179538969759,0.7779238623806665,0.7310726157128462,0.7316785621393957,0.648473210293701,0.7124223477331872,0.7375722814465349,0.7088190920080225,0.679116723466849,0.8016197901979467,0.920317912214686,0.8075352923013972,0.8294553284962379,0.7769052809565572,0.7852267661370048,0.9616871476896739,0.6836488627317274,0.8035467606786029,0.8433112259220974,0.6928098345866822,0.8513368366856096,0.7625031533051294,0.5646926803234014,0.8368977613849546,0.8729527492932884,0.8448864997574159,0.7369058925485735,0.8331599159569819,0.7571687053099829,0.8302758762380719,0.8750812119285035,0.8840780356154235,0.8875683206034429,0.7527714968725175,0.8553678811383243,0.7824804945770404,0.862345360692932
0.8064731338077968,0.8086257486284036,0.841224201653356,0.7896599058692834,0.7850627381371184,0.8745856911739576,0.7184035037460416,0.0,0.8700050810917692,0.793450187725126,0.8467014478571255,0.8589720056365161,0.8649955843193123,0.7196890179084546,0.896329366334012,0.8775631931887685,0.7928494705199528,0.8099446650260974,0.7874274705832566,0.8098894716125145,0.8649086101424955,0.8851311407034496,0.6998756002797304,0.7905649344123994,0.8424948298002892,0.8137100339121028,0.8134152036112842,0.7507105111447104,0.7233695304696716,0.7851140888120094,0.9305974514873813,0.8092447253994939,0.8238357348914719,0.762329594616921,0.7777750177856373,0.8241391599416098,0.8756921438523376,0.9319232902536989,0.872378853969267,0.7404136823504887,0.7718366090377632,0.7729428844418136,0.8970054821901438,0.79023244317628,0.9325974418538566,0.8362231216749549,0.7020905534906416,0.838098114773874,0.7276581214026574,0.8165558384271928,0.8068730256401265,0.7558136562497793,0.6841316366830822,0.8466046564815489,0.8160816696065477,0.7318479725697513,0.7724621599546213,0.9289145742602164,0.6877237291482152,0.7779700272863633,0.9088331024939483,0.7528507444934518,0.8667874464782366,0.6412646341854221,0.7312654585548725,0.7847769421440274,0.8086272086698748,0.8451021249213579,0.8242064120113344,0.9724921316622963,0.865502687399843,0.7130368450356691,0.6956489196032999,0.8504020589535642,0.9276976557767812,0.7001008955953458,0.8005351194020212,0.7953326683755543,0.9079899831684219,0.6296404007266154,0.7467987649808843,0.863693098039575,0.857778153817827,0.8724897331321338,0.7513615980870952,0.9127044997329401,0.9164219393831491,0.7603964700333714,0.8314032051639436,0.8271322483395122,0.8019103213543869,0.7736863005487888,0.7713143715116249,0.6883914202744965,0.7098643639238106,0.8567957314552156,0.8500789936158116,0.7587807654312019,0.5958249044367453,0.7960238197183183,0.7678879257154151,0.8881753085276133,0.728698879326928,0.7745913060710279,0.8549790725917763,0.8862360502524397,0.843195707362802,0.7992184650993691,0.7877915616824207,0.7750868932841632,0.7737206137403202,0.7624646578699203,0.7665578566886726,0.8863245007639525,0.8129873497727129,0.7992981138618809,0.7176223712690731,0.7617295892852842,0.721599817824447,0.7487749777283073,0.7464562250576375,0.8644604706691356,0.6667201720822539,0.8114977576141797,0.6274500347173948,0.860902444734072,0.6725196768633194,0.945441887024353,0.7838540785132057,0.8466421741380247,0.8108952629571708,0.8965381816131328,0.7678734991036118,0.7804382060995068,0.8614012511963001,0.6855032930766849,0.8082642662799948,0.7953101364849732,0.8624104601879348,0.8722501070157804,0.8007828029181316,0.7786307197322397,0.7639348544830608,0.790992324798423,0.8472632753814876,0.7517678991282041,0.9019654897404145,0.8469814382961779,0.815135402944521,0.635877024289801,0.842996510191325,0.7129162675343858,0.7925854710338921,0.7503741264238077,0.8634602707308964,0.9141015926374936,0.7434513249202003,0.8760860310497539,0.7030283789940187,0.686726540445983,0.7075837352978639,0.6934597389240228,0.8979110024431493,0.7740327065606972
0.8546534488967066,0.7970752706996502,0.7337863649550629,0.7286335961944073,0.7659181273354462,0.8336862333570129,0.7310519831680237,0.8700050810917692,0.0,0.7328896693576196,0.7587344740827927,0.7915787545918194,0.8356847044687736,0.7102720474743796,0.8369925873687524,0.780714859407498,0.7448095105444484,0.8116609736725029,0.7248107841886969,0.7994007284915622,0.7801417602260615,0.8168171997032693,0.7088882439191244,0.8037114613931163,0.8081650607830252,0.7584798560082283,0.7868507742901605,0.7319573799986449,0.6433827222051263,0.812534135452225,0.8680474983392471,0.7477806336565822,0.7515664156887222,0.7481703130767399,0.7784088528668142,0.6789484465903735,0.8509138047743608,0.7840784845746613,0.7323843608129923,0.7431880446756286,0.6776803896908749,0.8755997447653694,0.7554505534509025,0.7300890807613175,0.8488017102045254,0.8063950074670039,0.7550900614911494,0.7374289558740793,0.7159534427529126,0.711127354543962,0.7372937115138566,0.751926996080948,0.6609093626870954,0.7282997548177249,0.6852279387024321,0.8791813199421983,0.7416329775492253,0.8107760801131801,0.655851177058014,0.7292069379466712,0.7836802807872133,0.669905247296855,0.7391769694386666,0.5774241799063733,0.7105954132235406,0.7299665246500677,0.804941255164159,0.8609953136079876,0.7106647830458496,0.8617288295928667,0.8508816548620525,0.680999913476022,0.6957762834869626,0.7803479898021455,0.8078273352522023,0.7237328742562619,0.722077694250633,0.7682454761380696,0.7868384658436132,0.6641828307459271,0.7133003937035385,0.866034825069865,0.9106238784257873,0.7546643174770518,0.7118728639903057,0.9109509841496225,0.828346793908592,0.7061050155667097,0.8125794215074645,0.9593120938244653,0.7678329048938115,0.7901811993574165,0.6766586631040491,0.6897700997263302,0.7054752743262864,0.8070556212772775,0.691302159778164,0.7680357855383011,0.6097539671400655,0.7996872857363162,0.7091283829996171,0.7291218965785906,0.6723525475045142,0.7002080818898826,0.7486142142625469,0.8588500485807329,0.7013201217176297,0.8192015309524248,0.7522467250594059,0.7958109328250084,0.7325458390138292,0.700291820369482,0.7662439834909587,0.7895708666264902,0.7490515448586362,0.8841938191528768,0.7304029685118782,0.6839927343942972,0.6575622407011406,0.7816022866626126,0.7334796036217623,0.7328959358160096,0.7196686526443313,0.8089658073155616,0.6810607665576042,0.7471690333900631,0.6610267396338736,0.8508581174055372,0.6776295341889372,0.7456670387196475,0.9150061100388474,0.7775125139888801,0.7346054648881694,0.8044485057536179,0.7502950629921742,0.6555315205846399,0.8386420210799876,0.7667242851704648,0.7595972062893614,0.7725207636105859,0.7165784593156397,0.7112346442191084,0.7936125898677854,0.6569632958163285,0.76169700441358,0.7783013741775275,0.9088284330313718,0.7702964367510199,0.7456439678926423,0.5603201833759368,0.7980121878242302,0.664273909648731,0.722511698346955,0.7497096957774779,0.794273254529764,0.884064317211059,0.7575470360435202,0.8828702146026789,0.6973342783298521,0.6699227692490145,0.6678411739096509,0.7389288697069223,0.8699586066063356,0.8207515929989518
0.7790224180249706,0.9606395159658221,0.8984358156247002,0.7622180586937473,0.8588700166236453,0.8791106267482018,0.8244916134391395,0.793450187725126,0.7328896693576196,0.0,0.8714001160135958,0.9219061189160451,0.8335708805323548,0.7899736995081719,0.8688817941750395,0.8824644336277878,0.8752093144520553,0.8025755154862985,0.8416653074602893,0.8202705198392538,0.9002007995966691,0.9256266180768695,0.7875571448900736,0.866946147908346,0.9373233723360112,0.691384378562018,0.8070285362566094,0.7897984988672366,0.9481764916530689,0.788949963648044,0.8739610698313534,0.8706339581724278,0.7913283071005371,0.8037377252558034,0.8391334260007882,0.8503835482339941,0.8251576223786126,0.8100857783608756,0.8455822784510589,0.8134836573943839,0.8003368747558545,0.8486844986781773,0.8041726430213896,0.8389836529019177,0.8525575050050301,0.7701154617817738,0.7853585272690333,0.866525645604806,0.8250717117456012,0.7780178851534585,0.7812586300251585,0.7190306463952265,0.7694353525779081,0.8832390121065968,0.8775971231985747,0.7679648009912313,0.7474008323459539,0.8523807996633441,0.8283623268962542,0.776440426242092,0.7985307734401688,0.6427268355690885,0.7164098121916107,0.7693931316034527,0.7165640201903021,0.6955089931926104,0.7529753773668698,0.7730616931047106,0.8078035358194943,0.7892441473518618,0.712737084012214,0.778841558208015,0.6796768886735001,0.8269495624378808,0.8625622623599918,0.7538372501543759,0.7590569780893343,0.9079329475914506,0.6924175835729212,0.6757678315813581,0.7986232311917434,0.7182327352789932,0.8693951854154665,0.7505065911769118,0.7174679388487346,0.7954117733588075,0.7364086065451453,0.7373523595113117,0.8077791859322127,0.7268543689938571,0.7512868576017192,0.8174229879372592,0.8656154006906103,0.7025383607406966,0.7204424031291492,0.9010162525647638,0.6809152261946224,0.8221624680821624,0.6496543035580371,0.7852690210242859,0.8101959612475845,0.7463527043509341,0.6970898071058875,0.8637434875947689,0.7297602341366096,0.7728020681034643,0.7985053835505065,0.9140611413642511,0.8615416905931605,0.9044135481046389,0.8466550574519796,0.6965878114957145,0.7350654123104455,0.8093774485787094,0.7153815270319377,0.7665428212036739,0.8266200221105775,0.8819839558414488,0.8327454289004755,0.7002768147909681,0.7406427163365494,0.6398276387632577,0.7231629518140272,0.8249757004061128,0.6743255917979988,0.9315058994085633,0.6459664027056705,0.827378971398853,0.9247387138895379,0.7992473778326737,0.8335715900020367,0.7719808259501959,0.6596703829496902,0.6858603028293604,0.8502821652098156,0.7608083317096296,0.8555328587134574,0.8251478637172739,0.9127924114216001,0.8093761655417583,0.7931658512335309,0.8933286610720276,0.807060996601291,0.7898596893493786,0.8982635874788739,0.7541110554909989,0.7814864850299982,0.9114968030018631,0.9749015882565712,0.7577382119715752,0.7370747475586383,0.8545296246000318,0.8197346653729031,0.8511579234431447,0.8903315896849563,0.7833997378571196,0.757128456652952,0.8663993118649479,0.7505951467478945,0.7021268789142756,0.8660975996946227,0.7565858143309977,0.899541768799782,0.7395991776000741
0.8994742315843273,0.8799559602814949,0.7962865092804915,0.8536251226688785,0.8426208271483473,0.9037331735474217,0.8539157616214869,0.8467014478571255,0.7587344740827927,0.8714001160135958,0.0,0.9158604701743522,0.935492785506411,0.8319056715160477,0.9172204210069915,0.9571837459690322,0.9480763350419531,0.9025106390153881,0.9271161133415671,0.9045522306815926,0.9372703813442158,0.8863753047415517,0.8310373607656625,0.9191333285698307,0.9494301477611355,0.7900596126756615,0.8694483229836424,0.9205779295682996,0.8684186336754476,0.8317937878656357,0.9297907519263149,0.9400132490585047,0.827780500278691,0.9009480712556109,0.9075666233395706,0.824396640264994,0.9431913158625833,0.9039685442696891,0.9351384002878775,0.8803057219523046,0.7787413976171027,0.8001285876857311,0.9035367857904402,0.9050263971509425,0.9067089563801671,0.8656282457560739,0.6725964886583333,0.9501042215867153,0.9009199668315321,0.8362780780222565,0.9041245414676069,0.7707524956875627,0.840565988122757,0.9337703440281133,0.9552236584186603,0.7088672482538385,0.9066679715107271,0.9021856233052012,0.8337940693895642,0.8675818266755531,0.9420404285583485,0.6950736572779059,0.832597578285867,0.6828591884427849,0.8217279943027452,0.8500380381887364,0.8655672031761619,0.8045747965398166,0.8049648475456527,0.901068845092349,0.7967613612556841,0.876036542371186,0.7716955988072391,0.931693920834839,0.9505208855043622,0.8713031548629104,0.8983530571151106,0.9123161683468163,0.8257178225827109,0.8174395127025353,0.8037582070007151,0.7898095123789766,0.858227507623798,0.8449608658332008,0.8573887772652496,0.8013043855278831,0.878721522260519,0.8284071201433674,0.9084866588723776,0.7387911231677494,0.8266729042029253,0.7931019476099235,0.9249425305408935,0.8626115597148606,0.8124824315807412,0.8481271024738881,0.7469371186420702,0.749369198232383,0.6501400518787405,0.8680770616948064,0.9514921935722604,0.8598659469994901,0.7434845051718083,0.7648155188828654,0.8462457200642381,0.8180901205558134,0.8819403672527497,0.8706688155237976,0.8658929062956532,0.8947445931424846,0.9389618991014794,0.7970997866487824,0.8408324263375248,0.937318976648092,0.8748742939643941,0.8361089282752323,0.8893397492467698,0.9065041098152697,0.8148148649969967,0.7289055450949828,0.8614540898714876,0.724274455907405,0.7854277025850392,0.9360639759312553,0.7585428173862332,0.9521668869292748,0.6698211011959259,0.8714435911076315,0.866249628648772,0.8251253116366866,0.7467090724902592,0.8206543320736813,0.852221405089987,0.803576088801824,0.9097972639659088,0.81187631003832,0.8719839405156183,0.8826952173733861,0.9102147809114155,0.9016784387256223,0.8508541966794165,0.897609247351982,0.8531508451038803,0.7640355213008418,0.959178588831491,0.7547327735909691,0.7499357886869517,0.9204578557577299,0.8535089709039285,0.6703231538163652,0.9210808544787231,0.8872413326476171,0.9047881937049571,0.7074673619335449,0.8814523768946427,0.8941407573217854,0.8984786989587815,0.901864410960076,0.8583344064999322,0.8538332393946675,0.7789408083181298,0.8573273778808427,0.8281142531843299,0.8948755481595668
0.8357318410650109,0.9331679145050129,0.8161597101123688,0.8532473074617929,0.8942763513542825,0.9068708686640794,0.8734845110458106,0.8589720056365161,0.7915787545918194,0.9219061189160451,0.9158604701743522,0.0,0.8452364361851917,0.7348584209558013,0.9439171346087127,0.9027834331134276,0.9015006436900793,0.8448353831146798,0.9503157238494567,0.8276989273753292,0.9255834560187657,0.8822296623709215,0.8561640237172806,0.9066104375208739,0.9609542117611463,0.7234721937555898,0.8717074543845674,0.8707519776207896,0.8801376266243685,0.8900311071789277,0.9591993172631794,0.886816096409247,0.8646295748914585,0.8852420850802533,0.8611436654927496,0.834053774928959,0.862928775682658,0.8387377318302864,0.9216285971893304,0.8381254981839645,0.8418997839112472,0.8392223450522776,0.8506695955878503,0.8741570385010835,0.8794540620343444,0.8388227847713705,0.7369923966625255,0.8540608418684819,0.8657765417220039,0.7861006646440194,0.8554875156103248,0.7695287730726911,0.8073931115107467,0.9170736506147722,0.9080133684991962,0.750127179973724,0.8312142952099931,0.950286580153486,0.7722611356838336,0.8337313985783085,0.8379479805638999,0.6479762660218318,0.773479250925794,0.6542596393460683,0.7350939345805432,0.7276572887109781,0.7593279018694021,0.7549885101998629,0.7532498585279094,0.8665403411967654,0.7315162414923743,0.7686479385430711,0.6707242456135792,0.8637523475449734,0.906665319917239,0.8069362225503859,0.8080915896533505,0.9346529967939207,0.7915498737801087,0.720255930637113,0.7666803566669611,0.7881862275925384,0.9133565439987648,0.7638258228066679,0.7802748363483688,0.8287053398046156,0.7905782545621134,0.7671320818685298,0.8915628861181126,0.7583747063853027,0.8243121363579784,0.8629990709196268,0.9073572823696053,0.7694163887572409,0.726789406159062,0.8982944097688259,0.6885981785313433,0.8163433184752814,0.6177861723573819,0.831259180387797,0.8299069344138,0.7952428802638486,0.7450388908825584,0.8638012787285885,0.7822643288479768,0.8029768843968623,0.8243828762385873,0.9146581159765419,0.8717169405662349,0.8709677404078845,0.9130108373972995,0.7372322623013637,0.7385980815199725,0.8806909405324534,0.8015431838715453,0.8479276406561417,0.8868639387898276,0.8779304706640023,0.7938576851561565,0.7270147741824754,0.764423515340499,0.7192491549316741,0.7098774938646306,0.9169967450372498,0.6600032500692105,0.9642604480291562,0.6380360216226637,0.8729548203960132,0.878170482636399,0.7541977213234693,0.8293676905261884,0.7667104779672915,0.7217066256719767,0.7658303347718846,0.826720326573297,0.6915340474815759,0.887147695524733,0.8569898757557356,0.8832877815345364,0.9192675337110788,0.8324961271929011,0.8244670381679493,0.859830734342084,0.74884052306503,0.8800374209618466,0.7609625259747292,0.8152061918337632,0.9468961708162412,0.8971090491312007,0.679399168792698,0.8450725155849884,0.9055212853861813,0.874429360666275,0.7655084299768904,0.9536663417704523,0.8216878931023426,0.810358132291816,0.9349937859112717,0.8045968315133154,0.7678527146305397,0.766803970551967,0.8084737359920047,0.8987203080278124,0.8272837891742417
