0,1,2,3,4,5,6,7,8,9,10,11,12,13,14,15,16,17,18,19,20,21,22,23,24,25,26,27,28,29,30,31,32,33,34,35,36,37,38,39,40,41,42,43,44,45,46,47,48,49,50,51,52,53,54,55,56,57,58,59,60,61,62,63,64,65,66,67,68,69,70,71,72,73,74,75,76,77,78,79,80,81,82,83,84,85,86,87,88,89,90,91,92,93,94,95,96,97,98,99,100,101,102,103,104,105,106,107,108,109,110,111,112,113,114,115,116,117,118,119,120,121,122,123,124,125,126,127,128,129,130,131,132,133,134,135,136,137,138,139,140,141,142,143,144,145,146,147,148,149,150,151,152,153,154,155,156,157,158,159,160,161,162,163
0.0,0.6718830176103693,0.5995898251681673,0.5423856934871879,0.5297802242263547,0.6580403557364709,0.5953126420903924,0.6897632900567972,0.6486646978854348,0.6816938118159428,0.6610580722526781,0.6349925534274239,0.7002756068391602,0.5926307482071969,0.5990281214049925,0.6725027356080068,0.6741638072720278,0.7041332664851776,0.6011983744865155,0.7338737399801676,0.6382336002773312,0.6334006906141695,0.5873505225098328,0.5530090985908257,0.770029770203943,0.5635582416977466,0.5047736968496683,0.6347663796960321,0.5862512728240382,0.5547692151057965,0.7050514715133417,0.7167136400529083,0.5249947359428443,0.6498979746338953,0.720546119723391,0.5972582007944938,0.707105476283884,0.6448295253142226,0.6237916073252932,0.5458093121379245,0.5542129877878118,0.6761787136162143,0.6477326752728138,0.6251444701458566,0.6670753735153928,0.6516491331107859,0.5684764703373663,0.6172791451233299,0.6808523263729551,0.6197163141852483,0.6447433329302682,0.609464478463917,0.589474015553529,0.5780483452828209,0.6139328788620417,0.6327597908397307,0.6760255698279127,0.6473324698113319,0.6310697234690551,0.6197661343327382,0.6424272409444137,0.5582104475623746,0.6100051390442779,0.5660897320413436,0.6057646119464886,0.6224591657031631,0.6326310523764944,0.6323852877972492,0.598114234000264,0.7530898098121633,0.6935977912750952,0.5960391169049156,0.6210277801159074,0.6667067569977099,0.6875573873394901,0.6525384232577734,0.6082407640628775,0.564448296730618,0.6347386960029544,0.5542332893910822,0.6226237732838413,0.6515881423819845,0.6236656688956951,0.6316582341610445,0.6174717007198648,0.6883203002598055,0.6947156183130697,0.6219511603766645,0.67993991316171,0.5990779977838446,0.6414698964150856,0.6274619227759513,0.6224907474329683,0.6355684054923367,0.6327727964204457,0.6229527201167975,0.5255531171193406,0.6276597360282558,0.5615173453565948,0.6562294695889931,0.596639401647615,0.6351238972993103,0.5556264677842657,0.5696616620129645,0.6245937081895002,0.6426882258489764,0.5918449341825084,0.7344967480469189,0.5884757440007566,0.6572963540221823,0.6315271756724778,0.6082266441003887,0.6845447934231632,0.6202677064898916,0.630470992850888,0.6360358524426067,0.7056732855315452,0.6558414758713846,0.5874916950126041,0.6058218966703526,0.6038644984824213,0.5764460737124392,0.685302107845554,0.6811960537184121,0.6198083243693668,0.6335463606505657,0.5824761679832442,0.5951473594866126,0.6459245954145978,0.5638671003252183,0.6070853988551582,0.6004292116915141,0.6176487688772969,0.6587500546071909,0.6418961631678357,0.6029214400301753,0.6488707572703463,0.5675705991504666,0.5547301543086975,0.6582359321188259,0.5435852295399152,0.6560766545140788,0.6776271168887293,0.5713565611298553,0.669073226394944,0.6702844478907665,0.6186412587133786,0.6137455536666768,0.7437733270949529,0.538274474673777,0.7076476052251227,0.6383523897069858,0.5836589395269098,0.5176204186952528,0.6784557207789237,0.7244449359604463,0.5624245528459122,0.6328699410917181,0.5212766034066079,0.6089489446582623,0.5751584151410384,0.6832920999916235,0.5665443619139109,0.7498823597970821
0.6718830176103693,0.0,0.6465168603610189,0.601369455899226,0.5128721416004407,0.6041278959481539,0.6279543040475533,0.738210956075146,0.5914667829163538,0.682966342881265,0.616947643024819,0.6357833143183572,0.6903329818230962,0.5857622895455751,0.6951825644625681,0.5970805876778271,0.6298431711761889,0.6529184664905868,0.5534243427171237,0.63291062481118,0.6108041589848661,0.7205329981494991,0.5904012908575437,0.6392190242784561,0.6387548750752786,0.569461154358189,0.5390656320085784,0.6093081989950958,0.595395269646,0.49755527367997815,0.6388701357034353,0.5783571767869213,0.6141194536354119,0.6080049998998835,0.6409375224935927,0.5938085276482675,0.6219260384844814,0.5798099535913925,0.6197030095067884,0.6246737255879924,0.6152865982995109,0.6096044813647761,0.5534649082056741,0.5725864997159908,0.7509766074321111,0.6698570165167337,0.5481181984488236,0.5509368503653984,0.6165533577087166,0.5820405360644773,0.6037482479629986,0.607489120141825,0.5788730628742258,0.6301873808705399,0.579831076994458,0.6022543396167513,0.6044672086063961,0.5860976881646422,0.6072841533017065,0.6402051282753218,0.6549948832612867,0.5064263822346924,0.5534846652390679,0.5263905451226002,0.5512713582825477,0.5631907941555591,0.6687333520205477,0.5877541716566419,0.5469215549996327,0.6463232161459629,0.6387784475061009,0.5465330678103754,0.5442042973221602,0.6841104384681945,0.6319401961305816,0.5454867777953483,0.5825148805810755,0.5579784918511164,0.6056514825595966,0.4775540490818759,0.5505385433863631,0.6343431880067972,0.6244665220479427,0.5889315627530523,0.5406302185365138,0.7513636475061382,0.5594255739759401,0.5405934092942923,0.6170702370301313,0.6658140754612365,0.587228232168055,0.5985701306702057,0.5756535478362457,0.5719088840964593,0.5929451686817148,0.6133502980403668,0.5111346235484586,0.599961922600044,0.4977618400384165,0.7236242595734946,0.5517110696268616,0.5592810411100106,0.5092418167456152,0.5603343081579457,0.5566356112497469,0.6381581680159021,0.564988988471777,0.6855584088240119,0.6420142633340138,0.6691237101779007,0.5935388053378964,0.5441026506680573,0.5965342869651542,0.544877237853649,0.6120245743976407,0.7425452479526525,0.585577162549928,0.5475479331697227,0.5663032048968781,0.5618347338533672,0.5687468569496285,0.541031612641575,0.5785766846603441,0.6508688445609947,0.5216851469451163,0.6413643888237232,0.5541771608655348,0.6496226686420274,0.6406643187141987,0.5723606367318521,0.5639241273731654,0.5454715822206472,0.5452815721971124,0.6140409982789715,0.6234616166529086,0.5402438914745121,0.5951026018435089,0.6125531853481765,0.6137250965279246,0.5885555410797443,0.5476274094871857,0.5493756454746654,0.6906943248065829,0.5312394344763892,0.5922193523115024,0.593541118624643,0.6409655821582744,0.6144019564508397,0.6383674650496629,0.48777237318694416,0.6034400644439498,0.559384417933982,0.5901890444999754,0.5946727497211997,0.6486232782603609,0.6794862943543498,0.5817395003341521,0.6484257707273374,0.543587597029891,0.5197765486167423,0.5697892163161898,0.5531205454007301,0.5142681345612783,0.6627274093057296
0.5995898251681673,0.6465168603610189,0.0,0.5354221857743056,0.6157371842574191,0.6002215695487751,0.5592517822653168,0.6094979765171815,0.5312338805711577,0.5886890909910902,0.6191247169840978,0.5803987957651103,0.6395424683161368,0.536560557455394,0.6067928539857649,0.657393986903302,0.6658011255446565,0.6006730644079824,0.504584658689497,0.5642129451293549,0.6601311402268488,0.7591404217663306,0.5172363915089729,0.6100277490932967,0.5587081597009208,0.6217813390815432,0.4817963305184739,0.5248536904957697,0.5696536376986935,0.5025899263262271,0.538412765722685,0.5536614525042981,0.5516545507160561,0.5163378453324341,0.5494697255086604,0.5692697919890443,0.5841629901843195,0.575406837376804,0.5869941284365807,0.586804773981007,0.6087211299473188,0.6104921031798838,0.574568623734755,0.578829469727609,0.6006556347793934,0.6159479948569621,0.6075522749697299,0.5832702638776419,0.5501742336556822,0.5924612532355918,0.6024258653725687,0.6590189110438981,0.5493505995660249,0.596615115240708,0.5458045103380074,0.5586250466730038,0.5838008208736626,0.6220879226900737,0.5463342379345558,0.5776266982416656,0.5721614312614572,0.519696687190631,0.6035892014507133,0.5130384511492002,0.5355676685709749,0.5432350869660579,0.5701630217596275,0.6273520122898174,0.5523669558509046,0.5872058135300343,0.6670045814338276,0.5074668895866523,0.5205136667057754,0.6671335754465861,0.610740803988007,0.4852458297594553,0.5826214452063756,0.6053639182614929,0.5767088024775343,0.49867864652414734,0.5850222301309854,0.5858427420481144,0.6303764320076182,0.5685196128609497,0.5326932755938877,0.6655786203249354,0.5211818233328462,0.5033122421944081,0.5293483485591393,0.5658844662955674,0.6301832646348801,0.5222905017927469,0.5747935885480393,0.5221589513799397,0.5725545332958486,0.5637543515744754,0.49276645986138246,0.5405026530087875,0.4856321110272452,0.5791351465937682,0.4970700635969765,0.5432995905868903,0.48292731374336056,0.5111819361177401,0.5297794676116496,0.6892929945614631,0.5682472754944268,0.6124823280603396,0.6202121813109915,0.6323542875242966,0.5586735129691489,0.5430390397128532,0.5576907000568632,0.5171206659367078,0.5801080678759044,0.7104008955291726,0.5265392750115478,0.5244122010366341,0.5899414547115623,0.526198674711108,0.6292598195035124,0.5237918397018143,0.5560717090522208,0.6293000546308133,0.49158757164052547,0.5903222881094845,0.5524023008824427,0.6361740096405163,0.602421491589359,0.559856312145113,0.5268323704015773,0.6223424043328394,0.49773073466654805,0.5675911517255299,0.5747944316553962,0.5539375804855872,0.569263349575158,0.5698958397709851,0.5500225209310686,0.5536832016273554,0.48953951415311203,0.5559604735361862,0.5897443755818564,0.5243981635705498,0.5884633158298717,0.5517492127736392,0.6770215185931664,0.6157181726151102,0.5882875939632891,0.5041552787127268,0.5266946904852943,0.5172189318587896,0.5675893395111826,0.6058796533212152,0.6076186705015904,0.5906535538040467,0.5194691574398643,0.6576994020329602,0.4749897839728769,0.5048280246536506,0.5554918135621024,0.5065919435201052,0.5022249521526114,0.6608101344944791
0.5423856934871879,0.601369455899226,0.5354221857743056,0.0,0.4780251550698084,0.5159464556410102,0.6066559822422068,0.5639347467255925,0.46545556994063236,0.5594555191088133,0.5889419077505893,0.5433165308678453,0.5487205532659267,0.5530115833678858,0.6195490733825136,0.512204803132106,0.5683459481162261,0.5711147175034186,0.5354999456805003,0.5098018624883467,0.553688186344714,0.5647494785238748,0.5544216046224351,0.5458095537459796,0.5415209564590637,0.5565209702036013,0.5045800539550364,0.5827621962805912,0.5996278145725064,0.4233887950196723,0.5332265084267103,0.5069321845693731,0.7379382797958923,0.5561253246028661,0.590597681692911,0.6041455578534578,0.5209510155630926,0.5363682270746324,0.5698790043412372,0.604462401456632,0.6722899731020907,0.4874161791316375,0.5140310730466251,0.576815024686995,0.5846556156412182,0.5613269685201919,0.4595277909939514,0.5178115366823716,0.5679276841318006,0.5392402749721092,0.5965510445439377,0.5855191128734224,0.5592535442876859,0.6876959730826303,0.6247626633455644,0.466342649094841,0.5483888958724635,0.5355841146387037,0.5837896271202516,0.5767775329766153,0.5964593234164586,0.4739403531985526,0.5477277810277619,0.49715485621960315,0.5127033408152554,0.5170172002893183,0.5778208517896724,0.486381780907906,0.5134197350417049,0.5585130143526383,0.5335940352678356,0.5226771637251618,0.5238751897321369,0.6175908093389262,0.5576120595627949,0.4921612234109949,0.5453050278627416,0.5145062790707821,0.5680936277479228,0.4468887506492143,0.5069531903053477,0.5577995871989532,0.48656185748107994,0.5502325262120782,0.5244783548857685,0.5617105588468804,0.49690806948227306,0.517778652322379,0.5335208810140013,0.4806428948811571,0.5700322509425939,0.5451295594975979,0.5726273710788126,0.5298295854207221,0.5799153634346635,0.5315172839636826,0.47822737977718327,0.5316591333994862,0.47662880473509267,0.6346495860618256,0.528246515905645,0.5149993493428227,0.545474262673529,0.5539484049055233,0.5388278813356812,0.5183669304107968,0.5321438070819863,0.5501417987419259,0.5846813921472935,0.5151312401120693,0.5930111092424905,0.5302645970062996,0.5500727613292012,0.5041350061788871,0.6165609569913637,0.5730300626515277,0.5381302232784277,0.49212222930433963,0.6109916474867567,0.5314921382859851,0.5162937199289899,0.5497653334536567,0.508734975901766,0.5655418108111433,0.4819865333729476,0.6075821539265644,0.5192787216579817,0.5131325771212578,0.6428013208541886,0.5324691636941635,0.44699999138772806,0.4805871850808152,0.5013642869632664,0.5696962801149243,0.5403550496848368,0.4939663792791135,0.4650897311653409,0.6037142783325711,0.5697957165010729,0.5280091527928358,0.6246167845041971,0.49008408890200855,0.5951134222830944,0.5192462215511122,0.538060671364397,0.5203332410999496,0.5011183552622668,0.5411283882893089,0.5219429195998073,0.45256719701389914,0.5678139721183687,0.5650938419129141,0.5423414040866597,0.47732920205954604,0.5903901105780337,0.5338782851060906,0.5018663233140629,0.5380241487050483,0.6382020250862109,0.5190643126242845,0.5517004615092778,0.5141523501577773,0.47814983702120256,0.5760745972895617
0.5297802242263547,0.5128721416004407,0.6157371842574191,0.4780251550698084,0.0,0.5266648617620128,0.552016470159473,0.4995600575967554,0.4713659876498395,0.5131321589087763,0.5707228790317216,0.552289604167253,0.5292560547351762,0.46897054601559673,0.5449870258277344,0.624482692823404,0.5812495984041083,0.5286661764299879,0.4755221793894831,0.48035573182347086,0.5776025389181004,0.5690624362487626,0.5013097936858711,0.526646698066765,0.5090604591895267,0.5838035667332225,0.4443594162113416,0.46644834728469087,0.5358849633540835,0.5411976289230895,0.49785563772278807,0.5270068535953274,0.4924456819618355,0.4783468979756733,0.4911406318425185,0.5159278881130979,0.5397296142129546,0.523470225567721,0.5528425449761312,0.510667584534305,0.5393238127195197,0.532671830335336,0.5813500963332249,0.5731318778813378,0.4978979017413192,0.536269568291669,0.6151533088843907,0.5683856451530955,0.530274118063358,0.5382543407044035,0.5748850962673762,0.5734228488417082,0.48465884225797407,0.5148727038790425,0.5310674069847288,0.48679345472806373,0.5294312253569932,0.6234637528293223,0.47854591300282256,0.5110667648977771,0.46749020232159116,0.49976035715122996,0.5578968053859265,0.4664802522403686,0.48440805038882007,0.4759273010823489,0.472402058676012,0.5782146637128939,0.5041522148002939,0.5188663599981999,0.5708647919169463,0.47220007652195983,0.455985506977612,0.558631276646255,0.5104458239982254,0.46230531887311144,0.5510810566579215,0.6671722521877107,0.515899537793217,0.5121986246685981,0.5282866302823161,0.505510021760843,0.5907481119590853,0.48852664295794906,0.49451049474969744,0.5260991423902847,0.47213319941576715,0.48428939279301453,0.48231884506849193,0.4711372350110895,0.6444395958547594,0.48287557829658917,0.5868993015846121,0.47339706453394476,0.5028700405516223,0.5240646909129892,0.42783127665022397,0.47643108305632675,0.4657204590980706,0.4863308536111148,0.4640812731766445,0.5098370746270611,0.4690202073275199,0.48164227819241234,0.4833762841615833,0.5908754410544645,0.506087340616055,0.5182312699120148,0.5521443306554663,0.5257614615873009,0.5308087303291185,0.5129847845059551,0.4785454946696481,0.4781580090023466,0.5218803315781771,0.565512343833956,0.4838109772549162,0.5338396233422452,0.5219905927540927,0.4786383788192073,0.6183759791334771,0.4965912725182728,0.4835083165056915,0.6001277033217939,0.45141369888753174,0.5572576962581443,0.4896622463455667,0.5781686436645935,0.5199062404920524,0.503259735797602,0.46929977606127693,0.5505397432117336,0.4533129047121087,0.49465254584266816,0.47912174089361703,0.5139085861271765,0.5383501982661092,0.5245409473450663,0.47146400520103426,0.5371116946859431,0.4480327706926037,0.5248602523993886,0.5060142747873541,0.47599364382382914,0.5470280786518067,0.5196095864260136,0.5842116204756631,0.5680987388887966,0.5180319990910996,0.47025650971479815,0.481381960924502,0.495420375371908,0.4997323871010733,0.5244788003318162,0.550955716814025,0.5004384948626389,0.45921128737659456,0.5970967957194193,0.4373430551029741,0.511725946124057,0.4901446260771432,0.47515882958204686,0.4687015921288672,0.5911761298146045
0.6580403557364709,0.6041278959481539,0.6002215695487751,0.5159464556410102,0.5266648617620128,0.0,0.5332698628825491,0.6039181372934548,0.5741287852689537,0.5719495403230097,0.5826229432242435,0.6539341855889992,0.580526222204601,0.4919480146276827,0.5292119653607018,0.6024757438149401,0.6068175982779307,0.5439237663142121,0.5947157513649716,0.5850637731937042,0.6557037288182508,0.5824910886692829,0.48983955277030405,0.5221776423147914,0.6362873289442234,0.5274182063085368,0.4254592398531594,0.5300174421211633,0.5157785046274022,0.521792811735162,0.6014619686451267,0.6238913212503893,0.5019015974714885,0.57760186523006,0.5778742909178246,0.545257331481718,0.5937645770653559,0.5437409023495479,0.5709617920184207,0.48110103327738574,0.5274652437825467,0.6855853804234293,0.5723678499394307,0.6278333964840107,0.5563404370062272,0.5548469643849082,0.566116262486285,0.5958493224933636,0.540504581686497,0.5529169645393734,0.6003646769745565,0.6718657443729206,0.533778595715618,0.5725614880694275,0.5404474760796212,0.6270249983208434,0.5910388875203866,0.6698021822269727,0.5157994004600126,0.52862496568895,0.5797780262320503,0.5263049716086529,0.6248828967668281,0.48774628810212695,0.5505410896058931,0.563015878351506,0.5335254141503032,0.583673825652224,0.4951887068064476,0.6022632484447664,0.6390678302602462,0.48911737862770205,0.5673782287666425,0.590294517106979,0.6147016444626686,0.5382158903060508,0.5399683147934009,0.5305070372508196,0.554493582497345,0.55146076795078,0.6419739553114213,0.6243612980606613,0.5897121103703112,0.5509311126800882,0.5709157878886169,0.6013193938087817,0.6209963581689308,0.5136514658292877,0.5535600564856643,0.5544222991146868,0.5903789587967423,0.595538062337431,0.543453842731254,0.5633163462167924,0.5558969418286077,0.5957119604733511,0.5171891715605558,0.6319328092174018,0.5105273159308277,0.5648431983953072,0.49540540468047395,0.5588341661955964,0.5223592763296205,0.544809577903838,0.5555322801104202,0.5867867225172521,0.5569010102818744,0.6190682720694157,0.5160080845285507,0.6463676028097657,0.6394062699878262,0.5446009433321222,0.6451455436186768,0.5216065280432085,0.5467612320418668,0.5865837280252959,0.6196488033046124,0.5292520471194545,0.6244240256345382,0.5388729693162305,0.5363098338693671,0.5320123696690247,0.6495987109709156,0.6259880878275725,0.5461193347709558,0.5723412356907689,0.5559060580729303,0.5463957372513248,0.6009257172787676,0.47843098543817836,0.5578832829009687,0.6207981763205311,0.5041479494340787,0.6231380823189279,0.579368870612199,0.536660842061756,0.5713206106884132,0.48878630272641194,0.4641837579456019,0.5573880441032182,0.49280802136271973,0.5834862340381493,0.5971540405197073,0.5337035258827293,0.582347735767056,0.5946599319144332,0.6411122319800313,0.5484861285677869,0.6196218172647128,0.5116060192963574,0.6022089594320362,0.5574551095237472,0.5217191356417865,0.47669283601200174,0.6595750295561617,0.5883800209676078,0.4898740850532474,0.6389352522431996,0.4603226226266785,0.5379891056158966,0.5092134505393661,0.5913074776239576,0.5146105748288794,0.6499931017912189
0.5953126420903924,0.6279543040475533,0.5592517822653168,0.6066559822422068,0.552016470159473,0.5332698628825491,0.0,0.5865132103493957,0.5017675222288518,0.6487524876341484,0.6174754507413566,0.6307356721272763,0.6157265543563806,0.533294697182253,0.7171471738270925,0.586363073450503,0.5822423026900413,0.6093123626896176,0.5296231072002313,0.5249187286380019,0.5533546933824132,0.5853622639790929,0.6980075429912804,0.6135741069100079,0.6131090206792746,0.590275258128049,0.5541111990195158,0.5782583152277389,0.6362783509412848,0.5176707050321452,0.598696146744358,0.5645953862828291,0.6212685108891284,0.6109196231255642,0.5757073559347334,0.5503349649058965,0.6271442078846136,0.534949211137509,0.6046425774392623,0.6324037155251668,0.5854137588750316,0.5271016588104624,0.566833215075855,0.5889203987403085,0.6263865698658987,0.628281617316149,0.5399791913725384,0.5567320967081946,0.6969630192361003,0.5303072067449136,0.6113144860529133,0.5522481453809682,0.5144649880750336,0.5793164202249499,0.6280203455982545,0.5193911954457968,0.5574488502094468,0.577380943529735,0.5634023503363603,0.5885299120081947,0.5456557931535752,0.4801121940812398,0.5173610158395111,0.4787458333147706,0.4973934680369362,0.5047322086684077,0.5802222777515824,0.5726997828523824,0.5194635343326875,0.5938003901301361,0.5643489592879205,0.5280470020504625,0.4795522964741554,0.6299765620921286,0.530148684790352,0.5514635752162221,0.6104275113178242,0.6448102417423682,0.5686378341590156,0.49206066026106904,0.5068590342326912,0.5387238908080225,0.6111061752639015,0.5255712400541668,0.5054107008603503,0.5787780236496652,0.5124115739357514,0.5439787141830246,0.5978347767028449,0.5418485112561162,0.6034802379667216,0.5580338783232485,0.6159312654096722,0.5307858794094913,0.5350520761977838,0.608165271944801,0.4377577341980714,0.5293450661038471,0.4678622927829306,0.6304679043795066,0.5463069783350878,0.5490408215835424,0.5185281628573636,0.5613959077685796,0.5076973712007806,0.5867644548457933,0.5205791566573825,0.5945349161263523,0.6482964244144415,0.5810950005365828,0.6048662370408787,0.515853595891867,0.5249400139142063,0.5127758748171727,0.5874559676251744,0.631986402936356,0.5497007452188873,0.5880643148701782,0.5322630311608908,0.518884983299196,0.5537890523455545,0.5339866479045108,0.5019522680828471,0.6957642598273601,0.47261023872102065,0.721021966272731,0.4930436315379462,0.6341160877237714,0.5811938030816184,0.5521234615136698,0.49052548859990586,0.48443899063215967,0.5205646234098488,0.5217350216616699,0.5197413649058328,0.5019492949379907,0.5772351531602214,0.6374554592268492,0.5758531014058856,0.5910415934627338,0.553043003104168,0.5133026095626886,0.5891690216134902,0.4790296677253495,0.5742507479811222,0.5804513591019506,0.5475932408293399,0.6283878126161772,0.5677479930098606,0.44102450546106226,0.5646286981297926,0.560026240093185,0.5247403546748188,0.5608539270169218,0.6241928185667663,0.5868211264242533,0.5631237105644661,0.6557941404940404,0.5671537131983986,0.56354832532797,0.5475856229608095,0.5236167101792616,0.4851869591494471,0.6128406609032447
0.6897632900567972,0.738210956075146,0.6094979765171815,0.5639347467255925,0.4995600575967554,0.6039181372934548,0.5865132103493957,0.0,0.6736828715274789,0.7243054316187483,0.5735651151248448,0.6341204289788384,0.6482147517555412,0.5888877886106254,0.6251837165570188,0.6001764116556577,0.6227586929727031,0.6759251344999541,0.5671855373293796,0.6636341216023985,0.6099804076413771,0.6336864508253099,0.5956903739320605,0.5478496603646815,0.6947064954792312,0.5524674856815169,0.536409168400025,0.6005704556155094,0.5573331569827737,0.5240652580539037,0.7078713176882935,0.6176813956789322,0.5581101885290481,0.6293745276048315,0.6562623482126034,0.6194921655623404,0.6175945372550095,0.6257805563123546,0.6054008183398956,0.5593443414368534,0.5856181008370236,0.6521978526300086,0.5903408603823903,0.5587204749908209,0.7519143943037124,0.68594819513879,0.5700216312964448,0.5290729782249787,0.6168390508700649,0.6068522100213443,0.6062813112391973,0.5905717167417559,0.5889562815005371,0.578626610089686,0.5716113876387279,0.6546588509021938,0.6188131673092854,0.6169732795847421,0.6239742197032044,0.6428104334857045,0.6289913275022351,0.5513210388839636,0.5660267858108853,0.5669826823617579,0.5795725221436119,0.5899048635839574,0.6470847721494043,0.5912128308696786,0.587759269405707,0.7271160577899429,0.6526444554291863,0.5750965459733953,0.5760837924003688,0.6538841632376693,0.6689649969809489,0.5804934114668995,0.569167982870301,0.5430701177707483,0.6531992915900086,0.48062218333880535,0.5741844320265532,0.6819639200386634,0.6150321765978202,0.611692645106042,0.588984180046822,0.7943277138064067,0.615814596702759,0.5965464770264292,0.6937518580212445,0.6713871990381979,0.6077678139789173,0.6702337962051287,0.5769151296580143,0.5704569336662674,0.6213269207410478,0.619864586457929,0.5348603006192921,0.6734499878850282,0.5437293514974803,0.7192963716188622,0.5593084728852942,0.6118198098968652,0.5576720299943868,0.6058159753271493,0.6110743979028308,0.659634730840381,0.5935394390213871,0.7507624545722043,0.6183634299480227,0.6087936694233814,0.5766050394209947,0.5910261623129219,0.611706520567025,0.6155475686292271,0.6163780653041718,0.6583057707218315,0.6430687398000743,0.5714713869276431,0.5517413793497415,0.620563226474767,0.5619227280059889,0.6031171456026342,0.5978874907405581,0.628066555751402,0.5514212635792003,0.6103232800617464,0.6007752405280564,0.6244444430171006,0.6472019659354366,0.5758273380454554,0.6415643137869779,0.5701740963074896,0.562575665576703,0.6364670684648409,0.608681891901968,0.5450142325719154,0.5990501669839836,0.5761959184635713,0.5886022340205309,0.6530165294808985,0.5406124993071044,0.5883195138960295,0.7282223782519955,0.5781530093033678,0.6113740860983183,0.6661245353907185,0.6448297574292101,0.6257554518290577,0.7307106058805276,0.5274599692567101,0.6358310156824604,0.5969062609971169,0.5781273948481839,0.5740053083864749,0.6965510662202246,0.7066805047117521,0.5216706930513528,0.6255250690356324,0.5095048158060869,0.5338416520621668,0.5885620582753057,0.5971205571322141,0.5836948092622352,0.6321593432218099
0.6486646978854348,0.5914667829163538,0.5312338805711577,0.46545556994063236,0.4713659876498395,0.5741287852689537,0.5017675222288518,0.6736828715274789,0.0,0.6101264029687767,0.5059788743244498,0.5728078809595223,0.551979274938115,0.5185318770333203,0.5169191569733943,0.5441340847259375,0.5401238271450475,0.5838569094545115,0.5271940284654056,0.6236331647072844,0.5392228832772958,0.550565412162341,0.5166257628275457,0.4670581783456813,0.6433948374327566,0.4724568612290604,0.47426349025767794,0.5209195306171146,0.4792285029769314,0.5545432645179805,0.6625996430963248,0.584941661057034,0.459794820774934,0.5451817266646295,0.5929217242183034,0.5316007463402439,0.5611882277219996,0.5690400432369447,0.5233152761232144,0.46090003915184385,0.4827919686606783,0.6974295221571265,0.5437697174141617,0.5024930106017065,0.5811340929159251,0.5540153293701563,0.5489796229219984,0.4841481553801574,0.5391866100981868,0.5437531952785779,0.5233039106931715,0.5148173120674305,0.5192625748459703,0.48296029646660643,0.49064461929049735,0.6938534894233723,0.5502518800992798,0.5784458523982019,0.5341655259462252,0.5339011228184615,0.5255456112132268,0.5236544897642436,0.5126911214502636,0.5325193144479744,0.5401928374481594,0.527675862798034,0.534905110572118,0.5542709086158191,0.5449986924219388,0.6516650388776397,0.5862935975180852,0.520774427624869,0.5476169003076705,0.5346712825250973,0.5954810877500989,0.5487917550540907,0.4913940059517321,0.4843218201254193,0.5451965443394516,0.4596292390730052,0.5347289666085576,0.6202728610978611,0.5775113590483204,0.5349465045986399,0.5467024865311566,0.6387816242137073,0.6124513549077252,0.5570617430787016,0.6045836071818884,0.6220609110106774,0.5505932251259511,0.6301537322647371,0.5091977031324842,0.51217648499878,0.548468959742639,0.571407186132429,0.5000106270229064,0.6282697431262729,0.5409859174636668,0.5563056763397866,0.5018282805941585,0.5493771281191847,0.5132470834828399,0.5521736331864311,0.5654169618799377,0.5633094439129044,0.515087639342284,0.6536357444484853,0.5039076638957658,0.543911825151171,0.5088695424359113,0.5465574394470235,0.5579110317606496,0.5892148353169165,0.5143950777342878,0.5485173107128634,0.5962672333674683,0.544829060637589,0.48435927339048757,0.5856152108681953,0.5092340869852156,0.5415388118967571,0.5688911840459048,0.5407650944217518,0.5567300558212721,0.5113660947795533,0.5488299430588495,0.5357000173705432,0.5343322752848513,0.497785720983804,0.7716496322579289,0.5447440820028636,0.5159945974496801,0.589080638290524,0.5411015081318818,0.5098882979862709,0.5751094124135692,0.4836824475365521,0.48941546289682636,0.5919461700263169,0.47015687033543274,0.5735609562857609,0.6084731851932119,0.5465028218244239,0.5484794941465463,0.6381323228275897,0.6159812284408174,0.5282996270968265,0.6843396664825303,0.5202206167347458,0.5769186229207558,0.5444787695139178,0.5168356556147076,0.5030866841994006,0.5932468919598062,0.6158361440435315,0.46291049717151317,0.5446945559049111,0.4409796302149418,0.49013942222931944,0.5040754594250153,0.5882449667368433,0.5636196046230839,0.5691211023729846
0.6816938118159428,0.682966342881265,0.5886890909910902,0.5594555191088133,0.5131321589087763,0.5719495403230097,0.6487524876341484,0.7243054316187483,0.6101264029687767,0.0,0.595325553089579,0.603141500059282,0.6921999157455845,0.6089049108321853,0.6405223850482413,0.6190902679501694,0.6031127077535267,0.7078847388027901,0.5224332443719099,0.6007861653954208,0.5606720443986642,0.6029729980457458,0.6610319236921829,0.546290903121645,0.7372884748276661,0.5841845072805433,0.5854901133036509,0.5975040670751439,0.6273108419826796,0.5418680015427805,0.6820305765202404,0.6150046199183912,0.5660829409761539,0.6123704897473985,0.6475359978827628,0.5803929070373377,0.6975903411343929,0.6209514070883414,0.5711230855969163,0.5851918067409093,0.5662399275994144,0.604356769769459,0.5970153972367803,0.5692643325618749,0.7142451343530242,0.6667155266660055,0.5799724648977668,0.5522834316151862,0.6826551509138097,0.5580042457503972,0.5869015687075892,0.5532221621159467,0.5387679913253506,0.5421146946715614,0.5902502332504124,0.6350338432268365,0.57541973050718,0.5973088463944923,0.6152600849984404,0.6031873021743054,0.5838087896537525,0.5298026652407931,0.5367434482858314,0.5450917885126597,0.5291353686181097,0.5468903643191521,0.6455453559894871,0.6415789543160781,0.6138535025521376,0.7578618267745747,0.6216185180533044,0.5927672755217409,0.5390231443294482,0.6302047927477895,0.6010591241020075,0.6182108147448907,0.577540281165535,0.6004700524533093,0.6335584302186732,0.5055175566979739,0.564234008821352,0.5831766353457728,0.6561989337554283,0.6211452886292309,0.5519542288328646,0.6998412618212405,0.6045638918622009,0.6068690345618664,0.7253145747759309,0.6345671433142274,0.6160376135034096,0.6190009744837152,0.5894667339892298,0.540709633244103,0.5883496467844266,0.6848849052571692,0.4713788042414443,0.6181432308055205,0.5260846586242264,0.6871160195058379,0.5913695336963498,0.5883942294921573,0.5535072624290989,0.6258758071617893,0.5675186189734356,0.6459532819700182,0.5450401977471688,0.7690113081651349,0.642001408301464,0.5980310365717879,0.5575538641938044,0.5622556374557816,0.5926187633206501,0.6123216460018783,0.6191693432295017,0.6495664259847143,0.6231846553491939,0.6058732004222867,0.5394352445612621,0.6298211214492637,0.5602128451074159,0.6049625103600202,0.5637529453182887,0.6584120668339601,0.5387587260763348,0.6797411447681877,0.5408003421180179,0.6302972687634912,0.6255843317394172,0.6064538816317152,0.6165568854448097,0.5266266396523432,0.590117497528501,0.5707203429763924,0.5536039193586306,0.5382712759853769,0.6399149809855016,0.6165110002160675,0.614373576268112,0.6427342070652045,0.5789902240320133,0.5823343458007872,0.633681873898138,0.5286384503463578,0.6340296385401206,0.6775134733133421,0.5833834639708237,0.671628101885795,0.7260330445886144,0.4985339983507392,0.6025648729786754,0.6134193796305801,0.5248909512031801,0.5859335481323288,0.6821726927697294,0.7001103566423449,0.5420612598495471,0.6637285117257966,0.5478145078774291,0.5614899597307631,0.6333021670458884,0.6034783296735795,0.5681378030201941,0.6243626370450996
0.6610580722526781,0.616947643024819,0.6191247169840978,0.5889419077505893,0.5707228790317216,0.5826229432242435,0.6174754507413566,0.5735651151248448,0.5059788743244498,0.595325553089579,0.0,0.5790691494330306,0.6913286674481296,0.5852909747328726,0.6052127385911829,0.6908067073567555,0.7175349616570129,0.6503816450625892,0.5547143711535237,0.5960844005298699,0.6259856539054454,0.6555303663968138,0.578295858942301,0.6020950340283834,0.6033987627663773,0.6151804050041852,0.5118331379568652,0.6416989535855804,0.6719948272138201,0.5012072293392474,0.556807694386703,0.6128191508736468,0.5600762359824729,0.5813600515034346,0.6232855144437585,0.5789115859239677,0.6462977618661829,0.600357396223948,0.6319094845499854,0.6170919110919176,0.5860301867043786,0.5587026927674732,0.5983550892300094,0.6401666958479857,0.5996438653532948,0.6055049286801133,0.5128980557368137,0.6698348384539097,0.6676017559044507,0.590826755307369,0.6549645568435292,0.6103066696137286,0.5667580642789539,0.6279967658938562,0.6746076205453927,0.5078241951732142,0.6398221927217288,0.6099498233769077,0.6014727363124888,0.6074309813933516,0.6332222188139728,0.5109147137366172,0.6056512404494375,0.5251100793943447,0.5454412688150425,0.5664603582463142,0.6078284912895804,0.5792653167595426,0.5702258882581362,0.6229449670616698,0.6176184091051881,0.5600172424057025,0.563726384793969,0.7059689119763015,0.626551518822644,0.5516567206255449,0.6764336895564966,0.6058736745889911,0.5830077953322345,0.5561235442526383,0.571740011602778,0.5586842798522252,0.568497490894355,0.6019468124107538,0.5615833871562776,0.5947944015306521,0.5644994469546845,0.5510089159039602,0.5667205009430105,0.5114341482737117,0.6449654882506298,0.5201319106932009,0.6649515566883991,0.6027897970972721,0.603792259083586,0.5550503758056521,0.48194427726257877,0.5173019234487065,0.5022784788231855,0.6050614126268117,0.5790329323392458,0.5796249852758197,0.5078522277838213,0.5055358898694611,0.5557277601706425,0.5972932485439119,0.5687790123262234,0.610131649886926,0.6025227307539072,0.617303347090028,0.6389098939732328,0.5635787195705292,0.6086656100180253,0.5535579003641238,0.6350052762289519,0.6472813742306107,0.5757509222233428,0.6113709330462856,0.6231562675764414,0.5399115718861924,0.6393116828124348,0.5310711755845052,0.5893257757923009,0.6710065605436306,0.5372183631978298,0.6566316991751477,0.5343226590816471,0.5801134799596714,0.6345799179466242,0.5617509909538584,0.48962784874980914,0.5668062744282581,0.5920771387854925,0.5919223337217538,0.6001616151455572,0.5739384935209327,0.5607154389709951,0.6013099291590457,0.5711835495601147,0.5775970236328372,0.5421317048271664,0.5883718237494474,0.5956283607622018,0.5253839594531329,0.6338631535939362,0.5466608465691213,0.5489712250119942,0.5997303723425181,0.5801486962678583,0.5036386524710651,0.6047832717842464,0.5821113265699577,0.5981913763940261,0.5027525123619723,0.5984521571064177,0.6041957668174507,0.6125082314277076,0.609042537987184,0.5613225186207592,0.6226331449885627,0.5540623131011407,0.5672465112659492,0.4959518821874172,0.7742562063384458
0.6349925534274239,0.6357833143183572,0.5803987957651103,0.5433165308678453,0.552289604167253,0.6539341855889992,0.6307356721272763,0.6341204289788384,0.5728078809595223,0.603141500059282,0.5790691494330306,0.0,0.5716126624121517,0.4816765020215579,0.5966882542959504,0.5972393049262391,0.6022903009508765,0.5603581449156463,0.6376046087395607,0.5688279995698732,0.6312455813095366,0.5878085805529658,0.5788314811998878,0.5702756720569465,0.6521568518035596,0.5247803404843393,0.46661780130257374,0.5608731518790482,0.523578926016847,0.5767318552463014,0.649187074068911,0.615720302745868,0.5320562794416321,0.6571896280401874,0.5672926989599573,0.5491356805439909,0.5872679744080652,0.5262549962570334,0.624971187279257,0.515481649843267,0.5460214476790002,0.6431733275829417,0.5766258287505365,0.591212561804694,0.5955748605755155,0.6007817454526789,0.5762643452248196,0.5446915922975963,0.5992132918023105,0.5529890131470783,0.622443742843071,0.6112377119064157,0.5276729536244488,0.5807616657576974,0.563467501469517,0.5903121950515159,0.5963852932204766,0.6863127628605034,0.5239174444264098,0.5683544750438365,0.5497584935198168,0.49985311939214977,0.558116071511978,0.4753987763830298,0.5318383579002576,0.5303364127476508,0.532062220915721,0.5561849413604101,0.4881905147605836,0.597090651148668,0.592088775904861,0.48760910128870616,0.507146261298075,0.6097706438366804,0.5755400900538451,0.5384317377745077,0.5698876843026788,0.5645079834296932,0.557930611874531,0.49775988891598266,0.5411140505836542,0.6182335408659556,0.6254987150703759,0.5064280018721656,0.5429255252252914,0.6019871258317088,0.5544250263500882,0.5256664611268302,0.5866297952735187,0.573013819726887,0.6039067919365735,0.6230891329929691,0.5756711999846043,0.5544112270256069,0.5328732072498399,0.5956884107313644,0.48169419818716325,0.6064428316897545,0.4841463263918619,0.5937303572198607,0.4924475297616533,0.5726885473899166,0.5235320862898162,0.5670597962204601,0.5316447873475584,0.6006783349742755,0.5530534996606477,0.6244751284375811,0.5547270614011862,0.6294617844374889,0.6725698648602549,0.5325231648865867,0.5488683053936585,0.5163581475817703,0.5429954795023718,0.6226304873866766,0.599687828167535,0.5724505179414695,0.5515136566894406,0.5145906816124001,0.5364323812952249,0.5257390230883666,0.5544994294437785,0.6705093249198534,0.4901531584147865,0.6054169000821102,0.5318049339332777,0.6097621581935538,0.5804704127976652,0.48364581015388325,0.5508375966644952,0.5489443160678328,0.4879074840364469,0.572113817180359,0.5500384394902826,0.4977395014650427,0.595248011497113,0.5181859345950274,0.491992107116153,0.605741708891098,0.4844021355712445,0.5384102167093723,0.632573209453304,0.5092922667184889,0.5582804173527983,0.615707253303857,0.6507565010863555,0.5718366398990232,0.6101450460002091,0.4745899104571726,0.5996788657489237,0.5487634397390619,0.5540719284231183,0.5218191605811795,0.6859973968397617,0.5837987749190785,0.510860869420843,0.6689400199613182,0.46858234567152296,0.5394672790902917,0.4929951323064966,0.5459403282518147,0.5008951218561687,0.6341079447155548
