0,1,2,3,4,5,6,7,8,9,10,11,12,13,14,15,16,17,18,19,20,21,22,23,24,25,26,27,28,29,30,31,32,33,34,35,36,37,38,39,40,41,42,43,44,45,46,47,48,49,50,51,52,53,54,55,56,57,58,59,60,61,62,63,64,65,66,67,68,69,70,71,72,73,74,75,76,77,78,79,80,81,82,83,84,85,86,87,88,89,90,91,92,93,94,95,96,97,98,99,100,101,102,103,104,105,106,107,108,109,110,111,112,113,114,115,116,117,118,119,120,121,122,123,124,125,126,127,128,129,130,131,132,133,134,135,136,137,138,139,140,141,142,143,144,145,146,147,148,149,150,151,152,153,154,155,156,157,158,159,160,161,162,163
0.0,0.876757807595833,0.830462859066645,0.8618943674063693,0.7672626380198019,0.8739186445622663,0.8717170570136661,0.8530765654413127,0.8464767637659211,0.79610957400744,0.8749591438051547,0.857504429257269,0.9476465909445223,0.772139079075581,0.9132900476720304,0.8611834738732768,0.9177386439163324,0.9529440885106275,0.8501730833128747,0.9236545587369059,0.8643179641109476,0.8667353563130129,0.8416795727708349,0.8722639952281295,0.8976934692445636,0.789257642283673,0.7499343770711331,0.8745314179292971,0.7552240626020186,0.8022126923412438,0.8776545294463226,0.9232588140113915,0.8961481446500155,0.8583415989983338,0.8795205880326706,0.8271484604914157,0.8623491160982506,0.8545228322408892,0.8259399867617373,0.932981202937783,0.8529161546266207,0.8747607372390902,0.8792519013518032,0.8651617554651536,0.9032132787230366,0.9563588777973974,0.8110545843569653,0.823139464884285,0.899093547754837,0.9290336418604902,0.9260800682873176,0.879222108113157,0.8443103628805128,0.8521515862374024,0.8632220126555264,0.8411911624613042,0.9349368075607813,0.8543262401835268,0.8458944177608233,0.9085136925688211,0.8418962665302048,0.7811528521565185,0.8897210499867395,0.7347905506832844,0.876190367782229,0.9019601900347398,0.8623296473199306,0.791460889244338,0.7944942258145262,0.8638312620431221,0.9103554550968491,0.7821536919222778,0.81624878913191,0.9233594797578009,0.8791767264838124,0.8135539381958045,0.8724173741045304,0.7448719244345307,0.8595761755337686,0.7202215926420723,0.8172317690139571,0.8563021177364808,0.8102548918844137,0.7905914557322994,0.902746483770452,0.8878563767327833,0.8519286401406327,0.8205827838708575,0.8503651823402306,0.8086664011073773,0.8874161358642657,0.8434564488521727,0.9016094086149088,0.9034202754492306,0.8796997131089698,0.7726807851866004,0.762067491775929,0.8316493390085129,0.6926374407581951,0.887676856288306,0.7333441521996467,0.8579141558257349,0.7884629253676001,0.7447330182550578,0.8714519718648979,0.8948930255026718,0.8893031948478886,0.8684817832486228,0.9270829020971074,0.8805289631347121,0.8800403266399107,0.8782146149733707,0.8948608823847976,0.7523600655891797,0.8968856598250403,0.9098211746075245,0.9023224700946385,0.8383414156934204,0.8502317124958452,0.6676246009702711,0.8515764633863567,0.7388063061599105,0.884784500536959,0.887200804039181,0.805653136287679,0.8254649447795811,0.8154974866986278,0.8421610711254952,0.8383821592804742,0.8527005125334081,0.7943753469154352,0.8400434527117701,0.7517035587437869,0.7861802781541757,0.831136700527971,0.8592489452387794,0.827486964715425,0.9009085840015743,0.8564741025986301,0.8975415979944924,0.7689797065281452,0.8185234868692745,0.8816826826426511,0.7899177657801658,0.8351730550219849,0.8132413398780858,0.8405262674468538,0.8082525188038113,0.8481336285630581,0.671926914241315,0.893764504541393,0.8114963851695044,0.856785275160765,0.8473289551215362,0.8757205842187041,0.9225933921417796,0.9001235619286322,0.8328334205173609,0.8412138894754231,0.8539297345955146,0.7528540411164222,0.8657722806025324,0.9021154910844275,0.8861814270347912
0.876757807595833,0.0,0.8541141107996526,0.8966310089487712,0.7091216814019876,0.9294097555056957,0.7879610441955641,0.89957187622731,0.8563087317399545,0.8028639720994264,0.8460920162375226,0.9112889122290482,0.8709782479809044,0.7571735882326952,0.872980831654771,0.8112944828372382,0.8935121810251556,0.7995201981207203,0.8962578626322288,0.9170507681490665,0.8779385999353122,0.9015708429133187,0.7349755129703038,0.870662210917155,0.8340536705593073,0.7012622701848316,0.6960098460087991,0.8503026621676301,0.7939567257463847,0.7260180387869255,0.8787607174452002,0.8618010331844036,0.9519748343432249,0.8320866348800813,0.850001015936611,0.8809838039118812,0.7490960330003076,0.8241585633866507,0.8948715545275571,0.878223795234667,0.920107442510226,0.8691446884768129,0.7424335038385768,0.824369817377073,0.8917704867512564,0.8766489415038398,0.7339656680840386,0.769589886249648,0.7769168672311701,0.9026225903744577,0.8654912144508752,0.8683724388477975,0.8901585107809946,0.9274887576727515,0.8551549998072397,0.8560516633595125,0.9039976165145388,0.845327240479526,0.7910321432278163,0.9223995623900785,0.9124246424261011,0.7592052614976751,0.8407730334273047,0.7429054658933865,0.8442176051306775,0.8556098396005536,0.8461954277851184,0.6843513595920796,0.6727075854897402,0.7778434439563775,0.8434640801505622,0.7159773312114217,0.7943045027007328,0.8864578679148397,0.9387277529085144,0.7099147132050678,0.8144950605268793,0.6940462236147648,0.793774183408975,0.669802855511565,0.8095589824293626,0.8775243935758118,0.7767874211273796,0.7881983033370914,0.8667893097668228,0.931174270470774,0.7869687555549144,0.693277893232418,0.7832754670176019,0.8859931575523122,0.7819903568367826,0.8746375751678052,0.8596790210875297,0.8931389984016225,0.8721101632051281,0.7677207960635195,0.8648882939210416,0.8725157499003127,0.688952904897794,0.8707769088000864,0.7264226912686322,0.7969652599200161,0.6777164263906563,0.7429581671263898,0.849248589382061,0.8244081442843649,0.9027899706976613,0.8455278974165154,0.861509638345215,0.8979716815816141,0.8745100214502126,0.8166668499102273,0.8625237482396156,0.7526961352179269,0.8310116427835401,0.8984820655351805,0.8642969925675497,0.7473604519797881,0.8599665346410259,0.6654880207125371,0.7996822742126549,0.6883391781612241,0.872976011022923,0.8324046426519072,0.8009613374413926,0.827641361080075,0.836027680771972,0.8426352765614112,0.9038315981987803,0.7550666093936493,0.822340991836858,0.8627962634488315,0.7060329025133981,0.8799335614738727,0.9015394598951026,0.8073984355416157,0.7636353221776456,0.8140625686047873,0.8151077174743167,0.8471550695773227,0.7322192485799779,0.8173313403260163,0.9228243537178902,0.8645084962212458,0.8004490838306347,0.6911783903991521,0.8803651461037776,0.7864620998178035,0.8421951707401276,0.7509893157878473,0.8528159540255873,0.8066017872482397,0.9034783955304737,0.8242533032495764,0.8810830586135261,0.8704813178680367,0.8664076047995205,0.7995180073004365,0.7951957111410916,0.7399227573393364,0.6921500868088823,0.8078624568647712,0.9201822233147345,0.8380811166222091
0.830462859066645,0.8541141107996526,0.0,0.8202623908147614,0.876038023313554,0.9324965595234643,0.8214645822668459,0.7951462635016513,0.7122888578731239,0.795909768634077,0.9133707293055926,0.8944214687625246,0.8814012230043109,0.6487643991587084,0.8773395951369864,0.9104934022294846,0.9191037619750265,0.7869139417560435,0.7962659238359008,0.7808211202713077,0.9436711301437434,0.9550210125105754,0.7039923724708009,0.9107829131513631,0.8153050672471562,0.8370086829877988,0.6177478018122892,0.727023882345524,0.7975645870561989,0.7862386924536499,0.7398030479237385,0.8407436991904602,0.8742025312417829,0.725437871441358,0.703543898809332,0.7893732039683151,0.8200116522056237,0.7832692640591269,0.854670461882184,0.8866121889431653,0.8894785661189119,0.9178174347588498,0.8591369539404328,0.9105412004265386,0.7900094238724759,0.8451235195993243,0.8423271188485223,0.9083182836939147,0.7701027091558991,0.8654394411698223,0.8973629589713035,0.9144525741660406,0.754922795278923,0.8859071378632059,0.8308480555764638,0.8099418353665754,0.8480719808048351,0.9335951289393878,0.7256166964670713,0.7830328563845944,0.7997611227642647,0.7234702134036771,0.9164397186582647,0.6592096887687183,0.7871582633630204,0.8017427697080494,0.7599782167815601,0.835392631645772,0.7232933634885202,0.7865534974334707,0.9149094064921105,0.6170135775831083,0.7185871345177243,0.9114066349742245,0.8388273758738833,0.6217663881012373,0.8729209484634683,0.8189756982211529,0.7610657814303499,0.7473675976797465,0.9061944282718755,0.8073112646828042,0.8673147076503595,0.7303338692245746,0.8107990247430295,0.8424426207060148,0.7584963221382847,0.6512197849750875,0.6658910756395588,0.7689195545115446,0.8910877874170285,0.7182255778545124,0.8659302480235155,0.7657449277098642,0.802978833310129,0.8140017580042234,0.7339823456970618,0.7695877446420575,0.6059708482648896,0.7423525667653791,0.613677662338241,0.8337809418772103,0.6759395211859762,0.7458609852641922,0.7292383576149256,0.8966752845943917,0.8764832614884477,0.8228766413761733,0.8771593077823776,0.9400701544615669,0.8789052973680035,0.7976120407477006,0.8125750873739924,0.6490283068635087,0.7649054960740139,0.8852953016604862,0.7328603254535434,0.7880641558534509,0.9363108835450602,0.584195942729815,0.8706461016834506,0.6845620375987083,0.8066469692499835,0.8880714644058683,0.6530339698552411,0.8498068150779644,0.7586844956648638,0.8592968914685654,0.8367960922718021,0.7754386696046477,0.7209974157677664,0.9562143593647072,0.6070091867213736,0.7365322644669334,0.8351245461799831,0.8305854352131533,0.7870700524375943,0.8018110699794363,0.7710155923211456,0.8179293458353828,0.661414617454668,0.7941443732676514,0.7832720188949215,0.7775101432840973,0.8630371279478497,0.7131427467964276,0.9232139870181527,0.847844254780406,0.8247683429287332,0.6730244563556022,0.7322005645470379,0.7012693725427649,0.825306932159813,0.9197187144259804,0.9320073199428068,0.8385796768402359,0.8222908314444928,0.9155745682601432,0.656581929993565,0.7458688031800685,0.7320295171276783,0.6685127878568221,0.8474269045676892,0.8815958952147727
0.8618943674063693,0.8966310089487712,0.8202623908147614,0.0,0.6916733110502382,0.8573834118459832,0.804168249384316,0.8696152101479492,0.7838819912076059,0.7190090222673342,0.859942627759475,0.868341541934322,0.8429880772822598,0.7150854713480426,0.8576178624477141,0.7707992290804344,0.8877647859368644,0.8031272955763722,0.921153787852097,0.8958743699261564,0.900424991836698,0.8931166661683053,0.7493929004759169,0.8787222930332064,0.793827279875085,0.7094387385991157,0.6812097741936736,0.8901785249841772,0.6847005176451703,0.6652406498005303,0.795543245242491,0.8334754826195472,0.9092581865060924,0.8527579276404744,0.8081358939518315,0.8451927560623359,0.7226553187357073,0.7483404617583077,0.8830795857940884,0.901691104031175,0.8606064928641965,0.862625653061173,0.7414697099935005,0.7950656887905808,0.8773456082382084,0.8619231810531327,0.6642176808281205,0.7474502312632331,0.7918323480255104,0.9079197739558632,0.9102098157936468,0.8610462146728056,0.865935492012075,0.9623661409125568,0.8468567908289452,0.7375015375955654,0.9312284479814876,0.8133157668088064,0.8450362346875155,0.9016175136053741,0.9542643129687378,0.7050799690378688,0.8469420561004413,0.7051615441208279,0.8891380231497007,0.9014188823778292,0.9190728524027919,0.6594946898102352,0.670579626599005,0.7751998974179198,0.8343989909319822,0.6661422563925516,0.8744773703466487,0.9448954695019309,0.9065305110268924,0.656611450535467,0.8814077743887913,0.6535625956482195,0.7587350872637112,0.6221801173514337,0.7378042532382476,0.939287028392265,0.6939454411647361,0.7022101136144713,0.9175663992931435,0.8427861733980521,0.8086549237194219,0.7155213652195612,0.7301001846221662,0.7992941816509161,0.789898685724244,0.8304503362882492,0.8178978515827731,0.9064934994746386,0.9353956236753151,0.6605075334726912,0.8752572658016888,0.8060476536536777,0.6439740419637965,0.8853777350783093,0.6640104049278083,0.8699572316977725,0.7451812364999194,0.6529617373904713,0.8428291381994555,0.784038456494433,0.9344301771433005,0.7859345218430035,0.8162055149910602,0.8728130391704744,0.9353521094169165,0.8553222955707837,0.9029531596434958,0.7278165226075691,0.788854649665429,0.8581082899809331,0.8039889955335834,0.7355604407297269,0.87903595491355,0.6094802830639846,0.7707459926034546,0.6720501108295927,0.8571206539381008,0.7988365736240614,0.7393772248756294,0.7386847150199645,0.8583485293508865,0.783390214720944,0.8372991073983252,0.7012422176214561,0.6826632683936524,0.8506664806110402,0.6923601282744899,0.8702395234874796,0.9339815653693692,0.7451211257725355,0.6619252989215045,0.772468678245065,0.8147123616097123,0.8070380521246961,0.67991762408655,0.7439586855716569,0.9544804156041482,0.8925083053242162,0.7490768623953041,0.7015285875815821,0.8209268036525319,0.7060308246523681,0.7409675633516942,0.6615350080176178,0.9125429866240126,0.7059547256543033,0.964626024655342,0.7712385325792643,0.8396581345861969,0.8742750264247298,0.8939846844590148,0.7539111796710772,0.7951479052728285,0.7633394054102083,0.6264152901451866,0.7195913006330326,0.7957559270762411,0.8594908695909004
0.7672626380198019,0.7091216814019876,0.876038023313554,0.6916733110502382,0.0,0.8105179955250126,0.8434315502761113,0.6422064167078465,0.6307858093536783,0.6902588957429557,0.875492286915322,0.8104346151976655,0.8020565177529868,0.5978057074351687,0.8138109091064939,0.9042042832963205,0.8295084864206921,0.7223703235488943,0.676325945617806,0.6595112000713169,0.8367318566884742,0.830154368088257,0.7049453782677184,0.8506248299896454,0.7323573700225032,0.9002392004061923,0.596351253588846,0.6283312945835275,0.7742978816943472,0.8692876894119407,0.6701158243524932,0.7730233891928177,0.7562739680692695,0.6591304925811663,0.6372155707174718,0.6871153856619469,0.8552591334241294,0.7345808158468419,0.7849692948643102,0.8262346439067093,0.7830824244212787,0.8275264075961715,0.8610910493911141,0.9235194540877468,0.6723937339306212,0.7585429562601133,0.8832215120862286,0.9356843567576164,0.7699492712535131,0.7618169519143737,0.8325554921854668,0.8289443122082599,0.6393041974170807,0.743920279945134,0.7732505317542349,0.7510241548249004,0.7564073815309591,0.8944348926712052,0.6222781215829731,0.6895315493633143,0.6411790812814732,0.6932048131198866,0.8206017110947007,0.596674706574873,0.6788431098578092,0.6760810804458733,0.6586869142790893,0.8919715194245788,0.6713646038030117,0.6980549263090288,0.8618294613043015,0.5994409172249203,0.6145240105940108,0.7998395860997731,0.6832999908538309,0.6093453604283975,0.8399544438073786,0.9434488424591179,0.6909421584576344,0.8631631970350077,0.8346239614396088,0.683922785359089,0.9107602370763341,0.6471256640695465,0.7179616736915451,0.7194911747218203,0.6746667853546668,0.621502949313074,0.6046602472407835,0.6954014214556441,0.9271913444307394,0.6340045359241209,0.847808324667675,0.6765784050495031,0.6986487337056535,0.8076530460769602,0.5901383423340523,0.644324715532664,0.5976490350798704,0.6356592039584312,0.6094199825692221,0.7368644025855763,0.631747402406722,0.6481072148616842,0.6290364933126948,0.856649396709882,0.7323574196278172,0.7222561437565707,0.8239734919365417,0.8497614518729254,0.8027904321814542,0.7534969715081019,0.6963630561346659,0.5956549246862886,0.7067764017644759,0.8206055720863641,0.6402159266501785,0.7849566619400741,0.8056786122444956,0.5648102225356361,0.931120797296985,0.6488304716607278,0.719788528739158,0.8994316994591578,0.6151359076237406,0.817505604710154,0.6612076146914814,0.8429277152990047,0.7066705224936308,0.7532187072017382,0.6444773061228125,0.8509954539778054,0.5944790428658419,0.6523955803774019,0.6881403924366606,0.8048654691148855,0.8139962633144583,0.8086602332127985,0.666098733547632,0.7860572487021941,0.5810525184413493,0.7670766779490892,0.6661031169253515,0.6436606733053059,0.8815185925220325,0.7017564156098135,0.8608507411515475,0.8281736289165021,0.7108143058481426,0.6253382073751595,0.6506956755602568,0.6442249918138072,0.7040944168707804,0.8622208442693758,0.8284092782108146,0.7397504017877347,0.7635913244738138,0.9228094680433142,0.6201994882008361,0.7789450357197609,0.6677075686452928,0.6437913734855132,0.7374205279587213,0.8794945962540733
0.8739186445622663,0.9294097555056957,0.9324965595234643,0.8573834118459832,0.8105179955250126,0.0,0.8053534596080226,0.8623619299822304,0.7837191848106266,0.7774226773890222,0.9007920567958636,0.9257332844333618,0.915306803674207,0.7080283431165671,0.8709786949813775,0.9106949269121924,0.9425427158086898,0.7848877038862295,0.8515189277193802,0.8438337804308351,0.9306688620790812,0.9202315938629506,0.7084764537383923,0.8983427033354587,0.814666304516112,0.7998816334769294,0.647529098289288,0.789671257268137,0.8111695683881069,0.8003668114033774,0.8180615595921601,0.8914512297365973,0.939170968058262,0.7915529484140631,0.7660511540062879,0.8456858042055729,0.8156096139842817,0.8389172600539765,0.9026744898740812,0.8900795021528128,0.9305450838011896,0.8973235180544195,0.8166749437657139,0.9030508836802673,0.8425209882176619,0.8942929987039749,0.8199926154339323,0.8649436207618164,0.7704436662084755,0.9029534275414883,0.9147272237696279,0.9380905169390947,0.8392885186925106,0.916962524094627,0.8648205767442169,0.871898988954581,0.907146036795174,0.9401164346423975,0.7240066845360108,0.8813267286760094,0.8743422723176194,0.8028053567278253,0.9273067471742531,0.687569592796419,0.8129074723701102,0.8516745787194883,0.7999462641990596,0.7766955109889825,0.6788030279885823,0.7921397606049753,0.9174254839826044,0.6720509274053049,0.7526539568348674,0.9166721807720379,0.919634343487097,0.6918000189779676,0.8788098224522111,0.7913137160232867,0.8164796206859161,0.7819607030443531,0.9165392214124498,0.8400414993199895,0.8658444850437551,0.8072866080313428,0.8679756184628009,0.9104349838510575,0.8060945748055983,0.6719699961457565,0.7502421938074337,0.8556692221213296,0.8659469401029749,0.7946574660629926,0.8992596221493059,0.8625179011684142,0.8390934414296907,0.8079903458859128,0.8113954730319007,0.8174270859453469,0.6642962032068156,0.8186651264394093,0.6904169944885877,0.8353273453908047,0.6647080853543926,0.7075333234864463,0.8087457213536017,0.9113325343289258,0.9233619818194423,0.8278911947854634,0.8965952140883342,0.9321454050685588,0.8918343365768219,0.8206699717948321,0.8653241608956008,0.7180673726671054,0.8471759833441195,0.9431365009272383,0.8194176248900769,0.7575907856178374,0.9059791050934205,0.6470486787857211,0.877376594978842,0.7352978687279718,0.8644231515619416,0.9150821795593399,0.731192404980127,0.8775583018879405,0.8249134651242649,0.9072619307459932,0.8847214438325448,0.7711787228714907,0.7920199761748125,0.9632107655779683,0.6986237518526036,0.8309106793961101,0.8514850192923414,0.8423639410095366,0.8142563012554762,0.8167469598880619,0.7505118776666884,0.8604267920607039,0.6907640453675938,0.8518352822686751,0.85214360881182,0.8099664080437076,0.8635160696206227,0.6942691347838404,0.9356234088835613,0.8705122149772738,0.8159108980422008,0.7504534989585464,0.7993593678870067,0.7745989224689038,0.8570059567869269,0.8639140583785622,0.9200590598725775,0.8607147494844537,0.8649511713237377,0.9069328364161,0.7137174398923277,0.794196692063135,0.7152266819792985,0.765733903018754,0.9001262663225287,0.8873302068785592
0.8717170570136661,0.7879610441955641,0.8214645822668459,0.804168249384316,0.8434315502761113,0.8053534596080226,0.0,0.7170931827423168,0.704995060344328,0.813533549453708,0.882559730807094,0.8457423489629511,0.8872946734489565,0.7032636177147348,0.8815221576465561,0.8597304713054525,0.8519831652115807,0.8349639940123827,0.7572940414537531,0.7564611556270548,0.8247118070650964,0.8359445648483139,0.8768684119105566,0.8653804647807486,0.868965613713111,0.8257561310467747,0.7341036151744038,0.7619046406703968,0.7833747678268002,0.8255903732893484,0.7832459632020158,0.895333979158185,0.8118013996559185,0.8047447097836834,0.754689686745173,0.751144903523834,0.9005480797499953,0.728356620595764,0.8043354903117496,0.9245003217764869,0.7588566901752376,0.8591119254094604,0.8582152058027223,0.8782931290169644,0.799864525845555,0.8464937604080376,0.8215672062490289,0.8641124326417505,0.9469704932792379,0.8195508726670474,0.9017508473690018,0.7947286164947596,0.7077194636539105,0.7997775263528263,0.8737924981509241,0.7934949688444527,0.8208739444901828,0.8319322684857428,0.799231766365966,0.797494238789522,0.7329893588842952,0.7160555833624234,0.7833405337253024,0.6693172891225908,0.7610360671964087,0.7628566889577498,0.8269155484088848,0.8457780826671801,0.741996098157681,0.763043742863848,0.8509917847549165,0.6986441062895682,0.7246528641973475,0.8882033946678224,0.726819634599132,0.74104697933346,0.9298593264378991,0.8482880039183678,0.6995614106787591,0.7556190408222316,0.750263306098112,0.7587738405356894,0.8345586016920881,0.647194786760851,0.7927011995746441,0.7339489546087098,0.7621730769619814,0.7883569892729123,0.7411248397703797,0.7464231968156131,0.897232899080689,0.7765542044310211,0.8901388986910829,0.7772802040694888,0.7974800658404751,0.7999829263581723,0.6381933064392096,0.7262296494727695,0.6451995614911439,0.788780126829863,0.7003419692210326,0.8418639357333242,0.7709301433900643,0.6978191641370171,0.714383118020438,0.8341081730863208,0.7979879991391858,0.7832217125389931,0.8856577865077867,0.8818080067050297,0.892935056155848,0.8053778758405816,0.8118859148636425,0.680367394726176,0.747185197476182,0.8243004413016264,0.7498639346483832,0.8998635542559902,0.8229361521496777,0.6077366194292837,0.8450584436690501,0.6588486426554012,0.7701676532541162,0.8998852838340254,0.6820668084181859,0.8289417737002118,0.7436407546656857,0.8466834931975579,0.758061158424048,0.7941136999128132,0.6861055756008042,0.780602674453237,0.6754226078088149,0.6793489265307406,0.7474844253798212,0.7789766070881644,0.7806641586270577,0.8688607404176683,0.7779516465097183,0.8415998539433505,0.668021606266991,0.7984398227505802,0.7984595029430653,0.7133297507220971,0.8588079822644037,0.8194173159461656,0.7933406957791722,0.8035615758524554,0.7767071974988814,0.6057811145964414,0.769058003447013,0.7125953012916169,0.7748375380373511,0.8982097779931353,0.8352465268921225,0.8454065555694102,0.870335559889469,0.8630697081961527,0.7847725570974489,0.8921271902559541,0.700061209176699,0.732521341406488,0.798760634220203,0.8545444305858257
0.8530765654413127,0.89957187622731,0.7951462635016513,0.8696152101479492,0.6422064167078465,0.8623619299822304,0.7170931827423168,0.0,0.8761122464816955,0.778194908297436,0.7989869644446779,0.8546822163703333,0.8572998234354664,0.7289771677747909,0.8238899826674111,0.7749727522482384,0.8273153656525398,0.7988482336842733,0.856106557988435,0.9035313614888005,0.8067607986824975,0.8278259188011465,0.7232685299397,0.7891221975558549,0.8373430954154754,0.6836868553123571,0.7369414151932493,0.8550955430772706,0.7126137738232413,0.6979296629131417,0.8932780568734542,0.8276816339130235,0.8929176864907151,0.8271265540119187,0.8189230922281717,0.8381956450717001,0.7476278839488166,0.8266729483198613,0.8334703580524867,0.8043681579514088,0.8316430858973659,0.798595843669273,0.7446565863260927,0.7472677089624487,0.9246885856961977,0.86078028799991,0.6770736191969501,0.7221900250086407,0.7428371223900273,0.8488468457357707,0.8097595860016015,0.799232908629289,0.8089302494179936,0.8521065860769204,0.8130345744057821,0.7962361634495585,0.852143767577772,0.8159246729976465,0.7575729054588988,0.8735693624028738,0.9266945907097696,0.7307699847533147,0.8145409373999385,0.7153582704156604,0.7908017834951717,0.8449811039699631,0.8435627287007789,0.6622608860245933,0.7071111278633094,0.8869742343857877,0.8021272817365346,0.7000037607706062,0.7832040611746058,0.8451921865798837,0.9212874004037792,0.7013006933119205,0.7849661111416949,0.6368880050806274,0.8413139168455107,0.6101648528568548,0.7394571072310271,0.8465756270591792,0.7207806884743316,0.8238624890173851,0.8335830544202217,0.9205870991143725,0.9003374520905763,0.7126149927590226,0.8203877055440456,0.8632137648474676,0.7391005646086751,0.8291889337957361,0.7837605515075872,0.8348860699139997,0.8047449994944552,0.7416790023413488,0.8505071920783894,0.8571745905075628,0.6497577643813361,0.8601270313436983,0.7044835675136139,0.8593523601334624,0.7091323952759853,0.7640727075477052,0.8590212644052246,0.800598179579211,0.8724362039510054,0.8383540505680277,0.7965756443054506,0.8090469788726592,0.8034371430356718,0.7868608074693249,0.8401619921321993,0.8067119212029163,0.8193907958873733,0.8378637490861945,0.8299218870028099,0.7236920051822234,0.7884531631703099,0.6705495390822478,0.7178736759278047,0.7927999505986918,0.812931227159905,0.7649374504002123,0.7332204499659492,0.7876005081616833,0.7885103101748733,0.8138819521430067,0.8522458081523151,0.7415531851800616,0.8225743638517288,0.8075863622035049,0.7591881741529357,0.8207725899212808,0.8678525781970258,0.7210964682304088,0.7333198112783273,0.7628155923811003,0.8434084348489922,0.8448674955574997,0.7624112294147706,0.7555629331682252,0.8542671881920161,0.8241953196982588,0.7497920394092349,0.6987829929734382,0.8122566468681509,0.7342744158209416,0.8325489717027035,0.7073310816784106,0.8834698717782349,0.7476030608411405,0.8482854314646308,0.7617979819192779,0.854285966958312,0.905371168049077,0.823686661611215,0.7522460103362597,0.755665080012853,0.7065578215222965,0.6651505456608923,0.765290555520287,0.8951420729870938,0.7717968383122423
0.8464767637659211,0.8563087317399545,0.7122888578731239,0.7838819912076059,0.6307858093536783,0.7837191848106266,0.704995060344328,0.8761122464816955,0.0,0.7123340603100401,0.7297361926640683,0.7754813807884704,0.7809752294911441,0.7443324607685765,0.7934928773662336,0.6989666843640708,0.7471605709576892,0.7840484006987554,0.7754166608394534,0.853737027122955,0.7278519952531055,0.7853140905267927,0.697754655719293,0.7325364327428675,0.7706350319268407,0.6268832204638022,0.7377587438298752,0.7807359328393326,0.6603886377015145,0.6987797245975932,0.8783840278400226,0.7563963890095755,0.8194203576193148,0.7474878817276085,0.8402692936879274,0.7741995467202193,0.7066102315157997,0.7828186216283213,0.7600450151974458,0.7466560376323609,0.7572534672020597,0.795618648039192,0.6752687961697902,0.698562111691797,0.8296103405268169,0.7771887926487773,0.6613764533100577,0.6576412049821868,0.7119486468041547,0.7951730566561215,0.7433698501066361,0.7332637756632185,0.7840088299999817,0.7641256978927708,0.7238566480172197,0.825119176598118,0.7882109190969435,0.7416227509566319,0.7264160782133261,0.8171316048197522,0.8041721679235315,0.7030042404143436,0.7279778592009924,0.7058953577256335,0.7680964588322772,0.7564679482680746,0.7940924834411167,0.6460735952561202,0.675297712193387,0.808971908130355,0.7671505743350716,0.7101265272773738,0.7575351616068153,0.7597332079170361,0.8305556567283632,0.6938520912491737,0.7033359288875056,0.6108957062292332,0.7330850148314006,0.5830306500859591,0.6731371017996303,0.8325617246355413,0.7094073647903862,0.7325892214102637,0.7651422954877751,0.8661216399831554,0.8070949108199104,0.7056270940407585,0.7702953785256792,0.8812956519453204,0.71661344394899,0.8506732046771124,0.7325851157630593,0.7808527662469037,0.790925222684188,0.7166705166773195,0.7795826811260383,0.7987754495589015,0.6864867508853411,0.7990666821386345,0.699857408232064,0.7247115266963708,0.6649682189454594,0.6942626657313603,0.8162404680168378,0.7239502056779552,0.7465441852054232,0.7705845291221213,0.7349087106135633,0.7447176273157898,0.7315233070961927,0.7541338721934944,0.782917778448406,0.7792469038806453,0.7528271287548088,0.7952864965821674,0.776009272288702,0.677490099109556,0.6931417251851498,0.7025478092733984,0.7040382894961436,0.717565568782846,0.7664095866587958,0.7177730709338925,0.8164239283321072,0.7005046623692459,0.7555925545629631,0.752833217106175,0.7393941959462365,0.712857509662959,0.8668869668020944,0.7293772900214142,0.7265803847119072,0.8328649581762667,0.7846617762888459,0.7128286422560858,0.7039507947481118,0.7458231899376508,0.7557243900865989,0.7845855142472951,0.7149160200633281,0.7262664207716556,0.8396262386066666,0.7870651230039399,0.6951637859311766,0.691463853500761,0.7969322250301026,0.6692751744667982,0.755883472237203,0.6715261170213176,0.8313054429559606,0.7249421745947225,0.7960723220769981,0.7233465299762625,0.7495543611098063,0.8463391945975444,0.7705205676377528,0.6927775059393497,0.769632911301108,0.6675925025577566,0.6148900324420044,0.7984869927918541,0.8673925062294441,0.7593996318415354
0.79610957400744,0.8028639720994264,0.795909768634077,0.7190090222673342,0.6902588957429557,0.7774226773890222,0.813533549453708,0.778194908297436,0.7123340603100401,0.0,0.7839465451292403,0.7908806620396159,0.8542539426168544,0.7223064112811276,0.7873235117793564,0.7999747562682367,0.7773177809027709,0.8109237786933506,0.7195849546339539,0.7546276689741201,0.7229078459640391,0.7704583084175577,0.8078004081807918,0.7346981051632386,0.9246200366836069,0.6941426101785866,0.7795958094239239,0.7539765703141679,0.8557295556143313,0.759271933527767,0.8032440745386898,0.8632995995127731,0.7661358283329202,0.750186578928942,0.7452421728663363,0.7405433481249846,0.8227134606958217,0.7487434840386039,0.7185083286728582,0.7899288018631482,0.7125911415933965,0.7667523377088695,0.7868194936449256,0.750622442680755,0.8093036459738456,0.787732965555372,0.7579055530730691,0.7687369719475534,0.842319050220617,0.743998853209092,0.7569088273723918,0.6966502241901867,0.6821471191363551,0.7265969117650687,0.8275370341584114,0.7833288452187257,0.7238361652891614,0.7644316824620105,0.7817760176266249,0.7478098549736472,0.7302795163446353,0.6875110241646155,0.7156455153395673,0.7003143900484139,0.6831837859272916,0.712626494654941,0.7473634511310207,0.7575598753149483,0.8148380462163254,0.8211018715778863,0.7347656256855162,0.7128853854721159,0.6739255950264537,0.7795498322371462,0.7470102745990768,0.7602682483802726,0.7707307287514601,0.7308113484856945,0.7004797302449426,0.654086216624346,0.7300679986506742,0.6705488445030213,0.7693148538284794,0.7270414263662869,0.7025578076266547,0.7425932081928472,0.770309505453048,0.7650277830664857,0.8023117460747782,0.7075497067098496,0.7459267953189986,0.7469681968403992,0.8104645979474852,0.7037034081915465,0.6988077279233973,0.8514308331345848,0.6337605733367306,0.7663634214189013,0.6196623301139493,0.7581571333651607,0.7059641688932958,0.7957097229384372,0.7128647221187944,0.8874826393521843,0.7084035494501395,0.7660438060533913,0.7495965672022776,0.8407813813143289,0.8151529794750623,0.7892586225337535,0.7479206698145162,0.6919906574179173,0.7502898948396778,0.7380567459376872,0.7202704118088837,0.7384868145283089,0.7803539951683944,0.8788220848008588,0.7663158000384029,0.6354486599806697,0.6932463166159388,0.6804100363067198,0.7076275640910826,0.7675356293177957,0.6509517908812823,0.8507793461104916,0.6793003347096416,0.7730570717226535,0.7989470772259888,0.7951042835911436,0.7936711888407973,0.7102958829598904,0.6708676999682678,0.6148954131984472,0.7124955252890935,0.7151712518700608,0.7787382115973196,0.7750440934291528,0.8328130737823173,0.7947880269154596,0.7841098458570289,0.7785249674840643,0.7216107588669299,0.6925993649325433,0.7857595123435744,0.7568962248032529,0.7064773553942663,0.7962226554824611,0.9231288860540114,0.6398571150334312,0.6993700175460255,0.7828122834505828,0.701044922563911,0.8491360104047013,0.8133677438408001,0.8018348832074192,0.7660567026587048,0.7708894718947922,0.7407068554669928,0.7503626869237677,0.7961926656720549,0.7347914897598317,0.8491053565883725,0.6936080904447445
0.8749591438051547,0.8460920162375226,0.9133707293055926,0.859942627759475,0.875492286915322,0.9007920567958636,0.882559730807094,0.7989869644446779,0.7297361926640683,0.7839465451292403,0.0,0.9422739892591661,0.9030238832385429,0.6711131792331032,0.8922954699864908,0.9431483510643076,0.9390213974511622,0.8149216898176134,0.8498112267211504,0.8162690382647099,0.9211180600706464,0.9220725972717186,0.8072526231606953,0.9283174896721799,0.8670618219067626,0.8383096187577351,0.7013316629918099,0.8117965163602979,0.83115992212089,0.8519970992660597,0.7959633873163411,0.8852490135801365,0.8719379227413709,0.805126981088399,0.7559163476796654,0.7974190716178099,0.8768543313000158,0.8219010990740188,0.920942190462539,0.9189908836077437,0.864642923035507,0.8916810770020558,0.8733954642520569,0.9330430640478514,0.8134171569410044,0.8534045192821758,0.7828911844206115,0.9323769532655004,0.8707834240903843,0.8651112667044498,0.9218027352623248,0.8727569899789428,0.7459584721898832,0.8846321106413334,0.91376808814781,0.7673880439625308,0.8939179425838377,0.9600481433930397,0.734257076603073,0.8238427115216471,0.8169438629102042,0.7117296651737955,0.8802740131243864,0.668318297859699,0.7725527485315026,0.7929266353852836,0.7895204083783015,0.7923094970423796,0.7173117155308124,0.8329908934649976,0.8767083589071039,0.6626034015486623,0.7299854321662635,0.9213608012632758,0.8413695809216658,0.6737015570670518,0.9417784431954981,0.8412695138666983,0.774514309465511,0.784902070583653,0.8265440659751402,0.7934214992290414,0.8584725840695971,0.7331125028223261,0.8436544365341785,0.8258936336830187,0.8215274664420694,0.6906294731099568,0.7105683029314833,0.7719744220438228,0.9163822508943206,0.7298478887959997,0.9305299507174736,0.8167566069651462,0.8094221333848106,0.8055491747509242,0.7103997852097604,0.7416985911509446,0.6259505161320449,0.7576830266785951,0.6898352207750053,0.8830937770814258,0.6963348685608853,0.7160727259969273,0.7461566705363023,0.870754049154413,0.8657956019740854,0.8403041668126384,0.8650036041752047,0.93328628851816,0.9327956427826667,0.8375143846423102,0.810426818326199,0.7394090805534189,0.7884815940288001,0.8962975314118222,0.763842839232381,0.8754006855198021,0.8928760980280155,0.6022730969294289,0.903477716790728,0.7033853806698301,0.822154321104525,0.9239051095518964,0.6981145290305671,0.8874641645894773,0.7416070399621131,0.8849765674472244,0.8335152325288909,0.7648097867596527,0.710861656311411,0.9046816374496816,0.7131437144494035,0.768896481279391,0.845875585717728,0.8058811322228847,0.8133832987434803,0.8438278553491271,0.8084235847064651,0.9055728285352139,0.669426879261562,0.8211816374515081,0.7988806397655256,0.7660569259688887,0.9092618124744583,0.720324421141737,0.8815026124221496,0.8294677334001747,0.8127022619618265,0.6859748672361347,0.8214777707611357,0.7384516280380355,0.8694957200578077,0.8495977836614473,0.931326853167612,0.8721337360434815,0.922026984364054,0.9059697449326201,0.7453801128069579,0.8428772000586665,0.6653267309280393,0.7376229374383978,0.8163743117848967,0.9477297900383927
0.857504429257269,0.9112889122290482,0.8944214687625246,0.868341541934322,0.8104346151976655,0.9257332844333618,0.8457423489629511,0.8546822163703333,0.7754813807884704,0.7908806620396159,0.9422739892591661,0.0,0.8737644014277045,0.659473337756264,0.8872311184734928,0.8998676596019608,0.919132997794792,0.7708903361428723,0.8975271047983477,0.853554171279368,0.9224273911924518,0.912865559737125,0.7950611688581588,0.9390942041817297,0.8759729669689198,0.7811374660857984,0.6907281447790411,0.8256864471650087,0.8127280220846134,0.8256497417532435,0.8499368854004946,0.867363748531558,0.8936127631318812,0.8488139327249683,0.768615837321659,0.8184259530707255,0.826928451316277,0.8045843651308263,0.9548194728694146,0.8924682602176357,0.891485040574522,0.8956412658418992,0.8125954107379287,0.8949777734588774,0.8508022940329583,0.8610669105424686,0.7601408369500641,0.8702044209440164,0.8306788224275891,0.857564938477896,0.8888421908532843,0.872245316340185,0.764871736620809,0.9053215527403865,0.88749845300447,0.8142931988390051,0.8976096567587166,0.944373593504131,0.7174509372191583,0.8499476104236671,0.8455599631572871,0.7030896650646293,0.846036914890481,0.6726069076682087,0.7720068919580247,0.7954578761029466,0.793932627710368,0.7319035968373278,0.6558261763793068,0.8056851457026775,0.8481993777975362,0.6508154654230656,0.7207505271258982,0.898173114979382,0.8644191155606731,0.6696785534539977,0.8905488727104385,0.7901783652253556,0.7904309447031358,0.7422524998515283,0.8074186885233211,0.8199348374274865,0.846802975332459,0.7341562991470906,0.8434545552402289,0.8799965194097359,0.8114329261068357,0.6561903484812595,0.7295115978127342,0.8565101386103082,0.8437372963829245,0.7795299735723692,0.8898567616776685,0.8362827723762938,0.7920055384534609,0.8091681520713689,0.755819019409251,0.8084673511139593,0.6276876630906058,0.7829783380093175,0.6904482984895035,0.8569750964901268,0.6726840527945026,0.7475572982656081,0.7527170315163721,0.8620050127338627,0.8798453965593114,0.8695578064661935,0.8503441997477361,0.9556272583661709,0.9340514667100466,0.8173484163390363,0.7973826997550647,0.7367503870879305,0.7812285344149631,0.908747167044799,0.7928296936850423,0.8263251524948491,0.8710992079930951,0.6053498445484279,0.8566887868088537,0.6851564265602729,0.8444486854339363,0.902295528184482,0.7011671785517377,0.8841002233137805,0.7515262677737778,0.8982509185706731,0.8660344858560813,0.7233072261934285,0.7585253294721865,0.8919333843805533,0.6993226846630871,0.8114558558011131,0.8838413979365703,0.7724722262070183,0.8228742221388349,0.8161686675323219,0.8108344690944009,0.9149818465334625,0.6532843419759266,0.8047458807868885,0.834174993390837,0.779310827041069,0.8768873571773287,0.7025526293661255,0.9108584036022354,0.8133238340882537,0.8396511046240909,0.7154443726437216,0.8451331846451817,0.7378055221953089,0.889770636937272,0.8469213340145263,0.9651304356667375,0.883080892466782,0.9132192066025685,0.8942151495434675,0.7235714640191386,0.7803841651197752,0.6384237555072101,0.7456730437356073,0.8637764764166227,0.9136800486054094
