0,1,2,3,4,5,6,7,8,9,10,11,12,13,14,15,16,17,18,19,20,21,22,23,24,25,26,27,28,29,30,31,32,33,34,35,36,37,38,39,40,41,42,43,44,45,46,47,48,49,50,51,52,53,54,55,56,57,58,59,60,61,62,63,64,65,66,67,68,69,70,71,72,73,74,75,76,77,78,79,80,81,82,83,84,85,86,87,88,89,90,91,92,93,94,95,96,97,98,99,100,101,102,103,104,105,106,107,108,109,110,111,112,113,114,115,116,117,118,119,120,121,122,123,124,125,126,127,128,129,130,131,132,133,134,135,136,137,138,139,140,141,142,143,144,145,146,147,148,149,150,151,152,153,154,155,156,157,158,159,160,161,162,163
0.0,0.8725936202043484,0.8819592130278238,0.8093925416517582,0.7850459041166378,0.8827278146653325,0.8026675447563735,0.8519172991265241,0.8754784468177318,0.8693051003003434,0.889224589936721,0.8338910602562334,0.9155675229401468,0.7992066071099478,0.8499987129411312,0.8756900938269877,0.9113331506629164,0.9169824296375043,0.8461120280951212,0.8871158955999974,0.8813878846748504,0.8656365256446124,0.8045052348081436,0.8217246435747627,0.9187481644507736,0.8230983900680571,0.7373108792673946,0.9071206165793312,0.796949697473682,0.8024798935987365,0.8776324913747381,0.9102403592115457,0.8190275274168218,0.8351457126395222,0.9134413717362789,0.8473966385330698,0.890365830860615,0.8821823259676883,0.7864870993363806,0.815607265470769,0.835778314670916,0.8500591359580625,0.8805154684472297,0.8701706424911003,0.8766927120590647,0.8744227606735915,0.8288240092298446,0.8874938854696357,0.8995357673992662,0.8900038193187048,0.9169610725613176,0.9074072462202264,0.8122113319880212,0.8633344065758876,0.8797054457934658,0.8632918211533274,0.9176259857635762,0.8481643190434414,0.8406658869288525,0.8385782915429876,0.8582423334040165,0.747564010336743,0.9289705440940517,0.7459155922915199,0.8428520162533581,0.86071111320672,0.8140935139808831,0.8498066642984513,0.8509354162286268,0.8585962608962341,0.9229278338093603,0.8168065493728097,0.877944321312193,0.9025747823297562,0.9055126961648823,0.8524632853252283,0.8022602827247353,0.7690572578551942,0.8557455596117498,0.7425665550619911,0.8724238288448867,0.8723067697383288,0.8542548410704547,0.8717295570003067,0.9028441662437883,0.9084547421484397,0.8148006500807188,0.8539619167693977,0.8874505321687599,0.7912503296037858,0.8905593614674703,0.8044687299569879,0.9053927458124678,0.8844149364054638,0.8996665697039979,0.8156673701280526,0.762612923402349,0.8255503414010886,0.7112609588172005,0.8863251865582855,0.7711478728583059,0.7517394353574955,0.7848011824354437,0.7673852629259309,0.9082686954106356,0.8657740308831569,0.8413321469404278,0.8710488557877735,0.8423917451946481,0.8652070034244922,0.8514028666074205,0.8751085415138823,0.9183674298062049,0.7748968676125613,0.9047462857916787,0.8908390582420448,0.8819306136359382,0.8623035474438772,0.8726092380101497,0.772344314531432,0.8127525354881281,0.7731368541428673,0.8622188968963659,0.8970567491297191,0.8314208984070177,0.8526184180621449,0.7848358097850476,0.782833161426617,0.872914378238481,0.8109383261122178,0.8415486477902911,0.8291569832171798,0.759806227402714,0.8180492407545215,0.8407132231905471,0.8308255951008153,0.8472198880703071,0.8361801132486926,0.7961753190502384,0.8638846819175181,0.8099302284705951,0.7950015044271985,0.8721930816821003,0.8277027358547496,0.8684803939715762,0.8328411924052751,0.863840174543268,0.7896283713894382,0.9295313725834768,0.6432812684210137,0.898202797842515,0.8238068940142655,0.8121657350461817,0.7601643909496034,0.8433470318236912,0.8621416981909619,0.8322991423777149,0.861748380118293,0.7982700943778421,0.8975817003969415,0.7986545869081235,0.8641845456775369,0.9294617242327665,0.8956446853335421
0.8725936202043484,0.0,0.8673154801479548,0.8706321409567434,0.7650816215706308,0.8618209731303426,0.843954930871827,0.8071036380257122,0.8000960539047552,0.8811494457487951,0.8623614389172056,0.8487186812063567,0.8616226961938158,0.8426688238073319,0.8780445428818408,0.8010190611807453,0.8820486538719511,0.8284979179090274,0.8173923189959776,0.8035922233626834,0.8504791042762607,0.884903508482198,0.8052585967268354,0.8772969458231815,0.8276959618549299,0.7933776410837148,0.7738029783997002,0.8828857934162831,0.9020123783262622,0.7097787733608505,0.8379682487483198,0.8002659122703781,0.9077398844542428,0.8106569250343777,0.8997523249212398,0.88216878281634,0.799212873155879,0.837366837683833,0.8289937748004566,0.8875884399441816,0.9395507091179668,0.7973870951945357,0.7200680612175103,0.8553156376894129,0.8551046495135453,0.8351468788234653,0.7739157709766132,0.8119270132386304,0.8500744322491901,0.8331715423052973,0.8676414959287578,0.8950558265230857,0.8577269539817937,0.9278939275673329,0.885200383086771,0.8688626206430412,0.8559646254756558,0.7950520744219425,0.8134595673488284,0.8771412719259711,0.8501296419866243,0.7168664784256847,0.8235174634716688,0.7402416379713422,0.7695359555503467,0.7645090377107315,0.8322217664269528,0.746921106535993,0.7276058595719176,0.7527957769633307,0.8364006882089543,0.8085513265591473,0.7985463843216329,0.8737696858293956,0.87142358405559,0.7753351584758389,0.7633163751296468,0.8031309109543564,0.7925520909249726,0.7236823040098984,0.8266567684203879,0.8389146810821315,0.8596504847258357,0.8405600533514661,0.8220231104133071,0.9224094342346425,0.6930572673849146,0.734399229636618,0.830186411635864,0.8704379416034392,0.828924211303523,0.8267217331481138,0.9044100518437016,0.8604002755742512,0.9178092182449223,0.8226418846002336,0.752525594081353,0.8148689034247687,0.7150278668238386,0.908988419894501,0.8157977276257643,0.6497428974442875,0.7184107482510435,0.7541247174875414,0.8317491492018783,0.8040694010386232,0.794215785329015,0.8400226147787301,0.8809767106539983,0.876271884831832,0.8435378621533789,0.8069402001419492,0.8524501643199404,0.7397523447404281,0.8880015677735621,0.9399465261188398,0.8302541858982543,0.7254412870026601,0.8630419204716733,0.796070153243672,0.8157342135479619,0.7291558755863025,0.8109464402791444,0.9005169162614195,0.8011970554070844,0.8855920425613377,0.7859738657900801,0.798672697103868,0.9104876113866317,0.8037052898898004,0.8040535968847469,0.7609218435685599,0.7268363785753185,0.8774056665602021,0.8164642133307618,0.7874518556272309,0.7853543512997997,0.8846128712131133,0.8043234423599539,0.7981259716387546,0.8215494109406608,0.7651725731118431,0.9292422629300963,0.8188265647391596,0.8465957532184717,0.729796738010074,0.8707279436443854,0.825782190161615,0.8398152735833351,0.6720168597727044,0.8155227335401877,0.8418370006190998,0.8220140237999197,0.8010020501513687,0.8285994803631967,0.793738349038974,0.8474338083701625,0.8654865210886415,0.87513064109996,0.8184045036928272,0.8074828349033651,0.8241914830831945,0.8989610991962153,0.8724565721920624
0.8819592130278238,0.8673154801479548,0.0,0.8198605762960077,0.868154985222806,0.8376230271769725,0.8228393734776043,0.8393909245287444,0.774050170868318,0.8603346412033838,0.9335133100865858,0.8385077923978659,0.9142433605480617,0.7556775751692638,0.8768887828346777,0.9139278534945631,0.930357806731411,0.8738617251491566,0.795845331037561,0.8041981872515404,0.9290900115152801,0.9589175884201551,0.7990335678710098,0.8999526087751815,0.8328438019420155,0.8643015133073896,0.7634921145598227,0.8599908986655372,0.8033959601026684,0.7868723814470652,0.7792081879010145,0.8420882029944387,0.8204424337413122,0.7695142157631687,0.7885318798161275,0.8160141612234664,0.8634507036036309,0.8296171877429694,0.8425486880023102,0.8795922104723628,0.8485930088509356,0.8484415221305003,0.8463549505241287,0.8303997607810981,0.8567821253604306,0.8690261064293779,0.799776506168274,0.8882039891280681,0.8714805630963225,0.869580049893238,0.9237775757102751,0.8794137455361286,0.7724889441775278,0.8986102111096296,0.8748759034433072,0.7804185822636844,0.889037835487441,0.8541918919305022,0.8170542362791041,0.827572188375521,0.8649441762787707,0.6983296767450557,0.8899825460957467,0.6947166449003271,0.7905917249990343,0.8115501472995004,0.8357648527786201,0.863008751266985,0.8218814544452101,0.8256383663627174,0.9132601204798648,0.7266512122138746,0.7954072405034885,0.9615545179739012,0.8734208882698575,0.7032333638993667,0.896403971106321,0.8375228122564489,0.798444784798706,0.708064066823242,0.8197965066865939,0.8476866217634177,0.89195002812084,0.8024157263175735,0.8257661840550837,0.8790916179823574,0.7470553069203192,0.7652041780765885,0.7830542991712361,0.8021165624327639,0.8887899873547082,0.7187548475345731,0.8994221021038459,0.8094216845853244,0.882492251010599,0.775501656557048,0.7378932273154669,0.7330634926326612,0.6277365091985945,0.8418423089231785,0.7111466140693059,0.7773952098494011,0.7126625713712127,0.7079126824254107,0.7988675595610344,0.881404708022098,0.8620698755445653,0.8236635053458164,0.8676378147964622,0.8988593504699252,0.849495077015828,0.8224257396489995,0.8380888919081423,0.7473707674569342,0.8317351527878082,0.9137683058575168,0.742078276218648,0.8514757810963485,0.8558217886054609,0.6963087433404304,0.8547740426875088,0.7378244108924888,0.7628843027296914,0.9093811131145355,0.6824179620534723,0.8462750558605648,0.7627129885501086,0.8339360839609207,0.8296491612796227,0.8139982645027202,0.7473613714048207,0.880370212795434,0.7196823892229758,0.767130029319058,0.8528176708664889,0.7762347777481812,0.7830004666222518,0.8297507411880137,0.8230738047313796,0.8472034902442224,0.7461692158660005,0.7469800893908868,0.8526990433934615,0.8068088162828009,0.8575558223563584,0.751808282391713,0.897987655379195,0.8364264396644805,0.8374953689458048,0.6135731724265738,0.8036651799354946,0.7241758471389829,0.8683675362630591,0.8648219321555007,0.8227388735094863,0.8570219861696016,0.8822969964984052,0.8995836760751786,0.7548471929206956,0.8419938045344086,0.7686590271584276,0.7022939020522107,0.8413994379320734,0.9063154074416127
0.8093925416517582,0.8706321409567434,0.8198605762960077,0.0,0.7667152902046963,0.8328896841692506,0.9065129521915342,0.8198499570898686,0.7430094841900112,0.8626809075764935,0.8702877916687012,0.8911515220115496,0.7777604677550762,0.7254331114389267,0.8947531139918845,0.7249304778678803,0.7824195678231038,0.7739143298749829,0.8267140078602137,0.6744329335255608,0.8200901824322123,0.8334330500850846,0.8328476333717197,0.8248377692139672,0.8728650597789658,0.8204541039305034,0.7616206329013996,0.8361708619474746,0.8270684267618416,0.6695954887907348,0.8392392439710804,0.7218511750081549,0.9650119197564723,0.802343672335413,0.845786364406826,0.8401718852755227,0.8012026496381384,0.7546847219237712,0.7938512174092438,0.8302726865601777,0.9107936618872229,0.7830882723800243,0.724636416801889,0.8932475733998624,0.8122803984881062,0.7432439536787674,0.6884665235159453,0.8107045505009138,0.8352748042406646,0.7281546210597342,0.8646993852539209,0.872553544196159,0.7036722359132735,0.937154201142136,0.8932329327604304,0.7761135690693245,0.7498119132930939,0.8448761256572168,0.7485416353896801,0.7371704366161796,0.8123999046111918,0.622704597703215,0.8133226690056837,0.6355587058520716,0.6831260473156434,0.6783924779055941,0.7988010506154705,0.7345001558871533,0.710065962475511,0.8200440141889911,0.7802562268149846,0.6847759033310643,0.7737665022227915,0.8443416339552909,0.7747920050249205,0.6726865476588816,0.7477545315334788,0.7877219295625206,0.7619656519267572,0.6317469279991078,0.7480593944871328,0.8588483081759696,0.7900504224179091,0.7637112546144668,0.7820057680619613,0.8297819816612757,0.7397965030076483,0.7204373748940658,0.7577123841450923,0.777196810546928,0.8720828383309649,0.8526440449846653,0.8201545608089941,0.7129394381440443,0.8562351307029996,0.8862150854803128,0.6671177739523263,0.8417291815751584,0.6376751634760199,0.8503749825266458,0.7138201418905759,0.6765994453063751,0.8573186390315155,0.8726987227400576,0.7760324848315697,0.7148739608542283,0.7151260763741314,0.8225157612619606,0.7838078327882605,0.7937047118636762,0.9004870662815836,0.7893446146547504,0.8371059693109044,0.7095313516944222,0.808315417690085,0.8467193488513663,0.7550134650829996,0.6878133494702978,0.9035714874017912,0.7799582054138374,0.6895731167034268,0.8272315451832066,0.7181061888938491,0.8596759451211163,0.6892284789967379,0.8844557148582127,0.7003363216381434,0.7369431248247023,0.8626242332721096,0.7211487618752154,0.6950580438141318,0.6813788419616265,0.6641253754192867,0.8370125705402925,0.7592250359229586,0.6409016754427986,0.6689327353009303,0.8437699847289736,0.7773193292140973,0.7812815566897614,0.8983261801248961,0.6483885518878085,0.8538813616241973,0.7947763649013545,0.7996007987136643,0.7801932209185876,0.824651452041671,0.7316799155547997,0.7836327658198318,0.5648542487002209,0.8573284527107135,0.7941246543357823,0.7432191125374232,0.7202334926252131,0.9204519625958195,0.7769144531758873,0.7606122547988504,0.8869833000612549,0.9209093499717858,0.7856317051030688,0.7484884966043936,0.7659983606205895,0.8550815923772855,0.8579162672129067
0.7850459041166378,0.7650816215706308,0.868154985222806,0.7667152902046963,0.0,0.7653713921900279,0.8519747218113897,0.6888356850316348,0.6988814683737361,0.7736098699445838,0.8625037449094929,0.8187751409935247,0.7608905464816261,0.6823620752329486,0.8066748526122091,0.8229620861597775,0.8199350001157314,0.7575135753518649,0.7218087333632408,0.667533380715588,0.8375348371105401,0.8407120419468025,0.7897035129238116,0.8211620728509835,0.7764827512398574,0.8314734688945221,0.6978554582127398,0.72710724948148,0.7894186782077975,0.828696492601985,0.7211657992768093,0.7450095802860058,0.7695799003536412,0.7103422374847643,0.7466929051771691,0.757533812205931,0.7957781979670752,0.7446367029798497,0.7670227041280784,0.7928514348297412,0.7963013772451635,0.8298091656274877,0.7763791025286275,0.8505616609497995,0.7183218498583168,0.7226757662022879,0.8154065828130843,0.8546558510418986,0.8333450533856019,0.7574513035282125,0.8380649785483845,0.821684163906131,0.6631329200277747,0.7988692460088936,0.8109226918369841,0.7493235921603917,0.7545481575646521,0.8369674618233345,0.7045665128417626,0.7076543545685821,0.679540758838282,0.6438657755175965,0.7839080045801804,0.6541133706330511,0.6794977728791807,0.6494552866084546,0.700410013686051,0.8090451456884299,0.7278646556183904,0.7186713252056554,0.8005861809633984,0.6680225163997179,0.7035116566112203,0.8100642831150711,0.7152134652595868,0.6347724987095,0.7768088488118566,0.9094384916508755,0.6877755777900181,0.7267973876914247,0.7448920587656347,0.7530297418080114,0.8661747476125439,0.6818592941220275,0.7468414421684803,0.7533586187547989,0.6583083342712568,0.694268945180733,0.6680269089623806,0.7037406230648449,0.9081531873815399,0.7144464026248711,0.8576415662474133,0.6761789947355028,0.7855494320293053,0.7813404222122603,0.5986384382174237,0.7082953647311337,0.6445555672053701,0.7164586357619019,0.6601346250086169,0.6555462600236349,0.7168879002453105,0.7133896427454066,0.6989416221518849,0.7657785303475796,0.6981683871905788,0.7619201434976239,0.7750539691339545,0.8097673707003576,0.8225910180771567,0.7913672334588399,0.7303318392640118,0.6660841707254846,0.7312773277263175,0.8192172102267467,0.6764185451448547,0.8012519198778617,0.8145881838579206,0.6866970934248059,0.8433859400918545,0.6884226376115524,0.7052716492924144,0.8565698944089409,0.6612176418695694,0.7920778676707243,0.6835706586413665,0.7569958158023784,0.7577874069390453,0.7191911294804351,0.6873834628851642,0.7557390358121758,0.6151326352947569,0.7252653908338157,0.7047639102480074,0.7067782720987275,0.7341948159785597,0.7959996871031869,0.7149041750815518,0.7670489111854115,0.6955569952757512,0.712531379017777,0.7533844583902183,0.7300254266793599,0.8252618331166793,0.7552407927921762,0.8537869219411947,0.7387148410356474,0.7571118663492336,0.5954427487752847,0.7158519477115332,0.6943176338523709,0.7448193557641836,0.7912804802476925,0.7944187624636626,0.7097807288898728,0.7358051038914803,0.8630098707090188,0.7291903611454975,0.7997508142681391,0.6864546698704223,0.6902770150303751,0.7710856703915077,0.8780403751825708
0.8827278146653325,0.8618209731303426,0.8376230271769725,0.8328896841692506,0.7653713921900279,0.0,0.7727710452286408,0.8349842730849901,0.8426238545603206,0.8071429579145553,0.8456620287071576,0.907692162435497,0.809291718508516,0.7113992263415873,0.78819084331002,0.8149595199643284,0.8367855148345809,0.7428323644626968,0.886310248750207,0.7544478589352809,0.8742742826586629,0.8020144936791108,0.6993931359480313,0.75749909759231,0.8726959194283611,0.7675225207444436,0.6421913518374378,0.8110376194591804,0.7823434326788501,0.7918443210861802,0.8829976085811467,0.866073536204845,0.8410300944447496,0.808418687759702,0.8394600643630414,0.8379928423122159,0.820445490717493,0.7990596712674426,0.81001404405421,0.7182301141844539,0.8361624031471733,0.8504146476288642,0.7791446561219292,0.9070722635856071,0.7857317693915306,0.7629985120243319,0.776997194237152,0.8608652634070915,0.7656042799758641,0.7929506164988237,0.8883620922193216,0.9291253756566786,0.7708984057102348,0.8895246388742613,0.8661818902810011,0.9052781126559001,0.8328824824890128,0.9130479294501497,0.6940468216353962,0.7662767416304044,0.8423160296948398,0.7483820187595827,0.9197997288124613,0.6540285267949699,0.75174381740167,0.768912492799742,0.7332545144369245,0.7709702605345734,0.6892524873721769,0.8115294606698393,0.8588872510567042,0.6938524167676597,0.8195843646451216,0.8250796100249944,0.8758205409693283,0.7719756445766541,0.7500071124205118,0.762941533100013,0.7846579562079019,0.7976640733002421,0.9107215907685916,0.872438246961462,0.8484860374528796,0.8230487084091481,0.8711117830179856,0.8471558314402237,0.8201885232868742,0.7360249757987801,0.8145657229559345,0.7924043746624961,0.8573146707406657,0.8596610656516406,0.8528534902472764,0.823759061192287,0.8306527322702728,0.8605846231823453,0.7768395751237491,0.8605508001511295,0.7071544692323319,0.8249989773473789,0.723822870663835,0.7147917873425096,0.7837690511198037,0.7873188319335592,0.861671562150667,0.7774744087179882,0.795754982586285,0.8008896347512798,0.7452347101237654,0.8280470731672885,0.8873209896344139,0.8065570598896095,0.9097162377276024,0.7360943861695451,0.8341005037544836,0.8437890580869714,0.8568171097522779,0.7145721737101022,0.8930702484743943,0.7878425975594155,0.7285655417516976,0.8105473420732865,0.8195821686857981,0.8950019025302857,0.7958187164510623,0.8652661747275806,0.777156111811988,0.7661136391993935,0.8693863468650356,0.6795237447840591,0.8269841322988752,0.8396693112214018,0.7043207607038614,0.8840325935770441,0.7795222385917338,0.7297732137439858,0.7633104402639834,0.7407801557122144,0.6609131922981827,0.8144426536374396,0.8034859242838451,0.7798657730049766,0.8476973758296186,0.8315916440954265,0.8262925830542557,0.7616099951794743,0.9008406867097914,0.7620627134527966,0.8362606025800913,0.6622703004052715,0.8743239591299314,0.8374717431504517,0.7385059019675849,0.6658288979077638,0.8820009336877399,0.776172662809808,0.7353711848966115,0.8945793113559664,0.7671804433128322,0.8640440929835205,0.7162852498434078,0.8665089903015734,0.9260129618714246,0.8536977424489802
0.8026675447563735,0.843954930871827,0.8228393734776043,0.9065129521915342,0.8519747218113897,0.7727710452286408,0.0,0.7133586788882419,0.684095404937491,0.8983143631077432,0.8399560880103731,0.8246890176052295,0.7813209258676264,0.7542630383627339,0.8891245437673372,0.7303333492133322,0.7793986417936296,0.7895235753579035,0.734544769579152,0.6526295566304956,0.7962988759879406,0.8264350983237482,0.8788788405476184,0.8430773304813302,0.8508390792484709,0.8480680797919748,0.7579290604169405,0.7738677640344387,0.8601718904621012,0.6808168244320517,0.7781240254360464,0.7351951720719584,0.8988980987981305,0.7739305879808086,0.8324321593794337,0.8092246101001909,0.8175192018124837,0.7181524743140694,0.7360578512825531,0.8742873709566917,0.8624686772612177,0.7935705127229198,0.7332775377520685,0.8947783592385588,0.7799734784963078,0.7433703134265276,0.7816219040241588,0.8281338188371354,0.9103013956918525,0.7291357307540968,0.8604531207850643,0.8389969636456565,0.68744432285172,0.8713694132870831,0.8724574552129847,0.79819635688882,0.7220757282714158,0.7766397283438612,0.8079730589225523,0.727355112193701,0.7219568235677689,0.6294695125703235,0.7590004659039041,0.6665173638438465,0.6862997350163597,0.6575882770475593,0.7990468366534655,0.804963595789528,0.733431356953943,0.734305114247548,0.7851757411064895,0.7192448201898007,0.7522443853590915,0.8374601709256643,0.6976635253222165,0.6966755907085471,0.7576152278942877,0.8815294147123691,0.7021928147951241,0.6684100994628894,0.7383177470057208,0.7925943628704688,0.8218435783296673,0.7032729250641466,0.7475121699910878,0.7681008204707033,0.6656862369266918,0.7531174158246203,0.7305742222168634,0.7408504721881899,0.886819853859391,0.8319598907004888,0.84370241903639,0.6898800305244175,0.8569892549027414,0.871102999910477,0.5989421854532329,0.8006383199358337,0.6610325516401582,0.8347564842505616,0.7204948994945194,0.6356532279723816,0.8351494514068478,0.8245623281854344,0.7247452420208654,0.7270625435064252,0.6851317666300283,0.799135686229494,0.8338453690139994,0.8233521411118779,0.8793755987996303,0.7837033619964673,0.8108023124000827,0.6492947619511547,0.7757129775798056,0.8246949178544227,0.7304774531745308,0.7489630441969484,0.8879127496597506,0.75194175517012,0.7407108428017247,0.7317574446139129,0.714850020911222,0.8740902677063451,0.6901546514408907,0.857695324117395,0.7025848434152905,0.7331507364785104,0.8272498455792221,0.7619727180901438,0.6682389332263619,0.6507809867069065,0.6209400307561334,0.7467194139587442,0.708420789296686,0.684319159446556,0.6894300299057338,0.8863899383864708,0.7761465288945594,0.7341628629105832,0.8384008489849862,0.6741200004435595,0.8355079363523252,0.7476633005106844,0.8234116297433204,0.8297003363845544,0.7890129015731666,0.7490617215744212,0.7826154203453713,0.5496088491562094,0.7632336820422809,0.7672030624190039,0.7039428336744906,0.8136311597923547,0.8519273570280405,0.7407208199200019,0.7514328636751185,0.8817324494097168,0.9028078368242057,0.8209189139711528,0.7909884847516712,0.7466737677193196,0.8253280347970683,0.8369791781109063
0.8519172991265241,0.8071036380257122,0.8393909245287444,0.8198499570898686,0.6888356850316348,0.8349842730849901,0.7133586788882419,0.0,0.8550152044846646,0.7831223554452988,0.8573649683914828,0.8330451627002318,0.8732768055973478,0.7357785271923388,0.8303283229978272,0.843556955796332,0.8092426875769901,0.804656726684289,0.8059567055205142,0.8021856239330611,0.8100381997558392,0.8195000603116458,0.726949119986379,0.7560897338037981,0.8250589768133402,0.8124615382628045,0.7695890816124966,0.8483381948112881,0.7285216449069991,0.7426355494206672,0.9007200695056068,0.8264908874041736,0.8277127741412452,0.7981334188500355,0.7987440847220821,0.8443099252495951,0.8587722752128417,0.879900561005222,0.8660374757001712,0.7544910055038053,0.8094237873769001,0.7171887904571396,0.8410057129504799,0.7829804574280935,0.9120776495252321,0.8451048014091875,0.6847220642236148,0.8206199973243152,0.7716812344524986,0.8268922118943027,0.8600073053091905,0.81239313805708,0.7258350008328586,0.8530115410371591,0.8845612368108923,0.7405672786899284,0.8414450864507237,0.8659373334617905,0.7154965067142941,0.8223534584385399,0.94255743367682,0.7377714728024676,0.8877644245611288,0.6753508906974979,0.7327171360760227,0.8112438956877248,0.8221919754104153,0.7703058690903922,0.788648366044953,0.9375034921662427,0.869334678404973,0.7332737042542221,0.7795211832958379,0.8698870690018351,0.8982534933858072,0.7262140185913247,0.8389591581164902,0.7109515239499494,0.8924950007491677,0.6385900550277074,0.7498790251151876,0.852161918043365,0.7907818308122966,0.8907789542513408,0.8206236881967636,0.9039393370797999,0.8963753234005657,0.7950958710521221,0.8690136524993236,0.8400647729458175,0.8139830292646879,0.7499178109034239,0.8272759051050013,0.7902481537507154,0.797719946395129,0.7906249550196193,0.8223351850866948,0.7527837497906711,0.6406006906847749,0.8473728382468736,0.7614050598032376,0.8757464984071023,0.7502754738994865,0.7311707217333826,0.8838656023223154,0.832767675175884,0.8511307323745104,0.7712865236463003,0.7737500246743929,0.7503597033010242,0.7823098262538046,0.8131179426943658,0.8358200820555316,0.8466607232243084,0.8646823087833991,0.8288350808390252,0.7408917466469355,0.7624609959540309,0.7672247134647285,0.7478647904029664,0.7304237490841744,0.9006280687700395,0.7196143080660651,0.8262874042568357,0.6824019126104213,0.8535138550805694,0.7423830801111201,0.8584141613529725,0.8189054763463431,0.7793074302207212,0.7703253106089797,0.8154728743752196,0.8372366746080735,0.8052567584531106,0.8439213919177735,0.6907137686722263,0.7524209959156236,0.7779986796837653,0.7881766360284673,0.9226465486108907,0.791974534117172,0.724101863601123,0.8000550113258487,0.817876641586282,0.817437699751165,0.7350419610486719,0.8537763786507088,0.7687811142283087,0.8124288437220497,0.6277818636349436,0.9130597064130346,0.724162056173256,0.7904177097710873,0.709668143226787,0.8192764191457672,0.9042311844822624,0.7972059919158149,0.8246572186561271,0.74650214735863,0.8046937397960205,0.698597179765186,0.7235687961372429,0.8772765779312497,0.8030014395392114
0.8754784468177318,0.8000960539047552,0.774050170868318,0.7430094841900112,0.6988814683737361,0.8426238545603206,0.684095404937491,0.8550152044846646,0.0,0.7370774515820768,0.8116574324055993,0.7874659983130214,0.7952948501432269,0.7480055322132646,0.7519510102702088,0.7835892389686179,0.7824155841691421,0.7751734501710664,0.7985018560827102,0.8063723830383991,0.7694550242725319,0.8014432793915448,0.6687845530345966,0.6861884459647576,0.7898687536541592,0.6923359590055176,0.6983184269790457,0.8002249875518718,0.7074153224764307,0.7983634966927339,0.8685548509436006,0.8262360650811484,0.7490137865402616,0.7269907852292418,0.8335081536817293,0.8060318164493573,0.7814890829127669,0.8479735448477463,0.7907064022479094,0.6773281535082396,0.7396887119341978,0.798066827608158,0.7538721092915944,0.7612933494676509,0.7830146484027495,0.7346267266886182,0.6850351691570966,0.7643734283677287,0.732094925932982,0.815289501793717,0.8042124026763708,0.7768342804990659,0.7611240207763541,0.7898760922163367,0.8048268441622332,0.7999968308624348,0.8187351461063155,0.8313986380146225,0.7011612605098141,0.7776223966639778,0.8332702112322874,0.7457706024328798,0.8340617489007368,0.70272084128107,0.7587069391962935,0.7515986248901176,0.7356854613630209,0.7260271136988731,0.7534010665101576,0.8419678211564818,0.828404956776645,0.7322985230208509,0.8206259280197312,0.7822250282592955,0.8884395116206031,0.7319206613847141,0.7355227224482891,0.6673653493068266,0.7462872926564472,0.6524297034028157,0.7472944432636112,0.8553516194882723,0.7712522297095264,0.8055090592191236,0.8137469136454286,0.8340864272553421,0.8344263389882213,0.7796882845623986,0.7967614184229427,0.7908704853511067,0.8038464737637819,0.7794815884485118,0.8125492551873893,0.7882287581026696,0.8201077520563474,0.7560916482155394,0.8020847143152545,0.7380171383614981,0.7218447285390039,0.7698520830356391,0.7406168611261199,0.7394875892261668,0.7024454785869034,0.6857313009797242,0.8817871256191793,0.7312718296644228,0.753203401451439,0.737584900941079,0.6918007559190956,0.7195238443421713,0.7504014779716262,0.8025295460204281,0.8288408429128913,0.8458416224114249,0.7848635573987653,0.7828819388647318,0.7579524145108452,0.7459678505173102,0.7367012049385696,0.7780837137141892,0.7336846269804769,0.7866042318376072,0.7449296550222356,0.7676188025352194,0.8243229613839381,0.7555550176116471,0.7619867011166176,0.754267331932701,0.7598823421506334,0.7006458381404491,0.8740455930841434,0.8081456241552109,0.773734868036289,0.8671216828260313,0.7880311791471161,0.724865187467399,0.7194999977121841,0.7111277218328275,0.6789822900146296,0.8288300514825562,0.7329396178938152,0.7827734690890003,0.8172803920483009,0.8645535796559546,0.7646074656927745,0.7137548595537736,0.85646506545526,0.6863170088278165,0.7865978080237647,0.6701649251498677,0.8572656549843375,0.7553432160948554,0.7879657750954978,0.6452739477410714,0.7423595645824167,0.7992596176705344,0.7353838407759455,0.7414776681003448,0.7143521440882801,0.789669576777258,0.6432927400955946,0.801146117324743,0.8640534415498804,0.8147084643344273
0.8693051003003434,0.8811494457487951,0.8603346412033838,0.8626809075764935,0.7736098699445838,0.8071429579145553,0.8983143631077432,0.7831223554452988,0.7370774515820768,0.0,0.8518816526142841,0.7959785615043694,0.8713237232960239,0.8135100004205884,0.8731650827126908,0.7929144724924179,0.8333851737160496,0.8823273037103451,0.7462091612423918,0.72818611096577,0.7834926047091906,0.8345006424990731,0.8753425264090006,0.8138029078181002,0.9035779485079852,0.8279743647813023,0.8105760909714177,0.8562597128140226,0.9030901261925348,0.7228031363679236,0.804953450277037,0.8008169625489436,0.8826322743508795,0.77934122582802,0.8614746727582033,0.8116877030117383,0.8570923103883212,0.7993035140346312,0.7120312203265766,0.8743266030727989,0.8561916472446812,0.781241710593163,0.7760595762565425,0.8473354952262359,0.8329242402134764,0.8114928257668957,0.8045249639577905,0.8289492236463405,0.9173811689073317,0.7620111701394388,0.8454809269714082,0.8379689797675756,0.7417148591142751,0.8413081296998213,0.8739859292114022,0.8303145015227568,0.7641869701351798,0.7822332000253257,0.8444450242570063,0.7731943101961172,0.7808910333678306,0.6701681281336791,0.8059143073907193,0.7002056625223042,0.7092082013049448,0.7218156764718895,0.8087475847309755,0.8327166693016139,0.8319772505327345,0.8082026139028996,0.8070470661115383,0.7869036732497893,0.7727734909950228,0.8556261174981155,0.7889392643588422,0.7958226636315007,0.754283469119745,0.8324173125678681,0.7754557239342236,0.6926168495260868,0.8063872136614931,0.7659928013035439,0.8532726201639331,0.8175790524735727,0.764631359931984,0.8383157696822381,0.7105197469809822,0.7995328174001891,0.8443739060299053,0.7526522956943436,0.8607884234196843,0.7931016160481072,0.8681060554112949,0.744537228368807,0.8509291330028529,0.8719479385320034,0.6349319307163697,0.8071216471357626,0.6594633658582199,0.8770301764708794,0.760523636557666,0.6657706509988578,0.7918564411635415,0.8333391215194751,0.78308868692313,0.7871299903109676,0.7319406357844203,0.8708582663643576,0.8733612198002234,0.819761660993884,0.8102243770886712,0.7662912593271957,0.8433242531875145,0.7226964614111722,0.8517763852860639,0.8659821203124038,0.8113600194001751,0.79642454873178,0.8729718497252089,0.78448538825102,0.7329042833196686,0.7594476823505878,0.7438671059725968,0.8749014760188405,0.7180637226412716,0.8961760045767466,0.7098952043542204,0.7452093011986365,0.86733951624413,0.827187421251763,0.7748139450087599,0.688742556814862,0.6934863823575669,0.729160186054487,0.7244484736179928,0.7316945765518076,0.7722313943992408,0.8833697025426269,0.83011514025917,0.7715132288864458,0.8821724722211352,0.7147583098618119,0.8224473826191941,0.7406520626069639,0.8303240126705487,0.8103333788678191,0.7673350241612403,0.8254194105501819,0.8861297874713255,0.5876062793104053,0.7761355330472564,0.8373009882813733,0.7140214263401534,0.8194838797196493,0.8463215332040608,0.7874958276644577,0.7979274974490267,0.8807570398609749,0.8904416721013292,0.8428608972995706,0.8927902730203531,0.7979353136294723,0.878601906904581,0.8127201177992603
0.889224589936721,0.8623614389172056,0.9335133100865858,0.8702877916687012,0.8625037449094929,0.8456620287071576,0.8399560880103731,0.8573649683914828,0.8116574324055993,0.8518816526142841,0.0,0.885048216572164,0.8934179021061341,0.7619658933054866,0.8735471764690247,0.8966871024304327,0.8890557294912289,0.8418666733718773,0.8050312109344567,0.7850009597565665,0.8861633052849391,0.932728528268398,0.8316572324447437,0.882246192083634,0.8830928629540523,0.8881324438694606,0.8044989058796149,0.8827086664324969,0.8384888383827814,0.7973454033375477,0.8292504390715981,0.8074608735092946,0.8520424522967938,0.8022087552935633,0.8449352183139465,0.8330173545695069,0.9106945641704337,0.8640143646934897,0.8647707510111542,0.857603580374728,0.8520519250108075,0.8497182478568118,0.8155512466203734,0.8786570379377167,0.8604858182126803,0.7968986943732238,0.7313785722239831,0.9313627443938263,0.8894252333579895,0.808331629155968,0.8856659348753048,0.8629215740307953,0.701927681142187,0.898371252191521,0.9135394739840373,0.7899784675342054,0.8413135610417423,0.8968864496255006,0.7616231659786076,0.7856225598201754,0.8622158650693276,0.6616666035805112,0.8589016890176481,0.6942922264835562,0.7132807856831901,0.7367532943872988,0.8436760267120554,0.825915847669277,0.8033066879862178,0.8789563579788343,0.8714957004569911,0.7307411186117635,0.8124751636621862,0.9125592675171834,0.8522837582674385,0.6866099803263119,0.86564178488187,0.8510059346873777,0.7959932723396246,0.7128239037753118,0.7758255844236314,0.8380531271657334,0.8768181813313357,0.827817381384056,0.8226592270569179,0.8914778463206249,0.8107183113013103,0.7452875019207926,0.7707657151008275,0.8369419951394184,0.9121253954950985,0.7454644009006947,0.881486341362642,0.7631046529152815,0.8688450147503656,0.841331454278291,0.6963843901497746,0.7662009037419136,0.6502563189538454,0.8220740813281264,0.7586233687258157,0.7602815961813307,0.7520817746711744,0.7527088999564172,0.7975319861466852,0.8185198190425611,0.7786539275515943,0.8627456455667296,0.8039467471412685,0.8816232198132662,0.8755550090002668,0.8482854887260556,0.8545509800619283,0.8123485763921632,0.8245773891672082,0.907255130085029,0.73170700113519,0.8356605417744538,0.8701430931229052,0.7571046752582028,0.8338304498024247,0.7900358698201116,0.7811635769711406,0.8953765512865529,0.7339475413127267,0.8800937801189822,0.7182562380329521,0.8315403046154656,0.8496971037997171,0.783781739417398,0.760787704813085,0.8162468428909772,0.7756745210429419,0.8350169679454144,0.8572110641988219,0.7186830861198722,0.7762557236455232,0.8507156430463985,0.8367787998210172,0.8542506557220426,0.7891835811807737,0.7476635532031306,0.8240848074628554,0.8094892206979898,0.9121339349858057,0.7736298604830908,0.8965917091180682,0.7658016789000254,0.8453004972378753,0.6253920301898734,0.8704104673524776,0.7313519283192049,0.8401546678757061,0.7830827832291221,0.8663189134899968,0.873946477874544,0.886648336705603,0.9125244246366276,0.8222121285803146,0.849408543182573,0.7200309598755571,0.7554768376300728,0.8493623549491316,0.9662930902847431
0.8338910602562334,0.8487186812063567,0.8385077923978659,0.8911515220115496,0.8187751409935247,0.907692162435497,0.8246890176052295,0.8330451627002318,0.7874659983130214,0.7959785615043694,0.885048216572164,0.0,0.7672378663079611,0.6739334852285187,0.8238184969573881,0.80316183536858,0.8306115012926882,0.7260012579513148,0.9104748064178739,0.7328419460702413,0.9003873076059931,0.8136501002010956,0.7902206907116315,0.8209046882890046,0.8932495360267613,0.8189933693004604,0.6833874584144314,0.8270854585884139,0.7873256703553485,0.7792790188904052,0.882552000810561,0.7875714731092487,0.868947790798861,0.8704193350931855,0.8411150392791766,0.8613103785325246,0.811023340844102,0.7883748187468792,0.8669324458025088,0.7556026635803191,0.8817523402634458,0.8419108916063845,0.7780702025153496,0.9307404264348442,0.8092183085737681,0.7470263449726112,0.7380140872385628,0.8697316940704296,0.809871409170707,0.7716308432843587,0.8788468176093229,0.9214885359242547,0.6926638984659498,0.9168819037375651,0.8924649965609539,0.8230281904018272,0.8111039827429537,0.9467615252612467,0.6807481846248902,0.7490706287105178,0.7989382357680536,0.6638541048680444,0.864209298279349,0.6572434317167329,0.6964403917704717,0.7024350720904834,0.7336941152824276,0.7213448780364531,0.6766577565534286,0.8058809255728117,0.8057404678718845,0.6682689198899787,0.7809248999985683,0.8272687387074934,0.8128311831744923,0.6770194535155529,0.7569877456961406,0.7993333025836229,0.7943374973575817,0.7062534971194832,0.790007106731361,0.8680294825382895,0.8165182840262505,0.771144641012887,0.8614250715703875,0.8563687626639251,0.7861638230952585,0.6965550956466319,0.7563099395771383,0.7959654300751507,0.8867565556551604,0.8547394792155955,0.8452566968844442,0.7518365448809163,0.8051167866147256,0.8688739827781496,0.7100156712686326,0.8854231287817269,0.6760736022660688,0.8043884108056636,0.7012649178930423,0.7118861235764675,0.8299404788876875,0.8409200735971322,0.8071056145622083,0.7672500774319437,0.7658971987153579,0.8455955088901407,0.7446561928739266,0.8419459364188202,0.945895482288755,0.8515529376562989,0.828274841723323,0.7272049086502533,0.8039225414672705,0.8520182670570748,0.7917536219543753,0.7350394904124082,0.9089299471594677,0.7620322470168962,0.741826638317695,0.8089350721701345,0.8001934379995121,0.8779558444447823,0.7199127865694614,0.874856147435061,0.7249111150781224,0.7815748078478967,0.8916694716223384,0.6699231623029425,0.7519530845730829,0.7764891258565128,0.6668300843308278,0.8820709891219513,0.8022521039824332,0.6573454340096755,0.7464616982199237,0.7840875166081069,0.7223162090036955,0.8448293961404758,0.7858402618231831,0.7163862186461184,0.8317141287001738,0.819949703416948,0.8502393952783742,0.7955267812034161,0.9152137663757876,0.7098107704925447,0.8423574725384027,0.6430157591916452,0.8979257300109484,0.7674937461600869,0.7765548937476136,0.6891830983432736,0.9533307506414792,0.7671756020005123,0.735808233304398,0.9097877667834114,0.7878859910845651,0.8052560469991266,0.6668178820762892,0.7987966632825566,0.8911700057143781,0.8944104686665683
