0,1,2,3,4,5,6,7,8,9,10,11,12,13,14,15,16,17,18,19,20,21,22,23,24,25,26,27,28,29,30,31,32,33,34,35,36,37,38,39,40,41,42,43,44,45,46,47,48,49,50,51,52,53,54,55,56,57,58,59,60,61,62,63,64,65,66,67,68,69,70,71,72,73,74,75,76,77,78,79,80,81,82,83,84,85,86,87,88,89,90,91,92,93,94,95,96,97,98,99,100,101,102,103,104,105,106,107,108,109,110,111,112,113,114,115,116,117,118,119,120,121,122,123,124,125,126,127,128,129,130,131,132,133,134,135,136,137,138,139,140,141,142,143,144,145,146,147,148,149,150,151,152,153,154,155,156,157,158,159,160,161,162,163
0.0,0.645541874234511,0.5257633501044986,0.5108686802132795,0.3943892681210593,0.5784460708188834,0.5021522544649114,0.5629506911193138,0.5908189055620949,0.6131988260454448,0.6085182336779272,0.50462439339986,0.7016207917219494,0.5353918383242214,0.5315576178325006,0.5581234992914138,0.5879886451290578,0.6284327605252891,0.5462324937441414,0.6848917915521141,0.5515600521221065,0.6117786628009969,0.48585916139826757,0.5347006166791826,0.6677076912647776,0.499132309340313,0.46655543118232223,0.5863986440835246,0.5926434244934561,0.45779553719316957,0.5547487819524269,0.6208870545075152,0.5008705022758061,0.5001912789335352,0.6233372960691089,0.46185924202903345,0.6360780674110029,0.566731978019979,0.48637163924156696,0.6141630682565236,0.4757320078670222,0.5970653043438725,0.5346475119716255,0.5480764431343587,0.5752227328539575,0.5222050267583845,0.443996588148253,0.5204624604681308,0.6088166791651942,0.5159826597502689,0.5397426017814766,0.5422146413185849,0.5007962777338137,0.5648290530519442,0.5570755997369407,0.597771386806834,0.6200369221435041,0.4946007390329036,0.5576216342438667,0.48442761379463617,0.6250677570583315,0.42053014402607486,0.577078472468659,0.45706461207523663,0.542068124299092,0.5747627056771625,0.570464494195124,0.5546879178700682,0.5213138701986008,0.6315294470808053,0.6113715101483139,0.5428649198989569,0.5914895185691686,0.6057453665735462,0.5954293412757055,0.5656848072537939,0.5213062374411896,0.45834169934781066,0.5154783568931705,0.464310279561944,0.5646038236249147,0.5510799670601493,0.5584819299658904,0.5822299994932568,0.5621133632048069,0.5995795191934304,0.6162097072981941,0.5109423227629499,0.5390508801561361,0.5330174742175552,0.5005224085979515,0.4742743523831457,0.5155711345384034,0.6110816800389914,0.5917195691267196,0.5624190055069308,0.4917354490111972,0.517110610387491,0.4440365383101149,0.5426252666499692,0.5214849576796572,0.5073019792308376,0.4474223300774933,0.46123152600714323,0.5386780389610546,0.5180797437354169,0.49751565353885707,0.6332203080043833,0.5039764684425596,0.5487898744956913,0.5423601590450142,0.5140336539456082,0.6073523444170381,0.49900779237060094,0.5636715428223235,0.5946667593849654,0.6134038947180876,0.5588122810122291,0.5631601329697554,0.47460115691671423,0.5146589553278895,0.46431636518143965,0.5972154427866571,0.5584940976766221,0.5876320177680167,0.5542735671446489,0.4499854839532844,0.4591602557467618,0.5478222418175287,0.560198588824986,0.5460005425745904,0.5420120392181983,0.5502941845302729,0.5575610760338916,0.5822292646690189,0.5708917138604028,0.5757028868591683,0.5671789801349163,0.5993095852475048,0.488040290458713,0.5326455989379796,0.5447132978965393,0.5477480878102035,0.48993353458366623,0.5842130353465889,0.5209305794612692,0.5195584155247778,0.48827143593001876,0.652320551806359,0.37692495179521085,0.6169085311085419,0.555806265318593,0.5109736914182195,0.46064113241362303,0.5280842217488803,0.6056198525128202,0.5549427450691709,0.5304582555808116,0.5818029814221904,0.5785779261156233,0.5305205447145098,0.6471883254231822,0.45678382840325504,0.6364124599666323
0.645541874234511,0.0,0.5213076588660586,0.5626775250767458,0.3943394503053318,0.6099738564375019,0.5130080762699868,0.6565321701061572,0.6121531983615156,0.6361753901439045,0.5377091813911731,0.576146968253106,0.6085254211441705,0.5675999594690981,0.5512736962537771,0.5530325834542457,0.5918573439803914,0.560963713348511,0.5833332828583446,0.633063323078764,0.5765049683763891,0.5639110246509178,0.4984338998606463,0.5204249379172765,0.6313285080798413,0.5204899217282276,0.48499306320301827,0.5544363954622719,0.6665720306368543,0.46073346664010856,0.6496687351908579,0.6341459456051332,0.5952102238215845,0.5597859137858983,0.6451882748675951,0.5496826754591425,0.5688455492599674,0.6335502008272117,0.5547305552806759,0.6339210576084718,0.5685189386471923,0.5662282216795781,0.5268839751138913,0.5677454887999339,0.6592729524836682,0.5674505862812014,0.47235818730073303,0.48188148735783126,0.5764770444089308,0.5607013990011117,0.5701877476881081,0.5932370834622757,0.5548082249474849,0.6509436859308204,0.6270846978187404,0.6844926692513489,0.6427244475357452,0.5333659442331068,0.5379239885962412,0.5598224336572031,0.6315157843115223,0.4800848773023249,0.5836170244246321,0.501789511767795,0.5443573587331147,0.5733168555724512,0.5740924235549509,0.5046620448464396,0.48644606713333816,0.5897941280943919,0.6102497633441696,0.5969212635402258,0.5621747115937794,0.6052180811022203,0.6321060553016786,0.5679688388159876,0.5205782917319395,0.4860958064902925,0.5886171616395499,0.4619223647935423,0.5801879243352236,0.5998807928737327,0.5741209798968512,0.6332687012186246,0.6389538269786051,0.7280082732798638,0.5806796397417436,0.5236758155115989,0.6040401471380636,0.6181095538316046,0.5150811692360906,0.5637728129764471,0.559669454683951,0.6232484628057116,0.6356044676641557,0.6148574700368359,0.5754694764083353,0.6195670928305621,0.5064330006361231,0.6222498729916791,0.5773394641387689,0.5226584774607649,0.4828320956645844,0.5040555572683438,0.6153800132514623,0.5642283520723383,0.5573632568071514,0.6353886161659765,0.5595516073945571,0.5188027412227731,0.5594354264540765,0.5723878530653084,0.5708657756934337,0.5393207588643617,0.655893363087728,0.6396777165669724,0.6762701313697139,0.5157245181552913,0.5638782620443713,0.5398556300842395,0.5398796499080276,0.5351877678731113,0.5857415786810745,0.5859782376543908,0.575215000086332,0.628916010693978,0.5129777525268621,0.5242821618041664,0.6880478453661759,0.595030425588217,0.5969250408939918,0.562399530630296,0.5432025266632179,0.6642651783024666,0.5652526668431269,0.5506865069677893,0.5748852282560298,0.6348387182911243,0.60084845356593,0.5367531353040874,0.5429290554568482,0.6017021416406867,0.6332533784327355,0.5535116921128799,0.6277277608913093,0.5334213991770425,0.5814095812236887,0.5357781975004499,0.6945089926916995,0.42450800991950216,0.6273967618751501,0.6203413882402764,0.5191802908462617,0.49254814045097534,0.5888663193323163,0.5783365244015124,0.4770567870774318,0.5575037702357104,0.5820711564972905,0.5787262949786423,0.5512928788818676,0.6781402178160927,0.5084522215492466,0.5742601726261557
0.5257633501044986,0.5213076588660586,0.0,0.4749317283628649,0.5148472969168303,0.5367618522189108,0.49322194174782186,0.49818607281385296,0.47863880740910913,0.5302226163566339,0.5591316493679153,0.5200628945313185,0.5372717119321669,0.430577144632028,0.5099863913147362,0.6311001152281264,0.6320614601109633,0.5243382775623305,0.48315290643568454,0.4743678129691106,0.6673275358028561,0.6760993840731835,0.4538087986141088,0.5379555302123088,0.5081426825066347,0.5595734418530787,0.42364067492214097,0.452930305787509,0.5219970652234939,0.50813841544486,0.4502191164009489,0.5298399909747104,0.4768114912668487,0.4236588700584806,0.44480058418308094,0.44767421247095673,0.5093529842767794,0.5116642276894413,0.48329688307378094,0.5872366853451247,0.5007290014580764,0.6251338092139758,0.5641387432583423,0.523239127232304,0.4763354509917996,0.5012020884347492,0.5308881570214614,0.494380824287882,0.5044256821653198,0.5207402972596928,0.5647757432397955,0.6062756578428702,0.4581271200793734,0.5514773650292046,0.5011091860939825,0.5108168116201357,0.5513208636550231,0.5919594759432915,0.46441295700198026,0.45008531049473927,0.4708354565177126,0.42051670487541115,0.6461697059730789,0.4164205517615449,0.4866754940356036,0.4841745996293059,0.4523404554086103,0.5753643353676682,0.4977961717167562,0.521445724250784,0.5924570603063514,0.43511719474195226,0.46155777305051177,0.614294004034592,0.5285091047640389,0.4171512786062661,0.5424219280358772,0.5514271508795326,0.475574991034986,0.44260896404973304,0.5564214682927991,0.5148969688353607,0.6185219422001056,0.46866373513750936,0.5188131719550653,0.5310525624440858,0.4622032600064281,0.44527023341499106,0.44171233924028314,0.4583412488336003,0.583029809982828,0.4264613233880231,0.5261054925493063,0.459081283930331,0.5241130115022439,0.49948948085689887,0.4371313589930473,0.45812079978653314,0.4031099634004336,0.4521071820910278,0.4059091381347198,0.49811831538636075,0.42516293466808797,0.43872703975279537,0.46524856457361297,0.5798266136646755,0.5138115159948358,0.5364787897497882,0.5180779175049608,0.49816892602240753,0.5150508959175886,0.4988595311381731,0.46177749635916066,0.4520834830331048,0.48662225406442605,0.6064353294105023,0.46970023829922736,0.509250861054715,0.5686144228307941,0.42139817509028343,0.5682214302206584,0.4552958201864309,0.4619078889112978,0.5551742458020652,0.42474270510544565,0.5086369710648064,0.44916067226418704,0.4834443051360329,0.49572240128232375,0.5097133936626302,0.484958997814572,0.7118174016162848,0.4120826944655715,0.46742754955138344,0.4706525657028832,0.4938476528890191,0.5013012395914025,0.5080629338382834,0.5011614586717956,0.4761692099606863,0.42072219563039287,0.494959233664028,0.4901781732578156,0.4758216613814187,0.5257644416582209,0.47838266271072505,0.60618788924269,0.519178146316803,0.5380205892926234,0.37216270504714505,0.4543749033308579,0.46468577983218473,0.5073462451015087,0.555022622813196,0.5295685504090236,0.4794057407860496,0.4363840715907321,0.5915833561094742,0.41923239465134593,0.502585368251405,0.48783902566574233,0.4522588793004943,0.44517251033182476,0.5772650734841751
0.5108686802132795,0.5626775250767458,0.4749317283628649,0.0,0.3967344178762504,0.48913038881772775,0.5835087159012093,0.5834873942892203,0.5130611801995834,0.5898920666053743,0.4850789381912761,0.5980294156198169,0.4692197079067286,0.4540921395254631,0.5586671292801303,0.46293161885837875,0.5090948574971701,0.5156482037358654,0.6144979761685967,0.46925275119346765,0.5451752143664889,0.5006510964194049,0.5558456368439529,0.47352799515902183,0.5910371369209926,0.4899266415616169,0.4826228488945202,0.5115390251982244,0.516758469479676,0.4378072168617775,0.563973114732415,0.5117097349298688,0.6510137102037674,0.5333931444792054,0.5212776701568562,0.5172312393944584,0.47724142089812205,0.512367104264082,0.509842943343666,0.5730313168005394,0.5592910260175405,0.5310223364048663,0.5078336039392595,0.5235651066977234,0.5431798409988725,0.5040669492868733,0.4310141424383209,0.42153708637365006,0.5597578870596122,0.49696156607861597,0.5729614037187309,0.5379775800515184,0.4764038080030274,0.6426576752785813,0.5856052211778606,0.5112235089315114,0.534121452039024,0.5432155077802701,0.5163219659257937,0.4805223820367519,0.500538251442326,0.416214003696012,0.5255722370701804,0.43871550068220694,0.495165626880114,0.47895822361626117,0.4943703165243696,0.4478186620991547,0.4662367405970325,0.5653717550538264,0.5018982743891167,0.47960836878182184,0.49606485893789365,0.5658956017617737,0.5086569448809116,0.45973845863177387,0.4921379231940303,0.4639758153642029,0.5207584786994633,0.38549451022336656,0.4764111004668157,0.6126793849274982,0.48745379144102363,0.46819053786552595,0.5867075933880429,0.5403369596057767,0.49790015606886245,0.5142519646501496,0.5176061168883983,0.48053729897421044,0.5392333751882049,0.5850768674756994,0.5165468223617835,0.47639427676927926,0.5803170637068884,0.5539367149235678,0.4672693255729589,0.5987032413730989,0.4433114412141564,0.5473265302958282,0.451352498275955,0.5199072943581422,0.604015145117292,0.6136106499874333,0.533641348258083,0.4786676112974168,0.5075799523290785,0.5643839792918429,0.5097190288615876,0.44098939407098553,0.5932885728763606,0.5535856829362028,0.4784633084885874,0.5018837456005645,0.521345511786309,0.5203535077954167,0.5535066954783289,0.4882703696633824,0.5528098143994188,0.4852689588024517,0.4553802384484968,0.5769358465016982,0.45436572029662525,0.5216313024500956,0.449551656785405,0.542357457797329,0.47164021622320074,0.45052119789897027,0.5651107333288496,0.49708709354987995,0.48526477014412733,0.4731871811615417,0.4300746055177712,0.5371595622815042,0.4716509847532177,0.4331801618356895,0.43833509505872364,0.5574105443487302,0.551471372314153,0.5283166361097419,0.5415798398770255,0.46071558600211854,0.6005572095681533,0.5430524670678598,0.5121805327230547,0.5587167621538058,0.5112755293387258,0.48131134749075694,0.5611208095381213,0.36411467489288185,0.5710574888020905,0.5603396136826524,0.49561568466250416,0.46703169171547,0.6471626928904627,0.4922877480218862,0.4075136411304347,0.5179741846471638,0.5542907856645455,0.5200517671127728,0.4972251148921775,0.520068223031857,0.5033635927556392,0.5101649173512064
0.3943892681210593,0.3943394503053318,0.5148472969168303,0.3967344178762504,0.0,0.396517381935562,0.4578598912169484,0.3816358709599314,0.3789290156806743,0.3964913829040397,0.44209665303284335,0.4649150875669163,0.3884687423402262,0.34690187375229864,0.4408057625823458,0.48613217104152956,0.4681429864256189,0.40577237097972607,0.4039270547428392,0.3616472339367051,0.493245828654504,0.47215510146286505,0.41548544635766754,0.44517636750473394,0.3893325097373611,0.4679892669464283,0.37255107741696797,0.36157019512537786,0.4203368930033009,0.5162481885595916,0.3761815245011669,0.41207304928862554,0.4056897818411748,0.36181543809138056,0.360639384074377,0.39224784412970315,0.3950223408918847,0.4068909565556838,0.43799478034367967,0.45397495215529804,0.4375632845956323,0.449342217659489,0.47225065232559055,0.440356903687229,0.37518072980929373,0.4074129271500912,0.4916713736064675,0.4058045255169182,0.4231094915828211,0.43778965618280896,0.4735429324776892,0.46197077511737794,0.37588807955330406,0.43418610747130054,0.42741151082755613,0.38210459312097544,0.43079336284356057,0.5271731130614339,0.3685358123093675,0.3876283158423111,0.3481490783207703,0.3701460933564254,0.46241494798251304,0.3556262059831665,0.38976894918225996,0.3658050862731782,0.35005075948814823,0.43354121730373185,0.39665045948526306,0.3929915425458153,0.43519013571717935,0.3602604995110891,0.35142425431367336,0.4509323966842159,0.39158103927454263,0.3385009645890096,0.453274105050235,0.5588659596502701,0.38565961265652454,0.373726082539713,0.39969901157961074,0.4101280070075778,0.4878724078446534,0.353307940113247,0.40952584394145575,0.4002505331053113,0.3518175883884584,0.3776773779992209,0.3577340680274757,0.3627934578083154,0.5389656127917967,0.3690290787679157,0.48204795613667073,0.36314828418631273,0.40362232190829106,0.40106835752249714,0.3440450533600558,0.3658870644397595,0.3543233090469333,0.35965395017393315,0.3391835558634629,0.40640147971865825,0.37386185480941186,0.3759078694500832,0.3766119883933927,0.4549765399772852,0.4096057939865023,0.3973262794420859,0.43594815031868683,0.38514292424957774,0.43465180321671976,0.42263826619287986,0.34545088233230775,0.37224280214156585,0.3905498305102662,0.45524504198738747,0.3664687067330204,0.4424761725765996,0.41729905235911635,0.3518056641161347,0.5135879589976731,0.38744128170680026,0.3532731064869142,0.45619061910636394,0.33749406688528766,0.4177626362717112,0.3784209790693291,0.4378523556025718,0.3897773952128893,0.4050143412517364,0.3776036542918807,0.4739554149256995,0.32942718322538195,0.3775367374565214,0.362465752089567,0.3903686276825807,0.4059321685479731,0.4324417051349633,0.39182461146785125,0.42081961714480454,0.33818274792714936,0.3989072637221019,0.3977320978666167,0.3932328954070582,0.4153599293719291,0.4028193819655008,0.5007973104711614,0.42665757251144787,0.39932544018807864,0.3324465766577096,0.36597198958215965,0.3794566675846065,0.43359558769752005,0.4792019026075258,0.4274826680709045,0.36701755581292395,0.349957792094358,0.46470895333205137,0.34484635238618216,0.41886351330088945,0.37047161684508745,0.3570985877497247,0.37176576168430414,0.45356518291134174
0.5784460708188834,0.6099738564375019,0.5367618522189108,0.48913038881772775,0.396517381935562,0.0,0.4638748411083457,0.5060631566219359,0.4737693165135271,0.5227952214752072,0.5647575170036738,0.5157515043857264,0.6263207162754645,0.4697713150337754,0.47187809383702867,0.5610870834335135,0.5463283114173199,0.467595997247727,0.4850220817038922,0.5102701752613763,0.5367745496347198,0.5332381679701008,0.4164424238038561,0.5272278987471475,0.5438403509639425,0.531519180420643,0.39942533943886105,0.4784066232945124,0.6249865412710802,0.43078662462778544,0.49310895233493596,0.5530921414080373,0.519660529121142,0.47525951805758626,0.5107512055059966,0.4442203470592573,0.5951410095975607,0.4975022330985886,0.47016853390966173,0.5397237061766031,0.4798208691269902,0.5263277625477714,0.4706079220313897,0.5974984176631548,0.5100897792527206,0.47166215272644746,0.45508211450428737,0.563142740197573,0.4852944272673121,0.454628535732231,0.4999627233989867,0.6166879938811284,0.4445503686549088,0.5673830772945186,0.5242049909598264,0.6095042257454188,0.5171854108318474,0.5029131491207809,0.43504366345615425,0.4454146237823534,0.5732043789561871,0.4202580354237988,0.5739864015880751,0.40638963363478464,0.4445727206041613,0.49274986842636115,0.49880851299108,0.532159052848744,0.420946161877183,0.5075301438780793,0.5646657395555247,0.45704775804127185,0.49343276903523486,0.5335824234545272,0.5266229099618521,0.48798315683868854,0.48746459204692755,0.4874497660113672,0.48180018884915454,0.5460245989295103,0.6112157200627001,0.47450235484303993,0.5728916311024657,0.5757654420070342,0.49571508548394005,0.5507537472932024,0.5444060564179534,0.42035995895095396,0.4755135330829034,0.5274275621136554,0.4672519823589984,0.4450802576093658,0.47537726059274255,0.5287341823249059,0.49196492197066394,0.5977452078177171,0.45912399879511007,0.5084688819997802,0.41797014844958524,0.49919545097638796,0.48171871617487755,0.4479676104524423,0.40869696384528936,0.43419190272517305,0.47041883541729285,0.5155813049565023,0.46800270444462766,0.5445015277168321,0.47350990964985673,0.5692637036028833,0.533717221854887,0.4544661696046037,0.5804043222016273,0.433652487347241,0.5342696640690199,0.6075583471892319,0.5300925741514028,0.44567178752170583,0.6271955839873669,0.45565972748173317,0.48709396912622976,0.4449587790915553,0.5810615883595263,0.5678149713759308,0.4975615300578202,0.5989010897349646,0.430170292283954,0.48317498853731006,0.5676274259321663,0.4777862639947608,0.4882091606425791,0.5457969902514879,0.49152461559522775,0.5283002118412099,0.5039552706917442,0.5009952187319645,0.5689421048851938,0.5085616344548711,0.46947637197214326,0.43332975655276096,0.4913685423980758,0.5265012853372446,0.4746786438527879,0.4347981667342824,0.5602706733868451,0.45956975062641636,0.5240947517559497,0.4813152619766095,0.538864501590191,0.38586321062703416,0.5087418912740594,0.490157356977865,0.43066717591170317,0.4362461499655965,0.515752637445454,0.5094157449812391,0.4952775611879473,0.6050980331532868,0.5132950149992058,0.5306674260623581,0.4846131420730447,0.5520934292809311,0.41363227422083393,0.5600792269855708
0.5021522544649114,0.5130080762699868,0.49322194174782186,0.5835087159012093,0.4578598912169484,0.4638748411083457,0.0,0.4955406434528346,0.4577845856912516,0.5600353797385185,0.49371181596270164,0.6160058478477456,0.47513971710254405,0.4247849487407622,0.6122767485006984,0.4967651213036413,0.5151493141633866,0.5052696939964058,0.5572124659371155,0.449995403836603,0.578869846016308,0.507742259035823,0.5953807421228542,0.5389820600808172,0.558706464178051,0.5429002953184613,0.45242113587562766,0.4627102015204345,0.5102242702773266,0.4727832648765389,0.5309936234827206,0.5453250125160874,0.5501582197406684,0.5310445431413421,0.4718775966678913,0.48220764957285417,0.5066208996470478,0.47197062734341555,0.5444215671814877,0.6370209427806194,0.5197125686899331,0.5154471168792377,0.5846764149577345,0.5567434163764908,0.5203012973966652,0.533943686892681,0.48926276522234485,0.4551979817339426,0.6516612064455916,0.5087356699898701,0.6611152546497735,0.527843010420119,0.45123576698938983,0.6052705724356927,0.6185049875012372,0.48486871015181743,0.5455698512318078,0.5324205592499208,0.5168845434631127,0.47868260336791524,0.4550137112576765,0.4165178798357874,0.5130247671332413,0.41811313920746335,0.5038592722919774,0.4790312012963596,0.4822983550350413,0.5021642443812334,0.44948358191443955,0.4983321876240031,0.5289951245496219,0.46461629263153514,0.4467398887937901,0.6051083309034371,0.45103426771648375,0.4642687385629426,0.5874401541325606,0.5549488518402025,0.49098834790592866,0.41065466696450686,0.46647278888281224,0.5558928224228114,0.5344934520333932,0.42001204574827794,0.5437269476355305,0.48440590677113377,0.45719217073843715,0.5246842513281961,0.4888220170097344,0.4598799308466176,0.5628663535911057,0.5245377784107773,0.5655814456329784,0.4784972143726336,0.5315188334574171,0.5300963471140993,0.4257253023866599,0.5014517769649869,0.41988011894578575,0.5126782142492293,0.4406527133967083,0.5572905896964796,0.5467771690189942,0.511663029149796,0.4772036598938106,0.5146489685109573,0.5184232230277445,0.5015721502089725,0.5598994425974384,0.46906395773818077,0.6726858346313086,0.534262420800665,0.4484323325310323,0.4499158122324835,0.4914331225149469,0.5051589626575084,0.5015183318260775,0.5802655030132419,0.5187721144782403,0.42160754505808334,0.5031055582864881,0.4914384923735054,0.43424115708866223,0.595842863038913,0.41845337540184896,0.558049142635849,0.4534165420407344,0.4930864814054305,0.5052567909546937,0.5087666715323617,0.43474767705086825,0.47578763344504377,0.4081255071986922,0.46087627917672186,0.4596322691261202,0.4541582442631162,0.4674452251399411,0.5860030761626378,0.5217925973087696,0.541023957576998,0.45973225933740275,0.46096370342122195,0.5578240579513756,0.4842782532177718,0.528287463748956,0.5828363484799759,0.521908188313648,0.5111276560835367,0.524899457444168,0.3422627035845001,0.5202175027910081,0.5023423920541281,0.4853698677991375,0.5385286155639446,0.5893590567605173,0.48661526235005004,0.4213751230845183,0.5583926159852128,0.4848694645927705,0.5771389155616102,0.4784938786877187,0.469609472728434,0.47101063052481085,0.5163601501271727
0.5629506911193138,0.6565321701061572,0.49818607281385296,0.5834873942892203,0.3816358709599314,0.5060631566219359,0.4955406434528346,0.0,0.6441574840615818,0.650843897189164,0.4844061057233623,0.5529605001217631,0.5333541568674738,0.5347578357010232,0.5491414383147354,0.5127676614082003,0.5587836276897891,0.587547341216121,0.5881445709717372,0.5797627008831499,0.5534105624219208,0.5256828513318572,0.5346565357010364,0.46749106064306406,0.6062035095483281,0.49316477020451105,0.5406538548630323,0.5525864868387358,0.5449517896524756,0.4615762729856583,0.643773217530733,0.5801359574358237,0.5756296505272129,0.5413560437699647,0.568078466998984,0.5644774151402293,0.504336049850476,0.6637098423021619,0.5434053753198709,0.5970116745438857,0.5721988007780993,0.5433880525519793,0.5422277022385404,0.4901793265250557,0.668293760447056,0.5965616545713825,0.45297146726489657,0.42239849223790904,0.5614018417481842,0.5772573804126665,0.565720252425847,0.5298928993019977,0.5638540543418438,0.592309777930859,0.5882092641707986,0.5869135635558365,0.6269611283025941,0.5372672297037222,0.5617019427315136,0.5729509875898486,0.5844279290384885,0.4830261611333843,0.5582639650005896,0.5128808695255861,0.5580273247923164,0.5700252293037976,0.5499401416297852,0.4690292282454626,0.5264465524686186,0.651548545872435,0.5611214113861237,0.591068540802509,0.537207606912218,0.598733925034123,0.6393712483030949,0.5259925911054469,0.5125328491608034,0.45853993580414076,0.6469351690488455,0.4049171264473412,0.5240765938882893,0.6479982526642812,0.5246020362093469,0.5847913847906402,0.6938462842958857,0.7195430564490983,0.5585996122136486,0.574061486321451,0.6493736467692407,0.571176127285575,0.5224595090251885,0.5824021707915127,0.5466488923317534,0.5495436325065273,0.6650886424229175,0.5454582268456251,0.5947710096122191,0.6144300422358656,0.49852290063430915,0.6171695092462542,0.522502893886998,0.5897429518541619,0.5330949562038042,0.5436452596325677,0.66497063431772,0.5578606210482517,0.599423043346443,0.629009218998475,0.565633274702516,0.4514897543827729,0.5123702221447077,0.6188776108826763,0.5049688497896172,0.6223479754146715,0.6250559952417686,0.5741070342358684,0.6415069940607278,0.5161358925536892,0.5010652433543487,0.5463066749682277,0.5032460413111185,0.6443937089382894,0.4963627883337382,0.5325502640368504,0.5078580266751715,0.5583210484088094,0.5322178213567766,0.5012544507610189,0.6184698170149936,0.6133261518212664,0.6158756523895019,0.5446875615098697,0.5132499819719751,0.6005006935038111,0.5219891751504248,0.4931071851014516,0.5001495796618941,0.5944483810553993,0.6616336319775233,0.6034567392165707,0.5283943379767855,0.5396939955369346,0.6718164960997246,0.6200033979192879,0.5664475725430006,0.5396215053414266,0.5505064959440064,0.5467959835933719,0.6864527563400695,0.4166430703566674,0.6088807750709511,0.6258145637058096,0.5415467636984276,0.5054622271366607,0.6094806686356264,0.5632586223108921,0.4304149476853141,0.5130730709629648,0.5211061360297625,0.5388062185477709,0.5638560578362781,0.5860291421471047,0.5882743345909865,0.5163671064329011
0.5908189055620949,0.6121531983615156,0.47863880740910913,0.5130611801995834,0.3789290156806743,0.4737693165135271,0.4577845856912516,0.6441574840615818,0.0,0.5840815026240657,0.5002418027873906,0.4894966270903298,0.5195863168638672,0.5670996114819402,0.5031627393198704,0.4930128315028612,0.5378813613339727,0.614722010115396,0.5272208231941733,0.6132300496005156,0.5022264015368743,0.5513755001817175,0.5029972639136986,0.4418836432926366,0.5710324819983061,0.4471130106547671,0.561993694751508,0.5584948402234564,0.5285779380563606,0.464044022070434,0.5719497770627029,0.5295859111325018,0.4950738964779063,0.4710113280636217,0.6111551968725389,0.5124749244815708,0.48855768432897095,0.6790943918469755,0.48943199729609504,0.5410460649619221,0.4977977737747282,0.5737075693514956,0.49052269432850293,0.45955994068240963,0.5645363221258486,0.5017620042262193,0.41857742510039686,0.41318042465094956,0.5369221119365233,0.5437546925630297,0.49758141237656756,0.4763261918453408,0.5299560379645689,0.5154826601413288,0.5208403728704295,0.5578698517761282,0.5767632772908745,0.502987070017012,0.5469083116975989,0.515340071996328,0.5352175361818061,0.4414211663070652,0.507900493083347,0.5302523396367225,0.5286701331082396,0.5049870495431309,0.5194147286481884,0.45156777389390024,0.5671617930227212,0.6505551731053058,0.5256079540994989,0.5850509007856628,0.5675178274710226,0.5357631870417072,0.6414677286195238,0.4871447421469928,0.4656354597522101,0.4272102933251348,0.5248036645101057,0.3868037753528573,0.4812252591863517,0.5940858964037328,0.4965301616565284,0.5591675829494603,0.6005726189343027,0.6583437677822772,0.5455050367890967,0.5379838340687346,0.5472949222623746,0.5360734712894256,0.509790621829959,0.5165209469768687,0.5114963279754587,0.5085049555182777,0.6519742554735122,0.5067816727656457,0.5249493145068463,0.5316696877597231,0.5029862299041437,0.5215597846801654,0.5089668178737736,0.49898949401824144,0.4710739737329463,0.4844715980894214,0.6134719004246558,0.48674785831893547,0.4935186335208685,0.6213626833385636,0.4874678013637403,0.43502025579012743,0.4644786623961353,0.5805050400516153,0.4922613459976913,0.6424423067795116,0.5416702779015872,0.5487759895641202,0.5656049826475826,0.5115604420177347,0.46832131173558295,0.5550704391548182,0.5019124593447915,0.5348035775479384,0.49660084120649917,0.4763178993396169,0.5617440592610882,0.4856684682940013,0.4885287198191745,0.44924092956072764,0.5333892364705597,0.5690079533422271,0.6821718212529027,0.517250433047372,0.5214389130152557,0.6295561334832096,0.5153769576915208,0.49167730860611325,0.47806044614578114,0.5499802156825171,0.641647191693902,0.5329587026835804,0.49435870061954035,0.5385444665340416,0.59845790522168,0.6032989484453551,0.5325217402148897,0.5038851331447838,0.5254804206329996,0.470624466784903,0.6380812307797941,0.4191612233333345,0.5717980508015332,0.5725242361259476,0.5650902411158305,0.4619369994053626,0.518621624619872,0.5381796478644618,0.4367647196070147,0.4591683754524491,0.5210358907964691,0.4969035222429025,0.5000508707849686,0.597644960469168,0.5299075164753176,0.5421536579199225
0.6131988260454448,0.6361753901439045,0.5302226163566339,0.5898920666053743,0.3964913829040397,0.5227952214752072,0.5600353797385185,0.650843897189164,0.5840815026240657,0.0,0.5231142741952083,0.5481364183422857,0.5777194321040285,0.5154633739127452,0.5691755310737344,0.5308648400855949,0.5781259726142252,0.6419972363665876,0.5848752777528119,0.5670730975625509,0.5764067170741478,0.5614725527135168,0.5687246579623236,0.5023297697880085,0.7252158282919148,0.5102688710796103,0.5186341664193265,0.5691855893491715,0.5771188371400311,0.4685970861701219,0.5897962323400587,0.6179743040105249,0.5501823762223813,0.5326682601446044,0.5567367892691644,0.5024941393321145,0.5562641697548102,0.5834981232423448,0.5075148245678704,0.6593458045508007,0.5248619540228819,0.5996566080469997,0.5719852955891875,0.5191564959928228,0.6143769378892449,0.58151446432621,0.4656720582174383,0.4549279649494416,0.6502079805577251,0.5382769478717159,0.588950030185881,0.5352365778421982,0.5235357969644174,0.5927541649277915,0.5924241667395999,0.6012184507141554,0.614123574033289,0.5267343040310478,0.623454289860328,0.5136441498043363,0.5751895318811815,0.4426254970394159,0.5632118734630618,0.47462388670454003,0.5627174940043714,0.5766736933521477,0.5706334057035257,0.5271059819486252,0.5510135070808938,0.6747422466773206,0.5792745421051283,0.5533338184626223,0.5518448850905208,0.6512938135333243,0.585876285440719,0.5513311120204458,0.5442224778456032,0.48123017383614014,0.5687657489187112,0.42613623748576934,0.5563853416553458,0.6123803673420816,0.5569854393528216,0.5438469397959278,0.6420202570387907,0.6144521026071097,0.5688689306435142,0.5806423915037648,0.6101858125487624,0.5339572238348053,0.5342956556111166,0.5429292771090779,0.5427495269525654,0.5487985615439278,0.6592198799063346,0.5776145363516065,0.5039177043012075,0.5876622272119753,0.4573394673472863,0.5977181106864096,0.5001364182436617,0.5868339306047451,0.5370867627259833,0.5566246536369767,0.5726688717334727,0.5470817437369931,0.5648187334304517,0.6837697882696183,0.5677952086459565,0.4933219468599221,0.5579083489907882,0.5718136803347226,0.539688365131404,0.5634096814847913,0.5705449668669987,0.569189746498902,0.6561519108254482,0.5789479191009744,0.5549301990127096,0.49993003915404444,0.49477325177369963,0.553409875820475,0.5087532528199052,0.5690642247137336,0.5071046314539253,0.5768744435556309,0.49051637551325566,0.4720106735107061,0.5855639894434503,0.601691097157998,0.5714772829167563,0.5385916351901656,0.4978047563873135,0.5333173763283594,0.5263188787834359,0.5081960687628955,0.5142423951943422,0.5880366474036474,0.6696529967622009,0.5644735566320993,0.5531377859725446,0.5247440843091443,0.6309706154810333,0.555129465288199,0.58151849280196,0.5771647186558142,0.5241911539030977,0.5569791731447743,0.7438674108724413,0.37953344458642685,0.5966008280365761,0.6260286924417239,0.5191833505251877,0.5235479734967552,0.6290512027904805,0.5881517351687142,0.46480767564080044,0.5525742470733499,0.5505102604010567,0.58463991497479,0.6192841548875009,0.5930522798364188,0.5546013566526268,0.5478828445039329
0.6085182336779272,0.5377091813911731,0.5591316493679153,0.4850789381912761,0.44209665303284335,0.5647575170036738,0.49371181596270164,0.4844061057233623,0.5002418027873906,0.5231142741952083,0.0,0.5271183265103002,0.5950777618006335,0.44991679419226516,0.47863542104299234,0.6095221699721439,0.5882292643040183,0.5130092498256537,0.5087936537251316,0.5221601070230011,0.5548598057132301,0.6375079187790891,0.46681446761605233,0.5549490840664735,0.5720714054654746,0.5072832321347506,0.4411784244959978,0.5305900048524135,0.5784347238567024,0.4930432494411348,0.4682867288334934,0.5395120992662703,0.45591845106691914,0.4572972710649773,0.5011090818832491,0.4211862348780574,0.6012672816714947,0.5025116675907718,0.4817648777337188,0.560055993987078,0.4414690186999849,0.6262763796711953,0.48928253995125615,0.546095829357805,0.47802478278422217,0.4472062149146539,0.4195161472619704,0.5626930021166183,0.5534904616240541,0.45713718952249,0.5033082108513488,0.5164982561312446,0.41870203923321414,0.5314939631032415,0.5246878778728264,0.5144283056894454,0.5370146128271445,0.5385729182928403,0.45368156653968894,0.42778589311859105,0.5192751933253485,0.37857874493975285,0.5280376346375759,0.406428974373394,0.44425203390081053,0.4577283467238245,0.4859917016685747,0.520939763267989,0.4642950636510803,0.5577412500206654,0.5298716193439464,0.442176411411942,0.5041344252909392,0.5597128038014,0.5227093113381126,0.442624585992794,0.5363749267886915,0.49672119058889835,0.44079806294709073,0.47762133689145403,0.5023803621113447,0.4792163829658098,0.5623863315100492,0.4868564824779853,0.4947987815049868,0.5112533939435627,0.5411772278349644,0.4295362745452115,0.4416339079717711,0.4788039761519688,0.5119575751048289,0.41556048035629894,0.4921825794630901,0.48868408489794996,0.5049280024516909,0.523588527144368,0.41153368860962575,0.4500326506341069,0.3996094297567136,0.4470027057505691,0.4490572895415561,0.46950781291883625,0.404883681503453,0.41878734988406335,0.4482654015349986,0.4779620068361811,0.4450910106485086,0.5776384682744089,0.44521912977503675,0.552635173653903,0.5556518767952016,0.4700069639128965,0.5135400980447961,0.4645941412701156,0.4658510877485538,0.5870507500923554,0.480850241290344,0.5374319165610015,0.5646644295648648,0.430814297430191,0.5179777110567217,0.4239355603460193,0.5245319565098691,0.5374292574399394,0.4849980963749006,0.519952678745138,0.4061720058831679,0.4523591073648256,0.4891072164641277,0.4626785113331085,0.48417998800085005,0.5485951060228972,0.4883669016456744,0.5106050309916728,0.5168500163632459,0.4718952792449974,0.5215317218464861,0.4944190733750771,0.5101052139225027,0.44962976585730635,0.4407746547241515,0.5050683298653582,0.47123986764607584,0.4435985410511925,0.5508586961110491,0.4629888632911567,0.5157711725291647,0.44751471709011126,0.5349715737611512,0.3682816615027475,0.5170430081771242,0.46339131857309473,0.5044157155818562,0.4380036611642163,0.5030107783202643,0.5135742325398597,0.561551478025133,0.5522302863134516,0.4919941603947117,0.5465942443538564,0.43581190920383683,0.5140283517948001,0.41296744391994245,0.7424920306231779
0.50462439339986,0.576146968253106,0.5200628945313185,0.5980294156198169,0.4649150875669163,0.5157515043857264,0.6160058478477456,0.5529605001217631,0.4894966270903298,0.5481364183422857,0.5271183265103002,0.0,0.48584788833382286,0.43491679774854386,0.5868688941232576,0.5481371180772148,0.557834009779362,0.4877161035689637,0.6153153283969621,0.47233422665523545,0.6226262394372281,0.5276203448539679,0.5597273098810177,0.5564368429333141,0.5575487414336869,0.5590274427716209,0.46635402880343557,0.48249126329081066,0.5745571533794396,0.514021814367979,0.5697154171360552,0.5457748523007062,0.6042280052952613,0.5547060461396164,0.48930551539723666,0.5212718296536317,0.5089312546689787,0.5251736595466027,0.6515467085612854,0.6198106397238461,0.60006540958799,0.5297273010039065,0.5540328653114638,0.5848449626844237,0.5427287258209369,0.536365409498819,0.48588561574930084,0.4669164457473808,0.5804325246933734,0.5218347044697482,0.6221472978302903,0.5803938288371938,0.4656929384109638,0.6632937735995087,0.6528777492706342,0.5175107741563513,0.5784571361149566,0.6381418520235835,0.46426839540605724,0.5089734649242856,0.4808535409583318,0.4357884878596322,0.5431583503462335,0.43187952822427034,0.4793334386585466,0.471862751876109,0.4732420637414671,0.47344573649648525,0.4348144358573125,0.5190687349205888,0.533595788744808,0.4738812043113516,0.44464097310303824,0.5867476327133092,0.49877960297320467,0.45601104314569796,0.5637431582224292,0.5870638048065063,0.5372072259929381,0.4363585615173536,0.4918936872786199,0.5574839078779095,0.5856799446782132,0.4632667605742346,0.5718974832507178,0.5543983849135075,0.4761559278023695,0.4775700028484148,0.5015536965695678,0.5103484164647479,0.5720152942410054,0.5299952566509467,0.5966013985896302,0.4942507025098039,0.5311052905302794,0.568913452121701,0.4571096484930285,0.5342567036262721,0.4409018175310747,0.509482674379837,0.4655629497639272,0.5406496623670369,0.5012379536117963,0.5186735154132797,0.49970080442940057,0.5500335094284927,0.5365469182435587,0.5418774057629429,0.5539028446144779,0.4805815503878896,0.650538679718946,0.555568660553457,0.4474422678867264,0.48446947237039056,0.5307305423370243,0.5814394882103139,0.5199978967173795,0.5341235707498866,0.5275694589851614,0.45400527481766634,0.5477647782383548,0.5306455039285796,0.45840971165158,0.6249613129998147,0.4347038954843818,0.6322959467162832,0.4630949202930548,0.5582202896181205,0.5692000572056743,0.5064270890593631,0.4771548323204593,0.5263512334921049,0.43548171590359486,0.5284263598573612,0.4799175992207226,0.4566989816107281,0.5128912675788203,0.5993106512114651,0.5299862097939042,0.575777458517488,0.4585710628598856,0.49639423291518875,0.5615906824222401,0.5035524097974852,0.5694861752694109,0.5194908313881306,0.6100259305607281,0.5347709265800085,0.5528352957947541,0.3852598970084442,0.5409511896113741,0.5252364977563182,0.5172290995233108,0.5181761303134056,0.6552710400757367,0.491938991523715,0.42933411392774573,0.6125803954308752,0.4839172702268485,0.5579769915270121,0.4654193310575587,0.496211601349042,0.4855564064492385,0.5559964516743262
