0,1,2,3,4,5,6,7,8,9,10,11,12,13,14,15,16,17,18,19,20,21,22,23,24,25,26,27,28,29,30,31,32,33,34,35,36,37,38,39,40,41,42,43,44,45,46,47,48,49,50,51,52,53,54,55,56,57,58,59,60,61,62,63,64,65,66,67,68,69,70,71,72,73,74,75,76,77,78,79,80,81,82,83,84,85,86,87,88,89,90,91,92,93,94,95,96,97,98,99,100,101,102,103,104,105,106,107,108,109,110,111,112,113,114,115,116,117,118,119,120,121,122,123,124,125,126,127,128,129,130,131,132,133,134,135,136,137,138,139,140,141,142,143,144,145,146,147,148,149,150,151,152,153,154,155,156,157,158,159,160,161,162,163
0.0,0.3332530452950843,0.2803760278365351,0.2903600054239357,0.2770627598275737,0.29910687405753666,0.2881562420041027,0.28494927036507894,0.3795353226567647,0.30029372898399925,0.3580174978525761,0.283002997935618,0.38723389578341805,0.309910605045756,0.31591439714399894,0.31248781038910556,0.34132598886949783,0.4513401785766818,0.3147543358801995,0.4612690310509293,0.355005789995174,0.36489281561601267,0.31333045727337316,0.34560264256546447,0.4032055142191893,0.30263889964752877,0.27665564955204397,0.3417316829478702,0.25952774824629166,0.27968792652106367,0.34098584429220385,0.33540300678411,0.27648607050678237,0.3392923304058484,0.39891618932735584,0.3066785382753697,0.4379249260516138,0.3515166654922172,0.27263025228642623,0.3562888140539159,0.271950258623419,0.3623404556823389,0.334302070410921,0.348813258648246,0.3363811648610578,0.3737394885216084,0.26970613718805764,0.3204605568545462,0.3984975830851233,0.35631121750312816,0.37166135745280915,0.33892718407600486,0.31925596566464676,0.3240441123644282,0.3067627735898415,0.36472724535028983,0.4412098975753124,0.27788594419820584,0.29641984548565947,0.3385292535905798,0.3105398380138535,0.2663282856815841,0.33303482716851596,0.2576930784694491,0.35077246431433917,0.38211199111311034,0.36949733739633484,0.36500977904379295,0.2904693519152151,0.3393690741250303,0.44878306793238787,0.3364989726456186,0.3744587295730305,0.3537059570643773,0.3314713730121358,0.3971735617401416,0.26966292440980305,0.29452882083279563,0.32885732279124075,0.25691690870118483,0.31726564768349386,0.4221892210432427,0.33391588328595184,0.32076306639502855,0.361101454136359,0.3789274261076282,0.3401736165615636,0.34075372080965627,0.3490331724844606,0.3511174088452742,0.3717884858696272,0.3134944703852851,0.33932827152761996,0.4123381252197538,0.37865617611563396,0.32239884526917395,0.2617970760482006,0.2921700637637129,0.2837302646820329,0.3520425456447359,0.3465588305117133,0.25995747904241107,0.28284180303919243,0.2480453706231471,0.36676388298371443,0.32205844379938614,0.29579632401069494,0.34617477599174146,0.3200171622652454,0.32884794006284357,0.3465141762129256,0.3869351584680643,0.37081061425230155,0.29276437683378753,0.3735099252337592,0.3442924463805365,0.3375175283202887,0.31705577845644817,0.27787391066967826,0.3031762792863754,0.3105047792486731,0.25813077482660707,0.3828236708899297,0.3841299086260075,0.32807301697436536,0.2854099533978531,0.2652676050053331,0.2595662682941405,0.2891423350663493,0.3629549563079443,0.2835416065694223,0.2878267240954371,0.2918925092403462,0.3845175896747882,0.3406759659379646,0.32328871140642346,0.3551070193751304,0.35787203249599103,0.3388587984113224,0.3440591264293098,0.2839706469837728,0.32521915359010356,0.39311274357344206,0.3183892797303038,0.3906675626367644,0.3591628902274865,0.33285061726265935,0.2738942621054953,0.3627374401831196,0.20383920058039223,0.4246933791222996,0.30270235691432795,0.362062649144172,0.23251053679022193,0.3168117632344649,0.4006231166825592,0.31222713632494614,0.31264339980492073,0.3294146904912927,0.3562999198798773,0.291637659684447,0.39584953016284163,0.2597696679931219,0.48269518273149087
0.3332530452950843,0.0,0.3031078101335475,0.28748735792789487,0.251367847360113,0.33947812086397566,0.29966206793705097,0.34371560476668156,0.30034381285084644,0.4233195550508101,0.34448391831637964,0.3468804649624532,0.3151148685528128,0.33459040971078324,0.3099226778049382,0.3161386083271278,0.32760297335017347,0.3272633589044417,0.3460437859021806,0.3314590225256879,0.341270613145044,0.3838998505652708,0.33871419847713896,0.3394508064270348,0.4291136963415812,0.2764469584964168,0.2756322555309447,0.3336890237409442,0.40814325928248146,0.26106069461144693,0.36128786459573936,0.3279226744564793,0.3268931685861542,0.32284769944089775,0.34675719191871146,0.3290673413422573,0.3205938757190773,0.3450502613324104,0.2945794369646374,0.3396997094345798,0.33902229295472225,0.351820571421442,0.2583433612449811,0.30557302981434753,0.37928042805797424,0.30295865335059496,0.28646225336916126,0.2827164594752416,0.3604861507284068,0.28006487182834394,0.29650813579847135,0.3090558294537259,0.34211022130955915,0.38727070192801877,0.346144832588672,0.3755030716862259,0.3231787772748739,0.29743657652190264,0.3136351020688928,0.31986124160600427,0.31616727724046206,0.2290889376788883,0.28493761851960137,0.26363200314259094,0.26559117215703615,0.2863336405627832,0.2951827689636383,0.2807606062795496,0.2752306846591518,0.3434500522649752,0.2950939405155341,0.31646960002848473,0.2681146728910017,0.31333086973850355,0.35070781091956993,0.3350775466793769,0.2479614812062364,0.35325559081289876,0.3066146697451908,0.23983951694264094,0.3205117290785714,0.29967192498108075,0.38620695814862077,0.3216198903029626,0.30814978327519144,0.42882276217330834,0.2813570722294436,0.2529455521086652,0.3127991401088651,0.35130821419332564,0.2771390352216813,0.30982692673024753,0.3304900882286606,0.3371465627406718,0.331904483464513,0.4026774609867619,0.28060522249158876,0.3530243866881168,0.2506766560816379,0.32396232404460495,0.325636837913466,0.2401802948245108,0.23570810965417038,0.31152313384773633,0.29192692721275276,0.2867265315239071,0.2697572865936367,0.4720847975705089,0.3338837944503634,0.3685911980559184,0.3223227630703663,0.29114910514822034,0.28846773246738305,0.2794118656330787,0.3701050395780351,0.38957600350458926,0.37771654847414116,0.26913639462108474,0.3043586875408608,0.2945112238013471,0.2828844099365329,0.25667616991537084,0.3259339818371724,0.3726919412303611,0.2856978713861292,0.40080525547100054,0.24426878756017997,0.301232746113746,0.4160847750523993,0.3107810770948346,0.3428082752035001,0.2750780162087203,0.25413403055835193,0.3484517106689407,0.3190346433124164,0.2841645377958146,0.34021312212456734,0.3408797714642724,0.35370998735232007,0.2933847740275464,0.31250202304561076,0.3484323195827342,0.3638197173702146,0.295617592783218,0.3858491686550432,0.29606087303940787,0.315668507837585,0.3158243553558926,0.46672033499470394,0.2529907118281035,0.30168933630576444,0.3793077168861317,0.3019870790675615,0.2901674875011547,0.3538754897575374,0.3284238215448174,0.28040057894164927,0.35136575271666276,0.29122217687440005,0.2791210127759795,0.349736101694509,0.3739089035487391,0.2674102331280914,0.32227752693269857
0.2803760278365351,0.3031078101335475,0.0,0.2641930155563961,0.27143073846244015,0.30825705417461136,0.2517400723990865,0.294952337605074,0.25531305724763925,0.3855243693801379,0.33352940396311787,0.2987646387533121,0.3362412472015549,0.2481004623252352,0.27519427043281186,0.4189703262561582,0.3603206372094986,0.3060559415709117,0.25812457765196545,0.24697232012981238,0.3727073007556625,0.4210076347851155,0.2590912455595316,0.29126101726857245,0.3078188097365356,0.32969935661220207,0.2599247653168632,0.27944137202398384,0.2733553540157765,0.2709073821498895,0.25082107166314216,0.3305072058474711,0.2481169471471018,0.2645563269510507,0.23182508568144894,0.27009791045586856,0.3074333618148929,0.2864409610178563,0.2647208636679107,0.3042007890046108,0.2490390781571663,0.33010487715684794,0.2943295279197774,0.26476214920550123,0.3156298469536616,0.29890859431719485,0.2829446783696288,0.30269352695766977,0.29594643343924176,0.26289351761982194,0.3017606720278538,0.3139431042745147,0.23108100899407752,0.3366829956979264,0.30795329467161325,0.265398087865847,0.2737680741330853,0.316155381468692,0.25526592981691826,0.25793758710294507,0.2751211160726893,0.23880414391949367,0.32050147991350425,0.22419514767281068,0.2368265475261129,0.2755356134596481,0.2690789670033846,0.34102043881814925,0.30577630123640204,0.29678961807754944,0.3187729040321335,0.23224864480823382,0.24918886010072272,0.38913317088298854,0.3299797169537791,0.22925060383966822,0.31304521624529213,0.3315593591566726,0.26070429415063723,0.2171211465959876,0.2947268470170218,0.28033687020959575,0.3439173579250904,0.28453147744495155,0.26694321475907723,0.327480718595266,0.24068534335325542,0.2328055811080123,0.28337575250239966,0.25023254641437215,0.29359982053114847,0.22337668879572103,0.2909647675066685,0.2293929539355952,0.27969563551668014,0.29161505066750104,0.2368203444985715,0.27138388912702305,0.20743581649040504,0.2796999389878861,0.22349922847788598,0.2625119049689467,0.2175027157366523,0.2616865493754601,0.263501229040276,0.35879719317960296,0.29257582898658596,0.30447188216474497,0.2914850685795252,0.3147868272294822,0.2862381690743015,0.2518599026917686,0.2559624791719928,0.25809131427054377,0.2727313282892665,0.32499072440828614,0.24803842936896217,0.3121538385361992,0.2956836812653346,0.2570304582912041,0.2628167630605336,0.22909603941376774,0.23646935509884026,0.3227900087656158,0.19615389037184283,0.33114547661719135,0.23152587976847733,0.2963279823430956,0.32697738570523777,0.28224041149101164,0.2710635534849433,0.3730400349442886,0.2096677021926292,0.22983270990050889,0.2687821455147146,0.22957147922895668,0.2567005027513462,0.25409768874298294,0.3121678490107021,0.2550035319906154,0.23510625190884582,0.2893978584603987,0.2706108775899266,0.2772010461855825,0.29610044369191824,0.2379047265349457,0.3168080307604893,0.31317699561453594,0.3579684854572276,0.2194316335706044,0.22649588120790243,0.23251253639774055,0.2718312687574752,0.2994579966383123,0.3074001423979544,0.26953005305192235,0.2561109123190084,0.35035675189451276,0.19523014024825563,0.28071416840967855,0.3150092460783739,0.2118801556067389,0.23752268290746145,0.27757456798049557
0.2903600054239357,0.28748735792789487,0.2641930155563961,0.0,0.23359984764794964,0.2704229210866268,0.3146917169236323,0.30158614576142706,0.256682262845485,0.2995405045301669,0.28605001864835533,0.29318509996741904,0.2923481100103809,0.2749384536618659,0.33840058646282734,0.27455403874929707,0.31117808212322634,0.3373279128566099,0.3184607639528612,0.26315358882089485,0.3218424512376125,0.26910860462429476,0.3241128306333123,0.2522742925387862,0.32721049539766095,0.30646343836787715,0.3146356196754984,0.31417449776067174,0.2536581781939082,0.23011236173689378,0.29264481210264315,0.2833979886413222,0.4588823372572375,0.3242927515098488,0.28332159646459226,0.30206281283394953,0.2890832221092414,0.31774899410366964,0.2565380521493474,0.33914869533179703,0.31138487214513383,0.2809060656764177,0.2852068432436263,0.296395521360787,0.31940364957631706,0.3510599610229039,0.22338999675727533,0.24268906628431572,0.3075131924673364,0.28274645546579474,0.3651200473603697,0.33552137961519674,0.29552622313244054,0.3897516743096563,0.3128405117782609,0.2640465368422706,0.32495435167908293,0.3012860557819941,0.2880401726814815,0.3266121439004186,0.29941338424802394,0.2600832448282042,0.33165907826789814,0.22252087411712587,0.2824148778289408,0.32280422567762884,0.32525418345407753,0.2565500774686712,0.3044861830448533,0.3133956657295634,0.2823315274780844,0.2787596487082763,0.2651538706878509,0.38689355448092116,0.3185881367750155,0.2715068829518178,0.2956769092602956,0.30651631109936917,0.32481653453852843,0.20141918073520404,0.2642621405527801,0.3528566903496822,0.2708256768804717,0.29137535302579265,0.3499912772400653,0.31523447875101196,0.2857215327099203,0.30397596679304867,0.3461150035092499,0.2638228902658401,0.31516319365399154,0.30839007991196166,0.28100729577403183,0.27332995275347965,0.3287599970507862,0.29017303306329756,0.25396950512490274,0.3226988571566206,0.23416521195816292,0.3369884965028138,0.26376425269619563,0.2775498909778424,0.34554391036251497,0.3126365562140695,0.32381429925174354,0.310054321595139,0.3111454819592405,0.2954785873647986,0.3210323866563598,0.2426774085499745,0.3261960382003551,0.30115597698040025,0.30867815645948443,0.31367680692843475,0.3551454523160751,0.2949350286271529,0.32441291040786724,0.23916951566779954,0.28884732879459596,0.30565495851605257,0.2535670985824351,0.3250710847429128,0.2563275300870265,0.31700022858772625,0.21827985367820316,0.29965893431455787,0.26113199772930745,0.2621022136675489,0.32582810788638533,0.3377955660678967,0.2519484605128456,0.27677247500090724,0.25546851223856404,0.27959176939807956,0.2573502655189593,0.22724073504100378,0.21793834787732014,0.32353350402998765,0.32373445419633584,0.3004655244317769,0.394428862942776,0.25895623389963873,0.3462373593432942,0.2913330678289474,0.28509910665117205,0.2941397201882041,0.2726275013631381,0.2889906727080605,0.27942915599531787,0.20135982160294524,0.3060276700992408,0.32211682138801967,0.2963030876412155,0.23780900159866428,0.3557977613871314,0.29265731234687226,0.25233249477079767,0.3077659798896467,0.3427645771376405,0.28940985784031664,0.3240422218985957,0.27111855952001374,0.2770102509144036,0.26949395674479865
0.2770627598275737,0.251367847360113,0.27143073846244015,0.23359984764794964,0.0,0.21694964162294342,0.29601962172372526,0.21850860383186685,0.2391797244272076,0.2474117485531532,0.26619191221724536,0.2444115594306348,0.22939184129236162,0.23190521611405898,0.30945951764339,0.2617002479258792,0.29669919684579127,0.2971322561042458,0.24311136025571817,0.24524289265742194,0.31902313067908766,0.2937743939426719,0.3061018807990861,0.2942580379777605,0.2501065709261866,0.2562812074013346,0.23873196827802434,0.2332995168075493,0.21762401483741914,0.2852717617012027,0.2576497495116179,0.22853566498854253,0.2388689589333132,0.23821292048225454,0.2984306768396867,0.28491346679189244,0.2587452644089505,0.2587083661704247,0.2602087733246037,0.27744829711355945,0.288111040326182,0.2923709490053529,0.29874333928888774,0.29531978555954796,0.23269820853757883,0.2636596464508721,0.3134295252931615,0.27179692316772835,0.30396205250762093,0.3034870755831384,0.3071116380275791,0.2762682525978913,0.2671446059177575,0.2639204289582429,0.24978056964979298,0.22607947533005138,0.26331257604435376,0.2849092707204931,0.24840487973461822,0.2642299012980101,0.19592685296176626,0.21976014877892971,0.26945264693772725,0.23720389560926344,0.2780073522230683,0.22049905809678494,0.2128887323270044,0.26614152183896234,0.24719860819655368,0.24593601338166296,0.2729060504332923,0.25954070823502645,0.21251305719915822,0.27403097442280494,0.23349428842099382,0.22391006790656623,0.2349467640244207,0.3774662546217032,0.23358644290426686,0.20449683409104924,0.24597193272560047,0.29388586992340837,0.2956360510106076,0.20388681635163375,0.25324269066053867,0.24924184513989858,0.20734393011040614,0.2449870475126087,0.23067404721497295,0.20830419613347476,0.36374164847383483,0.27769821725095273,0.3317956859889205,0.220522365340838,0.2733730648054952,0.23121446098403883,0.19735587514402492,0.23332076168662605,0.23514243328207124,0.22885954384527094,0.22436278940261545,0.21105157254687812,0.23887206090736282,0.22861436331214388,0.25166832506395415,0.26943108440515073,0.24232477633390442,0.2624542271381959,0.3130772252549218,0.2547576675366077,0.271739462952781,0.2827957941092022,0.2136112193419742,0.23317985509371933,0.24737404676201682,0.2644922508286048,0.23737570658888732,0.2609227963119217,0.22891991387907115,0.23756818804475668,0.33414277857949287,0.2203527246983925,0.22144943953934074,0.30543073541334553,0.22005951263835336,0.22688228401222543,0.22231535069489658,0.2441814513059093,0.23764039775842682,0.26989235317927646,0.2273946709639615,0.24615189613743557,0.1771306159484328,0.24318399254682327,0.2326960542522418,0.26085267329911993,0.24624587381963475,0.3290563418318216,0.25468383541385675,0.2828447443625844,0.2060529415264774,0.24677023511992313,0.296805233851914,0.27001594072378227,0.268636869195354,0.25207618560220657,0.31165451096893243,0.26406696920039996,0.2504500049457025,0.18691788551507701,0.2352808027484726,0.24752914690515734,0.2997217012826235,0.2624540597303982,0.2647724240117547,0.23698334474051555,0.2073551853576805,0.27538528291288333,0.2191439601503903,0.22985847416846078,0.24379211585333813,0.23029199350287685,0.23263191176325115,0.31039465415374945
0.29910687405753666,0.33947812086397566,0.30825705417461136,0.2704229210866268,0.21694964162294342,0.0,0.2442479708101347,0.30024691154143907,0.2586608922132931,0.29058781971658076,0.3573044336989529,0.34979969253645976,0.3592928240505812,0.2259951909523196,0.26772196959791256,0.3549732289733884,0.3138420395763724,0.23556741094302097,0.3093378618298486,0.28260282694520716,0.3317904231835611,0.31444389494659647,0.2233589264520525,0.2719171225109182,0.35962994952680055,0.2699692763602274,0.22975447218268497,0.282503913766492,0.28417009520007774,0.2559895858730811,0.2982019528630358,0.34975502163899735,0.2944653074201126,0.2801039027455678,0.2649830775855344,0.2595974835992514,0.33698666121761844,0.2754556478530803,0.257249617227274,0.24844346641431525,0.27213022208602355,0.3082207940754848,0.25920229501230163,0.3401079390341122,0.2804857760750896,0.25886651286210216,0.24049826565780408,0.3082297341276626,0.24334161322979328,0.24693434455072388,0.28064821450107647,0.3413697233464191,0.2348328018929425,0.3453815228825856,0.2817135366210833,0.3314427161667222,0.2709370060037669,0.3779275288724432,0.2108702834837297,0.23659091844958013,0.3378393822800539,0.23789103770814563,0.3255599530682355,0.1984301372026619,0.2176531223373372,0.26227373840276585,0.27098728941265326,0.29980950573383436,0.23007074838118233,0.29438088605293317,0.28721877153504155,0.21842344189955393,0.26540106875877506,0.296318464559283,0.3428243731317733,0.26207296452328277,0.26049631185162075,0.2811769446033596,0.25415430918653165,0.2852247689025654,0.36500984926424174,0.2632450508905139,0.31218137475041846,0.32826312977418803,0.2691269738618826,0.3045269641260335,0.3162048738515214,0.22087021937029852,0.2973126849361293,0.2840786102681861,0.2784932626180257,0.270921400561383,0.278490810470244,0.263705102953614,0.2399059074268016,0.3807745796199256,0.25516596530269536,0.3259712327525178,0.20173513947801536,0.27135944853942345,0.25325445546717296,0.23428136011722497,0.23307873309839802,0.2521046680146195,0.2629520160098193,0.31586997625854396,0.2876794265185223,0.34116376392838715,0.2491709067304774,0.3320800665102681,0.32339359646602217,0.2366887246894254,0.33444847933878397,0.2705052227439191,0.2808185111897506,0.3298176852211649,0.30432053121953684,0.2307037364713678,0.366625490527019,0.2633947483242279,0.23940318643465425,0.2624885254674392,0.2938069454843264,0.324991742269944,0.2502693616565889,0.3559614066139938,0.23372726590077794,0.265008185745889,0.3217759283394172,0.23374173532378462,0.2937326049458461,0.3577335083613593,0.25568373961464624,0.27662855505256373,0.29701284054798877,0.2405314300321003,0.3049850067219697,0.24087624231518942,0.2535615020339168,0.25025384333687184,0.2856386081312099,0.30134622578347786,0.2519594003168245,0.2521164808000006,0.324922808102568,0.2535564820930994,0.3065399654453222,0.3026519808252198,0.31165358113388236,0.22754217399209214,0.2722068101036355,0.27077407229519485,0.23575183355755466,0.23424820358986836,0.36392056110460047,0.29191143370646894,0.27185702119400634,0.40092374946919285,0.24439935463130436,0.2847563699902505,0.26291731776384386,0.29760843214947835,0.22804765033177196,0.2921904007586169
0.2881562420041027,0.29966206793705097,0.2517400723990865,0.3146917169236323,0.29601962172372526,0.2442479708101347,0.0,0.23197565723430613,0.23292610919292145,0.2829203564129393,0.27926214858664655,0.3300545717941441,0.26801183805770595,0.26781101424399,0.36365117038803607,0.24135760074220597,0.29380358349734803,0.3123915473088956,0.31536914529974946,0.24495860783982024,0.31464750020716137,0.29979868032955426,0.4040444926041549,0.33118653223428435,0.2999811311320425,0.28374797680163627,0.25985263846212736,0.2658223264516941,0.2712754126994479,0.2646487952657638,0.27269982162241857,0.27906002586187795,0.3237945040603843,0.3153136478859602,0.27466008833059724,0.27591787725541084,0.30372037836272353,0.2569115926120809,0.26862851096356655,0.3701513895780251,0.3462607005143778,0.3096678166381612,0.3115840870948826,0.31287284989518666,0.288132969419336,0.3042846521644233,0.3224271655511583,0.24273365454107665,0.42949764183223155,0.28136014975776813,0.3724159960909051,0.30490371171670444,0.2755132874091868,0.3467266743292675,0.3172180854462911,0.26009434694230654,0.29352084939140094,0.2713649732431426,0.3334334035089846,0.2819492961993914,0.21521835080011167,0.22726497141568236,0.26883500723077547,0.2532388426337037,0.2775783026445946,0.24182342513576435,0.266388106531605,0.29990852791361633,0.27518175598182065,0.24675392861852943,0.2939837018259472,0.26700189479850495,0.23167086054883732,0.33980630552376917,0.2279645525891449,0.2736622557575696,0.3059560296592259,0.3506628865640787,0.2522755303642738,0.20772593824492025,0.2623548131748977,0.30620845485258835,0.29500822656909725,0.20984605358201583,0.2657189801636027,0.27184280518424847,0.21679929522375993,0.2884971160205539,0.2706308177419372,0.23380780396677767,0.33273261992206293,0.35960045158809867,0.3182895917165737,0.26500108499838027,0.29059300135319527,0.29651480846112854,0.21129224647805955,0.30681522232790015,0.24797276000082252,0.2995347016191059,0.248521321010925,0.24379765391199762,0.30306635837909274,0.27539874908080547,0.2546646584084864,0.2834316265440489,0.25356007049121004,0.2797319783123829,0.368172455470511,0.2899912688621759,0.41121544734560317,0.27934830712540637,0.2430156026585315,0.2289656947120864,0.27395479913083154,0.2879629452580349,0.28127536483586996,0.286162646725542,0.2890427744060055,0.24127469023480236,0.2703444246174921,0.22854029069530496,0.2411463175099565,0.3447358279155006,0.21371976665863135,0.2985058234656194,0.23520802411054945,0.27520301766750044,0.26818509554647774,0.30305193038297046,0.22938817978473303,0.22893164215262835,0.19353126047972752,0.24340392184797485,0.2284715014546478,0.2566997463686015,0.2650800177305713,0.3398837879778467,0.28373162439770716,0.28868052779363396,0.26581999342830714,0.25173911928150294,0.3312540663449808,0.25780710433864173,0.2907805961708272,0.341408297323793,0.28922000114699875,0.2948281131388881,0.2666854866860834,0.1870435114220322,0.25758169616810783,0.30329738572377685,0.29114128586209864,0.3101358311523872,0.33453837910244316,0.2647820833871168,0.2591017657807414,0.303185517867005,0.2833583609377154,0.2893353618720573,0.29347580623691666,0.25907315652368046,0.2462097834013252,0.294168753287764
0.28494927036507894,0.34371560476668156,0.294952337605074,0.30158614576142706,0.21850860383186685,0.30024691154143907,0.23197565723430613,0.0,0.32632667141249927,0.32286605198102586,0.2771514625828953,0.30843139597025243,0.31646471671172866,0.25593780739552613,0.2828467293731448,0.3274419150512694,0.3235868302732825,0.29690199926125904,0.3081859588457957,0.2978187264077477,0.3320705977423355,0.2837662786959934,0.2727068500213147,0.24839644553670034,0.33092678646249174,0.2721611372285339,0.30999820898756103,0.32748112221554804,0.23415247667093203,0.26327516373245907,0.3847061217786316,0.31255588003869866,0.29447194667600407,0.3058597213603585,0.2687370033879541,0.30344389137409195,0.31133572077194455,0.3618290493899362,0.30447758465900515,0.27726826400820304,0.2749796846399466,0.2947261115782904,0.29654254851510187,0.24862803612384446,0.3956996418925137,0.3141010768449106,0.24266809237992698,0.24204347600406118,0.28779486508423496,0.2748388603921119,0.2925505061176625,0.27392582134134,0.28817398898203633,0.30638327331041654,0.2944997084906091,0.2976286200342437,0.30422082297666736,0.3587948162815385,0.2735356717611756,0.28497944362125505,0.4279307786330831,0.2455968174435955,0.3208588102481635,0.2431751906129294,0.25156665871317907,0.2865797019192571,0.2958142686704561,0.265354650951845,0.31250680835822514,0.48256166266025874,0.28229201757635947,0.2711635218721806,0.2665016342134117,0.34009752726171416,0.42321579060135617,0.273577712899964,0.3048285294325705,0.28503978877472225,0.37748685962198764,0.20667754626432064,0.2857783316550922,0.3148988423151858,0.3243595308555062,0.3644334401088634,0.3229175733161783,0.39512201835755073,0.40409388357395737,0.28162117898961314,0.38842080610682483,0.3083233154115504,0.26524745665723143,0.27483842577246326,0.2825220657114128,0.2638375366397895,0.31031153525609845,0.29949189443068663,0.33769128754006567,0.3203428862355656,0.22965447454071666,0.3280541790544672,0.26991446250861,0.34216542685296675,0.2515846886089888,0.28218155211238066,0.3306597934076446,0.330806837120919,0.3242629501401616,0.37078681638537875,0.2822789710927971,0.26367568186233037,0.2598577044038233,0.2820967667917272,0.28765917131945284,0.353062197255409,0.32587745123323636,0.31961630601487107,0.3311401000863078,0.24450779228603053,0.24545580199230935,0.30070391920258127,0.24529937733492993,0.4062696267233666,0.2502176437315276,0.30524528671195916,0.23459171283586722,0.29397235107314984,0.2516105754847642,0.33065902616038195,0.31343405255164253,0.2915195463591732,0.3570892363378034,0.3163697925430079,0.29686160302403186,0.2838911248984008,0.28975619135481734,0.22417105361040499,0.2716922485149874,0.26915775809530623,0.32685323498587177,0.31547286664410223,0.2840932362483591,0.2752204052381794,0.33487208770239585,0.3110485556520719,0.31777128105113983,0.2807363319705789,0.3348634369087137,0.32171506280138695,0.3485584386934611,0.23345730720770783,0.3145577458132277,0.3249426139479258,0.2877955319423039,0.24637695390587505,0.3699949591855115,0.3360018723833987,0.2462813449770201,0.3206328227779106,0.2250144759775098,0.27186229458491995,0.30564827610988804,0.28000620337352333,0.2899049321970213,0.26584398878324006
0.3795353226567647,0.30034381285084644,0.25531305724763925,0.256682262845485,0.2391797244272076,0.2586608922132931,0.23292610919292145,0.32632667141249927,0.0,0.25648735000949185,0.26087055793540315,0.2830184970246663,0.2671975100376923,0.3076925614906615,0.27890115167993534,0.27675422071410616,0.290233708218974,0.3709278353883634,0.29374363946406956,0.36875728341713837,0.29681581342213426,0.3284381537011806,0.2538584487390523,0.25855565369674594,0.29466536815889327,0.26047350872314595,0.3044101010045435,0.3035833603290587,0.21854141622735704,0.32161327056794525,0.38404439824486847,0.29283157944870897,0.26354466502489415,0.27677577426919636,0.3230859732368637,0.27888655695216913,0.2774777913555649,0.4123587614027709,0.28285193571394274,0.2705307233752752,0.2629241081127577,0.3308086938868712,0.29159674191553114,0.26377379567172915,0.32094279324905806,0.30910663162068236,0.24887916199051976,0.23199203848735978,0.29107831483063074,0.3191669467990593,0.28491127717278675,0.28344021569506167,0.3219517613424343,0.2754165917417685,0.2525279444844438,0.32109093079700884,0.36123086412580985,0.2821007284607692,0.2783802868260434,0.2817466065208955,0.26510174780576706,0.2678288104223154,0.29558346801564805,0.272171697282905,0.33870010022454733,0.3167949805707674,0.309540529293133,0.2856365641696913,0.29267417077801633,0.3291443863191254,0.36182558282962135,0.34242970674588374,0.3292602382263532,0.28796241967407177,0.3734846075356014,0.3234118497206307,0.23557211350683657,0.2416920251573219,0.3484304313847442,0.2260911097003954,0.27329223749456094,0.4143116435825406,0.33453849185606827,0.29419737603639357,0.35214439556392146,0.41455540921711437,0.2966589667147568,0.34280443932283133,0.34296465655322783,0.3882761365319436,0.30632195545583657,0.32139024990075293,0.2748089479952663,0.31773188296071425,0.3650971259047128,0.2938713918741076,0.3393150386367752,0.297936711525051,0.32587281342646884,0.297368246998425,0.3187298450913719,0.23210714747108466,0.2841785315948765,0.2554853557950184,0.38606155204134013,0.29522521927406625,0.2603993595532172,0.3067036585053719,0.26838453990459854,0.2396330638144019,0.2511025405176897,0.36731409472496823,0.28410576896759787,0.37940866326577904,0.32725634424388006,0.3191300592786319,0.3198216804715606,0.2649425368890867,0.209572863266526,0.32409189638123903,0.3002993967304935,0.28396999642070025,0.2881306369048392,0.3041746486506309,0.3658499212479378,0.2555495760542262,0.26709946958763026,0.25166690438344164,0.25140650223912736,0.3339181750044985,0.4174091363739753,0.3148299414400952,0.28420869136522803,0.40707022210219573,0.2977266157320052,0.2756971340705651,0.30671008031046476,0.29030136526861566,0.3276639029312698,0.3441001827403096,0.27462212306674144,0.2890148061573151,0.3428120302135719,0.35030594986463126,0.3239169173358334,0.31933395632492895,0.39565800090479436,0.26523873162846295,0.3249435438286847,0.22789358447114513,0.38046206794470105,0.30032201692344446,0.3177212425166593,0.22862066001728842,0.2929710227973611,0.33756834156841165,0.2542669461333624,0.2734040512635426,0.27098490830233224,0.2797139675908147,0.2608242748388306,0.3588731224903823,0.3274976321199544,0.3477274654509466
0.30029372898399925,0.4233195550508101,0.3855243693801379,0.2995405045301669,0.2474117485531532,0.29058781971658076,0.2829203564129393,0.32286605198102586,0.25648735000949185,0.0,0.28647126776010545,0.2972395117564401,0.30598421925161645,0.2769260580907717,0.27720177245865946,0.30111980058147214,0.34636242569383036,0.3378929388622235,0.29906698215538774,0.2757282766129326,0.3217344952890862,0.3143290674705169,0.3455012426040105,0.27849886423427606,0.4136633522013148,0.25635483956300026,0.2719665529346449,0.3419796488784325,0.3319410012181569,0.23151256919382474,0.29732222036470723,0.31953359033026935,0.25113479242248526,0.32845686655579076,0.2919195911975067,0.2913096111553797,0.2924563488335701,0.27393859384218566,0.2432760637296961,0.32824865850970214,0.2563035936202512,0.35240684318008003,0.2575500302167069,0.25497361896360693,0.3304807418624044,0.2966389844799876,0.24791687077070287,0.25637063696199125,0.3632342125890842,0.2476524802926609,0.2856611482984125,0.2824903038014773,0.27612266581861933,0.33260373267952614,0.3229470663635649,0.3175497704142159,0.2815710220093335,0.2658958314573829,0.314659897569252,0.28179927620416917,0.3054341115594633,0.21989898885461712,0.26730353565722453,0.23912373607363788,0.26282355777630423,0.2813989559786513,0.27828506548449133,0.2606696219772147,0.2876951031174682,0.3216642675310149,0.2626721901732559,0.2847248082202927,0.2555662609185949,0.3422774820203483,0.3237192581415207,0.2868623902519747,0.26844813137292145,0.3207187684550072,0.2584263267923913,0.21627457899952077,0.30380393348217716,0.292896937404238,0.3152402211466168,0.28427671147137157,0.30304155500092955,0.32518624838045407,0.2608249606466847,0.24994612814865966,0.3285916727047847,0.26330842189151354,0.26200455165752057,0.2774208486817692,0.28684228996438893,0.26142387346651524,0.3248472782399138,0.3045234100135782,0.22866163941663253,0.340387020772815,0.22852861577059744,0.3440424623129774,0.2564880671807768,0.26049892297806065,0.2388423826358512,0.31057777357177146,0.2649102398336155,0.2860556803670714,0.2914781370880319,0.4470801431802109,0.3029050250503671,0.32472803980988774,0.29901268779050333,0.26726449311763323,0.29083968917510933,0.27903714340121993,0.2887178936821871,0.3323222028464375,0.34304543408486676,0.30457001065927575,0.31704575199562063,0.2914775116700947,0.23741379695063808,0.2424811554983583,0.2640202292014261,0.3171688580900439,0.2229883621301728,0.3225086291211989,0.2554441932640202,0.25336144056518944,0.40905747711470863,0.27917432248484003,0.3233926761932471,0.2705954025244723,0.2248957861631208,0.25808838043614446,0.2676066940412558,0.23424106657844943,0.26023469157436785,0.2901332028655112,0.3390053053913013,0.26285056825546654,0.25811816117265396,0.2985910461556364,0.34679362908448697,0.273311172572226,0.2939506355771516,0.27824853647258757,0.25452200698124566,0.32523025570271236,0.4660767982656746,0.23357473297134254,0.25627282127575657,0.31817294482681824,0.2743977191960127,0.2823539753361187,0.33089141635314673,0.28175483180123834,0.2384091189704052,0.33854525777906613,0.24674896836681257,0.28901464060832704,0.3926483130736464,0.2782040742805158,0.2680536588732716,0.2694357990855758
0.3580174978525761,0.34448391831637964,0.33352940396311787,0.28605001864835533,0.26619191221724536,0.3573044336989529,0.27926214858664655,0.2771514625828953,0.26087055793540315,0.28647126776010545,0.0,0.340875583228198,0.36838703068017487,0.2585281036643085,0.3118954623785916,0.3929646301493859,0.34739494560816003,0.3167907328203782,0.3266850692356495,0.3123243535460232,0.3678793466866675,0.41756929111477614,0.2747454291111263,0.35943495241628715,0.37309354165991926,0.3184740280369542,0.2632261668820537,0.32886245439382866,0.31964612206428206,0.28239024587578954,0.3029388442743248,0.32284765704200763,0.2893272200832211,0.27117399541564885,0.28842314280207565,0.2901047104549424,0.41894130844404115,0.31058233993394807,0.3318129501993915,0.30054957149895883,0.2824161950506238,0.2983668277838765,0.3176119156222896,0.3525282333911151,0.3066458081058995,0.2872390502552923,0.2282238094173774,0.4149068358594121,0.3319008117793568,0.26514659888365794,0.3520927754314148,0.2965066526355407,0.25590548321695455,0.4090492736519276,0.3756307181446968,0.258291011461185,0.3334828262987219,0.3498951155461028,0.26498278714316104,0.273883782622697,0.3479940913558421,0.21407319864499433,0.35113506912521664,0.2187674820327363,0.2345037701685065,0.27948431988490113,0.30060341545531705,0.34048321314871965,0.29816258708993615,0.33038720459544835,0.3349545322264191,0.2438573095652855,0.26556091107947294,0.35622390860033337,0.3265308398481849,0.28312513907263115,0.32133966928008767,0.3152147894118547,0.28072839256800974,0.2408161683598034,0.31661226475993437,0.2816990694902741,0.33710272686370385,0.3185907631712469,0.2559289791792843,0.30168325574627586,0.3063935512883715,0.25328785238859286,0.27114890169703665,0.27264142883437087,0.3386592775019778,0.22842380593079173,0.357592396088467,0.30542940608803126,0.26832076673519545,0.3457573790240033,0.25148335557434426,0.23771449987489912,0.2034056205753354,0.25972870241401075,0.3021945475659493,0.26387082431264386,0.22852391196316899,0.24109997048985438,0.27469440640594056,0.28214586912467393,0.2713908398442097,0.3177447376027656,0.2786662009491784,0.37042508231927374,0.37184764901473005,0.25561397551754744,0.28631410246425415,0.2613939251021759,0.3143457130494776,0.31392073987678826,0.2801142428800776,0.293569672445992,0.3079770511504711,0.2455156440923225,0.27639901435117176,0.234499351950439,0.27023282305518104,0.3892327648611788,0.239682081949977,0.3862626198633874,0.20155212041164347,0.3038333643716598,0.29633229885736684,0.278531400182014,0.23983596772788981,0.322932196850085,0.2746158452621565,0.28233159865131807,0.37112401858367833,0.2722999805320517,0.32731480982214395,0.28004068186208986,0.32329739410219843,0.2978054819310442,0.3183008216093297,0.2946123322497124,0.2649746705688325,0.26759482337819485,0.3888241068352656,0.2436179724269734,0.30686478092791347,0.2958888435092519,0.31050292045308187,0.2075533750849389,0.34225691649782775,0.28237292650919965,0.3472720428903669,0.24875619564678386,0.3069893774498149,0.3509536261466954,0.32015033453360164,0.33718133185690813,0.2757910098311859,0.2793092763416348,0.2703792813673503,0.29674203215544864,0.21714914942057276,0.39558092458021243
0.283002997935618,0.3468804649624532,0.2987646387533121,0.29318509996741904,0.2444115594306348,0.34979969253645976,0.3300545717941441,0.30843139597025243,0.2830184970246663,0.2972395117564401,0.340875583228198,0.0,0.2610349101074051,0.2104364193269113,0.3257638637369085,0.31251975736096804,0.305384637428786,0.2651934082210503,0.42538733106026283,0.26614607308561766,0.35673702548799574,0.3204223309975259,0.2750429209265229,0.2894505646266334,0.3623749266579081,0.2601039839960763,0.2590887748524423,0.2610149603444256,0.30470840451428166,0.3317654306762468,0.3463156884604454,0.31333003569075396,0.33611411235916133,0.2974630604171732,0.24680149784821187,0.2957900590364114,0.30915420372791586,0.3102213892529437,0.3701868070450283,0.2784388737664543,0.3399119013358802,0.2781025854679911,0.312003830630591,0.329337849381067,0.28745143926646344,0.3039414634526843,0.2750267058876422,0.2870015020278409,0.2945615353263445,0.2728718414187916,0.3593173912517086,0.3251840370948461,0.26070128229227857,0.41121282876938936,0.38441560629063654,0.25850170142217693,0.32906634850324706,0.41213939595162913,0.23621815156843934,0.2732066710487413,0.25028807776133327,0.2265695380697858,0.31220596059755035,0.2172805789859285,0.2397210136405164,0.24987152414550645,0.23231700117229542,0.2640382556373216,0.24938508607639792,0.2821299569884005,0.28237725809016073,0.23039696437670687,0.2161470722842883,0.29812886950280915,0.30255890942173186,0.25900974285051787,0.2684403818932257,0.32435169754799226,0.29920884409082416,0.21628373374891077,0.2819975717771566,0.30086170588684874,0.35103980053552475,0.24600342323300337,0.2769766755609322,0.32482408138439506,0.24280695937630853,0.26014937316604053,0.3049651912549985,0.2733922903906807,0.32479839938958693,0.2987192014036227,0.345390506876047,0.2767848341265871,0.2547449142725336,0.42589521405951025,0.2515385990086699,0.2989536684807642,0.21021525897630433,0.2552740474005512,0.24460779741764616,0.2616390027227527,0.269606395459243,0.35492180136663687,0.27423469135467404,0.3034153016916371,0.28771336100634154,0.2908989801377555,0.28983695929489534,0.3001697856928995,0.4009456278838628,0.27346653133064003,0.24066683125714064,0.2797779456915467,0.2979348014019419,0.3020636436923536,0.28749874555470806,0.31437107063845626,0.28454364550446065,0.24212768263866652,0.25529305827472626,0.2682901754183753,0.23066333499281946,0.3610043269298476,0.20704143063020125,0.4667239139108137,0.21228933268382585,0.3183855722804641,0.3274467632295442,0.26534196743930655,0.26756440491337774,0.2827478450085725,0.21777462005747972,0.2733261125165282,0.2701196834459548,0.22905353201951076,0.3232274968092348,0.2742358747252571,0.2832607283768774,0.33333491933401826,0.2713606450128912,0.2661436927582075,0.2934408387171101,0.27713339013465593,0.32471771066069155,0.3007761652194117,0.3881884096921929,0.3211056921398529,0.34979224110081003,0.2196507944202905,0.2889098631656843,0.3367289444504755,0.30081581942493646,0.26702771030293704,0.4364778537188511,0.26660661882165954,0.2536226124749297,0.34997359361598374,0.23541986505558815,0.26833820158023153,0.2374302967487266,0.2650551737897733,0.2391818012282266,0.2986829614323982
