0,1,2,3,4,5,6,7,8,9,10,11,12,13,14,15,16,17,18,19,20,21,22,23,24,25,26,27,28,29,30,31,32,33,34,35,36,37,38,39,40,41,42,43,44,45,46,47,48,49,50,51,52,53,54,55,56,57,58,59,60,61,62,63,64,65,66,67,68,69,70,71,72,73,74,75,76,77,78,79,80,81,82,83,84,85,86,87,88,89,90,91,92,93,94,95,96,97,98,99,100,101,102,103,104,105,106,107,108,109,110,111,112,113,114,115,116,117,118,119,120,121,122,123,124,125,126,127,128,129,130,131,132,133,134,135,136,137,138,139,140,141,142,143,144,145,146,147,148,149,150,151,152,153,154,155,156,157,158,159,160,161,162,163
0.0,0.5669707811780483,0.483582495325103,0.4381681152481108,0.4450656563676706,0.5341167351958598,0.46354260498291167,0.5413726808371805,0.5856647289652492,0.47930094672553736,0.4671461947326074,0.43395525774158833,0.5675844182384217,0.5623918003384023,0.5234661049133337,0.5354101695937945,0.5598175766721724,0.6375100730447485,0.5389333346746847,0.7287376873258903,0.5546644822275977,0.5291220660187215,0.4319211474964989,0.4935918392363055,0.5565458979630052,0.43940505637069294,0.3835640497311935,0.5313682907052992,0.4478221051255928,0.5076042208641874,0.5997316779523791,0.5769831767032246,0.4763877451653991,0.4637478807881608,0.6163383074650077,0.48690536614152585,0.5649537801660954,0.5707988284626199,0.44706935921330865,0.45762532098203956,0.5041925879295195,0.46434154650263154,0.6434242761455439,0.5685659727159097,0.5543494603715101,0.5529407783263427,0.5516506750226842,0.5155551125667165,0.5381571439759831,0.5949148607312443,0.6222868738390435,0.6218888978943234,0.456682730723643,0.5280256126595051,0.499211181227428,0.5416180035401144,0.6814132094444432,0.4625067872318905,0.5924614767182979,0.560476140172664,0.555064135387487,0.5223450344430381,0.5941407348342289,0.4652178799882238,0.5865648234676728,0.5749621254415701,0.46802723139442504,0.6806132679626054,0.5545232634692314,0.5878421165315165,0.7483996095937172,0.6452816955987517,0.4951061257902618,0.5495007518762273,0.5611200350463101,0.5596321475282048,0.4536519419044517,0.44235312747834266,0.5924061881453754,0.5324236800450994,0.5332696864566556,0.5777672500459493,0.6251868008119232,0.5558077324513847,0.5189704413654952,0.5861250376399413,0.49564481313991426,0.5907019564967845,0.5528347395470801,0.46814782519905135,0.5074612677014814,0.5226979774331565,0.5714291190435111,0.6213671814282676,0.5634947015216191,0.5151917657370748,0.5625505670673838,0.4969374372824381,0.46492137103290265,0.5485821462734807,0.5549934387725849,0.5023194069498917,0.45274717108646156,0.4853213613622058,0.6453059970680147,0.5682449779662203,0.5208281564095449,0.4895602160236823,0.5153079600266863,0.5207840862709439,0.4668789178010359,0.4631135695725421,0.555631895813139,0.4270590158695941,0.5741714275184537,0.5285631251651065,0.5701964904658346,0.5030408825071804,0.4791664629745492,0.4614998914114411,0.520512222683869,0.4813685113099053,0.5458622683483217,0.6652348182653183,0.568128225919459,0.5264334949208239,0.4718890937673127,0.4738482237081322,0.5057508438114655,0.5441898315872631,0.5277140095020755,0.5232965147077556,0.5100877990573088,0.4724006568866534,0.509070939820407,0.5496887439258081,0.6391326263355658,0.4903268284599053,0.44242364164537,0.5349939343157809,0.518230209583021,0.5209566218058032,0.5749278772907757,0.4608239373638395,0.4872788640525939,0.46350433252628126,0.530099047048949,0.47951444711318836,0.5539626786205534,0.395298860660011,0.5896784488159587,0.5524440212557147,0.4867845618302384,0.43803611981711554,0.4967954289272061,0.6105359881666673,0.48788091197993466,0.5145887488969084,0.4839773862870816,0.5474841422706173,0.4633556910991649,0.6677890943401831,0.4495592895280192,0.5115510980319314
0.5669707811780483,0.0,0.6550875615812709,0.5257668802600279,0.46308670060553375,0.5354358197007277,0.5067074331040713,0.6634994505245851,0.5103342979019606,0.6137619544803397,0.5419589574640706,0.493421268981778,0.6166386054889377,0.6092918759071551,0.5681681214786161,0.6188632889252018,0.6389532596973718,0.5818732222544668,0.5356185020876959,0.5929197603446643,0.59804181082366,0.6792529598468428,0.48317263687612644,0.5967512967521222,0.5884714792025972,0.47998320162719166,0.45317815451918114,0.6073902173423547,0.6187942401703015,0.4902270485769717,0.5641602979846898,0.5355499271493728,0.598411700095996,0.48525164190063313,0.5584637122380984,0.551173945810368,0.5672431103577087,0.6068986521898254,0.49998573895266757,0.5515097784747524,0.6329449920818211,0.4663028569691,0.5474444502861628,0.5603828042202196,0.6752003240207106,0.5437793113612279,0.4955362083635685,0.5341970236255059,0.5633631518896528,0.5453506698818913,0.5906065720060835,0.5889816872756688,0.4254323267887674,0.6992839406456395,0.5981359825406387,0.5208797560483627,0.5842481649879165,0.5050770478043328,0.5922264176335452,0.5980542005210744,0.6603126421682065,0.466099853136622,0.5207562239409291,0.484407459733436,0.4647281072731275,0.48236151896841795,0.5072722005885231,0.5777432493952167,0.5778513105417539,0.6336985937744023,0.5834289245376428,0.582466337922319,0.4625916082195831,0.6271334478511572,0.6000992381958894,0.45443500489822103,0.49894879913077345,0.5090166501791437,0.5786608627325692,0.47562435167242745,0.4953750347773003,0.5232011855959418,0.6921853564394335,0.6030594574523656,0.49160339776568474,0.6840439403952041,0.47200874434307954,0.5021341650344145,0.5301318160159596,0.5063898438555149,0.5110909724585504,0.5002784593593014,0.6146423131485244,0.5023378944814226,0.5583131202103997,0.593553919734871,0.5149742721966659,0.5132850711404037,0.4321527014293739,0.5788210066050727,0.5779507650140233,0.5235508553092245,0.4415268335908471,0.5624879837903702,0.5474767325863138,0.5872669681082969,0.5423651679257868,0.5654807534378036,0.5691786818129098,0.5787243770163574,0.48797573055778787,0.45367086085666364,0.5102299861104276,0.45628461952151395,0.5441054919200644,0.617253367998416,0.49762366443266276,0.5141226082511668,0.5433539505445937,0.479150373198031,0.5161411703503711,0.5068173533377666,0.49343492089743374,0.6735388939385792,0.4697189727216634,0.7348797955176171,0.46076764370347906,0.5675635185813851,0.6628166615432888,0.5770008675023579,0.5326093900491056,0.5279510175762794,0.5150780149388569,0.4690535453038306,0.5418156568787542,0.45583897413843716,0.5775207421741827,0.5392917836406343,0.5584040275355826,0.5436265896881101,0.547421854347642,0.5191933771602009,0.5799975849367976,0.47662346784353443,0.5207961943919946,0.4365898576647417,0.5430627898359542,0.5262909103350518,0.62194709886957,0.4299610731718596,0.5251973127161159,0.5230060770259516,0.545517430892765,0.5356352032867295,0.5675184590801982,0.612716738765992,0.5384274099784678,0.6019461099688732,0.5345172998168561,0.5057250779973567,0.4790102408856446,0.5288085692926097,0.4566857072591757,0.505797635193591
0.483582495325103,0.6550875615812709,0.0,0.5131471915331287,0.4486655603995995,0.5235869152131515,0.48727062067588983,0.6502733547886297,0.4663789932356985,0.7017902813780784,0.51944398082145,0.49203017816554967,0.5777169260282717,0.5671844008074163,0.4705956261539763,0.641916891808474,0.6380074183891569,0.501834389752449,0.48391506234121257,0.5077666847905907,0.5963816376737743,0.6100042848897759,0.47743371833845605,0.5127988503206086,0.575199809203401,0.49005399438611214,0.45575225119739105,0.5604951218348716,0.583089669869579,0.4662273465119196,0.4905156576113628,0.5378562536502486,0.5102195617456301,0.48917689000458703,0.4811697744445966,0.5529979661089811,0.5305166822533834,0.5567693062080241,0.46517559854921864,0.5186264028918322,0.5352520608474508,0.4891947976024841,0.5023109958561196,0.5011623661805863,0.6375798046003555,0.4926922591628917,0.48027142803047185,0.5006915187738872,0.5260669296473416,0.5024658212531382,0.547171007898737,0.5352538092668827,0.38746052782767676,0.6299840380511819,0.5745435174392166,0.5251361435780825,0.5082372183199116,0.5181590822809744,0.567823435359188,0.5367383339647264,0.6126609781695165,0.4620953392795869,0.47866125141891547,0.4982999807257873,0.41922472008290995,0.4474344703629062,0.5117331900668323,0.5401590093614024,0.5928708020057027,0.5901766028652699,0.5191831680448685,0.50413644869316,0.47667373260571955,0.633081704613161,0.566329868176195,0.40707433664260323,0.5273959971135452,0.521456566234058,0.5030377885471524,0.4453373952705227,0.47105590126845104,0.48821447876586604,0.579609421254488,0.5443580324658609,0.49442556370677415,0.5893232969726827,0.47146862476312945,0.48136362210117295,0.4945785770311239,0.48954658132520323,0.5029607531424112,0.48622219129338157,0.5382943370220741,0.4353955469827161,0.5428403029832038,0.5556282699535203,0.47744874621739214,0.5339837470411594,0.4277210400580449,0.5594662679077134,0.5024027730493055,0.5596017183505715,0.45261355073776266,0.5458605840778229,0.5060519845605174,0.5734403865011115,0.5593499072514226,0.5915325234602324,0.5176364726385336,0.5601186111192331,0.48632220371005697,0.45250299921180737,0.5106985412782314,0.47548257091109214,0.4697198978680177,0.5576871291683809,0.45686815767156475,0.4950506478769528,0.6029549988648564,0.4894041602225225,0.46997339941212846,0.5091259393177212,0.4779179984073728,0.5593494959011347,0.4251083764206625,0.6062518992066405,0.4922559034805166,0.5649961638973048,0.7260637696468693,0.50812570025632,0.5356580727606551,0.5508757393357714,0.4772227808320387,0.4402584119387856,0.500618362082065,0.3980414203865733,0.47771886269313024,0.47155643719470325,0.5351757647194727,0.498318471520159,0.4631696412159173,0.5371191687975042,0.5511448104317701,0.4970515184680238,0.5125845089176124,0.44744188461633105,0.49968284952646785,0.4960177987146255,0.6288893729817979,0.4614146506076569,0.46645011971770184,0.4587194763746381,0.5153271796720109,0.5899189501850556,0.5685996771445128,0.5468350897884571,0.4694851256700872,0.600543057056486,0.45456979962448396,0.4951567668332588,0.45854793660661564,0.4684318682831528,0.4705807727457097,0.45982649359204003
0.4381681152481108,0.5257668802600279,0.5131471915331287,0.0,0.49576159541847203,0.4292972566771665,0.6160069961693341,0.5348229985995093,0.4464972897715996,0.49138636065682756,0.5567589483469175,0.515243778806362,0.47647943118782676,0.5255984501421871,0.4621631161939269,0.5175804637037026,0.5286718973076535,0.44268511245488584,0.44079538248763184,0.4282979035424993,0.5302949979377021,0.5338578994085267,0.6037280941295312,0.5520708702719402,0.5139935633750077,0.6029159673115217,0.5567608746360915,0.5436455909325012,0.4925374151111983,0.4440257322067233,0.4620323689143517,0.4326867519472017,0.5498192465293317,0.5511825487396673,0.48070835362795367,0.5407819554596729,0.5157001230482144,0.5081342738047575,0.47626513223145756,0.5802432853778045,0.5208354882672415,0.4888247632902012,0.42794522617179853,0.5078850491327632,0.5812251257016031,0.42532342827141667,0.40128354557717266,0.4653087374118487,0.5534893054342399,0.437048979748232,0.5103066485364027,0.48907126352111013,0.336573029520323,0.6035271293609089,0.5559188064349435,0.4814801687515484,0.45314647988192,0.5212187880803337,0.4783565007677438,0.4816921141930528,0.48951133325630813,0.3938181066784233,0.40299451692340343,0.46886246959598865,0.3669909763638934,0.37417230363588394,0.559877983388077,0.4559801584917403,0.4733255628868592,0.531661722099627,0.4573422258410311,0.4614588507304545,0.4757819207246298,0.5721785205510287,0.445871302219415,0.3547880130447087,0.5534669370372517,0.6054170190448444,0.4463175212487579,0.40823248964934533,0.3822959030510645,0.4870331146841067,0.5001819566382356,0.4435449127672806,0.48563668035733754,0.5299653002948846,0.4531722543509547,0.4378527480428734,0.4243189153352978,0.5314997113121323,0.5603068035348293,0.5009764188581811,0.4771763844103295,0.3823057016843949,0.5486333703484204,0.5248097466767717,0.38601580910687566,0.5171114420675347,0.43680682251892483,0.5221193692047289,0.49541367919519497,0.484633122744842,0.5026524060159737,0.4938056386379361,0.4468625167218696,0.47737717924241824,0.4433468170551233,0.564168031308289,0.4557547876972401,0.5053988708528023,0.5431876518931918,0.4849014155410208,0.46958399625892877,0.48838227845565507,0.4221398768111505,0.5728514147987155,0.3910036607386159,0.43351389173429167,0.5463466666854798,0.5428318056228821,0.4812735941939173,0.5307579316131934,0.4554821736915851,0.5170204056954231,0.40862576767589676,0.5059803701703467,0.4635709106451963,0.5750564605244145,0.5627205291569118,0.4480880388561005,0.4543290347629414,0.4457969601042747,0.47925318911760617,0.486167247538536,0.4571222255684742,0.34317013700041743,0.40285660889003966,0.5112272357188904,0.551312530080173,0.4707086569698284,0.42019328899801756,0.46516266602038614,0.5460445644824822,0.4802835634357727,0.5137771151835092,0.4767533178029756,0.4868437618748951,0.4074160278781468,0.4688492664993834,0.42469815302565045,0.4845957685695855,0.39273846072785557,0.5188046061648119,0.521240083056111,0.5661792025920778,0.5072292710243897,0.466339329614458,0.5898614871434043,0.537389869903989,0.49361330543614423,0.3785610773329973,0.43943177407147116,0.4596855711834156,0.5180145545094113
0.4450656563676706,0.46308670060553375,0.4486655603995995,0.49576159541847203,0.0,0.3835221805585742,0.5918738995218307,0.46824456414582577,0.5317347300891001,0.42448168260985547,0.5309608598398083,0.5537688866271264,0.40351086459284474,0.48355891135285844,0.4798079671300044,0.48065754773777175,0.45771339491847823,0.426867644453098,0.44627659803074504,0.4551537628841265,0.52995873033662,0.5365281702502733,0.5597421722296912,0.5035064232059591,0.49964268658799077,0.5275251275654542,0.46851152295247295,0.42881669904927955,0.43866367266794964,0.49274741081978307,0.5560549074894334,0.42421623582788126,0.43907427674391725,0.5151882851280974,0.5618833303918007,0.649710365076613,0.5002864170014761,0.5473471135782869,0.6232167554306368,0.4545877010147653,0.480074625754981,0.5010590140584659,0.4773009300908082,0.5744609238705427,0.5242743243031899,0.39328245133803286,0.40843029081796645,0.49908326671446007,0.5819659402285041,0.4906595639780081,0.5070080229111401,0.4350407775680111,0.3259521147052977,0.5237253524586046,0.5805623374066303,0.45699279083858835,0.4604571164553198,0.5336661229370014,0.46944557490405053,0.4600305869165913,0.4072102841786264,0.40045185554748325,0.3845147913943573,0.6341855726276528,0.39459689063141223,0.358730612779374,0.48551502041749706,0.4477913004500295,0.4717101403749372,0.49268118708470426,0.4793571485941217,0.5076182502675415,0.47291951895116463,0.4821295225019332,0.40269886435086405,0.3442125523448893,0.5013482492248813,0.5809087255477895,0.42267368117974363,0.3788986508146429,0.35434564447297584,0.563843709845371,0.47685111703654987,0.3880868995133094,0.5063509450977256,0.4941917806163755,0.4602958170705753,0.4811416141708932,0.3838543588397494,0.5169859152071518,0.6367624628498997,0.5889884211549976,0.5166167772397282,0.36874397546193044,0.5571990821037639,0.5232672430316696,0.39460204267472604,0.49654474378903946,0.5852294739601888,0.42435779972682747,0.5430027805999139,0.503906135051971,0.5611598855828883,0.4881470219753879,0.4692042293637076,0.4350070502729417,0.41113513150839903,0.47593142625164814,0.41199179935596986,0.4688666597254561,0.5530988866393153,0.6422304453727699,0.4188550218719751,0.4921678367742117,0.38685367369254636,0.4412175179492409,0.36804492201011946,0.5352323735781356,0.44687428789991546,0.5089722292084434,0.6465462479917254,0.5005878882998566,0.45585591619260674,0.47482327863962426,0.48024544569232747,0.4491167859990916,0.451952792402345,0.5906485315687746,0.48253970354911424,0.44879522470951827,0.44062846318695315,0.4347213615904692,0.4441431262576433,0.5591599120444114,0.5205988201121164,0.3694703627315217,0.40860019034040956,0.5304806205775733,0.5043599104692147,0.5512712747208809,0.37273773576735425,0.513987875502449,0.5389470113826605,0.5965129506349158,0.5820570261616509,0.5626386723018577,0.6160437929983162,0.3631237359924817,0.48000521244308403,0.4432368142754144,0.5516898587608984,0.38062446155131485,0.5988829940358902,0.48026264692640863,0.5242093906633565,0.5126775864343415,0.39918463268696097,0.4641203275974974,0.4581928436867878,0.4558246349318138,0.3354656244187156,0.4559792189046739,0.49033677582267926,0.576412601805219
0.5341167351958598,0.5354358197007277,0.5235869152131515,0.4292972566771665,0.3835221805585742,0.0,0.40443676011029345,0.5771663469817523,0.48731020276557424,0.5367182176648504,0.44483173611536125,0.4482679093243795,0.5365126464848197,0.46350898116333633,0.4043419524374349,0.5565551014531548,0.5739105642411854,0.47518868441782347,0.5524365174203832,0.5284625051868441,0.5513800918758895,0.46236223455884184,0.39623594670251333,0.41990384001050635,0.5772666834743152,0.40666309908121895,0.35871505966456746,0.5414446761602464,0.4464621534297529,0.48369875837889015,0.4850938374513929,0.5997577637908857,0.4292147380547007,0.46383830010152227,0.4577615492033606,0.44426735128063927,0.49869979873284603,0.49948193651903283,0.4040898223052416,0.40295047041120696,0.44623660073303334,0.4879709464626109,0.4953113798197052,0.48401134317309535,0.4884865452612599,0.4739472393892915,0.4782871128118175,0.46790878189518476,0.45065466486070727,0.46180277827176835,0.5149840239599286,0.589890850001011,0.40955835225653847,0.49873866183016974,0.4601291818434696,0.5869959678426763,0.5296015607165522,0.4952411930700666,0.47457609442281734,0.46816719046456934,0.6081641205594189,0.4875193937241825,0.5599738923876688,0.41203928973458653,0.4446090595351211,0.5119349513967663,0.4316801761404536,0.5243125650597594,0.4782070699390965,0.5775635523751611,0.5199207984892377,0.45830779099476204,0.48458332143129673,0.512457277379276,0.6336278606135126,0.4803423205152324,0.43815975847698224,0.4206174382583993,0.5113194999963029,0.5837226508632152,0.6220606302122904,0.4793902392956874,0.5526626575836884,0.5805720619113204,0.507820459413902,0.5277555411187513,0.5209695561717694,0.46117658656024024,0.539321490592177,0.44432721655533686,0.4482237952927177,0.4747529241442257,0.4697819096623573,0.5057890527121472,0.4899640160752252,0.5028385660551942,0.5320247743848752,0.5495210730027928,0.4119941436771301,0.5116135327719094,0.4500892728205174,0.5061539093206684,0.43018634393929384,0.5022608574601208,0.5301932491536481,0.5282637138323876,0.5483682511231387,0.5414455517171547,0.44010118328951403,0.5180601769083983,0.45830259608667134,0.4161336552533371,0.5865625399621934,0.4425068097590131,0.4772487312029385,0.5017161098405517,0.5893542422418968,0.43740374949579897,0.5598364746105636,0.4626386330538137,0.4102554197188378,0.48545087471570586,0.5346164665238458,0.5564220288891311,0.458606284380659,0.5162249940820006,0.470373650730996,0.4338699242689978,0.5583047181656597,0.42348714437950896,0.5988247427923592,0.6016954063895367,0.4765833536188115,0.43526853437952306,0.45219611393118114,0.4136753389334897,0.5110940732212088,0.38701048335829685,0.3926634941058294,0.46803506811814316,0.464423014180832,0.5158348373133358,0.5027910699483885,0.4449180664608186,0.45503839393821793,0.4163612700816837,0.45990815993553946,0.4847384187008585,0.5807427225081199,0.44047002967055415,0.48352601170128245,0.5198441706683431,0.4302922023298881,0.4051339879244608,0.5335883177625399,0.5105968941246027,0.4362585443443889,0.5603533952705765,0.4031308443096607,0.5187886464723618,0.4580618070522204,0.5673705930829172,0.45864645115024033,0.438240772040282
0.46354260498291167,0.5067074331040713,0.48727062067588983,0.6160069961693341,0.5918738995218307,0.40443676011029345,0.0,0.4945535871487655,0.468882380162841,0.4794082370401597,0.5798517611232129,0.5230708907911071,0.4671615568652777,0.5558792530106013,0.5003474651470345,0.5172579073020606,0.5068783245520917,0.45995128112535005,0.4425397459934166,0.45294198202631714,0.5255725731456051,0.5581483890140364,0.693610980276211,0.5703437902683648,0.528750116808912,0.5990112779212086,0.5534707657038151,0.5066763172517478,0.4911314293322104,0.4664073361275696,0.5071760703738659,0.45254902174580597,0.5030403433379926,0.5738075089760502,0.5453489156199578,0.5931580759835186,0.5536975852298087,0.5188087507764865,0.519874827705687,0.5666564418960282,0.494598798079247,0.48713724796769986,0.46819087254193503,0.5549726206591803,0.6062694913770473,0.42494795034579996,0.41811155580244236,0.5069035829828832,0.7007643480895436,0.4745300186936556,0.542709577665455,0.46098574864776876,0.3358098774363467,0.5837928569798594,0.6447281576143825,0.46578914785412795,0.467128008056352,0.506322032947319,0.529529340003328,0.4966790369413479,0.4554454409304929,0.40190921974732957,0.3963846884064244,0.5405842238871401,0.3869734443150223,0.3751912781451372,0.5654774115551748,0.48151471844054206,0.5089455394756742,0.5167129556847159,0.47971371039649413,0.5127246571851933,0.487382349466044,0.5665025096593906,0.42178218015152125,0.36400221876605326,0.5881710335576824,0.6425030383762852,0.4341710722507793,0.39627069433927714,0.3662905962797924,0.5116077081259702,0.49676360668502134,0.41523779231321506,0.48930762118627225,0.5022242901091392,0.4563683403736065,0.49606916500494963,0.41817309251055274,0.5110838919314934,0.6145713233309689,0.5414123500394676,0.527718513216232,0.387364398243836,0.5638933729351219,0.5345919713742899,0.3844297772037041,0.49620872674001865,0.48387935727317516,0.5015422489174294,0.5525074810388622,0.5116758174535906,0.5391748607088005,0.4864808160363113,0.46271549841215076,0.46694196513672426,0.43332538753024646,0.5149473659443489,0.45837676607768063,0.5080471904404372,0.5805376849150252,0.529702531111414,0.4591009470659111,0.4755136114911018,0.41545903347145,0.5041109350979778,0.3854440491441865,0.5181014285623221,0.5032756839934253,0.514759025683338,0.5481050232874572,0.4961522821902763,0.458832619374686,0.5181387896547134,0.4369887382561193,0.4979983618701078,0.4635472451754173,0.6219771560144709,0.5285982794258154,0.47421897705342153,0.43796113374525575,0.42898389529223496,0.4729710723304092,0.4865053976483141,0.48737420261518843,0.3622599355181495,0.415780334155158,0.5758850935632819,0.5778310234698334,0.4993843265041667,0.4087700166600583,0.49623189292261777,0.5628521589759904,0.50616335298757,0.548559224843279,0.5551032014998931,0.5077014234350236,0.39011460850427343,0.4819958897711291,0.41065248842628516,0.5207034244619657,0.39079130412182356,0.5601837498945336,0.5440466245599413,0.5274943230541222,0.5262288008137936,0.4625433776516151,0.5222207658718948,0.5465363177155477,0.516156646174427,0.36446409254853696,0.4498323646065869,0.4503252674163576,0.5443783836168785
0.5413726808371805,0.6634994505245851,0.6502733547886297,0.5348229985995093,0.46824456414582577,0.5771663469817523,0.4945535871487655,0.0,0.5507260002532519,0.6299879438689232,0.5202530523954294,0.5239589247558349,0.5840443048245091,0.5747072979448415,0.4836598434756104,0.722199679779326,0.7624431317159627,0.5505803697013372,0.5662374117029981,0.5596355262224006,0.685617285952775,0.5732583784308569,0.5081620252925093,0.5081962666719411,0.6352572909444894,0.5002591859149138,0.46215029858808593,0.6489398619245237,0.5264763298697207,0.571114106507502,0.5546543627067804,0.5892671015914838,0.5226752959738237,0.5358787167801842,0.5130647346058537,0.5705730811137244,0.5578432547419144,0.6730534349914842,0.4919226823680715,0.510095911414725,0.5791360242750144,0.5336764758823863,0.5572884071600055,0.5317498925040777,0.6492440268281778,0.548178789296443,0.514337391781795,0.4918693207659085,0.5561640044493535,0.5471878869838158,0.6278616836560921,0.6241836115989964,0.4162662686476892,0.6226946428878956,0.5711108133595123,0.609158496811619,0.609674448670185,0.5999626675638291,0.5622651579895901,0.6047251397623543,0.6429853055429228,0.5246318829841345,0.537537528748773,0.5017673096861465,0.45678613364382087,0.491495488944513,0.5133464818238662,0.5636454460973719,0.5929196252912726,0.7507040172162831,0.5793117900229173,0.55686144151699,0.5063473539617416,0.6671778583296215,0.682909502212027,0.4496977149125272,0.54130070373229,0.5414605339641853,0.6116685561897556,0.5201918098467853,0.5264516765310476,0.5599328619593935,0.7072495847104456,0.6137147353695838,0.5911878701898706,0.7219413538361752,0.5220897546767029,0.5283329065556756,0.5785415773891641,0.537364323436643,0.5657660825328601,0.549213166026372,0.5880116578932378,0.48891953728804405,0.6230676073060569,0.5703254372707177,0.5305834863905529,0.5995278606070822,0.4687454620702428,0.6060694681228991,0.5390934209822197,0.6230164437358678,0.49490315313275174,0.580900933042383,0.5980807020195236,0.6716251166811112,0.637733271647929,0.667932905421359,0.5391923489436979,0.5516729969638458,0.5103756091878221,0.5003131029308218,0.5433075410337097,0.5458313488739394,0.5261991223460533,0.6504356359170852,0.5288687086805012,0.5019686164087965,0.5729294479954691,0.5588479728579073,0.5100696620979687,0.6331870487537534,0.5222623595343943,0.685063915860973,0.4681592418013853,0.6172824052952134,0.5433832071127792,0.5815002121796493,0.703292379779804,0.5198705344984825,0.6752078318296596,0.652948520874592,0.5441469946172186,0.4948104653289399,0.5014834203262496,0.4177966491611727,0.5303361977959228,0.47889727511810315,0.5045031033628524,0.6037274606377927,0.4796476722489842,0.5812121733774286,0.6484861297107317,0.5347424262978753,0.5422077292613908,0.4653901485119103,0.5567383688068299,0.5478104548842758,0.6585090678101837,0.5037536864748087,0.5351811469144617,0.5244402085197966,0.5520364470621197,0.5313166321424888,0.6727910353325881,0.6071368984905863,0.4800454248411786,0.7071367895103675,0.4639429454587888,0.5763845222480597,0.47342088572793256,0.5575656790673622,0.5588021546770644,0.508364225031474
0.5856647289652492,0.5103342979019606,0.4663789932356985,0.4464972897715996,0.5317347300891001,0.48731020276557424,0.468882380162841,0.5507260002532519,0.0,0.44911894458128765,0.4943309237629777,0.5131170444452583,0.4599412219792921,0.5035995527712429,0.46995119646358774,0.5443986925326085,0.5286276511901006,0.4980608812211743,0.5568766101381762,0.6119230625620208,0.6235813138407564,0.5214513686371884,0.46120818084968224,0.4714144110493266,0.57968271591048,0.46646072679615963,0.39761601218347437,0.48098094934589397,0.4255634523904284,0.6055643940775833,0.6872641271415214,0.5192137239790175,0.4315925007201126,0.509974141151875,0.6145808387153264,0.5569607986445727,0.5482044221366784,0.6703169995641828,0.537462199742239,0.4232656527268549,0.49068206684534116,0.5560173553996881,0.5861730740213468,0.6092821053530604,0.530485739152822,0.458495103059352,0.47999812709728845,0.5193492263420317,0.5395163911350704,0.5684416939963272,0.5773885693861721,0.5409494949550764,0.3861573643653032,0.5161990667291178,0.5165725384956996,0.5891779830292087,0.6076901620726891,0.5648626733112182,0.4983300989430899,0.5071717543736484,0.4809149047204631,0.49713213542339846,0.4897269102241032,0.5489470267994973,0.49600668389093494,0.45557363609677226,0.47202495997003696,0.5355929092586525,0.5039514682468933,0.6071668450192755,0.6287115640653441,0.5858770930625224,0.5358394894920888,0.509903273189338,0.5103749093327427,0.43169947809205506,0.47272860035703146,0.48809218066491644,0.5307216487314611,0.5013867400285641,0.4604998846839502,0.7086433252172218,0.5859864896126428,0.4797826952737055,0.633354019830975,0.5987960480213659,0.5681555637923811,0.5450804314719127,0.4673550849913103,0.5440370828455324,0.5896678096604068,0.6339439723952408,0.54541410897791,0.47203573580322966,0.6287118858855661,0.5415020217563188,0.5241188794334496,0.5714756149299898,0.6081750859813704,0.46883571901337295,0.5724987727155773,0.556800939801313,0.5297361997665616,0.5110012759670033,0.6230171782558925,0.5158249772970855,0.4904130513473369,0.5250520978454656,0.4392411438591762,0.5125309140492117,0.5211805344409629,0.6035172436960066,0.5088429186327662,0.5205605291281948,0.45958275217039307,0.4891763564749181,0.4769526384087029,0.5256984098205735,0.4712835974753921,0.5386784518293352,0.6102970909534294,0.559736879536369,0.5836362557117756,0.5766860852396882,0.6635013085930596,0.47897875638986226,0.502991667440174,0.5168932610400977,0.5089400837689396,0.4738997377056297,0.5840307844542305,0.5698098487382101,0.5239435769801196,0.6203587736476744,0.5555064170475918,0.45127591249503357,0.5203392217322427,0.46838213017511504,0.438131280983637,0.6553380392266732,0.4180985997974316,0.6057638181579911,0.6062931197531859,0.5911481599335997,0.5789664047107671,0.5157993181901549,0.7008657343525613,0.42161150354069615,0.5685323864075185,0.4838095082013764,0.7093419307392458,0.475122125410856,0.5544470756745885,0.4305834303233511,0.5738694738365048,0.6204856683146832,0.4276357522810752,0.5161521069982971,0.43761772561283985,0.5268533854514034,0.38632138852205106,0.6778472367746597,0.5760058569080774,0.6018598946251219
0.47930094672553736,0.6137619544803397,0.7017902813780784,0.49138636065682756,0.42448168260985547,0.5367182176648504,0.4794082370401597,0.6299879438689232,0.44911894458128765,0.0,0.4987842709051765,0.4819281174166127,0.584500328950287,0.5401653345670235,0.4522265470074349,0.6460385319764846,0.623366725661437,0.500270520268863,0.48796559314372434,0.4886731639662838,0.5478081251730967,0.5360670673106807,0.47946069582983614,0.47462183933854885,0.595465848163102,0.4624911765504849,0.4502596260591724,0.5832777932456544,0.6048989688414778,0.4831854469681341,0.4833914890595105,0.5693368644456733,0.49387546373164143,0.48863086922545385,0.4621966447224329,0.5107973889073907,0.5278121059890609,0.5322361389138287,0.4401376874182095,0.49259976847395903,0.5022655880050688,0.46923048149348934,0.501685010483608,0.48306120330674895,0.5910987631548699,0.49449055135132414,0.4817837820486542,0.48377073035746193,0.5263981642059721,0.47555827688330715,0.5325826520228794,0.5122623595276034,0.3872644579552924,0.5644188440564997,0.5666458861906553,0.5165415690592425,0.4955022403785588,0.5102352556135039,0.5480823331448915,0.5205530895267051,0.5932156292421269,0.46212948462709036,0.47580874666224016,0.46352264233595275,0.40816231446342155,0.4465622251437982,0.48044653523667014,0.5320991663702067,0.5841546727099373,0.5956642242432973,0.49108181566081666,0.4933456019062856,0.45410489934442655,0.5942581044625888,0.5651184430156886,0.42872427792707835,0.5123501338849225,0.511040705986317,0.500362536078464,0.4637910556074771,0.48209229110349766,0.4555473907622947,0.5815014747927505,0.5531091522976539,0.47907222775313785,0.5472626239351366,0.467743334250082,0.48478444395769166,0.5299891389126837,0.4593557960721122,0.48342419731421254,0.4729497925383167,0.5374054415815652,0.4385202550607937,0.5056064650098979,0.554285906858723,0.45319849366378595,0.5207012133769252,0.41098700588936776,0.5556159252095126,0.4921974389996966,0.5551884102112814,0.44507121325585397,0.562212967569627,0.4943170663839831,0.5606782910587986,0.5520845691472219,0.5896251999845532,0.5124449096654189,0.5290775124014856,0.4707130341913254,0.429213118397893,0.5015365705807502,0.4707832556265803,0.471997438979203,0.5367440735014466,0.479715514887015,0.502891816011151,0.5767376670923522,0.4789640227707784,0.43909120388924855,0.5064242598109382,0.45944052359864307,0.564790040510418,0.4113850982332822,0.6464306390961633,0.46958446580485214,0.5283719803847714,0.6916264615779274,0.48914031176973977,0.544176768605283,0.5241301898465339,0.4773352038652001,0.4144075924749892,0.45942920491557265,0.39030291858628674,0.4890318620777431,0.4488000265071174,0.5000435983964994,0.4935942980355375,0.4774529875505036,0.5253686225826328,0.5201034656126895,0.4632905361037294,0.4905785366409161,0.43568943220182116,0.46002293609154377,0.5226350954680192,0.6391753166944499,0.4484354910213995,0.4530488164449047,0.4821421866573463,0.47270978121254004,0.5416441236186581,0.5607848090264048,0.5209250608847603,0.46467993084213366,0.6056806704531695,0.44666700370009427,0.5179534915964262,0.4760235557114632,0.47368386874751417,0.46104108354893,0.43624772756671015
0.4671461947326074,0.5419589574640706,0.51944398082145,0.5567589483469175,0.5309608598398083,0.44483173611536125,0.5798517611232129,0.5202530523954294,0.4943309237629777,0.4987842709051765,0.0,0.5928239032322455,0.4859224046273784,0.526727634366245,0.4549027683710602,0.5736307700762265,0.5130288242394471,0.429673251649641,0.45987583559482886,0.48587231505117884,0.5583774045637658,0.613406045201038,0.5575861520274562,0.6157481568920543,0.602404779865458,0.5753852465705871,0.4998555262722412,0.5209027066011456,0.5417025499841499,0.4678501947253714,0.5222979770499292,0.45604871907380373,0.4576048497587765,0.5928872570048991,0.5503187333468776,0.5465639740598301,0.6546727916517722,0.5422825940341385,0.5811634277046752,0.5062227602950008,0.46407853038430746,0.5410590736472214,0.44323014743269235,0.5990217812796717,0.5950920714203164,0.39835615766786164,0.38471700981052037,0.6515939770109717,0.6222870510267302,0.43774786993885756,0.4879386594969103,0.4502355255014564,0.3219700493756956,0.5917291275579639,0.6419872300716298,0.5134567470793032,0.46208531532563984,0.536238854786377,0.4752347957738918,0.45218469706071746,0.5104225265806922,0.37973630168908723,0.3891145788585797,0.5279972909811872,0.37072285275700756,0.37132428305094034,0.6152145047496769,0.47862643079756123,0.46528166166633156,0.5602847277669042,0.4774601166999187,0.4837631400514778,0.5162387069729185,0.5370131027240157,0.4394745054880103,0.3590616057193799,0.5864158664607182,0.6221171116255177,0.4250072219430906,0.4433906872782015,0.38240576495257816,0.4944597311610855,0.5218954393623156,0.4431118109597663,0.49288763529003554,0.5312422711314918,0.5476597611288574,0.4355638177038475,0.404231439068535,0.6305215443305119,0.5283643369821607,0.5013893681802499,0.48345414793723024,0.388473526405522,0.5458594400686917,0.6184376123626459,0.3958353801524513,0.522290651345082,0.47369858143367594,0.4617133090743235,0.6258313999031713,0.5244950531961187,0.47666497781827927,0.4827856323153988,0.44227637600415803,0.45075937889182266,0.42444549524887515,0.5928938247900887,0.4136922141178171,0.680971759982021,0.6279836778855604,0.5144071117258107,0.49926235909326,0.518885214651121,0.3943421717108961,0.5007901959839168,0.3855085696275469,0.525441711298734,0.5446766859058102,0.5239228215334517,0.5368870228154734,0.47869471815118125,0.5354339498699375,0.5177325320208723,0.4894746036240869,0.5269429334280896,0.4323965046909238,0.6284649344823757,0.5709636651950069,0.4410242792206992,0.46876719547233875,0.464037212319575,0.5671078825055773,0.5543480717180499,0.619899404042799,0.3626381806071209,0.4392020317381105,0.49946216625079887,0.5659440488866654,0.49449102783649723,0.40067846801223,0.5483753182761953,0.5206268914137723,0.5122799726787616,0.6838689711754391,0.49267375049696355,0.5365066167068896,0.38380953852155714,0.5288717888579562,0.4625069502910902,0.5674709516225824,0.38717861818886945,0.5639141951845785,0.48120851124360464,0.5735010828859712,0.6143188982657888,0.5328141705803665,0.5662219778046237,0.5247645954831297,0.4960125634355346,0.3547868249136662,0.48278084887104616,0.4703351930813938,0.6320217822831751
0.43395525774158833,0.493421268981778,0.49203017816554967,0.515243778806362,0.5537688866271264,0.4482679093243795,0.5230708907911071,0.5239589247558349,0.5131170444452583,0.4819281174166127,0.5928239032322455,0.0,0.41820178074990794,0.4467631394973276,0.4220215261840509,0.5449268967657821,0.49750463582402366,0.40236126210967893,0.5254209647935248,0.45493303411160996,0.5893535287164834,0.5202449638464244,0.5352773278148382,0.47973715266262545,0.5936116162091795,0.4830814280278619,0.4449862455369105,0.47913405428882166,0.47822530843303473,0.5360536851286388,0.5436413484134279,0.4641414719245675,0.42518223738684935,0.6044476506719646,0.49805669569336225,0.5884757655490152,0.5123804029736555,0.532470666613909,0.6286333092350029,0.4246308519622115,0.45715144507788125,0.5740206716674039,0.45170080718150296,0.5631195402839904,0.5145881677160274,0.3852252813601539,0.3891002761515052,0.5216362510708953,0.5473675625233164,0.4447891618232937,0.49269746892124094,0.44509151350279424,0.3219848792852345,0.5587948175971852,0.6172857999399649,0.5013492629688165,0.45986603492669287,0.6893667314080633,0.43947191260135793,0.44129194296340307,0.4541736742612163,0.3938211149158522,0.39222537349640935,0.5286277064766883,0.3717044285448961,0.36191940453488874,0.4758559540059299,0.42754343763625846,0.4418681990064243,0.5391657501507137,0.4480501436710717,0.44782317952556183,0.4882306270617562,0.49189406145845593,0.4421361282846764,0.3481652548710316,0.5279634323298701,0.5717898587712984,0.41867721106345296,0.4184868200633582,0.3794937989952255,0.5182936466571896,0.49285971155628217,0.4104096577587379,0.5313221896489596,0.4984042227969488,0.5292859050779534,0.43790431438006083,0.3998504856927156,0.5327680146091077,0.5534567050817115,0.5684631500568272,0.4939055793091507,0.3749281015517027,0.522901188660733,0.5738987441106885,0.40757297382654967,0.5743594771659932,0.5061603038415035,0.4277295652526248,0.5112214244005581,0.5639904520938669,0.5309375264400832,0.5398120894239563,0.4564319137981604,0.4351258598078106,0.43805109073534365,0.5634514928569297,0.3907462947531915,0.5286923496364765,0.6575057370220598,0.5520224895700667,0.4497549719543356,0.5586699763358496,0.37683689721347086,0.45218620278554494,0.3917296148933638,0.537160854284303,0.5196496125104865,0.5233866873672943,0.4993845661515849,0.5183579203817549,0.48974694770853466,0.4883999382471233,0.4607471865807877,0.49088463312540503,0.4524835971016464,0.5681531584853157,0.5636533908557431,0.3994609254649264,0.4944652493862755,0.48640773104391427,0.4704868458405187,0.5616105816502323,0.5356118685628647,0.3466094952621741,0.4140220502976562,0.4341671050559946,0.4630131226041705,0.545704172627952,0.3732198652444383,0.5600037805635067,0.5278317057563063,0.5957562665529252,0.6004100362029032,0.49655247931124447,0.5657502833133953,0.37755835714057423,0.5428075877195119,0.531628357997472,0.5514140163237311,0.39569741637622985,0.5791299843310502,0.4440379018077446,0.6458235991558139,0.5139520994412916,0.41527560488393706,0.5274732090074058,0.42560251292966084,0.4814843739781152,0.3388021974575747,0.4756212200112109,0.5206342761226349,0.5470632965745487
