0,1,2,3,4,5,6,7,8,9,10,11,12,13,14,15,16,17,18,19,20,21,22,23,24,25,26,27,28,29,30,31,32,33,34,35,36,37,38,39,40,41,42,43,44,45,46,47,48,49,50,51,52,53,54,55,56,57,58,59,60,61,62,63,64,65,66,67,68,69,70,71,72,73,74,75,76,77,78,79,80,81,82,83,84,85,86,87,88,89,90,91,92,93,94,95,96,97,98,99,100,101,102,103,104,105,106,107,108,109,110,111,112,113,114,115,116,117,118,119,120,121,122,123,124,125,126,127,128,129,130,131,132,133,134,135,136,137,138,139,140,141,142,143,144,145,146,147,148,149,150,151,152,153,154,155,156,157,158,159,160,161,162,163
0.0,0.891588291335029,0.8959500867462412,0.7922786958164384,0.8180390293075833,0.8581939060981121,0.8032258730612412,0.8847327613429486,0.8677640058470977,0.8954286628112739,0.8821285953241936,0.8162266049536564,0.9294441503906276,0.8285726298058884,0.8172192308005485,0.8971940702795833,0.900109824310786,0.9405658022189892,0.8800372893938698,0.9481031600807446,0.9120340458191097,0.8948697880636644,0.8415037752495053,0.8195091425359197,0.9361826919176564,0.7793301863689206,0.8012689506972509,0.8787738799564754,0.8404778237423387,0.8312920758019553,0.8424902177194975,0.9013828165269493,0.7910098453725455,0.7656048754412368,0.9182744336413452,0.7896993056107383,0.91637917877499,0.8772043201067293,0.7280161369989931,0.8573642148089499,0.7970177349354692,0.8580621212837556,0.8797975606088837,0.8416346529362306,0.8617531293678972,0.8503396897117383,0.8608194311019466,0.8610591725301499,0.9204398049776091,0.895699839010002,0.882384686814888,0.8932395885000639,0.8138824175129629,0.8556694930240842,0.8321230820218632,0.830702671023702,0.9472077267352946,0.8503336392117768,0.8529558151772743,0.8373313889798173,0.8646944042217841,0.7222963255947168,0.9001297140637197,0.7955331399098384,0.8392506228985818,0.831587790053556,0.792712949047726,0.858934341474499,0.8829220437776292,0.9205449480959448,0.9184663790706825,0.8489591182687389,0.8456661012198043,0.899234242165014,0.8764439907464938,0.8473828974564871,0.7947954009087048,0.7953960761128441,0.7806605556480486,0.7121346150474611,0.8141885792246145,0.9014671999516506,0.8403911062707343,0.8287186112511356,0.866961038006115,0.8956380424303422,0.8937947314251485,0.8527151363779216,0.8598147479712498,0.7300329065207748,0.8882427990575559,0.7878560920519155,0.8855016619190018,0.8716828191688746,0.8848138702443055,0.8334723297961232,0.7556432823736887,0.8166120782779425,0.7358246220373064,0.8280987984124605,0.7464716135108184,0.8180683484707211,0.7419093568824546,0.8070128352062834,0.877036808122717,0.8554398071686121,0.8049706063833453,0.8640744581676604,0.8380227643058676,0.8532174814975994,0.8270421674063718,0.8341485800548889,0.8588322704034665,0.7730219927889396,0.8473348229384285,0.8857589004971698,0.886554165901943,0.9146836302635101,0.8393906158441583,0.7711873107878281,0.8555502846258297,0.7876082599366271,0.8648416139004136,0.8664688279795599,0.8416347367809608,0.824308016955395,0.7512178311492536,0.7641344710076813,0.8210734972826487,0.8672634903118144,0.8324126726285092,0.8737800717516712,0.7886813131530598,0.7890807049448885,0.8553624361469215,0.8167759195393859,0.8562088192718472,0.8519124608639976,0.8492656893851876,0.8592105331321496,0.8015890286616343,0.8129315132466602,0.8943958237977689,0.8052963430099398,0.8469260587652027,0.8270643224006687,0.8476087931369958,0.7424106166921651,0.9468244603987408,0.6675344609646101,0.8955638131176865,0.8211488570745576,0.8753802103936593,0.7985972771362628,0.8287295521044066,0.8747317564731952,0.8701793659927215,0.8177775592307112,0.8196943051495026,0.8379678188532194,0.7842794762009068,0.9032961994172297,0.9067086409165487,0.8976304460399949
0.891588291335029,0.0,0.8456943735996759,0.8177098295263712,0.7587956277951714,0.9025746084406011,0.7965905117166316,0.9363091163942607,0.8671290889127845,0.8885342348961501,0.8143749206101958,0.8567311718993945,0.9064253351289219,0.8563763706153825,0.8205905658518308,0.8556816746648896,0.8303097496303222,0.8165619835735887,0.7979157196626075,0.8539166452641637,0.8145597232957588,0.8478280114456221,0.7869538826561973,0.8086014086417117,0.8484456300206827,0.7660269616387492,0.8296239922142247,0.8111471201584661,0.9228771782790564,0.8093932983133543,0.8924308070636588,0.8495181642038191,0.9007771527070532,0.7609793500631137,0.8829197323095294,0.820669494268054,0.8848400957665433,0.8625428598192353,0.7950154786499154,0.8573936969289191,0.8638998033639129,0.7872974824768755,0.7416536554009153,0.8179224285828453,0.8795116695767697,0.835722106359207,0.8432768165691271,0.7935253715927718,0.8248348722911604,0.8239030811256446,0.8165708718680172,0.8586404952159553,0.8132232087957451,0.8765315619603412,0.8384548670401248,0.9073740440422077,0.8527844197737648,0.8300299069660371,0.7465588129303308,0.881998727596244,0.8944163152002372,0.7648365395676237,0.7995001780092487,0.765925703593971,0.72816991945768,0.745200767459181,0.8122692385742167,0.801812418892299,0.7519613123122104,0.8402297472549677,0.870440034142559,0.8419079709714282,0.7507211211207481,0.8331500102304057,0.849758546150016,0.8354100087082855,0.7648916986286111,0.8515521217645081,0.7693343118077655,0.7517241474645575,0.7905133945331756,0.844193245539886,0.9068827286786719,0.8566530568074103,0.7816288537711431,0.9398776160103552,0.8304499914125267,0.7668686339787989,0.8879722535368533,0.8697242666005761,0.8114989774191901,0.8414381036381183,0.8640955470753166,0.8413210117420389,0.8266285911888446,0.9148856743399171,0.7864797618541988,0.8237517439005474,0.7562142055252855,0.860974281355409,0.8241688114939354,0.7250289129245608,0.6694146272179199,0.7781399417355149,0.8368190911610802,0.8444167184470549,0.7666817849319745,0.8121039579506775,0.8573825431730443,0.8338285583969753,0.7715956351735338,0.7616715653619867,0.8167832609042187,0.7768044627384467,0.8549464943950875,0.9238179254469014,0.8371620424857874,0.7642756296572605,0.7627731474936459,0.8324250681831891,0.8340139219633351,0.856796069837108,0.8039157344278293,0.9028483244297615,0.8090642637236052,0.915419327181787,0.7613849897012256,0.8763206961129687,0.8401997468846453,0.85688735889302,0.8651763472860723,0.816461186696606,0.8393251138340706,0.8476811474902399,0.7884611616776785,0.762796814119057,0.8615680050613174,0.8692722297387728,0.7960622919791446,0.8485353371041112,0.8148232609349058,0.8246209364280658,0.9112776099432109,0.7686190811076572,0.8496238898513654,0.7478490591592613,0.8978701968091068,0.8168093899572937,0.8682814185533617,0.7111465462279668,0.8275068482155532,0.8258144642676899,0.7922569953649554,0.8223024322681932,0.8151807199690739,0.8536369263068668,0.8521990681095414,0.8717807021208736,0.8568381981830694,0.797795529940954,0.767274514759729,0.8833386758573771,0.9502327836247118,0.8252236804838087
0.8959500867462412,0.8456943735996759,0.0,0.8207659455811868,0.8657485169515784,0.8338373638205331,0.8215032982354485,0.8560674826393339,0.7919591681014149,0.9233030119619882,0.8920766425479714,0.7926690622495031,0.9241887678717577,0.7814850082835715,0.7751855369189594,0.9169720587859664,0.9176491794820033,0.9010878819800165,0.7850231984082814,0.8170881732918704,0.9188620091992037,0.9262649253870091,0.8493847321609902,0.8180644071828601,0.8760628370184714,0.8016832328121026,0.8348337990640211,0.8587579365163565,0.816031278142066,0.8380355040976626,0.7158509004862043,0.8510687872868187,0.7710048329559412,0.7118600360676262,0.7866452756467524,0.7306935807607766,0.8723203545184715,0.8034592624473578,0.6666378033646893,0.8931353664052302,0.7556567316207528,0.9014297544446271,0.8131615259156753,0.7651752317281139,0.8067965177103301,0.8094969834124146,0.8445593241343506,0.8063033919568592,0.877620268350101,0.8214988737125263,0.8593063328138043,0.8638995231904822,0.7429845310132086,0.8349974968306638,0.7783188121805562,0.801891739127743,0.8560414097133142,0.8729428507612113,0.816440131849588,0.7816275377974256,0.8250683727507113,0.6776417758480285,0.8564314149874382,0.7266288753820169,0.7380086893171558,0.7518509532203966,0.7800787722308172,0.8683075673712568,0.8837040616807098,0.9019252142237032,0.8564955310347553,0.7344120573754755,0.8027433391337133,0.9390456907594696,0.8490261651503074,0.7219230516128312,0.8546005178522673,0.8534054233105798,0.7030594507898699,0.6774098180033041,0.7761821741668977,0.8295203277484484,0.851402175262883,0.7640131577436212,0.7990274581813835,0.837176708075919,0.8036480026690442,0.7813069777532344,0.7895572472902651,0.7030607425345307,0.9065744175720502,0.7106404476068523,0.8305669393528321,0.7505756570930568,0.8511511561296217,0.7850715932129696,0.6543628239643664,0.7538222843921968,0.6605975927378184,0.795580457963674,0.6506653852268304,0.8103468576154829,0.6995777578063264,0.751133901121296,0.7733542221677867,0.8504384343952874,0.7876753361814253,0.8635017029854287,0.8239431966469208,0.8379743555314444,0.8037345177758163,0.7654943022824663,0.8148526447758876,0.7658825943146832,0.7671378945320986,0.9107987969890841,0.77822759399757,0.8523963715308045,0.8545771522226209,0.7389368632817687,0.806536327143283,0.7582577717254282,0.7725531840912364,0.8412472867505003,0.6932504095415883,0.7784750048549375,0.7408582880885742,0.7551740366718648,0.7734469515191996,0.8070661112612149,0.8105724118841918,0.907797389661378,0.7153118622121784,0.7070832341994496,0.7500744110456548,0.7034508223384414,0.7694074170063346,0.7901968014160707,0.8295075713613884,0.7670371214930964,0.7266281187424074,0.7614034306346404,0.8513527973068782,0.7596932815209855,0.7797394340713567,0.7879468719524652,0.8145328226737559,0.7611662623738878,0.8672342065836138,0.6382626314624761,0.7459182081491034,0.7225203241597251,0.8615068152983913,0.8669344503554369,0.8120804294983344,0.8048142174125934,0.862046476806017,0.8699137520940524,0.7505270140673586,0.8154104623273226,0.7722674495512302,0.7513820760847609,0.8205030850127115,0.8657078481170197
0.7922786958164384,0.8177098295263712,0.8207659455811868,0.0,0.7670793074785611,0.7656286384206468,0.8661561515953642,0.7917839820996313,0.6956222096410339,0.8408145796685688,0.8325748157124641,0.782037068262002,0.8148591271006618,0.7841551349494028,0.7850856717780861,0.7708620050378353,0.7930953544395009,0.7837780753283019,0.7518605469743654,0.7209998713639743,0.8114921540968968,0.8071220804377075,0.8259441820624326,0.7796468403879254,0.8124568374506058,0.8154735244158968,0.8074923115012375,0.7937740278330738,0.8443360267883502,0.6817376827112005,0.7336167483390752,0.7637787384366788,0.8949212033127336,0.7388838075169641,0.8062547253782321,0.7846045680865446,0.8145793924688369,0.75452380390566,0.702306008118981,0.882886050722111,0.8154875247314325,0.7496015754004007,0.7302400726826384,0.8164689360313276,0.8004420707344876,0.7406948184113885,0.7350289551812607,0.7834115250923172,0.844261532837171,0.7598116592658637,0.837263297921214,0.8243302770800024,0.6990783080930134,0.9164202861386737,0.8553168371340605,0.7262411325271567,0.7618865708179664,0.7886991707379208,0.7877024928371923,0.7626750488803987,0.8135114406405061,0.6615989220642078,0.7723952364279791,0.7212100897570061,0.6819006384675343,0.6857561277004866,0.8100005675947093,0.7532956050018732,0.7713664082913242,0.8001499745539566,0.7742663203538738,0.7444643304908971,0.7787360833453735,0.8615036756464914,0.7430769107123153,0.6935056573976269,0.8073863939344805,0.8230417061512169,0.6897049903756414,0.6351506896376671,0.6908744874498582,0.804920217985098,0.7292729425980361,0.7346684858464274,0.7722948002580059,0.7704366419880821,0.7654313777811725,0.7624718838072827,0.7471078561990769,0.680594700982209,0.8436696174116637,0.7721947230029427,0.8045141962564332,0.7115796304718277,0.8436807285818857,0.81300889834633,0.646076037791204,0.7723799600661917,0.684644593056894,0.8136018219854559,0.708429688604619,0.7462338803144927,0.7922662550586748,0.8017045893265382,0.7610167975828513,0.7408806011364875,0.7257799764398541,0.769155093854423,0.7938787670162796,0.7594642922822736,0.8501883907958604,0.770091159937381,0.8045798613194783,0.7135178251040529,0.7661036977994384,0.8103674340372773,0.7307506279059623,0.7479159170716665,0.8645173376736981,0.7594904612467622,0.7450833793030815,0.8394084215743131,0.7332404481460317,0.7968168356749366,0.6927501207957276,0.8151747335747378,0.7254210898375301,0.7359942332117017,0.8057256212675012,0.782681352697341,0.6884574845658553,0.7170671419077758,0.7067161591018789,0.7411572673784647,0.7315080664707945,0.6567938645729706,0.6755717449009487,0.8359771637417389,0.808632549056201,0.721382471344071,0.8239364289538087,0.7173059925251563,0.8395668781142696,0.768224581703769,0.7843100610751469,0.7735123265062294,0.7351797810288018,0.6908820849216318,0.7698002589309989,0.6165119624862907,0.7809827204605596,0.7242180093993741,0.7667852984079028,0.7689067492148625,0.8120438868065041,0.7495884983014096,0.7726609828753905,0.7999412373284089,0.8990556611912213,0.7988195633185183,0.7372350364207776,0.7466552670415008,0.7749474168934809,0.7923042089504382
0.8180390293075833,0.7587956277951714,0.8657485169515784,0.7670793074785611,0.0,0.7178001842570054,0.8305427853860184,0.7241606947778961,0.777192452886732,0.7593390431247523,0.8758287820430105,0.8013618616805596,0.7626862000860429,0.7219513087554205,0.7905461113431578,0.8212242241609934,0.8008608251271312,0.8045509602333596,0.7506892557298339,0.746306226460272,0.8629656016657005,0.8970441985546102,0.8052561653593915,0.78956797553522,0.7811697661801092,0.7642900419643052,0.7692291766179651,0.7295444976578329,0.773519150713628,0.8263131284906341,0.7267901032663403,0.7526073100754047,0.73133990905498,0.6605542527578369,0.7831921549964689,0.7380966230830436,0.8014786834617156,0.7740734070695109,0.7579447217481238,0.7992251195027402,0.7428669002054196,0.8362681240883044,0.7944330165933907,0.8046031046210324,0.7211245763855286,0.6974020274979742,0.7781615073181352,0.8129410946386827,0.8454615674757024,0.8060403977942869,0.8253036912846505,0.774617842050915,0.6748328519862039,0.8049531195525946,0.7881065222069716,0.7058638442023422,0.7939931422142689,0.8580867120665396,0.7433282876124928,0.7216310073813735,0.6758441645262387,0.6397099956023453,0.7670099507747887,0.7274544248441563,0.7193239149608713,0.6420377589727381,0.6977955837211877,0.7912004749252795,0.7991964374725946,0.7947705661108224,0.8106993546308083,0.7141381073501656,0.7347286054229268,0.8174608037562049,0.7269978330416095,0.6345066428631613,0.7949193385615535,0.8634891532955236,0.635242945062278,0.622041271571785,0.6538213364534757,0.8368959912585594,0.793196375723626,0.6530368331070647,0.7483271909529717,0.7495752342805561,0.7257011593910054,0.7489477841828125,0.6602602478522464,0.6599784407823085,0.9206513505633367,0.7133181616355253,0.8442784290709654,0.6704992691569035,0.8132119876911922,0.7641688939985688,0.6085504829228411,0.6823338962034425,0.6875652099559283,0.6769769848439647,0.6530480809852641,0.7414103329353349,0.7012545017248055,0.7164540893576036,0.7284173623667688,0.7329808911280834,0.6732455701447799,0.7405170737958793,0.735101021923206,0.7549222562250291,0.8059498308613491,0.8053077703814983,0.7006852235515412,0.7178518155111052,0.6875678909982729,0.7850429990379503,0.6642895099064192,0.8755510787936701,0.7585559676077648,0.6957252838091967,0.8737642823332666,0.7124927881557445,0.7036179543441018,0.7815431633895602,0.7138601001484833,0.7245888544822133,0.6834631352774814,0.7360149317220255,0.6983890513258274,0.7586004115041342,0.7148053690874122,0.7992915263564595,0.6488800346089895,0.7397650610216402,0.7499004384293037,0.7066089981020822,0.7104931885072215,0.79528679962617,0.7632500684838617,0.7979845288324074,0.6614299514396574,0.7359255958639046,0.7938967624504214,0.7888166347694777,0.7885202168461716,0.7623536059872803,0.85499820028557,0.6476832012996047,0.7701012494760414,0.6182622482864956,0.7487476607732768,0.6722372864336161,0.8661684630942963,0.7861556805710207,0.7530308302420765,0.7375757042685371,0.7527046195869428,0.7588574264914738,0.7308886284842008,0.7490587286494269,0.6291909413282855,0.7128539443769818,0.7616394903467517,0.8954626240504606
0.8581939060981121,0.9025746084406011,0.8338373638205331,0.7656286384206468,0.7178001842570054,0.0,0.7253946207375683,0.8827287477573393,0.8057187973603913,0.8507760010366472,0.7869360252447064,0.8189590819442572,0.8862527657278212,0.7962741241052133,0.702977018732596,0.8647517958472526,0.8350844934961972,0.7564952935382939,0.7959413728780704,0.8005163015546694,0.8152055652020689,0.7737033110242237,0.709710826686925,0.7207526099137528,0.8320848834878453,0.7366992866743848,0.7273363838392994,0.7944629194869679,0.8538597456573778,0.8008868224280168,0.802114863071357,0.879795396730494,0.8057751062746601,0.7443173846300305,0.8072272481520114,0.7637232838038297,0.8519590924067676,0.8090739952735868,0.6993153985446549,0.7590586234595639,0.7708649624132092,0.8013219084455485,0.7192385482054202,0.7973356893104394,0.7975579034299033,0.7794289253298871,0.8287825469454532,0.786498404442542,0.7556640618334007,0.7712670553688843,0.7966043903550728,0.880777104481641,0.7789500758366638,0.8215930740592927,0.7867068972606239,0.9132465769715463,0.818690898135478,0.8511742602842767,0.694078296414835,0.8084165965753897,0.8885284171859297,0.7767254104011111,0.8381320909464116,0.7128649810416854,0.6911826773226395,0.750854240737051,0.7478949300676283,0.7857120298263732,0.7216883950914219,0.816845495421217,0.8322759953716321,0.7593377609884497,0.769147436963855,0.8049264494544967,0.8619831137375403,0.8252018642798565,0.7490634565003201,0.8088155662238344,0.7316403621205096,0.8454240128311038,0.8742874372195517,0.7822967918770787,0.8579290094317374,0.8561671551464726,0.7983682313741653,0.8595864681988172,0.8739499697457515,0.7289013613727432,0.8660384025973766,0.7868775594019148,0.7883503871469768,0.7948970041297957,0.8051945585994689,0.826979819335352,0.7837445678731072,0.8619768497806736,0.7727024996371002,0.8255243986978699,0.7316990955812486,0.8235123435883671,0.7474893061556894,0.7231527646728949,0.6614144717602203,0.7363886632471652,0.8162959858873357,0.8235727513416736,0.7787140392462533,0.799776716401276,0.7758148654973518,0.8108033580298352,0.7695540384734374,0.7216669484543733,0.8637962551128759,0.7615754993970976,0.8177925375797113,0.8829836419449509,0.8622589820131022,0.7107226370014328,0.8081724552750337,0.8210102463770139,0.7556954080366223,0.846076140094507,0.8228596064881275,0.86819859974873,0.7757622249239053,0.858098462684752,0.7713043460775301,0.8011187123048568,0.8280968054119389,0.7440826040845991,0.8591680596337014,0.8849471186109591,0.8105969657222758,0.8044731684693333,0.7166744778920799,0.7135737454323827,0.8134502933971385,0.7441572880725107,0.6878056179065966,0.7516614503447464,0.7657838782790468,0.8324280412208345,0.8400047376559984,0.7388454770408158,0.8008770949924963,0.7243965435808646,0.8219792775558161,0.7930040917611721,0.8358766902147375,0.7245653664224576,0.7753155700588181,0.810646816514316,0.7221879837166102,0.734347252193979,0.8008728967976203,0.7745697645157161,0.787339086868069,0.8789368790720233,0.7588683809008713,0.8333173566148518,0.7505220651319193,0.8815172669088956,0.8887596417307736,0.7788299185058376
0.8032258730612412,0.7965905117166316,0.8215032982354485,0.8661561515953642,0.8305427853860184,0.7253946207375683,0.0,0.7458075075972399,0.7098747114904189,0.8541179704972337,0.7728661102894883,0.7907227783486721,0.8032204988286384,0.7475552292664271,0.8651514955480533,0.7407779744185009,0.7324516286536441,0.7765010473508279,0.7029481805674888,0.7147667212141277,0.8268433161683457,0.8300784260967862,0.8318009608030872,0.8372758457024722,0.8263666741110377,0.830847415352904,0.7481873136234579,0.6954310136273296,0.7622131523843487,0.6859182712252818,0.7815350027090039,0.7887595746371754,0.8234560721975847,0.737475656915515,0.7841917944872244,0.7582436937631909,0.8722617096228813,0.6836187654047147,0.7329809306815227,0.8824830984743564,0.7426366867459956,0.774794279855544,0.7921100792945143,0.8368879256606935,0.8194100978452205,0.7698310223584487,0.8213790503521836,0.8161903709967656,0.9041076256181373,0.7777981926580735,0.8880648338828241,0.7794359027905785,0.6675258297976693,0.8852539229994204,0.8377407789347525,0.7683503713481671,0.747535244020462,0.7301428113454288,0.8468735930900251,0.745858645767855,0.7453863846922497,0.6636129397254488,0.7225570813139603,0.7115264536897883,0.7485287380967118,0.7055001310017762,0.8682414202411165,0.8848029662915223,0.7513390610319656,0.7450847234768916,0.859329615373461,0.7358639048508526,0.7500198181877731,0.8813087084306259,0.6533771226207018,0.7137189371842314,0.8765939845812235,0.8745278608537441,0.6484569546204814,0.6153247294484234,0.6586943303752479,0.8849833312100075,0.7787072586217503,0.6351495156607735,0.7353991999150252,0.7246678183525059,0.7489931831831782,0.8301542832700916,0.7261355722182798,0.7254430834976365,0.8317522886655999,0.8303650522881675,0.792390703598696,0.6991916725040191,0.8286991906664278,0.8446964892138518,0.6363277588326004,0.7592399408081961,0.679469602043909,0.8136027394150488,0.6968480027302035,0.836924882447226,0.8259246782029878,0.776894804155673,0.721527573290665,0.7575927860234554,0.7231754608224898,0.7110858908206082,0.8276647174674856,0.831108799293181,0.9012494426411021,0.7704499236886677,0.7949088076342464,0.6313268970473459,0.7025058146903427,0.7483035847739476,0.6853129513700329,0.8358444711138654,0.7980873600772179,0.683932134241083,0.7660851256003719,0.7364471044656464,0.7080354070708333,0.8435958779483177,0.6831294680574903,0.7866201999219247,0.7282071915053012,0.7843946866711822,0.7299668781753964,0.8148050976750658,0.660428804718786,0.6891582709742132,0.6379791678638785,0.6778022171362303,0.767894163018288,0.7000805037561273,0.6932690059570709,0.8528924052360506,0.7833770342285753,0.7542067288549514,0.7468055244184633,0.7085597012480832,0.8776211639242746,0.7547752201642448,0.8041765124721938,0.8617514540173031,0.7919291215597946,0.6926150085324266,0.768934041133865,0.5519369903350825,0.7757948694782433,0.6595831555686519,0.7341309130843859,0.8950500174174278,0.7852271540139294,0.8261395621781923,0.7622191710426195,0.8147759719131376,0.8187331508259462,0.7881673258823158,0.7193498172222891,0.6992166805051911,0.8105592280787443,0.7722681629229597
0.8847327613429486,0.9363091163942607,0.8560674826393339,0.7917839820996313,0.7241606947778961,0.8827287477573393,0.7458075075972399,0.0,0.8538124710308008,0.901343062456358,0.7970326486181583,0.8699905803747842,0.9040828427680299,0.7969079827609541,0.7611384184426656,0.8799893321770227,0.8633738329676545,0.8305500991137792,0.8348292633965904,0.8718908369087363,0.8246025293864625,0.8078369843598631,0.8337862442870484,0.7849227946695765,0.8859680732370747,0.7587853645731513,0.8489207358039601,0.8719502914104859,0.8395047592210195,0.8428185890001074,0.8424107529586873,0.8449215006718874,0.8271276792372687,0.7971589330652055,0.8371975630769083,0.7795239190787356,0.8550384880774418,0.8539785680548547,0.7171693625665735,0.8319696963557115,0.8178835705986237,0.8076807760711648,0.756043771410566,0.7504399337199573,0.8897278733604459,0.853853130557679,0.8367720710352434,0.7443900699089091,0.8170876606252234,0.8006050305331069,0.782700822649462,0.8619264381063644,0.764836605771532,0.8054202567406734,0.7758091142440489,0.8874447735645299,0.8539020228088372,0.8635381777256433,0.7260441725324686,0.853669390345758,0.862501819200991,0.7250492335493418,0.8084068443056192,0.7449225389649488,0.6920496739247355,0.747511244363291,0.7623711190046791,0.7624704078358284,0.7789395710106546,0.8860856823602479,0.8124975938508557,0.7875553340826289,0.7451579843799828,0.8301445380452891,0.8770609703841779,0.8044757161147057,0.7402510370488342,0.7968325635812478,0.8084049514754971,0.6993810596960846,0.7700432568075296,0.8007756912701726,0.867023685348768,0.863430622616697,0.7981675566308225,0.9595370031415323,0.8404095793815466,0.7444052821694314,0.9163027729111284,0.8271258285673639,0.8052188012061405,0.7881888673010327,0.8095871933250814,0.8056838855095428,0.7701547557361736,0.8494250446393171,0.7330462443308589,0.8589488355704248,0.7047951612273865,0.8522854946545485,0.7319672891990134,0.7502213939618684,0.6768607247866513,0.8130466226741515,0.8215124923474928,0.8833404586148818,0.7899157512317883,0.8923719821096509,0.8314185734902765,0.8142104841706067,0.7490299941980588,0.7501696983523468,0.7844866175251156,0.7969600302750734,0.844511786550261,0.9475606774732588,0.8677436031134717,0.7612459127097673,0.7677355575461279,0.8094088941915437,0.7710279008388817,0.8557139766598749,0.8111532605215602,0.8468328588191469,0.7267225930667699,0.8589316778821086,0.7397920559784145,0.8336533628736369,0.8443639812178969,0.8009738338270819,0.9034683981677616,0.8272626068347215,0.8008262706649727,0.7770348795712294,0.7486713382777803,0.6868800152181749,0.8740197672994962,0.8097329751106014,0.8240064282828092,0.8391808222396419,0.7598845177110845,0.7795555744455807,0.8592816770621581,0.7260066824779703,0.7913644945337914,0.7650179984349188,0.8458868147320366,0.7877925875656058,0.9171775798158819,0.7141026795460608,0.809540907810238,0.7786339994876084,0.7983033997404493,0.8129856358461034,0.8587348169701309,0.8212161917017307,0.8279598210662068,0.8766646854945602,0.7670006494542289,0.7678044188677131,0.7543646773748686,0.8399331492889659,0.926430923734362,0.7966755350026249
0.8677640058470977,0.8671290889127845,0.7919591681014149,0.6956222096410339,0.777192452886732,0.8057187973603913,0.7098747114904189,0.8538124710308008,0.0,0.8003321055836639,0.8020307438767269,0.7985363628992522,0.7882685199622305,0.767831513281809,0.7385867429920545,0.7916519878562509,0.7693960963396177,0.8030491447575481,0.7790567965855502,0.8195262262243983,0.7409111862972921,0.8613196453459805,0.7376775039711501,0.6984261923775225,0.806936525121849,0.6306159487999916,0.8056592923355512,0.7708477907534068,0.777627639198831,0.90075954909551,0.8221298645719598,0.7687464471686766,0.7201979787442945,0.6499721243613249,0.8276461669336541,0.7171483703475184,0.7842581596979066,0.8231678317217391,0.7173434051504672,0.7079651380130718,0.7032850776015963,0.8640407347766812,0.688905362593112,0.7067455068733383,0.7361579932540652,0.6903040736195897,0.7410245344700861,0.7019422399367977,0.7582204046027651,0.7636549429193373,0.7139430102030254,0.7236232850621462,0.7360640405666342,0.7236809273469168,0.710765164358192,0.8375805630829543,0.7836714538812866,0.8387036265508432,0.6866800634246181,0.7490294880562605,0.7437613758692184,0.6689545948529164,0.7250727594006549,0.7226052105896901,0.6942719808162834,0.640206531968399,0.6838610766777008,0.7339422018041809,0.7631615587057833,0.8708325626521861,0.7786080277885008,0.7391568105264821,0.7293933001371476,0.7311478672372442,0.8280951382017634,0.7085843783297284,0.6690605795346511,0.728259432021325,0.6428958265068249,0.6279774490254422,0.6785341408440341,0.8370950217806392,0.8525654338593435,0.7323919072303062,0.7137724174595012,0.8454451733637519,0.8070761330681813,0.7203820207179069,0.7531966480143639,0.7832002358374333,0.8041606907122449,0.7596171359546069,0.7839744300524272,0.7151739543847073,0.7750319424378835,0.8087068326612642,0.6908100250254079,0.721160040690935,0.7172167638978323,0.6961328485120508,0.6986738087093852,0.6574141467328077,0.6079791963549588,0.7138574475936735,0.7710136691775933,0.7103155971779921,0.6364789869065397,0.7810265679430884,0.6869223141671023,0.7279598226245304,0.6811047901200734,0.722658516151891,0.7176399599926456,0.8212350638671629,0.7031253994585851,0.8264332639816323,0.7391639468730862,0.7785424165004635,0.6635938180733966,0.7842387897323438,0.7790234358225154,0.7455949771354013,0.7215047658264102,0.7483829373653991,0.8075253480717808,0.7242792626770083,0.6849073610338893,0.737681485604235,0.6918498054428425,0.7248435087823718,0.918303212100435,0.7965504098378227,0.7538275566888801,0.8358217571112093,0.7313818060280274,0.6983878040310719,0.7730098785424444,0.7291719692834137,0.7150079430382433,0.8098101889331434,0.6903593282130986,0.7706784144516003,0.8277540721543565,0.7753711412716915,0.7333824273860969,0.7003733884668429,0.8924827831897786,0.6668598431159432,0.8167508347472539,0.6812348254837007,0.7710761282244714,0.753552347268048,0.8332787082874369,0.7245064886326379,0.7216457115595921,0.7790865695176666,0.7769435264015945,0.7361573634741966,0.7259497705883268,0.7001814039598985,0.6278366688427757,0.8270767511688039,0.861521673266697,0.8459895818889371
0.8954286628112739,0.8885342348961501,0.9233030119619882,0.8408145796685688,0.7593390431247523,0.8507760010366472,0.8541179704972337,0.901343062456358,0.8003321055836639,0.0,0.8111544472135324,0.7947278406120033,0.9364437277198547,0.7951797016231977,0.7933868987978528,0.8497500529525188,0.8555605428289089,0.8832596016446711,0.7757634099959015,0.8098638215884774,0.8466432414557095,0.8636643868998112,0.8585896579284192,0.8025552804122558,0.9150777961568531,0.7766514684699387,0.8366643340166744,0.8484749711046488,0.8114569088930806,0.7929827348790526,0.767023158690965,0.8662264034114164,0.811879113279901,0.7484255297840795,0.7973583562783787,0.7302335894719325,0.8895801241986416,0.7648008265185378,0.6451219675035264,0.8911245616993175,0.7476917621394267,0.8639363408116388,0.782967183037632,0.750976164711026,0.8539398343631166,0.844039424808129,0.8562128828628975,0.7640877680905633,0.8818227170094268,0.7879004133158709,0.8433032039207787,0.8414233140773306,0.7495499933457053,0.8284294410246532,0.773902986898759,0.8674309083274977,0.8193876935881318,0.8064025481185502,0.8366086764457749,0.794978905285538,0.8581321626800394,0.6896710577512377,0.8080900158955101,0.712567302280923,0.7348766687251195,0.7708277964849175,0.8294762276286743,0.8778359359469692,0.8409971932274118,0.8904394581253104,0.8490075990667706,0.7493181120276958,0.7888836252067633,0.918227434169373,0.8177036695968197,0.7932609636100063,0.8234622697228955,0.8190551093162803,0.715756898941257,0.6672874914361383,0.7757216699997024,0.8360476157067224,0.8579388534778326,0.7684515505118762,0.7743548703168547,0.8436504925454738,0.8207108156208489,0.8080602161626775,0.8669620376281942,0.7557107286299333,0.8375531054869624,0.7750302706608484,0.79446297369693,0.7693827200305154,0.8281486660323729,0.8377627457097774,0.6699631826196958,0.8100953450351303,0.6609016682238664,0.8688075551847654,0.6756961703333085,0.8068657867703497,0.7281784808434463,0.8048277428069739,0.7759221350095874,0.8478660907568085,0.7860853271072081,0.8608229392521244,0.8520158297280152,0.8484756832207195,0.798159734238793,0.7275533147038219,0.8470259833602001,0.7381504307138597,0.779010160977733,0.8927706360107686,0.8224772332435448,0.8149973315641962,0.8284671076363372,0.7530623946988307,0.7342451556065613,0.7830520591855801,0.7678547950260924,0.8577649497174776,0.6911837536615066,0.8124883989653724,0.748170279281628,0.7679943944348843,0.7847108753779001,0.8160768193238414,0.8285277078771393,0.8103010310868455,0.7224505045793488,0.6900608649358618,0.7320932069685404,0.6902897393483831,0.7821209335114617,0.797138882406077,0.8222601117735446,0.761726762052894,0.7849342954876659,0.7451973141917199,0.8894856182553694,0.729347429589409,0.7623793376633589,0.814735466142748,0.7879058593443147,0.7928933175303057,0.8848980217106702,0.6152615270316315,0.7610085974464875,0.7482926642063147,0.7798623128182447,0.8887418423607233,0.8289237683667797,0.8428265392153205,0.8543731522345756,0.8881217035429524,0.788584864774331,0.8119087964297953,0.8255811726387974,0.7755718131871451,0.8745313217744701,0.7909257871219686
0.8821285953241936,0.8143749206101958,0.8920766425479714,0.8325748157124641,0.8758287820430105,0.7869360252447064,0.7728661102894883,0.7970326486181583,0.8020307438767269,0.8111544472135324,0.0,0.7989633870645036,0.8587208939622744,0.7941293584656057,0.7378098603603169,0.8989782053029572,0.8904250135961055,0.8527517366434286,0.8001863820343672,0.8310919519345272,0.8695145963247056,0.9134368429190471,0.8342368743320305,0.795686568419572,0.8512009197434252,0.7829548139725829,0.8506620518740872,0.8764339000426717,0.8614587830931731,0.8208769226640242,0.7208394154564745,0.7893713947393001,0.7494006876172453,0.7070470389296468,0.8483452087962882,0.7489568452966509,0.8598697441098944,0.8625740900725135,0.725940093702186,0.8417153100066693,0.7522832119913454,0.8664330289744733,0.7598222826207129,0.8031101645008092,0.7650280468907225,0.7051936819206005,0.7206571989044662,0.8557462238508692,0.8696782964789338,0.7948475353966056,0.7946878803022196,0.8091924425421247,0.6932677278405907,0.8275905400848024,0.816165511938338,0.7352670555504521,0.8416831751403707,0.8899321737074086,0.7572222297400769,0.7493408332919189,0.8025321352517494,0.6381126264764702,0.8054319606472189,0.7618754933993465,0.6875006386037982,0.674471993747471,0.755014782701286,0.7593143878578207,0.8509349287785907,0.9006423178482431,0.7919654642766584,0.7568130053397512,0.8277555854267554,0.8520270732301397,0.839223144553833,0.6730032145285041,0.8059047952970534,0.8243755181128615,0.6764213445265007,0.6833101476255475,0.7040715880038284,0.7926827303893135,0.7776080384805449,0.7757480499405006,0.8064864827973832,0.8231969292318256,0.8487458336771161,0.7334649414275954,0.7147576943805263,0.6841418074774732,0.9066353006870475,0.6850505979969264,0.8373360225358553,0.728994617253585,0.8581897319513804,0.7743920454601043,0.631457620399849,0.7215271671281813,0.700261936750592,0.7203700802654637,0.7063067889618032,0.7343640569058962,0.6806082942142231,0.7191922161411763,0.7722994898576478,0.7505035295258619,0.6944811970227767,0.8519014847087926,0.7250290699335924,0.7982520584009244,0.8104698405877934,0.8137669487944972,0.7904413031627603,0.8362874123057148,0.7456449656143109,0.8690521018028795,0.7335298538692525,0.8565116158859771,0.8376690772358287,0.7726801705862176,0.8577235863169058,0.7497034624246198,0.8045112322656609,0.776552964067498,0.7874762748460117,0.761786125534665,0.6932736262167173,0.7228819386151432,0.7751832258902567,0.7650053451943599,0.7775238134990414,0.8531984181306088,0.798045800777649,0.8133267875293151,0.8070434404922989,0.6962274634519886,0.7421220291885037,0.7990193119147219,0.8375741412098426,0.7622756524417971,0.7195917217315887,0.7836132229566647,0.7967391715078732,0.7949574769270766,0.836129318252107,0.744724981288005,0.797431565841198,0.6496943183385918,0.8318373230935802,0.6840328534627726,0.8141368106850144,0.7163776923489832,0.9165567923467555,0.7311424535538024,0.7815346192306144,0.780700143209783,0.880166032046265,0.7814467111487521,0.816927427898244,0.8032519183588719,0.6634258733663019,0.8071732836425156,0.76274324094157,0.9682278391754015
0.8162266049536564,0.8567311718993945,0.7926690622495031,0.782037068262002,0.8013618616805596,0.8189590819442572,0.7907227783486721,0.8699905803747842,0.7985363628992522,0.7947278406120033,0.7989633870645036,0.0,0.7849521690249183,0.7009687152357889,0.7678297536846941,0.826906446274188,0.7833317490004776,0.7256155204862685,0.8414111662410635,0.8006173593904562,0.8473554291710718,0.7738761742999497,0.8423677255070635,0.838770270341566,0.8742863477734916,0.7953027848266057,0.7635284895002379,0.7668129700515923,0.7936798383807953,0.8270183505534033,0.8672805413567094,0.7691753842185743,0.7952534790632632,0.8311967196216432,0.81551382715616,0.7705700221695434,0.8513591025142815,0.7819379984668842,0.8158984917897164,0.7831432504789246,0.8062193137972622,0.7949393371106981,0.7490842435338004,0.8309410640223349,0.8401578693221694,0.76138883677123,0.8046811652977349,0.8019922918932278,0.8183744059968752,0.7472298414959349,0.7635899280795581,0.8351539761726963,0.6434303915983943,0.806792625781865,0.7840212759947388,0.8452038528617597,0.791041465767382,0.8828371096180694,0.6570418048469565,0.7652398247888084,0.7314804278935519,0.656689274424734,0.7323664281966925,0.7138838437619343,0.6431797345077715,0.654344230135717,0.7222237038713021,0.7298416197929538,0.6830397081721998,0.7913014467513442,0.7778693412251525,0.723058843924959,0.6925597938721253,0.7651981130364554,0.7350889484148072,0.708235104566629,0.7266846472374486,0.8572104563709364,0.7555014527246625,0.6928140643697498,0.6841055302841278,0.797764741883574,0.8437658874640637,0.7351636652479668,0.7697585809427332,0.8801950238585698,0.8109321030617818,0.6828911456497443,0.7729010145466095,0.8358583479510031,0.8019500758793314,0.8071857134881921,0.7769372758140702,0.7196739230765821,0.7093822185728892,0.8892206731133433,0.6489453684580699,0.8700104419108237,0.6977317850458999,0.7593034389793156,0.7135460691767356,0.7235592402449245,0.7119827194175468,0.843429401755169,0.7370074898957172,0.8162561380658084,0.7059249059654024,0.842092764417802,0.7580136355495708,0.8498551372859301,0.8419538689089884,0.7763410261303239,0.7178429701866619,0.7165379509497535,0.749261817250359,0.8587024500926033,0.7638276378681339,0.7694413258021636,0.7568496455037714,0.7457694654679945,0.7920090990848834,0.7901156232438578,0.8019489856397368,0.8439956472152527,0.7115133816547534,0.8474675585387786,0.6766904744860843,0.8483297865202792,0.8102922219422998,0.7221993739335726,0.7940372610147544,0.7505526977505173,0.7138519569255334,0.7914009017945546,0.7785632873889949,0.6499031942173997,0.8543992761362393,0.8098428919159933,0.7823521241375956,0.8550433559341464,0.6848314206935324,0.7393029007034744,0.7981973976269356,0.7014979245827752,0.84436352135342,0.7906785798013232,0.8999741849644806,0.6833096343585336,0.8671125852025249,0.6798127096073477,0.8434319130216035,0.6863677982963702,0.7665258700633966,0.7791818066216682,0.9228916496523181,0.7953819754798653,0.7684391507825588,0.8871195915952826,0.7392706115227679,0.7205199770977752,0.6317475892188271,0.7947204520630882,0.881013812543638,0.8330133562076559
