0,1,2,3,4,5,6,7,8,9,10,11,12,13,14,15,16,17,18,19,20,21,22,23,24,25,26,27,28,29,30,31,32,33,34,35,36,37,38,39,40,41,42,43,44,45,46,47,48,49,50,51,52,53,54,55,56,57,58,59,60,61,62,63,64,65,66,67,68,69,70,71,72,73,74,75,76,77,78,79,80,81,82,83,84,85,86,87,88,89,90,91,92,93,94,95,96,97,98,99,100,101,102,103,104,105,106,107,108,109,110,111,112,113,114,115,116,117,118,119,120,121,122,123,124,125,126,127,128,129,130,131,132,133,134,135,136,137,138,139,140,141,142,143,144,145,146,147,148,149,150,151,152,153,154,155,156,157,158,159,160,161,162,163
0.0,0.6837933950771352,0.5028925938203783,0.5275868041950043,0.3489391175604541,0.600659473248388,0.5130472323438119,0.5691572207614917,0.5516892052595591,0.6391171890456202,0.5973503503094574,0.5123160773915019,0.7453682975835559,0.577424427330954,0.5535183159373556,0.5309334739282365,0.5709416906268567,0.6323521859573855,0.5606875073764006,0.6855752754395888,0.542096087586289,0.6070549426316567,0.47936538391877515,0.5444553215523615,0.7343046350263555,0.5011809534192897,0.4621302283567224,0.6006590492286229,0.6274418717398802,0.4308609591207094,0.5926337469095663,0.659019716544378,0.5273712832493995,0.5600921059108279,0.6480076415488649,0.4820716040601584,0.6730487345936798,0.570381395113351,0.503815407860399,0.6085870686669864,0.4750164004891435,0.6246763871628238,0.5257946455872369,0.5590720216738017,0.6281310687036601,0.5414906676438441,0.4229328587063557,0.48954013538408725,0.631345184651128,0.4986234305865321,0.5171762453469432,0.535046664952051,0.4821632927378501,0.5797770112460127,0.5621023959604143,0.6455446945506617,0.603264652970802,0.4767426317664293,0.5332640720634435,0.5051998678068891,0.656720686764251,0.46476306309801263,0.5408663908776428,0.47749068508299986,0.5498507954787073,0.6259008439516863,0.617329544052692,0.5517516725607022,0.5299476447893006,0.6657540034091479,0.6288894672128916,0.5508358264480021,0.5730860680362824,0.6025276300045381,0.6208477131909371,0.6433969613897585,0.5223135356577482,0.4283653168799633,0.5306842970855729,0.4487693772765644,0.5865169296637517,0.5523215397935227,0.5072668427141807,0.6447469060540219,0.5466647672599566,0.6270821813307892,0.6538294672002007,0.4829352207680146,0.5596936950949349,0.5787331719471024,0.4744430539453647,0.48903164033422586,0.4839773839194088,0.6657482162816498,0.5546060301452462,0.6236167922602349,0.5147018693425619,0.5694152749985186,0.4947771190195213,0.592321014670707,0.5940397806713488,0.5419001271443586,0.4494150847166469,0.4910131724021828,0.5233395024799867,0.5175410814244573,0.5057176123762795,0.6495027720741778,0.507684626308167,0.5683999347963813,0.5846126353585055,0.502102372924058,0.6229445464834353,0.490892432865842,0.5866703434466698,0.5918325809998425,0.6271977559985396,0.5818863759160091,0.5756992224226749,0.5286385491515433,0.49068971267443784,0.4640112006693414,0.6368132170432194,0.5570844104498842,0.5667844648298644,0.6022673801804213,0.469637071600739,0.49327438917957245,0.6121356292704001,0.5742438350578656,0.5570349707083432,0.5256578218293002,0.5737099369762825,0.5857348981502574,0.6611597223161567,0.5916190578011908,0.568810887191915,0.5904100996831885,0.575406877910436,0.48409147414614406,0.5478122128320602,0.6325901993908831,0.5325580357667414,0.4646335830720282,0.637691098190498,0.5365869897583229,0.5006477851881281,0.4942892605307028,0.6694265812662539,0.4883670440303489,0.6414955487524626,0.5311706681519789,0.5150325607029527,0.4442899803877486,0.5686382024646968,0.6993904080691427,0.5714719820054837,0.5233072954310484,0.5706802286910153,0.5779042386702138,0.583784864654646,0.6548107600147977,0.4641803658951382,0.6316748038680849
0.6837933950771352,0.0,0.5116729358294585,0.5904659765889034,0.35654068702107683,0.5791835287120862,0.5500688134524426,0.6837689046012885,0.6479726066134545,0.7455668162145503,0.5451236544314327,0.5690130511531735,0.6127231393217935,0.5766766818137513,0.6409059112426287,0.5146125323962024,0.5606813073179829,0.6484080035882044,0.6115420588231184,0.6062421009984797,0.5563362596419971,0.635261787666183,0.5103545095523941,0.5259419732155006,0.7145313968517697,0.48592474807412755,0.5099901444835702,0.5732859879004406,0.637817470283084,0.4605146937154377,0.7063061701420219,0.6311854068628426,0.617048442316817,0.5493910524100004,0.6160088636875624,0.5271041953934691,0.5831541817295993,0.6139242263153375,0.5636993999428727,0.6230659044085043,0.5306090622872089,0.6644201744586351,0.5285616393170175,0.5359804104487274,0.6542643041792173,0.5803306341713159,0.4355989352917344,0.4416654935017397,0.6208924092939455,0.5254979085587969,0.5424658458304376,0.5308602736215959,0.5289926250157957,0.6271712360924608,0.5826539607442495,0.707513859060398,0.6172944827160175,0.5140497879796436,0.537854385614341,0.5521690776217102,0.6247519550016991,0.5006447624581473,0.5347125405761519,0.490447792004851,0.5787109576672713,0.594378745442513,0.5968567551921529,0.5268628869606503,0.5324569372147849,0.7461469785359742,0.6285765381490002,0.5632830347610741,0.5275280634338048,0.6144473651714619,0.6700563513522078,0.6055844370451853,0.523884429649315,0.4424931090214388,0.5597535672283519,0.42061867847047174,0.573518876793938,0.6474440228373771,0.5434864606240818,0.6071473941320453,0.5723509803714868,0.7210237881035826,0.5977221830412737,0.5061123738243235,0.6087628196224119,0.6632635500150507,0.5006927233088169,0.5620019591780732,0.5137105045598133,0.6134946548026623,0.5972073342237643,0.6854100630149995,0.5632404265287927,0.6126966704931509,0.527232058539201,0.6221723096254443,0.5891983735994789,0.5798295772782532,0.4772048577038439,0.5558789225985064,0.5564504155555783,0.5288496171864446,0.5350954608218647,0.6474045525852592,0.5475958238183319,0.5136797925849882,0.5748359184396526,0.5324685796813363,0.5439818455802131,0.5443160273797196,0.5965701424151775,0.6164644413745552,0.633253356449369,0.5776093526228198,0.5251607449529853,0.5838152933162888,0.4991610837635568,0.5293483021744234,0.5292093032437898,0.5791076750096098,0.5338796872875149,0.6388307336043338,0.5057028283680014,0.53368444360224,0.6186260088836746,0.6128174556799643,0.6524874897118662,0.5400310834766916,0.5387028358237457,0.6505170952994959,0.6052267659762213,0.5613654451928749,0.5385607684710837,0.6242876119233117,0.5845770281458536,0.5521787900008784,0.5659790676081924,0.6261909766073097,0.6134741925148199,0.512254779521728,0.6248388306182154,0.5342152953215716,0.562043103078806,0.5536215845428233,0.689259357742157,0.5169251516901728,0.634280076212491,0.5924821041374279,0.5565715304605701,0.4821762517074882,0.6448012792440052,0.6962919019901187,0.5030307071121406,0.5396197017030097,0.5591224075067921,0.5558996812010534,0.618275405428349,0.6297848772540403,0.5288062913884094,0.6027050993141295
0.5028925938203783,0.5116729358294585,0.0,0.45816439817917054,0.5010291542974183,0.5716412199169736,0.5444979336052742,0.4561774861171417,0.4269224023896742,0.49163991553380093,0.569894618212647,0.5680005836194342,0.5351130382175917,0.42074977955570275,0.549687002270867,0.7113468345317118,0.6379562101560118,0.4872910130853575,0.47319417381233314,0.4378213071224359,0.6909157107222815,0.6683722885466314,0.44054708888541433,0.6162239154222626,0.4789381615919612,0.6475861899478731,0.3995901141836199,0.42291325420207154,0.5706766762907273,0.5413470024319933,0.44948586955504627,0.5569686883980399,0.5040843291218321,0.4382927421995703,0.42439401839036045,0.4575723728283858,0.5258193556077999,0.48738444146165877,0.5350781051971274,0.5969955186923451,0.5157915511345408,0.5970227204654885,0.5872159520665199,0.5922665961731783,0.4658125985866023,0.5194508365651145,0.6041129410538171,0.5044230233255699,0.5085257958054669,0.508547046738137,0.577985169599149,0.673646441699523,0.4348294522295397,0.5651126810100209,0.5198033810917037,0.5043883621307936,0.5376929795673266,0.6225682251013358,0.41483590850596913,0.4687373769735232,0.436783624969528,0.48591889065325194,0.6234354747356584,0.4049032219372478,0.46611661905271023,0.4709156909070584,0.42920554082931694,0.6283242741344748,0.45792277673664356,0.4763143494297634,0.6291389994727672,0.4193615709884937,0.4081995190187697,0.6020004713104927,0.49608258892092044,0.42334718650039344,0.5914637231566728,0.6375569260796503,0.4671599410611078,0.47502639175042705,0.5686916067677242,0.47886186324292757,0.6464634212672398,0.4543058352127656,0.47496838120622936,0.5075839520604806,0.42902764447190017,0.41053578240005145,0.42890586198228775,0.45852642745479155,0.5895125560464345,0.41939255261388003,0.5445018786709379,0.46481175137424124,0.461984052039933,0.5318528502283717,0.4178672771442941,0.4448759742384639,0.42394779978036295,0.44620417561774417,0.4170342131718587,0.5025543746535205,0.4012097338286424,0.4284782566435685,0.4307574006926749,0.6467406050473946,0.5109172788782534,0.4836018939296171,0.554118477196502,0.515338878619163,0.5681784089237699,0.46774736840882264,0.4303297243359254,0.41080487310805336,0.4968070872154912,0.6573850553991125,0.44455600799594086,0.5328068209096274,0.5542273852436714,0.42325019147459786,0.6456728360553039,0.43277706642919683,0.44459059766758613,0.6479696480147628,0.3917156612661702,0.5834636490734102,0.4540215762573666,0.6480326678349017,0.5062528124606337,0.5035688158637669,0.453704623245783,0.7057077527624412,0.3955480940752406,0.4525238699246245,0.4543262804333882,0.5151005836563051,0.5411799972865436,0.5403138616397908,0.4434810203968698,0.46873975570939047,0.397223487266911,0.554865795028978,0.4557629460176512,0.42095899468577996,0.5528753477650471,0.4678096243825212,0.6516872412389331,0.5638566437842164,0.49141362255052384,0.4683413752016725,0.42982419332494326,0.434987112728746,0.4921502870601777,0.5623178935963448,0.5402065348756792,0.4650220017713534,0.43647943350089863,0.6817802491839813,0.39530709126267183,0.5285149417124873,0.47948489378343584,0.4268060074217181,0.4158267955574061,0.5895372829508355
0.5275868041950043,0.5904659765889034,0.45816439817917054,0.0,0.35405755285494633,0.46971271885799765,0.574432208803647,0.607430813036452,0.5328293870149293,0.6200495627390773,0.4832485293345564,0.5438606025828459,0.48150100228598697,0.5592010158299826,0.5981423386376677,0.4610617236922823,0.5306321901459611,0.5979013852555034,0.6368160939995915,0.49812236675073296,0.5293500444836801,0.5155600550209489,0.5627714036413247,0.44804917948899936,0.5826942534952873,0.47235172373870066,0.5452895098392763,0.5527878227927122,0.5661996503890068,0.43019592876484497,0.6195972884039546,0.5653282422506727,0.705383932599721,0.5602075917499442,0.576519764485578,0.6430895068766747,0.4703450601009896,0.6075849819442776,0.5552165802512876,0.5904854231992952,0.5864628194284995,0.5402298157842775,0.5262887892283264,0.5027317210759824,0.588148481592278,0.5530543509444004,0.4146008418115698,0.393438693427559,0.6073926186340731,0.559178793868307,0.5773378529841223,0.507640109983946,0.5506077545038757,0.6551046606256181,0.654274819337814,0.5086568339982368,0.5827716631403327,0.5191360793016386,0.5691016093037655,0.5871871292584552,0.5212591295518542,0.5347054484177874,0.5212149099077792,0.5366446663223495,0.5776694439796821,0.5381266502749924,0.5244083071778858,0.4403904045379445,0.5573267699444151,0.6197937043419636,0.5239048857749262,0.5764664397872923,0.5203887741881601,0.5900078289699465,0.5977702501486876,0.5191951078333034,0.5110624868950249,0.4297038879494208,0.559837037792569,0.3724901208058992,0.48825528961471204,0.6698360757307082,0.4491036508523328,0.5211292262411852,0.6438775796615688,0.5768723725021028,0.5040331553355147,0.5700917809511303,0.5838902037829025,0.4866265425191261,0.5419615686751956,0.6476477838473402,0.5496813048536562,0.530752955646638,0.6511829932502327,0.5440476160437474,0.5470277039931226,0.6113081090454499,0.599208152355186,0.6225615100411136,0.538196592915168,0.6028434390246761,0.6182955689333164,0.6314952326330686,0.6225703158241755,0.4846374207491123,0.5624913008909772,0.552644057403942,0.5501712193279102,0.4180931709685197,0.5753649649098176,0.6181460862641985,0.4780122367550492,0.5788681416733219,0.6005959689689692,0.5187733899952032,0.5927475361279254,0.5506881449738085,0.5181667681887278,0.6326826088482765,0.476962542244419,0.643838190278262,0.45637969687957114,0.5088919605516253,0.4725488595107473,0.5587048355798127,0.5737871628478677,0.48368567149019703,0.6416174582340411,0.584407627575258,0.5252370948434291,0.48608390360660986,0.4669653905883088,0.6108557465371971,0.49981614320721085,0.4790835515275385,0.42800250695606357,0.6320594906450588,0.5698576064420713,0.5789772841599583,0.562598673640818,0.5647479663423373,0.6610272629019518,0.6015936649229313,0.5493495551569684,0.556961224324646,0.4908795639397194,0.5134034927557612,0.5778158722382366,0.5321045310921507,0.5914207699588457,0.6222746247166502,0.5800675885963814,0.4562536184633054,0.6375098201343478,0.5215516131337765,0.4079099502630648,0.4681511438235477,0.5563339405351655,0.5657399974602082,0.5797853801693656,0.5520761171336815,0.5709212580759835,0.5115015859172003
0.3489391175604541,0.35654068702107683,0.5010291542974183,0.35405755285494633,0.0,0.3852012127888624,0.4307234439567438,0.3368589241694887,0.3210565125925204,0.35027955539750494,0.4036336652816592,0.4387623957695607,0.3602085084862231,0.31368360328863765,0.4101345461151009,0.47613364612486925,0.43555411824460005,0.35408947423267745,0.3629119809198788,0.3172573267008368,0.4644918397791178,0.426231123548964,0.36077787359083285,0.4344975211052513,0.3413830153823047,0.46882090719024855,0.32305725483225917,0.31810183348164095,0.39774775620131053,0.4948162526533242,0.337656488646382,0.3878180083365148,0.3838210809029171,0.335600237630172,0.3149241756497492,0.3644425725856807,0.36561507910079566,0.360915960447545,0.4251897742343323,0.4131025902145618,0.4131077358719996,0.39799998263362857,0.44117996506464924,0.4257443718114613,0.3383657293282369,0.3867471216797031,0.5301163308059912,0.3859107344208281,0.37581682188280124,0.39746419994792165,0.4422506561263363,0.4542253651797248,0.3428702146964975,0.4045251233945657,0.3947898949531831,0.34876428641050156,0.3894733497766969,0.49695748438745524,0.3173740042224117,0.3672724595485657,0.31483699505414225,0.3882266484999333,0.43576363148176334,0.3189687955061005,0.3515328672322674,0.3393708386068669,0.3138078893210492,0.42024979000734664,0.34649861552492406,0.34245650806815797,0.4101235759548803,0.3205427736619753,0.30385196443913604,0.4132557535222232,0.35409876436571136,0.31428057018898237,0.4437348022328346,0.6097637381598452,0.35462812746022715,0.38030861678364947,0.3859906631826673,0.3586540176377789,0.46021849497547823,0.3248449037092195,0.35891909380483583,0.3580455848149296,0.3120015064911261,0.3277294802978271,0.32459325171003245,0.3324748557318997,0.48247351695165425,0.3313234691640736,0.44818918233860294,0.33891136480278067,0.3464448690610289,0.37334693765180116,0.3169772832518965,0.32902122079585494,0.333076304603123,0.3297773527527994,0.3141817188146441,0.37994637182869045,0.3282520833824113,0.33635813255710995,0.33151367005646626,0.45164663097749486,0.389844876306077,0.34412795007016006,0.4213062470992673,0.36495958533075024,0.4134516862928635,0.36744596728096407,0.31126662089548807,0.3222578178563585,0.3651030056990378,0.4294534103199122,0.3278308111961849,0.40110299089415574,0.38706783694573454,0.3220332990858342,0.49861744858327456,0.3479523495214725,0.3199243223003978,0.4515598039444806,0.2945923313424665,0.40972854412008985,0.35842475313556726,0.48449244130301383,0.3626583845666075,0.3680758089059862,0.3337469462012945,0.45910963510161085,0.29750904015216595,0.33620538091749297,0.3268762689398171,0.3693830353326778,0.387015464151224,0.3953895019779811,0.3313923252204931,0.37881440556438106,0.3016385484734506,0.3856476107486515,0.34839985484639036,0.3360507339838205,0.3854246978605451,0.35529723250294626,0.46916698398553225,0.4283227207905507,0.34788711013551493,0.3621220028571501,0.32071904130186907,0.33600024747136104,0.3843656139910822,0.45399485639624476,0.39252382907132183,0.3310051059077262,0.32457015274485457,0.4621013702306854,0.3014495261575019,0.3952925200074913,0.3453481214242829,0.31468779573583955,0.3303836882354765,0.4068053357864751
0.600659473248388,0.5791835287120862,0.5716412199169736,0.46971271885799765,0.3852012127888624,0.0,0.4946154090086053,0.4698287847922521,0.4554800739235058,0.5198468682614539,0.6455836111469444,0.5170008380291885,0.6515622787355047,0.44998443824437756,0.5163921225597619,0.5709612296291298,0.5419645521638997,0.4857354267242939,0.4836629567247082,0.48976924391790094,0.5590515318063526,0.6372603678728863,0.40858062682222973,0.6168429104680028,0.5513293149721454,0.5322793440607851,0.3856662613091523,0.45818831856538994,0.6352845891711824,0.44329072119580143,0.48283350061022673,0.555640066734167,0.5033377698348904,0.45199709470139826,0.4775787067651026,0.42070299304131986,0.6739652507919301,0.4773175103950526,0.4929540906398303,0.542789360475196,0.4567983117542909,0.5957320898086312,0.48939758336600797,0.6406199491638581,0.48044885638790213,0.47139424522391593,0.4438048751859712,0.583809507910894,0.5052566323303191,0.43899900812905784,0.4945835216752858,0.5811791673252881,0.421989695542407,0.5597363217651932,0.5044499662616386,0.5952067411556516,0.5143460083940088,0.49621503795112537,0.41967032815805094,0.43035830171302747,0.5368973536185591,0.42686560099438947,0.5516133060369188,0.3892406574366653,0.4576299055033764,0.49921041818827516,0.49145323741540364,0.6453613005413531,0.42822348326492854,0.5237280853397748,0.626238268150498,0.43115370373619005,0.4521982547960968,0.5449159843208795,0.5130900073177741,0.4905769619732582,0.5153561595936375,0.48036482163556166,0.4549978692831812,0.5546819129317471,0.6666447550745958,0.4726796737772382,0.5955962905471787,0.5291179358453877,0.4586223839557234,0.5230434784208098,0.530011555391172,0.39718717141231186,0.44444474304508086,0.5278948552273539,0.4644936756920219,0.4192645232333484,0.46036248016648296,0.5291024210964207,0.46398787778676204,0.6508515369859101,0.43711469364994904,0.46893331773036384,0.4149434778900929,0.4646890992823289,0.47805859483312724,0.46834937429612394,0.38710228062108526,0.4308463076065228,0.42732651340711064,0.5063952555402332,0.4530086546659758,0.5190885792950269,0.46910386276717836,0.6567960494018914,0.5767685724997688,0.4311978174051846,0.5382546389197423,0.41274826199013404,0.4939128899164726,0.5986247552371987,0.4863996904847363,0.4925670220991881,0.5948436204127157,0.44004600891510404,0.5001281695245758,0.4160116057309783,0.5388581173379171,0.6197557693790376,0.4691502684306444,0.6324585764628082,0.4124300840939943,0.5099399053891357,0.5156478247408043,0.4801846716849343,0.47125331466554904,0.5678027000804035,0.47375148784051824,0.5049697970591251,0.5404036192322612,0.5592241918362624,0.5871408067009809,0.506128619840133,0.4442420117368718,0.43314595287193486,0.4675568823604117,0.5534267252976759,0.44767941699064495,0.4028727833814486,0.5935243784345573,0.44558938012840044,0.5393453443653258,0.5009401117725881,0.5155177249822691,0.434925061465997,0.491650969923261,0.4595175599693673,0.44427108873253807,0.4349940255112164,0.5304439351392403,0.5562975030663364,0.5632016981924061,0.6400146533020531,0.4722695053070228,0.5269425837253133,0.4999686354111841,0.5106529020517491,0.4071614180101866,0.660818577539262
0.5130472323438119,0.5500688134524426,0.5444979336052742,0.574432208803647,0.4307234439567438,0.4946154090086053,0.0,0.5123258339833592,0.47209294959469605,0.5717020371581767,0.5137896381124977,0.6306613919325325,0.5019824356507717,0.46910205804407323,0.6657913017746955,0.5397979092597377,0.5730380125714628,0.5395411758267677,0.548048552218157,0.44903998474182716,0.595854298516762,0.5784918877824904,0.5572020408281995,0.5245926844386974,0.5304171579484084,0.5462594721445898,0.48182553838803643,0.46911976683271245,0.5662297694910567,0.5225842764021394,0.5359046037405887,0.6157647873524035,0.6048103825869219,0.5182770157063525,0.4735187373380444,0.5415679730358044,0.502995836539871,0.5118484337907728,0.5895209800289765,0.6585085232556802,0.5469445953178698,0.5845640927804312,0.5915501608828841,0.5456016348922527,0.5312483686349344,0.5710009759714063,0.5184774765881655,0.42837587798706644,0.6322680161651201,0.5570305112483913,0.6716429522520776,0.5506919167758629,0.4808141537148298,0.632581828865876,0.6374400617868784,0.5098596462781733,0.5661572332952043,0.5919921488912849,0.48928418167126525,0.5531193602982021,0.45492984490900773,0.5327549301460666,0.5374248428613781,0.45309511834960803,0.5195692503358477,0.4893387233501308,0.47361974812399604,0.5215288081043157,0.500627877196503,0.520291584806419,0.5720467544975354,0.47571968948219834,0.43929298034412784,0.6538678861870196,0.5069579571240014,0.470262519318138,0.6374420818786175,0.5498248813324594,0.4891854988921338,0.4018211291015603,0.48484481728851003,0.5694302826155367,0.5409723336482002,0.44369771789672946,0.5325395080829969,0.5157740124100066,0.4468096073437641,0.5061382975933653,0.5025652662247407,0.4764119713356441,0.6297576216193574,0.5327640914344745,0.6119549035682519,0.4897200241001565,0.5268439844665457,0.551797692592258,0.4491159520743579,0.5007434214643175,0.490236613904942,0.5337958933497295,0.4613824350767814,0.5992911112868808,0.49583865388244985,0.5020389583761637,0.49146008785394013,0.5594742445451167,0.5509211807626142,0.49778424417518363,0.6120851920129238,0.4549833528259596,0.6475223917981634,0.5338175291146522,0.4389980044939359,0.46540276312638573,0.5250669131532638,0.5736149918544808,0.4906002871834982,0.6263760868287984,0.5128085479446024,0.4818755465746699,0.5511140425595557,0.5060437913341924,0.4264968737547542,0.6099873749668067,0.4066816263085827,0.5936848174079348,0.5285637176648683,0.6285156648129259,0.5385680522091523,0.5454093206504335,0.4806120380039533,0.5298507986438206,0.41164602409251794,0.48728547862297444,0.4561881054692218,0.4771980968153035,0.4686631496550868,0.626092807267333,0.49058303864360614,0.5472154873549618,0.4412359000820152,0.5627646321645695,0.5650851048328939,0.4862541417504643,0.5446530016744693,0.5625141200931605,0.5715376229026673,0.5622799341538723,0.5197572310181902,0.4633413227145698,0.4843891104049306,0.4928678529676985,0.5502324243420682,0.5773187875569277,0.5915106567624697,0.4869428910780045,0.41917839064132517,0.5594757289404324,0.44886955043777393,0.608035178548323,0.5037166325961112,0.4579238638597758,0.47010496063141904,0.5359347277704778
0.5691572207614917,0.6837689046012885,0.4561774861171417,0.607430813036452,0.3368589241694887,0.4698287847922521,0.5123258339833592,0.0,0.6973647604901679,0.727437094943528,0.4618343398763453,0.5398818486882783,0.5076145320450008,0.5807194538024398,0.5931639558965278,0.4621602183960016,0.525679535850598,0.6784050299862976,0.6363308887424054,0.5859920807249482,0.5097320930187674,0.5235987303829043,0.5778229026520426,0.45093186580524974,0.6455919009509452,0.4452220284469662,0.612952615582826,0.5998636125147381,0.5332738823295906,0.4468867862263706,0.7467333819206395,0.569142103453108,0.5948659460967816,0.5803590024198207,0.6034782134652709,0.5874308218656543,0.48019679657015746,0.6602801759134895,0.5346493905568243,0.5739671768639032,0.5475176999412594,0.574442063270808,0.5153797547692461,0.4586964333574616,0.7028236897220017,0.6090169921617964,0.41721714260886456,0.37976978541379,0.5977985001257741,0.5522364451859288,0.5190449492019997,0.4806161134302785,0.5649344042998293,0.559141449236309,0.5521565659272841,0.5870446496759412,0.6005215255280831,0.4955965952619112,0.5760657964473417,0.6166553799178754,0.5456808601281679,0.5221796900138782,0.4920353558131452,0.5576828778750351,0.5926251915458727,0.5732282466888513,0.5479903810326855,0.44345269546278854,0.583795555969917,0.7325587954060587,0.5298833569448915,0.6160314450534878,0.5153133466251583,0.5652734002503983,0.6769739092830535,0.5708631413311815,0.4784441938311672,0.40764884421583764,0.6202723477036711,0.36537857518997885,0.48996803904285696,0.6890615643495508,0.4690962749884614,0.5684195974806242,0.624697866587842,0.7407895710775458,0.5327324213057398,0.56352395293213,0.7237102680570465,0.5825589643998206,0.493495333908002,0.645688327255223,0.5062461611626184,0.554217207129703,0.6180418854298507,0.5516383470460198,0.5930709450842006,0.6864834888349609,0.5817639714415191,0.6685321232315496,0.552953368255393,0.600654614730946,0.5413369998157849,0.6488116677456811,0.6360206240314746,0.5103265452081054,0.5626376888107393,0.6534022094929712,0.5538000419095683,0.4303613726437229,0.507974184695133,0.5867452850587525,0.4749023549544359,0.6418313733898767,0.6067461281955285,0.5491206175717448,0.6687077749343262,0.5551958363245708,0.46604071817948406,0.6607427033700247,0.4638181796321856,0.6117361262081382,0.4744563740852328,0.4979367107130718,0.4918193672743841,0.5416658702517589,0.5510399152087238,0.49478938602858724,0.6197019451614947,0.6228767616180285,0.7282169954962223,0.4881100987192136,0.4992236301244903,0.615854220969044,0.5293308424613267,0.486820628602233,0.47255172668173273,0.608114139656742,0.6636334540532817,0.6161186590250117,0.5417434821339107,0.5638233218449239,0.6875635517463534,0.5745023480432311,0.544027614481341,0.5578043909178657,0.5087496101480995,0.5284622919543445,0.7103138657656604,0.5656246971413476,0.615973616949381,0.6214474307205924,0.594599187710804,0.47906166766462355,0.6414427505117021,0.5894546373688259,0.4255528930994979,0.46715960450577015,0.5173665813936028,0.50904585073139,0.6135627373309098,0.5854362941538861,0.622448571636306,0.504078871914342
0.5516892052595591,0.6479726066134545,0.4269224023896742,0.5328293870149293,0.3210565125925204,0.4554800739235058,0.47209294959469605,0.6973647604901679,0.0,0.6438351747463196,0.4442193498561275,0.4835665100811773,0.4891764222228903,0.5784406839006204,0.535901778025518,0.4276419105840381,0.4675849796691303,0.5964545582152171,0.5374112303571594,0.5590990731381804,0.45720924286149234,0.5106761601567295,0.497621470340233,0.42325939095751225,0.5930692880520615,0.40646838617534736,0.5687658557480176,0.5393153570727831,0.498429172084238,0.42210848572968807,0.6799673272212752,0.5162883968934154,0.5239670478148114,0.49790322405245935,0.5878737067690138,0.5103984443209734,0.46951878891785886,0.5792579090288779,0.48827482099801006,0.504781663043219,0.4725573428497964,0.560620184052464,0.4537075410174703,0.43009845367792116,0.596113356060562,0.5102571591673728,0.38501535761847716,0.3684528348432067,0.5318265424537394,0.4868609253027057,0.4625556967770079,0.4318104304699095,0.5127148332538183,0.5012226680511311,0.49296733841291646,0.5965868885189072,0.5223479028263938,0.4489515894936257,0.534143525119103,0.5265114233818642,0.5362957846561205,0.47097136169811377,0.44227103988894634,0.5138446425664317,0.5368487919485805,0.5128058261445161,0.5474079282412796,0.43240429513639056,0.5292165847018231,0.6751179682835249,0.500330481778528,0.5646267500772495,0.5082257840674101,0.5031837460344907,0.5981137745642935,0.5396316490082236,0.4423204790432169,0.38178501088167627,0.5082991602911281,0.3545711125763687,0.4591384919170408,0.6243208097159827,0.45280940005411513,0.5296053220536067,0.5328278309386982,0.6315063840130722,0.5379814300797127,0.5168552056917224,0.6032848710979858,0.6134283172878551,0.4477600007985341,0.589660381289543,0.4545919766110887,0.511017543540006,0.5724310622745366,0.5378343173774144,0.5566653671046402,0.5829532336700788,0.5470044215303917,0.5756422887656323,0.5473373921673091,0.5219540323326516,0.47685160915048475,0.5464114095191487,0.5591066266079334,0.450069488614876,0.4781348637303726,0.5760251437894489,0.47791226693142747,0.42038162552162467,0.4623624347857526,0.5136065007827242,0.4741895865619036,0.6027849709260866,0.5127985233112454,0.4980682392453591,0.5689355188663472,0.5041125433712051,0.4288310674097663,0.6320772072529252,0.4312367774121333,0.534804251462127,0.4575360239037834,0.45981130412605814,0.5147896965680621,0.4901617552594583,0.49712079355189226,0.45611986931576737,0.5215101655965891,0.5523494955341833,0.7559497526060959,0.45367625178019194,0.5081329821351376,0.6136456325705157,0.5192028208263114,0.4692348297430039,0.44557154975487906,0.5292209284445425,0.5662870867097175,0.5337611442414776,0.5242701635872863,0.5319301010113178,0.6127032953514665,0.5352441846230589,0.5072792791573308,0.501504305612363,0.4839691753623366,0.47436866443207854,0.6071487990411104,0.5043787789633164,0.5775836063701069,0.5597020391695707,0.5302831369347,0.4420029010913509,0.5387960852668495,0.5904025194845873,0.42723207252057394,0.43586858630028763,0.5149933158154083,0.4669483886101361,0.5382413758128496,0.5753196702319214,0.5630012371224972,0.48547060811755877
0.6391171890456202,0.7455668162145503,0.49163991553380093,0.6200495627390773,0.35027955539750494,0.5198468682614539,0.5717020371581767,0.727437094943528,0.6438351747463196,0.0,0.5070654606472825,0.5535188726709058,0.5784248205798656,0.6137840847962527,0.6235827250265188,0.4966426964461552,0.5571375260816132,0.7003175856971441,0.6102545768871835,0.5905545439051229,0.536972998261977,0.5769966721271748,0.563976608637478,0.4851170776297507,0.7191588807065301,0.4785159252049858,0.5683889710421433,0.6003303213775618,0.5935725665519217,0.4561314770820338,0.7139554435268636,0.6574939993611755,0.6110902480893494,0.5887114759475076,0.6233236148971957,0.5664055898807964,0.5428266817504896,0.6247861653199916,0.5380047354605738,0.6325025439397249,0.5280240702513497,0.6382788605490967,0.5390072944918878,0.5012350587049753,0.7159480231169613,0.6085855217502563,0.43789999366013155,0.4135585185797316,0.6679740290848366,0.5506896626410056,0.5544489019898738,0.5088058143572227,0.5432832847292174,0.6034639248323536,0.5989010769394278,0.649965125483991,0.6117908570452375,0.5075995979996715,0.598952330789565,0.594000308346515,0.5859925351021359,0.5287473211903999,0.5187249533451056,0.5335908688968596,0.5955401415872721,0.5983019650424553,0.6015010082651027,0.4991395476699367,0.5946132384049039,0.7511300358898778,0.585977657477398,0.6022381804579088,0.5461119777225739,0.6286562578780114,0.6615603243809548,0.6126959237892821,0.5281106552533678,0.43405990257922455,0.5704155450129462,0.3921226537093147,0.5258332505566954,0.6719795029280413,0.5025605057939199,0.5775128732148143,0.6090757109454417,0.6831931586570668,0.5719389416892917,0.5699590832907986,0.685954169017317,0.5983551175228391,0.5140283447259565,0.6198178065997693,0.5235840698074408,0.5850428124036187,0.6294762660804453,0.6166083543642441,0.5599280377831938,0.6578423284927538,0.5667715844885345,0.7102947497553636,0.5770522170568446,0.6249253267500721,0.5282517537521734,0.5943083323208624,0.6014919356699601,0.5292894781783786,0.5616808474626196,0.6557185716018622,0.5702138531852461,0.4717499296121358,0.5626581750061594,0.5668880210409915,0.5270854652904963,0.5821352121368142,0.606717422104762,0.5808295087669986,0.6592825866418233,0.6043336013435349,0.5133545710952355,0.6324605359011324,0.48303256390828947,0.5655987033233836,0.5039312044989662,0.5425391152676248,0.5079515842357238,0.5916946133908383,0.5531580181127095,0.5230289760852739,0.6371421254774082,0.6390214493988408,0.6686016330613905,0.5128644767228154,0.5169150933360965,0.6040044332948208,0.5544548289311081,0.5190383201322835,0.4963355877945663,0.6388952777492837,0.6290535062553109,0.571540992799778,0.5596415186563465,0.6238095734625417,0.6732755971426039,0.5470149399372178,0.5890762127406493,0.5968927058800536,0.5232696278203759,0.5441517815763773,0.7198950516878817,0.5268153363719479,0.6215995902149779,0.6011496104759457,0.5715206387496089,0.49946321071743466,0.6398856479383491,0.6360997409301187,0.46248645045357556,0.506411829645338,0.549782647516626,0.5711380065650166,0.6418169834859293,0.6044699601984441,0.5586378367258199,0.5437099338526277
0.5973503503094574,0.5451236544314327,0.569894618212647,0.4832485293345564,0.4036336652816592,0.6455836111469444,0.5137896381124977,0.4618343398763453,0.4442193498561275,0.5070654606472825,0.0,0.5317437774037362,0.6385735575008211,0.4630594513671639,0.5118277006221406,0.6374602561513087,0.600916442936414,0.5010693178266571,0.5037496823485559,0.5040655670684924,0.5958237781361684,0.6415581669556153,0.4365074578040971,0.6376172262653134,0.5525654220539893,0.5816943152932994,0.4045529624033464,0.4881232115520242,0.6839558340068193,0.4572156326400883,0.47634739669218956,0.582650905941244,0.4901280168582389,0.4801074237348913,0.49184960123174254,0.44098395753328384,0.671244985993186,0.5056185037962226,0.5294987775940448,0.585242453308597,0.46579716052777653,0.5925321732432444,0.5202088066338948,0.674996051481337,0.4877950279281844,0.4766952916002109,0.4355262462876329,0.6162923303457314,0.5558095783605,0.46331787387239887,0.5217947373818168,0.5783822624827663,0.422306094740167,0.5799338774711738,0.557996713619803,0.5274958545545729,0.5516877494768603,0.52290682375537,0.4342283398555231,0.44867987035021906,0.5263746446204732,0.4341866992996195,0.5625422673625445,0.4130596638629422,0.4644003640747448,0.5017247873819793,0.4965908874742638,0.5851860804897644,0.4515778132080482,0.52661095245811,0.60624293020773,0.4502305250317571,0.47153945243037726,0.5800745864232593,0.5226225685565623,0.48013008704330556,0.5796840124573363,0.5056116603427416,0.4642156915814645,0.5508653415767649,0.59637922626074,0.47278354325524413,0.5484748889121539,0.525580184535806,0.48864985817074297,0.5158048169516345,0.5294861895739567,0.41127757305925405,0.4428690018905154,0.491096040123196,0.4980630180967366,0.41645895576969205,0.49565208682479656,0.5412630698884296,0.48360307893887816,0.5777619140479363,0.43240253612826773,0.46070769773611414,0.43485316187618894,0.46385869565853943,0.497372064530378,0.4977741787119507,0.4002941209656921,0.4243018357752209,0.4399676653307046,0.5157046318133937,0.4718922867582729,0.5298376886650645,0.47706305361398105,0.6172751982254574,0.6416402818819175,0.46415395415093247,0.523671092015761,0.43305464487971473,0.5066836766819295,0.6003645636668417,0.48380962842035846,0.55347036220418,0.6272319203505388,0.4472227423188893,0.5578702683880548,0.4219036302308361,0.5548440827835182,0.6132950704321433,0.47310408573306983,0.6214957400295907,0.4249553594643225,0.5217152575323174,0.5389665671287887,0.4922147797949701,0.4543891491212698,0.5874250507163312,0.4919106264368127,0.5178668212407489,0.5585041947161201,0.5546119233187149,0.5610075684001863,0.5359710605231656,0.47109215653194364,0.44936661669503347,0.44771904608153423,0.6017198584233576,0.4538218156180497,0.4189421659286513,0.651409858178711,0.4592551206300127,0.5221888341356818,0.48884198406548596,0.518684267193981,0.4705661017280744,0.5096623524834656,0.458321127816468,0.4869056401838127,0.4342263622769289,0.5337117817419328,0.5416226627497475,0.5737356419587646,0.5983491435681375,0.47730284104945925,0.5916596774366888,0.48033764648952293,0.5109907046279388,0.4141560299154708,0.7882830390910774
0.5123160773915019,0.5690130511531735,0.5680005836194342,0.5438606025828459,0.4387623957695607,0.5170008380291885,0.6306613919325325,0.5398818486882783,0.4835665100811773,0.5535188726709058,0.5317437774037362,0.0,0.4963169716580615,0.4351742834965733,0.6440487843259572,0.5824914282817814,0.6044140103634823,0.5248732120166284,0.6023638862655631,0.4638649828679979,0.6413315229070642,0.5857173270353868,0.5596344830222469,0.576220896608818,0.5449554832137216,0.5507774756779409,0.47447597752369014,0.4810465747079718,0.574082523962351,0.5958535801502884,0.5444557711661266,0.564239149031365,0.5908467076285142,0.530641520793927,0.4642137508340137,0.5151860610515338,0.5025411689701428,0.5319124647554818,0.6381882363465591,0.6232860410741596,0.5870737514827682,0.6028334179293902,0.5874141861951683,0.5499793498304045,0.528779838210534,0.5753251795888469,0.5171148181946634,0.434605272058583,0.5856846307207293,0.5289399368724859,0.5945469652455735,0.5866019163661509,0.46176308083707357,0.6015934286449134,0.5760624243720921,0.5230152961243634,0.5822739090330072,0.6961348110521205,0.4407316613653474,0.531596030319576,0.4491395980831182,0.486976080553769,0.5472212576052643,0.43389133842951605,0.4858893014434058,0.47486178842552457,0.44563923197922717,0.49710188164908914,0.470301074033243,0.5366254118595943,0.5542462181095229,0.4553599679323227,0.41538512506451825,0.5979367161311625,0.5284048275592441,0.45498854344366557,0.563443291769126,0.5577734632027935,0.5309605727822567,0.4154609192266681,0.5021527165855457,0.5425412673901433,0.5955797794010679,0.46244904012515886,0.5253368963027786,0.5724053843904218,0.4478358223514865,0.44902529434445604,0.49590167096927473,0.5040192951478593,0.6019561781772509,0.49654363460146206,0.581175164977537,0.48585587923445406,0.4900244948047906,0.5704287096954871,0.4415394388388954,0.5169470105680816,0.45951356876576155,0.49574241060727464,0.44801456218123925,0.5581186212885112,0.45961072978729767,0.5269448163078558,0.47264136985005206,0.6039518201123807,0.5393968528815197,0.5488807777863416,0.5858932675468262,0.4739561159184132,0.6185930300157299,0.5199778105382844,0.418969931431907,0.468469272658994,0.5319651839127167,0.6663043644534186,0.5005035180945215,0.5907671131409011,0.5035130620257676,0.4706295522005278,0.5670520952975215,0.5008994746331118,0.43817843977424376,0.6351644032686579,0.4022879065883056,0.6365053065915162,0.4744174579841214,0.6653728688689298,0.5554416452592015,0.518626229394569,0.5123551606950388,0.5607308406021851,0.41400104749385264,0.5001864257317054,0.46621786957671874,0.4682795407030461,0.5357376096351035,0.6027020406033612,0.5029319635534062,0.5745623247414388,0.428980193543062,0.5367226856939464,0.5237346769430211,0.45981194336891723,0.5567914385413433,0.5147393501032441,0.6508969480003016,0.5794310348661639,0.5501916241221747,0.5016955260418365,0.4895029364486516,0.49036841860084857,0.5649002309904929,0.5530731307698931,0.68874769848454,0.49090258905494616,0.42904823413848214,0.6235530257183403,0.4292353568370781,0.5368730051066626,0.48667948106827613,0.4621901923846416,0.4722636625102861,0.575678126039854
