0,1,2,3,4,5,6,7,8,9,10,11,12,13,14,15,16,17,18,19,20,21,22,23,24,25,26,27,28,29,30,31,32,33,34,35,36,37,38,39,40,41,42,43,44,45,46,47,48,49,50,51,52,53,54,55,56,57,58,59,60,61,62,63,64,65,66,67,68,69,70,71,72,73,74,75,76,77,78,79,80,81,82,83,84,85,86,87,88,89,90,91,92,93,94,95,96,97,98,99,100,101,102,103,104,105,106,107,108,109,110,111,112,113,114,115,116,117,118,119,120,121,122,123,124,125,126,127,128,129,130,131,132,133,134,135,136,137,138,139,140,141,142,143,144,145,146,147,148,149,150,151,152,153,154,155,156,157,158,159,160,161,162,163
0.0,0.8471572873887806,0.7474081520148591,0.8369652180214542,0.878633847375188,0.8423519273871979,0.876673726257666,0.8500724706896045,0.8861394943998833,0.7818491849278467,0.8743725142394831,0.8557930705635505,0.9342291477783986,0.795679328461136,0.8613253650145342,0.8844209017264879,0.8937099534525645,0.9583612148409442,0.8537708511644719,0.9409135130249141,0.857764778341231,0.8444312404741703,0.907721417018029,0.8660194705042555,0.8882190304765363,0.7697022068230943,0.918027517773594,0.8987227922910364,0.7213727026469862,0.9338195496623476,0.8670827961976338,0.8755025855304113,0.8051382555237172,0.8482347301051425,0.9104601326466063,0.724966751242805,0.9235958410359435,0.8246350731017559,0.7777957668270798,0.8952444229503972,0.7409146437354445,0.8864953068554727,0.8390118810501632,0.7943848574601083,0.8701075333639003,0.8964519010638388,0.798043103135858,0.775283994227159,0.898551845912046,0.8506189043479493,0.87316337740752,0.8295874206989261,0.8177286009843824,0.7774039938228542,0.7528825922741604,0.7962349669953384,0.9171966433525426,0.8891433861698859,0.828934585941499,0.8782048330034704,0.808054038086263,0.6702953042049244,0.7842448473053599,0.683233459967313,0.8184820416148233,0.8044697775358631,0.8657013995978688,0.8357564715383836,0.796020414381398,0.8983768593579528,0.8622442733073514,0.7984862213283872,0.7952234106650794,0.9090080611818695,0.8564086613665537,0.8440617439647433,0.8282366651473971,0.8627797901349405,0.7882858103522025,0.7357523315255878,0.7232008996146512,0.8893741001710306,0.8721543262336309,0.7538319200194437,0.8379869678469116,0.8618298716091344,0.8630600785963455,0.8747366107106134,0.9059942356719336,0.7901078264947113,0.9217578601303466,0.8416608355569252,0.828182672569807,0.8270987028244998,0.8366991489780328,0.7811217909420201,0.6375598679684592,0.7751958301491518,0.6663147254027593,0.879690743049445,0.7536441883959056,0.7604731158544775,0.7459551482920269,0.7182862326306351,0.8161861292345661,0.8702070676955929,0.7667973231208091,0.8872414327009148,0.8599837299146473,0.8425887828503099,0.842745553569633,0.8135542878901342,0.8699814065063921,0.8631142584545638,0.8236204011387259,0.9331680042040451,0.897802875239067,0.8205136482292614,0.7097273337188351,0.7677844637900975,0.8537002551510621,0.7316142554829439,0.8556311304153634,0.8917114955655159,0.7870541162481297,0.7758241592707044,0.7393347673985587,0.8334893172592022,0.7204368983236518,0.7938652719891502,0.839227823089508,0.7877075282209478,0.8274137494496961,0.8327464767989653,0.7685330786838066,0.7063074566368309,0.880964038386574,0.8602520909347788,0.8429145365512151,0.8846503977453544,0.7400266811154667,0.7883458930252192,0.940832839558137,0.7006059538621249,0.8153772176917681,0.8896462008825635,0.8173671491085621,0.8025277688740945,0.7961511379304257,0.6373669472867575,0.8918561226289391,0.7975797750482213,0.8935280713987308,0.7813237315332482,0.828439659451483,0.8775494860549832,0.902014651026303,0.8641892093663284,0.8140359229067969,0.7970439605243538,0.6886570634759112,0.9092832557558505,0.8318643035902115,0.9625126618894286
0.8471572873887806,0.0,0.8817662202591724,0.8003492341430556,0.8305363322362259,0.9383096883255502,0.8439967384041114,0.8982850697895868,0.8333198377997536,0.9375235366851467,0.8381797841968794,0.9419828703065444,0.9038264813999265,0.7799603366574288,0.8806833669636516,0.882180797582857,0.8423654844736906,0.8115589721575989,0.8282477912019469,0.8847542592511287,0.8826090548989469,0.9154847936003491,0.8201312050183307,0.8823331165339574,0.9251566179760657,0.7183889198723006,0.8530718950450417,0.7897592221675706,0.8673732648304345,0.8518838642752394,0.9094908234600944,0.8629559590217426,0.8808545570997981,0.802678530108005,0.8572253336339075,0.8100820824978334,0.884385514182617,0.8013154280546844,0.8383217270504458,0.8511279493030469,0.847428156829117,0.8673770779613097,0.7776092527660673,0.8233778510239659,0.911013618627806,0.8385482969642175,0.8553930974607947,0.823118629520226,0.8204061990255046,0.7981016408519624,0.7837747034972192,0.7916841206877503,0.7718120281323158,0.8578279717027898,0.7910000073804374,0.8584590687105764,0.78074823242477,0.8885550658595198,0.8036269256329943,0.8346893264864466,0.835071557398427,0.6641278869756367,0.7155485508327842,0.7309806598366824,0.7039129440678317,0.7035684380712708,0.8343644585815511,0.8310426128446858,0.7539394453246936,0.841407564997645,0.8121859452812319,0.7461034616617812,0.6800057003834473,0.8540883866663704,0.8475762344287648,0.762217159109681,0.7615895965602223,0.9035382054973835,0.7387339893324683,0.6741926991280554,0.8302725373929672,0.8106406716842459,0.9201761422478527,0.7842866695159438,0.7078031884017159,0.9055608007249577,0.8018419339280272,0.7475230614767119,0.854567197565575,0.8426988772774526,0.7849673551546288,0.8892516638977166,0.819394519759441,0.718501705923865,0.7323971233700504,0.9343396851634377,0.7007175007964312,0.8824110628980393,0.6455150495809878,0.8430862391448567,0.7663763490123969,0.7410670062465435,0.6740033250221125,0.8684955767730763,0.7381612469503431,0.8563937661739663,0.7831278504216214,0.9152653731857912,0.8922835447272321,0.936659580736243,0.8178297739503159,0.6998244434453963,0.8034407863432157,0.8007095358195341,0.7360481691694737,0.8631439668111514,0.8455408836468097,0.8219567649538986,0.7818704693080887,0.7413613470569104,0.7642743243558534,0.6987391615217833,0.7972694306435241,0.8591663055580957,0.7149782938098304,0.8978870671920937,0.7029549424640771,0.9027012918191172,0.8542025874234254,0.8249618157620799,0.875859671413352,0.8062503407377097,0.7118798274165096,0.7730055778926098,0.8505056226769953,0.7157390477170229,0.9115114073932301,0.8414341614958942,0.8874404256094528,0.8573544459825886,0.795469670765856,0.83428871839669,0.8897588672924464,0.7482316367099662,0.8860944923731231,0.8203147555388833,0.8814475254006942,0.9053185342053066,0.9335296407312108,0.7010370051148644,0.7634655986320992,0.8233367181859946,0.8239088905505696,0.9127688135853612,0.9198708469933629,0.8664493706413489,0.8154850343055483,0.9090969265948147,0.7572747234882262,0.6724211965064173,0.8261218741329627,0.8111529227027242,0.9477528056646897,0.7976404556024519
0.7474081520148591,0.8817662202591724,0.0,0.7317085905509967,0.8297562422322007,0.889946793473206,0.7078042294334,0.8608538729824979,0.7558542702916505,0.9028323725893524,0.8195673508671169,0.8369901279204561,0.8316876714518606,0.7154464288464791,0.7835004978715912,0.8617144972600931,0.8114967068977537,0.7626278925201483,0.7378984809345249,0.7946536658303991,0.884940097111205,0.947525683723563,0.6953675883807553,0.7727547122863534,0.8395915702587714,0.7055072453873219,0.7568186130686976,0.7039150077754247,0.8376949969343852,0.7589441786245942,0.7695464965986062,0.7777151460038961,0.7910824427982556,0.6627434680826703,0.7458741667935993,0.7896013417435075,0.790202598096423,0.8026520758989784,0.7574120360680018,0.7449311379056067,0.8125458554819857,0.834821015191781,0.7798467836703533,0.7674296639472781,0.8100873757804086,0.7219040761344238,0.8004515224246069,0.831333093001821,0.7071754826293403,0.7762953809559442,0.7145718990304379,0.7648613301424955,0.6866125365108404,0.8229648062073769,0.7410059635391147,0.7558168683523283,0.69427232422325,0.8814539174663321,0.752091513980907,0.7076387409033735,0.7985424832237177,0.6268655800341251,0.7760428209162028,0.7365880904658628,0.656739798848196,0.6548323263305756,0.7231921719123537,0.8195366812875075,0.8387511087193571,0.8394753568328638,0.7838590263436079,0.6495873538857893,0.6756235025535684,0.8062651401119582,0.8514779027235047,0.6132997383956322,0.7012739225630047,0.8083161149848974,0.6854204915701383,0.5793326283714525,0.8907283003821698,0.7477794940581735,0.8214444063163238,0.7965179723624822,0.6581743019947183,0.845548511653731,0.7748290775733767,0.6717203878716499,0.7094822711505859,0.7196128928327251,0.7660293662451968,0.7292043188958424,0.7547072636710671,0.6026041489823533,0.6985658393881663,0.8736584487964973,0.7101572857674933,0.8042032586891971,0.59265180971429,0.7008497803555637,0.646327650157123,0.7345051213623413,0.6387675354872502,0.867972428958288,0.7027975144693873,0.797354190946095,0.7613283210544391,0.8608239309332394,0.7767008655156606,0.8392521811986827,0.721195251667459,0.6714426993456521,0.7499241968417122,0.7608206700710206,0.6592576717573156,0.7645400717186942,0.7094584332910839,0.7727208842689914,0.8470685924641185,0.6872561121235469,0.7113138164393299,0.7013043132567557,0.714447796047717,0.7269068506121437,0.6356281603774865,0.8219955779749801,0.6608232263975651,0.7983798943341867,0.8399748031658806,0.8023170801736276,0.8132848605341382,0.9021125969908871,0.624081473751481,0.6906975028501144,0.8437308484241248,0.6987810855197667,0.7846908581143943,0.7312311346827721,0.8616322270584174,0.7542259131371226,0.7624205898039886,0.7932795720978044,0.7401095597134932,0.8041878714449088,0.8294437296022541,0.7406689773028685,0.8434026187705509,0.8151942277726548,0.923193472097824,0.7041331003055337,0.6598868671866901,0.730058443347382,0.7824933951049943,0.8719545512533758,0.8661017134407362,0.7827532859360772,0.7026521299319742,0.8175699860755804,0.6438264722055965,0.5905430631075238,0.8506698772483527,0.6722010112176041,0.866752850256272,0.7255780175751874
0.8369652180214542,0.8003492341430556,0.7317085905509967,0.0,0.7867301897162196,0.8104376815012015,0.8600013146122691,0.7990542482827472,0.700816562910862,0.7667665010510174,0.8829818705681641,0.8244125471272598,0.858520885104824,0.76730645952283,0.8456798568593248,0.8261371602475106,0.8464368511915361,0.8377788536839321,0.8602819504449216,0.8015280686864859,0.8502692444644664,0.7909966453394268,0.8354159142694753,0.8228393331049348,0.8277841697428868,0.7896903217993303,0.8363357002918593,0.8605246825437709,0.7751112534190263,0.7649017752677026,0.8024121245596282,0.8349927280302999,0.9161558617363268,0.82124117708008,0.8397816637429141,0.7774695974064195,0.8467191000802269,0.7769678421563111,0.818929082419287,0.8895756357841502,0.8270576745963875,0.7302885075094199,0.8189679710711254,0.8572675996094669,0.8258639215815895,0.8289404959156657,0.673571381417107,0.8160885741895271,0.8547363429238938,0.8119095816391437,0.9126338449284831,0.8189653731966011,0.8192206767903063,0.9003063362297125,0.8479745281340932,0.6612169389589739,0.8585902395527076,0.8446840657726402,0.8421864753922264,0.8444924774318517,0.8798210636747591,0.657084178644063,0.8204786898905598,0.6599995610912217,0.7761696487112855,0.8086730747026744,0.8555441991614097,0.7343328620324897,0.7455206624950367,0.8372851089387598,0.7728137719820007,0.7694500260186621,0.7659415016700357,0.9141520918187394,0.8167777268377376,0.785020118250734,0.8588737638526869,0.8309506520019079,0.7849031991441947,0.7222189737196629,0.7407448034047701,0.804972927940985,0.7495137490296118,0.7657180410765491,0.8231238525425308,0.752442840278004,0.8224861153242187,0.8409523778751028,0.8317123623820908,0.6735133795171242,0.8508696061288147,0.7871912069514718,0.8545030682528618,0.8116078139509122,0.8378361457027085,0.7593136990657846,0.6818776801156553,0.7227506441238842,0.6251647456134903,0.8597642583667232,0.7822859844456433,0.7990737558024293,0.8354725464379439,0.7385331126285133,0.802344235668129,0.7635583131792617,0.8220242579564775,0.7790443687140636,0.8457927762761361,0.7781292020406478,0.8915441141863072,0.7828646940403076,0.8718485725061498,0.7998587549023759,0.8427854680318412,0.8056615790155162,0.8378922689100514,0.792400590438236,0.804567650884316,0.7078739926240581,0.7671577986558303,0.7873642115378194,0.7541392284350509,0.8556342687072315,0.7020568428105904,0.8311917073633664,0.7130248209713477,0.7795675412948325,0.7805535060454274,0.7810209360204001,0.6817248998673316,0.7376242106291411,0.8020302841983101,0.7815117742386714,0.7834463494375077,0.6845684476010081,0.7423930901805101,0.8500012933542935,0.8263110709088395,0.8365360280271432,0.8867273072293241,0.7465293755503977,0.8649996422492946,0.7300232475726154,0.8189641298045862,0.7655899030111564,0.7077225825978526,0.8076259242793954,0.7399236987307174,0.6152502963622772,0.8731053652003646,0.8457370318159735,0.8426567190707513,0.7008892340442843,0.8269848801128296,0.7980785541746543,0.8434130184174082,0.8053682589196528,0.914904232562117,0.8099713426641388,0.7477956531994463,0.8171329448009227,0.7441941885404039,0.8459432660048283
0.878633847375188,0.8305363322362259,0.8297562422322007,0.7867301897162196,0.0,0.8278518821535955,0.8215026159019934,0.7807734304601164,0.8083633410174104,0.7881535765599955,0.8718732636499047,0.8258312613581221,0.852835026494679,0.7568710541331739,0.8418255346790137,0.8728927197766954,0.8682084855045955,0.8818298881555807,0.7864255358412293,0.8377340188761541,0.8863265508778507,0.9013242542580526,0.8034304922710735,0.8357906650380137,0.8299338833379211,0.7616489310147807,0.823073549278432,0.7827449239672127,0.7690033783296596,0.8685892396900502,0.7879626046019961,0.8067950007275344,0.7966150025523733,0.720906011206923,0.8375932041113825,0.7421602325045067,0.8438151449547762,0.8190878874917675,0.7685552149726728,0.8409494723824589,0.7929015261253257,0.868526264551054,0.8271315896693038,0.8261834993204562,0.7820001153336487,0.7846554274322681,0.8200590630976439,0.8180903999238407,0.8149907990689682,0.8413658464005606,0.8239454536685497,0.827942547640123,0.7781080208750821,0.7934763054356047,0.7458427383815335,0.7469017451297317,0.8196244357882537,0.8921813147016413,0.7915469753024268,0.7817234959024002,0.7419539460048652,0.6460271246134641,0.8026817339820592,0.7031266467462457,0.7754042934243637,0.701219511124953,0.7526021827483704,0.8424079273284543,0.8170581867894645,0.834588658764304,0.8431960657856956,0.7349340364963846,0.7322824606202836,0.8553474985497832,0.8252068041934745,0.7078943183651589,0.7659396315190554,0.8887875362515918,0.7060315001730989,0.6911486549706076,0.7905261843519463,0.8247398913177442,0.8548158640380891,0.7284100886366406,0.7554049324466117,0.8181156117835762,0.7634154674551696,0.7729596659014912,0.7581905186520023,0.7176782250476409,0.9218039508564848,0.7673397718050284,0.8296397613609655,0.7091930191201093,0.8107734597642364,0.7955859229373761,0.6233063487386993,0.7359919898737487,0.6511528039927222,0.7457739064950494,0.6943174514931186,0.7092939147626961,0.692901555556095,0.7460145069425531,0.7516366013619573,0.81383003268805,0.7275352926404433,0.8386794334532115,0.8253683137679717,0.8201557845554762,0.7929115284542645,0.7818993838135359,0.7774621599553281,0.7916696698348012,0.7424772662045338,0.853604659922306,0.7788263382355954,0.8039313378258921,0.7655724365092466,0.721110215978894,0.8803296994872508,0.690517972004848,0.7736585553311401,0.8271413695276222,0.7447881845475736,0.775201421001867,0.6937598690511751,0.790448001992746,0.7353234796417694,0.8070024230778309,0.7921633484511261,0.8363605510864004,0.698951012377563,0.7815499444825685,0.7682839763735092,0.7660756885598861,0.8203792986084533,0.8324089662721165,0.8197554269257561,0.8179092538298797,0.73324425479928,0.7892101500928742,0.8340356728846312,0.7434009550354881,0.8255805168425335,0.8061498904291687,0.8386397718930286,0.7945288189816092,0.8034075438159796,0.6532551996255136,0.7578015744902019,0.7790725642224625,0.8589120529916459,0.8019269167196827,0.8166782191025065,0.790832232113608,0.7955673479442199,0.8310611425222947,0.7501795465619832,0.7082930990497204,0.7297349512321373,0.796129487043579,0.8087751048957418,0.9077497113815871
0.8423519273871979,0.9383096883255502,0.889946793473206,0.8104376815012015,0.8278518821535955,0.0,0.7973277262368101,0.9218519712233422,0.8228159575610019,0.8939594853624444,0.847704682743735,0.9288577108360535,0.9064662950040486,0.7592803664988585,0.8263459488955887,0.9069346382093656,0.8537463095406435,0.7862176618658319,0.8284350922763156,0.8568455855169079,0.9038273013422626,0.8893695814641922,0.7738022139053911,0.8227025752939569,0.9056420902458446,0.7473962082586603,0.8119474084197414,0.7825179412866928,0.8310727720919119,0.8496699818139043,0.8858333258563051,0.880217015884649,0.8665740502359418,0.7913891038144664,0.8283192303768652,0.8163887988511107,0.8869890752866174,0.8180419578157718,0.8235266556289604,0.7953548242301709,0.822854624272368,0.8674168091586223,0.8017424571343131,0.8387479396731318,0.8885258269302474,0.8162524755516164,0.8407347012323162,0.8446400776498895,0.7829360563495821,0.8043433916148006,0.8037375446894097,0.8399920771769532,0.7528863989977559,0.8613355636862757,0.7928794828707469,0.84319388007475,0.782557287798328,0.9445851401142966,0.7540375217535831,0.8136187742588866,0.8678848965508059,0.7087670772379876,0.7952641058669921,0.7124778820294705,0.6919806599151661,0.7277523701332916,0.8109043302904292,0.8384330583354839,0.7626443523310101,0.8749504430560291,0.8366613640913323,0.7123546690475469,0.7179203974988053,0.8621515953211837,0.8829015342847968,0.74127853789691,0.77688868732057,0.8856766502133383,0.7575362949526638,0.7023924394729497,0.898598400087765,0.8210900059833814,0.8926629462797172,0.8264142432040632,0.7470589074097955,0.8898342408154891,0.8743987106852157,0.7494864131010314,0.8461067834272941,0.8098673417107647,0.8151733117091604,0.8695295499953574,0.8098846522473343,0.7122152471639475,0.7356271513374377,0.9185435005257433,0.7390432730904162,0.8816177431773389,0.6521410307921565,0.8292027811976737,0.7393657171779956,0.7798359469920444,0.7075837926792075,0.8471891804661567,0.7763456852770959,0.8666274804478992,0.8156374247502097,0.892425652738537,0.837151214933466,0.8942175952075919,0.8214656032059663,0.7198946063624576,0.8643229521414867,0.8208156082805368,0.7508790923027248,0.853282099434273,0.838193134494338,0.7945313145839813,0.8211429186121874,0.7648336282909793,0.7495178671992935,0.7740828593708614,0.808992500656765,0.847085328307274,0.704300054987362,0.8827029450631458,0.7389543937611368,0.8962082938802,0.8564205172840587,0.7781482948927045,0.8658786829862974,0.8835393239890459,0.7283004567069367,0.7929854628076812,0.8306541327737553,0.6869243263753669,0.8702916676911704,0.7835230165114707,0.8229086886768026,0.8406029128675555,0.7931100854769352,0.8540830062054741,0.8579124481864734,0.7745360161201085,0.8794585124095986,0.8175539431427827,0.8770108381050037,0.879018003996531,0.9041884068898396,0.7211856728514787,0.7743464536612277,0.8057284240724949,0.8053015645945172,0.8473517864997412,0.9217268074411108,0.8492546174113832,0.7838718805422236,0.9139354634035255,0.7216161738114927,0.6910184875353235,0.785758042291118,0.807829711588489,0.9286125136662758,0.7956745436148378
0.876673726257666,0.8439967384041114,0.7078042294334,0.8600013146122691,0.8215026159019934,0.7973277262368101,0.0,0.7755118952144738,0.7419443724698639,0.8222644795425312,0.8358125713615618,0.8907345840032392,0.8704890810257784,0.7083105984622843,0.9132690507320003,0.8222278960801024,0.8111970417702237,0.8449071718850589,0.8779237712437282,0.8245754419355398,0.829912945905126,0.7857671445776014,0.9434877915398661,0.9275696791823401,0.898992532596937,0.7326877861401538,0.8536140815569278,0.8476144762686241,0.7635663454801958,0.8596757605831202,0.8721477867081566,0.8736754107540483,0.8335842155515523,0.8904604819257105,0.815173570335257,0.6912031125657024,0.9126376429767528,0.6882219053582118,0.8335394289745223,0.9248515170809046,0.7365901636904111,0.7806240656323497,0.8160915720381354,0.8288466950156838,0.8447071005108138,0.8983358018073291,0.7585334172623373,0.7932141297026222,0.9529279981163816,0.7516058537188256,0.8941592209954763,0.7396159049297489,0.7640740249859822,0.8182993186407402,0.8069670160249051,0.7413095784897301,0.8569220506754345,0.8039307275976306,0.855772980412415,0.8445047052538226,0.7902249577185055,0.6062837452558499,0.6757528105496428,0.6097460382627862,0.7749961870271371,0.7730393266167107,0.8729983118937418,0.8054536336701327,0.6761225894999608,0.7931278172148302,0.7713650177448956,0.749596205337689,0.6581898854019227,0.8924104229664422,0.7298399693903586,0.8995143486580702,0.8730008702416043,0.9162871850882488,0.7256663976786354,0.7789290288288246,0.690140796274348,0.7926583323535447,0.8589573086167074,0.6482948946507984,0.7384442003800856,0.7443381179646938,0.7695112657162589,0.8470274277411224,0.893629274353822,0.7553376028471291,0.7958378243251699,0.845866703460678,0.8415478490362656,0.8397632921814832,0.7369340992727106,0.8001853553338624,0.5913851727115894,0.7371991414424398,0.586116120584781,0.8792431932830433,0.7821322386671082,0.7785347030376512,0.7524209251138577,0.7440098899046278,0.6907763121327287,0.7957999500479357,0.7704494186156154,0.8085295681371043,0.9078564198617174,0.8874467996627926,0.9275820179073165,0.6979954008281317,0.787104027802457,0.745280792013551,0.7484143219821282,0.8233667105147091,0.8806960418682896,0.8650046157806671,0.6981107375130978,0.6425682946915087,0.7603275351637896,0.6530171453893929,0.7405894369021393,0.960658940235513,0.6746380619951268,0.8493552379669771,0.6497396312047867,0.8297748300639215,0.7173553679200831,0.7556313800968365,0.7232254842144582,0.6708840577671988,0.7627048961402495,0.696290566024896,0.7623975057518105,0.6842052612165127,0.8602307241371139,0.8570502804195398,0.8138134878972639,0.9014293170891776,0.770889761784463,0.7248600642163385,0.9130507262841028,0.6259168791631539,0.820640487412026,0.826068399779183,0.7402459236676816,0.886055356961932,0.7721362341074123,0.5608064664620139,0.8596874253623977,0.8308959107554582,0.8138488155389356,0.7918946408510401,0.8486594725490564,0.8592541165305818,0.9233505157795747,0.8828032503642876,0.8531143862035426,0.8180629507447882,0.7281624671561311,0.8303551724650532,0.7888634391361812,0.849759660408763
0.8500724706896045,0.8982850697895868,0.8608538729824979,0.7990542482827472,0.7807734304601164,0.9218519712233422,0.7755118952144738,0.0,0.8626681973048191,0.8619578866114197,0.8176937555028352,0.9003921327074985,0.91637699985378,0.7312465816261199,0.8586271036435487,0.8772512308146494,0.8077314972044142,0.8128814830460083,0.7963736997447161,0.8686664357630952,0.8564158520134915,0.8805115900153546,0.7790450659228836,0.8237801915957492,0.8942068745606748,0.7667766267686263,0.8487277098657247,0.7751489184938681,0.7559846251317646,0.8438753222886317,0.9086171602047843,0.8375096650462535,0.855056392564555,0.7839496471887305,0.8030288939329205,0.774838016361195,0.9070202803342666,0.814373239708655,0.8117140462481538,0.794974062852565,0.7838980381317074,0.8425916744254955,0.8240288695873172,0.7702685557461474,0.9399748980618357,0.8574147298483373,0.8100474592155082,0.7986833368728236,0.7717431788166244,0.7890471654376394,0.7812539799424614,0.789008187981654,0.7011554147634024,0.8123420022612956,0.7535832486517877,0.8321036222129863,0.7733429534274081,0.9144707135269492,0.7362670147511506,0.8045362344008326,0.8819434235128054,0.6771781148464173,0.7741614377019873,0.6778664097907796,0.6885789526853743,0.7458097883294235,0.8529804897700582,0.866122885997449,0.7775207919326619,0.9386023931496293,0.8653418379361928,0.6980644735675384,0.6908682762772396,0.8609195765622811,0.8592247977162277,0.7269655848594617,0.777646036124017,0.8312023297385531,0.8195053812358047,0.6305155803653965,0.7867162591041233,0.8551994718973588,0.8920835734582039,0.8234370175959912,0.7158497727531046,0.9259149294551837,0.9253727581510363,0.7616134114843444,0.8638712119111632,0.8551407084380523,0.7945675101323548,0.8404096322580304,0.7599669617767671,0.6912455331950825,0.7045997343787114,0.8973937995937495,0.7404949430107942,0.8525715620240732,0.6076238488744179,0.8376023514678627,0.7165308365997243,0.8250972303945564,0.7081860005166464,0.8313213111379201,0.76850302003614,0.8967914324442489,0.8014484158959653,0.8823549117804292,0.8338365874823301,0.8614583900075606,0.7737287675306863,0.7084306227640431,0.8250378419257779,0.8220606530697862,0.7492035921775791,0.8535873698912299,0.7876712830875036,0.7771287508736046,0.731226016166725,0.7404451169928413,0.7227649568152158,0.8298645647612287,0.7545937153542891,0.8272645920506791,0.6567715796971116,0.8482285253030392,0.70035265869016,0.9204929483560736,0.7895134347995332,0.8144346922641996,0.8659616864777515,0.8435157424083292,0.7520010131223209,0.7618474364214917,0.8368319232336422,0.6499611679809669,0.8752339771528258,0.7903480448235483,0.867859290818218,0.8672652928451402,0.7840732016034458,0.7778029720761361,0.839205186066221,0.7334924895519693,0.8391478471268575,0.8359459051494266,0.8888595008802285,0.8572104366493303,0.8798735109847877,0.659152096478179,0.8021755792451165,0.7342680794128298,0.7961218022369979,0.8629476732225544,0.9071561444337972,0.9243762586714985,0.7942056816364327,0.9035167843312948,0.7014987356259896,0.6610704812998462,0.7509310313353168,0.7529596513720981,0.9307656407250252,0.786366161810841
0.8861394943998833,0.8333198377997536,0.7558542702916505,0.700816562910862,0.8083633410174104,0.8228159575610019,0.7419443724698639,0.8626681973048191,0.0,0.750507474189202,0.7343552793934095,0.7887991025809772,0.8300680155877576,0.7295595189332413,0.7879050187774306,0.7753086837585071,0.7549905888334834,0.8342225743106673,0.7087899870405096,0.833700117257759,0.749275918519941,0.8381337119085358,0.7549913844983791,0.759357210223364,0.80258177559653,0.6740419682637138,0.8344582002629473,0.734622903632475,0.6484587615850513,0.8853195243280687,0.8237779117073982,0.739093869612535,0.7395325058096739,0.6980655843330671,0.8031136849853507,0.6655088926348621,0.8174696376863468,0.7681998244347459,0.677087893516461,0.742538842202967,0.6791543832120701,0.9298243117667695,0.6997575196380291,0.6715754264250942,0.803326081831345,0.7688621657920871,0.8281279181466553,0.6611511055088938,0.7226725277586111,0.7354276148828363,0.6957965419692482,0.7513094552060728,0.6944958261981011,0.6687793856647551,0.6213173596805112,0.8992029235074513,0.7328565856422848,0.8301595784840087,0.6762374963490173,0.7416738062587768,0.7077467795362848,0.6373119266857167,0.6852234848306705,0.6463817539396628,0.6826138159371069,0.6438856753998082,0.7645375172475535,0.8420586442418094,0.7456645291935724,0.856697136650193,0.8395808038763127,0.6705418684340322,0.7010294808277414,0.7569282312013859,0.796111957076489,0.6889059044657876,0.6684004322160982,0.7617700368010141,0.6897945249340552,0.597637904681874,0.6839310306604635,0.8843280715504636,0.8922509725258534,0.7085508486273191,0.6776158435093367,0.9065242085366444,0.7982775545966156,0.7145411541297331,0.79010673812017,0.8798494659357795,0.8155438274536001,0.8264053172828206,0.6794034825178659,0.6494180447211662,0.7223779715485839,0.798210806342062,0.6202999506994369,0.7957924834799882,0.6429908370003301,0.7642079958073996,0.637246787250466,0.6534646591474996,0.6259678582920007,0.7154902242060031,0.7229038468493619,0.8193886323859293,0.6376159744670403,0.8547322368745754,0.7413799807380043,0.7800201123782341,0.677600520601777,0.6925933488073569,0.759105912937077,0.7917418999001902,0.6818838486739613,0.889675042522617,0.7435023945693787,0.6886080805734911,0.6219264770258731,0.7907252586986999,0.738428586836256,0.713566531026962,0.7505926863412876,0.7600020280121667,0.7247453594340165,0.6876418465352211,0.6963639784057241,0.8023340509049778,0.6488509317845156,0.728001893580046,0.9456688599380247,0.771356850993289,0.6951569310670083,0.8119399562599403,0.6956774572838824,0.6253891648455264,0.8338470438962593,0.7425380243426972,0.7525729155501363,0.7685327373314432,0.6577082740161693,0.720598658445902,0.844638920523736,0.6761679712988458,0.7118637774422591,0.8380427153726923,0.9086537143736744,0.7256085852822948,0.7752291184314102,0.6288735741893806,0.7342747778962101,0.6700744913370575,0.7655922126043894,0.8168847820460776,0.7746826780535669,0.8347822576047046,0.7512524715085668,0.8256641235547852,0.6652387290319368,0.622748881570863,0.6381533814167516,0.7784901399237254,0.8774359753367172,0.8353889495717706
0.7818491849278467,0.9375235366851467,0.9028323725893524,0.7667665010510174,0.7881535765599955,0.8939594853624444,0.8222644795425312,0.8619578866114197,0.750507474189202,0.0,0.8426948304952748,0.9276812245128231,0.8672289607434359,0.7119105683174921,0.8370142509607326,0.87588181840895,0.8183443563451753,0.7822785659780457,0.8299770237230538,0.8257729800650847,0.8593635087153844,0.8938526284476178,0.8090688363309302,0.8367199574020122,0.9449812213390801,0.6654591506066857,0.8210859616472701,0.7770263476835613,0.8996327744803547,0.8200909657556751,0.8530635095291849,0.8630832186652413,0.8091888223083569,0.7694941336407563,0.7748907101070409,0.7632974523565068,0.8557437365423385,0.74799731311615,0.8174433637187484,0.8000278470232295,0.77462453059574,0.8234706302010033,0.7900712865525812,0.7876825008706613,0.8567268623894405,0.7832996085431543,0.7864084122803646,0.8367890802132889,0.8187147255188765,0.7385714221948713,0.7546014222302861,0.7035479275872548,0.7001172787677351,0.8380657504938542,0.8081550646077063,0.7750365672057518,0.7328272143240624,0.8666193365455561,0.8171448006824058,0.7597184500963026,0.8218222042612455,0.5998085426238288,0.6862830910949604,0.6949742452465026,0.6548520127998083,0.6717503109623638,0.7720580353423674,0.7997894993449293,0.7712422603418759,0.83872675897256,0.7280978774664226,0.6862535995967922,0.6368532887891191,0.8333994933115622,0.8156941000020737,0.731486229627695,0.763579009532779,0.8691697760926085,0.6832558997232049,0.6399576545825865,0.8124010764024242,0.7207191156409699,0.8661173138084114,0.7404548461236555,0.6578928578380487,0.8076251234627128,0.7839589591090036,0.7302150093756739,0.8137006961478268,0.747121256643524,0.7343533782928031,0.7957364152360933,0.8098184602820429,0.6731547928597266,0.6678856506901795,0.9155911482436868,0.6515459911057141,0.8210134287517997,0.5738598752658114,0.7695762776805896,0.7197701251506402,0.7753707151309203,0.6621303991377402,0.9080599365679434,0.6758302563303207,0.7867617890906535,0.7792483696731468,0.8963367138755257,0.834291511514103,0.912536206836632,0.8091779052723396,0.6376432784079983,0.7465850891805674,0.7806169444085012,0.6642568702675586,0.7715298746859601,0.8107312728070241,0.8748413122619696,0.7999478544987298,0.6604712237496585,0.6808921739733436,0.6606313789727892,0.7133489026548898,0.8138651880971827,0.6320625705523913,0.9123908544090181,0.6270587208747815,0.8340830711295691,0.8494831384777711,0.7733795474115716,0.8161844880613596,0.7760255930976383,0.6714021804782091,0.6567370225681493,0.8411700223309075,0.667353856667639,0.8590692307498137,0.7598738994937526,0.8865150254460366,0.8387560794709161,0.7976516545189059,0.7963248566694364,0.7997776622025582,0.7222324302619997,0.8580276789870264,0.768170694334497,0.7888125265990851,0.9067895795101646,0.9611453833670086,0.6627137586623942,0.7173126893801409,0.8246273918118225,0.7946800241833637,0.8833954713079871,0.9177223002823138,0.8271261864355127,0.7930635215009088,0.8686797248934242,0.7100689147359892,0.659026564894664,0.8560444013329515,0.7378401322837793,0.883579444034999,0.7303776732666187
0.8743725142394831,0.8381797841968794,0.8195673508671169,0.8829818705681641,0.8718732636499047,0.847704682743735,0.8358125713615618,0.8176937555028352,0.7343552793934095,0.8426948304952748,0.0,0.8674344597615398,0.9120873678711586,0.7991069017033473,0.8278892971618588,0.9527130254474638,0.9475649478111162,0.9006830999895528,0.9131203077298717,0.891221202717025,0.9097702457929646,0.8796600159818293,0.8590795476125986,0.8269540020514661,0.8883068009379389,0.7334831931628841,0.884825654140933,0.916687817882042,0.8707035375524794,0.8533198964456075,0.8102895134230266,0.9203683002591053,0.8185717195868822,0.8032174623349305,0.8646840448094107,0.7991105984785921,0.8782046977409247,0.8668747653973602,0.8675126777610416,0.8709571446194893,0.7945228449434926,0.787651756160926,0.8860019738993682,0.8540913231116305,0.822892010413486,0.8111702475101604,0.689736009345868,0.8968730581515427,0.9015548385675846,0.8764113711321888,0.9029323239278845,0.7691707140289678,0.8461533213632055,0.8948512973147367,0.9014746648857234,0.6603129917986165,0.9066909669525242,0.9265877129363135,0.892300722129445,0.8593570326312796,0.8987698037387344,0.6568641596972506,0.8449376929079321,0.7304982846589554,0.7842724277969986,0.7944274113876125,0.8018024589448451,0.748720697375564,0.8569698265778336,0.8962692074271086,0.7639887523341461,0.800813229326097,0.7818182923897966,0.9394726192240039,0.918303588884091,0.7859063061046012,0.8937314977577463,0.8720598680187479,0.7451882593534467,0.7418226863922983,0.7848815546356029,0.7615229115164797,0.7860878373807125,0.8070771046100125,0.8298089764390484,0.7685711094444145,0.8534616794525643,0.8609375682762769,0.8344070706954134,0.6547832752994641,0.8861356854161815,0.7361084914398396,0.9476385324719269,0.8140442600076715,0.8348226957118797,0.7754500532979524,0.6860487219755097,0.7001099838810907,0.6351740812570272,0.7900936863502714,0.8016407272301388,0.8439968803031561,0.7285472433354551,0.7513082757489301,0.8158316552173135,0.775486307538407,0.8551306569427672,0.8413147101407478,0.8295794862040411,0.817168877815334,0.8865759257809845,0.7949871922395667,0.8372636205752492,0.9068842590225975,0.8026589539085148,0.810937302346909,0.8618409446949201,0.9240400626130542,0.830862369082541,0.7022952268307415,0.8356584187996843,0.7301631808734943,0.7748494065162657,0.8494074199296484,0.7437602511165903,0.8683359404851179,0.6943088306085942,0.7943526062618869,0.8211827266404452,0.8035942358825311,0.7374253514555257,0.8422011798878831,0.8325390094581407,0.7678426687801486,0.8497632272040727,0.7472363825536384,0.7974356393123561,0.8193176823937346,0.8858205451458594,0.8921112021330195,0.8265337411656374,0.8524467121049945,0.8433506195689945,0.7911313409619396,0.8851781884287128,0.7425026507502963,0.7270872219402326,0.8438608496598708,0.8318971714567862,0.6919487593449573,0.8483575853781856,0.907704591543103,0.9532400819823961,0.7280097732421923,0.8340021747848794,0.8067317048987894,0.8872344026988191,0.8009763044201995,0.8351476817735962,0.8225313789097283,0.745415044688247,0.8403619146617103,0.7638005203609438,0.8871747911117573
0.8557930705635505,0.9419828703065444,0.8369901279204561,0.8244125471272598,0.8258312613581221,0.9288577108360535,0.8907345840032392,0.9003921327074985,0.7887991025809772,0.9276812245128231,0.8674344597615398,0.0,0.9004016257248513,0.7039630867836929,0.9060446164090132,0.902886229594127,0.8433107952678546,0.8074271169855549,0.9164336597521526,0.8847853919064856,0.9150196151916168,0.8686300078298316,0.8701247943008775,0.9158324432830446,0.9727839583397558,0.7258365075372076,0.8361491104703839,0.8233473883626048,0.8465501054447948,0.8803349737396146,0.9469465287024085,0.911135738367539,0.861329322284634,0.8749570867631686,0.8260281281781069,0.7762728010481983,0.9279752081689876,0.7616226397956041,0.9034501983211467,0.8456426766890102,0.8094003932379655,0.8287391927816132,0.8566074814036693,0.8623405998573423,0.9165582602816997,0.8799055474898718,0.8106955416320686,0.868841099939984,0.8798618169688215,0.7852634837537759,0.8452216798290934,0.775480683646873,0.7405759037715475,0.8782722533226955,0.8401066919701362,0.7992508203682892,0.8277836104697001,0.9129636375045419,0.8041702353001047,0.8351818521353043,0.862203375794158,0.6351088472610543,0.7302330200068776,0.6679698587081221,0.7246484297120063,0.7547728271055442,0.8293221357373822,0.8225230394171549,0.7196491045528938,0.864394925215381,0.7973468890791188,0.7233447225838978,0.6520559025777821,0.8844504249267702,0.8201196451862032,0.819792018970669,0.8305622836143158,0.9188673835569581,0.7773374108333573,0.7232836125323602,0.8055348309282401,0.8035552854688752,0.910736091238292,0.7432088199703807,0.7306541333674009,0.8433892048670555,0.8504537033172517,0.7830332672516049,0.8923901746748172,0.8037171514670357,0.7804291064802019,0.8737012792963391,0.8505478211398235,0.770262021135716,0.6926117367814436,0.9184573987017595,0.6872295877652547,0.8480666034617164,0.5958778634336563,0.8442000478145562,0.7740887257407059,0.8311572896359297,0.7238714909246854,0.8757073466146151,0.7239869266910208,0.8538499493103852,0.834398128812341,0.8930317533637577,0.8878021538026499,0.9544914879985555,0.9038744020191823,0.6969827037347788,0.7908048207941,0.7910002358188073,0.7372615819453036,0.8284877477602394,0.8854294637971389,0.8908433088471873,0.7719301715363899,0.670155174024302,0.7428054678776973,0.7090635379394185,0.7747788901043636,0.9217657335866896,0.6702312502381359,0.9417228651832966,0.6564073251873778,0.9085122870730148,0.8347646202778415,0.7756695686921736,0.8101604280070535,0.783700794048033,0.7380252688309137,0.725121243034107,0.8723602323195407,0.6936489084674481,0.9324537499414253,0.8195180820514133,0.8719548794805573,0.9396729776669209,0.7992134020422935,0.7992073840965178,0.8761814132669924,0.7033958057457886,0.9007835363694482,0.8245272593415255,0.8372055021415775,0.9344815263227284,0.9198550951596185,0.6469206697842347,0.8373962090970201,0.8471531176357708,0.8333634316178259,0.8567612497722117,0.9670759068706941,0.8980088093099107,0.8616939097393937,0.9341900323106943,0.7557525803072641,0.7257601488252089,0.7691944977588303,0.8135215584623993,0.9087922505116314,0.8091817545628709
