0,1,2,3,4,5,6,7,8,9,10,11,12,13,14,15,16,17,18,19,20,21,22,23,24,25,26,27,28,29,30,31,32,33,34,35,36,37,38,39,40,41,42,43,44,45,46,47,48,49,50,51,52,53,54,55,56,57,58,59,60,61,62,63,64,65,66,67,68,69,70,71,72,73,74,75,76,77,78,79,80,81,82,83,84,85,86,87,88,89,90,91,92,93,94,95,96,97,98,99,100,101,102,103,104,105,106,107,108,109,110,111,112,113,114,115,116,117,118,119,120,121,122,123,124,125,126,127,128,129,130,131,132,133,134,135,136,137,138,139,140,141,142,143,144,145,146,147,148,149,150,151,152,153,154,155,156,157,158,159,160,161,162,163
0.0,0.8572873145865909,0.7830813750147246,0.7886271826951202,0.7960966513877911,0.8096546102512582,0.8147547967257152,0.8387034632073128,0.8895695396543055,0.7486848354467812,0.8323558671697491,0.7853524550086267,0.8835857862988554,0.8374604868532023,0.8854426050932018,0.8486704229594352,0.8727976819128348,0.9501069901048244,0.8472714945250448,0.955157120028364,0.8455901407547121,0.8430298247568376,0.778912068578272,0.845897316866454,0.8787718620648102,0.7393085563488094,0.6978167383402131,0.8428289687569712,0.7416713595880466,0.8082713270249229,0.894375040043052,0.8819766378357626,0.8360757008384465,0.7861093863103503,0.9278501571263985,0.8445780050419496,0.8598974362946135,0.8995969060935203,0.7926702387566754,0.8244616709404312,0.8504904758433323,0.7886142144629186,0.9230196469267998,0.8950628882206914,0.8775242201049157,0.9122757874787067,0.8435536521843131,0.8488683085236121,0.8749475920523894,0.9452419636830509,0.929575040515063,0.8757929764455376,0.8717331745568704,0.8266688576767663,0.8456001216145794,0.8564683051730281,0.9467913716530862,0.8132509436683393,0.9086026510907326,0.9182535817779041,0.8204622669523369,0.8146924012931732,0.9054673068487603,0.7988946485116346,0.9157181761003151,0.9031825394442757,0.7908374610611194,0.8382530029249161,0.8317227751164249,0.878764117141299,0.9317135172381883,0.892250847802422,0.817916365095504,0.8713989935537207,0.8557670455431376,0.8547073500729268,0.7879595923137261,0.7207115209585465,0.8688327963519041,0.7373401711694069,0.8008187578622573,0.8553297725441347,0.8641951340640447,0.8156922820876248,0.8851121408732759,0.8868792164079188,0.8162208208495245,0.8936545622203748,0.8534610766823201,0.7753441970676636,0.89815183490737,0.8695710729467434,0.9238594420364716,0.9250109516537472,0.8885184384415937,0.7706644998558251,0.7996091119998964,0.8034605336363617,0.7551383252941087,0.8585208716712862,0.8127020472731667,0.8150496728982709,0.8053304996530528,0.7813466512820644,0.9473974284851716,0.8715159730725376,0.8395478746045919,0.7871745159080461,0.8780055898411763,0.8408761232985983,0.8141090318424665,0.852827846538906,0.8577070312421096,0.7282121536148872,0.9136045243601235,0.8491186461426391,0.8869049102943116,0.8395209411108289,0.78928488679232,0.7092532818594148,0.8819329937619733,0.7600873714749005,0.8561287342783223,0.9142574330550616,0.8530811507799281,0.816806814338564,0.7721752236183257,0.806617217604398,0.8106996703788768,0.8415888953360575,0.8134514431966786,0.7971980660245465,0.7964266308410269,0.7834381447676306,0.8337506506157387,0.8910611258532272,0.8766570511083883,0.845407082804055,0.7977561885792366,0.9029532742129089,0.8275678286404985,0.8379771987445144,0.8737723699608527,0.7835450909759333,0.8211471064528151,0.7871496445214291,0.8313273310666539,0.7708135229239357,0.8371483850978483,0.6405636605469704,0.9134114219993712,0.854619013371277,0.841005092783166,0.7762142220209269,0.8429693755485176,0.9123987310290497,0.8523762352581538,0.8092446692499251,0.824218120072522,0.8299437074249627,0.7424641926095552,0.9345593247344465,0.9198429418691347,0.8747082774446447
0.8572873145865909,0.0,0.9090021674600233,0.9015836539288458,0.7624975826557518,0.873146628681972,0.8160349260611061,0.9042805364815085,0.8037731217810842,0.8296862970711476,0.876905132523533,0.8578294038178296,0.8841922073231271,0.8400213418702226,0.895160028071609,0.849541147768621,0.8961335515046843,0.8480832488489968,0.860751699532256,0.8895938374571135,0.8967270106406001,0.9470986060803598,0.7422525402071526,0.9145755918529768,0.8381360699322199,0.7203090386632314,0.7225669474462479,0.8462394958331257,0.8457053369847404,0.7042369599657841,0.8346928797959078,0.8269498422735642,0.944025376102344,0.7608335906439962,0.8445820414145752,0.8986851463021402,0.7866006131203533,0.8500149128695237,0.8678544696985188,0.8829407865593226,0.9445991289864177,0.8044834973143515,0.7811727561238916,0.8611122465953771,0.8980747231584044,0.8703300127295641,0.7500881425460623,0.8301283319510951,0.8072997233506806,0.8974672585402359,0.8997369934504492,0.8737216383131171,0.8793288393749826,0.9537778471074416,0.8883833821030404,0.852783202945615,0.8965584008838426,0.8329885013419461,0.8908774560590117,0.9341131562507353,0.9274018665904752,0.7480664592949137,0.8521525388340325,0.7772170776232082,0.8417287891650187,0.8450748695529061,0.8481892602723307,0.7544039853995574,0.7520457255159713,0.8286467631999235,0.8658331764179099,0.7899233657451857,0.7806092837425095,0.9165588047468918,0.9056250248796437,0.7262816245768917,0.8232342150908282,0.7415307509954414,0.7961419117611331,0.6724452411879818,0.7989547515265522,0.8488758282566846,0.8711743863347002,0.8151362816656599,0.8173335992672021,0.921585251459376,0.7380810738587541,0.7469839868533069,0.7833938579920339,0.8739618096214306,0.811342663737362,0.83956009562721,0.9032303460365476,0.8760135935119288,0.9003845061184308,0.8003497861384825,0.8559466283541931,0.8061413653298374,0.6718747585085368,0.8750008936161324,0.7910901490601152,0.8010401580008105,0.6897129296543842,0.788831148573529,0.8546253986754456,0.8331856836551376,0.8779262105074302,0.8012489583002403,0.8858757211364743,0.9189966546520464,0.8436806879784116,0.7706747251704156,0.8425132761048983,0.7400986573063297,0.845838551551774,0.8906978878374211,0.804484344509929,0.7753076650409568,0.864508285234002,0.6858915212313542,0.8324055630327418,0.7198887573447883,0.7983404987460818,0.8989498637936035,0.7497468742610216,0.8799665773844405,0.7898728629736289,0.8670064625707182,0.9024624750650537,0.8077272958162199,0.7928579417698236,0.8463009287558919,0.7524910644262955,0.8184488624555754,0.8966157413510916,0.8130583449601558,0.7839958234489316,0.8206125209477287,0.8339528939832026,0.8429544088152967,0.8251295721601651,0.8193309802386052,0.915721661953415,0.8386847501625733,0.8185604233582051,0.6641917805983544,0.8679763505716154,0.8152841905585616,0.8291580252038759,0.6973156844155264,0.8266573359073491,0.8182073358164917,0.8990606249765607,0.8635297281717147,0.8935805917232137,0.8951028555834101,0.8922661690223936,0.8658502128512285,0.8351543260403602,0.7378938448520211,0.7452081769502445,0.7804546358931993,0.9021672081093897,0.841679771092489
0.7830813750147246,0.9090021674600233,0.0,0.8549986917433737,0.7648675399794922,0.880314340946266,0.7578650539624745,0.8936559309735778,0.717084617799072,0.8501072102630328,0.8584580540786159,0.8300615184274094,0.873162317532461,0.7768386163845461,0.7982866702498297,0.886633233230743,0.9006655760687013,0.7892431655883949,0.7905355871591261,0.8120984217169958,0.8986355521170424,0.9193408830658457,0.7050396742180258,0.8500562820454772,0.8210989451828976,0.7591546756314952,0.6945422268622262,0.7992813640951887,0.8138780213616702,0.6807047821290827,0.7332581235959396,0.8122733221988501,0.8590926658135667,0.7287458085043464,0.7495180111424038,0.860763098157568,0.7669692570496878,0.8070953618668639,0.7841504135316445,0.8361464401655452,0.8698895961914549,0.8400770204185415,0.7701021782477505,0.8101650216497568,0.8617219869096725,0.8144369861657973,0.7648684076941513,0.8283575568686866,0.7505346220028194,0.8420385252288722,0.8505498125871025,0.8645606592638291,0.7805783519722105,0.9021014795976304,0.8374409832433742,0.840611394898827,0.8160640851704509,0.8721216317814122,0.8350937200174696,0.8395587421765655,0.8845326683534694,0.726831557880612,0.8496197004061858,0.7583525638868035,0.759141100203522,0.7957932837164852,0.8063869061052692,0.7666929396252372,0.785739914920273,0.8232790040991556,0.8236480722864852,0.7007835034870306,0.7816303969612189,0.9066948729083143,0.8817042955708146,0.6475456310677911,0.821920866506961,0.7535063389731532,0.7541974764771614,0.641547826017466,0.7999003260057639,0.7836474071399292,0.8230098309533439,0.8012322794728145,0.7943433799409102,0.8715150729045894,0.7438794385908918,0.7003576747323591,0.728500004913696,0.789872964641978,0.8132295150836559,0.7524894702947673,0.8271851157927665,0.7673047159426171,0.8354979714679339,0.7803822067552487,0.7945937582859365,0.8220299573150815,0.6242228397948035,0.8248515044039125,0.683801373250795,0.8196064597977901,0.6956651822800776,0.7906762928945589,0.7933869997172915,0.850212734814004,0.875458692157204,0.831546996079922,0.833591810305244,0.8969742026090591,0.8111525219579263,0.7427498788162908,0.837059939621851,0.7298559746645364,0.778460511854227,0.8579035697343103,0.7420903660733986,0.7423735964863838,0.9368381543960257,0.6745498777087733,0.7689416176606045,0.7288104754479712,0.7763120470942435,0.8215940521662055,0.6511066846722829,0.8330984826471107,0.7914313787103412,0.8430152036289797,0.9138323175181172,0.75756185298199,0.787917190232089,0.8948949179993214,0.6762298379843104,0.7300904461685445,0.8376638360333374,0.7280139662722511,0.7292931739202668,0.7485835727572324,0.8107908951286116,0.7549693667622851,0.7512248810840046,0.8107921804200673,0.8259827484093865,0.8216057466345602,0.7936493018781127,0.6799827618587063,0.8236125711413668,0.7814963669284734,0.8410492327066806,0.721639321858237,0.7330123556704345,0.7227241467157878,0.8379547223452867,0.8956773293149577,0.9010292304805021,0.8216252153261479,0.804535183617286,0.8910032667748204,0.7242137414958638,0.7012045373147874,0.7360359211760008,0.6788796456913819,0.8498658160157995,0.7748181025266769
0.7886271826951202,0.9015836539288458,0.8549986917433737,0.0,0.7452812542830798,0.778320265058691,0.8517030650538725,0.8724397298643612,0.725378515374185,0.7483652269821066,0.8903044634238213,0.8325769931186946,0.8603712614893065,0.8080524388818466,0.8378769867948815,0.8130924282379732,0.875755599341117,0.7890994524927314,0.8032143170601683,0.8100674522656266,0.8725458236756019,0.9044439414079223,0.7939298172782719,0.9270931790726558,0.7750190248651557,0.7900901726279151,0.7865343694568853,0.8680389418911105,0.7507879761875722,0.650002935180365,0.739672521816895,0.7602659589428241,0.9101070775540155,0.8055001084506623,0.7785761109952188,0.850687997905993,0.7711138373473634,0.7683795380352749,0.8357490704028604,0.9349425155670825,0.8684232189681831,0.8095603447182854,0.709017502360469,0.7903810936769112,0.8991454305126202,0.8222033155104923,0.6581420844435276,0.773404949316587,0.8096246948803,0.827841730871939,0.879205390942623,0.8311302511520401,0.7714345338747752,0.9384411964423947,0.853150024527705,0.7620446807618638,0.8471032222252449,0.805856411189771,0.855573333373536,0.898883783356818,0.913949700921629,0.6682949106269083,0.7708309921049991,0.7315158040807115,0.7561393692951259,0.7809463543469832,0.9445661601393358,0.6992676595821148,0.7102356051026983,0.7919437137488562,0.8003659570682591,0.7161669013591477,0.8159274445175249,0.9480540310413687,0.8273063122107196,0.6390108460124936,0.911886853356243,0.7503351877289341,0.7360048568342596,0.6116974411623644,0.6720977332430861,0.8310824066035654,0.7687982301062739,0.7286156837232454,0.8156863737875474,0.85551750604775,0.7307983040860634,0.7080026137688741,0.7235442016796811,0.9009990515613008,0.8201226288980139,0.7819197123436701,0.8134875341858615,0.8063922503658283,0.903484691953678,0.7024696940535108,0.7742147375315731,0.7579186483472254,0.6285839140250173,0.8919825489470277,0.7339873894528802,0.8147094453110818,0.7146444981350785,0.6753141447634851,0.7765897791663325,0.8005190615983885,0.8440657118833725,0.7871701010480754,0.8328302379583342,0.8919698782285362,0.8769004555038258,0.7825847300444598,0.8401555743293458,0.762973746599437,0.7768404368649212,0.9056912573704332,0.7039071165388026,0.7155343182121316,0.8530711557914161,0.685692436598241,0.7986022361952235,0.7121497934987912,0.7716726500538197,0.8413123416651259,0.6597258077329733,0.7836449921677248,0.8069047946301455,0.872835576874424,0.8377324328330028,0.7426427292712208,0.6799593081192024,0.7918639605960386,0.7662097774078644,0.807451706887494,0.8549085825010231,0.6836945621745497,0.6757964679970169,0.7996406428698507,0.8460796296863717,0.7652367714177242,0.7246370715195178,0.7357123777723269,0.9114220086261284,0.8057416819371915,0.7784442106143524,0.6791932817972596,0.8007247829750516,0.7221334720046149,0.7152795850352912,0.6429661830274979,0.8106525805031414,0.6733264131249214,0.9100847257461734,0.857743227744841,0.8439258385444771,0.8642988776392669,0.9193908271617168,0.8572233631462699,0.8305070708787302,0.7538647432857697,0.6587535199826716,0.6711706453396478,0.7649392025993281,0.8546451185391879
0.7960966513877911,0.7624975826557518,0.7648675399794922,0.7452812542830798,0.0,0.6740421566531373,0.8504453871877722,0.6934283821194519,0.7833203576134301,0.6771757597229346,0.8610004120512139,0.7968330638463558,0.732423981233779,0.7499077302312158,0.8400549365292213,0.7890417975400352,0.7484561623007135,0.7630994582789037,0.7099611059117362,0.7663850879573008,0.7824393182015984,0.8485353482879193,0.7565498526303686,0.8315738426567005,0.7650145688184466,0.7889003809100241,0.7014797450001069,0.6812277530785156,0.7538484401718436,0.7706267331887267,0.802941964208246,0.7188691858429916,0.7669190555119282,0.695854540143661,0.8364861548723235,0.8268994692478111,0.8202804432547985,0.8119815129765865,0.8319671491010615,0.7792059984046922,0.7863249909714697,0.7755817836732679,0.8005797186165401,0.9085791970214707,0.7665944527214097,0.7095008020604611,0.7457561952569216,0.889517477699433,0.8251571686967731,0.815108931319353,0.8075938782642926,0.7355665292388129,0.6713103675021708,0.7762177830281368,0.8339131804843375,0.72248540772409,0.7648852963591686,0.810449433943623,0.7650889205164938,0.7577105609901228,0.6752872508328248,0.6596466678476477,0.7174077991789201,0.8012481553314634,0.7349947323842771,0.665049638345193,0.743224672039183,0.7810302325459627,0.7389688822354142,0.7417479223309147,0.8156010020357037,0.7702202755774801,0.7108008709358614,0.7683352682781801,0.6769817692024165,0.6306733650960218,0.7708683484048311,0.8520821009115764,0.6791051841088751,0.6374079768293555,0.627354698808913,0.7698642216246875,0.8153048132226426,0.643688503293362,0.7363326933600899,0.7605552213047251,0.7070897576788444,0.7439051638775932,0.6277724830220581,0.7699211380034177,0.9168300544935042,0.7875967895310481,0.853272897537094,0.6963410402524604,0.7978536306338934,0.8035567354531886,0.6543248832318282,0.6900351570102287,0.7646422564526815,0.6817864668307426,0.7770791862982827,0.7255822499128568,0.751202185404489,0.7209694020330507,0.7383057388704174,0.7256175974014665,0.6758476296305388,0.695938528968756,0.7498639368331415,0.7988023715417144,0.7947666960016027,0.8554451910567766,0.6934585520835324,0.6891340472477656,0.7045614512705338,0.7372830820438706,0.6359631022342251,0.8229949979203006,0.7295328127347298,0.6716648293446893,0.9402169429854311,0.6711240747487077,0.7275926440077876,0.7989901657812466,0.7754179601263076,0.7584445931850136,0.6685480086246881,0.8395265338484416,0.7267383393069309,0.7671505628560626,0.6570835233555332,0.7057739767027593,0.6806834356816572,0.77056546951435,0.7966172083920734,0.7661214693840319,0.7450100819909781,0.8406471764282643,0.7734711025798491,0.8150697870046889,0.6815008366119876,0.8029011168439266,0.7563238465575834,0.7777034012635118,0.8849725971682719,0.767009572195845,0.860378072894335,0.6430799122759691,0.7372299327737963,0.6273861770770366,0.7875541698598899,0.6664606547502726,0.7962115111407975,0.7968539534327823,0.7777450737458316,0.806320375903269,0.7557796159329411,0.7568972004369516,0.7744154725087172,0.708886955199203,0.5979577479898831,0.7284210236760753,0.784299461475231,0.8867595336711027
0.8096546102512582,0.873146628681972,0.880314340946266,0.778320265058691,0.6740421566531373,0.0,0.684360986475128,0.8840057499377175,0.7527461374680321,0.7707692242943281,0.7794839817196437,0.8127726989098857,0.8400971906120085,0.7088455054452388,0.7337336511119926,0.8485654571323117,0.8899137783484805,0.7564259779437341,0.8714558657217142,0.8331925674350749,0.8925405453813368,0.8237123256852428,0.6361182654156042,0.7742302603171562,0.7955892312067367,0.6425915129304903,0.5963077162016015,0.8100489565181868,0.7148077386736548,0.7168971437807229,0.7425797616842962,0.8802964835566223,0.7815302047230624,0.7347102050020389,0.7170956696841984,0.7847564145100214,0.7153408218537683,0.7508155151743117,0.7597103036740728,0.7310854165838303,0.7958975353191541,0.8359184648275673,0.7548058385569986,0.7688697266274139,0.7896576124544398,0.8225453673169175,0.7476613227990677,0.7585622695659959,0.6989370726612364,0.8365684968237181,0.8640495340866794,0.8862380247457655,0.8561955336261735,0.86687114237921,0.77865872598155,0.8918184501131928,0.8688904774049299,0.8618121349878551,0.7827084557312426,0.8453507005862053,0.9166226910574654,0.8013574467414677,0.9062413610819695,0.6720319305727658,0.8120013038280863,0.8792423854603768,0.7318490228785414,0.7185267402641011,0.6919373763566312,0.7921474910320419,0.8205944236742145,0.6678167790947186,0.7893548421498183,0.8667207180653366,0.9427035498822659,0.7193772446334358,0.787381565812514,0.6510346096551008,0.7545594597316218,0.7388705803271649,0.8884993863919689,0.8044807719133934,0.8011233845297723,0.7914709010110587,0.8412417935977726,0.8227593663108332,0.7854895654995602,0.7000986563268138,0.7826009443178129,0.7476260817854801,0.7446152966258817,0.7712743009898336,0.8035847239677603,0.8690992331589127,0.8061622178194056,0.6982017908850011,0.884651491440022,0.8085240485979457,0.6179197966232286,0.8230353843156595,0.6525355850167887,0.8285831952159504,0.6511754018958038,0.7047191240416781,0.8372192677626422,0.8258296720843417,0.9279658118591819,0.7629636647490432,0.7747849190136585,0.8567001016021198,0.8083472862491125,0.6977930077230943,0.8828887867516032,0.7055308279184623,0.7861497140422828,0.827217771587483,0.8428517927400245,0.7055113476455298,0.8725836509105286,0.6327783340928897,0.7084712325668405,0.7027603613144393,0.8019544404282951,0.8373856756015803,0.6760661036850057,0.7797980529376257,0.8308268321508047,0.7660925664813132,0.8447050040488902,0.6726101138002204,0.8385149732398997,0.9605585562819,0.689090319546085,0.7453548385800458,0.8021417537931564,0.7392067942962152,0.7320332014318967,0.6521784969515428,0.671948136094938,0.7582033361812149,0.7152857704974829,0.8143885349459296,0.845672775874108,0.7922713468662856,0.7081291888095149,0.6257869886890228,0.7958038804508375,0.7913536718765387,0.7873183126370769,0.7276222719205597,0.7600033406110808,0.7805810304089953,0.8147330435459137,0.7350409831337749,0.8458462836655531,0.7862361216918767,0.786771438857552,0.8475589765435594,0.654282017921497,0.7497214916912038,0.7074265424750007,0.7454024232480191,0.8406963950828839,0.7433117838542861
0.8147547967257152,0.8160349260611061,0.7578650539624745,0.8517030650538725,0.8504453871877722,0.684360986475128,0.0,0.7364773701369003,0.7207352548789365,0.7773083410254698,0.8799695815020302,0.7969567745282348,0.8306793858089577,0.8400719354958398,0.8738582285842402,0.8060273144733837,0.7866845933692596,0.8153312595125995,0.7308112987613395,0.7706353343428802,0.7671979039058353,0.8341725701766423,0.8841084626982068,0.8728884737329656,0.8273482677090668,0.8081834192913986,0.8214306406551544,0.7819728416948495,0.8104215636614873,0.7388583863859081,0.8049509636702218,0.7939593119798316,0.8368990884995801,0.7883061909658108,0.8331062863326393,0.8220069085971151,0.8860345334300607,0.7691424658613555,0.8175703434123119,0.8991549218792341,0.7838561852534381,0.7444213725628609,0.781654325404845,0.859613266405865,0.8507305670194272,0.7873140973102533,0.7233008014871947,0.8494068567405592,0.945369117649914,0.802008088399271,0.864391092796082,0.7240893396984434,0.7067440929668607,0.817120357733709,0.9149276758164117,0.7410975918573305,0.7898075973155857,0.7534168217189089,0.8810842825991452,0.841265441966295,0.7556667139732131,0.674607004958464,0.6990123493526148,0.7717500398131122,0.7368959525549162,0.7133307303677724,0.88670250998564,0.7959062792585007,0.7581917289879737,0.7707325166479758,0.7939936717831595,0.8148311969174665,0.7393978415035751,0.8578181657026245,0.6966876929467533,0.7138704433962365,0.8992761654452557,0.8868901334037559,0.6928299442636009,0.6663598014209202,0.6262031568357057,0.7531731343555875,0.820505784943029,0.66687671440938,0.7470087905031402,0.7500675109886039,0.719123764833999,0.8263729923349955,0.732629971944265,0.8049387411351133,0.8731063703353471,0.820049005613978,0.8854027511781372,0.7596944043804567,0.8390537509870638,0.7974483600046067,0.6531317609845034,0.695135447558655,0.7047608362396639,0.8146608347417301,0.8518085177041687,0.7958128244178044,0.7903571588753845,0.7144395250091461,0.7435539590054872,0.7538967950591748,0.7306697799645501,0.7293925755785219,0.8378205336672958,0.8395439435087915,0.8471610888166446,0.7980320305107199,0.7677159386337413,0.7371922607020278,0.7488395899976934,0.7843139012072883,0.6875473493960436,0.8588729727824437,0.7534844750688675,0.6902714413731598,0.8557959994090882,0.6870594669184795,0.7168603178296197,0.8706029336264375,0.7168239571927981,0.8246465845693732,0.7106641655243828,0.8809889345748435,0.7632254042058413,0.8032973530439441,0.6463162197095755,0.6680599128216016,0.7804196495694664,0.7162074869418295,0.7809719213465622,0.730966566300911,0.7361073165566393,0.8774645304608971,0.8355722552831587,0.8208654249495677,0.7483881659682534,0.7935343374813768,0.8291416837272192,0.7398876344410766,0.8648091393728659,0.7796462738731516,0.7526354268510392,0.7166961666168361,0.7366856701103005,0.5785622925148658,0.8045369499241046,0.7064348739367772,0.8025705739831908,0.8688001469311094,0.7865104098793178,0.8608670906391331,0.877696526983804,0.8174866695098907,0.8927914301266836,0.8423175742343162,0.6613062452358356,0.7345521738546954,0.7740379305430322,0.8401734539099126
0.8387034632073128,0.9042805364815085,0.8936559309735778,0.8724397298643612,0.6934283821194519,0.8840057499377175,0.7364773701369003,0.0,0.7726870138874558,0.8104776212537274,0.8468912839128648,0.83638178229688,0.9032214286642658,0.782593808110997,0.817178284781608,0.8836251332542217,0.9029395276057965,0.832711369379388,0.8525367438197795,0.8771997913841459,0.8746197208115943,0.8651818387872059,0.7306453725836679,0.8393704406920693,0.8469622639980618,0.7361279632025506,0.721518591620226,0.8756607922660684,0.7694825668085357,0.7127564775404222,0.8024075367619038,0.8456292256102019,0.8798132602308928,0.7882464495437632,0.7842052521599254,0.8565938865149803,0.7893840058742704,0.8531306246508052,0.8069261133524739,0.8277926111369137,0.8741519038907803,0.7753857652758532,0.8052815469570216,0.7931790369458103,0.9175906063089234,0.8843098389184788,0.7296405406060923,0.7963864637249034,0.7704107835509616,0.8653238213237445,0.8744791055563407,0.8687179262314505,0.8248762425967867,0.892009003201996,0.8496855018553794,0.8134434964334867,0.880840553930075,0.8743734438003689,0.8321463061836956,0.9047731548691841,0.9516056141507702,0.761841434030565,0.8876842635537213,0.7353194995407824,0.79311083244736,0.8660583899222836,0.8187381859506243,0.7369471863946482,0.7787660987880167,0.912717787631394,0.835407873652991,0.7440098229394699,0.7848244903895302,0.9108956922245717,0.9375190808337555,0.7201263272570442,0.8299224233221784,0.6942377330942121,0.8537812414038747,0.6594169783114703,0.7968294951074001,0.8079199797611046,0.8141446552280781,0.8725253710032558,0.8387442659634441,0.9195278265561653,0.8336444874359884,0.7454125484990185,0.8287107328291384,0.8204529811421367,0.7947019296770077,0.775252827146255,0.8427869788602463,0.8496547384963495,0.8298451136576537,0.7541048296545781,0.8477893077551351,0.8259211018107036,0.6244768742918506,0.8803939763186964,0.7291456390585657,0.8891898175188665,0.7154099666004521,0.7858073679374088,0.8688293631938052,0.8788727886970074,0.9177574301617725,0.8341276971447199,0.8461522992005742,0.8561064806366302,0.8071071077790007,0.7542518136785394,0.8520750559324569,0.7910054075213818,0.857963945968186,0.8825580315773016,0.8150817166894623,0.7486056139450158,0.8575296546667167,0.6915743504782977,0.7566889889985983,0.8331618161762248,0.7915172105648021,0.8527644953525506,0.6741089858518071,0.8511177991537382,0.7873788443483151,0.8571060479240576,0.8998069664564599,0.768791256153811,0.818788111325703,0.8723022644679885,0.7868635538766922,0.7572901418816821,0.8478524862466393,0.7386441913887049,0.7746747409370061,0.7570649381713258,0.8194450342464868,0.8305015727116929,0.7972056906028753,0.7873817241231402,0.849084696535416,0.7948874565694537,0.7746165511667206,0.6744961664901239,0.8049081559742393,0.8013303474526444,0.8337458114696311,0.7102023568469825,0.8245317020081794,0.772696131930426,0.8545085621248455,0.8076160808972066,0.9098033090592487,0.8816746189880403,0.8525635038417974,0.8722479255891076,0.7529791248520633,0.7461865512626353,0.7339184169470028,0.742619227777154,0.8732943754629083,0.7840300941451239
0.8895695396543055,0.8037731217810842,0.717084617799072,0.725378515374185,0.7833203576134301,0.7527461374680321,0.7207352548789365,0.7726870138874558,0.0,0.6437890253000403,0.7794986312869893,0.7548565199929959,0.7311675237705163,0.7618455474836396,0.8337964762024423,0.7243313762310707,0.7448302142248049,0.8110102069090583,0.8020880992564201,0.8724586974532308,0.7833805191132094,0.834947545668252,0.6532797421913732,0.7604277251621417,0.7521647307125514,0.630499660648653,0.6257996134211737,0.7145058511953126,0.6750280928927725,0.749939116010843,0.8877029089417444,0.7548553743308887,0.7695042995433758,0.6685047039735401,0.8930908033517894,0.8208696193851717,0.7402666246253495,0.8454112204896297,0.8179775626939462,0.6997997838820865,0.7894856009300286,0.7734840745609813,0.79767846987508,0.8426683840745562,0.7588219089306777,0.7469938860184322,0.7106530352114006,0.7795495986655985,0.7428444915669784,0.885325661356367,0.825398681807409,0.7731861001363152,0.8143154376854784,0.7915737524132608,0.7758454983849382,0.7730056172272001,0.8510328949955375,0.7798581997693643,0.7854251871458074,0.810127962436395,0.7567455930573865,0.7476512496058779,0.8107500860083432,0.7747828254607199,0.8766146164118889,0.7778387948048904,0.7122333251757192,0.7308374336791367,0.7243982421937012,0.800226398365031,0.8719704299043378,0.7999899950664505,0.7748872844923175,0.7560121894824936,0.79100083690859,0.713910387966133,0.6951637668795103,0.6346552084063599,0.7313315002453016,0.6211065428839816,0.7030050397254523,0.8860957220818507,0.7799698577597719,0.7048325053769753,0.7954453238314545,0.813365351119974,0.7846724750025103,0.7890422902139022,0.6951864403346822,0.7727246670358316,0.825863653170564,0.8679709717734669,0.8397115274643305,0.8170155647440929,0.8518312681820178,0.7350596722420522,0.819145694972591,0.7134768266280275,0.7994395739285428,0.7147049752762161,0.7702550497308006,0.7345578414289619,0.7131639648529101,0.703178368578193,0.8874507931875104,0.7072229141268506,0.7265007818201599,0.6617822946322107,0.7251860610054579,0.7478937620882871,0.7530141240227987,0.8290371182711764,0.7602937314831743,0.7055353459328623,0.7668589439143009,0.7324544487146063,0.7408715530016378,0.7618852689448402,0.6915645182515606,0.6850128209137725,0.8540804137038629,0.7146479008144702,0.7630865989765685,0.7832790593007799,0.9218904136852075,0.7158190280793917,0.7245460427586937,0.7429430010729079,0.7074359091124124,0.7458736522229054,0.7683753453053895,0.7636940988865712,0.7210582299309113,0.8771614991306018,0.8371473630095686,0.8568453488560291,0.7475532553545973,0.7599794643375511,0.6976503409252841,0.8496871898058604,0.7414319321603446,0.7971773771923986,0.8309882907369975,0.8476649773615328,0.7618491064302969,0.6913595433023183,0.8876416459425912,0.6533075345840423,0.7357454825203736,0.6387332095011834,0.8819324295168939,0.7755394661350867,0.8314075009870907,0.6734680938622712,0.7391669400831088,0.8422478588411374,0.747003972001364,0.6747225667882645,0.7544122387835128,0.6912713777986316,0.6168647359228787,0.8632209881933628,0.8615570299344365,0.8599745906921674
0.7486848354467812,0.8296862970711476,0.8501072102630328,0.7483652269821066,0.6771757597229346,0.7707692242943281,0.7773083410254698,0.8104776212537274,0.6437890253000403,0.0,0.7934492354715429,0.7443454423645369,0.8788862944545258,0.8034241645649265,0.7579488851134063,0.8626940543413314,0.8081015637709824,0.8012019197579894,0.7088630312641003,0.74148590061157,0.7229368166754875,0.7754128987977312,0.767402868991883,0.7420854771558305,0.8773303404767856,0.7010038343378713,0.7725679875558125,0.788696840665715,0.9196459511348114,0.7215584231415115,0.7310022708832977,0.844279798908923,0.7918423884933915,0.7109365102917452,0.7216357901642411,0.7632813588961048,0.8150572363944244,0.7757325877452764,0.6933960732248414,0.7966672560881354,0.7556697584185893,0.6888139991058235,0.7671192229753695,0.7385198139305897,0.8188194109272177,0.7928946649803003,0.7586368819185276,0.7863658857549356,0.8076516032633171,0.7357665564881847,0.763286331119541,0.7047382556227564,0.7183071034662205,0.7535054582430817,0.850289836577191,0.7718549559784369,0.7249450199955814,0.7540941743832628,0.8310237740922021,0.7848549953619907,0.7859926484075412,0.705443832639862,0.7328916991841945,0.7226749080547483,0.6742143956971031,0.7267180759913026,0.7477878958237825,0.7790946425435129,0.8371991170076926,0.8318262627036722,0.7156832599310056,0.7528888199446814,0.6664016469455076,0.8043269823624265,0.7810562016724403,0.7491963729015921,0.7765778869321077,0.7848363846438213,0.7255387919039611,0.6841728278026511,0.7516748554637329,0.6362152345681109,0.8233008431149897,0.8101941380301443,0.6812054534437275,0.7576460744683177,0.7121004082134312,0.759005786064896,0.8221122107521638,0.6785174441897142,0.7312892928892604,0.6967528161382187,0.831088644342729,0.7195171071849594,0.714166343897122,0.8359649110023735,0.6570095267154731,0.7323628508646212,0.5930378969176036,0.7937584047519881,0.7511336252422993,0.7878002302675552,0.6769857317134353,0.8533721593927129,0.7257245045019725,0.7877174311408403,0.7722567038474474,0.816758753301062,0.8342975434062375,0.7866849940526984,0.7104740750857041,0.6421100906476882,0.7501955299436539,0.7624264165079003,0.7639337349152104,0.7569653664135193,0.7639378101787255,0.8190039796605179,0.7953299617528911,0.6837253489396022,0.6813118425731989,0.7246500984982874,0.671031928888691,0.8003124975376525,0.6149888501712791,0.9053923055878822,0.6681830429157356,0.7891710301450344,0.8549801858524466,0.7863059548684118,0.7965522228189822,0.7080836627772958,0.7327368007090905,0.5903962610832179,0.7051310888827416,0.6977733789980382,0.7737258827026452,0.7438998051142827,0.8093973643999638,0.7546528217479509,0.823101362653209,0.801168256880745,0.7180513124789527,0.6762493430204484,0.7735473314116145,0.6726541659328219,0.6581773790243506,0.8467566173124014,0.8775395533205262,0.6572576307418138,0.6703187690760893,0.7946745551258222,0.7011723799440788,0.8598848391859341,0.8182299585970956,0.7748907580638454,0.7846282588255366,0.8403369111886536,0.756359082279341,0.759160160284165,0.816852376185531,0.7065073590561444,0.8123309717856321,0.6623232427780266
0.8323558671697491,0.876905132523533,0.8584580540786159,0.8903044634238213,0.8610004120512139,0.7794839817196437,0.8799695815020302,0.8468912839128648,0.7794986312869893,0.7934492354715429,0.0,0.9193270984999584,0.8560747898008215,0.7945846696963591,0.8458171297048404,0.9083458072607495,0.8741403019093549,0.8022833276853528,0.8232797221727964,0.8450446900636781,0.8632052624428928,0.9146048808085926,0.8510707435782541,0.9160089196439883,0.8892742079571013,0.8013525786732754,0.8064642447655589,0.8569054257642996,0.8379377095140154,0.7884113932734191,0.8215732625989942,0.8108039423354482,0.8411735358156573,0.8257214017432076,0.8433822035842855,0.8678217808482248,0.8783598865424012,0.8483365560920693,0.8937753698389109,0.871846077152251,0.8305978461746439,0.8445769184869133,0.7862651820785104,0.8854932885481263,0.884478136393989,0.7785311690189269,0.6861400563553695,0.9115357658814106,0.8934219208914896,0.8271739871909731,0.8610050240313034,0.7831064294679556,0.7122991020567203,0.8831487245075432,0.93536704461532,0.7710768271205308,0.8403464931451826,0.9108851295004513,0.8260498688358346,0.8488999356605516,0.8382117155964957,0.6515587729115395,0.7585000126552709,0.7899462207740978,0.7306828499816584,0.7286926139030749,0.8590868990679299,0.7382297740286694,0.761731219295445,0.8654894061980151,0.7973557736038063,0.7590748537751311,0.7852264140446343,0.8888830938274241,0.8024428769590763,0.6626775011771693,0.9035126794284177,0.8444244767713028,0.7310733133763802,0.6685024420957576,0.6652982680805245,0.7858410162745608,0.8360059261945895,0.735041706775811,0.8067028581521829,0.8436386288916654,0.8239217928211082,0.738764692079931,0.7183639786994432,0.8624195939123347,0.8869227628327733,0.7866540861677772,0.8869791405993076,0.7757667152545106,0.841001096585736,0.8153952083890641,0.7126413190007498,0.7662742332522559,0.6802124403096652,0.7919429000316888,0.8072066832175097,0.8483626988743493,0.740349049420342,0.7589376696041581,0.7733251494363054,0.7845340491933201,0.7826474468017656,0.8402997622010604,0.7930390079120923,0.9180748410279493,0.8978206032168451,0.8290668532803309,0.793295889774088,0.8530830307714031,0.7535607006914258,0.8498065535997392,0.7099719606733297,0.8600689831336311,0.8397088607524197,0.7049408360398832,0.8671951635447036,0.7187037931020981,0.7957436157208683,0.8615180595190594,0.7281595892321108,0.8537928328131749,0.7163002454838311,0.9116079383160548,0.8536371376879945,0.7526627622501288,0.7374854499113813,0.7809370964277134,0.816313973070404,0.8044554782905184,0.8796179629311063,0.7136490798846229,0.7656538128751935,0.8236989499428164,0.8688460995642997,0.8525299922080802,0.7268356246248555,0.8395580358852449,0.8338775161418986,0.8060665059621317,0.9087124789640897,0.7329583427200937,0.8321477883604145,0.705142606439079,0.8135727935384018,0.6995437035213489,0.857575317706881,0.7047734426802252,0.901763421683275,0.8312848230213599,0.9031531038561298,0.893370321668973,0.9185203951422546,0.8724530886981191,0.8288396190226527,0.7878966761156752,0.6301847900597601,0.7475087945704301,0.8094388305446891,0.9190059995158181
0.7853524550086267,0.8578294038178296,0.8300615184274094,0.8325769931186946,0.7968330638463558,0.8127726989098857,0.7969567745282348,0.83638178229688,0.7548565199929959,0.7443454423645369,0.9193270984999584,0.0,0.7699662030131988,0.6864815945236945,0.7874774022324881,0.8616944301353887,0.8529640854600566,0.7205676377287927,0.9090707794711771,0.8522187189709588,0.9072471224265813,0.862075056977847,0.7790502280714524,0.8844474838115296,0.8681476022696656,0.7106042570603619,0.6807772717055774,0.8249531838858065,0.7649143271101236,0.7609165419560718,0.825813954938459,0.8133868508408515,0.7758866097889437,0.8633011244285861,0.7951154814385374,0.8647731464852488,0.775742842620624,0.7767482150042863,0.9334895470228372,0.7748352919899282,0.8085503695702125,0.8439979345226694,0.7663296869258024,0.8647668106487282,0.8435109525283924,0.7521327243803674,0.6609646390214585,0.8654003529416169,0.8200720863571171,0.8238013789998063,0.8484919114441618,0.7917024692152871,0.7124958604479039,0.8963904534820897,0.9006665709253501,0.745547553364382,0.8517877773587861,0.9316545492073653,0.7719905626527089,0.8275608591281837,0.8299843121459985,0.6426830134875817,0.7586458091443745,0.7582356811678014,0.7423878922040825,0.7384763768669343,0.7729548978485488,0.6533333963709572,0.6681125798183638,0.7798433669527891,0.7592330247646818,0.6900952365619694,0.7649004092493455,0.8473627566467654,0.8024216213224766,0.6388659124299402,0.8540183081243269,0.745601079233423,0.7171756085967561,0.64465815222434,0.6662879023898718,0.8033781045672433,0.7661588720093767,0.6813226531079298,0.8362615390620941,0.8094475968521899,0.8042615977835437,0.6874624811682015,0.6887677079036773,0.8184102697857287,0.8012661827868963,0.8091865122062967,0.8483686729458251,0.7903584522629875,0.7869623942854482,0.7526909089613796,0.7670601413853372,0.8148239470343576,0.6627591931848978,0.75474448332702,0.733372297596955,0.8634952027099329,0.7252920370017856,0.7544893446757347,0.7663294739581903,0.7552196680493966,0.8205926511666217,0.8038195685985899,0.7339910028205451,0.9240821034407596,0.9420136357827267,0.8161973729889765,0.7582697203621022,0.7728218969262249,0.7098472998034012,0.7881373063616413,0.7254942578595447,0.8352319973479813,0.8419243485985805,0.6132754792899505,0.8051011564050199,0.65436084789963,0.8160675290983836,0.8214090935839531,0.7026935975529646,0.8096235012809488,0.7242602503582027,0.8640861574220123,0.8638729671956524,0.6653877342658019,0.7093936992917539,0.8121403453114204,0.7146614629372376,0.8143221806307701,0.910925057625902,0.6892748660969389,0.7417979791730452,0.731343450908862,0.7799897442618797,0.8515910448758284,0.6555911342913666,0.8169535942681875,0.8327507273924645,0.8292160130043775,0.8491317599032482,0.6986355042718272,0.843259234118266,0.6672286310496636,0.8144545487898625,0.7404558272109278,0.8663375814715738,0.6872450026798391,0.9163652285139787,0.7555887769263953,0.9298424481499344,0.8291158310831689,0.8393540452042898,0.8199671947632372,0.7126823274436651,0.7348506240209568,0.5805500862739085,0.7231922604654587,0.8015788972035474,0.8610874186053815
