0,1,2,3,4,5,6,7,8,9,10,11,12,13,14,15,16,17,18,19,20,21,22,23,24,25,26,27,28,29,30,31,32,33,34,35,36,37,38,39,40,41,42,43,44,45,46,47,48,49,50,51,52,53,54,55,56,57,58,59,60,61,62,63,64,65,66,67,68,69,70,71,72,73,74,75,76,77,78,79,80,81,82,83,84,85,86,87,88,89,90,91,92,93,94,95,96,97,98,99,100,101,102,103,104,105,106,107,108,109,110,111,112,113,114,115,116,117,118,119,120,121,122,123,124,125,126,127,128,129,130,131,132,133,134,135,136,137,138,139,140,141,142,143,144,145,146,147,148,149,150,151,152,153,154,155,156,157,158,159,160,161,162,163
0.0,0.6534614064655186,0.5952380540036439,0.5428110179028145,0.4782171387019586,0.6697366079664551,0.5297381359270625,0.6242775473470369,0.6100115033863656,0.6260662556727026,0.5378804963651539,0.4990254437596341,0.8063105683479382,0.6447279038893926,0.672394420119696,0.6405089627130938,0.6719912784936206,0.7317195843617206,0.5646146887685234,0.7275079115682083,0.5812545820725864,0.58089356780357,0.49058305548732534,0.573530864659122,0.6434358646636787,0.506640263400792,0.48449207407227585,0.6375740148110312,0.5784787744328661,0.5524481848099725,0.6556142280605289,0.7355211443374111,0.644271729853628,0.50598874200941,0.6906142273954713,0.5506982589610907,0.5964115705374775,0.619017352909131,0.4960957857302955,0.6544072193071264,0.6026889954324482,0.5306404056518897,0.659498044637895,0.6334233396938371,0.653735617029942,0.6611252569221907,0.567623729918167,0.5722507001875254,0.5939723637399399,0.63946675546102,0.654404035386565,0.6430470784672667,0.47850895232451046,0.5471121927118633,0.5813771988224835,0.6135884070096284,0.6945482652345546,0.5365660126341384,0.6746447128407352,0.6485616684936161,0.615492680240236,0.5928985498370701,0.633459098152343,0.5171006408677962,0.6087486378566836,0.6423122141556785,0.5522375319437492,0.6238898123479185,0.6041087450746749,0.6334096197442173,0.7149903667030799,0.6599132673352246,0.5600682424973719,0.6508337202037722,0.6766526814420718,0.579526175247479,0.5251928630837488,0.4859217499710889,0.6273820990563816,0.5920136645187177,0.6403164492185394,0.5687007912648288,0.636173576051638,0.6772949980906602,0.6049848364296131,0.6687815118291119,0.5487286945874286,0.6081723314910771,0.6640105160718809,0.5225679289222162,0.5578391106465664,0.566356360488074,0.6387328182947422,0.63028432932884,0.5937761087201319,0.5594204352142724,0.5194746067151444,0.578591590180793,0.5041896883519862,0.7275349880312175,0.5835000560614442,0.5612912821507405,0.5125573204049124,0.5743358697532577,0.6949112136880468,0.6763071886587377,0.6272109997382845,0.5777519369159565,0.6543865876766702,0.5799049346391718,0.5095708456096879,0.5149256049984077,0.6587232338402979,0.4928084634423723,0.666293966896951,0.6880797207139919,0.6742032757612365,0.5810317393981907,0.5851034528811927,0.5089224977329169,0.5849100598830907,0.5195783395472245,0.5844464111880276,0.7158435295945265,0.5972474551760268,0.6609492290448888,0.5510193843661937,0.5433961404580235,0.621620328883654,0.6441092928588361,0.6307632598049823,0.6154326738898173,0.5669115926450965,0.5017904192911349,0.5474591070746401,0.6177308057741424,0.6352089446518439,0.6446377599939744,0.5707525893626032,0.5892275055859689,0.6101666720855773,0.589928619611361,0.5851911087119865,0.5000452499051987,0.534756672828783,0.5051593473045051,0.5514326919370635,0.5785077329292142,0.6412301865319218,0.48540016987883844,0.6299088802179762,0.5859939969306722,0.49754043759383043,0.5611159454587626,0.5885596816681328,0.6545103510994345,0.6084237293272758,0.6384944136774592,0.6393946043065097,0.6271502505582369,0.5477660796435149,0.6843645578986385,0.5028894893463075,0.558103195444298
0.6534614064655186,0.0,0.6790695226497662,0.6198599671015798,0.5013270279558348,0.7254085248818635,0.5475007214953803,0.6360039184297779,0.644657469214822,0.6180687305789928,0.5611102816492112,0.5533704330475508,0.6330046551238573,0.6139622533529894,0.7039511936493411,0.6017407641781994,0.6766955731450646,0.5997443183401777,0.6292332288605634,0.6534743892537165,0.6651674952442141,0.7219103099700657,0.4770463617582125,0.6287573598800794,0.599518647154017,0.4829473850842685,0.4795088343983679,0.6034922556737249,0.5967223840784753,0.5295256683334119,0.6447118074575675,0.6424482097561808,0.7348830703292992,0.4943023559245791,0.6444417765262307,0.6020712728956003,0.5344334030518634,0.5944974092327509,0.571715414435231,0.6656321251042976,0.6842279570704987,0.5855191180225978,0.5543959222096557,0.6362017944111932,0.6176879037827353,0.5805805217330449,0.5092451179264577,0.5461229386844311,0.557191092735857,0.653811388476065,0.6757305590876387,0.6443527312243048,0.4893411465745599,0.6768885633624999,0.6057690759956647,0.6191705773534152,0.6923283411183914,0.5692545051715622,0.655845301099101,0.6666535675994067,0.6691724514746067,0.5592341946041592,0.5840073582140487,0.5250933466467415,0.6126177288475892,0.5765926704131558,0.5700058056646816,0.5446560552226153,0.5274375253591816,0.58489596066863,0.673298977398419,0.5766439212742461,0.5729292776131446,0.6898373396871138,0.7213781565451908,0.4858772381988274,0.5451698716660671,0.4896671676210251,0.5410934224514705,0.5313913073333737,0.5965055593147484,0.6623888839790124,0.6259632346987047,0.5725373196661854,0.6186975968547374,0.673758503613997,0.522861036327866,0.5415769439871705,0.5555373391344726,0.5644521380306039,0.5588776568436503,0.6144356188194976,0.644505892106534,0.5939544549553065,0.6606769810380245,0.5536133890812515,0.5853551418201814,0.5835354602819198,0.5140565043934281,0.6707566716590209,0.5603746939767118,0.5562977784855729,0.4997313339384539,0.5579707525897739,0.6509077759786951,0.5878338390023422,0.6498745741456996,0.5579021127982581,0.6013425751603307,0.6182764331543885,0.5554034199243664,0.5277946448176686,0.6305087272455238,0.5071267051778977,0.5594259758954702,0.6939205915609511,0.58000508965308,0.5496994995194435,0.6197949900055438,0.5076229830482619,0.6038503872528579,0.5086247557449398,0.5608066082016125,0.6846584887025825,0.5935127347479544,0.6285523648248305,0.6051147431889832,0.5618275406161618,0.6420879277653428,0.5696519334316561,0.6224731257983036,0.7039841566651334,0.5258013725404519,0.5717416118508064,0.6167163339706138,0.5668240754057816,0.5252553794553342,0.5993032508778267,0.5495161843332441,0.5943622039066647,0.5449344324170692,0.5975566753022868,0.6939426802715868,0.5707067487998284,0.5361148313902475,0.4712774024290213,0.6423424309204367,0.555051980340701,0.5977704603266688,0.5189809928364124,0.6180200772025644,0.5583801834013692,0.57836514808454,0.5891096619476919,0.611656279590858,0.6336602275323369,0.5980951247753583,0.6329830610396986,0.6155249832175163,0.5667268854127712,0.4944531482379013,0.6078077750924867,0.5234149238822822,0.5895268395276174
0.5952380540036439,0.6790695226497662,0.0,0.613739601150086,0.5508896023561076,0.6699783622441268,0.5429746611494752,0.6443176696883148,0.5927804744717197,0.5925316891452369,0.5799377494652298,0.5767044037660346,0.613281279865155,0.5755763854328928,0.6436552543595175,0.6506878924872819,0.6804161819634356,0.5562108943630334,0.568567763422769,0.599906715745869,0.7146996459046778,0.735509740698027,0.47841373316571195,0.6252922946630994,0.5889067769524742,0.5360220374768434,0.48042560836933074,0.5540767708499309,0.57112079651292,0.5257252848108629,0.6056567315105628,0.6190468727581923,0.6681524020572274,0.5025174575143467,0.6025203168939803,0.64722769565168,0.5437369481643707,0.5975605559361764,0.5765807962718129,0.6517549927636853,0.6617936080105127,0.6004998861767885,0.5797689949221467,0.6608334496687618,0.6434078519161899,0.5528005674970934,0.5245768274140599,0.5840878839004982,0.5468979198507968,0.6553669715135402,0.6679430095158133,0.6568220123892412,0.4405897039242207,0.6656494480174066,0.6189677679850949,0.5955513522673133,0.623945762330088,0.6243130984154883,0.6008196195779323,0.6125966955719593,0.6093663467767715,0.5534617792483687,0.5831822128615638,0.5491500981104646,0.5474806485050667,0.5330235686575264,0.5666486491280222,0.5555238340305323,0.548108841458923,0.5840725112569574,0.6716366560151488,0.5416763690884281,0.5781529856093824,0.7069232886998882,0.6412730930131623,0.44113623978277383,0.5725626917442237,0.5161615005304511,0.5355592457952894,0.500312505697295,0.5521203336544089,0.6381510649454178,0.5967976809172032,0.5521806899149145,0.6236490718165775,0.661210325281345,0.5338430670336739,0.5285467334244103,0.5134983523778529,0.5555275565785971,0.5999944150546621,0.5927908966876319,0.6173789688246571,0.5123097853318,0.6259204981873301,0.559519302857054,0.541498281912144,0.6037787754743508,0.5173379044893949,0.6205754467551289,0.5262502385111321,0.5958655338798298,0.5249040816238699,0.5649451449137769,0.620958355719648,0.6220712376810114,0.6480123500558844,0.5650162185174732,0.5779065052674459,0.6154167163487607,0.5684446722239008,0.5541968277066118,0.6067582932441603,0.5047123023743326,0.5297049896199969,0.6648459725617923,0.5166281981894412,0.5515508030945747,0.6871365941136542,0.5084739687066802,0.6287916008397532,0.5243818268676892,0.5585634736032531,0.628341089921329,0.5381573957529358,0.6072097354975345,0.6180804807569553,0.6188254914899486,0.6763403331839429,0.5585954415690432,0.5858820920111381,0.7673272047790882,0.5001351371508077,0.5515101131843877,0.6149116838933797,0.5145485829933193,0.505987176042366,0.6012268902332036,0.5710507966061771,0.57648300088327,0.4973412382257449,0.6079475387451203,0.6218432945827026,0.5869675224049431,0.5541682911851445,0.503904849100866,0.6824446109944763,0.5154864603197921,0.6040896594492274,0.5412555856457093,0.5891112399683099,0.4913128979913711,0.5698784961950598,0.652002796811291,0.634434409119492,0.610238813019655,0.5356123246770061,0.6566808194498183,0.5463178414459169,0.5450926081063736,0.46597557763077374,0.542484347895202,0.5151590518127612,0.5835978037658869
0.5428110179028145,0.6198599671015798,0.613739601150086,0.0,0.5718183449612518,0.5570866094807674,0.6269891455431243,0.6299508074117353,0.6406810530654453,0.5437557974616309,0.6497023643882472,0.6825846427875109,0.5412477988449756,0.5717696284184677,0.5929708859850539,0.598443624482772,0.6172757348438124,0.5029392958839491,0.577306072513086,0.5536981993203406,0.6912376461049231,0.6928995818655969,0.5424003610318855,0.6363245758770424,0.5913565896061885,0.5552220594703262,0.5575803082806592,0.5789530056248007,0.5295901377443193,0.5318396210831275,0.6213621964227214,0.5658125661825302,0.6154514481034307,0.5749857837288704,0.6162757654640271,0.7084594284911938,0.5426783014691845,0.586241873248562,0.7166453717133379,0.6719196429975958,0.5880994766052975,0.6985477395134323,0.5093128957354718,0.6358349251499886,0.646815191779842,0.49117137724846044,0.4433748110395991,0.5496076529010756,0.5930633548912037,0.5866756940638037,0.6430321987205214,0.5488044870308222,0.40039006670448146,0.6900238023620844,0.6786246392594494,0.5867960596798872,0.5888169679712187,0.6762013537474719,0.5750867593226544,0.5945649232194304,0.5859433040922934,0.4973026461086179,0.4826344831335799,0.5836661129422744,0.491274359816561,0.467771459655278,0.6781190783131874,0.48876925706787466,0.4995948337901719,0.5802697776758712,0.5800813949826745,0.5242423186615498,0.6589239972086559,0.7018133159256873,0.5627910057083777,0.40616968516373636,0.6955904823479127,0.54118916473028,0.4820957457404298,0.4686226524403037,0.46045207720136183,0.7239108089725848,0.540942630476058,0.48345368536690564,0.6987855413177634,0.610746398030428,0.5719804036497373,0.5217382608284027,0.4787141452392967,0.6547703198820063,0.6427427585564809,0.6824426589670685,0.5798242731840393,0.4735028591979649,0.7125849418215487,0.5412867913783622,0.4979178131520452,0.6138349482018232,0.5737940506239032,0.600588828365078,0.5570598898804591,0.6452854915176849,0.5844523169811736,0.5252537721863354,0.5797636761940076,0.5330090611282011,0.5757048561850646,0.571637641383381,0.5063751172997686,0.6047152608629465,0.7002167259973564,0.649009876225558,0.5945320869779963,0.5897959431841167,0.4676682233852437,0.6251440230265031,0.46585066689886295,0.5578810985305368,0.622419198507473,0.5560807706651565,0.6542773091695103,0.5457025920045706,0.557133628564405,0.5840838836646167,0.5540252530165177,0.5433224623850689,0.6676490390040591,0.6737335161693514,0.6181694551050485,0.5001073698404497,0.5635720329920109,0.6423684195281364,0.5405557121991797,0.6911067931488021,0.655170259734706,0.4404618982891456,0.44540959410215913,0.5922151982926734,0.586701188242844,0.603115419997151,0.4462743266126972,0.6187537915655238,0.7228371931212272,0.70813750350113,0.5901014220980149,0.5308093267693154,0.6887691666027413,0.455792157170446,0.5437070013689287,0.5767838206703096,0.6835461355980194,0.44848827004163144,0.6860597202286774,0.602901529906768,0.6545986832690212,0.6282215268038165,0.5546914576595466,0.6219569094736792,0.5809498120819402,0.5765411616791078,0.40682395094191376,0.531868955197191,0.5601733148969391,0.6825396339691896
0.4782171387019586,0.5013270279558348,0.5508896023561076,0.5718183449612518,0.0,0.474702553406069,0.6425406419534908,0.5058433401735659,0.5448013400289203,0.5212672890738923,0.5808052595560778,0.5979242524759482,0.482019109878255,0.523052912223732,0.520309878092009,0.590229992227265,0.534382889370776,0.46255010868885565,0.4580570494505859,0.4609719535691043,0.559301201470824,0.5501476211168848,0.557682562268811,0.5305208113027777,0.5492622622456802,0.6166338063119299,0.5628798818623172,0.4695829244422405,0.5385006902513,0.5846444742751344,0.546258425305943,0.510303136187951,0.514580291718061,0.5096755462549475,0.5354619532847664,0.6093320959752146,0.5389522065196723,0.5647101973536646,0.5823576482925378,0.579544716814675,0.5205098234764364,0.6217878791987511,0.501091838821453,0.6170243588240885,0.5333752029369518,0.44457035684545326,0.46510748846220484,0.5478556299737755,0.5785519456391424,0.5059385915602547,0.5449117853692849,0.48071948289914684,0.35782447589941213,0.5071465801426078,0.6053255444253773,0.5587613258542203,0.4875079550670564,0.6585522256442471,0.493745675011955,0.4955876687333112,0.4464653016497232,0.477615412135785,0.43273341730585346,0.5778512901884891,0.42426590279312254,0.40466849800475363,0.5471586733183534,0.4972928484438099,0.49475272786117225,0.5231081703282583,0.5194203468800397,0.5053856370071178,0.5256065949833041,0.5488235793113412,0.46262037790869415,0.38475279005106683,0.6018776220089818,0.7137373425860257,0.4473371461200756,0.4807188881548052,0.43271054943658077,0.5318394124767836,0.5456108313406223,0.4456961214536189,0.588737041400382,0.5264976368729722,0.5120126849537995,0.4971377912906239,0.4405811595251753,0.5683568344836784,0.6987332522389202,0.5922321871894352,0.5526112890561701,0.40339467640654647,0.5790376892727888,0.5595439678043315,0.4014418615237614,0.5543798832173005,0.599482602641286,0.4904220487175314,0.5334240165375399,0.5503474921703836,0.5887867179616064,0.5246269504145112,0.49657384060485615,0.5088478305878492,0.47914837479710454,0.5418465378074865,0.4794848326849135,0.5229093347907655,0.5674806242643601,0.6368497541214142,0.49515075468741265,0.5803315300128308,0.4297933574040222,0.5351194560514547,0.42227343946309664,0.5638536098917604,0.5389103893004565,0.5669406157966759,0.6971775093080483,0.5394286676094532,0.49348581751499015,0.5429393453190715,0.5067689179064968,0.5211044752871461,0.5463181549682142,0.6615427666631016,0.5432543133921066,0.4899060100640324,0.5338349612883471,0.5438757453540312,0.49345830473066354,0.5465280765449015,0.49716371310275226,0.4146200086619525,0.44042937813367283,0.5872968515024242,0.5386302634582559,0.5735348272346882,0.4127666290323345,0.6178943058631715,0.537994077936751,0.5866067123073354,0.6176590150847568,0.5573184248403191,0.6047787140959713,0.441859493726969,0.5210218287559649,0.583218163717058,0.5314138097055957,0.42276164344162653,0.5073769976199493,0.6302114592109513,0.6087923624520815,0.5352422365031791,0.46066639909882207,0.6129857164419996,0.5146440591087372,0.5548064149409796,0.3946858076135356,0.49732078751770137,0.5766165212588961,0.5994240771440583
0.6697366079664551,0.7254085248818635,0.6699783622441268,0.5570866094807674,0.474702553406069,0.0,0.5011513598978289,0.6205516497500524,0.5980845814297306,0.5756536698075667,0.5463905431802535,0.5118670410924158,0.677509188072259,0.5718380281123703,0.650236899171274,0.5974150161080983,0.6323316070734297,0.5831688694229978,0.5821513130524106,0.6372795862563871,0.6187034195550649,0.6724211129950938,0.43845629510645334,0.5935388641359226,0.5704089972636918,0.4734728048576434,0.44312272353345544,0.566000251643208,0.5590935762742466,0.5069532716215193,0.603347878310079,0.6373890683415003,0.6649186021188426,0.46537307941233635,0.5924857862799642,0.539009889799268,0.5432862249983195,0.5602287369338043,0.5289037261399898,0.5956924378870716,0.6048136943788943,0.5433227556528744,0.5561935637479232,0.6177370567290527,0.5857961119468457,0.5720910343641767,0.505149494087974,0.5661087558172131,0.5173581619566981,0.6060914938366565,0.6355990848228955,0.6460043434141807,0.48272620154105184,0.6225182610151176,0.5634588537044616,0.5925715873834037,0.6530055975996953,0.5403801859313399,0.5896200542660909,0.6000550608000325,0.7201697064262262,0.5509179785314233,0.6251929776947079,0.47796338354219553,0.5981476796223033,0.6027575941074629,0.5446079397087911,0.5744774058426774,0.5123456118538335,0.5833815266760319,0.7036053091075913,0.54021982485477,0.5457622080388399,0.6491444197678679,0.7078983995360232,0.49427275999010467,0.5265328692222597,0.4670119970530137,0.5376780502487255,0.5567341466843415,0.6370684125497678,0.6029137005865334,0.6223599880338416,0.5955724180390697,0.5636701740265301,0.6307938943527563,0.5325954005680745,0.5173018675092145,0.5460042594225234,0.535790866538539,0.5227345120238456,0.5442857095635923,0.5905780072628796,0.6049125810252473,0.5870595184177121,0.5419915934739233,0.5903463952690758,0.5374973681818686,0.473277089115472,0.6262443901263787,0.5338478424962703,0.5477950596108183,0.46615777946968284,0.5179752139186288,0.6145431416564584,0.5844025667712984,0.6220278461059817,0.5229550898013688,0.5710015363494474,0.6093723216238508,0.5206785215690144,0.48648816057484273,0.653653637077748,0.4721772026934255,0.5623791960364379,0.6519827989757171,0.5681522390851289,0.5190840313476527,0.5973651722629751,0.4768430010163575,0.5594990215132257,0.49199833612463495,0.54863268291496,0.6709947454982733,0.5686552128441795,0.6204547656397619,0.5507697450530173,0.5406222940006862,0.5884384094154107,0.5532333454586632,0.5806275705168273,0.7095523922335832,0.5262746190583851,0.5293055904829542,0.5956428030597056,0.5878821083188503,0.5376851789544779,0.5522479520171542,0.5087696890201835,0.5472222552629084,0.5559082422665719,0.5649770014800031,0.5949640967910667,0.5146654604927728,0.5129525432674713,0.44998199951576445,0.6030333421310367,0.5519407225721584,0.5651745423006648,0.47700722083423003,0.5908333652942602,0.5403964655167331,0.5209138377606991,0.5372919643923475,0.5646443099510384,0.6301780890359887,0.6123867970156418,0.6231922560656583,0.5737217429574429,0.5499296544099851,0.4957784620517936,0.5838018206749442,0.48181816480577416,0.560369970109674
0.5297381359270625,0.5475007214953803,0.5429746611494752,0.6269891455431243,0.6425406419534908,0.5011513598978289,0.0,0.5297026936572166,0.5867098320808231,0.5906750882977215,0.6130011051981158,0.5932534618681983,0.5342842637392718,0.6091636739748382,0.5637260300454311,0.6041098106620097,0.5633764734587279,0.5061659227489335,0.48956728481617934,0.4971580773967813,0.5586051140894183,0.5714658931473856,0.6174694683303903,0.5493649850554717,0.6153729440043639,0.5757827607169407,0.6286694112594575,0.5290894073572586,0.588112613349642,0.6000173320520309,0.6040139007522504,0.5864259338573404,0.5487376817135156,0.5518263234455899,0.6045117102508764,0.6220443918350859,0.5893505464068776,0.5755229536869226,0.5842042614288805,0.6544664906078056,0.5191261722331117,0.6413285095347814,0.5184885017369469,0.6377802218413501,0.5797622463025945,0.4733767868235448,0.46958562051295516,0.5598462958404452,0.7088157908853504,0.5309725986285996,0.5975121599021325,0.4851879945624977,0.3792942031153539,0.5347422270959106,0.7052605920239444,0.5983992361445583,0.5236692260828559,0.6124881810534748,0.5797165946886449,0.5444123287977267,0.4879112724881645,0.50284820375542,0.4436746810217128,0.5975088267658033,0.4551764913300398,0.43366418225627645,0.6303005145547833,0.5260501143077271,0.5274303109050178,0.5587032078903037,0.5449125447798757,0.5633192200535942,0.5822881062777011,0.6060171234331245,0.48998096692116183,0.4251297980179694,0.6870460743902059,0.6657230462411683,0.4561799687836149,0.5071144322081246,0.44864903089559643,0.560708739703743,0.5674339684938917,0.4647947088568652,0.62081980151725,0.5352816783792316,0.54568045013351,0.5724383440902622,0.4877701750337014,0.5863944230172452,0.6864166323557965,0.6730504273784323,0.6062864391883391,0.4416531939796347,0.6434066038498321,0.5828923598827475,0.41877167905575524,0.5692102157766621,0.625920409884936,0.5598460650462753,0.6128748258302562,0.5924190615517306,0.6188976067424913,0.5356801036650746,0.5347139527991271,0.5152985231800189,0.5045811656836261,0.5603069659718332,0.5111577433775706,0.554450923049469,0.6124825775366569,0.626062623426062,0.5562104609626506,0.6082762758744085,0.4533260737454601,0.5571924395248415,0.45883817347745753,0.6553864075453835,0.5560895498144234,0.592027283705105,0.6637793685358795,0.5409011235611547,0.51600085361901,0.5928113962884923,0.5554618398051417,0.5595319723488505,0.5873422481342305,0.6520735417596731,0.5642001300450902,0.5195610570569689,0.5653201667361853,0.5379442016179179,0.54870921355614,0.5555444856491288,0.5185045002768792,0.4373256956066307,0.4564028936211761,0.6310008393958552,0.5654108719014875,0.6018795075164876,0.4478436338202335,0.6793283773720759,0.6084703945749317,0.5998166168565885,0.6251939974156908,0.5838211518878168,0.5691880700509326,0.46558352328749286,0.5476292577452597,0.5447231136640803,0.5864147905153154,0.4573218323795164,0.5275880277837371,0.6423778221476701,0.6071446835214263,0.5870198097934103,0.5221132918525869,0.6258254214026618,0.6141342321040514,0.686713232207449,0.417428083802954,0.5513120634036588,0.5802857397608049,0.6151745550764045
0.6242775473470369,0.6360039184297779,0.6443176696883148,0.6299508074117353,0.5058433401735659,0.6205516497500524,0.5297026936572166,0.0,0.6697446155854132,0.5993772168107726,0.570158375606221,0.5710029537806526,0.6287646071782572,0.592691151375955,0.6731593410907012,0.6512354656199322,0.6426184235985208,0.5986757877466544,0.5870325613776947,0.6273762800653669,0.6266881402585517,0.6270607641934117,0.5025355380752194,0.5643324761164327,0.6246260409661775,0.5324173000861747,0.5300936232079329,0.6006716331709836,0.5549041953440318,0.564393501607967,0.7184229402236338,0.6354654537832269,0.6973773296030042,0.5211635829068927,0.6324709351174177,0.6491373227504461,0.5677642120816139,0.674241874784482,0.58763654769364,0.6242825025463429,0.6513605489232506,0.5583235074405782,0.6260686705150866,0.620161974280371,0.7174549427068113,0.5882114879413599,0.5004748744345277,0.5534359525191965,0.5664268630381654,0.6504054726854961,0.6606177778287207,0.5976022231625016,0.44185576572753205,0.6018347156295109,0.6414054753845959,0.5848494170323819,0.6481316701819312,0.6448126324983983,0.5936737375878832,0.648492343213845,0.6429588933258076,0.5776632897535684,0.5872496243011472,0.5475920985131091,0.5464776020946013,0.5494014656624013,0.5751836054284891,0.5482937255386213,0.5854014329438859,0.7222538422120005,0.6630663305499733,0.5887846541793111,0.5667306264996969,0.6757726116481177,0.6844110538048211,0.46902530498846917,0.5740505652441306,0.5021896836141971,0.6109969798574955,0.4988803298435589,0.5413434049705869,0.6417871142544238,0.6003864598409431,0.6130613812830057,0.6514984234851755,0.7229737098422597,0.5954611279356922,0.5791246510893687,0.5796643920643929,0.5723878358783139,0.6038669617676016,0.6117849613580398,0.6318389773521966,0.5252457816042386,0.6217091131589518,0.5727586416716283,0.5495334954629135,0.6059224922528647,0.5256676301355397,0.651350174817642,0.569997790691041,0.6990971949226058,0.5578664804311457,0.6086779552616058,0.707325598411318,0.6361462015055481,0.6562893872988269,0.5799173222463154,0.5823630777539895,0.5485603563981495,0.5372667259846555,0.5706794264255807,0.5948048892765933,0.5564077250405147,0.5715614975721023,0.6546260394423005,0.5433433704622291,0.5739131004852527,0.578145041185612,0.5401971186779096,0.604248098815641,0.6174881338179928,0.5372293511581909,0.6379008420865298,0.5511736641517511,0.6428034771769462,0.5913353123836945,0.6382131048088835,0.6486774798382989,0.5937754651343675,0.6363163474439415,0.6832170298544302,0.5699041522817228,0.5578570504461113,0.5934200309095047,0.5082360126347559,0.527064913207502,0.6229914438748848,0.6075760157566085,0.6722851674096855,0.5394166670593143,0.5984225409129782,0.6159295786787706,0.5836320684331946,0.5596535487791698,0.5091458111018634,0.637634799264104,0.5351801513468207,0.6220781394220958,0.5402695221145803,0.6799021566583978,0.5210230950258288,0.5569486006454041,0.586038095463734,0.6643126919414872,0.6788217049563346,0.5440717558343465,0.6432730099826519,0.5793760825956065,0.5741746782534917,0.4748543600701961,0.5817383135129367,0.5490274442717229,0.5763965562527451
0.6100115033863656,0.644657469214822,0.5927804744717197,0.6406810530654453,0.5448013400289203,0.5980845814297306,0.5867098320808231,0.6697446155854132,0.0,0.6234636044904639,0.5820125744883874,0.5590169221596206,0.5937032256888838,0.6857451854739982,0.6547864118848282,0.6115858731173732,0.5863249544365907,0.5748398663170684,0.5260553031565322,0.5697824071414741,0.5915478820806593,0.6362677866522196,0.5107611882624462,0.5453074827716979,0.6420815775329737,0.543382068383665,0.559910116359343,0.5432649173051963,0.5985634370951057,0.5841819262234225,0.7656877860979054,0.6049671793877284,0.6685707649424385,0.4991666141867264,0.6850421937084343,0.6491661320589798,0.602566094011289,0.7109701320046702,0.5948570210736707,0.6245674987838071,0.6118839078043781,0.629331106814592,0.5628548614423444,0.6723962441845113,0.6278232828332164,0.5274045761098753,0.49369001581533056,0.5658928217955222,0.5899607349186625,0.590276252012082,0.6248313678279035,0.5471971739235446,0.4267634808815828,0.5713074478806907,0.6421783816924448,0.718293853775914,0.5880045851339051,0.6270008215060083,0.6001803436957094,0.5910934426482333,0.5813921880178808,0.5812485559123434,0.5179047443904921,0.5852167215339588,0.5265075374994798,0.4998755112902668,0.6401357051432213,0.5836355962993169,0.5663596306030443,0.6997828343478993,0.6754487011923976,0.6360750242004987,0.6064966539301154,0.6254424091826478,0.5998720510652485,0.4678093088191957,0.5768634030984451,0.5549730934233955,0.536391635561301,0.5484398568784651,0.5423290409268051,0.6683189279542322,0.6594469593477049,0.5768744797202016,0.6730553561661696,0.6801353281763705,0.6236322551212682,0.5932307217321375,0.5486794129037729,0.6769745605391796,0.6427521175501492,0.7249223943333476,0.620419742000976,0.49436817580893105,0.7456537148698917,0.6538798783008369,0.5065858230566,0.6194377841029809,0.6300830167190438,0.6113712218836654,0.6738127838631786,0.6168591666514606,0.5895887682201142,0.6057365097035478,0.6585821824276685,0.5671773466211311,0.5597360875427148,0.58177922488226,0.5535501894967757,0.5599403643391172,0.5430464549198735,0.6158522804049676,0.6365465115310289,0.6367335345208108,0.5234464458118513,0.6194362830169061,0.5193701013750098,0.5732785033197078,0.5631759882924591,0.6448242513256169,0.6693261034220749,0.6498384379366462,0.5477025780066728,0.6570285190830646,0.6912343551940286,0.6252585595944908,0.6140470718241327,0.6306942464482852,0.6034934014682264,0.6047797460262949,0.725807721423048,0.6490652059560162,0.6273985809372493,0.6416876819892502,0.5784462503080653,0.5161502064595104,0.5049728821562501,0.6547126299251644,0.5731174343964457,0.6882957553821988,0.5411418269479201,0.693530988149228,0.6566088272404133,0.6495702070716949,0.629274284053261,0.5252540719726178,0.6808066825043917,0.5314517353667472,0.6048875242459336,0.5693002508441819,0.676799202674389,0.5336799894039598,0.5284727020027337,0.5989797193349046,0.6688494676645091,0.7435517921938043,0.5399560449230166,0.6714104068326432,0.6822975228140689,0.612618299175338,0.4753620910297578,0.6680824538728949,0.6652040058718254,0.6348425515281916
0.6260662556727026,0.6180687305789928,0.5925316891452369,0.5437557974616309,0.5212672890738923,0.5756536698075667,0.5906750882977215,0.5993772168107726,0.6234636044904639,0.0,0.54518514930748,0.5188329157181213,0.6460726485782335,0.7128228016560015,0.6354862288229577,0.6502984492082844,0.5970055365895566,0.6339627736298187,0.5022970252991094,0.5671763488917044,0.5400885238232402,0.5651043622784936,0.5341367612834589,0.5164559960259132,0.698784351535073,0.5261597678339411,0.5613471540666132,0.5530823416750102,0.7598655899600618,0.6132471518490483,0.693765232104566,0.6941669162600893,0.6172530611767811,0.49474628789051683,0.6612150405033355,0.5941267631037591,0.6196922488545777,0.6720175528684912,0.5115054715745426,0.6279641664269459,0.5788744296799914,0.5505304782189069,0.6241508612893261,0.6375182194620393,0.6193670345875768,0.5606944405505067,0.5634382583654157,0.5713294673283688,0.6417837212979416,0.5753168922197084,0.5995934316809926,0.5276681857981042,0.43051745682944764,0.5134296721220142,0.6494063074731458,0.6550048615450245,0.5642667454848386,0.568587409447716,0.6530054446627195,0.5856932689761304,0.5297691647903487,0.596132016178402,0.5195260366111613,0.5796051186517961,0.5140613175261819,0.5070516987380458,0.5592175062177526,0.6310406175831811,0.662942132105021,0.6566635413108808,0.6181836072290129,0.7132207637699642,0.5372007566027345,0.5943867258400181,0.576372870119453,0.5279398502416951,0.5390791054836562,0.5650334645437943,0.5522469276130084,0.5749571015741277,0.5691301837708739,0.5353529316214718,0.6780457859317082,0.608989560382225,0.5952350785257828,0.6169775304548083,0.5554627324310243,0.6519065038807089,0.61995926998575,0.541653553199424,0.601230190382144,0.6231034814754415,0.6774577820000408,0.49673979500370946,0.6066251466513537,0.6722507091639442,0.45833041210777975,0.5956388231458946,0.569806586118379,0.6182880692023296,0.6640823963635921,0.5782455135677944,0.5654294198100784,0.6919970739211878,0.6269941476591342,0.6001575208356478,0.5538634303187113,0.5976973322517188,0.6170097073174582,0.5408262860584279,0.5012837531567276,0.5459086663493523,0.5877627313682683,0.5664616172142817,0.5557355416588301,0.5879967565403696,0.5702398815276558,0.6754472439593727,0.558248464935719,0.584014435131689,0.6015307719585548,0.5795027349736592,0.5245371371187437,0.6644791316205914,0.5997805343608908,0.736699451465872,0.5474745587041399,0.5833465529332981,0.6309545882763004,0.677090670718434,0.7179201406617735,0.570017680849554,0.5766299498446454,0.4999549255194294,0.5093622400259653,0.5413028448368247,0.573326970978814,0.6832733921258278,0.5955276317213432,0.6470005602738162,0.5906994898898035,0.6860542248542297,0.5690529185642642,0.5402744894687324,0.595638696722621,0.5369055575641556,0.5499046457123459,0.5870314770338985,0.7100940141157888,0.5355345665879735,0.575552442101032,0.5863255748904478,0.4740984719266767,0.6436078536553297,0.628727978287208,0.6369117193750585,0.5247859815955069,0.6579085257445323,0.660503479816422,0.646641742916736,0.5404837145943155,0.6741905950062228,0.5856928346876553,0.5401032934226356
0.5378804963651539,0.5611102816492112,0.5799377494652298,0.6497023643882472,0.5808052595560778,0.5463905431802535,0.6130011051981158,0.570158375606221,0.5820125744883874,0.54518514930748,0.0,0.6955880900895177,0.5563556572569825,0.5456553538680224,0.533835557266224,0.6557671913262014,0.5796196210974278,0.47639517543848586,0.5197340299296812,0.5400749442364765,0.6110797857574892,0.6223810338162858,0.5531192265372114,0.6466249462097451,0.6499052058930331,0.612623777941165,0.5580367291220603,0.5625841984744896,0.570485183063567,0.543866014122087,0.6021219294557723,0.5544833011626272,0.5327780268668656,0.6031003574356045,0.6160370057712083,0.5956639118743425,0.640208544841891,0.5760736874119453,0.6607517713113322,0.6193982791571103,0.5126703879653383,0.6778847363116732,0.5011471377449038,0.7054062505097591,0.6200090691181505,0.45451358244982665,0.42681028755292516,0.7058230760016034,0.6266440174140849,0.5051958592239297,0.5560000351695521,0.503530056663587,0.3616636290112543,0.5734202771504383,0.6867613485877893,0.5920746486418134,0.5297384103830138,0.6629715363099851,0.5149380803932833,0.509321564865537,0.5468949972421198,0.45062707685319753,0.44979298900624637,0.558911529182023,0.43550066368436247,0.43373293422606246,0.6818519095904089,0.5020363397504758,0.4866912222152085,0.5887779831617976,0.5448074007761567,0.5104094473595026,0.6239215685860308,0.6072623638499908,0.5074244420811073,0.40235289602371765,0.6928289533295096,0.5885554320923696,0.4635435138622715,0.5171329427806504,0.44841317413326603,0.5590155479357407,0.545822818655586,0.48736317994166867,0.6158479380256972,0.5728308769460541,0.6532156463605573,0.4860746827363914,0.4584443846517364,0.6740401653153522,0.6004142306456812,0.5749163336757379,0.5375675985678657,0.4438299924846353,0.5918840848852072,0.5924496678470713,0.4325542794434966,0.5954828205542092,0.5465366199032171,0.5320054841823311,0.598716009340594,0.6128742477141673,0.5514019281825631,0.5183507351919615,0.5123288430950281,0.5118137536921197,0.5009905807840117,0.612705188311183,0.4673136460611449,0.6939896720234452,0.7010472499490492,0.6054220105111074,0.5991443089189563,0.5878589976546817,0.44356146200981417,0.582103397326463,0.44642272470107097,0.5994967890084382,0.6265983293967471,0.5499843160721744,0.6402060810181938,0.5155091094044768,0.602092990379431,0.5720593595929776,0.5732564373611984,0.5662511780596224,0.5263451435862798,0.6823371559749846,0.6074222788409124,0.4809581408048941,0.5453047158001357,0.5779252186857594,0.6053769973008626,0.6251041961536374,0.6592081800449345,0.42523457000615605,0.46895216492602915,0.5799620784980408,0.6017304251673687,0.5632629849603988,0.43587185314510113,0.6441193765193362,0.5585662957807445,0.5735486573705577,0.6813531779731763,0.5439908055003246,0.606501488527132,0.4338456439805048,0.561498897614992,0.5786746509041507,0.6857355654501859,0.42681586784531855,0.5607569669490653,0.5494369998282559,0.6542786993705455,0.6558119619038824,0.6108227138714616,0.6642184580114727,0.5930977766371253,0.5872532130502232,0.39256590444137246,0.5445739887213974,0.5306641443413632,0.7563885386371356
0.4990254437596341,0.5533704330475508,0.5767044037660346,0.6825846427875109,0.5979242524759482,0.5118670410924158,0.5932534618681983,0.5710029537806526,0.5590169221596206,0.5188329157181213,0.6955880900895177,0.0,0.5004753978591655,0.5030229521205163,0.5280056479800038,0.6143174362965917,0.5923316718695326,0.46292526616973273,0.5644592940416502,0.5248473460227413,0.6536993637917506,0.6048968178365391,0.5769428459284694,0.6386741730315093,0.590946115908839,0.5643400080051694,0.5557040979764761,0.5646463128152541,0.5290894143133826,0.5476529012326785,0.5771104199633788,0.5277035037521004,0.532431757561461,0.6262914456097775,0.5686534254645123,0.6431310570093277,0.5317961295345721,0.5603101089974893,0.7487176265298324,0.6055795847553648,0.5431654968453867,0.6554284628239091,0.49185485550976,0.6191806536529054,0.6014107911318192,0.45613412300523276,0.42237413845832383,0.5645420322950236,0.5922685887036718,0.5246841978825283,0.5632166005788134,0.507761241379981,0.3664603643599534,0.5992391016977874,0.6616260975692361,0.5370807962750453,0.5404058919066392,0.726995875085929,0.5042570734704069,0.530282455481379,0.515218213059864,0.44633535284449155,0.4461055450611221,0.5664574548487834,0.4372314823362317,0.4261347817915384,0.584186017749212,0.4519785983039612,0.47010708842344107,0.5446765885744718,0.5106143848578601,0.4871133234357643,0.5736186890477754,0.6024563860272131,0.5103015505222769,0.38334461338748993,0.6539310942768425,0.5600575921637265,0.4639035635872509,0.4595856735464118,0.4289505606595702,0.5770726306151993,0.5121756556294798,0.45763779016866646,0.6371613037224557,0.5681383873192654,0.5504010292196262,0.47245976145289215,0.4475573923012291,0.6045387714870021,0.6082068992646661,0.5849621762051402,0.5469092299506202,0.43655181550057237,0.5813837166743399,0.5276191624196525,0.4403721255302081,0.5980926542454463,0.535897433321137,0.5206723568660487,0.5287404646971197,0.6056027100796287,0.5568329883605392,0.5221528347820321,0.5124866201985844,0.5090378228757337,0.52368034148432,0.5949806837257829,0.4678172997428247,0.6039710591557288,0.7229562861848056,0.6304838282398527,0.52013207092507,0.5803181032648133,0.4364748715486893,0.579147569840591,0.44038056969934264,0.5776681915940948,0.5993946949424789,0.5216726949143945,0.631189990144028,0.5085080882904415,0.5506209799546604,0.5428807659493116,0.5095287048770245,0.5316005586658937,0.5473657878919234,0.6662241520772221,0.6147987941463147,0.46068565561887403,0.5285282427267242,0.5797228182822778,0.5175238616978832,0.6191276887040994,0.6241704679518812,0.40688195651409664,0.44557047346570605,0.5565561370999272,0.5959312314141035,0.5825097683764455,0.4110435770631375,0.5877844379927633,0.5813629370863673,0.6086438403396895,0.6011488081682886,0.5242637732742669,0.6234755607908474,0.42707271306555017,0.5442004406257819,0.624589555765944,0.6349616540344624,0.4198387606378156,0.6529075070758004,0.5592014504308068,0.6705806297617098,0.5694243014025803,0.5323364620196592,0.6059421463504873,0.5228885135244261,0.5403422188534521,0.37985825998796824,0.5011186874455414,0.5317458318171839,0.6712118112333906
