0,1,2,3,4,5,6,7,8,9,10,11,12,13,14,15,16,17,18,19,20,21,22,23,24,25,26,27,28,29,30,31,32,33,34,35,36,37,38,39,40,41,42,43,44,45,46,47,48,49,50,51,52,53,54,55,56,57,58,59,60,61,62,63,64,65,66,67,68,69,70,71,72,73,74,75,76,77,78,79,80,81,82,83,84,85,86,87,88,89,90,91,92,93,94,95,96,97,98,99,100,101,102,103,104,105,106,107,108,109,110,111,112,113,114,115,116,117,118,119,120,121,122,123,124,125,126,127,128,129,130,131,132,133,134,135,136,137,138,139,140,141,142,143,144,145,146,147,148,149,150,151,152,153,154,155,156,157,158,159,160,161,162,163
0.0,0.8483616523767117,0.8147037081997014,0.8130119418803003,0.8016579817558255,0.8430408227357321,0.8234798596190598,0.8261914235120127,0.8550670239617305,0.7995286772891742,0.8204631671379505,0.7688758209005291,0.9283339388089018,0.816576998240901,0.8676028163806381,0.8632620508174096,0.8894082572089325,0.9477266683322086,0.8344290096842577,0.945570807888288,0.8923757365764192,0.8538408300166258,0.8270608191791494,0.8453614271326524,0.8845753755645135,0.7940786291419412,0.8014014427556393,0.8701533495244975,0.7333452778868382,0.822679073977069,0.8640976070637586,0.8879409577027724,0.8366299980613515,0.7998235911123912,0.9021623127950114,0.7771931119074811,0.9131620477168506,0.8466043174653213,0.7192180292037327,0.8778885581438873,0.8014447571378149,0.825828340895281,0.8897268485335569,0.8557862457789118,0.8840273455678488,0.9118916833093886,0.8820731485755386,0.8267392235689263,0.8966329460996569,0.8991332428401809,0.8998617245428634,0.9061724431808363,0.8059820297142148,0.839277488257981,0.7885256895416778,0.8233567822992066,0.9471346883033674,0.8086391938173639,0.8397155921968636,0.8651038421918821,0.8276651445265624,0.7577528948061978,0.8742862283653126,0.7538812243244526,0.8649444151301319,0.87129153627548,0.8248717865556771,0.8904642269776396,0.8700511332293921,0.8538545238179103,0.9347275624839837,0.8520926743773094,0.806818987903581,0.8960991192379446,0.854428237127627,0.8876791940985945,0.7918748079921243,0.7961426879358593,0.8169665018652678,0.7238428476271155,0.7997984352881774,0.9153247937570661,0.8369254528111179,0.7977783296031812,0.858732030104869,0.8746223204745904,0.8200004246230583,0.8689320430890405,0.8906065433243194,0.746644104727846,0.8877310891151574,0.8338228185431209,0.8608480103564254,0.8842969663208435,0.8666169870268465,0.8138754835902634,0.7761922077781205,0.8245712909131729,0.7104068053537231,0.8731208823015392,0.7643395295331787,0.7687787964183871,0.7729725667539689,0.7777303272341893,0.8720866583801946,0.8949293606293101,0.8341184870956467,0.825218184906481,0.890950467755098,0.8463243302246353,0.8253915245994833,0.809745133668815,0.8629696590319181,0.7476467954951673,0.8574365116071513,0.8800417812651469,0.8775824612597628,0.8331793647782579,0.7898074313476945,0.7439465609051746,0.8449919034062964,0.754269829495536,0.8466300000607543,0.9094288959220146,0.8101561424384739,0.800777820527152,0.7588927644148347,0.7939098917146602,0.7806391285137053,0.8945466627816289,0.8061692829762118,0.8461481267726652,0.7634581719037975,0.7470193408758313,0.8167215871249792,0.8253044262161962,0.8583584492189339,0.8814809501644374,0.8363734325806218,0.8450081984868594,0.8190044534868381,0.7877393810591586,0.9108019366732597,0.7657224459344207,0.8224278736767663,0.8313071206884737,0.8309358742788681,0.7787402046121634,0.8513928513476663,0.6152088590878706,0.8888608780847379,0.7814650885356857,0.8654894725975869,0.8140484818272592,0.8172738938043684,0.8850673823203445,0.863105234058463,0.8376217808621123,0.8344112463216764,0.8289449303337088,0.7924870494057161,0.8845634392378677,0.8971184455668818,0.872737082491017
0.8483616523767117,0.0,0.8567820909891202,0.7839008690369299,0.7531223124800089,0.9132507946822183,0.7845451944183387,0.8549235745987436,0.837977545983423,0.8973575512451156,0.805824122328659,0.8686075096402726,0.8795369535883654,0.8117194767306478,0.8350788455912342,0.8667971963965978,0.8426326279736539,0.7943880485565616,0.8206675473177827,0.8655866871340865,0.8291863810092153,0.8645585791009168,0.776744437987443,0.8318513303148214,0.8738858916498937,0.7140803072055106,0.8252950644716331,0.8095065756576675,0.9014707561106398,0.8326512712942729,0.8981014996061151,0.8510869951347451,0.8973253353243824,0.7729271568252949,0.8525047561405863,0.8106796131118799,0.8527262874907484,0.8432743391868519,0.7967057307764989,0.8287695858203249,0.8687530273678633,0.7906901364728024,0.7497705569613131,0.8267394034829921,0.8684428021926189,0.8262099235271843,0.8430338893140591,0.7996981353873536,0.8093145620459609,0.8021272410774452,0.7802812566841089,0.8167306637936109,0.7747301649828665,0.8648444518738776,0.8162916318383422,0.8803055584756291,0.8164942003639751,0.8331014742766755,0.7387066830700677,0.8562167401348657,0.8292550192249216,0.7422098323445323,0.7526738884301951,0.7516368832414241,0.7113599778004032,0.7280578518490862,0.7684298517431185,0.787688833764733,0.7551537548128257,0.7921894956149569,0.8107187107031953,0.8068699674594838,0.6879085065880259,0.8015631998000885,0.8617993105314,0.8195032388024146,0.7282669271612963,0.8519087910805441,0.7534914096466075,0.733095714344468,0.7939516846220287,0.7835751056645314,0.9056536140731853,0.8202386127510225,0.7343880392040674,0.9108304285755467,0.7511745130450431,0.7366835378558361,0.8666788124951158,0.8328762897682119,0.7698402076144643,0.8451844263938264,0.8616051532210341,0.7936300394767606,0.7559594833501744,0.932136002546974,0.7740415779662638,0.8497279613082351,0.7040308592034267,0.8229389122654944,0.8175827278814052,0.6989342458513866,0.6548560358375549,0.8419214520958066,0.7861877878190249,0.8361032894299859,0.7806665122923605,0.8419539725297948,0.8610572209487621,0.8737546157244428,0.7722662181480728,0.7051668278598823,0.7677248450544721,0.7816146440341876,0.7937881980644903,0.8766709452481389,0.8329321208825228,0.7939727213924928,0.7602617711669649,0.7726392517080719,0.7901102924976955,0.7294533092257641,0.776821716945225,0.8905687787857,0.763444899129567,0.9209938684659941,0.715080181514377,0.8646843895929539,0.8559483877605395,0.8385975468918367,0.8886216874852431,0.8184981969040394,0.7497227805216766,0.7696479686051293,0.8049705244161042,0.7585722742300804,0.8887507228460552,0.8431625812970748,0.8168388955180148,0.8387524309047412,0.8128436891431815,0.8264103483593787,0.865548867637657,0.7543382448183571,0.8492571890112528,0.7216457029462758,0.8736173249707402,0.8487710500845824,0.9026738883922346,0.7040992482934499,0.7687358451311818,0.8190448141449519,0.8144428813898432,0.8484328145114604,0.8561199743429673,0.8256592675222117,0.8278734716738071,0.8783634888065144,0.8126157045440237,0.7307301443680513,0.7754288217627419,0.8491192494748634,0.9511199741657508,0.7711723854205932
0.8147037081997014,0.8567820909891202,0.0,0.810287409700267,0.8166375551029489,0.8620953486428033,0.7985172595391857,0.8409382718775895,0.7386192071620217,0.9345908440504261,0.868215853839981,0.8323853774861696,0.8882360776051728,0.7363558773290956,0.8141989201295987,0.9049784706274793,0.8712874269574671,0.8188543362348928,0.7932549565298505,0.8054022011113035,0.9253076884049218,0.9330131270827858,0.7795484009357141,0.8285126123456745,0.8997611379912233,0.768021119685598,0.7900267713489261,0.7931645849317581,0.8273064849597429,0.7834974814162073,0.7795536205246594,0.8568413226160599,0.8082959750907153,0.7303648182004686,0.7543396939880243,0.765630063324696,0.8666776858015077,0.7769257581568016,0.7406240596922646,0.8327638827484828,0.7743526747523753,0.8402924834115816,0.8334880196476272,0.8089379475564789,0.8423866532435227,0.7996577594768516,0.8235393611298394,0.8594541985813345,0.828510611955828,0.7994678181028935,0.8247576259484886,0.8051404370969555,0.6905862584701278,0.8834034872611424,0.8188452687359866,0.7720015737567658,0.7864523263727792,0.8664899932901485,0.7932331609219272,0.7606614769283084,0.8346138499557066,0.6819989405529284,0.8022051892462252,0.7192524530189829,0.7164465085032286,0.7441376216784635,0.7776504127385852,0.8603767954083403,0.8658818394968829,0.8503498592855051,0.8218148742703446,0.7090172945089157,0.7239090394763819,0.8891199210144061,0.8306243076562768,0.7129342105911114,0.8169753958785403,0.8461576285722177,0.7088614502931304,0.6421765707291536,0.7784390613030596,0.7874020814044147,0.831801656443754,0.7488852283493496,0.7372134997505048,0.806267804618457,0.7840700585254063,0.758955411818085,0.7774892774084671,0.7044709926042886,0.8218244092017456,0.7446604484896956,0.8250021872259253,0.7036294417711852,0.7608848643832279,0.8672885577730886,0.7188616590856668,0.7934453691396024,0.6219245808304655,0.7767114915148285,0.6804206346737232,0.8133492638988263,0.7139832411952394,0.8543386875096575,0.7417035986342634,0.8338710413856357,0.8266486743673149,0.8409556083664412,0.82643419438218,0.8806052724694228,0.8203163205979809,0.7099006815160398,0.78535279548316,0.7449322784786607,0.7175293166030617,0.7978646059716784,0.7442569908912195,0.8679068665866366,0.8602425939563075,0.6757166933220534,0.7387029997889892,0.7223682403771325,0.7261178867045524,0.8316844588785279,0.6446336324357184,0.8556409202388259,0.7001182200295081,0.8018745810049898,0.820229081953029,0.8150374782850611,0.7778238790909305,0.8959364901101413,0.6633404566827342,0.6413126741642847,0.8278079546914437,0.707347266301687,0.7768722991287867,0.7747302684498976,0.8545880342690801,0.7881374455377573,0.7699695371626465,0.7703820754507441,0.7998137971621881,0.7776052949063179,0.8229921919614305,0.7606310924566899,0.8092640766131926,0.7999095570260704,0.9076655715220139,0.619992228593034,0.7275594202142978,0.7120913013959271,0.8391794638370235,0.8910077859854101,0.8768294998203342,0.8271854282683632,0.7990573146568019,0.8748489025991553,0.7155731127326179,0.7276352761481462,0.7793354179402746,0.6973811537864916,0.858687865295002,0.7560289891300264
0.8130119418803003,0.7839008690369299,0.810287409700267,0.0,0.7758085412187576,0.776672908178085,0.85628585192678,0.8008041459349492,0.7060765257742078,0.788762168208683,0.8640961919793562,0.7722630408985182,0.8613700976959839,0.7953325377450047,0.81166522971764,0.8229220175242047,0.8236583044928198,0.799940852955628,0.752399874445466,0.7638908223942873,0.8388247840295326,0.8212662066076459,0.8218071245331983,0.7965087344701595,0.8212857682265172,0.8514661494139355,0.8508666751899434,0.8213522605033867,0.7623622633499053,0.7040225595881288,0.7788078003955149,0.8207973079043194,0.8854698062205292,0.7929167877186248,0.8108794878573861,0.8069691099447595,0.8709003698166902,0.7797804958205021,0.7438047780793862,0.8878755370059888,0.7820012375815122,0.750351581252051,0.796461761683695,0.8402278300872305,0.8595622301974772,0.7874434205055734,0.7430644840179289,0.8262101045946019,0.8618037183197474,0.8035628593937358,0.872482138544371,0.808776802329294,0.6792459657299407,0.9084617747045802,0.8641684673796254,0.7145798287026905,0.7937692275845561,0.8123905112988763,0.7998514266806627,0.8021289507552137,0.8432373768000481,0.707583740048937,0.7816668341428126,0.7346188785479877,0.7090395156972611,0.739032458010269,0.8714006101147518,0.7997628279745717,0.8240517181311804,0.8195982517813964,0.8127967687823742,0.76447873899154,0.7948277970950649,0.9005647887405084,0.7681865683964136,0.7217234904218996,0.8745588772847366,0.8361783930346999,0.7210900286533884,0.6401798433247112,0.6780771130050594,0.8244237349712275,0.729294887829744,0.7393373822423934,0.8016660387993613,0.7655035081440178,0.8115256584728555,0.8157371761484657,0.7823017259924169,0.6960399674820739,0.8732086935009257,0.7945474194660928,0.8239333278450961,0.7307265263219291,0.843014758003033,0.8027474211506178,0.7052036503663062,0.7728117773138226,0.68014186436184,0.8419976674227443,0.7526660978506043,0.8111884091020675,0.823733547128037,0.7598058133136038,0.7904822591508384,0.7890875462753667,0.7962419887140993,0.7591842192260788,0.815916311282982,0.7808962005108081,0.8745716270794817,0.7932830605190909,0.8385876909525948,0.7689487066142769,0.7656019347587274,0.7917091608234456,0.7175587468407675,0.7887545210140814,0.8382358249535622,0.7448348677573681,0.7646062740231929,0.81266959718338,0.7383642039050746,0.8199020556413129,0.6814795837988674,0.806554516731865,0.7490263502927945,0.8023931462563197,0.7956211805663802,0.8188489944676627,0.6842670320827026,0.7662900619364288,0.747857979086597,0.7169863768202553,0.7821091644103438,0.670702058336793,0.6926470657077349,0.8498548544579517,0.8416740183831417,0.7626210622405927,0.8034793456794693,0.7561304903632483,0.846405538831675,0.7970758093014981,0.82380498218852,0.7967935573621049,0.740102591296304,0.7097932623020902,0.7641215213061555,0.6044266779380875,0.8211721643399005,0.6822806536071386,0.8250085352802835,0.7901839975752792,0.805073893339076,0.8098906480501734,0.8028288294568108,0.8091732246964721,0.8768348488036387,0.8263370670213359,0.713010184896454,0.7270629386397119,0.7853192857171283,0.7932481450100661
0.8016579817558255,0.7531223124800089,0.8166375551029489,0.7758085412187576,0.0,0.7178802315433698,0.8596269439145254,0.6938408866402036,0.7468284808215748,0.7388589582890314,0.8466094961100388,0.7882717395849261,0.7644519137194874,0.7138097647898455,0.81548057351482,0.8034079294931399,0.7877538808762087,0.7749746784571753,0.725168552929817,0.7525862589877677,0.8650272118191535,0.8747295148343694,0.8045714896791024,0.839179442199413,0.7884359274328782,0.7877330567825659,0.760881453163365,0.7092651786925644,0.7266242154928486,0.7902276606989628,0.7547630171584861,0.7590891437927434,0.7486937954668279,0.7104131687839501,0.7853576906973586,0.7461657735530564,0.8210314395032512,0.7410066783055391,0.754885954847458,0.8168349684430115,0.7376641396152438,0.8328376774975885,0.7923734660183012,0.8476959636384261,0.7566717628915409,0.7175987392423989,0.7909651413798283,0.8315769930236133,0.8477550510322682,0.7936607798683736,0.8155944403198478,0.7665634640306074,0.6396722251064535,0.8082693236006946,0.7739534020674174,0.7196630141621979,0.7682871211656758,0.812909321357897,0.7492076280282012,0.7254582900475398,0.6725583681276699,0.6488998402145651,0.7197657504945282,0.7258019022964812,0.7158808444411892,0.6579939626205324,0.7429490322278751,0.8106327149980203,0.7810511423867318,0.7336984339557897,0.8067296174046347,0.7152706934468316,0.7189144129450503,0.8103738421653813,0.6899589400901186,0.654243187837716,0.7852370319483576,0.8830968452463299,0.6408917039461575,0.6256213240369356,0.6441379642323043,0.8225339797765164,0.7791260055772352,0.629497913262626,0.7382587605607543,0.7322614291805484,0.7037396803469671,0.7491714378229345,0.6704122747178377,0.6873185404536973,0.8984961662086007,0.7592758001812476,0.8130711842514852,0.6662312234705084,0.7883878881269221,0.7843793145276345,0.6249827860576525,0.7211252769033637,0.6770569180909469,0.704847476653292,0.6815700720653125,0.7111720566559059,0.7347807103488976,0.7284338773935153,0.7075599290401925,0.7500340181966181,0.6950588397911607,0.7371041303847051,0.7603497543578543,0.8077187958743102,0.8425740618225727,0.792891414567991,0.715913511895016,0.6902638793066598,0.6692500666867512,0.7562426800601051,0.6565864782322217,0.8344551498190849,0.760896846394986,0.6696761755052411,0.863311150919506,0.6591805070035613,0.7177457465466905,0.7982395457265111,0.7022503993418586,0.7320025887830496,0.6834877528055207,0.7674384720651473,0.7083359626789931,0.7689953781233497,0.6912608527486175,0.7656659115901351,0.627179616007974,0.705241068214904,0.7742789752037373,0.7062960978564836,0.7213519774494765,0.8220508075625402,0.7818149024878939,0.7668657880229257,0.6639529151565884,0.7397008257677804,0.796878442171527,0.7697499024642979,0.8180334671150179,0.7887836762630553,0.8344669383151991,0.6587552299450617,0.7604176587304902,0.5905299771213918,0.7475060929021937,0.6376141161729645,0.8593612309210266,0.8177959360139586,0.7707047787501019,0.7603967733045047,0.749781436114748,0.7796930136461007,0.739306705305681,0.7289437749152069,0.6355866264599165,0.6965735801431359,0.7707676337819933,0.8764844628740442
0.8430408227357321,0.9132507946822183,0.8620953486428033,0.776672908178085,0.7178802315433698,0.0,0.7276666451087204,0.8873046408705278,0.8053907361731472,0.8555704357808962,0.8015465917531664,0.8370744424157642,0.9036391704762109,0.780859701871312,0.7652013441165075,0.9027805904075296,0.8580684076100762,0.7683732052309883,0.8189377625052257,0.8346484797409254,0.8442185453727434,0.8145470791742592,0.7111403466061604,0.758009405300157,0.8554049214081705,0.7312921842586344,0.7588311806243583,0.8073485165193488,0.8332116751816557,0.8260685874565243,0.8560629009120753,0.8905850817512337,0.8568186540215692,0.7662876927192294,0.7959636902790203,0.7880551102353887,0.8646827801941936,0.8351395128357629,0.757102909733496,0.767499982963994,0.8085038215577481,0.7838827659162436,0.7707528218354305,0.8176860347707846,0.8480645585250605,0.8242873744728879,0.8320300642142433,0.8126945496928321,0.7596204219924007,0.793046005179511,0.8016846372967521,0.8558312743033802,0.7627822159502615,0.8519282976918539,0.8064034552197723,0.8688938630615958,0.8214496715292229,0.8792301874286741,0.7052545239738557,0.8322272044426386,0.8896760372695627,0.7847467165861411,0.826798558100854,0.7108796426261998,0.7029774036125722,0.770962940597215,0.7578108582778481,0.8060099483376283,0.7555872893251496,0.8310861652243958,0.8309785274759947,0.7604144051090177,0.7154868135596448,0.8181108476311009,0.9076245937193187,0.822818136580663,0.7600293235258012,0.820944418450606,0.7727072077367835,0.8010809503647227,0.8619586050680468,0.7765523238874164,0.8748048425841988,0.8645190094010385,0.7692618078602013,0.8776457110375483,0.831997916339039,0.7399705570432704,0.8845105806584529,0.79001341146376,0.7761238630307187,0.8092340635562231,0.832028804283641,0.8049553687098672,0.7439764670113067,0.8946195823287368,0.8181526793931297,0.839293248389518,0.6874718155324318,0.8253493549864281,0.7748515803074011,0.7559481874206847,0.6679122532019605,0.7948745262632281,0.8113740444814216,0.8595970050749134,0.8331483787262791,0.8147283444744611,0.8196776015540811,0.8373515791029581,0.7720676102838325,0.6973510790281632,0.8265253592564593,0.797422922959876,0.8074334350117018,0.8625501341501396,0.8436591935172119,0.7557748962083077,0.7907449175161968,0.777205388570313,0.7454683039364023,0.801011715464016,0.7842674684458105,0.887782149605897,0.7295497936726476,0.9001781442042507,0.7420697812780147,0.8540184940232465,0.846786465849491,0.7903084573653661,0.8731372187675037,0.9182326722801348,0.7838719529172279,0.75174769465649,0.771463155220942,0.7300492871561486,0.8498098730864357,0.7630892289905296,0.7410298883363223,0.8083284375478038,0.8038688202492749,0.8370613784800156,0.8259761182907438,0.7502781080584909,0.8256571699567786,0.7131796021210315,0.8374819420134153,0.8535509410545434,0.864379647269259,0.7083330070007977,0.7729932182906819,0.7999669454222528,0.7632669154777689,0.7840115026626618,0.8492860471031323,0.8165991622580183,0.7973369662869088,0.90046610860073,0.7444139490888089,0.7761603110934508,0.7701852289969628,0.8362138243809832,0.9188613281606978,0.7443764062794592
0.8234798596190598,0.7845451944183387,0.7985172595391857,0.85628585192678,0.8596269439145254,0.7276666451087204,0.0,0.7057078040710921,0.7202201864100988,0.8177958192310911,0.7935102049675105,0.7709049107059318,0.8220818958787461,0.7663132712297992,0.8381016548712895,0.7706938286112667,0.7799641150125983,0.7998045097778277,0.7135945636365092,0.7498438178286367,0.8378111312276212,0.8389136913527494,0.8807480553312806,0.8513041197459572,0.840850599168669,0.8065903030275904,0.7998787932589828,0.7440489873502829,0.724706179508601,0.7266418312034387,0.7710658691044538,0.8237519178040468,0.786200819306479,0.7869189346544426,0.7993240995174563,0.754495610558127,0.8674348174061842,0.6829010517222159,0.7041561106925311,0.9030721040651775,0.7048276076442233,0.8374366146772787,0.7857717504736571,0.8292859417541253,0.8228797372349452,0.7745760208681745,0.8237780803849183,0.8014967881725574,0.9365035398914865,0.7904889876359051,0.8702324523982732,0.7624248631847133,0.6578066471915548,0.8419697513534209,0.802775937364766,0.7734193244055916,0.7617407137277283,0.7357959079741223,0.8648778275928714,0.7658671463321007,0.7182875501263553,0.6738603763204831,0.69484909814308,0.7326384202620199,0.7457489318190171,0.7099183600109867,0.8743451208538946,0.8660713197637933,0.7952875427911672,0.7216642228747597,0.821214239005696,0.7451163488343414,0.7748245220640297,0.8844873892855514,0.6685584049665575,0.7296178411551236,0.8591955673198176,0.8833284037867632,0.63230367973401,0.6177944914060836,0.6422916031972958,0.8513662672757442,0.7649828495069501,0.618026970938881,0.755953888574686,0.7089552487161642,0.7172348201662471,0.8398245649376442,0.7426005783597458,0.7136440204637418,0.8637539114404703,0.8484213550813485,0.7997854025643463,0.7048523553918646,0.8389886717545836,0.8016422065943565,0.6303338463794395,0.7768762430680011,0.6817662682718825,0.8251557160656501,0.7069918907374266,0.7506869302550125,0.8240326575468584,0.7442519444194715,0.7200998342143411,0.7692209115790943,0.7400206911070771,0.7449595473863384,0.8290302476711722,0.8559832348558005,0.9149086120971505,0.7747073099099923,0.806921801626457,0.6666030489160268,0.6812774157569293,0.7538790652314482,0.6989476651741583,0.84799586855298,0.7999637171390237,0.6830846872401024,0.7734094477206869,0.6568319389334051,0.7327453450631153,0.8323946565805983,0.6827124843910106,0.7457279040473678,0.7452012780899476,0.7793311341409144,0.7289802147818006,0.7981262166272132,0.6845360915484696,0.7030954393819651,0.6332046504471622,0.6529265149904815,0.7572344225858476,0.6873153739229044,0.7005667349992909,0.8471705007149588,0.8040192161037438,0.7343067566961898,0.7068764984947933,0.742367266275801,0.8979643367458413,0.7642296029653761,0.802267822494222,0.8757400187231611,0.7598763796469666,0.6870219902072997,0.7708166326960892,0.5528903477273597,0.756888603476722,0.6441794708213167,0.7993711632982367,0.8982412985853818,0.7702807192422612,0.7997513148406247,0.7872673188737035,0.8064573599934377,0.8110972970502978,0.8049452534657552,0.6993607599997569,0.703559940971088,0.7946126603040466,0.7868136557549662
0.8261914235120127,0.8549235745987436,0.8409382718775895,0.8008041459349492,0.6938408866402036,0.8873046408705278,0.7057078040710921,0.0,0.8392800350233994,0.8195800125456753,0.8055690417797727,0.855393558498983,0.882984514258476,0.7247274484522156,0.8026581508989977,0.8797273490873798,0.8093164029766472,0.7816703387571894,0.8218499570518574,0.8398976057535057,0.818645917949053,0.8187575429321252,0.7441367072007395,0.7718118746015727,0.8592495094157591,0.7462302203543226,0.8294129997952173,0.8181429135216156,0.7513191715788898,0.8306600863573177,0.8880849344683172,0.8252038004782726,0.8515225988999044,0.7719992340898651,0.7672129076854621,0.7639589572306709,0.8735524981931548,0.8413837275971348,0.7908528679703634,0.7612161909414461,0.7889477860495818,0.7509891543190675,0.7986616787001304,0.7586147559457722,0.8971152713237671,0.8377965361433252,0.7630841099065704,0.7799107863378114,0.7552309195534233,0.774004132990515,0.7763003934547529,0.7919358321255049,0.6929034319537917,0.8208954443527016,0.7840289414577237,0.798914400757235,0.8083375741387976,0.8976272435845392,0.6796608795188589,0.8076475899094119,0.9046442432997551,0.7185107463855386,0.8009958297780538,0.6794517353715023,0.6775817626747119,0.7519599625118611,0.7678853238963804,0.7851976469545676,0.7712191963046074,0.9350923793741762,0.8164596412825871,0.7245091041443531,0.6789439463545268,0.8155542160856136,0.8812984136358589,0.7562501378488797,0.7699222851066861,0.7669017820686966,0.8266042198074414,0.6612549481431943,0.7434524023924856,0.8010801712220313,0.8496203382686465,0.8451592201069773,0.7376297206912854,0.9114909797617202,0.8911330230259432,0.7323370851430037,0.8725943439290398,0.8188350029227258,0.766047066365077,0.7669354925384786,0.7821857398964733,0.746873913403007,0.6986590101894018,0.8711967945816256,0.8011745477442201,0.8062698868610488,0.6312589947182584,0.7999250669498708,0.7359276218579174,0.83415257891446,0.6787781882726748,0.8160887690113205,0.7907634935263136,0.8613940207757516,0.8158101280695592,0.820466822183837,0.7913636175619514,0.7928428363854874,0.7418947563506303,0.6985010386226882,0.7592911028409428,0.8293446458133585,0.7845439588998728,0.8465838917120074,0.7691879799641278,0.761452321347666,0.7167003911003708,0.7328665230051267,0.7158562688797631,0.8788027555598342,0.7195631135993005,0.8415148493286198,0.6588283905171405,0.8728447777336675,0.6858999852031833,0.8788224373223227,0.792241475262026,0.7939580735560942,0.8471722826256965,0.863383878242635,0.8052847734739729,0.7257434979864212,0.8050894614874565,0.6713179882368028,0.8385417702790439,0.7651720907796092,0.8139214456897292,0.8791290905545074,0.788530167582707,0.748572276900697,0.7864589043513285,0.7250642629769498,0.7967652744314813,0.7162359843933277,0.8522174838252163,0.8041158093116133,0.8507626503903065,0.6531937822334783,0.829512129635482,0.7196306273156509,0.7974916091303221,0.7825001279691948,0.8775868832582202,0.8876992484995658,0.8125444480349272,0.8787008367197158,0.7165640169824322,0.7130428409529068,0.7094686256097343,0.7486089335632813,0.9013376356364757,0.7488524812280759
0.8550670239617305,0.837977545983423,0.7386192071620217,0.7060765257742078,0.7468284808215748,0.8053907361731472,0.7202201864100988,0.8392800350233994,0.0,0.7337456525794344,0.7430786562238961,0.7899340924587378,0.7904161569951896,0.7232938497575689,0.7976427974817621,0.7658473661649624,0.7321772747322872,0.7762382862634876,0.749420895947366,0.8194559503636858,0.7381281421721256,0.8182542661587001,0.7239478574319372,0.7498601681711655,0.7935562477638742,0.6627280149426784,0.7945996908447912,0.7370668335433983,0.683885327128121,0.8862261802633802,0.8774361646453196,0.7470874663783768,0.7712597184647906,0.6937948534592896,0.8016636435897078,0.7026308875517084,0.813445181440868,0.7890765172038239,0.7318898178372081,0.7154483378116855,0.7195382758196751,0.823565068586737,0.7121258660582988,0.727579698765747,0.7864689621394259,0.7482952189693772,0.7623838898627403,0.7031669194184467,0.7350750407243448,0.7426665613880672,0.7174072004608697,0.734398836323709,0.6915592774943057,0.7202635459299175,0.6830783205585911,0.859059684522927,0.7686331771197757,0.8074954344696942,0.6567753227615194,0.7550777076028238,0.7379640696929124,0.6793257661868018,0.7048530080769108,0.6688621650696502,0.6924920874020059,0.6714672579514974,0.720485737910079,0.771618111369934,0.7149609333258279,0.8282242416907283,0.8053977764262952,0.7205836032124019,0.6694182963090827,0.7255125481618099,0.7851332952491594,0.7336620795729999,0.6727072789172326,0.7360582817880642,0.7012910604827243,0.6375836026676869,0.6750921673537185,0.8494447214971524,0.8767441830913518,0.7199004742061867,0.6888924635626025,0.8689528134412711,0.782881628676239,0.7081266020255246,0.7817075177708883,0.8665213794470586,0.7697432766557736,0.8014036800322074,0.7364670992648797,0.7150370390292868,0.7160517965005795,0.8324803416402086,0.7138512384011596,0.7576479639201071,0.6711716485916847,0.7301787497680583,0.7140147883750168,0.6741033537073263,0.6300214020403534,0.728749632486187,0.7455007683330139,0.7608316655560392,0.6656190541537843,0.7661815611983249,0.7253398506540223,0.7601778756729712,0.6899969968007166,0.6918072588521215,0.7120125291078757,0.7763996403096921,0.7094019601235161,0.8303590494082274,0.72554114466563,0.7166783844515939,0.6276820101625571,0.746150414890812,0.7549302259092019,0.7370246202743719,0.7097693935200934,0.7998077823545848,0.7590206431282401,0.7405696582745425,0.6646591578822227,0.7979677769007723,0.675422523267384,0.744876157951198,0.8988313780182143,0.7648671192153511,0.7377358301756936,0.802983274928593,0.7398260179307239,0.693485742036623,0.817349057005852,0.7547725198708157,0.7215083342828682,0.8194094346169589,0.7078091693205559,0.7253983008660664,0.8145417098932808,0.7063230972525343,0.7392160027985804,0.7120567407723422,0.9173400899800752,0.706292628731451,0.7712425688060299,0.6227006305749249,0.7948234415435083,0.6972961344811106,0.7878815538397912,0.7524776744852216,0.7616554410385985,0.8381992435078897,0.780413145816484,0.7953236808593744,0.7202964144277098,0.6672673529045741,0.6364184190898838,0.7973562749930692,0.8811520683922706,0.824326200942366
0.7995286772891742,0.8973575512451156,0.9345908440504261,0.788762168208683,0.7388589582890314,0.8555704357808962,0.8177958192310911,0.8195800125456753,0.7337456525794344,0.0,0.8090119098577693,0.8379958908196692,0.868905156575547,0.7376829319069429,0.801054443895161,0.8514670516797734,0.8364416740769942,0.8006191198553979,0.8074353631410575,0.7981783555409944,0.8577087596445983,0.8804379385773434,0.80438414697856,0.8118028169994472,0.9262104688624113,0.7018414425649471,0.7945710579301822,0.8047313374147212,0.8533417207310208,0.7733693282470768,0.7926500194246482,0.8620095984355707,0.8007772557469635,0.7497625735967831,0.753939738518668,0.7462508416949116,0.8380080561586153,0.7332278033912161,0.7154012448222694,0.8216158527749763,0.7513747060129854,0.8247009645285484,0.778150472897909,0.7712691416601926,0.8353824945058617,0.7947169920189696,0.8141183101687726,0.7987524038047863,0.8404015041993329,0.7595625222718286,0.7880300747510361,0.7591207330834032,0.7009219001931579,0.8537793971692561,0.8048765312764675,0.8005185960371557,0.7591360722076204,0.8036176279914657,0.8055235729469489,0.7618790067670586,0.8140319516940961,0.6675891136957368,0.7361277582891709,0.7084906935285591,0.7010106963708457,0.7269220870422508,0.7690218556842191,0.8180043617829269,0.8174770118504601,0.8042327835956645,0.7676301378669628,0.7115177751566073,0.6975126653221912,0.84901596136548,0.8053998124847139,0.7541527346791251,0.7746621138483104,0.8157269506801451,0.6821200439792221,0.6365349618746808,0.7636408391234419,0.7513162021194696,0.8294628593214457,0.7254400191611765,0.7053102435015735,0.7863814152807236,0.7413183812990918,0.7523501614072151,0.8102957690236219,0.7148489252811084,0.7559512063697672,0.7732909657752489,0.807887284052262,0.7138722147868529,0.7322576206915031,0.8777020853478065,0.6970564137144729,0.8161235539139715,0.6164339953546557,0.7944648796567731,0.6906161229683468,0.7647143187473674,0.6954774420568459,0.8842922579767164,0.7179173072723393,0.797786556045718,0.7999950278902329,0.8518912560787035,0.8273960023074453,0.8885523852245985,0.8081869701433583,0.665154163653592,0.7690583357925197,0.7270527617922856,0.7007508350566527,0.7799434819933978,0.7825604111370517,0.8663623138550233,0.8268680650339681,0.6711575112923808,0.683152482950959,0.6746682283672876,0.7154310424637002,0.8256598879307652,0.6418600524958621,0.8658397832916799,0.687301541614916,0.7774719180115073,0.8227764307051075,0.7870808643714295,0.8011486905165613,0.8023991287655116,0.6482498822965189,0.6185477308037672,0.7913311127124826,0.689378916869326,0.7850743960156293,0.7567724720232917,0.8359401838208649,0.7734064693761842,0.779489439621554,0.7588519212008998,0.817227453034167,0.740401644072799,0.7886205084475454,0.7489550314180189,0.7643859673067471,0.8166234277254294,0.9278455772965488,0.614067076348295,0.7061926725138512,0.7466998135916686,0.7954883308185839,0.8923279315372198,0.8680332832893938,0.8048328376088335,0.8009363110815383,0.858884604652563,0.7294218182024822,0.7198209636183251,0.8004864882696224,0.7169577024993582,0.8706328256519255,0.7022371185210671
0.8204631671379505,0.805824122328659,0.868215853839981,0.8640961919793562,0.8466094961100388,0.8015465917531664,0.7935102049675105,0.8055690417797727,0.7430786562238961,0.8090119098577693,0.0,0.8539089875379469,0.8500993841043153,0.7473108707010825,0.7945529396437997,0.908978947338131,0.8586064456696827,0.7869584115807277,0.8254977388600946,0.8233180032894698,0.8911819403403242,0.8974471071858949,0.8136538924027119,0.8390798978343046,0.8734912971685682,0.7968783277836141,0.8395583596304288,0.8425410778136664,0.8304135862098979,0.7914302347341394,0.7985553987052596,0.8193476426698877,0.7961221572184077,0.7711918116268867,0.8148322942115401,0.7847438831698567,0.8930391623933684,0.8335291634310064,0.8336036451237386,0.8243966444024388,0.7666716904081983,0.7959101896761515,0.8084508064168473,0.8650914444306749,0.8260467161573638,0.7362334364086794,0.7112624777245249,0.9213044183114802,0.8648757420055444,0.7880326363857104,0.8127199229951528,0.7674353098537321,0.6463585310874277,0.8882706672916592,0.8781992144648955,0.703857414636693,0.8120920632242641,0.8985077300484867,0.7443100205333673,0.7598929719136759,0.8338070512743787,0.653991593266114,0.7672586475387845,0.7397709524646826,0.6791854332013708,0.6951531175726109,0.7906804875985934,0.7724288124696873,0.8192700605994221,0.861133767763679,0.7848818997457332,0.7395902762002594,0.7520539757532143,0.8528789982083653,0.8080977729365045,0.6878220453219428,0.8485746806953502,0.8539009754687852,0.7049282957830044,0.67360166716774,0.6870182580622354,0.7756438324182844,0.7710231773564366,0.7511494386517344,0.7730768267817038,0.7898110901589948,0.8459058680697081,0.7428399516482852,0.7339352249532304,0.7011352520377018,0.852601271280005,0.7250827628455471,0.8493951548441722,0.7159066652205673,0.7781463069496201,0.8339316805173443,0.6918159349354719,0.7449121748584789,0.6585854084459816,0.735427932312224,0.759382554652335,0.8099950283506421,0.7186012610411879,0.7763905331277287,0.7500844008176333,0.7661884919150325,0.7611322818963561,0.8151601683342373,0.7507006162245534,0.8433848218223441,0.8747897767683176,0.7795027083495328,0.7741309895085146,0.8356031005153767,0.7181295285043988,0.7859977855176532,0.7053999686526744,0.885457291096511,0.824115354640182,0.7054486756254904,0.8149647646357279,0.7423565644414132,0.7607782949758972,0.8137971292317829,0.7212883354563626,0.8419721233652273,0.6714782752778835,0.8052460282432279,0.8049314111412161,0.7794687507726319,0.7224086911127746,0.8375602985393531,0.776237037487941,0.7472591171900543,0.8852821830686393,0.6894004481949578,0.7556922495459434,0.8079813395061233,0.8692977495400015,0.8200308152710928,0.747404597510068,0.7881681904584278,0.7751546930586126,0.7952868246682057,0.8964208811836735,0.7404209157499336,0.7920298797728675,0.6983083296181438,0.8350350645797548,0.650489967546332,0.8378990728167659,0.6900069432978287,0.9255914544609497,0.7616933283848372,0.8449244892780889,0.8318060046220497,0.8670407297964872,0.8144809064340691,0.8015819727258241,0.7740413127602797,0.6586848118186998,0.747264962777974,0.7871062930329901,0.8870230153106768
0.7688758209005291,0.8686075096402726,0.8323853774861696,0.7722630408985182,0.7882717395849261,0.8370744424157642,0.7709049107059318,0.855393558498983,0.7899340924587378,0.8379958908196692,0.8539089875379469,0.0,0.7914677068977236,0.6773521102489798,0.7859044083162333,0.8676801958445647,0.7870154046649892,0.7024547280109509,0.8548157189071829,0.8020516610979055,0.8445742057671272,0.8292149920658892,0.8161125993855776,0.8469963867571619,0.9001147538909156,0.7311383875549847,0.8077422842649352,0.7775860796068023,0.8194900431849729,0.86427874903502,0.8832872212128413,0.7889603363592228,0.7924776927691511,0.8167799902786695,0.7732397884795252,0.7657430824784254,0.8532262412264467,0.7800018446265852,0.8685024319036484,0.7534799559994064,0.7763433481214569,0.7980251459777394,0.7474205602894182,0.8176716266917047,0.8420027146502886,0.7368961550072876,0.7461557178150376,0.8289977472524552,0.8035878549809577,0.7225651965266349,0.7335268828868208,0.7407401759344796,0.6117032131206268,0.8237388281950141,0.8099533296930134,0.795732740876759,0.7510635242871588,0.918115206099951,0.6549954009909592,0.7471128076296701,0.7653757084482055,0.6385340043462998,0.6866657343363091,0.6961007215672635,0.6170446748982291,0.6380443065947404,0.7222402513877283,0.7255696518602908,0.6984176664559402,0.8087334029045101,0.7326028734812301,0.6882443421037372,0.642319637533714,0.7600038457905393,0.7634950888264166,0.6850598647698193,0.747826764193025,0.8594552723067287,0.7145038608186302,0.6594906998022705,0.6670618731370481,0.7436355771612814,0.8491756901475725,0.7201086738140603,0.7039715302047126,0.8439198868042358,0.7954046045440689,0.6700756032524032,0.7593015909265114,0.8186781329687478,0.7576576553739146,0.781626258875321,0.7886195423627248,0.677748991708836,0.6578882939662832,0.9200324867263971,0.6740614335267875,0.8331649840126985,0.6391719301294662,0.7225815757253334,0.7340198332794294,0.7515186075751361,0.6689456899521304,0.8654484394654919,0.6960650710898257,0.7814420792950619,0.7247016272004025,0.8555336922938795,0.7383953272790941,0.8782195987038361,0.8316456734548605,0.7060215243980071,0.688957602099095,0.7855659217168409,0.6830966565025859,0.7991708354347254,0.7179725486949742,0.8279148823918242,0.7366802487554077,0.695081073925633,0.7436647355818845,0.72189599328699,0.7350128111521256,0.826061074106314,0.6627437723025307,0.8837807563704115,0.6358542815515091,0.8717047464413981,0.8112034564236752,0.7150020659203594,0.8108866650205705,0.7767547854612445,0.7089883411317747,0.7327694006686549,0.8335399192954204,0.6338371058783604,0.8440501982444375,0.7675929030820914,0.8177780485709405,0.86547585028539,0.6936589532843557,0.7566751654197656,0.760237428585507,0.7163850404572499,0.8624447462471336,0.7276940131330559,0.873864809481266,0.723573167358579,0.8858550512986872,0.6736451960633015,0.7962444901966381,0.6788342797268402,0.8244498017919363,0.7980685222519452,0.936503460682536,0.8170694745557947,0.7978596433881013,0.8836648493450457,0.7061561323435819,0.6811137776365279,0.6259956400248736,0.7352069479696217,0.8692580579331942,0.7924229206267001
