0,1,2,3,4,5,6,7,8,9,10,11,12,13,14,15,16,17,18,19,20,21,22,23,24,25,26,27,28,29,30,31,32,33,34,35,36,37,38,39,40,41,42,43,44,45,46,47,48,49,50,51,52,53,54,55,56,57,58,59,60,61,62,63,64,65,66,67,68,69,70,71,72,73,74,75,76,77,78,79,80,81,82,83,84,85,86,87,88,89,90,91,92,93,94,95,96,97,98,99,100,101,102,103,104,105,106,107,108,109,110,111,112,113,114,115,116,117,118,119,120,121,122,123,124,125,126,127,128,129,130,131,132,133,134,135,136,137,138,139,140,141,142,143,144,145,146,147,148,149,150,151,152,153,154,155,156,157,158,159,160,161,162,163
0.0,0.8151881909602195,0.7542397864606244,0.8133803201118264,0.7943774967318962,0.7774469486405253,0.8679702496456558,0.7715552890221952,0.8427399178758652,0.7185723548867429,0.8459545844422942,0.8195321416632733,0.8746070426523308,0.7953186205450401,0.9074233057424805,0.8175156936865479,0.832280452285113,0.9535584549498057,0.8380559539548088,0.9333796332734221,0.8500650202606014,0.8486835318201045,0.8350726004212904,0.87102551934193,0.8648554389540841,0.8108046157425594,0.7639397577581128,0.7935772605640432,0.7118289187123418,0.8295160985697545,0.8903372069925926,0.8566968096293723,0.8396297085129302,0.8372958827311313,0.8909101631839588,0.8292590535114633,0.9200419463396085,0.8792827445043074,0.8223435737283025,0.8343746534654967,0.8171097075309137,0.8151181515797724,0.9117974390707008,0.8762839078362948,0.8805593868735788,0.9264170497792072,0.8240854568598882,0.8436900751409204,0.9087357581983023,0.9265826772405756,0.9113572651077946,0.8446621866049767,0.8187340869514877,0.8448751178649789,0.8266291743654346,0.7871241250145483,0.9516380134039297,0.8031934708723044,0.8122273826174959,0.9166123435198364,0.7694135308982284,0.7975790609759726,0.8401274550148043,0.7505641976712893,0.898807365677758,0.8956219485897078,0.8299638346140404,0.8737088890491165,0.8418929858529974,0.8197312831564086,0.9154345108898423,0.8613527337818185,0.7796411728794925,0.8737066280604159,0.8134547693652858,0.89174648348196,0.8162008229547764,0.7828826295145691,0.8494281253647106,0.6961206456282513,0.737645077521464,0.9164648619363411,0.826816041987092,0.7656795624090263,0.8835369612163837,0.8731999071680151,0.7837371956096474,0.871751021020099,0.8420541713105845,0.8112983373930666,0.8942925340841841,0.872016088916052,0.8738359586836306,0.9128733709089544,0.8733888095228434,0.8261472016458559,0.756002997677097,0.7908447198281737,0.7481722371380285,0.8373635490816187,0.8364189300366537,0.7816127119953825,0.8211594629480004,0.7609350466661542,0.8785181649609282,0.8568308119109618,0.8141157292724568,0.7726353732271053,0.8782031056459952,0.8450477240560833,0.8764890657955842,0.882615186674279,0.8376501134686749,0.7447069596850802,0.8896206610794161,0.8298881213029136,0.8294571619893979,0.8565288323502572,0.7447996967153219,0.7614371049748847,0.8549247821542969,0.7262848357299434,0.8544897724430642,0.8842556380369657,0.7802469705445153,0.8099940997312655,0.7486888445141044,0.8540443335874651,0.7576396062350775,0.8769796843983164,0.7503598335156654,0.7574764020593192,0.7752383861014526,0.8332761590894283,0.8512277222024304,0.8414183914529433,0.8827893547282862,0.8886280240014519,0.8097762043349287,0.8948647684594538,0.7917646196493326,0.826619931652705,0.9140301414765535,0.7668701672491429,0.8681385068312297,0.8712999463913935,0.8453320612947505,0.7618817763302999,0.7926914491945443,0.6038520633770106,0.9000279869960928,0.7790302881333452,0.9008936392993103,0.7994050275202771,0.8355178851169974,0.9084982785887953,0.861731127096668,0.793982426917952,0.7988692820196351,0.8176973564155983,0.7238268472519026,0.8950333802711866,0.8901999968641955,0.8982902863616945
0.8151881909602195,0.0,0.8557350070047188,0.8116511926619802,0.7510689464520317,0.819701322844264,0.8473673040781258,0.7747662239811607,0.7521041019412238,0.9079893012725812,0.8519970606684013,0.8821281747525032,0.851783834058378,0.7963271523204971,0.8781560556066044,0.8185846045390874,0.8250567940254978,0.8338984918281934,0.8177311091712339,0.8364126284684683,0.8209773716732391,0.91802609721533,0.8107852713672109,0.8790083153959893,0.895525358330528,0.7188023498238779,0.807134735282506,0.7734138946577587,0.9136804147036643,0.7852475799887306,0.8377287007237407,0.8151503124151283,0.8900626455454272,0.758575430455112,0.8018120647812329,0.8374167083589423,0.8387794699747497,0.8292677272245943,0.8332372522687214,0.8407818804651311,0.8746854202134929,0.8079581161830413,0.7716076776685183,0.8176794543699565,0.8486561751602316,0.8244001427015848,0.781191271293683,0.8176605589675624,0.847223318515812,0.7989643069001152,0.7856035038872036,0.7525139099849374,0.7880506660960706,0.89013130200205,0.8490169152291949,0.812678206565747,0.7956493127887433,0.7889300290084835,0.7882584346864022,0.8540041145825675,0.7803814611236788,0.6874541828479065,0.7223295686798106,0.7496722521014082,0.7257910729805687,0.7251550089653085,0.776796084838567,0.7911363986673006,0.7921525142384146,0.7675039844523363,0.7726837666433143,0.7739897514045032,0.6428730789247765,0.8212385854155038,0.841353512746078,0.7709748586315514,0.7556309973343469,0.8066838299165782,0.7315017220147897,0.6572149152735713,0.758702086012051,0.7505327368757425,0.8616337400076457,0.7758573861146207,0.69731354239681,0.8752141264215105,0.6822662967112859,0.7141820347981558,0.7877338928816697,0.8273754304847385,0.7619876038587587,0.8066437779150025,0.8635166720508267,0.7658967060189625,0.7625743769084014,0.9275262152262903,0.7110872367698823,0.8082868350978221,0.6478608702299654,0.7778960612149862,0.8237185116300115,0.7098866521564546,0.658913530085454,0.8860534610062674,0.7214515008990959,0.783932532163542,0.7721840291707152,0.8492430926914282,0.8745627488386238,0.9042627476672851,0.8180051352490882,0.7038485695627468,0.729844252759744,0.7568438453870447,0.7658044911048953,0.8117372393088732,0.7815671481974727,0.8552914052911476,0.785646606504444,0.7258317860807911,0.7618921478863043,0.647920084013248,0.7388098729363679,0.8379758728953237,0.6797916707520625,0.9167151426886663,0.658995655077116,0.8487308207927917,0.870095098024064,0.8413100658802921,0.8339491557940685,0.7358651470498473,0.6899824943600938,0.7364029789316427,0.8492893084501287,0.7684152337291843,0.8682285366897889,0.8361657880600878,0.8587123192021351,0.8302436779708571,0.8273288369982267,0.8353691540819703,0.8484654196457757,0.7535658049310903,0.8624910438497073,0.7190851536814211,0.8178637732982541,0.8529554242318407,0.8974966470234987,0.7046983493430415,0.7244633733477752,0.8467963427727397,0.8702806475133996,0.8926150326043895,0.8838162329217211,0.8318652586053712,0.8502519796883723,0.8155277509302501,0.7888162178916664,0.6927651688906056,0.8162711703059174,0.7737827108004917,0.9146526150661531,0.7767245436354272
0.7542397864606244,0.8557350070047188,0.0,0.7881071706287816,0.8312252269934977,0.9214209038648801,0.7924795407979078,0.7782542211269502,0.6476804379969893,0.8589980245706331,0.8918223345013478,0.8802120256070148,0.8824059735802201,0.6932559446699414,0.7998994038721025,0.9342148399163321,0.8955153867317949,0.7571540899953937,0.7570725458158738,0.7333676796487418,0.9278465094921174,0.9223298869694798,0.7171304522052372,0.8527465931718017,0.8396193797455909,0.8352008895942951,0.7019037664349648,0.6990598108340877,0.8620251530588119,0.8002333227524329,0.7315894894192179,0.8479657611584641,0.835550214762689,0.7138871378186886,0.6703597770173793,0.8161645204771654,0.8658412571712325,0.8105660188052223,0.811179976892961,0.8056130521523079,0.8457302440911604,0.8461435000873434,0.8373833968617572,0.8532173028773512,0.804912828047705,0.8128046550698129,0.8503467696640264,0.9040240893754448,0.771432737538547,0.7992658950375173,0.8362680186213762,0.8498640286808351,0.6846510995532453,0.9048087660050929,0.845341808883373,0.7816737028100471,0.774867966457658,0.9070173658877999,0.7035893258218955,0.7774979364925232,0.7910061410726004,0.7545264693829734,0.8422753561509453,0.6838612525302248,0.6759250429493949,0.7432684664904589,0.7381687286961816,0.8802222087176597,0.8132146324733102,0.7811858209261281,0.8237680546916547,0.6546255101398566,0.6477967852898026,0.8825387123303727,0.858603297555545,0.6583694956578972,0.8405646922656244,0.891909459148539,0.7392179577704624,0.7327187858487157,0.8787376545845811,0.7178470736903801,0.8785812144552138,0.7973991194133625,0.7318778566981275,0.8240500746521832,0.7213215145172063,0.6744172842857081,0.7147644415857772,0.7458515495654987,0.8354863169259139,0.6933368224329911,0.8470577073984341,0.6904935841505282,0.7243020531853854,0.9037218610449764,0.7033718278431697,0.7714634089418743,0.5920729281874964,0.7275724801361853,0.6935919201972299,0.7874785382580382,0.6718105330636128,0.8189158676375421,0.6943897621084258,0.8783793674516797,0.8682993107051481,0.8162984454220253,0.8549781360538372,0.914755140221323,0.8449729783492627,0.7110256196847016,0.7720584943663232,0.7197911302079647,0.7463102304059483,0.8198736960890807,0.6914858101413375,0.817737321401038,0.9148026103940969,0.6694531922723219,0.7768789628006163,0.7055650090698209,0.7281039240851793,0.8586129159906596,0.5730916186693366,0.9132910535585729,0.7054817057121505,0.8971928473966873,0.8813839094355826,0.7946638081904602,0.7529699409306574,0.914148638623381,0.6491113289344732,0.6568948693838074,0.8043441933726966,0.7247331123231859,0.8234076598514591,0.7585247360105873,0.775655731952371,0.7829748472202684,0.7309218822499776,0.870109970664282,0.7380865541864042,0.7493698995990562,0.8880825550665759,0.7199206361256597,0.8403876273709199,0.8930150949669767,0.8533696402061274,0.7354458899176094,0.6630945350293812,0.7124930938720778,0.80518849052033,0.9141888800374771,0.9230054318886036,0.7910816426579611,0.7803576601916866,0.9132321907713532,0.6466934817568697,0.725121889651077,0.8051894828857517,0.6390005244600627,0.8505103441187517,0.7670976850568537
0.8133803201118264,0.8116511926619802,0.7881071706287816,0.0,0.7109331744677413,0.7437632025598927,0.8445107740370404,0.8256690205515791,0.6867797755018493,0.7688941358743986,0.8761457792174491,0.7787922566781674,0.9131480038553234,0.8417436516491885,0.8569595960730291,0.8136637816401444,0.8230708214143291,0.8681101371651417,0.7511015485809469,0.7822206458482238,0.7910581065554207,0.8433979474581976,0.8280033608385957,0.8330215174201476,0.8070581618490258,0.8354043389035097,0.9085563452419552,0.8428997989664252,0.7656102480686475,0.7097167305203664,0.776991561434076,0.8071326195402789,0.9285127119769901,0.802875168104091,0.7637781473042523,0.8336578375825314,0.8816587523784126,0.8385567491103899,0.8039669448197307,0.9037911277186376,0.8169653782585047,0.711110657315011,0.8030555513275348,0.779473289484224,0.9097570759781631,0.8786739576326411,0.693555165561323,0.798509919637598,0.855553214270222,0.8166018768017702,0.861414934587102,0.7587204434918289,0.7330829486762924,0.9004752100313234,0.8749690637392818,0.677156687896046,0.8250868966876818,0.7774403802629348,0.8064203974236348,0.9063033599807353,0.8905291976396869,0.7383247872246184,0.7768833177671542,0.7066561522067475,0.7204104390072414,0.8117216017147495,0.9386796179738279,0.8000138566301455,0.8553898217561479,0.8474577166190363,0.8041405656705938,0.778990597812773,0.7505317436082143,0.9248720711115789,0.835281334956534,0.7445076253197824,0.8961869344985448,0.7785703844653288,0.8002127288508526,0.6346661833340109,0.6743904541181512,0.7864991779679884,0.7557967952097893,0.8177127664573962,0.7800549364312664,0.8226189009070535,0.7766317884942991,0.804075629735255,0.8256822510972485,0.7756450995854745,0.8199457850756212,0.7419365941116309,0.8275647735560856,0.7871897846395421,0.8480058415752106,0.7942670161460664,0.7302655610473471,0.7053050271191746,0.6263376933959397,0.8865941625479467,0.8284047121073865,0.8297010470369649,0.7720399003977386,0.7280506583845481,0.791289417892446,0.8105986687575145,0.841296720439021,0.7552597260736184,0.8725351047723615,0.7888472379636146,0.8323426710452839,0.771363019224699,0.8362752744731978,0.8438695933131347,0.8484782514864906,0.8194747620324786,0.6969699888973084,0.7907365846963783,0.7721925526702366,0.7842971052633021,0.7511436548428517,0.7930332717864292,0.7013226454018385,0.8208469594527614,0.6159771192599985,0.8433834643877597,0.7424151057461563,0.8699697958272509,0.7964735332868704,0.8689868041619477,0.6649547061721247,0.7295401199361209,0.8449635572512848,0.7324620307208075,0.81166805982125,0.6899325918496839,0.7357295066659292,0.8528643377171865,0.8806001838898052,0.8095772387560812,0.8460363845676934,0.7680712444290786,0.8523516414697621,0.7554265715656117,0.8270928299500181,0.7510527658958749,0.7335883650210357,0.792558299783622,0.7356324702513012,0.5992334470162369,0.7982961432510284,0.7065743983538452,0.8727475851060396,0.8154281460767044,0.8074839112476511,0.8762706737882358,0.8958381225647541,0.7903614254799868,0.8515367211285426,0.8070824580737574,0.7587399442340859,0.6851857230066014,0.7803111511625338,0.7861920556735401
0.7943774967318962,0.7510689464520317,0.8312252269934977,0.7109331744677413,0.0,0.7879254258508318,0.848026005628395,0.6286121421390194,0.6632834744159464,0.6665972367574687,0.858124200833732,0.8179646132329976,0.7680150439025041,0.6531176734899118,0.8282555664582241,0.8550969725064758,0.8338859126952707,0.7515859837891685,0.7200286590505,0.7111949082820589,0.9134601402615439,0.8690153435937149,0.7165772204226656,0.8992937579312463,0.730285736319245,0.855668583474487,0.627016568293528,0.6207228286361798,0.7535033025131042,0.8530079356743047,0.7153525764740174,0.7593570713364985,0.7739396738492625,0.6741899922481988,0.7035962153192031,0.7517396967146938,0.835975869630668,0.7736777188691796,0.8215114397654724,0.7990289516211387,0.8380965917451728,0.8352142454498506,0.8411374058291755,0.9372372562132107,0.6971568542620886,0.7712837983917491,0.8951160329466086,0.9056778196704209,0.7904569074966669,0.8249545251682487,0.8642751746774099,0.8829110427724705,0.693752987672831,0.8241071231824479,0.7769929508016468,0.7392502198771586,0.8215555086674897,0.8475325837874624,0.65967807998578,0.7504219308879574,0.636797536655701,0.7355422120607283,0.8136490527611638,0.6582691863207456,0.7463181880561707,0.700001263267209,0.6739400269006389,0.8864431935902194,0.7014590316793353,0.6691007764614618,0.8699974140662943,0.6830122139791366,0.6191873024911883,0.807379199245704,0.6937678234462288,0.6612962552693986,0.7952816055430282,0.9444958129633171,0.6984103993775685,0.8275612951798449,0.8075955240722339,0.7591731483564755,0.8903361118846926,0.6520615765179346,0.7513878945897488,0.7525794573565477,0.6372693645052667,0.6669505000635441,0.6207545345532928,0.7178608376962645,0.9251013668488911,0.6984658971635089,0.8683956101292235,0.7266919734780642,0.7612216383879583,0.8097858751551991,0.6200721689693964,0.6637174302588771,0.6729417489034589,0.6464993022688279,0.7001216568098518,0.6809347400513883,0.6606340277095912,0.6796792152168748,0.6678227084849607,0.8301645535085419,0.7362652909128554,0.6912205475987174,0.8293561182018856,0.8729377038147688,0.8621883182469195,0.7937071798525638,0.692182434173325,0.604462233145856,0.736519678260526,0.8102196441832216,0.6474483138529317,0.7903914710616083,0.7880611131397491,0.6173874959138075,0.9505524420393249,0.625139780632814,0.7560552859085419,0.9046391851611131,0.6648237358718654,0.7986044128702787,0.6704329479138073,0.843624750416081,0.7166241954945775,0.7767731811616804,0.64305738254124,0.838556922636664,0.6123785119283146,0.7438405355409708,0.7525688470121473,0.8267774261560962,0.8378051874961191,0.816348979788911,0.6852990195378486,0.7884549982243702,0.6394506514710558,0.8233993589283404,0.7393597378904742,0.692183054261029,0.8881998069001673,0.730544520690167,0.8975223040343842,0.7895856348011644,0.7094332331456428,0.6412715140932188,0.6850736813879927,0.6827898066064616,0.8060379946949565,0.8251893933230966,0.8105487904726877,0.740361792029364,0.7643422931782758,0.8580870871202299,0.6643998498571153,0.7552638081845312,0.6713383129989249,0.6997500125457821,0.7677741179479382,0.915384084087815
0.7774469486405253,0.819701322844264,0.9214209038648801,0.7437632025598927,0.7879254258508318,0.0,0.7531140648330363,0.8039452652392808,0.6878379262555573,0.8115843922262336,0.8602065781292014,0.8905927932872968,0.8793876920918868,0.6483240563921359,0.7576297763006576,0.9353798269892152,0.8795307568278834,0.7325854026230504,0.8058837049681348,0.7383327969490276,0.9025298250304787,0.8524540737804119,0.6902364526943379,0.7999666219979018,0.8415563204716292,0.7808287051681715,0.6658399268679249,0.7162306169716626,0.7874545936508932,0.8697283461230271,0.7525267793550224,0.8928019188183721,0.7814248907807033,0.733410222285117,0.6485721110083448,0.7568785572329693,0.8694701671569314,0.7846489296660327,0.8017162724007735,0.7348543806861364,0.7697445705157615,0.8586750854960525,0.8291363152020467,0.8216719228881529,0.7791360242197878,0.815670344418314,0.8283576165669613,0.8666881642494922,0.7463352107121188,0.7730104667340235,0.8362316496936634,0.8422556533649939,0.6948016148692344,0.8525226448310963,0.81164755356675,0.8211108253322468,0.800084331896474,0.9364028718708838,0.6520694467502501,0.7736760798021647,0.8128232783258857,0.7928179216725936,0.8610914835138894,0.621161877649727,0.6754968056029945,0.774891760339019,0.7075973101984467,0.8625469186735489,0.7473055478581662,0.8059112248506239,0.8205232776598803,0.6261883200360711,0.6429952955637798,0.855957689369779,0.8988646360351572,0.712311004347257,0.8420205346845812,0.8479197279223069,0.7446448263882648,0.7930602299540231,0.9054945431532608,0.7259468765757646,0.8928228900613755,0.7979574764111067,0.7511516634497419,0.8060543251853372,0.7760438408258312,0.6746386657534429,0.7665970264802258,0.764048293489846,0.8107923945800595,0.7014871552453716,0.8222800483462233,0.7408041314675243,0.6864105206669565,0.8728235032155448,0.7337437307231433,0.7599201970349914,0.5810723681289343,0.725453904071867,0.6792727338761014,0.8134499240057856,0.6503768712912521,0.7635551055075526,0.708960862476539,0.8731479503168513,0.8798334928733886,0.7909701971809777,0.7974170955197913,0.8850282376004758,0.8404683392245169,0.6825707457261,0.7949766641421877,0.7521909046233437,0.7443679086972299,0.819103999929184,0.7424568314156764,0.7964332276180386,0.8416654096032351,0.6703516335436215,0.7397774395896352,0.729277844497239,0.7311938514155637,0.8784564664581824,0.5762966257505453,0.8866952665584195,0.7107097080277477,0.889624745963926,0.8171611857965211,0.7235584887554855,0.8102670643954706,0.9463872791767094,0.6919752652292888,0.6723751625302368,0.7677064753397528,0.6998982527066056,0.8396648611624258,0.6923589200935361,0.6913115351555487,0.8029223443148248,0.6988901796867292,0.8699155542589737,0.7386566450174193,0.7102266481741006,0.8405448893826915,0.6971274439895322,0.8348661602593146,0.8960161901778222,0.8158555475430161,0.7331084676969851,0.6906012806709018,0.7299473665689341,0.7773260750917668,0.8208168782301963,0.9051449341211196,0.795948733395193,0.7887755736579304,0.9228630948399584,0.6068091486548239,0.7688739611773299,0.7394437061275503,0.6792319145319954,0.8498171662451767,0.7624081486319603
0.8679702496456558,0.8473673040781258,0.7924795407979078,0.8445107740370404,0.848026005628395,0.7531140648330363,0.0,0.679412982797749,0.7079444175058283,0.7819675774429766,0.8687231102102985,0.8233551874787547,0.856835310657649,0.8130918695151643,0.8793199609686561,0.8214966301808868,0.8523329786416749,0.8719885905294544,0.7678875938955836,0.7867076199059908,0.8436441942707533,0.8745022347383297,0.8962817961709748,0.9121932044603167,0.8353666288171091,0.8112354530039049,0.802229859584999,0.770156498679677,0.7999864498187542,0.8142925610912314,0.7758871534742349,0.8414703426313374,0.8406290883070017,0.8040755565477823,0.8031639491524423,0.8009172327846449,0.8819552160095692,0.7703910731606523,0.7997919914808879,0.9204115379001464,0.8063126950329836,0.8500829650849543,0.8109616215909188,0.8629633919795404,0.8096368632194294,0.8477654142371173,0.8308528694729281,0.8351183950932102,0.9519751281880539,0.8407301699247827,0.892933785521542,0.7958174669954781,0.7641215456056485,0.8656295947328226,0.847304176786379,0.7795997240639594,0.8496010967297415,0.7746612116591639,0.8404244255740669,0.8775998188312937,0.7127637947010903,0.7281742063386181,0.7363232955898763,0.7336223919056161,0.7800765279735484,0.7527156451315058,0.8355990125305258,0.8586484658180509,0.7931332740089051,0.7156012806093752,0.8253776196625741,0.7949896285396229,0.7221105675330078,0.8891974286456462,0.730477705919097,0.7970219814606122,0.8577566211687526,0.887304879231983,0.6936738522747401,0.7196254901218303,0.70821463368074,0.7941297834694879,0.8427355579668614,0.6663365052174162,0.7838060162913427,0.7685731015913936,0.6660831092910411,0.8012806367756006,0.7583499458848084,0.7698288506966998,0.8880646328817507,0.8242323282141855,0.8932683290696045,0.8111472825321394,0.8716072719583962,0.8233639320100824,0.628138981284153,0.7307345470723492,0.7064551652280587,0.8161729613831477,0.806505084012496,0.7179665823980222,0.7497264896754142,0.7264543303536398,0.7243411755793517,0.8067984525046671,0.7688294018799156,0.7673097769267985,0.9070506731057337,0.8924859234465022,0.9168140754289813,0.7984629900043672,0.7873612312282869,0.7040882364192923,0.7733840882556,0.8331937490721437,0.7428596407883125,0.8670501151378417,0.7915436467884186,0.7203773898582926,0.8506053274438341,0.6307090620271425,0.7733993758396052,0.895668089888093,0.6882841879960979,0.8233667328385921,0.7448077180009977,0.8454649327522736,0.7654271003264147,0.8360187893693758,0.6981470591308626,0.7238580230024654,0.6900056437792609,0.730241842925092,0.7765835051086375,0.7733679041228032,0.8110269386839037,0.883981836212834,0.7984293192520268,0.8055124037174024,0.730483353520815,0.8389269129950667,0.917442837574241,0.7325696694922673,0.8656521098073909,0.821161410378436,0.7929495291367475,0.7961648611362551,0.7616928192216011,0.6010738548052613,0.7454507051362084,0.747770390845666,0.8808449345233413,0.8913534731340863,0.8076284614922358,0.8067157691146004,0.8813888179651928,0.824570221864403,0.8183245854233833,0.845387424248819,0.7439837393329461,0.7695483102721046,0.8081420934841798,0.8661178108813087
0.7715552890221952,0.7747662239811607,0.7782542211269502,0.8256690205515791,0.6286121421390194,0.8039452652392808,0.679412982797749,0.0,0.7790783377158087,0.7698560965254126,0.7946166200779172,0.806328361459957,0.8572805758394102,0.6944733971521695,0.7760761737226455,0.7939888449688157,0.7386858499709087,0.7724995442767815,0.7767872074085851,0.7902141379744155,0.7432726171383819,0.7867267024401441,0.7012750504875637,0.7158113806712326,0.8337196633889705,0.7277224716817584,0.805658142639435,0.7765384981320846,0.6931138246692565,0.730671749612162,0.8398893726726026,0.7942092223806393,0.8199812513605753,0.7576943052614489,0.6981264947731639,0.7824196025957395,0.8450349862515887,0.8394968596321032,0.7869627676623488,0.7033295300908997,0.7275440223456358,0.6977788375315773,0.7956618633999236,0.7033514163349286,0.9075463818206487,0.8189614356856888,0.6525506926574612,0.7499527504018041,0.7207260394094148,0.7490856814630448,0.7564622439093017,0.6970103984400544,0.649378982223205,0.8041099351815478,0.7963216708915961,0.7059147545827203,0.7556795535141517,0.8230362550340066,0.6718799682869034,0.7944114102437609,0.9358403062075369,0.7239800245496291,0.779653110860553,0.6448552899246127,0.66014891257807,0.7872523460657027,0.8046011700497875,0.7554942401388238,0.815603253923,0.9747494048865083,0.7678970624429662,0.6744048000482632,0.6768666767539956,0.8114931731559344,0.9104101054332543,0.7024840235699567,0.7912718767566547,0.6745221874358742,0.840262107081123,0.5790608629906779,0.677414875265131,0.7733303005706226,0.7443916851413178,0.8839693346874715,0.7172893772524526,0.864514020397376,0.917704062203308,0.739406251474171,0.8537828660936808,0.8171077054968603,0.7207667930774107,0.722432753587062,0.7308776779029015,0.7056168503284603,0.6781104206892647,0.8253142623904517,0.8313672648629825,0.7547706635917844,0.5668044868029397,0.7857609949383852,0.7356690845572418,0.9016571349293703,0.7196001150272302,0.7967290978420262,0.7975446196995368,0.7872738238769845,0.8285322865721475,0.7634902679281936,0.7358807923924318,0.7309245711356086,0.7303748220267006,0.6897258134319677,0.7789050498907734,0.9185517190497846,0.7725879977820147,0.7400042864201589,0.6906346482205639,0.7512504539948932,0.693147811465781,0.7520963170123359,0.6439741552724311,0.9031935484708348,0.6508537219711802,0.7415156678633207,0.5764971722550102,0.8255830108800809,0.6657320156652436,0.8598888909270085,0.7687206629543424,0.7635622867074602,0.7917795631315201,0.7608099345024153,0.8417151046428346,0.7039461681315362,0.8150937953581058,0.6281364584227157,0.7496233361244533,0.7054838205232605,0.7986279587489125,0.8351905853597147,0.8140077012365415,0.7312779582351403,0.7370933039266577,0.741770372064862,0.763987739197524,0.7049285589370662,0.7535879388146578,0.7566389780880834,0.7890245147295433,0.6305119937874718,0.8069876078881755,0.6770764741121102,0.7823601855513924,0.735523798891559,0.8413751774693577,0.9050143845481174,0.7786756605081274,0.7644747851366778,0.6716216202553859,0.6818436634792914,0.6815163142588053,0.65592867616519,0.848015150311334,0.6923455670245338
0.8427399178758652,0.7521041019412238,0.6476804379969893,0.6867797755018493,0.6632834744159464,0.6878379262555573,0.7079444175058283,0.7790783377158087,0.0,0.6494663788229669,0.6987912486623896,0.7446983971561185,0.7125919884248408,0.6877320810302716,0.8218740916444813,0.6615377850951453,0.6314472816245229,0.7775256792540438,0.7343541296125777,0.8213971040029294,0.6802333678108682,0.7597119122032848,0.6790826631427056,0.713181920616456,0.7612597529884898,0.642209193187555,0.7006009702565709,0.6472682453398847,0.616311910792981,0.7429874902856674,0.9153295495029226,0.6972193060897643,0.7434795657796228,0.6836956703235361,0.8111946920962623,0.7285219630095816,0.7790429520399026,0.7740664621841177,0.7648696869402045,0.6523154801743445,0.6922256437825012,0.7265224737001483,0.7456305962713391,0.7195281024896644,0.7839171943658751,0.7380295718357088,0.6748104519964909,0.6958526729154352,0.7199220617521581,0.7586252702924144,0.713802905009276,0.6572314369138854,0.6885618666959843,0.7092942869780741,0.6942519924370283,0.7638174114287958,0.7482265162757668,0.7055890061185239,0.6681056502643608,0.7443612516879489,0.7039220232536431,0.6764216848978025,0.6803489908236469,0.666831803387664,0.7713421081175501,0.7098049753600535,0.7289318870147198,0.7419348208052723,0.7039246782298964,0.7950372573673904,0.7906585167362691,0.737853107069917,0.6551610845849378,0.6888366089571318,0.7102837116630025,0.7388807782540356,0.6588882848979675,0.6363116548488995,0.7264602988578099,0.5571201310279773,0.6054993759965711,0.8912451824320111,0.7473227581402314,0.6725424585220364,0.6779493195594596,0.8147749821048715,0.7722623562409691,0.7515423846657571,0.7341731709737399,0.871932026259658,0.7144760243445447,0.8617501971881724,0.705726854668878,0.7194018231906383,0.7125097025794214,0.7938354895348803,0.7616780551938424,0.7225513365551302,0.6936521253195477,0.6929938981986895,0.7596709936683972,0.7061692986655669,0.6986771405554704,0.7313802228712241,0.7781170220491921,0.6853992058009827,0.6455062436448348,0.6622726914346008,0.68636692561646,0.7017043761564816,0.6937495909969804,0.7312455564427908,0.69066681084472,0.7174426684216736,0.7035900362232089,0.6818205839822113,0.6724275285743568,0.7268739270355289,0.578537132405323,0.7268312963363621,0.7013471120842812,0.7166828116270113,0.671754519895884,0.7185634273031191,0.7688694936613737,0.7025189979456603,0.6235990779168906,0.7637288239763023,0.6279369854534399,0.7475977955277051,0.7914837222836614,0.6451595980692946,0.7190962806319838,0.8505345102670997,0.792063863546334,0.7279222560083553,0.7657192661635859,0.7428827114908203,0.704773288395115,0.8255766977104687,0.7360905522879301,0.6917456099017013,0.7960820147216968,0.7299883090059432,0.72752157697156,0.7424495839208209,0.8242698115392784,0.6407549433978592,0.7160641075088174,0.5434352480044308,0.8436580385967295,0.6852233407152479,0.7629833818716959,0.6885448306027712,0.7263509160604098,0.8684308944650334,0.7177785650256223,0.669883053259224,0.703192472850208,0.6214188439699898,0.588253054781468,0.7920554311964088,0.8652586515130483,0.7567757302472573
0.7185723548867429,0.9079893012725812,0.8589980245706331,0.7688941358743986,0.6665972367574687,0.8115843922262336,0.7819675774429766,0.7698560965254126,0.6494663788229669,0.0,0.798616188881683,0.8400892688124382,0.8307639233904089,0.7406866757016934,0.7492226934336161,0.8027168754696292,0.8035986889146038,0.7514001251639314,0.7790950737869892,0.75176363162636,0.7697262770920126,0.8265756337230952,0.7808707766444762,0.7646960389000824,0.9043050410201988,0.6713096002365849,0.7823369340798004,0.7803063588627344,0.8957527043969363,0.7240040644747994,0.7456225258325474,0.8407229242364357,0.7809426033078948,0.7588993977568701,0.697069898641125,0.7854997060464263,0.7840500157654647,0.7354630755584544,0.7391539352755611,0.7669711755137427,0.745790946369701,0.7778476467402994,0.7256139104061513,0.7240361375716644,0.8151468830886057,0.7609417423578143,0.7254265018384777,0.7617439647142803,0.7994502472806638,0.7178090881806802,0.7312641568000686,0.6813169236582727,0.6886491797705662,0.8286533239708787,0.8276411976499195,0.7610084386713306,0.7062975211178827,0.7602202315510213,0.7831565270354592,0.7730929795080925,0.7852120521193358,0.6571812486975918,0.6789642093831149,0.7182918403291557,0.6374239840657613,0.6917683076844807,0.7447985198662904,0.7346884389603006,0.8053771447471739,0.7507236589007584,0.6815517298352418,0.6826909438324418,0.6451176230334741,0.8003486758785272,0.8271200872893024,0.7205489033131114,0.7531087489418941,0.7503485463545273,0.6652490622128997,0.6126961011335879,0.7288816269634479,0.6544672300223076,0.7662116378846554,0.7464254766721484,0.6642406310258916,0.7629021375100632,0.6820468104160595,0.6959551381734737,0.7881810252344443,0.7162845436263571,0.6919955595683255,0.7367551473731646,0.7882936537614883,0.6823506686115858,0.6835390866961548,0.8626270825832165,0.6664983592158371,0.8129071584546614,0.580254836429011,0.7670330818354848,0.7244131457257249,0.7352210404404862,0.6597245330548139,0.889816912234256,0.6704694687460252,0.7403038192276792,0.7910622150890957,0.8617431730777282,0.7965078674084592,0.8476245270011128,0.7829603841373038,0.6328145364673371,0.7324030027100945,0.7739392601788676,0.6820838015558236,0.7268890920030944,0.7621551953579858,0.8400709403370122,0.8207878259422187,0.6808680574876183,0.6430516775829574,0.6313114062374788,0.6824582984013167,0.7494250540601218,0.5739090858027283,0.8748431867826632,0.6600248903843207,0.7823312755053431,0.8927414504193354,0.7429290793731292,0.8114239914070356,0.7151861626789298,0.6453672463003081,0.5965025274022548,0.7715710396603049,0.6493143538062015,0.7643122154986691,0.7120930340447117,0.8146704548986329,0.7422736828586362,0.7689634602091683,0.8130021981350375,0.765145998702482,0.7283415323883213,0.7848194630589012,0.7003901708099624,0.6969261921167649,0.8191667954662938,0.9156782913176938,0.7125026408670753,0.6484742535903767,0.7772354338349285,0.7779756531376558,0.8606800000284148,0.8528996628875807,0.7536776024149938,0.7721451318740422,0.7768825126933595,0.6874169090451412,0.684037453151961,0.8205959089585874,0.6673965405263842,0.8364175299712779,0.6539686472887747
0.8459545844422942,0.8519970606684013,0.8918223345013478,0.8761457792174491,0.858124200833732,0.8602065781292014,0.8687231102102985,0.7946166200779172,0.6987912486623896,0.798616188881683,0.0,0.9285847873861478,0.9038845951753531,0.7345432897255237,0.8889985346258,0.9456471265163597,0.9043326891438589,0.8320706259196471,0.8602430004573993,0.819802446233073,0.9328169788391334,0.9319608814520989,0.8114440388360448,0.9219231022703447,0.8809186034845127,0.8635189086229174,0.7780932943334058,0.7877513987515334,0.8624952383395577,0.851877966376876,0.8275653077471098,0.8781510502735129,0.8869156340839537,0.8033908067032007,0.7668211128797935,0.8590864583243175,0.9484887640067333,0.8924326903614078,0.9369467717175538,0.8575585413492343,0.8767564122286443,0.8004416286544347,0.904755981650769,0.9301383761437158,0.8565486669366493,0.8599044470005046,0.7831020070705095,0.964609875212858,0.8876020819343834,0.8622292008204384,0.9144163167697879,0.8351413288926886,0.7202978062988582,0.9587114475065769,0.9479141873940786,0.7154193732558884,0.8911075957583146,0.9257159300386775,0.7409590021479106,0.8650879416886019,0.8378176708269314,0.7464643636985382,0.8532784329327276,0.7082331359215038,0.7410317654166996,0.791149032217412,0.8020321568514494,0.8646648279474584,0.8175895860581822,0.8413138668557778,0.8591627269365578,0.7476130045255831,0.6829931489476891,0.919903783178651,0.8624058652021441,0.7418542948174157,0.9194055799313607,0.9025596629329614,0.8030445680759741,0.7603446880430538,0.7903942793520706,0.7839884878119088,0.8740437474295467,0.8063368439635856,0.8055961008830532,0.8409609172215862,0.7883214356748394,0.7497071768760524,0.7621964553254981,0.7701776230260995,0.8932060289731147,0.7353428260942496,0.9412785568030709,0.8069270293042485,0.7893737896890999,0.9008444293660246,0.7295365144432127,0.7268764316398312,0.6385607031174335,0.7559522236318142,0.8307768840109261,0.8482959215574708,0.7269330998467383,0.7942062639088805,0.761587752308573,0.8588140706928127,0.8678403430255097,0.793348085891202,0.8703421450934115,0.9145418796884326,0.9421065283966926,0.8045036510760899,0.787085799229792,0.8070181078366951,0.8187931354587882,0.8322243754996711,0.7250082954581064,0.9127880427343227,0.8476922895066683,0.6846276466588033,0.86138730106192,0.74494047538742,0.7639632148953668,0.9257809486432215,0.6551184038516813,0.9529197658056298,0.6834115320611488,0.9388457680093353,0.854067531469951,0.8430671126215333,0.697207285063569,0.8559663178052859,0.7836796042908876,0.7690419232960273,0.8929337077009171,0.7783199368961901,0.8665868103183862,0.8484942145570125,0.8332728524154657,0.9077738557044881,0.7861920571469715,0.8847056364360897,0.7998926079714018,0.7740012772794124,0.9664186471819877,0.7448164663417928,0.8529679168609329,0.8586251385036121,0.8247413630093559,0.6925225428377862,0.8088507710593605,0.7692095489568614,0.9328618711914334,0.8384182669719891,0.927891377281946,0.8798360980717976,0.907802223896456,0.8861780765486214,0.7602704588951608,0.8245129151205544,0.7262965937967399,0.739635630065291,0.8419523493010889,0.8908828339014051
0.8195321416632733,0.8821281747525032,0.8802120256070148,0.7787922566781674,0.8179646132329976,0.8905927932872968,0.8233551874787547,0.806328361459957,0.7446983971561185,0.8400892688124382,0.9285847873861478,0.0,0.8471437416890977,0.667943838301041,0.838015240628006,0.9192203772775752,0.867881158671372,0.7763297351692379,0.9098989466048624,0.8278604735618916,0.9059297161107176,0.8987661487084991,0.8046028438409073,0.8807783934778898,0.9300334560341728,0.7653101258344698,0.744179042299388,0.7725497426030639,0.8501778504756723,0.9117265577442256,0.8545427823606517,0.8744440168804549,0.8106824730275657,0.8150147872140093,0.7433717328442753,0.8176422584518781,0.8956559164901187,0.8404325687176586,0.9116137239004236,0.7728102472463252,0.8212727220304715,0.8553763023224109,0.8540738325734155,0.871270024599111,0.8313551284365952,0.8146506601926751,0.78743602218345,0.8999419380575727,0.8486844776768008,0.8044179292697243,0.8332428284357336,0.7882226157346742,0.6829768799863181,0.8882663629354889,0.8828420567330127,0.7808975638218324,0.8415815480749229,0.9379477054403101,0.692986996867958,0.8126746732644009,0.7850595240765293,0.6975960675451975,0.7870203112122764,0.6888700424669988,0.6969935266217958,0.7298564396097142,0.7230511843404339,0.8095026511827603,0.760688264010889,0.8214358725650208,0.7948146500259515,0.6924298448075553,0.6320213608670693,0.8402505891237919,0.8571072503214189,0.7305511198551105,0.8302358786639421,0.8568215890216225,0.7611152578279659,0.7251533451506919,0.7738713132053106,0.7561445247977605,0.8909608056573789,0.7590538278964272,0.7565628118247154,0.8474772331793081,0.7693890955631696,0.6993104572823114,0.7657214694657865,0.8020541317638662,0.8218899330612246,0.7615816169743734,0.886014950087388,0.7612802570726978,0.6985294248467201,0.9268733518694247,0.707940616445518,0.7937594370594885,0.6176816345406371,0.7141078733679177,0.7673399026458017,0.8070565040273722,0.6820044353086224,0.8584376791657876,0.7177017200273269,0.8279190519521265,0.8233577917996929,0.8486445672241326,0.807032151912385,0.9276070414162838,0.9060994160212651,0.7425619195742797,0.7228528286483827,0.8026107914171279,0.7404911271186444,0.8069362055923954,0.7568306757534323,0.9136025318347162,0.8045049851123737,0.6604675874313394,0.7895074002057808,0.6953209162488688,0.7570933829860076,0.8830599684336748,0.6359529091395948,0.934282763866805,0.6430966935349531,0.9103231359385482,0.8514258118363062,0.757629490864371,0.8077548305322727,0.8349214460830042,0.7134516455568262,0.7400594528160597,0.867401099709628,0.7267609530810568,0.9063563173684157,0.770881373695391,0.7912799467722293,0.9070830363697725,0.7242324835774164,0.869803822276829,0.7789832427739586,0.7452410940377968,0.9125172279160212,0.7345320974611425,0.8675279279155087,0.8346495635630999,0.8919361845485871,0.7393533967505345,0.7752303250329952,0.771205893532972,0.8994206821257927,0.8323598450287237,0.9664666981637926,0.8441935520564136,0.8494718475225578,0.8798166457214531,0.6774375735951318,0.7475586378993565,0.6831085222085632,0.7452633082544843,0.8904457651139833,0.8327579451125432
