0,1,2,3,4,5,6,7,8,9,10,11,12,13,14,15,16,17,18,19,20,21,22,23,24,25,26,27,28,29,30,31,32,33,34,35,36,37,38,39,40,41,42,43,44,45,46,47,48,49,50,51,52,53,54,55,56,57,58,59,60,61,62,63,64,65,66,67,68,69,70,71,72,73,74,75,76,77,78,79,80,81,82,83,84,85,86,87,88,89,90,91,92,93,94,95,96,97,98,99,100,101,102,103,104,105,106,107,108,109,110,111,112,113,114,115,116,117,118,119,120,121,122,123,124,125,126,127,128,129,130,131,132,133,134,135,136,137,138,139,140,141,142,143,144,145,146,147,148,149,150,151,152,153,154,155,156,157,158,159,160,161,162,163
0.0,0.7020844144287265,0.558571614320365,0.5162896336225298,0.4553457443681834,0.5575017498047455,0.6150009449303168,0.5997416662711951,0.6935312147292537,0.6219108672330946,0.6698579315598822,0.6417003933489401,0.6297577983280856,0.5981606766042168,0.6435680644726783,0.5648484309329012,0.6178621823882469,0.7528190881831596,0.6868884479138436,0.6650168574555118,0.6564368377091905,0.673711492386647,0.673028427977038,0.5871763042275113,0.7206148315219896,0.5778859441334124,0.5673540815806389,0.6063232827044585,0.6081793976509987,0.6000772579028766,0.716983315463449,0.6676153213946032,0.5247979757207628,0.6487604999903688,0.6595105420891283,0.7135601140991125,0.7222581446299489,0.7368305704411405,0.6796167941365796,0.6159054392634773,0.6497977639010044,0.6605086563297329,0.686108604329537,0.5969469960645105,0.6802515073587497,0.6810559499714972,0.5571678733028657,0.5938319620742911,0.7921374840813673,0.7208490353401904,0.7227693217742427,0.584573877244574,0.6810560298095789,0.658239078201891,0.7251098505786017,0.6429257914214861,0.7498789558937772,0.5926613765558721,0.6400472690699687,0.6565537207426532,0.5946295436061652,0.5787632615034799,0.6373494716780956,0.5831978381444847,0.6882532921342921,0.6515895630803118,0.635380103931571,0.6178135414994322,0.6788957559059218,0.6448592605534635,0.7226798017160928,0.6318134894050009,0.6476169627138276,0.6627570123062,0.6500533469893253,0.7008692758430848,0.5680072277923133,0.526372467636678,0.7155289200704866,0.5042165599863849,0.6091060176258409,0.7719516660669276,0.6114142521341478,0.6255061362782861,0.6979002789706708,0.7497914285768882,0.620377398537299,0.6934244995891724,0.6167300982385423,0.6873541383993086,0.6807632516283731,0.6301471310739505,0.7234618958072182,0.7240662328657632,0.7171562743875552,0.6238567752856825,0.5932055508340889,0.588403364288018,0.6029370003973139,0.61455877489207,0.6472008954006235,0.5629240413686012,0.5976108785788102,0.5287881039542114,0.7013068534730202,0.5869224744764843,0.5987251450006361,0.6235563687794035,0.6657546890923166,0.6510655090480847,0.6522628108543649,0.7956184526808355,0.6541951675921249,0.5828826496430113,0.7204825558400686,0.6037766756301477,0.6403189085761741,0.6935499938489483,0.5408350028627513,0.5783424418039707,0.5777393270718596,0.5820701615469116,0.691707454931466,0.653402644121593,0.6400540383618246,0.6395409951756376,0.5868896225872544,0.5694894632026569,0.6344125574410575,0.6663533041078703,0.6148689129549652,0.5565075109555544,0.5770416900314863,0.7212554291218628,0.7109085244053318,0.6124390149571108,0.6556750892049374,0.6635932712005842,0.6261952650430029,0.7783782961344967,0.5217630409741587,0.6355629809689377,0.7171835558575366,0.6970145538459493,0.7722501810544465,0.7325735612473812,0.6634725937615956,0.585505977399197,0.7526879943285596,0.4964948179661083,0.7230971684051976,0.6712370957027578,0.699915978867265,0.5694521229575427,0.6453113854772331,0.7129961743400156,0.6257963768780179,0.5486171416444885,0.5312437271288852,0.644570194539016,0.5994996097911527,0.6849815364176085,0.5980964855619318,0.7337917678703616
0.7020844144287265,0.0,0.5574029939067655,0.5601421541522238,0.43539869325465186,0.5750264593187098,0.643368361648463,0.5836490366997931,0.6132920493360295,0.6935866052180887,0.6307737769941129,0.6277478229336431,0.6303729045824438,0.6442207460330288,0.5987426319471045,0.5429469967341207,0.6285340170034066,0.6771673954104873,0.6413153509106939,0.5892392271560666,0.6175534964742595,0.6322190736267436,0.7116506025436082,0.5771793835013398,0.6918622201581572,0.5670877557997752,0.6092176691931754,0.647893040679424,0.7086342478689581,0.5517871992084913,0.6262131836866849,0.6269085371119643,0.5695758055158514,0.6642615137244376,0.6321256618015343,0.7122730186379758,0.642414995019987,0.6722098340669544,0.5937689123900086,0.6781436816754398,0.7080144943162731,0.6531926488262421,0.5606367303659702,0.5702234923255712,0.6593964740001126,0.6486664987291009,0.5434065251141338,0.5400673326994871,0.7201891644276488,0.6195454080374999,0.6583003564663471,0.5962888085362175,0.7039202972929594,0.685487378238276,0.6904230954442948,0.6917461080629176,0.6505403187122258,0.5699124076062209,0.6308660124492724,0.663074831009042,0.5955465401001732,0.5645687329162588,0.5860470801627895,0.5665828640393289,0.586269698372756,0.5918533400271686,0.6470261006017293,0.5640631194876865,0.6175555198507593,0.5945856907930824,0.6173653826193145,0.6069067216802392,0.6378195222301924,0.6521139632849912,0.6559825265953751,0.6701653700044325,0.5426486662281446,0.5334626540126597,0.6500237660991645,0.5056049039628487,0.61583872434743,0.6610668913027806,0.5974538419419106,0.6450032335504045,0.6607818751668174,0.7478693188097683,0.5592611930239417,0.6109060243382691,0.632508295401054,0.7014558359224138,0.6382665237999586,0.6455848855061113,0.6667007970119501,0.6700466275084422,0.7198178100625825,0.6320605278421999,0.5508280778030329,0.6264345690442551,0.5903822662708921,0.6845900721624493,0.6321483621872996,0.5052823825788416,0.5825969186368288,0.5408293088274736,0.6445316274834434,0.5682798468151976,0.5795721072518164,0.6705211268386855,0.6982913569393419,0.643631094682923,0.6377694141713861,0.6721363841466859,0.6709241622430584,0.5809685855278687,0.7318195627429244,0.662654520183983,0.6669013115089057,0.5733999652912177,0.576221328093852,0.6367613813572021,0.5331829717579468,0.5720297233783239,0.6770665920001033,0.6391494727963337,0.5919464969781723,0.6608073562351955,0.6082502132191925,0.5481152617146936,0.7170801426091936,0.6248999796878266,0.6377977649168192,0.5298664968123092,0.5585474826027188,0.7072536807510265,0.6012254600448963,0.5426308926520581,0.593629496613095,0.6570034451270403,0.6210416223924898,0.6398654608764477,0.5442383368518346,0.6145361750820578,0.7579399451783728,0.6531356253603747,0.6897177413060784,0.6557566799662508,0.596023078209404,0.6080907056158715,0.7069771517740417,0.5166209914141093,0.6163676858033337,0.7088003287972154,0.630488293776134,0.5836732050190199,0.6536702255744945,0.621934602911306,0.6164124323182609,0.5657676164658246,0.5744359568817914,0.6373892390462919,0.6638463339137285,0.6752925299953658,0.5907962984421776,0.6510374159299983
0.558571614320365,0.5574029939067655,0.0,0.46863945951425273,0.5242662244284013,0.605147588317901,0.5578477741369877,0.5149123430859475,0.47258089955582455,0.5522088299877684,0.6894242944558693,0.5949264150189342,0.6578335939533927,0.4701952892660759,0.5233779605930676,0.7355911393545571,0.7027849867297624,0.5455488130089883,0.5230338245202842,0.4845787381472553,0.7267220928639352,0.6507690405133641,0.5371058107550997,0.6334524942011528,0.5424339300842085,0.7276166412059712,0.4806692960136421,0.5115447743534709,0.5736414851391032,0.6543634876287612,0.4765514474715813,0.6065582621253637,0.4785647129510072,0.5172702288747805,0.4472605569165976,0.5163380661405853,0.6531314513229136,0.5441193157237493,0.5629262705396485,0.6215705826016138,0.5663427328726234,0.6183792346282022,0.605083713053766,0.5450145574052008,0.5301335612039756,0.6175749778577858,0.643330837007872,0.6335034525998853,0.5678566345465652,0.5527508330502243,0.6679913413196106,0.6330273621040768,0.5180104752904056,0.5918968935084559,0.5770957020407528,0.5596471735515897,0.5918935284012515,0.647545729849226,0.48159540782831844,0.5370926875504147,0.5325565569270495,0.5295045787378906,0.6684235545195059,0.4411825091239947,0.49487708815253684,0.5475193513422338,0.5230449804594254,0.7143873256030112,0.53598834904909,0.5309816050161883,0.6352639145755903,0.45730421881093164,0.4910237435416296,0.6962472783367121,0.57045183872226,0.5003387371418833,0.6802356061537593,0.6858482907153142,0.5627973743366858,0.6196282227003699,0.6600436093244926,0.52060774375072,0.7279843790226779,0.542988248752062,0.5453175171108842,0.5726271018849558,0.5039957776078104,0.48441679286680156,0.5035779907631407,0.5546317487027836,0.650196075792214,0.45737394319355107,0.6108600819093105,0.5448671426127505,0.5322431129103337,0.5338610774540417,0.4704310644641334,0.475142731559215,0.44383185446492135,0.516462052689517,0.4700289377916157,0.5336030801549536,0.4609482832201203,0.4378829873985729,0.491546188599017,0.698489517208283,0.6020212605319006,0.5484692801808593,0.6466993077653793,0.7099079379233506,0.5958282470313232,0.5339057939603766,0.5491249353934405,0.4848366556606447,0.5692566228435798,0.6912837869607737,0.4997353535557478,0.5450470563575298,0.5639129296893111,0.46730711458938995,0.5583704052499955,0.4998301842838091,0.5398215324745178,0.7187943371056223,0.44181742049757516,0.617609408774916,0.522420396759907,0.6264688803291338,0.5493143492000668,0.5331966637776777,0.5105739682367804,0.6743546925936219,0.48416141313694955,0.49626797831820496,0.5150328132383613,0.49678716080560154,0.605104254854692,0.5202112863237195,0.49925026968109176,0.5542527277767141,0.4286683608236303,0.5537264665100605,0.5245743891118771,0.49787541926783346,0.6153292082647965,0.5190797625605093,0.6114232303517426,0.693278073633498,0.5464148019386929,0.46212419079625777,0.4812554733320818,0.49704281775577597,0.5509718362177661,0.6591346117022158,0.5768402325239219,0.54336808748979,0.6201996077109451,0.7162085517344718,0.42474042959135394,0.6247342804828061,0.5517143723440319,0.47714038151008237,0.4905280950513398,0.6204801088456474
0.5162896336225298,0.5601421541522238,0.46863945951425273,0.0,0.38547718104154255,0.5483592067205012,0.5832704037643497,0.5264780219340356,0.46868159864976944,0.5610013070787223,0.5281237980429591,0.5735108616712702,0.4888913473062316,0.46814648623206195,0.5184407000490583,0.4362812051228384,0.480846252119238,0.49761807334937164,0.575352607166214,0.4305843880629447,0.4914013255191505,0.4860109725686783,0.5527040724079116,0.4666098309030967,0.582290360609114,0.4944424184854141,0.4961779231392716,0.5472832207164705,0.5502180605742388,0.44061834872062017,0.5168395846473339,0.47640048251072037,0.7318504735338335,0.5501011741255277,0.5104264620618796,0.5359843692095867,0.511979255097614,0.48178813446271324,0.4611932914615042,0.5117445985438469,0.5944874943847512,0.5036873215976261,0.4592714832642334,0.530553498966817,0.511762828938154,0.4758304731455983,0.4322020393545916,0.4658262697644833,0.5165449126013275,0.44791111485419866,0.5302589154981661,0.5507417356246307,0.47653298907485225,0.6253833870694976,0.5643832034239066,0.5082823011718389,0.4677183545879254,0.53326012791287,0.470522668089714,0.463262358774361,0.5155221692635006,0.43016513763855474,0.5261117567940861,0.4154840979887499,0.4381691865729723,0.45106506598592766,0.49291014125100263,0.45969571005466275,0.47995953551137205,0.5502050342315329,0.47076789333443614,0.4407755336600145,0.5073521120931062,0.513287981764473,0.5070324245518857,0.4854565229483185,0.44375203641124694,0.45071378412938917,0.5158844321507371,0.416357105067383,0.49766878440036666,0.5285837137795667,0.471681865241285,0.5195059684782222,0.496182769924795,0.5220548960738004,0.5036084412606777,0.47613495994634986,0.5066929029115016,0.4855425372384987,0.5405369367607947,0.5692322470912119,0.49132055228076527,0.46800599686107286,0.5078514402228367,0.6260829560383521,0.4352614580784188,0.5943340133932836,0.43942398098742647,0.5559365980770856,0.45962595621938585,0.436395601480581,0.6279720394855657,0.6578717718581791,0.5033189322516045,0.4427680491489651,0.4534771389080274,0.5448033665241386,0.49467365651465234,0.48108826796439613,0.5857079670905015,0.4854954562848819,0.5637166949277743,0.45901382490406545,0.5498405911338482,0.5225498273711057,0.5334426676353041,0.43367517693894575,0.6091935833682832,0.542206642936296,0.40092619836032806,0.5826100976049639,0.4854994430476047,0.511711400755732,0.4442175868158737,0.5926360926122655,0.4609096280517545,0.43736936551956035,0.5895074018950854,0.4545449914620513,0.4778463762548795,0.42472846632923017,0.44171094093236063,0.5333807745333288,0.45551363384512844,0.40419200085884377,0.4392248107093263,0.5077935807087428,0.4846456618683042,0.4782979400289972,0.7025541054639171,0.43939130940015775,0.5254521885945178,0.4908330108265424,0.48854104964412826,0.5539949377555446,0.4702833606912622,0.47235968295622205,0.5141143144723433,0.3959542605535161,0.5312434384038383,0.5663972351120978,0.4545628896274926,0.4356688819050996,0.6282610348073304,0.47937539599376816,0.4662662807891724,0.5203539454351858,0.6251894290090134,0.503921703303171,0.525398850498729,0.5213893439510103,0.45415719411943684,0.5023346525852618
0.4553457443681834,0.43539869325465186,0.5242662244284013,0.38547718104154255,0.0,0.4569396638210192,0.49839663567270087,0.3780322796630807,0.39265169619833323,0.40333776273092237,0.5259412268193864,0.49637073896094547,0.43867124855155143,0.375871752674437,0.4872399932007898,0.49791225229912467,0.47048238155017885,0.4261353627458024,0.42975319343352597,0.3967396373832171,0.5216063995563571,0.521385464728243,0.4222830903603681,0.572503644347869,0.42054717645442297,0.524714008410869,0.36655739053938374,0.37784929390051436,0.4752349840301753,0.5413043289099455,0.41223661481258267,0.4386975106313314,0.4175265350783219,0.3985130640316973,0.39846368488557204,0.42359310098650843,0.4849488599644832,0.422979597426472,0.49531899538081653,0.46238804254891963,0.48103199411952824,0.45869447136216,0.5045146793223741,0.5471690272493771,0.39943589384655126,0.4383414031714478,0.5860530003076864,0.612688302584479,0.45700175346392286,0.45577064194237255,0.5049662583480016,0.5124645858250663,0.4129499660017045,0.471864724065167,0.4653193188006377,0.422159365952782,0.45624766008393547,0.49950259065554226,0.3846069358774018,0.41260775259865934,0.3809990864740737,0.41038009316431523,0.4986140393598984,0.3727620984567896,0.4241550069459332,0.40456685886642846,0.3868751767371705,0.542497985118215,0.40404644835831016,0.3980015989828441,0.5017754127862634,0.3861623958750885,0.3780138256719093,0.4582740343596707,0.40368087552848286,0.3988577000100673,0.45711768929237356,0.6021711469756199,0.4210248536614803,0.5069982245254171,0.4687813410505174,0.42705517256712233,0.5615556208749538,0.3942466041013046,0.41190331586687834,0.42810900983435624,0.384430521651142,0.39117275387413764,0.37483476210694416,0.4155122696701293,0.5313166947266544,0.3910725987473932,0.520906787169719,0.42572016188507694,0.4123303031721147,0.46154215504597956,0.372131118088052,0.3835969841423308,0.38641074839855527,0.3820651215258277,0.3949210718382967,0.39424515928257753,0.38402406829977764,0.3831323862012106,0.39221408450615974,0.47002166758693675,0.41418754241520134,0.4043736932585644,0.4748604270464577,0.5202808305810163,0.49365526321247294,0.43223202031507796,0.40277988838310613,0.3642378340496125,0.43518125587387946,0.47279948325011767,0.3927087177595736,0.46928477389204915,0.44692990205902605,0.36909175700459923,0.5416631026561955,0.38334479363777996,0.4258882220863903,0.5412194842888907,0.39120616418941834,0.48808882472142456,0.38880149277805465,0.48563128868443745,0.4187418409650297,0.4318234920141349,0.3854194488040149,0.4642883724596414,0.3680921318437356,0.4164815379193963,0.4264835135082722,0.4764251843769538,0.5216227250500943,0.4687164485101881,0.3941383217957344,0.44207499630144825,0.3694696287000688,0.43412882823476545,0.40850277812177577,0.3963607242349954,0.4799446167839165,0.4305498711196432,0.5561210603457707,0.45902001156837074,0.42142870063983173,0.3693744253462695,0.4029899919733847,0.41003917479488966,0.43907887285850644,0.4789749594805993,0.445821082863297,0.41620178096062327,0.45070333030156495,0.5041938894035695,0.37766453306331704,0.4492372529440104,0.40416038375328134,0.4009135947051582,0.3780080781952848,0.5343896556488982
0.5575017498047455,0.5750264593187098,0.605147588317901,0.5483592067205012,0.4569396638210192,0.0,0.5702288312297485,0.5415528340658992,0.4859937524468076,0.5760053046141231,0.6154966318626724,0.6937942066512149,0.5757073500459696,0.4682000643952503,0.49479254753682494,0.5762822137422151,0.6121446076994023,0.5065844267692937,0.5989775145884576,0.4597369927625176,0.6327495207667453,0.5402153433859428,0.5345583820151161,0.5145272075511382,0.5972724344828034,0.6026613262704916,0.4662311951073504,0.5382587540498844,0.5795835169636389,0.5892473632520993,0.5088151264802697,0.6048475207945672,0.5413270902610595,0.5806815076728249,0.4743390167970585,0.5495147383377856,0.6019159781246821,0.5279621653090993,0.5166526118116808,0.531291021920564,0.5849791468339418,0.6328997862139285,0.5361228732118248,0.5839819335760653,0.520784922847441,0.5410609539926018,0.5620463798943269,0.5637761219387497,0.5392712004302912,0.5046940489434927,0.6393576890484323,0.7168689067446119,0.5088018022091679,0.634448889562565,0.5981510860757085,0.6155108337829781,0.5410583461784105,0.7597964884766693,0.4624198686840644,0.5081617004539558,0.5405421364248557,0.5289899327405541,0.6883419619496098,0.43190150879503764,0.4667624313861319,0.5097200780555241,0.5009332403735082,0.5653735921791682,0.4991770136693138,0.5555084129228736,0.5584228393072462,0.4468077635251839,0.5266743403178571,0.6022321770957013,0.5846032951388973,0.5175752504809867,0.544412938644709,0.5741552297604431,0.5551574315610653,0.5735033032491655,0.6727207064838969,0.5403446051824742,0.6023074521895968,0.5645072164913658,0.5678993147540858,0.5642424650517911,0.5457406781687387,0.4863799947381627,0.5332042415336449,0.5381004634407948,0.6540500256962315,0.5327745378891612,0.5675450396765132,0.5259330831817429,0.5308943129292506,0.6199440544275472,0.4705900378195017,0.5760580058183937,0.46749552835292335,0.5513479251273434,0.467406429618773,0.4977005323593504,0.5409660016334484,0.5136904215290973,0.5228229762196857,0.5614360037047516,0.5500325351191194,0.5820586387791524,0.5518410470334048,0.5944847836059955,0.6767810565233752,0.5307400002021369,0.6235600985325028,0.49292719737200574,0.5836925961439162,0.6386457209941765,0.5635945699701858,0.48303361851753374,0.6921740836208025,0.5385238532972838,0.4680946427781023,0.5773190724094459,0.561817157639044,0.6470805346664505,0.4538113725816839,0.6554516036521328,0.5393637109077495,0.5341812074069019,0.6277731670460786,0.4724368235818282,0.5436689444744479,0.5683588551108718,0.4723842231117999,0.5451656091888526,0.4783998215990897,0.4445496435251147,0.5278456058374777,0.49213437692178885,0.4586434943060006,0.5277204638680705,0.486942711505716,0.5390093257424673,0.5433115202169999,0.5165367637639521,0.5711373760538446,0.5667077102899702,0.5649357565785641,0.5823490333069145,0.5583377739962527,0.4733648571818115,0.5130239215429209,0.5546304292028771,0.4931362491147296,0.5039215762534468,0.6780575848200996,0.5075836616110768,0.511205676017834,0.7098881529834414,0.46286918769130436,0.6418224740062924,0.5420983156058611,0.5306441405883978,0.4927857274460951,0.5717012976778835
0.6150009449303168,0.643368361648463,0.5578477741369877,0.5832704037643497,0.49839663567270087,0.5702288312297485,0.0,0.49278552693558364,0.5068958516416829,0.5854222801215696,0.6551583983126983,0.6693368981995805,0.5427423213678535,0.4996551142360649,0.6493062047988883,0.512622039655466,0.5625090636426755,0.5739654783218859,0.602800302173469,0.4818572123215596,0.6038652924595408,0.6206382770708199,0.6328696192324568,0.6236740066639239,0.6168057018754217,0.586291887555142,0.4984306086697517,0.5279962907583441,0.6958384906885563,0.5494352657045383,0.5551513858058695,0.5369409725261692,0.6255138963014817,0.5534344656672397,0.5552930367799292,0.5790279413051848,0.6094490835259668,0.5365225958809853,0.5560000980893108,0.6242035885455451,0.7221127804958228,0.5953313458250067,0.5530596011345665,0.6848286878080683,0.5295475986904765,0.5423717757365866,0.5624467830297301,0.5942837122093142,0.6472551799166893,0.5319800962345123,0.6506837845476544,0.6431569596750039,0.5416633526576873,0.6976607834034336,0.647748431440348,0.5657771994339635,0.5519049001480163,0.5910387677281053,0.5192071396231048,0.5169916514052313,0.4940419140244324,0.47253990111008215,0.5887640945285592,0.459272300216883,0.5131772449886104,0.4914928526073414,0.5147640210282761,0.5782578076402052,0.5219289417490438,0.5313206104237891,0.5745443157040666,0.49266275750740085,0.5115439662246258,0.5831283084931922,0.5212159566583123,0.5367206235457013,0.5033789237644047,0.5824603895995891,0.5438553605355261,0.5003004847888889,0.5739311528492068,0.5797450976584136,0.6116506043770662,0.5160287689668845,0.5366859131769226,0.5722374837702451,0.48909860666496907,0.513887037511176,0.5039914082359336,0.5363598244064179,0.6945508979553895,0.571041577361965,0.6396102486861355,0.535710065401652,0.5649072909126044,0.6952801877780276,0.44900439475626563,0.5536161283281532,0.48679440582014544,0.5390994994835262,0.5092573254543401,0.45341724737366473,0.5628070128476473,0.5673649987981292,0.518897037567853,0.5130043350849693,0.4896416628409814,0.5655702077911248,0.6120322776781187,0.6192177791712316,0.7106738258052147,0.5565584241489228,0.5594257658632399,0.46647730283695926,0.5962082089866103,0.6051826954388382,0.5508664028330631,0.5361809953987053,0.6191764026758152,0.515309880706225,0.5119526763730654,0.5153750319083954,0.5502516990212519,0.6641372564769152,0.5003728910625941,0.6917224632432499,0.48704412220986504,0.5075324847231333,0.5979875413230846,0.533235491275577,0.5024866145069469,0.4834703655567091,0.454521100110682,0.5727238652252947,0.5173529305871607,0.5064638996258185,0.5573975888927014,0.6381733442551596,0.5237739263121952,0.551884863013804,0.5523198957313232,0.5083950758748106,0.5751483943462581,0.5224653357481982,0.59894722895935,0.6171142557393834,0.5964968712328186,0.5488934585122238,0.573888863552167,0.4237944398717404,0.5461852743507105,0.6090079625968854,0.5308752025798995,0.5380029080409406,0.6535392179995493,0.5272276404391044,0.5482004191604816,0.6004216484893781,0.5784197969107705,0.5728289785107342,0.5646011837560291,0.5636161739434163,0.48439721825062537,0.6648351199696461
0.5997416662711951,0.5836490366997931,0.5149123430859475,0.5264780219340356,0.3780322796630807,0.5415528340658992,0.49278552693558364,0.0,0.5982417764752692,0.6090045231533746,0.5591509793642089,0.5445052990997479,0.6335416814393934,0.5624811929652305,0.5083473533504471,0.5236596356276673,0.5530286349277822,0.6026463578435375,0.5796303008106434,0.5591534524299703,0.5393562536158886,0.5348119679644021,0.5673360054506706,0.4694982867013226,0.6279276728382289,0.5260499784373083,0.6172930166521925,0.6482044797406034,0.5107683301034796,0.5020595440350935,0.5917738837356192,0.614797808849079,0.5007181691608769,0.62345129718239,0.5241768329691542,0.6042803901546772,0.6138277854752764,0.6352605674244761,0.5403300579638329,0.5343909563601943,0.531705500830157,0.5533090664952965,0.5510118078569343,0.4740001506593984,0.7149308811122211,0.6228215401959218,0.4541405387322582,0.4831718064882583,0.5684439473998566,0.5567249901207304,0.5814310119630858,0.5069582901772897,0.5610424512624855,0.5720453049623543,0.6065812986585513,0.5758519803758148,0.5846497945659291,0.5510744682736782,0.5550085214730871,0.5980534932351353,0.8005863096345055,0.5622524059784165,0.5766869646803726,0.5065569044614124,0.5255483826902664,0.6254299607466794,0.6660982542335754,0.5227657925842059,0.6470996780288458,0.7818531165330683,0.5688291359738673,0.532898824746304,0.6340561835312789,0.623434541296603,0.7052500426421744,0.5948546695707536,0.5639432495396115,0.4528714512028553,0.6987354179994956,0.4474371862371757,0.5427046787911837,0.6121244186371471,0.5092520662189781,0.7171182843917112,0.6223308325090423,0.66331877249564,0.7670128928860452,0.6209194342701864,0.6927393724121456,0.6463590495234892,0.5433877389994863,0.5500199861750543,0.5358028044567578,0.5862709086219126,0.6022403032687192,0.5412022283657469,0.6168141665007667,0.5599950558012373,0.5049169615565154,0.6636892330533011,0.558910506810513,0.650581405544988,0.5690685664600342,0.4942902478987411,0.657855628552216,0.5491738450610724,0.6173701118551802,0.5937594926990207,0.555470067763775,0.5199137012983748,0.5341133991794564,0.5936873429543146,0.6735855732154576,0.6426499776439384,0.6411852342562865,0.5542248697382631,0.5776543783204335,0.5229724435909027,0.5011022454755164,0.5961950886406575,0.45370521511701906,0.7284739576160341,0.5573747734393315,0.5354895224433106,0.5036440125782145,0.5681658427531383,0.5882630390877358,0.5375498787754749,0.5944929997004833,0.558857997842949,0.6096761154101731,0.5295398237936088,0.6515853053255259,0.585738843425857,0.5732313258509779,0.4598371249717039,0.5058694625784422,0.5114905115740198,0.5802863039544782,0.6165899974254213,0.5152367170356602,0.5501378226584049,0.610264464781841,0.6198324749825644,0.5795616050811513,0.5805089015708041,0.5144343180354851,0.5539939624239285,0.6156873930847655,0.4838214133129721,0.625871432481339,0.5616961166027126,0.5636822471597062,0.5008808447504869,0.585154482859358,0.661168121438256,0.5629101704961642,0.5132184459108635,0.48329706002673645,0.5915767553080675,0.5698186075808924,0.5558203640490735,0.5724934854339168,0.5286342380159903
0.6935312147292537,0.6132920493360295,0.47258089955582455,0.46868159864976944,0.39265169619833323,0.4859937524468076,0.5068958516416829,0.5982417764752692,0.0,0.5684031799684595,0.5333839100615457,0.5277556561354941,0.5503222216590684,0.6145298314304,0.5505960850415079,0.4858882214324141,0.5202717686613797,0.6688884038474128,0.5976437323514076,0.6892754386838924,0.5336409901538962,0.5588150411112417,0.5733774710367424,0.48084160687851885,0.6256671831659237,0.4762377254887761,0.5619940610241264,0.5658237052092123,0.5129767286129359,0.5129338542329988,0.7240396433245035,0.5933184463280358,0.4669221441195389,0.5784341738894092,0.6462455138086343,0.6471109364187634,0.5850459523410898,0.6943268126043819,0.5938174925436045,0.5170388755123049,0.5361422406524057,0.5713366267965815,0.5698447583566094,0.49276461459368637,0.6413896578567709,0.5962549840396156,0.46925742864327824,0.4861219971813916,0.6255059131189735,0.6450183550283037,0.5721766608134463,0.48096337550775076,0.6689011708972336,0.5445675100293732,0.5932040261292303,0.5935956644796396,0.6394704770620407,0.49969142856166565,0.645900239882219,0.6223749492511788,0.5834790258732208,0.5655184209693354,0.5269298229489544,0.622737050096599,0.6921058882207082,0.6322045780522769,0.6306787618545437,0.5199423338628902,0.6461042473532438,0.6174382624149646,0.6041932396327773,0.6687315330096676,0.6591983885899827,0.5581058618535841,0.6149382593712466,0.698613730530262,0.5034168391196187,0.4427320770414687,0.6317686225242288,0.44140543021780343,0.5259901562621306,0.7318012228638983,0.5118135645064409,0.5906720771086043,0.64872469061738,0.6618072325694874,0.6285684910484866,0.7507722753345647,0.6175099943585644,0.6754510940144647,0.5406040389809137,0.6242050338057246,0.578852470689357,0.6654774019699385,0.6867424968747039,0.5367935596275288,0.6735166989989146,0.5514185349108585,0.6404772935696562,0.5816345848257282,0.6761652394804828,0.5511219476424487,0.5631930437665759,0.4903956471039363,0.7371166661564448,0.508461279598358,0.5540309596213538,0.5566569808108461,0.5537499891637611,0.5291758968993888,0.5268963168491658,0.7138263477341875,0.6035439644660892,0.6248786690095993,0.6074560325968613,0.5061938323888368,0.6015667148800816,0.6110390632104487,0.46002662820051193,0.5811910913425704,0.5064023607839686,0.5658899904865675,0.6084630422554346,0.5276801491754046,0.7117920446186959,0.5264842543810607,0.5780977699296276,0.5037371950584933,0.5505620469969312,0.6203443399612977,0.6281624381085259,0.5016232215989661,0.6095697240301855,0.7054549111276597,0.6858741598913827,0.5709943935143172,0.5462392557843713,0.5607732372297892,0.5864110076328274,0.7132213127306595,0.4963135745267831,0.5971431239852332,0.6903524584271897,0.7631973472139342,0.6265044513729934,0.6191462338774036,0.5578158800030413,0.5167373824519003,0.6666094235062169,0.4929388854071121,0.7118158014055102,0.6294463288019427,0.6378716742732105,0.49836115471720005,0.5453159511782346,0.698443954496918,0.5452060107311766,0.46281417178646256,0.4991334720413803,0.5544767757320438,0.5481847744105666,0.6716129224953714,0.6326716930763338,0.5740981295917036
0.6219108672330946,0.6935866052180887,0.5522088299877684,0.5610013070787223,0.40333776273092237,0.5760053046141231,0.5854222801215696,0.6090045231533746,0.5684031799684595,0.0,0.5799167083259967,0.5759611856691351,0.6410980360397963,0.5967138801615693,0.5199906802536526,0.5366404428050531,0.6274478776031932,0.6515772007818,0.6065623349880506,0.5441347250588456,0.5875828038938303,0.5609795833787085,0.7196133166055682,0.5147327491077927,0.7328979407128678,0.5461464359699699,0.6288977276613305,0.7206508925162396,0.6190292198533556,0.5322865010083112,0.5545959624924393,0.6323948637000194,0.5254153620597103,0.6622273906263045,0.5419703545303028,0.5979487287079165,0.6133355283182387,0.6194000848220028,0.5136011920729026,0.6295934868975726,0.5908555582342568,0.6736356908594467,0.5317731531017519,0.5076353207204685,0.6264835226976584,0.6361092034157501,0.5102716013122234,0.4942437930011387,0.6598643595063899,0.5469194604933516,0.6082352178745165,0.5603004923940257,0.6212979293752716,0.6011731783442884,0.6050411058831003,0.7122354493225531,0.5972594518211359,0.557115774812792,0.6235033891755062,0.5955929775461416,0.6184200055299472,0.5422501675662571,0.5653142509518747,0.520153022606093,0.5356277949622298,0.5984654890349956,0.6557504278962547,0.5482812886046595,0.6390210399843648,0.6303864254670766,0.5621683750784354,0.5493285681126836,0.6572157651779521,0.6553624944761762,0.6810327790159538,0.660143006502329,0.5469103045609303,0.5077208073749897,0.632581499565659,0.5035070571301845,0.6431902522406401,0.5978151033826904,0.5626300667215883,0.6637550620343953,0.6702703610180193,0.6730394809879986,0.5821513669923496,0.5957653048041316,0.6940586944137973,0.6457302305540785,0.5887764645832247,0.5914894330833192,0.5715064765206024,0.6087066760666892,0.6844453865632343,0.5850809239249763,0.5221312976687279,0.6418870420414472,0.528057536626271,0.7198061390200601,0.5560760126481756,0.5241458528911342,0.597017905393953,0.5436588242911297,0.6033831384050801,0.5642035256573112,0.6019609851129719,0.7836041698396844,0.6395603741256171,0.6017646424691523,0.5937304775077945,0.6101840795087726,0.7223558725594982,0.6328023278366718,0.6513490031095434,0.6360688150278828,0.7039581986162106,0.5373271761991733,0.5875464598289604,0.6473072026033908,0.472424451690694,0.6007988502822424,0.6336616898312252,0.59614400063066,0.5293865048979677,0.608316010826952,0.6132976984483367,0.5042255387014851,0.6867274836080601,0.5680680465584111,0.68398265791186,0.5334413510939019,0.5651323010134623,0.5925902089778081,0.5391068901028722,0.4791751257099955,0.5365132936525268,0.5463653528488766,0.5924493187168957,0.5997434101383514,0.5345546679549468,0.5766111781242568,0.6911615610501463,0.6156273781811276,0.6217005492360036,0.6268522369925112,0.5192540117582923,0.6385011092724484,0.7078621574707722,0.5038260160469534,0.5684302399254753,0.6799901075585534,0.5632005342786363,0.5641490886044989,0.6720672103102899,0.6047967791531607,0.5899418487000678,0.5760090267767151,0.5273391385145271,0.6574033473413461,0.8050691941632262,0.6292578186617935,0.6446771901493817,0.570305408189268
0.6698579315598822,0.6307737769941129,0.6894242944558693,0.5281237980429591,0.5259412268193864,0.6154966318626724,0.6551583983126983,0.5591509793642089,0.5333839100615457,0.5799167083259967,0.0,0.7056163977716963,0.6572684293047406,0.5102423724705937,0.6494339210269582,0.6460632547483477,0.6585965476542938,0.6164357649233888,0.6122827368920932,0.5312125877819756,0.7353664348394652,0.7450431333396554,0.6035722673165853,0.6894785325556009,0.6194004952222759,0.7289071798563675,0.5184776976199202,0.5497018119939244,0.6465575019974584,0.6522993661236375,0.5721453177301105,0.6252023235680289,0.5557346995547742,0.5727233495087439,0.5282433966394762,0.6040194150943555,0.7793220974264154,0.608931856829574,0.6742335799526156,0.6563186068446526,0.680586095718936,0.6237996091143745,0.6946503583011389,0.6557930623583214,0.5940954080699601,0.6425535937714857,0.6087796405786116,0.7340833162607961,0.6653553261033754,0.6149733738620604,0.8034843013279735,0.6725104670467242,0.5629737417256704,0.7222626551417723,0.7294484417843395,0.5757211181219586,0.6501204847545038,0.6974727532274204,0.523608381765946,0.5774361657353587,0.5673680878960291,0.5364982663172232,0.7447762922596192,0.476731815194647,0.5498802176088852,0.5683575919059195,0.5602109513631647,0.7146582590959237,0.5813020822709831,0.5992127328788422,0.716077978878591,0.5090881490011383,0.5311542519882716,0.711167492049876,0.5949297018891007,0.5543444338910005,0.6325713071718315,0.6398786179827383,0.6366132938761413,0.5570870562415332,0.6335829717349756,0.6090367666256535,0.7228847904975024,0.5817605537987353,0.5827511725571435,0.6412370742562936,0.5568462984656889,0.5450750151181961,0.5370758989349432,0.595827771884247,0.7806352851134106,0.5247102823296428,0.7360596177783227,0.5977677070085091,0.583907205143536,0.6383926189720597,0.5058168945603125,0.5208825788255689,0.4888043004376722,0.5540567841045098,0.5345496574048427,0.5496697958204348,0.5271596888520984,0.49847544699537716,0.556421023824385,0.6302869181840414,0.5810261824449133,0.5730466260443355,0.6815367162444579,0.7089335475500963,0.7020763572026913,0.6047932971894147,0.5917864748593725,0.504913739495821,0.6614577764024222,0.67763724076208,0.5422885270432873,0.6117934698211357,0.5876847061027849,0.5072924256658136,0.5864461824730762,0.5560527498284317,0.579180985859491,0.800009347895548,0.4989397168988617,0.7577898651371475,0.5255755672517216,0.6375410547359391,0.6036235415224013,0.5919233253288638,0.5270589090948854,0.5917825925345781,0.5149046103481427,0.5799885862872627,0.589730068769364,0.5479254264413322,0.6548270893766172,0.6269679621390963,0.5563417479067573,0.6360467426493599,0.4970204733182347,0.5709072135740869,0.5806179928031546,0.5516489065147037,0.7005539865760938,0.6016713203469105,0.7049219379570764,0.6328350626896356,0.6042345117878561,0.4576316821268955,0.5765223571564908,0.5673533924334189,0.6077814405930028,0.6031670919352237,0.6507934429542768,0.6082966427352724,0.6527385987468628,0.6666254580647543,0.49640277901071805,0.6485273783563731,0.564127237487569,0.5430014360221689,0.5068517726419276,0.7621014837063427
0.6417003933489401,0.6277478229336431,0.5949264150189342,0.5735108616712702,0.49637073896094547,0.6937942066512149,0.6693368981995805,0.5445052990997479,0.5277556561354941,0.5759611856691351,0.7056163977716963,0.0,0.5705499967018588,0.48503596376586344,0.5986103344365297,0.5633032640505463,0.6015275456029758,0.5583295448966884,0.694125102587147,0.49850908591380255,0.6716485239133014,0.6117786821429146,0.5917567931518484,0.5907887286579856,0.6508617395153177,0.6207021703075735,0.4838106904719091,0.5457638963274504,0.6309693499459286,0.6146068763964805,0.5861539558990599,0.593625484899903,0.5989952202067657,0.6048704252714254,0.5431575627449681,0.6081036120201382,0.6560705642179121,0.5637923976280819,0.5950323028569814,0.569002247249916,0.695126593691238,0.6309567065259989,0.6046054444608244,0.7162302383848799,0.5550278444183769,0.5644473557070999,0.5815027011324475,0.6430555813965966,0.6138885083503814,0.554829866745853,0.7133525383270204,0.747258954283469,0.53800160289595,0.7390799274072074,0.690114469020077,0.5939864808847134,0.5862328614878158,0.7574990373987779,0.49339482045056166,0.531573662897817,0.5323427668595266,0.5108625144380783,0.719047438036591,0.45822481241576096,0.5147505101265681,0.5202427254206602,0.5128227540859122,0.5935045986369712,0.5266424888463557,0.5788589930348249,0.6109692049811519,0.482604257883652,0.5315921116433618,0.611661329529438,0.5717660671042913,0.5441978018315901,0.53442083132301,0.5832336665354481,0.596363310075013,0.5311968074231677,0.6231182278725043,0.6073716990335594,0.6356742660334571,0.5569517034970851,0.5761425624659897,0.6067158478148744,0.5491730724058358,0.5204524531365826,0.5297946458870887,0.557087179397517,0.7587080002807512,0.5800934223947956,0.653512004285461,0.5589270117506983,0.5571602014091478,0.7234145882835378,0.48356113362523145,0.5883626055695563,0.49324954029845375,0.5493626534899159,0.504927447844721,0.4982615416944041,0.5809027419809185,0.5672343846864174,0.554157083936015,0.5545020428120817,0.5323247606131476,0.5855050067547016,0.5894329088825914,0.6350472090370098,0.8154024234203928,0.5802536766834927,0.5985989067817173,0.4862501243613819,0.6310139234907975,0.6334934953447312,0.5758225969103689,0.542820488729105,0.6589701031816334,0.5300567560826603,0.5127350346094472,0.5702339600513775,0.5847401285969117,0.7026585557105013,0.495867525262195,0.7499388054151327,0.5135455421505498,0.5511262029967423,0.64115475182222,0.5154779487235026,0.5319891921522678,0.5365095688181831,0.47509240161864674,0.6023885754875407,0.5356565025655889,0.49569978935203174,0.58960301276272,0.5773671159125361,0.5040605639800012,0.5842241128402351,0.530187469165584,0.5395134070633433,0.5745648116858534,0.5429205085953176,0.6236194553386518,0.6406806816931768,0.6544294517556511,0.5613920039442268,0.6022546197542887,0.45322886185560257,0.5834831483473986,0.5994354844640655,0.5437790173787628,0.519474563910792,0.7360240360863916,0.5455214521997208,0.5427332708580298,0.6569045470561503,0.5161519766776996,0.6133385807680202,0.5389770964797723,0.5729318896966407,0.49279916419792863,0.677842631961012
