0,1,2,3,4,5,6,7,8,9,10,11,12,13,14,15,16,17,18,19,20,21,22,23,24,25,26,27,28,29,30,31,32,33,34,35,36,37,38,39,40,41,42,43,44,45,46,47,48,49,50,51,52,53,54,55,56,57,58,59,60,61,62,63,64,65,66,67,68,69,70,71,72,73,74,75,76,77,78,79,80,81,82,83,84,85,86,87,88,89,90,91,92,93,94,95,96,97,98,99,100,101,102,103,104,105,106,107,108,109,110,111,112,113,114,115,116,117,118,119,120,121,122,123,124,125,126,127,128,129,130,131,132,133,134,135,136,137,138,139,140,141,142,143,144,145,146,147,148,149,150,151,152,153,154,155,156,157,158,159,160,161,162,163
0.0,0.42525987097474294,0.3718293215624856,0.25238601688224654,0.2938982684811398,0.44666962069900895,0.3125908528336852,0.36827038361261566,0.3768216965804506,0.36410864697748546,0.32752793820664594,0.30877778539395045,0.44810096886453143,0.3467023156068143,0.3726652860744155,0.37575738904403555,0.36165166514570013,0.4350335058666141,0.4035952651844744,0.7180141218829525,0.377296573439556,0.41694365222856583,0.27036139325225794,0.3594309470109843,0.43719835079858577,0.2648616684525004,0.22572142306015167,0.3597655513777596,0.33282534332321423,0.3029688449767796,0.44047932662072303,0.42566869448121913,0.3429902033465484,0.33761639959506096,0.4185623558165395,0.3128771262171203,0.4190839033216614,0.3668062204292136,0.2984055020851888,0.29171749133196573,0.3395049254376574,0.29468077971311046,0.48873039150176883,0.4021108505386682,0.37652840764051115,0.35980151205635963,0.38726511688247345,0.35732934200887484,0.3758131900542965,0.43053422478399533,0.4007158207511202,0.472781058633206,0.276707320838432,0.3413628081870514,0.3176082909154265,0.34058179816280604,0.49159582124233364,0.3086230815548946,0.39186530094910227,0.3828858579456274,0.3865969755524687,0.31398168011829497,0.3508320040706488,0.3005048915247008,0.34988207077902805,0.3514956119309154,0.30804663279666167,0.5898627760947852,0.3735713799839519,0.4378936265394156,0.6273201174002484,0.39658159243430713,0.3115298588925803,0.3410980219961336,0.42317252670416683,0.4031559956527922,0.27141882156267544,0.2857605003599604,0.3900816875821409,0.33158282504277664,0.35701874012403445,0.4297602050776971,0.4077153060368727,0.39562784419834734,0.2881231671241206,0.42039021782959207,0.32483157563975645,0.4218039495011998,0.4012936854313889,0.2918780096924476,0.33019931885408965,0.3750485406570686,0.39397781116980246,0.420119864243965,0.33309834881797873,0.4118579724204379,0.36634293682439506,0.3392622352561978,0.27945153800469996,0.38287045420605037,0.35990240021422515,0.31110224846772777,0.2665071667779981,0.4209455932642836,0.4160303647038659,0.4281901633828741,0.35379406785324136,0.33350156949492255,0.33299915572781225,0.35562274448177345,0.33285933564076003,0.28859114193912444,0.35639203735133845,0.26275304487808454,0.32902005334353296,0.33581568507157294,0.36191550032708486,0.40568518992182867,0.3165797395823987,0.30253597376858526,0.3094053078940061,0.29706673381157256,0.34665081043357326,0.49171085556471766,0.3404076605525102,0.4226757140428488,0.2804520963502916,0.296946759715801,0.33097379268859867,0.38810902512997336,0.31639675879636725,0.33520389619177104,0.3125441587502199,0.3485671075067433,0.37606527809930573,0.34702646827389705,0.5352239155747553,0.30492115019244015,0.30000299937710356,0.3967334093960597,0.34995756286153773,0.3339593456942974,0.39565779820259983,0.27725454558845236,0.3481190224021244,0.34242045241289404,0.3741704698928788,0.3068085182226269,0.48336642237056815,0.22909201216738806,0.4156210268224579,0.35555420679324246,0.3326204128627754,0.25144066661477565,0.36519688079534907,0.48683735750903306,0.3312867667965759,0.33174223813005654,0.3184846227987779,0.33145687576405586,0.27451339516665146,0.47090862861827054,0.26604768330696815,0.39489097262137923
0.42525987097474294,0.0,0.530892562809723,0.3251703202502829,0.284399295301303,0.36409721720293303,0.39478381628525616,0.5031221607897358,0.36480147144795766,0.5532541890393655,0.3589777970920538,0.3460529604799521,0.48020303740657677,0.48764823410391395,0.40680098056444275,0.40919237713818635,0.41210241600550707,0.4359325844124138,0.3918799507178334,0.41738323522649,0.37513524068852644,0.5340077434924568,0.377435514543115,0.4378912608096964,0.4372983036635905,0.3401289585362463,0.3009202376233528,0.479190653246074,0.46330754817606346,0.34253416910998685,0.40318092060831306,0.38224339948444735,0.4235420496709541,0.33563870667553736,0.36090992431795765,0.3062935030305328,0.42629966047214707,0.3815517039293334,0.2882071037806672,0.38668239350469574,0.4021456584549312,0.32896232487639754,0.3302720319143971,0.3237992031738705,0.5907423857434899,0.38800887378301185,0.3707477313065801,0.2955026496533009,0.4189641181803986,0.3231709246412245,0.40924440229428405,0.4160359157000559,0.25525974851730965,0.4401499473512614,0.34501105053759146,0.3520203137600859,0.392523188129007,0.31073295983813054,0.4453317047669665,0.43775198060437714,0.41457940608649513,0.27114016484115383,0.3039782597408439,0.2712239626299334,0.26323119218966695,0.3008809490111915,0.35846506396469613,0.5485946322564555,0.4377828538495565,0.47895603611000925,0.46407847415827763,0.3930657997822172,0.2766824899944432,0.44388197235042864,0.36274610643081845,0.3149583725240813,0.3217837604554375,0.3768953793236275,0.38336460253233573,0.29665751143937275,0.2857459315926222,0.3546522617930873,0.6092215668959003,0.3663374897454179,0.28457332710472616,0.6332197887871244,0.28736462633693743,0.34042369614705814,0.3574131441397351,0.3625924062097928,0.3276995347211244,0.3341345056244107,0.36593096873119696,0.3256191174131577,0.35502193893840145,0.4699401346384706,0.30440896852075583,0.3575364079528442,0.24390429216168663,0.4906925295249213,0.35116586441078745,0.30404803859260415,0.2630314636339277,0.439997447392524,0.3396449005130112,0.44449936739716644,0.3026525660622686,0.4215093008827092,0.3835925664477169,0.42013143997557784,0.3281248804337369,0.2569790190778193,0.31150437968870787,0.2624866597943621,0.36709663383466556,0.6026196858885807,0.31545256385556064,0.33193449603685976,0.308280775803872,0.31231826301833104,0.3143325359971991,0.3012874102189499,0.3046778324123543,0.5950124449335206,0.2657613937677826,0.6678005761856127,0.27809075474710654,0.45562822012400667,0.3899062728496442,0.37538466108487284,0.36245453239060416,0.33688224341531653,0.3248536065630625,0.3032484411450699,0.3088393972223481,0.2543499233560724,0.4057290156928638,0.34486850797994567,0.36019645533209144,0.3431459888947611,0.35454187338137216,0.3274334206398402,0.42093457887540153,0.2623004665170764,0.3308176479823865,0.33098502045969885,0.36588829430688047,0.3370245478047321,0.5048988366770015,0.2299069663698111,0.3322484779830485,0.3092185893786244,0.33103008477729046,0.3627521854837032,0.36920941349588887,0.4599123560442805,0.4243837574299959,0.47589367067977134,0.32322161430868984,0.3239855861880975,0.3103837676258739,0.3756021089572918,0.26679168399302716,0.3423161366349749
0.3718293215624856,0.530892562809723,0.0,0.393741829441035,0.303869486414659,0.3832970218729185,0.40118702835031517,0.6248111652395928,0.3500307638607178,0.6697097380712592,0.35384889479582443,0.32917556363397826,0.5217224499724735,0.4633367995853713,0.36073196829873483,0.5769463875184782,0.5641632796801758,0.4169070926754657,0.36173551292907674,0.3616431233248575,0.438958680094402,0.4958482200576163,0.3986451101740734,0.3776294673136526,0.45353091972769916,0.3845448464709803,0.34125990795373456,0.6105572109717513,0.42353361896023695,0.33660952647150805,0.4017291012750119,0.43552615182298265,0.3733586557512917,0.435548990983618,0.3578048176815939,0.3283129964239714,0.43394701737428537,0.4108140959314835,0.3054456242094313,0.44505952438135965,0.35386593872546,0.357569012007673,0.3223313591835234,0.3218897989648762,0.6384613360212062,0.4172886942763748,0.3221451513378021,0.2967770189860208,0.4663523903244202,0.3136644033160905,0.39833558325611945,0.4409638259945219,0.24399265375125276,0.4801122297014912,0.37425079826483815,0.3858538491633675,0.3702440482116618,0.37230236708087855,0.42440646036356006,0.421386329625144,0.45681226430268135,0.29611722072302155,0.3071597591552616,0.2900754643064159,0.25615412919127933,0.3011932034381082,0.40038982585036237,0.44528405984435887,0.4377998625460754,0.5675884816700199,0.4080564652249122,0.3741936540539996,0.3139410619336467,0.6766856458453031,0.42774153611380406,0.2860534601896718,0.44718716604930786,0.4305545640819361,0.3755232201164022,0.31809806601974694,0.30106183971607575,0.3848384200442142,0.46218012691057486,0.3955125822398468,0.344898910270398,0.645557564622855,0.31705797113236717,0.33018003554557196,0.4271541949462027,0.3380793381390206,0.3549892584553003,0.35832836965157766,0.34915066882657647,0.2890490174412067,0.39781572936812293,0.4011233427187576,0.28940039464012135,0.45314767617910345,0.2590081874270727,0.611317253834292,0.34704007087685423,0.38902795310714144,0.28292480332772635,0.4687643916618001,0.32791760488616745,0.570839716663172,0.3563093321788326,0.47454404029047276,0.3694246319909366,0.3930246601774021,0.33533247119861787,0.2747064285745664,0.38222941013851686,0.3296516171961181,0.3514608820535871,0.6475567857560054,0.33715645231899977,0.36475221292116955,0.3763829098751422,0.409717431016649,0.3369407662379523,0.38494774172857565,0.32100012805984734,0.537665690682887,0.262016807179945,0.5142103063984662,0.36230666245493925,0.4220487604794712,0.5284344429932327,0.34633242570575007,0.42576727303867024,0.45398431775107595,0.37085112395603215,0.29561003834303556,0.3074576330116334,0.23204257664461875,0.3165668156356678,0.3555030458750192,0.37687939369499224,0.36790439660132285,0.2974702308751991,0.35541235746682953,0.48147481027081684,0.2813393779245607,0.3294628557572826,0.34227383411653345,0.35088845180524536,0.3932684424066369,0.540471073933299,0.2781848305543655,0.3254854008018883,0.2886049884969554,0.3555176182033356,0.3796234427046641,0.46202609768907554,0.4577692634289704,0.4165981233367632,0.5389215940325748,0.3060917376324898,0.4361096090368847,0.3443039042620394,0.33738406097297646,0.33288014213022765,0.3365300477357303
0.25238601688224654,0.3251703202502829,0.393741829441035,0.0,0.32504640722975403,0.24969350495540776,0.4640388196629355,0.34921786471954724,0.2580144660658634,0.3376806782555806,0.41839010644713953,0.33481563288957605,0.3138947549864421,0.42602783679872597,0.3075405891224972,0.39397524646633314,0.4003425545182965,0.3096985398275578,0.3074180987285989,0.26119540288636334,0.4086695241225465,0.3595113605124706,0.4383749676420338,0.34636652030890425,0.33220027982485817,0.5611726041035512,0.40903359716848353,0.38241245106857075,0.4559927698299627,0.26082370172841607,0.2765925272928652,0.3070827252323172,0.3875967477318093,0.4103338212661564,0.3114189414785817,0.4070321018026426,0.33437050878005425,0.4019905951526158,0.37814343598763195,0.42780787409371174,0.38838087605554894,0.3151940214243595,0.29319937207699814,0.3458357633049663,0.39800084473265573,0.30847323514465536,0.23673785756951934,0.3339536086546394,0.41875871638984813,0.289356753951807,0.3637048087403417,0.3471737454762226,0.23112458091980578,0.46719731869515246,0.44665855301853286,0.27700627936330496,0.3262767997137875,0.40688553823696855,0.3631386335848182,0.3531690058598323,0.3436571133839014,0.2744139677930152,0.2736172250849096,0.3727638555726352,0.23947690764897583,0.25922647826633327,0.475034001514307,0.27432391947564155,0.3886497119572957,0.3575856853448053,0.2913596148311663,0.32220140156000193,0.37099197455831157,0.4634162917828973,0.3171174030001073,0.23127135319210243,0.5421178734017645,0.4898697441914322,0.33844389764370825,0.26205897581145,0.25221384037502703,0.3331323833181565,0.28327959747741993,0.31481597067507533,0.4025890187054662,0.34403700725738445,0.33516290292335965,0.3042233256573153,0.28638144199717924,0.30428673476324175,0.4211056663920065,0.32639681166040696,0.32234229095743455,0.2518739984167687,0.42631058995878435,0.324087441198294,0.2580490743718423,0.3719565758374449,0.3230399988210867,0.3666740457760239,0.3584824395778385,0.4413209951299028,0.38044294712234994,0.33268568854167757,0.3031793462644298,0.33931986657293,0.3127326117449008,0.3635340726011419,0.348725001601463,0.31964250224488017,0.3883275103025687,0.3480304741657169,0.3240765867605259,0.4128753467761226,0.31454504788869025,0.3695891104857415,0.2660446268891665,0.33178611728095003,0.38875204353594917,0.4747998823716703,0.40257259316747357,0.4232869019995056,0.3276728784928776,0.33406187280683824,0.2596536849268135,0.369355657079358,0.3546820990004287,0.4379663246815608,0.4838974646828056,0.36911378461300026,0.2660684341522525,0.3375134641923402,0.40177752560952423,0.3476794853233787,0.33299736678687,0.20674660974337752,0.22081978078447606,0.3813745767818612,0.4345786109288936,0.3162134947125494,0.30275007231412554,0.38751732434168895,0.37927157789055504,0.3585576195161858,0.3900936544083436,0.3343767807088494,0.3026964493494332,0.29281986084939754,0.31290835904833647,0.33982380374901294,0.33115326503554543,0.27248858859653113,0.42092322465539633,0.3475690789061454,0.43302487743137674,0.32060444855036907,0.31891996251742266,0.3453482688434657,0.3548359398026739,0.36261535379312915,0.2961574051289348,0.28541705160088804,0.4263795703628341,0.3517339930595811
0.2938982684811398,0.284399295301303,0.303869486414659,0.32504640722975403,0.0,0.22340978387046867,0.4298803331640756,0.30582761594748814,0.31047020921273577,0.2819398762960354,0.37890725183383617,0.40941710551919264,0.24438860288194666,0.2824304845133358,0.3286449617945005,0.3317946283537246,0.3040033213339873,0.29481781520515077,0.2954867549839953,0.3066406997924396,0.3433889438878202,0.3536531688841571,0.45406479121616383,0.315135823787509,0.3162337001447488,0.35655288853223177,0.3442045368989369,0.2827486987377033,0.2811516257080573,0.29622249770156456,0.37730791797564306,0.2619306618476661,0.28144439127084236,0.4082245362461413,0.4106138050988385,0.4683893401953007,0.34292323865198504,0.3528819086057714,0.5961579159519663,0.28452244246075464,0.31727347757076274,0.3177965842179185,0.3134373219331176,0.3731537177215399,0.33094536752914006,0.27895072662973225,0.2689470214764483,0.3539608546247854,0.4271121264485865,0.3386720671733249,0.329867151128907,0.27982306875949353,0.22608967658822585,0.3333519599214976,0.3788621222098425,0.2519525447247317,0.29246171723234443,0.3975059316300788,0.29566072913694375,0.3217299908100436,0.24676064499918443,0.24587334785150491,0.22868931890112923,0.4473718102590308,0.2613753936928867,0.21351134692106277,0.33061482070545567,0.2883332045251053,0.3098789850207809,0.3292531659437445,0.32436833635502027,0.32632547191603445,0.28340428888094155,0.31207208415136733,0.2524951319023248,0.22035163500269567,0.3603682326575195,0.4679618477158529,0.2885706099558274,0.21148972153230264,0.2043456483342419,0.40669995181652174,0.28443493250453594,0.23147103574197758,0.2994897480578366,0.3231087465226262,0.29496634632496765,0.3167590551981615,0.2581534091796893,0.32463273650580937,0.4673864512330787,0.408843949345778,0.3705380555870812,0.22677713064733843,0.3463570342928684,0.3526722960848181,0.233873963409478,0.3193439043455236,0.3917199722673418,0.2812765155231969,0.33988286885045854,0.32416570529031263,0.3817892114699703,0.3626765172667022,0.283325439677437,0.2990771872089014,0.25624757106709345,0.3212620356612909,0.2764183617189358,0.31102842694806104,0.3993974964904693,0.43455308484500715,0.24871451904820568,0.3574184809983153,0.2437152760088246,0.26466019257993123,0.22503341434318327,0.42679599649181577,0.2756626982634576,0.38281993189341107,0.47047750857124265,0.34344202861212525,0.28063675867806065,0.33204883727976797,0.2988345207139406,0.300287335135991,0.2973318458668802,0.38543093504585496,0.31964053238157236,0.2847766921464393,0.24263354699767606,0.2612017791327164,0.2854463154644558,0.4111543428616911,0.39048463377162385,0.23371603793204834,0.2536678970623725,0.3648844421125965,0.3408184972597042,0.4103559911137138,0.2226079880209747,0.31376997207422486,0.3962654115291304,0.3888688871135554,0.41149918772097854,0.42258478582137227,0.40342706385373456,0.24827186989064529,0.3127753928542552,0.3005638743424359,0.3615171577517532,0.24024591635528225,0.4902060254776652,0.28592504235571126,0.37238848558489696,0.34912672452619603,0.241959019444243,0.29392751451557053,0.2692684665391526,0.27175034757186295,0.2060712043006863,0.27037897481141215,0.33803731976223794,0.46579867483398407
0.44666962069900895,0.36409721720293303,0.3832970218729185,0.24969350495540776,0.22340978387046867,0.0,0.2535832970076978,0.39062172236821313,0.32802673775894614,0.4129931842214464,0.2708752099378153,0.2832666231174639,0.49051480336523756,0.28464260787550755,0.27949287775105236,0.37464858695917114,0.3763989687103456,0.30350051814305823,0.39149040736167506,0.4186927863021853,0.33660910200016564,0.3012676286721101,0.24850858594061975,0.2717190519636825,0.41723465963408585,0.245179422106382,0.2247448414286251,0.40111335677578924,0.2849547964163744,0.3155776615325664,0.3353493718737021,0.5020991995157378,0.2824723363607322,0.32545186513027735,0.2900333046398278,0.23858355232183334,0.3543998858353731,0.2899790880856355,0.22949590259626418,0.26031283945751904,0.26562192891236563,0.34944478064907647,0.32601752807988366,0.28794067660812095,0.32373094367963906,0.3093816916160761,0.31682789512704285,0.2711716948146271,0.2783670372288549,0.29287219643058715,0.31835029836045603,0.4147286017220437,0.22625973821431372,0.2810005030607274,0.24698662734357224,0.4156929809599599,0.3615529527211544,0.33393768224662934,0.3011831252930926,0.3074163672373913,0.44468563691122753,0.33172767243220863,0.3234353254309634,0.22560909265531992,0.2708469571211649,0.3228038157638152,0.28898551077498724,0.4437694708001852,0.310240586128374,0.3964606995941523,0.38171102118946837,0.27591605078075243,0.3285928428116948,0.3300194209604328,0.43140218763938903,0.33670840226608073,0.27234495797048525,0.2583043574405696,0.31755992176141323,0.4751891477445579,0.4322550462684372,0.3212931239771946,0.3509165157346428,0.3926554245929996,0.3143911797002389,0.36278034759503486,0.3796559201732903,0.31132255500052847,0.40672279976147274,0.2682509125363198,0.26669935870417094,0.32489902803306214,0.27633654937673274,0.3225960206026384,0.27989175388071985,0.32830958396183135,0.33126713028000887,0.4114601493913785,0.24042955291741336,0.40532311950704025,0.26143205357299276,0.3197755959921514,0.25875009324679155,0.34674500172294964,0.34699280349929434,0.4286742673621955,0.3761378249728335,0.38624559829363825,0.27504106977429593,0.336832997414592,0.2886897558662667,0.23732602623759771,0.41707483572762477,0.2883075567660241,0.272045434079179,0.37113495215865205,0.41330237886633414,0.2842251891969198,0.3493375311905802,0.30736694195893277,0.23327740638271044,0.3034252073175826,0.3675765444274535,0.39968137535836784,0.30386879253540444,0.3549836578593942,0.32911946514341145,0.2568222822027324,0.32687740078905236,0.26244092139395647,0.41652925048231293,0.44490062372642797,0.31396904486703137,0.27205304446463147,0.28508571672783184,0.24596562912033734,0.3441005631995435,0.22929443298922253,0.2363372842370218,0.29613493375699756,0.2711651192164926,0.32853267856965634,0.3257732265124885,0.25259784890643056,0.2724212536602175,0.2957931099609407,0.2834046082263211,0.3224508498560098,0.4274576548746018,0.2808562287162697,0.3135903001999421,0.29512045777300305,0.24711055632410292,0.23867609034737022,0.35291865455411825,0.3657110955728795,0.3188958127572261,0.392907621390138,0.24630693673013707,0.34765242343452024,0.2830688165398397,0.4231930953872899,0.30617333293271454,0.2817223135111849
0.3125908528336852,0.39478381628525616,0.40118702835031517,0.4640388196629355,0.4298803331640756,0.2535832970076978,0.0,0.35879320371794743,0.33377934365167833,0.35453429034350514,0.414570933885913,0.4419126534502038,0.31477849221950527,0.3791349489154118,0.38653533863345935,0.35013060042328803,0.3200751095960942,0.3469880961863342,0.3157648037676665,0.3017983789395,0.36353324355538963,0.5193680908970015,0.5877213370180919,0.44557961216573766,0.37666157915589527,0.4355143287647201,0.40901546028066343,0.32499970290746927,0.37457853119618967,0.30856494890652125,0.36592109293925296,0.27814784482135524,0.3799153066468754,0.4042508764683959,0.3386279560071283,0.42090330705549817,0.4104047795823853,0.3748196080234586,0.41739689228890725,0.37903938522720965,0.38245199403890223,0.3352987704594824,0.30576937475146826,0.3450890332612194,0.500081192335948,0.3121801320958843,0.2898776551121985,0.3353323617928905,0.5259369077015227,0.29680345768093264,0.34244609441683965,0.29870200284949827,0.22273964664878415,0.41976817968796226,0.44859784853275114,0.28739974770660687,0.3075513691241991,0.4116035556819173,0.3515160765290415,0.34172214305449533,0.27262835862621715,0.23554786024904475,0.23836133751042965,0.4082131655482765,0.23947294146215284,0.2217056924587253,0.4335971594075177,0.34064220893329894,0.3569215441914185,0.36170480784105363,0.3343506951654854,0.32513699572253396,0.30397505758495297,0.375870442726326,0.26355907183396166,0.22891083105264998,0.4050434703027886,0.5478530173778173,0.30308072571652495,0.21889959706088816,0.2115306359055768,0.4040265354267595,0.33372607255291975,0.25187629959020996,0.3151874940674157,0.4124711746979844,0.3083496212328328,0.3187253329485477,0.28183415369909526,0.35498586237006896,0.44551482813385734,0.46103877301513035,0.3308687860879777,0.23580985809194716,0.36908523869621235,0.4386133702234501,0.2433589088670205,0.38885164593482296,0.3451465580104392,0.3458473311200637,0.35890127109258624,0.3424156521344506,0.35712602506676955,0.416923483338349,0.2940843583989284,0.34476540886097706,0.25392801971026374,0.38104216087565695,0.3326842252725255,0.36963111000660515,0.38245054853150634,0.3674122877473901,0.2636641001725363,0.32941612437025275,0.27993005722755604,0.38224287496872383,0.23458222289507183,0.3829336425248408,0.30045584830396793,0.3889110846974833,0.4053205733323727,0.3238145218829647,0.2949825652718693,0.36217501605666036,0.26099467212530036,0.38629956123088066,0.2880940314081773,0.6274095651265574,0.34987993591385447,0.3470950752512285,0.2748198869538603,0.27260561950601003,0.30880213968581144,0.35775917045430633,0.34356367731018767,0.20777362096169338,0.27652591710448904,0.39016814449306314,0.47922049311210785,0.36854843477250254,0.27998090752675125,0.33217442709373807,0.4113826871640589,0.3524563091842518,0.388469092727192,0.4981832396996292,0.4092309795293156,0.2758566509901416,0.3654066777897546,0.279324261499942,0.3429571507154488,0.2527160956030196,0.4637926315525286,0.3780882295475602,0.427422496580299,0.40777577930642084,0.3356295850080537,0.3599005784205823,0.32362885913020467,0.28854314554604515,0.24160447843267147,0.2844647238669008,0.3305583799919436,0.41793459974349073
0.36827038361261566,0.5031221607897358,0.6248111652395928,0.34921786471954724,0.30582761594748814,0.39062172236821313,0.35879320371794743,0.0,0.3862161385097247,0.6392353483136974,0.3009685814234587,0.38688665532465866,0.417628518181941,0.37124698515239896,0.3373963666303181,0.545232535749738,0.574797286190052,0.36891202495072656,0.39656665302342403,0.3608991059445141,0.44238321688532745,0.39631062251818383,0.36529774950155136,0.33892901758408456,0.45746883668769045,0.31737247839007887,0.3265607702109893,0.506640928151067,0.35362778295745223,0.3956827766099769,0.4369122874049312,0.42569357000736024,0.34793842733997554,0.4156889240640947,0.34591108878796484,0.3364006038835006,0.39402535155013874,0.44109740981670564,0.32058194908812887,0.36807650017836113,0.3322277602262474,0.38097831057248854,0.33946572575909345,0.31222989383989874,0.4868036074857361,0.38810726082635294,0.37480648113444265,0.2872944159580817,0.39781769808715894,0.3279524030565718,0.42376920271212054,0.43342352982319754,0.2568536142718948,0.38949136728560535,0.3472237195444773,0.4211203111268065,0.39100919589249633,0.39916362906934255,0.38508214717492484,0.38313669746219664,0.4100070768810325,0.31033573242029744,0.31293696421537015,0.2972603657196642,0.26562968311651197,0.2955020138320723,0.3282094285190838,0.45174956397686794,0.42038318615383913,0.5679595893893635,0.3990463946905879,0.3556301897512596,0.30179657006868077,0.5230201174677823,0.4373034692678627,0.28523769730239323,0.38890242624441634,0.37649146398793254,0.4069104244943624,0.3200828266170454,0.3047016157335792,0.3989880329530809,0.5158804765748132,0.36846417313428803,0.3571984575038472,0.6169672860439864,0.31463415999913275,0.34925220307815313,0.4667867278358539,0.3444381546529511,0.36540301374035283,0.3717803295669921,0.36211056677962206,0.28871063066844865,0.40348550057374083,0.43813872100931317,0.30006262664331346,0.45492927685935747,0.26471965773029765,0.4911444965395716,0.3039969258010731,0.40563886515365444,0.29090530046002194,0.511503633739013,0.3483075063131462,0.5845821594231806,0.37541362780843995,0.5232859232018379,0.33506891849868137,0.4059731084125829,0.32023661132064196,0.28103644056191557,0.36669648420842044,0.34942593920113335,0.3242406437266117,0.603551582312479,0.34185145814962387,0.37094522003331226,0.3572979256524454,0.4224271170909583,0.3270604769224022,0.41958862903609007,0.30919001596576123,0.520251915183944,0.2589289156210759,0.43044004841898087,0.37065785077791913,0.41850227024690273,0.47577236713288534,0.3173297060247415,0.5083800511888793,0.44736984533611956,0.3493890841751414,0.29267653146278044,0.3003991045443569,0.2318641629709652,0.35274946776844956,0.3180024067822453,0.32195746715442164,0.39163414668330176,0.2673437738749081,0.3394492109731223,0.4997785835395428,0.28738416670708816,0.3212403241772693,0.3689969311688392,0.41641246331667736,0.37045950296308755,0.5324098008834113,0.2914846048814042,0.32294042106569915,0.3127303004005833,0.3545408137192073,0.3697546111338219,0.5015656813904155,0.43427443446789776,0.34987005433645096,0.5580047942001688,0.2658416247676351,0.4124649302078894,0.2992566495089496,0.3448356786447885,0.35248393498770614,0.3317463059107632
0.3768216965804506,0.36480147144795766,0.3500307638607178,0.2580144660658634,0.31047020921273577,0.32802673775894614,0.33377934365167833,0.3862161385097247,0.0,0.34478606849919846,0.2830079257158374,0.41118374742540226,0.26983709847130355,0.29912654590031323,0.2993580074978632,0.37703605898054143,0.31614643596402564,0.3013412731022384,0.401631770760316,0.3902043331792282,0.40501903542168405,0.4259841777829828,0.2906900945205168,0.36421805431734955,0.43864891279799745,0.26344226338972454,0.24825281718659634,0.30085025656728914,0.29755579431297935,0.5305983659510756,0.5523469442352338,0.3666890766144822,0.27182836205007926,0.3450893544664624,0.37790855431857656,0.31996424974515936,0.3522397845593461,0.3847102950752954,0.3281646891938918,0.2908993208391022,0.2767063307794356,0.418112519864599,0.3590880570625536,0.36757987178491497,0.40047014657334234,0.26382317893530793,0.33214781633994217,0.31270125683680017,0.3861683192946353,0.32044924191047147,0.3254952812229132,0.3167056582291008,0.21817060272799638,0.34578575473384215,0.3249622492525248,0.46185114685135037,0.3466079594554237,0.3664071800049545,0.3009194465020251,0.2805982087997673,0.26349907490924884,0.271662822789563,0.2743749840888385,0.32190893047155905,0.29495037326027057,0.2563387576421528,0.2683039040749501,0.3483499464644523,0.2955081331272957,0.40206602435521566,0.3858183263009417,0.33000694698947236,0.3008819117420407,0.3217819558847094,0.3032990966238122,0.26901884617683847,0.2790352638876205,0.29223737104655645,0.2851766146480993,0.27643113629380694,0.25871376510273014,0.5139576247647697,0.436957087831865,0.24759402871251707,0.35194129177737127,0.4136358818789457,0.33044921591061777,0.3326709563202577,0.287012771455535,0.34255263873635416,0.3378297860424032,0.46857481873288126,0.3160278976582065,0.26987792883872214,0.3441691127491659,0.4387254925454269,0.31769719713033684,0.44177366362152337,0.3539063746272805,0.2905245283049819,0.33274136519455305,0.351979290678245,0.30482001521186014,0.4049530529322683,0.33310711591015446,0.3109536932420232,0.263943918057991,0.35886712166979057,0.2484773333403257,0.34613054075209915,0.33034242688783677,0.3210635735334042,0.2999038339459916,0.28915003201541356,0.2472936148788914,0.33602898942350723,0.29932823881302445,0.4552157279025238,0.2771085463513789,0.3125213188090157,0.33601224326548373,0.31142587118627113,0.3395220800859833,0.3632190775441002,0.3691080597813187,0.32240918294797405,0.3185838394351129,0.36407760050179516,0.33658613157481293,0.28409508489919644,0.4871244613399418,0.3753726552569113,0.27868309419503606,0.36403035948869156,0.3361318375599644,0.23794999989284213,0.38705662613432656,0.3093128539276047,0.3113040682136144,0.4206878519655406,0.2342870274257849,0.3813384185513671,0.39014683346948476,0.3240869961578308,0.32356553338674426,0.41645518613376004,0.5632465845751198,0.23844346784044831,0.458801395142744,0.2740959226106071,0.43211934280910574,0.2718651989115903,0.3486470698300052,0.3256982487163316,0.3868617110562209,0.41228998022053404,0.2816515557283762,0.38160555832080256,0.27906262759694594,0.33140312122468657,0.2139431149744132,0.3918034221816334,0.3268503759905037,0.3610040479640452
0.36410864697748546,0.5532541890393655,0.6697097380712592,0.3376806782555806,0.2819398762960354,0.4129931842214464,0.35453429034350514,0.6392353483136974,0.34478606849919846,0.0,0.30937130342377644,0.32423181297877157,0.48074757431759474,0.39587635755195,0.33918740398478386,0.49242812901978456,0.5523554448771566,0.38957077653855776,0.35228684462368937,0.35007915210083224,0.38434963989062193,0.41270962735345756,0.3628569300385268,0.34960758231246253,0.43038717925841746,0.3344480343767795,0.31714706136577225,0.6211337328239968,0.37031017888304363,0.332977753616875,0.38737622381911246,0.4202314418077223,0.346396378654938,0.3892279412047541,0.33143644942400746,0.300874083466774,0.3904195201746259,0.36877115098048024,0.27671048966885836,0.3724496328924751,0.3302679726151725,0.3550712190919284,0.3133542625689197,0.29782413577208566,0.513252576614126,0.3912251630485344,0.34266290743053557,0.2757440503759515,0.41571679834037667,0.3015911017044207,0.38317798596188113,0.4270627286764907,0.23837461526428036,0.3978363231669469,0.33964235521931174,0.3962194481045303,0.3548959938704642,0.3365706142478291,0.40276557648355965,0.3877823390150186,0.46334720905193355,0.2886343076019747,0.29853692994152276,0.26881893651551203,0.2491222061857302,0.29146385571280725,0.3412910300596934,0.45803870281600984,0.424812666841537,0.5029595402478112,0.3918947769829725,0.36860395367091703,0.28689774606973806,0.5233122753338263,0.4280585415700465,0.2839752590810648,0.3928899651216508,0.3705452778726752,0.36423343745590936,0.3371040355189959,0.3147099403921858,0.3451849809468031,0.5092415753734457,0.400770475886919,0.31267129398464055,0.6098275937752644,0.2936825789869804,0.32296515771996953,0.4480362053889962,0.3342764172899744,0.3243209549810168,0.32890683164013274,0.33993919252334914,0.2817293859126849,0.3554020151621388,0.4060042215606573,0.27966293972077017,0.4232908368586556,0.24268706114683278,0.5933671964242966,0.3136920079045652,0.3466745943438469,0.26493923224182014,0.42542461392970754,0.3182395317873717,0.5447335433501955,0.36882774683693537,0.5383466012095065,0.3422100731067469,0.38478661763631106,0.30647743130349087,0.25434053613325236,0.3609634556513731,0.31990081203949,0.3305859915540775,0.7024385642688771,0.33574007813094386,0.3307393780506328,0.3686050120468086,0.379082081455764,0.3059977258249567,0.35310733659403154,0.2939818459549802,0.5248860704360477,0.2459230218598913,0.4753567198224815,0.3489857859749852,0.3899034971570958,0.4681107511301101,0.3245632250274111,0.46086280064815527,0.42389369734168864,0.33859805399253323,0.27425190890670115,0.280219261942157,0.22888710291608771,0.33872449066314697,0.3146056750521457,0.3255003829543217,0.3326564935176658,0.28550142423795827,0.32491711176596855,0.41984313619200303,0.2579942685564428,0.30354120530501666,0.3293448405851229,0.34190017201615464,0.4036426757926823,0.4896967833966439,0.2740006385200699,0.30013139843896963,0.2881998787186329,0.318719492810553,0.3558630134814856,0.4127698451428821,0.405637062453384,0.3555157920282948,0.6135380348397598,0.2772857469315704,0.40378561358877624,0.3517033214356585,0.33845360364410115,0.30704189280741767,0.30790769770658444
0.32752793820664594,0.3589777970920538,0.35384889479582443,0.41839010644713953,0.37890725183383617,0.2708752099378153,0.414570933885913,0.3009685814234587,0.2830079257158374,0.30937130342377644,0.0,0.37469275192917323,0.33544413300017034,0.41408502555220095,0.26774474249311336,0.3730821598219007,0.3456888101352731,0.32908446262133584,0.30602568121724255,0.3369953678416023,0.3890347766568185,0.40653437699115685,0.4028307774212355,0.3821343074548066,0.3721251869436135,0.54355661696247,0.3176835190898214,0.37091165482428073,0.43451257523195147,0.253241710528279,0.29999962437644134,0.2897398462976209,0.312690510553625,0.42328996345087505,0.39795892592222243,0.39481876696646184,0.4707320046254828,0.4071351980401087,0.4396983800705803,0.334546452779402,0.32577577210280473,0.3449638346491469,0.29116816690170666,0.4308595870599687,0.3982573546451646,0.2751088058395,0.23254699403502202,0.46855251182094393,0.4749142459771184,0.2823994777415144,0.34352554372066657,0.3248526078556684,0.22613866688246076,0.4765283586140877,0.4524302326294458,0.2952430604644586,0.33360998239315126,0.3450295453330381,0.36951791949300805,0.3358451733738352,0.38716077994418446,0.23457527446428927,0.25920131723873824,0.3881373925397101,0.23482422252888677,0.25553671508088244,0.5806161416200366,0.35361554601283973,0.3505359367802025,0.36235827783892055,0.35049231710105366,0.33364976230402615,0.41641428600233293,0.39162739084720516,0.2897071364533527,0.2669902075370901,0.4866092621501491,0.4813367933119922,0.31251578847169487,0.2830967196996036,0.26129002809586344,0.3346721591622386,0.3063764514076487,0.3356777633967639,0.3236478200176003,0.3624079461011767,0.41484826992125856,0.2974214665942048,0.2501585311412141,0.4244776080103945,0.42573009942824097,0.323359167654363,0.3161948108672157,0.29301918009980793,0.3984855963701066,0.41766459233408226,0.26665130122110553,0.32607513806795,0.3475052377138277,0.3200104415735771,0.488036440305787,0.34514360326657595,0.3578154182241872,0.31838947467188333,0.29655206842626713,0.2859145993107258,0.2570017718276664,0.3611877358957348,0.27628836383060157,0.40768053139199834,0.5229569623058773,0.3901348155432072,0.3537346451620029,0.3784752995575823,0.30257297464052746,0.30897027121363857,0.2540435856430266,0.34831555325347296,0.38760164295219085,0.42712228549758047,0.40097561775041773,0.32782120235105283,0.41506398264473726,0.3589402794228273,0.33555256949324014,0.39110491013941046,0.28416748694946853,0.4105226910467514,0.4031251574138579,0.31186171347315716,0.24422695416922574,0.3082535786237201,0.46006980122290647,0.5007861029565387,0.49096889872881117,0.24178792150709766,0.27544039912182183,0.32861711831127854,0.38604337654718296,0.3236500975453591,0.31680360788787193,0.39897758270887773,0.35239029535292127,0.3776008748639287,0.6410691133285169,0.38188517826961904,0.31239379475377943,0.25392277194347046,0.3348720821804626,0.3119907660428456,0.4346334439888194,0.261055374915045,0.42943046997377793,0.26402910865793466,0.36166293125682125,0.46604408493050004,0.3371363686765411,0.3375138374436412,0.3820158837855297,0.3232998486147376,0.25451541965226987,0.38020348495134054,0.3358629348738604,0.5614052253357893
0.30877778539395045,0.3460529604799521,0.32917556363397826,0.33481563288957605,0.40941710551919264,0.2832666231174639,0.4419126534502038,0.38688665532465866,0.41118374742540226,0.32423181297877157,0.37469275192917323,0.0,0.2539745443589041,0.2784413948425476,0.2731362840952279,0.3473615813710114,0.30710692309955967,0.27933876087579823,0.36091234625392987,0.30862065062747285,0.41524766981870037,0.3435299201602184,0.4377347444906386,0.31920842856538356,0.43816802831871776,0.3576095673700755,0.3521184550967401,0.28610191105999166,0.28580955753537696,0.40550517831713484,0.4022125448319356,0.3000511097061665,0.28365642974121263,0.506759193935729,0.30173153455119195,0.35600074194920217,0.36952708192450046,0.36924989828256494,0.4136598983301511,0.2821762661343289,0.2739155746914946,0.5130981259444531,0.3082692570535076,0.3296898935055381,0.3671464812622025,0.2705959461307247,0.34390129584772855,0.3013249146367214,0.38461127972767956,0.28515298701239367,0.34433635985787625,0.30977962098700124,0.22162180668918735,0.3374842261795924,0.3471575362688756,0.3620208052890343,0.3308732830854492,0.4899537357104411,0.28819170129075466,0.2895656728608501,0.2501775346218997,0.24989586008444592,0.26148878014380805,0.3771102374409016,0.24371711790383296,0.23975862243967325,0.3288536542253992,0.32282927615089463,0.3022333417450935,0.37373341953481887,0.3188149206692185,0.27131002207485344,0.3303017179505413,0.31232399880553474,0.28697721161771755,0.24690034581894008,0.35889849882780855,0.4660489067399576,0.29336831835296834,0.23880415262746774,0.23037980598253738,0.42241311522976255,0.36235343835971406,0.23473926761489747,0.3522868573646935,0.380450254337588,0.34837442494791954,0.3155270074980816,0.2864880577480981,0.4359321602388805,0.4282455755765999,0.46450872240463903,0.28583214980345517,0.25539626103619745,0.36311935426187414,0.44112180909538223,0.2663539668526477,0.4478326098210882,0.3737492307122763,0.2804465429677251,0.2877464092122973,0.3782171356880042,0.4056957417543626,0.43732031892826045,0.3149083309331972,0.31800237921901187,0.2723621106623322,0.4010563692131302,0.25412250270803527,0.3824153619637708,0.5208901826158162,0.43542318976271643,0.28393340699735614,0.4470019139775114,0.2449584217424901,0.31934925550705706,0.25593674566944896,0.3791008864052323,0.2950960619419587,0.43049407711550636,0.33108550590883024,0.3493409446533127,0.32616387802020697,0.3416184525699974,0.2689930931247457,0.3107155724411203,0.3089889315190241,0.5159544229980858,0.3225182142830033,0.2496153620689066,0.35044727840023027,0.30711222662603055,0.2905256226422837,0.4544901536464579,0.32118730527524575,0.20254790223164693,0.2927418141953138,0.27025724730750067,0.3179926613749752,0.3856018155564539,0.22093856947520488,0.3671834586927255,0.41152963021952627,0.41041350096594176,0.4200586051803905,0.6031925053061116,0.514948511028172,0.24380893173623835,0.4160023703263722,0.3571579960170315,0.3623159293606122,0.2779122638671855,0.3831646219661813,0.30818048368153445,0.4836151363391688,0.36831596683143086,0.2665987522972272,0.37152876130492707,0.23784132004877678,0.31016978871297285,0.2047200289360498,0.3052523910201025,0.37414487918068035,0.40098151749445204
