0,1,2,3,4,5,6,7,8,9,10,11,12,13,14,15,16,17,18,19,20,21,22,23,24,25,26,27,28,29,30,31,32,33,34,35,36,37,38,39,40,41,42,43,44,45,46,47,48,49,50,51,52,53,54,55,56,57,58,59,60,61,62,63,64,65,66,67,68,69,70,71,72,73,74,75,76,77,78,79,80,81,82,83,84,85,86,87,88,89,90,91,92,93,94,95,96,97,98,99,100,101,102,103,104,105,106,107,108,109,110,111,112,113,114,115,116,117,118,119,120,121,122,123,124,125,126,127,128,129,130,131,132,133,134,135,136,137,138,139,140,141,142,143,144,145,146,147,148,149,150,151,152,153,154,155,156,157,158,159,160,161,162,163
0.0,0.3509051089537118,0.29034687079760774,0.2754160767297999,0.23153036487577178,0.3044206489716574,0.25414049883883616,0.30435421135420065,0.3290024933548357,0.3447670519361216,0.3538353757067473,0.25679865126139056,0.4495399219416341,0.28338293723090546,0.303183630257065,0.31537392010121024,0.33661576735021476,0.41076260787748076,0.2946001614887463,0.43357900637754077,0.3002889783495156,0.3351641069760174,0.2788788652316458,0.30155605182102424,0.38742474299022944,0.252413491269148,0.2439858171893254,0.3171989562848859,0.3040648651300064,0.24153678060232653,0.30455780388452175,0.34702598021530584,0.2711304647679462,0.25445755988792984,0.37273530844396074,0.2582135417075192,0.3901184246502891,0.3176726111960371,0.2423356900610625,0.3747081322466087,0.2554067220052958,0.32694710310271974,0.3089859518024616,0.30774571536317186,0.31631548350113214,0.3296362166610299,0.2299850416483263,0.30083343536000345,0.36056697817985073,0.3202730361561986,0.3261435789856198,0.29093111689374695,0.26736699797652047,0.2995818820109144,0.30029086367302393,0.33355063816892533,0.3962919766774627,0.2696840562439428,0.30268732478458277,0.29770965304297153,0.3365667393129323,0.2211936062596609,0.3210780343750591,0.22896238420502865,0.2895853672692158,0.326605410312865,0.32152134899649604,0.3069857535875636,0.27168559426969036,0.3470749556577464,0.3776173175715037,0.29444283493948775,0.3329364600792532,0.34536981367246994,0.32547808391117145,0.30977712748210345,0.2561761248729829,0.24764385016604032,0.28718395186011536,0.23017765099414156,0.3058161166630724,0.3195091427107533,0.31079796285311795,0.3254137932976188,0.3249465349190314,0.34542377734905455,0.34130319523521874,0.29794926046239445,0.2997839781720133,0.2831748166280117,0.3039189840597096,0.25221857629426353,0.3259093651886507,0.33901984123670387,0.3389536253976013,0.2921221203131068,0.22858556866483243,0.2605187576168136,0.2280472887628904,0.31162927317648137,0.28130114122511884,0.27153439294617704,0.23020877506078144,0.2295807710347541,0.3291434129720291,0.28755666197219465,0.2836514978674482,0.3580632711415013,0.30300961527704384,0.3020543504677511,0.28412027912372106,0.3097909032734927,0.3288131563513516,0.2526759442576888,0.3261341641834087,0.3353932694573978,0.3374935130134367,0.3026238038385094,0.28862157759394436,0.23794509905888134,0.27399113762688615,0.22885060626100553,0.33068705564704326,0.3358905658879346,0.2978592676524884,0.29153781227802444,0.22689924601646663,0.23341169977292353,0.2851006379320745,0.3336613573352305,0.26898618657142875,0.28543969625416565,0.26781911713959894,0.2955293559424369,0.30869724185027353,0.3016765670891907,0.3225283394704657,0.3300009245825768,0.3368128971608333,0.2996460401678775,0.2731293612370365,0.29842250508265455,0.3238125478175916,0.26929450982750425,0.3216825210616015,0.27983453973720085,0.2741366238821647,0.25345270231865624,0.3780055017486887,0.18392353974444242,0.37094853843015096,0.2956112047656649,0.30129675536222583,0.2358070590530983,0.2816960411730411,0.35446727064245204,0.29419669969292167,0.28904808425041856,0.32523332816566414,0.3050951798528257,0.2704795886266728,0.37127691628773046,0.21819588168389784,0.4054748817202862
0.3509051089537118,0.0,0.28299977465617543,0.3059182530911841,0.2108354978987704,0.3874178399120133,0.25273079606033977,0.39875476180721203,0.3206097929959804,0.3995627110602944,0.283186240274936,0.31470391745929044,0.32087672651020693,0.31121531700929855,0.3036924584413947,0.2996634368630965,0.31734144222664207,0.29463510027725864,0.3408848983703365,0.35637960641071986,0.32538199151206676,0.3295358060064482,0.26487010326854515,0.28500481025576363,0.3755141371329587,0.2606340635417946,0.2389685382934809,0.308772090476725,0.40488348531767326,0.22869503158221208,0.37922128923421855,0.36026490352248797,0.361524479652311,0.28853724736787395,0.35843828001623634,0.3087487953536985,0.2969592431119741,0.3487920756777911,0.28244210445528556,0.34697870584716306,0.3290434129257505,0.3200780112678425,0.25665910125479074,0.2974635312808869,0.3791394679551599,0.28788630190367287,0.2523101324263593,0.2530955149606107,0.31346805733251454,0.31584497117598337,0.3166063887911218,0.32881548683354794,0.3286620160182079,0.36527809270057227,0.34248804894639845,0.40268481553898516,0.3621232227857207,0.2839547260878579,0.3007470044690992,0.3275012320419794,0.3626199976494646,0.23355739163886186,0.3063759819191374,0.2313161345313037,0.28065887299654996,0.3099951505179712,0.2946035169061796,0.26051801929074586,0.23927532390788558,0.3526247847415407,0.3292920606390666,0.32397912615186086,0.2861014543292807,0.3347829215236614,0.3760567587029554,0.29749178744439936,0.2501861990504541,0.281735146854145,0.30711152666170866,0.24129390988986918,0.30151036871010606,0.3314914747261933,0.36314068074091815,0.3264805751308655,0.35142082780513123,0.4567403272253569,0.3143500613959495,0.2709295336186678,0.31087258086286335,0.34672943058194206,0.2626070492172491,0.3033528535339612,0.3203714959363554,0.35334062260540106,0.3493324910485972,0.34692261303993455,0.2976764997383681,0.3299370089792316,0.24493657273440414,0.34492467537730404,0.29455831647224995,0.2543891471472458,0.22469101876185066,0.2645557263618349,0.3328916100065646,0.29201815524736624,0.28975834237507103,0.39126518992888093,0.3014161716960337,0.2933049247725945,0.28988094904350636,0.30543026319429584,0.33129530568615584,0.26969410818170597,0.3785657246965061,0.4070219229288336,0.3835239217236402,0.24845553188097946,0.2934866079495717,0.2665610964267963,0.29133740866586405,0.2832204418951471,0.34365017923159646,0.35206869828719384,0.31677019774738036,0.3729313835217378,0.27369519531711833,0.27008014487312176,0.39360849590553204,0.3093863018922315,0.332314520358302,0.30319231139849423,0.27185993827283444,0.3931218503323558,0.30070571234359944,0.2743993859979183,0.29775879352863777,0.35602456256234827,0.3226147770482406,0.28840997752155917,0.2835778220936066,0.332303682945764,0.3870133581962631,0.2943940206526154,0.3456034890329399,0.2857294582253423,0.32811664657491657,0.26921064344053136,0.43260027341053253,0.20853008765436573,0.3331880954554297,0.3475001378263998,0.2620160935614491,0.2537242453515235,0.3148787385466129,0.3252211484816383,0.26356842894378596,0.32823449454016485,0.3040891540080646,0.3112616382415409,0.28524520357417954,0.4272838617051439,0.24468671457821892,0.31032449888359903
0.29034687079760774,0.28299977465617543,0.0,0.2573632091226867,0.27851257111485545,0.28903452666597934,0.24189678531782768,0.2940453106953298,0.2764639451806058,0.33424861552937,0.3027032445390628,0.26148397024649817,0.29906105781315967,0.24000149557766565,0.26341923765162,0.39027094985612626,0.37467992074031214,0.3003363293106268,0.25171918613345645,0.24569535096385592,0.3947230275633052,0.41735814339493477,0.2351944835590854,0.2886974139420791,0.2796625406157161,0.30416403849037893,0.21877406440503577,0.2585271418452433,0.2593700455588407,0.2672348752195024,0.23371982999055277,0.29802121011051663,0.23810923591187766,0.21834256054873533,0.23301920164018436,0.23730510550026881,0.27113058187401,0.28273890067495416,0.2364437376655586,0.3356746131104406,0.24833165141497038,0.3712717869695755,0.28946735624044573,0.2627862910356566,0.2735709546118312,0.25694329061934457,0.2712337188116843,0.27029278650756605,0.2800760334381678,0.26960238623202554,0.30619680631449975,0.3378618672410191,0.21860597919746022,0.2971868822490197,0.25941267576202154,0.26713694278529,0.2889561876280627,0.31638612917323894,0.25797623289019717,0.23304554996731755,0.2510373755628127,0.21242862443891408,0.3584324945774439,0.21288297732045194,0.2488032176103348,0.2620273351652632,0.23569414477588574,0.3166543795395113,0.2726143697688952,0.31389622255610394,0.33626427361597533,0.22290832068291194,0.26368022570609234,0.39294750680930296,0.31172491676847536,0.1985084200148051,0.29352364333031816,0.28068525225711416,0.23538807344106244,0.21195793813322455,0.2929008785744252,0.3000289319892666,0.34126580340253543,0.24777438264767418,0.2814349446606676,0.3215936678967615,0.23772143303614793,0.22095510301462143,0.23404775636206415,0.2229885131831937,0.30850727065677996,0.21084341029532835,0.2738410727165308,0.21803492249450707,0.30665832735384624,0.2454052399172504,0.22009028967362168,0.2549927973885808,0.20582762904837051,0.25071399493253227,0.19001544330577502,0.26443690890901866,0.20611731532065722,0.2325651796491724,0.2621737313934426,0.318208141410903,0.26793691175113266,0.2982769003462984,0.2651626746553714,0.28984852265249894,0.2692434677326811,0.2539609721478124,0.24850267931110975,0.23583402766067288,0.24160253044997004,0.35953706237556243,0.23847882765207037,0.2802587260086409,0.3012893500501804,0.23756601538261188,0.2891669180120134,0.2240538392044672,0.23800842828574328,0.3090914986635567,0.20725078629617455,0.263269826215512,0.23551249434116533,0.2540432250635081,0.27915779973269705,0.266506018971358,0.2727478454588383,0.4546231922451126,0.19274390199863936,0.23677918234539358,0.24635277860617125,0.23269237046149813,0.2287130042876882,0.25755195115057444,0.2920250247026439,0.24242164369570465,0.20628302730582004,0.27079949983460155,0.27294764457215187,0.2722013826008553,0.2626861301671501,0.22656791882411353,0.3398793897611064,0.2593554704338083,0.32247603230674765,0.19396065882555896,0.22956764834716367,0.2195759089814403,0.25569848147960006,0.29434939336964916,0.28526623223297876,0.2534618266160274,0.25035704317362284,0.3351287709230881,0.19687511947300773,0.27521566331881264,0.27871909185048244,0.21963601740113461,0.2323639752905577,0.31471448283325126
0.2754160767297999,0.3059182530911841,0.2573632091226867,0.0,0.22063451234106973,0.26001713177145014,0.3138970239073836,0.32865753971468487,0.2590145591878727,0.3417789833085208,0.2645085007809991,0.32853125076045203,0.25167185656965885,0.22911881191256453,0.3115131231446499,0.24983260040577007,0.2868415248298086,0.29155630816406997,0.33913660570154613,0.2576134705022825,0.3327564616737467,0.2620366452202688,0.3014697387405215,0.2419761426179756,0.34850570370000133,0.2536191799602451,0.25723005916743874,0.26757284851274993,0.2575747217697781,0.20956438355290616,0.2992294680418209,0.2704268921178808,0.3887736263529589,0.28690972268425424,0.26830006685984586,0.297499671462279,0.2688262374340772,0.2815609175076692,0.27841595727719665,0.34758324443134164,0.2814177387818714,0.28822352483704644,0.2690971163453989,0.2846571480457433,0.29965100272987766,0.29617090585619804,0.19998132216604284,0.23631016844303637,0.3108133482684954,0.268577993607219,0.3491076060535657,0.3030955876847936,0.27078118989020666,0.38131925704992037,0.3251748603742375,0.267017236454343,0.32825859993096534,0.30146533238052386,0.2970335976414891,0.288862674907161,0.30320586902851476,0.21776347452526953,0.295546140156668,0.21779142881994004,0.29518388148232627,0.2921810269888607,0.2945241406166953,0.21824901555492207,0.2515430808490719,0.3034664142445654,0.26833518171611054,0.2594691405799977,0.2631781368206838,0.37355630227254144,0.28473831425630336,0.2288918076438902,0.2966991092111472,0.2825446828663958,0.27444564865824395,0.18440244945583556,0.24248169507931094,0.3935612926405495,0.2623155883612954,0.23706580611999478,0.3935588189190073,0.2892735532705485,0.30657892858042607,0.28801687853972635,0.28842852462671337,0.24941172629808822,0.29187355343351945,0.3067218315981407,0.26769896155532996,0.2543115728334171,0.3584827616547245,0.28045315525157194,0.23566112865404001,0.31958892045647325,0.23549985472550677,0.3004318951485618,0.2344626323760846,0.3159774784445787,0.33022930183583077,0.3143138494917469,0.29518075582691605,0.26449960793323607,0.2964501340522289,0.3021216349799069,0.2699637237778706,0.2516593383553144,0.33268044100014105,0.3183818005841772,0.29341753740249354,0.28653465003701345,0.28963482097657184,0.2675412135513375,0.30673450149502507,0.2525291007832137,0.30140329830248075,0.2642916868588551,0.2555035737715241,0.3134317355302684,0.25839670941271947,0.28465297349965585,0.2268346122251471,0.2711400328685293,0.26450498553944785,0.2529092268987327,0.320119509339325,0.2858960694797808,0.2404159585692141,0.270488401221567,0.2360056748076858,0.28745962985177065,0.2728076800664641,0.21488148099484825,0.19996707269354944,0.30163160239339126,0.3307408759501537,0.2994235615565413,0.30430931678128886,0.25087233110723356,0.38737390548813183,0.3038959541045958,0.2707973846518029,0.299997629697377,0.2877133527809264,0.2559598901934112,0.3043864925100233,0.18658794603430437,0.32192844254457087,0.3221674579641837,0.29000778941728017,0.2412127976792114,0.36076848115169935,0.28140742943699765,0.22291655731037222,0.2888565117875326,0.3219144147311856,0.271972558287698,0.2696327277720968,0.27151385571331066,0.28000509301521115,0.27465297818522166
0.23153036487577178,0.2108354978987704,0.27851257111485545,0.22063451234106973,0.0,0.1952453855352156,0.258998386153021,0.20600736108595913,0.22428399982662348,0.23354345056657208,0.25939030803526814,0.23178583263537353,0.20319706196136653,0.19452009184300265,0.2526906389084912,0.2521387332030053,0.24944549934102303,0.2512171449745776,0.20767652328665595,0.19352653550293644,0.2733801368020287,0.2721823793065394,0.2704232616679491,0.23353193010835963,0.22352663638613304,0.24080379085701345,0.22425352979915766,0.19020842931460957,0.2111938830994379,0.26329135508983054,0.21427416433952778,0.20419176758990512,0.20691475716454555,0.1864052071327132,0.22609160885792845,0.23544453509600327,0.2190388160114467,0.22416432536580178,0.2283415766751705,0.24779300874701432,0.23045852622429722,0.28511014682619873,0.25854474665948024,0.244294413113553,0.19858178659894982,0.2125258747064311,0.24651706113242858,0.2461040620589867,0.2458836297831103,0.2464202813682235,0.25983422287254054,0.22250074041224016,0.20272117643443488,0.2258641754099134,0.2293928298957808,0.19906101828942124,0.21975884157081935,0.30428696887219403,0.20990179008814389,0.2083262516621655,0.17346100354916602,0.18745887951398493,0.2366952478012368,0.20402423926321753,0.21863676550401723,0.18335208845665033,0.19095251534421184,0.2207977265543104,0.2167150919494564,0.23634932513473839,0.23159032412056085,0.20079514959251815,0.19776715208866652,0.2415303351116368,0.20397079111237534,0.1668823757356874,0.2241895928321105,0.32461551342840744,0.19433633094603683,0.17847013998648842,0.20348424420216277,0.2520849172906798,0.2532928446135284,0.17194017073976833,0.23256176157022643,0.20758445094765668,0.20085622749727217,0.21275693016072744,0.185262117718878,0.18342347666555214,0.36418097490724693,0.2228192786871713,0.27855266903024173,0.17086495543400942,0.24002678226861102,0.202112488006746,0.16078217789363686,0.1944992980456799,0.20493871964169635,0.18640961762752242,0.17440357935654716,0.21563782062385062,0.22207919244868568,0.20222657098345964,0.21661723903417088,0.22791323404961455,0.2078946681576058,0.2399207096636993,0.24581512388548518,0.21297475577890077,0.2292922154963939,0.2609255680197893,0.18710026875484603,0.22598750756202687,0.20226706493646368,0.23972416305844424,0.19253268974019827,0.24094271391212446,0.20659981187163348,0.20701444428915416,0.2900444937227852,0.21066768518498832,0.18720038008067685,0.2436048586538777,0.18944355372421143,0.20228140854569623,0.19780275707713177,0.22654180201702923,0.20115249128741441,0.21877693288936872,0.2014119753939367,0.23505177484107748,0.16140216687233164,0.21061707718679945,0.1992697647041701,0.20052948464684225,0.19060143412528596,0.26250634494665676,0.24140997509251286,0.2486590249931095,0.17421700520273967,0.22022392787734638,0.23706510136827866,0.24394067268157976,0.22928314967588048,0.22234919516899365,0.26372355808500686,0.2186885677522002,0.22338975148027135,0.17111782487175983,0.20437563630826688,0.20376378873866202,0.25099670760863857,0.2566027068701367,0.23997747388736068,0.20605960044008845,0.18105262354492177,0.24781534645902703,0.18793412883907026,0.20736279435172908,0.19484001076357943,0.19550919487698648,0.2122240682244034,0.28463425572224005
0.3044206489716574,0.3874178399120133,0.28903452666597934,0.26001713177145014,0.1952453855352156,0.0,0.22885257228856065,0.2962749837874239,0.23990275370312503,0.28280516782446746,0.30879314409447395,0.29821742093102666,0.37558985089291064,0.22808618207036185,0.2627415880651586,0.30438695537246374,0.302372904010449,0.22266677200923637,0.25950196433811235,0.28910188846920587,0.3025633680835641,0.2956947964464943,0.19768246076869048,0.2641103251455974,0.29035008351471653,0.2538732166450903,0.1954776071880981,0.24828509556739137,0.3331031867524445,0.21242145859648767,0.2661297360288557,0.31965941510552404,0.31370586344182866,0.2294996431656518,0.27507594709164007,0.23289391825816275,0.3093993173854202,0.2587772569780599,0.23941305711274163,0.2706821853440006,0.28556011672636167,0.27166796179508407,0.24005037672724766,0.3276019811496843,0.2670392841015717,0.2402627683643623,0.22993346717731417,0.280569166380497,0.22606672825242954,0.2628806233515763,0.2762926073612128,0.3640530310039553,0.2352090217814803,0.31638140617085236,0.2722616763252112,0.3329830790292706,0.28287956967714584,0.3038867737361133,0.21436991268856673,0.2413979960053277,0.3524256415742754,0.2135334725465984,0.32504960817571454,0.18191266144739945,0.21583331293052102,0.24423798444058964,0.26037280585358785,0.28346175895504666,0.19666443339872522,0.2642835493537573,0.3002357171824172,0.22712905212341314,0.25797062011221344,0.29330470712441437,0.3083810745067638,0.23539629405086607,0.24877498242887786,0.2515948063629119,0.23893131010484633,0.2829534667782385,0.33231900030319,0.24752711486432205,0.30714147319660023,0.3159556905995551,0.2623657636067707,0.305763507867887,0.29649904676514366,0.21088568603669425,0.25932752272123594,0.2752242869678598,0.25821436903792183,0.24622339388479028,0.2783825657315865,0.265589579992649,0.24917740618272305,0.329701111651883,0.2352514312647427,0.2762019240025283,0.19174568455363883,0.2721605081245308,0.23594844899734752,0.21247611054705481,0.19672175518319948,0.2149097134218703,0.2636351997108489,0.30811263756649854,0.26358263799420406,0.2888198001695832,0.2500293340310739,0.3062223297847959,0.2738792838204061,0.22686696399742917,0.33253787053508255,0.22446409804718662,0.2807902259628038,0.365924441593052,0.28235815482714144,0.20830000663067863,0.36016301095027403,0.22667098371775068,0.2649676998775433,0.2459345613574029,0.3042339669282747,0.3134962555873733,0.27195321116382304,0.33992755214685366,0.23110157178552754,0.24596760368588652,0.30532221908045193,0.23541622652989927,0.2592547509302186,0.32836825273406256,0.2598506270018573,0.28116397262542625,0.2702670616621034,0.24963526216633744,0.29484273047936677,0.2587069368047557,0.2349884261107454,0.21907305485510292,0.2591581064065054,0.27040212163386196,0.2560755921393822,0.2270308142455547,0.2915415446899612,0.22509004231854957,0.29910616392590306,0.2626848719326795,0.28772584541484675,0.17978666132282548,0.25765433431323953,0.25188187691820974,0.20470789397111033,0.23033217974929207,0.28816749760742766,0.2719554158726896,0.26758453212395195,0.34598352962427514,0.270925212027547,0.2808808595782636,0.23182440297015744,0.31465780250278746,0.1963487412867853,0.29464415733965515
0.25414049883883616,0.25273079606033977,0.24189678531782768,0.3138970239073836,0.258998386153021,0.22885257228856065,0.0,0.2357882170217819,0.22329852084431462,0.2854185476190834,0.26580418256391247,0.36381455504003507,0.2391641620351603,0.21119020204564937,0.3525664317342007,0.23526800530375452,0.25325058450447957,0.2592263844006377,0.3075763054887336,0.2083482291536733,0.3035248942008756,0.2653145861579692,0.33718012047955304,0.2868582110262484,0.3004424188567973,0.2742664780773597,0.2276335833520896,0.2200275330757701,0.26170327152541983,0.24478733497792327,0.2752041484261265,0.28016314383588525,0.3017069486596305,0.2810972432325023,0.23280147386608904,0.25138304903845893,0.29505300670718143,0.22853551116503037,0.3004629185151185,0.3505457189288737,0.28713406719956946,0.28128666355171367,0.3245582604361611,0.30539959322634447,0.2661509337904515,0.27697607953315195,0.25742481433059006,0.2525588011608685,0.3951036586040967,0.2464646863059986,0.3766383570195332,0.2612921525435075,0.21570615625252657,0.3319525155518491,0.3522236751072015,0.2467937024609038,0.2731052797690319,0.27878447243018323,0.2863841761956877,0.23656954858662696,0.21026394829603964,0.2118545920486293,0.24780754268336713,0.21744375267262236,0.2614934551595069,0.22769414756949216,0.25737927916434455,0.27455008294186295,0.23408797348331054,0.2424989530727505,0.29379759197738337,0.2275898464502535,0.2155636696578663,0.324276096338772,0.20116551120765264,0.23196364812143672,0.3496352347125683,0.3127609965240648,0.23859115740446488,0.19699285740918074,0.2456775859533395,0.3115981608289854,0.2760983899049845,0.18348363203433993,0.2720340525424041,0.23517178316104484,0.2316203562527513,0.2747196247931331,0.245306809744311,0.22479440647638507,0.3160208952972799,0.3206306374967141,0.29905035304061006,0.23679285582491955,0.27697430565520714,0.2946954879758918,0.19313226467585629,0.27535862872585265,0.22430622649918366,0.26484590842259725,0.22163513573363666,0.30994031684981505,0.31150223336026067,0.27027082034357186,0.2327107143856452,0.26692592996446285,0.24984653287486508,0.2513817891705,0.309231802301792,0.2702608826810645,0.41341441367395915,0.2761515945132589,0.23150968894813082,0.21920742538001592,0.2399302970871262,0.24379530829615062,0.24596969273679356,0.31589154262745417,0.2714659978263928,0.20957296892501193,0.25835552117244637,0.2402000489967627,0.21513186066943513,0.3294656543303703,0.20213505036255452,0.2997509546931126,0.21920685013410382,0.280156581974647,0.2490407899746461,0.2665308768139199,0.20188819339622072,0.22326811303860586,0.19117209107361566,0.2221071128451747,0.2318373358508587,0.23503727151715523,0.23139083380425102,0.3162982612836061,0.2761768354466063,0.30254865904382094,0.23580013341131414,0.23572228406593762,0.2975839645882549,0.24434248917119253,0.2839076106560692,0.32367097422028884,0.28065287131273975,0.278486643214509,0.25606353323251285,0.16531429631228664,0.2716607601874517,0.268029568986025,0.25379822620296194,0.3088129919239927,0.3571911716750054,0.26338293515590283,0.23168599989772765,0.3051627835093952,0.25920739055444814,0.30207301834038586,0.24403639139851085,0.2312735170296916,0.25377020425074776,0.28261957763193224
0.30435421135420065,0.39875476180721203,0.2940453106953298,0.32865753971468487,0.20600736108595913,0.2962749837874239,0.2357882170217819,0.0,0.3745847553399747,0.3771894151128536,0.25083328340822525,0.3106947516084321,0.30692725054731096,0.2732868233849816,0.29222192243515566,0.2987703586741194,0.3288506372927909,0.30492035399030976,0.3233541797714581,0.327507265039435,0.3359764058122718,0.27355059557310063,0.26892086498331796,0.23953633277145614,0.33379264798430636,0.2619560853894403,0.28510889179328436,0.32096146691970917,0.27294550590753497,0.24465106696821098,0.39768568607913946,0.32136603312918083,0.3293171393465545,0.2788883598404919,0.30315128824480203,0.3098982517248831,0.27995647047840877,0.3823335262800863,0.28553695451646416,0.3449012143921106,0.3053589906456999,0.29330910554812645,0.2811452351256939,0.25701772256276184,0.3951910236176447,0.3139634967469837,0.23782306925000266,0.22799430610826824,0.29985006898385247,0.306392181251022,0.30838465811168886,0.2929631867431805,0.2980862076727434,0.31269433741188846,0.30706125612572227,0.32429483350927,0.34685355729970613,0.3314724763562332,0.31884727227997123,0.3013793864015018,0.38249521003099496,0.23660825104653702,0.3167732049254505,0.24617468214477728,0.27997632042953285,0.28648033226012287,0.30634660548764353,0.23793010056282707,0.28268527975649294,0.40947740684270056,0.29564967496923045,0.31489922772897144,0.29428395280611097,0.35913671500829086,0.3997733535597805,0.26535337073869797,0.2790965067363295,0.26717160873477885,0.3701161904060477,0.2067165617987381,0.28017672143751954,0.35379404018393784,0.3185112579437556,0.3329826493108966,0.42680579344308817,0.45672142001530336,0.3756438269506876,0.31272716550877666,0.3747340506557025,0.30146313444073314,0.27064289466892466,0.30274933647295044,0.2919426759986514,0.2737199907147535,0.3888058163862648,0.2893808422281282,0.3076160615406024,0.3415161970250792,0.25233273315009985,0.3641024090328439,0.2601132156463389,0.3153607791877038,0.26298882314830613,0.3007717833485068,0.3886656259377196,0.32986947968265196,0.32235679550816626,0.3598001148484093,0.3023767838379522,0.24521270327510555,0.24569380576142813,0.33244104622212095,0.3196328839306839,0.3430030573030164,0.34469782861412845,0.35131573623999135,0.38106220265610896,0.2557999641436492,0.2587489316377431,0.28628495595953424,0.2827769730213024,0.38088156003458673,0.27898854365343034,0.30046390154309105,0.2816096452637386,0.29801255575920793,0.27909538669153416,0.27679076135401465,0.34486157329250255,0.32559876161752666,0.3782139496177288,0.3249084090591627,0.2824858611184757,0.31019635807587964,0.27978181245595457,0.23327263021068823,0.2522363523132642,0.3271066186092223,0.3703029088225514,0.3182623328799211,0.27194102435408796,0.2730660647090027,0.4031372996254765,0.33375499831283645,0.3074182629290785,0.30665064197413794,0.349343989064546,0.2882791156413246,0.4178169293068308,0.2155047184972819,0.34346771317401564,0.353982881664986,0.2648163942055643,0.2660788829961376,0.3609899988701889,0.3140130714430225,0.23887204929485664,0.3048856170746579,0.2681628588929154,0.28973055398915404,0.2915660629494684,0.34814359653042143,0.30106432657513055,0.2715797212321372
0.3290024933548357,0.3206097929959804,0.2764639451806058,0.2590145591878727,0.22428399982662348,0.23990275370312503,0.22329852084431462,0.3745847553399747,0.0,0.29829282983114097,0.2612941062140805,0.2545219898605962,0.267750583351588,0.3343413585081725,0.2577270867785426,0.28972287862121565,0.30337564442709986,0.344037305682018,0.2567159783644759,0.33136568165713004,0.27105369460432477,0.3453005494326638,0.2401241495315122,0.22718522951492423,0.2870300603698061,0.23603422215128994,0.2996077904063346,0.30841349906492893,0.2603396896567535,0.2742300854349832,0.3562543526976114,0.2765845803942055,0.26468460705802976,0.23148859732373717,0.3362867948640063,0.2632685377554271,0.2530427561781074,0.4135164793702961,0.26148392181025676,0.2880117555785101,0.25362955933671144,0.32000156257060164,0.24947164085560625,0.2512303510458343,0.3226364743468641,0.2584875384536196,0.211282342244781,0.2174176275890239,0.2814338417419623,0.2834069781984436,0.25268289711522013,0.2493492389854698,0.27982774299586144,0.27513126057281856,0.26254853386147353,0.3053169159224634,0.30732232755671507,0.2861862157040618,0.2913848768948789,0.24785913239315902,0.2772379689023332,0.2183011094476119,0.2681120291505409,0.27333074652474654,0.27167762472182505,0.2536376149245322,0.2943686526039102,0.24103199856335425,0.29048455777106946,0.36121634666224545,0.30982122328254946,0.32067435919081944,0.3269860812767823,0.281510454631874,0.3760277399957108,0.2512178122019267,0.23220052666582516,0.22551911508348696,0.29658379984574024,0.19476472058092154,0.24812586644239212,0.34879074828561984,0.30894915734749984,0.28246265530749426,0.33316740161577685,0.397090722755576,0.295670448012294,0.307025619835315,0.29009489116395626,0.3245259261043184,0.2936649633713569,0.2934018733090545,0.26958369943693317,0.2526418245136636,0.3950358842838627,0.2868258201825634,0.2885844146480119,0.2887024830882104,0.28402490828043303,0.2741582928316242,0.28353517925996186,0.24016071634112415,0.2459478477614364,0.2536942162124689,0.3475623077681762,0.261420998234539,0.23808032767508516,0.3364485455378162,0.25227960471373767,0.21884528291163785,0.219705345375647,0.32738120774593393,0.269911835539359,0.38095112395065933,0.2799729815836954,0.32020467191328716,0.2982031674781121,0.25930592826256726,0.2224812533687307,0.3101230346182321,0.2907369178641804,0.2846897585468095,0.2577932995496935,0.27195931672577467,0.3587539457851495,0.2544753578617593,0.2511351826126381,0.23424759169965212,0.27131770081767836,0.31525743941146117,0.4340372271806055,0.3090816856118865,0.2718958363789705,0.35609990424242144,0.2704102429138566,0.2531183048082827,0.24973002141631143,0.2909606019703462,0.3623797368187765,0.3004932016349358,0.26547494743579375,0.28464571145329304,0.33269396299947357,0.3427397868986383,0.2949064949585033,0.27442431645411725,0.34245617336321854,0.24414717796523633,0.35400463127764614,0.21840359018249458,0.3288212451092707,0.2983327579445258,0.29044074890381666,0.24432066671781655,0.27981788386463524,0.3112633579853786,0.2302378676190069,0.26036932122847334,0.291259864464692,0.261680643881556,0.24925793844078034,0.32993642129444106,0.29393902371052666,0.3080023134983122
0.3447670519361216,0.3995627110602944,0.33424861552937,0.3417789833085208,0.23354345056657208,0.28280516782446746,0.2854185476190834,0.3771894151128536,0.29829282983114097,0.0,0.26773598172511204,0.2686589564105512,0.32051322435763424,0.28200061502002854,0.30822728578932573,0.2952524858496529,0.32534231205455216,0.3758795831479798,0.31648172803701036,0.2945248014350726,0.3242648834659414,0.29525388879965425,0.34353269474994674,0.25850071547127274,0.45446996995403327,0.26478639273055143,0.2625406567089221,0.31088954571797617,0.33016136773774524,0.23343413870561674,0.34279539911618295,0.34680980644413284,0.2718595871237097,0.28531304407165076,0.31046572078452517,0.27573412629766464,0.31553851595394916,0.3025231707972352,0.2346969878282762,0.37772773299145945,0.25163996338932176,0.3422155006150519,0.30048496295926846,0.2617777863750664,0.34647419938930063,0.29713592795117766,0.23726065606203237,0.25210924085432146,0.3921134299937501,0.2659832098546507,0.3226850509968311,0.28365583763394053,0.26497379437051305,0.32552724109425424,0.3187572712099165,0.3357078095217305,0.3227309246378401,0.26541150863314533,0.35264904205189834,0.2807875220962517,0.32321282567532844,0.2245565890723308,0.29336899987720705,0.2262738312281137,0.29166616010642443,0.3055852739726774,0.2890866748399973,0.27710194666484217,0.29642861613480775,0.40751502388525745,0.30340377451056727,0.3170701634402256,0.2635186968529645,0.38819761991625024,0.3178488560856743,0.28056223553934273,0.27673594983622857,0.29192229810281817,0.27624185626941855,0.22028681015989357,0.2976534338089189,0.347162504107575,0.3489753404838236,0.2923949108342398,0.3504972286996792,0.35183886802234715,0.3198136467514794,0.307698261645486,0.3390697707327808,0.2578350342335596,0.27671269939262916,0.2769419275584475,0.29170741305315545,0.26148436395875047,0.3712942361256566,0.2947795874144106,0.2298966681169947,0.32000951060350474,0.2433374777612184,0.3489480338250337,0.2555501350676191,0.3068372039890809,0.2639128093762718,0.30309920196117407,0.3023155329390296,0.2868761606352682,0.2924370800255727,0.4207413436819188,0.2983759716607965,0.2802514861944464,0.28307653502211383,0.2963127894968139,0.3193693978949204,0.29006136712829406,0.30323686891735463,0.3340226762368329,0.36779172589145015,0.3172352662514255,0.28980193748235067,0.2766361166222723,0.25193188547601275,0.28425633899370034,0.2665551051533008,0.33466880683013517,0.2568104846961721,0.317234513241807,0.2618089383607644,0.2440765450787171,0.34931861049766316,0.32281859475565383,0.33077544251290625,0.29123844348456907,0.252499830132747,0.26870431810631157,0.26682350078726946,0.24482303212275502,0.25351351661588767,0.33557717124462333,0.39031304052182936,0.3063165867594915,0.28084103300683444,0.29765284637867473,0.3687881362507194,0.2753728018131075,0.29590449095780946,0.30654931182780326,0.2653514047632529,0.3058509622021738,0.489235707294537,0.19471207284773745,0.30274686091025776,0.35252011722475907,0.25641510575185167,0.27477780059737905,0.3334373526998063,0.32060802127578236,0.24335917690505268,0.3395981166490301,0.28714322163168066,0.3366954353618626,0.3805303219987037,0.34626934680391974,0.28607376547028246,0.28641616833215955
0.3538353757067473,0.283186240274936,0.3027032445390628,0.2645085007809991,0.25939030803526814,0.30879314409447395,0.26580418256391247,0.25083328340822525,0.2612941062140805,0.26773598172511204,0.0,0.31817197855796575,0.3211417260998816,0.22482018879246016,0.2591454549831117,0.3410719523642513,0.33436279612743897,0.2750535744748621,0.2695679891519196,0.2799783146706304,0.32080381551647325,0.36146125859076206,0.2602855812261092,0.32618771176457567,0.32793477836816615,0.274595576038205,0.24885086292182537,0.2965703722909305,0.3070373757945297,0.27337960014385915,0.24777404493124663,0.2811501197587244,0.23418358649763807,0.23623457763408162,0.26678904649918656,0.22898923487817213,0.35637949031665084,0.26185159847686224,0.27733465244827793,0.30958994072316776,0.23042641604591557,0.3556752683483833,0.2596757466306652,0.3177245196256722,0.2460295464303719,0.23363581832048413,0.1939037850861321,0.33844153613720085,0.30074479155021483,0.22970708540804158,0.3018919794857217,0.2594637411258623,0.2082089116609408,0.2944492430469058,0.3017470262941455,0.25387327977755214,0.29981342576119785,0.3428208568248831,0.2340390108773017,0.2218132879064446,0.2831981856740463,0.17469774384942227,0.304494665080535,0.19528429714843584,0.20751577086687112,0.23567753256162546,0.274936159344327,0.27177045207782485,0.23555236221746217,0.3055205639528579,0.291159956994811,0.20859843865656658,0.2817391510512338,0.3130818681719566,0.2796270332042724,0.22922168077686664,0.3088883786918638,0.26940173422337305,0.2177332385429366,0.22721648354609011,0.2807120743225165,0.2502539332720531,0.2937889866823188,0.2468415025914976,0.25477408460535306,0.258643384527526,0.30659965638773745,0.2157851866811453,0.22198796508268967,0.24896704420329643,0.33442416388112517,0.20316154336474224,0.29468808551991227,0.2596356239307795,0.26190710943520984,0.2778889604977338,0.19159601532461454,0.2163248994629679,0.19091300235357875,0.22184298810487849,0.23804723953737933,0.250596343228842,0.20771542652258845,0.20214843244646633,0.23284203491011293,0.23900262365731975,0.22259901194978038,0.31634234231305286,0.23228904759408106,0.33521001876004436,0.3456569440453757,0.24661201171755837,0.26505621133105495,0.24848620744008995,0.24064428017608686,0.31873667607060946,0.2524622723892595,0.2720198845846478,0.29622307651565005,0.22325195367744002,0.2717997040986123,0.2072701303834932,0.2633599085261686,0.3334798965992403,0.23836540771186968,0.2937927052163224,0.18638209816236745,0.249379646000152,0.24852300218323897,0.22465019212621706,0.23166880631995462,0.30002703234205236,0.2512218287394981,0.26920465418821027,0.2991517517629177,0.24205126881332908,0.27108789354450286,0.2508442353302899,0.2797267188125379,0.2523208015952034,0.23365556997426495,0.2616032283222078,0.240234656307529,0.2386610561306435,0.32831777040271387,0.2281777875146778,0.27832277382527454,0.23270853031426667,0.2771748400836357,0.18867795795512263,0.3241684442852738,0.2345467187232648,0.31436480551996193,0.22878269919168054,0.2694850117734981,0.2974236961875361,0.2966217330946875,0.3085329124434861,0.2657140652366586,0.26654914071057273,0.2126845937862411,0.28031192708951025,0.201371700670287,0.46679338768484474
0.25679865126139056,0.31470391745929044,0.26148397024649817,0.32853125076045203,0.23178583263537353,0.29821742093102666,0.36381455504003507,0.3106947516084321,0.2545219898605962,0.2686589564105512,0.31817197855796575,0.0,0.24855368020645757,0.19181838586733904,0.3155309098540035,0.2834922136555812,0.3057112740013619,0.2358905130325666,0.36125203331820405,0.24356323492350151,0.34593786796718196,0.2739104160098883,0.27822357223160954,0.29712123280084407,0.30567520471842935,0.284063995608016,0.2480267556156501,0.24274919419333088,0.29585186385032936,0.27979515364349594,0.3085852457037022,0.2824320383708994,0.3376594964883591,0.28605107608193175,0.23617704277187515,0.2696711173900669,0.2991963867382452,0.2741477589365267,0.40414567298068815,0.33503621002533196,0.3480183950021524,0.27180600051234954,0.2931892024086603,0.32242649729917433,0.28121805600320793,0.29296243134367966,0.24393007142508688,0.263992601992294,0.29683986584978495,0.26346472800373166,0.3744275205781864,0.32371353722297885,0.23504237919541843,0.38419079432644304,0.37733343433233457,0.25430581327043206,0.3327115418532557,0.39158913629680175,0.23061227050174413,0.26501941282497304,0.24934016940022688,0.20287994129309084,0.2948171531122485,0.20380270355189994,0.23307261308863303,0.23369517470276444,0.2416477000647591,0.227399533143811,0.20671747251897707,0.25229384466947136,0.27477917864571705,0.2242821827693068,0.21629664741676927,0.31268914178357454,0.26018076780700145,0.2230265203482411,0.3133738866767884,0.33843112599902386,0.2811477509683916,0.21065635411154474,0.256288148326559,0.2972083442453668,0.3089466814153404,0.21525716600660869,0.31059198592242504,0.3007959512799576,0.24886507345951792,0.24363088515069087,0.2760682863197461,0.2668316381735793,0.3111993344399294,0.2813979520365022,0.32194507495690633,0.2649905497645873,0.26399732732016157,0.3326285859324686,0.2200910795208444,0.2844881424117133,0.20772873873873082,0.25776691214057923,0.2236505031347341,0.2788411109709895,0.2608594787767714,0.27877445000119144,0.25144810873225254,0.3002205449324169,0.2859854963221023,0.2691614598282445,0.2936610046246216,0.28862265166495427,0.41621314039033247,0.2966743783904866,0.22992072172587272,0.26123832988433826,0.2773695118232282,0.31719930080374853,0.2785148494924396,0.2738140710740741,0.28472675906737,0.21779482488600732,0.2803567968421171,0.2718769414279108,0.23379743972857836,0.3442164405583376,0.205854796278428,0.3865873418156999,0.2125718844822578,0.3159563472160558,0.29717238906764715,0.25797108014349124,0.23135501620021842,0.2734475114094316,0.21585229940946574,0.27304438715078777,0.2506007716966585,0.21621151710541012,0.2793324848292867,0.3056671872048076,0.2707877879672086,0.30709725823713546,0.22703243143203627,0.23727024838423408,0.3066832722477425,0.2636655986159217,0.3167357467976828,0.3063096220547589,0.38174729388108597,0.2872068821910795,0.28744912793090055,0.19391695561585506,0.30316086896284045,0.2888778306681609,0.2786074777701745,0.2737477808045354,0.3936587671798203,0.24715534475395792,0.23986943624485302,0.33465568731869805,0.24916328834053525,0.26919656419308197,0.21277210608973512,0.2538411274469574,0.23536888084310956,0.3116736003090151
