0,1,2,3,4,5,6,7,8,9,10,11,12,13,14,15,16,17,18,19,20,21,22,23,24,25,26,27,28,29,30,31,32,33,34,35,36,37,38,39,40,41,42,43,44,45,46,47,48,49,50,51,52,53,54,55,56,57,58,59,60,61,62,63,64,65,66,67,68,69,70,71,72,73,74,75,76,77,78,79,80,81,82,83,84,85,86,87,88,89,90,91,92,93,94,95,96,97,98,99,100,101,102,103,104,105,106,107,108,109,110,111,112,113,114,115,116,117,118,119,120,121,122,123,124,125,126,127,128,129,130,131,132,133,134,135,136,137,138,139,140,141,142,143,144,145,146,147,148,149,150,151,152,153,154,155,156,157,158,159,160,161,162,163
0.0,0.6072504826793482,0.5411471722658587,0.5566216638715388,0.6457076894226085,0.5816443099924219,0.612568458342898,0.6191977772532171,0.6812586954431694,0.5300143546043011,0.6530892392833113,0.5561170423145311,0.690176230526205,0.5705261227918785,0.6356452863864017,0.6241652501709637,0.6652665811414178,0.7268610304563261,0.5991696681212317,0.6820617781689748,0.6785604608858805,0.6167564191679734,0.6265764310898562,0.686109740791298,0.6498175150882145,0.6678369782155708,0.6226340283985573,0.6505215192540587,0.4831339887031395,0.6152830715321334,0.6580836063803476,0.6209002814149185,0.544662761338246,0.5964736286223954,0.6768232664437406,0.536491561893472,0.7632965624094694,0.6346706803997824,0.5785562065818599,0.7235764583493671,0.5838246305025875,0.6803722399840574,0.6539148516640342,0.6293634256608486,0.657683115960338,0.6783305882034106,0.6138911129964438,0.6176572405981603,0.7007941635123233,0.6260817027855181,0.6926740868375295,0.6499565447996818,0.6220515025820108,0.6065890826140987,0.5580004707003826,0.6308177844888551,0.7165835780882633,0.6086017913412447,0.6302214148766948,0.5797166340067302,0.6274024280573772,0.48334435491313404,0.6653996893347055,0.5136904232073131,0.6395473352136353,0.6578369798059788,0.6953183209402528,0.6797981236033815,0.612753867204449,0.6643702023323161,0.7276834910651623,0.6142724839551009,0.6619312546890285,0.6948950492790997,0.6353106228699261,0.707593825975435,0.6118705722976684,0.65658555700396,0.6419450442499086,0.6008804841193989,0.6266285559885342,0.6953215178599524,0.6622719047966359,0.5898953556550479,0.662887394172414,0.671255782512455,0.6903066654432072,0.6523710971150368,0.6551420350767243,0.6136589546365715,0.67862377598906,0.603304155296187,0.6050425245204386,0.6817325345285525,0.6698966084679215,0.5599277510471965,0.5674956472829743,0.5901406801498613,0.5053677295003948,0.6469833297229247,0.5748348648281446,0.5683535901645612,0.579878121138115,0.4847333257423279,0.634879942453139,0.6402110287098699,0.5913917214954605,0.6435948715759103,0.6657219055320479,0.6491107767824937,0.6473774599228116,0.6492363612163331,0.6692378457486918,0.6132747152951131,0.6350921167136779,0.6801751573319196,0.6899541826609903,0.5395860779152617,0.5445987209692785,0.5466812022992129,0.6312188496350387,0.5777518149188603,0.6601112967366489,0.7359928771086165,0.6469710085871857,0.5551714624145611,0.529535336814875,0.5498900599527731,0.5315859558725731,0.6497302622568362,0.5959260092132795,0.612090067115216,0.5928570282185145,0.6285529721916462,0.614257210544207,0.6119368644028812,0.63809154850483,0.686933552684162,0.6310080338727169,0.636161565257557,0.5483728854678368,0.54989622417166,0.7015976256246789,0.5925057365774158,0.6766387325720001,0.6441276869833376,0.6460357401200822,0.5969863704595123,0.5854995084290723,0.40232217416188626,0.7560020750835655,0.6124289045651541,0.6372126882740601,0.5492044631149324,0.6048687470940888,0.6988459833562437,0.6250009342994696,0.6549723479807525,0.5977864351204173,0.6263166403021633,0.6095169793849952,0.7040476360800618,0.5861682495032083,0.7716535109863721
0.6072504826793482,0.0,0.6233329747385589,0.5417776580763305,0.5904873436674472,0.7030774891863149,0.573464424472209,0.6687222736265549,0.6060885916664229,0.6509195599647877,0.6439187751715675,0.678755123879895,0.6438659236487289,0.5778860569661747,0.5918247278516197,0.6591815925735866,0.6387712886932113,0.56147778584934,0.6034474543940053,0.6008514397303497,0.6293141548163207,0.634367690065408,0.5642441730240547,0.6076719660697246,0.662117574913268,0.5667369250926091,0.6199460451123484,0.5882833162608866,0.6434049181698666,0.6035015903612996,0.7115535920957581,0.6501215625701567,0.5920996755081133,0.5815256032010078,0.6382850117269743,0.6122009595612014,0.6492263404603561,0.625618300512834,0.6392623978362557,0.6169100874590918,0.6386185810979532,0.6155975769244276,0.5610795990747304,0.6265840100839916,0.6700571128948909,0.5835281306412625,0.618853230788721,0.6246215828809103,0.600991354490579,0.578423743243642,0.5932016002060646,0.5904933627490045,0.5900667221177973,0.672543397199494,0.6394735497165072,0.6520106377913931,0.5798846668025647,0.6697683392944246,0.5578760956206403,0.5806031842194757,0.637717819279506,0.492908308593483,0.5835255808685116,0.540540412610623,0.5187148811155265,0.5344141911314201,0.5871526761491158,0.5690734220919601,0.5610546389265618,0.6003797611980223,0.5848708494053537,0.5751216523232436,0.5502754755437883,0.6061188089431662,0.6685181441164566,0.6048235544342736,0.5545938068370463,0.7203395333796251,0.5685955223920733,0.5539320204892075,0.6163128672111157,0.5693547032993577,0.6875033289712471,0.6194857330767615,0.5659332296600862,0.6726255470265057,0.6060305083975482,0.554762265833566,0.6360543104869317,0.6139688627948603,0.5826076874091516,0.6330613255659198,0.6504475978986219,0.5666226873578062,0.5675426934603675,0.6918814079551078,0.5800640426998426,0.644276846074911,0.5071102173995733,0.6060089192420178,0.600306650896508,0.5352204099729012,0.5193332551571426,0.5402369177599805,0.5898521857100986,0.5892117051707622,0.5770681583760201,0.6523607266329563,0.6367674771799939,0.6545753814473553,0.6109167058392836,0.5580937161462253,0.5844623724370187,0.6001745200880221,0.5801051486315596,0.6239025263441635,0.6466031292649563,0.5430050261474665,0.5741470459424045,0.5624620776419051,0.5588874824508818,0.5617187842971626,0.5801262681998127,0.6543479503155236,0.5674295598513056,0.7150780133182145,0.5155755406343202,0.6243958810129905,0.6547168186085295,0.5967875132313903,0.6690702063856937,0.5954565097691296,0.5359017023847906,0.5954616751654866,0.5981559547999045,0.5466486505115976,0.6513787209229855,0.6269635405392548,0.6139643271909642,0.6007303511395763,0.5619578299218427,0.6088839196500037,0.6318932233202694,0.6082307913175882,0.6824981270855411,0.5530646951819876,0.6617012288729972,0.6356778395472772,0.6959904632380435,0.4532871014006792,0.5846102752279452,0.65385943417783,0.5876997054202825,0.5915552329585155,0.6301082057260404,0.5882424223695892,0.5386776149214461,0.6653459710572831,0.5613324754368505,0.5445916550971376,0.5984705716079186,0.626676204500196,0.5469793999656523,0.5725790148147025
0.5411471722658587,0.6233329747385589,0.0,0.5007933276976195,0.5720795462545645,0.5810042176265733,0.5235289754932816,0.6310317064197828,0.5303908714304283,0.7324820318325047,0.6214486762884924,0.587393235060534,0.5949981188777961,0.49056641079471236,0.5638424678774614,0.6288625563920834,0.6021341392657575,0.5634456009396867,0.5628852853576117,0.553617055916452,0.6519799103498599,0.7058577330077453,0.5254547031177157,0.5810658722414546,0.6487008554038113,0.5304705463808778,0.5494748740086516,0.5355754652280811,0.5632898495985793,0.5363054244444847,0.5621764986746006,0.5864803175816977,0.5047322218574429,0.4921553141727883,0.5138301243545547,0.5252966201961229,0.5890127373564888,0.5563866509233678,0.5687520334664546,0.5694381675898704,0.5505172595859987,0.6102709362934929,0.5941620162890616,0.5433606257549438,0.5887725705297531,0.5496944603261477,0.5571496804591853,0.6084684658367432,0.5631822937150707,0.5431573536819463,0.5599119071577727,0.5254420524548263,0.5220139070106101,0.6145426594209176,0.5688406483507583,0.5391455605102488,0.537724965536364,0.6104765696051343,0.5834711957013998,0.49542524733565074,0.608381859478879,0.43686242439969614,0.5720877007383457,0.4948871028121848,0.5172365733768779,0.532421015595028,0.5483409598861005,0.5901447855200895,0.6365668001562925,0.6189798225503798,0.5570150439107197,0.4955985273035028,0.5170932364495544,0.6134684596173643,0.6148176934103475,0.5069716609300502,0.5550765114647404,0.5995683272845154,0.5251312547640947,0.4750279480744551,0.6005075015952009,0.5408816508360476,0.6034362098306292,0.5413637148081295,0.524819515343134,0.5754498339789776,0.5749259754992923,0.5277377180369933,0.5376502058832485,0.5119259759862107,0.5405687689540972,0.5118835977907543,0.5673204251920998,0.4940453902439054,0.5347670807453804,0.5896060563238918,0.5426442141760728,0.5504451196602774,0.43211868985682167,0.5184200801027451,0.48639913860109596,0.5914840414612135,0.5006936231083874,0.5449984363986771,0.5187042408195607,0.5550189095050249,0.5843641588757423,0.6234396995612282,0.579605076671535,0.6329485686802561,0.5613770587558181,0.5166164580766011,0.5332075943588068,0.5577394881391964,0.4945422171120229,0.5250111757536434,0.5485156890956361,0.5847807895429237,0.5751337045352019,0.46653045517258773,0.5020030451048197,0.5164830568028385,0.5056114284541648,0.5672304881734829,0.4873854610103181,0.6042119002224998,0.4675058921786242,0.5241867100458562,0.5699958410456466,0.572236426929821,0.5646596533903191,0.6179952409416272,0.47187890342677663,0.48736899453530524,0.6196681092649763,0.5206445259417126,0.5498561586546717,0.5288209721883165,0.6487511026984915,0.5703289057220402,0.5198740457491424,0.5236538019915172,0.5491277093767439,0.5863722594966136,0.605611238690602,0.5176936981875828,0.580694547715213,0.6157663930444532,0.7285885391832079,0.40313876044706365,0.5204335947259896,0.5620666961836412,0.5813610797736483,0.6317449102447256,0.6123956252579902,0.5821613612590067,0.5099419455795353,0.6002851391861743,0.4740966953529423,0.4838797745648664,0.6231304209173657,0.5092194617337612,0.5421927703291575,0.5239245396723666
0.5566216638715388,0.5417776580763305,0.5007933276976195,0.0,0.5701335951490293,0.5810578665205266,0.6365838814100159,0.549488790359194,0.505339805784916,0.5159388051311379,0.5747585199732507,0.571779306871821,0.5159180754874774,0.4740988169605951,0.5840880704238937,0.5020720785914488,0.5408091767793947,0.5371120863709422,0.6029708332357393,0.47057190085565875,0.5776833609140034,0.5208713210125979,0.5607346477375589,0.5397285324847353,0.5898425307833512,0.5735099069247079,0.5238033679032615,0.5558141893944467,0.4874129974427082,0.5027615920103473,0.5626742675169739,0.5111003105769772,0.7210876621683643,0.5314415214327904,0.5566338869585813,0.5144665699115334,0.5545502821406605,0.5131778824937362,0.5078549836562245,0.572475622608106,0.6177462246464194,0.5521038591944994,0.5336316510587495,0.6518807560904161,0.5239250597559731,0.5153320791447156,0.5088470155564666,0.537873693741198,0.5568547822672683,0.49536387217684824,0.613040899292665,0.6452792154043989,0.5168290466214102,0.6554422485417549,0.5532423183342178,0.5159192883553151,0.5228737267436863,0.6279871103562795,0.513037597900678,0.47697957713774514,0.5379249668125152,0.42789666451068825,0.6185011911642946,0.43313166140899306,0.4945494762566926,0.4940472583675714,0.5201983582697207,0.5229469283296254,0.5064825382590673,0.5883594924164279,0.5301976910567994,0.48038773722880795,0.5345275375407441,0.5680053890794929,0.5355160541821123,0.5224939258452399,0.5035246361326646,0.5867484375360564,0.5370885951803109,0.4951698643136162,0.559685829730255,0.5823914014019888,0.5370075795425654,0.5117782561478711,0.5467355777953289,0.5315279221701741,0.5562198826272285,0.5267076231104985,0.5370299809875367,0.4769544277171086,0.635099228336621,0.6049676475046034,0.5428935842232678,0.5018757724555987,0.5513722176021246,0.5917377453106802,0.4738521327246838,0.5989007810343807,0.4442339994837758,0.5581860848481797,0.4747142257923313,0.48936688216773067,0.6815512846495506,0.5857029082030151,0.5376139611751227,0.49466654508403085,0.5003994932398581,0.5594286891656991,0.5448655923747686,0.5122360328113387,0.6698539187093561,0.5309639604835212,0.5673941421984927,0.5102824262662397,0.5491337615750391,0.5533458172388285,0.5909149972188066,0.45748678427061334,0.6243745092305123,0.5181935283365097,0.47371809479510163,0.6187028416729391,0.5024485323106216,0.6041562098806436,0.4931700752281252,0.570233582254755,0.4664311127298654,0.464489385734009,0.5325798646810908,0.5010053833907688,0.4893968002742531,0.49672246983907836,0.46141106302208434,0.5476206623311487,0.48579324886663605,0.4651601005348748,0.47486621180024763,0.5681717659557795,0.5126834163031634,0.5289566340105395,0.7085486297459225,0.45911469973182223,0.571696859821885,0.5316485328761937,0.5375674002963999,0.5626389520454678,0.5333607273612354,0.5268278782256139,0.5122290517374024,0.3684701427241463,0.5946499547639238,0.6153345956829236,0.5007093410588268,0.46223145194974163,0.6518842557699148,0.512730933036175,0.4728360046195151,0.6218305719243818,0.675395881430569,0.5397591893316499,0.5609968248730234,0.5725067078806557,0.5054961557433529,0.5679227999867231
0.6457076894226085,0.5904873436674472,0.5720795462545645,0.5701335951490293,0.0,0.5352146300357324,0.6502134517988941,0.5854061659998241,0.6221499718590141,0.5500284162655232,0.6184321261378607,0.5792592927460768,0.5642919022857056,0.517444741387037,0.7230527452343224,0.5737724038442911,0.6090459093283361,0.6792910310300373,0.6119983870717127,0.5743684145918719,0.6916425588820707,0.6610690686355434,0.6225276354037386,0.6461151620886831,0.6230695688221993,0.5946615253301014,0.5943362370693418,0.5600625425333955,0.49469900047281895,0.6050649369308378,0.6358111003912272,0.5649117271222842,0.5646966897287532,0.5241264465985684,0.604866774306141,0.5484346342863406,0.6093719270655793,0.5978403700058231,0.6040841975928746,0.6592537132540971,0.6305000505653008,0.6504762260856888,0.6731546673944387,0.6247688880593559,0.5851020128974816,0.6098097480433208,0.6122310684851717,0.5790131322256742,0.6599651866631654,0.6236119038083157,0.6909772634268196,0.6024223128972089,0.6081726628663111,0.6364772596362964,0.5682938411228122,0.5534860239266146,0.6317318690338468,0.6336658161578927,0.6321468830362132,0.5401695079174501,0.5501493237915218,0.4593292514951104,0.6349201179535097,0.5050379881420975,0.6367719062864502,0.5691915056431162,0.5767596155934276,0.6248980433163472,0.6263791757772903,0.6298715103754593,0.6457474665751864,0.5610740388579487,0.5635625841878139,0.6488853682923166,0.5861720171970263,0.5670796374500068,0.5681988249547829,0.6653872358186819,0.5822218986048505,0.5026021051152041,0.5851652943892237,0.7063672361583185,0.6374095020657048,0.5195735892272859,0.6046250552647437,0.6053347582155396,0.5717374314296354,0.6302515536715156,0.5665099570913532,0.5343799200909137,0.7152513963560927,0.6071387552552133,0.637998723815048,0.5581546795250221,0.6396550183372195,0.5690162227303603,0.5405783325951763,0.5645703516525267,0.4827245628952237,0.5594456369892027,0.5175413133765232,0.5594452215804873,0.6061617670771343,0.5339914401187611,0.5900972958441728,0.5722604169590336,0.5679768563502999,0.5924989468180111,0.6529825837248161,0.5780775212686282,0.6342888776166506,0.6302174966521273,0.5504809450303476,0.578313678239678,0.5612943176531954,0.580493813471843,0.6000139165747129,0.5645731904335266,0.5409462332613582,0.506455206293793,0.6019633948571502,0.5748725776904894,0.5334514223880646,0.6629949988529407,0.5613250776457479,0.5577527896452953,0.5011514119668284,0.5205288796990115,0.5214021336897287,0.6332927639771029,0.5513974729154735,0.5825761201043766,0.4913804232689965,0.5731144848582305,0.5859339103817542,0.5888113465639454,0.5573422878979243,0.6655627566929816,0.6254452544763117,0.6660144718827705,0.5544836582513544,0.5135432902343516,0.6675809262331971,0.6316673668411245,0.6252658461414894,0.6078168846217676,0.671178739066606,0.597303472015002,0.588611093275963,0.38773695914104656,0.6321518558696573,0.6288620358114845,0.6566965749125205,0.578634636049516,0.6293061990397819,0.608505010272818,0.5220554483025927,0.6088774649962783,0.5614945032452688,0.54603360439048,0.6041286913741367,0.5912148876279204,0.5931352354431991,0.6620184447800633
0.5816443099924219,0.7030774891863149,0.5810042176265733,0.5810578665205266,0.5352146300357324,0.0,0.5484223069143915,0.6486939102509739,0.5557464253090468,0.6000859111846413,0.6219809445574477,0.6382049747463655,0.6204536502928192,0.5426294546907705,0.5404937915025716,0.6052587994531646,0.5985918320379399,0.522005075662043,0.582325288434652,0.5377168640220873,0.5924319963299909,0.566611307131443,0.5224665702414217,0.5510049484123482,0.639336348312975,0.5704623093422766,0.5555622139271872,0.5775913639272074,0.5928400394698138,0.544997663779965,0.6334396309408903,0.6076007442799458,0.6205743222288954,0.5726267529038799,0.5997445925025847,0.5714551657312962,0.6324211469664853,0.5746424355027638,0.5570035594509541,0.5670517573028105,0.6019893597628203,0.5902310290154915,0.5251443467267902,0.6359130342097801,0.6116766975910422,0.5371731261648415,0.5619230677244031,0.6130400459369691,0.549235484220152,0.5216832714279401,0.5708784454748728,0.6197441608294989,0.5370821075556604,0.6602621890364988,0.6024690999993024,0.6358914852695124,0.5368216455600493,0.673428384373824,0.5111218082643177,0.5264245079118488,0.646624068502873,0.47703456713460934,0.6002341793087195,0.48856885032711644,0.4810731175401715,0.5129942651699779,0.5646930279853046,0.5488354813980268,0.5231222615549325,0.6005069112398959,0.556029618044345,0.5213727212047694,0.5575821199409815,0.5783157919171666,0.6373437281122952,0.5718852833764311,0.5277233512721966,0.643637225491294,0.5496991699000301,0.5632293329664201,0.6247487620270872,0.5459848466086467,0.6143683693770198,0.6298304043772963,0.5499401023334607,0.6174450705034396,0.6379704097451991,0.519500542284824,0.6056959259603599,0.5702257304841166,0.5687021904054732,0.614429634670996,0.573318157069855,0.5352436576668462,0.5418851484602077,0.7046166356030255,0.5437316897028924,0.6718759685223228,0.4837547298065732,0.6002089484744374,0.5516710129140787,0.5120372624293762,0.5333045909390254,0.5455894256371413,0.5683646010920708,0.5511115692639552,0.5424634093063594,0.6301882764988445,0.5670783301924956,0.6061122635281445,0.6145140364194651,0.5264947032608807,0.6288195774640005,0.5625768709074742,0.5707610116047763,0.6074454076202633,0.6335213406091391,0.4836590747520998,0.6281608881060351,0.5751153733951236,0.5013686051524127,0.586565063350142,0.5765556266694336,0.6202294057986795,0.5385977228829766,0.6836631172222123,0.5017832591229366,0.562149371938728,0.647146996182651,0.5320853128629134,0.6118025902604342,0.5673863318825395,0.5246156346695348,0.5859269287052254,0.5435361480316178,0.4946246155358636,0.5701988444273376,0.5662642664045912,0.5428171821044935,0.5381240661928528,0.602370308547249,0.5618299645364565,0.5820228404962358,0.5628821125418999,0.6192126300992162,0.5439806420107152,0.5917213124757248,0.5787061968920689,0.6138118625874752,0.436230865575268,0.5755076681706994,0.6196618482777204,0.5180493170761354,0.5129871356818357,0.6324383243286303,0.5528060206477131,0.5113803069657046,0.684429442853054,0.5786700961536596,0.5437843847380124,0.5765221713991787,0.6185903164060222,0.5141745804117465,0.5509948424308599
0.612568458342898,0.573464424472209,0.5235289754932816,0.6365838814100159,0.6502134517988941,0.5484223069143915,0.0,0.5473825681401304,0.5429262980331637,0.5582064385206688,0.5996057150834908,0.5945228721588763,0.5534092693203038,0.48998246027426845,0.6661069264963454,0.5314395955454138,0.5664119424492161,0.5977387269099597,0.6219210060135644,0.5128329717145681,0.607786676233812,0.5758473349858714,0.6651509613353705,0.6244852767428274,0.6398474517713207,0.5622856332129712,0.5724078945073501,0.5788290298067463,0.49217364749351333,0.5651726292666112,0.601085497073777,0.5618728791059598,0.5946728686607284,0.5580753776997155,0.5735506693305361,0.5089291712992242,0.6054646384339539,0.5135945433806589,0.5419978315026928,0.6434794641877285,0.568502105407051,0.6081464873743033,0.580412694281865,0.6219813333348638,0.5586742136801948,0.562494987307686,0.5595686087423114,0.5565036393818287,0.6807980900175424,0.531359687720691,0.6648725431689423,0.5820435660421066,0.5409325742421122,0.636322839203622,0.5696856280627658,0.539547387287091,0.5638654537527202,0.595384721060642,0.5934100808017497,0.5067865417781731,0.5377598560242739,0.43078303801793366,0.5716598003737183,0.45228912509954183,0.5447832166090063,0.5224163234588632,0.5622422301750718,0.582348907933955,0.5411048675366371,0.5855887217671253,0.5636838136411159,0.507100466073753,0.5383799114006018,0.6226029306450244,0.5312299639594575,0.5738651953125058,0.5611432102824035,0.6421535095019472,0.5216975421168447,0.49613019590146323,0.5399753799726502,0.6135570956494351,0.5933645464888619,0.4828363545895534,0.5494960134501891,0.5351684704508863,0.5492283991566899,0.5906384663701015,0.565113371111943,0.5046767085058197,0.6418176726291224,0.615948615587721,0.5864587481505263,0.5382534331904164,0.569988119095557,0.579418120671823,0.47718344595917117,0.5655488307554919,0.4479285031980695,0.5790697496306306,0.4923281186887184,0.5240913780876123,0.6197105869894324,0.5416285309821349,0.5328284888240158,0.5206517087480012,0.5219962700869955,0.5717554360711301,0.5992408866559741,0.5736662198704215,0.7262026365771354,0.5432154691222768,0.5589576837767891,0.5187182181628921,0.528753797241989,0.561347415999831,0.59877817721778,0.5336325647838049,0.5609945839534158,0.4879299706640189,0.5085263547210005,0.5386739294110472,0.5086969993100038,0.6614514843198045,0.5063988183886201,0.5669875705254083,0.4750677831076869,0.4938873348132825,0.5107639088523453,0.5372135008525561,0.5096472507001476,0.5064152145322457,0.4686365240018945,0.5237047422202897,0.520425838696677,0.5006438664087622,0.5175488183875353,0.6044548732267174,0.5566538070713578,0.5721592629041732,0.5819710534913252,0.47809996905371316,0.6319428389142029,0.5395155179426928,0.5607908136974339,0.6156433011719745,0.5617403115928843,0.5561278210986061,0.5442844914307818,0.36319077214818096,0.6060131323866914,0.6011714569445964,0.5574748014538652,0.5319063342098881,0.6178771895981661,0.5572550261530324,0.5291498357734018,0.6276029610200468,0.6136194614234699,0.5696352166437129,0.5646775921124643,0.5678969913348103,0.51654494379424,0.5978578750520639
0.6191977772532171,0.6687222736265549,0.6310317064197828,0.549488790359194,0.5854061659998241,0.6486939102509739,0.5473825681401304,0.0,0.6346331442287936,0.6030867832152081,0.6334866130257504,0.6351759159118068,0.671089004166256,0.5429420757933597,0.5956237275596216,0.6928724624372902,0.6592606875611002,0.6004108427049105,0.6052893121299804,0.6085440085201451,0.6670185454484887,0.6266061026968428,0.5752419546264668,0.5996921413851449,0.65393208954329,0.6132216793477657,0.6568007345509895,0.6099648562264627,0.5311454687735967,0.6337178148543723,0.6802488200852266,0.6383882819704947,0.5673287932926786,0.5778732999312141,0.5796432203502161,0.5766813852680163,0.6699006119662653,0.6509977889164994,0.6273961896895202,0.6234796872247118,0.6149772865446945,0.6292929372040567,0.6193957725940057,0.5799138146654569,0.7104373146516714,0.6477539818152818,0.6045213921438094,0.5916297656100814,0.5939613006595748,0.5957861510673074,0.6245600315872846,0.6025180395200092,0.5816976632928215,0.6359904932991818,0.5933096917134649,0.6234231568705418,0.6161655438187901,0.7267108130895855,0.5574294036354621,0.5813335954793072,0.6904391684674004,0.496148378303374,0.6452437556408503,0.5137165162930284,0.5394397121346265,0.5836213399388132,0.6129015108418082,0.6025043081888374,0.6053371701085757,0.7111145676159693,0.6253374562326975,0.5567589363223746,0.5618091769947698,0.6595480758062806,0.721970106773151,0.5904754001770558,0.6014218803302921,0.6734674562999117,0.6456552266725942,0.5403666219637394,0.6253219958845639,0.6099411096406732,0.6874257405357971,0.6400058906729316,0.6014634459722812,0.7160087777330683,0.6897289312575235,0.5804538965074788,0.6762153411005606,0.6242513744094506,0.6124178883602049,0.5913975134366722,0.6115994453603341,0.569986548704312,0.5822893354076086,0.6125165413861815,0.6104896428983233,0.6160580061625044,0.4826195794350529,0.6169178520161468,0.5529657785512261,0.6236680641394968,0.5428125507957108,0.5248519474592485,0.6123131851264962,0.6582047928768511,0.6377478394466408,0.6653879168381994,0.6489799459764239,0.6127356877450871,0.5932508817825393,0.583974717779573,0.5885280960041949,0.6550015418862842,0.5981369317120088,0.6480837226967933,0.6324824629071676,0.5357632474105283,0.5479775141130513,0.5496811205803696,0.5585852248975591,0.6414861635873346,0.5623386535611675,0.6643067877802992,0.535241585567019,0.6361097641571852,0.5242150096885184,0.6305462425672794,0.5914772637698243,0.6158380657714905,0.6671636061070875,0.6623886222599195,0.5619133517667658,0.5799660025292658,0.5994766860047335,0.5312490162739589,0.6279282019901674,0.6004066176771463,0.6401444489847881,0.6561356252325844,0.5445696648820325,0.5663131441736866,0.6331975989096791,0.6140011934243546,0.6608226625876065,0.5646354143288338,0.6741413369816538,0.6707091724424683,0.6555551957077876,0.43344887249844005,0.6177980875645241,0.6081934732918627,0.6124723398658962,0.5948517919935281,0.6542480244377827,0.6428606259976432,0.5465140760024667,0.6984059320947956,0.5214115553100676,0.5536492343433831,0.6084498251033114,0.5906808413617735,0.5868271480946408,0.5874958010585689
0.6812586954431694,0.6060885916664229,0.5303908714304283,0.505339805784916,0.6221499718590141,0.5557464253090468,0.5429262980331637,0.6346331442287936,0.0,0.5090272292691294,0.5662066211598653,0.5365020455561168,0.6093208207525861,0.5539514802876188,0.6041297897202267,0.5852822747426831,0.5923247357247647,0.6355481610462569,0.5397675705350001,0.623152416589163,0.6109381265714312,0.6068480730353547,0.5518654309764697,0.5967324482896869,0.5744847593735936,0.5834536469415088,0.6147188621733056,0.551381249628016,0.46432876912462223,0.6475316051486791,0.6535861010697812,0.5640098439256516,0.5205532991681809,0.5215361220937281,0.6014239137524123,0.5255846498499037,0.6370258441970237,0.6355695271087684,0.5781042626000724,0.6134174485171122,0.5685488718407795,0.6631366723551858,0.5805228903517843,0.5528243139029758,0.611243128792386,0.6302657854858604,0.6121134741164411,0.5362493585739377,0.579397511640923,0.6019678215772257,0.6007609364099221,0.5789580144345283,0.6142495386134472,0.5520660687307982,0.5106620160379708,0.6670268488906717,0.6348097236018517,0.5922620599035847,0.5536132755506549,0.5696575202809337,0.577291140316321,0.49412027981525725,0.589763129044285,0.5070262202832786,0.5969442650740334,0.5847014192985391,0.622615527390149,0.6329009570458353,0.5661355093996693,0.6266560659098749,0.6916136539160028,0.5846179255751975,0.5730304903411659,0.6041207299742579,0.6202465465002661,0.6067678431366922,0.5536501650363629,0.6227039232885164,0.6023658531978081,0.5514658968765653,0.590281978759838,0.6831648010223903,0.7119883951853117,0.5670604918782287,0.6021031186201699,0.6998754187064561,0.6220184504886577,0.589188041580361,0.6142400948811971,0.7072450914740234,0.620195074268614,0.5941755167609747,0.5671140741108996,0.591967012876274,0.6260805104372791,0.5475008380616483,0.5852236452250833,0.5568870367771669,0.5098176809939905,0.5825577738984068,0.5541940834519344,0.5373498919897938,0.5185906967187948,0.46484881408358986,0.6048230940230155,0.6197997279644768,0.5576767330758735,0.5890995002548159,0.6209055972932669,0.5792991190218802,0.5436687801408663,0.6102599056996502,0.5747138604131626,0.6287194512753785,0.580167664102551,0.6533504057630558,0.5966732607149616,0.49929527542350005,0.47988074713385726,0.5532517162531796,0.6264829814097105,0.5807236694405435,0.5724486571963161,0.6536641542806502,0.6161365613853154,0.5240061159442396,0.5269215486089475,0.5720753081527938,0.4972375775499684,0.632225237615881,0.6723614236331297,0.6185108440164201,0.5691527859583237,0.6393600182926835,0.5718316259025461,0.5884329064964352,0.618682462597575,0.6195293190022924,0.5725512134292413,0.6406170541334438,0.5021336009186639,0.5439918448708285,0.673202576139876,0.5950279369278842,0.6256928066746604,0.5638156437591978,0.753602958427417,0.60182197737998,0.5571254891291985,0.4124676606423356,0.628053847299307,0.5771449947020292,0.6078545355898389,0.5659546047544761,0.5657843070137848,0.6635070577283598,0.55170516455962,0.6144873908286087,0.5235768276907415,0.5425039481191476,0.5670831263304614,0.6287578162905263,0.6113601623606285,0.6639103430554295
0.5300143546043011,0.6509195599647877,0.7324820318325047,0.5159388051311379,0.5500284162655232,0.6000859111846413,0.5582064385206688,0.6030867832152081,0.5090272292691294,0.0,0.623857823378335,0.6444805293188711,0.5788447366268057,0.4778446749115353,0.5602530596410502,0.6057184041222309,0.5869224164657917,0.5381308635069887,0.5996721432347933,0.5276468852977946,0.6148629761883774,0.6461237824971255,0.551993507860224,0.582407825633238,0.6886866672210666,0.5032963427224508,0.5531834514518045,0.5550631676949589,0.6091954799764058,0.5474459422337524,0.5682739133667742,0.5961552468712429,0.5185520810509654,0.5132154798668657,0.5104763577646597,0.5136362480267616,0.580773589563437,0.522355153637629,0.5640202823415701,0.5634432755137443,0.5413883066879231,0.5931550707825479,0.5555808429208848,0.5473165234190666,0.571965894526195,0.5309346329429117,0.5376688616871822,0.5930775941866879,0.5813426987595535,0.5098642083321,0.5511900692080919,0.5129081253766468,0.5082011384128371,0.6245378462243187,0.590341828271172,0.534609701262706,0.5201954179385159,0.6096574508480498,0.5642904403827099,0.4883988822607142,0.590201429749188,0.42237721662358574,0.5365656715057122,0.47063935797455936,0.488271731177839,0.5021518712744577,0.527745976342363,0.5508180431353692,0.5694290070355504,0.5903758064103353,0.5176187138406935,0.48005642916254787,0.4940312619006601,0.591023704581571,0.585504531843033,0.5172989838523201,0.5451774168202699,0.6087920102392731,0.49974054359989456,0.4763874177229396,0.5715807040125993,0.5155091435491316,0.6020606560956246,0.5164928557071999,0.5042085001286053,0.5452104625741278,0.5496194658187676,0.512624771555429,0.5450948051578913,0.4997500070912766,0.5242280834906775,0.5213524853508217,0.5720741384205253,0.4917175128128976,0.5095052753055096,0.6169727746619199,0.5031617527743811,0.555998834979987,0.42105505249018055,0.5203167728884279,0.48393680432159536,0.557904133234608,0.4959212189263386,0.5710447505684653,0.4968625272685343,0.5235376746547301,0.5535714237173387,0.6260268957722571,0.5650161918213533,0.6410124047809586,0.5915689503253185,0.4895133876129737,0.5207851630637951,0.5358351253066467,0.48266141439437543,0.5200451216799586,0.5628634613649165,0.5945719527110721,0.5814435837676677,0.45959661682851166,0.47507618006237856,0.49775356337950105,0.49177176884888,0.5760678874757671,0.47087218626389027,0.6529816072483443,0.45139548107686933,0.5151175985747622,0.5787821691121718,0.5287746466919256,0.5545986969661241,0.5565929636756244,0.46067186394766796,0.47493954970877234,0.5749386647082918,0.48811691978207233,0.5478089516737238,0.5176789893457203,0.6080813043806301,0.5556653387465694,0.5322970459775874,0.5101199560496827,0.5446020541196781,0.5461398163897039,0.5795366605488185,0.5090397567638661,0.5477218799902696,0.6097514871407389,0.7170610450241895,0.39566529043652476,0.5139725851433762,0.5810358077612792,0.5570585797647617,0.5978992809760912,0.623942832694354,0.5510372172313572,0.5177507809792776,0.6141745850404136,0.48871659193207406,0.4913173161694802,0.5951414085866731,0.5102095882153246,0.5130584556218676,0.5098717606218622
0.6530892392833113,0.6439187751715675,0.6214486762884924,0.5747585199732507,0.6184321261378607,0.6219809445574477,0.5996057150834908,0.6334866130257504,0.5662066211598653,0.623857823378335,0.0,0.6339509941887054,0.6566919365641746,0.5255421205438343,0.6303020856053999,0.6662162437662094,0.6613797648643446,0.6276772383478536,0.6900458166986904,0.6148143847354557,0.6936894581179489,0.6803143087478233,0.6000239981581132,0.6725054473113071,0.7346595330243662,0.5820683679134827,0.5993594173366092,0.6599177608725914,0.5782643237407392,0.586089643038242,0.6432504734607073,0.6390417312751914,0.5593278779809683,0.5665487280880449,0.6086027573404146,0.5431863663616472,0.7132765987103493,0.6022058844024405,0.6443338271186546,0.6446477538757627,0.5910516832661306,0.6176102897858667,0.6435840386929788,0.6544335903899545,0.6216896998842701,0.5861847628264114,0.535344426169752,0.741675954197609,0.6855024367236394,0.5724183335284725,0.6476095037847277,0.5810030062203098,0.5678548796240214,0.7037444878125267,0.6588663429695806,0.5462930255648191,0.6263844344202595,0.6643289427459326,0.6098573355246438,0.5341883271154706,0.6944045991051546,0.4469393784977994,0.6399346491994967,0.4954597466245774,0.5584562891929861,0.5781815022709687,0.6039267929521653,0.6014577984647046,0.6117778023383492,0.6954189867726557,0.5997231349731661,0.5491057049479554,0.5748989737554724,0.6723452818598497,0.6555685036882896,0.6047072006165488,0.6177913499044454,0.6554299804802342,0.5762934429503409,0.5566025243565834,0.6237203464450364,0.5884669661492822,0.6295622289301888,0.5842698000088143,0.5818238278913809,0.6008447917738788,0.6763161531558135,0.5796710758098909,0.5951454982865536,0.5310738778898554,0.6054141575188093,0.5518095814891194,0.6486005475626322,0.5938238177556363,0.5861820079511654,0.6135950041320019,0.5535476383444171,0.5645316679246635,0.45847485409174493,0.5665391502598713,0.558638345666183,0.6064317459092881,0.5459434041704403,0.5361103877347196,0.5706144424120412,0.5607757025970482,0.5882924292556923,0.6469990478431276,0.6047010078900114,0.6766529200228094,0.6984198483319994,0.5655520975750539,0.6034466743002669,0.5971862535770416,0.5626399891712954,0.5795289465776603,0.6384122667085145,0.6180441928543013,0.602800911167954,0.498518108721506,0.5524491717765979,0.554229262549838,0.5692814154342186,0.6788586034141294,0.5628668883795389,0.6689349341423432,0.4766909583265648,0.5354873559631201,0.5819563477895483,0.5920681721694379,0.5519600945264773,0.6031584625556543,0.5503209559807369,0.5596241483579406,0.6722488311774896,0.564831916017114,0.5996856775471443,0.6048278085829039,0.6647420935816408,0.628053191927436,0.5950224658420505,0.5439880212756654,0.6028691227493724,0.5904276597699958,0.6824676466610905,0.5480742134931732,0.5907539792401997,0.6142241513551467,0.6578478118572413,0.40290969508492336,0.662915631041051,0.6561507274209097,0.6463419917519149,0.5336676846467991,0.6499583218164522,0.6412520663785143,0.6214211269084866,0.6468753956165176,0.5867144997088145,0.5787661516152275,0.605713734430047,0.6136940794697036,0.5452006944358061,0.6442311190990165
0.5561170423145311,0.678755123879895,0.587393235060534,0.571779306871821,0.5792592927460768,0.6382049747463655,0.5945228721588763,0.6351759159118068,0.5365020455561168,0.6444805293188711,0.6339509941887054,0.0,0.556961336293733,0.48090543735366137,0.6010725359217772,0.5904686085448965,0.578835570288891,0.5282432676275344,0.6948899339965955,0.5303754759348257,0.6010903085961274,0.5861829993741899,0.5917945642774922,0.5959189522126679,0.6890936650851385,0.524704926856742,0.5749961248990695,0.5813436159751112,0.6042652042607854,0.5995155126870352,0.6726759925558526,0.5830245169875402,0.6058514864529269,0.5795992148370994,0.5675150802081633,0.5524901817385356,0.5914381617295341,0.5423035357140157,0.6153843334508213,0.5627348868367569,0.6104218005921654,0.5665203310673822,0.5563482402087165,0.6164787203360268,0.5977716695435272,0.5375280484390077,0.5464896691090319,0.5936932976510605,0.5916605245192401,0.5174587048674834,0.5712547870279474,0.558759057034887,0.5135930630713242,0.665305185871033,0.6316749514689471,0.5446363768871048,0.5353337710836368,0.7117931535993718,0.5135380636224611,0.5121970631396805,0.5698520632006232,0.43321113806967065,0.5573346799790886,0.46864820753782954,0.47911505742392696,0.4864087569437964,0.5109104470423912,0.517577441291567,0.5204741792431598,0.5977772242747019,0.5185767797928555,0.49537175499278724,0.48828469230099925,0.5657270068327824,0.582782557437636,0.539085200965346,0.5217570010768685,0.6408798035581116,0.5379909557144403,0.48837094014119664,0.545947434381341,0.5352897636772967,0.6164933283285879,0.5329279724447361,0.5170760444418285,0.5793801790602717,0.5621259651464449,0.5136338473839969,0.5756054309789739,0.5213837481380612,0.5616460802827722,0.5883271068541136,0.6090649930436767,0.5097600779826928,0.5041323998206744,0.6930920164225481,0.5009565286462938,0.6132925527850652,0.4431105708595993,0.5419367634468221,0.51049950895418,0.5270458191761351,0.5294744912034315,0.6208893792615782,0.5256681196511628,0.5273101330492169,0.5299774173739302,0.6256217959799861,0.5678146862277429,0.5951217072557863,0.6451639193126957,0.5090516098942227,0.5155880583465102,0.5328050398508859,0.5254117975518257,0.5595734786560489,0.6008968586645267,0.5499170894838342,0.5712397370050709,0.49234481553693804,0.4903353217840494,0.5417436602422614,0.5065681085811536,0.6149616340193566,0.4857482307864837,0.7445148503337679,0.45324575902848957,0.5506986943285863,0.6078329317106522,0.5179137829332074,0.5633422252855228,0.5236604848142902,0.47257761423740696,0.5224392724856259,0.5498000146414915,0.47880955805843495,0.5886054111599719,0.5672062274487435,0.5840873627185644,0.5837170482064193,0.5757563947516828,0.5079315474032507,0.5610379648348129,0.5373408267962024,0.5848825981820933,0.5356723275390415,0.591609714255672,0.5747617410356969,0.6562807768449217,0.405815661635085,0.5706653041624333,0.6184215742918887,0.5551426125898298,0.532942723618497,0.6803483950844855,0.5384285220842286,0.5079371413947295,0.6475342977804777,0.5430764527300285,0.5077533126632952,0.538062914276998,0.5537830905893877,0.49719499917527493,0.5394952214129137
