0,1,2,3,4,5,6,7,8,9,10,11,12,13,14,15,16,17,18,19,20,21,22,23,24,25,26,27,28,29,30,31,32,33,34,35,36,37,38,39,40,41,42,43,44,45,46,47,48,49,50,51,52,53,54,55,56,57,58,59,60,61,62,63,64,65,66,67,68,69,70,71,72,73,74,75,76,77,78,79,80,81,82,83,84,85,86,87,88,89,90,91,92,93,94,95,96,97,98,99,100,101,102,103,104,105,106,107,108,109,110,111,112,113,114,115,116,117,118,119,120,121,122,123,124,125,126,127,128,129,130,131,132,133,134,135,136,137,138,139,140,141,142,143,144,145,146,147,148,149,150,151,152,153,154,155,156,157,158,159,160,161,162,163
0.0,0.5734263802747127,0.4988450883334969,0.5071361951924293,0.5621340563448844,0.5285077173798566,0.5591907575183508,0.5225463200672136,0.610341612734264,0.47915932992288035,0.5649360608972925,0.5212738706613713,0.5904461342832386,0.5597869121745752,0.5699750983832342,0.5621080214442675,0.5644743695402776,0.710579563080089,0.5887787700953412,0.7024670554420789,0.608007067338983,0.5864854196274897,0.5449513963972047,0.5835796916720902,0.6063806364994542,0.529489361123711,0.5068232665175386,0.5406996026516799,0.4574384031160341,0.5491519397902064,0.6137465087136431,0.5788545594275575,0.5301260296035214,0.5308844612447468,0.6407052347711991,0.5288918928022532,0.6504510161313107,0.6021230991683919,0.5167435040078836,0.5643314766647007,0.5480351185363838,0.5499929263470202,0.6002563465195674,0.5739580918925409,0.5960591296311124,0.6073073229220638,0.569459293072049,0.5474110394661014,0.6367181699103597,0.6023009447719059,0.6148099776512875,0.5996300462176063,0.5290885182496504,0.5490140766379781,0.5049070023368604,0.5207768575717766,0.6643899554632066,0.5521123224216617,0.5778778493478754,0.600749868792496,0.5123500669610022,0.49440394692494394,0.5554391815330012,0.49908159605305447,0.5731220307779901,0.5559953738337892,0.5620563151120456,0.6366012724510939,0.5656440542743932,0.5822032224970851,0.6726598123524103,0.576242817747714,0.5415704182936298,0.5920400122469576,0.558641631074286,0.6114265723323398,0.506125934595977,0.5547605582035887,0.568499511399353,0.4938072859034291,0.5181289694839498,0.6504049519663775,0.5844589699153183,0.5305773136598315,0.5439707151663877,0.6483346089620416,0.5389018054927508,0.6112295418422197,0.5772967062792052,0.5139901737294849,0.622943493434245,0.5897690877326475,0.5697319406090123,0.601290744982715,0.5621492059255775,0.5409672687346481,0.5074465844131696,0.537775321993691,0.4990174936639982,0.5683426922430782,0.5465520151301958,0.47188373988427973,0.5185083346297005,0.5011963663991779,0.5920178958020575,0.576300063295117,0.5032943839775217,0.5316465107060371,0.5840815910153685,0.5680285476949204,0.5689039736242198,0.550716909792693,0.55934651279318,0.5150844631092447,0.577596727513177,0.5740531888186634,0.578224587384702,0.5344600448557922,0.4764121868356447,0.526171986648732,0.574548350367324,0.49160084595117964,0.5795478772125593,0.6546491368315573,0.5513721577807492,0.530653582739196,0.49656683075581426,0.5206213396712619,0.4989542251520696,0.5851715002011169,0.5114972145436896,0.53252320851716,0.5317142635619099,0.58331994722634,0.5588417614248276,0.51258331584912,0.601127131332741,0.5806482782160195,0.5471382554160636,0.6189329967015336,0.5214744556179827,0.5465478069308588,0.6372309902920277,0.5169210901268784,0.5807864784402508,0.6070605697847725,0.5906776350643921,0.5118958546666095,0.5600078632820991,0.4157541745733929,0.6372556445795502,0.5462088642292374,0.5960600543302481,0.4830664057884032,0.5625844350894614,0.6370633022266186,0.5747291809413467,0.5385107078331631,0.5287196914594761,0.5214833890818787,0.48833768642438957,0.6368760985157474,0.5027265440406441,0.6753085581552671
0.5734263802747127,0.0,0.5994150532272157,0.5095319382427361,0.5217541033894243,0.5815184403523581,0.5873403785962735,0.5342419934104261,0.5395055991441416,0.6353342715056964,0.5449118649487857,0.5993407119398172,0.5860513431029812,0.5431752166309013,0.5449136326437671,0.5676124419924912,0.5544542277408021,0.5619526291088393,0.5545424286629679,0.5622860834107019,0.5816441033696504,0.639221376365158,0.5486806697763882,0.6038137413991597,0.6481260412568375,0.48582560910842965,0.5368153703766918,0.5173052635965159,0.5719450200736621,0.5340975328373574,0.5728574469178345,0.5663411339185287,0.5665178187222257,0.5146924382667403,0.539533886274597,0.5277662397433324,0.5886547133631804,0.5365608827833983,0.5086753978425697,0.578909097469423,0.5640354956209398,0.5679518021725966,0.49423248036457684,0.527515546690111,0.5951628271565609,0.5520930340856796,0.5849112628020657,0.5159242117999348,0.5846169626094903,0.5086454513589974,0.5308751183271639,0.5385114914431328,0.49058125952326853,0.5735462346295979,0.5097883062843462,0.5734054535113232,0.528759669137132,0.5508607770204474,0.5458589723110799,0.5616083585280158,0.5084554799135353,0.4582722607073344,0.47460493060132836,0.4821001859383485,0.4681240636110215,0.47240906473713135,0.5408361219594625,0.5778444887181543,0.5142915307457305,0.5319473421678218,0.541494938304077,0.5033801314851438,0.47119677520398084,0.5646249771892794,0.5469332901494441,0.5297823077949166,0.4844876347072895,0.6225852031744873,0.49158973827706787,0.4673975519705195,0.5159915073603591,0.5341936134405947,0.6664030086257261,0.5113745409534676,0.4780327362804499,0.640309560951882,0.47794448040037213,0.5014429289621172,0.5601760164400994,0.5500499316089953,0.5291082931729887,0.585163217107803,0.5440449177338919,0.4989615500587147,0.5053054646507865,0.6511708882030723,0.46796462421367974,0.5774487896942414,0.45357809528742565,0.5623732146873651,0.5151021733086716,0.4420612066392762,0.46371359418967895,0.575281127809179,0.49522540574721946,0.5488343072019436,0.48778218307987875,0.5828262665475925,0.5985595152669526,0.6595281729434467,0.5477167169282341,0.47199879213463974,0.5120197935298806,0.5015285077497208,0.49792858100439985,0.5815438943451695,0.5442770250252523,0.5205880150201795,0.49867072118280625,0.5152718426548556,0.49212550756760964,0.45765006731593955,0.512620212272075,0.625111654748233,0.4701725767567837,0.6262573447594165,0.4730804263398551,0.5552979792429477,0.5586358503579384,0.5387601225312463,0.5644186141691083,0.5118179628211593,0.470232218270705,0.5113796546203688,0.5245276467427655,0.4505283967688353,0.593136442973058,0.5346373699465214,0.5639341743948034,0.5560276678308638,0.514998273017868,0.545046583550552,0.6072346721355056,0.4949145459131335,0.5626337739143416,0.5280102953595207,0.578501528730847,0.5710653393556059,0.6510438685028423,0.43655113074011187,0.49713932898523727,0.5413866373679417,0.5404472221741339,0.5993727298121594,0.6052097573662061,0.5692585539150498,0.5514136049768096,0.60175874569972,0.5016561004712474,0.466299263918919,0.5173969915014749,0.5408024632796178,0.4942574762387065,0.5356722177269942
0.4988450883334969,0.5994150532272157,0.0,0.4984773520184498,0.4782512758210331,0.591088779264618,0.4845627958703209,0.5812812028243525,0.47089379709307855,0.6566031928374769,0.5580102360383202,0.5505968740049642,0.6002445890306969,0.4944487384390005,0.46874291700532666,0.6362883311252598,0.5742088217007738,0.5184338450354188,0.51564458782785,0.5064792420130364,0.5880464930522646,0.6093830941631618,0.4875506244989075,0.5062723932378901,0.6003702711338242,0.495314014073148,0.5172122387940795,0.5117304807696251,0.5381495889213795,0.4912564943457631,0.4874120928904006,0.57030308044077,0.5064940307728418,0.477777081500939,0.45751538000981495,0.5088245104395874,0.5554250454489588,0.5269352698305274,0.47668400598551364,0.5218199313242017,0.5090387569079463,0.5378274696189719,0.49943253464625614,0.4772926528438126,0.5715432746990246,0.5195379662373296,0.5114995056877477,0.5130777563856282,0.5110824873461816,0.48620784440600123,0.5117338888586211,0.5136169033622278,0.4459000124024214,0.557187746219778,0.5058919521462079,0.49812675907836784,0.49414766075867944,0.5945156298915888,0.5098496624385193,0.5090905084891739,0.5526767501097606,0.4529645755727848,0.49893981085686767,0.46013332657992156,0.4312014457821731,0.47037856807089684,0.5180542069429206,0.5528001224035692,0.5692605993720161,0.5746136497837266,0.5080262656037442,0.4490925519168307,0.47199670007325917,0.5883956430567892,0.589278016811784,0.4567577084167692,0.5165739072973781,0.5662325309603881,0.48452546106036576,0.44068965740997806,0.5179313230155012,0.48713115975696025,0.5541590001451177,0.5367603444251142,0.4715487345199499,0.5760271996763282,0.5047895080855688,0.47708957638479976,0.5251797032970323,0.4768185418051655,0.5117609492379896,0.4843529785875854,0.504401857508821,0.44929390855400314,0.47921074636229954,0.5626567775746186,0.4716521226825459,0.529192320779661,0.41272458140490415,0.5213028368431329,0.4549798735508136,0.4951457089020383,0.4549285175992054,0.5429376954468333,0.4803226700523204,0.5544239217606194,0.5266445747358701,0.5726512458986814,0.5342780474405108,0.5700556373064903,0.5110793583251759,0.453971483179694,0.5105756505409962,0.519816177783238,0.47034888219408316,0.5303812608009936,0.4910579336803803,0.5027014126453736,0.5344328036013302,0.4871229643887916,0.44731434881057175,0.4811871138505421,0.47326768025965393,0.5383642602222911,0.41498570826312947,0.589978549540349,0.47149248295809415,0.5346667290028412,0.5708609312854288,0.501268005601252,0.5238751191945069,0.5758803761330148,0.4638165551683003,0.4572866423929717,0.5059246176088056,0.40803884699181137,0.49487122172451364,0.4595439928768122,0.5523310568562959,0.5162829580579832,0.48193731952437685,0.530367429072956,0.5195013531803716,0.4976959146630296,0.5319782419243392,0.485545580124829,0.5082339787661746,0.560410449482586,0.6340931657411413,0.44624022464803975,0.4587629155042425,0.4835894268256479,0.5195052954180224,0.5641538900383691,0.590283129158893,0.5350171288983925,0.500192968814424,0.5819767135890767,0.43303547529409336,0.45501813231186317,0.5097125131670683,0.4649522154637151,0.48151322324145585,0.47927154280339057
0.5071361951924293,0.5095319382427361,0.4984773520184498,0.0,0.483622038061209,0.5177941054675522,0.5539106622876396,0.5089047782248525,0.4425515743643209,0.484242294805509,0.5712262192040989,0.4993253091555774,0.5330581590031829,0.5304116457044727,0.4853805657581703,0.5265965733868629,0.547478823256188,0.5251033191287423,0.5333001506972793,0.4684440208569941,0.5757029847588169,0.5032585695721561,0.5217772631389062,0.49676792852482976,0.539876804634606,0.5925760198678206,0.5204516903154304,0.5399358793772286,0.48639425240952167,0.4363541233972509,0.48459509647596594,0.5176458524852374,0.6463914198660621,0.5208086014466956,0.4993282329610117,0.5463953700686155,0.5469931057300312,0.5428418841884957,0.48689983684852517,0.5802535329245231,0.5800616235725979,0.47990198185318833,0.4995693385773857,0.5490847913328867,0.5364837959133191,0.5166559380197295,0.4497424469707094,0.5097213507083954,0.5469041814497608,0.49603186629058416,0.6012877595414565,0.5841424571469549,0.46710851263529934,0.6384417717335252,0.5542468603504622,0.451067376653708,0.5276427299705391,0.5667931247702176,0.5276869844520242,0.5326619764259783,0.5511685134146934,0.4725642783527472,0.5367642368149519,0.4557134415627665,0.45489271452124214,0.48961569874939165,0.5746763458396134,0.5066621926447172,0.5163075939167222,0.5557683264781658,0.5189196944729833,0.48957022666565697,0.5377536336767548,0.6135277478589075,0.534368533601305,0.4801872864520055,0.5515368926968479,0.5787904090501731,0.525638947146735,0.4808750785599407,0.5055370540437323,0.5356417105325252,0.4769129019318609,0.5377489733854466,0.5412898243396281,0.5305790213474932,0.5198823885539811,0.5275139790278074,0.5228464622944227,0.4456611680525221,0.5990366718400137,0.53401819666592,0.5279171307180565,0.49064498548421276,0.5612075906746917,0.5147583348140106,0.4694488186431207,0.5235799404339093,0.456202716315775,0.5795673959832979,0.5057578627881923,0.4853017541778394,0.5953570100828648,0.5162101842912381,0.5338093057020091,0.5060871370811837,0.5178573311465403,0.5049635260006856,0.5410494229324722,0.4879219313611713,0.6067867585825829,0.5223265362447232,0.5745089897467539,0.5390813179847688,0.5437882620193318,0.5249616838954702,0.507862039088019,0.4509579032369402,0.5737231687112216,0.5585116706174825,0.4735277647120968,0.5820091640301575,0.4936572692041211,0.5757955794549725,0.450552731375743,0.5555516303623151,0.5098900585243756,0.4814252424325653,0.5516384818123359,0.5100423324716664,0.4340478422629796,0.509422738042324,0.5178299431902351,0.5355717689541941,0.48126253460027846,0.41245722990139183,0.42931913119575477,0.5172357658775225,0.5187022274066438,0.5278502992732832,0.5823998421003937,0.50138426983026,0.5681322938695624,0.5263244961075776,0.551436559479297,0.5102217853256432,0.4669316680635281,0.513823091616858,0.4852163913852337,0.41836681113052804,0.53789226956689,0.5222344501519126,0.5121537426886908,0.44278291293025956,0.5940649316965773,0.5205901241119423,0.49487652745447813,0.5476086502317948,0.5803257853191218,0.5507584108300297,0.5036908291434893,0.52077025212807,0.5089233052765085,0.5380349724571301
0.5621340563448844,0.5217541033894243,0.4782512758210331,0.483622038061209,0.0,0.4456737212505773,0.5805867209816244,0.4446838148794486,0.5314747061051277,0.4458592536545829,0.5501346425335926,0.5181137231137821,0.46595574174518417,0.5060606159887653,0.5722938637503558,0.49409133544245715,0.4914251450787154,0.5500979844273679,0.5175510277983719,0.5349047823184181,0.5588915279455982,0.5980096029572203,0.5198343914365432,0.5610959541550163,0.5198447603639537,0.4950298286598286,0.47908227584447144,0.4478830588095369,0.4690742776432341,0.5019344090277303,0.5547400571978817,0.48051542804312375,0.5050859530696661,0.4609516759679533,0.5972126967387225,0.5438940281340724,0.5292765285572588,0.5469160627355667,0.5527984312917011,0.5207652244838836,0.5499359612922569,0.5087445515642443,0.5325920651044289,0.5835428621205062,0.5003931387912905,0.4801291944289403,0.5088910594735138,0.5336453395766774,0.5853852864259382,0.5606928539766937,0.5465400055096458,0.5053226236638237,0.4621465462643814,0.5366209782619399,0.5074682443578808,0.4526860951576343,0.5366000460120005,0.5233848093450496,0.5268540409786657,0.5139978013708916,0.4304411600409921,0.4389116206358193,0.469025582648904,0.5180791587573829,0.5108829144864414,0.4426253193617293,0.48773092189062717,0.5260614974251464,0.5104534235455552,0.48633251011617545,0.5531575423563448,0.5288242090574383,0.4758097727037517,0.5093140523319926,0.46503992234376584,0.4598067984473421,0.46494462599657155,0.5761256224233657,0.4666908776036318,0.4268301441162251,0.44268197531746023,0.5848400370483232,0.5184649646919379,0.4393743385923409,0.48739665455702036,0.5320509022420047,0.4531351543344037,0.5293353696075075,0.44829972920506506,0.4605922356389625,0.6180664146298014,0.5596352074895771,0.5738749038889452,0.4697953025722826,0.5280749620707241,0.5224173798795417,0.44570083229560303,0.47978166729410227,0.5071267987208153,0.4599556134714898,0.5150325410303882,0.4276842178953644,0.49838606242338457,0.49353220530021236,0.506113430814827,0.47304363170806224,0.439017169397423,0.4676755825944341,0.5132115849634106,0.5065172776041399,0.5482988843220838,0.5495596876340357,0.45812893339802413,0.4744420421582497,0.47219563789772856,0.4795349235286073,0.4600376663302872,0.5427082995153842,0.4507091147776584,0.4800325665983757,0.6175407984590606,0.44709076375958773,0.4866893378061608,0.5435652118035488,0.5211984250954004,0.49328756171207644,0.4505472527508966,0.4898941172291559,0.46789629317779124,0.538725896132514,0.4450861746638334,0.4712478828421109,0.4438410139732386,0.5639848672112646,0.5364257890822646,0.48857722285182376,0.4933333223227965,0.5926091559785116,0.5245997148896089,0.5726662370682005,0.46483927487956206,0.5124098973969411,0.5594337539424787,0.5311344369285971,0.565319248005581,0.5503615084130203,0.5961906604969506,0.4480121305172034,0.5077614633326262,0.4055433429323661,0.5377065493153623,0.48925615126508737,0.6013937503603396,0.4762140735715958,0.5171995990498574,0.5217815855128839,0.4719963384142526,0.4718124918191542,0.5081535777250747,0.45460495662200273,0.4273138927788619,0.5263282474385785,0.4760716689625839,0.6355571317226127
0.5285077173798566,0.5815184403523581,0.591088779264618,0.5177941054675522,0.4456737212505773,0.0,0.48337353932725025,0.5909588281778277,0.4913612725143363,0.5858751329180049,0.5215285379373793,0.5516688476023139,0.6078257693202361,0.48852632635447635,0.4462428056926652,0.5991925122141754,0.5646628964458202,0.5018796096313549,0.5509834622653927,0.49904030351526363,0.5768792695978656,0.5170019679114599,0.4722368769637973,0.47348263090720377,0.622307935861856,0.48894427525351525,0.4736036076448296,0.5299041719008957,0.486212853241792,0.5087296860385001,0.504825482516994,0.6203808221118073,0.5144288545774501,0.5149248233958647,0.46287240007941355,0.4886202891667695,0.575118811489279,0.5136207836107193,0.45535839516537785,0.48849241007935806,0.4910846434442211,0.5606402419928016,0.4849091262810226,0.4910714832203506,0.5485650129012557,0.5265678455957026,0.5181499443672452,0.4956587908801835,0.4982012118100631,0.46905872364104423,0.5286041271242642,0.5656807942067023,0.4604570179802492,0.5423937813537312,0.48664782496594183,0.565094925294223,0.5075145451536829,0.615753577904651,0.48143216127205785,0.5091268966715093,0.5803186422105293,0.48757852306739724,0.5279640701230026,0.4304173273535962,0.4358860984106082,0.4965952186282749,0.5226806132395457,0.5580963714347585,0.49927514036114834,0.5859223565627447,0.5211202252360532,0.4459851077964349,0.5002888320059159,0.5732608109767653,0.6121646122307476,0.5147440732006008,0.5080458905052466,0.5461926677857362,0.49934012776724795,0.5103045762199089,0.5805469867273946,0.5068590015606146,0.5676748343553083,0.5640433407596548,0.4995773146902425,0.573327457699362,0.5600381487331709,0.48505956729986227,0.5950373017707996,0.4989216106984733,0.513653100638383,0.5312189811446788,0.48519646269010924,0.48737862910630897,0.48708466288618935,0.5750846506853916,0.48812238552014525,0.5895054015829624,0.42704105496507233,0.5703421178396576,0.46067296513971756,0.4876807937744833,0.4794242272642592,0.5320582490108061,0.5039265779979861,0.5572312601032705,0.5320481268338795,0.5721354471324456,0.5125059716776835,0.5631392155041681,0.5382381398423502,0.4546161145115861,0.5928323830972635,0.5296467813216784,0.4940657144939993,0.5544213686630718,0.5616103070558431,0.4564707172832532,0.5450868794100833,0.534828295009784,0.43035362335207367,0.5176206570841095,0.5109568024435568,0.5831323489527486,0.4334870655811647,0.5768850346017398,0.5022209353349143,0.5130969395128173,0.5565945265644787,0.4652210138295607,0.5612863511913894,0.5886273743927455,0.4945491588598948,0.4870043139720987,0.4730714644677154,0.4031041264310041,0.4990103444215877,0.43811681598280267,0.4663141877691015,0.512147220318694,0.5030178424761986,0.5399760977652213,0.545873679834642,0.4860989849897334,0.5215756298781155,0.4987013629543178,0.501537758350963,0.5708186227277062,0.5781603679070888,0.44765651348185764,0.4867420159590028,0.5166468614831017,0.47432760394698414,0.480174849531465,0.6169166768256992,0.5379674522437712,0.49802777418137567,0.6465459965464438,0.44303040489556905,0.5015122868620839,0.5121776474802471,0.5201716626622694,0.49834956850279666,0.4863772886409694
0.5591907575183508,0.5873403785962735,0.4845627958703209,0.5539106622876396,0.5805867209816244,0.48337353932725025,0.0,0.4679638306611622,0.5018877635093196,0.5094942423247768,0.5389994784855558,0.5624869468034923,0.511352443503612,0.5120078374819237,0.5756207022837686,0.5009234675537613,0.5074485543284497,0.5472737435437914,0.5408929768483529,0.5071815270469564,0.5552513323332978,0.5596885654660846,0.6236834427981143,0.6268972611809016,0.5837625357612201,0.5087635970700516,0.5286567648530172,0.4955531922915513,0.4947681211403394,0.5042501684822297,0.554729677998249,0.5137177623725399,0.5672975773044118,0.5312558510232869,0.5489058356994783,0.5103574234604723,0.5727396873346652,0.4994537792984584,0.5152027878665268,0.6051601764707601,0.5438370893343598,0.528440863940355,0.49441244422285846,0.5585460037490406,0.5414394775751681,0.5207497783884706,0.5218956046784552,0.5065629607120402,0.6659940936462108,0.49811760732480254,0.5625273473950109,0.5190203904117692,0.4609755655687867,0.5641164230636916,0.514984276792579,0.5004398800870546,0.5249251241277597,0.5159526037158698,0.5515079741248099,0.5340451295258956,0.4603410627865944,0.43252337347158504,0.45192184975242794,0.4621174027521083,0.47461615298300097,0.4524978375344898,0.546744468513322,0.5474214599560644,0.478179133003401,0.4951962912242097,0.5279977073132691,0.5029124417252554,0.4718114173369491,0.5528113894082611,0.46827584212817486,0.5099707767700754,0.500443971449614,0.6483651554291917,0.46948777854094265,0.4562274209521577,0.45865038258782825,0.5557198805082936,0.5660795640941048,0.4462479059521551,0.4832828934541304,0.537642063602387,0.45883539588549604,0.5255036495765574,0.5071177352785046,0.5031143745367725,0.5685270794257632,0.6088018442978124,0.5435397365799337,0.4909192521009064,0.5196536500853244,0.5683504816556744,0.4277372581724506,0.5246565317514484,0.46055666399917333,0.5398294081655635,0.5149704061306608,0.43422765029598737,0.5121076364540947,0.5266222245260552,0.4802640749295613,0.49562579427826586,0.45568933198428635,0.5100840756596162,0.5675560593309551,0.5744815419083977,0.6177679402857318,0.4971084299735981,0.4928589164724421,0.4777510802991443,0.48058771577187137,0.5288554456009609,0.5010661182650463,0.5181802082859799,0.4755554681877888,0.4926725734392328,0.5112067150233192,0.45268144867449245,0.4901521167991962,0.6275441533220933,0.47245525043266573,0.5477042095084914,0.46032140085734735,0.5120769742022968,0.49175386382408565,0.5175577851608588,0.4641213672279662,0.456995655398816,0.4577654018495083,0.518007719537607,0.4980808160476309,0.43981752494264176,0.5064566279862738,0.5765398384296858,0.5336722759241044,0.5558210535838607,0.49908699240554344,0.49436788147958133,0.6170643622991191,0.4845992254212784,0.5512444897013286,0.5713410714003101,0.5366481724674451,0.49891447604603595,0.5197843130364502,0.38863782155438287,0.5279697870019896,0.5082196232536823,0.5366555475687588,0.5236459621469265,0.5685085485917701,0.5437012376363608,0.538747304896145,0.5500698647275949,0.5605804657087943,0.49310065146948073,0.46539839748238115,0.5320866440958263,0.48400755399115203,0.5791407806231053
0.5225463200672136,0.5342419934104261,0.5812812028243525,0.5089047782248525,0.4446838148794486,0.5909588281778277,0.4679638306611622,0.0,0.5165763322522473,0.526934189167628,0.5221941198417543,0.5516782890457556,0.6234346786073532,0.46959635720651255,0.4763723310653619,0.6046081157545321,0.5249297149075192,0.5142593247102647,0.517379117482561,0.5087974740874511,0.546661542657846,0.5330757322517792,0.48159648284838236,0.4833719010560642,0.5784873990214533,0.5174369287563132,0.5346215722674711,0.5150298089132264,0.4391648869397791,0.5197681193878699,0.5350801148084403,0.5664698738693348,0.5152247517060758,0.5109798015499529,0.4515641405569616,0.48946936999761925,0.6071032480801243,0.5256398894547996,0.4841191292405837,0.49253285348126247,0.48087139675646445,0.5096230785543232,0.5193826200573582,0.46091010814513667,0.6507303986987605,0.5620253997317565,0.4878408246736536,0.4835717227011067,0.49354106558247945,0.4808609371833907,0.5238701852978136,0.5122116938810073,0.4299503666349126,0.52245987561551,0.4845715042114157,0.5053451105812711,0.5055458070649866,0.6274656326539729,0.4637687728811649,0.5242360596560282,0.6071738846146029,0.4732457706217566,0.5164368395807032,0.42361899265781766,0.4289622059412706,0.4917565318575196,0.5446420192660187,0.5697516174039905,0.5263275198733398,0.7111455530023046,0.5384130395946092,0.44093878901317685,0.4673984239658631,0.5875870854009776,0.5817873620312063,0.4732251429992913,0.5451749544171656,0.5217584211833798,0.5398408360606185,0.43414319696770914,0.48325470496128164,0.5222836986316522,0.5599237633864332,0.551486807820809,0.47622128274558134,0.6104490280893511,0.609236309603774,0.4981923104859605,0.5926909797059119,0.5311143799092167,0.5143145576165481,0.5001116602034664,0.47428090600307754,0.46107215932354795,0.46419615756764376,0.5477298484950416,0.4972540648028573,0.5234116505699306,0.4059054278474202,0.5588483516633382,0.45468891712118187,0.5726370928702331,0.4715768842741665,0.5026743470922139,0.5037187163147474,0.5970446189113899,0.5322420060191623,0.5315892437288522,0.5134517248441608,0.5157270566204571,0.49941947653855734,0.4562755620935604,0.5219658163048961,0.5310425152135081,0.4925732582178031,0.547247156915112,0.483306552234165,0.46517749099617484,0.46351213878629904,0.49813381053230515,0.4349746386459509,0.5679314359328433,0.45992405015645027,0.5541802112594819,0.4059405574777242,0.5571638472696013,0.4749562699602292,0.6195503464318555,0.5020266601509505,0.4892068906142373,0.5300963096127618,0.5603497200020426,0.5176824803136948,0.4700933449318856,0.49067882463435747,0.3904284297875454,0.5022703665483165,0.4522405530283251,0.5149299638896404,0.5506238786591765,0.47860969611743076,0.49309699358526143,0.5218651664098446,0.4743688944686643,0.5081934916687267,0.5068111588314003,0.5291564894500324,0.5369794993921965,0.5442416611133694,0.4132795428373659,0.5084526639771086,0.4551550906707469,0.4962192755686305,0.5063525193915887,0.5820518285390311,0.6005880078201706,0.5107365851842571,0.6033774906230908,0.42517414956126565,0.4677739058478774,0.4617056326450172,0.4627622349971016,0.474788297770351,0.48206975434059973
0.610341612734264,0.5395055991441416,0.47089379709307855,0.4425515743643209,0.5314747061051277,0.4913612725143363,0.5018877635093196,0.5165763322522473,0.0,0.45299764918261937,0.4811208622631321,0.5135209065673634,0.5013263752199071,0.47842759742272245,0.5203755507350583,0.49004579010767113,0.46888535836384787,0.5405700952332655,0.49195288753820926,0.5519034235806656,0.5097365606511749,0.561924574319439,0.4816469113230415,0.5057453509698956,0.5351906364469804,0.4540013959676032,0.4865427212632649,0.4490541076902381,0.40882689161331776,0.5949373839261823,0.5959897920930305,0.4914491912846149,0.467401335211034,0.4571439172657465,0.5258840195610361,0.46698398925672197,0.5571994764830006,0.5137642268531939,0.48109166509979867,0.4693063467032125,0.46607268729609025,0.5754282298958873,0.4888371736974273,0.47723118630387323,0.5262518729949673,0.4995148464704935,0.5321553608413805,0.4595141028237205,0.5093670659626053,0.4985139650573837,0.4941625963940097,0.48445120574369094,0.44558448091578545,0.46645387142238853,0.4326880040495291,0.5561143027736463,0.5105432101013391,0.5232322065743222,0.46720692898673644,0.49913560834489606,0.44928868705499186,0.44535464595602037,0.4542412219153617,0.44592497182289415,0.47696709582170926,0.4490691802950052,0.49737185439472453,0.5779092886183077,0.48159841113955015,0.5390822464206293,0.5717477784630106,0.4724515466430789,0.46201485891716637,0.4926064355332916,0.48715268237369186,0.48109896486101184,0.44702818816544,0.5046770037689687,0.4671948313652407,0.42146767568479654,0.445135085567916,0.6070502128570475,0.6119249582002311,0.44925035840722366,0.4617626506191795,0.5947489999567628,0.49926312995792993,0.5027938148722785,0.49713868626434593,0.5869686705604907,0.5352819403023912,0.5701292631469328,0.4728749028924055,0.4636920296695934,0.48275535511502654,0.5360745643306871,0.45669041263572147,0.5004890333225914,0.4596467657186177,0.48151959733626865,0.4668948408098657,0.43373318971595093,0.45008054030554984,0.4668240432753367,0.4921298321309454,0.5032310466529875,0.4319604285538869,0.48866920738075964,0.48274558746045987,0.5133630728235781,0.47790344563146037,0.47888970372925194,0.4732674801839572,0.4838650728054212,0.4546645849926807,0.5214660674226032,0.4691144007419632,0.4705751618559833,0.40626877288931357,0.49578041293695063,0.49790221730652134,0.45880364211462854,0.47749317122385065,0.5395211678534859,0.48535016759914257,0.4637566473137698,0.452014537883607,0.5238885515727125,0.4291330877613838,0.49020305937485736,0.5652514950834778,0.48587549249180517,0.46358640559410913,0.5404679388368646,0.49124607258788094,0.438924714435466,0.5434495881840075,0.48669256293973695,0.47094804803116613,0.5523585421235102,0.43780815213521285,0.488462788535827,0.5635512750257405,0.47709804529219096,0.5007950657358637,0.5477210420300451,0.6836273795273193,0.4580539263326166,0.5082819985769081,0.3921628460581086,0.5239959321578156,0.4568745566389537,0.518965728043401,0.49176288036895444,0.5072387980994221,0.5813701878195395,0.48827302780340004,0.5068518518206127,0.43983864413140716,0.4336175443094688,0.41800518246830076,0.5171164396159285,0.4741401124782986,0.566995452776862
0.47915932992288035,0.6353342715056964,0.6566031928374769,0.484242294805509,0.4458592536545829,0.5858751329180049,0.5094942423247768,0.526934189167628,0.45299764918261937,0.0,0.5089838282639493,0.5638831947362579,0.5628258402054892,0.4746142150908051,0.4505241169042639,0.5706935109910636,0.5468250882151173,0.49213837831493906,0.5203556589170977,0.48026118285808084,0.5417209431983299,0.5407052315997556,0.5155924518493789,0.49970272407587174,0.6295458037735554,0.4518146545519074,0.5101083371020027,0.5188234276648637,0.5611909114190737,0.49510403892003596,0.47566897550455284,0.5662174748355384,0.48935256933341437,0.49499710789146223,0.4427592278975367,0.4720637326943235,0.5246760754197781,0.4777489006641227,0.44823842908718325,0.5141645210766048,0.48275858038979647,0.5397137790198162,0.4556359555679295,0.45651645095244403,0.5339797574232142,0.5031766435742411,0.5103775437770145,0.4700999218042168,0.5196991216968161,0.44625754648290683,0.4832244127806094,0.48454440797041154,0.43833718623690715,0.5209605899838964,0.48252674182469785,0.5226948619415227,0.4694677896543673,0.5385157649111602,0.5029896760469438,0.49088592755625454,0.5067278172529506,0.4277165566873227,0.4484497869419862,0.43505602838018853,0.4118346549386738,0.4457978664721402,0.4952600753703572,0.5116420284697302,0.49922028622640474,0.5148105216053386,0.4633493868961805,0.4339595343737901,0.4452332054837509,0.5435933739921237,0.5382001733920011,0.47495090918746063,0.48399196189779276,0.5618566889853726,0.45138874243956,0.44661962892043655,0.5062018195652062,0.45636543820388165,0.5597462751579226,0.4907231370075478,0.4514529503481003,0.5337760096331555,0.46255577441223833,0.455986434075513,0.5403388462491666,0.47534300209595093,0.47276314964578503,0.4924570848874579,0.4836955546598705,0.4449754008898218,0.4567857625382642,0.5640636472479627,0.4310414354552078,0.545564954427103,0.3993193702021949,0.5255000090007739,0.44337144670197687,0.45078124468839703,0.43977780551840295,0.5614951955681385,0.4461663417197308,0.5170078747817086,0.49488967502905934,0.5967714238437527,0.5263965679142486,0.5918055048151286,0.5102942687990474,0.42561059285406666,0.48946080606341075,0.4960007130630962,0.44574639132280747,0.5213284509058042,0.5150102734230533,0.4936402721339765,0.5174978083618216,0.4729303974805777,0.4171523804493666,0.44194866457282855,0.4631518431547248,0.5381987583558523,0.4028852448655923,0.5896935832967073,0.4519718581383284,0.4965169095549366,0.559990188201648,0.46363464875782984,0.5401966951327984,0.5075759967505815,0.4390132826929698,0.4329665480151151,0.4637841491988202,0.3897363514564894,0.4983914438773484,0.4401886519919963,0.5138860657454909,0.4930632123401268,0.4697313591801838,0.5055583164455804,0.5188254549006147,0.45986472191085315,0.5016885909966002,0.47348495693439885,0.47117262469282667,0.5748285571422584,0.6410318546098484,0.4319551766932863,0.4358372373623141,0.495981566325641,0.48019534606644537,0.5689444290667183,0.5880095432742253,0.49991152660767624,0.49968428884485416,0.5929928155626372,0.43107953064032084,0.4524085701392499,0.5176677931831252,0.4668923515337981,0.4753775165277286,0.4527447962794165
0.5649360608972925,0.5449118649487857,0.5580102360383202,0.5712262192040989,0.5501346425335926,0.5215285379373793,0.5389994784855558,0.5221941198417543,0.4811208622631321,0.5089838282639493,0.0,0.5521094074385733,0.5760163597642822,0.5496009348529598,0.5131950901006845,0.630589663591183,0.5841875935836541,0.5636594069621382,0.5876194007405134,0.5629809463629478,0.6190053944280205,0.6159206520879245,0.5321569602889216,0.5479231290604532,0.5990254768705847,0.5517814227424698,0.5404430924705285,0.5617742519775561,0.5484995312670345,0.4860368197347483,0.5349011613586777,0.5769239499797285,0.5378662138569799,0.5223046623622104,0.5579651968431035,0.5756609349043966,0.6293212933679418,0.6074997672449944,0.5791313912929962,0.5598549379475217,0.545056348682601,0.5041098832248075,0.5612014966041747,0.5857503959307317,0.5733181500960337,0.5092985064273701,0.45341392856597745,0.652807351543335,0.6225654283207908,0.5474667744899286,0.5929702265322295,0.5282385667412992,0.46188773224991053,0.6461206289637434,0.6403814742083302,0.44602774499204695,0.5729759822135708,0.6124009611249277,0.5561022625361964,0.5495665025931729,0.5712067087276431,0.4592849068743779,0.5315009407754251,0.5108302580507053,0.47546056576530427,0.4909044968493644,0.5668803096813423,0.5327575395761631,0.5881436432338392,0.6004927734313198,0.5456988682725334,0.5232808000626311,0.5406442582948376,0.6195789018456551,0.5684829732138168,0.4861911550074685,0.5877246090422771,0.5932492414263574,0.5103370570647099,0.4741446307026852,0.4875055264180585,0.5365923861978373,0.5040669388795909,0.542089816930942,0.5262975378505597,0.5534604245195555,0.5639872415147514,0.5473752627208781,0.5059090510782386,0.45405550159444547,0.6011502304240814,0.5079327726257623,0.6051057565168863,0.509409366324886,0.5434414743278817,0.5421770243967554,0.4894364764061544,0.4949245634066058,0.4678779212182561,0.5150497070807953,0.5624093718252116,0.5233715813328095,0.5139261484105929,0.5059350263926922,0.5419291657154696,0.5078694075860496,0.5135648390305425,0.5206701438129331,0.5221243241115778,0.5473776052930962,0.6281037584680143,0.5372456643236819,0.5465195749134499,0.5596012058159348,0.5155874955884727,0.5087498036406508,0.4958669960292657,0.5868841567772967,0.5419635609434515,0.5116594640108832,0.5348759359574262,0.5076165502929468,0.5207222899769663,0.5746180737262502,0.4909770803976523,0.5984729873008556,0.4746088149726601,0.525037658930574,0.5620045461185028,0.5396972919911801,0.4518285053545228,0.5437824461194156,0.5574912942867544,0.5511190895441161,0.6018525751930569,0.45106716256641866,0.48431892145019856,0.536420583789366,0.5964560295767033,0.5808698951923432,0.5262640262367054,0.5750249237023918,0.5502576511400363,0.5545275307379605,0.6327058408231315,0.5136646268365569,0.5085894116212164,0.4933777279784184,0.5568052848215604,0.4458726152007362,0.5833792807576453,0.5163640649262121,0.6436629704124612,0.4584087935527579,0.5725737258913567,0.5758975773150211,0.5745639036983516,0.5204148548270436,0.5379495510824572,0.5331913904344928,0.46261175688110995,0.5352615583546555,0.4847430728453677,0.6094210144127863
0.5212738706613713,0.5993407119398172,0.5505968740049642,0.4993253091555774,0.5181137231137821,0.5516688476023139,0.5624869468034923,0.5516782890457556,0.5135209065673634,0.5638831947362579,0.5521094074385733,0.0,0.5163699658798742,0.45042066265307323,0.510978211626537,0.5553098257857788,0.5047240976817255,0.4867041046296927,0.5954341135203681,0.5145950737616733,0.5623761620132225,0.5628650368498153,0.5530711552342927,0.5581571455156807,0.6720502236585242,0.4775996054747773,0.5052445746610127,0.49297760124702816,0.500161677580463,0.5608370056356248,0.5959507898706388,0.5434220276249283,0.513124266099865,0.5591157961333555,0.49701499651948583,0.5082769080356683,0.5828751186355071,0.49464863042962953,0.5379554491808894,0.4927771502874178,0.5000507617630896,0.542744016875236,0.49973586387998153,0.5210424739671189,0.5805476515087964,0.49427826698546773,0.5050412000090463,0.5235621599502762,0.561707090474605,0.4704883060696313,0.5087802069463279,0.4937416668720698,0.41306401554025807,0.5460567385884812,0.5169357437580523,0.5107716291453558,0.49096573169006796,0.6217735759253418,0.4702350328200794,0.4952903070237265,0.48225289542282973,0.4190346978508398,0.4518991830662533,0.44400704486056325,0.42422394175257067,0.43168624082668583,0.49263587308852336,0.5156859801153091,0.4717584019374919,0.5435600085254814,0.493969451879477,0.44426551137209846,0.4426540268551715,0.5243836602106781,0.4941133488025073,0.46341165966781434,0.4887130579160605,0.5834933490170799,0.4705672492247827,0.4266938356468252,0.45049832270166135,0.512834754902088,0.579707777698054,0.4594847789314353,0.4591497871991409,0.5608343589284054,0.504919653889465,0.47325936398434854,0.5092771909146828,0.5186146128544051,0.5163533084928087,0.5626130620823834,0.5072594806020546,0.4468033397510038,0.4518659154566689,0.652427408994666,0.43692837176174004,0.5693062847668005,0.42214971545703367,0.497408125461303,0.46884205082616837,0.4729752679344031,0.47674642958827984,0.6050667171842117,0.46383775883959677,0.506555897855912,0.464058728254259,0.5531562278260593,0.4963667143870676,0.600105304156109,0.5889137114113535,0.4609148564434539,0.470193948399254,0.4838025726856204,0.44664593906538025,0.5085125250881234,0.48514965967142115,0.5420224932178366,0.47769838899023365,0.46991032312948017,0.4534658269816069,0.46220870060068786,0.4751074034527781,0.5639692000496216,0.42650503192278355,0.6021049507522944,0.43348849516605564,0.5752060063205077,0.525905681966438,0.4622755499012534,0.5113828550722082,0.48230450924026236,0.4462458881001094,0.4832621132389069,0.5178223916647456,0.3982249851702588,0.5465084379609477,0.4805553719102231,0.5246011324926305,0.5598061315799847,0.4628654557990657,0.499305661242302,0.5300466834581864,0.47321034235441795,0.5382751598505857,0.5480339758452101,0.5678761816978135,0.48427493769178687,0.6170207084034791,0.4137592339524179,0.512911279262427,0.4697307984101682,0.5219131884930192,0.5203632991187948,0.637915400654219,0.544064005264,0.5010623014128395,0.5818623649515596,0.4485179289495373,0.4473790684417416,0.42829846571579744,0.48594735450295373,0.4601762112690933,0.5129220262637311
