0,1,2,3,4,5,6,7,8,9,10,11,12,13,14,15,16,17,18,19,20,21,22,23,24,25,26,27,28,29,30,31,32,33,34,35,36,37,38,39,40,41,42,43,44,45,46,47,48,49,50,51,52,53,54,55,56,57,58,59,60,61,62,63,64,65,66,67,68,69,70,71,72,73,74,75,76,77,78,79,80,81,82,83,84,85,86,87,88,89,90,91,92,93,94,95,96,97,98,99,100,101,102,103,104,105,106,107,108,109,110,111,112,113,114,115,116,117,118,119,120,121,122,123,124,125,126,127,128,129,130,131,132,133,134,135,136,137,138,139,140,141,142,143,144,145,146,147,148,149,150,151,152,153,154,155,156,157,158,159,160,161,162,163
0.0,0.7033995745675514,0.6477442858751704,0.732607252900117,0.7232581524481831,0.708050035747978,0.7157886167099935,0.7248755527924867,0.757990511323454,0.6413017637115734,0.7376035799039975,0.6525138731870602,0.8176908702671785,0.765832194147087,0.7320473555970706,0.7419218138609196,0.7682526661329889,0.8609363362198355,0.6493862796999659,0.7966659889419893,0.7179845344144421,0.7078809242524812,0.7557340152899559,0.6905469359787177,0.7436009985826415,0.7104778604493841,0.7148233554190386,0.7371999732564852,0.6035806247674835,0.6678322884886578,0.7115280641329215,0.7447506369459034,0.7087846096456294,0.7122603247160038,0.8435433695783875,0.7135005747275641,0.7605387493675029,0.7401209528156547,0.6325066286915105,0.8074501220380152,0.6766403743033631,0.7935848613128542,0.7401641350376561,0.7215015311562487,0.7511803940111401,0.7538121192182067,0.6877018357335558,0.6890778074464599,0.7734947553550671,0.7586955409171293,0.7540183613132168,0.7320457256717339,0.7202368498187878,0.6549204341769284,0.6797011710372104,0.7491115888777148,0.7762686531198674,0.724233436681319,0.708244920234182,0.7763454446556391,0.6970426960476293,0.7142527372731513,0.7607264535044865,0.701473158106342,0.7272004756605353,0.7221047284091204,0.7450232263127858,0.7121936228086654,0.6715782403572323,0.7629906123459735,0.7779940818066386,0.7438216241040964,0.7334675209213328,0.7652106205619876,0.7151361238312731,0.715491556444196,0.7216309030293547,0.7036039902410549,0.6857067704837021,0.6423623319259529,0.6978116339845654,0.7431003500517318,0.7068782526956313,0.7073987482682031,0.7773714994674095,0.7471076436693056,0.7791481276313414,0.7047844599625844,0.7596318863627511,0.688387539989844,0.7955108403660233,0.7345132041974767,0.7379507894357517,0.7236267095972807,0.7849758573860238,0.6514360543699774,0.6209511193860502,0.7230001589566515,0.7356960712057051,0.7402515382337657,0.694482305788086,0.6978633327161085,0.6764314134210893,0.6213238405664409,0.7955037766787514,0.7607204491585191,0.6889723857500983,0.7557339973643867,0.7428802362835931,0.6960290610994407,0.7011263460963084,0.7750869021040907,0.764423267260869,0.7134065197932188,0.7769654759729497,0.7815463793111005,0.7816105571782963,0.6619752039581918,0.6749166957684206,0.7333637957036335,0.7793617736899312,0.6862505668556693,0.798518615733597,0.7406561780704457,0.7525889659823439,0.6353687860776496,0.6905867937660224,0.7096248074085656,0.6807037932486807,0.7256670589062727,0.6995542577139215,0.7192216690987495,0.7074417073590793,0.7204687291441471,0.6632937879993377,0.7153254752655495,0.6726332568981015,0.7690907905080192,0.7497021484164446,0.6988228058628946,0.6792532994663198,0.7550397140449809,0.769560592112258,0.7226994584145116,0.7212374920212332,0.6668488497247964,0.7096404125749689,0.666147292950274,0.6824850289752394,0.6425972954683956,0.7651916533000958,0.6876255491585344,0.6697523291066775,0.6615983254501526,0.6978338720341792,0.7522247901373629,0.734467937657614,0.7206768838461188,0.7581090008785673,0.7406230197509986,0.6819761588526408,0.7585267882135946,0.66119768269631,0.8043158786909185
0.7033995745675514,0.0,0.7389309162762582,0.7295887765658308,0.6597984624980008,0.8347870037385124,0.6549574284046767,0.8163722590624577,0.6939514542926151,0.7044856258454387,0.7444396548214541,0.813507615967051,0.7215833846241652,0.6446112643489572,0.7618315737545717,0.7299083331064997,0.7314125055704361,0.6808937719488388,0.7537625531127419,0.7697623792669893,0.7783759711857408,0.7961876918046314,0.6618973684231394,0.7570015912972415,0.7587625889019164,0.6209304399410475,0.634641792845297,0.6896255280463045,0.6760624634111062,0.629751247901046,0.7463782946663219,0.7041700190781598,0.7679914750430336,0.6829844037446634,0.7130205028286514,0.7336101954121037,0.6796308637630422,0.6905073701888327,0.7462727176900668,0.7152127392765588,0.7528913682946327,0.7290115408924479,0.677666867852233,0.7184935353436877,0.7432248511308391,0.7033189381145462,0.628380943516813,0.7044118621054829,0.6765455387146665,0.6999027169190334,0.6942972624914117,0.7017663155919099,0.7187157406289878,0.7536490699360846,0.7153325085681964,0.7072248044254561,0.7265385421631846,0.7607996538982983,0.6464841082749065,0.7291854137719012,0.7848877771435327,0.6330777357659559,0.7157558631473101,0.6474829748310627,0.6762657999834749,0.6766050064550245,0.6715135830151362,0.6310599145929879,0.5932029899970708,0.7192100973936618,0.6940526405597427,0.6435693230387192,0.622479251667518,0.7181464905035576,0.7508145900598526,0.6378055311890606,0.6719632792310216,0.6665527074837664,0.6649255433853152,0.6051974962762651,0.7205713854911965,0.7075834724229331,0.7230934852990897,0.6936706870201359,0.6832046220075562,0.7661312531161484,0.7129223288672607,0.5998137544872826,0.6899171280685064,0.7042294139609309,0.6526480896399087,0.7012550827758853,0.729418896956215,0.6922656164554989,0.6795043214299016,0.697889956601735,0.6912898412823624,0.7362053167528915,0.6244971533988092,0.6693787112343335,0.6629819281165319,0.7019771895501071,0.6029313718773663,0.6863212859695702,0.6924935699966358,0.6976859000683842,0.7171000385797487,0.7474824977460626,0.7028030443603975,0.7874023067050733,0.7195243881018676,0.6637896894773644,0.6677162710822765,0.6659431435279383,0.6825388139033789,0.7134695362153813,0.7397954509662246,0.664500079106558,0.6936374744481038,0.6294074502248032,0.6803079591141348,0.6410970271096204,0.7034251693624672,0.7254728804808316,0.6658307269936283,0.7191035967912339,0.6196890586113233,0.7418532620971413,0.7703903500072413,0.6605967400879377,0.6830853462192271,0.7496274651095285,0.635517016060208,0.7032603835066465,0.7762256967311035,0.6862314820329393,0.6841704179652496,0.6795587605109696,0.7475357027077213,0.7126309350840819,0.683266003955696,0.7057732905501584,0.7248160116884368,0.7210715744202252,0.7104558783497603,0.5755489713699522,0.7754491306586532,0.7052758959415509,0.7484801243947142,0.672468428838098,0.712848876024054,0.706286040623178,0.6970576361374592,0.6691275492054792,0.7736247985923299,0.734332819683642,0.7212813973719463,0.7374611956118391,0.6724384690781717,0.616779377988672,0.6619486572228407,0.6760765206686817,0.6436539837067949,0.7049620477836587
0.6477442858751704,0.7389309162762582,0.0,0.6525066028143539,0.677858904033305,0.7487585041556996,0.6233337509447092,0.69654203126207,0.6176202698830364,0.7077801077930154,0.7254122918515986,0.6971485499770862,0.7023993289524015,0.6352618901169548,0.6573909301028322,0.7377663565920862,0.7260578845743166,0.6461699676133721,0.6429852011597605,0.6791303205155765,0.7220497124712,0.8034932549860861,0.6172592983209223,0.6584375280388958,0.6891334839034187,0.6065560489620351,0.6091758273485313,0.6381417227419687,0.6731758269085348,0.5987209279715997,0.6318418591210035,0.702350079544033,0.6615013685442694,0.6163752434288786,0.650958433950953,0.7128054319330441,0.6383255301961352,0.6426019554333734,0.6381427876215184,0.6681825571548401,0.6561059302559099,0.7118799653011035,0.6571900335860017,0.6607430778108349,0.6808044332762434,0.6331062373447918,0.6378830950439519,0.6927865326148038,0.6397077267086377,0.6838977801005323,0.658248436919201,0.6569228222670094,0.6413684909411126,0.6965225809075398,0.6913310908798544,0.6397163882527338,0.6455722745436047,0.7247516808693764,0.6443170198072952,0.6622505769246847,0.687227299086656,0.618566271586829,0.6901178331612745,0.6625047944146409,0.6204947883393268,0.6199222780664194,0.6225847559591012,0.6243400249227902,0.6322010108312642,0.659218030713404,0.6471805913703049,0.5996747318522374,0.6195029862128698,0.7001661347432,0.700910634240326,0.5725504591954906,0.6590515413828688,0.6484756224694107,0.5886218932515966,0.5523445212179097,0.6550215156294696,0.6336626925506728,0.6469331348079129,0.6373846551310088,0.6310010670041445,0.6617021100962711,0.6459275273841857,0.5890766501776349,0.6188497882498503,0.5989886455968789,0.6492257872074704,0.6308768762859692,0.6989384117717533,0.6022291694286446,0.6370978283535462,0.6455525296011222,0.6207342375614245,0.6670394188999539,0.5992186704306454,0.6239337377842005,0.5931416444358443,0.6699260132360642,0.5798268177406805,0.6375445108148284,0.6476634078677047,0.6615846710058182,0.677639393438618,0.6900424144074501,0.655497827381451,0.7045395476580598,0.6646925645443076,0.6250460145601214,0.6409594385303856,0.6161346170210876,0.6178169992664696,0.6502249933818732,0.6419084804676799,0.6671310221705105,0.7374507794522287,0.5979289655075885,0.6391935248022105,0.590280038503556,0.6460638126833913,0.6352957346455738,0.595637413627671,0.6532608625766035,0.6180075717750513,0.685316436710782,0.7443317207861457,0.6273752390280152,0.638554034205681,0.7284316654511398,0.5689052374987394,0.6092950764156002,0.6794984057562818,0.6267104186176864,0.609832740464511,0.6275176962094773,0.7038522140951098,0.6181937499373807,0.6133032864519297,0.7066936987201294,0.6512538996107862,0.6991757108774292,0.6522376145083867,0.5773634044306041,0.6794513027328611,0.6321724369838893,0.7223483980702965,0.6628451102422602,0.608534638294674,0.6196978635980167,0.6624700148459927,0.6960652023255128,0.6686510789611023,0.6354955243758841,0.6276909380829337,0.6626340997117488,0.5978459254697729,0.5913620509164057,0.6257570275248096,0.5966452531418888,0.5790561594166448,0.6305670180462302
0.732607252900117,0.7295887765658308,0.6525066028143539,0.0,0.6595815964227802,0.7422815067117354,0.6985313085097542,0.7319779473982876,0.6641169986792755,0.6275557095232686,0.7024811938980426,0.6915378505662363,0.7141075037665532,0.6755468356635752,0.7444844888850136,0.6801569661789718,0.7376073912837299,0.7074312798781925,0.718441967125176,0.7273160465269667,0.7794948447180958,0.6986048917429468,0.6831080628651138,0.7175924758153623,0.7023672018435667,0.6737010469064418,0.6288197141697004,0.7071663507298365,0.5996395818008136,0.5932233912218129,0.6984832126272498,0.7032505253881057,0.818573819999625,0.7297407642058441,0.7407727772750611,0.7526471275044629,0.6722025403578203,0.6778790401640098,0.6777200137957782,0.7769122181224727,0.7484281540535515,0.7115590809100708,0.693369925055934,0.7384345385224461,0.737323471919729,0.7396369232109244,0.6322146273662455,0.6692937971265761,0.6976815923316765,0.7463083766213096,0.7908496691141514,0.7907539812790709,0.7717357350828824,0.765132593254329,0.7054751003911057,0.6817927359060877,0.7750952934287879,0.7155414748370093,0.6888923290294287,0.7802783699385089,0.7648853365086197,0.6846935041489498,0.7891838325766284,0.6531063721807103,0.7451122613364249,0.7446797084765152,0.7240483961643581,0.6376776891476583,0.5996536129049163,0.6935201500665695,0.7315368543548342,0.6694620238821355,0.6965319958873096,0.7795120050454754,0.7129433042103323,0.658824794588736,0.7165786393979146,0.6580200432080265,0.6841585822909863,0.6125428712732434,0.7050932099850925,0.7849136233978179,0.6543354452787037,0.6734595664073064,0.7730664449863252,0.7163880513341245,0.716330326851264,0.6488961571816114,0.7051575529623839,0.6612611843865356,0.710001093959746,0.754349276954763,0.7216261604318412,0.7484987932163594,0.7651334967375905,0.6356214164430711,0.691452193434719,0.7419517177946386,0.6711452217928283,0.7520741924166969,0.6585659097517675,0.710618831726939,0.6817712640865911,0.6355146544428931,0.7664940090154103,0.7100485081744855,0.7533444661232351,0.6931725373247746,0.7310615842657247,0.7020923041696225,0.7817401327971658,0.7340868135685439,0.7420942089990037,0.6579840557577571,0.7511387736676876,0.7242853418492776,0.7648879162707661,0.619615544734909,0.728030915687454,0.6606480720023349,0.6983649312027378,0.6779769432997489,0.7440269772107964,0.7323358705100335,0.6808263708007068,0.6487501027691395,0.697718116327745,0.6901918100022985,0.7243084988524597,0.6676090225121065,0.6250100390116958,0.7217830340693867,0.6428185869585376,0.7331476771800706,0.7008210464079235,0.6805548082306447,0.6154713143925236,0.7129451482191246,0.7019711151227719,0.6855487770003719,0.6928202833566378,0.6870145827732761,0.806329270905863,0.7497129267584985,0.6885631716619532,0.6156999602545523,0.7042286187887348,0.6655003526365987,0.6539243638887201,0.6231124383578602,0.7669273841748017,0.6875694359732094,0.6850696097386701,0.6334710421529988,0.7285307485615651,0.7100000372802692,0.6890793495033176,0.7084442023550092,0.7388702543010965,0.6849800467295922,0.6661163945497479,0.6926568586316204,0.6483099604348264,0.7275307014784771
0.7232581524481831,0.6597984624980008,0.677858904033305,0.6595815964227802,0.0,0.6725730068661543,0.6841536617961799,0.6573409745609524,0.667498805369626,0.6329517202393035,0.7179434794123293,0.6430019791630316,0.7136918941208746,0.6814315975447883,0.6948324317567867,0.7471619070093158,0.725432982880473,0.7305891554924543,0.6081029623546905,0.6723483649286481,0.688264636670943,0.7037676748783084,0.6867057481239962,0.6506603765549827,0.6804872689562791,0.6819075927717824,0.6635943565295608,0.6409985638874595,0.6217746940752108,0.6805443260583156,0.6526036069527887,0.6969660461237891,0.6703920517366575,0.6247998703334166,0.7037019977839368,0.6896915006170928,0.6935408720472842,0.6956543244507744,0.6189310977676924,0.7167042960729229,0.6606818743254287,0.7251904619116815,0.7238199531821297,0.7022870338155857,0.6647181534297786,0.6727414557270838,0.7121547454658451,0.6889235870952645,0.7013729947660864,0.7132938214504312,0.7032595299086681,0.6835695640707377,0.6545606648206796,0.6291568085515916,0.6692334483347063,0.6686441167352689,0.6830495202526973,0.7387335748449704,0.6455906190976144,0.6885235950789403,0.6211864613183234,0.6786967483781101,0.7203796508700832,0.6689758023305339,0.6511424728928842,0.6314438042154057,0.6373707588766309,0.69220985196253,0.6626165120073102,0.6902835915470843,0.7060379803906496,0.6675832641089404,0.6366445015476286,0.6980204215713199,0.6629876690402015,0.6278415226626031,0.6787150537103571,0.7438537482095874,0.627621428291247,0.6129968135809999,0.6640467948282561,0.6583833273592561,0.6992922919204061,0.6493724654479457,0.6784915698727978,0.6745091422724853,0.6666724581468906,0.6492975947362861,0.6587654165651294,0.6158565445220248,0.7885894403745165,0.6614591413520661,0.7491717026160051,0.6257977504238018,0.6862309815897002,0.644282953564633,0.5751609059280863,0.6523878689404766,0.6755147255466467,0.6383944398998009,0.6337464057970851,0.654931265141145,0.6275721505599409,0.614629044922737,0.6921279935039392,0.7097750688686053,0.6440548913843324,0.684929424074124,0.7017276520516189,0.6492791277741966,0.6536348180118423,0.6986678011758487,0.6520774490780177,0.6556751777180865,0.6842676019861521,0.7005961035437263,0.6694024449134799,0.6652732445429649,0.6569799783098587,0.6641332478854304,0.7627384715276085,0.6451838180293851,0.6658781792698786,0.692849390108712,0.6518065710221669,0.6322714638062659,0.6359412017416657,0.6971508411160727,0.6559651165247259,0.6870576963111561,0.6547306363779621,0.6997787084846009,0.6171546940444851,0.641487225379993,0.6142448683695853,0.6776046724088484,0.6463009000872826,0.7136210880839032,0.6872553888597597,0.6625816959062069,0.6314440532931826,0.7262580604037964,0.6695209893859759,0.6810352893986231,0.685415027332685,0.6257437004181066,0.696410556003436,0.6528663076585771,0.6618130130208879,0.6360784218981123,0.6471730505862116,0.65059646763839,0.6352551746349007,0.6717072263608387,0.6639396321363684,0.6570723094191379,0.6394319640875497,0.692324221611666,0.6566671295946068,0.6716795629365588,0.6459950842006543,0.658602296726921,0.6173691183779261,0.7128966905525658
0.708050035747978,0.8347870037385124,0.7487585041556996,0.7422815067117354,0.6725730068661543,0.0,0.652255438367184,0.7881101563894738,0.6774554484706655,0.685506755806981,0.7595655147588192,0.7743697954087098,0.7389612868619939,0.6430306320607158,0.7280154665258382,0.7476856026135916,0.7485875990428927,0.6767725192700578,0.726863117667909,0.7387007084018344,0.7901117625539957,0.7780816520802158,0.6494163487324861,0.7436200608777386,0.7453165415645733,0.6402867029026121,0.6228843820314003,0.6886127443413264,0.6630745684101819,0.6286955391998101,0.7096701449622874,0.7069254859951558,0.7645725512415935,0.6763018534191927,0.6987764487796755,0.7148183342012137,0.6896444500658198,0.6858821955278219,0.7082337003913726,0.716088721525452,0.7374729076001215,0.7431945539937843,0.6774726017452223,0.7323013796920006,0.7226242293151997,0.6959504255098989,0.6347729084492384,0.7220758359874648,0.6677094194424645,0.6901596163687702,0.7023600510452686,0.7344835548123418,0.7030022785857737,0.7471891441262309,0.7033669716457049,0.7131535127852813,0.7219332739583455,0.7812097695050174,0.6358509709060046,0.71013660601552,0.7872802742715801,0.6397197433406355,0.7502500575421633,0.6327145866434196,0.6652962056223738,0.6795352350417077,0.6723859918604088,0.6444239690121838,0.5937471954714827,0.7215416595605411,0.7041628663997864,0.6325554868962994,0.6343614500391184,0.7286823554865609,0.752952696308502,0.6332888632754403,0.6821684819098358,0.6783444704838197,0.6621774203802347,0.6270749390694517,0.7485777772610533,0.7004467518784232,0.7231311350656217,0.7041409757261733,0.6902985185517745,0.7517838898078358,0.7274501172448317,0.5959531305167636,0.6822772879377504,0.690511065005696,0.6668963528713863,0.686158955513677,0.7158614103559819,0.6880889426186706,0.6827437118403453,0.6918228813319189,0.6744982178177835,0.732303124935951,0.6219269649378755,0.6706998307675894,0.6494295740100153,0.696772509214652,0.606189200296811,0.6673364475790602,0.6902316043094228,0.7082085739993045,0.7157368558781023,0.7464163388926185,0.6953550665245145,0.786935991915909,0.7266470286748107,0.6634005788502878,0.691762887937459,0.6612600900121932,0.6891079314325651,0.7319493101073771,0.7357130014943817,0.6433597564470035,0.7257501395506105,0.636829109707287,0.6808479345779971,0.648012500487403,0.7197995329454288,0.7336000445309743,0.6613880560909603,0.7076158227206144,0.6265628440303717,0.7297083086287516,0.7620926723442775,0.6511813967434026,0.6750178132146816,0.7808984226418175,0.6387936522764368,0.7020155917614392,0.7385873119693505,0.676433669080619,0.6723253685555636,0.6696692076158139,0.7128819263516641,0.6880150893044521,0.6814397767676391,0.708044314090139,0.7114030165075745,0.7075729816497105,0.708808820407597,0.5781204266189287,0.7608140036602886,0.7011418584398333,0.7206771107849748,0.6687661692320744,0.7040573423355823,0.6926675217636614,0.676271277466706,0.6556520724876803,0.7684073160488083,0.7222226940562723,0.7202104681203031,0.765971625951191,0.6713013544595363,0.6308645255989614,0.6642484312418353,0.6763521605725924,0.636812565182284,0.7171670135660018
0.7157886167099935,0.6549574284046767,0.6233337509447092,0.6985313085097542,0.6841536617961799,0.652255438367184,0.0,0.6495767887696782,0.6170306971936029,0.6607463600002766,0.6511139229310436,0.6439479109774141,0.7336292281751574,0.6900066926589277,0.7336567939329951,0.6720438000458561,0.6653360863862502,0.698950789541459,0.60601204970753,0.6588623459615226,0.6704214501719927,0.6389612449122565,0.7529838641057965,0.6699621763669721,0.7185300062686183,0.7181235433371312,0.64200801670598,0.6305974840467289,0.5996100610898467,0.5977639475588555,0.6908950365587669,0.769402972395312,0.6929972651437274,0.7489926365230037,0.7124356281929486,0.7050900430889903,0.7445093537894081,0.6273811220338854,0.6153953051135281,0.7779792446728709,0.6327269001537896,0.6704419810124363,0.7473398866170551,0.7240042642754573,0.7493204698866006,0.7323705422894785,0.7332384964034336,0.6903453730555946,0.8106358160767625,0.6991409543954937,0.7699269245369944,0.6656379862676629,0.6372581454961214,0.6501373800987378,0.7197309797593189,0.6862854039393382,0.6701950110101964,0.6452266315246932,0.7401006102518829,0.7186124326793742,0.6426178241732272,0.701922085492347,0.6661584524682486,0.6634083072001848,0.680560514674411,0.6814238921964162,0.741280083443726,0.7341068059053915,0.6261513216846251,0.6500372263722558,0.7174030586870065,0.6907564557446154,0.6566827828850569,0.7435720605087348,0.6024240256170902,0.7109850039202519,0.7677012583044474,0.7329997452054452,0.6277049501705363,0.6048891581379504,0.6384844778662281,0.6746004239198897,0.6565391237602688,0.610265595972353,0.6873742867316477,0.6327467111313054,0.6839690254431011,0.7442737977886916,0.7219384029419124,0.6303898949718889,0.7069217005467647,0.7683575794387912,0.7172268384619489,0.6581513767404286,0.6894315330147512,0.6571386127659439,0.5803697914862255,0.7035519517844331,0.6767226969266802,0.7620713043266556,0.6688970706060937,0.7279339713041353,0.7276785630073626,0.6276271745960971,0.6900062538899661,0.7144002917463529,0.6800504636864384,0.6518447299315708,0.7735746474933219,0.6870108721571162,0.7395309962038296,0.695264209396206,0.7167526004134843,0.6130487918017694,0.6833282228257405,0.6432186187579916,0.6957497699695312,0.6877778184797084,0.6725463457521057,0.6359446468143141,0.6734201278872325,0.6381575575538871,0.676387106885423,0.7229488886620803,0.6342551239493064,0.6473417324781947,0.6729155624845888,0.7300902268281271,0.669020579984131,0.7000014501556976,0.5977627885439861,0.6249020109538879,0.6112125413369832,0.6032490583565018,0.6222823090793159,0.6599114102708948,0.6255220417213079,0.7531570412078614,0.6933092524596507,0.6548434195035528,0.6574887175111817,0.7000202936865999,0.7182023507237053,0.6639337513257764,0.6904196508497455,0.7271478013993627,0.6364664393967466,0.6528595481002594,0.6562344152893563,0.5601977074940501,0.6802936742205459,0.6350845692279732,0.5921081210868814,0.7220925527402638,0.6683867298705765,0.6908595016481265,0.6459467765817215,0.6984884830383534,0.7066325515578172,0.7440061156888298,0.6743860704630071,0.6528875489761248,0.6166591845673215,0.644681072330342
0.7248755527924867,0.8163722590624577,0.69654203126207,0.7319779473982876,0.6573409745609524,0.7881101563894738,0.6495767887696782,0.0,0.7398609992001827,0.6960583590592795,0.7230910952459207,0.7581146841609354,0.7385347883120428,0.6640611008825384,0.7554677946272972,0.7436928093820171,0.7298384556646091,0.7156901056602342,0.714535140871124,0.7735824006238757,0.7479129915658942,0.7326152817300666,0.6878327702863866,0.7114597938406471,0.7770395119953628,0.649238193620102,0.674068390741954,0.6994557768753922,0.6541770645165015,0.6568441227038195,0.7766182487775033,0.7026932161214314,0.7692931666150615,0.6917819913551906,0.7258361691593203,0.7306037167941346,0.7068233876636822,0.7448932801466573,0.717261402896246,0.7210649854386042,0.7569705593209727,0.7310529546372333,0.7042969276475199,0.7102903479833585,0.7644417453966276,0.7402604841653189,0.6422152054433057,0.6864867949601983,0.685869110034387,0.7011166595172416,0.694923268371465,0.704379330865962,0.7147281520536364,0.6961828271287668,0.6968533130448206,0.7454766530274418,0.7381045637097522,0.7838391735117136,0.6421597151707082,0.7423312284955761,0.7656274697075911,0.6648779954696423,0.73267835423623,0.657374636979588,0.6768474675939193,0.69235042560856,0.6874811668814497,0.6505789109526943,0.612339779034277,0.7926915158490205,0.7155859630945136,0.6770125299337174,0.6308206982492299,0.7133372929087441,0.7638421680701761,0.66951125393424,0.672587527429641,0.6839741964917588,0.7251514964411353,0.6293118206380413,0.7486216417171289,0.7158997575105057,0.7519481919011247,0.7543040333415392,0.7181021627256496,0.835397541466436,0.7739701872722154,0.6208316266606668,0.7489896963264495,0.7441336188880745,0.6770039071488227,0.7171672925403035,0.7237902995656694,0.692962229468525,0.699883592626524,0.7090510959896092,0.678581426696306,0.7637044311921691,0.6516459642832022,0.6850604013442351,0.6894550188838324,0.7256221220286604,0.628376623867539,0.7021573142135816,0.7288770026786286,0.7407878976278119,0.7199394852342135,0.7936971748169774,0.7234390448289396,0.7299150963866661,0.6856340092754798,0.6977713455136554,0.6778249204688296,0.7260402728501648,0.7300397416471688,0.7411148572162252,0.7806848743732883,0.6540042384110205,0.6654895528002337,0.67781097844447,0.6989439629487412,0.708971181356521,0.7152999478280051,0.7445794957664991,0.6907406428668075,0.7156358149133193,0.6293949554325339,0.7578749568667418,0.7498836733150142,0.695402180628147,0.7306208358029563,0.7581737480274524,0.685467938413264,0.7228909696780521,0.7254193370054519,0.6914245803075647,0.7115443918544231,0.7028383167258904,0.772231513446928,0.7642736097848861,0.7110159528156548,0.7176183932824185,0.7257018058609292,0.7263327887448947,0.7369427642033788,0.590179860730771,0.7745750372595759,0.743313537949484,0.754209814378091,0.6941689206024677,0.7441560977174687,0.7362560968527454,0.6697721840537997,0.664397525680503,0.8112221985117819,0.7786397760400983,0.7094554625121937,0.7676706787379813,0.6894526113224784,0.636990971276371,0.6974584579040596,0.7174261417544812,0.6979118160261147,0.7209085774465634
0.757990511323454,0.6939514542926151,0.6176202698830364,0.6641169986792755,0.667498805369626,0.6774554484706655,0.6170306971936029,0.7398609992001827,0.0,0.614367830896972,0.6790931223500146,0.6371746595435347,0.6950823365964441,0.6800551781114748,0.68539090420363,0.6838732249142563,0.6880423860767413,0.7537952148844972,0.6292696841453042,0.7311493970527186,0.6573059344791811,0.6828572930195342,0.6708930633157525,0.635781197114758,0.6879209854774357,0.6216886862935794,0.7078075181140329,0.6803000393932097,0.5882405676786158,0.7009477205705009,0.6973531468491875,0.6408113818547126,0.674727648993571,0.6178914492874099,0.7311687252429424,0.6499942371367302,0.6735685110400933,0.7509931433034436,0.6210165826021994,0.6772796003399174,0.6670990231926011,0.7506024353697995,0.6510623796175562,0.6450514782185105,0.667658023442463,0.6754111760215983,0.6234380542108303,0.6159171173215896,0.6548336573558093,0.6681398932682698,0.644074260081134,0.6602663049157068,0.6878185828281724,0.6042375778028741,0.6097300760457312,0.7381168639792477,0.7014697773033443,0.7183307491650807,0.6093695493634315,0.6885558542670988,0.6513552858793106,0.645769405626365,0.6836294491621769,0.6384236308871697,0.6521216306314755,0.6380608831426237,0.647246158269341,0.6388956621396402,0.6219763017882716,0.7759044363175075,0.6930133418471135,0.6777666920425062,0.6342739730778234,0.6532453785279505,0.7213239624137934,0.6489535780869243,0.615858069456435,0.6469164971508763,0.6704798976420955,0.61455648756602,0.6765913190866465,0.6950529022198499,0.7265816511089901,0.71056329980693,0.6904032863746623,0.7851947458525343,0.7215603359215023,0.614889969683131,0.7016067580414116,0.7180515124204464,0.7016029854605512,0.6721663961038306,0.6676643911282718,0.652129562364632,0.6998348375890598,0.6423818749668271,0.6061510310007919,0.6740973703636052,0.6745401504198476,0.6380820075131713,0.6549111533759507,0.6259218863624865,0.6003301018664428,0.6177031033174363,0.7125134502772714,0.6849067464089935,0.6221165972180588,0.7425110242891578,0.6595280160012164,0.6346771684126569,0.6093146846114992,0.6912776202410645,0.6489886513728478,0.74475904898427,0.7031858681433583,0.7617658790389286,0.7160755462540629,0.603840483297211,0.594749359410242,0.7302118645860386,0.7148553462976958,0.6872300006510121,0.6877230826751628,0.6820684887697879,0.7299818481617432,0.6134079434922546,0.6139607455437378,0.6626839844931046,0.6287971894012597,0.6717138694466449,0.7941268729127205,0.6973730254505023,0.6980856417574998,0.7438195034859117,0.6287832739313476,0.6683849111698733,0.6739747247248057,0.6813528996138415,0.6897102759674715,0.7014340672612912,0.6550443187699101,0.681755658991522,0.6920509421132098,0.6790239845060502,0.671976059921612,0.5831974380020772,0.7352312575351133,0.6591602255027804,0.6594947159797385,0.66557713967035,0.7026036645968446,0.6902378892028102,0.6459019706398633,0.6116957694069907,0.6813506546840524,0.7146168515072396,0.678716026443957,0.6849600736933918,0.682191262431668,0.627268172316098,0.6438032114500178,0.736436114772041,0.675135375020052,0.7656413070941598
0.6413017637115734,0.7044856258454387,0.7077801077930154,0.6275557095232686,0.6329517202393035,0.685506755806981,0.6607463600002766,0.6960583590592795,0.614367830896972,0.0,0.6831591334024022,0.6867823651849335,0.70730433995064,0.6541654039315935,0.6651183320140933,0.7234960024057695,0.6555443222614076,0.6536205278423873,0.6069580362649991,0.6492433114779002,0.6381769440085187,0.668219892804285,0.6754901078285325,0.6155451646184011,0.7895970845118958,0.6150436089319707,0.6620521568823452,0.6222345678582499,0.7689507731316122,0.620016374264814,0.6883034190673598,0.7332557879752449,0.6549730466102008,0.6405946161223616,0.6636008931472952,0.6928150715060655,0.7017306822381101,0.6561048413003308,0.6240442064921237,0.6551396625582021,0.6280183493188988,0.653922785605813,0.6865773375676314,0.6674381657576126,0.7007870959204713,0.6401165036468047,0.6520909321983571,0.7069180540916208,0.6960056556699401,0.6298883804110467,0.6322514101906278,0.5949940008389106,0.5952090629824731,0.6234400571826861,0.73599109168123,0.6660068173908817,0.6099693630438873,0.6846330465676046,0.6500521873335326,0.6405173993656584,0.6457707218788501,0.6251539251320956,0.6247893485143586,0.6693191621765076,0.5881481523831918,0.5995405962660575,0.632838712732897,0.6563117505167685,0.6487299933951253,0.6945535145868993,0.627318177386252,0.6461771771910068,0.587452622093033,0.6521015690388559,0.638024841040033,0.6405902396481553,0.6491172555431102,0.7005948501173127,0.6060291650872409,0.5800912664729438,0.6541907566262297,0.5925595571729081,0.6763516836179538,0.6599998544371055,0.6176650557588215,0.6459028682448789,0.6842647927635291,0.6288057792155934,0.685777039312472,0.61116012386658,0.6306777787292254,0.6576895209361026,0.7079918777028662,0.584401262988502,0.6157453287080129,0.7471891442451473,0.5676052404640681,0.6900279691407123,0.6156439083654881,0.6282798269037044,0.6605104370555145,0.6965072222236833,0.613396410725947,0.7391056406721772,0.6363931691443104,0.6541486085723147,0.6376422625561097,0.7153701808937465,0.6742161275595882,0.6750379304222164,0.6355198580267715,0.6196534217647353,0.6299384897344286,0.6502591528629283,0.6234344565774617,0.6086041561978471,0.6711772572615051,0.756943281901446,0.6630944919138219,0.6266485038888315,0.6148107401851933,0.6279152424507384,0.6222383177572857,0.6530505172071946,0.6093103036178851,0.738326612221454,0.5810547508925801,0.7029051457782045,0.7438956808895466,0.6703556842317224,0.6600347448339859,0.6345241242568045,0.6056895329514954,0.5775147376175853,0.6323838207686104,0.6261364451165381,0.6598539715465997,0.6569023332978394,0.7452849700622006,0.6573642150438559,0.6826826494803626,0.7298430933970005,0.622410854934813,0.656035398891717,0.7002755003957024,0.6040384136140775,0.6258479403779773,0.6832181473461156,0.8303730254648,0.6394284742975308,0.6160371668047696,0.6727836653289053,0.5805031310640874,0.7034176974763686,0.6979196369796371,0.664342904964188,0.6180056007893758,0.6825516026210402,0.6381842294448836,0.6192971937539651,0.6922900585934545,0.6342618957446248,0.6181592361977561,0.5992655550397976
0.7376035799039975,0.7444396548214541,0.7254122918515986,0.7024811938980426,0.7179434794123293,0.7595655147588192,0.6511139229310436,0.7230910952459207,0.6790931223500146,0.6831591334024022,0.0,0.7115414277775259,0.7575899982180374,0.6817033434173291,0.6918450597744225,0.8219522146075992,0.8064835461534864,0.7306071952758473,0.7033996613226848,0.7534056144077911,0.7254632954152592,0.7799433654199016,0.6896953116210763,0.6810632357300147,0.741674922592103,0.6262793395927468,0.6854281264571135,0.7585630749594251,0.6959374646670515,0.67966247397711,0.6766478487516728,0.735210534836515,0.6928760452039738,0.6539650381057526,0.7316500080179313,0.7059278743635716,0.6932226164184414,0.7221667725990231,0.6724953134379592,0.7127451835812209,0.6817398478247206,0.7375237263164828,0.6921666318293374,0.7032254448368374,0.6870197024721213,0.664981634835243,0.6177243264293063,0.7244739161437035,0.7099172527666183,0.7044931104715068,0.6921092353988372,0.6761367430553723,0.6922605054115695,0.6860054333679914,0.7307771983493421,0.6538136584523592,0.7248363194824488,0.805600692933107,0.6511144753571263,0.7112137511695696,0.7204650930086439,0.6338187462058277,0.7366995748712097,0.6663882611214275,0.6474117516004462,0.6471891062378814,0.6436710735869656,0.6318007204130215,0.6514505671597979,0.7507286703689715,0.6701952988095072,0.6582453995232533,0.6480078353032002,0.7185157321187254,0.7791373966198919,0.6352615387415368,0.6918518997728674,0.6832506594005945,0.6337418670218851,0.6161377400483034,0.6866003379259592,0.6552434708028703,0.69060572536408,0.704449092523731,0.6834209482993562,0.705076410268546,0.7156005639503515,0.6194387385116144,0.6783709179009156,0.6212352689778067,0.7091531471361124,0.6444672742687836,0.7893967009427554,0.6722340372794166,0.6832153261848753,0.656222251741783,0.6164605641427984,0.6618549253366389,0.637322736124436,0.6403056688221539,0.6588972132561317,0.6849500797508868,0.5967501564118446,0.6368410644980051,0.7012729714160292,0.6758773587170317,0.674240770736718,0.7509291490541906,0.6719487224319409,0.6971513671597453,0.6896439731949549,0.6710764843534671,0.66824482160126,0.6992120945941899,0.686597164978926,0.7190407601095592,0.7210889141846717,0.7104193969734003,0.698941290618072,0.6515610700109501,0.7091512091891641,0.634368941999349,0.6949990379104463,0.6942704538422132,0.670849922839933,0.6819133927022432,0.6141813696292954,0.686055932462247,0.7258458150858393,0.6563434883469781,0.68072489802804,0.7445458616558553,0.6617622593664033,0.6773396297302283,0.6861837946671514,0.6703973446913981,0.6614041009665411,0.6745479650913876,0.7411047021979847,0.6812606937870651,0.6665098278075345,0.7505310810780437,0.6806875530986696,0.7053544903844661,0.6977554644246466,0.5782557794009789,0.6874109987994104,0.6651414024898591,0.7174327110586677,0.7033602026100699,0.687404814158042,0.7026221654776585,0.7127890211425286,0.6284973666861983,0.6977829839357326,0.6806140144017676,0.7406601303659345,0.6927964239694556,0.6854702875552653,0.6659463037143649,0.6412364946662755,0.6842210431557815,0.6123636047285451,0.7397175208702645
0.6525138731870602,0.813507615967051,0.6971485499770862,0.6915378505662363,0.6430019791630316,0.7743697954087098,0.6439479109774141,0.7581146841609354,0.6371746595435347,0.6867823651849335,0.7115414277775259,0.0,0.6705950202871636,0.5906245910894515,0.742706837469051,0.7051919422793721,0.6843417331482183,0.6327837362914491,0.771416494341963,0.700053074785123,0.7345374879461203,0.71736405981169,0.6529434695429078,0.7528956634544034,0.7337708317038297,0.5996356548071677,0.6060956031369374,0.657372561253429,0.6765913925880909,0.6275919289195896,0.7328588865914755,0.675047455836999,0.7398407327278499,0.6808720516973478,0.657023004688522,0.6865410946212127,0.6560076378381144,0.64653463124495,0.7726745403680475,0.6730869504211704,0.7288287747218427,0.6618430521239573,0.6625893735544137,0.7030364729062097,0.7022303966370709,0.6772244308598458,0.6075606654831508,0.6932587970357649,0.6579904756292873,0.6502874593451694,0.6655514108712676,0.6633481310955447,0.6594792853795524,0.7244001141484442,0.7111519891148564,0.6551974579300961,0.6858544049936259,0.7437249353579427,0.6035147008601666,0.6838677842608922,0.7201705938026451,0.5956567652444976,0.6706917823030905,0.5989166974702745,0.6289908876706226,0.6358530927124636,0.6232926523004697,0.6015005888616363,0.5577136254543289,0.6777895817054667,0.6460202188698442,0.6066348575344611,0.5706742521115876,0.6724922813761202,0.6857634670002596,0.6204338103281445,0.6511285488724778,0.6613110899863524,0.6501127958557408,0.598158147418553,0.6796035453858359,0.6521351575309656,0.7086084085353699,0.6508571467111505,0.6386950358269401,0.7051753526077558,0.667932730609517,0.5714386673116545,0.6642671733905249,0.6656805462335651,0.6180187408516566,0.6626877486685258,0.7110019555601579,0.661631591919712,0.6208544995033113,0.6910971649923918,0.6452331589477951,0.6925537577461457,0.5806209731542336,0.6305722109170481,0.6378604045693645,0.6869761748014032,0.581145638276841,0.6921514025590224,0.6387280474686343,0.6674344192927009,0.6853815901971306,0.7012846227105778,0.675045792539146,0.7562491658847353,0.7102059311850218,0.6218490657828053,0.6142177281227013,0.6261751651253001,0.6485519719867975,0.6688957086977976,0.7022590609360516,0.6642846643702961,0.6555962372556301,0.5852107093036046,0.6426701987389548,0.6166809037593813,0.6474254331838494,0.7173145633175735,0.6127904607474354,0.749933379777291,0.5749600310421372,0.7356804153643074,0.7366396149466913,0.6234273485356991,0.6364811332064819,0.6874741374340115,0.605888984755877,0.647250092196882,0.7264896632137571,0.6436094351439867,0.6909758234395654,0.6498692465763319,0.7018400833397107,0.7073617691075197,0.6578571104004559,0.6551310974516328,0.6663819234907914,0.653152666669535,0.6818870673027815,0.5527424694240204,0.7267764605131942,0.6994456760846298,0.7192651575624311,0.6319837897218343,0.6823118692570219,0.6846527842091563,0.6571584485865571,0.6413641143140651,0.7695563715241404,0.6901318036954573,0.6949851568728113,0.7299402851808919,0.6369831649733831,0.5967385530372893,0.6277791926989637,0.6385499104483465,0.613784406051326,0.6619077694144075
