0,1,2,3,4,5,6,7,8,9,10,11,12,13,14,15,16,17,18,19,20,21,22,23,24,25,26,27,28,29,30,31,32,33,34,35,36,37,38,39,40,41,42,43,44,45,46,47,48,49,50,51,52,53,54,55,56,57,58,59,60,61,62,63,64,65,66,67,68,69,70,71,72,73,74,75,76,77,78,79,80,81,82,83,84,85,86,87,88,89,90,91,92,93,94,95,96,97,98,99,100,101,102,103,104,105,106,107,108,109,110,111,112,113,114,115,116,117,118,119,120,121,122,123,124,125,126,127,128,129,130,131,132,133,134,135,136,137,138,139,140,141,142,143,144,145,146,147,148,149,150,151,152,153,154,155,156,157,158,159,160,161,162,163
0.0,0.9164151813313632,0.9302105663247067,0.7852102458899335,0.7673281286295037,0.925051918456487,0.7650682770850712,0.9063635770179458,0.8609474480687273,0.9326696913688498,0.7832898342378599,0.7110477617389724,0.9749363298385849,0.8815936896621964,0.8858406719595202,0.9211477710400333,0.9481784907785048,0.973899936162438,0.881444928963264,0.9573658436063999,0.9253404672852311,0.8937472385428106,0.7875418860703013,0.822221337148994,0.9219169083347676,0.7241395860705804,0.7570016976722492,0.9226885008672154,0.8473350519894061,0.8266784609327441,0.872349147359285,0.9465382120938569,0.847541747013857,0.727470596805497,0.932159499923694,0.8138262127290444,0.8899328647903768,0.8986232745965597,0.6512295406371901,0.893770358079178,0.8439140250103944,0.7920382699834196,0.9255158653946411,0.8416713359175154,0.8788336476046265,0.9064343035705223,0.9205700500473286,0.8306148727399384,0.8831928341906959,0.9420264144157168,0.9189185650505795,0.9434703555822457,0.8619936919521592,0.8679587031460179,0.8265470082596328,0.8699383359695289,0.9610489552781207,0.8071794834296121,0.8871984653369975,0.9259145880200916,0.9147968445928082,0.8540767326564496,0.9388376324100287,0.7665004031213436,0.8943216467154889,0.8870342811825349,0.7532937923423386,0.9047246588283755,0.9179897339597812,0.9185527035877211,0.9424426412174403,0.9180430941652833,0.8057696404849026,0.9248435554466532,0.9224174931348817,0.8816224459631049,0.7619358205315757,0.7493833074467463,0.8275372610130112,0.7856073610963918,0.8644881443922945,0.9166820359752499,0.8717366427147861,0.8877434776845777,0.8939944802843152,0.9087176128465483,0.830644197201429,0.8879867382631303,0.9353250455978402,0.6578296580891944,0.862824694776792,0.8077932889196876,0.9401612657381023,0.8949272978678562,0.8916557534644785,0.8090300552060916,0.8255709523322691,0.8218772342471595,0.7288216915428387,0.9065466130237942,0.7870532231547357,0.8118616857332737,0.7250904433949644,0.8263367447015779,0.9462161137338952,0.9288238230443878,0.8982521233595038,0.8492941485875085,0.9063273388874802,0.833129531080385,0.7389647221192732,0.7659976290928212,0.8934226921057279,0.7136840786052409,0.9065140839958739,0.9289097638001094,0.9200481561240297,0.89707674763903,0.8446999716558264,0.7759343674391787,0.8744740520956196,0.8352144562478448,0.8550994767557788,0.9107829628229063,0.8871537538524406,0.8479076139483427,0.8205961196597982,0.7554745118391955,0.8654029761172922,0.9178222878165007,0.8655168299426795,0.935176934415833,0.7964726319952824,0.7003677257561495,0.8241000588734153,0.857907286751294,0.8545758057304638,0.8879494717377763,0.8383578632144916,0.881492256683608,0.8510027325718721,0.8362662843575919,0.9180895880841484,0.7768988199185182,0.776176672652967,0.7548086118509146,0.8418995141172685,0.8209701348297759,0.9404501595405792,0.6378641721281714,0.8887531863993098,0.8364833113926367,0.8339921874433248,0.8251157830008624,0.8184536764121756,0.8911518354437822,0.8965603687254304,0.8718743280814025,0.8462657945628282,0.8909489058664297,0.8671193262703312,0.9303563449370583,0.9389564304909774,0.8119957591567609
0.9164151813313632,0.0,0.8945321908301316,0.786760163781534,0.7258861734958034,0.9531530370048036,0.7426135611263901,0.9269299813819221,0.8692630196449148,0.9270463463083981,0.750942961199909,0.7635965473512264,0.9164801449893805,0.8373341697132953,0.9075398272417405,0.8653963404393356,0.8718378758010688,0.8832229102645236,0.8744129222533383,0.8881471453687203,0.863112343580203,0.8811491239538204,0.7364229443091352,0.8397714074059903,0.8750019525307874,0.6747057644008677,0.7447583127100567,0.8572194956544769,0.9176410489161331,0.8211692294172436,0.9223042046353582,0.8687523141115578,0.9151576226274836,0.6942090951340554,0.8806610001875114,0.793021273735103,0.8439000342721543,0.8654227107196917,0.7398286949842938,0.8565043376505715,0.8988008583655342,0.7474790388809771,0.8207337772660911,0.8253433775987945,0.848316816758126,0.8681829422803725,0.8694209864898346,0.7846873919962793,0.8019263848070962,0.8559844701543781,0.8447852113213511,0.8964285953742608,0.8498472342758546,0.8787553820289653,0.8051682357321206,0.9006355007569601,0.8918786322841543,0.7974757086210943,0.7921544360968359,0.901766263144477,0.9137250946988543,0.8161912401153071,0.8658113639847813,0.7035628586180671,0.8215252037904482,0.8173366393860635,0.7210914420470841,0.8416132882957749,0.798297970680936,0.8735776435812938,0.8846493590851782,0.8608131975899009,0.7088981172901653,0.8462913828002943,0.8967428449075732,0.8524409781921101,0.7044337677977961,0.7595776921378553,0.8087338662389746,0.8071016222473674,0.8556902293134262,0.8688698793727704,0.9396355360918013,0.8827096466251573,0.7892713319230272,0.9358557966365149,0.7728033297687672,0.7868266458784418,0.9096544775668692,0.7472187490074446,0.7816325887029308,0.8107688578589232,0.9040286220972026,0.8638195862551662,0.8143459167146366,0.882912775730224,0.8303238479050797,0.8044696961183357,0.6918344337974013,0.8645718738900016,0.8258570019245113,0.7338427330300231,0.6529268124552218,0.842088159673228,0.8699653025489338,0.8754112086337239,0.8354462148096601,0.814639857061906,0.881846867394529,0.8340106180341557,0.7029359555488219,0.6854989990010382,0.8168383025962249,0.6966111910790429,0.8751253312989506,0.9319740709349861,0.8831906261784379,0.8014315928847845,0.7750613286145712,0.7673817915510988,0.8274605147431386,0.8319716491225273,0.7824951951768241,0.9312327851051779,0.8526918816790152,0.9199561140353821,0.7568816602162358,0.7988370145993212,0.8524981839481035,0.8753916968728473,0.8827571859799648,0.8803775647074368,0.799208835677833,0.7424084402895246,0.8077466616472926,0.829575971351657,0.8735260591510285,0.8677699131737063,0.7910967178159239,0.8993000216705642,0.8647765154002417,0.7954103351690345,0.8896684338311492,0.7268552571827577,0.7648309356616438,0.6784526439420324,0.909602915552633,0.8573838693029397,0.8988282723181069,0.6490564737345752,0.8414190025510313,0.8524489180986737,0.7853128085252491,0.8080980996464953,0.8374529198464618,0.881382244594181,0.8982577453405751,0.9114252084624371,0.861579175025372,0.7998578809867597,0.8429558796692852,0.9108054006144567,0.9589039503680772,0.7812076503020364
0.9302105663247067,0.8945321908301316,0.0,0.8300461128264766,0.8613186501634115,0.8808894161524614,0.8164529446506206,0.8863141542816928,0.8426419473052259,0.9505784168407821,0.8599357239079672,0.7641093545622297,0.948275131105824,0.873149309895158,0.8552699454476465,0.9451119527024211,0.9424197950145751,0.9136299655334473,0.8259739804316213,0.8853432919490968,0.944742782958058,0.9655565615901712,0.83325381206852,0.8450019703549265,0.9216021746314695,0.7644642102608988,0.8223168402857618,0.8996476833969266,0.8673878631852876,0.829960846505137,0.8184131362771416,0.9163583556550261,0.8190229664135332,0.7325006480914398,0.8967448972659217,0.8369624834397138,0.9020127777125831,0.866717883264404,0.6911869465815912,0.9159321047671974,0.7962061224897049,0.8611331286368711,0.8724383488548781,0.8349282330942838,0.8743217165925853,0.8264156793054065,0.8702360668224517,0.8617725048335431,0.9068587482285498,0.9027737512470699,0.8978830978881605,0.8809612700157528,0.7722803123206946,0.8923715975422024,0.8628751324442139,0.853074890600533,0.8824559405570763,0.8593678812305782,0.8751368006313539,0.8739783222923282,0.8791621035299957,0.7928277975524897,0.8612451145224229,0.793350372203723,0.8093736430720317,0.7941535423640153,0.7910125182352843,0.8871093692912231,0.9258758356255212,0.909803103197085,0.892783546008866,0.8433720523482655,0.8286549981594236,0.9459055558955503,0.8720673694977343,0.7672389852403118,0.8318227036332245,0.8297505106949082,0.7359340769164405,0.6990416012936056,0.772636041199637,0.9063424870956751,0.8458975393047479,0.8049878905369899,0.8677464370857014,0.8622639699702753,0.8383913787820815,0.8569208013479145,0.8401510534015059,0.6755129323130056,0.908438770541877,0.7995697846215742,0.9146880965673192,0.7865026649916358,0.899235823108894,0.8219893203867755,0.7493027108839451,0.8094057704441631,0.73069865329991,0.8653006624053556,0.7479377857769618,0.8387860817285827,0.7372255375817206,0.8025738702282925,0.8740599202011632,0.8780608564084632,0.8480452792958914,0.8634593827387956,0.8503389401081072,0.860688527189862,0.788119907797439,0.7941805955784894,0.8756942171357802,0.7558508035751286,0.8073011306644308,0.9089724755412514,0.8084359636846268,0.9345586771540279,0.8769832742335372,0.7893257015946368,0.8896187772734326,0.8106717959170175,0.8221250843425236,0.8539918296210038,0.8097071031648055,0.81333204735283,0.8256406345121685,0.7977442002975669,0.8589513252126652,0.862666415517499,0.8441161219028718,0.9288052112787416,0.7572235421284943,0.7103552722370037,0.8453589819278626,0.7636472869114015,0.7731411292694764,0.872316755305832,0.8740631817964297,0.8278440580667124,0.7741013271878046,0.8539637178934008,0.9118812482688452,0.833162116824795,0.8154221572592699,0.7800205555987808,0.8662634836305894,0.7535657081144971,0.9195576338926365,0.6485379702509776,0.8358468890085982,0.7448016046803698,0.8892531349636855,0.8817786235970865,0.8211763214240551,0.868760382100418,0.8886244253218822,0.8789605853513124,0.8210007225905754,0.8717265704591346,0.7846470061750204,0.8203179887178771,0.8886913664962508,0.8481028089378319
0.7852102458899335,0.786760163781534,0.8300461128264766,0.0,0.8204786054268214,0.7789074356700536,0.8725137585852515,0.7759429388063662,0.7123667666411331,0.8161413469054672,0.8358630127987984,0.7922756249127735,0.7983115280045087,0.7985211894982805,0.7888938281959245,0.782983802619716,0.7943887275678752,0.7526187084908542,0.7452104735218082,0.7203434877510144,0.8431420472293195,0.8280832807407221,0.8263675571745186,0.7995775921459478,0.8405200436574699,0.8193387233193508,0.7867756978752182,0.7927447823232235,0.8073190974269462,0.6804313980985361,0.7677417591931591,0.7805606641547259,0.8501270284924253,0.7697118205481496,0.8553281744037876,0.8529335792401925,0.8400390904769366,0.7481779716865109,0.7175274274955864,0.8638220269558033,0.7657040104612968,0.7839867247569382,0.7465695411060506,0.8873418857009414,0.8162125677392714,0.7018972912543487,0.7345791687820551,0.8429270905590692,0.8536409750299923,0.769100542664085,0.8310763848521718,0.8098068535685773,0.6532798424321485,0.9148622057908234,0.8906534329423228,0.7623771208511784,0.7368614688288966,0.8145920844218086,0.7824509412801939,0.7595328124062645,0.786573831075552,0.6986940964325526,0.7424209845402703,0.7503690730969658,0.6870953278812902,0.6750059617217664,0.8126164103869264,0.7652349814250944,0.7815611728095037,0.7931438815079512,0.7723753280156415,0.7464770476623934,0.8129464401357497,0.8529544918730735,0.7192915541107807,0.6600879220474789,0.8123278181861625,0.8447753474433104,0.6572687510034955,0.6234342253213837,0.657065425424706,0.853805918219029,0.7061877666006262,0.6978494330928455,0.8161479698961864,0.7440069114367129,0.8147628911485192,0.7741075868796954,0.717923406521753,0.6637205478236664,0.8728073936096378,0.8392612404103449,0.7990893891697057,0.6732400955577065,0.8495517567014441,0.8333257512669427,0.6521161503496569,0.8248380865584266,0.7396172570746951,0.8121763275936913,0.7409639002249168,0.7678364719964272,0.8302238172265077,0.8018219375930212,0.7751569295456221,0.7363847623739738,0.7276635013958511,0.7769263167518643,0.7431252926265971,0.7896507151215963,0.8786468762412595,0.8110859300084783,0.8408438656623082,0.7035693951556868,0.7166587277059246,0.7904228292020827,0.6954415501902566,0.7834674477323722,0.8959203978708662,0.8055050692876902,0.7798027181059635,0.839800253622574,0.7711857631011398,0.7643162546358405,0.7409944353083893,0.765254969757668,0.7783590274369699,0.7644581803366254,0.8359388839923685,0.741632045579212,0.6913723187813491,0.7372020514306664,0.6938486681928009,0.7609415439298769,0.7841780517736582,0.6400790381924575,0.6395987275926175,0.8545329132670538,0.809492474085635,0.7096236110655233,0.7441375824963224,0.763965335509929,0.8454016141049362,0.8234746746843272,0.8245521613216771,0.7928945667772866,0.7732395489905971,0.636827419402892,0.7719087377624696,0.6068340776688568,0.8428841556854466,0.65535278928772,0.7774512089539515,0.7754003200645752,0.8263387684991911,0.768848751251162,0.760367508648671,0.8224266588031306,0.9109281369243885,0.8221841964875892,0.6771404370342026,0.7416537411150269,0.7763789328665419,0.8138242559544554
0.7673281286295037,0.7258861734958034,0.8613186501634115,0.8204786054268214,0.0,0.7136168825783987,0.8387505303858726,0.7142737718022274,0.7641561794131847,0.7820506299774808,0.9004106557746433,0.7762540053529224,0.7725820965862,0.7897484374752042,0.6945257451272475,0.8395499696937243,0.8178201813030631,0.7399108042935274,0.6761785875594541,0.7127742949780203,0.8214114591413357,0.8755634571194271,0.8683780885216317,0.7489319091872016,0.8074141250587651,0.7907575485096875,0.8648358902326198,0.7834058111728655,0.7562392519100473,0.7843513611946683,0.679272754414985,0.7668709945191041,0.6850125555164477,0.7230543300611956,0.8144787449259528,0.8001606098117469,0.815242908390676,0.7550961531437584,0.6594053723681333,0.8158207012265399,0.6511457695372599,0.9195403464118644,0.710594624758444,0.7731238306899314,0.751980097951448,0.6404436104316511,0.722390553711205,0.8041103151290322,0.8606841693156609,0.7554585261631044,0.766228057480911,0.7275978240965977,0.6017958826507854,0.7740028544164474,0.8056427471979523,0.7587538268449601,0.7035065865083316,0.866727578186467,0.7524547272149352,0.7150074353394651,0.6804767943867893,0.6613566017276062,0.681962866430156,0.8054387902722544,0.6372339423599698,0.6102820767294002,0.7623514191511291,0.7441293359149844,0.8261511323589393,0.7738454870017735,0.7250349226619929,0.7026859837233778,0.8365189008998537,0.8220383640773665,0.7034229536918284,0.593572641135737,0.8299212917853259,0.8989139756533001,0.5789259676374706,0.5749671816656203,0.5930645525340601,0.7949576485511315,0.6982570544845533,0.6337763827678059,0.7937596893191605,0.7083269759324954,0.7782520294519789,0.7475743937216847,0.6526325280487822,0.6506671552271237,0.9389926902822711,0.7553900239131319,0.7733993384173061,0.6064700456866696,0.8321438866482799,0.7418994527058989,0.5748416549484727,0.7489277017048005,0.770535903594379,0.7217853491755796,0.6573712706372118,0.7302725708530718,0.7515657835117212,0.6861266357264523,0.7228670052857574,0.709274337941942,0.6666945769207663,0.8062147189370847,0.6757392556612669,0.7668531830489086,0.8203878167066864,0.8471174320457495,0.7733430226340379,0.7944571061775018,0.6363163905328935,0.7865945715925239,0.6304517871265846,0.8484243296826477,0.8315127904306366,0.8203645538082422,0.8587791186211272,0.7131980044437892,0.758492887626941,0.6850504995072367,0.7192964186259495,0.6522614769933637,0.775551892447674,0.7555510829281802,0.7499696068685009,0.6864417189683744,0.7433043148108944,0.7683639047946426,0.6631741718741583,0.7461018224794393,0.7265857646181201,0.5934718866530377,0.61524051297636,0.7758834403492748,0.7971175492622746,0.6660575164211555,0.6112454438054439,0.8183508115562025,0.8020065487345973,0.8548112687422985,0.808155084686097,0.8071102545135245,0.7915680851369703,0.577774337291045,0.7612171757890009,0.6663233426693308,0.7299970354061645,0.5865563869555197,0.8642698316008692,0.8046309260349699,0.730201811848756,0.7055552494635056,0.7408891742758077,0.7606584543398155,0.7422578398770451,0.7975288976980835,0.6016670990159451,0.6807403373664195,0.7196240416021468,0.8831501551764318
0.925051918456487,0.9531530370048036,0.8808894161524614,0.7789074356700536,0.7136168825783987,0.0,0.7187666248175256,0.9213254383437341,0.8573827627197853,0.8994840661343854,0.7448947173841372,0.7496812736761248,0.9082936230743895,0.814329286879016,0.8770795605120609,0.8642587001899039,0.8679118906004455,0.8742222988081105,0.8997247506108778,0.8783765647479741,0.8725440823872536,0.8504905570856574,0.697364428097435,0.789024658921232,0.8745279984511998,0.6671480042319795,0.6929538818610733,0.8452127988429027,0.8804355752156483,0.8161749591990873,0.9183592218210261,0.8873586861744324,0.8988324009601147,0.6847490904911806,0.8691704819155408,0.7823292410313304,0.8427687792007045,0.8594434804791985,0.7171645405119388,0.8062456706425655,0.8775209370876226,0.7415005786573021,0.8426738049461148,0.8495390395022969,0.8205524430852533,0.8594382437108224,0.8673722837147592,0.8036088530882352,0.7791869134809185,0.8566850334902478,0.8606958428218945,0.9206714747603085,0.8569093156950655,0.8770867152486268,0.8047613939422834,0.8869900510736223,0.9003335002881357,0.8146677375149857,0.7801312747093767,0.8780271101850087,0.9294177883375275,0.837190319829679,0.9096387719729031,0.6846857527111566,0.8374203662077462,0.8390057103539655,0.6991160872712975,0.8495330822856851,0.7947348623908795,0.8887166998209435,0.8992198962604466,0.8438145689191856,0.7204402975522187,0.8401641442549433,0.9092980802840248,0.8682350473263789,0.6999081705899086,0.7323383931753198,0.8164093936170914,0.8550209954638368,0.8950890464021881,0.8781315835854323,0.9181859514698842,0.8962445063142443,0.8100266164247296,0.9059120073530574,0.8165114288682626,0.7945943150987799,0.9115749018000028,0.7015288628615686,0.7852299387797709,0.8091807972802327,0.9011648629875992,0.8796834497977395,0.8115763940052553,0.876671510391624,0.8579117185897794,0.8051624066185635,0.6913571059770313,0.8526417337956457,0.8028899950257887,0.7551973005949013,0.6673459037173315,0.8443625768333537,0.8922411907382023,0.8670273151958081,0.8491418389622226,0.7925817432619734,0.8574765742143075,0.8105647067935755,0.7097013976075374,0.6851808597942046,0.8438871946305909,0.6877542393758509,0.8833542470668134,0.9002371951100979,0.9043486804706279,0.7908563106622235,0.7930286730317564,0.7618421746001324,0.799955361210443,0.8710194226113389,0.7907536995637995,0.9338045969564237,0.8717423444005044,0.9141132236283817,0.7610026719555221,0.7644826352290598,0.8464473803559178,0.8498682538974036,0.8666741054089445,0.9141875623917978,0.7995351755425651,0.7428963718785144,0.7947432725367627,0.8411773816630037,0.8603285694413961,0.8228627725526733,0.7384422920991685,0.8917439216982274,0.882008137421414,0.7997142131817107,0.8705159501522289,0.7311912912298127,0.7541586692166546,0.6759381166648271,0.8890715210880483,0.8540390261325873,0.8870537348381471,0.6431693551087325,0.865014547455407,0.87207690369969,0.7581750761955843,0.7566176713933483,0.8406190345599568,0.8677438729522281,0.8591263016928051,0.9047473861950424,0.8381942776926556,0.8228806046904605,0.845043638564046,0.9396802088598266,0.9525639085766217,0.7726666958371458
0.7650682770850712,0.7426135611263901,0.8164529446506206,0.8725137585852515,0.8387505303858726,0.7187666248175256,0.0,0.7034477696988223,0.6750459189122767,0.8363381677029836,0.7460427453538073,0.7366413709732131,0.7962189198407852,0.8050443665944346,0.7787642382214613,0.7448393624559327,0.7443007118301292,0.7293499679463765,0.6490049921841108,0.6906509443158885,0.816260560549319,0.7993379544552814,0.8471457813543606,0.8004973882113677,0.8290457699457938,0.8642171029977176,0.7493155902552917,0.7060286658937975,0.7272375659229346,0.6400371773645385,0.7447931663893398,0.8138475397196392,0.7572632590457555,0.7965630189236371,0.814489342478804,0.8365103630871981,0.8783927301155078,0.6587451483998964,0.6489495917454356,0.8827604966830217,0.6680833432665101,0.8055696489066063,0.7569211290444438,0.8535774826256032,0.8404396872237047,0.70556396381903,0.7970879085170435,0.8381714319100992,0.9138983413269068,0.7710608950368921,0.8508599515925288,0.7559249389439523,0.6210364943824732,0.853221687249603,0.8682841494214364,0.8112164575240747,0.6947551192939665,0.7098277592964201,0.8531639137193379,0.7475152958488759,0.7215730876752194,0.7184591497015422,0.6846098077767997,0.7848232382130556,0.7000188587155767,0.6766045220231834,0.9160460723531936,0.8480874732205295,0.7808307672271035,0.7036459461776713,0.79940178519579,0.7451746684884526,0.8362279649282768,0.877507006792895,0.636581843649098,0.6621847704042978,0.8998364231668086,0.9082023217907765,0.6030397915229431,0.5901428037893306,0.6197337320379429,0.8621129383397235,0.6907627300672234,0.6131254355874687,0.7936784946849058,0.6712743165872432,0.7707768579813024,0.8415726574365903,0.7025612713446396,0.6845645310607197,0.8519620842059125,0.9046686846630269,0.7619292232917283,0.6464239888973438,0.8537712885291419,0.8107453279770122,0.6189876233475221,0.8265125761110556,0.7708097122166906,0.8474413437947369,0.7209948519098949,0.8145562965169173,0.8917283417446764,0.7354615376405235,0.7363282989972548,0.7460881372783484,0.7287607992327906,0.7201941904893173,0.7617309370093327,0.8436278112965864,0.9179522803306733,0.8217347935252444,0.8690462695722522,0.627222813377666,0.6633046516774898,0.7211317623789133,0.6567771770209059,0.8362112175312933,0.8711264072587149,0.7488444173595176,0.7668434994366516,0.7237995812662161,0.7598914745013099,0.7507845292168,0.6970183063789593,0.703786229618658,0.8399231580541985,0.8070999046908744,0.777811087207271,0.7527667898976439,0.6523074940452909,0.6886221976627173,0.6126692615362725,0.6404767650756824,0.7564302520402165,0.6342480067322771,0.6149068428831951,0.8547281311403072,0.7838511859661736,0.6574134223634572,0.6716970031874883,0.7824879845795897,0.8778397745109684,0.8198259325862093,0.8315263719859152,0.9101636152486656,0.7406571663923938,0.6169022334980143,0.7558005246160477,0.5470094263321805,0.7619098893111338,0.5962190151809752,0.7122127798390097,0.9097423681212485,0.7474908091799094,0.7814078304882499,0.7147470958595455,0.8020643218888708,0.8156948392830894,0.8479530439039052,0.6695040875478793,0.6745721954360338,0.7696660378577137,0.7252633587912543
0.9063635770179458,0.9269299813819221,0.8863141542816928,0.7759429388063662,0.7142737718022274,0.9213254383437341,0.7034477696988223,0.0,0.8764065577386568,0.8864794295383761,0.7659850514825082,0.7936916054460436,0.9059663976394907,0.7865817893636476,0.8738006371543608,0.8920348847538496,0.8714637415861954,0.8739064489270731,0.8944794208774498,0.902344987433945,0.867941125738671,0.8557648935637026,0.7530850809618892,0.8243753522635815,0.8904703342298375,0.6929727159559762,0.7625837313021283,0.8795095524790387,0.8388076227986672,0.8475390126346288,0.9262493759475802,0.8519403088153059,0.8681055333133503,0.7194050115692183,0.854401463506081,0.7797978634332376,0.8534169741556489,0.8869926289207964,0.7546740834623327,0.8223290351639981,0.8649618877176964,0.7423173498255025,0.8472229902192725,0.7946956934824501,0.8709194986012985,0.8636635141290571,0.8340806012507734,0.784389516864549,0.7917968679497864,0.8433031015688874,0.824552411708863,0.8806342231481973,0.7975343417067063,0.8400298717221675,0.7894556007614455,0.8542651148968327,0.890990540250469,0.8466985634741023,0.7560096126683875,0.8753980497881996,0.9131731199284163,0.78361540122366,0.8700013343713192,0.6924488570133338,0.7877891350775948,0.8071919756249467,0.705161859303184,0.8149451562616916,0.8079776981969847,0.9386780916688419,0.8631140293729421,0.8225048729940949,0.702513944770385,0.8381547651328463,0.9008308362476083,0.8144832724934138,0.7100192881283396,0.730697523807796,0.8461568532309316,0.7535450539091482,0.8160443801388035,0.855838775217543,0.9032726963746313,0.8925245022747668,0.8003039471392533,0.9577809419177815,0.8410937231080682,0.7721180282634355,0.9026189299278145,0.7439063492905708,0.7850963802287464,0.7700198081434417,0.8663510446412618,0.8306829684482219,0.7719105903396445,0.8535102728297201,0.8135358924909529,0.8085271908538827,0.6613936895988534,0.8375666074870532,0.7743232698249448,0.792341537784492,0.6622386834118282,0.8522570751335757,0.8654916030319515,0.8923915093091225,0.8387399480911758,0.844928101533239,0.8432863492440482,0.8078061740556599,0.6965446481619983,0.7002023602883992,0.7892282998806499,0.7275619631588323,0.8641015563993405,0.9265921473486194,0.859633739921641,0.8089056510516941,0.7579680136140835,0.7522329539975567,0.8044211053236834,0.8921832736636086,0.7798632879840557,0.89022985086166,0.7874925020937196,0.8938496937856724,0.7294013617261927,0.8127349500960906,0.8425681278200418,0.8448664188313435,0.8820652316517161,0.8911263332804568,0.8269138950928043,0.7282853347328626,0.8255999100284155,0.7768041434211028,0.8794118986638501,0.835984248168448,0.8216169631727641,0.9413273318214179,0.8268851226204499,0.7656754078246214,0.8380227132622883,0.7130488711568865,0.761372219221837,0.6863625503783058,0.9066975081342605,0.8176167361593297,0.9107896018740649,0.6531907373433697,0.8895550676769014,0.8034506538239461,0.8007280914615756,0.7803160688113617,0.8720141682040762,0.9014540264240091,0.8855384471125043,0.9065943985875248,0.7950374089671947,0.7759359557651151,0.7963859205880396,0.8679995062855809,0.937645117529101,0.788326127114315
0.8609474480687273,0.8692630196449148,0.8426419473052259,0.7123667666411331,0.7641561794131847,0.8573827627197853,0.6750459189122767,0.8764065577386568,0.0,0.823624093244225,0.7900746973317715,0.7419112696173364,0.8276056002762423,0.7826780613802717,0.7594976235490295,0.844274818784197,0.8275005000793926,0.8248611958547797,0.7935378889408019,0.8220891254665278,0.7708763282916784,0.8852763350677253,0.7210587729477177,0.7122716732279775,0.8156620484289967,0.6102832539817515,0.8066092060374398,0.8402431864797028,0.7919118202170271,0.9394368578544401,0.8070416039204773,0.784810155829922,0.7460361313711528,0.6264617270638534,0.8178577260601704,0.7087857008075551,0.7785118463892636,0.8526995144417421,0.6638992504647616,0.7371887242621056,0.7249196196691826,0.8398156696503752,0.7183839135156481,0.6953763135482656,0.737818854460811,0.7225814248049123,0.75047468868441,0.6938965114011546,0.7398483213362085,0.7683664040574288,0.7319917942326123,0.7612640117669922,0.7383646911117242,0.7320388291365297,0.6995531732662934,0.8579958813813027,0.7947156546688355,0.8571371395912601,0.7018866677664835,0.7781251322582968,0.789383046654176,0.7153202322350972,0.7648538026292807,0.6829496973585978,0.7093165220148245,0.6876626174033647,0.6563808323966092,0.7526505895978912,0.7936490637340312,0.9051494534957478,0.7737430371756372,0.7438023870792393,0.7105394093022614,0.7614043545080051,0.8710875568131791,0.7129870881522159,0.6651748200698223,0.7077969311073787,0.6785911068945825,0.6796907325230216,0.7222223544613646,0.8140144994587971,0.8758935157404414,0.7819212037925292,0.7317429343823572,0.8653475457372598,0.7911181935674451,0.7174050459933567,0.7827227866337002,0.736722494458939,0.7986022057542097,0.7250610791832536,0.800239949663123,0.7248067717152681,0.76827581949133,0.785736221247351,0.705135068929124,0.7163037173005685,0.6813770375260585,0.7282344519362954,0.6964150395423333,0.6744913246914299,0.597522018589682,0.7257019056763518,0.7881455242018344,0.7548918940290041,0.6988210144166696,0.8185004836272063,0.7167074595621499,0.7290100459333683,0.6399399663722192,0.6726218707426925,0.7396192894768606,0.8190130905669496,0.7338844697739356,0.8905657925388015,0.7575274374829908,0.7677256404077982,0.6917123639339909,0.8039912529394886,0.7898460906180249,0.7768306873614628,0.7204386839746024,0.7702797384165823,0.8220897138672728,0.7378584275518415,0.7061894614336413,0.726576207752217,0.7187443055057782,0.7342558918322573,0.9667264474920383,0.8633948107989631,0.7958053768869688,0.7964004741025729,0.7149471056695365,0.6985916015634964,0.766912447714879,0.7274180633122894,0.7262772820377504,0.8083207331284075,0.7175313405265938,0.7771984656092688,0.8081522543931838,0.7351984134695987,0.689854961030071,0.6493877228909879,0.9068206874529522,0.7133305831215234,0.8167444626932165,0.684990240072516,0.7656380408784492,0.7396446015907997,0.8338245407116475,0.7275430278803336,0.7398585207592686,0.789818433892972,0.8411786468012017,0.7990822016777305,0.7360224250106928,0.7321421424864288,0.6907480096951926,0.8278857153892978,0.8443142416201564,0.8436431907105566
0.9326696913688498,0.9270463463083981,0.9505784168407821,0.8161413469054672,0.7820506299774808,0.8994840661343854,0.8363381677029836,0.8864794295383761,0.823624093244225,0.0,0.7747145014449416,0.7477953488108574,0.9480078196281891,0.8658576733756695,0.9018235562298319,0.8832797969477081,0.8905689443156974,0.9142371186641515,0.8251888669366435,0.8732513204244459,0.9000647836812594,0.9063868041578992,0.8120201245875737,0.8404536159792788,0.9387229403954128,0.7381545017681227,0.7739474410179472,0.8600311390705078,0.878590150366623,0.7926063224283562,0.8739130939579619,0.9273707196739821,0.8625131210741284,0.7341436949938133,0.8929256819168655,0.820436155535602,0.9049188655186211,0.8229219784030295,0.66639997776215,0.9092610967597092,0.8165539167313608,0.8048014484154911,0.8818108166248992,0.8458579188662397,0.8879513344444224,0.8661339156908103,0.9135484486625457,0.8357009832877332,0.9005977140477159,0.8866446246137116,0.9027764356067987,0.8854869006548115,0.801088095749418,0.8876511520249696,0.8531803336869652,0.8946506874854675,0.8707202873282377,0.7907224164337379,0.8912605350708092,0.8825317083840171,0.8826337894725728,0.8154524382184012,0.8592224623562511,0.7580340842496643,0.8377608608790228,0.8250833487606665,0.7906212488003386,0.9199873737542993,0.8875203578242651,0.8799615421495475,0.909250704542667,0.8662028049766336,0.784451818214672,0.9231028535530053,0.8451642668947582,0.8333357170966328,0.7897060097520419,0.8080611982584741,0.7613247986477981,0.7260578496243393,0.8108612532403089,0.9019651989325597,0.8760888612230365,0.8115989829147192,0.8327163498508086,0.8578170432266293,0.8076477920859017,0.8768319913176653,0.8931244614256438,0.6897167100855501,0.847768348721015,0.8476422216019532,0.9076602699416313,0.8173713413289387,0.8691335166698374,0.8749427238851046,0.7698446419460514,0.8381725935353325,0.7140833373811929,0.905578724760442,0.7764049207897536,0.820794268165732,0.7470655706979509,0.8611878787302784,0.8742612909529547,0.8881148710265525,0.8580560159438146,0.833644795849764,0.8959521384864753,0.8678456171720802,0.771000052209058,0.7425428214237175,0.880955243933043,0.6899876528148199,0.8334493048257513,0.8817172496600041,0.8531092491195362,0.9096682563788899,0.85326608119446,0.7642310783159273,0.8193341095872587,0.8135355284075689,0.8010319870332011,0.8984084404372275,0.8073564984824095,0.8649509024906593,0.8120699571791349,0.7920192072240053,0.86165845225081,0.8947202456936891,0.8360936414029836,0.8636172757907893,0.7301730883155161,0.6641922772681689,0.8122976370649111,0.7991034909154957,0.8072919879060216,0.889821765543119,0.844098743953822,0.8431310336948791,0.8345025989825718,0.8217444440689844,0.9223061087242683,0.7796969967174683,0.7923430915456499,0.7795798791345958,0.8425756366059095,0.804923800183883,0.934877735668597,0.6048827178785215,0.8314135019171266,0.7895875242073609,0.7928904628556223,0.8967995162677137,0.8362330520369358,0.8915898551492895,0.8656866505898818,0.9019486589475768,0.8529210444968315,0.8641088949761505,0.8458110404845813,0.8507120927555595,0.9400112440985854,0.7689496507836768
0.7832898342378599,0.750942961199909,0.8599357239079672,0.8358630127987984,0.9004106557746433,0.7448947173841372,0.7460427453538073,0.7659850514825082,0.7900746973317715,0.7747145014449416,0.0,0.7974898175781694,0.7917508521926061,0.7900977185346487,0.6796037640184558,0.8835756881041269,0.8504572771124209,0.7498005098188563,0.7287209351014251,0.7606125876198359,0.8213660886822344,0.8878154683136869,0.842654455229391,0.7553842935436607,0.8294262049751613,0.7606447646035849,0.8970962352873484,0.8641303835676747,0.8133362570409604,0.8006114572884027,0.6910046789653472,0.7516803305877024,0.6962620510583729,0.7218646640671953,0.8421955784350527,0.7867825820720005,0.8210981783573384,0.8319665489666777,0.7045303216666765,0.7978474048338399,0.6767365031425151,0.8867659377630731,0.6980565249723206,0.7699915674212697,0.7540646010359636,0.6361455463649902,0.6683982283600155,0.8337996068460223,0.8287025544286553,0.739675662992208,0.7306994515225336,0.7327455225195147,0.6092814766236779,0.7805802304139473,0.8111360233906009,0.7331823913296188,0.7289118913835717,0.9160675247772526,0.7149672500510735,0.7152994095691825,0.7399126720802582,0.6380934905426535,0.7010703564934699,0.7894751840320035,0.6224537271558941,0.6144493134843914,0.7380962272861441,0.6987413558970664,0.8223829373826282,0.8467115129902049,0.7046829378050712,0.710301142613741,0.8292262617528351,0.8002019955413251,0.7656376069100497,0.5982383827459984,0.7864910558529083,0.8238863162597612,0.6112885202598687,0.608159514988605,0.6119944255897383,0.758897769051189,0.6986977314891585,0.7042303973286852,0.7988611411468469,0.7626591805196764,0.8540380428070343,0.702659030161701,0.6632468981617201,0.6591446991646736,0.8950512920044754,0.6952092038832048,0.7727039475975959,0.6273914994818492,0.8102987721103938,0.7454878023965184,0.5953157748813993,0.7399568999123691,0.7369900174465394,0.7019024085533762,0.6977546055936935,0.7185629451931721,0.69426215446531,0.6968424600594958,0.7350358819402623,0.7025938022020481,0.6646038961942985,0.8677081878497163,0.6551422221166443,0.7682046377637562,0.7854594728990815,0.8218811572080137,0.7703655330535417,0.8898079199753982,0.6606779725712209,0.8250475745593272,0.6515332329486321,0.8296595222159813,0.8307433369817394,0.844218914392789,0.8544394736302338,0.7436758800483774,0.7971087877218684,0.6813579457309566,0.7756679971202906,0.6840661691206655,0.7220724784933984,0.7331296651871418,0.7856023161443899,0.680296056602732,0.776400583266801,0.8024692863839519,0.786267361301964,0.833467097579957,0.795278545276593,0.5982191142964937,0.6444039211522148,0.7618150910601951,0.8396259457505229,0.6902565746927598,0.6382442424741782,0.8171444379860526,0.7615959530142732,0.8300304024632192,0.8354576410943104,0.7344013816252805,0.7828858812531253,0.5828907575064793,0.788050937611853,0.7340848796571268,0.7919619308974295,0.6114082905666317,0.9163951794598936,0.7217941151167224,0.7589954165117457,0.7308424813371409,0.820676989821262,0.759720274355715,0.7795663377830073,0.7765595824328422,0.6019403740613519,0.7296326297058053,0.7140324588740901,0.9597369489237112
0.7110477617389724,0.7635965473512264,0.7641093545622297,0.7922756249127735,0.7762540053529224,0.7496812736761248,0.7366413709732131,0.7936916054460436,0.7419112696173364,0.7477953488108574,0.7974898175781694,0.0,0.7116703532681495,0.6554753552026721,0.6980084831144977,0.7778163604588781,0.731568267309977,0.6529319099467076,0.7563880893575665,0.71090352606613,0.7897436159126403,0.7529532636501614,0.8155449133426765,0.8176527223610582,0.8383828570488183,0.7448549759959432,0.7564466324192612,0.7473537297684771,0.7460232201879897,0.7597009056736045,0.7922012602103682,0.6925879367827528,0.7233759465021578,0.8089975077362717,0.7643440610495877,0.7490795153811968,0.7909626584449073,0.7181871770466856,0.8214747554151786,0.7298619140464995,0.7070491074392159,0.7832255274560093,0.6682249765926916,0.7878462450585251,0.7790389404598941,0.6431783927241744,0.6766276127612753,0.7837678883764054,0.7558314134081795,0.6621778735075051,0.6803177875999843,0.7261765946416323,0.5680605500723652,0.7583759588099986,0.7502090559535176,0.7908895482211772,0.6745559253790154,0.8698233100950087,0.624928036676007,0.6779703908112701,0.6873338821240471,0.6011943201487682,0.6452917201128718,0.6776809328525588,0.5811982407030999,0.5896162504348714,0.6882660557097342,0.6589400031212806,0.6595845669277738,0.7548641795199141,0.6690679250669593,0.6409482384949807,0.6741615353404911,0.711974586929711,0.6737079401258527,0.5962531181163568,0.6918731767325575,0.8150066291742156,0.6466981175914438,0.6103029048202949,0.5996114833764028,0.7298164323940016,0.7314630200956921,0.6607541383733142,0.7191445836477465,0.7815243967305632,0.7972913182651359,0.6266965789772185,0.6647939679186827,0.806646598009678,0.7505977874147982,0.7527493599452499,0.6896650989347569,0.606822114728978,0.6621865858128542,0.8469969278465791,0.5873563280287831,0.8459317268128576,0.6585467872742906,0.6921252942582076,0.6724220582002294,0.6860094155553444,0.6891881322747161,0.8010455211967727,0.6638865948047042,0.7100672697907808,0.6445695367120056,0.8434224311574122,0.649385362220549,0.8245599132330665,0.8011970214858876,0.7273726215433264,0.6860853579151671,0.712450243857361,0.6389316906291121,0.7830148055540642,0.6487758710348986,0.7285763954443992,0.751911985983361,0.7393719770120122,0.7253778255670923,0.7360755693008144,0.7625295960581688,0.7102780175668336,0.6628660299767937,0.7425312228073864,0.6461039985069004,0.8135265858716404,0.7899703547095399,0.6295826465132064,0.7445421506887598,0.6968492313795379,0.674834332058898,0.7737344215849975,0.7844143248058577,0.5631284955891704,0.7015878084921018,0.7394403797451228,0.7759830490425573,0.7339003543010136,0.6239279506544264,0.7025582537190129,0.7162825432397502,0.687635744517248,0.822158085993398,0.7235182975633015,0.854838526138447,0.5920314703175998,0.791563497486383,0.6727750077666012,0.8084941320927858,0.5909950782795267,0.7434048286611119,0.7222073729624661,0.8969479888648763,0.742207565713985,0.7356767507488827,0.84909724991339,0.7078873275913652,0.6668571720520443,0.5806490534637665,0.6958581719487302,0.7605557835765074,0.8110510986678114
