0,1,2,3,4,5,6,7,8,9,10,11,12,13,14,15,16,17,18,19,20,21,22,23,24,25,26,27,28,29,30,31,32,33,34,35,36,37,38,39,40,41,42,43,44,45,46,47,48,49,50,51,52,53,54,55,56,57,58,59,60,61,62,63,64,65,66,67,68,69,70,71,72,73,74,75,76,77,78,79,80,81,82,83,84,85,86,87,88,89,90,91,92,93,94,95,96,97,98,99,100,101,102,103,104,105,106,107,108,109,110,111,112,113,114,115,116,117,118,119,120,121,122,123,124,125,126,127,128,129,130,131,132,133,134,135,136,137,138,139,140,141,142,143,144,145,146,147,148,149,150,151,152,153,154,155,156,157,158,159,160,161,162,163
0.0,0.3303741236517614,0.3476430753291284,0.3317795424528359,0.39478493975565726,0.34045041297846507,0.2954674015516371,0.35569379930971257,0.3520011173119283,0.37061655549616185,0.37710252709992403,0.32290286990759987,0.5047472489325174,0.29920405551988705,0.37324538388557565,0.41768998843821703,0.44165932320187135,0.5254064809486265,0.31462408524010854,0.44264514815953626,0.4159640596825313,0.33976819450947,0.3265904914712782,0.3640294429941388,0.44821937962413155,0.3263352773775844,0.33819708008687743,0.3619835825403356,0.27448864706610854,0.32521220448328075,0.38199314496775755,0.3852381639278458,0.29413702706570055,0.3146515056413298,0.45773485519378376,0.31630060433360374,0.49136238908969354,0.3494311791821101,0.2862010377272807,0.45456093758902105,0.30043540391079715,0.37494667623582856,0.39387302837350435,0.3882273194683472,0.38183229934953994,0.48972820071586,0.3297028831606365,0.4072995970729258,0.3910066322321268,0.40134544300180314,0.44122951012627704,0.3906118145604409,0.3106203915115166,0.33369556674217854,0.3192674656819686,0.3352895395787036,0.4919555080610087,0.36633578080890716,0.34130007332180173,0.40487570318636784,0.34680885888593666,0.26986014512403234,0.3904077259255891,0.26290249931544485,0.353131540072969,0.42494878134114805,0.3728410591039097,0.3487963485501738,0.31862874109246264,0.376457755427307,0.4434070492735569,0.37124327514384886,0.36103929230155435,0.42798971758479054,0.3794032161698605,0.388566113719209,0.3048218103162953,0.3730302085391782,0.32920850332713586,0.3076417342584122,0.33164946361302233,0.3875898410137224,0.3543890184092286,0.31715498897113026,0.4162502166627612,0.37507477428418795,0.3758629095011757,0.37750518410258166,0.46548790747426977,0.2988698113682718,0.44738659798436736,0.34211868277806223,0.39171084779289944,0.3812455603387192,0.3752676633498657,0.2952791761493644,0.2512616864648029,0.3270791892841862,0.2639576613594494,0.4535080839468923,0.3088891820354021,0.32054755137173185,0.3252849565499998,0.282169183166731,0.4217722069430626,0.41533266980227534,0.39467842266566594,0.3631306866821193,0.4279425395106235,0.4113910708060533,0.36597627059159876,0.39862364606195005,0.3858076868800577,0.32801232751727794,0.3740452066080392,0.4187650052535982,0.40791868687868715,0.3400452051977748,0.30311633467671745,0.30151846996207915,0.3661185759105423,0.28441025666271896,0.35769738054728284,0.4593190470683612,0.3150765489418738,0.32615508670604804,0.2751925021514199,0.3091242543957717,0.3046755844459346,0.36628459558954257,0.30549896308289826,0.33275940590229447,0.2971459495281177,0.3017952013461303,0.33598979538775686,0.32357831682025145,0.3363004368961644,0.40985932797831165,0.34786015841144147,0.37784954314690816,0.28217190236359296,0.3145878218427244,0.4293385501040029,0.30993888326294905,0.36747274526666807,0.3216447903318127,0.32538219927157064,0.32725616291273235,0.38754148191087784,0.20604862454682837,0.4600475748644305,0.31826550427487305,0.3717662886520336,0.2817307027332203,0.36503176210951066,0.3869915654762481,0.3199515127644496,0.4061847875492909,0.32942107152024414,0.3528990918245028,0.3104355451861904,0.3861231956633655,0.2752230399216409,0.4507237647781373
0.3303741236517614,0.0,0.34628105528366276,0.31559481481632234,0.3490525941465045,0.4889118804260288,0.2897869278045799,0.40826154080894866,0.3404718930246437,0.4264460215768736,0.34361702118312665,0.352458234407137,0.34385828081879916,0.31815629402055967,0.3849518075273351,0.34039718172575983,0.3441725820627705,0.30335610303985977,0.29581957398120845,0.3358751541448753,0.3476644691418494,0.41294286054634644,0.26787902267071056,0.35042882214890386,0.35493382097596476,0.2626785379558841,0.29461244170285655,0.3011593054917516,0.40502068776693,0.2835463135115001,0.43385294176036004,0.31760193861494346,0.38668292795407344,0.2560759150904265,0.37175024744525326,0.32325038121638244,0.32531563445341316,0.328567592714492,0.3480155278766092,0.32434681354667544,0.37306818444168016,0.355367667947457,0.2636922623137949,0.3495153186417068,0.35527177037657276,0.3037997916904759,0.29801977174941113,0.3318361126861094,0.2870380615751037,0.3140968862725517,0.32274867312753774,0.316515432506362,0.35537642783275064,0.4033811835863811,0.33527647289583107,0.385863733956621,0.32070155051515903,0.35511844257294856,0.3027022693279972,0.3250616994578867,0.3918186947594321,0.23782227960333466,0.29026498554537195,0.24664560126046053,0.28799667016881514,0.27577377240300455,0.3229554078002233,0.2926085033098115,0.25137147375267793,0.35149967137912014,0.3240870438374156,0.33175996301715033,0.27212875440690326,0.329317839299722,0.38996097459420886,0.2968357333150829,0.26563161985707506,0.40886720557601897,0.27456650031617474,0.3079591602537264,0.33462003280515734,0.3251632150695155,0.42118258202087605,0.30340805808312094,0.304308519817033,0.3825021722965902,0.31259810762797813,0.2681859553676043,0.32505606381383306,0.35250749625468597,0.3056230356200062,0.3539234540407622,0.3770029532946331,0.30536058909336455,0.3248698319678139,0.4107212391833559,0.2962751038776047,0.3221276330980603,0.2508352723208228,0.3437811257395004,0.33640220222651385,0.25299062937031797,0.23153037024280357,0.29882657931867423,0.3102925788357597,0.3101723457918646,0.3025652720762563,0.3869606302274249,0.3477065798897465,0.4048260552931032,0.28822495451789126,0.27946969383221104,0.32775545459969785,0.32550553849983344,0.32874393345331815,0.4611960882186924,0.3417999871056954,0.24995206425869693,0.2940866830299814,0.3017219820406742,0.34716602354720566,0.29814027715076574,0.29779749711015674,0.41194821323044695,0.34086937582270194,0.40663889722319735,0.27007407504023967,0.3473512982801895,0.3486865045084919,0.3059458521218439,0.37156566123644635,0.33457165564626556,0.28024531272456554,0.3495190197649997,0.33979721105390565,0.314548648546673,0.31639301416865095,0.35751791043032977,0.3047763097469462,0.31290456835911235,0.32272612821439395,0.32909153432763366,0.39491713445474663,0.30454065577335143,0.3628560445172891,0.24825382072436647,0.38900393925827553,0.3619060476860155,0.3709464504448678,0.22573916640593725,0.31419214548737723,0.3496767965285832,0.3011124945982081,0.31177163488804294,0.34205302161327383,0.35987538060910174,0.2987184310364917,0.42616223946998144,0.32110113165750465,0.27272718922348876,0.31329457827382645,0.388952367718081,0.28125910609244936,0.3486491444707744
0.3476430753291284,0.34628105528366276,0.0,0.30353400737213654,0.3669748509748551,0.33173354442878855,0.2644607769312885,0.3544867409499397,0.30413673592438845,0.4299681569914945,0.34771440983150936,0.2960111061372224,0.3656265775720026,0.28198873337240055,0.34129392403342734,0.3441942595113408,0.341131270877712,0.35476319597332806,0.26730601774454865,0.2968539629234317,0.3896281584838951,0.4789014569971559,0.2645468256372093,0.3079483163664907,0.34446035955657206,0.2997842798783148,0.2859141831925738,0.27984116502906364,0.2734611692998376,0.25925495342745636,0.30794450967876574,0.31723116420319913,0.2874034178550371,0.23812493980780622,0.30853324994329556,0.34332453648539796,0.35846293975913984,0.32147058799860195,0.2819052190897843,0.3305059645085095,0.30859034535429464,0.3705303917310985,0.3166550427447804,0.31564567610642386,0.352655426814325,0.31794796408543874,0.2969404336139993,0.3512523166987926,0.3059889232249709,0.3323915176920587,0.3362525757743511,0.318521380911125,0.2530216876463836,0.3565265867523966,0.3180307926191872,0.3000941542802202,0.2972930411235914,0.3207744878714794,0.3133339635293977,0.30155464609010124,0.32092637354023035,0.24855365747778208,0.33447099106284517,0.2709073075063823,0.3044748693155723,0.31395900476665567,0.3174315246598673,0.35409207703290946,0.34849386331226867,0.34927299759943575,0.393054729664643,0.28416702739988575,0.3061042382314269,0.4173557787890195,0.35356016185311623,0.24976583183561366,0.28343919850653715,0.31574893545718025,0.26445132397393567,0.2193246994249852,0.31717168146566727,0.37501934996919023,0.30849215311345407,0.29709302292265277,0.30349690045933797,0.3704121463412127,0.29850225354032917,0.2702519135405388,0.2956935077032335,0.2730908180274954,0.3412384937348508,0.28463722814432124,0.3149322631010862,0.2492637601624229,0.3368148729599638,0.3200642425724965,0.2702045644255493,0.31251711634455887,0.24820533168584905,0.31375789816335387,0.24823432155952566,0.30515692335316236,0.26474059424669816,0.33023910093403086,0.331851568673767,0.33853138093889035,0.3258170708595573,0.3092475206365331,0.3293773446551469,0.3732415863760528,0.2979885940584883,0.3073560938068169,0.3154282131772553,0.2769357823390836,0.27277078963678386,0.31711791960504754,0.2558718391639167,0.3244008015406282,0.3209628082906421,0.28160378290122134,0.3032604331848997,0.26785446447512173,0.2748566724656197,0.3163968056347798,0.25851151544131173,0.3237389422506456,0.26813117196721525,0.30012243145249834,0.32404174014319986,0.35413550593773396,0.3011995909404841,0.3893478166070415,0.2289852221759067,0.26546306842593637,0.3671801026480855,0.2822834368334288,0.24121226303658866,0.3114082492392822,0.33972772739395907,0.30502108892465424,0.27608881885314396,0.2961291104393801,0.33099397505309647,0.3520341841649825,0.3284929763315667,0.2497230089462342,0.3645913251666639,0.2950599901579871,0.39048312496226517,0.21822019151913374,0.28201579137770816,0.24359520928233402,0.3127464946260068,0.3420417383561501,0.33046707340899006,0.34623290815848967,0.29519492307812656,0.35030966587799645,0.2406641083407963,0.25539750311289827,0.35404439010936994,0.2591074761112055,0.2792085255523099,0.32656342807619126
0.3317795424528359,0.31559481481632234,0.30353400737213654,0.0,0.3620746621480857,0.32287248816383635,0.3352051728702799,0.2941459351160153,0.2733152518296023,0.31817064952903223,0.3737689382310838,0.3080819275206081,0.32304486321624765,0.28564021766271436,0.4106167877769198,0.30815480316798244,0.33973809527999155,0.3302434187176951,0.28855051727338155,0.2873245714604634,0.36494511533752677,0.3366997759326083,0.2809157938255793,0.3152710713843454,0.32652204327560264,0.30803103362526,0.30866081965235453,0.292358164526401,0.2979707916005708,0.24721409936762298,0.3318435016545528,0.2811626002464352,0.4417113078246233,0.257866791550507,0.33544161655179805,0.3100770487326679,0.3510751226671553,0.2955034476906789,0.32278903591833924,0.3653516850492382,0.3295563730435884,0.31836116826363287,0.3029509069987125,0.40611032263333635,0.3040728380518467,0.3337980322531331,0.22721278573704293,0.35617570454528985,0.3053105285798862,0.3127406596730049,0.4294475813672445,0.3382860513796265,0.2973722104546501,0.469153891260664,0.3461602021857963,0.27240854418090354,0.34924742563146416,0.3386950184788008,0.3142303381750572,0.3293960960209389,0.3656922924343755,0.24086103839067124,0.338917191937539,0.22550096684190948,0.3176007640193929,0.322769023194204,0.37072532745622755,0.28004489426885026,0.2713146462114909,0.3155363160962334,0.3342726093886918,0.2971774168832929,0.28854035619342155,0.4210997340439393,0.31618053895215315,0.2693446748105968,0.3402048906500482,0.38241729537624136,0.2666243679124763,0.2554350758208145,0.29207794071206694,0.3748311704169883,0.29837025558649105,0.2589444297483209,0.33350719687977115,0.2812750309490409,0.33385625773584326,0.32037818687068714,0.3052826530359241,0.2656473288939648,0.3756450981289128,0.329212055457435,0.340646920460671,0.28598499764763924,0.34504985628184764,0.3120760783212754,0.2526726019232888,0.2842300359971583,0.24412164654649607,0.32606703271935655,0.3013522677295239,0.3072129492464463,0.33461887953079644,0.28136870060051594,0.3182809809947521,0.2879864248954053,0.3298578566453374,0.27995307030038147,0.33377643120875167,0.3263718660247824,0.37781982941861714,0.30705884019698454,0.3494890526000272,0.3324172965471765,0.3048425890607499,0.30939267765658934,0.2960771075899987,0.25604486346389677,0.3162271519718873,0.29437311714467346,0.32547991144471633,0.31628381095860136,0.2724531966443233,0.3742751701290075,0.2708220937116573,0.3257831800010776,0.2650628906782267,0.30879954339745774,0.29881473036759054,0.33717887956836706,0.24245392199131832,0.3252111074006523,0.28492648389083375,0.3038537195739626,0.3253345258553884,0.27910238538198745,0.2242006682819493,0.3515184889230017,0.3140962675584874,0.3328317588254152,0.3960208841864869,0.28647640489100124,0.3782141182228886,0.3118508011415564,0.3295715629791392,0.2519947857597909,0.3107477384167021,0.30384286812363875,0.2656323443411255,0.18695551981259242,0.36462576480504727,0.30888249523732797,0.3415330494737417,0.2585217883025544,0.33141661761908847,0.34048746210384495,0.29092139309081844,0.3674333044369686,0.42635621793053696,0.29288323287939805,0.3045272676616779,0.3038153007689273,0.2826198175776923,0.36058217682529764
0.39478493975565726,0.3490525941465045,0.3669748509748551,0.3620746621480857,0.0,0.3119987326718676,0.3693585876004459,0.32476688245215957,0.3258204397430847,0.42134810712665133,0.372465757903945,0.28967604322741963,0.3462300498466748,0.3298116234730063,0.3889649394651552,0.34131734634018673,0.37019869328984417,0.42002457650255887,0.2747141803577541,0.3151530187049183,0.41708441225294507,0.3866054344115794,0.3583464528951992,0.33145250777281865,0.37900710301692175,0.3213030537202529,0.3356027605258444,0.2956262436859314,0.28663642419755403,0.2984910107366302,0.3610054453913755,0.3057954824738329,0.3141402897211133,0.2817976350914081,0.4352529788126351,0.35557898660156745,0.4023325775280443,0.33241707399940984,0.30236358312995126,0.37454802428316625,0.3161263293245781,0.4989330750755881,0.3500336106047615,0.40555475313127015,0.32356970459839435,0.3357373509047986,0.3069832030981366,0.3881924154251025,0.38753041431359453,0.34992457291232737,0.3937848778996474,0.31840046894587654,0.3080505560063463,0.3558489691522666,0.33196469129566053,0.33614418941873647,0.315722089460424,0.37548459448646865,0.35474736830099535,0.32168382117939737,0.3035650255049581,0.2591426408688987,0.3215962495285748,0.28801869325303636,0.3587980629429378,0.3064616005165347,0.3659060050391834,0.3485896653793478,0.3211596081708372,0.4022466317537479,0.3826870632324853,0.3491777061529373,0.3220803643607488,0.3896101131106397,0.32860027327320745,0.2955863883629797,0.31730783463713824,0.48680685858126493,0.2757540723881249,0.2646206006931643,0.34204421118441825,0.41396848053089574,0.3612678251568365,0.2690851394486151,0.36047359891498704,0.3151885316098735,0.3712873905701737,0.32380533830558883,0.3178273545356765,0.2962488226212553,0.5019105914304977,0.4032442768985732,0.3820232937902104,0.2673996500909223,0.40672121060327615,0.3198191750576846,0.24068612282587484,0.32460980538436157,0.29968718013115897,0.3284700976836548,0.29974603846069947,0.3167989049876164,0.3341950441887674,0.2978713335510676,0.34273206480458823,0.33323071264849724,0.3196220657880327,0.38584661669201914,0.40346947806149136,0.3752633734162201,0.3567401347982816,0.38142663855592257,0.3580077066191515,0.3739444122960471,0.30120916029827727,0.33162262626544114,0.31442401128084463,0.30931179273290177,0.3057653424610167,0.3516250354160262,0.39383509821178303,0.3069528847316887,0.3059809948050814,0.4102292129950411,0.3158340062176021,0.3006751589542905,0.2846399641175002,0.3165659989509823,0.3103149465525111,0.35630026170530216,0.32156510750375694,0.33095678581478244,0.26300980607319263,0.3192318363493236,0.3385014232247509,0.32848587751800856,0.25843636049759217,0.4158729622137783,0.3550230285407921,0.37050603919502356,0.2968534184513584,0.35837303777764606,0.4298417189151905,0.36250209657818766,0.3997683698701884,0.3063617541995696,0.34383522288401763,0.34223144638093056,0.34533696002530845,0.21957570242428967,0.3300401098652893,0.31454098581846185,0.35524490805328723,0.32805224087202406,0.3843568359250011,0.40603336635089066,0.27995932360427794,0.4092968162626085,0.31829885790881657,0.3004284850570186,0.35455022654514934,0.33706755212856093,0.3362420590794003,0.44021547542081546
0.34045041297846507,0.4889118804260288,0.33173354442878855,0.32287248816383635,0.3119987326718676,0.0,0.2621163280731004,0.3897857327899768,0.3551452528010291,0.326423938504778,0.3321277893671069,0.3607788032193328,0.3463579308516626,0.276461507611071,0.3750545184570525,0.3455460514467492,0.31271838985055267,0.2746140325421188,0.3194332734429575,0.3380049229633796,0.3506808355687196,0.36997781831838994,0.22447532010915444,0.2854016142346014,0.35539399523673904,0.2558375798440196,0.26837756132702023,0.275473339408502,0.3228871242460181,0.2783421248779572,0.43672232726995347,0.3523754104332007,0.4241914890890046,0.2539554114590733,0.344400241642936,0.32076882658302885,0.32884850886011285,0.32936452325869464,0.32347086957569043,0.2679115721297549,0.3466920423667292,0.33545273119862673,0.2783577196075815,0.3841712843210503,0.3259955015308523,0.2902131789529046,0.27340174893582075,0.3327593713066206,0.24795131253791308,0.32928451014802823,0.32325827816879177,0.3503035415323733,0.31115916450985803,0.4020637294916277,0.31744384693378763,0.3664474137738984,0.31779582801282324,0.4175601558445746,0.2559147516680466,0.2981190860116983,0.39756912394604615,0.26920900265034003,0.334396453029653,0.2299530923698635,0.2929163164957514,0.289858180758134,0.3099172545547334,0.3066683621772233,0.2511855609096045,0.3458727879444196,0.34469219483094,0.28348714584826584,0.290491426385053,0.31259674607049337,0.42210089705388876,0.2852281505830028,0.2583915931031751,0.33068028220916834,0.27706931271024354,0.30548261187907066,0.34566243037941485,0.3532186748666978,0.34936198749855857,0.3186779084326364,0.3140579226097588,0.3514882147273693,0.3590360397125228,0.2762222053263004,0.3351668566151775,0.3286006349475129,0.3178999777693385,0.39931743465146086,0.34392129665109833,0.294375984233213,0.29879976996488367,0.4283071311952917,0.33453291117502815,0.35063084934883054,0.2475876836569105,0.3153889355070136,0.3069588207269662,0.26443661450776346,0.2653985564241378,0.30011372231206945,0.351717301006168,0.3241036993302133,0.3213586581448378,0.3251458594036825,0.29373043401188,0.33438702673797743,0.3048813324646805,0.28152631443488824,0.37191582919196664,0.33020127371638175,0.313169656517961,0.35355517261620467,0.3331319510640541,0.24140078481665542,0.30759856916504813,0.305295740369151,0.3122549016624004,0.33389276296264964,0.3032671152302466,0.3732314011311932,0.341625645932797,0.38310349002309535,0.27965036135146715,0.30809076365890076,0.3290359716914476,0.2885340794638218,0.35382243286959336,0.3921439163606344,0.28225278797183234,0.35357365363257365,0.35398508298455794,0.3002525461748401,0.28466676614279673,0.3007501479432682,0.2743822546448923,0.3138701610395859,0.35020500477249006,0.33744684621623827,0.34054298039936076,0.32293052913317816,0.35489271621083235,0.2593819922056467,0.38784362094001457,0.3226212525115484,0.34345406738862827,0.22126946287031982,0.329318180804334,0.3279305352962607,0.27876826586732467,0.2582806249445145,0.38110334564675935,0.3605077376896596,0.28110650216974664,0.39978164294596263,0.3023800318173796,0.2739123583984098,0.27427314807199443,0.37002430710768797,0.273116091132004,0.32013921985716925
0.2954674015516371,0.2897869278045799,0.2644607769312885,0.3352051728702799,0.3693585876004459,0.2621163280731004,0.0,0.2429327096947043,0.24857838975870722,0.3255404660840942,0.3002360614933236,0.28737469748592154,0.299273865407498,0.2881352049924218,0.36083250133442724,0.2562062936675171,0.2684702425676394,0.2954595924202541,0.2770058530374533,0.2366171964028344,0.27810797312224156,0.2983064199548374,0.3845653287520189,0.3118328549328177,0.32250707818987007,0.2671008084923242,0.3037638950612668,0.2759536878101416,0.26563595708862753,0.27410695298905013,0.2938633753029591,0.30357432786106625,0.2908853751959892,0.2922942586489972,0.2907126053507539,0.25358805886759767,0.32727245307188274,0.2309887607022099,0.2663334936770401,0.3426791138922955,0.2600478193187523,0.3179659261022443,0.2664778996311546,0.30871443070562016,0.2829356195669045,0.2748986932740393,0.27828784063807577,0.27697441091981473,0.4193990244944232,0.2534765200852177,0.3411161470439806,0.25071271095671804,0.24531381091567492,0.30898347902003764,0.3156266811215147,0.2737478902219208,0.2596209036189192,0.27043810956582615,0.34383412581205386,0.2675824640083142,0.2531627566719369,0.2223496316050749,0.2327816766321486,0.23703452159338362,0.26498494370156545,0.23744941736564484,0.3391849319407485,0.3204979178081776,0.2639347312654229,0.27001152390253413,0.2805135179409069,0.25609108963404686,0.26197982026957767,0.34022429596673226,0.22658542111347252,0.2855314098915191,0.377268136619479,0.3651364727141837,0.21178510454302843,0.24210022217071744,0.2502380937172343,0.300635252546429,0.29324994771600377,0.20350716072988498,0.2529661204472466,0.24110132700523862,0.2607625661329354,0.30741737950783377,0.28354130836629565,0.2456194356981043,0.3209326189546144,0.3645684435021908,0.30278893591933775,0.2560205982581883,0.29885711144935434,0.2903557695945906,0.19961131500447535,0.27987275891860475,0.23831227273972877,0.31965170120260195,0.2698704045745021,0.27805994160350717,0.31084327325187344,0.24982069620049505,0.2396410194869717,0.2510873649491725,0.24290833998277236,0.27427366443045514,0.31564320243244864,0.30803322914147074,0.3820789608480969,0.25485254291210546,0.2947203185259837,0.25351077035277464,0.2322580988644404,0.2644075859939177,0.26846363663026335,0.2983270839803293,0.274405788682278,0.2487923318738634,0.2628149422918748,0.24138066781489026,0.23118250131317097,0.35203906878095365,0.24575661743655272,0.28456774770373927,0.24753787973141098,0.27342365089751747,0.23907849479932808,0.2702908130064573,0.23262500908950942,0.23015872570771456,0.23207682327606033,0.23785762434679938,0.24360438283353084,0.2548737604793586,0.22552031460845054,0.3031197225083505,0.2660140514372027,0.28669567082060193,0.27578994921941313,0.2549474974530358,0.34220280201077735,0.2597478177540197,0.27179376629377494,0.28680371031403856,0.2662630072575396,0.28707301440460303,0.25273310620006295,0.16945399011624127,0.2773939343946565,0.2840553509956464,0.27545990555218536,0.31093348338369975,0.3011664857885714,0.2994068911839316,0.29311959653449515,0.32992843777314734,0.33468178662574644,0.31902480641925013,0.2755832253053024,0.26094114114378636,0.26245224176471926,0.29467172405115116
0.35569379930971257,0.40826154080894866,0.3544867409499397,0.2941459351160153,0.32476688245215957,0.3897857327899768,0.2429327096947043,0.0,0.3759641913651672,0.33690204135225316,0.34795050389135135,0.36565825987359213,0.37528606717185226,0.26367910946403356,0.34779134626724995,0.3822467251405881,0.35642893256541147,0.31301707248780075,0.3005906770612408,0.3415406146972256,0.3895303503011817,0.3437556960768654,0.2534655756739694,0.3189530889677197,0.35070314615378484,0.2945613310092368,0.3135702204972448,0.3014898878867143,0.27473274827173216,0.31961293848182587,0.4539836618303564,0.31608889015023706,0.34345111337625117,0.25219700204514356,0.3374033639288301,0.33698628050095203,0.38171483141844365,0.39641148588085134,0.34877509769594417,0.3150514996780741,0.3576373063382437,0.3316147458479826,0.3247049387392225,0.3523108674711615,0.3916234484445995,0.3359259136277897,0.2928199904955044,0.3519253474799825,0.2880770329753525,0.3401493691821927,0.32587253427177587,0.3167711202256268,0.28660909296227677,0.3314400964267742,0.3025107502243945,0.3220709166519761,0.3367993031197768,0.474786369904826,0.28005464822106463,0.30856910442588004,0.4212669172405974,0.23781323287040987,0.3547659326035893,0.24781781860905072,0.2734668166204663,0.29722509984848444,0.30722315113031284,0.3036230078804199,0.29587128237834825,0.4879361531988137,0.34296240322570837,0.3052164854645049,0.28802212772196845,0.35339423366846323,0.4630796149137717,0.2741296678070033,0.28971898729062473,0.332428734503227,0.3621448159385654,0.26233612581323124,0.32746365554814966,0.32857751814872976,0.39021503384682393,0.35651002161005824,0.34432745316453534,0.452526877998783,0.43084543035548345,0.28099930992670585,0.3537593188724573,0.3367071741560913,0.3334633344261781,0.3038155390997458,0.33537195691574484,0.2886078230887225,0.3116536388388987,0.3662456144483123,0.3057474791461404,0.3127477943610586,0.22900075937634878,0.3260102492338684,0.28387348516071637,0.33036099329592916,0.26229858230037784,0.31081154239361214,0.3580534240285236,0.3634465624881239,0.34843298165841846,0.3817342516994825,0.3379297531085947,0.3596704835223271,0.2839726524819201,0.3133165775882303,0.32648876964366536,0.346322990663213,0.3268547957491714,0.39926958914532135,0.323873406653409,0.2610356366042974,0.27733059074602656,0.27478047371805026,0.3414548705911063,0.375376352856874,0.2864140145062223,0.3681062655417826,0.29362293214362906,0.3555019934219599,0.2480694047629551,0.3792386893110474,0.3185606035454352,0.32028267942998634,0.37200743840022354,0.37468880787438935,0.2996016931957371,0.3018776762460464,0.3794278558430795,0.2825597815893309,0.3216965735700081,0.3314070405785773,0.31384192670152733,0.3684687998816892,0.30473761012116435,0.29095648710440836,0.3375901297533886,0.30214086106949684,0.39562701069061634,0.2733294836512812,0.42597012517281946,0.3394795123744429,0.3791479406457928,0.22569108418638406,0.3715196216273424,0.30602326725510914,0.3195352671172484,0.29374419183959183,0.410928437565777,0.3985228391394271,0.29845641234193576,0.4344024363737656,0.2609953182943304,0.2598132063011706,0.29146684695737907,0.3377789967481037,0.2802957754723454,0.3596823089239075
0.3520011173119283,0.3404718930246437,0.30413673592438845,0.2733152518296023,0.3258204397430847,0.3551452528010291,0.24857838975870722,0.3759641913651672,0.0,0.28719931084248956,0.28227309355155505,0.3044748585393943,0.3041382000733605,0.2973010795739283,0.3168341550770159,0.31609588825603946,0.2993865847151863,0.31230924185715114,0.25832936631528963,0.30726035061044543,0.3185998157956574,0.37611258396780517,0.2299895797903655,0.2675720036826632,0.2964569837219131,0.27346590092548717,0.29206171552788307,0.2611838323246973,0.2546679341400887,0.38021034001038595,0.3883746518768039,0.28995245281174614,0.3076477174618778,0.22328674010250074,0.306344341277645,0.2745007092776915,0.3132293580581503,0.39382271821683584,0.3119701343390303,0.2792870054509125,0.29178243945571836,0.389939154713643,0.2734667189436524,0.3117046079679804,0.2939459809152269,0.30407943227668266,0.2809007293193663,0.2785687997705059,0.254845588020839,0.3041622210168592,0.29859698300141846,0.2954067443195699,0.3175195259983966,0.29333565384230537,0.2545110556329354,0.4202595272492084,0.3215612701176607,0.35690445156504697,0.2520486451819647,0.26815131891983957,0.30748846244612155,0.28996166109603655,0.3044340387615318,0.23432010924511684,0.3085643829771614,0.2871792595197426,0.33455817396326903,0.34480800401975215,0.2658041027318376,0.3515187431689583,0.39792104109767507,0.28769238181260964,0.3131968863103243,0.2967509697501621,0.38009724167059417,0.2812668498439939,0.25699174124844154,0.3004407207439586,0.32022642836919774,0.30681264211313647,0.3459902118026947,0.414218711198958,0.456588681906488,0.2983912851971778,0.3472843454286737,0.3983364750365596,0.34384788101242675,0.2992417883730301,0.3083988723759808,0.47893407319191594,0.3464148975802279,0.34517810611821564,0.2908653686689088,0.2798101705296435,0.3879450116993943,0.3732338570730986,0.31564779017736255,0.29030091384184964,0.28383926067434456,0.27822548777143,0.30146127729299593,0.25635290213074063,0.27028419865448994,0.26587910060716646,0.3442988937172743,0.3253582246116054,0.27826957288475634,0.31753089113651517,0.29328846719696305,0.28915800847601936,0.24532700141978128,0.343233899009066,0.3408685040020848,0.4033977531599837,0.29258172484305106,0.3550154178574181,0.29705279462243156,0.2420852296079603,0.23703355533776702,0.3182503050711147,0.3496627180849051,0.3454894019656666,0.29323518660512526,0.357975865978381,0.42200907066748494,0.29109135221269966,0.2904570622919913,0.2963880470254766,0.2553894560432675,0.3178072101876006,0.47760746658573916,0.39260928524293254,0.3011064134813213,0.39203431540196726,0.30484959240699583,0.32629287962374837,0.2976269356026035,0.29354498536599216,0.2739127272170447,0.3621837178474722,0.28873194433374266,0.30711145167223675,0.3622370508060842,0.3534417411161309,0.3466487017209994,0.2702030927415242,0.5079186939521672,0.34308773784427476,0.3208523539222778,0.22784728700544077,0.3349242778143987,0.3081667961922159,0.28630042339168954,0.2922318766678683,0.33235922032981274,0.38252484637434825,0.2789170196203319,0.3751806965465051,0.2824455894799162,0.2783840675299994,0.26880322639883886,0.3600420913663109,0.3738823180511632,0.3633348912866005
0.37061655549616185,0.4264460215768736,0.4299681569914945,0.31817064952903223,0.42134810712665133,0.326423938504778,0.3255404660840942,0.33690204135225316,0.28719931084248956,0.0,0.340833843719993,0.31175603961022774,0.35930525885937425,0.2950064039704373,0.3761811355112273,0.3366581831921226,0.3452903751234731,0.37767644216535173,0.2778297895924767,0.2976962749307652,0.3449821343356103,0.3710145128850551,0.32651409970682554,0.32976852889247205,0.42896105474451934,0.2720211098318949,0.3043468930383691,0.28513740993468945,0.37511812671400724,0.28468210181510084,0.3760587638376343,0.32426768484681884,0.2829705289199539,0.25264483290332607,0.3519932125951408,0.3001167642420462,0.3991056611312841,0.282436743521869,0.2794869048332202,0.35489355021820773,0.27935326500920726,0.3816994423497467,0.3202076883101617,0.3352900238914027,0.33150377814550114,0.32104442183578913,0.29453233996808337,0.3732814986208454,0.3654692368669057,0.2855349499338953,0.35421600540594483,0.28324889786997404,0.2709887734897132,0.3632804794539746,0.3568522858495083,0.3237255198983532,0.297100767408241,0.312735804835425,0.35041577426313253,0.3006634904422413,0.3275927680043286,0.22914763184883258,0.28043185838436363,0.2427155759951317,0.29561656194424196,0.285046719618542,0.3096964621836635,0.33317826331429634,0.3000006899127586,0.3623483311250555,0.32641443073965337,0.3321514685307721,0.2593612021464412,0.3732532998739567,0.3000437140296241,0.30012379520920013,0.2843060262276904,0.4271969272680955,0.24657929744264986,0.2673632686514295,0.3124859122168473,0.32288351738319415,0.3871285751115605,0.26184281961609396,0.2959267513174542,0.3048281201090408,0.3118166607476808,0.3056603928741321,0.3277269938691595,0.2648012235659394,0.3370875188797282,0.3196850176057087,0.3665337859869473,0.2582878075803986,0.3268849071873721,0.356754191659155,0.2236828569694195,0.3009172266717451,0.24525289278657922,0.32947563936518,0.2907567515430727,0.3009985548731733,0.2659001918808804,0.33174954853359073,0.29171704327016834,0.3043041492887884,0.30116167760973656,0.3668890824016827,0.3565277967035345,0.41942890737927724,0.3117364553765295,0.28248764527782005,0.3112196362324518,0.29778174209747305,0.2776321359943947,0.33934987927949145,0.3091572604787658,0.34566473052355734,0.2954752927535295,0.2823538500298549,0.302923185498488,0.2625719549728765,0.26301379360724564,0.3887952632505698,0.26939455785411925,0.3805882879820318,0.2414299087483198,0.32191453653794233,0.3265293642417947,0.3279152739144934,0.31803551638014543,0.2927933368131937,0.25379249822113475,0.251059135418149,0.3056835789527638,0.2849508160820607,0.28840895744433354,0.3549989052420722,0.33599052228148163,0.32776765515927453,0.2983320511240908,0.31738706985869447,0.3756402361677603,0.2806863431970153,0.335737240960333,0.26948014372429896,0.29707407688691995,0.357632964880812,0.42189263077999983,0.1976768351646606,0.29313601856313876,0.3238816330217417,0.29709242516373513,0.3356250721732897,0.3340792707398666,0.3490055715958902,0.27635452816199896,0.41485061832282416,0.3041774565625606,0.2910924705277405,0.3538969576862875,0.33098863235828613,0.27776863612274233,0.33554700797026754
0.37710252709992403,0.34361702118312665,0.34771440983150936,0.3737689382310838,0.372465757903945,0.3321277893671069,0.3002360614933236,0.34795050389135135,0.28227309355155505,0.340833843719993,0.0,0.38281234413966925,0.38064538243979584,0.26349815164516965,0.36453673122916685,0.42239110744779257,0.3771557236597038,0.3492140764591686,0.3466803342955773,0.32952635461681573,0.38258934197155886,0.36377845939884945,0.3149151665029088,0.3735950905117835,0.4166080045853829,0.3099659822485169,0.3644925267462061,0.37688613144870226,0.32161442821392555,0.3102486962912524,0.3642084066156276,0.35624017335672836,0.3075001808396641,0.28534100443807947,0.3483610105670616,0.3364574062316337,0.4165886782945662,0.3281561859377459,0.3950337535966843,0.3537132966788942,0.31070652560015327,0.32399323020754506,0.32126733488856046,0.38310013368176193,0.3283495786124556,0.32793197057181495,0.2273207949043967,0.466628349959735,0.3677956548024094,0.3000321343885852,0.3839165019015627,0.28849447941961825,0.270050871567616,0.3968746208639517,0.41823395859086704,0.26263896823506366,0.3817716510788079,0.41373447481496206,0.3126237876817075,0.3337274114519139,0.4006773732353997,0.21536401062534166,0.33109409236190473,0.24419473001595254,0.26548092535442863,0.3057406278520562,0.339576407578798,0.2746772899772393,0.3057975020319812,0.3793499363590113,0.31789482630005295,0.28932329665483003,0.3000390136346764,0.41327689540465923,0.3784840944010626,0.30720239124079274,0.3650084615794759,0.3692720676505325,0.2802073084558088,0.2741181328159853,0.30467394524397823,0.3097511711937328,0.3115529649152332,0.30284886102197933,0.3141868250729496,0.30654574442870264,0.37492587696064245,0.29332145668490345,0.34148591565203995,0.27367894961414074,0.3716350762287371,0.2655837970413189,0.414481528883025,0.33076581487601103,0.30295030743212126,0.3133817009779227,0.24748906581244418,0.26389819353843086,0.22528011682953483,0.3161048639774537,0.32761737014601466,0.35226179339027525,0.2786126948882253,0.2690795721692791,0.31382260019860586,0.2808584976065046,0.32056014945289396,0.3440761878278425,0.31252729538508417,0.3901526448625982,0.41886990253032913,0.3032849493094203,0.3200339257993636,0.33939027226229196,0.3168220999231892,0.3305841056926294,0.33195584373804377,0.331655248828157,0.30210393716291667,0.2772786852409127,0.33664284796959615,0.27961131668742495,0.28001094417577116,0.41322190303813405,0.2750883084031575,0.3871323791777771,0.2272764241808799,0.32124424225421006,0.3154724258357794,0.3011600975318828,0.26525552344542275,0.3418643021775686,0.32383770870323814,0.2962769268792798,0.4335645773150858,0.2827181348058822,0.2731989356240403,0.3253682145826961,0.34481774807956594,0.3744873170252818,0.31891265157699966,0.29493889632633735,0.3085543187665974,0.2963540462766878,0.40974997028481086,0.2429674256464376,0.2995454604968187,0.3140530549154163,0.32084314715756534,0.22084741767539046,0.4614652900333374,0.302833440847437,0.4590861898317545,0.26322482828950866,0.3507126584778996,0.3679575052446337,0.3432442589571588,0.3903813925504795,0.3244223314457016,0.2953833956408869,0.29376241081716903,0.3268406411615025,0.26406621827602816,0.4392299861987763
0.32290286990759987,0.352458234407137,0.2960111061372224,0.3080819275206081,0.28967604322741963,0.3607788032193328,0.28737469748592154,0.36565825987359213,0.3044748585393943,0.31175603961022774,0.38281234413966925,0.0,0.2954022861555699,0.2073733273748084,0.31132795440251904,0.34613453215298257,0.31819946804681687,0.2689260278145365,0.39684614933119067,0.31107773921724163,0.34151647613299246,0.29096907778162107,0.2822071688055664,0.3397221999547452,0.40544789220024785,0.25537831337477424,0.318715708180264,0.3044005760934181,0.2885542540652416,0.3435724127112001,0.3902283078817698,0.3117712651732211,0.29757039957750775,0.29791484671395224,0.29949368887995637,0.28479398655368887,0.324638499223824,0.3031033641796639,0.38387317641603874,0.2928126826894033,0.3245656381373864,0.293992375625707,0.27276839794092933,0.34258275239927155,0.3028827422477689,0.3033430398556846,0.25593517737998484,0.33777948815532366,0.30003141451988835,0.27666957799098707,0.31212562798667964,0.30222876434430046,0.2426835743517902,0.34001843866144016,0.348629311667914,0.26804099816238064,0.3443969623682633,0.441103158786399,0.2373864887881675,0.28679259941888974,0.29515907770193056,0.1975915175317306,0.28747086521228377,0.22176553825890713,0.23394400542975266,0.2652822871015736,0.26215250911261107,0.23177250279370787,0.2322284502958279,0.30694132515126,0.2577957729023508,0.2428433034984543,0.2472375295002022,0.29930721643200386,0.3369254478194836,0.27146108161310273,0.2706380469870579,0.323417719330597,0.2716508686004077,0.25541872808374727,0.26644588468782254,0.2811797357278403,0.3185305480002782,0.26101674968933797,0.29611631932535276,0.3330062517747536,0.29222017354038454,0.25534364573166585,0.3448598477216375,0.29068985890260207,0.3006218523001149,0.29260350458350237,0.3247714889651116,0.29792213746435975,0.24717217983016668,0.37042497805022606,0.231919112452863,0.3104751226878459,0.20426810301171272,0.28492021771193604,0.26256101006825733,0.27807753368101784,0.27426799484050224,0.3325726504289177,0.2679122658413268,0.27978117561014165,0.30619741765743275,0.3254326713367336,0.2795798711000715,0.3657761761988875,0.3947374933130464,0.28675783438926356,0.2656665768891038,0.31588578464871253,0.27219586302616317,0.3376823845949517,0.3238527698226823,0.30679830963656896,0.28728946872867167,0.24234390218314358,0.2708391021887862,0.2722732023675342,0.25323042776621874,0.3501199822793201,0.24068858574657565,0.4141343495791378,0.21258714131197975,0.304074044395717,0.3105609265117076,0.2469883261560628,0.2894436845854872,0.2851120130916543,0.26401351184940136,0.28801375024377024,0.32416037765512923,0.22900860253736852,0.3163350031981176,0.2860338996765073,0.279708732824397,0.3464943543520609,0.26005556848633465,0.2485133308390726,0.29630222806893913,0.26408629928404004,0.32399466379025854,0.27258258011299863,0.36241608105285816,0.2854152730718618,0.3411820255386749,0.22011800848985477,0.37631588033121416,0.3003653397093682,0.33643303397340696,0.2518132274677538,0.4284247699733286,0.28967830273902057,0.2923590421277486,0.3909417751774584,0.2697941905659484,0.2559051165583954,0.2259504796927516,0.2981527090745188,0.24630198673148412,0.33571573351821205
