0,1,2,3,4,5,6,7,8,9,10,11,12,13,14,15,16,17,18,19,20,21,22,23,24,25,26,27,28,29,30,31,32,33,34,35,36,37,38,39,40,41,42,43,44,45,46,47,48,49,50,51,52,53,54,55,56,57,58,59,60,61,62,63,64,65,66,67,68,69,70,71,72,73,74,75,76,77,78,79,80,81,82,83,84,85,86,87,88,89,90,91,92,93,94,95,96,97,98,99,100,101,102,103,104,105,106,107,108,109,110,111,112,113,114,115,116,117,118,119,120,121,122,123,124,125,126,127,128,129,130,131,132,133,134,135,136,137,138,139,140,141,142,143,144,145,146,147,148,149,150,151,152,153,154,155,156,157,158,159,160,161,162,163
0.0,0.8311041245128511,0.7484437825163105,0.7662114283176341,0.7699606671262432,0.8285422522437683,0.799787266461989,0.7646450440007782,0.9026653645961192,0.7153944551565286,0.8894889380694911,0.7571961488120978,0.8928384161780933,0.8630987521939709,0.8327372316376543,0.8246198800759587,0.8367098830123988,0.9306395704109196,0.8059120052376771,0.9352213055413126,0.8838178745661055,0.8612957935832075,0.7422623975714377,0.9003723682313627,0.8748067994911218,0.8547853796688654,0.7269306422086811,0.8461318773678039,0.7305388771686671,0.7594231237714757,0.868546566772189,0.8392909918270912,0.7792980493626956,0.8247116949791833,0.9377170595356019,0.7447174758959126,0.9385986223241279,0.8711553448915862,0.7578743990832004,0.8530434287081794,0.7415196868212325,0.8650266527841634,0.8360258915093502,0.9001206553651909,0.8649571791450731,0.8270058649935024,0.7673073538923572,0.8999784562142821,0.8957337114319328,0.803044983096995,0.8556491038870876,0.8832646582683709,0.7668168037739405,0.8284747085321458,0.7939468225202603,0.8531974004518764,0.9393981392536933,0.7520868557642281,0.8295252614547504,0.7747401052726177,0.8279611918180508,0.6847239294986935,0.8682160884665646,0.741919195125857,0.8581677355987491,0.8890410013723273,0.8856932137145427,0.9266588619812813,0.8056954506061522,0.8423785328816299,0.9454485219339178,0.8757622366072642,0.8947307920875532,0.8623159864767219,0.8206779175433058,0.9257325684581061,0.7804746836140416,0.8040141006733534,0.8134415766314659,0.7933642135386783,0.8305542426155539,0.8829102020290828,0.8811985265868969,0.8433755115721635,0.8875826175227675,0.9009960018050507,0.859982245774054,0.8146002679817689,0.8297010876195455,0.8625700219423328,0.8135787223174245,0.7898108220179649,0.7767163120598335,0.9351172597500922,0.918050487623897,0.837801423823184,0.7921078650513165,0.8030331045357134,0.753585088267305,0.8393631263895022,0.8802593033730367,0.7083422823535492,0.7396086380783132,0.7083481007507174,0.8603811974577678,0.8169749821921618,0.7182880258289311,0.8108042164010753,0.7879408178532826,0.8682795134076894,0.8703163274145865,0.8316707382789562,0.8858318116216208,0.7608715607873824,0.874080254194479,0.8606687206767362,0.8587165878073489,0.7804234257916757,0.7919192956152135,0.7913565103331335,0.8436505282131891,0.687302274727862,0.8881111346697033,0.9277817858552562,0.8894989269848118,0.7951063861491775,0.6764689106819842,0.7694512819156716,0.7627374125345029,0.859017782666673,0.7919979442273913,0.8074866224731263,0.8406703827375804,0.8889591458986285,0.8752130709797015,0.8620074300887456,0.8944775578258444,0.8637852836177573,0.8240113198024143,0.7597257261202696,0.8479638308347738,0.8227616245438071,0.8702175951593186,0.7571171248329467,0.9003839961231711,0.8446633007655809,0.8505336336549439,0.7073247668156736,0.7991322986561493,0.6039481174492843,0.9362763966203511,0.788506803231956,0.7994172073794217,0.6798078960650877,0.7888421664980614,0.9148402625374457,0.888434064080505,0.834082459833537,0.8851569118378596,0.8541638424356957,0.7661095006092212,0.9246582934661856,0.8658347973311907,0.9545018160630121
0.8311041245128511,0.0,0.8830559046186891,0.7797881906817746,0.7678693415182635,0.8853216445163731,0.8242294527950496,0.7791625922636918,0.7908602894052827,0.9096142868517045,0.8942560495269027,0.8873982327495772,0.846818143805617,0.8439106489391741,0.8246677570382588,0.8635212466691728,0.8652020968942326,0.8083727398100213,0.859460443890233,0.8428502025324587,0.8981293299906011,0.9145092074285365,0.7659677635688963,0.8916932406939704,0.9252897991461797,0.7481993304052043,0.7678883897881581,0.8257186452171791,0.9513691096648007,0.7748683725862325,0.8654669024941323,0.8616537934854998,0.840537033757621,0.8061925324275503,0.8686209963683891,0.8209536630843687,0.8527629177158744,0.8462832973800063,0.8141543805917955,0.8454462929213015,0.837270759646492,0.8495918522189024,0.7607267897697727,0.88471868864371,0.8522149705013788,0.7615471910935286,0.7907990907567627,0.8831517590592757,0.8703436366206546,0.7518150511698177,0.788189307056804,0.812730066367607,0.7695530617956977,0.9103595274008808,0.8814984151136177,0.8543440696586652,0.8045271253159605,0.8051436077966319,0.8166197062262752,0.7752828893935204,0.8137327308123188,0.6577017717461638,0.7755904672384178,0.7805302683648122,0.716544325693592,0.732956940453314,0.7871434155534508,0.8146060063622788,0.780424446472935,0.7896854545753415,0.7892266476413432,0.8105765742688488,0.7489675990079663,0.8233861173852598,0.8544930762251225,0.828923177908678,0.7386576729048905,0.9151580684057724,0.7296467975906523,0.73500631698182,0.8524385967685189,0.750164871428597,0.9353617271877318,0.8334417110002539,0.7543482612747044,0.8881101663070817,0.7590450798467325,0.7196958957382554,0.8152729464190825,0.8205424233559762,0.743039004007624,0.8097259580779508,0.8500608253775191,0.7966590341815218,0.7998082756535102,0.9430976411786863,0.7642628324720234,0.862555350340079,0.7105907244586667,0.7963166845303099,0.8678487991491275,0.6805581780255753,0.6831837096374838,0.8429705958639833,0.769312643286692,0.7654213596462903,0.7363383641635485,0.8775634116864331,0.8280266100936344,0.8981095136096559,0.8698883041542306,0.7173695470602045,0.7828337503795068,0.7795109918641024,0.784308503171904,0.8210157286988811,0.8589596771594842,0.8369697450055749,0.8580868680373123,0.7744165851670224,0.7533742121548976,0.6560548173451142,0.7873035546478732,0.8992040964491129,0.7752793470697293,0.9395776482745932,0.642067733729029,0.8053881884939432,0.9136937757553316,0.8219005683543112,0.8716599365658241,0.7963462763878232,0.7281106847147233,0.7964141265390835,0.8552951220465653,0.7855375676801789,0.8930512653627383,0.8283015900264776,0.8654012653535097,0.765416102490321,0.8723560581416465,0.8751923983957955,0.841538329189953,0.7963712268436692,0.9089645822803735,0.747754879497054,0.8417907768082947,0.8489565003702569,0.9332665134020733,0.7176981785791412,0.7841969526162351,0.8981480994286597,0.8003658621155546,0.7945199220101609,0.8763072924715295,0.8119943564140052,0.8142321193570968,0.8764435383161202,0.8471197480340473,0.7481412975981698,0.8531301806932567,0.8398627334343921,0.9327713151471895,0.800182636441502
0.7484437825163105,0.8830559046186891,0.0,0.7573654261267102,0.725691540373379,0.8557583863409719,0.746326713769703,0.8540939293495732,0.7143111786954685,0.9495735361670209,0.8806653652740251,0.8676256054381196,0.8509076469123906,0.7577874085258692,0.7654863443607394,0.9218204707064419,0.8773997752649134,0.7766150219448986,0.8217570169593529,0.7791041927302418,0.9109033425654925,0.9093888441478101,0.7288902600788759,0.7959154378649018,0.8972311880712623,0.7505597545328407,0.7851096937530292,0.8070877165559528,0.8843422565829813,0.7556689571231385,0.7907059721163203,0.8878113314866323,0.774862245105939,0.7617899415103943,0.7389198749415339,0.8049962999061279,0.8209711732811069,0.8129204510155663,0.7893127493785255,0.7844638096981865,0.7575386738774073,0.8136555523093074,0.8039837605140548,0.7841692104368646,0.8634447448903042,0.763554608594495,0.7459143815323861,0.848094395668216,0.8080475563892099,0.7465124213771867,0.7878994122149986,0.7476487014039368,0.6786360128770231,0.8889817022657519,0.8833947205374227,0.7452892792429836,0.7535864118225978,0.8540165717186101,0.8025432072722202,0.7397324383479187,0.8495385030641165,0.6585737149223789,0.8024044501048271,0.743854792450846,0.6659329042870572,0.7381453223103753,0.7641914397088836,0.80809526257567,0.875335405711618,0.8434249707603473,0.7552748541863417,0.7041340923526469,0.7240231647296976,0.8770904975004016,0.8888871758835754,0.7116146144322035,0.8192517120711156,0.8576469747411328,0.7208554933852336,0.636850710062747,0.7997908634248235,0.7111519727024814,0.8478849886819326,0.8152667245474449,0.7267551772594368,0.8230499469340704,0.7807589296586724,0.7283972439665057,0.7975508610608198,0.7269595588599184,0.7320022184053833,0.7140293078926235,0.8139279656929729,0.6952523375118282,0.7303723926504928,0.8723050278149528,0.7799314496133759,0.7953267568661073,0.6134261030353431,0.7641369806351758,0.7454171359289619,0.8021816559158412,0.6851829150529404,0.8272187401061576,0.7465641359989351,0.797740670865353,0.8422503796742736,0.8476961365140714,0.7903035669515943,0.8268659024713323,0.8205856817723685,0.682098711293889,0.7496512587574257,0.823534810584644,0.7201654744292383,0.7478858334126582,0.7524300255997636,0.8622057423902292,0.8555693045104231,0.6959366880654743,0.6690013559697756,0.6986331023401245,0.6935125674197892,0.8056336397455064,0.6433374750338057,0.906456179648535,0.6526708358914711,0.8231958234064826,0.8944003262321834,0.7874741718352247,0.8197941671902089,0.8875320143669773,0.6936150894414733,0.6705819118694569,0.827964312021834,0.6854076399682437,0.7859110263605269,0.7261291962585433,0.8768730103656527,0.7598300016998208,0.8024643881146784,0.8330078943055842,0.7558582540189569,0.8187461015444999,0.8411701385324329,0.7271201372044958,0.7792464100171465,0.8643774639438839,0.9327830130021034,0.6929485456279293,0.7233045274933609,0.7718437580877464,0.8051286893078461,0.844024668202731,0.8635111724211394,0.7910755991608213,0.7551861504839185,0.8515614161447388,0.7101934649955731,0.7178611836504315,0.8244992174128852,0.6871255574944046,0.8708412448584965,0.7019043151684269
0.7662114283176341,0.7797881906817746,0.7573654261267102,0.0,0.7535331931389014,0.8062166673151144,0.8590250516410924,0.7989587415474754,0.7172811744512437,0.7487836657995081,0.8160750869304464,0.8264965077339749,0.7606105152336176,0.7312508341430163,0.8089446198910033,0.7498641677003225,0.7774952508000015,0.770095780290873,0.8205868835185779,0.6750881467001263,0.8301423528895601,0.7698755641521376,0.7914552341980704,0.7670600131496563,0.8199113892563759,0.8413978800866035,0.7874625229782712,0.8033889417707678,0.7432815795120453,0.7161731848403139,0.7953043329560981,0.7553860665796118,0.9503844967706219,0.8058046388367164,0.7768931467053529,0.7901228327534332,0.7881103801806998,0.7623166422532083,0.7288573536652577,0.8165517502073711,0.8385725894743241,0.758597144625653,0.7594414731594373,0.8442280081244902,0.8040451458389425,0.7478781980544984,0.7067916974421542,0.7685242403262744,0.797124932143099,0.7048518934779784,0.8634163166609284,0.8778737082444307,0.6754897199097277,0.8948822572135822,0.830320373580524,0.7221444853646083,0.7451500236801929,0.8595209581687756,0.7223354568010143,0.7226554491619438,0.7708534625876012,0.653672217725524,0.8423512680543664,0.6415914947680408,0.6611403950271384,0.6940707434140301,0.7540603240839344,0.7615666809833392,0.7511637855727138,0.8285286046462051,0.7564903470640951,0.6924397018263085,0.7452712247952611,0.8385806813973313,0.7716908831652163,0.7136214953928276,0.7588316823427238,0.8525972672686679,0.7690758230949911,0.6386522051972024,0.7312676793694654,0.8104868707140291,0.7816145486860953,0.7610358043313648,0.7967627368994412,0.7921412058105956,0.7620593039218875,0.7498627853209933,0.7949042147926272,0.71069496280345,0.8671578887954473,0.8351582924593142,0.7709993360647758,0.6966390108399634,0.7982729372510076,0.849253296815068,0.6877298722791898,0.8357391396091948,0.6519272686728607,0.8317966772172464,0.7186561487203832,0.712190099414527,0.877639932812923,0.8399570930508968,0.7902222158011578,0.7346852574979166,0.7177023229131757,0.7712523182202466,0.7755473898381912,0.7124817663207432,0.8811756088553008,0.7501373341316057,0.7657086762309112,0.7480397858440344,0.8121828872999702,0.810365131265133,0.7653614588561892,0.6901206590015692,0.8403714530615289,0.8147755632781832,0.6585653978102103,0.8371607942449396,0.6782690365595847,0.8523014903756605,0.6479900734867964,0.8335181848296185,0.6765273700611688,0.7509223481360968,0.8017943620745438,0.7312191008702775,0.7037527089366975,0.7100634512661966,0.6805752508082449,0.7689208882976899,0.7049654791131925,0.6283311661199928,0.6889461519658199,0.7948363999062336,0.7656280528749227,0.7361031235672756,0.9058634497315631,0.6922961748599483,0.8254790020313154,0.7608596022399065,0.763335706257939,0.799932240210407,0.7655950659909045,0.7382727839873368,0.7346329307140851,0.5752773724469875,0.8021815262908295,0.786265496099846,0.7151047122416868,0.6794745010967252,0.889252752575034,0.7392621988740143,0.7018674019298227,0.8702648436554683,0.8625762650787004,0.7960173394135263,0.7519683945153932,0.7391008859347981,0.816411991369741,0.765720035300505
0.7699606671262432,0.7678693415182635,0.725691540373379,0.7535331931389014,0.0,0.6542052433904969,0.8743647138472037,0.6828961737643338,0.7992598104323385,0.6945053320268811,0.7672677346203431,0.8039274988441122,0.6645661085746262,0.7359339139836948,0.8994356090987264,0.7079661334878188,0.7276608771121894,0.8245485778898411,0.7968932502783604,0.7402519633740747,0.8202032212553385,0.8323774806366604,0.8237356012803186,0.7977221211420851,0.7521470001492585,0.7243154198991192,0.7617223781259784,0.6794439606108895,0.7306113664086974,0.805030933341392,0.8390345281395045,0.7173815111383558,0.8009897827205328,0.7123400408884021,0.8404891363565299,0.84666411688593,0.7164588468005169,0.7979190298609278,0.8175125106383188,0.7828168307315286,0.8481186293513349,0.7424947261115697,0.8244355258990883,0.8256170566948018,0.7567206289433596,0.7311665506829286,0.8090448523122424,0.7443293600869375,0.8534004330320867,0.8628071847243868,0.844011766531826,0.7476791703934548,0.7589712120183627,0.8187852757888914,0.8138018470449451,0.6516052429299521,0.7973349349802402,0.7770514990625527,0.7998391625165944,0.7758574018967302,0.6325101086495827,0.6550453306857008,0.7403339131274548,0.7982104837546536,0.812911497126645,0.6507011180469209,0.6664430498011928,0.7316032626769026,0.7938774837994422,0.711443277753105,0.7683096937814219,0.8041041708154397,0.6747511867074103,0.7526682815621765,0.6834577655640867,0.679933148902715,0.6874593930323023,0.8440908200784866,0.6995624519957642,0.549509391255176,0.6187983674431443,0.8592259141206168,0.7750416281690113,0.6324862621843598,0.7518468723426488,0.7607621735394259,0.6454342155496384,0.8186999391996016,0.6773156416577351,0.6664202080932969,0.895018194559647,0.8530885826044603,0.8903047709026015,0.6842078227188872,0.8125947975339468,0.777486089714882,0.6857969429737926,0.7264306818194042,0.7699533661927128,0.6881153696775322,0.7388666830790933,0.6603122832160289,0.7904280260466803,0.7851631848561036,0.7941490974405795,0.6922050966137885,0.6598440294787997,0.6809932989525169,0.8058283158551718,0.6827646656274308,0.804513352958502,0.865544278160294,0.6297793978169569,0.6786475733434558,0.7334013860951536,0.6977744218098517,0.6862538000212463,0.8254195827375179,0.6939346819973378,0.6915634780910321,0.8563023114086262,0.6706719639876789,0.6420052702448722,0.7799377355871143,0.7025911979743722,0.7503340199881477,0.6502919566038213,0.7492622076532865,0.7206247554525991,0.8222059762253094,0.6785934162049009,0.6590825599340681,0.5951519549928217,0.7620578897388787,0.7435830126953205,0.7583884837069843,0.7313088181464907,0.8902229687740768,0.8040224166181091,0.837097914228036,0.7482602597932615,0.7234607963499124,0.8587742294874781,0.8573844850250157,0.7688609651608538,0.8161113491257204,0.8746413224046599,0.6568001445587925,0.7521630591492793,0.5894314655934457,0.7669024786082453,0.7662726073615426,0.8830663092878936,0.7670571610099138,0.7615009694718096,0.7038904206117582,0.6468008177300887,0.688180911180943,0.7698649049488752,0.6794110085287901,0.6472598780896859,0.7114062323752641,0.8278575505782558,0.7855986417773586
0.8285422522437683,0.8853216445163731,0.8557583863409719,0.8062166673151144,0.6542052433904969,0.0,0.7317145625600562,0.8388742003343129,0.7637586786688131,0.8523151718072054,0.8905792769628349,0.8346338164710547,0.8993295283944835,0.7823308785757109,0.722980980858592,0.8787770123785492,0.8514687573532455,0.7493135988589726,0.8288488714766579,0.7931514192247849,0.8734538652343986,0.8269127273275106,0.6713222290829851,0.7925065691283615,0.9227549503063605,0.7844634133828345,0.7001855570229499,0.8533651008906009,0.8335382040212322,0.7272749418237757,0.8095852513913784,0.8807363194796174,0.8047089150145125,0.8147023211796042,0.7907662592406107,0.7379000343715526,0.8948261371267624,0.8015831874034519,0.7318169940819987,0.7555458202285578,0.7274014141899131,0.8603425455171444,0.7368591272188802,0.8503970970091521,0.8353454484720785,0.7325438943775693,0.7024963894840107,0.8846209163633306,0.7770675008134913,0.6727559767198287,0.7737005053568706,0.8497124860747578,0.6733213229534057,0.8699294416456117,0.8254262244553634,0.889227282006812,0.7685894018089259,0.8337574972828194,0.7214267714940857,0.6969679475242649,0.9113500141310037,0.6658863478665743,0.845141767359445,0.6637526018008265,0.6527560267299429,0.7808590449622276,0.8218483859027975,0.8408242551427508,0.7452951824457668,0.865289187846081,0.7970794393193539,0.706517142393032,0.8144574936589253,0.8386949300183498,0.9031986018039267,0.8242179892780819,0.7758834416607643,0.8200137609118988,0.7467083569918903,0.8167287248560599,0.9359935164330201,0.7343338148843562,0.8813517215085956,0.9118205707384042,0.7856815351574428,0.8576137146658838,0.8832385992460638,0.6876901971454423,0.8493781547810583,0.8271465464271578,0.7164874038092348,0.7515617665510068,0.7321076728904516,0.7912891915884879,0.7643571961897175,0.917090198344569,0.7835349484102869,0.8722701050436833,0.6446716974978359,0.8226106754594092,0.801855363518602,0.7317022564549224,0.6963402554713295,0.7870819862635864,0.7672765798330298,0.7753775911008145,0.7603549084837161,0.8785813599698199,0.7178181356885993,0.8776739027968743,0.8647347048086478,0.6712941448693157,0.8947966519963851,0.8177306855864501,0.7825945247614775,0.828290808114283,0.8630834575194613,0.7330842944351267,0.9011909140804675,0.8095751708382786,0.6477348684002935,0.728604953899449,0.8147844943637238,0.8829289095214453,0.7415703351035734,0.8979275246138114,0.6555560203705728,0.7740872091538858,0.8761208831687626,0.721429359279612,0.8685747135172145,0.8807264449750746,0.8040159293689068,0.788819576897035,0.8155046227283758,0.6959385299210986,0.8217050123504601,0.7092045481261137,0.7585635074918569,0.6962852376129276,0.8808423869169323,0.8394590277836368,0.7669462604961966,0.7372572107689169,0.8665698632788759,0.7313708719688301,0.7719449132954429,0.8128259780267938,0.8593313363728018,0.6838803535106722,0.806507779910839,0.8168239968369287,0.6928788766007339,0.6726952989831849,0.8806498103729523,0.8363634495213087,0.8248915521899193,0.9449849334732046,0.8045603146791556,0.8106082186092832,0.8260150155541632,0.8357568993070146,0.8718260890017132,0.780955846972642
0.799787266461989,0.8242294527950496,0.746326713769703,0.8590250516410924,0.8743647138472037,0.7317145625600562,0.0,0.6909238338852517,0.7422128927163745,0.772824852576758,0.7933330416498999,0.8184395902935183,0.7350821644588242,0.7823408873403287,0.8691246986925151,0.724492105339546,0.7739309415689108,0.8234036567346901,0.8079609271444148,0.7252343586346541,0.8430634600967764,0.8160166610155513,0.8861144648549291,0.8459060576476134,0.8266205925380767,0.7814925770382997,0.7750389292802612,0.7572633578851969,0.7734524736985807,0.742926552686897,0.8153443115760524,0.7759797653253405,0.8622574964477743,0.8075175646954201,0.8437091362263133,0.8087274630807161,0.7759311067565208,0.737146383880793,0.7486075504327904,0.8836872302718622,0.8244633554579486,0.8080759072659379,0.7743354504366743,0.8635902692484752,0.7909422273271611,0.7594376296718415,0.824858658195395,0.7741358247904621,0.9183492764806488,0.7738254979533485,0.8783324299943979,0.8172242657506344,0.7439628590468578,0.8709684100073132,0.8332911867121531,0.7453169060063921,0.779819765232853,0.7607079839792886,0.861407459631051,0.7656561614253922,0.6872782519327657,0.6466747484426384,0.7455997875441412,0.7392114728087043,0.7638683696163076,0.6886558884010993,0.7552424611114986,0.7865599952569272,0.7663398937373098,0.7222511499123917,0.7712842493843091,0.7822321887223532,0.7424356590684684,0.8244958423078856,0.695186174860634,0.7627694638685234,0.739730302333684,0.9147684318617784,0.6874096375032501,0.62364689778914,0.6896657195302702,0.8319640886657419,0.8078775352976433,0.6653146557480406,0.7829390848324349,0.7568436722548836,0.6784223495725973,0.8163073855941915,0.7527102045971605,0.7092990948872747,0.867079687455296,0.902041007469471,0.8403098814459237,0.7313006757447102,0.8564671674750431,0.8320260987889989,0.6553213175682326,0.8170994164155015,0.7329369483412165,0.8121567719939786,0.7576010633510396,0.6573668814590161,0.8446700007196231,0.8142507980396952,0.7668920227125537,0.7156551936493039,0.6843693025737413,0.7531730323063436,0.8527512243701351,0.7621840728929297,0.9078918738966396,0.7974212572923733,0.726774905717219,0.6730502002961513,0.7580860713810821,0.765427274262626,0.7745037446895041,0.7884791393729788,0.8005556738500952,0.7451684508907483,0.7549239248787065,0.6706569615951671,0.7005694524234501,0.8626444134780917,0.7047962402311391,0.7993050023625435,0.6900911935662347,0.7395463323806363,0.7788289646306978,0.79062337540557,0.6981461677310893,0.6553950844034272,0.6251147092707584,0.7491879251935359,0.7325527134553274,0.7172615150307053,0.7332800499513564,0.8784117019162488,0.7999594715806908,0.7508333220420569,0.8224889568037628,0.7358403790931629,0.9276435850132349,0.791121764448828,0.7902802372688936,0.8712517363355397,0.7941206899638028,0.7148999977432678,0.77052718337894,0.5672924223542668,0.7751552724724018,0.8020519918157675,0.7821190265803365,0.7898600207460751,0.8198485342426572,0.7298234886968983,0.7100186956384223,0.7950653887903404,0.8641989557656691,0.7842760731786589,0.7539371043457926,0.761702837651685,0.8376530560159611,0.7873867646131778
0.7646450440007782,0.7791625922636918,0.8540939293495732,0.7989587415474754,0.6828961737643338,0.8388742003343129,0.6909238338852517,0.0,0.7840877319190883,0.7732134844371898,0.8434780499860753,0.8447864313789161,0.8470541957119468,0.7143634978388312,0.7789111379814498,0.8967908454743653,0.806730667122552,0.7697675232732301,0.8167387900923739,0.7616896169803881,0.8497853535659423,0.8175438153506527,0.6940857587273452,0.7401948110602597,0.8256471773611497,0.8155362325710714,0.8174334848458497,0.8038851950038689,0.7289441442285367,0.8015870098655208,0.8458471369884625,0.8457992984640421,0.8127846694059971,0.7844609202057022,0.7203327277899686,0.7921893979189164,0.8416690510422667,0.8583726761241095,0.8201824631921055,0.7322936428942317,0.7494414669512606,0.7263550477902232,0.8488987406486082,0.758804466464482,0.9103797119665894,0.8340759619997377,0.6848783296310806,0.8011933784611462,0.7454976016084658,0.7569094029121473,0.8272694171395779,0.7699707378509231,0.6564881797360526,0.8506300415838792,0.8496649545638533,0.7105953935117317,0.7960474986305044,0.9187207694576602,0.6855074247716255,0.7792682746749598,0.9021842745406716,0.7281324808303935,0.8865696904465156,0.6618816708106244,0.6629255212633887,0.7862128332384488,0.7779403872598821,0.8020851218633666,0.8234144415404459,0.9557387832284084,0.8069843465846384,0.6903470719611021,0.7112954542336982,0.8755419661400813,0.9085132740738234,0.7146982970392097,0.8660936590271262,0.7871093526428782,0.8637635500214212,0.6283307256487377,0.7395225639629035,0.7828826164363609,0.8321623523801625,0.865152227152596,0.7696520003742452,0.8735349517943404,0.880575341912056,0.7608196047261228,0.876994480972081,0.7865055918702941,0.7702454804195037,0.7204159630649954,0.7729484244834965,0.7182386941892192,0.7093801949038325,0.8297887417177697,0.8651017688268704,0.7552076829083543,0.606764922058801,0.7956781948052677,0.744724928422186,0.912333380800722,0.724999858417201,0.7625340224498689,0.827625189657847,0.8610875604553542,0.8720064072756887,0.7629194631683375,0.7553019761750159,0.726366083565544,0.7811659403240537,0.7186604381044978,0.7485207438712835,0.8968756146867503,0.804032952925534,0.7824854366419063,0.716655800942874,0.762187047089789,0.7436067265651188,0.7373812921791564,0.6681604166599343,0.8886959876927443,0.6588514953305004,0.8254443937761322,0.6218186435110126,0.8656422919810817,0.6709152623861581,0.9111462483442788,0.7951853480501536,0.7791043332449964,0.7930218599764091,0.9016429343214309,0.7859268113601113,0.7226181693329861,0.7914694556633655,0.6440942788807629,0.7677818651516719,0.7217463096500563,0.8141440288227753,0.839364524954192,0.8071549487029325,0.7608666541238116,0.7467990916108418,0.7843869989495301,0.797839547981583,0.7252806499444423,0.8204933909110036,0.8278955373641583,0.7977900450812513,0.6449423233761485,0.8136802464859277,0.7140887561028705,0.779127383112838,0.722258312579592,0.8472909088713241,0.8413380069163713,0.7460855474700787,0.8587865712784417,0.699625139534357,0.7532057460835312,0.7068681423537716,0.6770494844418823,0.8587595829650799,0.7192503216221975
0.9026653645961192,0.7908602894052827,0.7143111786954685,0.7172811744512437,0.7992598104323385,0.7637586786688131,0.7422128927163745,0.7840877319190883,0.0,0.6655212518933004,0.8225566709545712,0.7625332841762853,0.7871657801730825,0.7868279137959846,0.8448630257420179,0.7701546012044161,0.7364231410042473,0.8525697439624196,0.7749026996073414,0.8568226307284575,0.803958658611183,0.8479550862782291,0.6886556085257465,0.807043527466253,0.7894009618035852,0.7600815781126962,0.7351341959358385,0.7348221672302966,0.6863711121631036,0.8319938121235356,0.8991224568833232,0.7644647903978349,0.7635690420239596,0.7239663180697262,0.873782846495421,0.7500197569805939,0.848303339154759,0.8718411283979559,0.8046730857482409,0.7404273994681081,0.7357066641328744,0.8033694699852302,0.8086591148456092,0.8260220432370968,0.8147153462728702,0.7657648652400189,0.7287494367434885,0.8111408373832942,0.795840921507233,0.8030384037925645,0.8028860001687456,0.7764011058582205,0.7408388269887843,0.7809648217951435,0.7622366495008329,0.7856271068744406,0.8662460716223231,0.7755329916360179,0.7232496845122703,0.7614843019111454,0.7641421444584852,0.6918531058415586,0.8082201433092386,0.7178520066325085,0.8160184164330553,0.7679191142090772,0.7803122227613423,0.84484160117955,0.7628293628064996,0.8344650082398095,0.8987505821991616,0.817562472182629,0.7655037315615121,0.7738273768146943,0.7859076742386358,0.7944374588783646,0.7278956039812476,0.7617988275559122,0.7744971718099988,0.6753546910276053,0.7165162365985983,0.9053557618177672,0.8798107441642281,0.7690783328891163,0.784191439650455,0.8811769177719896,0.8145989538445679,0.7853836036931687,0.7651479112304365,0.8651220302800371,0.8074781556683032,0.7919860632118817,0.7737071551651158,0.8083551231567215,0.8281375509565718,0.813413044914205,0.8078465747904133,0.727963167899531,0.7508900752459969,0.7346928886397281,0.8296742900065389,0.7078037932916816,0.6946097785570876,0.6914226808160427,0.8428796275083222,0.754042586892495,0.667421485671634,0.7161939468627432,0.7255372446583561,0.7546240615828039,0.7725210944980934,0.8100625344518112,0.754815341135535,0.7768758286148755,0.7961175883904389,0.7877967098072812,0.7335628499326117,0.7558959495177707,0.6747549881951889,0.7662279862020123,0.8432071806190833,0.7209297549966622,0.7445075400723099,0.8479100764374111,0.8237884872097192,0.7573103408224721,0.6460156104883963,0.800947681274403,0.6906572934488203,0.8234160199502994,0.8066090499848102,0.7776039702403962,0.7845461138212364,0.8959748023963655,0.8253561820857676,0.8114417443526724,0.837407354278583,0.8215443061457094,0.7640810695170448,0.8175244045718695,0.7825241920056187,0.7772828666127681,0.8330633500722179,0.782400237643032,0.8276376639806454,0.7716625584425724,0.9346293635103134,0.6759355634615771,0.7454091202693748,0.6028181640994864,0.8890417857833647,0.7454045389857272,0.8153912612764473,0.6678720077920998,0.7447749278448315,0.8661050914236318,0.7828055253920883,0.7604144983990571,0.791622815253474,0.7367697620482673,0.6486847427416674,0.8247434251711329,0.8668730839516705,0.8923865653912578
0.7153944551565286,0.9096142868517045,0.9495735361670209,0.7487836657995081,0.6945053320268811,0.8523151718072054,0.772824852576758,0.7732134844371898,0.6655212518933004,0.0,0.8362692355330765,0.8705759633771456,0.8048814123579594,0.7367225471583079,0.7305273168168535,0.8596917751258125,0.8564093407090633,0.7309587658278696,0.8277658848044672,0.7380570375971013,0.8686679618181928,0.8553677794888096,0.7503552921904836,0.7871158936322956,0.9024731343433862,0.6898353347370082,0.7472483387330036,0.8041200455732417,0.9300996380194636,0.7307150675364691,0.7549495647890586,0.8642934067501372,0.763180253129446,0.7682618850792867,0.7236053867286056,0.7686428242763043,0.7748912232286034,0.7399299638020717,0.7414391563058059,0.7765264306465197,0.7478920216813284,0.815637682163063,0.7282054052885857,0.771887752819081,0.8013201971707491,0.7159718762554501,0.7440007587157009,0.8083186502067128,0.8084460615922034,0.6863238689307379,0.7433573807316516,0.7294206374663266,0.677188228316741,0.865912464733888,0.8541490718992018,0.7631178059314903,0.7070403828842136,0.801649822254754,0.7974412976859802,0.7053226166591486,0.7907414191687866,0.6154283683960032,0.7301513266231286,0.7181393336223062,0.6302757907300629,0.6844657541755131,0.7230838833636809,0.7517818546031341,0.791331133458455,0.7632111684297123,0.6887591880504355,0.6793633071336321,0.6923022088055596,0.8189023893770473,0.8316981025231294,0.7215918936734035,0.752102409751802,0.8594822027384343,0.6602032244485487,0.6517455515419794,0.8048080792533678,0.6593180131744061,0.830828239386747,0.763687676785138,0.6897683796922248,0.7696044242522426,0.7148345814256413,0.6810105761544403,0.7794014056054545,0.697101889916651,0.6866485879983595,0.7230984056833624,0.7925420685885037,0.6830120492001106,0.6997149598714024,0.8688576628260434,0.7024256553280341,0.8199053106266561,0.6018087832898743,0.7524796661338536,0.724724941748996,0.7138759296725996,0.665515812886264,0.8510928456199812,0.6876394738661876,0.7337227119810468,0.7810437812234043,0.8677420666499283,0.7765181969372098,0.839032030302788,0.8271449540533551,0.632945473281461,0.7283426129491304,0.7601274795621537,0.6813433034136684,0.7315111511857175,0.7908761294927146,0.8368855483738323,0.8746205276418996,0.6818858202090656,0.62521061140732,0.6348303772093027,0.6919899096505411,0.7946363104795201,0.6339833076996779,0.9026507688233003,0.6271238173908126,0.7537781086296422,0.9095607751996015,0.7251379298103249,0.8172750926937054,0.7943283098849687,0.645793128752565,0.6431990906797694,0.7757667555167214,0.6598762457705278,0.7719234492524726,0.700329692103302,0.8265463836096247,0.7081289443594876,0.7931205188413419,0.8090370070902438,0.7512689189142454,0.7619017014841404,0.8065024610189779,0.7032662383877283,0.7226489973380995,0.8682244554321633,0.9353695197336822,0.6935223355335081,0.6784415282596086,0.812001968933731,0.7495034317412068,0.8297590549433704,0.8642011119810672,0.730313119561801,0.7364046281733042,0.8467115944761023,0.7170496971943923,0.7054650358867812,0.855016825101653,0.6971405918165182,0.8448308347612783,0.6706505001780388
0.8894889380694911,0.8942560495269027,0.8806653652740251,0.8160750869304464,0.7672677346203431,0.8905792769628349,0.7933330416498999,0.8434780499860753,0.8225566709545712,0.8362692355330765,0.0,0.8676234750840476,0.9098984389586351,0.8234189221738553,0.828280458006735,0.9224629344172477,0.8801717968267704,0.8514816799232776,0.8730563798439923,0.8841652166776389,0.9405301953484199,0.9411938215103335,0.750000432192713,0.9018477299202309,0.9454432205993567,0.8346275371458926,0.7857625994236539,0.8806023904709513,0.8588318227192631,0.7758459363605023,0.8758041335680828,0.8817582478617684,0.8154740201457868,0.825325874028122,0.8707636032660314,0.7927513843337968,0.9463692056979067,0.8926381506215536,0.8460745116391005,0.837910184610271,0.7719468454229688,0.8586113500808547,0.8346812520188085,0.9058962141497833,0.8923506211239167,0.7714813348571491,0.6965270254858158,0.9627351626865432,0.8911926359264326,0.7642765186675557,0.8371974877347574,0.8189460583601091,0.6930351342497442,0.9220466638661554,0.9053169779566468,0.7974298272728808,0.8643500400462308,0.8519908988313389,0.8063008583281012,0.7498488666137588,0.908840635287836,0.6438919642848323,0.8555449269769356,0.7422279659907628,0.7355347420371514,0.8030792482152799,0.8661006623994079,0.8775965131516879,0.8370606089366984,0.9098587937731376,0.8586801607674336,0.7941388119608144,0.8290616555905872,0.8959829253670296,0.8928008257893869,0.8136919367188205,0.8464628716577871,0.8723031546338179,0.7803112075747466,0.752802828003693,0.8362125454193863,0.8031231063947004,0.8992254075678737,0.8815112918955512,0.8160854378805419,0.8928367451384872,0.8934532575752853,0.7581811511830979,0.810799770559424,0.8290533645780136,0.7853957136625935,0.7506667819792092,0.8232055523649983,0.824535816717012,0.8349126954334831,0.9177559503069568,0.8065937156822568,0.8075547465042978,0.6766090893925548,0.7931571307852934,0.8781900486825942,0.7855257222360065,0.717295453405637,0.7878467114517942,0.8076351757809479,0.7857253502175472,0.7671318622015652,0.8638110515368645,0.7635132456755859,0.9000680885903976,0.9132456058667782,0.7674598873025488,0.8511566729582013,0.8609726778445742,0.8009668675276748,0.8176345023641175,0.8062083316057224,0.8607824580478332,0.8627645666990287,0.7625681161924922,0.7713860582861269,0.719929465929273,0.8118219288132634,0.9108803955559507,0.793131424385986,0.9152435405380231,0.6317539505425316,0.8251473720870817,0.8598541833264562,0.8277037182162611,0.80373639721931,0.8758379020485865,0.8373289045331337,0.8341427519413431,0.9301946809645606,0.7786626600481109,0.8667008083700884,0.8137969000532229,0.8933313136372932,0.7948061638689499,0.8824324668164947,0.8608924994869507,0.8061932221605828,0.8105643429607927,0.9521744385433569,0.7702331208045501,0.8433619346652025,0.7775763366838848,0.8882881622297446,0.6599100707756219,0.8906127863189172,0.8109679181369946,0.8465793391205817,0.7174838431464231,0.8761038717313681,0.9117768038778299,0.8959999110656873,0.8876842373864492,0.8563393408435244,0.8165718611127429,0.7735930213031318,0.8363112482627771,0.8817785632243285,0.8869785673236091
0.7571961488120978,0.8873982327495772,0.8676256054381196,0.8264965077339749,0.8039274988441122,0.8346338164710547,0.8184395902935183,0.8447864313789161,0.7625332841762853,0.8705759633771456,0.8676234750840476,0.0,0.7595453913517373,0.7089400093501168,0.8374138920836173,0.8496892266125712,0.8161519628978765,0.752115897214805,0.9468952953504997,0.7623501598253118,0.9093166018015487,0.8591990063533338,0.8081622688974953,0.8192844827187235,0.9092585275526023,0.744639947273842,0.7849402236451007,0.793400312280733,0.8721905207622435,0.8460535713778586,0.8975391647375713,0.8334888995737245,0.8620768281620447,0.8327612135124097,0.7968251318303474,0.8627259895326862,0.7990806153917913,0.8266972458427919,0.8795960675144828,0.7593832616278628,0.8602306978764358,0.7853024552609116,0.8194295374847176,0.8600842672681406,0.8507513252264695,0.7504398200211186,0.750347153049309,0.8332282543800059,0.8391958606968861,0.7560065164653303,0.8203670905033466,0.7850901813495674,0.6805841174376264,0.922741771768308,0.9206967266361382,0.7332936991703743,0.776263436173568,0.9322817239695789,0.7348908825990945,0.7562831589609884,0.7760066668534062,0.6445175352532699,0.7944302835378335,0.7305505262683263,0.6715505395965082,0.6774385396391542,0.7039545506801534,0.7420596800447677,0.7741025222356003,0.8307832862491403,0.738909227303485,0.7204844597239826,0.6768326421295227,0.8085324673944639,0.8241701695713384,0.7192225684763311,0.754921938243735,0.8993391960833285,0.7642066958062265,0.6243190216610743,0.7384670541851833,0.7696018327687456,0.8658049370784296,0.7655368221036571,0.7528952144676808,0.8430041594896557,0.7604651341612533,0.7302202819669115,0.7961057329235532,0.7403252859718045,0.7926222136688408,0.8305914554970918,0.8715993707176856,0.7002508813644343,0.7155145694470489,0.9262358839795684,0.7520282883828491,0.8582139570507389,0.6605597165631903,0.744109804348054,0.7697172480990535,0.7605377542187839,0.764909149947577,0.9305651798347405,0.7749752041251801,0.752709208631805,0.767719322461437,0.8288246814376465,0.7808281275837745,0.7862735252944935,0.8911729411375438,0.7409887049664498,0.6967835830725668,0.7994798715631931,0.7486975697286703,0.751263179580293,0.7832232537118556,0.8582476117015341,0.8179955675481452,0.7253556877956256,0.7011528462583563,0.7481143534434209,0.6824000918660554,0.8527602901847304,0.662679473967775,0.9431541500673258,0.6201316387010745,0.8392507287754062,0.8932173812814803,0.7546132172934202,0.8008561036601699,0.7748851214217811,0.6670251301096691,0.7479203706864516,0.8090663480826158,0.6785697260672273,0.8139910393869921,0.7857327911176216,0.8455563118750022,0.8608990590820369,0.8393696451835573,0.7882894186317082,0.7962226706846521,0.8283232485095752,0.8466579216203753,0.7630174840908068,0.8580788885505358,0.8038987208698305,0.906944228750304,0.6838334750340731,0.7950196263224143,0.8411590981749795,0.8251594257360583,0.7658930336375775,0.9535892853328689,0.7663691771145439,0.713701226662957,0.8577180731254778,0.7637993847839426,0.713365088129063,0.7237202464592696,0.7372663559292775,0.9222274251422073,0.7459878567563099
