0,1,2,3,4,5,6,7,8,9,10,11,12,13,14,15,16,17,18,19,20,21,22,23,24,25,26,27,28,29,30,31,32,33,34,35,36,37,38,39,40,41,42,43,44,45,46,47,48,49,50,51,52,53,54,55,56,57,58,59,60,61,62,63,64,65,66,67,68,69,70,71,72,73,74,75,76,77,78,79,80,81,82,83,84,85,86,87,88,89,90,91,92,93,94,95,96,97,98,99,100,101,102,103,104,105,106,107,108,109,110,111,112,113,114,115,116,117,118,119,120,121,122,123,124,125,126,127,128,129,130,131,132,133,134,135,136,137,138,139,140,141,142,143,144,145,146,147,148,149,150,151,152,153,154,155,156,157,158,159,160,161,162,163
0.0,0.6219902600793402,0.510295223148547,0.5341892378601474,0.5443179811172767,0.6071476103382925,0.5357146617837624,0.6200782674321897,0.6088292175294132,0.5566302665026313,0.6063555977056694,0.5194958429452037,0.7589891214729022,0.6343734924973413,0.6267756630735891,0.646721104584601,0.6754794996699598,0.7201063565671304,0.5399088703169762,0.6810082008115521,0.6110616375198185,0.5744781693323796,0.497018165278448,0.6442465585479058,0.6525062425336355,0.5603706185530796,0.5307358874205084,0.5744298496380601,0.5217099561012899,0.5438328019217824,0.6505390570408331,0.647579460646954,0.531994450462235,0.5258603308844332,0.7241603859604608,0.5260929715937526,0.6797952620188183,0.5897485468634635,0.5347302395592394,0.6920138719582087,0.5272355737909167,0.5984670909275257,0.6374442397000332,0.6175479647502302,0.6599262844103644,0.6296627937465228,0.5344855665343977,0.6004535873063861,0.5891206902676717,0.5835484870318437,0.6476624639753048,0.58089506846607,0.5400221621424978,0.5647699416656683,0.5625784004054433,0.5896768100848752,0.6836430569361548,0.5644840158561785,0.6608250583103279,0.6009262640747923,0.6504319780056883,0.5188109739810112,0.6109898529154617,0.4988099974976513,0.6004293906152057,0.6466341767541317,0.6243490326421419,0.6054897496494228,0.5563269041984864,0.6795873180281486,0.6173120113758661,0.6526599607020508,0.6140035106829026,0.678612328999645,0.6440705894819323,0.6151013602553183,0.5543073871056498,0.5674080352116184,0.5898265648421136,0.6386867608301989,0.5703974951286276,0.568999224364296,0.6551445669951175,0.6010296815576581,0.6258328017111355,0.594329974238555,0.6446187128317251,0.6112658595309338,0.6567975878896815,0.5664320505622346,0.5799196920686548,0.557068138114811,0.5874490635545836,0.6326132255008166,0.5977185871833016,0.5265900219195621,0.5025956225602886,0.5331759986321704,0.5169165765390569,0.7084334847659046,0.6312383359274131,0.5781985647327009,0.5156285223658318,0.46576639774442075,0.6292995563244509,0.6063665340387722,0.583333610443808,0.6191931605338171,0.6147233800993841,0.6205258445070797,0.5617802041960743,0.5493705879379526,0.6496976635976014,0.5560263866290486,0.6662838128963455,0.7134732320499905,0.7109923878323164,0.5088751180280393,0.537385511286795,0.5246896287644597,0.5991645107774366,0.5102592634029218,0.6165056484144305,0.7011302019313406,0.6070746310966595,0.5784730481453291,0.5241811184742637,0.5784638811481311,0.5586948604969112,0.5707771904330063,0.5925534157906904,0.5575719225001419,0.6142328429311071,0.5557617380964406,0.5708612130721631,0.5764251694790576,0.6525584488644224,0.6482829407802535,0.5863944800181726,0.580577343535377,0.5404493074259267,0.5974407155253431,0.6153719260959236,0.4957169134919175,0.5970841748381006,0.558877439931212,0.5317129773404875,0.5734830044228284,0.57307245700466,0.4685688543638057,0.7115829758797739,0.6047377644095465,0.5401763167437076,0.5109481755515952,0.5747978075933462,0.6725527792978666,0.527061600504057,0.6636755970440871,0.6073489478237938,0.5834242673730712,0.5394170807256208,0.7396388699013249,0.49777338279121414,0.6767817064915902
0.6219902600793402,0.0,0.641487506043983,0.5760570229583775,0.5806833190346062,0.7251283705224387,0.5256860549008842,0.7265142424601524,0.6172978736359116,0.6641292934380596,0.6105866959540457,0.5857607376741518,0.6381319937590726,0.6212462303441063,0.689761471418127,0.6341535858685057,0.6479479401217345,0.6023135304648964,0.5523920805806449,0.5996883873834308,0.6974278090603135,0.7378029769103246,0.4589227019148055,0.6317995562775854,0.6467876153911737,0.5361747100361794,0.5079585541762223,0.5050804541650752,0.624373298951741,0.5086890762559417,0.6969055448066764,0.6106233296941735,0.6129601303535417,0.4805566727023864,0.6646429292480021,0.6213107095469554,0.5933935095756941,0.6053821846380238,0.6177507065269465,0.6358150028837284,0.6164624204362017,0.6372795630243614,0.5997118388565368,0.6619193450293996,0.6600748569067568,0.5703131410041576,0.5409688832122246,0.616965142482678,0.5269300815999798,0.6033188312569888,0.638676661346755,0.5915385126721099,0.5539420007184755,0.7289714403621143,0.6173069097827889,0.6098879678112632,0.603649350884381,0.6369804121347775,0.6466680608102304,0.5837999432716694,0.719025575822146,0.5310846824801804,0.6229441629376448,0.5303699422242126,0.5870132081980814,0.576223269419657,0.5982186828671104,0.5841862389353848,0.5534967375206321,0.675525759190466,0.6157104084891724,0.5899444883671529,0.5816087708055142,0.6773094190001779,0.7137843641896678,0.5062265927620807,0.5328892221374129,0.5884397888076496,0.552731371886066,0.5347456933287412,0.6063198783471966,0.6135645862090543,0.6930261666710156,0.5988696508291701,0.5996542985844094,0.6274706976792476,0.6106762837357853,0.5578152448709933,0.5704827153784053,0.588803147973811,0.5768487408293484,0.6131539367797049,0.6133785102370368,0.5356568310380595,0.6157329159313963,0.6074194211566234,0.5774433199236841,0.5758152625803991,0.5280157230544604,0.6365848357414499,0.6005718451323209,0.5934578186309971,0.5200040832861671,0.528277170572572,0.6290047006877826,0.5736842061176338,0.6143173522308428,0.6098300371134003,0.6108478662396595,0.638292912750001,0.569619273011145,0.5488258741609449,0.6110720728229926,0.5650963679686459,0.5872220836119602,0.6377340024464726,0.6095668469331901,0.5006768271024946,0.6064652833721048,0.534911968511697,0.5818236763942147,0.5391946271260457,0.5538575013890862,0.6481706145782236,0.5766216038752585,0.6605847824218724,0.5480216722787467,0.6303410721700315,0.6612009385689381,0.5751220933910474,0.6263843046530512,0.6237233717768564,0.5230528038952271,0.5931414488786118,0.6445453372379906,0.5727830856888372,0.5672983441516253,0.6241146636716247,0.5942249412587839,0.5914266293010956,0.572005989559278,0.637690560660983,0.6455715279370424,0.5766432499106193,0.6238560831835254,0.5236397379295274,0.6217451430983914,0.6091734147815191,0.6407349880444866,0.5158870828340151,0.6138468783824076,0.6317552729311732,0.564106237719378,0.5760671033858437,0.6464505972998298,0.6446259460881685,0.4672282618666855,0.6902123200761577,0.5709525778069666,0.5004481251352025,0.55762560077643,0.6237764623791117,0.5251796877184007,0.6067990051866031
0.510295223148547,0.641487506043983,0.0,0.48759264449599843,0.5514042334722836,0.5889941430775395,0.4362791938510257,0.6529739256980667,0.5660189219439973,0.5962952460967609,0.5064528399523134,0.4966122798631161,0.5359289055984138,0.5725957965577998,0.5465777588921165,0.5614392030062071,0.5624712134674587,0.5271273904524382,0.45076619854331756,0.535406463707409,0.6386547945209444,0.7044902179200279,0.4026347940038067,0.513678369446983,0.5380820077240743,0.5317575278665962,0.45285414606111124,0.42393245109188243,0.543862632010404,0.4382812771963017,0.5491723405186136,0.5030138110769327,0.5248698468663907,0.4155527401775807,0.5574893537970997,0.6400409951265624,0.5026434193791092,0.6057021495365164,0.5155615950462565,0.5287814706366053,0.598045536024287,0.6039073662810077,0.552813344236185,0.5562982056255144,0.5877877895277551,0.5022425996985708,0.5608113323925883,0.5481330026433205,0.44290747214960474,0.5825267179691198,0.521682112609666,0.5602773649687262,0.4898403326474613,0.5855586767446614,0.505672086806499,0.5827495512347889,0.5035228159807282,0.5738856204829855,0.5650158178934476,0.5006472557310593,0.5618832473697545,0.5273106602596559,0.5900123950562725,0.5982786875517906,0.5321934886736733,0.5150664012246728,0.5279639085170775,0.5584281346942174,0.597110188568735,0.5824807634904655,0.5870538843571049,0.5322730923205155,0.5565850065850297,0.5630238882026651,0.6279754705302975,0.4203283772634818,0.45447457912452843,0.5202390484149946,0.5259290393293644,0.4455864009414027,0.5919019020232823,0.5666624300728915,0.5668073310161552,0.5903001399849207,0.554152148537869,0.6313705592932133,0.5401449896558589,0.49231683489354755,0.4758106184436796,0.5439859685386035,0.5350724912857644,0.5410886668160021,0.5087085109659399,0.43642058183251037,0.5741252829164443,0.5618982637889075,0.5820642855881123,0.5856982135989802,0.5327326971578376,0.5244305898668215,0.4983585449350261,0.5252000284135303,0.4986566933935924,0.5317175865030205,0.5848143029168918,0.5623697127000359,0.5677371200608625,0.5760659501561127,0.5460428075344678,0.5447762195207385,0.4681749221508145,0.5447703572220989,0.5401424935939806,0.5281906370241596,0.5168819813466793,0.5398464255516924,0.4993578142105949,0.4412173119602139,0.6034036949668642,0.528606595503241,0.5473811970304732,0.5281657408241123,0.5229307155543998,0.5016792165482689,0.526614004390206,0.531080194569383,0.5488296572502329,0.5590522014582152,0.6549753512505068,0.5770059250243036,0.6167616124227208,0.6665611716366826,0.44658092436649915,0.5408071783628869,0.603457411486744,0.5434800554837248,0.4951932001198469,0.5516254308881567,0.5835205433568642,0.5122045945502782,0.4990005059764241,0.6018581522044256,0.5383386567579928,0.6249194743021469,0.5820276666419038,0.5101171521418487,0.6363862842265524,0.5290745306314553,0.6570911208384949,0.5782671250172896,0.49352713468471326,0.5115432291708651,0.5011343032137394,0.6312686675996677,0.5869741493452767,0.5566337775876671,0.390510185009343,0.5647788691780958,0.4595931500013303,0.41537054771730375,0.5569028559127899,0.5136344457911397,0.5360910663610844,0.5097011365340154
0.5341892378601474,0.5760570229583775,0.48759264449599843,0.0,0.5846680343515729,0.5667826039014614,0.6040456901203682,0.5698119574001111,0.5257139951503792,0.5212342241775546,0.5559221042035974,0.6100068066227041,0.5002778889647296,0.5052835743421986,0.6124955543000025,0.5093197256929725,0.5430778483360993,0.5112651907901777,0.5501155698445362,0.4705215581812548,0.5795913371951893,0.5351443586277427,0.4920668479964105,0.5588943092073767,0.5737703396582478,0.5273840809676745,0.5050547332864509,0.4933339460825598,0.5069393508707839,0.4901068458863371,0.5982223278004336,0.5088800006679025,0.683461232665036,0.5049946499511484,0.5902507237470651,0.5612362604197523,0.5187674088202896,0.5031332313811829,0.5442526610322097,0.5822894913371096,0.5730304151633697,0.5729774755629551,0.5116617862439826,0.6405624681874319,0.547030657654137,0.48982855991830065,0.4703778400592478,0.510335241092893,0.5162248984037526,0.5020149342255124,0.608692703310557,0.5657902362637505,0.4622133168595642,0.656905086619348,0.5741123240772942,0.5186205834568808,0.5199275192031498,0.6432776357688457,0.5240875945641104,0.5091436763827395,0.5273407400139654,0.45581584963703653,0.5292533378071926,0.45306810893050037,0.48261648729692624,0.4646542411817074,0.5212176207554065,0.48087508233695203,0.46674964005526526,0.5740866600625675,0.5033597597823071,0.49217157986490845,0.528783534901066,0.5785723909025142,0.5258394297160672,0.44768336171734063,0.4994578656726235,0.5708592458736739,0.4896105249134051,0.4680445027696537,0.4760663859302354,0.5776348467569559,0.5452794879569904,0.4745554062261798,0.5565917525177898,0.51675847858063,0.5296993246550822,0.511739198396023,0.505766432865826,0.506743366118289,0.6124812137017619,0.6571431369325385,0.5437896095208591,0.46584601644390516,0.5493460738343225,0.5521157828457157,0.4501452227947663,0.563655904808085,0.49099346005305217,0.5837370108775529,0.5022067696460084,0.509641402537217,0.6041714599005116,0.5327814745078604,0.5405704615745368,0.48395405426426064,0.4998106038197222,0.5447894223461768,0.5181272748532939,0.5113298028374793,0.6329840621402901,0.527561838636336,0.5303834103258943,0.5091358355151238,0.5185684404832055,0.582252679106294,0.5324493730301233,0.4456866886314786,0.577292868975063,0.5253904912905633,0.500035793912095,0.5453158241505399,0.48570068001916256,0.5815862799522803,0.48400214402484,0.5570750939921412,0.5016491462871883,0.533219546331385,0.5558519345176507,0.46653697806203,0.505242967915123,0.4839343339202737,0.458089561681752,0.5678501624651009,0.48996533978479945,0.4374166753630114,0.45937362700788387,0.5779382785485763,0.5053721058002616,0.5298747909175208,0.5384356880411273,0.4985502717918973,0.5989658396354852,0.5123370176345822,0.5233981340497825,0.5464614060103007,0.5341753049491371,0.48703774513058035,0.49927256234366857,0.437156332328206,0.5985680956719616,0.5385315486036193,0.5088231446373055,0.4783842294030617,0.6351825678198728,0.513380944248442,0.42538100460651534,0.6295048296651224,0.6237848976601005,0.5000645488847981,0.45644806918010694,0.551750189573653,0.4739370555946806,0.5819926722114831
0.5443179811172767,0.5806833190346062,0.5514042334722836,0.5846680343515729,0.0,0.5191324366912465,0.55882488053893,0.6365442380093671,0.6340866741511977,0.5621784663705498,0.5516961372141735,0.5679120300395953,0.5250440531825005,0.5985088083734557,0.624801360898429,0.5879037534447836,0.5939909472153893,0.5763328410787283,0.4918187445320898,0.512731989491023,0.6326291269412186,0.5971887192108929,0.5059682690186125,0.5414560597583039,0.578423740123929,0.6043744764690441,0.5933471795363862,0.47003680558118166,0.522276124181012,0.5515792800245805,0.6363612120365372,0.539036870646697,0.5639518793070769,0.4810749680932317,0.6139694843790867,0.6852238465958362,0.5437129765187868,0.6384446798873248,0.5915517090440628,0.6229456329938834,0.6009570614250085,0.6627816503575338,0.6014549059032965,0.5980979689102704,0.6079845300917909,0.5367619759226189,0.5552015637386285,0.519703408689525,0.5346269784889591,0.6071158246441665,0.6280208354849038,0.5436415057989794,0.4839852751686287,0.581372248772856,0.5790552036601128,0.5743328363997474,0.5554724577679672,0.71626731726196,0.5971433352714652,0.5684057264391547,0.5139914174283643,0.5476754958160884,0.5444375491450173,0.588180057659016,0.5322970005649578,0.4928715288256196,0.5658351851889523,0.5429854885403745,0.5872163027873906,0.6389560848686421,0.5700435102573216,0.5968398827383117,0.5707821593756978,0.6206718018317975,0.5711868322732752,0.4509385156998937,0.5352069863536814,0.7021860244280324,0.5392499292247159,0.47570978176627937,0.5017521521227639,0.6300694476798874,0.614976271368514,0.5148778861633322,0.6604895515052795,0.5912363876454774,0.5593852537582088,0.6041364424093874,0.5309752388725263,0.5705659191905523,0.7792034266455573,0.6862482142603084,0.6034701322373727,0.45748556196636414,0.6551292881794455,0.5551119189836093,0.4857830648633447,0.5760624804857774,0.6295225218562676,0.5808182578658204,0.5568045907062281,0.5918109415131219,0.6410717939788059,0.5268990358481895,0.6275004240713997,0.5679339040571942,0.5615096801058156,0.5919965215281798,0.5893751658045482,0.5099367936751048,0.5439500975893955,0.6888584368030306,0.5220181002923844,0.6646589863544072,0.5418959981689236,0.6005578035889646,0.5230877645862038,0.4892131963885873,0.5327085998430596,0.6152381055868379,0.652005602744989,0.6340252565183306,0.5027909225291758,0.5796772619851845,0.5324306486517654,0.5422143790781893,0.5987768989177313,0.6524519618551772,0.5760555039290253,0.5703906699980618,0.6169498272920318,0.5705585206857182,0.49198772685490494,0.5994437937051862,0.522301737004263,0.4889597622130026,0.49353998965910384,0.6738711302105987,0.595600782071445,0.6422103261798374,0.4885755798862057,0.6175471297638538,0.6490192429380174,0.6463651312135659,0.6218827825722353,0.6188480417423157,0.6287310711504562,0.5424932450145008,0.5688505945173484,0.5416756182983024,0.5766513677962354,0.5450926702825777,0.5614308783492634,0.6185505983116218,0.645465015543848,0.5687030367553151,0.4119164982567294,0.6273277932426063,0.5268979319443625,0.5021494540990629,0.49800268285305466,0.5663821087727522,0.6038125019511701,0.6046815909159783
0.6071476103382925,0.7251283705224387,0.5889941430775395,0.5667826039014614,0.5191324366912465,0.0,0.49044673596277094,0.6313599502286126,0.5719809232624973,0.594686136741203,0.5745402488025293,0.5333053055030017,0.608028342764651,0.5729905562139183,0.6012125261055011,0.5602963300977183,0.572657400103509,0.5493274126594769,0.5122669148797547,0.5504186099546535,0.6130516744165158,0.6392130791245313,0.42302529234497505,0.5755923150707319,0.6126059979185915,0.5196580357079897,0.4546313637166837,0.47715154912737906,0.5777688871017894,0.4608197851699406,0.6167330466388625,0.5492922205924916,0.6098891004693522,0.4543467108331798,0.6395367352629903,0.5497553294449425,0.5808134318094618,0.5493958552099585,0.5246783917232601,0.5614997363881039,0.5689379994906586,0.6008001983529418,0.5388425638376773,0.6767110918586476,0.5833453558447618,0.5121866591462376,0.5091855506395403,0.6260289569278004,0.4828821163169455,0.5256050768731514,0.5668429321107554,0.6041838936028996,0.5076571085397715,0.6547573089567582,0.5472118350487759,0.6128869474640642,0.5375279051619197,0.5770887075900902,0.5607219548197888,0.5052303046886811,0.6793338727378182,0.4897632973666825,0.6168938721324759,0.47992674687506925,0.5344291662666693,0.5410408633782352,0.5632993126441534,0.5789517716219549,0.508993531700511,0.632344155925171,0.5896520292868674,0.5313385849635841,0.5771030114007116,0.5896222904652494,0.6315932831090297,0.4891636767226703,0.4784432185904332,0.5299869121269055,0.520707960645278,0.5396112129840719,0.6277776156386197,0.569984248934128,0.6234829806563604,0.6026202854931898,0.547380830838763,0.5869524623057281,0.6163234904976707,0.5021027329567523,0.524558421387489,0.5581790583980046,0.5331224666484887,0.5723995240498881,0.5274920852154663,0.505218669934246,0.5648513588372773,0.6249323365515647,0.5358534389365471,0.5782712669695217,0.49458107079098335,0.5878892828417293,0.5507872243579814,0.5146256623686088,0.5025057288908288,0.5246896052684722,0.5745156892623344,0.5240828900650185,0.5322987678125263,0.5809705813785605,0.5374309184316082,0.6212012759745618,0.5406852366185486,0.5022441697159707,0.6602878916267354,0.5055007677064133,0.5596569234027126,0.5953592483256526,0.584629944110461,0.44911583758172635,0.6475899495280367,0.5246112871325173,0.5152139146240481,0.5164468556054133,0.5647103076822538,0.5936506558238642,0.578821637683048,0.6136558000809171,0.501822067888527,0.5377256587832702,0.6195155405786332,0.5235672991712407,0.5793177234456874,0.5700689280153843,0.5005138474226725,0.5775799611540894,0.5934920562205336,0.5460358976548643,0.5363591816986406,0.56469075016593,0.526960262187476,0.5108372415614175,0.6208655829239574,0.5685411195816678,0.5652540283712008,0.5208509749207797,0.5760574174660272,0.5054046356674415,0.5735476882927938,0.541253370397976,0.5866439087329358,0.4728158715556683,0.5843721180615039,0.589954609161225,0.4875637143211639,0.5001329249741551,0.6100536795058034,0.6009162292258918,0.4518885387390693,0.6623097342820353,0.5898159229683794,0.4722343789606932,0.5461049559435748,0.6259519605689461,0.4844208956941153,0.5796566486697794
0.5357146617837624,0.5256860549008842,0.4362791938510257,0.6040456901203682,0.55882488053893,0.49044673596277094,0.0,0.5136428192280945,0.48784553810314846,0.5344052443809948,0.5842229933609316,0.6095469452344467,0.5164416653906925,0.49638748186182574,0.5940487149217232,0.5360675193570315,0.5370366382034308,0.5202356279218284,0.5703331957585898,0.4700306752649957,0.5137860965035671,0.4865249523343704,0.6121201486181809,0.5581634759184009,0.5909802532110875,0.48224542602591236,0.5955224123931452,0.5511839077185968,0.5210767483765494,0.5871227633143069,0.6021974591676661,0.5865746175850235,0.5276106298799349,0.5703975601881675,0.5480844865169362,0.4965741978470781,0.5534242945941756,0.47201715854680437,0.5754188008220313,0.603265050641435,0.4727975271546655,0.5125565430757469,0.5218781470324891,0.555550574320468,0.5351760895442654,0.5030077655130017,0.4432828873707554,0.500093761586875,0.6671159418213738,0.48200446451510787,0.6240559576707416,0.4601442331629454,0.4466977408991687,0.5507049428665466,0.6699912006837209,0.4681561978104838,0.5356331759194528,0.568325661513855,0.5501611922750078,0.5393083165261058,0.5059855866128007,0.4404199913025609,0.45937219725960704,0.43209832446770735,0.46449028632198935,0.4565917224546513,0.5200903936269068,0.4667917821710304,0.45521207370409694,0.5454255729624635,0.4635168407695318,0.5079263738889445,0.47785349444203046,0.580915445842811,0.4841257350733634,0.5086156758452551,0.6113424526972361,0.6206692026721242,0.45532892723981544,0.49833506739111827,0.4278270999944578,0.49507647135789346,0.5440142518847232,0.4333622685434469,0.518690221958843,0.4555630283551411,0.5098629488023871,0.5742180462872124,0.5576203168397246,0.47260083001339476,0.5606423656538135,0.5682587781630449,0.616847697875798,0.5012308012941534,0.5024631633429539,0.49660957802470224,0.40739646694887877,0.46584882281044004,0.45900435862692757,0.5747663648802604,0.5519919201180257,0.5679175580816094,0.528308332861997,0.4574444590930747,0.49535216748078914,0.465626465612793,0.4918087303202881,0.5042406068095097,0.5194032707983136,0.5013799913163589,0.6661482538584886,0.48988708352361127,0.48451523786740736,0.51870493384269,0.4885827500468028,0.5314541756221564,0.5319399480947596,0.5504554954204799,0.4712989687188136,0.46641847332016556,0.49533874135128936,0.4795853943639039,0.44692464544061483,0.6283783368980614,0.45615011333462163,0.5728004926231998,0.46291179594457554,0.558987586785285,0.48931267045664717,0.45440756384377456,0.47151655039411916,0.4407950240543806,0.5006230518466932,0.4793626302938838,0.4609431109398245,0.42303366953395977,0.478281952961713,0.5561748361527118,0.497963921056938,0.5702495086774144,0.47688497664242324,0.5030891770778938,0.575523141648388,0.4576013109150142,0.5111634283770561,0.5173778849208244,0.45916830796642977,0.5011038658508951,0.4766045043591198,0.407757554943292,0.5982547894083124,0.5377013597076026,0.5200841556419249,0.46852948328557836,0.5394748538231984,0.5091020720552712,0.4847699399263267,0.5793673658577951,0.6006384148427788,0.6448034228909161,0.4276927848888379,0.5342241099931127,0.4473534656689325,0.5534995395713207
0.6200782674321897,0.7265142424601524,0.6529739256980667,0.5698119574001111,0.6365442380093671,0.6313599502286126,0.5136428192280945,0.0,0.6703263092693001,0.635334602099533,0.5747506134861258,0.5734169767990437,0.6223652348899652,0.6477476447855897,0.6798644163190363,0.6695912030248196,0.6922341944673324,0.6511962803534013,0.5306193823667755,0.6162804855125541,0.7597318915406152,0.6842272092625176,0.4765289086253147,0.6033375628513931,0.6396418175105592,0.6042655655779079,0.5415842739946561,0.5002621526017107,0.5678008110337104,0.5304233144530114,0.7070450050883317,0.5966701795943259,0.6001562774519084,0.48966404905545147,0.6741421576215799,0.7006277354431621,0.5861550494085221,0.7178218975438474,0.6053628898053445,0.6639459129401962,0.678712818601261,0.6695122705185976,0.6834899017140991,0.6399307448254793,0.7337590730284463,0.6235430197288478,0.6075997393044811,0.5793903576499938,0.5285204458879865,0.6817365937242194,0.6593183527909177,0.6304518760705694,0.555129683453274,0.6522532132708716,0.5897701385869848,0.6384775246842296,0.630689414742975,0.7017303701990077,0.6624280893745254,0.6201129086101506,0.6348199801782952,0.5888964949337091,0.6726908885890928,0.5966290001477267,0.6120754853095802,0.5991473825575862,0.6027359060581761,0.6010382455243796,0.628983715525826,0.7429722869975628,0.6573674762924873,0.6503396516498432,0.6067400329369544,0.6989258256007642,0.7536257461387109,0.49845012682788253,0.5317007980093885,0.6227404690489509,0.6454796742466427,0.5221842924799871,0.6175064153992955,0.6575355861523766,0.6996086712600371,0.644631647426748,0.700449563624633,0.7316303144942943,0.6217996389729349,0.5999526999346448,0.5976404155670116,0.6145671300298302,0.6517716207082684,0.647499288220052,0.6194515842582784,0.5181706566853979,0.6704196288642682,0.5896453438326406,0.5856360582193914,0.6305311413091328,0.586444760110185,0.6636516975506463,0.5924854656654298,0.6327578356150904,0.5783196238202527,0.5520701805488837,0.7318362232892752,0.674148292974381,0.6793462053269396,0.6722007772764177,0.6764007199350988,0.5872809917700016,0.544560354433105,0.638842129589875,0.5906327727626384,0.6336105860651542,0.6450227206129688,0.690490359355739,0.6207835324302011,0.495320402602707,0.5944156757776523,0.5896685336941175,0.651617169186888,0.6179775040004902,0.5707875836832403,0.6362761040433847,0.5779517086728706,0.6150690373459311,0.6073157444888331,0.6812725302646865,0.6924888807833373,0.6427749782333603,0.7112907809083385,0.6858561492694241,0.5261949503564082,0.6118813401528954,0.6157443627719172,0.5751001635280863,0.5825039405213868,0.6939217750910904,0.6650118392446436,0.6555546752422354,0.5470860746996841,0.6675899508834088,0.6682331749577132,0.6322338149756801,0.6631513250527277,0.5814126887709329,0.6743338151694361,0.6324587808938159,0.6870510503190821,0.5754597106996509,0.6207076303815497,0.6192531215346403,0.5760088754358865,0.6424536357804729,0.7111935287807379,0.6571485384877187,0.4403179826296085,0.7118644659997891,0.5377437926632574,0.49881997878791773,0.5885877087604653,0.6309271059660679,0.5982641687108331,0.6152397923149431
0.6088292175294132,0.6172978736359116,0.5660189219439973,0.5257139951503792,0.6340866741511977,0.5719809232624973,0.48784553810314846,0.6703263092693001,0.0,0.5385978767511332,0.5332225212462675,0.4910796591756829,0.5838224668148121,0.7175361934371638,0.6093879630734952,0.5842938168755926,0.5906366333258732,0.624737515551929,0.46288403047687043,0.5685750417382206,0.6324832515171628,0.6463850240796597,0.4414740365820238,0.5378789015068066,0.5567835125298782,0.5951845914124348,0.5214371637436772,0.4561815128222007,0.49974974437593334,0.5092323110266151,0.6301213633403633,0.5361874157189348,0.5431586534271838,0.4412999152195994,0.6464302712310683,0.6089085534485201,0.5747054781490313,0.7200672844473864,0.5478373547698673,0.6031515777484001,0.5859403004553247,0.7061574294547183,0.589404792193001,0.5893808961429049,0.6057730126968097,0.5598947452689849,0.5731718420688708,0.538435168088948,0.49250880819488846,0.6285800997807128,0.5983001223461929,0.576502765156996,0.5387505630891721,0.5589180081380328,0.5155789736318094,0.7073444397363611,0.5832689308482895,0.599194873890941,0.6100316912312139,0.5656758974268519,0.5800866046082865,0.6156932218868708,0.6046618199379665,0.5863964733881107,0.615496691532894,0.5687265131109217,0.6362935383087631,0.6485692526706749,0.5987074092463429,0.68703537580155,0.7230789170846437,0.6621761717524735,0.6501655052379619,0.6192341558608543,0.6485928030983752,0.48201840169842325,0.509054065220083,0.5965540851159807,0.573856544116344,0.5398612524013057,0.6057303516902052,0.6988850204002248,0.6919757965280539,0.6100051512708874,0.681477433118706,0.6829471422734903,0.6317930412676525,0.5902922277961461,0.5441266604251827,0.6931366045050523,0.6479443366185416,0.6273513556519608,0.5500847847091117,0.4945285450264474,0.7842754091142902,0.5547255624229712,0.5718705348618989,0.5636206585026596,0.6721585191632488,0.5984465705608419,0.6021231280333772,0.5636053673253775,0.5495614237983464,0.4807553139078253,0.6996573235995457,0.6055962087258469,0.5738525967291649,0.5820973789507174,0.594845441139242,0.5401716983241772,0.4940463427904196,0.6597405136502154,0.61275921024851,0.6692118448523968,0.5891176669504784,0.6421415046213488,0.5485412873511033,0.45266674931112294,0.5221347719785843,0.659840203598156,0.7123838939904086,0.628167028153199,0.5614845598770315,0.5941426413504363,0.6851451742975846,0.5216863673565273,0.6362231890029292,0.6132425962812806,0.5494685002739004,0.6491911771543823,0.7390633025194956,0.683788601140825,0.5544838617257426,0.6970307227581798,0.5708871511411207,0.6024477959101416,0.5267123937992839,0.6474248097123747,0.563550605349269,0.6028706824960726,0.5148132697482595,0.6732148259209474,0.657773045346215,0.6508326341197954,0.6515612045373141,0.5561352199334161,0.7007742045711348,0.5812948733931926,0.5656405537597355,0.5529112478360093,0.5911699617873897,0.5698514335954208,0.5313638171893511,0.5876038549574307,0.5898656265994511,0.6763949884399275,0.42938649503374016,0.6314004409973314,0.532206617797434,0.49009203104894034,0.5623199560157132,0.6502007364697112,0.6592866667499212,0.6481010713427576
0.5566302665026313,0.6641292934380596,0.5962952460967609,0.5212342241775546,0.5621784663705498,0.594686136741203,0.5344052443809948,0.635334602099533,0.5385978767511332,0.0,0.5914746369783028,0.5814750856620765,0.5986130044812785,0.5751674370885024,0.6145638473221265,0.6444767575848201,0.5922564876699702,0.5702924238681784,0.5184674264186293,0.5374055381521952,0.5798874063270709,0.6030512325657795,0.4813347915698189,0.5507333544083614,0.6805802373789759,0.5106952389465479,0.5368997210608686,0.49347427038884883,0.7565713095887675,0.5325158021395222,0.6559741168805195,0.6278228858891419,0.5454989194053077,0.47855831182824626,0.5913311079139126,0.5791593361226872,0.5918054362697833,0.5698435296111398,0.5737347060333299,0.5819495708150655,0.5411707640563026,0.5611703592944546,0.6062023635279086,0.5993436735291697,0.6141863407819319,0.5346685673251855,0.5289530122221742,0.6017461690419474,0.5494728520239587,0.5401111195331628,0.5768403947096179,0.5011878668518531,0.4849532278963387,0.5854979158578227,0.6593605380700577,0.5453250742751109,0.5346070903093767,0.6128559376381614,0.6136988033287418,0.5384632465492522,0.5816728646375201,0.4988599554284366,0.5352014698511608,0.5186809380041306,0.5046598641635377,0.5067443799105643,0.536596676333623,0.5570225782858543,0.5743554546198691,0.6487922605369361,0.5301224033649423,0.5714637791129498,0.5089546897302072,0.5979956976175462,0.5936769062736715,0.50605111997859,0.5267110066774099,0.6200700411375094,0.5155121883018923,0.510276799582963,0.5380625459612278,0.5103631009011428,0.6456085549758376,0.5523065599496125,0.5383083010972673,0.545356617562273,0.5704014130985949,0.5657266537646612,0.5725300007229935,0.5146564385787391,0.5484187405118732,0.5614509392451078,0.6265754713109977,0.4824428662968869,0.5337733600726666,0.6198796463073389,0.47919458247659386,0.5358270792523044,0.49589146677913815,0.5673786930033071,0.5906085950744498,0.603275918379925,0.5120533412644459,0.554609558588856,0.5562489399122208,0.537152679409594,0.5576076543281914,0.5966718507563051,0.5813690379572138,0.569682368985816,0.5347894157060631,0.5105303520999942,0.5303243830400475,0.5599467170048888,0.5335955196075526,0.5460645260664665,0.5726549633616578,0.5604595836948655,0.5533469769467964,0.5070120194057807,0.5288473295515703,0.5199912301305208,0.4924927573686368,0.5984667717898364,0.509430910538984,0.7303292099661269,0.48904933041179216,0.6110360395205511,0.6343783660335102,0.5545523795947099,0.5904086482993779,0.5356141015208159,0.503109258635183,0.49427737736490013,0.5480566093090641,0.5121112879558002,0.5679308063698637,0.5881380554396397,0.5995384353394858,0.5874266675398114,0.5519060408616641,0.6207160722112719,0.5512714413969801,0.5240524289617977,0.6038179049504594,0.5215130069513252,0.5271420688799492,0.6048189079847908,0.6835219072577935,0.4984716889586272,0.5475697071862953,0.618550915375268,0.5084788037373674,0.5762837460319302,0.6162922361513143,0.5774923680204411,0.44802794777390037,0.6359603046325448,0.5357591354227752,0.5030892112116279,0.5443568472544492,0.5707431964584017,0.5039175221552745,0.5281542218554782
0.6063555977056694,0.6105866959540457,0.5064528399523134,0.5559221042035974,0.5516961372141735,0.5745402488025293,0.5842229933609316,0.5747506134861258,0.5332225212462675,0.5914746369783028,0.0,0.6387464279347561,0.6246827740478329,0.5442335124678297,0.5679701138820406,0.6575571273085788,0.6175118425140269,0.543864411502404,0.574935734376142,0.5728875704720121,0.5821288544263575,0.5812304691889043,0.5341806086431059,0.6750472071512167,0.7099724125223447,0.5172733297772826,0.568248927024036,0.5940946641999779,0.6002568564470585,0.5542188490611303,0.6235380793609494,0.6253130974931473,0.502594569087051,0.5704300116431334,0.6285221533465213,0.5159544269693392,0.6672901354658016,0.5255848730693234,0.6157745379698629,0.6259258487964886,0.4820015731656621,0.5945290984309337,0.5392087316239694,0.6105928841359196,0.6072760500248147,0.5035170706906147,0.445933927837702,0.6560696779515097,0.6323546487968568,0.5011526185650022,0.5783978629766386,0.4883572744099993,0.4443124741168615,0.5903405694696754,0.6702807037480469,0.5210446229823881,0.5690962489815747,0.6018108390524164,0.5713070180203238,0.531246917226787,0.6210152021140036,0.4382547245199853,0.4904280284872063,0.47616255452696893,0.47628628437276976,0.4904686989025083,0.593198676828427,0.5049543835589619,0.4925011496257749,0.6230946173306744,0.5026886434932678,0.533597008936474,0.5514088286662314,0.6232578611990366,0.5581710756828324,0.5007385214562049,0.6104417708795189,0.6033751933051641,0.47887139880594704,0.556117780167388,0.47272009297512246,0.5060744098523735,0.5855872408594851,0.5017723533377904,0.547733434674147,0.5149772890662441,0.63123479238695,0.525155215302209,0.5417920160903305,0.5380009946985291,0.5401561478627231,0.5268082215123749,0.5808292070804277,0.5234295496414816,0.5268600493403157,0.5405728871113236,0.44389788379780226,0.5030367729039252,0.4735651571561861,0.5705713662898824,0.6177778359900151,0.5933308615375492,0.4879426535603803,0.4635553143265151,0.5141806294951141,0.4990307136349565,0.5165137746724756,0.6098397988083389,0.5094655955976394,0.6689627203463893,0.6706322756624968,0.5093373864303633,0.5617554109431746,0.5600983694485515,0.5011201955548071,0.5857045069936028,0.551976403751317,0.5735578304501951,0.5411949921537362,0.48568816797550896,0.536828525086554,0.4683273579551243,0.5454112752735157,0.6189461667694071,0.5279678737754506,0.6149613559701665,0.46602951063274395,0.5964559707222201,0.562802365543339,0.4788419534472381,0.5291812215891102,0.5037726512278704,0.5846488350724967,0.5321837942014852,0.5900063314964513,0.4626924650382427,0.5520131114726592,0.5639327156401762,0.5833370256479324,0.5549022412646611,0.48329580865780225,0.583963695103644,0.5606145283510394,0.48360030418069255,0.6026537718513214,0.5182189056797839,0.4987078324472149,0.4991837123201883,0.561890700881419,0.46833529825410203,0.6654813592422701,0.5257859318016397,0.5700667178761698,0.4867583821188775,0.577037664095318,0.6003535553037493,0.5590035171686086,0.6336000657538199,0.5915524561860706,0.5708722339259774,0.4451936694793555,0.5919978963398022,0.4606542443692818,0.6574259852835672
0.5194958429452037,0.5857607376741518,0.4966122798631161,0.6100068066227041,0.5679120300395953,0.5333053055030017,0.6095469452344467,0.5734169767990437,0.4910796591756829,0.5814750856620765,0.6387464279347561,0.0,0.5152859089140356,0.4826454406272313,0.5830713672538935,0.5820995368612802,0.58246052134911,0.5030049681640119,0.6480945931947587,0.5040207067899111,0.5839275727354218,0.5351970226379654,0.5622690822303916,0.6125497457332121,0.6409263415585832,0.4929405474755014,0.553502338510079,0.5540509861382712,0.5810350890577621,0.5501947939257318,0.6211201542690533,0.5716228521374984,0.5416600884537934,0.5880179250850857,0.5625259425543,0.5519064604461305,0.5357585883553132,0.4991537773727006,0.6588075005811719,0.5850042464647768,0.5208310580630505,0.5406580179832284,0.5344535539737104,0.5879827250104952,0.580230064551118,0.49782676433690753,0.44810907974930847,0.5422881978027474,0.5906500697895151,0.5008261131611103,0.5890253461635976,0.49012663232257775,0.44180322093320384,0.6299896518158196,0.7118567632517246,0.4764374851793673,0.5409227876145234,0.6655682132094172,0.533939746522653,0.5340452027191415,0.5374942799689119,0.4323708939714645,0.4827688642317291,0.4634852027306893,0.4600478901109432,0.45810119231313096,0.5057495216991139,0.4516358211785868,0.46695571387642143,0.5643867858825045,0.46499511011634076,0.4935165226662922,0.48555005750462804,0.5866976897916614,0.5281270298634236,0.4588361671424525,0.5595623125843721,0.5954981628531791,0.47959175057518927,0.46884234436501376,0.4452564751365675,0.5033026179566944,0.5400362337998806,0.4605945246189027,0.534613779540244,0.49558664553227355,0.5243009105737557,0.5091212603830336,0.5241461122974448,0.4858844962441068,0.5484519521235787,0.5597849763161217,0.6070545564107874,0.48101185727831297,0.49711112855601897,0.5268525595052669,0.4355637817959201,0.5177225819641423,0.45840408995642856,0.5499431220002776,0.5285492154764931,0.581618491712241,0.5220373630679148,0.5127878357116397,0.505338111295276,0.4852985720523002,0.5249143222347576,0.5709986535385871,0.5140486689966911,0.5513887129053032,0.7015783027673719,0.5052793648329273,0.48138481550172285,0.5264643832191944,0.4889876649027532,0.5477206838758136,0.5350792528026078,0.5515374776419655,0.5346238964037632,0.4659789756865795,0.5009755693777129,0.48169054777940906,0.47666091374333874,0.583038529908523,0.45605201167521425,0.6257970819728532,0.4627016762236503,0.5888093590499403,0.5851659975294523,0.45508674700500484,0.49581274704545375,0.47633781250433843,0.47556634971559425,0.5015307415765402,0.5239628165649286,0.42541642841973687,0.500972159308065,0.5506811591695133,0.5589808099157395,0.5753754909476562,0.4740436195162592,0.5219698012375019,0.5587783912227178,0.488116548419484,0.5415111270001881,0.5132239113461778,0.4961195283084595,0.4944069732381581,0.5469382469371394,0.46172789869414044,0.5980060522819985,0.5266008902689787,0.5729031168922332,0.4907215020085691,0.6227732690066116,0.514550598780579,0.4640904783452146,0.6018262048394136,0.5379493056184987,0.5211730127113137,0.4305051494867035,0.5216349770522172,0.4549974936620804,0.5563176875161808
