0,1,2,3,4,5,6,7,8,9,10,11,12,13,14,15,16,17,18,19,20,21,22,23,24,25,26,27,28,29,30,31,32,33,34,35,36,37,38,39,40,41,42,43,44,45,46,47,48,49,50,51,52,53,54,55,56,57,58,59,60,61,62,63,64,65,66,67,68,69,70,71,72,73,74,75,76,77,78,79,80,81,82,83,84,85,86,87,88,89,90,91,92,93,94,95,96,97,98,99,100,101,102,103,104,105,106,107,108,109,110,111,112,113,114,115,116,117,118,119,120,121,122,123,124,125,126,127,128,129,130,131,132,133,134,135,136,137,138,139,140,141,142,143,144,145,146,147,148,149,150,151,152,153,154,155,156,157,158,159,160,161,162,163
0.0,0.6123863244724722,0.5640609196201124,0.4826295483491425,0.5678171570816886,0.5722792407802543,0.5497587084550577,0.6124556503769442,0.6508442923171811,0.5437082855276315,0.5980499925589291,0.5185420643404369,0.6631945893033829,0.5766712995904698,0.5668065086659139,0.6060185223995939,0.6218230341852289,0.7011175935518223,0.569749951276059,0.6576654086415157,0.6049035791221008,0.6210006791918079,0.5997435201376462,0.5518467413673681,0.6269346565315772,0.5388966245484833,0.5249638081292405,0.619492982137541,0.5017545043250735,0.5469384395372399,0.5853291256270668,0.6276371057338986,0.4852402797124451,0.5442787157505473,0.6632210927771877,0.5350570144440912,0.6416006522390004,0.6173905031213859,0.5134189461972621,0.6050967473052488,0.5355549783644811,0.6121567912965973,0.5960263364135406,0.5331859227232698,0.5972800301972803,0.5741204758441194,0.5724249571976641,0.5543132347906793,0.6661544409196791,0.5916955646759958,0.6078423831078248,0.5890260677127002,0.5507516908103867,0.5274439071757354,0.5293071938668116,0.5833768266708281,0.6409194406585956,0.5809804509046406,0.5925788842773055,0.5721451382131304,0.5745785886936918,0.4936016333142419,0.6029375235379723,0.510208545285291,0.5544131402283289,0.5315086953657536,0.563884509836035,0.6215390946546937,0.55666295256284,0.6687264067227002,0.6659055815337073,0.5592956175843155,0.5881040389829362,0.6321614456255759,0.6054558358080258,0.5739364251021297,0.5460669219614835,0.5566810729545101,0.5631123601660369,0.5085179579117394,0.5743667494383822,0.639857812085089,0.6100013181590005,0.5911785373958639,0.5784852947134557,0.6891454842315827,0.6202741721628182,0.5976436293521414,0.6070624210461488,0.516209969370946,0.6217616885609958,0.5471813768684368,0.5951508857510139,0.5760827126457159,0.6152316197886799,0.5157042668939203,0.4917957013666912,0.5428496341138,0.5139996940315775,0.5831389434725873,0.5204607543087028,0.515961254417215,0.48531951403241747,0.45875263873647193,0.6140493309936353,0.5904483219869072,0.5135998189549917,0.6271165310714331,0.5696772567264755,0.5617256441477192,0.5360279425625978,0.5684550191311437,0.6167703026576646,0.5496071599184505,0.5884709328777068,0.6361255955430255,0.6331572486075986,0.5596134168261468,0.5034710215531341,0.552812517206706,0.5727850024156453,0.5348146524195857,0.6305998555522152,0.6177529978077783,0.6044761736364782,0.5220105856914651,0.5279304777393028,0.5149327133539396,0.5324412731091014,0.5677223822757999,0.5583731004437436,0.581447707873505,0.5473912227319627,0.6047505088342605,0.540781203204364,0.5307937008410103,0.5814553423172111,0.5840702723988058,0.5896902968903104,0.5841574969946236,0.48176920854500516,0.5583056881886285,0.6495583409114328,0.5600987266040519,0.5698140804845319,0.5848790842821183,0.6216690591099763,0.5332878877864348,0.6128515264580932,0.42694408064539163,0.6209417083366023,0.5741216251251596,0.546411655343489,0.5010206356326979,0.5495073162702986,0.6048846009892066,0.611222095104424,0.5628247725109594,0.5124195557723732,0.5816587465954141,0.5293191269965369,0.6512457805242493,0.5161199328973443,0.6885444041761725
0.6123863244724722,0.0,0.6244490971376031,0.5044286985594114,0.5205718071594619,0.6385715816514973,0.5757021091097188,0.6832844670864348,0.5617232758657531,0.6326521082084228,0.5660469238708511,0.6344377612439592,0.6235664850305134,0.526419590609176,0.5912352971196654,0.5832431873132802,0.5807901339102666,0.551277186062164,0.6023830520762056,0.5829401429264138,0.6082173976261193,0.6250588845265306,0.5941516977441148,0.6112402530393156,0.6505568395817282,0.5213963082173589,0.5117237910911453,0.5758646886840773,0.5719955006394936,0.5065980153987739,0.6225669509019802,0.6040339669987262,0.5383358702343627,0.599249460863875,0.5934809544679431,0.5649979016495199,0.6006851556222473,0.547692710187351,0.5574012445621648,0.6124039550266107,0.5864800331548992,0.5670401254668122,0.5324266255679957,0.5368504230342428,0.6654008642086708,0.5644445403420514,0.5710442881443741,0.5480159956784947,0.6106837184528302,0.5361549909405476,0.5708447038838359,0.5817308119600019,0.5132644560668594,0.5896879737575994,0.5600349240571744,0.6067855194320768,0.5622561652703884,0.586899810354404,0.5414613539040014,0.57102185013978,0.5988230093378951,0.4686477691898787,0.5364522073625586,0.485118728510795,0.4893823951786126,0.4889787197206995,0.552557719953203,0.5545892056142574,0.4790596961187935,0.5872262145912027,0.5794061999954082,0.5047607836320998,0.5027635679973367,0.6081438182030474,0.5688091878897361,0.5264702524166124,0.5295072969894926,0.5784653511048751,0.5435239441556144,0.47577269873326056,0.549538997132595,0.5849340715208667,0.6351398944274042,0.5622490415110488,0.5203958062850181,0.7102546585182051,0.557438136328939,0.5131553212922796,0.5971775617993006,0.5577858108034849,0.5367642060156035,0.5788154666369245,0.5745561470315897,0.5301593255762916,0.535576177416336,0.579721768624521,0.4937905275038433,0.6047986474175218,0.4720734888445049,0.6093175937261364,0.5100199206391605,0.5042069857491366,0.4675684918445573,0.5031252650110699,0.5415908215394191,0.5815298792646698,0.5174675038001252,0.6403066005604798,0.5870829672691977,0.6322856151972592,0.5646048401453342,0.5075285767163142,0.5601285874932767,0.501989221502062,0.547055953193785,0.6291709401158324,0.5993518145769321,0.5326481689937158,0.5233621509989546,0.516655086534972,0.5080717063452089,0.5131771828482687,0.5716046790220719,0.6250161780977428,0.508160079288597,0.6118176016001844,0.5022996433472103,0.5809467844704796,0.6138262170479111,0.5287383959007492,0.545845028009,0.539898591562498,0.49005695751733264,0.5611651156531291,0.5519623965661608,0.4765019085866837,0.5946888810954517,0.5741312865562644,0.6057864153313416,0.5637793713823389,0.4863461460556128,0.5305714135993418,0.6358708293478419,0.5302672170329419,0.5597754696760815,0.5472769263626106,0.6537068062536903,0.5567090529954465,0.6710742711708778,0.42998143577410936,0.5647480069100175,0.5514307104939394,0.5177379813691073,0.5567793419129814,0.6027435713440565,0.5764631223221194,0.5807534917346187,0.6210335204894949,0.5023830404314343,0.5112835048155451,0.520358492697477,0.5614605862418678,0.49023097667886467,0.5656368648190888
0.5640609196201124,0.6244490971376031,0.0,0.46632471720254315,0.5506631576251757,0.5712421818404291,0.5140927353909036,0.6141457825293379,0.5197472857380846,0.6370865297373757,0.6210138266464307,0.5529592981321091,0.6245309037544089,0.5027179529701318,0.514416946543676,0.6623398177412175,0.6428321528135893,0.5654885323078047,0.5567859946658222,0.5544888776195396,0.6138600756228757,0.7029842541572936,0.5646098103082055,0.545753810399944,0.5963434352209245,0.4948050428841043,0.5219606555243343,0.5934536121382014,0.5531584230042588,0.5267984344612108,0.5040445400187827,0.6059267699349788,0.46140459287489394,0.5042791211507159,0.5097071225099781,0.5138600965336576,0.5553045147751593,0.5410642247508337,0.5126025186443044,0.5765518478994593,0.5093725842981394,0.5939571523995919,0.5344626937902588,0.4804413544487772,0.5624767058555857,0.5206367964122085,0.5226773583285363,0.5336926842243913,0.583924807833194,0.5313680957982697,0.547755850929083,0.5225859898215761,0.48965596240298886,0.540264281825654,0.533755953226935,0.5158564980221735,0.548123425114002,0.6041969927116091,0.5465600582046153,0.525373394816274,0.5747472615639794,0.4456520307180415,0.5382214752037059,0.47881394012860723,0.47208182348454114,0.47438122116459197,0.5109673873419939,0.541435853743739,0.5406065216958045,0.6019234608284953,0.5384074315581664,0.46852311823612486,0.5042093093487373,0.6308522653391534,0.6034951183440121,0.4660683306263143,0.5630183672964315,0.5564463446679286,0.4884877831409491,0.4510739846799288,0.5276326108889318,0.5279837028208898,0.5758674000898854,0.5306786895704251,0.5053904960099017,0.5937466527645485,0.5331068582996185,0.4993886562846958,0.5282031923898136,0.47343140547659684,0.5453485861625789,0.4760754347998272,0.5681629366333946,0.4861856197741585,0.5249665002213711,0.49655021909403224,0.46448531315158587,0.5010332974687124,0.4370490991746964,0.5196218204771248,0.4560261008849732,0.5266212281641375,0.4354699604980494,0.45567051717185914,0.5085044757144008,0.5552038749248569,0.5209302435422158,0.6252555301765155,0.5343265784244475,0.5720699777278673,0.519530276397497,0.490639859128742,0.5229686698371295,0.5213033729285642,0.49071145104213876,0.5822278675323044,0.5282989064069783,0.5815070964664142,0.5206296336914454,0.47710567653825237,0.5010022079493084,0.4797160969011269,0.5164476016921588,0.5488784033903465,0.4650765223813593,0.5334682339038622,0.4879194996407065,0.5194555956150776,0.5522411355098306,0.5037743641022965,0.5293962763983229,0.6001360903587648,0.4728236663802464,0.4960471392235344,0.5265338339822894,0.4541746018441914,0.518186764288283,0.49873483822007325,0.5996170389334409,0.5311665873076402,0.43771596645248867,0.5288000217834576,0.561113974019921,0.5326224393213994,0.5256595154232102,0.49541870344318895,0.5665649502136917,0.5357417884981198,0.6389758522047408,0.4319972908837551,0.4973491749658337,0.5060712878109214,0.5615362820986897,0.5526011829161623,0.5403067169484908,0.5308599564692866,0.5753790169072519,0.5581922911581437,0.44195901447989977,0.5052501647078467,0.49861500150178695,0.49336952712661913,0.4737847907492641,0.5503510700253426
0.4826295483491425,0.5044286985594114,0.46632471720254315,0.0,0.4743744036338426,0.5275264649061364,0.5802221639671793,0.49542954343130396,0.424578433134714,0.4749268668740484,0.5119630891198863,0.5287789308758922,0.45774055466935926,0.44276345979387616,0.5121415641892602,0.4447657466228865,0.4783081693584196,0.4590626815102851,0.5598443643835351,0.4223166122138787,0.5231000286604226,0.4676210642358446,0.5202572320145227,0.4825468549928206,0.5250093876664592,0.5197060879689693,0.43154355344300244,0.5022597023858201,0.48674373113551095,0.3990903900944978,0.4881454388924201,0.46003149719382397,0.6723078283066756,0.5277020901625826,0.5203865972049153,0.5190264958473542,0.48023350046125113,0.46000602908772675,0.46478274119792334,0.5203109193407651,0.597424641227642,0.46080604715800294,0.4644316782434038,0.5783389643308935,0.4825559365054734,0.44610459397532937,0.4345265402959309,0.4922698772600947,0.5092007699477017,0.44568883110818924,0.5456907901739894,0.6064864809820376,0.439035811364305,0.6152245266884928,0.5372353608756077,0.44816477738835353,0.46563713706891385,0.5414112773605513,0.4657828870613845,0.4475359014885764,0.49553505246855367,0.4058858789267155,0.5294515871225892,0.40912669823018727,0.42902524479338366,0.4230060508583343,0.4690250262026773,0.44669833705107503,0.41953665811886476,0.5076763265925727,0.4713116798586501,0.43046025410039307,0.48471179991721364,0.5153368976776477,0.4615238660826417,0.4346431412210955,0.45790595695632813,0.49851620257570384,0.48281791416023384,0.42916515878264944,0.48525702696188444,0.5276034253162527,0.4490689596303758,0.4760135175013295,0.4930774267745469,0.4900915944964363,0.49088472636872005,0.45784074128278446,0.4659887521838829,0.4140580344629753,0.5399734719113111,0.547121520459878,0.49295514994676476,0.4437076436422298,0.5033993348795438,0.5165993120252488,0.4174172881836082,0.5634552727237692,0.43073211113616455,0.5199410764203168,0.43611931404494797,0.43744538450240755,0.5816060815530683,0.5443125032299766,0.4894127670085032,0.44151672111778334,0.4423907075861313,0.5021744901678533,0.4740999319356634,0.4599856358785724,0.6123524575660233,0.48181445535419365,0.5285190820841192,0.4370535799111972,0.5043716509022362,0.49114332516326664,0.5122687514726015,0.4199549190095787,0.6320165264034725,0.49322729787776826,0.42523503976168914,0.5551417742261842,0.48146392044742836,0.5183452069926837,0.4463282750341562,0.5277112904793189,0.448397964417631,0.4258900964163627,0.555995891468954,0.4360085163352098,0.4046605693432864,0.43807378859725005,0.41815234622170333,0.5279908039911182,0.4450560392063825,0.4006120982039691,0.40907920679695736,0.5140784905660194,0.47532994036818477,0.4639489713741396,0.5762299477974896,0.4252031030136705,0.5201668553740844,0.48699482828485513,0.47656635456514,0.5098060539198402,0.47382552680898576,0.445509315894346,0.47105439043805536,0.367199566645032,0.5372580008689032,0.5194678515413813,0.4319062502475531,0.40440601147076943,0.5899131655431796,0.4512512532908909,0.4378306309134911,0.5244145868278526,0.6181654530780392,0.4918372232287369,0.46841282482384167,0.5068606733555105,0.44106431754582714,0.5095586999338075
0.5678171570816886,0.5205718071594619,0.5506631576251757,0.4743744036338426,0.0,0.48671713516610926,0.558899903482242,0.5094439784791898,0.531041614158607,0.4965121432540201,0.5979410750163062,0.5247678201926054,0.5121365687208992,0.4917155292281502,0.5354508264470922,0.558303427720009,0.5555850927691708,0.5576471936528569,0.5186545495999975,0.5044327620611878,0.5639786723213288,0.5942872014792803,0.5960708465251593,0.5180135088309689,0.5421181136237458,0.5227488007929364,0.5102500727219914,0.5160455149174961,0.49808453582443046,0.5450087106451765,0.5110648526679733,0.5200295902263659,0.46662193246003203,0.4840711364982754,0.5544165481038252,0.5206696710612781,0.5370557465839699,0.5489993310559899,0.5101888069703261,0.5489968838379556,0.5199777743805606,0.5621257165763062,0.5469397868183737,0.5210694479293203,0.5026577826680451,0.47933873159083296,0.5210250500091793,0.5288588426637981,0.601802105483305,0.5331304982905313,0.554627619255617,0.5222344761642636,0.46139417049491915,0.5046818933988235,0.5223911707478778,0.48227115685692384,0.5307798790409203,0.6065034375537325,0.509157741000191,0.49473389024041414,0.46603784514529695,0.4386903715720325,0.5219544083016505,0.48482772690652093,0.4726196674899225,0.4356907582066063,0.47596963102847484,0.5254005497050177,0.5203944155581445,0.5585644759010715,0.5379532699490047,0.4847593762446415,0.49744828906036787,0.5505954263288769,0.50518922784661,0.4480672458179978,0.5129293044257071,0.5928492072725341,0.47836368176686955,0.4446233366375209,0.4777568751746382,0.5494658458056948,0.5419759586541631,0.47823107883185395,0.5125187105492337,0.5468464864031216,0.5039758962116395,0.5166938861906724,0.47781579716040856,0.4486124290516716,0.6649100009281489,0.4994318122194874,0.5864896684370055,0.45734874685507426,0.5386908694574862,0.4905995946118142,0.42112937779375414,0.4844085432021696,0.48025740822265117,0.47521278553848995,0.46088788216406884,0.47393997900587304,0.47375022452016946,0.45431628093403,0.5137183479974646,0.5043208150541796,0.45628495298373084,0.5448013208009952,0.504866125968866,0.4920136170487837,0.5219436546788704,0.5435646172245335,0.4858735218203638,0.5057140276389089,0.48866671600823275,0.5405019360903085,0.49158946748175436,0.5531164495675731,0.4854329098425809,0.49897996999278793,0.5627772227526432,0.4978616225586131,0.5006430401458246,0.5375019167534683,0.49711357538962947,0.4904417104023016,0.4703706289294983,0.4878741731169945,0.4935431821252136,0.5008721937536768,0.48049644086348603,0.5169806791502035,0.4546689793006727,0.5361236870842033,0.48162671526237577,0.46052632941510835,0.4879061801342732,0.5512589923696007,0.5448006983359558,0.5402448981577922,0.4363639379503695,0.505094014437152,0.5435645863695665,0.5357279736591708,0.5289867896331736,0.5417669338806202,0.5866269637624107,0.4713437926421675,0.5358257262076105,0.41187611925424295,0.5207342014169926,0.49832410072904415,0.5345077511052863,0.4855580489272783,0.5226916352809987,0.49651296155914865,0.49418176143593734,0.5156483361004034,0.4728208021643802,0.5123928843522875,0.4524161119295327,0.5154761069067298,0.4732535362682278,0.6287941139238642
0.5722792407802543,0.6385715816514973,0.5712421818404291,0.5275264649061364,0.48671713516610926,0.0,0.5337002305406615,0.6113817111215462,0.5042807926554337,0.5739543711220744,0.5482603999350016,0.608046125207093,0.5701851702564977,0.47881932814503353,0.5075169946479408,0.5477696885426587,0.5559677234617995,0.4977486881815205,0.6113954203519192,0.5052564382030158,0.5801228337019682,0.5327497028756537,0.5212140502547712,0.5169850999507757,0.627695552974053,0.505620692199548,0.4506842516697975,0.5590506698394847,0.5335843094245968,0.48045254997219283,0.5524834698069288,0.5822798930230902,0.5377601516388018,0.5760811664799715,0.5448307889018309,0.5223842574154745,0.5633352781915169,0.5044980443764496,0.49012773615040633,0.5224798741109226,0.544627841536269,0.5520565749601378,0.5010164145793128,0.5508406703584671,0.5532696743464713,0.501372739215913,0.5261557868162654,0.5414027044442291,0.537311871808015,0.48268932708013756,0.5521662089682501,0.632792530492329,0.4779361749775426,0.5745844902529174,0.533646577159831,0.5776999006951163,0.517144136202753,0.6181118060686736,0.4827891427575442,0.4973306911766036,0.5780437682472743,0.4544511473988162,0.5705213271197727,0.436949469674536,0.4529503216806226,0.46785487466204856,0.49778842330917866,0.5199002408873926,0.4498004134276692,0.5736171908595014,0.5329003790296305,0.4549103009872075,0.5073958936283545,0.5607561412824393,0.5545917673737477,0.5035592825744385,0.4935529383500868,0.5371788026598576,0.5123381074102066,0.4959315308013264,0.5784945100132606,0.5430529652411116,0.5609119619700556,0.5561203950509661,0.5122129319875594,0.5905604236451287,0.5741650000383608,0.4780556280365808,0.5577660601168111,0.4878679801865829,0.5306227987306569,0.5591790778206592,0.5241441206244647,0.5006817214870639,0.5048871677587385,0.5747453158149683,0.4654576195702467,0.6303281809325264,0.4501299494923395,0.5685773378251223,0.46407394996731055,0.47770426947000527,0.4819935191024968,0.5143692603867944,0.5228250473666056,0.52554911319115,0.4912475119049681,0.607916233508443,0.5094225451818856,0.5664251453517787,0.5798606276051259,0.47894796660515493,0.5980086056111442,0.4761773098250806,0.5282213584143363,0.5822696660840515,0.6132286728017118,0.47129623814695487,0.5917677416673017,0.5191605075154334,0.453592551570998,0.5271914024073102,0.5669891388587939,0.5872440510373983,0.4828840203686051,0.5858636277609112,0.4859440656866995,0.49897348412590387,0.6094970579460305,0.46077974222806584,0.5123274965261148,0.5275833636198282,0.46485185915755667,0.5429161728836885,0.48916639176545346,0.43654608614016893,0.5176188154871058,0.4963803009980591,0.4933389864751962,0.5019180201870047,0.5042971392673281,0.5016897413003013,0.5619467509332713,0.499345445102604,0.5174296124671087,0.5281953614682507,0.5607828946558745,0.5127833988146205,0.5897514780416621,0.4181520024342396,0.5442612465401521,0.5490202985814185,0.4606680417673106,0.4614095362559881,0.6112792186479007,0.5113767140047298,0.5095500370315335,0.6281230381243049,0.49469774091380586,0.520214578364983,0.5001151751835243,0.5636267692117738,0.4627489868581488,0.5344960939488066
0.5497587084550577,0.5757021091097188,0.5140927353909036,0.5802221639671793,0.558899903482242,0.5337002305406615,0.0,0.5501689464993823,0.48775475469405477,0.5555455943169532,0.5219787088109233,0.6067457696666727,0.5160985809199253,0.4700990442510057,0.6471050925037231,0.49287483611018296,0.4952210407502053,0.5115039600587296,0.5473264312813007,0.47347991086452224,0.5687108181043584,0.524138734219453,0.6498547433269339,0.5924417361594756,0.6320025421633831,0.5966856023123628,0.47337097983153,0.49158260962713846,0.509960957723568,0.457212117462794,0.6025687286353022,0.5170434462818572,0.5975827834463238,0.6021723815873179,0.5645041675940148,0.5375648231012912,0.5959762522335382,0.4911920311837433,0.5228785103083048,0.6032113668274955,0.5928168903093838,0.5175393942720108,0.544008950203792,0.615678260910431,0.5793265789301719,0.5196364631068437,0.5530115705346799,0.5535571396147552,0.6370518090303364,0.48487550283891967,0.5921406334558768,0.5834597261619624,0.44710238044200323,0.5777710456686219,0.5577266401229618,0.5442745266790893,0.5020000651589356,0.5535531294317749,0.5213281107345377,0.4885316661332109,0.4989804851477869,0.4334753930583776,0.510227371153037,0.4430396394362254,0.4692131400210331,0.453385369215755,0.5389994570117631,0.5693251391043449,0.4479766792664678,0.5484032472450646,0.5574858000680953,0.4779294813709577,0.47970526425100035,0.5647811057926649,0.459426926324217,0.4970765844069454,0.5111448824926099,0.629393127754524,0.5277647406292387,0.4628886241674149,0.5107315563835625,0.5900329094986717,0.5661010445637067,0.4825056956102512,0.5102184827395878,0.5618669578996524,0.5325082465442503,0.5204675845273637,0.5282182797748908,0.5022828477053288,0.5694732364612739,0.641292125235694,0.533861182487,0.4696737985111939,0.5251944145728715,0.6248231254673889,0.4289255024161451,0.627653883582123,0.4590969193368487,0.5736759922437474,0.4837705661291043,0.4876102212821012,0.5842425315819334,0.57436454204232,0.501318067688752,0.5198292639096174,0.4687964248299067,0.5597129065171284,0.5642189658852544,0.5590796550347299,0.6381786991980876,0.5192227658718228,0.5398176533466971,0.45972188555736304,0.5163564047928331,0.5302436854756208,0.5407406916696954,0.4977868356625996,0.5407853974105153,0.498166037098286,0.48071842192282904,0.5525678456265627,0.5174322885496089,0.6327858502329977,0.4812797095544618,0.5940785647717575,0.46577102130951337,0.516310223958312,0.5525963464118112,0.5084491979248105,0.45255090088866395,0.46301423538651765,0.44455040815499836,0.5242133913334823,0.4933180901936089,0.44813592670275415,0.504776450335642,0.6217676843819443,0.5541858711927986,0.5467467664170675,0.5304974962461012,0.4640407526250336,0.5837201915837036,0.5008008545493294,0.5538391943279323,0.6683715129439307,0.5795854378276596,0.5104819516441149,0.5589149715317652,0.3708022523999723,0.5807799440415664,0.5273876632879799,0.44867038734217013,0.5128160903681643,0.666594483538828,0.5443897816829509,0.4914940585357842,0.6360570655795041,0.567964918830673,0.514863847318234,0.5126825859347667,0.5415361629400192,0.49499195772747995,0.5539923945381647
0.6124556503769442,0.6832844670864348,0.6141457825293379,0.49542954343130396,0.5094439784791898,0.6113817111215462,0.5501689464993823,0.0,0.5941983146867517,0.6278767704030441,0.5530601391952361,0.6014037506531712,0.6484599656131117,0.5226150435565887,0.5629288994595001,0.6144819105062181,0.5905011399517532,0.5733517136253021,0.5854272791477635,0.5839053246565208,0.6118612654098258,0.5920683552840645,0.6143635993457154,0.5604437065015547,0.661301647124437,0.5397372035535116,0.5404349350674217,0.5895820100414072,0.5174571420342634,0.5360335870558417,0.6191095355146824,0.6334511493220556,0.5060347882928224,0.604900819141654,0.5546185120800476,0.550573932709653,0.6235232350382925,0.5740953086808146,0.5492831852723438,0.5965144286324846,0.5509904845850113,0.5850925985411839,0.5632061079488512,0.5070000542775283,0.6923525086153717,0.6007274967721048,0.5690404657853447,0.524665337005312,0.613575144973125,0.5433634365729836,0.5838140387651021,0.5621812586715038,0.5075257275868321,0.5496247727001963,0.5440964140173692,0.6223739898146481,0.5799429072285757,0.6142958910421864,0.5447647813086118,0.5799273103364843,0.6234831566033735,0.49055193377271966,0.550178121036816,0.4843256716573866,0.49581380608042114,0.5118191062725024,0.5768328772984892,0.5810852096783288,0.5034565549695107,0.670386354436488,0.6013529225448563,0.5087844772728651,0.5165930815984866,0.638427161376453,0.5931598660794781,0.5377604742284937,0.5708130620439028,0.5800442127041421,0.5814932652907753,0.48391266754925427,0.5600497719421309,0.6055545904821001,0.6460119918959978,0.5844783091986094,0.5511402321826182,0.7412640396657894,0.6238628284348352,0.5463245976820937,0.6616744107698556,0.5766413239598401,0.5529615863284902,0.5694918907277462,0.561783308918484,0.529509483468211,0.5523629912693648,0.5527332057764628,0.5052242011692563,0.5955103214781206,0.4745315829743854,0.6244099351623758,0.5053358095061654,0.5693877943876766,0.4835906899146518,0.4910938367210723,0.5635001262057915,0.6330140430537198,0.5503831787048554,0.6630141416133544,0.5889407410846049,0.5889501660635568,0.5441298443814876,0.5294149816240561,0.5715932480195003,0.5544664451975242,0.5523355637725168,0.6296971573115971,0.6041791463492824,0.5401806466422006,0.49951203305771374,0.5351209674074809,0.5081893328146503,0.5708737353310591,0.5601442557600521,0.6289194407117447,0.501068050973263,0.5787432773193304,0.5262073859101757,0.5983966711009363,0.576797999250968,0.540390043551844,0.5782220939390678,0.5802055559856092,0.5252600574461951,0.5536870877033268,0.5387689402353556,0.46645525393120185,0.582683177306231,0.5470485868872346,0.6071477163792851,0.6127580829497311,0.471925159854475,0.5382387280604765,0.6462637645822522,0.5481677832157974,0.5671614353652517,0.5625679130798261,0.6416479172611682,0.589480657957505,0.6675752546151306,0.4336662294745359,0.5795402605380169,0.5449034570755421,0.5189910035406158,0.5628399098110328,0.6142510037478954,0.6180553890477283,0.5747033131567919,0.638371594378061,0.4739075724597765,0.5376125824614151,0.531682952033681,0.5591785702387894,0.5359326275385362,0.562630846363283
0.6508442923171811,0.5617232758657531,0.5197472857380846,0.424578433134714,0.531041614158607,0.5042807926554337,0.48775475469405477,0.5941983146867517,0.0,0.50797832898862,0.5216476450558425,0.5040798896150619,0.563573202472291,0.5105838716898811,0.4988953012213372,0.5558349050573181,0.5432095610550433,0.5883607460872465,0.5036013584437701,0.5966762521816203,0.5178844926060632,0.5756466214745436,0.5728745636942878,0.4937449566583507,0.559947159119384,0.46460351943195316,0.5504393228215515,0.5520277133409812,0.44726832815512124,0.63867890380259,0.5455857927607424,0.5429934193808226,0.4262127609748871,0.4948225875815653,0.5550429602170691,0.47698243578335503,0.5519827379766483,0.5554610359470494,0.47452988648153427,0.5127146516008253,0.46145909647904704,0.6405194428725323,0.5036662732001543,0.4487896267810167,0.5428807940658921,0.5069345273969227,0.5295449527528062,0.4629693703018194,0.5618435691631366,0.5179107287642718,0.49812513577905687,0.4841754041844913,0.47344590193502445,0.4501330240724684,0.45508009996824755,0.5886054497625808,0.5408743051465887,0.5512510300266781,0.49654338874785575,0.5179132229843421,0.48806563268243763,0.44965926295414615,0.48359492599213594,0.4803580419800987,0.4742867376507101,0.45336638971314375,0.49737099993072453,0.533576378873944,0.5140097199213252,0.6042298049997323,0.5474739423249659,0.49056844575862696,0.503935876359171,0.5282389161447006,0.5484564087421242,0.4866585747670291,0.4851531244156392,0.5059935172534434,0.4858180084390053,0.43839698078500067,0.4733092020527367,0.5613578281995538,0.5989557273603294,0.5016022839189952,0.501973300377003,0.64073971225133,0.5458686149299018,0.5144509555398161,0.5440783389665084,0.5413468246204883,0.5480872407348537,0.5040942460115675,0.5084038649764052,0.48071088243255167,0.518569778329041,0.4772233222947728,0.4419855169859646,0.49882132563895165,0.47811830680037315,0.5018522809621403,0.46207328408364634,0.47062354496086956,0.42830342896282,0.42525192522299715,0.5215891825342868,0.5371413347214629,0.4550482798124818,0.602552467661323,0.49140778444188576,0.5075378179742904,0.4625569904876039,0.5066526504337336,0.4975906714169007,0.5424925033686137,0.48283212152534377,0.598967838321973,0.5227547013915195,0.5197812208339879,0.42613061710873085,0.5224764321021961,0.51869869580019,0.4800239040966082,0.5287071782539555,0.5207228058862684,0.5186526258191679,0.45754256894292145,0.48190029926370354,0.5082296004729115,0.46278532276605716,0.4928514876913456,0.659361161546101,0.528651101676364,0.4981859436656925,0.5442477668922725,0.4822741724208021,0.4519437089997611,0.5592376328583455,0.49908795267968337,0.5353610846148812,0.5425404810839083,0.40976320729825405,0.5145545499473367,0.5721300838943262,0.5069269479589881,0.5001483017407831,0.5345290701979671,0.6243039353902327,0.47605911070644535,0.5676298364227549,0.4261612747417315,0.5243210049438685,0.48138803666223834,0.5303171429595552,0.5045134437519303,0.49464009806523207,0.5459146455428066,0.5428537091558592,0.511979625947818,0.4331191248787315,0.4857689413106165,0.4463821521769102,0.5396169682373266,0.4844232650622817,0.590761039530745
0.5437082855276315,0.6326521082084228,0.6370865297373757,0.4749268668740484,0.4965121432540201,0.5739543711220744,0.5555455943169532,0.6278767704030441,0.50797832898862,0.0,0.541788924059121,0.5755220474919547,0.5932061468439197,0.4918439383855965,0.5296724626038075,0.5789720564805054,0.5452913039940419,0.536837103141365,0.5338292594900478,0.5118843146238311,0.5501999601123453,0.5642286475557229,0.601764700453989,0.5215586688796382,0.6961322650290884,0.5019052102818609,0.5176429928019297,0.5411983383226174,0.5903837801655036,0.5063884052557127,0.5533466881126048,0.5937259984441847,0.4868674027791837,0.5376977520149909,0.5151088734201974,0.5096003704228903,0.5920001929175355,0.5202695633876953,0.49410870187388733,0.5550125266460786,0.5129696859256402,0.5485852224722982,0.5321967127369679,0.49711846325469256,0.5853893479024291,0.5233088066390422,0.5496329069391992,0.529770843162104,0.602062774152143,0.48307474555405033,0.5249068189932171,0.5048122237653585,0.45816510154344403,0.5151709662085645,0.5394598236774801,0.5653497409494551,0.5001245509698976,0.5673221121706977,0.53269508722211,0.497297397560163,0.5406193557214043,0.44209758673472305,0.4991263569593457,0.46242479670446635,0.4494227818991714,0.4592738949184879,0.5160595299090588,0.5648164446195473,0.5061967415997348,0.608026558990483,0.5219095416930052,0.4759297620785211,0.4733016542979285,0.5670022054574346,0.5281735639866751,0.5078369074893458,0.5174839165034175,0.5815147076212925,0.5067372957234355,0.46273591447455936,0.5406885343820403,0.5077931487411969,0.6051017048664954,0.5368358609937391,0.4905320784292651,0.5869138793770718,0.5497102492981838,0.5094773443689913,0.5798675065592733,0.4957627212047498,0.5149366312063574,0.5210673553848365,0.5383242347079894,0.46587644645658394,0.4994014201054102,0.5849826151381452,0.4386381569154647,0.5659085726975235,0.4380710841310873,0.5426353090342177,0.4759512387973882,0.5156494512668375,0.46903871064832225,0.5337856849048804,0.4946702632179572,0.5446031862318459,0.49346734014350624,0.6583700867450991,0.5485332227364351,0.5709052665296447,0.5175832586613398,0.4768863466278503,0.5247915271488479,0.5093121938860917,0.4934038537010476,0.5387561349346647,0.5623820886783499,0.5649990147555464,0.5141367609497735,0.49485055174278975,0.46070983782376246,0.5122807117561796,0.5052537940794034,0.5703221594872513,0.46412710957623554,0.6062014922464601,0.46272710659136684,0.5216306967839172,0.5765370335635062,0.511548259395907,0.537915337302171,0.5125005361120067,0.4694078453432222,0.4750895346881631,0.4948971893820415,0.4433844034105214,0.5511718162484864,0.5147961346219442,0.5935859921835944,0.544162711074915,0.4838073753420785,0.5093571630759054,0.5430609983954637,0.5010815834219798,0.5418257490796,0.537587177604352,0.5386048582826255,0.5705929530584349,0.7364093233716501,0.411013533248055,0.5036012759267856,0.5421964584006761,0.4656083076459046,0.5595578311089696,0.6002737373953602,0.5461129809059765,0.5242505083551945,0.6074578249607845,0.4684140280745033,0.5012970224359744,0.5512269552664196,0.5210765535567334,0.4993901042979179,0.5035942692787337
0.5980499925589291,0.5660469238708511,0.6210138266464307,0.5119630891198863,0.5979410750163062,0.5482603999350016,0.5219787088109233,0.5530601391952361,0.5216476450558425,0.541788924059121,0.0,0.5269367766969463,0.585043111192519,0.5477159500073655,0.5059821393860502,0.6270230315066123,0.640881079467377,0.5770637307797708,0.5620167319905529,0.5499661781089888,0.5973957292280991,0.6594156981547279,0.5704189584156029,0.5187529831600518,0.5873195062581551,0.5261650423081159,0.5336377431994344,0.6379721777674002,0.5778405400842183,0.501585722042911,0.5038591430612712,0.5674085041954353,0.47943735173628693,0.5048001645929207,0.5958791488952223,0.5470173804486097,0.5701556554081953,0.5999102380501847,0.5190397141056308,0.5730356527196143,0.5273326190171372,0.5787484045292631,0.5320980091532506,0.5335401429300196,0.528438797982583,0.47687198184474994,0.467513635346709,0.592506545066097,0.612566546296684,0.5369091472042882,0.5601820197214228,0.540616259577254,0.4813847236592573,0.5582691498960993,0.5810338774238238,0.4839069184747826,0.5570320173060399,0.6367228848763559,0.5444054900542239,0.5094090241524578,0.5649669458213709,0.4428511254575976,0.5663369219609595,0.5109742492992385,0.4719972130845615,0.4596187732812379,0.5170976258633854,0.5131136605365569,0.5638986224794686,0.6356464957145964,0.5368999556190277,0.5001665053010013,0.583050126518526,0.604350564744494,0.600700636546507,0.4608685625495817,0.5512362877491555,0.5579938694037522,0.4883149342716865,0.4703874765820682,0.5181172388189326,0.5414439660499978,0.5176188080125397,0.5621202397830023,0.5426016357898984,0.5742408442496875,0.5812006350069973,0.5153374354869749,0.49741607050815423,0.4476985389835155,0.6261979963745574,0.48411325460437743,0.6010982689942139,0.488856876493759,0.580626046258798,0.4985113487328993,0.45267507806489105,0.498715662028427,0.48344220273219324,0.5012803630499231,0.49281000705250444,0.5006336015225391,0.46920845014710405,0.45588782266697525,0.5473612472259216,0.5006423211379846,0.48361086020909155,0.6095786351238923,0.4960256846196688,0.5248276715812241,0.5504045457684755,0.5456763854369819,0.5654803338554297,0.5606421657868127,0.5138939391126458,0.5647013965102037,0.5262232768214878,0.5655776828358374,0.5670617388146425,0.5348797375693147,0.5404555072426045,0.5134852784937928,0.5635799971424337,0.5343041847365045,0.5379378472957033,0.5224639413238853,0.488147699527152,0.47845010019773326,0.5645902420392859,0.5040579275383179,0.4930694939279245,0.5701456528671874,0.5172220081212898,0.5857199488316465,0.5355440435637764,0.4651467881911494,0.4790174531525216,0.533874290363897,0.598035182290683,0.5241068103161061,0.46985392540347815,0.552937317831613,0.5545251747649043,0.5812397237287654,0.5617865028611738,0.5083905445156025,0.5409433813622423,0.47895854793828607,0.5797429097231237,0.4493847756985167,0.5536006814686966,0.5310983617938694,0.5787871758142326,0.45894489599835364,0.5366590440820265,0.5198046720261283,0.5698576133818363,0.5210541716757463,0.5142668408460453,0.5520463211635767,0.476220626795628,0.5554439804083553,0.47637131170977365,0.667907624448388
0.5185420643404369,0.6344377612439592,0.5529592981321091,0.5287789308758922,0.5247678201926054,0.608046125207093,0.6067457696666727,0.6014037506531712,0.5040798896150619,0.5755220474919547,0.5269367766969463,0.0,0.5008025358911072,0.44024465610115476,0.5653499714582179,0.5073407266850071,0.49606166778221134,0.4671848127814005,0.6082732783746287,0.4780538282872555,0.5734343651728621,0.5420528464843833,0.5662370202427284,0.5659525723473495,0.6368512726947146,0.505064616362603,0.4554622750433546,0.4917320963649411,0.5224634099410822,0.48167018505361586,0.6136481068754435,0.5212936209935931,0.5481597696002426,0.5953834181088127,0.5273568136811055,0.5313558656866929,0.5502359523800114,0.47905200549472565,0.5513311374077019,0.5180704265368479,0.5580640122403911,0.5390843640745703,0.4990187321935914,0.5609617239186292,0.565471269986278,0.48408518540656054,0.5170410593488258,0.5340089021545172,0.5519516598634543,0.46719789418116464,0.5342769093217412,0.5513814299413834,0.43267445051552594,0.5809197957480233,0.5423729376906086,0.5567726836247403,0.4860780410884681,0.6150707140971459,0.466794661021756,0.4763733505616485,0.510414245553,0.4193552066863875,0.490717936537001,0.4312958202853296,0.4373047063686461,0.42940172212613154,0.4897447882610432,0.5037168343447023,0.4237482558341772,0.5424409394217782,0.5121124119699891,0.4383557472315696,0.45486975098216426,0.5300310169715926,0.4797495024412383,0.45743408448252687,0.4863495549521826,0.5699493845514243,0.4916488167775458,0.44066120163156475,0.493846657605959,0.5575706879566701,0.5744794825623366,0.4747351447848721,0.48267985779952965,0.5724531878576156,0.5321047950191176,0.46293248214637817,0.5069533753329523,0.5178936031309825,0.5187653520770248,0.6049836557024014,0.5142219552009614,0.4521180929409777,0.47905559054013513,0.6384738237110672,0.4403613774481554,0.6424648424785588,0.4374369430356695,0.5230113681768911,0.4564284667479541,0.4817400327981917,0.4960336868865326,0.5722724616935625,0.47969262703104426,0.5004308190963392,0.4639518829946953,0.5762810546563077,0.5019721356124422,0.579384105233062,0.6147788055430567,0.47977318704220934,0.5038687265784816,0.45799679798602966,0.4727794008409468,0.5277043329680186,0.5224895721650343,0.49250375922683814,0.5271542669692668,0.47871623939811975,0.4532863886058371,0.5135433585479732,0.504195082604047,0.578041631449535,0.4556758469367611,0.60189600403169,0.45018229440351093,0.5369315898256121,0.5714664097621901,0.45479616095367104,0.4838389759487598,0.4794689950398487,0.4295107077851963,0.5263805104744409,0.50485416660572,0.4189047808101486,0.5135916601288687,0.516982135354045,0.5154730608955733,0.5317545869719101,0.47603140184671877,0.4684757437167629,0.5549668676631594,0.49600678859900527,0.5255075239943565,0.5556324368243516,0.6323504037449765,0.4901015995722759,0.593729817533871,0.3926958387070821,0.5453433469570895,0.5015281533610145,0.46162306201221254,0.49891548383924467,0.6731766500934786,0.5185312594639545,0.4812121279126331,0.6284991873183181,0.48096963894386946,0.4681836014889805,0.45728846753525454,0.5091323673940291,0.46742863625276243,0.5251901235050672
