0,1,2,3,4,5,6,7,8,9,10,11,12,13,14,15,16,17,18,19,20,21,22,23,24,25,26,27,28,29,30,31,32,33,34,35,36,37,38,39,40,41,42,43,44,45,46,47,48,49,50,51,52,53,54,55,56,57,58,59,60,61,62,63,64,65,66,67,68,69,70,71,72,73,74,75,76,77,78,79,80,81,82,83,84,85,86,87,88,89,90,91,92,93,94,95,96,97,98,99,100,101,102,103,104,105,106,107,108,109,110,111,112,113,114,115,116,117,118,119,120,121,122,123,124,125,126,127,128,129,130,131,132,133,134,135,136,137,138,139,140,141,142,143,144,145,146,147,148,149,150,151,152,153,154,155,156,157,158,159,160,161,162,163
0.0,0.627041087709277,0.6442974976916194,0.4934389269477821,0.5980385462373023,0.579679038377724,0.5550644842129291,0.6905472947131748,0.5771372204011309,0.6109115981776541,0.6462660919706855,0.5770203742129122,0.7295327891660988,0.5657257689823533,0.5898723252834677,0.6496454222098894,0.6457032551235519,0.7615132537179637,0.6228999525659256,0.614960428349704,0.6529478943396629,0.6019117315398341,0.6279361893923463,0.6104633672847835,0.6825172630777923,0.5710119005448292,0.6257561942240945,0.6051896111445672,0.5572910939889535,0.5880231423324264,0.6159923893220127,0.6820378082137891,0.49333212918455654,0.5060757764851949,0.692843754718947,0.5907399014611167,0.6842489178256275,0.649299770698509,0.5405104843188507,0.7252604439465702,0.594091207000101,0.626462629620815,0.6222089989724576,0.5473594417347308,0.6435002625063233,0.625847857354453,0.6297282437912116,0.5975980237062182,0.7324393167881476,0.6266546396151544,0.6198316107598411,0.5981557812204242,0.5279640617121127,0.5389358799959918,0.5566576102963228,0.5667395526467928,0.6588150497191018,0.6534487819936562,0.6147149240722504,0.6329310159961694,0.5792757201339113,0.502155910566939,0.6134738170536841,0.5401292408803197,0.5540274665793543,0.5508597469833798,0.5704072718075117,0.5777355431520887,0.6021963258260246,0.7177639662432129,0.6323532999644647,0.5754408479461646,0.6006717325112904,0.6788411630417168,0.6555444909956434,0.6072462121277502,0.5554402288531739,0.5862068839813235,0.548870771019909,0.5206996084727714,0.5862871326286447,0.6033906311331324,0.5582294066506112,0.6264358090747003,0.6034699423584048,0.7542318611647146,0.6609480874805376,0.608046676259061,0.6746189578436727,0.5062143495196206,0.6690826883414271,0.548044436685517,0.6210129870113474,0.5918210727576798,0.5628366329530868,0.5168067238129808,0.4832660244129959,0.5651758829668958,0.532290087191428,0.6515176816014409,0.5179088461524461,0.5604239211055562,0.5183505216194263,0.4933090158156342,0.6343424434889159,0.599935958697918,0.5529665517901103,0.6006898624871447,0.6551340751510378,0.6194881323492399,0.5713142737955642,0.5997369319317012,0.6092348317976164,0.5680300216323099,0.6076827836673654,0.7005405151292872,0.6647612222050866,0.6298907993966998,0.5196430213180266,0.5725192823678099,0.589113112074409,0.5534596004965682,0.5974458616182944,0.621868125550851,0.5622355265978175,0.5774720087226333,0.5501105328371141,0.5644988709286268,0.5630092485353523,0.6011669570018219,0.5792870693198632,0.5940319914844742,0.5503081737541891,0.5714995965248252,0.5858738942943502,0.5145275975127017,0.5639809445230827,0.6678226490042166,0.5932294880546705,0.6446236122578126,0.4730220300378259,0.5673073872923518,0.6139031552519321,0.5351629373461578,0.6029755860938084,0.6021083016414805,0.5988307624899007,0.5433787877892636,0.660005204278264,0.47634614716067863,0.6523204841661737,0.5533354374443017,0.5967058333417666,0.5531048888948609,0.6017713721819491,0.6133505042835259,0.6756740498096133,0.5985617222143278,0.5031992006378974,0.5734977369720267,0.5689410797156321,0.6608229405182645,0.5291086393798216,0.7124561787867406
0.627041087709277,0.0,0.6460294316761407,0.5165183858082666,0.5646698242834269,0.707652589615931,0.6306096079921629,0.7009442951561828,0.6251958800592399,0.6879915134743135,0.5724898974833569,0.6189045051180163,0.6255775640019737,0.5449323066047146,0.6595027148857875,0.5404024018207606,0.5203315815025527,0.5595287250846941,0.5714981630014262,0.4955790158512575,0.5841511892624253,0.6633914524977778,0.5120693181576338,0.5735530021603753,0.6133136889148947,0.4911652160744087,0.5563665302673102,0.48743262433567147,0.592969418699436,0.5545964362331856,0.6886498850713085,0.6271093222616498,0.5521051767577225,0.44923737925924745,0.5803633411776942,0.5646134036323969,0.6376016140113683,0.5366108892117498,0.5884586535334686,0.6132082185297328,0.573335346954389,0.6469076065914973,0.5026838122259967,0.5402485984060065,0.5689648330801599,0.5398126660064316,0.5769216984689757,0.5463009793546216,0.585215932377385,0.5333358389393051,0.5970571483292356,0.5305490326877043,0.530695394063184,0.5900975411972722,0.555952936436043,0.6741407476863426,0.5419716177010868,0.6127579322346324,0.5526129441954157,0.5742341143864081,0.6191294177085093,0.5027999863370279,0.5233063855296356,0.46601047186107925,0.5211581105072612,0.48997066803988754,0.5954312539488857,0.6072388423318097,0.4787443619611357,0.6336378666466778,0.6275691968897502,0.5031971657305777,0.5237900218403734,0.6200009975242248,0.5787999819234331,0.5612980254456128,0.5520849463438157,0.6111993835863746,0.45930260196534245,0.5107239025222667,0.577939506681685,0.6636948700254872,0.6549917481187921,0.5257721979422437,0.513682858425264,0.6271003793833347,0.6210240230362841,0.5514052307510448,0.6021340258373716,0.5930765165526664,0.5748771284542262,0.6486055671368769,0.5797789600652006,0.5344326422622828,0.5509240918364132,0.6062558651118398,0.506604295480683,0.534233357925868,0.5089825373919676,0.6271658933221262,0.5205959319988991,0.5348053901934994,0.4804463447066195,0.48702971657194843,0.5492283180002684,0.5060193181385897,0.5043256003025208,0.5021579228916004,0.5932742349898524,0.6282171913592455,0.5706437532999736,0.5080658022197911,0.6115402841832591,0.5332612544956821,0.5046008528068843,0.6018219005723723,0.5537563504161617,0.5380393364235155,0.4827596130611703,0.5659149416530983,0.5164483271448695,0.5572014375738801,0.48841300827692846,0.6681778540805932,0.54114804445281,0.6244454632603044,0.549749032231018,0.6180475504920994,0.5088147482390514,0.5411438820977047,0.5898453893713659,0.5628584171590127,0.5131122810656147,0.6024702770373702,0.5548733711197811,0.4914996578069185,0.4918351370367149,0.5736171822099394,0.4793072728760932,0.6067651845299237,0.4921222004194439,0.550336916468162,0.6960707667473172,0.5443811999733164,0.5644489541307699,0.5104748930943306,0.7253038664449117,0.5885701457646475,0.5574264488622982,0.4314236354797226,0.5740824605050072,0.5630729559017298,0.5241341175248139,0.5864767001026142,0.5775444505257283,0.6249528292783901,0.6278271639872731,0.6478218092107063,0.5157906183024105,0.5333738795628523,0.5436809231488919,0.5944042923134315,0.5308141544387253,0.6074537165867074
0.6442974976916194,0.6460294316761407,0.0,0.47924392891907797,0.6177349927600787,0.6138565605987268,0.5442996705331739,0.6604225926104106,0.553792045814123,0.6526848269985173,0.6589085316279486,0.5809065335688262,0.6941101333558243,0.5317197964739353,0.5606412421488784,0.6600858145189145,0.6209201202688743,0.6185107720787096,0.5817554896412145,0.5398354364145888,0.6519849307298952,0.6837914774466215,0.5459437768615568,0.589346575520079,0.6157574246066111,0.5206828075809131,0.5845385133440538,0.5450968140760772,0.5775426483357234,0.5921624302448139,0.557021807402819,0.6695870230079123,0.4771154462620847,0.45847864088719614,0.5552291212943814,0.5499416278872225,0.6271842653589408,0.5767768678263001,0.5517219557024219,0.6519788799622555,0.5479340315431973,0.6672285958542163,0.5514408801756686,0.5137564697610819,0.570446677758999,0.559998469729208,0.5819111322694199,0.5785990038386813,0.6206548919825479,0.5733241535068045,0.5941580400642723,0.5438975479075243,0.5130091135843378,0.5496460026378664,0.5467744507578787,0.5598922379170846,0.5901296042126019,0.6624209096163441,0.5732498883687724,0.5808685324837615,0.5968550595812484,0.48698665319128986,0.5660107106712803,0.4953981175252921,0.5181892018646329,0.511757775617808,0.5556327887085427,0.5794816460667538,0.5533430693135282,0.6565295530183034,0.5997733569510083,0.5044028046984077,0.5509312403213965,0.6820254211521256,0.6484793932832893,0.526390075139066,0.5892146179724147,0.604439159440817,0.4785129449759011,0.5110649880592917,0.5779849792975732,0.5766528074816043,0.5824488057695513,0.5552202754770917,0.5437299099204738,0.63413957360642,0.6082683585247208,0.5443241449885041,0.5808925932057403,0.5049993959687402,0.6113258291410094,0.5138850383515414,0.5989358192041465,0.5377992368138057,0.5428481207661845,0.510914558579845,0.4830151044834843,0.5085759825759464,0.4871227524545466,0.5784010185910132,0.48567539169739193,0.5673504426874079,0.4662482552998701,0.4617612794150097,0.5521631673561148,0.5533164776557042,0.5444025466636487,0.5487480820872325,0.5957053588421654,0.6345761909456246,0.5563248683176291,0.5325570328437839,0.5788835274214305,0.5574048333343605,0.5161791220382077,0.6415610015918214,0.5586517129262905,0.6132008438210231,0.5080176546323856,0.5267898632467659,0.5538107968974811,0.5183439099614482,0.5204340754837492,0.606110337118783,0.51032472300968,0.5689406180347105,0.5417019015024841,0.5761759629156946,0.5272432631304997,0.5463352416893614,0.5724674008350851,0.6488499118605273,0.5171896896512186,0.5401817057834469,0.5702466506983712,0.48753141739532363,0.5094188219010771,0.5556612061546573,0.5286923851749181,0.5969667010588434,0.44526639794210315,0.5664842756477291,0.598394411964819,0.5355155356764487,0.5709153694671703,0.5130505708047195,0.6127910026768709,0.5624327409208099,0.6011780537640258,0.4664187144968757,0.5508734287068555,0.5221306087729363,0.5988334070282205,0.5876041534301659,0.564893294895156,0.5858015632957194,0.6801468573476998,0.607582192632013,0.4628855016059776,0.5455850080542914,0.5373307296541704,0.5556719239368011,0.51456122643745,0.6411053519236645
0.4934389269477821,0.5165183858082666,0.47924392891907797,0.0,0.4934080373758595,0.5845597717329912,0.5905362687902939,0.49442186134262156,0.4340068597673285,0.4995886493134729,0.5334029924813714,0.5302307277753187,0.46184867403374646,0.4590653726980944,0.5323249372626734,0.43696978686065835,0.45653176103737086,0.4616774077046138,0.5665265062081934,0.401862238674882,0.5165927252108538,0.4770970902852097,0.4583685155111455,0.46500958108582896,0.5211666963816627,0.48239577644514375,0.4390303355291831,0.45312982373699506,0.5443512664353373,0.4113592384018793,0.5153639676856798,0.4803272489373394,0.7071845498249193,0.4281963336777468,0.5382448774266139,0.5422158860241798,0.4945630756309269,0.46466439070519894,0.48678071891048486,0.5089636819254016,0.6081297561980744,0.47794305715280777,0.4533157256551377,0.6281962336110396,0.4532696739707681,0.4335891470840414,0.43634826552031414,0.5222836575763846,0.4980761642221276,0.4512705598622659,0.562806291402738,0.5610353149792779,0.4578702859016573,0.6449836627128579,0.5673169184946193,0.45741162848267664,0.4615787683748932,0.5643209162934301,0.47529995670162717,0.4518341241500605,0.51561706986865,0.429651249708034,0.5374760617250968,0.4103929297929659,0.45069624273843534,0.4290604358625174,0.4771140536105708,0.45728363893848606,0.42322987555990654,0.5255741338747534,0.4858342459732566,0.4397619151187443,0.5099787750099346,0.5136508443926429,0.47887504932166,0.4620848339985683,0.4603058722399471,0.5068255116874841,0.4310788519775344,0.46551964057153594,0.5242939568964172,0.5482371781724784,0.4461335936649509,0.4772268346046806,0.49240479084287614,0.4723003780158928,0.5310160415237825,0.47879100027882004,0.4700780467685836,0.4124022843052208,0.5631043067175295,0.588373406035542,0.5142260033151028,0.4581565529924448,0.5097804553506755,0.5441319838324135,0.43412049339741077,0.5201922343413365,0.466068561561898,0.5219795436586573,0.4556475226355275,0.4509688449716312,0.6025454612184561,0.5443398843268467,0.5078268215078912,0.41104190244898964,0.44037625432727573,0.442441761606933,0.4750321532838432,0.46564112176095224,0.634752098263136,0.48343637893664926,0.5793779353822751,0.45223007157731704,0.4866703901413761,0.47330818191599594,0.5093470841953203,0.43252235409983986,0.5996224443779519,0.5322137178027716,0.431751322667352,0.5960829492390567,0.44991581757654414,0.5314641906038953,0.4830603370580427,0.5674025437203208,0.47188118608784335,0.430925165716025,0.5136151957589363,0.44386024583499606,0.41560738742932246,0.45177062573448734,0.4338527768653221,0.5652915483036892,0.46015512264802083,0.4211852424386677,0.3864382691244685,0.5164480113456787,0.41910561337655877,0.48008688187770726,0.6307160042957842,0.447089266473929,0.5270030624723904,0.5024611320921378,0.4904920540987446,0.4741220310008276,0.4799909501016632,0.45701145200099424,0.45385348357547134,0.3831357380606455,0.5535586213960279,0.5628310348700919,0.43644250376548455,0.401944809902396,0.5728057730151697,0.461678396096005,0.4502115131288753,0.5239857551810493,0.6796016141872575,0.5126090604096081,0.4928918826522158,0.555133857045931,0.45925787151662334,0.5302465277459126
0.5980385462373023,0.5646698242834269,0.6177349927600787,0.4934080373758595,0.0,0.5598945864300688,0.5845606496929188,0.5399469561187271,0.5354044969475675,0.5495165184847267,0.6584743106006526,0.5422061080729719,0.5653885774346811,0.5213891913332753,0.5756774386657987,0.5636576882553771,0.5360593189576922,0.5652338830407386,0.5268392212099859,0.47342375657662245,0.5788896294885668,0.630250276031671,0.5107443695080579,0.5377643822048049,0.554269078310858,0.5192499439373998,0.5386731581395899,0.4785234585655407,0.5752385219108207,0.565106927625827,0.546642828142766,0.5692042895682824,0.49460654299286216,0.42378634140949245,0.5636361392900366,0.5406718243091659,0.601978907883336,0.5532685625411142,0.5488586778358926,0.588501497481694,0.5450762195714146,0.6027458730340327,0.5263158790022341,0.5570562361547776,0.4970264651644649,0.48967756242737115,0.539335061158028,0.5950410080248134,0.5904611048664872,0.5359556540989713,0.5876664337498906,0.522141437956199,0.48472174679925556,0.5390175314760695,0.553522703257684,0.5182716131541072,0.5343596372224008,0.6417272518458167,0.5266100168348806,0.5180691964892634,0.5181715369277563,0.4739795255386012,0.5411398506825064,0.47339017433397385,0.49872567074550206,0.460023150297969,0.5194105910243652,0.5750116636584748,0.5140994378470617,0.6007298329602643,0.5851688396410623,0.4966892703387511,0.5275490291609034,0.5875550706939205,0.5428653541996756,0.4942545258080597,0.5485344953810251,0.6492600702950085,0.44505727295326775,0.5162894411624614,0.5400041546098214,0.5723890186400669,0.5612257698306521,0.5040854252403838,0.5163930745836985,0.5477315445481644,0.5712699224070428,0.5370974612289354,0.5061070841247135,0.47244336660709424,0.6789428557754953,0.5235036522390454,0.60849583401473,0.49156001639958435,0.5453965879241561,0.5260587096558442,0.4463357592411695,0.4743598849541209,0.5095672798475984,0.5122262415581663,0.49240389112606014,0.5091973977387301,0.4801462115910928,0.4559844835230082,0.5300323503243294,0.48343089978161563,0.4738799415721447,0.4841389000184788,0.5386851768251256,0.5427938751596575,0.5529208702268261,0.534372455590149,0.5513658072219106,0.528461633143612,0.49174710351362194,0.5572733393682657,0.5023311564610398,0.5651203102771399,0.49177420166742153,0.5388898009426292,0.5722545881355403,0.5317293593695949,0.48065023575678106,0.5932276323665698,0.5348798395539593,0.5509345146788727,0.5071154905553701,0.5301004645679436,0.4839550508791027,0.5277137756420858,0.5046744267830111,0.5607868468178724,0.49642561609054014,0.5680114184650192,0.5176732182492504,0.4909095752735862,0.4631913133177901,0.5728609824696919,0.4750509456610556,0.5691399657309313,0.46119516368122576,0.5440716124631344,0.5629156275101517,0.5336942771400852,0.5663231563077024,0.5007304153830915,0.6067100795268693,0.515143772167625,0.5159688294038582,0.43386495943030506,0.5437213596865768,0.5256884373198353,0.5352140359005308,0.5082997875645786,0.5342516673956468,0.5401503388866093,0.5693561668984325,0.5660255377944092,0.5011272691192518,0.5501919270831663,0.49828143864517127,0.562914601336645,0.5000312764136946,0.6893235985004748
0.579679038377724,0.707652589615931,0.6138565605987268,0.5845597717329912,0.5598945864300688,0.0,0.6417479150589005,0.6235160599117585,0.5352666965979609,0.6359204374241934,0.5757832515018482,0.6161059778705004,0.5753156683439699,0.5112880985957994,0.6076933267032392,0.5157395761253643,0.5102535362241982,0.5205836789502858,0.5788274418847518,0.4509770140909991,0.5695279021678978,0.5901563415005229,0.4917014092769232,0.5321459513037371,0.5914687200336611,0.49488028792935396,0.5095311803191015,0.4818827911287143,0.6094013464171475,0.5146673698636842,0.6057247487144561,0.5837313226571424,0.6252671008445841,0.44185515272763637,0.5563251041368933,0.5537418580914051,0.592195323258007,0.5078343131538627,0.5377386899848992,0.5772093967003435,0.5953712916957736,0.5970227551425258,0.4839850441390575,0.5762656437063914,0.5192701130897983,0.4989329610662291,0.5418902721008422,0.5489430587339438,0.5468955861554,0.49596950847197707,0.5983299325993149,0.5686236100231813,0.5066739514470678,0.623760226470473,0.5635957670629669,0.5981573366864376,0.5085983368028417,0.6525192123431829,0.5100443254097365,0.5219204692229843,0.5918192558777566,0.4829252707090932,0.549536292821507,0.43472795231862676,0.48305949971450596,0.46444774446885817,0.5380705006080594,0.5622838576740832,0.4588366002580471,0.6102157336766704,0.5724860769627851,0.468852481454125,0.5156776375161277,0.5910398568746117,0.558192231930429,0.5257828593806135,0.5213590118290509,0.6055580327216225,0.44850576380166546,0.5168530458691512,0.5918489255232119,0.609256223890542,0.5887380816671308,0.5207811003330699,0.5024255869177771,0.5660982391570286,0.5940727243030834,0.5157332362319457,0.5597397892635471,0.511159550330858,0.5931286265414268,0.6365079770264418,0.5640954865108475,0.5036912348322791,0.530548362377151,0.6254973468969823,0.4732913010745728,0.5413054598850363,0.4856011706294265,0.5999443210363506,0.48704923993782756,0.4989741960416824,0.5031600614766644,0.5136284275999694,0.5325223020573722,0.47656725698300945,0.48237134849117297,0.4895971662052679,0.5520815829813039,0.5675457129303174,0.5996503657095148,0.4883379228065379,0.6249982083308216,0.5005563772519376,0.5052242724307868,0.5828868393454182,0.5507547660373197,0.48764507005775676,0.5309240273688585,0.5723234428400272,0.47848945243788543,0.5850616155191969,0.47428969818870736,0.6474598342009305,0.5065158604970934,0.6484387285497341,0.5255461208505392,0.5422913686149906,0.5202520208330647,0.4951300497249234,0.5284783349147746,0.5336859262847706,0.47984357248944753,0.5866986739510687,0.50055438025759,0.458040290867813,0.45474472328668253,0.5457122800098512,0.44859570091667267,0.5451687081720682,0.5370244017537337,0.5143152994315797,0.6198150771372276,0.5203619686285414,0.5331125940405866,0.49793707920640856,0.6179230579959748,0.5562333130645611,0.5198260112082456,0.4171063338933636,0.5533162608770243,0.5776765273513736,0.48212317268732857,0.5058495456959718,0.5964608476311387,0.543700804408568,0.5510937386939098,0.6674804947068764,0.5511501643329918,0.5400766886321781,0.5387031995400942,0.5844894261588329,0.4956157282904211,0.5832170625707864
0.5550644842129291,0.6306096079921629,0.5442996705331739,0.5905362687902939,0.5845606496929188,0.6417479150589005,0.0,0.5689776626129055,0.5298732346901885,0.6112491855002121,0.5445049993164458,0.6020676866752079,0.5269974689103755,0.49203160445382116,0.7063917963314126,0.4769119819317018,0.46345289786735183,0.5042038025129655,0.5370977221210674,0.43054740051687607,0.5438093559786863,0.5640278110488424,0.4949116235508053,0.5381022060874483,0.5918731154838298,0.5059545372980828,0.49238563855379697,0.4402100359930522,0.5781656717144504,0.48990403905354146,0.6625312890440065,0.5400719827143263,0.6399618021251827,0.43351244977126,0.5535228042929328,0.5389030181955741,0.6196937570956207,0.48872544207103275,0.5602430208693987,0.5674972715983068,0.5812314426067501,0.5665204475910601,0.48887651201841775,0.6208177431552029,0.5062698575818421,0.4846149674249357,0.5312214560589161,0.5637522028504636,0.5642302555040245,0.476850525862271,0.5976965165502155,0.5257963640077462,0.47299955448050457,0.6025428922651722,0.5671705472111505,0.5941454586335185,0.4852229533166661,0.5868222834857547,0.5123358463164115,0.4895864836577434,0.5406967175710756,0.4643873556545543,0.5052898746226422,0.42556833204594163,0.4869993612640461,0.45006909079416296,0.5593115663905621,0.6061933002994049,0.4404504585041329,0.5884463483859428,0.5865216320517851,0.47156927383002234,0.4932144220943886,0.5598482979965801,0.486002409550683,0.5263789582530986,0.5187291960160232,0.6483605735528961,0.43977516719368304,0.5136564882170779,0.5601216295443392,0.6404073480893884,0.5967025158063634,0.4791244685799462,0.49057061147476344,0.5311616413448806,0.5951612248900193,0.5315913576396616,0.5289512989132803,0.526611801551618,0.5840688271625502,0.7258716014648748,0.5471804097514235,0.47938302759985507,0.5329911043594712,0.7184123584723456,0.45333561790227583,0.531906839235283,0.489907966356849,0.5673380865483996,0.5046191434544566,0.5020706397028624,0.5443516250727781,0.536179426882318,0.5076021379419193,0.4555699074302148,0.4571022588396556,0.4636926277347808,0.545205848202404,0.561646967915805,0.6190589032508615,0.49494680730484164,0.5988177087998139,0.48658014709503367,0.4794273574246342,0.5176212718276408,0.5141382210538494,0.49434591558162394,0.49949059938285667,0.5497405126871382,0.4794281235723515,0.6039723898252342,0.4550066810664856,0.6747609200159179,0.5225606236964748,0.6530842650912148,0.4952952110578694,0.5371770029684328,0.4866779177192492,0.5066438268724955,0.48756822695174107,0.4897869949204396,0.4714533449369032,0.5795154155406421,0.5024547105087686,0.46728480273295064,0.44477440848402194,0.5763727539209029,0.4429577773453635,0.5675420988362455,0.56178923590422,0.4921120013093666,0.6115712116149559,0.5173784893329247,0.5553135608069588,0.519143132411354,0.6279214492721734,0.5474306850539388,0.5011885499102733,0.3841562109985551,0.5735618693192381,0.5698448213174958,0.45330753272983476,0.5082170953632805,0.6072553108165099,0.5729519263103336,0.5262998405783005,0.660589171241445,0.5966558372121751,0.5312261958450264,0.5356149047404994,0.5857770162066205,0.5228596941315816,0.5840160499391239
0.6905472947131748,0.7009442951561828,0.6604225926104106,0.49442186134262156,0.5399469561187271,0.6235160599117585,0.5689776626129055,0.0,0.5913912562925554,0.6919687948411308,0.5840941221296426,0.6314010075551505,0.7152793594536104,0.5345177846903708,0.5944469038626681,0.6094528190614622,0.5797806111931691,0.6195974145687416,0.6016207317850358,0.5638503635939888,0.623955802997829,0.5957117199448869,0.598008703609957,0.6132767805847386,0.7033271285187606,0.54454163999048,0.6169851945373873,0.555619086983075,0.5512982961736578,0.5784699426706663,0.6599429633669038,0.6701340608863333,0.5028466400406266,0.5097892803358887,0.5999630691542306,0.5689083481083539,0.6920460602963139,0.5807617334087932,0.5536983179334455,0.6747106369705158,0.5703282370054337,0.641641905861785,0.5601967127186359,0.5232115715087388,0.6793868054124708,0.6183151006610458,0.6214054479229579,0.5594422123834668,0.654508975377384,0.5598127535075607,0.5879149887572799,0.5592204608062354,0.5013462918085418,0.5424889232010698,0.5421186034750177,0.6448474341193206,0.5888757294694127,0.6372232533150561,0.571196146717273,0.6090463844531596,0.6079832783429826,0.4946011632428859,0.5476018160129149,0.4985407208879738,0.516501221203639,0.5271405397848423,0.5997196988633918,0.5862241079679347,0.5271712411739122,0.7003971166100286,0.6137581243241335,0.5271274688035064,0.547968594080644,0.6576671079918438,0.6129249973009301,0.589020339279331,0.5608010004769131,0.5935647023547289,0.5235539638865112,0.5088535144360461,0.5742185473598492,0.6060742753868438,0.6003137269290532,0.5852394501630185,0.5587735309589429,0.7584300908597725,0.6777650336086387,0.5658410580788668,0.7057900157882514,0.5761153245407922,0.5850266683525797,0.5801187806684784,0.5654488843486601,0.5546861730758706,0.5344539548145426,0.5529234667406611,0.48908075710197124,0.5900788463490694,0.5016413792842301,0.6900096074036305,0.5096202624533798,0.5771767540073929,0.5022379234526009,0.5027858487943739,0.5744107771918161,0.5915346348021395,0.5484339756073185,0.5903296048261082,0.6404279252283411,0.6728726664152044,0.5691280988900779,0.5451884205725042,0.6024490057738237,0.5580361791554791,0.5495870865490976,0.6784787088441213,0.6195970699787133,0.5810348776874924,0.4982192762124653,0.5611527824650242,0.5285791792140089,0.5592836108633626,0.551187235476018,0.6381827154054942,0.5208440711191448,0.6055766699200349,0.5452158010911857,0.6292383781441309,0.5523236435545573,0.5645832567288723,0.6170884923408971,0.5783705196792462,0.5372570852513733,0.5547133050180021,0.577820478571222,0.47835263773856646,0.5572983654996624,0.6021809401142028,0.5584833353589269,0.6410267683841262,0.4666231656743533,0.5486868804076196,0.6313523838721464,0.5212516022940054,0.5884213736458322,0.5795832717546358,0.6336159598291289,0.5717958683199461,0.6568569814158167,0.4590776911371914,0.613495777899651,0.531198161417751,0.5473646170265121,0.611312198873079,0.6266741261287675,0.6502897192390956,0.668700790336231,0.6643721309935388,0.4839479588663832,0.5398616418617413,0.5603087126516301,0.6032849042224568,0.5405360711544573,0.6157776116999862
0.5771372204011309,0.6251958800592399,0.553792045814123,0.4340068597673285,0.5354044969475675,0.5352666965979609,0.5298732346901885,0.5913912562925554,0.0,0.5752537727943557,0.5135460938062918,0.495458249410966,0.5666886873185714,0.532733621906546,0.5513698145806223,0.4989846535240106,0.4703827835846208,0.5442523069367329,0.46500834132025026,0.46856690738817336,0.4863973700017385,0.6407859258744231,0.4710619253183838,0.4842950918828199,0.5203868056730835,0.4301448249130962,0.5988759531320855,0.4480079041368818,0.49342606717394605,0.6185533068000589,0.5694354100541336,0.5421519070840058,0.4502673611077007,0.39293290981668255,0.5103605329883419,0.4728997221283688,0.5643484101276534,0.505334856987072,0.5027026368136471,0.522226184978887,0.45888926605160163,0.6641646930491665,0.4496491920381911,0.44458906222512773,0.4924817822777944,0.47819522204332693,0.5119259178462441,0.4603450398066834,0.5201782957830866,0.4865497909121116,0.49826711398895973,0.4374745747275213,0.48570433448645695,0.46628323921115056,0.46324746431450925,0.638183616155481,0.487049119927013,0.525233445440868,0.503088434323209,0.5122594934076031,0.5179211062256877,0.4683146573304459,0.44798296418183864,0.4430303211997448,0.4794375224640803,0.43923874883284997,0.5416217158802429,0.5824369028693521,0.47748763190891397,0.5940092035971472,0.5616206376048571,0.4726653752761598,0.483032751616924,0.5293219075268712,0.5295419109681577,0.4981767412478436,0.5053089963534874,0.5339659012546017,0.40687644260557937,0.45492627538212427,0.4843710172186687,0.5791443005204451,0.6439053733005209,0.4654537588780996,0.4576179409121264,0.5530022430938629,0.5522382880660962,0.5194990533169448,0.5287467348709648,0.5981359543833793,0.5249851161607899,0.5319277669504743,0.5063303814278544,0.4686098067332829,0.5129951621559614,0.5119925116321926,0.4538313007307533,0.44570056366255245,0.482466827700292,0.5105173554987076,0.47886997379128865,0.48334137874370586,0.4145662385559669,0.413685360583647,0.4896825542829117,0.4590808061798077,0.4400041576395581,0.4604688595523669,0.5020903095745949,0.5193247740190388,0.45760058862566105,0.46389943304989867,0.5164569869642874,0.5417038898463583,0.43823931974167524,0.544325270411666,0.46820363149230154,0.5089197721142573,0.40233696237343464,0.5361135432937811,0.49637116529878644,0.49015823624404903,0.43353190433834254,0.5423847253080535,0.518032266415414,0.4862844318680255,0.5019928808122379,0.5533350612954693,0.4212471445075216,0.505129292579156,0.6696110464130756,0.5220613744686758,0.5058498922920883,0.5418683245636422,0.4844249324623401,0.460627447014067,0.457778032875459,0.49428456000206816,0.44235577423283223,0.5462526953771362,0.42337292990927566,0.5204039403625522,0.5987479505785217,0.5036707673181083,0.49594437289688215,0.4585031707226114,0.6525321874105712,0.5206498972419343,0.4903253615758184,0.4102023226588657,0.4912651150000064,0.4871113837870552,0.5050513823340121,0.5678800269181605,0.47082228331318987,0.5806101834148799,0.5961013428078101,0.5280871873608173,0.44980320566670184,0.4815656878532724,0.4709784985545768,0.5211663993940832,0.5025290596026449,0.5633740592079185
0.6109115981776541,0.6879915134743135,0.6526848269985173,0.4995886493134729,0.5495165184847267,0.6359204374241934,0.6112491855002121,0.6919687948411308,0.5752537727943557,0.0,0.5725648582575372,0.595752810676282,0.639677828118791,0.5300657718000772,0.601790890068911,0.5611991354955423,0.5249609569321495,0.5780465025497921,0.5470393264769311,0.48988373284034537,0.5647622191680065,0.6004623025827379,0.5468348788279758,0.5451665452758719,0.6775449526058701,0.5059275023479002,0.5905228526768947,0.4983133955535172,0.6128755460180246,0.5685290316787827,0.6377744244329959,0.6342853006357632,0.5174179122003739,0.4548487101240491,0.5585464777188773,0.5395735782197618,0.6733087458737781,0.5439525818017207,0.535445872549852,0.6064616429082881,0.5442944649728608,0.6289815989491143,0.5237460225234276,0.5261240872831005,0.5694375361875456,0.5406505154878632,0.5869681469764622,0.5535426124607675,0.6154087857194133,0.5103749540152883,0.5674815589413,0.5115809443916884,0.4885211076904543,0.5355725037557845,0.5489432355030919,0.6433195848229719,0.5229560684294434,0.6145657653536234,0.5559497828470472,0.5383418438724229,0.5760654702442208,0.48329732304640655,0.5154305402847239,0.4674738397787417,0.492014538694968,0.4825245215162431,0.5732959764878499,0.6217431758675456,0.5125913178743815,0.6884943608896809,0.5857030343894563,0.5036336151977469,0.5143347854365186,0.6036800844223636,0.5635898210168714,0.571326425844154,0.5437154115847891,0.628332035826742,0.46982476029331377,0.5134737123396806,0.582447567640476,0.5774905307652436,0.6335322996947697,0.5425397072727172,0.5126978051492175,0.6115114439107169,0.6408716368350437,0.5594235212367163,0.6283964939825105,0.5471351130422673,0.5741221504169122,0.5885758928253783,0.5639122646320189,0.5033302963327935,0.5284932467936446,0.6137153541235836,0.4629711441881361,0.5438275597162345,0.489538535685512,0.6025334564949202,0.5080678217983072,0.5479783305674445,0.4956086390778202,0.5178593882706657,0.5327193877358204,0.5163343339175857,0.49968574949490474,0.5365238803923019,0.5922777138221245,0.6088361428480037,0.546979993069557,0.5055896122658504,0.590508869481756,0.5505061419404662,0.5022287971827087,0.5797954198827531,0.5663048498081906,0.5727907081664874,0.4894805808869658,0.5638301034715362,0.4970947546581344,0.568948077737466,0.4871996576699595,0.6358435285810411,0.5160070034043768,0.6392042947483874,0.5146061076036137,0.5783564147723875,0.5175508237110811,0.5485787859247518,0.5983608398804552,0.5450280336337037,0.5146169909687104,0.5329336006811055,0.5265811343692944,0.47344479364502795,0.5057072491121005,0.5649552749868699,0.5030601480035235,0.6088694448735874,0.4966889756703836,0.541557994945359,0.6028035220189976,0.5193281379330192,0.5738377754172941,0.5331956691606989,0.605053274887066,0.5995471018580618,0.6067033376463404,0.43032913635877196,0.5543991266205652,0.5630168858424051,0.494879712728667,0.5925140095361164,0.6032020757540709,0.615525305923549,0.6007737251821175,0.6628906343320001,0.5026388632454981,0.537385302420895,0.5840934502466438,0.590794371987558,0.5454812578456977,0.5752957848967378
0.6462660919706855,0.5724898974833569,0.6589085316279486,0.5334029924813714,0.6584743106006526,0.5757832515018482,0.5445049993164458,0.5840941221296426,0.5135460938062918,0.5725648582575372,0.0,0.5523574665532274,0.6171527522600777,0.5711709472953648,0.540604686746004,0.633352367806906,0.6446234793199241,0.6298351828827987,0.6129115726624261,0.5279605889634549,0.6551900131261168,0.615066202479687,0.5554544447435815,0.5408718962414102,0.6031761236690243,0.5568695756910874,0.583723923491248,0.5796768623889955,0.628292881690187,0.530243130507359,0.5409931961590578,0.63334211107531,0.5003604772677925,0.4644794741142919,0.6446026568930797,0.6240670652650201,0.6045969174825453,0.6485019667646961,0.5556142447899941,0.6484335558464935,0.5979703427731468,0.5973336097597366,0.5695772538020152,0.5758196640849946,0.5393988176921536,0.5181415442873887,0.5135322737061111,0.6420448504746887,0.6524057324017447,0.6002999348904571,0.6312842787837037,0.5766813469973718,0.5167463541092686,0.5855309498016642,0.624943293487032,0.49502224804977824,0.6069307122369503,0.7210025170158468,0.5927783419702775,0.5711189100398115,0.5859125438551477,0.4922912582619164,0.631699122704912,0.5413821433877849,0.5234074508425143,0.504834668887231,0.5429269546716976,0.5246267620314545,0.5986478183320423,0.6732262626983758,0.576081794266562,0.5440487094736125,0.6513133712555524,0.6655822433782407,0.6618438704193486,0.5168416509516028,0.5777841890963015,0.5958297976290423,0.49017220299877956,0.5239167974537106,0.5774460503379167,0.5765070181683049,0.5033017483549865,0.5986020053449912,0.6074944947280618,0.5939225168802305,0.6437075512586674,0.5764265143505124,0.5477302425623107,0.44930401965918654,0.7532322715311617,0.519338780547004,0.6728636518107979,0.542155961867837,0.5961649129142,0.5008181264329707,0.47746019932562533,0.5127622064214118,0.5466805849820335,0.5606089750575171,0.5161096092099349,0.5524739865970609,0.5255006708825146,0.47675133420602617,0.6211689662798552,0.5099873883580096,0.5321890606428434,0.5401110423853359,0.5613881640331378,0.5498661423610408,0.6017023723552086,0.6131037039305113,0.619503438540402,0.5960080189521698,0.5576710636154755,0.591761689537644,0.5738715839278846,0.6093904846287638,0.5766739730501684,0.5886156577792779,0.5883329441426055,0.5701694276679258,0.551929738848623,0.5745176449078437,0.569001889128565,0.5684744568213659,0.5538790804381799,0.5102547258966817,0.5696179068592686,0.5501818550512789,0.5070179439664634,0.6151959265110248,0.5444534266993387,0.6105292864083304,0.5711896412873011,0.4962440955723314,0.46604177578015615,0.6018096733012385,0.5373067494891528,0.5894753952618847,0.48180440445362954,0.5904357469356922,0.582784515110443,0.5927372575430034,0.6070765704631029,0.5250358245003414,0.5478933254354545,0.5104002296228105,0.5726791281393273,0.4977242299549303,0.610689326017186,0.5639785539262758,0.6208639912639734,0.4825648702477605,0.5729399313188012,0.5433005145639558,0.5987712988338576,0.5491435240749183,0.5280096876583444,0.6085652713002814,0.5318639067493004,0.6264922621029642,0.5195131483018237,0.7455628475044442
0.5770203742129122,0.6189045051180163,0.5809065335688262,0.5302307277753187,0.5422061080729719,0.6161059778705004,0.6020676866752079,0.6314010075551505,0.495458249410966,0.595752810676282,0.5523574665532274,0.0,0.5470079663664562,0.44746670375603553,0.5804611443803126,0.5209178564570438,0.5112873995423092,0.505500655520615,0.6224450396617123,0.48189575773504434,0.5826053693522962,0.5281264383911861,0.5847616944924684,0.6364383803950743,0.6795142411595574,0.5364644235519417,0.5061427050365424,0.504695052905234,0.5315816873238132,0.5135664142326334,0.6157643042281813,0.5373683244706935,0.5434397882015947,0.528169826529648,0.5655904999490186,0.5339743056242376,0.5978520661665631,0.48912632920512317,0.516733342335977,0.5824603078121144,0.5818598804583919,0.5675513261744656,0.5097617459731939,0.5673492356558637,0.5885196061243764,0.515001014302275,0.5703129594999096,0.561775108110521,0.5823059328217235,0.4787673121036068,0.5363275728131045,0.5853178495753271,0.42863969067061614,0.5498785125426283,0.5209612774904105,0.5639098529426013,0.5007451425217277,0.6447991731137886,0.47829448148056847,0.4970119342296672,0.50647605968814,0.4212395051583426,0.5097457429921709,0.43729468313992426,0.44567125700872023,0.4476055623254414,0.49937241046934333,0.5080745069986919,0.4487707928476795,0.5725816895100309,0.5189532927936487,0.45013649245000165,0.4785109511102415,0.5502762717315451,0.5004133035846087,0.4911189393402511,0.47868033526294707,0.5680456041390699,0.48586446404663075,0.4586289349031149,0.5052328162460572,0.5415340754374437,0.5385835452349903,0.4982376561552525,0.49340136458773487,0.609431019350056,0.5611520230128202,0.4724467599701675,0.5448404356752206,0.5090213626979746,0.552532089720089,0.5775665311187904,0.5072175157084741,0.47268096882525756,0.46305687864212364,0.5971928459280796,0.42302646979616243,0.6575688880870442,0.4459843186493658,0.5785825742416115,0.44895830346403104,0.4834396809497416,0.5186689241349351,0.5883944559595636,0.4922412063535488,0.5129975196522554,0.470286712207403,0.5677181270716146,0.5428586791636609,0.6437172492810764,0.6292359830444461,0.4900536115955778,0.526923985179646,0.4573452037654405,0.497662237824881,0.5997053842525584,0.5539011218921482,0.5045474342422894,0.5350398452926451,0.4985458860604063,0.46383239451240144,0.5112090280964089,0.5166867376493991,0.5827016314081113,0.4564304435855786,0.6179312679181405,0.45927074381811617,0.5512889493546719,0.5581569975658185,0.4712109615729256,0.5074197876209566,0.4795420821231438,0.44037184006479263,0.5106249712143526,0.5167441438676613,0.42051987506117056,0.5201344440864851,0.5713330664495685,0.5104627201401138,0.5351376374635975,0.4718519857978282,0.46436275025454155,0.5337681980240078,0.4591826980058704,0.527796161459156,0.5995092425971701,0.5918685540765738,0.4810238760852199,0.5940894280543636,0.41012393782035445,0.5747497411613892,0.4831947617961229,0.4769830273112975,0.524637873532374,0.7002439658886749,0.5299829071769223,0.5339940521371935,0.6795146060313193,0.4900482653680111,0.47373577461691213,0.4820521595406328,0.5367933427396845,0.45850924141727417,0.5663209336612257
